2011.01.13 05:00:00.837,0.85711,0.85728,1.43,1.69
2011.01.13 05:00:00.953,0.85709,0.85724,1.43,1.50
2011.01.13 05:00:01.507,0.85707,0.85725,2.93,1.88
2011.01.13 05:00:01.727,0.85707,0.85725,1.43,1.50
2011.01.13 05:00:02.639,0.85707,0.85726,1.43,1.50
2011.01.13 05:00:04.666,0.85707,0.85726,1.43,1.88
2011.01.13 05:00:05.922,0.85707,0.85727,1.62,1.50
2011.01.13 05:00:06.507,0.85707,0.85726,1.62,1.50
2011.01.13 05:00:09.743,0.85707,0.85728,1.62,1.50
2011.01.13 05:00:11.147,0.85708,0.85728,1.62,1.50
2011.01.13 05:00:12.297,0.85711,0.85728,1.62,1.50
2011.01.13 05:00:13.027,0.85711,0.8573,1.62,1.50
2011.01.13 05:00:14.567,0.85711,0.85731,1.62,1.50
2011.01.13 05:00:15.267,0.85711,0.85732,1.62,1.88
2011.01.13 05:00:15.928,0.8571,0.85731,1.62,2.10
2011.01.13 05:00:16.611,0.8571,0.85729,1.62,1.50
2011.01.13 05:00:17.683,0.8571,0.85729,1.62,1.50
2011.01.13 05:00:17.798,0.8571,0.85731,1.62,2.10
2011.01.13 05:00:18.018,0.8571,0.85734,1.62,1.50
2011.01.13 05:00:18.127,0.85717,0.85737,1.50,2.10
2011.01.13 05:00:20.336,0.85717,0.85735,1.50,2.10
2011.01.13 05:00:21.370,0.85717,0.85731,1.50,1.50
2011.01.13 05:00:21.487,0.85711,0.85731,1.62,1.50
2011.01.13 05:00:21.597,0.85711,0.85734,1.62,1.50
2011.01.13 05:00:23.688,0.85711,0.85733,1.43,1.50
2011.01.13 05:00:25.738,0.85718,0.85733,2.10,1.50
2011.01.13 05:00:27.867,0.85718,0.85734,2.10,3.00
2011.01.13 05:00:29.157,0.85707,0.85734,2.37,3.00
2011.01.13 05:00:29.532,0.85707,0.85732,2.37,1.50
2011.01.13 05:00:31.538,0.85707,0.85734,2.37,3.00
2011.01.13 05:00:32.294,0.85707,0.85734,2.37,3.00
2011.01.13 05:00:32.727,0.85718,0.85734,2.10,1.50
2011.01.13 05:00:36.936,0.85716,0.85734,2.10,1.50
2011.01.13 05:00:40.306,0.85715,0.85734,2.10,1.50
2011.01.13 05:00:41.813,0.85714,0.85734,2.78,3.00
2011.01.13 05:00:44.540,0.85708,0.85734,1.62,3.00
2011.01.13 05:00:44.660,0.85708,0.8573,1.62,1.50
2011.01.13 05:00:45.827,0.85713,0.8573,2.10,1.50
2011.01.13 05:00:45.940,0.85713,0.85734,2.10,1.50
2011.01.13 05:00:47.808,0.85713,0.85733,2.10,1.50
2011.01.13 05:00:54.682,0.85713,0.85732,2.10,1.50
2011.01.13 05:00:55.361,0.85712,0.85733,2.10,1.50
2011.01.13 05:00:56.637,0.85707,0.85733,2.44,1.50
2011.01.13 05:00:56.748,0.85707,0.85733,1.50,2.44
2011.01.13 05:00:57.297,0.85707,0.85731,1.50,1.50
2011.01.13 05:01:02.660,0.85706,0.85731,1.50,1.50
2011.01.13 05:01:03.358,0.85706,0.8573,1.50,1.50
2011.01.13 05:01:04.538,0.85707,0.85733,1.88,2.85
2011.01.13 05:01:04.649,0.85709,0.85733,1.62,2.10
2011.01.13 05:01:04.759,0.85709,0.85736,1.62,1.50
2011.01.13 05:01:04.977,0.85717,0.85739,1.50,1.50
2011.01.13 05:01:07.958,0.85717,0.85738,1.50,1.50
2011.01.13 05:01:08.895,0.85717,0.85736,1.50,1.69
2011.01.13 05:01:09.598,0.85717,0.85736,1.50,1.50
2011.01.13 05:01:11.272,0.85717,0.85738,1.50,2.10
2011.01.13 05:01:11.398,0.85711,0.85738,1.43,3.19
2011.01.13 05:01:11.517,0.85708,0.85731,1.43,1.32
2011.01.13 05:01:12.199,0.85707,0.85729,1.50,1.69
2011.01.13 05:01:12.860,0.85707,0.85727,1.50,1.69
2011.01.13 05:01:15.496,0.85707,0.85723,1.50,1.50
2011.01.13 05:01:15.829,0.85707,0.85726,1.50,1.69
2011.01.13 05:01:17.976,0.857,0.85724,1.50,1.50
2011.01.13 05:01:18.979,0.85699,0.85724,1.50,1.50
2011.01.13 05:01:19.098,0.85706,0.85734,1.50,2.25
2011.01.13 05:01:19.438,0.85706,0.85733,3.00,3.23
2011.01.13 05:01:22.042,0.85707,0.85734,1.50,1.88
2011.01.13 05:01:22.167,0.85707,0.85734,1.50,1.50
2011.01.13 05:01:22.503,0.85706,0.85734,1.50,1.69
2011.01.13 05:01:23.299,0.85706,0.85731,1.50,2.10
2011.01.13 05:01:23.849,0.85706,0.8573,1.50,2.10
2011.01.13 05:01:24.540,0.85706,0.8573,1.50,2.67
2011.01.13 05:01:25.253,0.85706,0.85727,1.50,2.48
2011.01.13 05:01:25.376,0.85698,0.85723,1.05,3.60
2011.01.13 05:01:36.772,0.85698,0.85723,1.13,1.50
2011.01.13 05:01:36.887,0.85698,0.85723,1.80,1.50
2011.01.13 05:01:42.733,0.85697,0.85722,1.50,2.07
2011.01.13 05:01:45.098,0.85697,0.85721,1.50,1.69
2011.01.13 05:01:45.207,0.85697,0.8572,1.50,1.50
2011.01.13 05:01:48.701,0.85697,0.85717,1.50,2.07
2011.01.13 05:01:49.266,0.85689,0.85715,1.50,1.50
2011.01.13 05:01:49.672,0.85687,0.85714,1.50,2.25
2011.01.13 05:01:50.320,0.85686,0.85714,1.50,2.25
2011.01.13 05:01:53.790,0.85688,0.85714,1.50,2.44
2011.01.13 05:01:54.287,0.85687,0.85714,1.88,3.19
2011.01.13 05:01:56.157,0.85687,0.85713,1.88,1.13
2011.01.13 05:01:57.067,0.85687,0.85714,1.88,3.19
2011.01.13 05:01:57.598,0.85686,0.85714,1.88,3.19
2011.01.13 05:02:00.860,0.85686,0.85714,1.50,3.19
2011.01.13 05:02:01.197,0.85686,0.85712,1.50,1.13
2011.01.13 05:02:01.574,0.85686,0.85714,1.88,3.19
2011.01.13 05:02:02.155,0.85686,0.85714,3.38,2.44
2011.01.13 05:02:02.916,0.85686,0.85714,1.50,1.69
2011.01.13 05:02:03.247,0.85688,0.85714,1.50,2.44
2011.01.13 05:02:03.935,0.85687,0.85714,1.50,2.44
2011.01.13 05:02:04.279,0.85687,0.85712,1.50,1.32
2011.01.13 05:02:05.268,0.85686,0.85711,1.50,2.07
2011.01.13 05:02:05.597,0.85682,0.85704,2.18,1.50
2011.01.13 05:02:09.310,0.85684,0.85704,1.50,1.50
2011.01.13 05:02:10.133,0.85687,0.85713,2.37,1.88
2011.01.13 05:02:10.868,0.85693,0.85713,1.50,1.50
2011.01.13 05:02:11.008,0.85691,0.85713,1.50,1.50
2011.01.13 05:02:11.118,0.85693,0.85713,1.50,1.50
2011.01.13 05:02:11.689,0.85692,0.85713,1.50,1.50
2011.01.13 05:02:12.257,0.85691,0.85713,1.50,1.50
2011.01.13 05:02:13.383,0.8569,0.85713,1.50,1.50
2011.01.13 05:02:13.880,0.85694,0.85713,2.10,1.50
2011.01.13 05:02:14.225,0.85696,0.85713,1.50,1.50
2011.01.13 05:02:14.934,0.85694,0.85713,1.50,1.50
2011.01.13 05:02:15.875,0.85693,0.85713,2.18,1.50
2011.01.13 05:02:16.442,0.85692,0.85713,1.50,1.50
2011.01.13 05:02:16.561,0.85694,0.85713,1.50,1.50
2011.01.13 05:02:17.188,0.85692,0.85713,1.50,1.88
2011.01.13 05:02:18.143,0.85693,0.85713,1.50,1.88
2011.01.13 05:02:23.291,0.85693,0.85713,1.50,1.88
2011.01.13 05:02:24.225,0.85691,0.85713,1.50,1.88
2011.01.13 05:02:28.776,0.85691,0.85714,1.50,1.88
2011.01.13 05:02:29.872,0.85689,0.85714,1.50,1.88
2011.01.13 05:02:30.691,0.85697,0.85717,1.50,1.32
2011.01.13 05:02:45.738,0.85697,0.85717,1.50,1.32
2011.01.13 05:02:48.530,0.85696,0.85717,1.50,1.32
2011.01.13 05:02:53.770,0.85696,0.85717,1.50,1.32
2011.01.13 05:02:54.218,0.85696,0.85717,1.50,2.07
2011.01.13 05:02:58.028,0.85696,0.8572,1.50,2.07
2011.01.13 05:02:58.907,0.85696,0.85719,1.50,1.32
2011.01.13 05:03:00.573,0.85692,0.85714,1.50,1.50
2011.01.13 05:03:02.468,0.85692,0.85711,1.50,2.10
2011.01.13 05:03:02.580,0.8569,0.85711,1.50,2.29
2011.01.13 05:03:03.185,0.85687,0.85708,1.50,1.69
2011.01.13 05:03:04.399,0.85687,0.85708,1.50,1.13
2011.01.13 05:03:04.729,0.85687,0.85709,1.50,1.13
2011.01.13 05:03:10.748,0.85682,0.85704,1.50,1.50
2011.01.13 05:03:12.153,0.85684,0.85704,1.50,1.50
2011.01.13 05:03:16.551,0.85687,0.8571,1.50,1.50
2011.01.13 05:03:16.889,0.85687,0.85706,1.50,2.10
2011.01.13 05:03:17.222,0.85678,0.85704,1.50,1.50
2011.01.13 05:03:17.338,0.85678,0.85703,1.50,1.50
2011.01.13 05:03:18.073,0.85678,0.85701,1.50,1.50
2011.01.13 05:03:31.763,0.85676,0.85701,3.38,1.50
2011.01.13 05:03:32.439,0.85676,0.857,3.00,1.50
2011.01.13 05:03:32.555,0.85677,0.85704,1.50,5.10
2011.01.13 05:03:33.749,0.85677,0.85704,1.50,1.50
2011.01.13 05:03:34.881,0.85681,0.85704,1.24,1.50
2011.01.13 05:03:35.703,0.85684,0.85704,1.50,1.50
2011.01.13 05:03:40.670,0.85686,0.85714,1.50,5.10
2011.01.13 05:03:48.149,0.85686,0.85712,1.50,2.10
2011.01.13 05:03:48.725,0.85686,0.85711,1.50,2.10
2011.01.13 05:03:49.222,0.85686,0.85712,1.50,2.10
2011.01.13 05:03:49.862,0.85686,0.85712,1.50,2.48
2011.01.13 05:03:53.258,0.85686,0.85712,1.50,2.48
2011.01.13 05:03:54.176,0.85686,0.85713,1.88,1.13
2011.01.13 05:03:54.531,0.85696,0.85719,1.50,2.10
2011.01.13 05:03:55.277,0.85691,0.85714,2.18,1.50
2011.01.13 05:03:56.830,0.85691,0.85714,1.50,1.50
2011.01.13 05:04:09.102,0.85692,0.85714,1.50,1.50
2011.01.13 05:04:12.862,0.85692,0.85713,1.50,1.50
2011.01.13 05:04:13.507,0.85693,0.85713,1.50,1.50
2011.01.13 05:04:14.093,0.85694,0.85713,1.50,1.50
2011.01.13 05:04:14.808,0.85697,0.85713,2.25,1.50
2011.01.13 05:04:15.141,0.85698,0.85713,1.43,1.50
2011.01.13 05:04:31.318,0.85698,0.85723,1.43,2.07
2011.01.13 05:04:31.430,0.85697,0.85723,1.50,2.07
2011.01.13 05:04:32.354,0.85697,0.85718,1.50,1.69
2011.01.13 05:04:32.478,0.85694,0.85713,1.50,1.50
2011.01.13 05:04:32.590,0.85692,0.85713,1.50,1.50
2011.01.13 05:04:33.148,0.85697,0.85717,1.50,1.50
2011.01.13 05:04:33.723,0.85687,0.85713,3.00,1.50
2011.01.13 05:04:34.849,0.85687,0.85713,3.00,3.38
2011.01.13 05:04:34.960,0.85687,0.85713,3.00,3.57
2011.01.13 05:04:36.356,0.85687,0.85713,1.88,5.67
2011.01.13 05:04:38.300,0.85687,0.85713,1.88,5.29
2011.01.13 05:04:38.531,0.85687,0.85712,1.88,1.32
2011.01.13 05:04:41.009,0.85687,0.85711,3.38,3.04
2011.01.13 05:04:41.492,0.8569,0.85713,1.50,2.25
2011.01.13 05:04:42.049,0.8569,0.85713,2.18,1.50
2011.01.13 05:04:43.490,0.85693,0.85713,1.50,1.50
2011.01.13 05:04:48.768,0.85694,0.85713,1.50,1.50
2011.01.13 05:04:51.818,0.85693,0.85713,1.50,1.50
2011.01.13 05:05:02.848,0.85691,0.85713,2.18,1.50
2011.01.13 05:05:05.420,0.85693,0.85713,1.50,1.50
2011.01.13 05:05:05.750,0.85697,0.85713,1.50,1.50
2011.01.13 05:05:06.490,0.857,0.85724,1.50,1.50
2011.01.13 05:05:06.929,0.85701,0.85724,1.43,1.50
2011.01.13 05:05:12.063,0.85702,0.85724,1.50,1.69
2011.01.13 05:05:12.291,0.857,0.85724,1.50,1.69
2011.01.13 05:05:12.805,0.85699,0.85723,1.50,1.32
2011.01.13 05:05:12.925,0.85696,0.85721,3.00,1.69
2011.01.13 05:05:13.148,0.85694,0.85713,1.50,1.50
2011.01.13 05:05:14.139,0.85693,0.85713,1.50,1.50
2011.01.13 05:05:16.873,0.85694,0.85713,1.50,1.50
2011.01.13 05:05:17.589,0.85693,0.85713,1.50,1.50
2011.01.13 05:05:18.227,0.85695,0.85713,1.50,1.50
2011.01.13 05:05:19.362,0.85697,0.85723,1.50,2.44
2011.01.13 05:05:31.250,0.85697,0.85722,1.50,1.69
2011.01.13 05:05:31.809,0.85697,0.85721,1.50,1.50
2011.01.13 05:05:32.467,0.85697,0.85717,1.50,1.50
2011.01.13 05:05:35.024,0.85697,0.85723,1.88,1.50
2011.01.13 05:05:35.146,0.85695,0.85714,3.98,1.50
2011.01.13 05:05:35.631,0.85695,0.85714,3.60,1.50
2011.01.13 05:05:35.759,0.85702,0.85724,1.50,1.50
2011.01.13 05:05:35.982,0.85702,0.85724,2.93,1.50
2011.01.13 05:05:47.370,0.85707,0.85733,1.50,3.60
2011.01.13 05:05:47.482,0.85708,0.85733,1.43,1.50
2011.01.13 05:05:48.049,0.85709,0.85733,2.78,1.50
2011.01.13 05:05:51.481,0.8571,0.85733,2.10,1.50
2011.01.13 05:05:51.818,0.85712,0.85733,2.10,1.50
2011.01.13 05:05:51.930,0.85708,0.85733,1.43,1.50
2011.01.13 05:06:02.328,0.85707,0.85733,3.00,1.50
2011.01.13 05:06:03.388,0.85711,0.85733,2.10,1.50
2011.01.13 05:06:05.749,0.85711,0.85734,2.10,1.50
2011.01.13 05:06:11.807,0.85711,0.85734,2.10,2.25
2011.01.13 05:06:11.918,0.85707,0.85734,1.50,2.25
2011.01.13 05:06:12.029,0.85707,0.85734,1.50,2.44
2011.01.13 05:06:12.361,0.85697,0.85727,1.50,3.42
2011.01.13 05:06:12.479,0.85697,0.85725,1.88,1.50
2011.01.13 05:06:13.258,0.857,0.85724,1.50,2.25
2011.01.13 05:06:13.372,0.85696,0.85724,3.38,2.25
2011.01.13 05:06:18.620,0.85702,0.85724,1.50,1.50
2011.01.13 05:06:18.951,0.85705,0.85724,1.50,1.50
2011.01.13 05:06:29.388,0.85706,0.85734,1.50,1.50
2011.01.13 05:06:32.238,0.85706,0.85731,1.50,2.10
2011.01.13 05:06:33.015,0.85706,0.85733,1.50,2.10
2011.01.13 05:06:33.531,0.85706,0.85732,1.50,2.10
2011.01.13 05:06:48.657,0.85706,0.85733,1.50,2.10
2011.01.13 05:06:49.610,0.85706,0.85731,1.50,2.10
2011.01.13 05:06:50.158,0.85706,0.85732,1.50,2.10
2011.01.13 05:06:50.963,0.85706,0.85734,1.50,3.60
2011.01.13 05:06:57.239,0.85707,0.85734,1.50,1.50
2011.01.13 05:06:57.568,0.85717,0.85739,1.50,2.85
2011.01.13 05:07:01.690,0.85717,0.85736,1.50,2.10
2011.01.13 05:07:02.018,0.85707,0.85733,1.50,1.50
2011.01.13 05:07:50.990,0.85711,0.85733,1.50,1.50
2011.01.13 05:07:52.560,0.8571,0.85733,1.50,1.50
2011.01.13 05:07:55.347,0.85711,0.85733,1.50,1.50
2011.01.13 05:08:01.308,0.85716,0.8574,1.50,3.60
2011.01.13 05:08:11.164,0.85716,0.8574,1.50,2.85
2011.01.13 05:08:11.283,0.85716,0.85744,1.50,4.35
2011.01.13 05:08:11.768,0.85716,0.85744,1.50,4.35
2011.01.13 05:08:12.201,0.85716,0.85738,1.50,2.10
2011.01.13 05:08:12.768,0.85716,0.85737,1.50,2.10
2011.01.13 05:08:22.828,0.8571,0.85734,1.43,1.50
2011.01.13 05:08:23.554,0.85713,0.85734,1.50,1.50
2011.01.13 05:08:24.503,0.85717,0.85742,1.50,2.85
2011.01.13 05:08:26.273,0.85717,0.85749,5.10,1.69
2011.01.13 05:08:26.389,0.85717,0.85744,3.60,1.50
2011.01.13 05:08:26.719,0.8572,0.85744,1.50,2.25
2011.01.13 05:08:26.847,0.85716,0.85744,3.00,2.25
2011.01.13 05:08:29.903,0.85716,0.8574,3.00,2.10
2011.01.13 05:08:31.429,0.85716,0.85742,1.50,2.10
2011.01.13 05:08:32.104,0.85716,0.85741,1.50,2.10
2011.01.13 05:08:36.988,0.85716,0.8574,1.50,2.10
2011.01.13 05:08:38.054,0.85716,0.85744,1.50,5.10
2011.01.13 05:08:44.811,0.85717,0.85743,1.50,4.35
2011.01.13 05:08:52.366,0.85717,0.85743,1.50,4.54
2011.01.13 05:08:58.974,0.85717,0.85739,1.50,2.07
2011.01.13 05:08:59.419,0.8571,0.85734,1.50,1.50
2011.01.13 05:09:00.378,0.85711,0.85734,1.50,1.50
2011.01.13 05:09:05.407,0.85713,0.85734,1.50,1.50
2011.01.13 05:09:06.180,0.85712,0.85734,1.50,1.50
2011.01.13 05:09:10.188,0.85717,0.85742,1.50,1.50
2011.01.13 05:09:15.560,0.85717,0.85739,1.50,2.07
2011.01.13 05:09:16.256,0.8571,0.85733,1.50,1.50
2011.01.13 05:09:16.590,0.85712,0.85733,1.50,1.50
2011.01.13 05:09:20.549,0.85716,0.85743,1.50,3.04
2011.01.13 05:09:30.730,0.85716,0.8574,1.50,1.32
2011.01.13 05:09:30.838,0.85716,0.85739,1.50,1.69
2011.01.13 05:09:30.950,0.8571,0.85733,1.50,1.69
2011.01.13 05:09:31.536,0.85711,0.85733,1.50,1.69
2011.01.13 05:09:38.800,0.85712,0.85733,1.50,1.50
2011.01.13 05:09:43.094,0.85717,0.85743,1.50,2.44
2011.01.13 05:09:46.359,0.85717,0.85739,1.50,2.29
2011.01.13 05:09:46.579,0.85709,0.85733,2.18,1.50
2011.01.13 05:09:48.330,0.85713,0.85733,1.69,1.50
2011.01.13 05:09:48.442,0.85713,0.85741,1.50,3.04
2011.01.13 05:09:48.778,0.85717,0.85743,1.50,2.44
2011.01.13 05:09:58.508,0.85717,0.85743,1.88,2.44
2011.01.13 05:09:58.731,0.85723,0.8575,2.07,1.13
2011.01.13 05:09:58.854,0.85729,0.85753,1.50,1.88
2011.01.13 05:09:58.972,0.85729,0.85755,1.50,2.10
2011.01.13 05:09:59.091,0.85736,0.85755,1.50,2.10
2011.01.13 05:10:01.188,0.85736,0.85756,1.50,2.10
2011.01.13 05:10:01.710,0.85736,0.85757,1.50,2.10
2011.01.13 05:10:02.038,0.85736,0.85755,1.50,2.10
2011.01.13 05:10:02.716,0.85736,0.85756,1.50,2.10
2011.01.13 05:10:08.528,0.85736,0.85757,1.50,2.10
2011.01.13 05:10:11.292,0.85736,0.85755,1.50,2.10
2011.01.13 05:10:12.046,0.85736,0.85754,1.50,2.10
2011.01.13 05:10:17.085,0.85737,0.85754,1.50,2.10
2011.01.13 05:10:20.338,0.85737,0.85753,1.50,2.10
2011.01.13 05:10:22.119,0.85737,0.85751,1.50,2.10
2011.01.13 05:10:26.227,0.85737,0.85753,1.50,2.10
2011.01.13 05:10:31.699,0.85737,0.8575,1.50,2.10
2011.01.13 05:10:32.774,0.85736,0.8575,1.50,2.10
2011.01.13 05:10:32.891,0.85736,0.85752,1.50,2.10
2011.01.13 05:10:42.209,0.85736,0.85754,1.50,2.10
2011.01.13 05:10:42.752,0.85736,0.85753,1.50,2.10
2011.01.13 05:10:44.307,0.85736,0.85756,2.37,2.10
2011.01.13 05:10:44.419,0.85736,0.85758,2.37,2.10
2011.01.13 05:10:46.304,0.85737,0.85764,3.12,2.07
2011.01.13 05:10:46.421,0.85746,0.85759,1.50,2.10
2011.01.13 05:10:46.760,0.85736,0.8576,2.37,2.10
2011.01.13 05:10:47.851,0.85736,0.85759,1.69,2.10
2011.01.13 05:10:48.596,0.85736,0.85758,1.69,2.10
2011.01.13 05:10:50.448,0.85736,0.85759,1.69,2.10
2011.01.13 05:10:50.888,0.85736,0.85757,1.69,2.10
2011.01.13 05:10:53.538,0.85736,0.85758,1.69,2.10
2011.01.13 05:10:54.122,0.85736,0.8576,1.69,2.10
2011.01.13 05:10:57.571,0.85736,0.85758,1.50,2.10
2011.01.13 05:10:58.273,0.85727,0.85756,2.44,2.85
2011.01.13 05:10:58.400,0.85727,0.85754,1.32,1.50
2011.01.13 05:10:59.193,0.85736,0.85755,1.50,2.85
2011.01.13 05:11:01.442,0.85736,0.85753,1.50,2.10
2011.01.13 05:11:02.734,0.85736,0.85752,1.50,2.10
2011.01.13 05:11:03.184,0.85736,0.85757,1.69,2.10
2011.01.13 05:11:04.215,0.85736,0.85758,1.69,2.10
2011.01.13 05:11:05.572,0.85736,0.85758,2.44,2.10
2011.01.13 05:11:06.699,0.85736,0.85757,2.44,2.10
2011.01.13 05:11:08.178,0.85736,0.85759,2.44,2.10
2011.01.13 05:11:08.728,0.85736,0.85758,2.44,2.10
2011.01.13 05:11:09.450,0.85736,0.85757,2.44,2.10
2011.01.13 05:11:09.559,0.85736,0.85759,2.44,2.10
2011.01.13 05:11:12.530,0.85736,0.85756,2.44,2.10
2011.01.13 05:11:13.419,0.85736,0.85758,2.44,2.10
2011.01.13 05:11:16.964,0.85737,0.85753,1.50,2.10
2011.01.13 05:11:17.079,0.8573,0.85753,1.50,2.10
2011.01.13 05:11:17.192,0.85727,0.85753,1.69,2.10
2011.01.13 05:11:17.309,0.85727,0.8575,1.69,2.10
2011.01.13 05:11:19.462,0.85726,0.85749,1.69,2.10
2011.01.13 05:11:24.119,0.85726,0.85747,1.69,2.10
2011.01.13 05:11:24.231,0.85726,0.85747,1.50,2.10
2011.01.13 05:11:24.560,0.85726,0.85745,1.50,2.10
2011.01.13 05:11:32.640,0.85726,0.85745,1.69,2.10
2011.01.13 05:11:33.242,0.85726,0.85748,1.69,2.10
2011.01.13 05:11:34.999,0.85726,0.85747,1.69,2.10
2011.01.13 05:11:37.400,0.85726,0.85749,1.69,2.10
2011.01.13 05:11:38.093,0.85726,0.8575,1.69,2.10
2011.01.13 05:11:38.210,0.85726,0.85748,1.69,2.10
2011.01.13 05:11:41.275,0.85726,0.85749,1.69,2.10
2011.01.13 05:11:42.644,0.85726,0.85751,1.69,2.10
2011.01.13 05:11:51.308,0.85726,0.85748,1.69,2.10
2011.01.13 05:11:57.909,0.85726,0.85747,1.69,2.10
2011.01.13 05:12:09.158,0.85726,0.85746,1.69,2.10
2011.01.13 05:12:10.213,0.85726,0.85748,1.69,2.10
2011.01.13 05:12:13.361,0.85726,0.85745,1.69,2.10
2011.01.13 05:12:13.482,0.85726,0.85749,1.69,2.10
2011.01.13 05:12:15.140,0.85726,0.85748,1.69,2.10
2011.01.13 05:12:15.255,0.85726,0.85746,1.69,2.10
2011.01.13 05:12:21.050,0.85726,0.85747,1.69,2.10
2011.01.13 05:12:25.642,0.85726,0.85747,1.50,2.10
2011.01.13 05:12:25.982,0.85726,0.85746,1.69,2.10
2011.01.13 05:12:26.102,0.85726,0.85746,1.50,2.10
2011.01.13 05:12:27.207,0.85726,0.85743,1.50,2.10
2011.01.13 05:12:28.751,0.85726,0.85746,1.50,2.10
2011.01.13 05:12:32.652,0.85727,0.85746,1.50,2.10
2011.01.13 05:12:35.760,0.85727,0.85744,1.50,2.10
2011.01.13 05:12:37.423,0.85727,0.85745,1.50,2.10
2011.01.13 05:12:40.389,0.85727,0.85744,1.50,2.10
2011.01.13 05:12:43.271,0.85727,0.85745,1.50,2.10
2011.01.13 05:12:48.165,0.85727,0.85746,1.50,2.10
2011.01.13 05:12:56.689,0.85727,0.85748,1.50,2.10
2011.01.13 05:13:01.368,0.85727,0.85747,1.50,2.10
2011.01.13 05:13:02.514,0.85727,0.85744,1.50,2.10
2011.01.13 05:13:03.641,0.85726,0.85743,1.50,2.10
2011.01.13 05:13:05.358,0.85726,0.85744,1.50,2.10
2011.01.13 05:13:05.578,0.85726,0.85747,1.50,2.10
2011.01.13 05:13:08.501,0.85726,0.85745,1.50,2.10
2011.01.13 05:13:09.428,0.85726,0.85746,1.50,2.10
2011.01.13 05:13:11.793,0.85726,0.85747,1.50,2.10
2011.01.13 05:13:12.589,0.85726,0.85744,1.50,2.10
2011.01.13 05:13:12.858,0.85726,0.85746,1.50,2.10
2011.01.13 05:13:17.969,0.85727,0.85746,1.50,2.10
2011.01.13 05:13:22.344,0.85727,0.85744,1.50,2.10
2011.01.13 05:13:23.219,0.85727,0.85747,1.50,2.10
2011.01.13 05:13:23.737,0.85727,0.85746,1.50,2.10
2011.01.13 05:13:35.110,0.85727,0.85747,1.50,2.10
2011.01.13 05:13:35.657,0.85727,0.85745,1.50,2.10
2011.01.13 05:13:37.848,0.85727,0.85746,1.50,2.10
2011.01.13 05:13:38.538,0.85727,0.85745,1.50,2.10
2011.01.13 05:13:42.967,0.85727,0.85746,1.50,2.10
2011.01.13 05:13:46.840,0.85727,0.85745,1.50,2.10
2011.01.13 05:13:47.571,0.85726,0.85745,1.50,2.10
2011.01.13 05:13:57.419,0.85726,0.85747,1.69,2.10
2011.01.13 05:13:57.529,0.85726,0.85747,2.44,2.10
2011.01.13 05:13:58.180,0.85726,0.85748,2.44,2.10
2011.01.13 05:14:02.678,0.85727,0.85748,1.69,2.10
2011.01.13 05:14:18.079,0.85726,0.85747,1.69,2.10
2011.01.13 05:14:32.049,0.85726,0.85746,1.50,2.10
2011.01.13 05:14:38.580,0.85726,0.85742,1.50,2.10
2011.01.13 05:14:40.169,0.85726,0.85746,1.50,2.10
2011.01.13 05:14:40.820,0.85726,0.85747,1.50,1.50
2011.01.13 05:14:41.040,0.85726,0.85741,1.50,2.10
2011.01.13 05:14:41.624,0.85726,0.85745,1.50,2.10
2011.01.13 05:14:47.859,0.85727,0.85745,1.50,2.10
2011.01.13 05:14:49.945,0.85727,0.85743,1.50,2.10
2011.01.13 05:14:50.062,0.85727,0.85745,1.50,2.10
2011.01.13 05:14:51.918,0.85727,0.85744,1.50,2.10
2011.01.13 05:15:01.556,0.85717,0.85743,2.37,1.50
2011.01.13 05:15:01.673,0.85717,0.85743,3.12,3.60
2011.01.13 05:15:01.791,0.85717,0.85743,2.37,1.50
2011.01.13 05:15:02.360,0.85717,0.85743,2.37,1.50
2011.01.13 05:15:03.079,0.85717,0.85743,3.12,1.50
2011.01.13 05:15:03.859,0.85727,0.85744,1.50,2.10
2011.01.13 05:15:11.827,0.85727,0.8574,1.50,2.10
2011.01.13 05:15:12.799,0.85727,0.85741,1.50,2.10
2011.01.13 05:15:15.159,0.85727,0.85745,1.50,2.10
2011.01.13 05:15:15.795,0.85727,0.85746,1.50,2.10
2011.01.13 05:15:16.311,0.85727,0.85747,1.50,2.10
2011.01.13 05:15:20.030,0.85727,0.85745,1.50,2.10
2011.01.13 05:15:21.823,0.85727,0.85744,1.50,2.10
2011.01.13 05:15:26.648,0.85727,0.85746,1.50,2.85
2011.01.13 05:15:26.769,0.85727,0.85743,1.50,2.10
2011.01.13 05:15:27.099,0.85716,0.85743,2.07,2.10
2011.01.13 05:15:28.556,0.85716,0.85742,2.07,2.10
2011.01.13 05:15:28.889,0.85716,0.85744,2.07,3.60
2011.01.13 05:15:29.641,0.85716,0.85744,2.07,3.79
2011.01.13 05:15:32.109,0.85716,0.85744,4.69,3.79
2011.01.13 05:15:32.438,0.85717,0.85746,2.82,2.85
2011.01.13 05:15:32.770,0.85727,0.85747,1.50,2.85
2011.01.13 05:15:37.343,0.85727,0.85747,1.69,2.85
2011.01.13 05:15:37.460,0.85727,0.85749,1.69,1.50
2011.01.13 05:15:38.054,0.85727,0.85749,2.07,2.85
2011.01.13 05:15:38.179,0.85727,0.85745,1.88,2.29
2011.01.13 05:15:38.515,0.85717,0.8574,1.50,3.42
2011.01.13 05:15:45.091,0.85717,0.85738,1.50,4.54
2011.01.13 05:15:52.615,0.85711,0.85734,1.50,1.69
2011.01.13 05:16:08.820,0.85709,0.85734,1.50,1.69
2011.01.13 05:16:10.682,0.85709,0.85733,1.50,1.50
2011.01.13 05:16:11.398,0.8571,0.85733,1.50,1.50
2011.01.13 05:16:13.339,0.85707,0.85733,3.00,1.50
2011.01.13 05:16:13.927,0.85707,0.85733,3.00,2.25
2011.01.13 05:16:24.087,0.85707,0.85733,3.38,2.25
2011.01.13 05:16:25.860,0.85707,0.85733,3.00,2.25
2011.01.13 05:17:01.979,0.85708,0.85733,1.50,2.25
2011.01.13 05:17:05.680,0.85709,0.85734,1.50,2.25
2011.01.13 05:17:08.186,0.85707,0.85734,1.50,2.25
2011.01.13 05:17:09.092,0.85707,0.85734,1.50,2.25
2011.01.13 05:17:11.947,0.85708,0.85734,1.50,2.25
2011.01.13 05:17:16.998,0.85709,0.85734,1.50,2.25
2011.01.13 05:17:17.601,0.85708,0.85733,1.50,2.25
2011.01.13 05:17:23.809,0.85708,0.85731,1.50,1.50
2011.01.13 05:17:31.602,0.85707,0.85731,1.50,1.50
2011.01.13 05:17:36.461,0.85708,0.85731,1.50,1.50
2011.01.13 05:17:40.358,0.85707,0.85731,3.00,1.50
2011.01.13 05:17:42.729,0.85707,0.85733,3.00,3.00
2011.01.13 05:17:42.839,0.85707,0.85733,3.00,2.25
2011.01.13 05:18:02.224,0.85707,0.85732,1.50,2.10
2011.01.13 05:18:03.622,0.85709,0.85734,1.50,3.00
2011.01.13 05:18:04.258,0.85708,0.85733,1.88,2.85
2011.01.13 05:18:33.035,0.85709,0.85733,1.50,2.25
2011.01.13 05:18:33.545,0.85707,0.85733,1.88,4.35
2011.01.13 05:18:52.618,0.85706,0.85734,1.88,4.35
2011.01.13 05:18:52.952,0.85708,0.85734,2.07,1.50
2011.01.13 05:18:59.159,0.85708,0.85734,2.82,1.50
2011.01.13 05:19:03.029,0.85708,0.85733,2.82,1.50
2011.01.13 05:19:06.384,0.85717,0.85737,1.50,1.69
2011.01.13 05:19:06.720,0.85709,0.85734,1.69,1.50
2011.01.13 05:19:20.410,0.85709,0.85734,1.69,2.25
2011.01.13 05:19:20.523,0.85706,0.85734,1.50,5.29
2011.01.13 05:19:24.858,0.85706,0.85728,3.12,2.10
2011.01.13 05:19:24.977,0.85707,0.85731,1.69,2.10
2011.01.13 05:19:27.503,0.85708,0.85732,1.50,2.10
2011.01.13 05:19:28.564,0.85708,0.85731,1.50,2.10
2011.01.13 05:19:30.609,0.85717,0.85731,1.50,2.10
2011.01.13 05:19:33.701,0.85707,0.85731,3.00,2.10
2011.01.13 05:19:36.549,0.85707,0.8573,3.00,2.10
2011.01.13 05:19:39.818,0.85708,0.85732,1.50,2.10
2011.01.13 05:19:40.933,0.85708,0.85733,1.50,3.60
2011.01.13 05:19:42.940,0.85708,0.85732,1.50,2.10
2011.01.13 05:20:10.579,0.85708,0.85733,1.50,1.50
2011.01.13 05:20:17.541,0.85707,0.85733,1.50,2.25
2011.01.13 05:20:17.651,0.85707,0.85733,1.69,2.25
2011.01.13 05:20:18.200,0.85709,0.85734,1.69,1.50
2011.01.13 05:20:42.783,0.85708,0.85734,1.50,1.50
2011.01.13 05:20:43.800,0.85708,0.85734,2.82,1.50
2011.01.13 05:20:44.167,0.85717,0.85739,1.50,1.50
2011.01.13 05:20:51.394,0.85709,0.85734,1.50,1.50
2011.01.13 05:20:58.271,0.85709,0.85734,2.07,1.50
2011.01.13 05:20:58.602,0.85716,0.85739,1.50,1.50
2011.01.13 05:21:03.119,0.85717,0.85739,1.50,1.50
2011.01.13 05:21:04.309,0.85716,0.85739,1.50,1.69
2011.01.13 05:21:04.643,0.8571,0.85737,1.50,1.69
2011.01.13 05:21:04.763,0.8571,0.85737,1.69,1.50
2011.01.13 05:21:05.444,0.85716,0.8574,1.50,1.50
2011.01.13 05:21:06.160,0.85717,0.8574,1.50,1.69
2011.01.13 05:21:12.623,0.85711,0.85734,1.50,1.50
2011.01.13 05:21:14.619,0.8571,0.85734,1.50,1.50
2011.01.13 05:21:15.232,0.85711,0.85734,1.50,1.50
2011.01.13 05:21:17.359,0.85711,0.85734,1.69,1.50
2011.01.13 05:21:17.581,0.85716,0.8574,1.50,1.50
2011.01.13 05:21:17.910,0.85716,0.85736,1.50,1.50
2011.01.13 05:21:24.862,0.85716,0.85734,1.50,1.50
2011.01.13 05:21:31.661,0.85716,0.85731,1.50,1.50
2011.01.13 05:21:31.773,0.85707,0.85731,1.69,1.88
2011.01.13 05:21:32.307,0.85706,0.85731,1.69,2.07
2011.01.13 05:21:36.522,0.85706,0.85731,2.44,1.50
2011.01.13 05:21:37.115,0.85716,0.85731,1.50,1.50
2011.01.13 05:21:37.760,0.85716,0.85731,1.50,1.13
2011.01.13 05:21:37.981,0.85716,0.85733,1.50,1.32
2011.01.13 05:21:45.530,0.85716,0.85736,1.50,1.32
2011.01.13 05:21:45.651,0.85716,0.85734,1.50,1.13
2011.01.13 05:21:46.759,0.85716,0.85738,1.50,2.07
2011.01.13 05:21:47.584,0.85716,0.85736,1.50,1.13
2011.01.13 05:21:48.222,0.85716,0.85738,1.50,1.32
2011.01.13 05:21:53.173,0.85716,0.85739,2.44,1.13
2011.01.13 05:21:53.296,0.85717,0.85742,3.94,1.13
2011.01.13 05:21:53.522,0.85717,0.85743,2.44,1.13
2011.01.13 05:21:53.740,0.85727,0.85742,1.50,1.13
2011.01.13 05:21:54.181,0.85716,0.85739,1.50,1.32
2011.01.13 05:21:54.964,0.85716,0.85739,1.50,1.32
2011.01.13 05:21:55.190,0.85716,0.85739,1.50,1.13
2011.01.13 05:22:09.796,0.85716,0.85739,1.50,1.32
2011.01.13 05:22:11.021,0.85716,0.85739,1.50,1.13
2011.01.13 05:22:11.590,0.85716,0.85739,1.50,1.32
2011.01.13 05:22:12.770,0.85717,0.85739,1.50,1.32
2011.01.13 05:22:17.703,0.85716,0.85738,1.50,1.32
2011.01.13 05:22:32.652,0.85717,0.85738,1.50,1.32
2011.01.13 05:22:47.625,0.85716,0.85739,1.50,2.07
2011.01.13 05:22:50.910,0.85716,0.85741,1.69,1.13
2011.01.13 05:22:52.351,0.85716,0.8574,1.50,1.32
2011.01.13 05:23:13.421,0.85716,0.85737,1.50,1.13
2011.01.13 05:23:13.643,0.85716,0.85739,1.50,2.10
2011.01.13 05:23:14.208,0.85716,0.8574,1.50,2.85
2011.01.13 05:23:16.970,0.85716,0.85742,1.50,2.48
2011.01.13 05:23:17.080,0.85716,0.8574,1.50,2.10
2011.01.13 05:23:17.189,0.85716,0.85743,1.50,1.69
2011.01.13 05:23:25.165,0.85716,0.85743,1.50,1.69
2011.01.13 05:23:32.734,0.85717,0.85743,1.50,3.19
2011.01.13 05:23:35.356,0.85717,0.85743,1.50,3.19
2011.01.13 05:23:43.072,0.85717,0.85743,1.50,1.50
2011.01.13 05:23:44.881,0.85717,0.85742,1.50,1.13
2011.01.13 05:23:45.518,0.85717,0.85743,1.50,2.25
2011.01.13 05:23:46.241,0.85718,0.85743,1.50,2.25
2011.01.13 05:23:46.799,0.85717,0.85742,1.50,1.13
2011.01.13 05:23:47.462,0.85717,0.85742,1.50,1.32
2011.01.13 05:23:49.659,0.85717,0.85742,1.50,1.69
2011.01.13 05:23:49.989,0.85717,0.8574,1.50,1.13
2011.01.13 05:23:52.764,0.85717,0.8574,1.50,2.44
2011.01.13 05:23:58.439,0.85717,0.8574,1.50,1.32
2011.01.13 05:23:58.990,0.85717,0.8574,1.50,1.32
2011.01.13 05:24:02.471,0.85721,0.8574,1.50,1.32
2011.01.13 05:24:02.801,0.85724,0.85745,1.88,3.79
2011.01.13 05:24:03.792,0.85729,0.85753,1.88,5.10
2011.01.13 05:24:04.526,0.85731,0.85753,1.50,1.50
2011.01.13 05:24:04.643,0.85727,0.85753,2.37,3.60
2011.01.13 05:24:06.191,0.85729,0.85753,1.32,1.50
2011.01.13 05:24:06.847,0.85736,0.85757,1.50,2.48
2011.01.13 05:24:24.191,0.85736,0.85755,1.50,2.10
2011.01.13 05:24:24.918,0.85737,0.85755,1.50,2.10
2011.01.13 05:24:27.488,0.85737,0.85756,1.50,2.10
2011.01.13 05:24:28.861,0.85737,0.85753,1.50,2.10
2011.01.13 05:24:29.572,0.85727,0.85753,2.55,3.60
2011.01.13 05:24:37.212,0.85727,0.85753,3.49,3.60
2011.01.13 05:24:56.130,0.85729,0.85754,1.32,3.60
2011.01.13 05:24:56.350,0.85736,0.85756,1.50,2.10
2011.01.13 05:25:14.760,0.85737,0.85756,1.50,2.10
2011.01.13 05:25:22.530,0.85737,0.85755,1.50,2.10
2011.01.13 05:25:24.501,0.85737,0.85758,1.50,2.10
2011.01.13 05:25:25.192,0.85737,0.85757,1.50,2.10
2011.01.13 05:25:25.304,0.85746,0.85755,1.50,2.10
2011.01.13 05:25:28.004,0.85746,0.85757,1.50,2.10
2011.01.13 05:25:28.522,0.85746,0.85758,1.50,2.10
2011.01.13 05:25:30.670,0.85746,0.85757,1.50,2.10
2011.01.13 05:25:31.020,0.85746,0.85755,1.50,2.10
2011.01.13 05:25:32.317,0.85737,0.85757,1.50,2.10
2011.01.13 05:25:34.427,0.85737,0.85753,1.50,2.10
2011.01.13 05:25:34.650,0.85728,0.85753,1.62,3.60
2011.01.13 05:25:35.510,0.85728,0.85752,1.62,2.10
2011.01.13 05:25:36.061,0.85728,0.85753,1.62,3.60
2011.01.13 05:25:36.762,0.85728,0.85752,1.62,2.10
2011.01.13 05:25:45.022,0.85728,0.85753,1.62,1.50
2011.01.13 05:25:52.489,0.85728,0.85754,1.62,3.60
2011.01.13 05:25:59.232,0.85729,0.85754,1.99,3.60
2011.01.13 05:25:59.884,0.85736,0.85757,1.50,2.10
2011.01.13 05:26:02.560,0.85736,0.85757,1.50,3.79
2011.01.13 05:26:02.890,0.85736,0.85753,1.50,2.10
2011.01.13 05:26:03.371,0.85728,0.85753,1.62,3.60
2011.01.13 05:26:09.099,0.85727,0.85753,3.12,3.60
2011.01.13 05:26:18.670,0.85727,0.85751,3.12,2.10
2011.01.13 05:26:19.189,0.85727,0.85752,3.12,2.10
2011.01.13 05:26:22.920,0.85727,0.85753,3.12,3.60
2011.01.13 05:26:26.443,0.85727,0.85753,1.50,4.54
2011.01.13 05:26:26.794,0.85727,0.8575,1.50,1.32
2011.01.13 05:26:27.681,0.85717,0.85741,1.88,2.29
2011.01.13 05:26:29.792,0.85716,0.85744,1.88,4.54
2011.01.13 05:26:29.903,0.85716,0.85744,1.88,3.19
2011.01.13 05:26:40.320,0.85716,0.85742,1.50,1.32
2011.01.13 05:26:40.650,0.85716,0.85738,1.50,1.50
2011.01.13 05:26:44.769,0.85717,0.85738,1.50,1.50
2011.01.13 05:26:48.451,0.85717,0.85742,1.50,1.50
2011.01.13 05:26:48.672,0.85717,0.85741,1.50,1.69
2011.01.13 05:26:51.128,0.85717,0.85742,1.50,1.69
2011.01.13 05:26:51.257,0.85717,0.8574,1.50,1.69
2011.01.13 05:26:54.243,0.85717,0.85742,1.32,1.50
2011.01.13 05:26:54.367,0.85716,0.85743,1.69,1.69
2011.01.13 05:26:55.137,0.85716,0.85743,1.69,1.50
2011.01.13 05:27:11.142,0.85716,0.85741,1.50,1.69
2011.01.13 05:27:12.793,0.85717,0.8574,1.50,2.44
2011.01.13 05:27:29.271,0.85718,0.8574,1.69,1.50
2011.01.13 05:27:29.490,0.85718,0.85743,1.69,1.50
2011.01.13 05:27:29.822,0.85726,0.85747,1.50,1.50
2011.01.13 05:27:45.237,0.85728,0.85752,1.32,1.88
2011.01.13 05:27:45.463,0.85726,0.85752,1.50,2.07
2011.01.13 05:27:46.124,0.85727,0.85752,1.50,1.88
2011.01.13 05:27:48.935,0.85727,0.85752,1.50,1.69
2011.01.13 05:27:51.010,0.85727,0.85753,1.50,3.19
2011.01.13 05:28:04.760,0.85727,0.85749,1.50,2.10
2011.01.13 05:28:04.870,0.85727,0.8575,1.50,3.23
2011.01.13 05:28:05.313,0.85727,0.85744,1.50,1.50
2011.01.13 05:28:05.422,0.85717,0.85743,1.50,2.25
2011.01.13 05:28:07.952,0.85717,0.85743,2.44,2.25
2011.01.13 05:28:08.499,0.85718,0.85743,2.37,1.50
2011.01.13 05:28:09.763,0.85727,0.8575,1.50,1.69
2011.01.13 05:28:11.584,0.85727,0.85751,1.50,1.50
2011.01.13 05:28:19.231,0.85727,0.8575,1.50,2.07
2011.01.13 05:28:22.384,0.85727,0.8575,2.44,1.13
2011.01.13 05:28:22.614,0.85726,0.85752,1.50,1.32
2011.01.13 05:28:23.696,0.85727,0.85752,1.50,1.32
2011.01.13 05:28:25.646,0.85727,0.85752,1.50,1.13
2011.01.13 05:28:29.349,0.85727,0.85753,1.50,3.19
2011.01.13 05:28:33.022,0.85727,0.85753,1.50,3.94
2011.01.13 05:28:33.572,0.85727,0.85751,1.50,2.07
2011.01.13 05:28:36.570,0.85727,0.8575,1.50,1.69
2011.01.13 05:29:03.791,0.85727,0.85751,1.50,2.85
2011.01.13 05:29:11.931,0.85727,0.85752,1.50,2.07
2011.01.13 05:29:13.485,0.85727,0.8575,1.50,3.79
2011.01.13 05:29:14.098,0.85717,0.85742,1.50,1.13
2011.01.13 05:29:14.322,0.85711,0.85733,1.69,1.50
2011.01.13 05:29:14.544,0.8571,0.85733,1.50,1.50
2011.01.13 05:29:14.662,0.85717,0.8574,1.50,2.82
2011.01.13 05:29:15.100,0.85711,0.85734,1.50,1.50
2011.01.13 05:29:16.990,0.85713,0.85734,2.44,1.50
2011.01.13 05:29:17.107,0.85726,0.85743,1.50,1.50
2011.01.13 05:29:20.422,0.85717,0.85743,1.69,3.19
2011.01.13 05:29:23.831,0.85717,0.85741,1.50,1.88
2011.01.13 05:29:24.901,0.85716,0.85741,1.50,1.50
2011.01.13 05:29:35.941,0.85716,0.85741,1.88,1.50
2011.01.13 05:29:36.050,0.85716,0.85741,1.50,1.50
2011.01.13 05:29:39.176,0.85712,0.85733,1.50,1.50
2011.01.13 05:29:44.520,0.8571,0.85733,1.50,1.50
2011.01.13 05:29:45.060,0.8571,0.85733,1.69,1.50
2011.01.13 05:29:53.636,0.85717,0.85737,1.50,1.69
2011.01.13 05:29:54.191,0.85717,0.85737,1.88,1.69
2011.01.13 05:29:54.893,0.8571,0.85734,2.07,1.50
2011.01.13 05:30:06.242,0.85708,0.85734,2.44,1.50
2011.01.13 05:30:10.505,0.85716,0.85737,1.50,3.79
2011.01.13 05:30:11.470,0.85708,0.85733,1.99,1.50
2011.01.13 05:30:13.220,0.85717,0.85738,1.50,1.69
2011.01.13 05:30:16.971,0.85717,0.85737,1.50,1.69
2011.01.13 05:30:19.061,0.85717,0.85736,1.50,3.79
2011.01.13 05:30:19.963,0.85707,0.85733,1.88,1.50
2011.01.13 05:30:20.556,0.85707,0.85733,1.88,2.25
2011.01.13 05:30:22.998,0.85707,0.85731,1.50,1.69
2011.01.13 05:30:26.002,0.85707,0.85731,1.50,3.79
2011.01.13 05:30:26.963,0.85707,0.85731,1.88,1.69
2011.01.13 05:30:46.728,0.85707,0.85733,1.88,2.25
2011.01.13 05:30:47.726,0.85707,0.85733,1.88,1.50
2011.01.13 05:30:52.690,0.85709,0.85733,1.50,1.50
2011.01.13 05:30:53.198,0.85707,0.85733,3.38,1.50
2011.01.13 05:31:02.792,0.85706,0.85734,3.38,4.35
2011.01.13 05:31:04.535,0.85706,0.85734,1.88,2.82
2011.01.13 05:31:04.653,0.85706,0.85731,1.88,1.32
2011.01.13 05:31:05.327,0.85706,0.8573,1.88,1.69
2011.01.13 05:31:05.663,0.85706,0.85729,1.88,3.42
2011.01.13 05:31:06.002,0.857,0.85723,1.88,1.50
2011.01.13 05:31:09.490,0.85699,0.85722,1.88,2.10
2011.01.13 05:31:10.901,0.85706,0.85726,1.88,2.85
2011.01.13 05:31:13.256,0.85707,0.85733,1.88,3.60
2011.01.13 05:31:14.361,0.85706,0.85733,1.50,1.50
2011.01.13 05:31:14.471,0.85706,0.85733,1.88,1.50
2011.01.13 05:31:46.171,0.85707,0.85733,1.88,3.60
2011.01.13 05:31:47.488,0.85706,0.85733,2.82,3.60
2011.01.13 05:31:47.825,0.85708,0.85733,1.50,3.19
2011.01.13 05:31:48.538,0.85707,0.85733,1.88,3.19
2011.01.13 05:31:48.657,0.85707,0.85733,1.88,1.69
2011.01.13 05:31:57.314,0.85707,0.85733,1.88,2.44
2011.01.13 05:32:00.163,0.85707,0.85733,1.88,3.79
2011.01.13 05:32:00.870,0.85707,0.85731,2.55,2.10
2011.01.13 05:32:01.482,0.85707,0.85732,2.55,2.10
2011.01.13 05:32:02.091,0.85708,0.85731,1.80,2.10
2011.01.13 05:32:02.541,0.85708,0.85731,1.80,2.10
2011.01.13 05:32:04.591,0.85711,0.85733,1.43,1.50
2011.01.13 05:32:06.766,0.85711,0.85732,1.43,2.10
2011.01.13 05:32:07.325,0.85711,0.85734,1.43,3.60
2011.01.13 05:32:07.967,0.85714,0.85734,1.43,1.50
2011.01.13 05:32:38.565,0.85714,0.85734,2.93,1.50
2011.01.13 05:32:41.893,0.85716,0.85744,2.18,2.07
2011.01.13 05:32:43.829,0.85716,0.85738,1.50,2.10
2011.01.13 05:32:45.780,0.85716,0.85735,1.50,2.10
2011.01.13 05:32:47.293,0.85712,0.85734,2.93,1.50
2011.01.13 05:32:48.032,0.85712,0.85734,3.12,1.50
2011.01.13 05:32:49.484,0.85717,0.85741,1.69,2.10
2011.01.13 05:32:54.931,0.85717,0.85741,1.62,2.10
2011.01.13 05:32:57.071,0.85717,0.85739,1.62,2.10
2011.01.13 05:32:58.992,0.85718,0.85741,3.12,2.10
2011.01.13 05:32:59.212,0.85718,0.85744,3.12,3.79
2011.01.13 05:33:00.258,0.85721,0.85744,1.50,3.79
2011.01.13 05:33:01.405,0.85719,0.85744,1.69,3.79
2011.01.13 05:33:03.311,0.85721,0.85744,1.50,1.69
2011.01.13 05:33:32.680,0.85721,0.85743,1.50,1.50
2011.01.13 05:33:33.963,0.8572,0.85743,1.69,1.50
2011.01.13 05:33:59.635,0.85723,0.85743,2.44,1.50
2011.01.13 05:34:01.881,0.85722,0.85743,1.69,1.50
2011.01.13 05:34:02.211,0.85726,0.85746,1.50,2.10
2011.01.13 05:34:08.020,0.85726,0.85748,1.50,2.10
2011.01.13 05:34:10.220,0.85726,0.85746,1.50,2.10
2011.01.13 05:34:11.660,0.85728,0.85746,1.69,2.10
2011.01.13 05:34:11.772,0.85728,0.85751,1.69,2.10
2011.01.13 05:34:11.991,0.85728,0.85754,1.69,1.50
2011.01.13 05:34:19.591,0.85729,0.85753,1.69,1.50
2011.01.13 05:34:33.854,0.8573,0.85753,3.12,1.50
2011.01.13 05:34:34.521,0.85737,0.85762,1.50,2.85
2011.01.13 05:34:35.314,0.85737,0.8576,1.50,2.10
2011.01.13 05:34:36.943,0.8573,0.85754,2.93,1.50
2011.01.13 05:34:39.463,0.85731,0.85754,3.12,1.50
2011.01.13 05:34:39.973,0.85737,0.8576,1.50,2.10
2011.01.13 05:34:41.661,0.85737,0.8576,1.50,3.04
2011.01.13 05:34:42.204,0.85731,0.85753,2.37,1.50
2011.01.13 05:34:43.452,0.85732,0.85753,1.50,1.50
2011.01.13 05:34:44.511,0.85732,0.85753,2.44,1.50
2011.01.13 05:34:45.071,0.85733,0.85753,1.69,1.50
2011.01.13 05:34:45.181,0.85737,0.8576,1.50,2.10
2011.01.13 05:34:51.862,0.85737,0.8576,1.50,3.04
2011.01.13 05:34:52.191,0.85731,0.85754,2.37,1.50
2011.01.13 05:34:53.182,0.85733,0.85754,1.50,1.50
2011.01.13 05:34:57.771,0.85731,0.85754,3.12,1.50
2011.01.13 05:34:58.462,0.85737,0.8576,1.50,2.10
2011.01.13 05:34:59.423,0.85737,0.8576,1.50,3.42
2011.01.13 05:34:59.642,0.85732,0.85754,1.50,1.50
2011.01.13 05:35:01.612,0.85732,0.85754,1.69,1.50
2011.01.13 05:35:02.423,0.85737,0.85759,1.50,2.10
2011.01.13 05:35:08.851,0.85737,0.85757,1.50,2.10
2011.01.13 05:35:09.181,0.85737,0.85755,1.50,2.10
2011.01.13 05:35:09.452,0.85731,0.85753,1.50,1.50
2011.01.13 05:35:11.152,0.8573,0.85753,2.44,1.50
2011.01.13 05:35:12.872,0.85737,0.85759,1.50,2.48
2011.01.13 05:35:35.492,0.85737,0.8576,1.50,2.10
2011.01.13 05:36:09.741,0.85737,0.85762,1.50,2.48
2011.01.13 05:36:17.791,0.85736,0.85762,1.50,2.48
2011.01.13 05:36:25.860,0.85736,0.8576,1.50,2.10
2011.01.13 05:36:47.961,0.85737,0.8576,1.50,2.10
2011.01.13 05:37:02.785,0.85736,0.8576,1.50,2.10
2011.01.13 05:37:17.853,0.85737,0.8576,1.50,2.10
2011.01.13 05:37:25.987,0.85737,0.85763,1.50,2.25
2011.01.13 05:37:32.595,0.85736,0.85764,1.50,2.25
2011.01.13 05:37:46.665,0.85736,0.85763,1.50,1.13
2011.01.13 05:37:47.775,0.85737,0.85763,1.50,2.63
2011.01.13 05:37:49.493,0.85737,0.85763,1.50,2.25
2011.01.13 05:37:50.839,0.85737,0.85759,1.50,2.10
2011.01.13 05:38:00.720,0.85737,0.8576,1.50,2.10
2011.01.13 05:38:15.660,0.85737,0.85761,1.50,2.10
2011.01.13 05:38:17.467,0.85736,0.85761,1.50,2.10
2011.01.13 05:38:18.977,0.85736,0.8576,1.50,2.10
2011.01.13 05:38:31.709,0.85736,0.85761,2.18,2.10
2011.01.13 05:38:32.971,0.85737,0.85761,1.50,2.10
2011.01.13 05:38:33.803,0.85737,0.85759,1.50,2.10
2011.01.13 05:38:38.542,0.85737,0.85761,1.50,2.10
2011.01.13 05:38:39.040,0.85737,0.85762,1.69,2.10
2011.01.13 05:38:41.231,0.85738,0.85762,2.37,2.10
2011.01.13 05:38:42.676,0.85737,0.8576,1.50,2.10
2011.01.13 05:38:53.112,0.85737,0.85759,1.50,2.10
2011.01.13 05:38:53.807,0.85737,0.8576,1.88,2.10
2011.01.13 05:38:54.824,0.85737,0.85759,1.50,2.10
2011.01.13 05:39:02.712,0.85736,0.85759,2.18,2.10
2011.01.13 05:39:06.959,0.85736,0.85759,2.55,2.29
2011.01.13 05:39:07.522,0.85737,0.8576,1.05,2.10
2011.01.13 05:39:08.503,0.85737,0.8576,1.05,2.10
2011.01.13 05:39:13.113,0.85737,0.85758,1.05,2.10
2011.01.13 05:39:13.223,0.85736,0.85758,1.50,2.10
2011.01.13 05:39:14.300,0.85736,0.85759,1.50,2.10
2011.01.13 05:39:17.571,0.85736,0.85758,1.88,2.10
2011.01.13 05:39:18.442,0.85737,0.85762,1.05,2.10
2011.01.13 05:39:19.063,0.85737,0.85761,1.05,2.10
2011.01.13 05:39:24.654,0.85737,0.85761,2.55,2.29
2011.01.13 05:39:26.423,0.85736,0.85762,1.88,2.10
2011.01.13 05:39:29.703,0.85736,0.85761,2.07,2.10
2011.01.13 05:39:29.812,0.85738,0.85764,1.69,3.60
2011.01.13 05:39:30.362,0.85737,0.85763,2.07,2.10
2011.01.13 05:39:31.256,0.85738,0.85764,2.37,1.50
2011.01.13 05:39:31.663,0.85738,0.85764,1.62,1.50
2011.01.13 05:39:32.664,0.85739,0.85764,1.62,1.50
2011.01.13 05:39:33.006,0.85747,0.85767,1.50,2.10
2011.01.13 05:39:33.904,0.85747,0.85767,2.37,2.10
2011.01.13 05:39:34.025,0.85747,0.85773,2.37,3.60
2011.01.13 05:39:35.296,0.85747,0.85773,3.12,3.79
2011.01.13 05:39:35.417,0.85747,0.85769,3.12,2.10
2011.01.13 05:39:35.536,0.85747,0.8577,1.69,2.10
2011.01.13 05:39:36.237,0.85747,0.85768,1.50,2.10
2011.01.13 05:39:37.124,0.85747,0.85771,1.50,2.10
2011.01.13 05:39:37.682,0.85747,0.8577,1.50,2.10
2011.01.13 05:39:40.104,0.85747,0.85765,1.50,2.10
2011.01.13 05:39:40.761,0.85747,0.85763,1.50,2.10
2011.01.13 05:39:40.876,0.85747,0.85765,1.50,2.10
2011.01.13 05:39:43.762,0.85747,0.85768,1.50,1.50
2011.01.13 05:39:43.872,0.85747,0.8577,1.50,2.85
2011.01.13 05:39:44.092,0.85747,0.85773,1.50,4.35
2011.01.13 05:39:44.315,0.85747,0.85759,1.50,2.10
2011.01.13 05:39:44.544,0.85736,0.85759,1.88,2.10
2011.01.13 05:39:44.774,0.85737,0.85757,1.88,2.10
2011.01.13 05:39:45.446,0.85737,0.85759,1.88,2.10
2011.01.13 05:39:45.692,0.85737,0.85759,1.88,3.60
2011.01.13 05:39:46.092,0.8573,0.85754,1.05,1.50
2011.01.13 05:39:47.392,0.85737,0.85759,1.88,2.10
2011.01.13 05:39:48.679,0.85737,0.85762,1.88,3.60
2011.01.13 05:39:48.903,0.85737,0.85762,1.88,2.10
2011.01.13 05:39:50.334,0.85737,0.8576,1.88,2.29
2011.01.13 05:39:52.977,0.85737,0.85754,1.88,2.10
2011.01.13 05:39:53.099,0.85729,0.85757,1.05,2.10
2011.01.13 05:39:53.214,0.85729,0.85754,1.05,1.50
2011.01.13 05:39:53.557,0.85743,0.85754,2.74,1.50
2011.01.13 05:39:53.673,0.85748,0.85764,2.74,1.50
2011.01.13 05:39:53.895,0.85754,0.85771,1.50,1.88
2011.01.13 05:39:54.495,0.85757,0.85783,1.50,1.50
2011.01.13 05:39:54.826,0.85758,0.85783,1.24,1.50
2011.01.13 05:39:55.294,0.85759,0.85783,1.62,1.50
2011.01.13 05:39:56.312,0.85748,0.85773,1.80,3.60
2011.01.13 05:39:56.650,0.85757,0.85776,1.50,2.10
2011.01.13 05:39:58.255,0.85757,0.85777,1.50,2.10
2011.01.13 05:39:59.141,0.85757,0.85778,1.50,2.10
2011.01.13 05:40:02.972,0.85757,0.8578,1.50,2.10
2011.01.13 05:40:03.195,0.85757,0.85782,2.18,2.10
2011.01.13 05:40:03.735,0.85757,0.85783,2.18,1.50
2011.01.13 05:40:07.314,0.85757,0.85782,2.18,2.10
2011.01.13 05:40:08.529,0.85757,0.85783,2.18,1.50
2011.01.13 05:40:09.691,0.85757,0.85781,2.18,2.10
2011.01.13 05:40:11.981,0.85757,0.8578,1.50,2.10
2011.01.13 05:40:12.511,0.85757,0.85781,1.50,2.10
2011.01.13 05:40:14.505,0.85756,0.85781,1.50,2.10
2011.01.13 05:40:16.017,0.85756,0.85781,1.88,2.10
2011.01.13 05:40:16.571,0.85756,0.85784,1.50,3.60
2011.01.13 05:40:17.784,0.85756,0.85783,1.50,2.10
2011.01.13 05:40:20.453,0.85757,0.85783,1.50,2.10
2011.01.13 05:40:22.147,0.85757,0.85782,1.50,2.10
2011.01.13 05:40:22.372,0.85757,0.85784,1.50,3.60
2011.01.13 05:40:23.861,0.85757,0.85783,1.50,2.10
2011.01.13 05:40:24.603,0.85756,0.85783,3.00,2.10
2011.01.13 05:40:25.178,0.85756,0.85783,3.00,3.04
2011.01.13 05:40:25.515,0.85756,0.85772,1.50,2.10
2011.01.13 05:40:26.338,0.85756,0.85773,1.50,2.10
2011.01.13 05:40:27.262,0.85756,0.85774,1.50,2.10
2011.01.13 05:40:32.455,0.85757,0.85774,1.50,2.10
2011.01.13 05:40:33.452,0.85757,0.85772,1.50,2.10
2011.01.13 05:40:33.562,0.85746,0.8577,1.88,2.10
2011.01.13 05:40:45.887,0.85746,0.85771,1.88,2.10
2011.01.13 05:40:50.039,0.85748,0.85773,1.50,2.10
2011.01.13 05:40:52.586,0.85747,0.85773,1.88,3.60
2011.01.13 05:40:57.014,0.85747,0.85772,1.88,1.69
2011.01.13 05:40:57.592,0.85747,0.85773,1.50,6.60
2011.01.13 05:40:58.095,0.85747,0.85772,1.50,1.50
2011.01.13 05:40:58.994,0.85747,0.85773,1.50,4.35
2011.01.13 05:40:59.566,0.85747,0.85773,1.50,1.50
2011.01.13 05:41:02.525,0.85746,0.85773,1.50,2.10
2011.01.13 05:41:03.439,0.85746,0.85773,1.69,2.10
2011.01.13 05:41:03.792,0.85757,0.85775,1.50,1.69
2011.01.13 05:41:09.652,0.85746,0.85774,1.50,2.44
2011.01.13 05:41:11.537,0.85746,0.8577,1.50,3.79
2011.01.13 05:41:11.651,0.85738,0.85763,2.37,1.50
2011.01.13 05:41:12.159,0.85738,0.85763,2.37,1.50
2011.01.13 05:41:13.813,0.85738,0.85763,6.38,1.50
2011.01.13 05:41:13.925,0.85742,0.85763,1.69,1.50
2011.01.13 05:41:14.372,0.85746,0.85774,1.50,2.44
2011.01.13 05:41:14.966,0.85746,0.85774,1.50,3.19
2011.01.13 05:41:22.143,0.85746,0.85774,1.88,3.19
2011.01.13 05:41:22.254,0.85746,0.85774,2.07,3.00
2011.01.13 05:41:22.583,0.85749,0.85777,2.29,1.69
2011.01.13 05:41:22.693,0.85757,0.8578,1.50,1.69
2011.01.13 05:41:22.802,0.85757,0.8578,1.50,1.69
2011.01.13 05:41:23.429,0.85757,0.85781,1.50,1.69
2011.01.13 05:41:23.549,0.85747,0.85773,4.28,1.69
2011.01.13 05:41:24.152,0.85747,0.85773,3.12,1.50
2011.01.13 05:41:24.482,0.85747,0.85773,1.50,1.69
2011.01.13 05:41:26.514,0.85747,0.85773,1.69,1.50
2011.01.13 05:41:26.844,0.85747,0.85773,5.10,1.69
2011.01.13 05:41:27.413,0.85747,0.85771,1.50,2.10
2011.01.13 05:41:28.128,0.85747,0.85773,1.50,2.07
2011.01.13 05:41:33.901,0.85747,0.85773,1.50,3.57
2011.01.13 05:41:34.248,0.85747,0.8577,1.50,1.32
2011.01.13 05:41:35.070,0.85736,0.85764,1.69,1.69
2011.01.13 05:41:35.772,0.85737,0.85764,1.50,1.69
2011.01.13 05:41:36.339,0.85736,0.85764,1.69,1.69
2011.01.13 05:41:36.565,0.85736,0.85764,4.62,1.50
2011.01.13 05:41:37.122,0.85738,0.85764,3.72,1.50
2011.01.13 05:41:40.484,0.8574,0.85764,2.10,1.50
2011.01.13 05:41:45.382,0.85737,0.85764,2.18,1.50
2011.01.13 05:41:48.702,0.85736,0.85764,4.43,1.69
2011.01.13 05:42:06.682,0.85738,0.85763,1.62,1.50
2011.01.13 05:42:19.565,0.85737,0.85764,2.78,1.50
2011.01.13 05:42:19.683,0.85735,0.85764,1.43,4.17
2011.01.13 05:42:19.903,0.85735,0.85753,1.43,1.50
2011.01.13 05:42:20.573,0.85733,0.85753,2.93,1.50
2011.01.13 05:42:21.762,0.85734,0.85753,1.43,1.50
2011.01.13 05:42:21.873,0.85735,0.85753,1.43,1.50
2011.01.13 05:42:22.094,0.85744,0.85764,2.10,1.69
2011.01.13 05:42:22.734,0.85736,0.85764,2.18,2.07
2011.01.13 05:42:23.682,0.85736,0.85764,2.18,1.69
2011.01.13 05:42:30.674,0.85736,0.85763,2.18,2.10
2011.01.13 05:42:32.721,0.85736,0.85763,1.50,2.10
2011.01.13 05:42:34.887,0.85736,0.85758,1.50,2.29
2011.01.13 05:42:35.005,0.85736,0.85758,1.50,2.10
2011.01.13 05:42:38.483,0.85729,0.85754,2.18,1.50
2011.01.13 05:42:39.313,0.85729,0.85754,1.50,1.50
2011.01.13 05:42:39.424,0.85727,0.85754,2.18,1.69
2011.01.13 05:42:39.653,0.85726,0.85754,2.93,1.69
2011.01.13 05:42:40.521,0.85726,0.8575,1.50,2.10
2011.01.13 05:42:40.632,0.85726,0.85754,1.50,4.17
2011.01.13 05:42:41.637,0.85726,0.85751,1.50,2.10
2011.01.13 05:42:48.254,0.85726,0.85752,1.50,2.48
2011.01.13 05:42:50.731,0.85726,0.8575,1.50,2.10
2011.01.13 05:42:53.718,0.85726,0.85751,1.50,2.10
2011.01.13 05:42:54.431,0.85726,0.85752,1.50,2.10
2011.01.13 05:42:54.945,0.85726,0.8575,1.50,2.10
2011.01.13 05:42:55.962,0.85727,0.8575,1.50,2.10
2011.01.13 05:42:59.482,0.85722,0.85743,1.43,1.50
2011.01.13 05:43:02.774,0.85722,0.85743,1.62,1.50
2011.01.13 05:43:03.112,0.85727,0.85753,1.50,1.50
2011.01.13 05:43:18.962,0.85728,0.85753,1.50,1.50
2011.01.13 05:43:20.782,0.85728,0.85754,1.50,1.50
2011.01.13 05:43:21.481,0.85728,0.85754,1.69,1.50
2011.01.13 05:43:22.361,0.85729,0.85754,1.43,1.50
2011.01.13 05:43:27.443,0.85727,0.85754,1.50,1.50
2011.01.13 05:43:28.024,0.85719,0.85747,2.18,2.10
2011.01.13 05:43:28.135,0.85717,0.85747,2.93,2.10
2011.01.13 05:43:28.254,0.85719,0.85744,2.18,1.50
2011.01.13 05:43:28.943,0.85718,0.85744,2.18,1.50
2011.01.13 05:43:36.553,0.8572,0.85744,1.50,1.50
2011.01.13 05:43:37.421,0.85721,0.85744,1.50,1.50
2011.01.13 05:43:38.682,0.8572,0.85744,2.18,1.50
2011.01.13 05:43:43.292,0.85724,0.85744,1.50,1.50
2011.01.13 05:43:45.955,0.85723,0.85743,1.43,1.50
2011.01.13 05:43:48.391,0.85727,0.85753,1.50,1.50
2011.01.13 05:43:49.466,0.85727,0.85753,2.37,1.50
2011.01.13 05:43:50.310,0.8573,0.85753,1.43,1.50
2011.01.13 05:44:17.685,0.8573,0.85754,2.93,1.50
2011.01.13 05:44:21.935,0.85727,0.85754,2.18,1.50
2011.01.13 05:44:22.162,0.85726,0.85754,1.50,1.50
2011.01.13 05:44:22.917,0.85726,0.85754,1.50,1.88
2011.01.13 05:44:25.964,0.85726,0.85754,1.50,1.50
2011.01.13 05:44:26.076,0.85729,0.85754,1.50,1.50
2011.01.13 05:44:26.194,0.85727,0.85754,2.10,1.50
2011.01.13 05:44:26.763,0.85727,0.85754,3.53,1.50
2011.01.13 05:44:27.827,0.85727,0.85752,3.53,1.69
2011.01.13 05:44:27.945,0.85723,0.85752,2.18,1.69
2011.01.13 05:44:28.203,0.85723,0.85743,2.18,1.50
2011.01.13 05:44:28.888,0.85723,0.85754,2.78,2.44
2011.01.13 05:44:29.003,0.85725,0.85754,1.43,1.69
2011.01.13 05:44:29.956,0.85727,0.85754,2.10,1.69
2011.01.13 05:44:31.173,0.85727,0.85754,2.10,1.50
2011.01.13 05:44:31.283,0.85729,0.85754,1.50,1.50
2011.01.13 05:44:31.889,0.85728,0.85754,1.50,1.50
2011.01.13 05:44:32.265,0.85728,0.85753,1.50,4.17
2011.01.13 05:44:32.383,0.85726,0.85753,1.50,4.17
2011.01.13 05:44:33.031,0.85723,0.85753,1.50,3.57
2011.01.13 05:44:33.144,0.85722,0.85744,2.18,1.50
2011.01.13 05:44:35.446,0.85728,0.85744,1.50,1.50
2011.01.13 05:44:35.676,0.8573,0.85754,1.50,1.50
2011.01.13 05:44:37.178,0.8573,0.85754,2.18,1.50
2011.01.13 05:44:43.066,0.85735,0.85754,2.29,1.50
2011.01.13 05:44:43.185,0.85735,0.85754,2.78,1.50
2011.01.13 05:44:43.304,0.85733,0.85764,1.43,2.63
2011.01.13 05:44:43.862,0.85733,0.85753,1.43,1.50
2011.01.13 05:44:44.328,0.85731,0.85753,2.18,1.50
2011.01.13 05:44:46.652,0.85731,0.85753,2.18,1.50
2011.01.13 05:44:47.093,0.85727,0.85753,1.50,1.69
2011.01.13 05:44:51.208,0.85728,0.85753,1.50,1.50
2011.01.13 05:44:52.446,0.85729,0.85753,1.50,1.50
2011.01.13 05:44:53.797,0.85727,0.85753,1.50,1.69
2011.01.13 05:44:54.362,0.85727,0.85753,1.50,2.07
2011.01.13 05:44:55.177,0.85727,0.8575,1.50,1.13
2011.01.13 05:45:00.422,0.85727,0.85752,1.50,1.50
2011.01.13 05:45:00.753,0.85727,0.85753,3.00,1.88
2011.01.13 05:45:00.973,0.85729,0.85753,1.50,1.88
2011.01.13 05:45:05.462,0.85731,0.85754,2.10,2.63
2011.01.13 05:45:07.578,0.85731,0.85754,2.29,1.50
2011.01.13 05:45:07.913,0.85734,0.85754,2.10,1.88
2011.01.13 05:45:08.024,0.8573,0.85754,3.60,1.88
2011.01.13 05:45:08.132,0.85732,0.85754,1.50,1.88
2011.01.13 05:45:08.425,0.8573,0.85754,2.10,1.88
2011.01.13 05:45:10.422,0.85731,0.85754,1.50,1.88
2011.01.13 05:45:13.512,0.8573,0.85754,2.10,1.88
2011.01.13 05:45:13.733,0.8573,0.85754,2.10,2.82
2011.01.13 05:45:13.953,0.85727,0.85754,1.50,2.82
2011.01.13 05:45:14.502,0.85726,0.85753,3.00,2.07
2011.01.13 05:45:15.308,0.85726,0.85751,1.50,1.32
2011.01.13 05:45:23.381,0.85726,0.85753,1.50,1.50
2011.01.13 05:45:23.602,0.85726,0.85753,1.50,1.50
2011.01.13 05:45:24.698,0.85726,0.85753,1.50,1.13
2011.01.13 05:45:25.266,0.85726,0.85754,1.50,2.25
2011.01.13 05:45:26.408,0.85729,0.85754,1.50,1.50
2011.01.13 05:45:28.583,0.85728,0.85754,1.50,1.50
2011.01.13 05:45:30.049,0.85726,0.85754,1.50,1.69
2011.01.13 05:45:30.171,0.85726,0.85751,1.50,2.10
2011.01.13 05:45:32.752,0.85727,0.85751,1.50,2.10
2011.01.13 05:45:40.902,0.85722,0.85743,1.50,1.50
2011.01.13 05:45:41.194,0.8572,0.85743,1.50,1.50
2011.01.13 05:45:42.163,0.85717,0.85743,1.50,1.50
2011.01.13 05:45:43.944,0.85719,0.85743,1.50,1.50
2011.01.13 05:45:51.614,0.85719,0.85743,1.69,1.50
2011.01.13 05:45:52.170,0.85724,0.85743,1.50,1.50
2011.01.13 05:45:53.020,0.85725,0.85743,2.10,1.50
2011.01.13 05:45:54.129,0.85724,0.85743,2.10,1.50
2011.01.13 05:45:54.847,0.85722,0.85743,2.18,1.50
2011.01.13 05:45:55.919,0.85722,0.85743,1.50,1.50
2011.01.13 05:45:59.173,0.85719,0.85743,1.43,1.50
2011.01.13 05:46:09.061,0.8572,0.85743,2.37,1.50
2011.01.13 05:46:09.861,0.85727,0.85751,1.50,3.04
2011.01.13 05:46:16.692,0.85727,0.8575,1.50,2.10
2011.01.13 05:46:17.562,0.85727,0.85751,1.50,2.85
2011.01.13 05:46:26.921,0.85727,0.85753,1.50,3.60
2011.01.13 05:46:28.129,0.85727,0.85753,1.50,4.35
2011.01.13 05:46:32.823,0.85726,0.85753,1.50,2.85
2011.01.13 05:46:47.674,0.85727,0.85753,1.50,4.50
2011.01.13 05:47:01.566,0.85727,0.85752,1.88,2.85
2011.01.13 05:47:04.746,0.85727,0.85752,1.50,2.85
2011.01.13 05:47:07.221,0.85721,0.85743,1.43,1.50
2011.01.13 05:47:07.463,0.85726,0.85752,1.50,2.85
2011.01.13 05:47:09.415,0.85721,0.85744,2.18,1.50
2011.01.13 05:47:09.541,0.85718,0.85744,1.50,1.50
2011.01.13 05:47:13.874,0.85715,0.85744,1.88,1.50
2011.01.13 05:47:14.422,0.85717,0.85743,1.88,1.50
2011.01.13 05:47:22.744,0.85717,0.85742,1.88,1.32
2011.01.13 05:47:23.414,0.85714,0.85733,1.88,1.50
2011.01.13 05:47:24.863,0.85717,0.85743,1.88,3.00
2011.01.13 05:47:34.984,0.85717,0.85743,1.88,2.25
2011.01.13 05:47:46.794,0.85716,0.85744,1.50,2.44
2011.01.13 05:47:47.443,0.85716,0.85742,1.50,1.69
2011.01.13 05:47:48.015,0.85717,0.85737,1.50,2.29
2011.01.13 05:47:48.135,0.85709,0.85737,1.50,3.04
2011.01.13 05:47:48.755,0.85709,0.85733,1.50,1.50
2011.01.13 05:47:53.334,0.85707,0.85733,1.50,1.69
2011.01.13 05:47:53.444,0.85707,0.85733,1.50,2.07
2011.01.13 05:47:53.775,0.857,0.85725,1.50,1.69
2011.01.13 05:47:54.347,0.85694,0.8572,1.50,3.79
2011.01.13 05:47:54.465,0.85689,0.85718,1.50,2.85
2011.01.13 05:47:54.584,0.85692,0.85718,1.50,2.85
2011.01.13 05:47:54.913,0.85692,0.85713,1.50,1.50
2011.01.13 05:47:55.244,0.85697,0.85721,1.50,2.10
2011.01.13 05:47:57.914,0.85697,0.85723,1.50,1.50
2011.01.13 05:47:58.603,0.85698,0.85723,1.43,1.50
2011.01.13 05:48:02.914,0.85698,0.85723,3.79,1.50
2011.01.13 05:48:03.136,0.85703,0.85734,2.78,2.25
2011.01.13 05:48:03.366,0.85706,0.85734,1.50,2.44
2011.01.13 05:48:08.972,0.85706,0.85729,1.50,2.10
2011.01.13 05:48:09.307,0.857,0.85723,1.50,2.10
2011.01.13 05:48:10.010,0.8569,0.8572,2.93,2.10
2011.01.13 05:48:10.130,0.85692,0.85713,2.25,1.50
2011.01.13 05:48:10.244,0.85697,0.85722,1.50,2.10
2011.01.13 05:48:10.793,0.85697,0.85723,1.50,1.50
2011.01.13 05:48:12.746,0.85697,0.85722,3.68,2.10
2011.01.13 05:48:13.574,0.85697,0.85723,3.68,1.50
2011.01.13 05:48:19.471,0.85698,0.85723,1.50,1.50
2011.01.13 05:48:25.344,0.85698,0.85723,2.18,1.50
2011.01.13 05:48:25.893,0.85701,0.85723,1.43,1.50
2011.01.13 05:48:29.133,0.85707,0.8573,1.50,2.10
2011.01.13 05:48:34.473,0.85707,0.85729,1.50,2.10
2011.01.13 05:48:34.586,0.85707,0.85727,1.50,2.10
2011.01.13 05:48:37.986,0.85707,0.8573,1.50,2.10
2011.01.13 05:48:39.092,0.85707,0.85729,1.50,2.10
2011.01.13 05:48:40.773,0.85707,0.85727,1.50,2.10
2011.01.13 05:48:42.246,0.85707,0.85732,1.50,2.48
2011.01.13 05:48:42.363,0.85707,0.85728,1.50,2.10
2011.01.13 05:48:42.473,0.85707,0.8573,1.50,2.10
2011.01.13 05:48:43.421,0.85707,0.85729,1.50,2.10
2011.01.13 05:48:45.818,0.85707,0.85728,1.50,2.10
2011.01.13 05:48:46.402,0.85707,0.85727,1.50,2.10
2011.01.13 05:48:48.902,0.85707,0.85727,1.50,2.48
2011.01.13 05:48:49.347,0.85696,0.85724,2.18,1.88
2011.01.13 05:48:49.464,0.85696,0.85724,2.18,1.88
2011.01.13 05:48:52.288,0.85696,0.85724,2.37,1.50
2011.01.13 05:48:52.835,0.85697,0.85724,3.12,1.50
2011.01.13 05:48:55.049,0.85701,0.85724,1.43,1.50
2011.01.13 05:49:14.255,0.85697,0.85724,1.50,3.04
2011.01.13 05:49:14.773,0.85697,0.85719,1.50,3.04
2011.01.13 05:49:15.004,0.85687,0.85714,2.18,1.50
2011.01.13 05:49:16.343,0.85687,0.85714,2.18,1.88
2011.01.13 05:49:16.795,0.85688,0.85714,1.43,3.60
2011.01.13 05:49:17.344,0.85689,0.85714,1.43,3.60
2011.01.13 05:49:18.604,0.85695,0.85714,2.10,1.50
2011.01.13 05:49:20.896,0.85692,0.85714,1.43,1.50
2011.01.13 05:49:21.814,0.8569,0.85714,1.43,1.50
2011.01.13 05:49:23.198,0.85697,0.85721,1.50,2.10
2011.01.13 05:49:23.532,0.85697,0.85723,1.50,3.60
2011.01.13 05:49:24.347,0.85697,0.85722,1.50,2.10
2011.01.13 05:49:25.180,0.85697,0.85723,1.50,3.60
2011.01.13 05:49:25.868,0.85697,0.85723,1.50,3.79
2011.01.13 05:49:25.993,0.85687,0.85712,1.50,2.10
2011.01.13 05:49:26.436,0.85686,0.85711,1.50,2.29
2011.01.13 05:49:26.556,0.85679,0.85709,1.43,2.29
2011.01.13 05:49:26.784,0.85679,0.85707,1.43,2.10
2011.01.13 05:49:27.112,0.85678,0.85703,1.05,1.50
2011.01.13 05:49:30.273,0.85682,0.85714,2.93,1.50
2011.01.13 05:49:30.493,0.85686,0.85714,1.50,1.50
2011.01.13 05:49:31.078,0.85686,0.85713,2.18,2.10
2011.01.13 05:49:31.644,0.85686,0.85714,2.18,1.50
2011.01.13 05:49:32.557,0.85689,0.85714,1.43,1.50
2011.01.13 05:49:33.443,0.8569,0.85714,1.43,1.50
2011.01.13 05:49:35.241,0.85687,0.85714,1.05,1.50
2011.01.13 05:49:35.463,0.85688,0.8572,2.18,2.85
2011.01.13 05:49:35.614,0.85697,0.8572,1.50,2.85
2011.01.13 05:49:36.271,0.85697,0.85719,1.50,1.50
2011.01.13 05:49:36.510,0.85686,0.85714,2.93,1.50
2011.01.13 05:49:37.309,0.85692,0.85714,2.10,1.50
2011.01.13 05:49:37.656,0.85691,0.85714,3.53,1.50
2011.01.13 05:49:40.482,0.85691,0.85713,1.43,1.50
2011.01.13 05:49:41.858,0.85696,0.85713,2.10,1.50
2011.01.13 05:49:50.763,0.85696,0.85724,3.60,2.63
2011.01.13 05:49:53.962,0.85696,0.85718,1.50,2.10
2011.01.13 05:49:54.322,0.85696,0.85716,1.50,2.10
2011.01.13 05:49:59.886,0.85691,0.85714,1.43,1.50
2011.01.13 05:50:05.193,0.85686,0.85714,2.37,1.88
2011.01.13 05:50:05.305,0.85687,0.85714,1.05,2.44
2011.01.13 05:50:05.415,0.85688,0.85714,2.85,1.50
2011.01.13 05:50:05.535,0.85687,0.85714,3.15,1.50
2011.01.13 05:50:06.071,0.85683,0.85714,2.29,3.00
2011.01.13 05:50:06.185,0.85686,0.85714,1.50,3.00
2011.01.13 05:50:17.342,0.85686,0.8571,1.50,2.10
2011.01.13 05:50:17.983,0.85686,0.85711,1.50,2.85
2011.01.13 05:50:18.784,0.85686,0.8571,1.50,2.10
2011.01.13 05:50:19.591,0.85686,0.85711,1.50,2.85
2011.01.13 05:50:21.593,0.85686,0.8571,1.50,2.10
2011.01.13 05:50:23.226,0.85686,0.85711,1.50,2.85
2011.01.13 05:50:24.542,0.85686,0.8571,1.50,2.10
2011.01.13 05:50:29.993,0.85697,0.85714,1.50,2.85
2011.01.13 05:50:38.234,0.85697,0.85711,1.50,2.10
2011.01.13 05:50:38.457,0.85686,0.85706,3.00,2.29
2011.01.13 05:50:39.026,0.85687,0.85699,1.50,2.10
2011.01.13 05:50:39.373,0.85687,0.857,1.50,3.60
2011.01.13 05:50:41.694,0.85687,0.85696,1.50,2.10
2011.01.13 05:50:41.805,0.85676,0.85693,1.50,2.10
2011.01.13 05:50:41.924,0.85676,0.85697,1.50,2.85
2011.01.13 05:50:42.647,0.85676,0.85699,1.50,2.10
2011.01.13 05:50:42.771,0.85687,0.85699,1.50,2.10
2011.01.13 05:50:44.024,0.85687,0.857,1.50,2.10
2011.01.13 05:50:44.640,0.85687,0.85698,1.50,2.10
2011.01.13 05:50:54.528,0.85687,0.85702,1.50,2.10
2011.01.13 05:50:54.649,0.85687,0.85704,1.50,2.85
2011.01.13 05:50:55.384,0.85687,0.85702,1.50,1.50
2011.01.13 05:50:56.525,0.85678,0.85702,2.48,1.50
2011.01.13 05:50:57.086,0.85677,0.85699,1.88,2.10
2011.01.13 05:50:57.204,0.85687,0.85699,1.50,2.10
2011.01.13 05:50:58.948,0.85687,0.85697,1.50,2.10
2011.01.13 05:51:00.044,0.85687,0.85705,1.50,1.50
2011.01.13 05:51:00.373,0.85681,0.85705,1.50,1.50
2011.01.13 05:51:00.483,0.85686,0.85706,1.50,2.85
2011.01.13 05:51:01.034,0.85686,0.85707,1.88,1.50
2011.01.13 05:51:01.649,0.85686,0.85709,1.88,1.50
2011.01.13 05:51:04.685,0.85686,0.85711,1.88,3.60
2011.01.13 05:51:05.093,0.85696,0.85711,1.50,1.50
2011.01.13 05:51:05.753,0.85687,0.85702,1.88,2.10
2011.01.13 05:51:06.276,0.85687,0.85703,1.88,2.10
2011.01.13 05:51:07.084,0.85687,0.85704,1.88,2.10
2011.01.13 05:51:07.196,0.85687,0.85702,1.88,2.10
2011.01.13 05:51:09.625,0.85687,0.85704,1.88,2.10
2011.01.13 05:51:10.219,0.85687,0.85703,1.88,2.10
2011.01.13 05:51:13.544,0.85687,0.85704,1.88,2.10
2011.01.13 05:51:17.593,0.85687,0.85703,1.88,2.10
2011.01.13 05:51:30.273,0.85686,0.85705,1.88,2.10
2011.01.13 05:51:31.319,0.85686,0.85704,1.50,2.10
2011.01.13 05:51:39.484,0.85686,0.85702,1.50,2.10
2011.01.13 05:51:39.814,0.85686,0.85701,1.50,2.85
2011.01.13 05:51:39.923,0.85677,0.85701,1.88,2.85
2011.01.13 05:51:41.896,0.85679,0.857,1.50,2.10
2011.01.13 05:51:42.621,0.85677,0.85696,1.88,2.10
2011.01.13 05:51:43.789,0.85677,0.85698,1.88,2.10
2011.01.13 05:51:44.017,0.85678,0.85699,1.69,2.10
2011.01.13 05:51:44.354,0.85681,0.85704,1.88,1.50
2011.01.13 05:51:45.482,0.85681,0.85704,1.50,1.50
2011.01.13 05:51:48.714,0.85676,0.85701,3.38,2.10
2011.01.13 05:51:50.125,0.85676,0.85702,3.38,1.13
2011.01.13 05:51:50.835,0.85673,0.85697,1.88,2.07
2011.01.13 05:51:51.520,0.85673,0.85694,1.88,1.50
2011.01.13 05:51:52.263,0.85672,0.85694,1.88,3.00
2011.01.13 05:51:52.484,0.85676,0.85698,1.88,1.50
2011.01.13 05:51:52.595,0.85676,0.857,1.88,3.60
2011.01.13 05:51:53.431,0.85678,0.85701,1.88,1.50
2011.01.13 05:52:04.256,0.85677,0.85704,1.88,5.10
2011.01.13 05:52:04.484,0.85679,0.85704,1.88,3.00
2011.01.13 05:52:04.925,0.85679,0.85704,1.88,2.25
2011.01.13 05:52:05.479,0.85679,0.85704,1.50,2.25
2011.01.13 05:52:06.032,0.85678,0.85704,1.88,2.25
2011.01.13 05:52:06.423,0.85678,0.85704,1.88,5.10
2011.01.13 05:52:07.073,0.85678,0.85704,1.88,5.29
2011.01.13 05:52:07.779,0.85676,0.85701,3.38,1.69
2011.01.13 05:52:08.114,0.85676,0.85696,1.88,1.50
2011.01.13 05:52:09.360,0.85676,0.85695,1.88,1.69
2011.01.13 05:52:09.914,0.85666,0.85694,3.57,3.00
2011.01.13 05:52:17.265,0.85667,0.85691,1.88,3.79
2011.01.13 05:52:19.863,0.85667,0.85691,1.88,4.54
2011.01.13 05:52:21.644,0.85667,0.85688,1.88,1.69
2011.01.13 05:52:23.655,0.85667,0.85691,1.88,1.50
2011.01.13 05:52:23.765,0.85667,0.8569,1.50,2.85
2011.01.13 05:52:24.249,0.85667,0.85679,1.50,2.10
2011.01.13 05:52:24.597,0.85657,0.85679,1.50,2.10
2011.01.13 05:52:24.717,0.85656,0.85684,1.50,2.44
2011.01.13 05:52:24.836,0.85656,0.85684,1.88,2.25
2011.01.13 05:52:25.175,0.85656,0.85679,1.50,2.07
2011.01.13 05:52:25.776,0.85654,0.85673,2.10,1.50
2011.01.13 05:52:26.007,0.85652,0.85673,2.10,1.50
2011.01.13 05:52:26.124,0.85652,0.85673,2.67,1.50
2011.01.13 05:52:27.303,0.85657,0.85673,2.10,1.50
2011.01.13 05:52:28.732,0.85652,0.85673,2.29,1.50
2011.01.13 05:52:29.172,0.85651,0.85673,2.07,1.50
2011.01.13 05:52:29.719,0.85651,0.85673,4.17,1.50
2011.01.13 05:52:31.802,0.85652,0.85672,2.74,2.10
2011.01.13 05:52:32.491,0.85652,0.85673,2.74,1.50
2011.01.13 05:52:34.545,0.85648,0.85673,1.88,1.69
2011.01.13 05:52:34.664,0.85648,0.85673,1.50,1.69
2011.01.13 05:52:35.425,0.85649,0.85673,1.50,1.69
2011.01.13 05:52:35.541,0.85648,0.85665,1.50,2.10
2011.01.13 05:52:36.124,0.85647,0.85665,3.38,2.10
2011.01.13 05:52:38.234,0.85647,0.85667,2.82,2.10
2011.01.13 05:52:38.791,0.85647,0.85668,2.44,3.60
2011.01.13 05:52:39.362,0.85647,0.85662,1.50,2.10
2011.01.13 05:52:39.704,0.85637,0.85653,1.88,2.10
2011.01.13 05:52:40.371,0.85637,0.85648,1.88,2.10
2011.01.13 05:52:43.027,0.85637,0.85649,1.88,2.10
2011.01.13 05:52:43.254,0.85637,0.85659,1.88,1.50
2011.01.13 05:52:43.837,0.85637,0.85659,1.88,1.50
2011.01.13 05:52:43.957,0.85637,0.85661,1.88,1.13
2011.01.13 05:52:44.186,0.85637,0.85663,1.88,2.25
2011.01.13 05:52:44.888,0.85638,0.85663,1.88,2.25
2011.01.13 05:52:45.010,0.85632,0.85653,1.88,1.50
2011.01.13 05:52:48.585,0.85636,0.85662,1.88,1.32
2011.01.13 05:52:48.694,0.85636,0.85659,1.88,1.50
2011.01.13 05:52:50.506,0.85636,0.85657,1.88,2.85
2011.01.13 05:52:51.976,0.8563,0.85654,1.88,3.60
2011.01.13 05:52:54.797,0.85628,0.85654,2.07,3.00
2011.01.13 05:52:55.145,0.85631,0.85654,2.07,3.60
2011.01.13 05:53:00.737,0.85629,0.85651,2.48,1.50
2011.01.13 05:53:00.965,0.85629,0.85654,2.67,2.25
2011.01.13 05:53:01.938,0.85631,0.85649,1.88,2.10
2011.01.13 05:53:02.334,0.85631,0.85653,1.88,2.85
2011.01.13 05:53:02.889,0.85631,0.85653,1.88,2.85
2011.01.13 05:53:03.784,0.85631,0.85653,1.88,2.10
2011.01.13 05:53:03.894,0.8563,0.8565,1.69,2.10
2011.01.13 05:53:04.417,0.8563,0.85649,1.69,2.10
2011.01.13 05:53:05.113,0.85628,0.85653,1.69,2.10
2011.01.13 05:53:06.067,0.8563,0.85654,2.29,1.50
2011.01.13 05:53:08.535,0.85628,0.85654,3.60,1.50
2011.01.13 05:53:11.934,0.85629,0.85654,2.29,1.50
2011.01.13 05:53:18.279,0.85635,0.85653,1.50,1.50
2011.01.13 05:53:18.393,0.85636,0.8566,1.50,1.50
2011.01.13 05:53:18.863,0.85636,0.85661,1.88,1.50
2011.01.13 05:53:22.342,0.85636,0.85661,1.88,1.50
2011.01.13 05:53:25.064,0.85636,0.85661,1.50,1.50
2011.01.13 05:53:27.224,0.85636,0.85663,1.50,1.50
2011.01.13 05:53:27.810,0.85636,0.85663,1.50,1.50
2011.01.13 05:53:29.733,0.85636,0.85662,1.88,1.50
2011.01.13 05:53:30.554,0.85636,0.85663,1.88,1.50
2011.01.13 05:53:33.626,0.85636,0.85663,1.88,1.50
2011.01.13 05:53:33.974,0.85637,0.85664,1.88,2.82
2011.01.13 05:53:34.304,0.85636,0.85664,3.38,2.82
2011.01.13 05:53:35.536,0.85636,0.85663,1.88,1.88
2011.01.13 05:53:36.694,0.85631,0.85661,1.88,3.60
2011.01.13 05:53:37.607,0.85636,0.85661,1.88,1.50
2011.01.13 05:53:37.721,0.85636,0.85662,1.88,1.50
2011.01.13 05:53:38.867,0.85636,0.85663,1.88,2.10
2011.01.13 05:53:46.128,0.85636,0.85664,1.88,2.25
2011.01.13 05:53:50.139,0.85636,0.85664,1.50,2.25
2011.01.13 05:53:54.486,0.85636,0.85664,1.50,2.44
2011.01.13 05:53:55.138,0.85637,0.85663,1.50,1.69
2011.01.13 05:53:56.000,0.85637,0.85663,1.88,1.69
2011.01.13 05:53:58.107,0.85637,0.85663,1.88,1.50
2011.01.13 05:54:02.774,0.85636,0.85664,1.88,2.25
2011.01.13 05:54:05.088,0.85635,0.85654,1.05,1.50
2011.01.13 05:54:12.815,0.85637,0.85663,1.88,2.44
2011.01.13 05:54:17.620,0.85637,0.85663,2.07,1.50
2011.01.13 05:54:20.914,0.85638,0.85663,1.32,1.50
2011.01.13 05:54:35.179,0.85639,0.85663,2.74,1.50
2011.01.13 05:54:38.497,0.85641,0.85663,2.37,1.50
2011.01.13 05:54:39.178,0.85643,0.85663,1.05,1.50
2011.01.13 05:54:39.297,0.8564,0.85663,1.62,1.50
2011.01.13 05:54:47.016,0.85643,0.85663,1.43,1.50
2011.01.13 05:54:47.650,0.85644,0.85674,1.24,1.69
2011.01.13 05:54:53.876,0.85647,0.85673,1.88,1.50
2011.01.13 05:55:08.473,0.85646,0.85673,1.50,2.25
2011.01.13 05:55:17.016,0.85646,0.85673,1.50,2.63
2011.01.13 05:55:17.743,0.85647,0.85672,1.50,1.50
2011.01.13 05:55:24.712,0.85647,0.85673,1.50,3.94
2011.01.13 05:55:28.215,0.85647,0.85673,1.88,3.94
2011.01.13 05:55:28.436,0.85647,0.8567,1.88,1.69
2011.01.13 05:55:28.764,0.85639,0.85663,1.24,1.50
2011.01.13 05:55:29.496,0.85648,0.85663,1.32,1.50
2011.01.13 05:55:30.139,0.85647,0.85674,1.32,2.25
2011.01.13 05:55:31.087,0.85647,0.85671,1.69,2.10
2011.01.13 05:55:31.431,0.85648,0.85674,1.32,2.25
2011.01.13 05:55:32.615,0.85646,0.85674,2.07,2.44
2011.01.13 05:55:33.374,0.85646,0.85672,3.38,1.69
2011.01.13 05:55:33.705,0.85646,0.85673,1.88,2.44
2011.01.13 05:55:33.815,0.85643,0.85663,4.17,1.50
2011.01.13 05:55:37.497,0.85646,0.85674,4.47,2.25
2011.01.13 05:55:42.885,0.85647,0.85674,1.39,2.25
2011.01.13 05:55:49.207,0.85647,0.85669,1.32,2.10
2011.01.13 05:55:50.145,0.8565,0.85669,1.32,2.10
2011.01.13 05:55:52.915,0.8565,0.85672,1.32,2.10
2011.01.13 05:55:55.324,0.8565,0.85669,1.32,2.10
2011.01.13 05:55:56.414,0.8565,0.85672,1.32,2.10
2011.01.13 05:56:03.304,0.8565,0.8567,1.32,2.10
2011.01.13 05:56:08.045,0.8565,0.85673,1.32,3.60
2011.01.13 05:56:09.123,0.85648,0.85672,1.32,2.10
2011.01.13 05:56:12.974,0.85648,0.8567,1.39,2.10
2011.01.13 05:56:13.943,0.85648,0.85672,1.39,2.10
2011.01.13 05:56:23.634,0.85648,0.85671,1.32,2.10
2011.01.13 05:56:23.746,0.85648,0.85669,1.32,2.10
2011.01.13 05:56:23.964,0.85646,0.85673,2.07,1.69
2011.01.13 05:56:24.649,0.85646,0.8567,2.07,2.10
2011.01.13 05:56:25.333,0.85646,0.8567,2.07,2.85
2011.01.13 05:56:25.556,0.85646,0.85666,1.88,2.10
2011.01.13 05:56:26.124,0.8564,0.85664,1.32,1.50
2011.01.13 05:56:27.646,0.85648,0.85664,1.32,1.50
2011.01.13 05:56:27.974,0.85648,0.85669,1.32,2.85
2011.01.13 05:56:28.305,0.85647,0.85671,2.44,2.10
2011.01.13 05:56:29.066,0.85647,0.85673,2.44,1.50
2011.01.13 05:56:30.425,0.85647,0.85673,1.69,3.19
2011.01.13 05:56:31.545,0.85647,0.85671,1.50,2.82
2011.01.13 05:56:31.875,0.8564,0.85663,2.29,1.50
2011.01.13 05:56:32.835,0.85638,0.85663,1.62,1.50
2011.01.13 05:56:33.164,0.85639,0.85663,3.04,1.50
2011.01.13 05:56:33.276,0.8564,0.85663,3.04,1.50
2011.01.13 05:56:34.188,0.85643,0.85663,1.32,1.50
2011.01.13 05:56:34.745,0.85643,0.85663,1.32,1.50
2011.01.13 05:56:35.745,0.85646,0.85674,2.07,4.69
2011.01.13 05:56:37.242,0.85648,0.85674,1.32,1.50
2011.01.13 05:56:47.929,0.85646,0.85671,2.44,2.10
2011.01.13 05:56:48.706,0.8565,0.85672,1.32,2.85
2011.01.13 05:56:49.045,0.85648,0.8567,1.32,2.10
2011.01.13 05:56:50.578,0.85646,0.8567,1.69,2.10
2011.01.13 05:56:50.714,0.85646,0.85656,1.50,2.10
2011.01.13 05:56:50.937,0.85636,0.85658,1.50,2.44
2011.01.13 05:56:51.524,0.85626,0.85648,2.44,2.10
2011.01.13 05:56:51.955,0.85626,0.85648,1.69,2.10
2011.01.13 05:56:52.870,0.85626,0.85651,1.69,2.10
2011.01.13 05:56:55.169,0.85626,0.85649,1.69,2.10
2011.01.13 05:56:57.866,0.85626,0.85651,1.69,2.10
2011.01.13 05:57:03.145,0.85626,0.8565,1.69,2.10
2011.01.13 05:57:06.075,0.85626,0.85649,1.69,2.10
2011.01.13 05:57:13.165,0.85627,0.85647,1.69,2.10
2011.01.13 05:57:18.282,0.85627,0.85647,1.50,2.10
2011.01.13 05:57:22.797,0.85627,0.85648,1.50,2.85
2011.01.13 05:57:23.394,0.85627,0.85647,1.50,2.10
2011.01.13 05:57:28.425,0.85627,0.85651,1.50,1.69
2011.01.13 05:57:29.234,0.85627,0.85651,1.69,2.85
2011.01.13 05:57:30.046,0.85627,0.85651,2.44,2.10
2011.01.13 05:57:30.567,0.85627,0.85653,2.44,2.44
2011.01.13 05:57:31.348,0.85627,0.85653,2.44,2.44
2011.01.13 05:57:40.501,0.85627,0.85653,2.07,2.44
2011.01.13 05:57:41.504,0.85627,0.85653,2.07,1.69
2011.01.13 05:57:42.769,0.85636,0.85661,1.50,1.69
2011.01.13 05:57:42.885,0.85636,0.85661,1.88,1.69
2011.01.13 05:57:44.131,0.85636,0.85661,1.88,1.69
2011.01.13 05:57:44.577,0.85636,0.85661,1.50,1.69
2011.01.13 05:57:49.703,0.85636,0.8566,1.88,2.44
2011.01.13 05:57:49.822,0.85636,0.85664,2.07,2.44
2011.01.13 05:57:49.935,0.8564,0.85664,2.10,2.44
2011.01.13 05:57:51.069,0.85646,0.85664,2.10,2.44
2011.01.13 05:57:51.636,0.85641,0.85664,1.05,2.44
2011.01.13 05:57:51.751,0.85646,0.85664,2.10,1.69
2011.01.13 05:57:58.294,0.85647,0.85664,2.48,1.69
2011.01.13 05:57:58.626,0.85652,0.85664,2.10,1.50
2011.01.13 05:57:59.209,0.85657,0.85673,2.10,1.50
2011.01.13 05:57:59.986,0.85662,0.85673,2.10,1.50
2011.01.13 05:58:00.685,0.85667,0.85684,2.10,1.50
2011.01.13 05:58:01.655,0.85667,0.85688,3.60,2.25
2011.01.13 05:58:01.995,0.85664,0.85683,2.10,1.50
2011.01.13 05:58:02.328,0.85661,0.85683,2.78,1.50
2011.01.13 05:58:03.795,0.8566,0.85683,1.43,1.50
2011.01.13 05:58:04.015,0.85659,0.85681,1.43,1.50
2011.01.13 05:58:04.533,0.85659,0.85682,1.43,1.50
2011.01.13 05:58:05.607,0.85659,0.85673,1.43,1.50
2011.01.13 05:58:07.744,0.85662,0.85683,1.43,1.50
2011.01.13 05:58:08.075,0.85666,0.85687,1.50,2.25
2011.01.13 05:58:08.626,0.85666,0.8569,2.18,2.25
2011.01.13 05:58:09.895,0.85666,0.85688,1.50,2.25
2011.01.13 05:58:13.823,0.85666,0.85689,1.50,2.25
2011.01.13 05:58:14.657,0.85666,0.85689,1.50,2.25
2011.01.13 05:58:15.655,0.85666,0.85689,3.49,2.25
2011.01.13 05:58:16.214,0.85672,0.85698,1.62,2.25
2011.01.13 05:58:17.366,0.85677,0.85698,1.50,2.25
2011.01.13 05:58:17.906,0.85677,0.85697,1.50,2.25
2011.01.13 05:58:19.885,0.85677,0.85694,1.50,2.25
2011.01.13 05:58:20.553,0.85677,0.85694,1.50,2.25
2011.01.13 05:58:22.930,0.85677,0.85694,1.50,2.25
2011.01.13 05:58:24.006,0.85677,0.85693,1.50,2.25
2011.01.13 05:58:24.556,0.85677,0.85697,1.50,2.25
2011.01.13 05:58:25.108,0.85677,0.85693,1.50,1.50
2011.01.13 05:58:25.993,0.85677,0.85693,1.50,1.50
2011.01.13 05:58:26.787,0.85667,0.85692,1.50,2.25
2011.01.13 05:58:27.456,0.85667,0.85688,1.50,3.04
2011.01.13 05:58:28.376,0.85667,0.85692,1.50,2.63
2011.01.13 05:58:28.486,0.85667,0.85692,1.69,1.88
2011.01.13 05:58:31.773,0.85667,0.85692,3.79,1.13
2011.01.13 05:58:32.441,0.85667,0.85692,3.79,1.13
2011.01.13 05:58:33.227,0.85667,0.85692,4.54,1.13
2011.01.13 05:58:34.000,0.85667,0.85692,4.54,1.13
2011.01.13 05:58:36.022,0.85667,0.85692,4.54,1.13
2011.01.13 05:58:39.154,0.85667,0.85692,2.44,1.13
2011.01.13 05:58:39.356,0.85667,0.85692,2.44,1.32
2011.01.13 05:58:39.956,0.85667,0.85692,1.69,1.13
2011.01.13 05:58:42.010,0.85667,0.85692,1.69,1.13
2011.01.13 05:58:43.008,0.85667,0.85692,1.69,1.13
2011.01.13 05:58:43.348,0.85667,0.85682,1.50,2.10
2011.01.13 05:58:43.467,0.85667,0.85688,1.50,2.44
2011.01.13 05:58:43.794,0.85667,0.85682,1.50,2.10
2011.01.13 05:58:44.124,0.85656,0.85682,1.50,2.10
2011.01.13 05:58:44.716,0.85657,0.85681,1.50,1.50
2011.01.13 05:58:45.785,0.85657,0.8568,1.50,3.04
2011.01.13 05:58:46.843,0.85657,0.85678,1.50,1.50
2011.01.13 05:58:47.284,0.85646,0.85674,2.18,1.50
2011.01.13 05:58:50.741,0.85647,0.85674,1.24,1.50
2011.01.13 05:58:51.367,0.85656,0.85679,1.50,2.85
2011.01.13 05:58:51.806,0.85656,0.85681,1.50,1.69
2011.01.13 05:58:54.026,0.85656,0.85679,1.50,2.10
2011.01.13 05:58:54.136,0.85656,0.85682,1.50,1.50
2011.01.13 05:58:56.625,0.85656,0.85683,1.50,2.85
2011.01.13 05:58:57.571,0.85656,0.85682,1.50,1.50
2011.01.13 05:58:57.797,0.85656,0.85681,1.50,3.04
2011.01.13 05:58:58.796,0.85656,0.85679,1.50,1.32
2011.01.13 05:58:59.125,0.85647,0.85673,2.18,1.50
2011.01.13 05:59:21.625,0.85648,0.85673,1.99,1.50
2011.01.13 05:59:21.848,0.85657,0.85682,1.50,2.25
2011.01.13 05:59:22.186,0.85657,0.85682,1.50,1.50
2011.01.13 05:59:22.831,0.85657,0.85677,1.50,1.69
2011.01.13 05:59:23.306,0.85651,0.85674,1.80,1.50
2011.01.13 05:59:24.448,0.85651,0.85674,1.43,1.50
2011.01.13 05:59:25.237,0.85652,0.85674,2.10,1.69
2011.01.13 05:59:25.344,0.85647,0.85674,1.05,1.69
2011.01.13 05:59:25.936,0.85647,0.85674,1.05,2.44
2011.01.13 05:59:26.499,0.85647,0.85674,1.05,1.69
2011.01.13 05:59:28.309,0.85646,0.85674,3.98,1.69
2011.01.13 05:59:35.720,0.85648,0.85674,1.32,2.25
2011.01.13 05:59:35.948,0.8565,0.8568,2.29,2.18
2011.01.13 05:59:36.589,0.85656,0.85682,1.88,1.69
2011.01.13 05:59:39.527,0.85656,0.8568,1.50,1.50
2011.01.13 05:59:40.215,0.85656,0.8568,1.50,4.54
2011.01.13 05:59:42.854,0.85646,0.85674,2.93,1.50
2011.01.13 05:59:44.155,0.85646,0.85674,1.50,2.25
2011.01.13 05:59:45.161,0.85646,0.85674,1.88,2.25
2011.01.13 05:59:46.519,0.85646,0.85674,1.88,2.25
2011.01.13 05:59:48.326,0.85646,0.85674,2.25,5.67
2011.01.13 05:59:48.436,0.85646,0.85674,1.88,4.92
2011.01.13 05:59:49.119,0.85641,0.85664,1.05,1.50
