2007.06.27 10:00:01.204,0.9963,0.9965,2.40,2.40
2007.06.27 10:00:01.482,0.99625,0.9965,5.60,2.40
2007.06.27 10:00:04.721,0.9962,0.9965,8.80,8.00
2007.06.27 10:00:04.956,0.9962,0.9965,4.80,12.00
2007.06.27 10:00:20.691,0.9963,0.9965,2.40,12.00
2007.06.27 10:00:21.609,0.9963,0.9965,2.40,8.00
2007.06.27 10:00:21.614,0.9963,0.9965,4.80,5.60
2007.06.27 10:00:21.644,0.9963,0.99655,4.80,5.60
2007.06.27 10:00:21.990,0.9963,0.99655,2.40,5.60
2007.06.27 10:00:22.126,0.9962,0.9965,16.80,2.40
2007.06.27 10:00:22.250,0.9962,0.9965,17.60,2.40
2007.06.27 10:00:23.171,0.9963,0.9965,2.40,2.40
2007.06.27 10:00:23.672,0.9963,0.99655,4.80,5.60
2007.06.27 10:00:24.781,0.9963,0.9966,4.80,16.80
2007.06.27 10:00:26.696,0.9963,0.9965,2.40,2.40
2007.06.27 10:00:27.220,0.9963,0.9966,4.80,16.80
2007.06.27 10:00:32.784,0.9963,0.9967,4.80,39.10
2007.06.27 10:00:42.779,0.9963,0.9967,19.10,22.40
2007.06.27 10:00:43.142,0.9963,0.9966,16.70,19.20
2007.06.27 10:00:43.302,0.9963,0.9966,2.40,19.20
2007.06.27 10:00:43.704,0.9963,0.9967,4.80,39.90
2007.06.27 10:00:43.817,0.9963,0.9967,19.10,20.80
2007.06.27 10:00:43.827,0.9963,0.9966,19.10,0.90
2007.06.27 10:00:44.339,0.9963,0.9967,23.90,20.80
2007.06.27 10:00:44.524,0.9963,0.9967,24.70,21.60
2007.06.27 10:00:44.569,0.9963,0.99665,31.10,14.40
2007.06.27 10:00:44.692,0.9963,0.9966,35.90,0.60
2007.06.27 10:00:45.082,0.99635,0.99665,5.60,10.40
2007.06.27 10:00:46.373,0.99635,0.9966,5.60,0.90
2007.06.27 10:00:46.778,0.9964,0.9966,2.40,0.60
2007.06.27 10:00:46.862,0.99635,0.9966,5.60,0.60
2007.06.27 10:00:47.280,0.9964,0.9966,2.40,0.70
2007.06.27 10:00:47.505,0.9964,0.9966,4.80,0.60
2007.06.27 10:00:47.610,0.9964,0.99665,2.40,8.00
2007.06.27 10:00:47.832,0.9964,0.9966,2.40,0.60
2007.06.27 10:00:48.136,0.9964,0.99665,4.80,8.00
2007.06.27 10:00:48.183,0.9964,0.99665,2.40,8.00
2007.06.27 10:00:48.758,0.9964,0.9967,2.40,31.90
2007.06.27 10:00:50.826,0.9964,0.99665,0.50,0.90
2007.06.27 10:00:51.642,0.9963,0.99665,37.50,8.00
2007.06.27 10:00:51.756,0.9963,0.99665,34.30,10.40
2007.06.27 10:00:52.676,0.99635,0.99665,8.00,8.00
2007.06.27 10:00:53.706,0.9964,0.99665,0.90,0.60
2007.06.27 10:00:54.126,0.99635,0.99665,0.80,0.50
2007.06.27 10:00:54.218,0.9963,0.99665,39.10,8.00
2007.06.27 10:00:54.316,0.99635,0.9966,0.60,0.80
2007.06.27 10:00:56.044,0.9962,0.99665,45.50,10.40
2007.06.27 10:00:56.064,0.9963,0.9966,0.70,0.80
2007.06.27 10:00:56.181,0.9963,0.99665,16.80,8.00
2007.06.27 10:00:56.380,0.9964,0.99665,0.80,0.70
2007.06.27 10:00:56.685,0.9962,0.99665,45.50,8.00
2007.06.27 10:00:56.696,0.9963,0.9966,0.90,0.80
2007.06.27 10:00:56.798,0.9962,0.99665,43.90,10.40
2007.06.27 10:01:00.778,0.9962,0.99665,43.90,14.40
2007.06.27 10:01:00.886,0.99625,0.9967,10.40,33.50
2007.06.27 10:01:01.310,0.99625,0.9966,14.40,10.40
2007.06.27 10:01:01.426,0.9963,0.9966,2.70,4.80
2007.06.27 10:01:01.746,0.9963,0.9966,3.70,4.80
2007.06.27 10:01:01.821,0.9963,0.9966,14.00,2.40
2007.06.27 10:01:03.239,0.9963,0.9966,35.90,2.40
2007.06.27 10:01:03.740,0.9964,0.9966,0.80,2.40
2007.06.27 10:01:04.240,0.9963,0.9966,35.90,2.40
2007.06.27 10:01:04.611,0.99635,0.9966,8.00,2.40
2007.06.27 10:01:04.717,0.9964,0.99665,1.00,5.60
2007.06.27 10:01:06.152,0.99635,0.99665,2.50,5.60
2007.06.27 10:01:06.384,0.9963,0.9967,16.80,16.80
2007.06.27 10:01:06.567,0.99635,0.9967,1.60,17.60
2007.06.27 10:01:06.673,0.99635,0.9967,8.00,17.60
2007.06.27 10:01:06.885,0.9964,0.9967,1.10,16.80
2007.06.27 10:01:07.397,0.9964,0.9967,1.40,14.40
2007.06.27 10:01:07.881,0.99635,0.9967,14.40,10.40
2007.06.27 10:01:08.072,0.9964,0.9967,5.50,4.80
2007.06.27 10:01:10.457,0.9963,0.9967,20.00,7.20
2007.06.27 10:01:10.742,0.9963,0.9967,19.20,4.80
2007.06.27 10:01:12.363,0.9964,0.9967,4.60,2.40
2007.06.27 10:01:12.872,0.9963,0.9967,38.30,6.40
2007.06.27 10:01:12.899,0.9964,0.9967,1.20,8.80
2007.06.27 10:01:12.948,0.9964,0.9967,2.60,14.40
2007.06.27 10:01:13.300,0.99635,0.9967,12.80,12.00
2007.06.27 10:01:13.434,0.9963,0.9967,38.30,6.40
2007.06.27 10:01:13.500,0.9964,0.9967,7.10,2.40
2007.06.27 10:01:21.412,0.9964,0.99675,7.10,8.00
2007.06.27 10:01:21.952,0.99645,0.9967,5.60,0.90
2007.06.27 10:01:22.298,0.99645,0.9968,5.60,35.90
2007.06.27 10:01:22.472,0.9964,0.99675,14.40,10.40
2007.06.27 10:01:23.478,0.9964,0.99675,10.40,14.40
2007.06.27 10:01:23.513,0.9964,0.9968,4.80,35.90
2007.06.27 10:01:29.802,0.9964,0.9968,7.20,35.90
2007.06.27 10:01:30.304,0.9964,0.9968,8.00,35.90
2007.06.27 10:01:30.387,0.9964,0.9968,12.80,35.90
2007.06.27 10:01:30.440,0.9964,0.99675,19.20,8.00
2007.06.27 10:01:31.127,0.9965,0.99675,2.40,8.00
2007.06.27 10:01:31.238,0.9965,0.99675,2.40,0.50
2007.06.27 10:01:31.649,0.9964,0.99675,19.20,8.00
2007.06.27 10:01:31.751,0.9964,0.9967,16.80,0.70
2007.06.27 10:01:31.765,0.9964,0.99675,16.00,10.40
2007.06.27 10:01:31.846,0.9964,0.99675,15.20,10.40
2007.06.27 10:01:32.746,0.9964,0.9967,9.60,0.60
2007.06.27 10:01:32.755,0.9964,0.9968,4.80,35.90
2007.06.27 10:01:33.798,0.9964,0.9968,7.20,35.90
2007.06.27 10:01:34.322,0.9964,0.9967,8.00,0.70
2007.06.27 10:01:34.553,0.9964,0.9968,8.80,35.90
2007.06.27 10:01:34.826,0.9964,0.9967,14.40,0.50
2007.06.27 10:01:34.991,0.9964,0.99675,19.20,8.00
2007.06.27 10:01:35.267,0.9964,0.99675,18.40,8.00
2007.06.27 10:01:35.375,0.9964,0.99675,17.60,8.00
2007.06.27 10:01:37.411,0.9964,0.99675,18.40,8.00
2007.06.27 10:01:37.517,0.9964,0.99675,19.20,8.00
2007.06.27 10:01:39.791,0.9964,0.9967,16.00,0.60
2007.06.27 10:01:39.814,0.9964,0.99675,15.20,10.40
2007.06.27 10:01:40.211,0.9964,0.9967,12.00,0.70
2007.06.27 10:01:41.211,0.9964,0.99675,8.00,14.40
2007.06.27 10:01:41.270,0.9964,0.9968,2.40,35.90
2007.06.27 10:01:42.218,0.9964,0.9968,4.80,35.90
2007.06.27 10:01:45.159,0.9965,0.9968,2.40,33.50
2007.06.27 10:01:45.610,0.9965,0.9967,2.40,0.90
2007.06.27 10:01:45.701,0.9965,0.99675,2.40,8.00
2007.06.27 10:01:49.687,0.9965,0.99675,2.40,10.40
2007.06.27 10:01:49.700,0.9964,0.9967,14.40,0.80
2007.06.27 10:01:52.084,0.9964,0.9967,16.00,4.80
2007.06.27 10:01:52.094,0.9964,0.9967,16.00,7.20
2007.06.27 10:01:52.143,0.9964,0.9967,15.20,10.40
2007.06.27 10:01:52.271,0.9964,0.9967,10.40,11.20
2007.06.27 10:01:52.391,0.9964,0.9967,10.40,12.00
2007.06.27 10:01:52.612,0.9964,0.9967,10.40,12.80
2007.06.27 10:01:52.814,0.9964,0.9966,8.00,2.40
2007.06.27 10:01:53.191,0.9964,0.9966,2.40,2.40
2007.06.27 10:01:53.626,0.99635,0.9966,5.60,2.40
2007.06.27 10:01:53.733,0.99635,0.9966,5.60,4.80
2007.06.27 10:01:53.962,0.9963,0.9966,28.70,4.80
2007.06.27 10:01:56.032,0.99635,0.9966,5.60,4.80
2007.06.27 10:01:56.535,0.9963,0.9966,28.70,4.80
2007.06.27 10:01:56.702,0.9964,0.9966,2.40,2.40
2007.06.27 10:01:56.903,0.9964,0.99665,2.40,5.60
2007.06.27 10:01:57.214,0.9963,0.9966,35.90,2.40
2007.06.27 10:01:57.259,0.9963,0.9966,31.10,2.40
2007.06.27 10:01:57.326,0.9963,0.9966,28.70,4.80
2007.06.27 10:01:57.352,0.99635,0.9966,5.60,4.80
2007.06.27 10:01:57.629,0.9964,0.9966,2.40,2.40
2007.06.27 10:02:01.259,0.9964,0.9966,2.40,4.80
2007.06.27 10:02:02.257,0.9964,0.9966,2.40,2.40
2007.06.27 10:02:02.477,0.99635,0.9966,5.60,4.80
2007.06.27 10:02:02.652,0.99635,0.9966,5.60,7.20
2007.06.27 10:02:02.963,0.99635,0.9966,1.60,7.20
2007.06.27 10:02:03.052,0.9962,0.9966,43.90,7.20
2007.06.27 10:02:03.275,0.9962,0.9966,43.90,11.20
2007.06.27 10:02:03.301,0.9963,0.9966,0.70,16.80
2007.06.27 10:02:13.801,0.9963,0.9965,0.50,2.40
2007.06.27 10:02:18.246,0.99625,0.9966,8.00,16.80
2007.06.27 10:02:29.715,0.99625,0.9966,8.00,17.60
2007.06.27 10:02:29.738,0.9963,0.9966,0.90,18.40
2007.06.27 10:02:30.306,0.9963,0.9966,1.60,34.30
2007.06.27 10:02:30.486,0.9963,0.99655,1.20,5.60
2007.06.27 10:02:30.997,0.9963,0.9965,0.90,9.60
2007.06.27 10:02:32.665,0.9962,0.9965,7.20,12.00
2007.06.27 10:02:32.993,0.9962,0.9965,4.80,12.00
2007.06.27 10:02:33.950,0.9962,0.9965,4.80,8.00
2007.06.27 10:02:33.996,0.9962,0.9965,10.40,8.00
2007.06.27 10:02:37.617,0.9962,0.9965,5.00,8.00
2007.06.27 10:02:38.021,0.9961,0.9965,41.50,8.00
2007.06.27 10:02:38.079,0.9962,0.9965,2.70,2.40
2007.06.27 10:02:39.150,0.9962,0.9965,3.20,4.80
2007.06.27 10:02:39.413,0.99615,0.9965,12.00,10.40
2007.06.27 10:02:39.447,0.9962,0.9965,1.00,14.40
2007.06.27 10:02:39.872,0.9962,0.9965,1.30,16.80
2007.06.27 10:02:40.405,0.9962,0.9965,1.60,14.40
2007.06.27 10:02:44.764,0.9961,0.9965,41.50,14.40
2007.06.27 10:02:45.245,0.9962,0.9965,1.10,10.40
2007.06.27 10:02:47.173,0.9962,0.9965,10.40,8.00
2007.06.27 10:02:48.700,0.9962,0.9965,2.60,10.40
2007.06.27 10:02:50.701,0.9961,0.9965,41.50,11.20
2007.06.27 10:02:50.845,0.9962,0.9965,1.60,12.00
2007.06.27 10:02:50.900,0.9961,0.9965,40.70,10.40
2007.06.27 10:02:51.311,0.9961,0.9965,40.70,14.40
2007.06.27 10:02:51.596,0.9961,0.9965,40.70,14.40
2007.06.27 10:02:51.606,0.9962,0.9965,5.40,8.80
2007.06.27 10:02:51.615,0.9963,0.9965,1.40,6.40
2007.06.27 10:02:51.849,0.9962,0.9965,14.40,5.60
2007.06.27 10:02:52.034,0.9963,0.9965,0.80,4.80
2007.06.27 10:02:53.011,0.9962,0.9965,14.40,4.00
2007.06.27 10:02:53.140,0.9962,0.9964,14.40,1.60
2007.06.27 10:02:55.974,0.9962,0.9965,16.80,1.60
2007.06.27 10:02:56.361,0.9962,0.9965,16.80,4.00
2007.06.27 10:02:57.284,0.9963,0.9965,1.40,6.40
2007.06.27 10:02:57.359,0.9963,0.9965,1.00,4.00
2007.06.27 10:02:57.487,0.9963,0.9964,1.20,1.60
2007.06.27 10:02:57.865,0.9963,0.99655,0.70,5.60
2007.06.27 10:02:57.963,0.9963,0.9966,1.50,19.20
2007.06.27 10:02:58.794,0.99625,0.9965,8.00,1.60
2007.06.27 10:03:01.164,0.9962,0.9965,39.10,1.60
2007.06.27 10:03:01.268,0.9962,0.9965,39.10,4.00
2007.06.27 10:03:01.679,0.9962,0.9965,31.90,6.40
2007.06.27 10:03:01.828,0.9961,0.9965,42.30,6.40
2007.06.27 10:03:01.888,0.9961,0.9965,42.30,6.40
2007.06.27 10:03:01.977,0.9961,0.9964,42.30,1.60
2007.06.27 10:03:01.997,0.9961,0.9964,41.50,1.60
2007.06.27 10:03:02.470,0.9962,0.9964,1.00,1.60
2007.06.27 10:03:02.526,0.99615,0.9964,8.00,1.60
2007.06.27 10:03:04.679,0.9962,0.9964,4.80,1.60
2007.06.27 10:03:09.881,0.9962,0.9964,26.30,1.60
2007.06.27 10:03:10.302,0.9962,0.9964,32.70,1.60
2007.06.27 10:03:11.235,0.9962,0.9964,37.50,0.40
2007.06.27 10:03:11.333,0.9962,0.9964,38.30,0.40
2007.06.27 10:03:11.548,0.9963,0.9964,1.30,0.40
2007.06.27 10:03:15.755,0.99625,0.9964,10.40,0.40
2007.06.27 10:03:15.870,0.9963,0.9964,2.90,0.40
2007.06.27 10:03:16.715,0.9963,0.9964,11.10,0.40
2007.06.27 10:03:16.881,0.9963,0.9964,29.50,0.40
2007.06.27 10:03:17.040,0.99635,0.9965,8.00,2.40
2007.06.27 10:03:18.424,0.9963,0.9965,14.40,2.40
2007.06.27 10:03:18.449,0.9962,0.9965,39.10,2.40
2007.06.27 10:03:18.929,0.9963,0.9965,2.60,2.40
2007.06.27 10:03:19.466,0.9963,0.9965,3.40,2.40
2007.06.27 10:03:22.356,0.9962,0.9965,20.00,2.40
2007.06.27 10:03:22.575,0.9962,0.9965,20.00,2.40
2007.06.27 10:03:22.679,0.9961,0.9965,43.10,4.80
2007.06.27 10:03:22.917,0.9961,0.9965,42.30,4.80
2007.06.27 10:03:23.070,0.9962,0.9965,1.30,4.80
2007.06.27 10:03:23.176,0.9962,0.9965,19.20,2.40
2007.06.27 10:03:23.424,0.9963,0.9965,1.10,8.00
2007.06.27 10:03:23.897,0.9963,0.9965,0.80,2.40
2007.06.27 10:03:27.827,0.9963,0.99655,2.40,5.60
2007.06.27 10:03:28.132,0.9962,0.9965,31.10,2.40
2007.06.27 10:03:28.329,0.9962,0.9965,28.70,2.40
2007.06.27 10:03:28.341,0.9962,0.9965,14.40,21.50
2007.06.27 10:03:28.434,0.9962,0.9965,10.40,25.50
2007.06.27 10:03:28.521,0.9962,0.99645,4.80,5.60
2007.06.27 10:03:28.869,0.9962,0.99645,7.20,5.60
2007.06.27 10:03:29.565,0.9962,0.9965,7.20,14.40
2007.06.27 10:03:30.355,0.9962,0.99645,7.20,5.60
2007.06.27 10:03:31.689,0.9962,0.99645,9.60,5.60
2007.06.27 10:03:33.900,0.9962,0.99645,9.60,0.50
2007.06.27 10:03:36.147,0.9963,0.9965,2.40,9.60
2007.06.27 10:03:36.349,0.9963,0.9965,4.80,9.60
2007.06.27 10:03:36.376,0.9963,0.9967,4.80,31.10
2007.06.27 10:03:36.471,0.9963,0.9966,4.80,14.40
2007.06.27 10:03:43.337,0.9963,0.9966,2.40,16.80
2007.06.27 10:03:44.159,0.9962,0.9965,33.50,0.60
2007.06.27 10:03:44.170,0.9962,0.99655,32.70,8.00
2007.06.27 10:03:44.261,0.9962,0.9965,29.50,0.70
2007.06.27 10:03:44.332,0.9962,0.99655,14.40,8.00
2007.06.27 10:03:44.426,0.9962,0.9966,8.80,35.10
2007.06.27 10:03:44.520,0.9962,0.9965,4.80,0.70
2007.06.27 10:03:45.181,0.9963,0.9966,2.40,33.50
2007.06.27 10:03:48.177,0.9963,0.9966,2.40,33.50
2007.06.27 10:03:52.236,0.9962,0.9966,2.40,35.90
2007.06.27 10:03:53.151,0.9963,0.9966,2.40,33.50
2007.06.27 10:03:54.938,0.9962,0.9966,4.80,45.50
2007.06.27 10:04:01.781,0.9962,0.9966,7.20,33.50
2007.06.27 10:04:03.129,0.9962,0.9965,1.00,9.60
2007.06.27 10:04:03.233,0.9962,0.9965,1.40,12.00
2007.06.27 10:04:17.706,0.9962,0.9965,8.00,9.60
2007.06.27 10:04:17.932,0.9962,0.9965,29.50,4.00
2007.06.27 10:04:17.957,0.9962,0.99655,33.50,5.60
2007.06.27 10:04:18.218,0.9962,0.9965,10.30,2.40
2007.06.27 10:04:18.320,0.9962,0.9965,9.60,2.40
2007.06.27 10:04:18.379,0.9962,0.9965,6.30,2.40
2007.06.27 10:04:18.545,0.9961,0.9965,41.50,6.40
2007.06.27 10:04:18.666,0.9962,0.9965,1.50,12.00
2007.06.27 10:04:20.170,0.9963,0.9965,1.60,9.60
2007.06.27 10:04:20.487,0.9962,0.9965,29.50,4.00
2007.06.27 10:04:20.534,0.9962,0.99655,33.50,5.60
2007.06.27 10:04:21.811,0.9962,0.9965,12.80,4.00
2007.06.27 10:04:21.840,0.9963,0.9965,0.80,9.60
2007.06.27 10:04:22.868,0.9962,0.9965,4.80,12.00
2007.06.27 10:04:23.847,0.9962,0.9965,10.40,8.00
2007.06.27 10:04:24.342,0.9962,0.9965,4.80,8.00
2007.06.27 10:04:24.559,0.9962,0.9965,4.80,12.00
2007.06.27 10:04:24.718,0.9963,0.9965,2.40,9.60
2007.06.27 10:04:25.131,0.9963,0.9965,2.40,4.00
2007.06.27 10:04:25.228,0.9963,0.9965,2.40,6.40
2007.06.27 10:04:25.336,0.9963,0.9966,4.80,16.80
2007.06.27 10:04:29.656,0.9963,0.9966,2.40,19.20
2007.06.27 10:04:29.778,0.9963,0.9966,2.40,33.50
2007.06.27 10:04:30.439,0.9963,0.9965,2.40,5.60
2007.06.27 10:04:30.472,0.9963,0.9965,2.40,9.60
2007.06.27 10:04:30.999,0.9963,0.9965,2.40,5.60
2007.06.27 10:04:31.181,0.9963,0.99655,2.40,5.60
2007.06.27 10:04:31.223,0.9963,0.99655,4.80,5.60
2007.06.27 10:04:31.731,0.9963,0.99655,2.40,5.60
2007.06.27 10:04:33.377,0.9963,0.9965,2.40,4.00
2007.06.27 10:04:33.538,0.9963,0.9965,2.40,9.60
2007.06.27 10:04:34.986,0.9963,0.9965,2.40,5.60
2007.06.27 10:04:35.067,0.9963,0.99655,2.40,5.60
2007.06.27 10:04:35.766,0.9963,0.9965,2.40,4.00
2007.06.27 10:04:35.833,0.9963,0.9965,2.40,9.60
2007.06.27 10:04:38.732,0.9962,0.9965,8.00,12.00
2007.06.27 10:04:39.339,0.9962,0.9965,8.00,14.40
2007.06.27 10:04:40.219,0.9962,0.99645,8.00,5.60
2007.06.27 10:04:42.419,0.9962,0.99645,5.60,5.60
2007.06.27 10:04:44.349,0.9963,0.9965,2.40,12.00
2007.06.27 10:04:45.774,0.9963,0.9965,2.40,14.40
2007.06.27 10:04:46.228,0.9962,0.9965,2.40,16.80
2007.06.27 10:04:47.326,0.9962,0.99645,2.40,5.60
2007.06.27 10:04:54.175,0.9963,0.99645,2.40,5.60
2007.06.27 10:04:54.386,0.9963,0.9965,2.40,9.60
2007.06.27 10:04:55.825,0.9962,0.9965,2.40,12.00
2007.06.27 10:04:57.652,0.99615,0.9965,5.60,12.00
2007.06.27 10:04:57.761,0.99615,0.9964,5.60,2.40
2007.06.27 10:04:59.004,0.9961,0.9964,39.10,2.40
2007.06.27 10:04:59.359,0.9961,0.9964,39.10,0.60
2007.06.27 10:05:00.383,0.9961,0.99645,35.10,8.00
2007.06.27 10:05:00.525,0.9961,0.9965,35.10,18.40
2007.06.27 10:05:04.804,0.9961,0.9964,16.00,0.80
2007.06.27 10:05:04.904,0.9961,0.99645,16.00,8.00
2007.06.27 10:05:04.993,0.9961,0.99645,20.00,8.00
2007.06.27 10:05:08.828,0.9961,0.9964,39.10,0.80
2007.06.27 10:05:08.839,0.9961,0.99645,36.70,8.00
2007.06.27 10:05:16.067,0.9961,0.99645,39.10,8.00
2007.06.27 10:05:16.234,0.9961,0.99645,20.00,8.00
2007.06.27 10:05:21.249,0.9961,0.99645,39.10,8.00
2007.06.27 10:05:21.439,0.9961,0.99645,36.70,8.00
2007.06.27 10:05:24.101,0.9961,0.9963,34.30,0.70
2007.06.27 10:05:25.127,0.9961,0.9964,36.70,4.80
2007.06.27 10:05:25.216,0.9961,0.9964,36.70,0.70
2007.06.27 10:05:27.527,0.9961,0.9964,35.90,2.40
2007.06.27 10:05:27.579,0.9961,0.9964,35.10,2.40
2007.06.27 10:05:27.633,0.9961,0.9963,32.70,2.40
2007.06.27 10:05:27.757,0.9961,0.9963,12.00,2.40
2007.06.27 10:05:27.846,0.9961,0.9963,6.40,2.40
2007.06.27 10:05:28.165,0.99605,0.9963,5.60,2.40
2007.06.27 10:05:30.202,0.9961,0.9964,2.40,30.30
2007.06.27 10:05:30.603,0.99605,0.9964,5.60,30.30
2007.06.27 10:05:30.710,0.99605,0.9963,5.60,2.40
2007.06.27 10:05:32.154,0.9961,0.9964,2.40,30.30
2007.06.27 10:05:32.347,0.9961,0.9964,21.50,16.80
2007.06.27 10:05:32.482,0.9961,0.9964,27.10,11.20
2007.06.27 10:05:32.647,0.9961,0.9964,33.50,4.80
2007.06.27 10:05:33.631,0.9962,0.9964,2.40,2.40
2007.06.27 10:05:34.129,0.9961,0.9964,33.50,4.80
2007.06.27 10:05:39.078,0.9961,0.9964,33.50,4.00
2007.06.27 10:05:39.107,0.9961,0.9964,34.30,3.20
2007.06.27 10:05:39.188,0.9961,0.9964,35.10,3.20
2007.06.27 10:05:39.194,0.9961,0.9964,35.90,2.40
2007.06.27 10:05:44.859,0.9962,0.99645,2.40,5.60
2007.06.27 10:05:45.163,0.9961,0.99645,35.90,5.60
2007.06.27 10:05:45.271,0.9961,0.9964,35.90,2.40
2007.06.27 10:05:54.184,0.9961,0.9964,34.30,4.80
2007.06.27 10:05:58.738,0.9961,0.9964,36.70,2.40
2007.06.27 10:05:59.681,0.9962,0.99645,2.40,5.60
2007.06.27 10:06:00.195,0.9961,0.9964,36.70,2.40
2007.06.27 10:06:00.590,0.9962,0.9964,2.40,2.40
2007.06.27 10:06:00.697,0.9962,0.99645,2.40,5.60
2007.06.27 10:06:01.935,0.9962,0.9964,2.40,5.60
2007.06.27 10:06:03.881,0.9962,0.9964,2.40,0.70
2007.06.27 10:06:08.933,0.9962,0.99645,2.40,0.60
2007.06.27 10:06:12.059,0.9962,0.9966,2.40,39.10
2007.06.27 10:06:12.162,0.9962,0.9965,2.40,0.60
2007.06.27 10:06:12.308,0.9962,0.9965,2.40,0.50
2007.06.27 10:06:12.343,0.9962,0.9965,3.20,0.80
2007.06.27 10:06:13.090,0.9962,0.9965,4.00,0.80
2007.06.27 10:06:13.111,0.9962,0.9966,4.80,35.90
2007.06.27 10:06:13.131,0.9962,0.9966,5.60,35.90
2007.06.27 10:06:16.722,0.9963,0.9966,2.40,33.50
2007.06.27 10:06:16.930,0.9963,0.99655,2.40,12.00
2007.06.27 10:06:17.730,0.9963,0.99655,2.40,8.00
2007.06.27 10:06:17.744,0.9963,0.9965,4.80,0.90
2007.06.27 10:06:18.353,0.9963,0.9966,2.40,19.20
2007.06.27 10:06:18.640,0.9963,0.9966,2.40,0.90
2007.06.27 10:06:19.534,0.9963,0.99655,2.40,0.60
2007.06.27 10:06:19.630,0.9963,0.9965,2.40,0.60
2007.06.27 10:06:20.912,0.9963,0.9966,4.80,16.80
2007.06.27 10:06:21.130,0.9963,0.9965,2.40,0.90
2007.06.27 10:06:21.233,0.9963,0.9965,2.40,0.70
2007.06.27 10:06:21.317,0.99625,0.9966,5.60,33.50
2007.06.27 10:06:21.572,0.99625,0.9965,5.60,0.50
2007.06.27 10:06:21.856,0.9962,0.9966,24.70,19.20
2007.06.27 10:06:21.895,0.9963,0.9966,2.40,19.20
2007.06.27 10:06:21.982,0.9963,0.9966,4.80,16.80
2007.06.27 10:06:22.359,0.9963,0.99655,4.80,12.00
2007.06.27 10:06:33.775,0.9963,0.9965,2.40,6.40
2007.06.27 10:06:33.885,0.9963,0.9965,2.40,12.00
2007.06.27 10:06:34.233,0.9963,0.9965,2.40,9.60
2007.06.27 10:06:35.351,0.9963,0.9965,2.40,5.60
2007.06.27 10:06:35.425,0.9963,0.99655,2.40,5.60
2007.06.27 10:06:36.112,0.9962,0.9965,34.30,2.40
2007.06.27 10:06:36.312,0.9963,0.9965,2.40,2.40
2007.06.27 10:06:37.280,0.9963,0.9965,2.40,8.00
2007.06.27 10:06:37.338,0.9962,0.9965,14.40,8.00
2007.06.27 10:06:37.730,0.9962,0.9965,10.40,12.00
2007.06.27 10:06:43.863,0.9962,0.9966,10.40,35.10
2007.06.27 10:06:51.724,0.9963,0.9966,2.40,33.50
2007.06.27 10:06:53.100,0.9962,0.9966,10.40,33.50
2007.06.27 10:06:53.195,0.9962,0.9965,10.40,0.50
2007.06.27 10:06:55.487,0.9962,0.9965,14.40,0.80
2007.06.27 10:06:55.635,0.9962,0.9965,20.00,0.70
2007.06.27 10:06:55.765,0.9963,0.9966,2.40,33.50
2007.06.27 10:07:05.254,0.9963,0.99655,2.40,9.60
2007.06.27 10:07:05.313,0.9963,0.9966,2.40,33.50
2007.06.27 10:07:06.598,0.9962,0.9966,10.40,33.50
2007.06.27 10:07:06.710,0.9962,0.9966,10.40,35.90
2007.06.27 10:07:06.983,0.9962,0.9966,14.40,35.90
2007.06.27 10:07:07.150,0.9962,0.9965,20.00,0.80
2007.06.27 10:07:07.223,0.9963,0.9966,2.40,33.50
2007.06.27 10:07:07.633,0.9962,0.99655,20.00,8.00
2007.06.27 10:07:07.968,0.9962,0.9965,39.10,0.70
2007.06.27 10:07:08.144,0.9963,0.9966,2.40,19.20
2007.06.27 10:07:10.187,0.9963,0.99655,2.40,8.00
2007.06.27 10:07:10.721,0.9962,0.99655,15.20,10.40
2007.06.27 10:07:13.280,0.9963,0.9965,0.80,4.80
2007.06.27 10:07:13.366,0.9963,0.9965,1.60,4.80
2007.06.27 10:07:13.414,0.9963,0.9965,2.40,4.80
2007.06.27 10:07:13.711,0.9963,0.9965,1.60,4.80
2007.06.27 10:07:13.737,0.9963,0.9965,0.80,4.80
2007.06.27 10:07:13.862,0.9962,0.9965,15.20,4.80
2007.06.27 10:07:16.205,0.9963,0.9965,0.80,4.80
2007.06.27 10:07:16.243,0.9963,0.9965,1.60,4.80
2007.06.27 10:07:16.317,0.9963,0.9965,2.40,4.80
2007.06.27 10:07:19.080,0.9963,0.9965,2.40,10.40
2007.06.27 10:07:19.224,0.9963,0.9965,1.60,14.40
2007.06.27 10:07:19.293,0.9963,0.9965,0.80,14.40
2007.06.27 10:07:19.343,0.9962,0.9965,4.00,14.40
2007.06.27 10:07:19.603,0.9962,0.9965,4.80,14.40
2007.06.27 10:07:19.711,0.9962,0.9964,2.40,2.40
2007.06.27 10:07:22.293,0.9962,0.99645,4.80,5.60
2007.06.27 10:07:24.661,0.9962,0.9964,2.40,2.40
2007.06.27 10:07:25.112,0.9962,0.9964,1.60,2.40
2007.06.27 10:07:25.163,0.9962,0.9964,0.80,2.40
2007.06.27 10:07:25.248,0.9961,0.9964,31.90,2.40
2007.06.27 10:07:25.372,0.9961,0.9964,32.70,8.00
2007.06.27 10:07:27.451,0.9961,0.9964,32.70,2.40
2007.06.27 10:07:27.490,0.9961,0.9964,36.70,2.40
2007.06.27 10:07:31.128,0.9961,0.9964,7.00,2.40
2007.06.27 10:07:33.627,0.9961,0.9964,36.70,2.40
2007.06.27 10:07:36.394,0.9961,0.9964,35.90,3.20
2007.06.27 10:07:36.509,0.99615,0.9964,1.60,4.00
2007.06.27 10:07:36.520,0.99615,0.9964,0.70,4.80
2007.06.27 10:07:36.619,0.9961,0.9963,33.50,2.40
2007.06.27 10:07:37.131,0.9961,0.9964,16.80,16.70
2007.06.27 10:07:37.330,0.99615,0.9964,2.40,2.40
2007.06.27 10:07:37.537,0.996,0.9964,36.70,8.00
2007.06.27 10:07:37.643,0.9961,0.9964,5.10,8.00
2007.06.27 10:07:37.922,0.996,0.9964,35.90,8.00
2007.06.27 10:07:39.848,0.996,0.9964,21.60,22.30
2007.06.27 10:07:40.215,0.996,0.9964,22.40,23.10
2007.06.27 10:07:40.424,0.9961,0.9964,3.10,23.90
2007.06.27 10:07:41.471,0.99605,0.9964,10.40,23.90
2007.06.27 10:07:41.938,0.99605,0.9964,29.50,14.40
2007.06.27 10:07:42.010,0.9961,0.9964,7.10,16.80
2007.06.27 10:07:42.299,0.9962,0.9964,0.90,14.40
2007.06.27 10:07:42.348,0.9961,0.9964,24.70,13.60
2007.06.27 10:07:42.415,0.9962,0.9964,1.10,12.80
2007.06.27 10:07:42.704,0.9961,0.9964,9.40,15.20
2007.06.27 10:07:42.925,0.99605,0.9964,32.70,12.00
2007.06.27 10:07:43.441,0.9961,0.9964,11.80,8.00
2007.06.27 10:07:43.648,0.996,0.9964,46.30,2.40
2007.06.27 10:07:44.045,0.9961,0.9964,39.10,2.40
2007.06.27 10:07:44.142,0.9962,0.99645,0.50,5.60
2007.06.27 10:07:44.395,0.99615,0.9965,8.00,19.20
2007.06.27 10:07:46.231,0.99615,0.9964,8.00,2.40
2007.06.27 10:07:46.632,0.9962,0.9965,0.60,19.20
2007.06.27 10:07:46.697,0.9961,0.9964,34.30,2.40
2007.06.27 10:07:50.815,0.9961,0.9964,34.30,4.80
2007.06.27 10:07:51.340,0.99615,0.9964,0.70,2.40
2007.06.27 10:08:04.327,0.9961,0.9964,35.10,3.20
2007.06.27 10:08:04.410,0.9961,0.9964,35.10,5.60
2007.06.27 10:08:04.439,0.9961,0.9964,33.50,7.20
2007.06.27 10:08:05.713,0.996,0.9964,43.90,12.80
2007.06.27 10:08:07.493,0.9961,0.9964,14.80,12.00
2007.06.27 10:08:07.518,0.996,0.9964,43.90,11.20
2007.06.27 10:08:07.609,0.9961,0.9964,10.00,10.40
2007.06.27 10:08:08.631,0.9961,0.9964,31.90,8.00
2007.06.27 10:08:09.463,0.9961,0.9964,16.00,5.60
2007.06.27 10:08:09.570,0.9961,0.99645,20.00,5.60
2007.06.27 10:08:10.094,0.99615,0.9965,8.00,19.20
2007.06.27 10:08:10.356,0.9962,0.9965,0.50,38.30
2007.06.27 10:08:11.205,0.9962,0.9965,4.80,35.90
2007.06.27 10:08:11.359,0.9962,0.9965,4.80,16.80
2007.06.27 10:08:11.626,0.99615,0.9965,8.00,16.80
2007.06.27 10:08:11.727,0.99615,0.9965,8.00,19.20
2007.06.27 10:08:12.140,0.9961,0.9964,36.70,2.40
2007.06.27 10:08:12.653,0.9962,0.9964,1.00,2.40
2007.06.27 10:08:12.749,0.9962,0.9965,0.70,38.30
2007.06.27 10:08:13.012,0.9961,0.9964,20.00,5.60
2007.06.27 10:08:14.298,0.9961,0.99645,16.00,5.60
2007.06.27 10:08:16.644,0.9961,0.99645,20.80,5.60
2007.06.27 10:08:16.695,0.9963,0.99645,1.00,5.60
2007.06.27 10:08:17.200,0.9961,0.99645,39.00,5.60
2007.06.27 10:08:17.417,0.9961,0.99645,39.80,5.60
2007.06.27 10:08:17.494,0.9962,0.99645,9.80,5.60
2007.06.27 10:08:17.710,0.9962,0.99645,21.50,5.60
2007.06.27 10:08:17.829,0.9962,0.9965,27.10,6.40
2007.06.27 10:08:18.113,0.9961,0.9965,40.60,8.80
2007.06.27 10:08:18.209,0.9962,0.9965,27.10,6.40
2007.06.27 10:08:18.732,0.9961,0.9965,40.60,8.80
2007.06.27 10:08:18.788,0.9962,0.9965,7.30,8.80
2007.06.27 10:08:18.934,0.9961,0.9965,39.00,8.80
2007.06.27 10:08:19.321,0.9961,0.9965,20.00,23.90
2007.06.27 10:08:19.813,0.9961,0.99645,20.00,5.60
2007.06.27 10:08:19.838,0.9961,0.99645,20.00,5.60
2007.06.27 10:08:21.739,0.9963,0.99645,2.40,5.60
2007.06.27 10:08:21.846,0.9963,0.9965,2.40,12.00
2007.06.27 10:08:25.260,0.9962,0.9965,2.40,14.40
2007.06.27 10:08:25.393,0.9962,0.9965,2.40,33.50
2007.06.27 10:08:25.981,0.9962,0.99645,2.40,5.60
2007.06.27 10:08:27.518,0.9961,0.99645,20.00,5.60
2007.06.27 10:08:29.571,0.99615,0.9965,8.00,33.50
2007.06.27 10:08:34.622,0.9962,0.9965,4.80,31.10
2007.06.27 10:08:34.732,0.9962,0.9965,4.80,12.00
2007.06.27 10:08:35.143,0.9962,0.9965,8.80,8.00
2007.06.27 10:08:35.355,0.9962,0.9965,14.40,2.40
2007.06.27 10:08:39.955,0.9962,0.9965,36.70,2.40
2007.06.27 10:08:40.058,0.9963,0.9965,0.70,2.40
2007.06.27 10:08:40.166,0.9963,0.9966,0.50,7.20
2007.06.27 10:08:40.378,0.9962,0.9966,40.70,11.20
2007.06.27 10:08:40.487,0.99625,0.9966,8.00,16.80
2007.06.27 10:08:47.397,0.9962,0.99655,40.70,5.60
2007.06.27 10:08:47.818,0.9962,0.99655,40.60,5.60
2007.06.27 10:08:47.917,0.99625,0.9966,22.30,16.80
2007.06.27 10:08:48.108,0.99625,0.9966,24.70,14.40
2007.06.27 10:08:48.325,0.99625,0.9966,22.30,16.80
2007.06.27 10:08:48.451,0.99625,0.99655,22.30,5.60
2007.06.27 10:08:49.967,0.99625,0.9966,22.30,16.80
2007.06.27 10:08:50.717,0.9962,0.9966,41.40,11.20
2007.06.27 10:08:53.818,0.99625,0.99655,22.30,5.60
2007.06.27 10:08:54.316,0.9963,0.9966,8.50,16.80
2007.06.27 10:08:56.577,0.9963,0.9967,8.50,22.40
2007.06.27 10:08:57.366,0.9963,0.9966,22.30,0.70
2007.06.27 10:08:57.720,0.9963,0.99665,28.70,10.40
2007.06.27 10:09:02.893,0.9963,0.99665,24.70,14.40
2007.06.27 10:09:02.990,0.9963,0.9967,19.10,22.40
2007.06.27 10:09:03.217,0.9963,0.9967,16.70,22.40
2007.06.27 10:09:03.771,0.9963,0.9966,22.30,0.50
2007.06.27 10:09:04.523,0.9963,0.9966,16.70,0.60
2007.06.27 10:09:05.083,0.9963,0.9967,22.30,22.40
2007.06.27 10:09:05.152,0.9963,0.9967,24.70,22.40
2007.06.27 10:09:05.328,0.9963,0.9966,28.70,0.90
2007.06.27 10:09:05.345,0.9963,0.99665,28.70,10.40
2007.06.27 10:09:06.150,0.9964,0.99665,2.40,10.40
2007.06.27 10:09:06.685,0.9963,0.9966,28.70,0.70
2007.06.27 10:09:07.199,0.9963,0.9965,26.30,0.80
2007.06.27 10:09:07.311,0.9963,0.9966,12.00,8.00
2007.06.27 10:09:07.467,0.9963,0.99655,6.40,10.40
2007.06.27 10:09:07.520,0.9963,0.99655,2.40,10.40
2007.06.27 10:09:07.702,0.9963,0.9965,4.80,0.90
2007.06.27 10:09:07.718,0.9963,0.9965,2.40,0.80
2007.06.27 10:09:07.805,0.9963,0.99655,2.40,0.50
2007.06.27 10:09:07.838,0.9963,0.9966,16.70,16.80
2007.06.27 10:09:08.202,0.9963,0.9966,19.10,14.40
2007.06.27 10:09:08.708,0.9963,0.9966,19.10,0.70
2007.06.27 10:09:08.927,0.9963,0.9967,23.10,22.40
2007.06.27 10:09:08.953,0.9963,0.9966,28.70,0.90
2007.06.27 10:09:09.802,0.9963,0.99665,14.40,10.40
2007.06.27 10:09:10.005,0.9963,0.9966,14.40,0.50
2007.06.27 10:09:10.111,0.9963,0.9967,12.00,22.40
2007.06.27 10:09:10.209,0.9963,0.9965,12.00,0.90
2007.06.27 10:09:10.516,0.9963,0.9965,6.40,0.90
2007.06.27 10:09:10.762,0.9962,0.9966,23.90,17.60
2007.06.27 10:09:10.845,0.9962,0.9966,19.90,21.60
2007.06.27 10:09:11.148,0.9962,0.9966,22.30,21.60
2007.06.27 10:09:12.471,0.9962,0.9965,21.50,0.50
2007.06.27 10:09:12.624,0.9962,0.9965,20.70,0.80
2007.06.27 10:09:12.811,0.9962,0.9965,4.80,0.70
2007.06.27 10:09:12.887,0.9962,0.9966,4.80,41.50
2007.06.27 10:09:13.106,0.9962,0.9965,4.80,33.50
2007.06.27 10:09:13.188,0.9962,0.9964,2.40,0.80
2007.06.27 10:09:13.208,0.9961,0.9964,11.20,0.90
2007.06.27 10:09:13.392,0.9961,0.99645,11.20,8.00
2007.06.27 10:09:13.566,0.9961,0.9964,14.40,0.60
2007.06.27 10:09:13.608,0.9961,0.99645,10.40,8.00
2007.06.27 10:09:13.708,0.9962,0.99645,2.40,0.70
2007.06.27 10:09:13.887,0.9962,0.9965,2.40,38.30
2007.06.27 10:09:14.217,0.9961,0.9964,10.40,0.90
2007.06.27 10:09:18.115,0.9962,0.9964,2.40,0.60
2007.06.27 10:09:19.834,0.9962,0.99645,2.40,0.70
2007.06.27 10:09:21.384,0.9962,0.9965,2.40,38.30
2007.06.27 10:09:21.643,0.9961,0.9965,16.00,40.70
2007.06.27 10:09:21.678,0.9961,0.9965,10.40,40.70
2007.06.27 10:09:22.115,0.9961,0.9965,10.40,40.70
2007.06.27 10:09:22.139,0.9961,0.99635,4.80,0.80
2007.06.27 10:09:22.658,0.9961,0.9964,4.80,0.50
2007.06.27 10:09:22.950,0.9961,0.9964,10.40,0.80
2007.06.27 10:09:23.074,0.9961,0.9965,10.40,40.70
2007.06.27 10:09:23.495,0.9961,0.9965,11.20,40.70
2007.06.27 10:09:23.669,0.9961,0.9965,5.60,40.70
2007.06.27 10:09:25.827,0.9961,0.9965,5.60,52.70
2007.06.27 10:09:27.629,0.9961,0.9964,3.20,0.70
2007.06.27 10:09:27.746,0.9961,0.9963,3.20,0.60
2007.06.27 10:09:27.943,0.9961,0.9963,3.20,0.80
2007.06.27 10:09:28.296,0.996,0.99635,15.20,10.40
2007.06.27 10:09:28.394,0.996,0.99635,29.50,10.40
2007.06.27 10:09:28.772,0.996,0.9963,15.20,0.80
2007.06.27 10:09:35.151,0.9961,0.99635,2.40,8.00
2007.06.27 10:09:41.452,0.9961,0.9964,2.40,18.40
2007.06.27 10:09:41.642,0.9961,0.99635,2.40,8.00
2007.06.27 10:09:41.756,0.9961,0.99635,2.40,0.70
2007.06.27 10:09:42.016,0.9961,0.9965,2.40,41.40
2007.06.27 10:09:42.489,0.9961,0.9964,3.20,0.80
2007.06.27 10:09:43.196,0.9961,0.9964,0.80,31.10
2007.06.27 10:09:43.439,0.99605,0.9963,5.60,0.80
2007.06.27 10:09:43.517,0.996,0.99635,17.60,8.00
2007.06.27 10:09:43.706,0.996,0.99635,16.80,8.00
2007.06.27 10:09:46.858,0.99605,0.9964,5.60,39.90
2007.06.27 10:09:47.204,0.99605,0.9964,5.60,0.70
2007.06.27 10:09:47.374,0.9961,0.9965,0.80,40.70
2007.06.27 10:09:49.771,0.9961,0.9965,3.20,40.70
2007.06.27 10:09:50.338,0.9961,0.9965,3.20,40.60
2007.06.27 10:09:51.321,0.9961,0.9965,3.20,41.40
2007.06.27 10:09:51.365,0.9961,0.9965,3.20,42.20
2007.06.27 10:09:51.378,0.9961,0.9964,2.40,0.60
2007.06.27 10:09:51.611,0.99605,0.9964,5.60,40.70
2007.06.27 10:09:51.838,0.996,0.9963,17.60,0.50
2007.06.27 10:09:51.928,0.996,0.99635,15.20,10.40
2007.06.27 10:09:54.253,0.996,0.9963,11.20,4.80
2007.06.27 10:09:54.395,0.996,0.9963,11.20,10.40
2007.06.27 10:10:01.338,0.996,0.9963,13.60,8.00
2007.06.27 10:10:01.405,0.9961,0.9963,0.80,8.00
2007.06.27 10:10:01.564,0.9961,0.9963,0.80,2.40
2007.06.27 10:10:01.771,0.9961,0.9963,0.80,0.90
2007.06.27 10:10:02.147,0.9961,0.99635,0.80,0.90
2007.06.27 10:10:02.621,0.9961,0.9964,0.80,0.80
2007.06.27 10:10:02.752,0.9961,0.9964,0.80,0.50
2007.06.27 10:10:02.761,0.9961,0.9963,0.80,0.90
2007.06.27 10:10:03.647,0.9961,0.9964,3.20,16.80
2007.06.27 10:10:03.874,0.9961,0.9964,4.00,16.80
2007.06.27 10:10:03.906,0.9961,0.9965,4.80,40.70
2007.06.27 10:10:03.920,0.9961,0.9965,5.60,40.70
2007.06.27 10:10:04.656,0.9961,0.9965,8.00,40.70
2007.06.27 10:10:04.968,0.9961,0.9965,13.60,40.70
2007.06.27 10:10:04.989,0.9961,0.9965,13.60,40.70
2007.06.27 10:10:05.420,0.9961,0.9964,17.60,0.90
2007.06.27 10:10:05.529,0.9961,0.9964,17.60,0.60
2007.06.27 10:10:07.607,0.9961,0.99645,16.80,8.00
2007.06.27 10:10:07.622,0.9961,0.99645,16.00,8.00
2007.06.27 10:10:07.727,0.9961,0.9964,13.60,4.80
2007.06.27 10:10:07.781,0.9961,0.9963,12.00,0.90
2007.06.27 10:10:07.837,0.9961,0.99645,14.40,27.10
2007.06.27 10:10:07.926,0.9961,0.9964,14.40,0.60
2007.06.27 10:10:08.097,0.9961,0.9964,8.80,29.50
2007.06.27 10:10:08.675,0.9961,0.9964,6.40,29.50
2007.06.27 10:10:08.745,0.9961,0.99635,6.40,8.00
2007.06.27 10:10:10.838,0.9961,0.9964,8.80,29.50
2007.06.27 10:10:20.304,0.9961,0.9964,4.80,26.30
2007.06.27 10:10:20.511,0.9961,0.9965,5.60,40.60
2007.06.27 10:10:20.590,0.9961,0.9964,6.40,0.60
2007.06.27 10:10:24.276,0.9961,0.9965,5.60,41.40
2007.06.27 10:10:24.338,0.9961,0.9965,5.60,42.30
2007.06.27 10:10:24.410,0.9961,0.9965,4.80,43.10
2007.06.27 10:10:24.641,0.9961,0.9964,4.80,35.90
2007.06.27 10:10:24.743,0.9961,0.9964,2.40,38.30
2007.06.27 10:10:25.185,0.9961,0.9963,2.40,0.90
2007.06.27 10:10:25.995,0.9961,0.9963,2.40,0.90
2007.06.27 10:10:26.196,0.9961,0.9964,2.40,35.90
2007.06.27 10:10:26.726,0.9961,0.99635,4.80,0.60
2007.06.27 10:10:27.040,0.9961,0.9965,4.80,43.00
2007.06.27 10:10:31.873,0.9961,0.9964,5.60,26.30
2007.06.27 10:10:31.905,0.9961,0.9964,6.40,26.30
2007.06.27 10:10:33.644,0.9961,0.9964,5.60,28.70
2007.06.27 10:10:46.930,0.9961,0.9964,4.80,28.70
2007.06.27 10:10:47.010,0.9961,0.9964,4.00,28.70
2007.06.27 10:10:47.145,0.9961,0.9964,3.20,28.70
2007.06.27 10:10:51.794,0.9961,0.9964,3.20,31.10
2007.06.27 10:10:51.959,0.9961,0.99635,3.20,5.60
2007.06.27 10:11:05.559,0.9961,0.9964,3.20,16.80
2007.06.27 10:11:05.649,0.9961,0.9964,3.20,14.40
2007.06.27 10:11:06.165,0.9961,0.9964,5.60,14.40
2007.06.27 10:11:08.887,0.9961,0.9964,5.60,12.00
2007.06.27 10:11:09.212,0.9961,0.9964,4.80,12.00
2007.06.27 10:11:10.791,0.9961,0.9964,2.40,10.40
2007.06.27 10:11:10.810,0.9961,0.9964,8.00,10.40
2007.06.27 10:11:11.270,0.9961,0.9964,8.00,14.40
2007.06.27 10:11:11.322,0.9961,0.9964,2.40,14.40
2007.06.27 10:11:13.242,0.99605,0.9963,5.60,2.40
2007.06.27 10:11:13.428,0.99605,0.9963,5.60,4.80
2007.06.27 10:11:13.863,0.996,0.9963,9.60,10.40
2007.06.27 10:11:13.876,0.996,0.9963,5.60,14.40
2007.06.27 10:11:14.363,0.996,0.9963,8.00,12.00
2007.06.27 10:11:14.761,0.996,0.9963,5.60,14.40
2007.06.27 10:11:15.376,0.996,0.9963,8.00,12.00
2007.06.27 10:11:15.993,0.996,0.9963,13.60,6.40
2007.06.27 10:11:16.023,0.996,0.9963,17.60,2.40
2007.06.27 10:11:17.721,0.996,0.9963,15.20,4.80
2007.06.27 10:11:18.128,0.996,0.9963,12.80,4.80
2007.06.27 10:11:18.271,0.996,0.9963,7.20,10.40
2007.06.27 10:11:18.294,0.996,0.9963,2.40,14.40
2007.06.27 10:11:23.549,0.996,0.9963,2.40,15.20
2007.06.27 10:11:23.640,0.996,0.9963,2.40,16.00
2007.06.27 10:11:23.662,0.996,0.9962,2.40,2.40
2007.06.27 10:11:23.763,0.996,0.9962,2.40,4.80
2007.06.27 10:11:24.158,0.996,0.9962,2.40,10.40
2007.06.27 10:11:24.182,0.996,0.9962,2.40,8.00
2007.06.27 10:11:24.252,0.996,0.9962,3.20,8.00
2007.06.27 10:11:24.374,0.996,0.9962,3.20,5.60
2007.06.27 10:11:24.422,0.996,0.99625,3.20,5.60
2007.06.27 10:11:24.661,0.996,0.9963,3.20,14.40
2007.06.27 10:11:24.681,0.996,0.9963,4.80,14.40
2007.06.27 10:11:24.876,0.996,0.9963,7.20,12.00
2007.06.27 10:11:24.893,0.996,0.9963,12.80,6.40
2007.06.27 10:11:25.258,0.996,0.9963,17.60,2.40
2007.06.27 10:11:32.650,0.9961,0.99635,2.40,5.60
2007.06.27 10:11:33.428,0.9961,0.9964,2.40,18.40
2007.06.27 10:11:34.718,0.99605,0.9963,5.60,2.40
2007.06.27 10:11:36.037,0.996,0.9963,17.60,2.40
2007.06.27 10:11:39.915,0.996,0.9963,13.60,6.40
2007.06.27 10:11:39.973,0.996,0.9963,8.00,12.00
2007.06.27 10:11:42.238,0.996,0.9963,8.00,12.80
2007.06.27 10:11:42.338,0.996,0.9963,8.00,13.60
2007.06.27 10:11:44.442,0.996,0.9963,21.50,14.40
2007.06.27 10:11:44.501,0.996,0.9963,25.50,10.40
2007.06.27 10:11:44.700,0.996,0.9963,31.10,4.80
2007.06.27 10:11:50.850,0.996,0.9963,28.70,7.20
2007.06.27 10:11:50.867,0.996,0.9963,14.40,7.20
2007.06.27 10:11:51.955,0.996,0.9963,4.80,16.80
2007.06.27 10:11:53.314,0.996,0.9963,2.40,19.20
2007.06.27 10:12:01.235,0.996,0.9963,16.70,19.20
2007.06.27 10:12:01.551,0.996,0.9963,22.30,13.60
2007.06.27 10:12:01.713,0.996,0.9963,24.70,11.20
2007.06.27 10:12:01.948,0.996,0.99635,24.70,16.80
2007.06.27 10:12:02.241,0.996,0.9963,22.30,13.60
2007.06.27 10:12:02.372,0.996,0.9963,12.00,9.60
2007.06.27 10:12:02.536,0.996,0.9963,9.60,12.00
2007.06.27 10:12:03.402,0.99595,0.9962,5.60,0.70
2007.06.27 10:12:04.679,0.9959,0.9962,31.10,0.50
2007.06.27 10:12:20.918,0.9959,0.9962,33.50,0.80
2007.06.27 10:12:21.019,0.99595,0.9963,5.60,21.60
2007.06.27 10:12:21.128,0.996,0.9963,2.40,0.70
2007.06.27 10:12:22.203,0.99595,0.9963,5.60,21.60
2007.06.27 10:12:22.595,0.996,0.9963,2.40,21.60
2007.06.27 10:12:22.719,0.996,0.9963,2.40,0.70
2007.06.27 10:12:22.809,0.996,0.99625,2.40,0.50
2007.06.27 10:12:23.544,0.996,0.9964,2.40,46.30
2007.06.27 10:12:24.996,0.99595,0.9964,8.00,65.50
2007.06.27 10:12:27.673,0.99595,0.9962,0.50,0.80
2007.06.27 10:12:27.775,0.99595,0.9962,0.60,0.90
2007.06.27 10:12:28.191,0.9958,0.99625,43.80,10.40
2007.06.27 10:12:32.243,0.9959,0.9962,31.10,4.80
2007.06.27 10:12:32.938,0.9959,0.9962,6.50,4.80
2007.06.27 10:12:34.012,0.9958,0.9962,36.70,2.40
2007.06.27 10:12:35.627,0.9959,0.9962,3.30,2.40
2007.06.27 10:12:35.672,0.9958,0.9962,35.10,2.40
2007.06.27 10:12:44.878,0.9958,0.9962,35.90,2.40
2007.06.27 10:12:44.950,0.9958,0.9962,36.70,2.40
2007.06.27 10:12:44.974,0.996,0.9962,0.80,2.40
2007.06.27 10:12:45.199,0.996,0.99625,1.80,5.60
2007.06.27 10:12:45.316,0.996,0.99625,1.10,5.60
2007.06.27 10:12:45.398,0.9959,0.99625,34.30,5.60
2007.06.27 10:12:45.707,0.9959,0.99625,36.70,5.60
2007.06.27 10:12:46.663,0.99595,0.99625,8.80,5.60
2007.06.27 10:12:46.774,0.99595,0.99625,8.00,5.60
2007.06.27 10:12:46.785,0.99595,0.99625,3.10,5.60
2007.06.27 10:12:47.015,0.9959,0.9963,16.80,38.30
2007.06.27 10:12:47.188,0.99595,0.9962,1.80,2.40
2007.06.27 10:12:47.340,0.9958,0.9962,36.70,2.40
2007.06.27 10:12:47.570,0.99585,0.9962,16.80,8.00
2007.06.27 10:12:47.807,0.99585,0.9962,12.80,12.00
2007.06.27 10:12:48.159,0.9959,0.9962,1.90,12.00
2007.06.27 10:12:48.173,0.99585,0.9962,14.40,12.00
2007.06.27 10:12:48.215,0.9959,0.9962,8.80,9.60
2007.06.27 10:12:48.284,0.99585,0.9962,13.60,9.60
2007.06.27 10:12:48.365,0.9958,0.9962,35.90,9.60
2007.06.27 10:12:48.395,0.9958,0.9962,36.70,5.60
2007.06.27 10:12:49.547,0.9958,0.9962,36.70,5.60
2007.06.27 10:12:49.634,0.99595,0.99625,1.60,5.60
2007.06.27 10:12:49.669,0.99595,0.99625,8.00,5.60
2007.06.27 10:12:49.679,0.99595,0.99625,8.80,5.60
2007.06.27 10:12:49.775,0.99595,0.99625,11.20,5.60
2007.06.27 10:12:49.964,0.99595,0.99625,13.60,5.60
2007.06.27 10:12:50.155,0.9959,0.9963,36.70,6.40
2007.06.27 10:12:50.273,0.9959,0.9963,36.70,2.40
2007.06.27 10:12:50.947,0.99595,0.9963,17.60,8.00
2007.06.27 10:12:50.965,0.99595,0.9963,13.60,12.00
2007.06.27 10:12:53.288,0.996,0.9963,5.60,12.80
2007.06.27 10:12:53.313,0.996,0.9963,4.80,32.70
2007.06.27 10:12:53.377,0.996,0.9963,2.40,35.10
2007.06.27 10:12:53.560,0.996,0.9963,2.40,35.90
2007.06.27 10:12:54.281,0.996,0.9963,4.80,35.90
2007.06.27 10:12:54.299,0.996,0.9963,2.40,38.30
2007.06.27 10:12:54.320,0.996,0.9963,2.40,19.20
2007.06.27 10:12:59.143,0.996,0.9963,2.40,18.40
2007.06.27 10:12:59.166,0.996,0.9963,2.40,17.60
2007.06.27 10:13:04.283,0.996,0.9963,3.20,16.80
2007.06.27 10:13:07.148,0.996,0.9963,5.60,14.40
2007.06.27 10:13:07.411,0.99595,0.9963,11.20,14.40
2007.06.27 10:13:16.748,0.996,0.9963,2.50,33.50
2007.06.27 10:13:17.156,0.996,0.9963,3.80,27.90
2007.06.27 10:13:17.200,0.9959,0.9963,22.40,26.30
2007.06.27 10:13:17.215,0.9959,0.9962,20.00,2.40
2007.06.27 10:13:17.471,0.996,0.9962,2.90,2.40
2007.06.27 10:13:17.693,0.9959,0.9962,20.00,2.40
2007.06.27 10:13:17.819,0.9958,0.9962,38.30,2.40
2007.06.27 10:13:17.938,0.9959,0.9962,7.50,2.40
2007.06.27 10:13:17.965,0.9958,0.9962,36.70,2.40
2007.06.27 10:13:19.035,0.9958,0.9962,36.70,2.40
2007.06.27 10:13:19.052,0.9959,0.9962,2.40,8.00
2007.06.27 10:13:20.623,0.9958,0.9962,36.70,5.60
2007.06.27 10:13:20.882,0.9959,0.9962,13.60,5.60
2007.06.27 10:13:21.126,0.996,0.9962,0.80,8.00
2007.06.27 10:13:21.226,0.9959,0.9962,13.60,8.00
2007.06.27 10:13:21.724,0.9958,0.9962,39.10,8.00
2007.06.27 10:13:21.751,0.996,0.9962,0.90,5.60
2007.06.27 10:13:22.674,0.9959,0.9962,1.00,5.60
2007.06.27 10:13:22.700,0.9958,0.99625,37.50,5.60
2007.06.27 10:13:22.838,0.996,0.99625,1.60,5.60
2007.06.27 10:13:23.641,0.9959,0.99625,20.80,5.60
2007.06.27 10:13:24.257,0.9961,0.99625,1.10,5.60
2007.06.27 10:13:25.892,0.9961,0.9962,0.70,2.40
2007.06.27 10:13:26.194,0.996,0.9962,2.80,2.40
2007.06.27 10:13:28.665,0.9959,0.9962,30.30,4.80
2007.06.27 10:13:28.833,0.9959,0.9962,2.60,4.80
2007.06.27 10:13:28.844,0.9959,0.9962,4.70,4.80
2007.06.27 10:13:30.334,0.9958,0.9962,36.70,10.40
2007.06.27 10:13:30.410,0.9959,0.9962,1.00,10.40
2007.06.27 10:13:32.658,0.996,0.9962,1.50,8.00
2007.06.27 10:13:33.496,0.99595,0.9962,8.00,2.40
2007.06.27 10:13:33.618,0.99595,0.9962,8.80,2.40
2007.06.27 10:13:34.000,0.99595,0.9962,9.60,2.40
2007.06.27 10:13:34.043,0.99595,0.9962,10.40,2.40
2007.06.27 10:13:34.155,0.99595,0.9962,11.20,2.40
2007.06.27 10:13:34.315,0.99595,0.99625,13.60,5.60
2007.06.27 10:13:34.403,0.996,0.99625,6.10,5.60
2007.06.27 10:13:34.788,0.9959,0.9963,43.80,6.40
2007.06.27 10:13:35.205,0.9959,0.9963,43.80,2.40
2007.06.27 10:13:39.215,0.996,0.9963,4.90,4.80
2007.06.27 10:13:40.772,0.996,0.9963,9.10,4.80
2007.06.27 10:13:41.107,0.9959,0.9963,39.10,8.80
2007.06.27 10:13:41.231,0.99595,0.9963,13.60,14.40
2007.06.27 10:13:45.357,0.99595,0.9963,13.60,15.20
2007.06.27 10:13:45.428,0.99595,0.9963,13.60,16.00
2007.06.27 10:13:45.638,0.99595,0.9963,12.80,16.80
2007.06.27 10:13:47.690,0.9959,0.99625,37.50,5.60
2007.06.27 10:13:49.385,0.9959,0.99625,36.70,5.60
2007.06.27 10:13:49.599,0.99595,0.9963,13.60,14.40
2007.06.27 10:13:56.309,0.996,0.9963,0.70,16.80
2007.06.27 10:13:56.725,0.99595,0.9963,13.60,14.40
2007.06.27 10:13:56.758,0.996,0.9963,6.10,14.40
2007.06.27 10:13:57.059,0.996,0.9963,27.90,8.80
2007.06.27 10:13:57.296,0.996,0.9963,17.60,4.80
2007.06.27 10:13:57.635,0.9959,0.9963,36.70,4.80
2007.06.27 10:13:58.990,0.9959,0.9963,36.70,8.80
2007.06.27 10:13:59.195,0.99595,0.9963,13.60,14.40
2007.06.27 10:14:01.075,0.996,0.9963,5.60,16.00
2007.06.27 10:14:01.143,0.996,0.9963,4.80,16.00
2007.06.27 10:14:01.232,0.996,0.9962,4.80,2.40
2007.06.27 10:14:01.760,0.996,0.9963,4.80,16.80
2007.06.27 10:14:04.226,0.996,0.9962,4.80,2.40
2007.06.27 10:14:11.798,0.996,0.9962,19.10,2.40
2007.06.27 10:14:11.805,0.996,0.9962,24.70,2.40
2007.06.27 10:14:14.700,0.996,0.9963,28.70,7.20
2007.06.27 10:14:15.739,0.996,0.9962,28.70,2.40
2007.06.27 10:14:15.846,0.996,0.9962,14.40,2.40
2007.06.27 10:14:16.231,0.996,0.9962,10.40,2.40
2007.06.27 10:14:16.352,0.996,0.9962,4.80,2.40
2007.06.27 10:14:23.592,0.996,0.9962,2.40,2.40
2007.06.27 10:14:23.702,0.996,0.9962,2.40,4.80
2007.06.27 10:14:23.799,0.9959,0.9962,14.40,4.80
2007.06.27 10:14:23.917,0.9959,0.9962,10.40,4.80
2007.06.27 10:14:24.023,0.9959,0.9962,10.40,10.40
2007.06.27 10:14:26.988,0.9958,0.9962,36.70,10.40
2007.06.27 10:14:32.882,0.9959,0.9961,3.60,0.80
2007.06.27 10:14:37.192,0.9958,0.9961,23.20,0.80
2007.06.27 10:14:37.224,0.9959,0.9961,2.50,0.80
2007.06.27 10:14:37.258,0.9959,0.9961,1.90,0.80
2007.06.27 10:14:37.560,0.9959,0.9961,8.20,0.80
2007.06.27 10:14:39.091,0.9959,0.9961,19.20,0.80
2007.06.27 10:14:45.769,0.9959,0.9962,21.60,0.80
2007.06.27 10:14:47.184,0.9959,0.9962,33.50,3.20
2007.06.27 10:14:48.160,0.9959,0.9962,33.50,0.80
2007.06.27 10:14:56.833,0.996,0.9962,4.80,0.80
2007.06.27 10:14:56.920,0.996,0.9962,5.60,0.80
2007.06.27 10:15:24.066,0.996,0.9962,4.80,0.80
2007.06.27 10:15:28.297,0.996,0.9962,0.80,0.80
2007.06.27 10:15:38.659,0.9959,0.9962,31.10,3.20
2007.06.27 10:15:38.750,0.9959,0.9962,13.00,3.20
2007.06.27 10:15:38.771,0.9959,0.9962,5.60,3.20
2007.06.27 10:15:38.842,0.9959,0.9962,0.90,3.20
2007.06.27 10:15:38.853,0.9958,0.9962,36.70,3.20
2007.06.27 10:15:38.933,0.9958,0.9962,36.70,8.80
2007.06.27 10:15:40.890,0.9958,0.9962,36.70,12.80
2007.06.27 10:15:41.004,0.9959,0.9962,1.50,12.80
2007.06.27 10:15:41.264,0.9959,0.9962,1.00,13.60
2007.06.27 10:15:41.422,0.99585,0.9962,10.40,14.40
2007.06.27 10:15:42.827,0.9959,0.9961,1.00,0.80
2007.06.27 10:15:44.250,0.9959,0.99615,0.90,5.60
2007.06.27 10:15:56.904,0.9959,0.9962,4.80,15.20
2007.06.27 10:15:57.675,0.9959,0.99615,4.80,5.60
2007.06.27 10:15:57.888,0.9959,0.9961,4.80,0.80
2007.06.27 10:16:02.351,0.996,0.9961,2.40,0.80
2007.06.27 10:16:02.429,0.996,0.9962,2.40,10.40
2007.06.27 10:16:02.553,0.996,0.9962,4.80,10.40
2007.06.27 10:16:02.707,0.996,0.9962,4.80,6.40
2007.06.27 10:16:02.797,0.996,0.9962,4.80,0.80
2007.06.27 10:16:04.624,0.996,0.9962,2.40,3.20
2007.06.27 10:16:04.738,0.9959,0.9962,28.70,3.20
2007.06.27 10:16:04.899,0.9959,0.9962,14.40,3.20
2007.06.27 10:16:05.178,0.9959,0.9962,8.80,8.80
2007.06.27 10:16:05.280,0.9959,0.9962,4.80,12.80
2007.06.27 10:16:07.302,0.9959,0.9962,4.80,15.20
2007.06.27 10:16:07.570,0.9959,0.9961,4.80,0.80
2007.06.27 10:16:08.786,0.9959,0.9961,10.40,0.80
2007.06.27 10:16:10.360,0.9959,0.9961,11.20,0.80
2007.06.27 10:16:10.426,0.9959,0.9961,12.00,0.80
2007.06.27 10:16:10.560,0.9959,0.9961,12.80,0.80
2007.06.27 10:16:13.918,0.9959,0.9961,7.20,0.80
2007.06.27 10:16:14.189,0.9959,0.9961,6.40,0.80
2007.06.27 10:16:14.205,0.9959,0.9961,5.60,0.80
2007.06.27 10:16:14.701,0.9959,0.9961,4.80,0.80
2007.06.27 10:16:18.412,0.9959,0.9961,4.80,4.80
2007.06.27 10:16:18.447,0.9959,0.9961,2.40,4.80
2007.06.27 10:16:18.520,0.9959,0.9961,2.40,10.40
2007.06.27 10:16:19.793,0.9959,0.9961,2.40,0.80
2007.06.27 10:16:20.235,0.9959,0.9961,2.40,3.20
2007.06.27 10:16:20.911,0.9959,0.996,2.40,0.80
2007.06.27 10:16:24.228,0.9959,0.9961,2.40,0.80
2007.06.27 10:16:25.675,0.99585,0.9961,5.60,3.20
2007.06.27 10:16:25.745,0.99585,0.9961,5.60,5.60
2007.06.27 10:16:26.184,0.9959,0.9961,2.40,3.20
2007.06.27 10:16:26.760,0.9959,0.9961,2.40,8.80
2007.06.27 10:16:26.903,0.9959,0.996,2.40,0.80
2007.06.27 10:16:30.325,0.9959,0.996,4.80,0.80
2007.06.27 10:16:30.524,0.9958,0.996,24.70,0.80
2007.06.27 10:16:30.741,0.9958,0.9961,24.70,10.40
2007.06.27 10:16:30.910,0.9959,0.9961,1.50,4.80
2007.06.27 10:16:31.047,0.99585,0.9961,10.40,0.80
2007.06.27 10:16:31.141,0.9959,0.9961,1.20,3.20
2007.06.27 10:16:31.353,0.9958,0.9961,29.50,5.60
2007.06.27 10:16:31.650,0.9959,0.9961,1.40,3.20
2007.06.27 10:16:31.950,0.9959,0.9961,1.10,8.80
2007.06.27 10:16:32.370,0.9959,0.9961,1.40,6.40
2007.06.27 10:16:32.994,0.9958,0.9961,34.30,0.80
2007.06.27 10:16:44.161,0.99585,0.9961,10.40,0.80
2007.06.27 10:16:44.918,0.99585,0.9961,12.80,0.80
2007.06.27 10:16:46.612,0.9959,0.9962,1.20,14.40
2007.06.27 10:16:47.174,0.9959,0.9962,0.60,13.60
2007.06.27 10:16:47.333,0.9959,0.9962,8.80,13.60
2007.06.27 10:16:47.372,0.9959,0.9962,9.60,12.80
2007.06.27 10:16:47.429,0.996,0.9962,0.80,8.80
2007.06.27 10:16:50.617,0.9959,0.9962,17.60,6.40
2007.06.27 10:16:50.928,0.996,0.9962,0.80,0.80
2007.06.27 10:16:51.502,0.9958,0.9962,36.70,0.80
2007.06.27 10:16:53.174,0.9958,0.9962,36.70,3.20
2007.06.27 10:16:53.533,0.9959,0.9962,5.70,8.80
2007.06.27 10:16:55.680,0.9959,0.9962,19.20,6.40
2007.06.27 10:16:55.828,0.9959,0.9962,19.20,0.80
2007.06.27 10:16:59.076,0.996,0.9962,1.00,0.80
2007.06.27 10:17:06.074,0.9959,0.9962,33.50,6.40
2007.06.27 10:17:06.617,0.9958,0.9962,36.70,6.40
2007.06.27 10:17:07.138,0.9958,0.9962,36.70,8.80
2007.06.27 10:17:07.341,0.9959,0.9962,5.20,11.20
2007.06.27 10:17:07.641,0.9959,0.9962,15.20,8.80
2007.06.27 10:17:07.746,0.996,0.9962,0.60,6.40
2007.06.27 10:17:07.900,0.9959,0.9962,17.60,0.80
2007.06.27 10:17:08.405,0.996,0.9962,1.00,6.40
2007.06.27 10:17:08.449,0.9959,0.9962,12.00,10.40
2007.06.27 10:17:14.178,0.996,0.9962,0.50,4.80
2007.06.27 10:17:14.572,0.9959,0.9962,35.90,0.80
2007.06.27 10:17:16.090,0.9959,0.9962,16.00,6.40
2007.06.27 10:17:16.135,0.9959,0.9962,12.00,10.40
2007.06.27 10:17:18.169,0.996,0.9962,0.70,10.40
2007.06.27 10:17:18.242,0.9959,0.9962,16.00,6.40
2007.06.27 10:17:18.516,0.996,0.9962,2.50,0.80
2007.06.27 10:17:18.643,0.9959,0.9962,21.60,0.80
2007.06.27 10:17:18.731,0.9959,0.9962,16.00,6.40
2007.06.27 10:17:18.779,0.996,0.9962,0.60,10.40
2007.06.27 10:17:19.111,0.99585,0.9962,14.40,12.80
2007.06.27 10:17:19.276,0.99585,0.9962,13.60,12.80
2007.06.27 10:17:19.363,0.99585,0.9962,16.80,9.60
2007.06.27 10:17:19.435,0.99585,0.9962,16.80,10.40
2007.06.27 10:17:19.535,0.9958,0.9962,41.50,5.60
2007.06.27 10:17:19.759,0.9959,0.9961,2.90,5.60
2007.06.27 10:17:19.778,0.9958,0.9961,31.90,9.60
2007.06.27 10:17:19.946,0.9958,0.9961,31.90,9.60
2007.06.27 10:17:21.069,0.9959,0.9961,2.30,10.40
2007.06.27 10:17:21.487,0.9958,0.9961,35.90,6.40
2007.06.27 10:17:21.531,0.9959,0.9961,2.70,0.80
2007.06.27 10:17:22.900,0.9959,0.9962,1.20,15.20
2007.06.27 10:17:23.119,0.99585,0.99615,10.40,5.60
2007.06.27 10:17:23.334,0.99585,0.9962,10.40,15.20
2007.06.27 10:17:23.623,0.9959,0.99615,0.50,5.60
2007.06.27 10:17:24.617,0.9959,0.9961,2.10,5.60
2007.06.27 10:17:25.636,0.9958,0.99615,32.70,5.60
2007.06.27 10:17:25.775,0.9958,0.9961,36.70,0.80
2007.06.27 10:17:28.985,0.996,0.9961,4.80,0.80
2007.06.27 10:17:29.220,0.996,0.99625,4.80,5.60
2007.06.27 10:17:29.248,0.996,0.99625,2.30,5.60
2007.06.27 10:17:29.278,0.9959,0.99625,36.70,5.60
2007.06.27 10:17:29.669,0.9959,0.99625,35.90,5.60
2007.06.27 10:17:29.785,0.9959,0.9962,36.70,0.80
2007.06.27 10:17:30.095,0.9959,0.9962,34.30,0.80
2007.06.27 10:17:30.212,0.996,0.9962,1.10,3.20
2007.06.27 10:17:30.314,0.9959,0.9962,34.30,3.20
2007.06.27 10:17:31.432,0.9959,0.9962,16.00,7.20
2007.06.27 10:17:31.555,0.996,0.9962,0.80,12.80
2007.06.27 10:17:32.855,0.9959,0.99615,10.40,5.60
2007.06.27 10:17:33.570,0.99585,0.99615,15.20,5.60
2007.06.27 10:17:33.710,0.9959,0.99615,4.00,5.60
2007.06.27 10:17:33.911,0.9959,0.9961,3.10,0.80
2007.06.27 10:17:36.752,0.9959,0.9961,3.60,0.80
2007.06.27 10:17:42.693,0.99585,0.9961,12.80,0.80
2007.06.27 10:17:45.527,0.99585,0.9961,12.00,0.80
2007.06.27 10:17:45.634,0.9959,0.9961,1.00,0.80
2007.06.27 10:17:45.729,0.99585,0.9961,10.40,0.80
2007.06.27 10:17:46.247,0.99585,0.9961,12.00,0.80
2007.06.27 10:17:46.297,0.99585,0.9961,15.20,0.80
2007.06.27 10:17:46.863,0.99585,0.99615,15.20,5.60
2007.06.27 10:17:47.466,0.9959,0.9962,4.80,15.20
2007.06.27 10:17:48.023,0.9959,0.99615,3.00,5.60
2007.06.27 10:17:48.142,0.9959,0.99615,1.70,5.60
2007.06.27 10:17:49.416,0.9959,0.99615,1.80,5.60
2007.06.27 10:17:49.497,0.9959,0.9961,2.50,0.80
2007.06.27 10:17:49.578,0.99585,0.9961,11.20,0.80
2007.06.27 10:17:49.624,0.9959,0.9961,1.60,0.80
2007.06.27 10:17:52.140,0.99585,0.9961,8.00,3.20
2007.06.27 10:17:52.335,0.99585,0.9961,1.70,5.60
2007.06.27 10:17:52.392,0.99585,0.9961,0.50,9.60
2007.06.27 10:17:52.403,0.99575,0.9961,24.70,15.20
2007.06.27 10:17:52.654,0.9959,0.9961,1.40,12.80
2007.06.27 10:17:52.745,0.9958,0.9961,23.90,10.40
2007.06.27 10:17:52.886,0.9959,0.9961,1.40,6.40
2007.06.27 10:17:53.662,0.9959,0.9961,1.40,0.80
2007.06.27 10:17:55.430,0.99585,0.9961,8.00,4.80
2007.06.27 10:17:55.464,0.9959,0.9961,1.10,10.40
2007.06.27 10:17:56.113,0.9959,0.9961,1.40,9.60
2007.06.27 10:17:56.237,0.9958,0.9961,28.70,6.40
2007.06.27 10:17:56.269,0.9959,0.9961,0.80,0.80
2007.06.27 10:17:58.307,0.9959,0.9961,2.40,6.40
2007.06.27 10:17:58.412,0.9959,0.9961,2.40,10.40
2007.06.27 10:17:58.712,0.9958,0.9961,21.50,12.80
2007.06.27 10:17:59.226,0.9959,0.9961,2.40,10.40
2007.06.27 10:17:59.499,0.9959,0.9961,2.40,6.40
2007.06.27 10:17:59.606,0.9959,0.9961,2.40,0.80
2007.06.27 10:18:02.278,0.9959,0.996,2.40,2.40
2007.06.27 10:18:02.307,0.9959,0.9961,2.40,3.20
2007.06.27 10:18:02.630,0.9958,0.996,4.80,0.60
2007.06.27 10:18:03.078,0.9958,0.9959,4.80,0.80
2007.06.27 10:18:05.322,0.9958,0.9961,4.80,15.20
2007.06.27 10:18:10.332,0.9958,0.9961,4.80,14.40
2007.06.27 10:18:10.802,0.9958,0.9961,2.40,16.80
2007.06.27 10:18:11.255,0.9958,0.9962,2.40,36.70
2007.06.27 10:18:11.340,0.9958,0.9961,8.00,0.60
2007.06.27 10:18:11.518,0.9958,0.9961,8.00,0.50
2007.06.27 10:18:11.733,0.9958,0.9961,10.40,0.80
2007.06.27 10:18:12.522,0.9958,0.9961,8.00,0.60
2007.06.27 10:18:12.558,0.9958,0.9962,8.00,38.30
2007.06.27 10:18:12.677,0.9958,0.9961,8.00,19.20
2007.06.27 10:18:12.929,0.9958,0.99605,2.40,8.00
2007.06.27 10:18:13.216,0.9958,0.99605,2.40,0.50
2007.06.27 10:18:13.284,0.9958,0.99605,5.60,0.50
2007.06.27 10:18:13.335,0.9958,0.99605,6.40,0.80
2007.06.27 10:18:13.505,0.9958,0.9961,7.20,16.80
2007.06.27 10:18:13.711,0.9959,0.9961,2.40,13.60
2007.06.27 10:18:13.965,0.9959,0.996,2.40,0.50
2007.06.27 10:18:14.190,0.9959,0.9961,2.40,12.00
2007.06.27 10:18:15.143,0.9958,0.996,22.30,0.50
2007.06.27 10:18:15.692,0.9958,0.9962,22.30,21.60
2007.06.27 10:18:15.784,0.9958,0.9962,8.00,35.90
2007.06.27 10:18:16.208,0.9958,0.9962,13.60,35.90
2007.06.27 10:18:16.380,0.9958,0.9961,11.20,0.70
2007.06.27 10:18:17.490,0.9958,0.9961,5.60,0.60
2007.06.27 10:18:17.607,0.9959,0.9962,2.40,33.50
2007.06.27 10:18:19.656,0.9958,0.9962,5.60,33.50
2007.06.27 10:18:19.763,0.9958,0.9962,5.60,35.90
2007.06.27 10:18:26.878,0.9958,0.9961,4.80,0.70
2007.06.27 10:18:27.266,0.9958,0.9961,4.00,0.90
2007.06.27 10:18:27.305,0.9958,0.9962,3.20,40.70
2007.06.27 10:18:27.388,0.9958,0.9961,2.40,0.60
2007.06.27 10:18:32.238,0.9958,0.996,2.40,0.50
2007.06.27 10:18:34.687,0.9958,0.9961,2.40,0.70
2007.06.27 10:18:36.656,0.9958,0.9961,2.40,16.80
2007.06.27 10:18:41.117,0.9958,0.9962,2.40,40.70
2007.06.27 10:18:46.689,0.9959,0.9961,2.40,0.90
2007.06.27 10:18:47.165,0.9959,0.996,2.40,0.90
2007.06.27 10:18:47.699,0.9959,0.9962,2.40,38.30
2007.06.27 10:18:47.817,0.9959,0.9961,2.40,0.50
2007.06.27 10:18:49.346,0.9959,0.9961,4.80,0.80
2007.06.27 10:18:49.515,0.9959,0.9961,4.80,0.50
2007.06.27 10:18:49.960,0.9959,0.9961,4.80,0.50
2007.06.27 10:18:50.745,0.9959,0.9962,4.80,16.80
2007.06.27 10:18:51.333,0.9959,0.9962,5.60,15.20
2007.06.27 10:18:51.362,0.9959,0.9962,7.20,14.40
2007.06.27 10:18:51.429,0.996,0.99615,2.40,0.80
2007.06.27 10:18:52.625,0.996,0.99625,2.40,10.40
2007.06.27 10:18:53.312,0.9959,0.9962,16.00,0.60
2007.06.27 10:18:53.421,0.9959,0.9962,9.60,12.00
2007.06.27 10:18:53.446,0.9959,0.9962,4.80,16.80
2007.06.27 10:18:57.106,0.9959,0.99615,4.80,8.00
2007.06.27 10:19:10.810,0.9959,0.9961,2.40,2.40
2007.06.27 10:19:12.334,0.9959,0.9961,4.80,2.40
2007.06.27 10:19:16.601,0.99585,0.9961,10.40,2.40
2007.06.27 10:19:21.872,0.9959,0.9961,1.60,2.40
2007.06.27 10:19:22.007,0.99585,0.9961,12.00,2.40
2007.06.27 10:19:22.022,0.996,0.9961,0.80,2.40
2007.06.27 10:19:33.416,0.9958,0.9961,39.90,2.40
2007.06.27 10:19:33.458,0.9959,0.9961,2.60,2.40
2007.06.27 10:19:33.553,0.9958,0.9961,38.30,2.40
2007.06.27 10:19:33.800,0.9959,0.9961,2.20,2.40
2007.06.27 10:19:38.197,0.9959,0.9961,1.00,4.80
2007.06.27 10:19:39.647,0.99585,0.99615,8.00,10.40
2007.06.27 10:19:40.971,0.9959,0.9961,0.50,0.60
2007.06.27 10:19:41.268,0.9958,0.9961,0.60,0.50
2007.06.27 10:19:41.430,0.9958,0.9961,0.60,0.50
2007.06.27 10:19:41.490,0.9958,0.9961,0.70,0.80
2007.06.27 10:19:41.870,0.9958,0.9961,0.80,0.70
2007.06.27 10:19:41.983,0.9958,0.9961,0.50,0.50
2007.06.27 10:19:42.057,0.9958,0.9961,0.80,0.60
2007.06.27 10:19:42.186,0.99575,0.9962,10.40,40.70
2007.06.27 10:19:43.665,0.9958,0.996,2.40,0.80
2007.06.27 10:19:53.997,0.9958,0.996,16.70,0.80
2007.06.27 10:19:54.120,0.9958,0.9962,19.10,21.60
2007.06.27 10:19:54.425,0.9958,0.9961,4.80,0.50
2007.06.27 10:19:54.519,0.9958,0.9962,19.10,21.60
2007.06.27 10:19:55.690,0.9958,0.9962,24.70,21.60
2007.06.27 10:19:55.729,0.9958,0.9961,22.30,16.80
2007.06.27 10:19:55.756,0.9958,0.996,8.00,0.50
2007.06.27 10:19:56.150,0.9958,0.9961,10.40,0.80
2007.06.27 10:19:56.306,0.9958,0.9962,24.70,21.60
2007.06.27 10:19:56.350,0.9959,0.9961,2.40,0.50
2007.06.27 10:19:56.713,0.9959,0.9961,2.40,12.80
2007.06.27 10:19:56.772,0.9958,0.9961,22.30,12.80
2007.06.27 10:19:56.784,0.9958,0.9961,8.00,12.80
2007.06.27 10:19:56.868,0.9958,0.996,5.60,0.50
2007.06.27 10:19:57.257,0.9958,0.9961,19.90,15.20
2007.06.27 10:19:57.395,0.9958,0.996,22.30,0.90
2007.06.27 10:19:58.609,0.9958,0.9962,24.70,21.60
2007.06.27 10:19:58.823,0.9958,0.9962,22.30,21.60
2007.06.27 10:19:58.978,0.9958,0.9962,16.70,21.60
2007.06.27 10:20:00.762,0.9958,0.9961,19.10,0.80
2007.06.27 10:20:00.780,0.9958,0.9962,24.70,21.60
2007.06.27 10:20:03.760,0.9958,0.9961,24.70,10.40
2007.06.27 10:20:04.268,0.9958,0.996,10.40,0.80
2007.06.27 10:20:04.386,0.9958,0.9961,4.80,14.40
2007.06.27 10:20:04.663,0.9958,0.9961,2.40,16.80
2007.06.27 10:20:04.796,0.9958,0.996,16.70,0.70
2007.06.27 10:20:05.872,0.9958,0.9961,2.40,16.80
2007.06.27 10:20:06.215,0.99575,0.9961,5.60,19.20
2007.06.27 10:20:07.545,0.9957,0.9961,22.30,20.00
2007.06.27 10:20:08.717,0.9957,0.9961,24.70,20.80
2007.06.27 10:20:09.359,0.9957,0.996,30.30,0.80
2007.06.27 10:20:09.526,0.9957,0.996,31.10,0.70
2007.06.27 10:20:09.630,0.9957,0.99605,30.30,10.40
2007.06.27 10:20:09.676,0.9957,0.996,28.70,0.60
2007.06.27 10:20:10.224,0.9957,0.996,28.70,0.80
2007.06.27 10:20:10.694,0.9957,0.99605,14.40,10.40
2007.06.27 10:20:10.785,0.9957,0.996,12.00,0.90
2007.06.27 10:20:10.854,0.9957,0.9961,6.40,20.00
2007.06.27 10:20:11.122,0.9957,0.996,2.40,0.70
2007.06.27 10:20:14.466,0.9957,0.9961,2.40,22.40
2007.06.27 10:20:14.586,0.9957,0.9961,2.40,24.00
2007.06.27 10:20:14.707,0.99565,0.9959,5.60,0.90
2007.06.27 10:20:15.079,0.9956,0.99595,34.30,8.00
2007.06.27 10:20:17.172,0.9956,0.9959,33.50,0.90
2007.06.27 10:20:17.300,0.9957,0.9959,14.30,0.60
2007.06.27 10:20:18.340,0.99565,0.996,5.60,19.20
2007.06.27 10:20:18.477,0.9957,0.9961,4.80,43.90
2007.06.27 10:20:18.796,0.9957,0.9961,2.40,43.90
2007.06.27 10:20:19.002,0.9957,0.9961,2.40,43.90
2007.06.27 10:20:19.129,0.9957,0.9959,2.40,0.60
2007.06.27 10:20:19.270,0.9957,0.996,2.40,19.20
2007.06.27 10:20:19.302,0.9957,0.9959,2.40,0.60
2007.06.27 10:20:19.389,0.9957,0.996,2.40,20.80
2007.06.27 10:20:19.661,0.9957,0.9959,2.40,0.90
2007.06.27 10:20:19.705,0.9957,0.996,2.40,19.20
2007.06.27 10:20:20.176,0.9957,0.996,2.40,18.40
2007.06.27 10:20:20.754,0.9957,0.9959,2.40,0.90
2007.06.27 10:20:21.181,0.9957,0.99595,2.40,8.00
2007.06.27 10:20:22.107,0.9956,0.99595,27.90,8.00
2007.06.27 10:20:22.215,0.9956,0.99595,27.90,10.40
2007.06.27 10:20:22.641,0.9957,0.9959,2.40,0.80
2007.06.27 10:20:28.692,0.9956,0.9959,27.90,4.80
2007.06.27 10:20:28.795,0.9956,0.9958,31.10,2.40
2007.06.27 10:20:29.709,0.9956,0.9959,27.10,12.80
2007.06.27 10:20:30.260,0.9956,0.9959,12.80,12.80
2007.06.27 10:20:30.421,0.9956,0.9959,7.20,12.80
2007.06.27 10:20:30.644,0.9956,0.9959,6.40,16.80
2007.06.27 10:20:30.678,0.9956,0.99585,5.60,5.60
2007.06.27 10:20:30.843,0.9956,0.99585,4.80,5.60
2007.06.27 10:20:31.674,0.9956,0.9958,4.80,2.40
2007.06.27 10:20:32.023,0.9956,0.9958,2.40,2.40
2007.06.27 10:20:33.130,0.9955,0.9958,31.90,4.80
2007.06.27 10:20:33.445,0.9955,0.9958,31.10,4.80
2007.06.27 10:20:33.515,0.9955,0.9958,24.70,11.20
2007.06.27 10:20:33.752,0.9955,0.9958,24.70,10.40
2007.06.27 10:20:40.658,0.9956,0.9958,2.40,8.00
2007.06.27 10:20:40.976,0.9956,0.9958,2.40,2.40
2007.06.27 10:20:45.205,0.9955,0.9958,31.90,4.80
2007.06.27 10:20:45.815,0.9955,0.9958,29.50,7.20
2007.06.27 10:20:45.833,0.9955,0.9958,15.20,7.20
2007.06.27 10:20:45.877,0.9955,0.99575,9.60,5.60
2007.06.27 10:20:45.894,0.9955,0.99575,5.60,5.60
2007.06.27 10:20:46.358,0.9955,0.99575,9.60,5.60
2007.06.27 10:20:46.394,0.9955,0.9958,15.20,8.80
2007.06.27 10:20:46.546,0.9955,0.9958,15.20,9.60
2007.06.27 10:20:46.642,0.9955,0.9958,15.20,8.80
2007.06.27 10:20:46.660,0.9955,0.9958,15.20,8.00
2007.06.27 10:20:46.753,0.9955,0.9958,17.60,5.60
2007.06.27 10:20:46.847,0.9955,0.9958,13.60,8.80
2007.06.27 10:20:46.907,0.9955,0.99575,8.00,5.60
2007.06.27 10:20:47.166,0.9955,0.9958,8.00,14.40
2007.06.27 10:20:49.633,0.9956,0.9958,2.40,12.00
2007.06.27 10:20:50.064,0.9956,0.9958,2.40,6.40
2007.06.27 10:20:51.225,0.9956,0.99585,2.40,5.60
2007.06.27 10:20:51.784,0.9956,0.9958,2.40,2.40
2007.06.27 10:20:53.704,0.9956,0.99585,2.40,5.60
2007.06.27 10:20:54.692,0.9956,0.9958,2.40,2.40
2007.06.27 10:20:55.159,0.9955,0.9958,31.90,4.80
2007.06.27 10:20:55.985,0.9955,0.9958,26.30,10.40
2007.06.27 10:20:56.264,0.9955,0.9958,8.00,14.40
2007.06.27 10:20:57.237,0.9955,0.9958,22.30,14.40
2007.06.27 10:21:01.940,0.99545,0.9958,27.90,14.40
2007.06.27 10:21:06.118,0.9956,0.9958,0.50,12.00
2007.06.27 10:21:06.464,0.9956,0.9958,1.00,6.40
2007.06.27 10:21:06.930,0.9956,0.9958,0.60,6.40
2007.06.27 10:21:10.590,0.99555,0.9958,11.20,6.40
2007.06.27 10:21:10.599,0.99555,0.9958,12.00,2.40
2007.06.27 10:21:10.881,0.99555,0.9958,27.10,2.40
2007.06.27 10:21:10.893,0.9956,0.9958,9.50,2.40
2007.06.27 10:21:12.691,0.99555,0.9958,27.90,2.40
2007.06.27 10:21:12.747,0.99555,0.9958,12.80,2.40
2007.06.27 10:21:13.148,0.9956,0.9958,0.90,2.40
2007.06.27 10:21:13.261,0.99555,0.9958,12.80,2.40
2007.06.27 10:21:13.457,0.99555,0.9958,13.60,2.40
2007.06.27 10:21:13.824,0.9956,0.9958,0.50,2.40
2007.06.27 10:21:14.537,0.9956,0.9958,13.60,2.40
2007.06.27 10:21:14.827,0.9955,0.9959,42.20,10.40
2007.06.27 10:21:15.654,0.9957,0.9959,1.20,10.40
2007.06.27 10:21:15.748,0.9956,0.9959,29.50,8.00
2007.06.27 10:21:16.803,0.9956,0.9959,34.20,8.00
2007.06.27 10:21:17.045,0.9957,0.9959,3.10,2.40
2007.06.27 10:21:17.184,0.99565,0.9959,19.90,4.80
2007.06.27 10:21:17.216,0.9956,0.9959,31.10,4.80
2007.06.27 10:21:18.364,0.9956,0.9959,9.50,10.40
2007.06.27 10:21:21.447,0.9955,0.9959,42.20,4.80
2007.06.27 10:21:21.944,0.9955,0.9959,42.20,10.40
2007.06.27 10:21:23.454,0.9956,0.9959,15.20,4.80
2007.06.27 10:21:33.359,0.9956,0.9959,31.10,2.40
2007.06.27 10:21:33.841,0.9957,0.99595,2.40,5.60
2007.06.27 10:21:34.511,0.9957,0.996,2.40,16.80
2007.06.27 10:21:35.042,0.9957,0.9959,2.40,0.80
2007.06.27 10:21:47.213,0.9957,0.9959,2.40,3.20
2007.06.27 10:21:48.256,0.9957,0.9958,16.70,0.80
2007.06.27 10:21:48.762,0.9957,0.9959,16.70,2.40
2007.06.27 10:21:57.137,0.9957,0.996,16.70,16.80
2007.06.27 10:21:59.129,0.9957,0.996,16.70,16.00
2007.06.27 10:21:59.208,0.9957,0.996,16.70,15.20
2007.06.27 10:22:00.744,0.9957,0.996,22.30,9.60
2007.06.27 10:22:01.885,0.9957,0.996,22.30,12.00
2007.06.27 10:22:02.021,0.9957,0.996,16.70,17.60
2007.06.27 10:22:07.591,0.9957,0.996,6.10,17.60
2007.06.27 10:22:09.786,0.9958,0.996,1.20,14.40
2007.06.27 10:22:10.019,0.9958,0.996,7.10,8.80
2007.06.27 10:22:16.806,0.99575,0.996,2.20,4.80
2007.06.27 10:22:16.872,0.9957,0.996,6.30,10.40
2007.06.27 10:22:16.881,0.9957,0.996,0.60,12.80
2007.06.27 10:22:18.764,0.99565,0.996,26.30,10.40
2007.06.27 10:22:18.867,0.9957,0.996,21.40,14.40
2007.06.27 10:22:18.908,0.99575,0.996,19.90,8.80
2007.06.27 10:22:28.210,0.99575,0.996,22.30,8.80
2007.06.27 10:22:28.315,0.99575,0.996,22.30,6.40
2007.06.27 10:22:29.233,0.99575,0.996,19.90,8.80
2007.06.27 10:22:30.087,0.99575,0.996,22.30,8.80
2007.06.27 10:22:30.198,0.99575,0.996,22.30,6.40
2007.06.27 10:22:30.709,0.99575,0.9961,39.00,19.20
2007.06.27 10:22:36.787,0.9958,0.996,14.30,0.50
2007.06.27 10:22:53.754,0.9958,0.9961,16.70,19.20
2007.06.27 10:23:01.083,0.9958,0.996,5.40,6.40
2007.06.27 10:23:05.820,0.99575,0.996,8.00,2.40
2007.06.27 10:23:05.914,0.99575,0.9961,8.00,16.80
2007.06.27 10:23:06.224,0.99575,0.996,8.00,2.40
2007.06.27 10:23:06.726,0.9957,0.99605,29.50,5.60
2007.06.27 10:23:07.122,0.9957,0.9959,23.90,2.40
2007.06.27 10:23:07.629,0.9958,0.996,0.70,12.00
2007.06.27 10:23:08.678,0.9957,0.996,25.50,6.40
2007.06.27 10:23:09.137,0.9957,0.996,0.80,8.80
2007.06.27 10:23:09.647,0.9958,0.996,1.30,6.40
2007.06.27 10:23:13.739,0.9957,0.996,33.40,2.40
2007.06.27 10:23:15.291,0.99575,0.996,8.00,2.40
2007.06.27 10:23:16.830,0.9957,0.996,33.40,2.40
2007.06.27 10:23:22.983,0.9957,0.996,37.40,2.40
2007.06.27 10:23:29.399,0.9958,0.996,16.70,2.40
2007.06.27 10:23:32.707,0.9958,0.996,14.30,4.80
2007.06.27 10:23:34.137,0.9958,0.996,16.70,4.80
2007.06.27 10:23:34.237,0.9958,0.996,16.70,2.40
2007.06.27 10:23:34.374,0.9958,0.996,2.40,2.40
2007.06.27 10:23:35.174,0.9957,0.996,31.10,4.80
2007.06.27 10:23:35.297,0.9957,0.996,26.30,4.80
2007.06.27 10:23:35.363,0.9957,0.996,26.30,7.20
2007.06.27 10:23:35.456,0.9957,0.996,20.70,12.80
2007.06.27 10:23:35.681,0.9958,0.996,2.40,10.40
2007.06.27 10:23:35.788,0.9958,0.996,2.40,8.00
2007.06.27 10:23:35.797,0.9958,0.996,16.70,12.00
2007.06.27 10:23:35.896,0.9958,0.996,22.30,6.40
2007.06.27 10:23:36.627,0.9958,0.996,23.10,6.40
2007.06.27 10:23:36.701,0.9958,0.996,23.90,6.40
2007.06.27 10:23:36.855,0.9958,0.996,18.30,6.40
2007.06.27 10:23:37.394,0.9958,0.996,23.90,6.40
2007.06.27 10:23:38.409,0.9958,0.996,18.30,6.40
2007.06.27 10:23:39.163,0.99575,0.996,23.90,6.40
2007.06.27 10:23:40.954,0.99575,0.996,23.10,6.40
2007.06.27 10:23:41.151,0.9958,0.996,4.90,8.80
2007.06.27 10:23:42.780,0.9956,0.996,43.80,4.80
2007.06.27 10:23:46.768,0.9957,0.996,33.40,4.80
2007.06.27 10:23:47.305,0.9957,0.996,28.70,4.80
2007.06.27 10:23:47.814,0.9957,0.996,3.20,4.80
2007.06.27 10:23:48.697,0.9958,0.996,3.70,4.80
2007.06.27 10:23:49.273,0.9956,0.996,43.80,4.80
2007.06.27 10:23:56.239,0.9957,0.996,31.10,2.40
2007.06.27 10:23:58.216,0.9958,0.996,4.80,2.40
2007.06.27 10:23:59.748,0.9959,0.9961,0.70,14.40
2007.06.27 10:23:59.964,0.9958,0.99605,23.90,5.60
2007.06.27 10:24:00.144,0.9957,0.99605,46.20,5.60
2007.06.27 10:24:00.614,0.99575,0.9961,27.90,16.80
2007.06.27 10:24:02.435,0.9958,0.9961,7.70,19.20
2007.06.27 10:24:07.220,0.9958,0.996,5.10,2.40
2007.06.27 10:24:07.656,0.9958,0.996,16.70,4.80
2007.06.27 10:24:09.171,0.9958,0.996,16.70,2.40
2007.06.27 10:24:09.699,0.9958,0.996,16.70,4.80
2007.06.27 10:24:10.228,0.9958,0.996,16.70,2.40
2007.06.27 10:24:13.610,0.9958,0.996,19.10,2.40
2007.06.27 10:24:13.773,0.9958,0.99605,19.10,5.60
2007.06.27 10:24:14.022,0.9958,0.9961,19.10,17.60
2007.06.27 10:24:14.191,0.9958,0.996,23.10,2.40
2007.06.27 10:24:14.283,0.9958,0.996,28.70,2.40
2007.06.27 10:24:19.618,0.9958,0.9961,28.70,7.20
2007.06.27 10:24:26.698,0.9959,0.9961,2.40,4.80
2007.06.27 10:24:26.807,0.9959,0.9961,2.40,2.40
2007.06.27 10:24:29.208,0.99585,0.9961,5.60,4.80
2007.06.27 10:24:29.314,0.99585,0.9961,5.60,7.20
2007.06.27 10:24:29.909,0.9958,0.9961,28.70,7.20
2007.06.27 10:24:32.484,0.9958,0.9961,11.30,7.20
2007.06.27 10:24:32.508,0.9958,0.9961,2.40,12.80
2007.06.27 10:24:46.121,0.99585,0.9961,2.90,7.20
2007.06.27 10:24:46.343,0.9958,0.9961,31.10,4.80
2007.06.27 10:24:47.908,0.9957,0.9961,43.80,4.80
2007.06.27 10:24:49.221,0.9958,0.9961,9.80,10.40
2007.06.27 10:24:50.205,0.9958,0.996,5.20,2.40
2007.06.27 10:24:50.776,0.9957,0.9961,43.80,8.80
2007.06.27 10:24:50.848,0.9957,0.9961,43.80,11.20
2007.06.27 10:24:51.361,0.9957,0.9961,43.80,8.80
2007.06.27 10:24:52.165,0.9958,0.9961,30.30,6.40
2007.06.27 10:25:16.758,0.99585,0.9961,1.00,8.80
2007.06.27 10:25:17.113,0.9958,0.9961,5.60,8.80
2007.06.27 10:25:39.186,0.9959,0.9961,2.40,6.40
2007.06.27 10:25:39.717,0.9959,0.9961,2.40,2.40
2007.06.27 10:25:39.796,0.9959,0.9961,4.80,2.40
2007.06.27 10:25:40.845,0.9959,0.9961,10.40,2.40
2007.06.27 10:25:40.852,0.9959,0.99625,14.40,5.60
2007.06.27 10:25:41.669,0.99595,0.99625,5.60,5.60
2007.06.27 10:25:41.706,0.99595,0.9962,5.60,2.40
2007.06.27 10:25:42.165,0.9959,0.9962,14.40,2.40
2007.06.27 10:25:42.953,0.99595,0.9962,5.60,2.40
2007.06.27 10:25:46.651,0.99595,0.9962,5.60,4.80
2007.06.27 10:25:46.743,0.99595,0.9962,5.60,7.20
2007.06.27 10:25:47.213,0.9959,0.9962,12.00,7.20
2007.06.27 10:25:47.696,0.9959,0.9962,12.00,12.80
2007.06.27 10:25:47.802,0.9959,0.9962,8.00,12.80
2007.06.27 10:25:50.376,0.9959,0.9962,12.00,12.80
2007.06.27 10:25:50.499,0.9959,0.9962,12.00,7.20
2007.06.27 10:25:50.753,0.9959,0.9962,12.00,12.80
2007.06.27 10:25:50.825,0.9959,0.9962,8.00,12.80
2007.06.27 10:25:51.802,0.9959,0.9962,22.30,12.80
2007.06.27 10:25:52.314,0.9959,0.9962,23.10,12.80
2007.06.27 10:25:52.327,0.9959,0.9962,23.90,12.80
2007.06.27 10:25:53.248,0.9959,0.9962,23.10,12.80
2007.06.27 10:25:53.373,0.9959,0.9961,23.10,2.40
2007.06.27 10:25:53.418,0.9959,0.9961,12.80,2.40
2007.06.27 10:25:53.440,0.9959,0.9961,12.00,2.40
2007.06.27 10:25:53.841,0.9959,0.9961,8.00,2.40
2007.06.27 10:25:53.889,0.9959,0.9961,2.40,2.40
2007.06.27 10:26:05.304,0.9959,0.9961,2.40,4.80
2007.06.27 10:26:05.673,0.9959,0.9961,2.40,0.50
2007.06.27 10:26:05.850,0.9959,0.9961,2.40,0.80
2007.06.27 10:26:05.953,0.9959,0.9961,16.70,0.70
2007.06.27 10:26:05.961,0.9959,0.9961,19.10,0.90
2007.06.27 10:26:06.360,0.9959,0.9961,16.70,0.90
2007.06.27 10:26:06.499,0.9959,0.9962,2.40,16.80
2007.06.27 10:26:06.713,0.9959,0.9962,2.40,0.80
2007.06.27 10:26:07.888,0.9959,0.9963,2.40,40.70
2007.06.27 10:26:08.096,0.9959,0.9963,8.00,40.70
2007.06.27 10:26:16.310,0.9959,0.9963,10.40,40.70
2007.06.27 10:26:16.332,0.9959,0.9962,24.70,0.60
2007.06.27 10:26:16.544,0.9959,0.99625,24.70,10.40
2007.06.27 10:26:29.341,0.9959,0.99625,25.50,10.40
2007.06.27 10:26:29.703,0.9959,0.99625,26.30,10.40
2007.06.27 10:26:34.261,0.9959,0.9962,16.80,4.80
2007.06.27 10:26:34.381,0.9959,0.9962,14.40,7.20
2007.06.27 10:26:34.685,0.9959,0.9962,10.40,7.20
2007.06.27 10:26:34.752,0.9959,0.9962,10.40,12.80
2007.06.27 10:26:34.811,0.9959,0.9962,24.70,12.80
2007.06.27 10:26:34.897,0.9959,0.9962,27.10,10.40
2007.06.27 10:26:35.231,0.9959,0.9962,27.10,4.80
2007.06.27 10:26:37.735,0.9959,0.9962,33.50,2.40
2007.06.27 10:26:38.158,0.996,0.99625,2.40,5.60
2007.06.27 10:26:46.296,0.996,0.99625,16.70,5.60
2007.06.27 10:26:46.500,0.996,0.9963,22.30,12.80
2007.06.27 10:26:46.587,0.996,0.9963,22.30,12.00
2007.06.27 10:26:47.209,0.9961,0.9963,2.40,9.60
2007.06.27 10:26:49.252,0.996,0.9963,22.30,12.00
2007.06.27 10:26:52.061,0.996,0.9963,22.30,0.70
2007.06.27 10:27:00.093,0.996,0.9963,27.10,8.00
2007.06.27 10:27:02.780,0.9961,0.9963,2.40,8.00
2007.06.27 10:27:03.292,0.996,0.9963,27.10,5.60
2007.06.27 10:27:09.500,0.996,0.9962,21.50,0.80
2007.06.27 10:27:10.484,0.996,0.9962,27.10,0.80
2007.06.27 10:27:11.211,0.9961,0.9962,2.40,0.80
2007.06.27 10:27:11.612,0.996,0.9963,27.10,5.60
2007.06.27 10:27:16.161,0.9961,0.9962,2.40,0.80
2007.06.27 10:27:22.120,0.9961,0.9962,2.40,0.80
2007.06.27 10:27:36.658,0.996,0.9963,27.10,8.00
2007.06.27 10:27:37.162,0.996,0.9963,29.50,5.60
2007.06.27 10:27:38.186,0.996,0.9963,27.10,8.00
2007.06.27 10:27:40.220,0.996,0.9963,21.50,13.60
2007.06.27 10:27:40.738,0.996,0.9963,27.10,8.00
2007.06.27 10:27:43.639,0.9961,0.9963,2.40,5.60
2007.06.27 10:27:43.830,0.9961,0.9963,8.00,3.20
2007.06.27 10:27:43.898,0.9961,0.9962,12.00,0.80
2007.06.27 10:27:43.991,0.9961,0.9964,12.00,9.60
2007.06.27 10:27:44.409,0.9961,0.9964,8.00,9.60
2007.06.27 10:27:45.237,0.9961,0.9964,8.00,0.70
2007.06.27 10:27:45.636,0.9961,0.9965,2.40,40.70
2007.06.27 10:27:46.748,0.9961,0.9965,2.40,40.70
2007.06.27 10:27:50.274,0.9961,0.99635,2.40,0.50
2007.06.27 10:27:50.499,0.9961,0.9965,2.40,40.70
2007.06.27 10:27:51.676,0.9961,0.9963,2.40,2.40
2007.06.27 10:27:53.245,0.9961,0.9964,2.40,16.80
2007.06.27 10:27:55.609,0.99605,0.9963,5.60,0.50
2007.06.27 10:27:56.106,0.99605,0.9964,5.60,38.30
2007.06.27 10:27:56.174,0.996,0.9964,5.60,38.30
2007.06.27 10:27:56.658,0.996,0.9964,9.60,38.30
2007.06.27 10:27:56.682,0.996,0.99635,15.20,10.40
2007.06.27 10:28:02.665,0.996,0.99635,17.60,8.00
2007.06.27 10:28:07.034,0.9961,0.9963,2.40,0.80
2007.06.27 10:28:07.061,0.9961,0.9963,2.40,0.50
2007.06.27 10:28:07.087,0.9961,0.9964,2.40,14.40
2007.06.27 10:28:07.219,0.9961,0.99635,2.40,0.50
2007.06.27 10:28:09.418,0.9961,0.9964,4.80,14.40
2007.06.27 10:28:09.442,0.9961,0.9964,8.80,10.40
2007.06.27 10:28:09.562,0.9961,0.99645,14.40,10.40
2007.06.27 10:28:09.719,0.9961,0.9964,12.00,0.80
2007.06.27 10:28:10.479,0.9961,0.99645,8.00,14.40
2007.06.27 10:28:10.504,0.9961,0.99645,5.60,16.80
2007.06.27 10:28:10.585,0.996,0.9964,20.00,16.80
2007.06.27 10:28:11.690,0.996,0.99635,17.60,8.00
2007.06.27 10:28:12.703,0.996,0.9964,20.00,16.80
2007.06.27 10:28:13.173,0.996,0.99635,20.00,8.00
2007.06.27 10:28:13.336,0.996,0.9963,19.20,0.50
2007.06.27 10:28:13.440,0.996,0.9963,18.40,0.60
2007.06.27 10:28:13.469,0.996,0.9963,17.60,0.80
2007.06.27 10:28:19.677,0.996,0.9963,15.20,0.80
2007.06.27 10:28:19.849,0.996,0.9964,9.60,38.30
2007.06.27 10:28:19.895,0.996,0.9963,5.60,0.50
2007.06.27 10:28:20.466,0.996,0.9964,9.60,38.30
2007.06.27 10:28:20.645,0.996,0.99635,15.20,10.40
2007.06.27 10:28:25.148,0.9961,0.9963,2.40,2.40
2007.06.27 10:28:26.572,0.9961,0.9963,8.00,2.40
2007.06.27 10:28:26.615,0.9961,0.9963,12.00,2.40
2007.06.27 10:28:27.072,0.9961,0.9963,6.40,2.40
2007.06.27 10:28:27.134,0.9961,0.9963,2.40,2.40
2007.06.27 10:28:27.314,0.9961,0.9963,2.40,4.80
2007.06.27 10:28:29.503,0.9961,0.9963,2.40,2.40
2007.06.27 10:28:29.865,0.9961,0.9963,8.00,2.40
2007.06.27 10:28:29.912,0.9961,0.9963,12.00,2.40
2007.06.27 10:28:30.711,0.9961,0.9963,9.60,4.80
2007.06.27 10:28:31.227,0.9961,0.9963,9.60,5.60
2007.06.27 10:28:31.242,0.9961,0.9963,9.60,6.40
2007.06.27 10:28:31.347,0.9961,0.9963,9.60,8.80
2007.06.27 10:28:31.509,0.9961,0.9963,4.00,8.80
2007.06.27 10:28:31.589,0.99605,0.9963,5.60,9.60
2007.06.27 10:28:31.943,0.996,0.9963,12.00,9.60
2007.06.27 10:28:31.954,0.996,0.9963,14.40,7.20
2007.06.27 10:28:32.251,0.996,0.9963,8.80,12.80
2007.06.27 10:28:32.257,0.996,0.9963,19.10,16.80
2007.06.27 10:28:32.748,0.996,0.9963,8.80,12.80
2007.06.27 10:28:32.800,0.996,0.9963,14.40,7.20
2007.06.27 10:28:33.050,0.996,0.9963,14.40,6.40
2007.06.27 10:28:33.283,0.996,0.9963,14.40,5.60
2007.06.27 10:28:33.353,0.996,0.9963,14.40,6.40
2007.06.27 10:28:33.598,0.996,0.9963,14.40,7.20
2007.06.27 10:28:34.372,0.996,0.99625,8.80,5.60
2007.06.27 10:28:34.380,0.996,0.99625,4.80,5.60
2007.06.27 10:28:35.358,0.996,0.9963,4.80,14.40
2007.06.27 10:28:39.483,0.996,0.99625,4.80,5.60
2007.06.27 10:28:41.157,0.996,0.9961,2.40,2.40
2007.06.27 10:28:41.192,0.9959,0.9961,31.10,2.40
2007.06.27 10:28:41.367,0.9958,0.9961,39.80,2.40
2007.06.27 10:28:41.376,0.9959,0.9961,2.60,2.40
2007.06.27 10:28:41.469,0.9959,0.9961,5.30,4.80
2007.06.27 10:28:41.609,0.9958,0.9961,31.90,4.80
2007.06.27 10:28:41.908,0.9959,0.9961,1.00,4.80
2007.06.27 10:28:42.150,0.9958,0.9961,31.10,4.80
2007.06.27 10:28:42.195,0.9959,0.9961,0.70,2.40
2007.06.27 10:28:42.369,0.9959,0.9961,1.40,6.40
2007.06.27 10:28:42.408,0.9959,0.9961,1.00,4.00
2007.06.27 10:28:42.432,0.9958,0.9961,26.30,9.60
2007.06.27 10:28:43.956,0.9958,0.9961,30.30,5.60
2007.06.27 10:28:43.971,0.9959,0.9962,0.80,19.20
2007.06.27 10:28:45.389,0.99585,0.9962,8.00,15.20
2007.06.27 10:28:45.466,0.9959,0.9962,1.10,15.20
2007.06.27 10:28:45.844,0.9958,0.9961,33.50,2.40
2007.06.27 10:28:46.539,0.99585,0.9961,8.00,2.40
2007.06.27 10:28:47.046,0.9958,0.9961,33.50,2.40
2007.06.27 10:28:47.304,0.99585,0.9961,8.00,2.40
2007.06.27 10:28:47.764,0.99585,0.9962,8.00,19.20
2007.06.27 10:28:47.797,0.9959,0.9962,1.60,18.40
2007.06.27 10:28:47.840,0.99585,0.9962,8.00,17.60
2007.06.27 10:28:49.381,0.9959,0.9962,0.70,12.00
2007.06.27 10:28:49.620,0.99585,0.9962,8.00,17.60
2007.06.27 10:28:50.711,0.9959,0.9962,1.40,15.20
2007.06.27 10:28:50.795,0.99585,0.9962,8.80,14.40
2007.06.27 10:28:50.807,0.9959,0.9962,1.80,14.40
2007.06.27 10:28:50.985,0.99585,0.9962,10.40,14.40
2007.06.27 10:28:51.111,0.996,0.9962,1.60,14.40
2007.06.27 10:28:51.328,0.996,0.9962,1.40,12.00
2007.06.27 10:28:51.942,0.996,0.9962,0.80,6.40
2007.06.27 10:28:52.154,0.99595,0.9962,2.90,6.40
2007.06.27 10:28:52.393,0.9959,0.9962,14.40,2.40
2007.06.27 10:28:53.850,0.9958,0.9962,36.70,2.40
2007.06.27 10:28:54.614,0.9958,0.9962,34.30,4.80
2007.06.27 10:28:55.755,0.9958,0.9962,36.70,8.80
2007.06.27 10:28:55.889,0.99585,0.9962,10.40,14.40
2007.06.27 10:28:56.681,0.9959,0.9962,2.70,15.20
2007.06.27 10:28:56.724,0.9959,0.9962,0.90,16.00
2007.06.27 10:28:57.300,0.9959,0.9962,1.00,18.40
2007.06.27 10:28:57.625,0.9959,0.9962,0.60,19.20
2007.06.27 10:28:57.731,0.9959,0.9961,1.00,5.60
2007.06.27 10:28:58.978,0.9959,0.99615,0.80,5.60
2007.06.27 10:28:59.144,0.9958,0.99615,31.10,5.60
2007.06.27 10:28:59.439,0.9958,0.9961,14.40,2.40
2007.06.27 10:28:59.700,0.9958,0.9961,12.00,4.80
2007.06.27 10:29:00.164,0.9959,0.9961,1.50,4.80
2007.06.27 10:29:00.373,0.9959,0.9961,0.90,2.40
2007.06.27 10:29:00.565,0.9958,0.9961,33.50,8.00
2007.06.27 10:29:01.100,0.99585,0.9961,8.00,2.40
2007.06.27 10:29:01.313,0.9959,0.9961,3.40,2.40
2007.06.27 10:29:01.331,0.9959,0.9961,3.30,2.40
2007.06.27 10:29:01.636,0.9959,0.9962,1.40,4.80
2007.06.27 10:29:01.675,0.996,0.9962,1.50,4.80
2007.06.27 10:29:01.782,0.9959,0.9962,16.80,2.40
2007.06.27 10:29:02.295,0.9958,0.9962,35.90,5.60
2007.06.27 10:29:02.403,0.9958,0.9961,33.50,2.40
2007.06.27 10:29:02.646,0.9958,0.9961,33.50,2.40
2007.06.27 10:29:03.442,0.9958,0.9961,9.60,4.80
2007.06.27 10:29:03.473,0.9958,0.9961,31.10,4.80
2007.06.27 10:29:03.855,0.9959,0.9961,1.50,2.40
2007.06.27 10:29:04.666,0.99585,0.9961,0.80,4.80
2007.06.27 10:29:05.693,0.99585,0.9961,8.00,2.40
2007.06.27 10:29:05.805,0.9959,0.99615,2.80,5.60
2007.06.27 10:29:06.052,0.9958,0.9962,35.90,7.20
2007.06.27 10:29:06.139,0.9958,0.9962,35.90,2.40
2007.06.27 10:29:06.216,0.9959,0.9962,6.40,2.40
2007.06.27 10:29:06.618,0.9958,0.9962,32.70,3.20
2007.06.27 10:29:06.732,0.9958,0.9962,31.90,4.00
2007.06.27 10:29:07.143,0.9958,0.9962,34.30,4.00
2007.06.27 10:29:07.356,0.9959,0.9962,3.00,8.80
2007.06.27 10:29:07.511,0.9958,0.99615,35.10,5.60
2007.06.27 10:29:08.683,0.9959,0.99615,8.80,5.60
2007.06.27 10:29:08.979,0.9959,0.9962,14.40,4.80
2007.06.27 10:29:09.222,0.9959,0.9962,14.40,4.00
2007.06.27 10:29:09.365,0.9959,0.9962,14.40,3.20
2007.06.27 10:29:09.437,0.9959,0.9962,28.70,2.40
2007.06.27 10:29:09.877,0.9959,0.9962,14.40,2.40
2007.06.27 10:29:10.405,0.9959,0.9962,28.70,2.40
2007.06.27 10:29:10.883,0.9959,0.9962,14.40,2.40
2007.06.27 10:29:13.761,0.9959,0.9962,12.00,7.20
2007.06.27 10:29:14.205,0.9959,0.9962,6.40,12.80
2007.06.27 10:29:14.320,0.9959,0.9962,2.40,16.80
2007.06.27 10:29:20.790,0.9959,0.9961,2.40,2.40
2007.06.27 10:29:20.931,0.9959,0.9961,2.40,8.00
2007.06.27 10:29:23.490,0.9959,0.9961,2.40,0.60
2007.06.27 10:29:25.587,0.9958,0.9962,24.70,19.20
2007.06.27 10:29:25.693,0.9958,0.9962,24.70,21.60
2007.06.27 10:29:29.641,0.9959,0.9962,2.40,19.20
2007.06.27 10:29:31.698,0.9958,0.9961,24.70,0.90
2007.06.27 10:29:32.200,0.9958,0.9962,25.50,21.60
2007.06.27 10:29:32.210,0.9959,0.9962,2.40,19.20
2007.06.27 10:29:32.776,0.9959,0.9962,2.40,19.20
2007.06.27 10:29:33.309,0.9959,0.9962,2.40,19.20
2007.06.27 10:29:33.398,0.9959,0.9962,2.40,19.20
2007.06.27 10:29:34.500,0.9959,0.9962,2.40,19.20
2007.06.27 10:29:43.341,0.9959,0.99615,4.80,0.60
2007.06.27 10:29:43.446,0.9959,0.9963,4.80,41.50
2007.06.27 10:29:46.663,0.9959,0.9963,4.80,43.90
2007.06.27 10:29:46.786,0.9959,0.9962,4.80,16.80
2007.06.27 10:29:48.064,0.9959,0.9963,4.80,43.90
2007.06.27 10:29:49.130,0.9959,0.9962,2.40,19.20
2007.06.27 10:29:49.338,0.99585,0.9961,5.60,0.80
2007.06.27 10:29:49.645,0.9959,0.9962,2.40,0.90
2007.06.27 10:29:49.742,0.9959,0.9962,4.80,0.80
2007.06.27 10:29:49.910,0.9959,0.9962,4.80,16.80
2007.06.27 10:29:50.713,0.9959,0.9962,4.80,16.80
2007.06.27 10:29:53.165,0.9959,0.9962,4.80,14.40
2007.06.27 10:29:53.427,0.9959,0.9962,8.80,10.40
2007.06.27 10:29:53.514,0.9959,0.9962,14.40,4.80
2007.06.27 10:29:56.556,0.9959,0.9962,14.40,0.80
2007.06.27 10:29:56.589,0.9959,0.99625,14.40,9.60
2007.06.27 10:29:56.649,0.9959,0.99625,14.40,8.80
2007.06.27 10:30:04.245,0.9959,0.9963,14.40,35.90
2007.06.27 10:30:05.226,0.9959,0.9963,15.20,35.90
2007.06.27 10:30:05.314,0.9959,0.9963,16.00,35.90
2007.06.27 10:30:05.332,0.996,0.9963,2.40,35.90
2007.06.27 10:30:05.531,0.996,0.9964,2.40,43.90
2007.06.27 10:30:05.743,0.99595,0.9963,5.60,0.90
2007.06.27 10:30:05.861,0.99595,0.9962,5.60,7.20
2007.06.27 10:30:05.877,0.9959,0.9961,12.00,0.70
2007.06.27 10:30:06.179,0.996,0.9961,2.40,0.70
2007.06.27 10:30:06.190,0.996,0.9962,2.40,0.60
2007.06.27 10:30:06.358,0.996,0.9962,4.80,0.70
2007.06.27 10:30:06.695,0.996,0.9963,2.40,14.40
2007.06.27 10:30:06.866,0.9959,0.9963,17.60,35.90
2007.06.27 10:30:06.924,0.9959,0.9963,16.80,35.90
2007.06.27 10:30:07.176,0.99595,0.9963,5.60,0.70
2007.06.27 10:30:07.190,0.99595,0.9963,5.60,38.30
2007.06.27 10:30:07.254,0.99595,0.9963,5.60,39.10
2007.06.27 10:30:07.467,0.9959,0.9962,14.40,0.80
2007.06.27 10:30:08.116,0.9959,0.99625,10.40,14.40
2007.06.27 10:30:08.207,0.9959,0.9963,4.80,39.90
2007.06.27 10:30:17.102,0.9959,0.9963,4.80,38.30
2007.06.27 10:30:17.572,0.9959,0.9963,8.80,35.90
2007.06.27 10:30:17.677,0.9959,0.99625,14.40,8.00
2007.06.27 10:30:18.755,0.9959,0.99625,12.00,10.40
2007.06.27 10:30:19.169,0.9959,0.99625,12.00,13.60
2007.06.27 10:30:19.245,0.9959,0.9962,12.00,0.60
2007.06.27 10:30:19.676,0.9959,0.99625,12.00,12.00
2007.06.27 10:30:19.805,0.9959,0.9962,6.40,10.40
2007.06.27 10:30:19.827,0.9959,0.9962,2.40,14.40
2007.06.27 10:30:19.896,0.9959,0.99615,4.80,0.50
2007.06.27 10:30:20.284,0.9959,0.99625,10.40,12.00
2007.06.27 10:30:20.364,0.9959,0.99625,14.40,8.00
2007.06.27 10:30:22.310,0.9959,0.9962,12.00,0.80
2007.06.27 10:30:22.403,0.9959,0.9962,12.00,0.70
2007.06.27 10:30:22.628,0.9959,0.99615,6.40,0.70
2007.06.27 10:30:22.674,0.9959,0.9962,2.40,19.20
2007.06.27 10:30:25.216,0.9959,0.99615,3.20,5.60
2007.06.27 10:30:25.257,0.9959,0.99615,4.00,5.60
2007.06.27 10:30:25.268,0.9959,0.99615,4.80,5.60
2007.06.27 10:30:25.464,0.9959,0.9962,4.80,19.20
2007.06.27 10:30:25.650,0.9959,0.9962,4.00,19.20
2007.06.27 10:30:25.673,0.9959,0.9962,3.20,19.20
2007.06.27 10:30:25.732,0.9959,0.9962,2.40,19.20
2007.06.27 10:30:26.709,0.9959,0.9962,2.40,16.80
2007.06.27 10:30:26.767,0.9959,0.99615,2.40,5.60
2007.06.27 10:30:26.805,0.9959,0.99615,4.80,5.60
2007.06.27 10:30:26.817,0.99585,0.99615,10.40,5.60
2007.06.27 10:30:27.722,0.99585,0.99615,14.40,5.60
2007.06.27 10:30:27.794,0.9958,0.9962,36.70,2.40
2007.06.27 10:30:36.712,0.996,0.9962,1.10,2.40
2007.06.27 10:30:37.222,0.9958,0.9962,41.40,2.40
2007.06.27 10:30:37.266,0.9958,0.9962,36.70,2.40
2007.06.27 10:30:40.908,0.9959,0.9962,14.40,4.80
2007.06.27 10:30:41.292,0.9959,0.9962,28.70,4.80
2007.06.27 10:30:41.659,0.9959,0.9962,16.80,2.40
2007.06.27 10:30:41.956,0.9958,0.9962,36.70,2.40
2007.06.27 10:30:42.661,0.9958,0.9962,36.70,4.80
2007.06.27 10:30:42.763,0.9959,0.9962,1.60,10.40
2007.06.27 10:30:42.771,0.9959,0.9962,1.60,14.40
2007.06.27 10:30:42.833,0.99585,0.9962,8.00,16.80
2007.06.27 10:30:43.240,0.9959,0.9962,1.10,17.60
2007.06.27 10:30:44.076,0.9959,0.9962,0.70,18.40
2007.06.27 10:30:44.090,0.99585,0.9962,10.40,16.00
2007.06.27 10:30:44.133,0.9958,0.99615,35.90,5.60
2007.06.27 10:30:44.178,0.9959,0.9961,0.70,2.40
2007.06.27 10:30:44.383,0.9958,0.9961,30.30,4.80
2007.06.27 10:30:45.006,0.9958,0.9961,10.40,8.80
2007.06.27 10:30:45.067,0.9958,0.9961,1.20,14.40
2007.06.27 10:30:48.675,0.99575,0.9961,24.70,14.40
2007.06.27 10:30:48.726,0.9958,0.9961,21.50,12.00
2007.06.27 10:30:50.834,0.9958,0.9961,28.70,8.00
2007.06.27 10:30:51.702,0.9957,0.9961,43.80,10.40
2007.06.27 10:30:51.783,0.9957,0.9961,43.00,12.80
2007.06.27 10:30:51.892,0.9957,0.9961,41.40,12.80
2007.06.27 10:30:52.723,0.9958,0.9961,6.00,12.80
2007.06.27 10:30:55.199,0.9959,0.9961,2.40,10.40
2007.06.27 10:30:55.399,0.9959,0.9961,2.40,8.00
2007.06.27 10:30:55.503,0.9959,0.9961,2.40,2.40
2007.06.27 10:30:56.113,0.9958,0.9961,27.10,2.40
2007.06.27 10:30:57.663,0.9957,0.9961,41.40,4.80
2007.06.27 10:30:57.763,0.9958,0.9961,2.40,7.20
2007.06.27 10:30:57.793,0.9957,0.9961,36.70,7.20
2007.06.27 10:30:58.210,0.9957,0.9961,36.70,11.20
2007.06.27 10:30:58.244,0.9957,0.99605,36.70,5.60
2007.06.27 10:30:58.982,0.9958,0.9961,1.00,18.40
2007.06.27 10:30:59.253,0.9958,0.99605,0.90,5.60
2007.06.27 10:31:03.326,0.9958,0.99605,4.00,5.60
2007.06.27 10:31:04.160,0.99575,0.9961,22.30,19.20
2007.06.27 10:31:05.743,0.9959,0.9961,1.10,16.80
2007.06.27 10:31:15.208,0.99575,0.9961,22.30,19.20
2007.06.27 10:31:15.338,0.99575,0.9961,8.00,20.00
2007.06.27 10:31:15.603,0.9958,0.9961,4.80,20.00
2007.06.27 10:31:15.732,0.9958,0.9961,4.80,36.70
2007.06.27 10:31:15.760,0.9959,0.99605,1.10,5.60
2007.06.27 10:31:16.130,0.9956,0.996,36.70,2.40
2007.06.27 10:31:17.181,0.9958,0.99605,1.20,5.60
2007.06.27 10:31:17.262,0.9958,0.99605,1.60,5.60
2007.06.27 10:31:17.361,0.9957,0.99605,35.10,5.60
2007.06.27 10:31:17.397,0.9957,0.99605,41.40,5.60
2007.06.27 10:31:17.679,0.9958,0.99605,23.90,5.60
2007.06.27 10:31:17.999,0.9959,0.9962,1.10,13.60
2007.06.27 10:31:18.037,0.9959,0.9962,2.70,11.20
2007.06.27 10:31:18.084,0.9958,0.99615,35.90,5.60
2007.06.27 10:31:19.193,0.9959,0.99615,7.20,5.60
2007.06.27 10:31:20.222,0.99585,0.99615,27.10,5.60
2007.06.27 10:31:20.318,0.99585,0.99615,25.50,5.60
2007.06.27 10:31:20.493,0.9959,0.99615,1.40,5.60
2007.06.27 10:31:20.587,0.99585,0.99615,10.40,5.60
2007.06.27 10:31:21.948,0.9959,0.99615,1.30,5.60
2007.06.27 10:31:22.183,0.99595,0.9962,8.00,6.40
2007.06.27 10:31:22.245,0.996,0.9962,0.50,2.40
2007.06.27 10:31:22.362,0.99595,0.9962,8.80,2.40
2007.06.27 10:31:22.711,0.9959,0.9962,33.50,2.40
2007.06.27 10:31:23.199,0.9958,0.9962,41.40,4.80
2007.06.27 10:31:23.287,0.9959,0.9962,7.00,4.80
2007.06.27 10:31:23.667,0.9959,0.9962,15.20,4.80
2007.06.27 10:31:23.777,0.9959,0.9962,6.90,4.80
2007.06.27 10:31:24.230,0.996,0.9962,1.20,8.00
2007.06.27 10:31:24.631,0.9958,0.9962,43.00,8.00
2007.06.27 10:31:24.755,0.9959,0.9962,13.50,2.40
2007.06.27 10:31:24.916,0.9958,0.9962,36.70,2.40
2007.06.27 10:31:24.971,0.99595,0.9962,1.90,2.40
2007.06.27 10:31:25.495,0.9959,0.9962,14.40,2.40
2007.06.27 10:31:26.694,0.9959,0.9962,14.40,4.80
2007.06.27 10:31:26.903,0.9959,0.9962,12.00,7.20
2007.06.27 10:31:27.803,0.9959,0.9962,12.00,12.80
2007.06.27 10:31:27.851,0.9959,0.9962,8.00,12.80
2007.06.27 10:31:31.232,0.9959,0.9962,8.00,10.40
2007.06.27 10:31:31.327,0.9959,0.9962,10.40,8.00
2007.06.27 10:31:31.405,0.9959,0.9962,14.40,8.00
2007.06.27 10:31:31.431,0.9959,0.9962,14.40,2.40
2007.06.27 10:31:34.184,0.9958,0.9962,36.70,2.40
2007.06.27 10:31:34.212,0.9958,0.9962,36.70,5.60
2007.06.27 10:31:34.259,0.9958,0.9962,36.70,6.40
2007.06.27 10:31:34.541,0.9959,0.9962,1.30,12.00
2007.06.27 10:31:34.677,0.9958,0.9962,36.70,10.40
2007.06.27 10:31:36.799,0.9958,0.9962,36.70,12.80
2007.06.27 10:31:37.091,0.9959,0.9962,1.90,16.80
2007.06.27 10:31:37.222,0.9958,0.9962,36.70,19.20
2007.06.27 10:31:37.351,0.9959,0.9962,1.10,19.20
2007.06.27 10:31:41.743,0.99585,0.9962,10.40,16.80
2007.06.27 10:31:42.382,0.9959,0.9962,2.80,14.40
2007.06.27 10:31:42.524,0.99585,0.9962,12.80,10.40
2007.06.27 10:31:42.712,0.9959,0.9962,4.70,10.40
2007.06.27 10:31:44.811,0.9959,0.9962,4.20,12.80
2007.06.27 10:31:44.839,0.9958,0.9962,36.70,16.80
2007.06.27 10:31:44.999,0.99585,0.9962,10.40,16.80
2007.06.27 10:31:45.443,0.9959,0.9962,1.60,14.40
2007.06.27 10:31:45.558,0.9959,0.9962,1.90,14.40
2007.06.27 10:31:45.573,0.9958,0.9962,36.70,10.40
2007.06.27 10:31:47.183,0.9959,0.9962,15.20,7.20
2007.06.27 10:31:47.239,0.9959,0.9962,29.50,6.40
2007.06.27 10:31:47.328,0.99595,0.9963,8.00,19.20
2007.06.27 10:31:56.173,0.996,0.9962,1.10,2.40
2007.06.27 10:31:59.237,0.99595,0.9963,8.00,19.20
2007.06.27 10:32:09.901,0.996,0.99625,2.40,5.60
2007.06.27 10:32:10.425,0.996,0.9963,2.40,19.20
2007.06.27 10:32:11.424,0.996,0.9963,4.80,16.80
2007.06.27 10:32:11.645,0.996,0.9963,8.80,12.80
2007.06.27 10:32:11.703,0.996,0.9963,14.40,7.20
2007.06.27 10:32:12.142,0.996,0.9963,12.00,7.20
2007.06.27 10:32:12.252,0.996,0.9963,9.60,9.60
2007.06.27 10:32:12.283,0.996,0.9963,9.60,28.70
2007.06.27 10:32:12.737,0.996,0.99625,4.00,5.60
2007.06.27 10:32:12.830,0.9959,0.99625,16.80,5.60
2007.06.27 10:32:13.677,0.9959,0.9962,16.80,2.40
2007.06.27 10:32:13.783,0.9959,0.9962,14.40,4.80
2007.06.27 10:32:13.993,0.9959,0.9962,10.40,4.80
2007.06.27 10:32:14.009,0.9959,0.9962,10.40,10.40
2007.06.27 10:32:14.395,0.9959,0.9962,14.40,10.40
2007.06.27 10:32:14.539,0.9959,0.9962,14.40,4.80
2007.06.27 10:32:15.311,0.9959,0.9962,14.40,10.40
2007.06.27 10:32:15.375,0.9959,0.9962,10.40,10.40
2007.06.27 10:32:15.829,0.9959,0.9962,10.40,4.80
2007.06.27 10:32:15.865,0.9959,0.9962,14.40,4.80
2007.06.27 10:32:16.172,0.9959,0.9962,14.40,2.40
2007.06.27 10:32:16.380,0.9959,0.9962,14.40,8.00
2007.06.27 10:32:16.416,0.9959,0.9962,10.40,8.00
2007.06.27 10:32:16.585,0.9959,0.9962,14.40,8.00
2007.06.27 10:32:16.644,0.9959,0.9962,14.40,2.40
2007.06.27 10:32:16.695,0.996,0.9962,2.40,2.40
2007.06.27 10:32:16.784,0.996,0.99625,2.40,5.60
2007.06.27 10:32:17.709,0.9959,0.99625,31.10,5.60
2007.06.27 10:32:18.165,0.9959,0.99625,31.90,5.60
2007.06.27 10:32:18.221,0.996,0.99625,2.40,5.60
2007.06.27 10:32:18.626,0.9959,0.99625,32.70,5.60
2007.06.27 10:32:18.683,0.9959,0.99625,31.90,5.60
2007.06.27 10:32:18.737,0.996,0.99625,2.40,5.60
2007.06.27 10:32:20.669,0.9959,0.9962,16.80,2.40
2007.06.27 10:32:20.779,0.9959,0.9962,14.40,4.80
2007.06.27 10:32:20.890,0.9959,0.9962,10.40,4.80
2007.06.27 10:32:21.012,0.9959,0.9962,10.40,10.40
2007.06.27 10:32:22.153,0.996,0.9962,2.40,8.00
2007.06.27 10:32:22.524,0.996,0.9962,2.40,2.40
2007.06.27 10:32:24.412,0.996,0.9963,2.40,19.20
2007.06.27 10:32:24.916,0.996,0.9962,2.40,2.40
2007.06.27 10:32:25.219,0.996,0.9962,2.40,4.80
2007.06.27 10:32:25.239,0.996,0.9962,2.40,5.60
2007.06.27 10:32:25.533,0.996,0.9962,2.40,4.80
2007.06.27 10:32:25.690,0.996,0.9962,2.40,2.40
2007.06.27 10:32:25.742,0.9959,0.9962,15.20,4.80
2007.06.27 10:32:25.918,0.9959,0.9962,14.40,4.80
2007.06.27 10:32:26.212,0.9959,0.9962,14.40,5.60
2007.06.27 10:32:26.463,0.9959,0.9962,16.00,7.20
2007.06.27 10:32:26.505,0.9959,0.9962,12.80,11.20
2007.06.27 10:32:26.662,0.996,0.9962,2.40,8.80
2007.06.27 10:32:26.682,0.996,0.9962,2.40,13.60
2007.06.27 10:32:26.742,0.996,0.9962,2.40,12.80
2007.06.27 10:32:26.870,0.996,0.9962,2.40,12.00
2007.06.27 10:32:27.187,0.996,0.9962,2.40,6.40
2007.06.27 10:32:27.217,0.996,0.9962,2.40,2.40
2007.06.27 10:32:28.138,0.9959,0.9962,30.30,4.80
2007.06.27 10:32:28.222,0.9959,0.9962,29.50,4.80
2007.06.27 10:32:28.253,0.9959,0.9962,14.40,4.80
2007.06.27 10:32:29.161,0.996,0.9962,2.40,2.40
2007.06.27 10:32:29.363,0.996,0.99625,2.40,5.60
2007.06.27 10:32:32.750,0.996,0.9962,2.40,2.40
2007.06.27 10:32:33.766,0.9959,0.9962,31.10,4.80
2007.06.27 10:32:33.816,0.9959,0.9962,27.90,7.20
2007.06.27 10:32:33.908,0.9959,0.9962,27.10,7.20
2007.06.27 10:32:33.941,0.9959,0.9961,12.00,2.40
2007.06.27 10:32:34.055,0.9959,0.9961,8.00,2.40
2007.06.27 10:32:34.476,0.9959,0.9961,2.40,2.40
2007.06.27 10:32:34.583,0.9959,0.9961,2.40,0.50
2007.06.27 10:32:35.814,0.9959,0.9961,16.70,0.80
2007.06.27 10:32:35.881,0.9959,0.9963,16.70,24.00
2007.06.27 10:32:36.237,0.9959,0.9963,16.70,23.20
2007.06.27 10:32:36.275,0.9959,0.9962,17.50,0.90
2007.06.27 10:32:36.397,0.9959,0.9963,18.30,21.60
2007.06.27 10:32:36.684,0.996,0.9963,2.40,19.20
2007.06.27 10:32:36.742,0.996,0.9963,2.40,19.20
2007.06.27 10:32:37.902,0.996,0.99625,2.40,14.40
2007.06.27 10:32:38.646,0.9959,0.99625,24.70,16.80
2007.06.27 10:32:38.675,0.9959,0.9962,24.70,0.60
2007.06.27 10:32:38.741,0.9959,0.9962,24.70,0.50
2007.06.27 10:32:52.518,0.9959,0.99625,24.70,17.60
2007.06.27 10:32:52.573,0.9959,0.9962,24.70,0.90
2007.06.27 10:32:52.683,0.996,0.99625,2.40,14.40
2007.06.27 10:32:52.788,0.996,0.9962,2.40,0.70
2007.06.27 10:32:54.825,0.996,0.9964,2.40,44.70
2007.06.27 10:32:55.275,0.996,0.9964,16.70,24.80
2007.06.27 10:32:55.665,0.996,0.99635,22.30,19.20
2007.06.27 10:32:55.813,0.996,0.99635,12.00,15.20
2007.06.27 10:32:55.847,0.996,0.9964,6.40,44.70
2007.06.27 10:32:55.950,0.996,0.9963,2.40,0.70
2007.06.27 10:32:56.867,0.996,0.9963,2.40,19.20
2007.06.27 10:33:13.495,0.996,0.99625,6.40,5.60
2007.06.27 10:33:13.608,0.996,0.9963,12.00,9.60
2007.06.27 10:33:14.742,0.996,0.9963,14.40,7.20
2007.06.27 10:33:14.930,0.996,0.9963,10.40,11.20
2007.06.27 10:33:15.105,0.996,0.99625,4.80,5.60
2007.06.27 10:33:15.255,0.996,0.99625,19.10,5.60
2007.06.27 10:33:15.868,0.996,0.9963,24.70,12.80
2007.06.27 10:33:16.154,0.9961,0.9963,2.40,10.40
2007.06.27 10:33:16.674,0.996,0.9963,24.70,12.80
2007.06.27 10:33:16.758,0.996,0.9963,14.40,12.80
2007.06.27 10:33:16.933,0.996,0.9963,14.40,7.20
2007.06.27 10:33:17.141,0.996,0.9963,12.00,9.60
2007.06.27 10:33:17.344,0.996,0.9963,8.00,9.60
2007.06.27 10:33:17.433,0.996,0.9963,8.00,15.20
2007.06.27 10:33:19.183,0.996,0.9963,10.40,12.80
2007.06.27 10:33:20.723,0.996,0.9963,22.30,15.20
2007.06.27 10:33:20.850,0.996,0.9963,24.70,12.80
2007.06.27 10:33:20.968,0.996,0.9963,24.70,7.20
2007.06.27 10:33:22.173,0.9961,0.9963,2.40,4.80
2007.06.27 10:33:22.778,0.9961,0.9963,2.40,4.00
2007.06.27 10:33:22.798,0.9961,0.9963,2.40,3.20
2007.06.27 10:33:27.872,0.9961,0.9963,1.60,3.20
2007.06.27 10:33:28.681,0.996,0.9963,10.10,3.20
2007.06.27 10:33:28.777,0.9959,0.9963,39.80,5.60
2007.06.27 10:33:30.369,0.996,0.9963,6.30,5.60
2007.06.27 10:33:30.438,0.9959,0.9963,41.40,5.60
2007.06.27 10:33:30.670,0.996,0.9963,28.70,3.20
2007.06.27 10:33:33.249,0.996,0.99635,36.70,5.60
2007.06.27 10:33:34.666,0.996,0.9963,34.30,2.40
2007.06.27 10:33:35.161,0.996,0.99635,36.70,5.60
2007.06.27 10:33:36.704,0.996,0.9963,34.30,2.40
2007.06.27 10:33:45.628,0.996,0.9963,31.90,2.40
2007.06.27 10:33:45.739,0.996,0.9963,17.60,4.80
2007.06.27 10:33:45.851,0.9959,0.9963,33.50,4.80
2007.06.27 10:33:46.056,0.996,0.9963,8.40,4.80
2007.06.27 10:33:46.225,0.9959,0.9963,38.30,5.60
2007.06.27 10:33:46.243,0.9959,0.9963,37.50,5.60
2007.06.27 10:33:46.327,0.9959,0.9963,36.70,6.40
2007.06.27 10:33:46.351,0.9959,0.9963,36.70,7.20
2007.06.27 10:33:46.897,0.996,0.9963,0.90,16.80
2007.06.27 10:33:47.683,0.9961,0.9963,0.80,14.40
2007.06.27 10:33:48.150,0.9959,0.9963,41.40,16.80
2007.06.27 10:33:48.245,0.9959,0.9962,41.40,0.80
2007.06.27 10:33:48.286,0.9959,0.9962,36.70,0.80
2007.06.27 10:33:48.406,0.996,0.9962,1.90,1.60
2007.06.27 10:33:48.452,0.996,0.9962,5.50,0.80
2007.06.27 10:33:48.569,0.996,0.9962,2.80,0.80
2007.06.27 10:33:48.660,0.9959,0.9962,35.90,1.60
2007.06.27 10:33:48.698,0.996,0.9962,1.00,2.40
2007.06.27 10:33:48.862,0.9959,0.9962,35.90,1.60
2007.06.27 10:33:48.879,0.9959,0.9962,35.90,0.80
2007.06.27 10:33:48.978,0.99595,0.9963,11.20,12.80
2007.06.27 10:33:49.000,0.99595,0.9963,12.80,16.80
2007.06.27 10:33:49.069,0.99595,0.9963,13.60,16.80
2007.06.27 10:33:49.742,0.996,0.9963,4.00,16.80
2007.06.27 10:33:49.807,0.99595,0.9963,12.00,16.80
2007.06.27 10:33:51.099,0.996,0.9963,1.40,16.80
2007.06.27 10:33:51.268,0.996,0.9963,9.10,11.20
2007.06.27 10:33:51.315,0.9959,0.9963,36.70,7.20
2007.06.27 10:33:51.792,0.9959,0.9963,41.40,7.20
2007.06.27 10:33:52.927,0.996,0.9963,0.70,0.90
2007.06.27 10:33:54.162,0.9959,0.99635,35.90,12.80
2007.06.27 10:33:57.437,0.996,0.9963,14.40,8.00
2007.06.27 10:33:57.597,0.996,0.9963,14.40,8.80
2007.06.27 10:33:57.600,0.996,0.9963,14.40,9.60
2007.06.27 10:33:57.778,0.996,0.9962,14.40,0.80
2007.06.27 10:33:57.813,0.996,0.9963,14.40,8.00
2007.06.27 10:33:57.909,0.996,0.99635,14.40,12.80
2007.06.27 10:33:58.147,0.996,0.99635,15.20,12.80
2007.06.27 10:34:06.787,0.996,0.9963,15.20,0.50
2007.06.27 10:34:12.038,0.99605,0.99635,5.60,10.40
2007.06.27 10:34:12.534,0.996,0.99635,15.20,10.40
2007.06.27 10:34:12.662,0.996,0.99635,16.00,10.40
2007.06.27 10:34:12.788,0.996,0.9963,15.20,0.60
2007.06.27 10:34:12.874,0.996,0.9963,16.00,0.70
2007.06.27 10:34:13.078,0.996,0.99635,15.20,10.40
2007.06.27 10:34:13.189,0.9961,0.99635,2.40,8.00
2007.06.27 10:34:13.208,0.9961,0.99635,2.40,7.20
2007.06.27 10:34:13.301,0.9961,0.9963,2.40,0.80
2007.06.27 10:34:13.339,0.9961,0.99635,2.40,0.50
2007.06.27 10:34:13.887,0.9961,0.9964,2.40,0.50
2007.06.27 10:34:14.351,0.9961,0.9964,2.40,17.60
2007.06.27 10:34:14.443,0.9961,0.9964,2.40,18.40
2007.06.27 10:34:14.529,0.99605,0.9964,5.60,21.60
2007.06.27 10:34:14.852,0.99605,0.9963,5.60,0.80
2007.06.27 10:34:14.956,0.99605,0.9964,5.60,40.70
2007.06.27 10:34:16.974,0.996,0.9964,8.80,40.70
2007.06.27 10:34:17.250,0.996,0.9963,8.80,0.50
2007.06.27 10:34:18.026,0.996,0.9963,3.20,0.80
2007.06.27 10:34:18.394,0.996,0.9964,7.20,40.70
2007.06.27 10:34:18.538,0.996,0.9963,12.80,0.50
2007.06.27 10:34:26.686,0.9961,0.9963,2.40,4.80
2007.06.27 10:34:27.182,0.9961,0.9963,2.40,2.40
2007.06.27 10:34:27.717,0.99605,0.9963,5.60,4.80
2007.06.27 10:34:28.750,0.99605,0.9963,5.60,7.20
2007.06.27 10:34:29.051,0.996,0.9963,8.80,12.80
2007.06.27 10:34:30.225,0.996,0.9963,15.20,10.40
2007.06.27 10:34:30.400,0.996,0.9963,15.20,4.80
2007.06.27 10:34:33.186,0.996,0.9963,12.80,7.20
2007.06.27 10:34:36.626,0.996,0.9963,15.20,4.80
2007.06.27 10:34:37.646,0.996,0.9963,12.80,7.20
2007.06.27 10:34:41.218,0.9961,0.9963,2.40,4.80
2007.06.27 10:34:41.734,0.9961,0.9963,2.40,2.40
2007.06.27 10:34:43.207,0.9961,0.9963,1.20,2.40
2007.06.27 10:34:43.828,0.99605,0.9963,8.00,4.80
2007.06.27 10:34:44.633,0.996,0.9963,31.90,7.20
2007.06.27 10:34:45.067,0.99605,0.9963,0.90,4.80
2007.06.27 10:34:45.654,0.996,0.9963,14.40,7.20
2007.06.27 10:34:46.300,0.996,0.9963,1.60,7.20
2007.06.27 10:34:46.534,0.99595,0.9963,14.40,12.80
2007.06.27 10:34:46.564,0.996,0.9963,2.00,16.80
2007.06.27 10:34:49.170,0.9961,0.9963,1.00,14.40
2007.06.27 10:34:49.385,0.9961,0.9963,0.90,8.80
2007.06.27 10:34:52.158,0.996,0.9963,24.70,11.20
2007.06.27 10:34:52.866,0.99605,0.9963,1.70,13.60
2007.06.27 10:34:53.284,0.996,0.9963,24.70,11.20
2007.06.27 10:34:53.704,0.996,0.9963,24.70,10.40
2007.06.27 10:34:53.806,0.99605,0.9963,1.10,9.60
2007.06.27 10:34:54.208,0.996,0.9963,24.70,10.40
2007.06.27 10:34:54.352,0.996,0.9963,24.70,11.20
2007.06.27 10:34:54.613,0.99605,0.9963,8.00,11.20
2007.06.27 10:34:54.701,0.99605,0.9963,8.00,4.80
2007.06.27 10:34:54.723,0.9961,0.9963,1.10,2.40
2007.06.27 10:34:55.141,0.99605,0.9963,1.70,4.80
2007.06.27 10:34:55.658,0.996,0.9963,31.10,4.00
2007.06.27 10:34:55.696,0.996,0.9963,31.10,3.20
2007.06.27 10:34:55.777,0.99605,0.9963,8.00,0.80
2007.06.27 10:34:55.859,0.99605,0.9964,8.00,20.00
2007.06.27 10:34:56.654,0.996,0.9963,31.10,2.40
2007.06.27 10:34:57.270,0.996,0.9963,15.20,4.80
2007.06.27 10:34:57.692,0.99605,0.9963,8.00,2.40
2007.06.27 10:34:57.787,0.99605,0.9964,8.00,38.30
2007.06.27 10:34:57.843,0.9961,0.9964,1.50,19.20
2007.06.27 10:34:57.884,0.996,0.99635,33.50,5.60
2007.06.27 10:34:59.423,0.9961,0.9964,1.00,19.20
2007.06.27 10:35:02.830,0.99605,0.9964,8.00,18.40
2007.06.27 10:35:02.877,0.99605,0.9964,8.00,17.60
2007.06.27 10:35:04.334,0.99605,0.9963,8.00,2.40
2007.06.27 10:35:05.741,0.99605,0.9964,8.00,16.80
2007.06.27 10:35:10.772,0.99605,0.9964,8.00,17.60
2007.06.27 10:35:11.092,0.99605,0.9964,8.00,18.40
2007.06.27 10:35:13.319,0.9961,0.9964,3.20,18.40
2007.06.27 10:35:13.351,0.9961,0.9964,3.20,16.00
2007.06.27 10:35:13.362,0.9962,0.9964,14.30,16.80
2007.06.27 10:35:13.537,0.9962,0.9964,14.30,11.20
2007.06.27 10:35:13.759,0.9962,0.9964,14.30,13.60
2007.06.27 10:35:13.768,0.99615,0.9964,5.60,9.60
2007.06.27 10:35:13.806,0.9961,0.9964,12.80,9.60
2007.06.27 10:35:13.945,0.9961,0.9964,12.00,9.60
2007.06.27 10:35:16.855,0.9961,0.9964,6.40,15.20
2007.06.27 10:35:16.892,0.9961,0.9964,2.40,19.20
2007.06.27 10:35:17.345,0.9961,0.9964,6.40,15.20
2007.06.27 10:35:17.381,0.9961,0.9964,12.00,7.20
2007.06.27 10:35:17.389,0.9961,0.9964,6.40,12.80
2007.06.27 10:35:20.872,0.9961,0.9964,8.00,7.20
2007.06.27 10:35:20.932,0.9961,0.9964,8.00,12.80
2007.06.27 10:35:23.251,0.9961,0.9964,8.00,12.00
2007.06.27 10:35:23.445,0.9961,0.9964,8.80,11.20
2007.06.27 10:35:23.538,0.9961,0.9964,8.00,10.40
2007.06.27 10:35:25.786,0.9961,0.9963,8.00,2.40
2007.06.27 10:35:30.738,0.9961,0.9964,8.00,10.40
2007.06.27 10:35:31.857,0.9961,0.9964,8.00,14.40
2007.06.27 10:35:31.949,0.9961,0.9964,2.40,14.40
2007.06.27 10:35:32.614,0.9961,0.9964,2.40,10.40
2007.06.27 10:35:32.751,0.9961,0.9964,8.00,10.40
2007.06.27 10:35:33.092,0.9962,0.9964,4.00,10.40
2007.06.27 10:35:33.710,0.9962,0.9964,4.00,0.50
2007.06.27 10:35:33.722,0.9962,0.9963,3.00,0.60
2007.06.27 10:35:33.913,0.9962,0.9964,3.70,10.40
2007.06.27 10:35:35.181,0.9962,0.9965,3.70,41.50
2007.06.27 10:35:35.975,0.9962,0.9965,3.90,41.50
2007.06.27 10:35:37.139,0.99605,0.9964,5.60,0.70
2007.06.27 10:35:44.676,0.99605,0.9964,5.60,12.80
2007.06.27 10:35:44.876,0.996,0.9963,25.50,0.80
2007.06.27 10:35:45.375,0.9961,0.9963,4.00,0.60
2007.06.27 10:35:45.642,0.9961,0.9963,4.00,0.60
2007.06.27 10:35:46.149,0.9961,0.99635,4.00,8.00
2007.06.27 10:35:46.462,0.99605,0.9964,5.60,11.20
2007.06.27 10:35:48.112,0.99605,0.9963,5.60,0.60
2007.06.27 10:35:48.256,0.99605,0.9963,5.60,0.60
2007.06.27 10:35:48.541,0.9961,0.9964,4.00,35.90
2007.06.27 10:35:49.229,0.996,0.9963,15.20,0.50
2007.06.27 10:36:05.814,0.996,0.9963,11.20,0.70
2007.06.27 10:36:05.923,0.996,0.9964,5.60,37.50
2007.06.27 10:36:06.353,0.996,0.9964,8.00,40.70
2007.06.27 10:36:06.438,0.996,0.9963,17.60,0.70
2007.06.27 10:36:14.167,0.996,0.9963,15.20,0.60
2007.06.27 10:36:14.287,0.996,0.99635,15.20,8.80
2007.06.27 10:36:14.330,0.996,0.99635,15.20,9.60
2007.06.27 10:36:14.364,0.996,0.9963,12.80,0.80
2007.06.27 10:36:14.394,0.996,0.99635,8.80,16.00
2007.06.27 10:36:14.466,0.996,0.9963,8.80,0.70
2007.06.27 10:36:14.563,0.996,0.9963,3.20,0.50
2007.06.27 10:36:14.702,0.996,0.9963,0.80,0.80
2007.06.27 10:36:14.849,0.996,0.9963,0.80,19.20
2007.06.27 10:36:17.192,0.996,0.99625,0.80,8.00
2007.06.27 10:36:17.300,0.996,0.9962,0.80,0.70
2007.06.27 10:36:17.432,0.996,0.9963,0.80,40.70
2007.06.27 10:36:17.857,0.9959,0.9962,12.80,0.50
2007.06.27 10:36:18.380,0.996,0.9962,0.80,0.70
2007.06.27 10:36:18.496,0.9959,0.9963,12.80,40.70
2007.06.27 10:36:20.252,0.9959,0.9963,9.60,40.70
2007.06.27 10:36:20.266,0.9959,0.9963,8.80,40.70
2007.06.27 10:36:20.366,0.9959,0.9963,8.00,40.70
2007.06.27 10:36:22.221,0.9959,0.9963,5.60,40.70
2007.06.27 10:36:22.843,0.99585,0.99615,5.60,0.50
2007.06.27 10:36:22.873,0.9959,0.99615,2.40,0.90
2007.06.27 10:36:23.470,0.9959,0.99615,2.40,8.00
2007.06.27 10:36:23.923,0.9959,0.9962,2.40,18.40
2007.06.27 10:36:24.942,0.99585,0.99615,8.00,5.60
2007.06.27 10:36:25.114,0.9957,0.9961,41.40,2.40
2007.06.27 10:36:25.332,0.9957,0.9961,41.40,4.80
2007.06.27 10:36:25.722,0.9957,0.9961,43.00,5.60
2007.06.27 10:36:25.864,0.9957,0.9961,43.00,7.20
2007.06.27 10:36:26.793,0.9958,0.9961,5.10,7.20
2007.06.27 10:36:26.876,0.9957,0.9961,44.60,4.80
2007.06.27 10:36:27.289,0.9957,0.9961,43.80,4.80
2007.06.27 10:36:27.362,0.9957,0.9961,43.00,4.80
2007.06.27 10:36:27.391,0.9957,0.9961,43.00,7.20
2007.06.27 10:36:29.258,0.9959,0.9961,1.60,4.80
2007.06.27 10:36:30.580,0.9959,0.9961,0.90,5.60
2007.06.27 10:36:31.290,0.9958,0.9961,29.50,5.60
2007.06.27 10:36:31.329,0.9958,0.9961,28.70,6.40
2007.06.27 10:36:32.843,0.9959,0.9961,1.20,12.00
2007.06.27 10:36:33.757,0.9958,0.9961,23.10,11.20
2007.06.27 10:36:33.860,0.9958,0.9961,23.10,10.40
2007.06.27 10:36:34.374,0.9958,0.9961,28.70,4.80
2007.06.27 10:36:34.752,0.9958,0.9961,31.10,2.40
2007.06.27 10:36:35.668,0.9959,0.9961,1.20,4.80
2007.06.27 10:36:36.176,0.9958,0.9961,23.10,10.40
2007.06.27 10:36:36.693,0.9959,0.9961,1.60,4.80
2007.06.27 10:36:41.399,0.9957,0.9961,43.00,7.20
2007.06.27 10:36:42.222,0.9958,0.9961,30.30,4.80
2007.06.27 10:36:46.646,0.9958,0.9961,33.50,2.40
2007.06.27 10:36:54.508,0.9958,0.9961,35.90,2.40
2007.06.27 10:36:56.326,0.9959,0.9961,1.50,4.80
2007.06.27 10:37:12.657,0.9957,0.9961,40.60,7.20
2007.06.27 10:37:12.851,0.9958,0.9961,1.50,7.20
2007.06.27 10:37:13.431,0.9958,0.9961,4.00,11.20
2007.06.27 10:37:13.548,0.99575,0.99605,8.00,5.60
2007.06.27 10:37:15.841,0.9958,0.99605,3.50,5.60
2007.06.27 10:37:15.918,0.9957,0.9961,38.20,8.80
2007.06.27 10:37:16.344,0.9957,0.9961,33.50,4.80
2007.06.27 10:37:16.363,0.9957,0.9961,31.10,7.20
2007.06.27 10:37:16.937,0.9958,0.9961,1.80,12.80
2007.06.27 10:37:16.942,0.99575,0.9961,8.00,16.80
2007.06.27 10:37:19.263,0.99575,0.99605,8.00,5.60
2007.06.27 10:37:19.532,0.99575,0.9961,8.00,16.80
2007.06.27 10:37:20.004,0.99575,0.99605,8.00,5.60
2007.06.27 10:37:20.549,0.9958,0.9961,0.90,16.80
2007.06.27 10:37:22.276,0.9958,0.9961,8.20,16.80
2007.06.27 10:37:22.383,0.9958,0.9961,7.30,14.40
2007.06.27 10:37:23.117,0.9957,0.9961,40.60,8.80
2007.06.27 10:37:29.473,0.9957,0.9961,40.60,14.40
2007.06.27 10:37:29.968,0.9959,0.9961,1.00,10.40
2007.06.27 10:37:31.862,0.9959,0.9961,1.80,12.80
2007.06.27 10:37:31.935,0.9958,0.9961,0.60,12.80
2007.06.27 10:37:32.044,0.99575,0.99605,12.00,5.60
2007.06.27 10:37:35.385,0.9959,0.99605,1.60,5.60
2007.06.27 10:37:35.661,0.9959,0.9961,1.30,12.80
2007.06.27 10:37:37.558,0.9958,0.9961,26.30,7.20
2007.06.27 10:37:45.344,0.9958,0.9961,26.30,7.20
2007.06.27 10:37:47.388,0.9958,0.9961,28.70,4.80
2007.06.27 10:37:47.739,0.99585,0.9961,5.60,4.80
2007.06.27 10:37:50.797,0.99585,0.9961,5.60,7.20
2007.06.27 10:37:51.417,0.99585,0.9961,5.60,4.80
2007.06.27 10:37:52.745,0.9959,0.9961,2.40,2.40
2007.06.27 10:37:53.667,0.99585,0.9961,5.60,4.80
2007.06.27 10:37:54.191,0.9959,0.9961,2.40,2.40
2007.06.27 10:37:54.714,0.9958,0.9961,28.70,4.80
2007.06.27 10:37:54.924,0.9958,0.9961,26.30,7.20
2007.06.27 10:37:54.956,0.9958,0.9961,12.00,7.20
2007.06.27 10:37:57.159,0.9958,0.9961,12.00,12.80
2007.06.27 10:37:57.198,0.9959,0.9961,2.40,10.40
2007.06.27 10:37:57.897,0.9959,0.9961,2.40,4.80
2007.06.27 10:37:58.110,0.9958,0.9961,22.30,7.20
2007.06.27 10:37:58.384,0.9958,0.9961,12.00,7.20
2007.06.27 10:37:59.260,0.9959,0.9961,2.40,4.80
2007.06.27 10:37:59.548,0.9959,0.9961,2.40,2.40
2007.06.27 10:37:59.891,0.9959,0.99615,2.40,5.60
2007.06.27 10:38:00.026,0.9959,0.9961,2.40,2.40
2007.06.27 10:38:00.309,0.9959,0.9961,2.40,4.80
2007.06.27 10:38:00.705,0.9958,0.9961,12.00,7.20
2007.06.27 10:38:00.917,0.9959,0.9961,2.40,4.80
2007.06.27 10:38:02.024,0.9958,0.9961,12.00,4.80
2007.06.27 10:38:02.069,0.9958,0.9961,12.00,7.20
2007.06.27 10:38:02.080,0.9958,0.9961,8.00,11.20
2007.06.27 10:38:02.167,0.9958,0.9961,2.40,16.80
2007.06.27 10:38:04.108,0.9959,0.9961,2.40,14.40
2007.06.27 10:38:04.321,0.9959,0.9961,2.40,12.00
2007.06.27 10:38:04.929,0.9959,0.9961,2.40,14.40
2007.06.27 10:38:05.352,0.9959,0.9961,2.40,12.00
2007.06.27 10:38:05.761,0.9959,0.9961,2.40,14.40
2007.06.27 10:38:05.817,0.9959,0.9961,2.40,8.80
2007.06.27 10:38:05.876,0.9959,0.9961,2.40,4.80
2007.06.27 10:38:06.076,0.9959,0.9961,2.40,10.40
2007.06.27 10:38:06.208,0.9959,0.9961,2.40,14.40
2007.06.27 10:38:06.580,0.9958,0.99605,2.40,5.60
2007.06.27 10:38:06.826,0.9958,0.99605,16.70,5.60
2007.06.27 10:38:06.916,0.9958,0.99605,16.70,0.90
2007.06.27 10:38:07.371,0.9958,0.9961,22.30,0.90
2007.06.27 10:38:07.756,0.9958,0.996,12.00,0.50
2007.06.27 10:38:07.875,0.9958,0.9961,6.40,12.80
2007.06.27 10:38:08.179,0.9958,0.9961,2.40,16.80
2007.06.27 10:38:08.285,0.9958,0.996,16.70,0.50
2007.06.27 10:38:08.408,0.9959,0.9961,2.40,16.80
2007.06.27 10:38:08.627,0.9958,0.9961,22.30,11.20
2007.06.27 10:38:08.780,0.9958,0.9961,12.00,7.20
2007.06.27 10:38:08.960,0.9958,0.9961,8.00,12.80
2007.06.27 10:38:09.448,0.9958,0.996,2.40,0.90
2007.06.27 10:38:09.540,0.9959,0.996,2.40,0.60
2007.06.27 10:38:09.684,0.9958,0.996,2.40,0.90
2007.06.27 10:38:09.864,0.9958,0.996,16.70,0.80
2007.06.27 10:38:09.889,0.9958,0.9961,19.10,14.40
2007.06.27 10:38:09.995,0.9959,0.996,2.40,0.70
2007.06.27 10:38:12.146,0.9958,0.996,24.70,0.70
2007.06.27 10:38:12.242,0.9958,0.9961,25.50,14.40
2007.06.27 10:38:12.292,0.9958,0.996,26.30,0.90
2007.06.27 10:38:12.837,0.9959,0.9961,2.40,12.00
2007.06.27 10:38:13.245,0.9959,0.9961,2.40,0.70
2007.06.27 10:38:13.312,0.9959,0.9961,2.40,0.50
2007.06.27 10:38:13.387,0.9959,0.9961,2.40,0.50
2007.06.27 10:38:13.689,0.9958,0.9962,8.00,40.70
2007.06.27 10:38:14.275,0.9958,0.9962,2.40,40.70
2007.06.27 10:38:15.949,0.9958,0.9962,16.70,21.60
2007.06.27 10:38:16.064,0.9958,0.99605,16.70,0.80
2007.06.27 10:38:16.212,0.9959,0.9961,2.40,14.40
2007.06.27 10:38:16.352,0.9959,0.99615,2.40,14.40
2007.06.27 10:38:16.700,0.9958,0.99615,22.30,16.80
2007.06.27 10:38:17.736,0.9959,0.9961,2.40,0.50
2007.06.27 10:38:31.209,0.9959,0.9961,2.40,0.80
2007.06.27 10:38:31.221,0.9959,0.99615,2.40,16.00
2007.06.27 10:38:31.270,0.9959,0.99615,2.40,12.80
2007.06.27 10:38:31.463,0.9959,0.9961,2.40,0.80
2007.06.27 10:38:31.485,0.9959,0.9961,2.40,0.80
2007.06.27 10:38:31.614,0.9958,0.9962,2.40,40.70
2007.06.27 10:38:31.727,0.9958,0.9962,2.40,43.10
2007.06.27 10:38:31.865,0.9958,0.9962,6.40,43.10
2007.06.27 10:38:31.966,0.9958,0.9961,12.00,0.90
2007.06.27 10:38:32.100,0.9958,0.9961,8.00,0.50
2007.06.27 10:38:32.254,0.9958,0.9962,2.40,43.10
2007.06.27 10:38:32.419,0.9958,0.9961,6.40,0.50
2007.06.27 10:38:32.515,0.9958,0.9961,12.00,0.70
2007.06.27 10:38:32.753,0.9958,0.9961,6.40,15.20
2007.06.27 10:38:32.795,0.9958,0.99605,2.40,0.50
2007.06.27 10:38:34.585,0.9958,0.9961,2.40,19.20
2007.06.27 10:38:36.130,0.9958,0.9961,2.40,16.80
2007.06.27 10:38:37.693,0.9958,0.9961,2.40,19.20
2007.06.27 10:38:38.220,0.9958,0.9961,16.70,19.20
2007.06.27 10:38:38.433,0.9958,0.9961,22.30,19.20
2007.06.27 10:38:39.171,0.9958,0.9961,22.30,18.40
2007.06.27 10:38:39.179,0.9958,0.9961,22.30,17.60
2007.06.27 10:38:39.267,0.9958,0.9961,24.70,15.20
2007.06.27 10:38:39.411,0.9958,0.9961,24.70,9.60
2007.06.27 10:38:39.682,0.9959,0.9961,2.40,7.20
2007.06.27 10:38:41.617,0.9958,0.9961,24.70,7.20
2007.06.27 10:38:41.725,0.9958,0.9961,24.70,9.60
2007.06.27 10:38:43.147,0.9959,0.9961,2.40,7.20
2007.06.27 10:38:44.945,0.9959,0.9961,16.70,2.40
2007.06.27 10:38:45.164,0.9959,0.9961,22.30,2.40
2007.06.27 10:38:45.184,0.9959,0.9962,26.30,7.20
2007.06.27 10:38:45.307,0.9959,0.9962,12.00,7.20
2007.06.27 10:38:45.379,0.9959,0.9962,8.00,11.20
2007.06.27 10:38:45.529,0.9959,0.99615,2.40,5.60
2007.06.27 10:38:47.166,0.9959,0.9961,2.40,2.40
2007.06.27 10:38:50.296,0.9959,0.9961,2.40,8.00
2007.06.27 10:38:50.801,0.9959,0.9961,4.80,8.00
2007.06.27 10:38:51.090,0.9959,0.9961,4.80,2.40
2007.06.27 10:38:53.005,0.9958,0.9961,33.50,2.40
2007.06.27 10:38:53.151,0.9959,0.996,2.60,1.60
2007.06.27 10:38:54.194,0.9958,0.99615,35.90,5.60
2007.06.27 10:38:55.929,0.99585,0.9962,10.40,12.80
2007.06.27 10:38:56.187,0.996,0.9962,1.00,12.80
2007.06.27 10:38:56.283,0.9959,0.9962,9.60,12.00
2007.06.27 10:38:56.520,0.9959,0.9962,29.50,6.40
2007.06.27 10:38:56.702,0.9959,0.9962,10.10,8.80
2007.06.27 10:38:56.771,0.9959,0.9962,11.00,8.80
2007.06.27 10:38:56.797,0.9959,0.9962,6.20,8.80
2007.06.27 10:38:56.804,0.9959,0.9962,2.00,4.80
2007.06.27 10:38:56.907,0.9959,0.9962,1.50,7.20
2007.06.27 10:38:56.978,0.9958,0.9962,33.50,11.20
2007.06.27 10:38:56.989,0.99585,0.9962,8.00,16.80
2007.06.27 10:38:57.891,0.99585,0.9962,8.00,12.80
2007.06.27 10:38:58.047,0.9958,0.9962,35.10,12.80
2007.06.27 10:38:59.857,0.9959,0.9962,1.00,12.80
2007.06.27 10:38:59.902,0.99585,0.9962,8.00,16.80
2007.06.27 10:39:00.656,0.9958,0.99615,35.10,5.60
2007.06.27 10:39:00.897,0.99585,0.9962,8.00,16.80
2007.06.27 10:39:01.440,0.9958,0.99615,35.10,5.60
2007.06.27 10:39:01.934,0.99585,0.9962,8.00,16.80
2007.06.27 10:39:02.187,0.9958,0.9961,33.50,2.40
2007.06.27 10:39:02.301,0.9958,0.9961,31.10,4.80
2007.06.27 10:39:03.080,0.99585,0.9961,1.90,8.80
2007.06.27 10:39:03.237,0.99575,0.9961,27.10,14.40
2007.06.27 10:39:03.707,0.99575,0.9961,24.70,16.80
2007.06.27 10:39:03.885,0.9958,0.9961,21.50,14.40
2007.06.27 10:39:08.206,0.9959,0.9961,1.20,15.20
2007.06.27 10:39:08.231,0.9958,0.9961,3.70,18.40
2007.06.27 10:39:08.312,0.99575,0.9961,8.00,19.20
2007.06.27 10:39:09.836,0.9958,0.996,0.90,5.60
2007.06.27 10:39:12.037,0.99575,0.9961,8.00,14.40
2007.06.27 10:39:12.165,0.99575,0.9961,8.80,14.40
2007.06.27 10:39:12.215,0.99575,0.9961,9.60,14.40
2007.06.27 10:39:12.272,0.9959,0.9961,1.00,14.40
2007.06.27 10:39:12.358,0.9958,0.9961,10.40,12.00
2007.06.27 10:39:12.714,0.9958,0.9961,26.30,9.60
2007.06.27 10:39:13.181,0.9958,0.9961,7.70,9.60
2007.06.27 10:39:13.296,0.99575,0.9961,10.40,9.60
2007.06.27 10:39:13.385,0.9958,0.9961,1.10,12.00
2007.06.27 10:39:13.698,0.9958,0.9961,1.50,14.40
2007.06.27 10:39:13.753,0.9958,0.9961,1.30,16.80
2007.06.27 10:39:14.628,0.9957,0.99605,33.50,5.60
2007.06.27 10:39:15.332,0.9957,0.99605,40.60,5.60
2007.06.27 10:39:15.808,0.9957,0.99605,35.90,5.60
2007.06.27 10:39:17.120,0.9958,0.99605,1.20,5.60
2007.06.27 10:39:18.668,0.9958,0.99605,0.50,5.60
2007.06.27 10:39:26.804,0.9958,0.9961,2.40,16.80
2007.06.27 10:39:28.156,0.99575,0.996,5.60,2.40
2007.06.27 10:39:28.679,0.9957,0.996,12.80,8.00
2007.06.27 10:39:29.370,0.9957,0.9961,12.80,21.60
2007.06.27 10:39:30.305,0.9957,0.996,13.60,0.90
2007.06.27 10:39:30.342,0.9957,0.9961,11.20,40.70
2007.06.27 10:39:30.704,0.9957,0.9961,5.60,40.70
2007.06.27 10:39:30.725,0.9957,0.9961,4.80,41.50
2007.06.27 10:39:35.539,0.9957,0.996,14.40,0.60
2007.06.27 10:39:36.251,0.9957,0.996,28.70,0.60
2007.06.27 10:39:37.792,0.9957,0.99605,14.40,8.00
2007.06.27 10:39:37.862,0.9957,0.99605,14.40,10.40
2007.06.27 10:39:37.986,0.9957,0.99605,10.40,14.40
2007.06.27 10:39:38.181,0.9957,0.9961,4.80,40.70
2007.06.27 10:39:41.292,0.9957,0.996,4.80,0.90
2007.06.27 10:39:41.501,0.9957,0.996,5.60,0.60
2007.06.27 10:39:41.516,0.9957,0.996,6.40,0.50
2007.06.27 10:39:41.695,0.9958,0.9961,2.40,35.90
2007.06.27 10:39:45.967,0.9958,0.9961,2.40,16.80
2007.06.27 10:39:48.692,0.9957,0.9961,24.70,19.20
2007.06.27 10:39:50.074,0.9957,0.996,25.50,0.70
2007.06.27 10:39:50.153,0.9958,0.9961,2.40,17.60
2007.06.27 10:39:50.244,0.9958,0.9961,2.40,15.20
2007.06.27 10:39:50.659,0.9958,0.9961,4.80,14.40
2007.06.27 10:39:51.109,0.9958,0.99605,4.80,0.50
2007.06.27 10:39:51.604,0.9958,0.996,4.80,0.50
2007.06.27 10:39:52.134,0.9958,0.9961,4.80,14.40
2007.06.27 10:39:53.414,0.9958,0.996,4.80,0.80
2007.06.27 10:39:56.005,0.9958,0.9961,4.80,14.40
2007.06.27 10:39:58.111,0.9958,0.9961,4.80,16.80
2007.06.27 10:40:02.932,0.9958,0.99605,4.80,5.60
2007.06.27 10:40:03.944,0.9958,0.996,4.80,5.60
2007.06.27 10:40:05.288,0.9958,0.996,19.10,5.60
2007.06.27 10:40:05.360,0.9958,0.996,21.50,5.60
2007.06.27 10:40:05.504,0.9958,0.9961,21.50,12.00
2007.06.27 10:40:05.986,0.9958,0.99605,21.50,5.60
2007.06.27 10:40:06.510,0.9958,0.9961,21.50,12.00
2007.06.27 10:40:12.436,0.9958,0.99605,21.50,5.60
2007.06.27 10:40:14.995,0.9958,0.9961,21.50,12.00
2007.06.27 10:40:15.364,0.9958,0.9961,7.20,12.00
2007.06.27 10:40:15.381,0.9958,0.9961,4.80,14.40
2007.06.27 10:40:15.542,0.9958,0.99605,4.80,5.60
2007.06.27 10:40:16.345,0.9958,0.9961,4.80,14.40
2007.06.27 10:40:16.822,0.9958,0.9961,4.80,15.20
2007.06.27 10:40:16.894,0.9958,0.9961,4.80,16.00
2007.06.27 10:40:16.937,0.9958,0.9961,2.40,18.40
2007.06.27 10:40:17.331,0.9958,0.9961,2.40,17.60
2007.06.27 10:40:17.368,0.9958,0.99605,2.40,5.60
2007.06.27 10:40:18.144,0.9958,0.9961,2.40,16.80
2007.06.27 10:40:18.442,0.9958,0.9961,4.80,14.40
2007.06.27 10:40:21.801,0.9958,0.9961,7.20,12.00
2007.06.27 10:40:21.835,0.9958,0.9961,21.50,12.00
2007.06.27 10:40:21.985,0.9958,0.9961,27.10,6.40
2007.06.27 10:40:22.109,0.9958,0.9961,31.10,2.40
2007.06.27 10:40:29.260,0.9958,0.9961,28.70,4.80
2007.06.27 10:40:30.954,0.9958,0.9961,28.70,5.60
2007.06.27 10:40:31.201,0.9958,0.9961,28.70,6.40
2007.06.27 10:40:31.487,0.9958,0.9961,28.70,5.60
2007.06.27 10:40:31.495,0.9958,0.9961,28.70,4.80
2007.06.27 10:40:32.019,0.9958,0.9961,20.70,12.80
2007.06.27 10:40:34.573,0.9958,0.9962,20.70,21.60
2007.06.27 10:40:35.795,0.9958,0.9961,18.30,15.20
2007.06.27 10:40:36.419,0.9958,0.996,20.70,0.70
2007.06.27 10:40:36.565,0.9958,0.996,26.30,0.50
2007.06.27 10:40:38.674,0.9958,0.9961,20.70,12.80
2007.06.27 10:40:39.275,0.9958,0.996,19.10,0.60
2007.06.27 10:40:39.609,0.9958,0.9961,24.70,10.40
2007.06.27 10:40:39.633,0.9958,0.996,27.10,0.70
2007.06.27 10:40:39.739,0.9958,0.9962,27.10,21.60
2007.06.27 10:40:47.936,0.9958,0.9961,27.10,0.50
2007.06.27 10:40:48.007,0.9958,0.9962,21.50,21.60
2007.06.27 10:41:04.190,0.9958,0.996,19.10,2.40
2007.06.27 10:41:04.283,0.9958,0.996,16.70,2.40
2007.06.27 10:41:04.323,0.9958,0.996,2.40,2.40
2007.06.27 10:41:04.406,0.9958,0.996,2.40,6.40
2007.06.27 10:41:04.525,0.9958,0.996,2.40,12.00
2007.06.27 10:41:04.729,0.9957,0.996,23.90,12.00
2007.06.27 10:41:05.223,0.9957,0.996,23.10,12.00
2007.06.27 10:41:05.273,0.9957,0.996,22.30,12.00
2007.06.27 10:41:06.134,0.9957,0.996,22.30,9.60
2007.06.27 10:41:06.774,0.9957,0.996,25.50,5.60
2007.06.27 10:41:06.814,0.9957,0.99605,31.10,5.60
2007.06.27 10:41:08.268,0.9957,0.99605,16.80,5.60
2007.06.27 10:41:09.819,0.9957,0.996,16.80,0.80
2007.06.27 10:41:09.845,0.9957,0.996,16.80,1.60
2007.06.27 10:41:09.899,0.9957,0.996,17.60,1.60
2007.06.27 10:41:09.918,0.9957,0.996,18.40,0.80
2007.06.27 10:41:10.145,0.9958,0.99605,2.40,5.60
2007.06.27 10:41:10.355,0.9958,0.99605,4.80,5.60
2007.06.27 10:41:10.538,0.9958,0.9961,4.80,14.40
2007.06.27 10:41:11.187,0.9958,0.996,2.40,2.40
2007.06.27 10:41:11.279,0.99575,0.996,5.60,2.40
2007.06.27 10:41:11.436,0.99575,0.996,5.60,6.40
2007.06.27 10:41:11.486,0.9957,0.996,5.60,12.00
2007.06.27 10:41:11.687,0.9957,0.996,4.80,12.00
2007.06.27 10:41:13.640,0.9958,0.996,2.40,9.60
2007.06.27 10:41:13.882,0.9958,0.996,2.40,4.00
2007.06.27 10:41:13.942,0.9958,0.9961,2.40,17.60
2007.06.27 10:41:13.989,0.9958,0.9961,4.80,15.20
2007.06.27 10:41:14.090,0.9958,0.9961,4.80,14.40
2007.06.27 10:41:14.618,0.9958,0.99605,4.80,5.60
2007.06.27 10:41:15.397,0.9958,0.9961,4.80,14.40
2007.06.27 10:41:18.791,0.9958,0.9961,2.40,16.80
2007.06.27 10:41:18.962,0.9958,0.99605,2.40,5.60
2007.06.27 10:41:19.240,0.9957,0.9961,20.00,11.20
2007.06.27 10:41:19.446,0.9957,0.99605,20.00,5.60
2007.06.27 10:41:19.747,0.9957,0.99605,19.20,5.60
2007.06.27 10:41:19.925,0.9957,0.99605,18.40,5.60
2007.06.27 10:41:26.686,0.9957,0.996,18.40,2.40
2007.06.27 10:41:27.100,0.9957,0.996,12.80,6.40
2007.06.27 10:41:27.253,0.9957,0.996,7.20,12.00
2007.06.27 10:41:28.254,0.9957,0.996,21.50,12.00
2007.06.27 10:41:28.348,0.9957,0.996,25.50,8.00
2007.06.27 10:41:28.501,0.9957,0.996,31.10,2.40
2007.06.27 10:41:28.639,0.9958,0.99605,2.40,5.60
2007.06.27 10:41:29.680,0.9958,0.99605,4.80,5.60
2007.06.27 10:41:33.677,0.9958,0.996,2.40,2.40
2007.06.27 10:41:36.822,0.9957,0.996,31.10,2.40
2007.06.27 10:41:39.038,0.9957,0.99605,31.10,8.00
2007.06.27 10:41:39.295,0.9957,0.99605,16.80,8.00
2007.06.27 10:41:39.348,0.9957,0.99605,14.40,8.00
2007.06.27 10:41:39.674,0.9957,0.996,12.00,0.60
2007.06.27 10:41:39.686,0.9957,0.996,8.00,0.60
2007.06.27 10:41:39.834,0.9957,0.9961,2.40,41.50
2007.06.27 10:41:40.173,0.9957,0.9959,2.40,0.60
2007.06.27 10:41:41.721,0.9957,0.9961,4.80,43.90
2007.06.27 10:41:41.753,0.9957,0.9959,4.80,0.60
2007.06.27 10:41:42.645,0.9957,0.996,2.40,19.20
2007.06.27 10:41:42.747,0.9957,0.996,2.40,19.20
2007.06.27 10:41:42.858,0.9957,0.9958,2.40,0.80
2007.06.27 10:41:43.378,0.9957,0.9959,2.40,0.60
2007.06.27 10:41:43.445,0.9956,0.9959,12.80,0.90
2007.06.27 10:41:43.516,0.99565,0.99595,5.60,8.00
2007.06.27 10:41:43.707,0.9957,0.996,2.40,39.10
2007.06.27 10:41:44.099,0.99565,0.99595,5.60,0.80
2007.06.27 10:41:44.222,0.9957,0.99595,2.40,6.40
2007.06.27 10:41:44.306,0.9957,0.9959,2.40,0.90
2007.06.27 10:41:44.354,0.9957,0.9959,2.40,0.80
2007.06.27 10:41:44.843,0.9957,0.99585,2.40,0.50
2007.06.27 10:41:45.017,0.9956,0.9959,7.20,14.40
2007.06.27 10:41:45.191,0.9956,0.99585,4.80,0.70
2007.06.27 10:41:45.230,0.9956,0.9959,2.40,16.00
2007.06.27 10:41:45.623,0.9956,0.9959,2.40,0.70
2007.06.27 10:41:45.649,0.9956,0.996,4.80,41.50
2007.06.27 10:41:45.882,0.9956,0.9959,10.40,0.50
2007.06.27 10:41:45.899,0.9956,0.99595,14.40,10.40
2007.06.27 10:41:46.242,0.9956,0.9959,16.80,0.50
2007.06.27 10:41:46.421,0.9956,0.99595,12.80,8.00
2007.06.27 10:41:46.437,0.9956,0.9959,12.80,0.70
2007.06.27 10:41:47.464,0.9956,0.9959,16.80,0.90
2007.06.27 10:41:47.683,0.9956,0.99595,16.80,8.00
2007.06.27 10:41:49.334,0.9956,0.9959,16.80,0.60
2007.06.27 10:41:49.439,0.9956,0.99595,16.80,27.90
2007.06.27 10:41:49.521,0.9956,0.9959,16.80,0.60
2007.06.27 10:41:49.646,0.9956,0.9959,14.40,25.50
2007.06.27 10:41:49.784,0.9956,0.9958,8.80,0.50
2007.06.27 10:41:49.957,0.9956,0.99585,6.40,8.00
2007.06.27 10:41:50.165,0.9956,0.99585,6.40,0.70
2007.06.27 10:41:50.689,0.9956,0.9959,8.80,27.10
2007.06.27 10:41:50.755,0.9956,0.9959,4.80,12.00
2007.06.27 10:41:50.886,0.9956,0.9959,7.20,12.00
2007.06.27 10:41:51.258,0.9956,0.99585,4.80,0.90
2007.06.27 10:41:51.655,0.9956,0.9959,7.20,12.00
2007.06.27 10:41:52.623,0.9956,0.996,7.20,40.70
2007.06.27 10:41:54.286,0.9956,0.99585,7.20,0.60
2007.06.27 10:41:55.291,0.9956,0.996,7.20,41.50
2007.06.27 10:41:57.831,0.9956,0.996,4.80,41.50
2007.06.27 10:41:58.077,0.9956,0.9959,4.80,14.40
2007.06.27 10:42:01.718,0.9956,0.9958,2.40,0.90
2007.06.27 10:42:01.819,0.9956,0.99585,2.40,11.20
2007.06.27 10:42:01.851,0.9956,0.99585,2.40,12.00
2007.06.27 10:42:01.961,0.9956,0.99575,2.40,0.50
2007.06.27 10:42:02.161,0.9955,0.9958,4.80,16.80
2007.06.27 10:42:02.447,0.9955,0.9958,19.10,16.80
2007.06.27 10:42:03.681,0.9955,0.99575,16.70,0.60
2007.06.27 10:42:05.627,0.9955,0.99575,2.40,0.90
2007.06.27 10:42:05.712,0.9955,0.9958,4.80,16.80
2007.06.27 10:42:06.152,0.9955,0.9957,2.40,0.90
2007.06.27 10:42:06.247,0.99545,0.9957,5.60,0.70
2007.06.27 10:42:06.637,0.9954,0.9957,28.70,8.00
2007.06.27 10:42:06.661,0.9954,0.9957,24.70,12.00
2007.06.27 10:42:06.679,0.9955,0.9957,2.40,9.60
2007.06.27 10:42:06.976,0.9955,0.9957,4.80,9.60
2007.06.27 10:42:07.153,0.9955,0.99565,4.80,5.60
2007.06.27 10:42:08.435,0.9955,0.9957,4.80,4.00
2007.06.27 10:42:08.554,0.9955,0.99575,4.80,5.60
2007.06.27 10:42:08.664,0.9955,0.99575,7.20,5.60
2007.06.27 10:42:09.210,0.9955,0.9958,7.20,14.40
2007.06.27 10:42:09.743,0.9955,0.9958,7.20,13.60
2007.06.27 10:42:09.801,0.9956,0.9958,2.40,10.40
2007.06.27 10:42:09.820,0.9956,0.9958,2.40,9.60
2007.06.27 10:42:09.887,0.9956,0.9958,4.80,9.60
2007.06.27 10:42:10.009,0.9956,0.9958,4.80,5.60
2007.06.27 10:42:10.251,0.9956,0.99585,4.80,5.60
2007.06.27 10:42:10.756,0.9956,0.9959,4.80,16.80
2007.06.27 10:42:12.349,0.9956,0.9959,2.40,19.20
2007.06.27 10:42:12.511,0.9956,0.99585,2.40,5.60
2007.06.27 10:42:13.858,0.9956,0.99585,16.70,5.60
2007.06.27 10:42:13.882,0.9956,0.99585,19.10,5.60
2007.06.27 10:42:13.940,0.9956,0.9959,24.70,16.80
2007.06.27 10:42:14.226,0.9956,0.9959,27.10,10.40
2007.06.27 10:42:14.414,0.9956,0.9959,27.10,4.80
2007.06.27 10:42:15.117,0.9957,0.9959,2.40,2.40
2007.06.27 10:42:15.625,0.9956,0.9959,27.10,4.80
2007.06.27 10:42:15.717,0.9956,0.9959,31.10,3.20
2007.06.27 10:42:15.942,0.99565,0.9959,5.60,3.20
2007.06.27 10:42:15.965,0.99565,0.9959,5.60,2.40
2007.06.27 10:42:16.464,0.9956,0.9959,31.10,2.40
2007.06.27 10:42:16.544,0.9956,0.9959,9.00,2.40
2007.06.27 10:42:16.692,0.9956,0.9958,10.80,2.40
2007.06.27 10:42:16.799,0.9955,0.9958,39.00,4.80
2007.06.27 10:42:16.845,0.9955,0.9958,34.30,4.80
2007.06.27 10:42:17.032,0.9955,0.9958,34.30,4.80
2007.06.27 10:42:17.319,0.9955,0.9959,36.70,11.20
2007.06.27 10:42:17.426,0.9956,0.9959,1.60,15.20
2007.06.27 10:42:17.534,0.9956,0.99585,1.10,5.60
2007.06.27 10:42:17.621,0.9956,0.99585,0.90,5.60
2007.06.27 10:42:18.023,0.9956,0.9959,1.20,14.40
2007.06.27 10:42:22.151,0.99555,0.9959,8.00,14.40
2007.06.27 10:42:22.440,0.9956,0.99585,1.20,5.60
2007.06.27 10:42:22.687,0.9956,0.9958,0.80,2.40
2007.06.27 10:42:22.779,0.9955,0.9958,17.60,4.80
2007.06.27 10:42:23.208,0.9955,0.9958,17.60,2.40
2007.06.27 10:42:23.310,0.9954,0.9958,39.10,2.40
2007.06.27 10:42:23.400,0.9954,0.99585,39.10,5.60
2007.06.27 10:42:23.495,0.9954,0.99585,43.80,5.60
2007.06.27 10:42:23.712,0.9955,0.99585,33.50,5.60
2007.06.27 10:42:24.214,0.9955,0.99585,35.10,5.60
2007.06.27 10:42:24.330,0.9956,0.99585,3.60,5.60
2007.06.27 10:42:24.636,0.9955,0.99585,43.80,5.60
2007.06.27 10:42:24.844,0.9956,0.99585,2.90,5.60
2007.06.27 10:42:25.333,0.9956,0.9959,3.50,13.60
2007.06.27 10:42:25.583,0.9956,0.9959,3.20,12.80
2007.06.27 10:42:26.697,0.9956,0.9959,0.90,12.00
2007.06.27 10:42:27.856,0.9957,0.9959,8.10,12.00
2007.06.27 10:42:28.545,0.9957,0.9959,0.60,8.00
2007.06.27 10:42:28.644,0.9957,0.9959,9.40,5.60
2007.06.27 10:42:28.766,0.9957,0.99595,9.80,5.60
2007.06.27 10:42:29.535,0.9957,0.996,5.00,16.80
2007.06.27 10:42:31.720,0.9957,0.9959,2.30,2.40
2007.06.27 10:42:32.639,0.99565,0.996,24.70,16.80
2007.06.27 10:42:33.672,0.99565,0.9959,22.30,2.40
2007.06.27 10:42:36.004,0.99565,0.9959,8.00,2.40
2007.06.27 10:42:36.214,0.99565,0.9959,1.50,2.40
2007.06.27 10:42:39.125,0.9957,0.9959,4.80,2.40
2007.06.27 10:42:39.230,0.9957,0.996,4.80,16.80
2007.06.27 10:42:41.841,0.9957,0.996,4.80,14.40
2007.06.27 10:42:41.878,0.9957,0.996,27.90,10.40
2007.06.27 10:42:42.233,0.9957,0.996,27.90,9.60
2007.06.27 10:42:42.375,0.9957,0.996,27.90,8.80
2007.06.27 10:42:42.450,0.9958,0.996,1.30,8.00
2007.06.27 10:42:45.067,0.9958,0.996,2.40,2.40
2007.06.27 10:42:47.913,0.9958,0.996,2.40,8.00
2007.06.27 10:42:47.946,0.9958,0.996,2.40,12.00
2007.06.27 10:42:48.839,0.9958,0.996,2.40,8.00
2007.06.27 10:42:49.164,0.9957,0.996,10.40,8.00
2007.06.27 10:42:49.270,0.9957,0.996,30.30,8.00
2007.06.27 10:42:49.435,0.9957,0.996,25.50,8.00
2007.06.27 10:42:49.447,0.9957,0.996,27.90,8.00
2007.06.27 10:42:49.462,0.9957,0.996,27.90,12.00
2007.06.27 10:42:49.556,0.9957,0.996,28.70,12.00
2007.06.27 10:42:49.662,0.9958,0.996,2.40,12.00
2007.06.27 10:42:49.859,0.9958,0.996,2.40,8.00
2007.06.27 10:42:49.981,0.9958,0.996,2.40,2.40
2007.06.27 10:42:50.613,0.9958,0.9961,2.40,20.00
2007.06.27 10:42:50.716,0.99575,0.9961,5.60,19.20
2007.06.27 10:42:52.336,0.9959,0.996,2.40,0.70
2007.06.27 10:42:52.644,0.99575,0.996,5.60,0.50
2007.06.27 10:42:53.647,0.9958,0.9961,2.40,19.20
2007.06.27 10:42:54.172,0.99575,0.9961,5.60,19.20
2007.06.27 10:42:55.317,0.9958,0.996,2.40,0.80
2007.06.27 10:42:58.719,0.9958,0.9962,4.80,33.50
2007.06.27 10:42:59.386,0.9958,0.9961,4.80,0.80
2007.06.27 10:42:59.589,0.9958,0.9962,4.80,34.30
2007.06.27 10:43:00.492,0.9958,0.9961,4.80,16.80
2007.06.27 10:43:02.219,0.9958,0.9961,4.80,0.60
2007.06.27 10:43:02.315,0.9958,0.9961,4.80,0.50
2007.06.27 10:43:02.358,0.9958,0.996,4.80,0.80
2007.06.27 10:43:02.479,0.9958,0.9961,4.80,35.90
2007.06.27 10:43:02.608,0.9958,0.9961,4.80,35.90
2007.06.27 10:43:04.161,0.9958,0.996,2.40,0.60
2007.06.27 10:43:06.848,0.9958,0.996,2.40,0.50
2007.06.27 10:43:07.501,0.9958,0.99595,2.40,0.50
2007.06.27 10:43:09.196,0.9957,0.996,4.80,28.70
2007.06.27 10:43:11.516,0.9957,0.996,4.80,0.50
2007.06.27 10:43:11.524,0.9957,0.996,19.10,0.70
2007.06.27 10:43:12.093,0.9957,0.9961,19.10,22.40
2007.06.27 10:43:12.228,0.9957,0.9961,19.10,23.20
2007.06.27 10:43:12.316,0.9957,0.996,19.10,0.80
2007.06.27 10:43:12.436,0.9957,0.9961,4.80,42.30
2007.06.27 10:43:12.539,0.9957,0.996,4.80,0.80
2007.06.27 10:43:12.735,0.9958,0.996,2.40,0.80
2007.06.27 10:43:12.857,0.9958,0.9961,2.40,40.60
2007.06.27 10:43:13.281,0.9957,0.996,4.80,0.90
2007.06.27 10:43:14.171,0.9957,0.99595,4.80,0.80
2007.06.27 10:43:16.853,0.9957,0.99595,5.60,0.90
2007.06.27 10:43:16.921,0.9957,0.996,6.40,14.40
2007.06.27 10:43:16.960,0.9957,0.996,5.60,14.40
2007.06.27 10:43:17.148,0.9957,0.99595,4.80,0.80
2007.06.27 10:43:17.919,0.9957,0.996,4.80,14.40
2007.06.27 10:43:17.960,0.9957,0.996,5.60,14.40
2007.06.27 10:43:18.202,0.9957,0.996,6.40,14.40
2007.06.27 10:43:18.210,0.9957,0.996,7.20,14.40
2007.06.27 10:43:18.856,0.9957,0.996,8.00,28.70
2007.06.27 10:43:19.237,0.9957,0.996,8.00,15.20
2007.06.27 10:43:19.260,0.9957,0.996,8.00,16.80
2007.06.27 10:43:19.668,0.9957,0.996,7.20,16.80
2007.06.27 10:43:19.804,0.9957,0.99595,6.40,5.60
2007.06.27 10:43:19.924,0.9957,0.99595,4.80,5.60
2007.06.27 10:43:21.017,0.9957,0.99595,20.70,5.60
2007.06.27 10:43:21.049,0.9957,0.99595,21.50,5.60
2007.06.27 10:43:21.245,0.9957,0.99595,5.60,5.60
2007.06.27 10:43:21.633,0.9957,0.99595,4.80,5.60
2007.06.27 10:43:21.858,0.9957,0.99595,3.20,5.60
2007.06.27 10:43:21.918,0.9957,0.99595,2.40,5.60
2007.06.27 10:43:31.194,0.9956,0.9959,19.20,2.40
2007.06.27 10:43:31.303,0.9956,0.9959,18.40,2.40
2007.06.27 10:43:31.576,0.9956,0.9959,19.20,2.40
2007.06.27 10:43:31.612,0.9956,0.9959,20.00,2.40
2007.06.27 10:43:32.121,0.9957,0.99595,2.40,5.60
2007.06.27 10:43:33.686,0.9956,0.9959,20.00,2.40
2007.06.27 10:43:34.724,0.9956,0.9959,16.80,4.80
2007.06.27 10:43:35.286,0.9956,0.9959,31.10,4.80
2007.06.27 10:43:35.695,0.9956,0.9959,29.50,2.40
2007.06.27 10:43:35.828,0.9956,0.9959,29.50,8.00
2007.06.27 10:43:36.706,0.9956,0.9959,34.30,8.00
2007.06.27 10:43:36.779,0.99565,0.9959,5.60,2.40
2007.06.27 10:43:39.645,0.9957,0.9959,2.40,2.40
2007.06.27 10:43:39.738,0.9957,0.99595,2.40,5.60
2007.06.27 10:43:39.884,0.9957,0.996,2.40,17.60
2007.06.27 10:43:39.912,0.9957,0.996,2.40,16.80
2007.06.27 10:43:40.657,0.99565,0.9959,5.60,2.40
2007.06.27 10:43:41.185,0.9957,0.996,2.40,15.20
2007.06.27 10:43:41.311,0.9957,0.996,4.80,14.40
2007.06.27 10:43:41.682,0.9957,0.9959,2.40,2.40
2007.06.27 10:43:43.278,0.9957,0.9959,3.20,2.40
2007.06.27 10:43:43.328,0.9957,0.9959,4.00,2.40
2007.06.27 10:43:43.485,0.9957,0.9959,19.90,2.40
2007.06.27 10:43:43.673,0.9957,0.996,22.30,14.40
2007.06.27 10:43:43.798,0.99565,0.996,27.90,14.40
2007.06.27 10:43:43.884,0.99565,0.996,27.90,12.00
2007.06.27 10:43:44.996,0.99565,0.996,31.10,8.00
2007.06.27 10:43:45.150,0.9957,0.996,7.40,2.40
2007.06.27 10:43:45.724,0.9956,0.996,43.80,2.40
2007.06.27 10:43:46.892,0.9957,0.996,1.00,21.50
2007.06.27 10:43:46.951,0.9956,0.996,24.80,23.90
2007.06.27 10:43:46.995,0.9957,0.99595,1.70,5.60
2007.06.27 10:43:47.178,0.9956,0.9959,21.60,2.40
2007.06.27 10:43:47.234,0.9957,0.9959,0.80,2.40
2007.06.27 10:43:47.246,0.9956,0.9959,1.40,2.40
2007.06.27 10:43:47.368,0.9955,0.9959,39.10,4.80
2007.06.27 10:43:47.757,0.9956,0.9959,5.10,4.80
2007.06.27 10:43:47.867,0.9955,0.9959,37.50,4.80
2007.06.27 10:43:47.922,0.9955,0.9959,36.70,8.80
2007.06.27 10:43:48.019,0.9956,0.9959,1.90,14.40
2007.06.27 10:43:48.671,0.9956,0.9959,1.10,14.40
2007.06.27 10:43:49.902,0.9956,0.9959,0.50,16.80
2007.06.27 10:43:50.255,0.99555,0.9959,8.00,14.40
2007.06.27 10:43:52.047,0.99555,0.9959,8.80,14.40
2007.06.27 10:43:52.234,0.9956,0.9959,0.80,14.40
2007.06.27 10:43:54.666,0.9955,0.9958,33.50,2.40
2007.06.27 10:43:55.268,0.9955,0.9958,14.40,3.20
2007.06.27 10:43:55.350,0.9955,0.9958,14.40,4.00
2007.06.27 10:43:55.393,0.9955,0.9958,14.40,4.80
2007.06.27 10:43:55.677,0.9955,0.9958,14.40,7.20
2007.06.27 10:43:55.776,0.99555,0.9957,0.70,2.40
2007.06.27 10:43:56.164,0.9955,0.9957,1.30,2.40
2007.06.27 10:43:56.234,0.99545,0.9957,8.00,2.40
2007.06.27 10:43:56.811,0.99545,0.9958,8.00,16.80
2007.06.27 10:43:57.221,0.99545,0.9958,8.00,16.00
2007.06.27 10:43:57.262,0.99545,0.9958,8.00,17.60
2007.06.27 10:43:57.418,0.99545,0.9958,8.00,16.80
2007.06.27 10:43:57.908,0.99545,0.9958,8.00,14.40
2007.06.27 10:43:58.243,0.99545,0.9958,8.00,15.20
2007.06.27 10:43:58.267,0.9955,0.9958,1.50,16.00
2007.06.27 10:43:58.285,0.99545,0.9958,8.00,16.80
2007.06.27 10:43:58.372,0.99545,0.9957,8.00,2.40
2007.06.27 10:43:58.654,0.9954,0.9957,29.50,4.80
2007.06.27 10:44:00.390,0.9954,0.9957,7.80,4.80
2007.06.27 10:44:01.241,0.9953,0.9957,40.60,7.20
2007.06.27 10:44:01.644,0.99535,0.9957,28.70,12.80
2007.06.27 10:44:02.697,0.9954,0.9957,5.60,12.80
2007.06.27 10:44:03.699,0.9953,0.9957,40.60,10.40
2007.06.27 10:44:05.120,0.9953,0.9956,38.20,2.40
2007.06.27 10:44:05.648,0.9954,0.9957,12.00,10.40
2007.06.27 10:44:05.878,0.9954,0.9957,2.60,12.80
2007.06.27 10:44:06.330,0.99535,0.9957,24.70,12.80
2007.06.27 10:44:07.271,0.9954,0.9957,2.20,16.80
2007.06.27 10:44:07.302,0.9954,0.9957,1.90,17.60
2007.06.27 10:44:07.457,0.99535,0.9957,8.00,18.40
2007.06.27 10:44:07.763,0.99535,0.9957,22.30,19.20
2007.06.27 10:44:07.846,0.99535,0.9957,24.70,16.80
2007.06.27 10:44:07.896,0.9954,0.9956,5.20,2.40
2007.06.27 10:44:08.227,0.99535,0.9957,24.70,14.40
2007.06.27 10:44:08.965,0.9954,0.99565,3.30,5.60
2007.06.27 10:44:09.496,0.9953,0.9957,40.60,14.40
2007.06.27 10:44:09.712,0.9955,0.9957,1.30,12.00
2007.06.27 10:44:09.955,0.9955,0.9957,0.80,12.00
2007.06.27 10:44:10.207,0.9954,0.9957,24.70,14.40
2007.06.27 10:44:10.275,0.9954,0.9957,25.50,8.00
2007.06.27 10:44:10.516,0.9953,0.9957,43.80,8.00
2007.06.27 10:44:10.643,0.9954,0.9957,7.40,10.40
2007.06.27 10:44:11.070,0.9954,0.9957,27.10,8.00
2007.06.27 10:44:11.146,0.9954,0.9957,27.10,5.60
2007.06.27 10:44:11.665,0.9955,0.9957,2.40,5.60
2007.06.27 10:44:12.171,0.9954,0.9957,32.70,5.60
2007.06.27 10:44:12.326,0.9954,0.9957,31.90,5.60
2007.06.27 10:44:12.399,0.99545,0.9958,5.60,19.20
2007.06.27 10:44:12.684,0.9955,0.9958,2.40,19.20
2007.06.27 10:44:13.894,0.9955,0.9958,4.80,16.80
2007.06.27 10:44:14.703,0.9955,0.9958,4.80,15.20
2007.06.27 10:44:14.798,0.9955,0.9957,4.80,2.40
2007.06.27 10:44:14.904,0.9955,0.9958,4.80,14.40
2007.06.27 10:44:15.106,0.9955,0.9958,4.80,12.00
2007.06.27 10:44:15.218,0.9956,0.9958,2.40,12.00
2007.06.27 10:44:15.312,0.9956,0.9958,2.40,9.60
2007.06.27 10:44:15.535,0.9956,0.9958,2.40,5.60
2007.06.27 10:44:15.608,0.9956,0.99585,2.40,5.60
2007.06.27 10:44:18.445,0.9956,0.9959,2.40,31.90
2007.06.27 10:44:18.694,0.99555,0.9959,5.60,31.90
2007.06.27 10:44:18.743,0.99555,0.9959,5.60,35.90
2007.06.27 10:44:19.099,0.99555,0.9958,5.60,2.40
2007.06.27 10:44:19.457,0.9955,0.9958,14.40,8.00
2007.06.27 10:44:19.483,0.9955,0.9958,10.40,12.00
2007.06.27 10:44:19.962,0.9955,0.9958,14.40,8.00
2007.06.27 10:44:19.990,0.9955,0.9958,20.00,2.40
2007.06.27 10:44:20.198,0.9956,0.99585,2.40,5.60
2007.06.27 10:44:21.397,0.9956,0.9959,2.40,31.10
2007.06.27 10:44:25.178,0.9956,0.9959,3.20,31.10
2007.06.27 10:44:25.283,0.9956,0.9959,4.00,16.80
2007.06.27 10:44:25.317,0.9956,0.9959,7.20,16.80
2007.06.27 10:44:25.400,0.9956,0.9959,7.20,14.40
2007.06.27 10:44:25.957,0.9956,0.9959,11.20,10.40
2007.06.27 10:44:26.010,0.9956,0.9959,16.80,4.80
2007.06.27 10:44:27.186,0.9957,0.9959,2.40,2.40
2007.06.27 10:44:29.202,0.9957,0.9959,2.40,0.90
2007.06.27 10:44:30.179,0.99565,0.99595,5.60,10.40
2007.06.27 10:44:30.402,0.99565,0.99595,5.60,8.00
2007.06.27 10:44:30.775,0.9957,0.996,2.40,16.80
2007.06.27 10:44:32.737,0.99565,0.99595,5.60,8.00
2007.06.27 10:44:33.980,0.9956,0.99595,19.20,8.00
2007.06.27 10:44:34.282,0.9956,0.99595,16.80,24.70
2007.06.27 10:44:34.798,0.9956,0.99595,14.40,27.10
2007.06.27 10:44:35.044,0.9956,0.996,8.80,41.40
2007.06.27 10:44:35.705,0.9956,0.9959,5.60,0.80
2007.06.27 10:44:35.815,0.9956,0.9959,8.00,0.80
2007.06.27 10:44:35.837,0.9956,0.996,8.00,40.70
2007.06.27 10:44:35.906,0.9956,0.9959,13.60,0.60
2007.06.27 10:44:36.018,0.9956,0.9959,17.60,0.60
2007.06.27 10:44:37.364,0.9956,0.9959,15.20,7.20
2007.06.27 10:44:37.433,0.9956,0.9959,9.60,12.80
2007.06.27 10:44:37.518,0.9956,0.9959,5.60,16.80
2007.06.27 10:44:37.615,0.9956,0.9958,4.80,0.90
2007.06.27 10:44:37.870,0.9956,0.996,4.80,21.60
2007.06.27 10:44:37.927,0.9956,0.996,4.80,40.60
2007.06.27 10:44:39.754,0.9957,0.9959,2.40,0.90
2007.06.27 10:44:39.889,0.9957,0.996,2.40,38.30
2007.06.27 10:44:39.995,0.9957,0.9959,2.40,0.80
2007.06.27 10:44:40.075,0.9957,0.9959,2.40,0.60
2007.06.27 10:44:40.182,0.9957,0.9959,2.40,0.70
2007.06.27 10:44:40.773,0.9956,0.99595,17.60,10.40
2007.06.27 10:44:41.190,0.9957,0.99595,2.40,10.40
2007.06.27 10:44:41.301,0.9957,0.99595,2.40,8.00
2007.06.27 10:44:41.396,0.9957,0.99595,2.40,0.60
2007.06.27 10:44:41.702,0.9956,0.996,20.00,33.50
2007.06.27 10:44:41.812,0.9956,0.99595,20.00,8.00
2007.06.27 10:44:42.223,0.9957,0.996,2.40,33.50
2007.06.27 10:44:45.375,0.9957,0.99595,2.40,8.00
2007.06.27 10:44:45.745,0.9956,0.9959,14.40,0.50
2007.06.27 10:44:45.935,0.9956,0.996,8.80,41.50
2007.06.27 10:44:45.993,0.9956,0.9959,4.80,0.70
2007.06.27 10:44:46.215,0.9956,0.9959,4.80,0.80
2007.06.27 10:44:46.287,0.9956,0.996,4.80,43.10
2007.06.27 10:44:46.342,0.9956,0.996,4.80,43.90
2007.06.27 10:44:46.467,0.9956,0.9959,4.80,35.90
2007.06.27 10:44:48.017,0.9956,0.996,4.80,42.30
2007.06.27 10:44:48.037,0.9956,0.9959,4.80,0.60
2007.06.27 10:44:50.998,0.9956,0.9959,2.40,0.70
2007.06.27 10:44:51.695,0.9956,0.996,4.80,43.90
2007.06.27 10:44:54.153,0.9957,0.996,2.40,43.90
2007.06.27 10:44:54.263,0.9957,0.996,2.40,41.50
2007.06.27 10:44:54.358,0.9957,0.996,2.40,41.50
2007.06.27 10:44:54.511,0.9957,0.99595,2.40,9.60
2007.06.27 10:44:54.560,0.9957,0.996,2.40,20.00
2007.06.27 10:44:54.870,0.9957,0.99595,2.40,8.00
2007.06.27 10:44:55.032,0.9957,0.9959,2.40,0.70
2007.06.27 10:44:55.049,0.9957,0.996,2.40,39.10
2007.06.27 10:44:55.187,0.9956,0.9959,4.80,0.50
2007.06.27 10:44:55.397,0.9956,0.9959,7.20,0.90
2007.06.27 10:44:55.522,0.9956,0.99595,12.80,12.00
2007.06.27 10:44:55.598,0.9956,0.99595,16.80,8.00
2007.06.27 10:44:56.059,0.99565,0.996,5.60,41.50
2007.06.27 10:44:57.361,0.9956,0.9959,16.80,2.40
2007.06.27 10:45:00.892,0.9956,0.9959,14.40,4.80
2007.06.27 10:45:01.070,0.9956,0.9959,10.40,8.80
2007.06.27 10:45:01.457,0.9956,0.9959,4.80,14.40
2007.06.27 10:45:02.748,0.9956,0.9959,4.80,15.20
2007.06.27 10:45:02.780,0.9956,0.9959,4.80,16.00
2007.06.27 10:45:02.954,0.9956,0.9959,4.80,35.90
2007.06.27 10:45:04.092,0.9956,0.9959,2.40,38.30
2007.06.27 10:45:05.136,0.9956,0.99585,2.40,5.60
2007.06.27 10:45:05.846,0.9956,0.99585,4.80,5.60
2007.06.27 10:45:06.905,0.9956,0.9959,4.80,31.10
2007.06.27 10:45:07.382,0.9956,0.9959,5.60,30.30
2007.06.27 10:45:07.389,0.9956,0.9959,5.60,29.50
2007.06.27 10:45:07.455,0.9956,0.9959,6.40,28.70
2007.06.27 10:45:07.482,0.9956,0.9959,7.20,28.70
2007.06.27 10:45:07.586,0.9956,0.9959,8.00,28.70
2007.06.27 10:45:07.789,0.9956,0.9959,8.00,14.40
2007.06.27 10:45:07.980,0.9956,0.9959,13.60,8.80
2007.06.27 10:45:08.707,0.9956,0.9959,17.60,4.80
2007.06.27 10:45:11.769,0.9956,0.9959,16.80,4.80
2007.06.27 10:45:11.827,0.9956,0.9959,15.20,19.10
2007.06.27 10:45:11.866,0.9956,0.9959,14.40,19.10
2007.06.27 10:45:12.599,0.9956,0.9959,10.40,23.10
2007.06.27 10:45:12.625,0.9956,0.9959,4.80,28.70
2007.06.27 10:45:12.718,0.9956,0.9959,4.80,33.50
2007.06.27 10:45:12.798,0.9956,0.9959,2.40,35.90
2007.06.27 10:45:13.317,0.9956,0.9959,2.40,36.70
2007.06.27 10:45:13.457,0.9956,0.9959,2.40,37.50
2007.06.27 10:45:13.741,0.9956,0.9959,2.40,19.20
2007.06.27 10:45:13.937,0.9956,0.99585,2.40,5.60
2007.06.27 10:45:14.692,0.9956,0.9959,2.40,19.20
2007.06.27 10:45:15.147,0.99555,0.9958,5.60,2.40
2007.06.27 10:45:16.076,0.9955,0.9958,8.80,8.00
2007.06.27 10:45:16.203,0.9955,0.9958,4.80,12.00
2007.06.27 10:45:16.306,0.9955,0.9958,4.80,14.40
2007.06.27 10:45:16.612,0.9955,0.9957,2.40,2.40
2007.06.27 10:45:17.278,0.9955,0.9958,4.80,12.80
2007.06.27 10:45:17.334,0.9955,0.9958,4.80,13.60
2007.06.27 10:45:17.371,0.9955,0.9958,5.60,13.60
2007.06.27 10:45:17.460,0.9955,0.9958,5.60,14.40
2007.06.27 10:45:17.744,0.9955,0.9958,5.60,13.60
2007.06.27 10:45:17.756,0.9955,0.9958,5.60,12.80
2007.06.27 10:45:17.930,0.9955,0.9958,5.60,12.00
2007.06.27 10:45:18.405,0.9955,0.9958,4.80,12.00
2007.06.27 10:45:19.276,0.9956,0.9958,2.40,12.00
2007.06.27 10:45:19.895,0.9955,0.9958,4.80,12.00
2007.06.27 10:45:22.172,0.9955,0.9958,4.80,12.80
2007.06.27 10:45:22.284,0.9955,0.9958,2.40,16.00
2007.06.27 10:45:22.323,0.9955,0.9958,2.40,16.80
2007.06.27 10:45:22.580,0.9955,0.99575,2.40,5.60
2007.06.27 10:45:22.797,0.9955,0.99575,4.80,5.60
2007.06.27 10:45:23.718,0.9955,0.9958,4.80,14.40
2007.06.27 10:45:25.388,0.99545,0.9958,10.40,14.40
2007.06.27 10:45:26.237,0.99545,0.9958,10.40,16.80
2007.06.27 10:45:28.770,0.99545,0.9958,8.00,19.20
2007.06.27 10:45:28.835,0.9955,0.99575,1.40,5.60
2007.06.27 10:45:29.180,0.9953,0.99575,43.80,5.60
2007.06.27 10:45:29.589,0.9953,0.99575,41.40,5.60
2007.06.27 10:45:29.611,0.9953,0.9957,41.40,5.60
2007.06.27 10:45:30.240,0.9953,0.9957,41.50,5.60
2007.06.27 10:45:30.320,0.9955,0.9957,0.90,5.60
2007.06.27 10:45:30.376,0.9955,0.99575,0.80,5.60
2007.06.27 10:45:30.717,0.99545,0.99575,10.40,5.60
2007.06.27 10:45:39.184,0.9955,0.9957,1.10,2.40
2007.06.27 10:45:39.377,0.99545,0.9957,2.80,2.40
2007.06.27 10:45:39.413,0.99545,0.9957,2.60,4.80
2007.06.27 10:45:39.640,0.9953,0.9957,35.90,10.40
2007.06.27 10:45:39.719,0.9953,0.9957,35.90,10.40
2007.06.27 10:45:40.593,0.9953,0.9957,35.90,14.40
2007.06.27 10:45:40.610,0.99535,0.9957,10.40,14.40
2007.06.27 10:45:47.730,0.99535,0.9956,10.40,2.40
2007.06.27 10:45:49.192,0.99535,0.9957,10.40,14.40
2007.06.27 10:45:49.826,0.9954,0.9957,4.80,14.40
2007.06.27 10:45:49.879,0.9954,0.9957,23.10,10.40
2007.06.27 10:45:49.911,0.9955,0.9957,0.90,4.80
2007.06.27 10:45:50.155,0.99545,0.9956,8.00,2.40
2007.06.27 10:45:50.706,0.9954,0.9957,30.30,4.80
2007.06.27 10:45:50.949,0.9954,0.9957,30.30,10.40
2007.06.27 10:45:51.172,0.9954,0.9957,33.50,8.00
2007.06.27 10:45:51.919,0.9954,0.9957,33.50,2.40
2007.06.27 10:45:53.392,0.9954,0.9957,16.80,2.40
2007.06.27 10:45:53.508,0.9954,0.9957,11.20,8.00
2007.06.27 10:45:53.592,0.9954,0.9957,7.20,12.00
2007.06.27 10:45:53.670,0.9954,0.9957,1.40,14.40
2007.06.27 10:45:54.712,0.9954,0.9956,4.80,2.40
2007.06.27 10:45:55.257,0.9954,0.9957,19.10,14.40
2007.06.27 10:45:55.326,0.9955,0.9957,2.40,14.40
2007.06.27 10:45:55.721,0.9955,0.9957,4.80,12.00
2007.06.27 10:45:56.892,0.9955,0.9957,4.80,6.40
2007.06.27 10:45:57.654,0.9955,0.9957,5.60,2.40
2007.06.27 10:45:57.784,0.9955,0.99575,5.60,5.60
2007.06.27 10:45:57.867,0.9955,0.99575,4.80,5.60
2007.06.27 10:46:00.225,0.9955,0.99575,5.60,5.60
2007.06.27 10:46:00.777,0.9955,0.9958,5.60,16.80
2007.06.27 10:46:01.293,0.9955,0.99575,5.60,5.60
2007.06.27 10:46:02.028,0.9955,0.9958,5.60,15.20
2007.06.27 10:46:05.310,0.9955,0.9958,20.70,14.40
2007.06.27 10:46:05.450,0.9955,0.9958,21.50,14.40
2007.06.27 10:46:05.461,0.9955,0.9958,22.30,14.40
2007.06.27 10:46:05.655,0.9956,0.9958,2.40,12.00
2007.06.27 10:46:05.870,0.9956,0.9958,4.80,12.00
2007.06.27 10:46:05.967,0.9956,0.9958,2.40,12.00
2007.06.27 10:46:06.474,0.9956,0.9958,2.40,6.40
2007.06.27 10:46:07.712,0.9955,0.9958,27.90,8.80
2007.06.27 10:46:07.786,0.9955,0.9958,31.10,2.40
2007.06.27 10:46:08.126,0.9956,0.99585,2.40,5.60
2007.06.27 10:46:09.270,0.9955,0.9958,31.10,2.40
2007.06.27 10:46:09.667,0.9955,0.9958,33.50,2.40
2007.06.27 10:46:13.163,0.9956,0.99585,2.40,5.60
2007.06.27 10:46:16.769,0.9956,0.99585,4.80,5.60
2007.06.27 10:46:16.837,0.9956,0.99585,19.10,5.60
2007.06.27 10:46:17.012,0.9956,0.9959,24.70,8.80
2007.06.27 10:46:18.138,0.9956,0.9959,31.10,2.40
2007.06.27 10:46:19.173,0.9956,0.9959,28.70,4.80
2007.06.27 10:46:19.560,0.9956,0.9959,28.70,10.40
2007.06.27 10:46:19.696,0.9956,0.9959,10.40,10.40
2007.06.27 10:46:19.858,0.9956,0.9959,8.00,12.80
2007.06.27 10:46:19.898,0.9956,0.9959,12.00,12.80
2007.06.27 10:46:20.053,0.9956,0.9959,12.00,7.20
2007.06.27 10:46:20.340,0.9956,0.9959,6.40,12.80
2007.06.27 10:46:20.398,0.9956,0.9959,2.40,16.80
2007.06.27 10:46:20.734,0.9956,0.9959,16.70,16.80
2007.06.27 10:46:20.783,0.9956,0.9959,19.10,14.40
2007.06.27 10:46:20.835,0.9956,0.9959,24.70,8.80
2007.06.27 10:46:21.201,0.9956,0.9959,24.70,9.60
2007.06.27 10:46:21.242,0.9956,0.9959,14.40,5.60
2007.06.27 10:46:21.305,0.9956,0.9959,12.00,8.00
2007.06.27 10:46:21.386,0.9956,0.9959,12.00,8.80
2007.06.27 10:46:21.691,0.9956,0.9959,12.00,8.00
2007.06.27 10:46:21.722,0.9956,0.9959,12.00,7.20
2007.06.27 10:46:21.829,0.9956,0.9958,12.00,2.40
2007.06.27 10:46:22.865,0.9956,0.9958,8.00,2.40
2007.06.27 10:46:22.948,0.9956,0.9958,2.40,2.40
2007.06.27 10:46:24.060,0.9956,0.9958,2.40,4.80
2007.06.27 10:46:24.145,0.99555,0.9958,5.60,7.20
2007.06.27 10:46:25.698,0.9956,0.9958,2.40,4.80
2007.06.27 10:46:25.787,0.9956,0.9958,2.40,2.40
2007.06.27 10:46:26.707,0.99555,0.9958,5.60,4.80
2007.06.27 10:46:27.827,0.9956,0.9958,0.80,4.80
2007.06.27 10:46:28.621,0.9956,0.9958,0.80,4.80
2007.06.27 10:46:28.969,0.9954,0.9958,45.40,4.80
2007.06.27 10:46:29.461,0.99555,0.9958,0.50,4.80
2007.06.27 10:46:30.224,0.9954,0.9958,45.40,4.80
2007.06.27 10:46:31.137,0.9955,0.9958,15.10,2.40
2007.06.27 10:46:32.164,0.9956,0.99585,0.50,5.60
2007.06.27 10:46:32.285,0.9955,0.99585,41.40,5.60
2007.06.27 10:46:32.369,0.9956,0.99585,5.80,5.60
2007.06.27 10:46:32.617,0.9955,0.99585,42.20,5.60
2007.06.27 10:46:32.663,0.9956,0.99585,10.10,5.60
2007.06.27 10:46:32.896,0.9956,0.9959,4.60,8.80
2007.06.27 10:46:38.637,0.9956,0.9959,28.70,8.80
2007.06.27 10:46:38.746,0.9956,0.9959,28.70,6.40
2007.06.27 10:46:40.154,0.9956,0.99595,34.30,5.60
2007.06.27 10:46:40.370,0.9957,0.9959,0.50,2.40
2007.06.27 10:46:40.904,0.9957,0.99595,0.80,5.60
2007.06.27 10:46:41.001,0.9956,0.99595,39.00,5.60
2007.06.27 10:46:41.397,0.9957,0.99595,0.90,5.60
2007.06.27 10:46:42.223,0.9956,0.9959,34.30,2.40
2007.06.27 10:46:43.362,0.9957,0.9959,3.10,2.40
2007.06.27 10:46:43.775,0.9956,0.9959,39.00,2.40
2007.06.27 10:46:43.821,0.9957,0.9959,5.00,2.40
2007.06.27 10:46:43.964,0.9957,0.9959,24.70,2.40
2007.06.27 10:46:44.160,0.99575,0.996,1.90,4.80
2007.06.27 10:46:45.032,0.9957,0.996,0.80,10.40
2007.06.27 10:46:45.098,0.9957,0.996,1.30,14.40
2007.06.27 10:46:45.785,0.99565,0.996,8.00,15.20
2007.06.27 10:46:45.886,0.99565,0.996,8.00,14.40
2007.06.27 10:46:46.196,0.9956,0.9959,31.90,2.40
2007.06.27 10:46:46.496,0.99565,0.996,8.00,14.40
2007.06.27 10:46:46.644,0.99565,0.9959,8.00,2.40
2007.06.27 10:46:47.766,0.99565,0.9959,12.00,2.40
2007.06.27 10:46:47.872,0.9956,0.9959,34.30,2.40
2007.06.27 10:46:49.708,0.9956,0.9959,31.90,4.80
2007.06.27 10:46:50.313,0.9956,0.9959,31.90,4.80
2007.06.27 10:46:50.476,0.9956,0.9959,31.90,4.80
2007.06.27 10:46:52.280,0.9955,0.9959,46.20,4.80
2007.06.27 10:46:55.187,0.9956,0.9959,34.30,2.40
2007.06.27 10:46:56.254,0.9956,0.99595,34.30,5.60
2007.06.27 10:46:56.631,0.9955,0.9958,43.80,2.40
2007.06.27 10:46:57.798,0.9955,0.9959,43.80,4.80
2007.06.27 10:47:00.209,0.9956,0.9959,34.30,2.40
2007.06.27 10:47:00.649,0.9957,0.99595,2.40,5.60
2007.06.27 10:47:00.752,0.9957,0.9959,2.40,2.40
2007.06.27 10:47:02.204,0.9956,0.9959,31.90,4.80
2007.06.27 10:47:02.468,0.99565,0.9959,5.60,4.80
2007.06.27 10:47:03.738,0.9957,0.9959,14.30,4.80
2007.06.27 10:47:04.146,0.9957,0.9959,16.70,2.40
2007.06.27 10:47:04.742,0.9957,0.9959,22.30,2.40
2007.06.27 10:47:06.216,0.9957,0.996,26.30,9.60
2007.06.27 10:47:07.860,0.9957,0.996,26.30,15.20
2007.06.27 10:47:09.175,0.9957,0.9959,22.30,2.40
2007.06.27 10:47:13.667,0.9957,0.996,22.30,15.20
2007.06.27 10:47:19.897,0.9956,0.996,41.40,15.20
2007.06.27 10:47:22.292,0.9957,0.996,1.20,15.20
2007.06.27 10:47:22.726,0.9957,0.996,0.70,19.20
2007.06.27 10:47:22.749,0.9957,0.996,1.10,19.20
2007.06.27 10:47:25.802,0.99565,0.9959,8.00,2.40
2007.06.27 10:47:26.650,0.9956,0.9959,2.10,4.80
2007.06.27 10:47:26.930,0.9956,0.9959,31.90,4.80
2007.06.27 10:47:27.693,0.9957,0.9959,1.10,2.40
2007.06.27 10:47:27.826,0.99565,0.996,8.00,19.20
2007.06.27 10:47:28.210,0.99565,0.9959,8.00,2.40
2007.06.27 10:47:28.627,0.99565,0.9959,2.00,2.40
2007.06.27 10:47:28.712,0.9956,0.9959,31.90,4.80
2007.06.27 10:47:30.040,0.9955,0.9959,46.20,4.80
2007.06.27 10:47:30.685,0.9956,0.9959,13.90,2.40
2007.06.27 10:47:31.712,0.9957,0.99595,1.30,5.60
2007.06.27 10:47:34.269,0.9957,0.99595,2.80,5.60
2007.06.27 10:47:35.488,0.99565,0.996,22.30,14.40
2007.06.27 10:47:35.921,0.99565,0.996,22.30,10.40
2007.06.27 10:47:36.051,0.9956,0.996,39.00,10.40
2007.06.27 10:47:36.233,0.9957,0.996,5.10,12.80
2007.06.27 10:47:42.130,0.9957,0.996,11.20,14.40
2007.06.27 10:47:42.276,0.9957,0.996,6.50,14.40
2007.06.27 10:47:42.625,0.9956,0.996,38.20,14.40
2007.06.27 10:47:42.645,0.9956,0.996,38.20,10.40
2007.06.27 10:47:45.555,0.9957,0.996,1.30,9.60
2007.06.27 10:47:45.607,0.9956,0.996,39.00,8.80
2007.06.27 10:47:45.620,0.9957,0.996,5.90,8.00
2007.06.27 10:47:47.333,0.9957,0.996,1.30,12.00
2007.06.27 10:47:47.377,0.9957,0.996,6.30,12.00
2007.06.27 10:47:47.766,0.99565,0.996,26.30,12.00
2007.06.27 10:47:47.880,0.9957,0.996,9.00,12.00
2007.06.27 10:47:47.929,0.99565,0.996,24.70,12.00
2007.06.27 10:47:48.182,0.9956,0.996,38.20,2.40
2007.06.27 10:47:48.700,0.9956,0.996,41.40,2.40
2007.06.27 10:47:48.799,0.9957,0.996,36.60,2.40
2007.06.27 10:47:52.656,0.9958,0.9961,16.70,19.20
2007.06.27 10:47:53.475,0.9958,0.996,16.70,0.80
2007.06.27 10:47:53.502,0.9958,0.996,16.70,1.60
2007.06.27 10:47:53.639,0.9958,0.996,16.70,2.40
2007.06.27 10:47:53.682,0.9958,0.996,14.30,4.80
2007.06.27 10:47:53.829,0.99575,0.996,5.60,4.80
2007.06.27 10:47:54.231,0.99575,0.996,5.60,7.20
2007.06.27 10:47:55.141,0.99575,0.996,5.60,6.40
2007.06.27 10:47:55.236,0.99575,0.996,5.60,5.60
2007.06.27 10:47:55.277,0.99575,0.996,5.60,2.40
2007.06.27 10:47:55.447,0.99575,0.996,5.60,6.40
2007.06.27 10:47:55.463,0.9957,0.996,19.10,12.00
2007.06.27 10:47:55.637,0.9958,0.996,2.40,9.60
2007.06.27 10:47:55.788,0.9958,0.996,16.70,9.60
2007.06.27 10:47:56.160,0.9959,0.996,2.40,9.60
2007.06.27 10:47:56.393,0.9959,0.996,2.40,5.60
2007.06.27 10:47:56.496,0.9959,0.9961,2.40,4.80
2007.06.27 10:47:57.181,0.9958,0.9961,28.70,7.20
2007.06.27 10:47:57.254,0.9958,0.9961,27.90,7.20
2007.06.27 10:47:57.321,0.9958,0.9961,12.80,7.20
2007.06.27 10:47:57.495,0.9958,0.9961,12.00,7.20
2007.06.27 10:47:57.753,0.9958,0.9961,26.30,7.20
2007.06.27 10:47:58.142,0.99585,0.9961,5.60,7.20
2007.06.27 10:47:58.390,0.99585,0.99615,5.60,12.80
2007.06.27 10:47:58.559,0.9958,0.9961,27.90,0.50
2007.06.27 10:47:58.904,0.9958,0.9961,28.70,7.20
2007.06.27 10:47:58.964,0.9958,0.9961,31.10,4.80
2007.06.27 10:47:59.278,0.9958,0.9961,27.90,7.20
2007.06.27 10:47:59.432,0.9958,0.9961,27.10,7.20
2007.06.27 10:47:59.962,0.99585,0.996,5.60,0.50
2007.06.27 10:48:01.252,0.9958,0.996,21.50,0.50
2007.06.27 10:48:04.814,0.9958,0.996,2.40,0.60
2007.06.27 10:48:05.214,0.99575,0.9961,5.60,19.20
2007.06.27 10:48:05.419,0.99575,0.996,5.60,0.80
2007.06.27 10:48:05.826,0.99575,0.9961,5.60,20.00
2007.06.27 10:48:05.898,0.9957,0.9961,27.90,19.20
2007.06.27 10:48:06.636,0.9957,0.99605,27.90,10.40
2007.06.27 10:48:07.788,0.9957,0.996,30.30,0.90
2007.06.27 10:48:07.814,0.9958,0.99605,14.30,10.40
2007.06.27 10:48:11.215,0.9959,0.9962,2.40,23.20
2007.06.27 10:48:11.310,0.9959,0.9962,2.40,22.40
2007.06.27 10:48:11.340,0.9959,0.9962,2.40,21.60
2007.06.27 10:48:13.205,0.9959,0.99615,2.40,14.40
2007.06.27 10:48:17.787,0.9959,0.99615,2.40,12.00
2007.06.27 10:48:18.651,0.9959,0.99615,2.40,0.80
2007.06.27 10:48:19.812,0.9959,0.9963,2.40,45.50
2007.06.27 10:48:20.878,0.9959,0.99615,2.40,0.60
2007.06.27 10:48:21.043,0.9959,0.9963,2.40,45.50
2007.06.27 10:48:21.272,0.9959,0.9962,2.40,0.60
2007.06.27 10:48:21.344,0.9959,0.9963,2.40,43.90
2007.06.27 10:48:21.721,0.996,0.9963,2.40,41.50
2007.06.27 10:48:21.827,0.996,0.9963,2.40,41.50
2007.06.27 10:48:21.855,0.996,0.9962,2.40,0.90
2007.06.27 10:48:22.395,0.996,0.9962,2.40,0.80
2007.06.27 10:48:23.294,0.996,0.9962,3.20,0.50
2007.06.27 10:48:23.711,0.996,0.99625,3.20,0.70
2007.06.27 10:48:23.885,0.996,0.99625,3.20,8.00
2007.06.27 10:48:25.038,0.996,0.99625,2.40,8.00
2007.06.27 10:48:25.638,0.9959,0.9962,31.10,0.70
2007.06.27 10:48:26.752,0.9959,0.99625,30.30,10.40
2007.06.27 10:48:26.810,0.9959,0.99625,14.40,10.40
2007.06.27 10:48:26.994,0.9959,0.99625,10.40,10.40
2007.06.27 10:48:27.017,0.9959,0.9962,10.40,0.50
2007.06.27 10:48:30.061,0.9959,0.9962,10.40,0.80
2007.06.27 10:48:30.178,0.9959,0.9961,8.00,0.80
2007.06.27 10:48:30.437,0.9959,0.9962,2.40,19.20
2007.06.27 10:48:30.652,0.99585,0.9961,5.60,0.90
2007.06.27 10:48:31.303,0.99585,0.9961,5.60,0.90
2007.06.27 10:48:31.542,0.9958,0.99615,29.50,10.40
2007.06.27 10:48:31.681,0.9958,0.99615,26.30,12.80
2007.06.27 10:48:32.993,0.99585,0.9961,5.60,0.70
2007.06.27 10:48:33.750,0.99585,0.99615,5.60,10.40
2007.06.27 10:48:34.732,0.9959,0.9961,2.40,0.60
2007.06.27 10:48:34.834,0.9959,0.9961,2.40,0.80
2007.06.27 10:48:35.345,0.9959,0.99615,2.40,8.00
2007.06.27 10:48:35.651,0.9959,0.9962,2.40,16.80
2007.06.27 10:48:36.779,0.9959,0.9961,2.40,0.70
2007.06.27 10:48:38.467,0.9958,0.99615,31.90,8.00
2007.06.27 10:48:39.268,0.9958,0.99615,31.90,10.40
2007.06.27 10:48:40.296,0.9958,0.99615,31.90,8.00
2007.06.27 10:48:40.713,0.9958,0.99615,31.90,10.40
2007.06.27 10:48:50.671,0.9958,0.9961,29.50,7.20
2007.06.27 10:48:56.235,0.99585,0.9961,8.00,4.80
2007.06.27 10:48:56.276,0.99585,0.9961,8.00,2.40
2007.06.27 10:48:56.738,0.9959,0.9962,1.10,19.20
2007.06.27 10:48:56.947,0.9959,0.9962,3.90,19.20
2007.06.27 10:48:56.967,0.9959,0.9962,2.70,15.20
2007.06.27 10:48:57.235,0.9959,0.9962,4.40,14.40
2007.06.27 10:48:57.258,0.9958,0.9962,36.70,13.60
2007.06.27 10:49:01.293,0.9958,0.9961,34.30,2.40
2007.06.27 10:49:01.316,0.99585,0.9961,8.00,2.40
2007.06.27 10:49:02.314,0.99585,0.9962,8.00,19.20
2007.06.27 10:49:02.962,0.99585,0.9962,8.00,15.20
2007.06.27 10:49:03.094,0.9959,0.9962,0.80,15.20
2007.06.27 10:49:03.188,0.9959,0.9962,1.20,12.80
2007.06.27 10:49:04.921,0.9958,0.9962,36.70,16.80
2007.06.27 10:49:04.959,0.99585,0.9962,8.00,16.80
2007.06.27 10:49:06.236,0.9959,0.9962,2.40,19.20
2007.06.27 10:49:08.216,0.9959,0.9962,2.40,18.40
2007.06.27 10:49:08.370,0.9959,0.9962,2.40,17.60
2007.06.27 10:49:08.412,0.9959,0.9962,4.80,15.20
2007.06.27 10:49:08.488,0.9959,0.9962,4.80,10.40
2007.06.27 10:49:08.601,0.9959,0.9962,10.40,10.40
2007.06.27 10:49:09.851,0.9959,0.9962,8.00,12.80
2007.06.27 10:49:10.392,0.9959,0.9962,2.40,12.80
2007.06.27 10:49:10.518,0.9959,0.9962,2.40,16.80
2007.06.27 10:49:12.313,0.9959,0.9961,2.40,2.40
2007.06.27 10:49:12.739,0.9959,0.9962,2.40,16.80
2007.06.27 10:49:13.320,0.9959,0.9962,2.40,17.60
2007.06.27 10:49:13.443,0.9959,0.9962,2.40,18.40
2007.06.27 10:49:18.933,0.9959,0.9962,2.40,0.90
2007.06.27 10:49:22.645,0.9959,0.9962,2.40,0.50
2007.06.27 10:49:22.715,0.9959,0.9963,8.00,43.10
2007.06.27 10:49:23.996,0.9959,0.9962,8.80,0.80
2007.06.27 10:49:24.046,0.9959,0.9963,4.00,41.50
2007.06.27 10:49:24.128,0.9959,0.9963,4.80,40.70
2007.06.27 10:49:24.205,0.996,0.9963,2.40,40.70
2007.06.27 10:49:24.307,0.996,0.9963,2.40,38.30
2007.06.27 10:49:24.421,0.996,0.9963,2.40,38.30
2007.06.27 10:49:24.429,0.996,0.9962,3.20,0.50
2007.06.27 10:49:24.674,0.996,0.99625,3.20,12.00
2007.06.27 10:49:24.925,0.996,0.99625,3.20,0.50
2007.06.27 10:49:25.044,0.996,0.9963,2.40,19.20
2007.06.27 10:49:34.765,0.9961,0.9963,2.40,16.80
2007.06.27 10:49:35.015,0.9961,0.9963,2.40,0.80
2007.06.27 10:49:35.235,0.9961,0.9964,2.40,21.60
2007.06.27 10:49:35.383,0.996,0.9964,16.70,24.00
2007.06.27 10:49:35.641,0.996,0.9964,19.10,24.00
2007.06.27 10:49:36.273,0.996,0.9964,23.10,24.00
2007.06.27 10:49:36.444,0.996,0.99635,28.70,10.40
2007.06.27 10:49:36.657,0.9961,0.99635,2.40,8.00
2007.06.27 10:49:38.744,0.996,0.9963,28.70,0.90
2007.06.27 10:49:39.150,0.996,0.99635,14.40,10.40
2007.06.27 10:49:39.252,0.9961,0.99635,2.40,8.00
2007.06.27 10:49:39.441,0.9961,0.99635,2.40,0.80
2007.06.27 10:49:40.158,0.996,0.9964,31.90,19.20
2007.06.27 10:49:40.186,0.996,0.99635,29.50,8.00
2007.06.27 10:49:40.266,0.996,0.9963,29.50,0.70
2007.06.27 10:49:40.272,0.996,0.99635,15.20,10.40
2007.06.27 10:49:40.470,0.996,0.99635,12.80,12.80
2007.06.27 10:49:40.870,0.996,0.99635,8.80,16.80
2007.06.27 10:49:43.708,0.996,0.9963,11.20,0.80
2007.06.27 10:49:47.768,0.996,0.99635,15.20,10.40
2007.06.27 10:49:48.308,0.996,0.9963,29.50,4.80
2007.06.27 10:49:48.446,0.996,0.9963,31.90,2.40
2007.06.27 10:49:48.840,0.996,0.9963,29.50,4.80
2007.06.27 10:49:48.966,0.996,0.9963,15.20,4.80
2007.06.27 10:49:49.730,0.996,0.9963,11.20,4.80
2007.06.27 10:49:49.768,0.996,0.9963,11.20,10.40
2007.06.27 10:49:50.953,0.996,0.9963,11.20,4.80
2007.06.27 10:49:50.967,0.996,0.9963,15.20,4.80
2007.06.27 10:49:51.802,0.996,0.9963,17.60,2.40
2007.06.27 10:49:52.503,0.99605,0.9963,5.60,2.40
2007.06.27 10:49:52.822,0.99605,0.9963,5.60,4.80
2007.06.27 10:49:53.015,0.996,0.9963,15.20,4.80
2007.06.27 10:49:53.941,0.996,0.9963,15.20,10.40
2007.06.27 10:49:53.963,0.996,0.9963,17.60,8.00
2007.06.27 10:49:54.251,0.996,0.9963,13.60,8.00
2007.06.27 10:49:54.457,0.996,0.9963,13.60,2.40
2007.06.27 10:49:54.533,0.996,0.9963,17.60,2.40
2007.06.27 10:49:54.928,0.996,0.9963,15.20,4.80
2007.06.27 10:49:55.246,0.996,0.9963,14.40,6.40
2007.06.27 10:49:55.478,0.996,0.9963,14.40,7.20
2007.06.27 10:49:55.569,0.996,0.9963,10.40,11.20
2007.06.27 10:49:55.726,0.996,0.9963,4.80,16.80
2007.06.27 10:49:56.175,0.996,0.9963,2.40,19.20
2007.06.27 10:49:56.246,0.996,0.99625,2.40,5.60
2007.06.27 10:50:01.327,0.996,0.99625,4.80,5.60
2007.06.27 10:50:02.669,0.996,0.9963,4.80,14.40
2007.06.27 10:50:04.702,0.996,0.9963,4.80,16.80
2007.06.27 10:50:04.914,0.996,0.9963,2.40,19.20
2007.06.27 10:50:05.326,0.996,0.9963,4.80,16.80
2007.06.27 10:50:05.594,0.996,0.99625,4.80,5.60
2007.06.27 10:50:05.850,0.996,0.9963,4.80,16.80
2007.06.27 10:50:06.246,0.996,0.9963,7.20,14.40
2007.06.27 10:50:07.297,0.996,0.9963,4.80,16.80
2007.06.27 10:50:09.034,0.996,0.9963,0.70,16.80
2007.06.27 10:50:09.744,0.99595,0.9963,24.70,16.80
2007.06.27 10:50:10.111,0.9959,0.9963,40.60,11.20
2007.06.27 10:50:10.269,0.9959,0.9963,35.90,7.20
2007.06.27 10:50:10.380,0.996,0.9963,1.10,15.20
2007.06.27 10:50:10.491,0.996,0.9963,1.00,19.20
2007.06.27 10:50:11.943,0.99595,0.99625,8.00,5.60
2007.06.27 10:50:12.241,0.996,0.99625,0.50,5.60
2007.06.27 10:50:12.336,0.99595,0.99625,24.70,5.60
2007.06.27 10:50:13.311,0.9959,0.9963,43.00,2.40
2007.06.27 10:50:13.426,0.9959,0.9963,39.10,2.40
2007.06.27 10:50:13.986,0.996,0.9963,1.50,2.40
2007.06.27 10:50:13.990,0.996,0.9963,4.40,2.40
2007.06.27 10:50:14.250,0.9959,0.9963,35.90,2.40
2007.06.27 10:50:14.694,0.996,0.99635,16.80,5.60
2007.06.27 10:50:14.752,0.996,0.9963,25.50,5.60
2007.06.27 10:50:14.876,0.996,0.9963,21.50,9.60
2007.06.27 10:50:15.226,0.99595,0.9963,24.70,12.00
2007.06.27 10:50:15.519,0.996,0.9963,12.40,6.40
2007.06.27 10:50:15.556,0.9959,0.9963,40.60,2.40
2007.06.27 10:50:15.684,0.9959,0.9963,40.60,4.80
2007.06.27 10:50:16.139,0.9961,0.9963,1.40,4.80
2007.06.27 10:50:16.250,0.996,0.9963,31.10,2.40
2007.06.27 10:50:16.758,0.99605,0.9963,8.00,4.80
2007.06.27 10:50:18.206,0.99605,0.9963,2.70,7.20
2007.06.27 10:50:18.259,0.99605,0.9963,2.70,4.80
2007.06.27 10:50:18.375,0.996,0.9963,1.40,4.80
2007.06.27 10:50:18.566,0.9959,0.9963,35.90,8.80
2007.06.27 10:50:18.630,0.996,0.9963,1.00,14.40
2007.06.27 10:50:18.649,0.996,0.9963,0.90,16.80
2007.06.27 10:50:19.643,0.996,0.9963,4.80,14.40
2007.06.27 10:50:19.899,0.996,0.9963,24.70,8.80
2007.06.27 10:50:20.232,0.9961,0.9963,1.00,2.40
2007.06.27 10:50:23.625,0.996,0.9963,10.50,4.80
2007.06.27 10:50:24.645,0.9959,0.9963,40.60,7.20
2007.06.27 10:50:28.202,0.996,0.9963,5.00,4.80
2007.06.27 10:50:29.414,0.9959,0.9963,41.40,4.80
2007.06.27 10:50:29.637,0.9959,0.9963,42.20,4.80
2007.06.27 10:50:30.642,0.996,0.9963,30.30,2.40
2007.06.27 10:50:31.183,0.99605,0.9963,12.00,2.40
2007.06.27 10:50:31.205,0.9961,0.9963,4.80,2.40
2007.06.27 10:50:31.764,0.996,0.9964,36.70,4.80
2007.06.27 10:50:36.372,0.996,0.9964,36.70,7.20
2007.06.27 10:50:36.815,0.9961,0.9964,1.00,12.80
2007.06.27 10:50:36.888,0.99605,0.9964,8.00,16.80
2007.06.27 10:50:37.870,0.9962,0.9964,2.40,11.20
2007.06.27 10:50:37.923,0.9962,0.9964,2.40,7.20
2007.06.27 10:50:37.961,0.9962,0.9964,2.40,4.80
2007.06.27 10:50:38.268,0.9961,0.9964,12.00,7.20
2007.06.27 10:50:39.149,0.9961,0.9964,14.40,4.80
2007.06.27 10:50:45.660,0.9961,0.9964,12.00,7.20
2007.06.27 10:50:48.834,0.9961,0.9963,12.00,1.60
2007.06.27 10:50:50.736,0.9962,0.9963,2.40,1.60
2007.06.27 10:50:52.339,0.9962,0.9964,2.40,6.40
2007.06.27 10:50:53.190,0.9961,0.9964,12.00,8.80
2007.06.27 10:50:53.610,0.9961,0.9964,12.80,8.80
2007.06.27 10:50:53.616,0.9961,0.9964,13.60,8.80
2007.06.27 10:50:53.733,0.9961,0.9964,15.20,8.80
2007.06.27 10:50:54.708,0.9961,0.9963,13.60,0.60
2007.06.27 10:50:54.849,0.9961,0.9963,12.80,0.70
2007.06.27 10:50:54.853,0.9961,0.9964,12.00,8.80
2007.06.27 10:50:55.360,0.9961,0.9963,8.00,0.80
2007.06.27 10:50:55.764,0.9961,0.9964,12.00,14.40
2007.06.27 10:50:56.825,0.9961,0.9964,12.00,8.80
2007.06.27 10:50:57.284,0.9961,0.9963,8.00,0.60
2007.06.27 10:50:57.345,0.9961,0.99635,2.40,9.60
2007.06.27 10:51:03.606,0.996,0.9963,31.90,0.60
2007.06.27 10:51:03.725,0.996,0.99635,31.90,12.00
2007.06.27 10:51:05.157,0.996,0.99635,29.50,12.80
2007.06.27 10:51:05.256,0.996,0.9963,29.50,8.80
2007.06.27 10:51:05.748,0.996,0.9963,28.70,8.80
2007.06.27 10:51:05.803,0.996,0.9963,13.60,8.80
2007.06.27 10:51:05.838,0.996,0.9963,12.80,8.80
2007.06.27 10:51:06.206,0.996,0.9962,8.80,0.60
2007.06.27 10:51:06.359,0.996,0.9963,3.20,18.40
2007.06.27 10:51:06.384,0.996,0.9962,5.60,0.80
2007.06.27 10:51:06.466,0.996,0.9963,9.60,12.00
2007.06.27 10:51:06.619,0.996,0.9963,15.20,6.40
2007.06.27 10:51:06.835,0.996,0.9963,28.70,6.40
2007.06.27 10:51:07.135,0.99605,0.9962,5.60,0.60
2007.06.27 10:51:07.205,0.99605,0.9963,5.60,8.80
2007.06.27 10:51:07.740,0.996,0.9963,4.00,38.30
2007.06.27 10:51:08.145,0.9959,0.99625,14.40,12.00
2007.06.27 10:51:08.326,0.9959,0.9962,12.00,0.90
2007.06.27 10:51:08.518,0.9959,0.9961,12.00,0.70
2007.06.27 10:51:09.418,0.9959,0.9962,8.00,12.80
2007.06.27 10:51:09.512,0.9959,0.9961,2.40,0.50
2007.06.27 10:51:10.014,0.9959,0.9962,8.00,14.40
2007.06.27 10:51:12.342,0.9959,0.9961,10.40,0.90
2007.06.27 10:51:12.345,0.9959,0.9961,25.50,0.90
2007.06.27 10:51:12.379,0.9959,0.9961,26.30,0.70
2007.06.27 10:51:12.638,0.9959,0.9962,27.10,8.80
2007.06.27 10:51:14.215,0.9959,0.9961,26.30,0.50
2007.06.27 10:51:14.288,0.9959,0.9961,25.50,0.50
2007.06.27 10:51:14.903,0.9959,0.9961,14.40,0.50
2007.06.27 10:51:16.523,0.9959,0.9962,10.40,10.40
2007.06.27 10:51:16.596,0.9959,0.9962,4.80,16.00
2007.06.27 10:51:18.102,0.9959,0.9962,10.40,10.40
2007.06.27 10:51:18.133,0.9959,0.9962,14.40,6.40
2007.06.27 10:51:20.289,0.9959,0.9961,12.00,1.60
2007.06.27 10:51:22.777,0.9959,0.9961,6.40,1.60
2007.06.27 10:51:22.801,0.9959,0.9961,2.40,1.60
2007.06.27 10:51:23.108,0.9959,0.9961,6.40,1.60
2007.06.27 10:51:23.287,0.9959,0.9961,12.00,1.60
2007.06.27 10:51:23.928,0.9959,0.9961,8.00,1.60
2007.06.27 10:51:24.122,0.99585,0.9961,5.60,4.00
2007.06.27 10:51:24.628,0.9958,0.9961,31.10,4.00
2007.06.27 10:51:24.638,0.9959,0.9961,2.40,4.00
2007.06.27 10:51:24.733,0.9959,0.9961,2.40,1.60
2007.06.27 10:51:25.144,0.9958,0.9961,31.10,4.00
2007.06.27 10:51:32.881,0.9958,0.9961,28.70,6.40
2007.06.27 10:51:33.045,0.9958,0.9961,14.40,6.40
2007.06.27 10:51:33.093,0.9958,0.9961,8.80,12.00
2007.06.27 10:51:33.142,0.9958,0.9961,4.80,16.00
2007.06.27 10:51:35.912,0.9958,0.99605,4.80,5.60
2007.06.27 10:51:36.686,0.9958,0.996,2.40,2.40
2007.06.27 10:51:36.991,0.9958,0.996,2.40,4.00
2007.06.27 10:51:37.239,0.9957,0.996,31.90,4.00
2007.06.27 10:51:37.301,0.9957,0.996,31.90,4.80
2007.06.27 10:51:37.344,0.9957,0.996,17.60,5.60
2007.06.27 10:51:37.462,0.9957,0.996,16.80,6.40
2007.06.27 10:51:37.529,0.9957,0.996,16.00,6.40
2007.06.27 10:51:37.695,0.9957,0.996,10.40,10.40
2007.06.27 10:51:37.728,0.9957,0.99595,4.80,5.60
2007.06.27 10:51:38.285,0.9957,0.99595,2.40,5.60
2007.06.27 10:51:38.346,0.9957,0.9959,2.40,1.60
2007.06.27 10:51:40.533,0.9957,0.996,2.40,16.00
2007.06.27 10:51:40.794,0.9957,0.996,16.70,15.20
2007.06.27 10:51:40.831,0.9957,0.996,16.70,14.40
2007.06.27 10:51:40.870,0.9957,0.996,16.70,13.60
2007.06.27 10:51:41.114,0.9957,0.996,20.70,9.60
2007.06.27 10:51:41.311,0.9957,0.996,23.90,9.60
2007.06.27 10:51:41.374,0.9957,0.996,29.50,4.00
2007.06.27 10:51:47.832,0.9957,0.99605,29.50,9.60
2007.06.27 10:51:52.292,0.9957,0.99605,29.50,10.40
2007.06.27 10:51:52.359,0.9957,0.99605,28.70,10.40
2007.06.27 10:51:52.383,0.9957,0.996,28.70,0.50
2007.06.27 10:51:58.175,0.9958,0.996,2.40,0.70
2007.06.27 10:52:03.345,0.9958,0.99605,16.70,9.60
2007.06.27 10:52:03.608,0.9958,0.99605,19.10,7.20
2007.06.27 10:52:03.730,0.9958,0.99605,4.80,7.20
2007.06.27 10:52:06.294,0.9958,0.9961,4.80,0.50
2007.06.27 10:52:06.313,0.9959,0.9961,2.40,0.90
2007.06.27 10:52:06.388,0.9959,0.9962,2.40,20.00
2007.06.27 10:52:06.432,0.9959,0.9962,2.40,19.20
2007.06.27 10:52:06.706,0.9959,0.9961,2.40,0.60
2007.06.27 10:52:06.915,0.9959,0.9962,2.40,19.20
2007.06.27 10:52:06.935,0.99585,0.9962,5.60,21.60
2007.06.27 10:52:07.340,0.99585,0.9961,5.60,0.70
2007.06.27 10:52:07.462,0.9959,0.9962,2.40,19.20
2007.06.27 10:52:08.678,0.9959,0.9962,4.80,16.80
2007.06.27 10:52:09.080,0.9959,0.9962,4.80,0.60
2007.06.27 10:52:11.710,0.9959,0.9962,2.40,19.20
2007.06.27 10:52:12.136,0.9959,0.9962,4.80,19.20
2007.06.27 10:52:12.263,0.9959,0.9962,4.80,0.80
2007.06.27 10:52:12.341,0.9959,0.9962,7.20,0.90
2007.06.27 10:52:12.761,0.9959,0.9962,4.80,0.60
2007.06.27 10:52:13.173,0.9959,0.9962,2.40,0.90
2007.06.27 10:52:13.377,0.9959,0.9962,2.40,15.20
2007.06.27 10:52:14.596,0.9959,0.9962,4.80,16.80
2007.06.27 10:52:14.920,0.9959,0.9962,4.80,0.50
2007.06.27 10:52:15.222,0.9959,0.9962,4.80,0.50
2007.06.27 10:52:15.404,0.9959,0.9963,4.80,24.80
2007.06.27 10:52:15.427,0.9959,0.9962,4.80,16.80
2007.06.27 10:52:15.874,0.9959,0.9962,4.80,0.60
2007.06.27 10:52:15.948,0.9959,0.9963,4.80,24.80
2007.06.27 10:52:16.582,0.9959,0.9962,8.80,12.80
2007.06.27 10:52:16.701,0.9959,0.9962,14.40,7.20
2007.06.27 10:52:17.249,0.9959,0.9962,14.40,12.80
2007.06.27 10:52:18.718,0.9959,0.9962,14.40,7.20
2007.06.27 10:52:19.681,0.9959,0.9962,14.40,6.40
2007.06.27 10:52:19.702,0.9959,0.9962,14.40,5.60
2007.06.27 10:52:19.789,0.9959,0.9962,14.40,4.80
2007.06.27 10:52:20.203,0.9959,0.99625,14.40,10.40
2007.06.27 10:52:22.739,0.9959,0.99625,14.40,11.20
2007.06.27 10:52:22.765,0.9959,0.99625,14.40,12.00
2007.06.27 10:52:22.863,0.9959,0.99625,10.40,16.00
2007.06.27 10:52:22.868,0.9959,0.9963,4.80,43.90
2007.06.27 10:52:24.180,0.9959,0.9962,2.40,0.70
2007.06.27 10:52:24.225,0.99585,0.9962,5.60,0.50
2007.06.27 10:52:25.201,0.9958,0.99615,16.80,0.70
2007.06.27 10:52:26.662,0.9958,0.99615,16.80,8.00
2007.06.27 10:52:27.371,0.9958,0.99615,31.10,8.00
2007.06.27 10:52:28.297,0.9958,0.9961,32.70,0.70
2007.06.27 10:52:28.705,0.9958,0.99615,31.90,8.00
2007.06.27 10:52:28.812,0.9958,0.9961,31.10,0.70
2007.06.27 10:52:29.673,0.9959,0.99615,2.40,0.50
2007.06.27 10:52:29.886,0.9959,0.9962,4.80,16.80
2007.06.27 10:52:30.114,0.9959,0.9962,4.80,0.60
2007.06.27 10:52:30.233,0.9959,0.9963,7.20,39.10
2007.06.27 10:52:30.371,0.9959,0.9963,7.20,38.30
2007.06.27 10:52:30.464,0.9959,0.9963,7.20,37.50
2007.06.27 10:52:30.499,0.9959,0.9962,7.20,0.80
2007.06.27 10:52:30.646,0.9959,0.9962,11.20,0.60
2007.06.27 10:52:30.694,0.9959,0.9962,16.80,0.60
2007.06.27 10:52:30.789,0.9959,0.9962,14.40,0.90
2007.06.27 10:52:31.132,0.9959,0.9962,16.80,0.80
2007.06.27 10:52:41.914,0.9959,0.99625,14.40,10.40
2007.06.27 10:52:42.217,0.9959,0.9962,8.80,0.50
2007.06.27 10:52:42.547,0.9959,0.9963,4.80,40.70
2007.06.27 10:52:43.215,0.9959,0.9963,2.40,40.70
2007.06.27 10:52:43.451,0.9959,0.9962,2.40,0.80
2007.06.27 10:52:43.551,0.9959,0.9963,2.40,42.30
2007.06.27 10:52:48.808,0.9959,0.9962,2.40,19.20
2007.06.27 10:52:48.981,0.9959,0.9962,6.40,15.20
2007.06.27 10:52:49.070,0.9959,0.9962,12.00,9.60
2007.06.27 10:52:49.242,0.9959,0.9962,12.00,8.80
2007.06.27 10:52:49.381,0.9959,0.9962,12.00,8.00
2007.06.27 10:52:49.670,0.9959,0.9962,14.40,4.80
2007.06.27 10:52:51.165,0.99595,0.9962,5.60,4.80
2007.06.27 10:52:51.300,0.99595,0.9961,5.60,2.40
2007.06.27 10:52:51.425,0.9959,0.9961,10.40,2.40
2007.06.27 10:52:51.447,0.9959,0.9961,7.20,2.40
2007.06.27 10:52:51.729,0.9959,0.9962,7.20,14.40
2007.06.27 10:52:51.804,0.9959,0.9962,8.80,12.00
2007.06.27 10:52:51.966,0.99595,0.9962,5.60,6.40
2007.06.27 10:52:52.055,0.99595,0.9962,5.60,2.40
2007.06.27 10:52:53.358,0.99595,0.9962,5.60,4.80
2007.06.27 10:52:53.429,0.9959,0.9962,14.40,4.80
2007.06.27 10:53:21.224,0.9959,0.9962,12.00,7.20
2007.06.27 10:53:22.231,0.9959,0.9962,14.40,4.80
2007.06.27 10:53:23.691,0.996,0.9962,2.40,2.40
2007.06.27 10:53:23.887,0.996,0.99625,4.80,5.60
2007.06.27 10:53:24.195,0.996,0.99625,2.40,5.60
2007.06.27 10:53:24.221,0.996,0.9963,8.00,12.80
2007.06.27 10:53:24.392,0.996,0.9963,5.60,15.20
2007.06.27 10:53:24.730,0.99595,0.9963,5.60,15.20
2007.06.27 10:53:24.897,0.99595,0.9963,5.60,19.20
2007.06.27 10:53:30.156,0.996,0.9963,2.40,19.20
2007.06.27 10:53:30.362,0.996,0.9963,4.80,16.80
2007.06.27 10:53:50.368,0.996,0.9963,4.80,16.00
2007.06.27 10:53:50.498,0.996,0.9963,4.80,15.20
2007.06.27 10:53:50.548,0.996,0.9963,5.60,14.40
2007.06.27 10:53:50.657,0.996,0.9963,4.80,14.40
2007.06.27 10:53:56.922,0.996,0.99625,4.80,5.60
2007.06.27 10:53:57.494,0.996,0.99625,1.30,5.60
2007.06.27 10:53:57.617,0.99595,0.99625,12.80,5.60
2007.06.27 10:54:05.151,0.99595,0.99625,10.40,5.60
2007.06.27 10:54:05.171,0.99595,0.99625,8.00,5.60
2007.06.27 10:54:05.265,0.9959,0.99625,33.50,5.60
2007.06.27 10:54:05.382,0.9959,0.9963,16.80,16.80
2007.06.27 10:54:05.566,0.99595,0.9962,3.20,4.00
2007.06.27 10:54:05.592,0.99585,0.99615,12.80,5.60
2007.06.27 10:54:05.659,0.9959,0.99615,7.20,5.60
2007.06.27 10:54:06.265,0.996,0.9963,0.50,8.80
2007.06.27 10:54:06.382,0.9959,0.99625,16.80,5.60
2007.06.27 10:54:07.660,0.9959,0.99625,19.20,5.60
2007.06.27 10:54:07.965,0.996,0.9963,1.90,14.40
2007.06.27 10:54:14.185,0.996,0.9963,0.50,16.80
2007.06.27 10:54:14.358,0.99595,0.99625,8.00,5.60
2007.06.27 10:54:14.842,0.99595,0.9963,8.00,16.80
2007.06.27 10:54:31.198,0.99595,0.9963,5.60,16.80
2007.06.27 10:54:33.661,0.996,0.9963,2.40,16.80
2007.06.27 10:54:36.850,0.996,0.9963,6.40,12.80
2007.06.27 10:54:36.886,0.996,0.9963,12.00,7.20
2007.06.27 10:54:37.058,0.996,0.9963,12.00,6.40
2007.06.27 10:54:37.137,0.996,0.9963,12.00,5.60
2007.06.27 10:54:37.155,0.9961,0.9963,2.40,5.60
2007.06.27 10:54:37.264,0.9961,0.9963,2.40,3.20
2007.06.27 10:54:38.180,0.996,0.9963,12.00,5.60
2007.06.27 10:54:38.280,0.996,0.9963,14.40,5.60
2007.06.27 10:54:38.379,0.996,0.9963,14.40,4.80
2007.06.27 10:54:38.637,0.996,0.9963,2.70,4.80
2007.06.27 10:54:38.662,0.9959,0.9963,38.30,8.80
2007.06.27 10:54:38.783,0.996,0.9963,2.50,14.40
2007.06.27 10:54:40.641,0.99595,0.9963,8.00,14.40
2007.06.27 10:54:40.738,0.9959,0.9963,17.60,35.90
2007.06.27 10:54:41.152,0.99595,0.9963,8.00,35.90
2007.06.27 10:54:41.241,0.996,0.9963,0.90,16.80
2007.06.27 10:54:41.679,0.9959,0.9963,33.50,16.80
2007.06.27 10:54:41.749,0.9959,0.9963,16.80,35.90
2007.06.27 10:54:43.657,0.99595,0.9963,8.00,35.90
2007.06.27 10:54:43.937,0.996,0.9963,0.90,16.80
2007.06.27 10:54:44.441,0.996,0.9963,1.60,27.10
2007.06.27 10:54:44.500,0.996,0.9963,2.30,27.10
2007.06.27 10:54:46.638,0.996,0.9963,10.40,24.70
2007.06.27 10:54:46.847,0.996,0.9963,13.60,22.30
2007.06.27 10:54:46.887,0.996,0.9963,13.60,8.00
2007.06.27 10:54:47.297,0.99605,0.9963,8.00,2.40
2007.06.27 10:54:47.673,0.99605,0.9964,8.00,28.70
2007.06.27 10:54:47.772,0.99605,0.9964,10.40,28.70
2007.06.27 10:54:47.888,0.99605,0.9964,14.40,24.70
2007.06.27 10:54:48.026,0.9961,0.9964,7.10,19.10
2007.06.27 10:54:48.128,0.996,0.9964,41.50,4.80
2007.06.27 10:54:48.300,0.99605,0.9964,33.50,10.40
2007.06.27 10:54:48.801,0.99605,0.99635,33.50,5.60
2007.06.27 10:54:48.842,0.9961,0.99635,1.10,5.60
2007.06.27 10:54:49.012,0.9961,0.99635,1.50,5.60
2007.06.27 10:54:49.341,0.9961,0.9964,0.80,28.70
2007.06.27 10:54:52.269,0.99605,0.9964,8.00,26.30
2007.06.27 10:54:54.143,0.9961,0.9964,4.80,23.90
2007.06.27 10:54:54.261,0.9961,0.9964,23.90,9.60
2007.06.27 10:54:55.122,0.9961,0.9964,30.30,5.60
2007.06.27 10:54:55.275,0.9961,0.99645,35.90,5.60
2007.06.27 10:54:55.603,0.9961,0.9964,12.50,2.40
2007.06.27 10:54:55.710,0.996,0.9964,43.90,2.40
2007.06.27 10:54:55.727,0.9961,0.9964,4.00,16.70
2007.06.27 10:54:55.822,0.99605,0.9964,12.00,22.30
2007.06.27 10:54:55.928,0.9961,0.9964,0.50,26.30
2007.06.27 10:55:00.735,0.996,0.9964,24.80,20.70
2007.06.27 10:55:00.959,0.996,0.9964,43.90,6.40
2007.06.27 10:55:01.018,0.996,0.9964,43.90,2.40
2007.06.27 10:55:08.688,0.9961,0.99645,33.50,5.60
2007.06.27 10:55:10.030,0.9962,0.99645,4.80,5.60
2007.06.27 10:55:10.138,0.9962,0.99645,1.50,5.60
2007.06.27 10:55:10.249,0.9961,0.9964,34.30,2.40
2007.06.27 10:55:10.349,0.9961,0.9964,36.70,4.80
2007.06.27 10:55:10.681,0.9963,0.9964,1.60,2.40
2007.06.27 10:55:10.775,0.9962,0.9965,4.80,12.00
2007.06.27 10:55:11.482,0.9962,0.9965,19.10,9.60
2007.06.27 10:55:11.636,0.9962,0.9965,23.10,5.60
2007.06.27 10:55:11.815,0.9962,0.99655,28.70,5.60
2007.06.27 10:55:12.605,0.9962,0.9965,6.60,2.40
2007.06.27 10:55:12.804,0.9961,0.9965,41.40,4.80
2007.06.27 10:55:12.855,0.99615,0.9965,26.30,10.40
2007.06.27 10:55:12.874,0.99615,0.9965,12.00,10.40
2007.06.27 10:55:12.972,0.99615,0.9965,8.00,14.40
2007.06.27 10:55:13.420,0.9961,0.99645,36.70,5.60
2007.06.27 10:55:13.868,0.9962,0.9965,1.60,14.40
2007.06.27 10:55:14.758,0.9962,0.9965,0.90,33.50
2007.06.27 10:55:14.854,0.99615,0.9965,8.00,35.90
2007.06.27 10:55:15.169,0.99615,0.99645,8.00,5.60
2007.06.27 10:55:16.742,0.9962,0.99645,4.80,5.60
2007.06.27 10:55:16.968,0.9963,0.9965,0.80,6.40
2007.06.27 10:55:17.244,0.99625,0.9966,8.00,19.20
2007.06.27 10:55:17.944,0.9962,0.9965,12.00,2.40
2007.06.27 10:55:18.354,0.99625,0.9965,8.00,2.40
2007.06.27 10:55:18.460,0.99625,0.9966,8.00,19.20
2007.06.27 10:55:18.661,0.99625,0.9966,1.60,19.20
2007.06.27 10:55:18.767,0.9962,0.9965,12.00,2.40
2007.06.27 10:55:19.267,0.9961,0.9965,36.70,2.40
2007.06.27 10:55:19.810,0.9961,0.9965,41.40,2.40
2007.06.27 10:55:19.834,0.9963,0.9965,0.50,2.40
2007.06.27 10:55:19.929,0.9963,0.99655,0.90,5.60
2007.06.27 10:55:20.321,0.9963,0.9965,1.30,5.60
2007.06.27 10:55:20.411,0.9963,0.9965,1.10,9.60
2007.06.27 10:55:21.666,0.99615,0.9965,22.30,12.00
2007.06.27 10:55:21.718,0.9962,0.9965,0.50,12.00
2007.06.27 10:55:22.179,0.9963,0.9965,1.00,9.60
2007.06.27 10:55:22.380,0.9962,0.9965,31.10,4.00
2007.06.27 10:55:22.435,0.9963,0.99655,0.60,5.60
2007.06.27 10:55:24.817,0.9962,0.99655,35.10,5.60
2007.06.27 10:55:25.322,0.9962,0.99655,38.30,5.60
2007.06.27 10:55:25.681,0.9962,0.9965,17.40,2.40
2007.06.27 10:55:25.760,0.9962,0.9965,9.30,2.40
2007.06.27 10:55:25.786,0.9962,0.9965,9.60,2.40
2007.06.27 10:55:25.843,0.9962,0.9965,14.60,2.40
2007.06.27 10:55:26.273,0.9962,0.9965,17.10,2.40
2007.06.27 10:55:26.282,0.9962,0.9965,12.30,2.40
2007.06.27 10:55:26.330,0.9962,0.9965,5.60,2.40
2007.06.27 10:55:27.670,0.9963,0.99655,1.30,5.60
2007.06.27 10:55:28.108,0.99625,0.9966,8.00,19.20
2007.06.27 10:55:28.885,0.9963,0.9966,0.60,20.00
2007.06.27 10:55:29.219,0.9962,0.9965,26.30,2.40
2007.06.27 10:55:29.733,0.99625,0.9966,8.00,20.00
2007.06.27 10:55:29.927,0.9962,0.9965,26.30,2.40
2007.06.27 10:55:30.862,0.99625,0.9965,1.20,4.80
2007.06.27 10:55:30.926,0.9962,0.9965,8.00,8.80
2007.06.27 10:55:31.079,0.99615,0.9965,8.00,14.40
2007.06.27 10:55:31.291,0.9962,0.9965,1.30,33.50
2007.06.27 10:55:31.675,0.9962,0.9965,4.80,31.10
2007.06.27 10:55:31.775,0.9963,0.9965,0.90,12.00
2007.06.27 10:55:31.890,0.9962,0.9965,23.90,9.60
2007.06.27 10:55:33.187,0.99625,0.9965,8.00,4.00
2007.06.27 10:55:33.377,0.99625,0.9966,8.00,19.20
2007.06.27 10:55:34.204,0.9963,0.99655,2.40,5.60
2007.06.27 10:55:34.524,0.9962,0.9965,12.00,2.40
2007.06.27 10:55:35.303,0.9962,0.9965,12.00,21.50
2007.06.27 10:55:35.731,0.9962,0.9965,12.00,23.90
2007.06.27 10:55:36.014,0.9962,0.9965,6.40,29.50
2007.06.27 10:55:36.106,0.9962,0.9965,2.40,33.50
2007.06.27 10:55:36.235,0.9962,0.9965,2.40,12.00
2007.06.27 10:55:36.358,0.9962,0.9965,4.80,12.00
2007.06.27 10:55:37.058,0.9962,0.9965,8.80,8.00
2007.06.27 10:55:37.070,0.9962,0.9965,14.40,2.40
2007.06.27 10:55:37.408,0.9962,0.9965,28.70,2.40
2007.06.27 10:55:40.036,0.9962,0.9965,24.70,6.40
2007.06.27 10:55:40.133,0.9962,0.99645,19.10,5.60
2007.06.27 10:55:40.172,0.9962,0.9964,16.70,2.40
2007.06.27 10:55:40.375,0.9962,0.9964,14.30,2.40
2007.06.27 10:55:40.384,0.99615,0.9964,5.60,2.40
2007.06.27 10:55:40.691,0.9961,0.9964,34.30,2.40
2007.06.27 10:55:40.710,0.9962,0.99645,2.40,5.60
2007.06.27 10:55:40.892,0.9962,0.99645,4.80,5.60
2007.06.27 10:55:41.231,0.9962,0.9965,4.80,12.00
2007.06.27 10:55:41.510,0.9962,0.9965,4.80,12.80
2007.06.27 10:55:41.619,0.9962,0.9965,4.80,12.00
2007.06.27 10:55:41.728,0.9962,0.99645,4.80,5.60
2007.06.27 10:55:42.275,0.9962,0.9965,4.80,14.40
2007.06.27 10:55:42.346,0.9962,0.9965,4.80,33.50
2007.06.27 10:55:42.435,0.9962,0.9965,2.40,33.50
2007.06.27 10:55:43.159,0.99615,0.9964,5.60,2.40
2007.06.27 10:55:44.859,0.99615,0.9964,5.60,16.70
2007.06.27 10:55:44.906,0.99615,0.9964,5.60,19.10
2007.06.27 10:55:45.312,0.99615,0.9964,5.60,19.90
2007.06.27 10:55:45.465,0.99615,0.9964,5.60,20.70
2007.06.27 10:55:45.711,0.99615,0.9963,5.60,2.40
2007.06.27 10:55:45.861,0.996,0.9963,14.40,2.40
2007.06.27 10:55:46.077,0.996,0.9963,20.00,2.40
2007.06.27 10:55:46.116,0.9961,0.99635,2.40,5.60
2007.06.27 10:55:47.206,0.9961,0.99635,4.80,5.60
2007.06.27 10:55:48.328,0.9961,0.99635,23.90,5.60
2007.06.27 10:55:49.794,0.9961,0.99635,27.90,5.60
2007.06.27 10:55:49.946,0.9961,0.9964,33.50,4.80
2007.06.27 10:55:57.785,0.9961,0.9964,33.50,2.40
2007.06.27 10:55:57.851,0.99615,0.9964,5.60,2.40
2007.06.27 10:55:59.121,0.9962,0.9965,2.40,16.00
2007.06.27 10:55:59.657,0.9962,0.9965,4.80,12.00
2007.06.27 10:55:59.833,0.9962,0.9965,7.20,12.00
2007.06.27 10:55:59.880,0.9962,0.9965,21.50,12.00
2007.06.27 10:56:00.371,0.9962,0.9965,25.50,8.00
2007.06.27 10:56:00.494,0.9962,0.9965,31.10,2.40
2007.06.27 10:56:00.755,0.9963,0.9965,2.40,2.40
2007.06.27 10:56:01.084,0.9963,0.99655,2.40,8.00
2007.06.27 10:56:02.811,0.99625,0.9965,5.60,0.90
2007.06.27 10:56:02.825,0.9962,0.9965,33.50,0.70
2007.06.27 10:56:02.886,0.9962,0.9965,14.40,0.80
2007.06.27 10:56:03.265,0.9962,0.99655,10.40,12.00
2007.06.27 10:56:03.336,0.9962,0.9966,4.80,36.70
2007.06.27 10:56:03.472,0.9962,0.9965,4.80,0.90
2007.06.27 10:56:03.567,0.9962,0.9965,4.80,0.60
2007.06.27 10:56:03.594,0.9962,0.9965,4.80,0.50
2007.06.27 10:56:03.666,0.9962,0.9966,4.80,36.70
2007.06.27 10:56:03.774,0.9962,0.9966,4.80,35.10
2007.06.27 10:56:03.843,0.9962,0.9966,4.80,39.90
2007.06.27 10:56:06.727,0.9962,0.9966,4.80,39.90
2007.06.27 10:56:06.836,0.9962,0.9966,4.80,35.10
2007.06.27 10:56:07.182,0.9962,0.9965,4.80,14.40
2007.06.27 10:56:09.872,0.9962,0.9965,4.80,0.80
2007.06.27 10:56:10.313,0.9962,0.9965,2.40,0.80
2007.06.27 10:56:10.834,0.9962,0.9966,2.40,35.90
2007.06.27 10:56:10.992,0.9962,0.9965,2.40,0.90
2007.06.27 10:56:11.398,0.9962,0.9966,2.40,36.70
2007.06.27 10:56:11.833,0.9962,0.9966,6.40,36.70
2007.06.27 10:56:11.857,0.9962,0.9965,12.00,0.70
2007.06.27 10:56:14.459,0.9962,0.9965,6.40,0.90
2007.06.27 10:56:14.501,0.9962,0.9966,2.40,36.70
2007.06.27 10:56:14.680,0.9962,0.9966,4.80,36.70
2007.06.27 10:56:14.918,0.9962,0.9966,8.80,36.70
2007.06.27 10:56:15.054,0.9962,0.99655,14.40,8.00
2007.06.27 10:56:17.400,0.9962,0.9965,33.50,0.80
2007.06.27 10:56:17.495,0.9962,0.99655,35.90,8.00
2007.06.27 10:56:18.488,0.9962,0.9965,36.70,0.60
2007.06.27 10:56:18.506,0.9962,0.9965,37.50,0.70
2007.06.27 10:56:18.894,0.9962,0.99655,39.90,8.00
2007.06.27 10:56:19.786,0.99625,0.9966,5.60,21.60
2007.06.27 10:56:19.807,0.9963,0.9965,2.40,0.50
2007.06.27 10:56:21.674,0.9963,0.9967,4.80,37.50
2007.06.27 10:56:21.981,0.9963,0.99665,10.40,16.80
2007.06.27 10:56:22.080,0.9963,0.9966,14.40,0.60
2007.06.27 10:56:22.205,0.9963,0.9966,12.00,9.60
2007.06.27 10:56:22.426,0.9963,0.9965,8.00,0.80
2007.06.27 10:56:22.520,0.9963,0.9966,2.40,19.20
2007.06.27 10:56:22.619,0.9963,0.9965,4.80,0.90
2007.06.27 10:56:22.723,0.9963,0.9966,4.80,0.90
2007.06.27 10:56:22.759,0.9963,0.9966,23.90,0.60
2007.06.27 10:56:22.823,0.9963,0.9966,26.30,0.60
2007.06.27 10:56:22.949,0.9963,0.9967,30.30,23.20
2007.06.27 10:56:23.060,0.99635,0.9967,5.60,23.20
2007.06.27 10:56:23.123,0.99635,0.9967,5.60,22.40
2007.06.27 10:56:23.650,0.9964,0.9968,2.40,36.70
2007.06.27 10:56:29.433,0.9964,0.9967,4.80,0.90
2007.06.27 10:56:29.889,0.9964,0.9967,10.40,0.90
2007.06.27 10:56:29.997,0.9964,0.9967,10.40,0.80
2007.06.27 10:56:30.727,0.9964,0.9967,10.40,27.10
2007.06.27 10:56:30.761,0.9964,0.9967,8.00,29.50
2007.06.27 10:56:31.694,0.9964,0.99665,2.40,5.60
2007.06.27 10:56:32.788,0.9964,0.9966,2.40,2.40
2007.06.27 10:56:36.331,0.9963,0.9966,16.80,2.40
2007.06.27 10:56:37.269,0.99635,0.9967,8.00,19.20
2007.06.27 10:56:39.200,0.9964,0.9966,1.60,2.40
2007.06.27 10:56:42.194,0.9962,0.9966,43.90,4.80
2007.06.27 10:56:42.712,0.9963,0.9966,4.10,2.40
2007.06.27 10:56:42.838,0.9962,0.9966,43.80,2.40
2007.06.27 10:56:43.016,0.9963,0.9966,28.70,2.40
2007.06.27 10:56:43.119,0.99635,0.9966,8.00,2.40
2007.06.27 10:56:43.911,0.99635,0.9967,10.40,14.40
2007.06.27 10:56:44.884,0.99635,0.9967,10.40,10.40
2007.06.27 10:56:44.889,0.9963,0.9967,40.70,10.40
2007.06.27 10:56:45.691,0.9963,0.9967,41.50,10.40
2007.06.27 10:56:45.851,0.9963,0.9967,44.70,14.40
2007.06.27 10:56:45.943,0.9964,0.9967,2.20,14.40
2007.06.27 10:56:46.120,0.9965,0.9967,1.60,12.00
2007.06.27 10:56:47.249,0.9965,0.9967,1.50,8.00
2007.06.27 10:56:47.252,0.9965,0.9967,1.40,2.40
2007.06.27 10:56:47.386,0.9964,0.99675,21.60,5.60
2007.06.27 10:56:47.991,0.9965,0.9968,0.80,33.50
2007.06.27 10:56:48.809,0.99645,0.9968,8.00,19.20
2007.06.27 10:56:49.558,0.9964,0.9968,35.90,19.20
2007.06.27 10:56:49.606,0.9965,0.9968,0.50,15.20
2007.06.27 10:56:50.694,0.9965,0.9967,0.60,2.40
2007.06.27 10:56:51.179,0.9964,0.9967,31.90,2.40
2007.06.27 10:56:51.269,0.9964,0.9967,28.70,4.80
2007.06.27 10:56:51.908,0.9964,0.9967,0.70,4.80
2007.06.27 10:56:52.379,0.9964,0.9967,1.90,4.80
2007.06.27 10:56:52.400,0.9964,0.9967,4.50,10.40
2007.06.27 10:56:52.879,0.9963,0.9967,41.40,10.40
2007.06.27 10:56:53.257,0.9963,0.9967,42.20,10.40
2007.06.27 10:56:53.299,0.9964,0.9967,4.30,10.40
2007.06.27 10:56:53.710,0.9963,0.9967,42.20,10.40
2007.06.27 10:56:53.800,0.9964,0.9967,24.70,4.80
2007.06.27 10:56:54.047,0.9963,0.9967,36.70,10.40
2007.06.27 10:56:54.267,0.9963,0.9967,36.70,8.00
2007.06.27 10:56:54.645,0.9963,0.9967,36.70,8.00
2007.06.27 10:56:54.928,0.9963,0.9967,36.70,8.00
2007.06.27 10:56:55.057,0.9963,0.9967,36.70,2.40
2007.06.27 10:56:55.654,0.9964,0.9967,4.90,2.40
2007.06.27 10:56:55.786,0.9963,0.9967,41.40,2.40
2007.06.27 10:56:55.845,0.9964,0.9967,31.10,2.40
2007.06.27 10:56:56.167,0.99645,0.9968,8.00,17.60
2007.06.27 10:56:56.180,0.99645,0.9967,8.00,2.40
2007.06.27 10:56:56.779,0.9964,0.9967,31.10,4.80
2007.06.27 10:56:58.624,0.9964,0.9967,34.30,2.40
2007.06.27 10:57:04.349,0.9964,0.9967,33.50,2.40
2007.06.27 10:57:04.394,0.9964,0.9967,32.70,2.40
2007.06.27 10:57:04.430,0.9964,0.9967,17.60,2.40
2007.06.27 10:57:04.816,0.9964,0.9967,31.10,2.40
2007.06.27 10:57:05.272,0.9964,0.9967,31.90,2.40
2007.06.27 10:57:05.363,0.9965,0.99675,2.40,5.60
2007.06.27 10:57:05.407,0.9965,0.9968,2.40,16.80
2007.06.27 10:57:06.696,0.99645,0.9967,5.60,2.40
2007.06.27 10:57:07.257,0.9964,0.9967,16.80,2.40
2007.06.27 10:57:07.389,0.9963,0.9967,39.10,2.40
2007.06.27 10:57:08.402,0.9963,0.9967,39.10,4.80
2007.06.27 10:57:08.737,0.9964,0.9967,3.10,2.40
2007.06.27 10:57:10.186,0.9964,0.9967,6.00,4.80
2007.06.27 10:57:10.813,0.99645,0.9967,1.20,4.80
2007.06.27 10:57:11.866,0.99645,0.9967,1.50,7.20
2007.06.27 10:57:12.306,0.99645,0.9967,3.20,4.80
2007.06.27 10:57:12.400,0.9964,0.9967,1.10,10.40
2007.06.27 10:57:12.473,0.9964,0.9967,5.50,10.40
2007.06.27 10:57:16.393,0.9963,0.9967,41.40,10.40
2007.06.27 10:57:16.502,0.9964,0.9967,8.80,14.40
2007.06.27 10:57:16.539,0.99635,0.9967,24.70,14.40
2007.06.27 10:57:16.684,0.99635,0.9967,22.30,14.40
2007.06.27 10:57:16.741,0.99635,0.9967,19.90,16.80
2007.06.27 10:57:17.033,0.99635,0.9967,19.90,17.60
2007.06.27 10:57:17.086,0.9964,0.9967,2.60,18.40
2007.06.27 10:57:17.205,0.9964,0.9967,1.90,18.40
2007.06.27 10:57:17.230,0.9964,0.9967,0.60,19.20
2007.06.27 10:57:17.775,0.9964,0.9967,1.50,16.80
2007.06.27 10:57:18.679,0.9964,0.9966,0.60,2.40
2007.06.27 10:57:18.913,0.9963,0.9966,33.50,2.40
2007.06.27 10:57:19.147,0.99635,0.9966,8.00,2.40
2007.06.27 10:57:23.096,0.9962,0.9966,44.60,2.40
2007.06.27 10:57:24.343,0.9963,0.9966,31.90,2.40
2007.06.27 10:57:24.758,0.9963,0.9966,3.80,2.40
2007.06.27 10:57:24.793,0.9963,0.9966,31.90,2.40
2007.06.27 10:57:25.007,0.9963,0.9966,10.40,2.40
2007.06.27 10:57:25.168,0.9962,0.99665,44.60,5.60
2007.06.27 10:57:25.553,0.9963,0.9967,31.90,17.60
2007.06.27 10:57:25.813,0.9963,0.9967,31.90,18.40
2007.06.27 10:57:25.990,0.99635,0.9967,2.20,19.20
2007.06.27 10:57:26.224,0.9963,0.9965,29.50,2.40
2007.06.27 10:57:26.759,0.99635,0.9966,1.50,4.80
2007.06.27 10:57:26.806,0.9962,0.99655,40.60,5.60
2007.06.27 10:57:26.932,0.9963,0.99655,21.50,5.60
2007.06.27 10:57:27.350,0.9962,0.99655,43.80,5.60
2007.06.27 10:57:27.402,0.9963,0.9966,8.20,6.40
2007.06.27 10:57:27.405,0.9962,0.9966,43.80,2.40
2007.06.27 10:57:29.201,0.9964,0.99665,1.40,5.60
2007.06.27 10:57:29.308,0.9964,0.99665,1.50,5.60
2007.06.27 10:57:29.385,0.9964,0.99665,2.60,5.60
2007.06.27 10:57:29.404,0.9965,0.99665,0.70,5.60
2007.06.27 10:57:29.764,0.9965,0.9966,1.60,2.40
2007.06.27 10:57:29.997,0.9963,0.9966,10.20,2.40
2007.06.27 10:57:30.057,0.9962,0.9966,43.80,2.40
2007.06.27 10:57:30.251,0.9962,0.9966,43.00,3.20
2007.06.27 10:57:30.298,0.9962,0.9966,43.00,4.00
2007.06.27 10:57:30.355,0.9962,0.9966,43.00,6.40
2007.06.27 10:57:30.611,0.9963,0.9966,7.40,7.20
2007.06.27 10:57:30.824,0.9963,0.9966,6.40,5.60
2007.06.27 10:57:30.829,0.9963,0.9966,5.90,4.80
2007.06.27 10:57:31.212,0.9962,0.9966,34.30,5.60
2007.06.27 10:57:31.706,0.9962,0.9966,34.30,5.60
2007.06.27 10:57:31.903,0.9962,0.9966,35.90,8.80
2007.06.27 10:57:32.107,0.9963,0.9966,1.00,14.40
2007.06.27 10:57:32.415,0.9963,0.9966,0.60,12.00
2007.06.27 10:57:32.630,0.99625,0.9966,10.40,14.40
2007.06.27 10:57:32.934,0.99625,0.9966,8.00,16.80
2007.06.27 10:57:33.649,0.99625,0.9966,10.40,14.40
2007.06.27 10:57:33.659,0.99625,0.9966,10.40,12.00
2007.06.27 10:57:33.855,0.99625,0.9966,12.80,5.60
2007.06.27 10:57:33.928,0.9962,0.9966,36.70,5.60
2007.06.27 10:57:34.188,0.9963,0.99665,2.50,5.60
2007.06.27 10:57:34.647,0.9962,0.99665,36.70,5.60
2007.06.27 10:57:34.693,0.9963,0.99665,4.60,5.60
2007.06.27 10:57:35.706,0.9963,0.9966,5.70,2.40
2007.06.27 10:57:35.792,0.9962,0.9966,36.70,4.80
2007.06.27 10:57:35.983,0.9963,0.9966,2.90,10.40
2007.06.27 10:57:36.229,0.99625,0.9966,10.40,14.40
2007.06.27 10:57:36.282,0.9963,0.9966,1.30,15.20
2007.06.27 10:57:36.361,0.99625,0.9966,10.40,16.00
2007.06.27 10:57:36.367,0.9963,0.9966,2.30,16.80
2007.06.27 10:57:36.678,0.99625,0.9965,8.00,2.40
2007.06.27 10:57:36.741,0.9962,0.9965,31.10,2.40
2007.06.27 10:57:38.369,0.9961,0.9965,43.80,2.40
2007.06.27 10:57:39.138,0.9962,0.99655,33.50,5.60
2007.06.27 10:57:39.325,0.9962,0.99655,39.00,5.60
2007.06.27 10:57:39.716,0.9963,0.99655,1.20,5.60
2007.06.27 10:57:40.126,0.9962,0.99655,40.60,5.60
2007.06.27 10:57:40.190,0.9963,0.9966,3.80,4.80
2007.06.27 10:57:40.673,0.9963,0.9966,28.70,4.80
2007.06.27 10:57:41.179,0.99635,0.9966,0.70,2.40
2007.06.27 10:57:41.390,0.9963,0.99665,31.10,5.60
2007.06.27 10:57:50.865,0.9963,0.9967,31.10,20.00
2007.06.27 10:57:52.139,0.9963,0.99665,31.10,5.60
2007.06.27 10:57:52.656,0.9963,0.9967,31.10,20.00
2007.06.27 10:57:53.114,0.99635,0.9966,1.60,2.40
2007.06.27 10:57:53.636,0.9963,0.9966,32.70,3.20
2007.06.27 10:57:53.768,0.9963,0.9966,33.50,4.00
2007.06.27 10:57:53.775,0.99635,0.9966,2.50,4.80
2007.06.27 10:57:53.831,0.9964,0.9966,1.60,4.80
2007.06.27 10:57:54.807,0.9964,0.9965,1.10,2.40
2007.06.27 10:57:54.903,0.9962,0.9965,37.40,2.40
2007.06.27 10:57:56.769,0.9963,0.9965,1.30,2.40
2007.06.27 10:57:57.233,0.99625,0.9965,22.30,2.40
2007.06.27 10:57:57.702,0.99625,0.9966,24.70,16.80
2007.06.27 10:57:58.910,0.9963,0.9966,2.80,16.80
2007.06.27 10:57:59.332,0.99625,0.9966,12.80,14.40
2007.06.27 10:58:04.289,0.9963,0.9966,21.50,14.40
2007.06.27 10:58:05.289,0.9963,0.9966,21.50,13.60
2007.06.27 10:58:05.451,0.9963,0.9966,21.50,12.80
2007.06.27 10:58:05.826,0.9964,0.9966,2.40,12.80
2007.06.27 10:58:05.861,0.9964,0.9966,2.40,12.00
2007.06.27 10:58:06.833,0.9963,0.9966,21.50,12.00
2007.06.27 10:58:07.063,0.9963,0.9966,25.50,8.00
2007.06.27 10:58:07.247,0.9963,0.9966,31.10,2.40
2007.06.27 10:58:16.733,0.9963,0.9966,31.10,0.70
2007.06.27 10:58:24.923,0.9963,0.99665,28.70,11.20
2007.06.27 10:58:25.029,0.9963,0.9966,8.80,12.80
2007.06.27 10:58:25.069,0.9963,0.99665,14.40,12.80
2007.06.27 10:58:25.092,0.9963,0.9966,23.10,12.80
2007.06.27 10:58:25.421,0.9963,0.9966,19.10,16.80
2007.06.27 10:58:25.852,0.9963,0.99655,21.50,0.70
2007.06.27 10:58:26.884,0.9963,0.9966,19.10,16.80
2007.06.27 10:58:26.965,0.9963,0.9967,19.10,22.40
2007.06.27 10:58:27.240,0.9963,0.9966,19.10,0.90
2007.06.27 10:58:27.281,0.9963,0.9967,19.90,21.60
2007.06.27 10:58:27.376,0.9963,0.9967,22.30,21.60
2007.06.27 10:58:27.537,0.9963,0.9966,23.10,0.70
2007.06.27 10:58:27.790,0.9963,0.99665,27.10,12.80
2007.06.27 10:58:28.145,0.9963,0.9966,31.10,0.60
2007.06.27 10:58:28.262,0.9963,0.99665,31.90,8.00
2007.06.27 10:58:28.417,0.9963,0.9966,32.70,0.80
2007.06.27 10:58:29.767,0.9964,0.99665,4.80,0.90
2007.06.27 10:58:30.381,0.9964,0.9968,4.80,43.90
2007.06.27 10:58:30.670,0.9964,0.9967,2.40,20.00
2007.06.27 10:58:30.889,0.99635,0.9966,5.60,0.60
2007.06.27 10:58:31.184,0.9964,0.9967,2.40,0.70
2007.06.27 10:58:31.395,0.9964,0.9968,4.80,43.90
2007.06.27 10:58:31.708,0.9964,0.9967,2.40,20.00
2007.06.27 10:58:32.025,0.99635,0.9966,5.60,0.80
2007.06.27 10:58:32.483,0.9963,0.9966,32.70,0.50
2007.06.27 10:58:32.741,0.9964,0.99665,2.40,0.50
2007.06.27 10:58:32.832,0.9964,0.99665,4.80,0.60
2007.06.27 10:58:33.231,0.9964,0.9967,4.80,0.50
2007.06.27 10:58:33.732,0.9964,0.9967,4.80,17.60
2007.06.27 10:58:54.471,0.9964,0.9967,4.80,17.60
2007.06.27 10:58:57.128,0.9964,0.99665,4.80,5.60
2007.06.27 10:59:02.377,0.9964,0.99665,2.40,5.60
2007.06.27 10:59:02.576,0.99635,0.9966,5.60,2.40
2007.06.27 10:59:04.236,0.9963,0.9966,31.10,2.40
2007.06.27 10:59:07.738,0.9964,0.99665,2.40,5.60
2007.06.27 10:59:07.836,0.9964,0.99665,4.80,5.60
2007.06.27 10:59:08.639,0.9964,0.9967,4.80,17.60
2007.06.27 10:59:17.111,0.99635,0.9967,10.40,17.60
2007.06.27 10:59:17.654,0.99635,0.9966,8.00,2.40
2007.06.27 10:59:19.402,0.99635,0.9966,8.00,3.20
2007.06.27 10:59:19.490,0.99635,0.9966,8.00,4.00
2007.06.27 10:59:19.516,0.9964,0.9966,1.50,4.00
2007.06.27 10:59:19.677,0.99635,0.9966,8.00,3.20
2007.06.27 10:59:19.787,0.9964,0.9966,0.50,2.40
2007.06.27 10:59:19.801,0.99635,0.9966,8.00,4.80
2007.06.27 10:59:19.922,0.99635,0.9966,2.20,4.80
2007.06.27 10:59:20.635,0.99625,0.9966,28.70,10.40
2007.06.27 10:59:28.188,0.9963,0.9966,7.10,12.00
2007.06.27 10:59:28.751,0.99625,0.9966,24.70,14.40
2007.06.27 10:59:41.704,0.99625,0.9966,22.30,12.00
2007.06.27 10:59:42.755,0.9963,0.9966,0.50,14.40
2007.06.27 10:59:42.849,0.9962,0.9966,33.50,14.40
2007.06.27 10:59:44.223,0.9962,0.99655,3.50,5.60
2007.06.27 10:59:46.645,0.9962,0.99655,31.10,5.60
2007.06.27 10:59:49.111,0.9962,0.99655,33.50,5.60
2007.06.27 10:59:49.420,0.99625,0.9966,5.60,14.40
2007.06.27 10:59:50.232,0.9963,0.9966,2.40,12.00
2007.06.27 10:59:54.005,0.9963,0.9966,16.70,12.00
2007.06.27 10:59:54.757,0.9963,0.9966,14.30,14.40
2007.06.27 10:59:55.605,0.9963,0.9966,14.30,15.20
2007.06.27 10:59:55.632,0.9963,0.9966,14.30,16.00
2007.06.27 10:59:55.826,0.9963,0.9966,16.70,13.60
2007.06.27 10:59:55.911,0.9963,0.9966,14.30,16.00
2007.06.27 10:59:57.126,0.9963,0.9966,19.90,10.40
2007.06.27 10:59:57.380,0.9963,0.9966,14.30,16.00
2007.06.27 10:59:58.178,0.9963,0.9966,14.30,15.20
2007.06.27 10:59:58.279,0.9963,0.9966,14.30,14.40
2007.06.27 10:59:58.385,0.9963,0.9966,16.70,12.00
2007.06.27 10:59:58.905,0.9963,0.9966,14.30,14.40
2007.06.27 10:59:58.924,0.9963,0.9966,16.70,12.00
2007.06.27 10:59:59.224,0.9963,0.9966,17.50,12.00
2007.06.27 10:59:59.304,0.9963,0.9966,18.30,12.00
2007.06.27 10:59:59.338,0.9964,0.9966,2.40,9.60
