2008.04.24 22:00:00.030,1.0073,1.0082,1.60,8.20
2008.04.24 22:00:00.302,1.0073,1.0082,1.60,8.20
2008.04.24 22:00:00.600,1.0072,1.0082,1.60,8.20
2008.04.24 22:00:01.023,1.0072,1.0082,1.60,8.20
2008.04.24 22:00:01.323,1.0072,1.0082,1.60,8.20
2008.04.24 22:00:01.580,1.0072,1.0083,8.20,8.20
2008.04.24 22:00:03.490,1.0072,1.0083,8.20,8.20
2008.04.24 22:00:04.294,1.0072,1.0083,8.20,8.20
2008.04.24 22:00:04.700,1.0072,1.0083,8.20,8.20
2008.04.24 22:00:05.386,1.0072,1.0083,8.20,8.20
2008.04.24 22:00:05.851,1.0072,1.0083,8.20,8.20
2008.04.24 22:00:06.031,1.0072,1.0083,8.20,8.20
2008.04.24 22:00:06.194,1.0072,1.0083,8.20,8.20
2008.04.24 22:00:07.445,1.0072,1.0083,8.20,8.20
2008.04.24 22:00:07.602,1.0072,1.0083,8.20,8.20
2008.04.24 22:00:07.756,1.0072,1.0083,8.20,8.20
2008.04.24 22:00:07.924,1.0072,1.0083,8.20,8.20
2008.04.24 22:00:08.079,1.0072,1.0083,8.20,8.20
2008.04.24 22:00:08.969,1.0072,1.0083,8.20,8.20
2008.04.24 22:00:09.428,1.0071,1.0082,11.00,8.20
2008.04.24 22:00:09.789,1.0071,1.0082,10.20,8.20
2008.04.24 22:00:10.208,1.0071,1.0082,10.20,8.20
2008.04.24 22:00:10.407,1.0071,1.0082,10.20,8.20
2008.04.24 22:00:11.865,1.0071,1.0082,10.20,8.20
2008.04.24 22:00:12.075,1.0071,1.0081,2.00,8.20
2008.04.24 22:00:13.970,1.0071,1.0081,2.00,8.20
2008.04.24 22:00:15.446,1.0071,1.0081,2.00,8.20
2008.04.24 22:00:15.911,1.0071,1.0081,2.00,8.20
2008.04.24 22:00:16.096,1.0071,1.0081,2.00,8.20
2008.04.24 22:00:16.376,1.0071,1.0081,1.20,8.20
2008.04.24 22:00:16.545,1.007,1.0081,11.00,8.20
2008.04.24 22:00:16.855,1.007,1.008,2.80,8.20
2008.04.24 22:00:17.238,1.007,1.008,2.80,8.20
2008.04.24 22:00:17.960,1.007,1.008,2.80,8.20
2008.04.24 22:00:18.704,1.007,1.008,2.80,8.20
2008.04.24 22:00:18.882,1.007,1.008,2.80,8.20
2008.04.24 22:00:19.446,1.007,1.008,2.80,8.20
2008.04.24 22:00:19.626,1.007,1.008,2.80,8.20
2008.04.24 22:00:20.166,1.007,1.008,2.80,8.20
2008.04.24 22:00:20.425,1.007,1.0079,1.60,8.20
2008.04.24 22:00:22.701,1.007,1.0079,2.80,8.20
2008.04.24 22:00:22.962,1.007,1.0079,2.80,8.20
2008.04.24 22:00:23.144,1.007,1.0079,1.60,8.20
2008.04.24 22:00:23.417,1.007,1.0079,1.60,8.20
2008.04.24 22:00:23.597,1.007,1.0079,2.80,8.20
2008.04.24 22:00:24.118,1.007,1.0079,1.60,8.20
2008.04.24 22:00:24.452,1.007,1.0079,1.60,8.20
2008.04.24 22:00:25.433,1.007,1.0079,1.60,8.20
2008.04.24 22:00:25.787,1.007,1.0079,1.60,8.20
2008.04.24 22:00:26.075,1.0071,1.0081,1.20,8.20
2008.04.24 22:00:26.360,1.0072,1.0081,0.80,8.20
2008.04.24 22:00:27.536,1.0072,1.0081,0.80,8.20
2008.04.24 22:00:27.853,1.0072,1.0081,0.80,8.20
2008.04.24 22:00:28.227,1.0072,1.0081,0.80,8.20
2008.04.24 22:00:28.411,1.0072,1.0081,0.80,8.20
2008.04.24 22:00:28.920,1.0072,1.0081,0.80,8.20
2008.04.24 22:00:29.193,1.0072,1.0081,0.80,8.20
2008.04.24 22:00:30.478,1.0072,1.0081,0.80,8.20
2008.04.24 22:00:32.510,1.0072,1.0081,0.80,8.20
2008.04.24 22:00:32.630,1.0072,1.0081,0.80,8.20
2008.04.24 22:00:33.865,1.0072,1.0081,0.80,8.20
2008.04.24 22:00:34.012,1.0072,1.0081,0.80,8.20
2008.04.24 22:00:34.178,1.0072,1.0081,0.80,8.20
2008.04.24 22:00:35.032,1.0072,1.0081,0.80,8.20
2008.04.24 22:00:35.422,1.0072,1.0081,0.80,8.20
2008.04.24 22:00:35.766,1.0072,1.0082,0.80,9.40
2008.04.24 22:00:36.281,1.0072,1.0082,0.80,9.40
2008.04.24 22:00:36.563,1.0072,1.0082,0.80,9.40
2008.04.24 22:00:36.813,1.0072,1.0082,0.80,9.40
2008.04.24 22:00:37.280,1.0072,1.0082,0.80,9.40
2008.04.24 22:00:37.535,1.0072,1.0081,0.80,8.20
2008.04.24 22:00:37.788,1.0072,1.0081,0.80,8.20
2008.04.24 22:00:38.098,1.0072,1.0081,0.80,8.20
2008.04.24 22:00:38.502,1.0072,1.0081,0.80,8.20
2008.04.24 22:00:39.983,1.0072,1.0081,0.80,8.20
2008.04.24 22:00:40.450,1.0072,1.0081,0.80,8.20
2008.04.24 22:00:40.769,1.0072,1.0081,2.00,8.20
2008.04.24 22:00:43.088,1.0072,1.0081,2.00,9.80
2008.04.24 22:00:44.249,1.0072,1.0081,2.00,9.80
2008.04.24 22:00:44.398,1.0072,1.0081,2.00,10.60
2008.04.24 22:00:45.460,1.0072,1.0081,2.00,10.60
2008.04.24 22:00:46.257,1.0072,1.0081,2.00,10.60
2008.04.24 22:00:46.510,1.0072,1.0081,2.00,9.00
2008.04.24 22:00:46.767,1.0072,1.0081,2.00,9.00
2008.04.24 22:00:47.022,1.0072,1.0081,2.00,8.20
2008.04.24 22:00:47.706,1.0072,1.0081,2.00,8.20
2008.04.24 22:00:49.088,1.0072,1.0081,2.00,8.20
2008.04.24 22:00:49.377,1.007,1.008,3.60,8.20
2008.04.24 22:00:49.531,1.0072,1.008,1.20,8.20
2008.04.24 22:00:49.689,1.007,1.008,2.80,8.20
2008.04.24 22:00:50.230,1.007,1.008,2.80,8.20
2008.04.24 22:00:50.432,1.0072,1.008,1.20,8.20
2008.04.24 22:00:50.731,1.0072,1.0081,1.20,8.20
2008.04.24 22:00:51.031,1.0072,1.0081,1.20,8.20
2008.04.24 22:00:51.793,1.0072,1.0081,1.20,8.20
2008.04.24 22:00:51.998,1.0072,1.0082,2.00,8.20
2008.04.24 22:00:52.276,1.0072,1.0082,2.00,8.20
2008.04.24 22:00:52.938,1.0072,1.0082,2.00,12.20
2008.04.24 22:00:53.829,1.0072,1.0082,2.00,12.20
2008.04.24 22:00:54.310,1.0072,1.0082,2.00,12.20
2008.04.24 22:00:54.482,1.0072,1.0082,2.00,12.20
2008.04.24 22:00:55.504,1.0072,1.0082,2.00,12.20
2008.04.24 22:00:56.846,1.0072,1.0082,2.00,12.20
2008.04.24 22:00:57.832,1.0072,1.0081,2.00,0.30
2008.04.24 22:00:58.021,1.0072,1.0081,0.80,4.20
2008.04.24 22:00:58.210,1.0072,1.0081,0.80,4.20
2008.04.24 22:00:59.878,1.0072,1.0081,0.80,4.20
2008.04.24 22:01:00.480,1.0072,1.0081,0.80,4.20
2008.04.24 22:01:05.498,1.0072,1.0081,0.80,4.20
2008.04.24 22:01:10.000,1.0072,1.0081,0.80,4.20
2008.04.24 22:01:10.203,1.0072,1.0081,0.80,4.20
2008.04.24 22:01:10.531,1.0072,1.0081,0.80,4.20
2008.04.24 22:01:10.750,1.0073,1.0081,0.10,4.00
2008.04.24 22:01:10.967,1.0073,1.0081,0.10,4.00
2008.04.24 22:01:15.546,1.0073,1.0081,0.10,4.00
2008.04.24 22:01:20.231,1.0073,1.0081,0.10,4.00
2008.04.24 22:01:20.398,1.0073,1.0082,0.10,10.00
2008.04.24 22:01:25.537,1.0073,1.0082,0.10,10.00
2008.04.24 22:01:27.191,1.0073,1.0082,0.10,10.00
2008.04.24 22:01:27.294,1.0073,1.0082,0.10,14.00
2008.04.24 22:01:30.083,1.0073,1.0081,0.10,4.00
2008.04.24 22:01:30.470,1.0073,1.0081,0.10,4.00
2008.04.24 22:01:31.025,1.0073,1.0082,0.10,10.00
2008.04.24 22:01:31.700,1.0073,1.0082,0.10,10.00
2008.04.24 22:01:31.898,1.0073,1.0082,0.10,8.40
2008.04.24 22:01:32.312,1.0073,1.0082,0.10,8.40
2008.04.24 22:01:32.490,1.00725,1.00815,0.10,0.30
2008.04.24 22:01:32.669,1.00725,1.00815,0.10,0.30
2008.04.24 22:01:33.036,1.00725,1.00815,0.10,0.30
2008.04.24 22:01:34.043,1.00725,1.00815,0.10,0.30
2008.04.24 22:01:35.563,1.00725,1.00815,0.10,0.30
2008.04.24 22:01:36.939,1.00725,1.00815,0.10,0.30
2008.04.24 22:01:38.203,1.00725,1.00815,0.10,0.30
2008.04.24 22:01:40.252,1.00725,1.00815,0.10,0.30
2008.04.24 22:01:40.581,1.00725,1.00815,0.10,0.30
2008.04.24 22:01:45.570,1.00725,1.00815,0.10,0.30
2008.04.24 22:01:45.807,1.00725,1.0081,0.10,4.00
2008.04.24 22:01:47.791,1.00725,1.0081,0.10,4.00
2008.04.24 22:01:48.660,1.0073,1.0081,0.10,4.00
2008.04.24 22:01:49.527,1.0073,1.0081,0.10,4.00
2008.04.24 22:01:50.575,1.0073,1.0081,0.10,4.00
2008.04.24 22:01:53.817,1.0073,1.0081,0.10,4.00
2008.04.24 22:01:54.034,1.0073,1.0081,0.10,4.00
2008.04.24 22:01:54.510,1.0073,1.0081,0.10,4.00
2008.04.24 22:01:55.610,1.0073,1.0081,0.10,4.00
2008.04.24 22:01:59.963,1.0073,1.0081,0.10,4.00
2008.04.24 22:02:00.597,1.0073,1.0081,0.10,4.00
2008.04.24 22:02:04.002,1.0073,1.0081,0.10,4.00
2008.04.24 22:02:05.617,1.0073,1.0081,0.10,4.00
2008.04.24 22:02:09.912,1.0073,1.0081,0.10,4.00
2008.04.24 22:02:10.069,1.0072,1.0081,4.80,4.00
2008.04.24 22:02:10.615,1.0072,1.0081,4.80,4.00
2008.04.24 22:02:15.626,1.0072,1.0081,4.80,4.00
2008.04.24 22:02:20.001,1.0072,1.0081,4.80,4.00
2008.04.24 22:02:20.206,1.0072,1.0081,4.80,4.00
2008.04.24 22:02:20.355,1.0071,1.0081,5.60,12.20
2008.04.24 22:02:20.661,1.0071,1.0081,5.60,12.20
2008.04.24 22:02:21.914,1.0071,1.0081,5.60,12.20
2008.04.24 22:02:22.148,1.0071,1.0081,13.80,4.00
2008.04.24 22:02:22.382,1.0071,1.0081,13.80,4.00
2008.04.24 22:02:22.526,1.0071,1.0081,13.80,4.00
2008.04.24 22:02:22.686,1.0071,1.0081,12.20,4.00
2008.04.24 22:02:22.836,1.0071,1.0081,12.20,4.00
2008.04.24 22:02:22.997,1.0071,1.0081,12.20,4.00
2008.04.24 22:02:23.730,1.0071,1.0081,12.20,4.00
2008.04.24 22:02:23.959,1.0071,1.0081,8.20,5.60
2008.04.24 22:02:24.188,1.0071,1.0081,0.80,8.20
2008.04.24 22:02:24.417,1.0073,1.0081,4.00,8.20
2008.04.24 22:02:24.646,1.0073,1.0082,4.80,5.60
2008.04.24 22:02:24.819,1.0073,1.0082,4.80,4.00
2008.04.24 22:02:24.992,1.0073,1.0082,4.80,4.20
2008.04.24 22:02:25.646,1.0073,1.0082,4.80,4.20
2008.04.24 22:02:25.857,1.0073,1.0082,4.80,4.20
2008.04.24 22:02:26.097,1.0073,1.0082,4.80,4.20
2008.04.24 22:02:30.662,1.0073,1.0082,4.80,4.20
2008.04.24 22:02:32.302,1.0073,1.0081,4.80,0.30
2008.04.24 22:02:32.506,1.0073,1.0081,4.80,0.30
2008.04.24 22:02:32.721,1.0073,1.0081,4.80,0.30
2008.04.24 22:02:33.224,1.0073,1.0081,4.80,0.30
2008.04.24 22:02:35.702,1.0073,1.0081,4.80,0.30
2008.04.24 22:02:36.492,1.0073,1.0081,4.80,0.30
2008.04.24 22:02:36.695,1.0073,1.0081,5.60,0.30
2008.04.24 22:02:37.234,1.0073,1.0081,5.60,0.30
2008.04.24 22:02:40.049,1.0073,1.0081,1.60,0.30
2008.04.24 22:02:40.244,1.0073,1.0081,0.80,0.30
2008.04.24 22:02:40.437,1.0073,1.0081,0.80,0.30
2008.04.24 22:02:40.630,1.0072,1.00805,2.40,0.30
2008.04.24 22:02:40.823,1.0072,1.00805,1.60,0.30
2008.04.24 22:02:41.016,1.0072,1.00805,0.80,0.30
2008.04.24 22:02:42.179,1.0072,1.00805,0.80,0.30
2008.04.24 22:02:42.307,1.00715,1.00805,0.10,0.30
2008.04.24 22:02:43.504,1.00715,1.00805,0.10,0.30
2008.04.24 22:02:43.769,1.00715,1.00805,0.10,0.30
2008.04.24 22:02:45.682,1.00715,1.00805,0.10,0.30
2008.04.24 22:02:50.253,1.00715,1.00805,0.10,0.30
2008.04.24 22:02:50.493,1.00715,1.00805,0.10,0.30
2008.04.24 22:02:51.613,1.00715,1.00805,0.10,0.30
2008.04.24 22:02:51.856,1.00725,1.0081,0.10,8.20
2008.04.24 22:02:53.734,1.00725,1.0081,0.10,8.20
2008.04.24 22:02:55.699,1.00725,1.0081,0.10,8.20
2008.04.24 22:03:00.038,1.00725,1.0081,0.10,8.20
2008.04.24 22:03:00.242,1.00725,1.0081,0.10,8.20
2008.04.24 22:03:00.391,1.00725,1.0081,0.10,9.40
2008.04.24 22:03:00.746,1.00725,1.0081,0.10,9.40
2008.04.24 22:03:04.553,1.00725,1.0081,0.10,10.20
2008.04.24 22:03:04.749,1.0073,1.0081,0.80,10.20
2008.04.24 22:03:05.721,1.0073,1.0081,0.80,10.20
2008.04.24 22:03:10.714,1.0073,1.0081,0.80,10.20
2008.04.24 22:03:15.750,1.0073,1.0081,0.80,10.20
2008.04.24 22:03:20.760,1.0073,1.0081,0.80,10.20
2008.04.24 22:03:25.746,1.0073,1.0081,0.80,10.20
2008.04.24 22:03:27.885,1.0073,1.0081,0.80,10.20
2008.04.24 22:03:28.029,1.0073,1.008,0.10,0.80
2008.04.24 22:03:28.173,1.00735,1.008,0.10,0.80
2008.04.24 22:03:28.446,1.00735,1.0081,0.10,0.80
2008.04.24 22:03:29.505,1.00735,1.0081,0.10,0.80
2008.04.24 22:03:30.774,1.00735,1.0081,0.10,0.80
2008.04.24 22:03:33.587,1.00735,1.0081,0.10,0.80
2008.04.24 22:03:33.826,1.0073,1.008,0.10,0.80
2008.04.24 22:03:34.631,1.0073,1.008,0.10,0.80
2008.04.24 22:03:35.391,1.0073,1.008,0.10,0.80
2008.04.24 22:03:35.584,1.0073,1.0081,0.80,0.80
2008.04.24 22:03:35.761,1.00735,1.0081,0.10,0.80
2008.04.24 22:03:35.958,1.00735,1.0081,0.10,0.80
2008.04.24 22:03:36.277,1.00735,1.0081,0.10,0.80
2008.04.24 22:03:37.480,1.00735,1.0081,0.10,0.80
2008.04.24 22:03:40.772,1.00735,1.0081,0.10,0.80
2008.04.24 22:03:41.087,1.00735,1.0081,0.10,0.80
2008.04.24 22:03:41.308,1.0073,1.008,0.10,0.80
2008.04.24 22:03:41.551,1.0073,1.008,0.10,0.80
2008.04.24 22:03:43.071,1.00735,1.008,0.10,0.80
2008.04.24 22:03:43.247,1.00735,1.0081,0.10,0.80
2008.04.24 22:03:43.487,1.00735,1.0081,0.10,0.80
2008.04.24 22:03:44.222,1.00735,1.0081,0.10,0.80
2008.04.24 22:03:45.789,1.00735,1.0081,0.10,0.80
2008.04.24 22:03:49.295,1.00735,1.0081,0.10,0.80
2008.04.24 22:03:50.798,1.00735,1.0081,0.10,0.80
2008.04.24 22:03:52.249,1.00735,1.0081,0.10,0.80
2008.04.24 22:03:55.105,1.0073,1.0081,0.80,0.80
2008.04.24 22:03:55.316,1.0072,1.008,1.60,0.80
2008.04.24 22:03:55.526,1.007,1.0081,11.80,9.00
2008.04.24 22:03:55.748,1.007,1.0081,3.60,0.80
2008.04.24 22:03:55.980,1.007,1.0081,1.60,2.00
2008.04.24 22:03:56.166,1.0071,1.0081,1.60,2.00
2008.04.24 22:03:56.375,1.0071,1.0081,1.60,2.00
2008.04.24 22:03:56.704,1.007,1.0081,1.60,0.80
2008.04.24 22:03:57.234,1.007,1.0081,1.60,2.00
2008.04.24 22:03:57.457,1.007,1.0078,1.60,0.80
2008.04.24 22:03:57.631,1.007,1.0078,1.60,0.80
2008.04.24 22:03:58.276,1.007,1.0078,1.60,0.80
2008.04.24 22:03:58.667,1.007,1.0078,1.60,0.80
2008.04.24 22:03:58.927,1.007,1.0079,2.40,0.80
2008.04.24 22:03:59.186,1.007,1.0079,2.40,0.80
2008.04.24 22:03:59.446,1.007,1.0079,10.60,0.80
2008.04.24 22:03:59.616,1.007,1.0079,10.60,0.80
2008.04.24 22:03:59.784,1.007,1.0081,2.40,2.00
2008.04.24 22:03:59.983,1.007,1.0081,3.60,0.80
2008.04.24 22:04:00.834,1.007,1.0081,3.60,0.80
2008.04.24 22:04:02.872,1.007,1.0081,3.60,0.80
2008.04.24 22:04:03.031,1.007,1.0079,2.40,0.80
2008.04.24 22:04:03.233,1.007,1.0079,2.40,0.80
2008.04.24 22:04:03.367,1.007,1.0079,2.40,0.80
2008.04.24 22:04:03.666,1.0071,1.0079,1.60,0.80
2008.04.24 22:04:03.925,1.0072,1.008,0.80,9.00
2008.04.24 22:04:04.204,1.0072,1.008,0.80,9.00
2008.04.24 22:04:04.483,1.0072,1.008,0.80,0.80
2008.04.24 22:04:04.782,1.0072,1.008,0.80,0.80
2008.04.24 22:04:04.971,1.0072,1.008,0.80,0.80
2008.04.24 22:04:05.483,1.0072,1.008,0.80,0.80
2008.04.24 22:04:05.693,1.0072,1.008,0.80,0.80
2008.04.24 22:04:05.902,1.0072,1.0081,0.80,0.80
2008.04.24 22:04:06.202,1.0072,1.0081,0.80,0.80
2008.04.24 22:04:06.619,1.00745,1.0081,0.10,0.80
2008.04.24 22:04:06.888,1.00745,1.0082,0.10,0.80
2008.04.24 22:04:07.159,1.00745,1.0082,0.10,0.80
2008.04.24 22:04:07.473,1.00745,1.0082,0.10,0.80
2008.04.24 22:04:07.681,1.00745,1.0082,0.10,0.80
2008.04.24 22:04:07.893,1.0074,1.0082,0.80,0.80
2008.04.24 22:04:08.059,1.0075,1.0082,0.80,8.20
2008.04.24 22:04:08.251,1.0075,1.0082,0.80,8.20
2008.04.24 22:04:10.647,1.0074,1.0082,0.80,8.20
2008.04.24 22:04:10.791,1.0074,1.0081,0.10,0.80
2008.04.24 22:04:10.989,1.0074,1.0081,0.10,0.80
2008.04.24 22:04:11.154,1.0074,1.0081,0.10,0.80
2008.04.24 22:04:11.299,1.0074,1.008,0.10,0.80
2008.04.24 22:04:11.590,1.0074,1.008,0.10,0.80
2008.04.24 22:04:11.924,1.0072,1.008,0.80,0.80
2008.04.24 22:04:12.523,1.0072,1.008,0.80,0.80
2008.04.24 22:04:13.757,1.0072,1.008,0.80,0.80
2008.04.24 22:04:14.309,1.0074,1.008,0.10,0.80
2008.04.24 22:04:14.574,1.0074,1.0081,0.10,0.80
2008.04.24 22:04:14.788,1.0074,1.0081,0.10,0.80
2008.04.24 22:04:15.837,1.0074,1.0081,0.10,0.80
2008.04.24 22:04:16.224,1.0074,1.0081,0.10,0.80
2008.04.24 22:04:18.841,1.0074,1.0081,0.10,0.80
2008.04.24 22:04:19.021,1.0074,1.0082,0.80,8.20
2008.04.24 22:04:19.200,1.0074,1.0082,0.80,8.20
2008.04.24 22:04:19.385,1.0074,1.0082,0.80,9.00
2008.04.24 22:04:19.564,1.0074,1.0082,0.80,9.00
2008.04.24 22:04:19.751,1.0074,1.0082,0.80,9.00
2008.04.24 22:04:20.126,1.0074,1.0082,0.80,8.20
2008.04.24 22:04:20.300,1.0074,1.0082,0.80,8.20
2008.04.24 22:04:20.493,1.0074,1.0082,0.80,8.20
2008.04.24 22:04:20.839,1.0074,1.0082,0.80,8.20
2008.04.24 22:04:22.392,1.0074,1.0082,0.80,8.20
2008.04.24 22:04:22.446,1.0075,1.0083,0.80,9.20
2008.04.24 22:04:22.528,1.0075,1.0083,0.80,9.20
2008.04.24 22:04:22.723,1.0075,1.0083,0.80,9.20
2008.04.24 22:04:23.118,1.0075,1.0083,0.80,9.20
2008.04.24 22:04:23.209,1.0075,1.0083,0.80,9.20
2008.04.24 22:04:25.774,1.0075,1.0082,0.80,8.20
2008.04.24 22:04:30.890,1.0075,1.0082,0.80,8.20
2008.04.24 22:04:33.173,1.0075,1.0082,0.80,8.20
2008.04.24 22:04:34.613,1.0075,1.0082,0.80,8.20
2008.04.24 22:04:35.070,1.0075,1.0082,0.80,8.20
2008.04.24 22:04:35.865,1.0075,1.0082,0.80,8.20
2008.04.24 22:04:37.398,1.0075,1.0082,0.80,8.20
2008.04.24 22:04:37.624,1.0074,1.0082,0.80,9.00
2008.04.24 22:04:37.813,1.0074,1.0082,0.80,0.80
2008.04.24 22:04:38.931,1.0074,1.0082,0.80,0.80
2008.04.24 22:04:40.908,1.0074,1.0082,0.80,0.80
2008.04.24 22:04:45.896,1.0074,1.0082,0.80,0.80
2008.04.24 22:04:48.403,1.0074,1.0082,0.80,0.80
2008.04.24 22:04:48.666,1.0073,1.0081,1.60,0.80
2008.04.24 22:04:48.903,1.0073,1.0081,0.80,0.80
2008.04.24 22:04:49.700,1.0073,1.0081,0.80,0.80
2008.04.24 22:04:50.903,1.0073,1.0081,0.80,0.80
2008.04.24 22:04:55.916,1.0073,1.0081,0.80,0.80
2008.04.24 22:04:56.897,1.0073,1.0081,0.80,0.80
2008.04.24 22:04:57.141,1.0072,1.0081,2.40,1.00
2008.04.24 22:05:00.929,1.0072,1.0081,2.40,1.00
2008.04.24 22:05:01.365,1.0072,1.0081,2.40,1.00
2008.04.24 22:05:01.539,1.0072,1.0081,0.80,1.00
2008.04.24 22:05:05.920,1.0072,1.0081,0.80,1.00
2008.04.24 22:05:08.739,1.0072,1.0081,0.80,1.00
2008.04.24 22:05:10.921,1.0072,1.0081,0.80,1.00
2008.04.24 22:05:11.447,1.0072,1.0081,0.80,1.00
2008.04.24 22:05:15.939,1.0072,1.0081,0.80,1.00
2008.04.24 22:05:16.165,1.0072,1.0081,0.80,0.30
2008.04.24 22:05:16.355,1.0072,1.0082,0.80,9.80
2008.04.24 22:05:16.544,1.0072,1.0082,0.80,8.20
2008.04.24 22:05:16.735,1.0072,1.0082,0.80,8.20
2008.04.24 22:05:18.992,1.0072,1.0082,0.80,8.20
2008.04.24 22:05:20.996,1.0072,1.0082,0.80,8.20
2008.04.24 22:05:21.170,1.0072,1.0082,0.80,8.20
2008.04.24 22:05:21.690,1.0072,1.0082,0.80,8.20
2008.04.24 22:05:21.849,1.0072,1.0082,0.80,8.20
2008.04.24 22:05:25.050,1.0072,1.0082,0.80,8.20
2008.04.24 22:05:25.192,1.0073,1.0082,0.80,8.20
2008.04.24 22:05:25.332,1.0073,1.0082,0.80,8.20
2008.04.24 22:05:25.954,1.0073,1.0082,0.80,8.20
2008.04.24 22:05:28.151,1.0073,1.0082,0.80,8.20
2008.04.24 22:05:28.290,1.0072,1.0082,4.80,8.20
2008.04.24 22:05:28.420,1.0072,1.0082,0.80,8.20
2008.04.24 22:05:28.569,1.0072,1.0083,9.00,8.20
2008.04.24 22:05:28.844,1.0072,1.0083,9.00,8.20
2008.04.24 22:05:30.628,1.0072,1.0083,10.60,8.20
2008.04.24 22:05:30.742,1.0072,1.0083,9.80,8.20
2008.04.24 22:05:30.948,1.0072,1.0082,1.60,8.20
2008.04.24 22:05:31.364,1.0072,1.0082,1.60,8.20
2008.04.24 22:05:31.683,1.0072,1.0085,1.60,2.40
2008.04.24 22:05:35.981,1.0072,1.0085,1.60,2.40
2008.04.24 22:05:40.975,1.0072,1.0085,1.60,2.40
2008.04.24 22:05:45.997,1.0072,1.0085,1.60,2.40
2008.04.24 22:05:46.212,1.0072,1.0085,1.60,2.40
2008.04.24 22:05:46.387,1.0072,1.0082,1.60,8.20
2008.04.24 22:05:51.013,1.0072,1.0082,1.60,8.20
2008.04.24 22:05:51.405,1.0072,1.0082,1.60,8.20
2008.04.24 22:05:51.744,1.0072,1.0082,1.60,8.20
2008.04.24 22:05:52.029,1.0072,1.0083,9.80,8.20
2008.04.24 22:05:52.313,1.0072,1.0082,1.60,8.20
2008.04.24 22:05:52.597,1.0072,1.0083,9.80,8.20
2008.04.24 22:05:52.881,1.0072,1.0083,9.00,8.20
2008.04.24 22:05:55.737,1.0072,1.0083,9.00,8.20
2008.04.24 22:05:55.998,1.0072,1.0083,9.00,8.20
2008.04.24 22:05:56.967,1.0073,1.0083,0.80,8.20
2008.04.24 22:05:57.193,1.0073,1.0083,0.80,8.20
2008.04.24 22:06:00.210,1.0073,1.0083,0.80,8.20
2008.04.24 22:06:01.022,1.0073,1.0083,0.80,8.20
2008.04.24 22:06:01.520,1.0073,1.0083,0.80,8.20
2008.04.24 22:06:01.854,1.0073,1.0081,0.80,0.30
2008.04.24 22:06:02.109,1.0073,1.00815,0.80,0.30
2008.04.24 22:06:02.363,1.0073,1.0081,0.80,0.80
2008.04.24 22:06:02.617,1.0073,1.0081,0.80,1.00
2008.04.24 22:06:04.368,1.0073,1.00805,0.80,0.30
2008.04.24 22:06:04.567,1.0073,1.00805,0.80,0.30
2008.04.24 22:06:04.788,1.0073,1.0081,0.80,1.00
2008.04.24 22:06:05.007,1.0073,1.0081,0.80,1.00
2008.04.24 22:06:05.207,1.0073,1.0081,0.80,0.80
2008.04.24 22:06:05.407,1.0073,1.0082,0.80,9.00
2008.04.24 22:06:05.606,1.0073,1.0082,0.80,0.80
2008.04.24 22:06:05.806,1.0073,1.0082,0.80,0.80
2008.04.24 22:06:06.140,1.0073,1.0083,0.80,8.20
2008.04.24 22:06:07.676,1.0073,1.0083,0.80,8.20
2008.04.24 22:06:07.905,1.0075,1.0084,0.10,10.60
2008.04.24 22:06:08.094,1.0075,1.00845,0.80,0.30
2008.04.24 22:06:08.540,1.0075,1.00845,0.80,0.30
2008.04.24 22:06:09.773,1.0075,1.00845,0.80,0.30
2008.04.24 22:06:11.019,1.0075,1.00845,0.80,0.30
2008.04.24 22:06:14.261,1.0075,1.00845,9.90,0.30
2008.04.24 22:06:14.557,1.0077,1.00845,0.80,0.30
2008.04.24 22:06:16.078,1.0077,1.00845,0.80,0.30
2008.04.24 22:06:21.047,1.0077,1.00845,0.80,0.30
2008.04.24 22:06:21.881,1.0076,1.00845,0.80,0.30
2008.04.24 22:06:22.190,1.0076,1.00845,0.80,0.30
2008.04.24 22:06:22.498,1.0076,1.00845,0.80,0.30
2008.04.24 22:06:23.738,1.0076,1.00845,0.80,0.30
2008.04.24 22:06:25.749,1.0076,1.00845,0.80,0.30
2008.04.24 22:06:26.068,1.0076,1.00845,0.80,0.30
2008.04.24 22:06:26.860,1.0076,1.0084,0.80,0.30
2008.04.24 22:06:27.100,1.0076,1.0084,0.80,1.00
2008.04.24 22:06:27.607,1.0076,1.0084,0.80,1.00
2008.04.24 22:06:29.953,1.0076,1.0084,0.80,1.00
2008.04.24 22:06:30.112,1.0076,1.0084,0.80,1.00
2008.04.24 22:06:31.067,1.0076,1.0084,0.80,1.00
2008.04.24 22:06:31.824,1.0076,1.0084,0.80,1.00
2008.04.24 22:06:32.070,1.0076,1.0084,0.80,0.80
2008.04.24 22:06:32.279,1.0076,1.0084,0.80,0.80
2008.04.24 22:06:32.482,1.0076,1.0084,0.80,0.80
2008.04.24 22:06:32.788,1.0076,1.0084,0.80,0.80
2008.04.24 22:06:35.888,1.0076,1.0084,0.80,0.80
2008.04.24 22:06:36.107,1.0077,1.0085,0.80,10.60
2008.04.24 22:06:38.884,1.0076,1.0084,0.80,0.80
2008.04.24 22:06:39.094,1.0076,1.0084,0.80,0.80
2008.04.24 22:06:41.104,1.0076,1.0084,0.80,0.80
2008.04.24 22:06:46.109,1.0076,1.0084,0.80,0.80
2008.04.24 22:06:51.118,1.0076,1.0084,0.80,0.80
2008.04.24 22:06:54.691,1.0076,1.0084,0.80,0.80
2008.04.24 22:06:56.119,1.0076,1.0084,0.80,0.80
2008.04.24 22:06:58.084,1.0076,1.0084,0.80,0.80
2008.04.24 22:06:58.243,1.0077,1.0085,0.80,10.60
2008.04.24 22:06:58.979,1.0077,1.0085,0.80,9.00
2008.04.24 22:06:59.194,1.0076,1.0084,0.80,0.80
2008.04.24 22:06:59.407,1.0076,1.0084,0.80,0.80
2008.04.24 22:07:00.158,1.0076,1.0084,0.80,0.80
2008.04.24 22:07:01.145,1.0076,1.0084,0.80,0.80
2008.04.24 22:07:01.394,1.0076,1.0084,0.80,0.80
2008.04.24 22:07:01.559,1.0077,1.0085,0.80,10.60
2008.04.24 22:07:02.373,1.0077,1.0085,0.80,10.60
2008.04.24 22:07:02.627,1.0076,1.0084,0.80,0.80
2008.04.24 22:07:02.767,1.0076,1.0084,0.80,0.80
2008.04.24 22:07:03.875,1.0076,1.0084,0.80,0.80
2008.04.24 22:07:04.089,1.0077,1.0085,0.80,10.80
2008.04.24 22:07:04.451,1.0077,1.0085,0.80,10.80
2008.04.24 22:07:05.691,1.0077,1.0085,0.80,10.80
2008.04.24 22:07:06.131,1.0077,1.0085,0.80,10.80
2008.04.24 22:07:06.597,1.0077,1.0084,0.80,2.40
2008.04.24 22:07:11.138,1.0077,1.0084,0.80,2.40
2008.04.24 22:07:11.991,1.0077,1.0084,0.80,2.40
2008.04.24 22:07:12.720,1.0077,1.0084,0.80,2.40
2008.04.24 22:07:16.151,1.0077,1.0084,0.80,2.40
2008.04.24 22:07:21.165,1.0077,1.0084,0.80,2.40
2008.04.24 22:07:26.197,1.0077,1.0084,0.80,2.40
2008.04.24 22:07:26.553,1.0077,1.0084,0.80,2.40
2008.04.24 22:07:26.960,1.0077,1.0084,0.80,2.40
2008.04.24 22:07:29.518,1.0077,1.0084,0.80,2.40
2008.04.24 22:07:31.166,1.0077,1.0084,0.80,2.40
2008.04.24 22:07:36.182,1.0077,1.0084,0.80,2.40
2008.04.24 22:07:36.441,1.0077,1.0084,0.80,2.40
2008.04.24 22:07:36.751,1.0077,1.0084,0.80,2.40
2008.04.24 22:07:41.189,1.0077,1.0084,0.80,2.40
2008.04.24 22:07:46.227,1.0077,1.0084,0.80,2.40
2008.04.24 22:07:51.211,1.0077,1.0084,0.80,2.40
2008.04.24 22:07:51.898,1.0077,1.0084,0.80,2.40
2008.04.24 22:07:52.225,1.0077,1.0084,0.80,10.60
2008.04.24 22:07:52.531,1.0077,1.0084,0.80,10.60
2008.04.24 22:07:54.835,1.0077,1.0084,0.80,10.60
2008.04.24 22:07:55.040,1.0079,1.0084,0.80,10.60
2008.04.24 22:07:55.264,1.0077,1.0084,0.80,2.60
2008.04.24 22:07:55.469,1.0077,1.0083,0.80,2.40
2008.04.24 22:07:55.710,1.0077,1.0083,0.80,2.40
2008.04.24 22:07:56.203,1.0077,1.0083,0.80,2.40
2008.04.24 22:07:56.537,1.0077,1.0083,0.80,2.40
2008.04.24 22:07:56.802,1.0077,1.0082,0.80,2.40
2008.04.24 22:07:57.125,1.0077,1.0082,0.80,2.40
2008.04.24 22:07:57.895,1.0076,1.0082,0.80,2.40
2008.04.24 22:07:58.170,1.0076,1.0082,0.80,2.40
2008.04.24 22:07:58.451,1.0076,1.0082,0.80,2.40
2008.04.24 22:07:58.665,1.0076,1.0082,0.80,2.60
2008.04.24 22:07:58.892,1.0076,1.0082,0.80,2.40
2008.04.24 22:07:59.270,1.0076,1.0082,0.80,2.40
2008.04.24 22:07:59.503,1.0076,1.0082,0.80,2.40
2008.04.24 22:08:00.017,1.0076,1.0082,0.80,2.40
2008.04.24 22:08:00.339,1.0076,1.0082,0.80,2.60
2008.04.24 22:08:00.538,1.0075,1.0082,0.80,10.80
2008.04.24 22:08:01.018,1.0075,1.0082,0.80,10.80
2008.04.24 22:08:01.220,1.0076,1.0082,0.80,10.80
2008.04.24 22:08:01.470,1.0076,1.0082,0.80,2.40
2008.04.24 22:08:01.728,1.0076,1.0082,0.80,2.40
2008.04.24 22:08:02.624,1.0076,1.0082,0.80,2.40
2008.04.24 22:08:03.922,1.0076,1.0082,0.80,2.40
2008.04.24 22:08:04.077,1.0075,1.008,0.80,2.40
2008.04.24 22:08:04.253,1.0075,1.008,0.80,2.40
2008.04.24 22:08:06.276,1.0075,1.008,0.80,2.40
2008.04.24 22:08:07.068,1.0075,1.0082,0.80,10.80
2008.04.24 22:08:07.496,1.0075,1.0082,0.80,10.80
2008.04.24 22:08:08.696,1.0075,1.008,0.80,2.40
2008.04.24 22:08:08.936,1.0076,1.0082,0.80,2.40
2008.04.24 22:08:11.258,1.0076,1.0082,0.80,2.40
2008.04.24 22:08:16.292,1.0076,1.0082,0.80,2.40
2008.04.24 22:08:17.860,1.0076,1.0082,0.80,2.60
2008.04.24 22:08:17.984,1.0075,1.0082,0.80,2.60
2008.04.24 22:08:18.209,1.0075,1.0082,0.80,10.80
2008.04.24 22:08:18.523,1.0075,1.0082,0.80,10.80
2008.04.24 22:08:20.408,1.0075,1.008,0.80,2.40
2008.04.24 22:08:20.553,1.0075,1.008,0.80,2.40
2008.04.24 22:08:20.792,1.0075,1.008,0.80,2.40
2008.04.24 22:08:21.244,1.0075,1.008,0.80,2.40
2008.04.24 22:08:21.955,1.0075,1.008,0.80,2.40
2008.04.24 22:08:26.131,1.0074,1.008,0.80,2.40
2008.04.24 22:08:26.305,1.0074,1.00815,0.80,0.30
2008.04.24 22:08:26.770,1.0074,1.0082,0.80,3.20
2008.04.24 22:08:27.583,1.0074,1.0082,0.80,3.20
2008.04.24 22:08:27.994,1.0074,1.0082,0.80,3.20
2008.04.24 22:08:29.018,1.0074,1.0082,0.80,3.20
2008.04.24 22:08:31.278,1.0074,1.0082,0.80,3.20
2008.04.24 22:08:35.482,1.0074,1.0082,0.80,3.20
2008.04.24 22:08:35.603,1.0076,1.0083,0.80,12.40
2008.04.24 22:08:36.285,1.0076,1.0083,0.80,12.40
2008.04.24 22:08:37.485,1.0076,1.0083,0.80,12.40
2008.04.24 22:08:41.077,1.0076,1.00825,0.80,0.30
2008.04.24 22:08:41.310,1.0076,1.0082,0.80,2.40
2008.04.24 22:08:44.002,1.0076,1.0082,0.80,2.40
2008.04.24 22:08:45.030,1.0076,1.0082,0.80,2.40
2008.04.24 22:08:45.755,1.0076,1.0082,0.80,2.40
2008.04.24 22:08:46.338,1.0076,1.0082,0.80,2.40
2008.04.24 22:08:51.344,1.0076,1.0082,0.80,2.40
2008.04.24 22:08:53.267,1.0076,1.0082,0.80,2.40
2008.04.24 22:08:54.983,1.0076,1.0082,0.80,2.40
2008.04.24 22:08:55.239,1.0075,1.0082,3.20,2.60
2008.04.24 22:08:55.532,1.0075,1.0082,3.20,2.60
2008.04.24 22:08:55.737,1.0075,1.0082,3.20,2.60
2008.04.24 22:08:56.340,1.0075,1.0082,3.20,2.60
2008.04.24 22:08:56.572,1.0076,1.00825,0.80,0.30
2008.04.24 22:08:56.976,1.0076,1.00825,0.80,0.30
2008.04.24 22:08:57.232,1.0076,1.00825,0.80,0.30
2008.04.24 22:09:00.218,1.0076,1.00825,0.80,0.30
2008.04.24 22:09:01.351,1.0076,1.00825,0.80,0.30
2008.04.24 22:09:04.847,1.0076,1.0082,0.80,2.40
2008.04.24 22:09:04.993,1.0076,1.0082,0.80,2.40
2008.04.24 22:09:05.136,1.0076,1.0083,0.80,9.80
2008.04.24 22:09:05.300,1.0075,1.0083,0.80,10.60
2008.04.24 22:09:06.019,1.0075,1.0083,0.80,10.60
2008.04.24 22:09:06.342,1.0075,1.0083,0.80,9.00
2008.04.24 22:09:08.590,1.0075,1.0083,0.80,9.00
2008.04.24 22:09:08.925,1.0075,1.0083,0.80,9.00
2008.04.24 22:09:09.452,1.0075,1.0083,0.80,9.00
2008.04.24 22:09:09.701,1.0075,1.0082,3.20,2.40
2008.04.24 22:09:10.010,1.0075,1.0082,3.20,10.60
2008.04.24 22:09:11.351,1.0075,1.0082,3.20,10.60
2008.04.24 22:09:16.358,1.0075,1.0082,3.20,10.60
2008.04.24 22:09:21.408,1.0075,1.0082,3.20,10.60
2008.04.24 22:09:26.388,1.0075,1.0082,3.20,10.60
2008.04.24 22:09:26.539,1.0075,1.0082,0.10,8.20
2008.04.24 22:09:26.707,1.0074,1.0083,3.20,10.00
2008.04.24 22:09:26.897,1.0074,1.0082,0.10,8.20
2008.04.24 22:09:27.210,1.0074,1.0082,0.10,8.20
2008.04.24 22:09:27.544,1.0074,1.0082,0.10,8.20
2008.04.24 22:09:31.404,1.0074,1.0082,0.10,8.20
2008.04.24 22:09:32.324,1.0074,1.0082,0.10,8.20
2008.04.24 22:09:32.508,1.0073,1.0082,1.60,8.40
2008.04.24 22:09:32.749,1.0073,1.0082,0.10,8.40
2008.04.24 22:09:36.362,1.0073,1.0082,0.10,8.40
2008.04.24 22:09:36.531,1.0074,1.0083,0.80,10.80
2008.04.24 22:09:36.769,1.0074,1.0083,0.80,10.80
2008.04.24 22:09:37.001,1.0074,1.0083,0.80,9.20
2008.04.24 22:09:39.014,1.0074,1.0083,0.80,9.20
2008.04.24 22:09:41.411,1.0074,1.0083,0.80,9.20
2008.04.24 22:09:46.405,1.0074,1.0083,0.80,9.20
2008.04.24 22:09:51.430,1.0074,1.0083,0.80,9.20
2008.04.24 22:09:56.446,1.0074,1.0083,0.80,9.20
2008.04.24 22:09:56.867,1.0074,1.0083,0.80,10.00
2008.04.24 22:09:57.085,1.0074,1.0082,0.80,8.20
2008.04.24 22:09:57.304,1.0074,1.0082,0.80,8.20
2008.04.24 22:09:57.976,1.0074,1.0083,0.80,10.80
2008.04.24 22:09:59.269,1.0074,1.0083,0.80,10.80
2008.04.24 22:09:59.419,1.00745,1.0082,0.10,8.20
2008.04.24 22:09:59.589,1.00745,1.0082,0.10,8.20
2008.04.24 22:09:59.737,1.00745,1.0082,0.10,8.20
2008.04.24 22:10:01.025,1.00745,1.0082,0.10,8.20
2008.04.24 22:10:01.436,1.00745,1.0082,0.10,8.20
2008.04.24 22:10:01.913,1.00745,1.0082,0.10,8.20
2008.04.24 22:10:02.021,1.00745,1.0082,0.10,8.20
2008.04.24 22:10:03.274,1.00745,1.0082,0.10,8.20
2008.04.24 22:10:03.690,1.00745,1.0082,0.10,8.20
2008.04.24 22:10:06.444,1.00745,1.0082,0.10,8.20
2008.04.24 22:10:09.397,1.00745,1.0082,0.10,9.80
2008.04.24 22:10:09.562,1.00735,1.0082,0.10,9.80
2008.04.24 22:10:09.783,1.00735,1.0082,0.10,9.80
2008.04.24 22:10:10.002,1.00735,1.0082,0.10,9.80
2008.04.24 22:10:10.221,1.00735,1.0081,0.10,1.60
2008.04.24 22:10:10.504,1.00735,1.0081,0.10,1.60
2008.04.24 22:10:10.726,1.00735,1.0081,0.10,1.60
2008.04.24 22:10:11.026,1.00735,1.0081,0.10,1.60
2008.04.24 22:10:11.261,1.0073,1.0081,0.80,1.60
2008.04.24 22:10:11.618,1.0073,1.0081,0.80,1.60
2008.04.24 22:10:11.888,1.00735,1.0081,0.10,1.60
2008.04.24 22:10:12.385,1.00735,1.0082,0.10,1.60
2008.04.24 22:10:12.677,1.00735,1.0082,0.10,1.60
2008.04.24 22:10:12.882,1.00735,1.0082,0.10,1.60
2008.04.24 22:10:13.201,1.00735,1.0082,0.10,1.60
2008.04.24 22:10:13.464,1.00735,1.0081,0.10,1.60
2008.04.24 22:10:16.127,1.00735,1.0081,0.10,1.60
2008.04.24 22:10:16.311,1.00735,1.0081,0.10,1.60
2008.04.24 22:10:16.476,1.0073,1.0081,0.80,1.60
2008.04.24 22:10:16.732,1.0073,1.0081,0.80,1.60
2008.04.24 22:10:17.594,1.0073,1.008,0.80,1.60
2008.04.24 22:10:19.602,1.0073,1.008,0.80,1.60
2008.04.24 22:10:19.802,1.0073,1.008,0.80,1.60
2008.04.24 22:10:21.508,1.0073,1.008,0.80,1.60
2008.04.24 22:10:26.469,1.0073,1.008,0.80,1.60
2008.04.24 22:10:27.174,1.0073,1.008,0.80,1.60
2008.04.24 22:10:29.684,1.0073,1.0081,0.80,2.40
2008.04.24 22:10:31.453,1.0073,1.0081,0.80,0.80
2008.04.24 22:10:31.796,1.0073,1.0081,0.80,0.80
2008.04.24 22:10:32.204,1.0073,1.0081,0.80,0.80
2008.04.24 22:10:33.236,1.0073,1.0081,0.80,0.80
2008.04.24 22:10:33.759,1.0073,1.0081,0.80,0.80
2008.04.24 22:10:36.494,1.0073,1.0081,0.80,0.80
2008.04.24 22:10:37.661,1.0073,1.0081,0.80,0.80
2008.04.24 22:10:37.874,1.0074,1.00815,0.80,0.30
2008.04.24 22:10:38.090,1.0074,1.0082,0.80,10.80
2008.04.24 22:10:38.510,1.0074,1.0082,0.80,10.80
2008.04.24 22:10:38.885,1.0074,1.0081,0.80,1.60
2008.04.24 22:10:41.512,1.0074,1.0081,0.80,1.60
2008.04.24 22:10:43.334,1.0074,1.0081,0.80,1.60
2008.04.24 22:10:46.252,1.0074,1.0081,0.80,1.60
2008.04.24 22:10:46.472,1.0074,1.0082,0.80,2.60
2008.04.24 22:10:46.912,1.0074,1.0082,0.80,2.60
2008.04.24 22:10:47.147,1.0074,1.0082,0.80,1.60
2008.04.24 22:10:47.381,1.0074,1.0082,0.80,1.60
2008.04.24 22:10:48.242,1.0074,1.0083,0.80,10.80
2008.04.24 22:10:50.180,1.0074,1.0083,0.80,10.80
2008.04.24 22:10:50.344,1.0074,1.0082,0.80,1.60
2008.04.24 22:10:51.239,1.0074,1.0082,0.80,1.60
2008.04.24 22:10:51.445,1.0074,1.0082,0.80,1.60
2008.04.24 22:10:53.411,1.0074,1.0083,0.80,10.80
2008.04.24 22:10:53.718,1.0074,1.0083,0.80,10.80
2008.04.24 22:10:56.527,1.0074,1.0083,0.80,10.80
2008.04.24 22:10:56.758,1.00745,1.0082,0.10,1.60
2008.04.24 22:10:56.996,1.0074,1.0082,3.20,2.40
2008.04.24 22:10:57.252,1.0074,1.0082,3.20,2.40
2008.04.24 22:10:57.531,1.0074,1.0082,0.80,10.80
2008.04.24 22:10:57.771,1.0074,1.0082,0.80,4.80
2008.04.24 22:10:58.276,1.0074,1.0082,0.80,4.80
2008.04.24 22:10:58.518,1.0074,1.0082,0.80,4.80
2008.04.24 22:10:58.794,1.0074,1.0082,0.80,4.80
2008.04.24 22:10:59.515,1.0074,1.0082,0.80,4.80
2008.04.24 22:11:01.567,1.0074,1.0082,0.80,4.80
2008.04.24 22:11:01.965,1.0074,1.0082,0.80,4.80
2008.04.24 22:11:03.280,1.0074,1.0082,0.80,4.80
2008.04.24 22:11:06.540,1.0074,1.0082,0.80,4.80
2008.04.24 22:11:09.992,1.0074,1.0082,0.80,4.80
2008.04.24 22:11:10.177,1.0074,1.0082,0.80,8.80
2008.04.24 22:11:11.606,1.0074,1.0082,0.80,8.80
2008.04.24 22:11:16.564,1.0074,1.0082,0.80,8.80
2008.04.24 22:11:21.589,1.0074,1.0082,0.80,8.80
2008.04.24 22:11:21.980,1.0074,1.0082,0.80,7.20
2008.04.24 22:11:23.739,1.0074,1.0082,0.80,7.20
2008.04.24 22:11:26.610,1.0074,1.0082,0.80,7.20
2008.04.24 22:11:29.867,1.0074,1.0082,0.80,9.00
2008.04.24 22:11:30.052,1.0075,1.0082,0.80,8.20
2008.04.24 22:11:30.257,1.0075,1.0082,0.80,16.40
2008.04.24 22:11:31.587,1.0075,1.0082,0.80,16.40
2008.04.24 22:11:31.979,1.0075,1.0082,0.80,16.40
2008.04.24 22:11:32.712,1.0075,1.0082,0.80,16.40
2008.04.24 22:11:32.936,1.0075,1.0082,0.80,8.20
2008.04.24 22:11:33.209,1.0075,1.0082,0.80,8.20
2008.04.24 22:11:33.512,1.0075,1.0082,0.80,8.20
2008.04.24 22:11:34.230,1.0075,1.0082,0.80,8.20
2008.04.24 22:11:36.427,1.0075,1.0082,0.80,4.20
2008.04.24 22:11:36.791,1.0075,1.0082,0.80,4.20
2008.04.24 22:11:37.005,1.0074,1.0082,3.20,0.80
2008.04.24 22:11:37.219,1.0074,1.0082,3.20,2.40
2008.04.24 22:11:38.208,1.0074,1.0082,3.20,2.40
2008.04.24 22:11:39.657,1.0074,1.0082,3.20,2.40
2008.04.24 22:11:39.909,1.0075,1.0082,0.80,2.40
2008.04.24 22:11:40.158,1.0075,1.0081,0.80,0.80
2008.04.24 22:11:40.646,1.0075,1.0081,0.80,0.80
2008.04.24 22:11:41.611,1.0075,1.0081,0.80,0.80
2008.04.24 22:11:46.618,1.0075,1.0081,0.80,0.80
2008.04.24 22:11:51.641,1.0075,1.0081,0.80,0.80
2008.04.24 22:11:56.647,1.0075,1.0081,0.80,0.80
2008.04.24 22:12:01.652,1.0075,1.0081,0.80,0.80
2008.04.24 22:12:02.038,1.0075,1.0081,0.80,0.80
2008.04.24 22:12:02.280,1.0075,1.0081,0.80,0.80
2008.04.24 22:12:04.265,1.0075,1.0081,0.80,0.80
2008.04.24 22:12:04.536,1.0075,1.008,0.80,0.80
2008.04.24 22:12:04.804,1.0075,1.008,0.80,0.80
2008.04.24 22:12:06.218,1.0075,1.008,0.80,0.80
2008.04.24 22:12:06.454,1.0075,1.008,0.80,0.80
2008.04.24 22:12:06.831,1.0075,1.008,0.80,0.80
2008.04.24 22:12:07.051,1.0075,1.008,0.80,0.80
2008.04.24 22:12:07.232,1.0077,1.0081,0.80,0.80
2008.04.24 22:12:07.431,1.0077,1.0081,0.80,0.80
2008.04.24 22:12:07.717,1.0077,1.0081,0.80,0.80
2008.04.24 22:12:07.990,1.0077,1.0081,0.80,0.80
2008.04.24 22:12:08.431,1.0077,1.0081,0.80,0.80
2008.04.24 22:12:26.898,1.0077,1.0081,0.80,0.80
2008.04.24 22:12:27.082,1.0077,1.0081,0.80,0.80
2008.04.24 22:12:27.237,1.0076,1.008,0.80,0.80
2008.04.24 22:12:27.512,1.0076,1.008,0.80,0.80
2008.04.24 22:12:27.882,1.0076,1.008,0.80,0.80
2008.04.24 22:12:28.939,1.0076,1.008,0.80,0.80
2008.04.24 22:12:29.426,1.0076,1.008,0.80,0.80
2008.04.24 22:12:29.556,1.0075,1.008,0.80,0.80
2008.04.24 22:12:29.689,1.0075,1.008,0.80,0.80
2008.04.24 22:12:29.817,1.0075,1.008,0.80,0.80
2008.04.24 22:12:29.971,1.0075,1.008,0.80,0.80
2008.04.24 22:12:30.100,1.0075,1.008,0.80,0.80
2008.04.24 22:12:30.802,1.0075,1.008,0.80,0.80
2008.04.24 22:12:32.111,1.0075,1.008,0.80,0.80
2008.04.24 22:12:39.234,1.0075,1.008,0.80,0.80
2008.04.24 22:12:39.539,1.0075,1.008,0.80,0.80
2008.04.24 22:12:42.415,1.0075,1.008,0.80,0.80
2008.04.24 22:12:42.715,1.0075,1.008,0.80,0.80
2008.04.24 22:12:44.532,1.0075,1.008,0.80,0.80
2008.04.24 22:12:44.657,1.0075,1.008,0.80,0.80
2008.04.24 22:12:48.150,1.0075,1.008,0.80,0.80
2008.04.24 22:12:56.281,1.0075,1.008,0.80,0.80
2008.04.24 22:12:56.415,1.0076,1.008,0.80,0.80
2008.04.24 22:12:56.562,1.0076,1.008,0.80,0.80
2008.04.24 22:12:56.698,1.0076,1.008,0.80,0.80
2008.04.24 22:12:56.949,1.0076,1.008,0.80,0.80
2008.04.24 22:12:57.429,1.0076,1.008,0.80,0.80
2008.04.24 22:12:58.371,1.0076,1.008,0.80,0.80
2008.04.24 22:13:00.625,1.0076,1.008,0.80,0.80
2008.04.24 22:13:00.770,1.0075,1.008,0.80,0.80
2008.04.24 22:13:00.945,1.0075,1.008,0.80,0.80
2008.04.24 22:13:01.131,1.0075,1.008,0.80,0.80
2008.04.24 22:13:01.335,1.0075,1.008,0.80,0.80
2008.04.24 22:13:01.661,1.0075,1.008,0.80,0.80
2008.04.24 22:13:01.868,1.0076,1.008,0.80,0.80
2008.04.24 22:13:02.073,1.0075,1.008,3.20,0.80
2008.04.24 22:13:02.264,1.0075,1.008,0.80,0.80
2008.04.24 22:13:02.992,1.0075,1.008,0.80,3.20
2008.04.24 22:13:03.231,1.0075,1.008,0.80,3.20
2008.04.24 22:13:03.491,1.0075,1.0079,0.80,0.80
2008.04.24 22:13:04.238,1.0075,1.0079,0.80,0.80
2008.04.24 22:13:37.239,1.0075,1.0079,0.80,0.80
2008.04.24 22:13:39.532,1.0075,1.0079,0.80,0.80
2008.04.24 22:13:41.485,1.0075,1.0079,0.80,0.80
2008.04.24 22:13:41.624,1.0075,1.0079,0.80,0.80
2008.04.24 22:13:41.992,1.0075,1.0079,0.80,0.80
2008.04.24 22:13:43.228,1.0075,1.0079,0.80,0.80
2008.04.24 22:13:43.473,1.0075,1.0079,0.80,0.80
2008.04.24 22:13:43.667,1.0075,1.0079,0.80,3.20
2008.04.24 22:13:43.880,1.0075,1.0079,0.80,3.20
2008.04.24 22:13:44.075,1.0075,1.0079,0.80,0.80
2008.04.24 22:13:45.609,1.0075,1.0079,0.80,0.80
2008.04.24 22:13:48.402,1.0075,1.0079,0.80,0.80
2008.04.24 22:13:48.701,1.0075,1.0079,0.80,0.80
2008.04.24 22:13:50.098,1.0075,1.0079,0.80,0.80
2008.04.24 22:13:50.210,1.0075,1.008,0.80,3.20
2008.04.24 22:13:50.319,1.0076,1.008,0.80,3.20
2008.04.24 22:13:50.536,1.0076,1.008,0.80,3.20
2008.04.24 22:13:51.131,1.0076,1.008,0.80,3.20
2008.04.24 22:13:53.097,1.0076,1.008,0.80,3.20
2008.04.24 22:13:53.286,1.0076,1.0079,0.80,2.40
2008.04.24 22:13:59.843,1.0076,1.0079,0.80,2.40
2008.04.24 22:14:00.041,1.0075,1.0079,0.80,3.20
2008.04.24 22:14:00.239,1.0075,1.0079,0.80,3.20
2008.04.24 22:14:00.535,1.0075,1.0079,0.80,3.20
2008.04.24 22:14:01.618,1.0075,1.0079,0.80,3.20
2008.04.24 22:14:01.884,1.0073,1.0078,0.80,0.80
2008.04.24 22:14:02.149,1.0073,1.0078,0.80,0.80
2008.04.24 22:14:02.436,1.0075,1.0079,0.80,3.20
2008.04.24 22:14:02.614,1.0075,1.0079,0.80,3.20
2008.04.24 22:14:03.322,1.0075,1.0079,0.80,3.20
2008.04.24 22:14:03.571,1.0074,1.0078,0.80,0.80
2008.04.24 22:14:03.820,1.0075,1.0079,0.80,3.20
2008.04.24 22:14:04.627,1.0075,1.0079,0.80,3.20
2008.04.24 22:14:07.147,1.0075,1.0079,0.80,3.20
2008.04.24 22:14:07.302,1.0075,1.0079,0.80,3.20
2008.04.24 22:14:07.459,1.0075,1.0079,0.80,3.20
2008.04.24 22:14:08.231,1.0075,1.0079,0.80,3.20
2008.04.24 22:14:18.017,1.0075,1.0079,0.80,3.20
2008.04.24 22:14:18.563,1.0075,1.0079,0.80,3.20
2008.04.24 22:14:18.791,1.0075,1.0079,0.80,3.20
2008.04.24 22:14:33.269,1.0075,1.0079,0.80,3.20
2008.04.24 22:14:33.703,1.0075,1.0079,0.80,3.20
2008.04.24 22:14:34.379,1.0075,1.0079,0.80,3.20
2008.04.24 22:14:38.325,1.0075,1.0079,0.80,3.20
2008.04.24 22:14:38.520,1.0075,1.008,0.80,0.80
2008.04.24 22:14:38.726,1.0075,1.008,3.20,0.80
2008.04.24 22:14:38.920,1.0076,1.008,0.80,0.80
2008.04.24 22:14:39.114,1.0076,1.008,0.80,0.80
2008.04.24 22:14:39.311,1.0076,1.008,0.80,0.80
2008.04.24 22:14:39.569,1.0076,1.008,0.80,0.80
2008.04.24 22:14:40.416,1.0076,1.008,0.80,0.80
2008.04.24 22:14:40.787,1.0076,1.008,0.80,0.80
2008.04.24 22:14:41.001,1.0076,1.008,0.80,0.80
2008.04.24 22:14:41.327,1.0076,1.008,0.80,0.80
2008.04.24 22:14:41.552,1.0074,1.0079,3.20,0.80
2008.04.24 22:14:41.735,1.0074,1.0079,0.80,0.80
2008.04.24 22:14:42.022,1.0074,1.0079,0.80,0.80
2008.04.24 22:14:42.229,1.0074,1.0079,0.80,0.80
2008.04.24 22:14:44.647,1.0074,1.0079,0.80,0.80
2008.04.24 22:14:44.800,1.0074,1.0078,0.80,0.80
2008.04.24 22:14:44.988,1.0074,1.0078,0.80,0.80
2008.04.24 22:14:58.016,1.0074,1.0078,0.80,0.80
2008.04.24 22:15:16.749,1.0074,1.0078,0.80,0.80
2008.04.24 22:15:16.935,1.0074,1.0078,0.80,0.80
2008.04.24 22:15:17.130,1.0073,1.0078,0.80,0.80
2008.04.24 22:15:17.482,1.0073,1.0078,0.80,0.80
2008.04.24 22:15:17.716,1.0073,1.0077,0.80,0.80
2008.04.24 22:15:17.951,1.0073,1.0077,0.80,0.80
2008.04.24 22:15:38.091,1.0073,1.0077,0.80,0.80
2008.04.24 22:15:38.253,1.0073,1.0077,0.80,0.80
2008.04.24 22:15:38.550,1.0073,1.0077,0.80,0.80
2008.04.24 22:15:38.688,1.0073,1.0078,0.80,0.80
2008.04.24 22:15:38.828,1.0073,1.0078,0.80,0.80
2008.04.24 22:15:41.563,1.0073,1.0078,0.80,0.80
2008.04.24 22:15:41.803,1.0073,1.0078,0.80,0.80
2008.04.24 22:15:46.036,1.0073,1.0078,0.80,0.80
2008.04.24 22:15:46.190,1.0073,1.0078,0.80,0.80
2008.04.24 22:15:48.319,1.0073,1.0078,0.80,0.80
2008.04.24 22:15:48.464,1.0074,1.0078,0.80,0.80
2008.04.24 22:15:48.608,1.0074,1.0078,0.80,0.80
2008.04.24 22:15:48.752,1.0074,1.0078,0.80,0.80
2008.04.24 22:15:48.895,1.0073,1.0078,0.80,0.80
2008.04.24 22:15:49.040,1.0073,1.0078,0.80,0.80
2008.04.24 22:15:49.263,1.0073,1.0078,0.80,0.80
2008.04.24 22:15:49.544,1.0073,1.0078,0.80,0.80
2008.04.24 22:15:49.875,1.0073,1.0077,0.80,0.80
2008.04.24 22:15:50.101,1.0073,1.0077,0.80,0.80
2008.04.24 22:15:50.314,1.0073,1.0077,0.80,0.80
2008.04.24 22:16:03.564,1.0073,1.0077,0.80,0.80
2008.04.24 22:16:04.708,1.0073,1.0077,0.80,0.80
2008.04.24 22:16:05.748,1.0073,1.0077,0.80,0.80
2008.04.24 22:16:06.259,1.0073,1.0077,0.80,0.80
2008.04.24 22:16:07.075,1.0073,1.0077,0.80,0.80
2008.04.24 22:16:07.255,1.0073,1.0078,0.80,0.80
2008.04.24 22:16:07.617,1.0073,1.0078,0.80,0.80
2008.04.24 22:16:09.263,1.0073,1.0078,0.80,0.80
2008.04.24 22:16:09.547,1.0073,1.0078,0.80,0.80
2008.04.24 22:16:09.768,1.0074,1.0078,0.80,0.80
2008.04.24 22:16:09.994,1.0074,1.0078,0.80,0.80
2008.04.24 22:16:10.214,1.0074,1.0078,0.80,0.80
2008.04.24 22:16:10.552,1.0074,1.0078,0.80,0.80
2008.04.24 22:16:17.362,1.0074,1.0078,0.80,0.80
2008.04.24 22:16:17.518,1.0074,1.0078,0.80,0.80
2008.04.24 22:16:17.681,1.0074,1.0078,0.80,0.80
2008.04.24 22:16:17.921,1.0073,1.008,0.80,2.40
2008.04.24 22:16:18.161,1.0073,1.008,0.80,2.40
2008.04.24 22:16:18.422,1.0073,1.008,0.80,2.40
2008.04.24 22:16:28.634,1.0073,1.008,0.80,2.40
2008.04.24 22:16:28.825,1.0074,1.008,0.80,2.40
2008.04.24 22:16:28.995,1.0074,1.008,0.80,2.40
2008.04.24 22:16:29.274,1.0074,1.008,0.80,2.40
2008.04.24 22:16:36.535,1.0074,1.008,0.80,4.80
2008.04.24 22:16:36.679,1.0074,1.0079,0.80,0.80
2008.04.24 22:16:36.823,1.0074,1.0079,0.80,0.80
2008.04.24 22:16:39.688,1.0074,1.0079,0.80,0.80
2008.04.24 22:16:39.885,1.0074,1.0079,0.80,0.80
2008.04.24 22:16:40.912,1.0074,1.0079,0.80,0.80
2008.04.24 22:16:41.074,1.0075,1.0079,0.80,0.80
2008.04.24 22:16:41.292,1.0075,1.0079,0.80,0.80
2008.04.24 22:16:41.496,1.0075,1.0079,0.80,0.80
2008.04.24 22:16:41.764,1.0075,1.0079,0.80,0.80
2008.04.24 22:16:43.100,1.0075,1.0079,0.80,0.80
2008.04.24 22:16:43.290,1.0075,1.0079,0.80,0.80
2008.04.24 22:16:45.153,1.0075,1.0079,0.80,0.80
2008.04.24 22:16:45.302,1.0074,1.0079,0.80,0.80
2008.04.24 22:16:45.456,1.0074,1.0079,0.80,0.80
2008.04.24 22:16:45.651,1.0074,1.0079,0.80,0.80
2008.04.24 22:16:46.583,1.0074,1.0079,0.80,0.80
2008.04.24 22:16:46.919,1.0074,1.0079,0.80,0.80
2008.04.24 22:16:47.074,1.0073,1.0079,0.80,0.80
2008.04.24 22:16:47.296,1.0073,1.0079,0.80,0.80
2008.04.24 22:16:48.741,1.0073,1.0079,0.80,0.80
2008.04.24 22:16:49.189,1.0073,1.0079,0.80,0.80
2008.04.24 22:16:57.814,1.0073,1.0079,0.80,0.80
2008.04.24 22:16:58.003,1.0074,1.0079,0.80,0.80
2008.04.24 22:16:58.192,1.0074,1.0079,0.80,0.80
2008.04.24 22:16:58.491,1.0074,1.0079,0.80,0.80
2008.04.24 22:16:58.731,1.0074,1.0079,0.80,0.80
2008.04.24 22:16:58.921,1.0075,1.0079,0.80,0.80
2008.04.24 22:16:59.100,1.0075,1.0079,0.80,0.80
2008.04.24 22:17:01.326,1.0075,1.0079,0.80,0.80
2008.04.24 22:17:01.440,1.0075,1.008,0.80,3.20
2008.04.24 22:17:01.563,1.0075,1.008,0.80,0.80
2008.04.24 22:17:02.152,1.0075,1.008,0.80,0.80
2008.04.24 22:17:02.418,1.0075,1.0079,0.80,3.20
2008.04.24 22:17:04.759,1.0075,1.0079,0.80,3.20
2008.04.24 22:17:11.393,1.0075,1.0079,0.80,3.20
2008.04.24 22:17:11.548,1.0076,1.008,0.80,3.20
2008.04.24 22:17:11.727,1.0076,1.008,0.80,3.20
2008.04.24 22:17:12.082,1.0076,1.008,0.80,3.20
2008.04.24 22:17:15.517,1.0076,1.008,0.80,3.20
2008.04.24 22:17:15.717,1.0076,1.008,0.80,3.20
2008.04.24 22:17:21.030,1.0076,1.008,0.80,3.20
2008.04.24 22:17:21.242,1.0076,1.008,0.80,3.20
2008.04.24 22:17:24.095,1.0076,1.008,0.80,3.20
2008.04.24 22:17:24.273,1.0076,1.008,0.80,3.20
2008.04.24 22:17:29.581,1.0076,1.008,0.80,3.20
2008.04.24 22:17:29.787,1.0076,1.008,0.80,3.20
2008.04.24 22:17:36.371,1.0076,1.008,0.80,3.20
2008.04.24 22:17:36.539,1.0075,1.0079,0.80,0.80
2008.04.24 22:17:36.802,1.0075,1.0079,0.80,3.20
2008.04.24 22:17:37.000,1.0075,1.0079,0.80,3.20
2008.04.24 22:17:41.166,1.0075,1.0079,0.80,3.20
2008.04.24 22:17:41.326,1.0076,1.008,0.80,3.20
2008.04.24 22:17:47.479,1.0076,1.008,0.80,3.20
2008.04.24 22:17:49.525,1.0076,1.008,0.80,3.20
2008.04.24 22:17:49.901,1.0076,1.008,0.80,0.80
2008.04.24 22:17:50.050,1.0076,1.008,0.80,0.80
2008.04.24 22:17:50.237,1.0076,1.008,0.80,0.80
2008.04.24 22:17:50.888,1.0076,1.008,0.80,0.80
2008.04.24 22:17:51.104,1.0076,1.008,0.80,3.20
2008.04.24 22:17:53.506,1.0076,1.008,0.80,3.20
2008.04.24 22:17:53.794,1.0076,1.008,0.80,3.20
2008.04.24 22:17:54.022,1.0076,1.008,0.80,3.20
2008.04.24 22:17:54.191,1.0076,1.008,0.80,3.20
2008.04.24 22:18:03.876,1.0076,1.008,0.80,3.20
2008.04.24 22:18:06.573,1.0076,1.008,0.80,3.20
2008.04.24 22:18:06.743,1.0076,1.0082,0.80,9.20
2008.04.24 22:18:06.958,1.0076,1.0082,0.80,9.00
2008.04.24 22:18:07.173,1.0076,1.0082,0.80,0.80
2008.04.24 22:18:07.768,1.0076,1.0082,0.80,0.80
2008.04.24 22:18:08.007,1.0076,1.008,0.80,0.80
2008.04.24 22:18:08.354,1.0076,1.008,0.80,0.80
2008.04.24 22:18:09.986,1.0076,1.008,0.80,0.80
2008.04.24 22:18:12.810,1.0076,1.008,0.80,0.80
2008.04.24 22:18:13.014,1.0076,1.008,0.80,0.80
2008.04.24 22:18:13.193,1.0077,1.0081,0.80,0.80
2008.04.24 22:18:13.372,1.0077,1.0081,0.80,0.80
2008.04.24 22:18:14.368,1.0077,1.0081,0.80,0.80
2008.04.24 22:18:14.544,1.0076,1.008,0.80,0.80
2008.04.24 22:18:14.721,1.0076,1.008,0.80,0.80
2008.04.24 22:18:14.896,1.0076,1.008,0.80,0.80
2008.04.24 22:18:15.073,1.0076,1.008,0.80,3.20
2008.04.24 22:18:16.109,1.0076,1.008,0.80,3.20
2008.04.24 22:18:17.381,1.0076,1.008,0.80,3.20
2008.04.24 22:18:17.543,1.0076,1.008,0.80,0.80
2008.04.24 22:18:17.703,1.0077,1.0081,0.80,0.80
2008.04.24 22:18:17.862,1.0077,1.0081,0.80,0.80
2008.04.24 22:18:18.022,1.0076,1.008,0.80,0.80
2008.04.24 22:18:18.182,1.0076,1.008,0.80,0.80
2008.04.24 22:18:18.493,1.0076,1.008,0.80,0.80
2008.04.24 22:18:18.822,1.0075,1.0079,0.80,0.80
2008.04.24 22:18:19.112,1.0075,1.0079,0.80,0.80
2008.04.24 22:18:19.323,1.0074,1.00815,4.80,0.30
2008.04.24 22:18:19.549,1.0074,1.0082,4.80,0.80
2008.04.24 22:18:20.009,1.0074,1.0082,4.80,0.80
2008.04.24 22:18:20.672,1.0074,1.0082,4.80,1.00
2008.04.24 22:18:20.871,1.0074,1.0081,4.80,0.80
2008.04.24 22:18:21.071,1.0074,1.008,4.00,0.80
2008.04.24 22:18:21.271,1.0074,1.008,4.00,0.80
2008.04.24 22:18:21.521,1.0073,1.008,0.80,0.80
2008.04.24 22:18:21.772,1.0073,1.0082,0.80,13.20
2008.04.24 22:18:22.042,1.0073,1.0081,0.80,0.80
2008.04.24 22:18:22.312,1.0073,1.0082,0.80,11.60
2008.04.24 22:18:22.561,1.0073,1.0081,0.80,0.80
2008.04.24 22:18:22.812,1.0074,1.0082,0.80,9.20
2008.04.24 22:18:23.062,1.00735,1.0082,0.10,9.00
2008.04.24 22:18:23.313,1.0074,1.0082,0.80,9.20
2008.04.24 22:18:23.568,1.0073,1.0082,0.80,9.20
2008.04.24 22:18:23.824,1.0075,1.0082,0.80,0.80
2008.04.24 22:18:24.079,1.0074,1.0081,0.80,4.80
2008.04.24 22:18:24.332,1.0074,1.0081,0.80,4.80
2008.04.24 22:18:24.546,1.0074,1.0081,0.80,0.80
2008.04.24 22:18:24.869,1.0073,1.0081,2.40,4.80
2008.04.24 22:18:25.083,1.0073,1.0081,1.60,4.80
2008.04.24 22:18:25.297,1.0073,1.0081,0.80,4.80
2008.04.24 22:18:25.948,1.0073,1.0081,0.80,4.80
2008.04.24 22:18:26.172,1.0073,1.008,0.80,0.80
2008.04.24 22:18:26.398,1.0073,1.008,0.80,0.80
2008.04.24 22:18:26.658,1.0073,1.0079,0.80,0.80
2008.04.24 22:18:26.916,1.0074,1.0079,0.80,0.80
2008.04.24 22:18:27.172,1.0074,1.0079,0.80,0.80
2008.04.24 22:18:27.427,1.0074,1.0081,0.80,4.80
2008.04.24 22:18:27.708,1.0074,1.0081,0.80,4.00
2008.04.24 22:18:27.990,1.0074,1.0082,0.80,0.80
2008.04.24 22:18:28.271,1.0074,1.0082,0.80,0.80
2008.04.24 22:18:28.634,1.0074,1.0082,0.80,0.80
2008.04.24 22:18:29.490,1.0074,1.0082,0.80,0.80
2008.04.24 22:18:29.788,1.0074,1.0082,0.80,0.80
2008.04.24 22:18:30.063,1.0075,1.0082,0.80,0.80
2008.04.24 22:18:30.317,1.0075,1.0082,0.80,0.80
2008.04.24 22:18:30.572,1.0075,1.0082,0.80,0.80
2008.04.24 22:18:30.827,1.0075,1.0083,0.80,1.00
2008.04.24 22:18:31.080,1.0076,1.0083,2.40,0.80
2008.04.24 22:18:31.336,1.0078,1.0084,2.40,6.40
2008.04.24 22:18:31.626,1.0078,1.0084,2.40,6.40
2008.04.24 22:18:31.895,1.0078,1.0084,2.40,5.60
2008.04.24 22:18:32.259,1.0078,1.0084,2.40,5.60
2008.04.24 22:18:33.264,1.0078,1.0084,2.40,5.60
2008.04.24 22:18:33.474,1.0078,1.0084,2.40,6.40
2008.04.24 22:18:35.463,1.0078,1.0084,2.40,6.40
2008.04.24 22:18:35.686,1.0078,1.0084,2.40,4.80
2008.04.24 22:18:38.291,1.0078,1.0084,2.40,4.80
2008.04.24 22:18:38.436,1.0078,1.0084,2.40,4.80
2008.04.24 22:18:39.825,1.0078,1.0084,2.40,4.80
2008.04.24 22:18:39.979,1.0078,1.0084,3.20,4.80
2008.04.24 22:18:40.845,1.0078,1.0084,3.20,4.80
2008.04.24 22:18:41.022,1.0079,1.0084,0.80,4.80
2008.04.24 22:18:42.189,1.0079,1.0084,0.80,4.80
2008.04.24 22:18:42.495,1.0079,1.0083,0.80,4.00
2008.04.24 22:18:42.701,1.0079,1.0083,0.80,4.00
2008.04.24 22:18:42.901,1.0079,1.0083,0.80,4.80
2008.04.24 22:18:43.100,1.0079,1.0083,0.80,4.80
2008.04.24 22:18:43.315,1.0079,1.0083,0.80,4.80
2008.04.24 22:18:43.530,1.0079,1.0083,0.80,4.80
2008.04.24 22:18:43.840,1.0079,1.0083,0.80,4.80
2008.04.24 22:18:44.859,1.0079,1.0083,0.80,4.80
2008.04.24 22:18:45.009,1.0078,1.0083,0.80,4.80
2008.04.24 22:18:45.158,1.0078,1.0083,0.80,4.80
2008.04.24 22:18:45.556,1.0078,1.0083,0.80,4.80
2008.04.24 22:18:46.863,1.0078,1.0083,0.80,4.80
2008.04.24 22:18:47.075,1.0079,1.0083,0.80,4.80
2008.04.24 22:18:47.292,1.0079,1.0083,0.80,4.80
2008.04.24 22:18:47.673,1.0079,1.0083,0.80,4.80
2008.04.24 22:18:48.222,1.0079,1.0083,0.80,4.80
2008.04.24 22:18:48.555,1.0079,1.0083,0.80,4.80
2008.04.24 22:18:48.738,1.0079,1.0083,0.80,4.80
2008.04.24 22:18:48.923,1.0079,1.0083,0.80,4.80
2008.04.24 22:18:49.257,1.0079,1.0083,0.80,4.80
2008.04.24 22:18:49.721,1.0079,1.0083,0.80,4.80
2008.04.24 22:18:49.997,1.0078,1.0082,0.80,3.20
2008.04.24 22:18:50.270,1.0078,1.0082,0.80,3.20
2008.04.24 22:18:50.544,1.0078,1.0082,0.80,3.20
2008.04.24 22:18:51.157,1.0078,1.0082,0.80,3.20
2008.04.24 22:18:51.448,1.0078,1.0082,0.80,3.20
2008.04.24 22:18:51.711,1.0078,1.0082,0.80,3.20
2008.04.24 22:18:51.997,1.0078,1.0082,0.80,3.20
2008.04.24 22:18:52.515,1.0078,1.0082,0.80,3.20
2008.04.24 22:18:52.990,1.0078,1.0082,0.80,3.20
2008.04.24 22:18:53.883,1.0078,1.0082,0.80,3.20
2008.04.24 22:18:54.113,1.0077,1.0081,0.80,0.80
2008.04.24 22:18:54.418,1.0077,1.0081,0.80,0.80
2008.04.24 22:18:54.647,1.0077,1.0081,0.80,0.80
2008.04.24 22:18:54.897,1.0077,1.0082,0.80,4.80
2008.04.24 22:18:55.081,1.0077,1.0082,0.80,4.80
2008.04.24 22:18:55.658,1.0077,1.0082,0.80,4.80
2008.04.24 22:18:56.278,1.0077,1.0082,0.80,4.80
2008.04.24 22:18:56.629,1.0077,1.0082,0.80,4.80
2008.04.24 22:18:56.844,1.0076,1.0082,0.80,4.80
2008.04.24 22:18:57.084,1.0076,1.0082,0.80,4.80
2008.04.24 22:18:57.240,1.0076,1.0082,0.80,4.00
2008.04.24 22:18:57.530,1.0076,1.0083,0.80,4.80
2008.04.24 22:18:57.753,1.0076,1.0083,0.80,4.80
2008.04.24 22:18:58.358,1.0076,1.0083,0.80,4.80
2008.04.24 22:18:58.585,1.0077,1.0083,0.80,4.80
2008.04.24 22:18:58.828,1.0077,1.0083,0.80,4.80
2008.04.24 22:19:02.092,1.0077,1.0083,0.80,4.80
2008.04.24 22:19:02.274,1.0077,1.0083,0.80,4.80
2008.04.24 22:19:02.454,1.0078,1.0083,0.80,4.80
2008.04.24 22:19:02.779,1.0078,1.0083,0.80,4.80
2008.04.24 22:19:02.959,1.0077,1.0083,0.80,4.80
2008.04.24 22:19:03.138,1.0077,1.0083,0.80,4.80
2008.04.24 22:19:03.576,1.0077,1.0083,0.80,4.80
2008.04.24 22:19:03.761,1.0077,1.0083,0.80,4.80
2008.04.24 22:19:04.148,1.0077,1.0083,0.80,4.80
2008.04.24 22:19:05.009,1.0077,1.0083,0.80,4.80
2008.04.24 22:19:05.303,1.0077,1.0083,0.80,4.80
2008.04.24 22:19:05.710,1.0077,1.0083,0.80,4.80
2008.04.24 22:19:06.015,1.0077,1.0083,0.80,4.80
2008.04.24 22:19:06.224,1.0077,1.0083,0.80,4.80
2008.04.24 22:19:06.433,1.0077,1.0082,0.80,0.80
2008.04.24 22:19:06.663,1.0077,1.0082,0.80,0.80
2008.04.24 22:19:07.262,1.0077,1.0082,0.80,0.80
2008.04.24 22:19:17.424,1.0077,1.0082,0.80,0.80
2008.04.24 22:19:17.568,1.0076,1.0082,0.80,0.80
2008.04.24 22:19:17.748,1.0076,1.0082,0.80,0.80
2008.04.24 22:19:18.102,1.0076,1.0082,0.80,0.80
2008.04.24 22:19:18.976,1.0076,1.0082,0.80,0.80
2008.04.24 22:19:20.049,1.0076,1.0082,0.80,0.80
2008.04.24 22:19:32.015,1.0076,1.0081,0.80,4.00
2008.04.24 22:19:38.605,1.0076,1.0081,0.80,4.00
2008.04.24 22:19:38.755,1.0077,1.0081,0.80,4.00
2008.04.24 22:19:39.091,1.0077,1.0081,0.80,4.00
2008.04.24 22:19:40.637,1.0077,1.0081,0.80,4.00
2008.04.24 22:19:41.351,1.0077,1.0081,0.80,4.00
2008.04.24 22:19:41.557,1.0077,1.0081,0.80,4.00
2008.04.24 22:19:41.767,1.0076,1.0081,0.80,4.00
2008.04.24 22:19:41.971,1.0076,1.0081,0.80,4.00
2008.04.24 22:19:45.131,1.0076,1.0081,0.80,4.00
2008.04.24 22:19:47.017,1.0076,1.0082,0.80,0.80
2008.04.24 22:19:47.284,1.0076,1.0082,0.80,0.80
2008.04.24 22:19:47.523,1.0076,1.0082,0.80,0.80
2008.04.24 22:19:47.794,1.0076,1.0082,0.80,0.80
2008.04.24 22:19:48.748,1.0076,1.0082,0.80,0.80
2008.04.24 22:19:49.528,1.0076,1.0082,0.80,0.80
2008.04.24 22:19:52.438,1.0076,1.008,0.80,0.80
2008.04.24 22:19:52.643,1.0076,1.008,0.80,0.80
2008.04.24 22:19:52.868,1.0077,1.0081,0.80,0.80
2008.04.24 22:19:53.303,1.0077,1.0081,0.80,0.80
2008.04.24 22:19:53.454,1.0077,1.0081,0.80,0.80
2008.04.24 22:19:54.069,1.0077,1.0081,0.80,0.80
2008.04.24 22:19:54.244,1.0077,1.0082,0.80,0.80
2008.04.24 22:19:54.420,1.0076,1.0082,0.80,0.80
2008.04.24 22:19:54.625,1.0076,1.0082,0.80,0.80
2008.04.24 22:19:54.830,1.0076,1.0082,0.80,0.80
2008.04.24 22:19:55.828,1.0076,1.0082,0.80,0.80
2008.04.24 22:19:56.028,1.0077,1.0082,0.80,0.80
2008.04.24 22:19:56.247,1.0077,1.0082,0.80,0.80
2008.04.24 22:19:56.734,1.0077,1.0082,0.80,0.80
2008.04.24 22:19:58.107,1.0077,1.0082,0.80,0.80
2008.04.24 22:19:58.360,1.0077,1.0082,0.80,0.80
2008.04.24 22:19:59.386,1.0076,1.0082,0.80,0.80
2008.04.24 22:19:59.591,1.0076,1.0082,0.80,0.80
2008.04.24 22:19:59.820,1.0076,1.0082,0.80,0.80
2008.04.24 22:20:00.225,1.0076,1.0082,0.80,0.80
2008.04.24 22:20:03.797,1.0076,1.0082,0.80,0.80
2008.04.24 22:20:04.006,1.0076,1.0082,0.80,0.80
2008.04.24 22:20:06.137,1.0076,1.0082,0.80,0.80
2008.04.24 22:20:07.149,1.0076,1.0082,0.80,0.80
2008.04.24 22:20:09.513,1.0076,1.0082,0.80,0.80
2008.04.24 22:20:09.696,1.0077,1.0082,0.80,0.80
2008.04.24 22:20:09.885,1.0077,1.0082,0.80,0.80
2008.04.24 22:20:12.672,1.0077,1.0082,0.80,0.80
2008.04.24 22:20:12.839,1.0078,1.0082,0.80,0.80
2008.04.24 22:20:13.013,1.0078,1.0082,0.80,0.80
2008.04.24 22:20:13.188,1.0078,1.0082,0.80,0.80
2008.04.24 22:20:13.553,1.0078,1.0082,0.80,0.80
2008.04.24 22:20:13.728,1.0077,1.0082,0.80,0.80
2008.04.24 22:20:13.901,1.0077,1.0082,0.80,0.80
2008.04.24 22:20:14.508,1.0077,1.0082,0.80,0.80
2008.04.24 22:20:14.911,1.0078,1.0082,0.80,0.80
2008.04.24 22:20:15.071,1.0078,1.0082,0.80,0.80
2008.04.24 22:20:15.231,1.0078,1.0082,0.80,0.80
2008.04.24 22:20:15.538,1.0078,1.0082,0.80,0.80
2008.04.24 22:20:17.234,1.0078,1.0082,0.80,0.80
2008.04.24 22:20:17.604,1.0078,1.0082,0.80,0.80
2008.04.24 22:20:17.737,1.0078,1.0082,0.80,0.80
2008.04.24 22:20:17.867,1.0077,1.0082,0.80,0.80
2008.04.24 22:20:18.093,1.0077,1.0082,0.80,0.80
2008.04.24 22:20:18.319,1.0076,1.0082,0.80,0.80
2008.04.24 22:20:18.563,1.0076,1.0082,0.80,0.80
2008.04.24 22:20:18.787,1.0076,1.0082,0.80,0.80
2008.04.24 22:20:20.217,1.0076,1.0082,0.80,0.80
2008.04.24 22:20:22.891,1.0076,1.0082,0.80,0.80
2008.04.24 22:20:23.031,1.0076,1.0082,0.80,0.80
2008.04.24 22:20:23.226,1.0075,1.0082,0.80,0.80
2008.04.24 22:20:23.550,1.0075,1.0082,0.80,0.80
2008.04.24 22:20:23.748,1.0075,1.0082,0.80,0.80
2008.04.24 22:20:28.917,1.0075,1.0082,0.80,0.80
2008.04.24 22:20:36.293,1.00755,1.00815,0.10,0.30
2008.04.24 22:20:36.453,1.00765,1.0082,0.10,0.80
2008.04.24 22:20:36.694,1.0077,1.0082,0.80,0.80
2008.04.24 22:20:38.448,1.0077,1.0082,0.80,0.80
2008.04.24 22:20:38.750,1.0077,1.0082,0.80,0.80
2008.04.24 22:20:42.310,1.0077,1.0082,0.80,0.80
2008.04.24 22:20:49.649,1.0077,1.0082,0.80,0.80
2008.04.24 22:20:49.844,1.0078,1.0082,0.80,0.80
2008.04.24 22:20:49.989,1.0078,1.0082,0.80,0.80
2008.04.24 22:20:50.253,1.0078,1.0082,0.80,0.80
2008.04.24 22:20:50.556,1.0078,1.0082,0.80,0.80
2008.04.24 22:20:51.273,1.0078,1.0082,0.80,0.80
2008.04.24 22:20:52.530,1.0078,1.0082,0.80,0.80
2008.04.24 22:20:53.402,1.0078,1.0082,0.80,0.80
2008.04.24 22:20:53.638,1.0078,1.0082,0.80,0.80
2008.04.24 22:20:53.874,1.0077,1.0082,0.80,0.80
2008.04.24 22:20:54.181,1.0077,1.0082,0.80,0.80
2008.04.24 22:20:54.518,1.0077,1.0082,0.80,0.80
2008.04.24 22:20:55.358,1.0077,1.00815,0.80,0.30
2008.04.24 22:20:55.550,1.00755,1.00815,0.10,0.30
2008.04.24 22:20:55.739,1.00755,1.00815,0.10,0.30
2008.04.24 22:20:56.066,1.00755,1.00815,0.10,0.30
2008.04.24 22:21:03.555,1.0076,1.0082,0.10,1.00
2008.04.24 22:21:03.700,1.0076,1.0082,0.80,1.00
2008.04.24 22:21:03.844,1.0076,1.0082,0.80,1.00
2008.04.24 22:21:04.009,1.0076,1.0082,0.80,1.00
2008.04.24 22:21:04.304,1.0076,1.0082,0.80,1.00
2008.04.24 22:21:05.650,1.0076,1.0082,0.80,1.00
2008.04.24 22:21:07.293,1.0076,1.0082,0.80,1.00
2008.04.24 22:21:07.485,1.0076,1.0082,0.80,1.00
2008.04.24 22:21:07.993,1.0076,1.0082,0.80,1.00
2008.04.24 22:21:08.318,1.0076,1.0082,0.80,1.00
2008.04.24 22:21:08.716,1.0076,1.0082,0.80,1.00
2008.04.24 22:21:09.335,1.0076,1.0082,0.80,1.00
2008.04.24 22:21:13.293,1.0076,1.0082,0.80,1.00
2008.04.24 22:21:14.219,1.0076,1.0082,0.80,1.00
2008.04.24 22:21:18.406,1.0076,1.0081,0.80,0.80
2008.04.24 22:21:18.546,1.0076,1.0081,0.80,0.80
2008.04.24 22:21:18.686,1.0076,1.0081,0.80,0.80
2008.04.24 22:21:19.460,1.0076,1.0081,0.80,0.80
2008.04.24 22:21:55.973,1.0076,1.0081,0.80,0.80
2008.04.24 22:21:57.509,1.0076,1.0081,0.80,0.80
2008.04.24 22:22:05.980,1.0076,1.0081,0.80,0.80
2008.04.24 22:22:08.321,1.0076,1.0081,0.80,0.80
2008.04.24 22:22:08.514,1.0076,1.0081,0.80,0.80
2008.04.24 22:22:09.034,1.0076,1.0081,0.80,0.80
2008.04.24 22:22:13.593,1.0076,1.0081,0.80,0.80
2008.04.24 22:22:14.354,1.0076,1.0081,0.80,0.80
2008.04.24 22:22:14.499,1.0076,1.008,0.80,0.80
2008.04.24 22:22:14.644,1.0076,1.008,0.80,0.80
2008.04.24 22:22:17.108,1.0076,1.008,0.80,0.80
2008.04.24 22:22:17.297,1.0075,1.008,0.80,0.80
2008.04.24 22:22:17.498,1.0075,1.008,0.80,0.80
2008.04.24 22:22:17.804,1.0075,1.008,0.80,0.80
2008.04.24 22:22:18.005,1.0075,1.008,0.80,0.80
2008.04.24 22:22:20.224,1.0075,1.008,0.80,0.80
2008.04.24 22:22:21.072,1.0075,1.008,0.80,0.80
2008.04.24 22:22:22.868,1.0075,1.008,0.80,0.80
2008.04.24 22:22:25.519,1.0075,1.008,0.80,0.80
2008.04.24 22:22:29.516,1.0075,1.008,0.80,0.80
2008.04.24 22:22:29.811,1.0075,1.008,0.80,0.80
2008.04.24 22:22:40.494,1.0075,1.008,0.80,0.80
2008.04.24 22:22:40.817,1.0075,1.008,0.80,0.80
2008.04.24 22:22:41.015,1.0075,1.008,0.80,0.80
2008.04.24 22:22:41.221,1.0075,1.008,0.80,0.80
2008.04.24 22:22:46.516,1.0075,1.008,0.80,0.80
2008.04.24 22:22:47.377,1.00745,1.008,0.10,0.80
2008.04.24 22:22:47.578,1.00745,1.008,0.10,0.80
2008.04.24 22:22:47.780,1.00745,1.008,0.10,0.80
2008.04.24 22:22:47.960,1.0074,1.0079,0.80,0.80
2008.04.24 22:22:48.140,1.0074,1.0079,0.80,0.80
2008.04.24 22:22:48.974,1.0074,1.0079,0.80,0.80
2008.04.24 22:22:49.254,1.0073,1.0079,0.80,0.80
2008.04.24 22:22:49.554,1.0073,1.0079,0.80,0.80
2008.04.24 22:22:50.068,1.0073,1.0079,0.80,0.80
2008.04.24 22:22:54.769,1.0073,1.0079,0.80,0.80
2008.04.24 22:22:55.024,1.0073,1.00795,0.80,0.30
2008.04.24 22:22:55.189,1.00735,1.008,0.10,1.00
2008.04.24 22:22:55.610,1.0073,1.00795,0.80,0.30
2008.04.24 22:22:55.774,1.0073,1.0079,0.80,0.80
2008.04.24 22:22:56.060,1.0073,1.0079,0.80,0.80
2008.04.24 22:22:56.305,1.00735,1.008,0.10,1.00
2008.04.24 22:23:04.247,1.00735,1.008,0.10,1.00
2008.04.24 22:23:04.550,1.00735,1.008,0.10,1.00
2008.04.24 22:23:05.051,1.00735,1.008,0.10,1.00
2008.04.24 22:23:07.884,1.00735,1.008,0.10,1.00
2008.04.24 22:23:08.311,1.00735,1.008,0.10,1.00
2008.04.24 22:23:11.058,1.00735,1.008,0.10,1.00
2008.04.24 22:23:20.519,1.00735,1.008,0.10,1.00
2008.04.24 22:23:20.814,1.00735,1.0079,0.10,0.80
2008.04.24 22:23:21.109,1.00735,1.008,0.10,1.00
2008.04.24 22:23:21.430,1.0073,1.00795,0.80,0.30
2008.04.24 22:23:21.628,1.0073,1.0079,0.80,0.80
2008.04.24 22:23:39.660,1.0073,1.0079,0.80,0.80
2008.04.24 22:23:41.778,1.0073,1.0079,0.80,0.80
2008.04.24 22:23:41.993,1.0073,1.0079,0.80,0.80
2008.04.24 22:23:45.655,1.0073,1.0079,0.80,0.80
2008.04.24 22:23:45.982,1.0073,1.0079,0.80,0.80
2008.04.24 22:24:13.131,1.0073,1.0079,0.80,0.80
2008.04.24 22:24:21.421,1.0073,1.0079,0.80,0.80
2008.04.24 22:24:21.725,1.0073,1.0079,0.80,0.80
2008.04.24 22:24:34.768,1.0073,1.0079,0.80,0.80
2008.04.24 22:24:35.206,1.0073,1.0079,0.80,0.80
2008.04.24 22:24:36.745,1.0073,1.0079,0.80,0.80
2008.04.24 22:24:36.952,1.0073,1.0079,0.80,0.80
2008.04.24 22:25:10.278,1.0073,1.0079,0.80,0.80
2008.04.24 22:25:21.751,1.0073,1.0079,0.80,0.80
2008.04.24 22:25:22.055,1.0073,1.0079,0.80,0.80
2008.04.24 22:25:28.753,1.0073,1.0079,0.80,0.80
2008.04.24 22:25:29.093,1.0073,1.0079,0.80,0.80
2008.04.24 22:25:29.299,1.0073,1.0079,0.80,1.00
2008.04.24 22:25:29.508,1.0073,1.0079,0.80,1.00
2008.04.24 22:25:30.460,1.0073,1.0079,0.80,1.00
2008.04.24 22:25:36.329,1.0073,1.0079,0.80,1.00
2008.04.24 22:25:40.591,1.0073,1.0079,0.80,1.00
2008.04.24 22:25:41.310,1.0073,1.0079,0.80,1.00
2008.04.24 22:25:41.532,1.0073,1.0079,0.80,1.00
2008.04.24 22:25:41.742,1.00735,1.0079,0.10,0.80
2008.04.24 22:25:41.952,1.0073,1.0079,0.80,0.80
2008.04.24 22:25:42.536,1.0073,1.0079,0.80,0.80
2008.04.24 22:25:45.269,1.0073,1.0079,0.80,0.80
2008.04.24 22:26:23.677,1.0073,1.0079,0.80,0.80
2008.04.24 22:26:28.561,1.0073,1.0079,0.80,0.80
2008.04.24 22:26:28.807,1.0073,1.0079,0.80,0.80
2008.04.24 22:26:28.991,1.0073,1.0079,0.80,0.80
2008.04.24 22:26:29.306,1.0073,1.0079,0.80,0.80
2008.04.24 22:26:45.272,1.0073,1.0079,0.80,0.80
2008.04.24 22:26:45.994,1.0073,1.0079,0.80,0.80
2008.04.24 22:26:46.802,1.0073,1.0079,0.80,0.80
2008.04.24 22:26:56.302,1.0073,1.0079,0.80,0.80
2008.04.24 22:27:04.025,1.0073,1.0079,0.80,0.80
2008.04.24 22:27:07.131,1.00735,1.0079,0.10,0.80
2008.04.24 22:27:07.391,1.0074,1.0079,0.80,0.80
2008.04.24 22:27:07.536,1.0074,1.0079,0.80,0.80
2008.04.24 22:27:11.265,1.0074,1.0079,0.80,0.80
2008.04.24 22:27:25.846,1.0074,1.0079,0.80,0.80
2008.04.24 22:27:33.763,1.0074,1.0079,0.80,0.80
2008.04.24 22:27:34.264,1.0074,1.0079,0.80,0.80
2008.04.24 22:27:43.343,1.0074,1.0079,0.80,0.80
2008.04.24 22:27:43.513,1.0074,1.0079,0.80,0.80
2008.04.24 22:27:54.759,1.0074,1.0079,0.80,0.80
2008.04.24 22:27:57.843,1.0074,1.0079,0.80,0.80
2008.04.24 22:27:58.028,1.0073,1.0079,0.80,0.80
2008.04.24 22:27:58.213,1.0073,1.0079,0.80,0.80
2008.04.24 22:27:58.399,1.0073,1.0079,0.80,0.80
2008.04.24 22:27:58.583,1.0073,1.0079,0.80,0.80
2008.04.24 22:27:58.893,1.0073,1.0079,0.80,0.80
2008.04.24 22:28:20.613,1.0074,1.0079,2.40,0.80
2008.04.24 22:28:20.731,1.0075,1.0079,0.80,0.80
2008.04.24 22:28:20.845,1.0075,1.0079,0.80,0.80
2008.04.24 22:28:20.960,1.0075,1.008,0.80,0.80
2008.04.24 22:28:21.260,1.0075,1.008,0.80,0.80
2008.04.24 22:28:21.572,1.0075,1.008,0.80,0.80
2008.04.24 22:28:23.137,1.0075,1.008,0.80,0.80
2008.04.24 22:28:23.582,1.0075,1.008,0.80,0.80
2008.04.24 22:28:23.728,1.0075,1.0079,0.80,0.80
2008.04.24 22:28:25.615,1.0075,1.008,0.80,0.80
2008.04.24 22:28:25.733,1.0075,1.008,0.80,0.80
2008.04.24 22:28:49.490,1.0075,1.008,0.80,0.80
2008.04.24 22:28:52.746,1.0075,1.008,0.80,0.80
2008.04.24 22:29:01.563,1.0075,1.008,0.80,0.80
2008.04.24 22:29:01.717,1.0075,1.0079,0.80,0.80
2008.04.24 22:29:01.872,1.0075,1.0079,0.80,0.80
2008.04.24 22:29:05.169,1.0075,1.0079,0.80,0.80
2008.04.24 22:29:06.329,1.0075,1.0079,0.80,0.80
2008.04.24 22:29:08.058,1.0075,1.0079,0.80,0.80
2008.04.24 22:29:10.241,1.0075,1.0079,0.80,0.80
2008.04.24 22:29:17.391,1.0075,1.0079,0.80,0.80
2008.04.24 22:29:19.427,1.0075,1.0079,0.80,0.80
2008.04.24 22:29:22.556,1.0075,1.0079,0.80,0.80
2008.04.24 22:29:24.731,1.0075,1.0079,0.80,0.80
2008.04.24 22:29:24.908,1.0075,1.008,0.80,0.80
2008.04.24 22:29:25.155,1.0075,1.008,0.80,0.80
2008.04.24 22:29:25.331,1.0075,1.0081,0.80,0.80
2008.04.24 22:29:25.566,1.0075,1.0081,0.80,0.80
2008.04.24 22:29:25.939,1.0075,1.0081,0.80,4.80
2008.04.24 22:29:26.175,1.0075,1.0081,0.80,4.80
2008.04.24 22:29:30.543,1.0075,1.0081,0.80,4.80
2008.04.24 22:29:30.748,1.0075,1.0081,0.80,0.80
2008.04.24 22:29:30.952,1.00755,1.0081,0.10,0.80
2008.04.24 22:29:31.178,1.00755,1.00815,0.10,0.30
2008.04.24 22:29:31.556,1.00755,1.00815,0.10,0.30
2008.04.24 22:29:32.140,1.0076,1.0082,0.10,5.00
2008.04.24 22:29:32.379,1.0076,1.0082,0.10,4.20
2008.04.24 22:29:32.653,1.0076,1.0082,0.10,4.20
2008.04.24 22:29:52.744,1.0076,1.0082,0.10,4.20
2008.04.24 22:29:53.561,1.0076,1.0082,0.10,4.20
2008.04.24 22:29:56.502,1.0076,1.0082,0.10,4.20
2008.04.24 22:29:56.710,1.0076,1.0082,0.10,4.20
2008.04.24 22:29:58.646,1.0076,1.0082,0.10,4.20
2008.04.24 22:30:04.910,1.00765,1.0082,0.10,4.00
2008.04.24 22:30:05.079,1.00765,1.0082,0.10,4.00
2008.04.24 22:30:05.254,1.00765,1.0082,0.10,4.00
2008.04.24 22:30:05.515,1.00765,1.0082,0.10,4.00
2008.04.24 22:30:06.158,1.0076,1.0082,0.80,4.20
2008.04.24 22:30:06.409,1.0076,1.0082,0.10,4.20
2008.04.24 22:30:06.894,1.0076,1.0082,0.10,4.20
2008.04.24 22:30:07.362,1.0076,1.0082,0.10,4.20
2008.04.24 22:30:11.152,1.0075,1.008,2.40,0.30
2008.04.24 22:30:11.351,1.0075,1.008,0.80,2.60
2008.04.24 22:30:11.579,1.0075,1.008,0.80,2.60
2008.04.24 22:30:12.339,1.0075,1.008,0.80,2.60
2008.04.24 22:30:12.584,1.0075,1.00815,0.80,0.30
2008.04.24 22:30:12.962,1.0075,1.00815,0.80,0.30
2008.04.24 22:30:13.227,1.0076,1.0082,0.10,4.20
2008.04.24 22:30:13.520,1.0076,1.0082,0.10,4.20
2008.04.24 22:30:13.701,1.0076,1.0082,0.10,4.20
2008.04.24 22:30:17.303,1.0076,1.0082,0.10,4.20
2008.04.24 22:30:17.773,1.0076,1.0082,0.10,4.20
2008.04.24 22:30:18.104,1.0076,1.0082,0.10,4.20
2008.04.24 22:30:18.553,1.0076,1.0082,0.10,4.20
2008.04.24 22:30:20.910,1.0076,1.0082,0.10,4.20
2008.04.24 22:30:21.071,1.00765,1.0082,0.10,4.00
2008.04.24 22:30:27.076,1.00765,1.0082,0.10,4.00
2008.04.24 22:30:27.242,1.0077,1.0082,0.80,4.00
2008.04.24 22:30:27.407,1.0077,1.0082,0.80,4.00
2008.04.24 22:30:27.748,1.0077,1.0082,0.80,4.00
2008.04.24 22:30:28.186,1.0077,1.0082,0.80,4.00
2008.04.24 22:30:28.869,1.0077,1.0082,0.80,4.00
2008.04.24 22:30:29.029,1.0077,1.0082,0.80,4.00
2008.04.24 22:30:30.827,1.0077,1.0082,0.80,4.00
2008.04.24 22:30:31.037,1.0077,1.0082,0.80,4.00
2008.04.24 22:30:31.242,1.0077,1.00825,0.80,0.30
2008.04.24 22:30:31.550,1.0077,1.00825,0.80,0.30
2008.04.24 22:30:33.642,1.0077,1.00825,0.80,0.30
2008.04.24 22:30:33.872,1.0077,1.0082,0.80,4.00
2008.04.24 22:30:44.238,1.0077,1.0082,1.60,4.00
2008.04.24 22:30:44.420,1.0078,1.0082,0.10,4.00
2008.04.24 22:30:44.602,1.0078,1.0082,0.80,4.00
2008.04.24 22:30:45.071,1.0078,1.0082,0.80,4.00
2008.04.24 22:30:45.405,1.0078,1.0082,0.80,4.00
2008.04.24 22:30:45.741,1.0077,1.0082,0.80,4.00
2008.04.24 22:30:46.056,1.00765,1.0082,0.10,4.00
2008.04.24 22:30:46.239,1.00765,1.0082,0.10,4.00
2008.04.24 22:30:48.258,1.00765,1.0082,0.10,4.00
2008.04.24 22:30:49.139,1.0076,1.0082,0.80,4.20
2008.04.24 22:30:49.441,1.0076,1.0081,0.80,0.80
2008.04.24 22:30:49.739,1.0076,1.0081,0.80,0.80
2008.04.24 22:30:51.618,1.0076,1.0081,0.80,0.80
2008.04.24 22:30:51.759,1.0076,1.0081,0.80,0.80
2008.04.24 22:31:06.817,1.0076,1.0081,0.80,0.80
2008.04.24 22:31:36.008,1.0076,1.0081,0.80,0.80
2008.04.24 22:31:36.236,1.0076,1.0081,0.80,0.80
2008.04.24 22:31:42.035,1.0076,1.0081,0.80,0.80
2008.04.24 22:31:49.794,1.0076,1.0081,0.80,0.80
2008.04.24 22:31:50.031,1.0076,1.0081,0.80,0.80
2008.04.24 22:31:50.330,1.0076,1.0081,0.80,0.80
2008.04.24 22:31:51.048,1.0076,1.0081,0.80,0.80
2008.04.24 22:31:51.548,1.0076,1.0081,0.80,0.80
2008.04.24 22:31:51.757,1.0076,1.0081,0.80,0.80
2008.04.24 22:31:59.299,1.0076,1.0081,0.80,0.80
2008.04.24 22:31:59.499,1.0076,1.0081,0.80,0.80
2008.04.24 22:32:06.234,1.0076,1.0081,0.80,0.80
2008.04.24 22:32:06.807,1.0076,1.0081,0.80,0.80
2008.04.24 22:32:17.076,1.0076,1.0081,0.80,0.80
2008.04.24 22:32:17.239,1.0076,1.008,0.80,0.80
2008.04.24 22:32:17.424,1.0076,1.008,0.80,0.80
2008.04.24 22:32:25.721,1.0076,1.008,0.80,0.80
2008.04.24 22:32:33.928,1.0076,1.008,0.80,0.80
2008.04.24 22:32:43.502,1.0076,1.008,0.80,0.80
2008.04.24 22:32:43.675,1.0076,1.008,0.80,0.80
2008.04.24 22:33:01.036,1.0076,1.008,0.80,0.80
2008.04.24 22:33:06.313,1.0076,1.008,0.80,0.80
2008.04.24 22:33:06.820,1.0076,1.008,0.80,0.80
2008.04.24 22:33:30.376,1.0076,1.008,0.80,0.80
2008.04.24 22:33:30.542,1.0076,1.008,0.80,0.80
2008.04.24 22:33:30.691,1.0076,1.008,0.80,0.80
2008.04.24 22:33:39.402,1.0076,1.008,0.80,0.80
2008.04.24 22:33:57.758,1.0076,1.008,0.80,0.80
2008.04.24 22:34:00.824,1.0076,1.008,0.80,0.80
2008.04.24 22:34:01.310,1.0076,1.008,0.80,0.80
2008.04.24 22:34:02.032,1.0076,1.008,0.80,0.80
2008.04.24 22:34:03.262,1.0076,1.008,0.80,0.80
2008.04.24 22:34:03.568,1.0076,1.008,0.80,0.80
2008.04.24 22:34:04.161,1.0076,1.008,0.80,0.80
2008.04.24 22:34:07.527,1.0076,1.008,0.80,0.80
2008.04.24 22:34:19.541,1.0076,1.008,0.80,0.80
2008.04.24 22:34:21.477,1.0076,1.008,0.80,0.80
2008.04.24 22:34:28.815,1.0076,1.008,0.80,0.80
2008.04.24 22:34:29.820,1.0076,1.008,0.80,0.80
2008.04.24 22:34:32.589,1.0076,1.008,0.80,0.80
2008.04.24 22:34:32.823,1.0076,1.008,0.80,3.20
2008.04.24 22:34:33.059,1.0076,1.008,0.80,3.20
2008.04.24 22:34:36.022,1.0076,1.008,0.80,3.20
2008.04.24 22:34:40.244,1.0076,1.008,0.80,3.20
2008.04.24 22:34:41.418,1.0076,1.008,0.80,3.20
2008.04.24 22:34:55.815,1.0076,1.008,0.80,3.20
2008.04.24 22:35:07.298,1.0076,1.008,0.80,3.20
2008.04.24 22:35:08.265,1.0076,1.008,0.80,3.20
2008.04.24 22:35:08.436,1.0076,1.008,0.80,3.20
2008.04.24 22:35:08.970,1.0076,1.008,0.80,3.20
2008.04.24 22:35:24.458,1.0076,1.008,0.80,3.20
2008.04.24 22:35:27.628,1.0076,1.008,0.80,3.20
2008.04.24 22:35:37.004,1.0076,1.008,0.80,3.20
2008.04.24 22:36:08.183,1.0076,1.008,0.80,3.20
2008.04.24 22:36:09.037,1.0076,1.008,0.80,3.20
2008.04.24 22:36:20.511,1.0076,1.008,0.80,3.20
2008.04.24 22:36:22.268,1.0076,1.008,0.80,3.20
2008.04.24 22:36:22.639,1.0076,1.008,0.80,3.20
2008.04.24 22:36:26.009,1.0076,1.008,0.80,3.20
2008.04.24 22:36:30.205,1.0076,1.008,0.80,3.20
2008.04.24 22:36:37.745,1.0076,1.008,0.80,3.20
2008.04.24 22:36:39.269,1.0076,1.008,0.80,3.20
2008.04.24 22:36:46.486,1.0076,1.008,0.80,3.20
2008.04.24 22:36:56.760,1.0076,1.008,0.80,3.20
2008.04.24 22:36:58.013,1.0076,1.008,0.80,0.80
2008.04.24 22:36:58.217,1.0076,1.0081,0.80,0.80
2008.04.24 22:36:58.512,1.0076,1.0081,0.80,0.80
2008.04.24 22:36:58.709,1.0076,1.0081,0.80,0.80
2008.04.24 22:37:02.601,1.0076,1.0081,0.80,0.80
2008.04.24 22:37:02.767,1.0076,1.008,0.80,0.80
2008.04.24 22:37:32.779,1.0076,1.008,0.80,0.80
2008.04.24 22:37:53.374,1.0076,1.008,0.80,0.80
2008.04.24 22:37:58.227,1.0076,1.008,0.80,0.80
2008.04.24 22:37:59.360,1.0076,1.008,0.80,0.80
2008.04.24 22:38:01.009,1.0076,1.008,0.80,0.80
2008.04.24 22:38:48.430,1.0076,1.008,0.80,0.80
2008.04.24 22:38:56.499,1.0076,1.008,0.80,0.80
2008.04.24 22:38:58.982,1.0076,1.008,0.80,0.80
2008.04.24 22:38:59.550,1.0076,1.008,0.80,0.80
2008.04.24 22:38:59.753,1.0076,1.008,0.80,0.80
2008.04.24 22:39:00.503,1.0076,1.008,0.80,0.80
2008.04.24 22:39:03.949,1.0076,1.008,0.80,0.80
2008.04.24 22:39:10.804,1.0076,1.008,0.80,0.80
2008.04.24 22:39:31.161,1.0076,1.008,0.80,0.80
2008.04.24 22:39:31.430,1.0076,1.00815,0.80,0.30
2008.04.24 22:39:31.791,1.0076,1.0082,0.80,0.80
2008.04.24 22:39:32.046,1.0076,1.0082,0.80,0.80
2008.04.24 22:39:32.262,1.0076,1.0082,0.80,0.80
2008.04.24 22:39:32.466,1.0076,1.0082,0.80,0.80
2008.04.24 22:39:34.353,1.00765,1.0082,0.10,0.80
2008.04.24 22:39:34.514,1.0077,1.0082,0.80,0.80
2008.04.24 22:39:34.655,1.0077,1.0082,0.80,0.80
2008.04.24 22:39:34.794,1.0077,1.0082,0.80,0.80
2008.04.24 22:39:35.077,1.0077,1.0082,0.80,0.80
2008.04.24 22:39:35.353,1.0078,1.0082,0.80,0.80
2008.04.24 22:39:39.642,1.0078,1.0082,0.80,0.80
2008.04.24 22:39:40.218,1.0078,1.0082,0.80,0.80
2008.04.24 22:39:46.776,1.0078,1.0082,0.80,0.80
2008.04.24 22:39:47.017,1.0078,1.0083,0.80,6.40
2008.04.24 22:39:47.259,1.0078,1.0083,0.80,6.40
2008.04.24 22:39:47.428,1.0078,1.0083,0.80,6.40
2008.04.24 22:39:47.591,1.0078,1.0083,0.80,6.40
2008.04.24 22:39:47.798,1.0078,1.0083,0.80,6.40
2008.04.24 22:39:49.265,1.0078,1.0083,0.80,6.40
2008.04.24 22:39:49.636,1.0078,1.0083,0.80,4.80
2008.04.24 22:39:51.947,1.0078,1.0083,0.80,4.80
2008.04.24 22:39:52.137,1.00785,1.0083,0.10,4.00
2008.04.24 22:39:52.332,1.00785,1.0083,0.10,4.00
2008.04.24 22:39:52.573,1.0078,1.0082,0.80,0.80
2008.04.24 22:39:54.915,1.0078,1.0082,0.80,0.80
2008.04.24 22:40:01.122,1.0078,1.0082,0.80,0.80
2008.04.24 22:40:01.248,1.00785,1.0083,0.10,4.00
2008.04.24 22:40:01.416,1.00785,1.0083,0.10,4.00
2008.04.24 22:40:01.540,1.0079,1.0083,0.80,4.00
2008.04.24 22:40:01.768,1.0079,1.0083,0.80,4.00
2008.04.24 22:40:02.088,1.0079,1.0083,0.80,4.00
2008.04.24 22:40:04.747,1.0079,1.0083,0.80,4.00
2008.04.24 22:40:04.933,1.0079,1.0084,0.80,2.40
2008.04.24 22:40:06.523,1.0079,1.0084,0.80,2.40
2008.04.24 22:40:06.732,1.0079,1.0084,0.80,2.40
2008.04.24 22:40:06.921,1.0079,1.0083,0.80,4.00
2008.04.24 22:40:09.342,1.0079,1.0083,0.80,4.00
2008.04.24 22:40:09.525,1.0079,1.0083,0.80,4.00
2008.04.24 22:40:12.792,1.0079,1.0083,0.80,4.00
2008.04.24 22:40:13.571,1.0079,1.0083,0.80,4.00
2008.04.24 22:40:13.782,1.0078,1.0082,1.60,0.80
2008.04.24 22:40:14.013,1.0078,1.0082,1.60,0.80
2008.04.24 22:40:14.188,1.0078,1.0082,1.60,0.80
2008.04.24 22:40:14.383,1.0078,1.0082,0.80,0.80
2008.04.24 22:40:19.788,1.0078,1.0082,0.80,0.80
2008.04.24 22:40:21.013,1.0078,1.0082,0.80,0.80
2008.04.24 22:40:21.202,1.0078,1.0082,0.80,0.80
2008.04.24 22:40:22.583,1.0078,1.0082,0.80,0.80
2008.04.24 22:40:22.735,1.0078,1.0082,0.80,0.80
2008.04.24 22:40:22.861,1.0078,1.0084,0.80,8.80
2008.04.24 22:40:22.986,1.0078,1.0084,3.20,6.40
2008.04.24 22:40:23.747,1.0078,1.0084,3.20,6.40
2008.04.24 22:40:24.080,1.0078,1.0084,3.20,6.40
2008.04.24 22:40:24.683,1.0078,1.0084,3.20,6.40
2008.04.24 22:40:50.027,1.0078,1.0084,3.20,4.80
2008.04.24 22:40:51.103,1.0078,1.0084,3.20,4.80
2008.04.24 22:40:52.584,1.0078,1.0084,3.20,4.80
2008.04.24 22:40:54.743,1.0078,1.0084,3.20,4.80
2008.04.24 22:40:55.667,1.0078,1.0084,3.20,4.80
2008.04.24 22:41:02.834,1.0078,1.0084,3.20,5.00
2008.04.24 22:41:03.009,1.0078,1.0083,0.80,0.80
2008.04.24 22:41:03.210,1.0078,1.0083,0.80,0.80
2008.04.24 22:41:09.658,1.0078,1.0083,0.80,0.80
2008.04.24 22:41:55.738,1.0078,1.0083,0.80,0.80
2008.04.24 22:41:58.183,1.0078,1.0083,0.80,0.80
2008.04.24 22:42:00.681,1.0078,1.0083,0.80,0.80
2008.04.24 22:42:00.836,1.0078,1.0083,0.80,0.80
2008.04.24 22:42:09.699,1.0078,1.0083,0.80,0.80
2008.04.24 22:42:10.344,1.0078,1.0083,0.80,0.80
2008.04.24 22:42:10.901,1.0078,1.0083,0.80,0.80
2008.04.24 22:42:13.768,1.0078,1.0083,0.80,0.80
2008.04.24 22:42:23.250,1.0078,1.0083,0.80,0.80
2008.04.24 22:42:39.792,1.0078,1.0083,0.80,0.80
2008.04.24 22:42:40.982,1.0078,1.0083,0.80,0.80
2008.04.24 22:42:42.717,1.0078,1.0083,0.80,0.80
2008.04.24 22:42:42.891,1.0078,1.0083,0.80,0.80
2008.04.24 22:42:43.243,1.0078,1.0083,0.80,0.80
2008.04.24 22:42:43.963,1.0078,1.0083,0.80,0.80
2008.04.24 22:42:44.466,1.0078,1.0083,0.80,0.80
2008.04.24 22:42:45.975,1.0078,1.0083,0.80,0.80
2008.04.24 22:42:49.252,1.0078,1.0083,0.80,0.80
2008.04.24 22:42:49.466,1.0078,1.0083,0.80,0.80
2008.04.24 22:42:52.897,1.0078,1.0083,0.80,0.80
2008.04.24 22:42:53.505,1.0078,1.0083,0.80,0.80
2008.04.24 22:42:55.557,1.0078,1.0083,0.80,0.80
2008.04.24 22:42:55.716,1.0078,1.0082,0.80,0.80
2008.04.24 22:42:55.903,1.0078,1.0082,0.80,0.80
2008.04.24 22:42:56.081,1.0079,1.0083,0.80,0.80
2008.04.24 22:42:56.285,1.0079,1.0083,0.80,0.80
2008.04.24 22:43:07.566,1.0079,1.0083,0.80,0.80
2008.04.24 22:43:07.735,1.0079,1.0083,0.80,0.80
2008.04.24 22:43:09.881,1.0079,1.0083,0.80,0.80
2008.04.24 22:43:14.131,1.0079,1.0083,0.80,0.80
2008.04.24 22:43:14.317,1.0078,1.0082,2.40,0.80
2008.04.24 22:43:14.502,1.0078,1.0082,0.80,0.80
2008.04.24 22:43:14.714,1.0078,1.0082,0.80,0.80
2008.04.24 22:43:14.899,1.0078,1.0082,0.80,0.80
2008.04.24 22:43:17.950,1.0078,1.0082,0.80,0.80
2008.04.24 22:43:20.711,1.0078,1.0082,0.80,0.80
2008.04.24 22:43:21.301,1.0078,1.0082,0.80,0.80
2008.04.24 22:43:21.561,1.0077,1.0083,0.80,0.80
2008.04.24 22:43:21.756,1.0077,1.0082,0.80,0.80
2008.04.24 22:43:21.952,1.0077,1.0082,0.80,0.80
2008.04.24 22:43:22.227,1.0077,1.0082,0.80,0.80
2008.04.24 22:43:22.524,1.0077,1.0082,0.80,0.80
2008.04.24 22:43:23.979,1.0077,1.0082,0.80,0.80
2008.04.24 22:43:24.272,1.0077,1.0082,0.80,0.80
2008.04.24 22:43:26.528,1.0077,1.0082,0.80,0.80
2008.04.24 22:43:27.050,1.0077,1.0082,0.80,0.80
2008.04.24 22:43:27.731,1.0077,1.0082,0.80,0.80
2008.04.24 22:43:28.577,1.0077,1.0082,0.80,0.80
2008.04.24 22:43:28.804,1.0077,1.0081,3.20,0.80
2008.04.24 22:43:50.159,1.0077,1.0081,3.20,0.80
2008.04.24 22:43:50.325,1.0078,1.0082,0.80,0.80
2008.04.24 22:43:50.519,1.0078,1.0082,0.80,0.80
2008.04.24 22:43:50.793,1.0078,1.0082,0.80,0.80
2008.04.24 22:43:55.848,1.0078,1.0082,0.80,0.80
2008.04.24 22:43:56.037,1.0077,1.0081,4.00,0.80
2008.04.24 22:43:56.248,1.0077,1.0081,3.20,0.80
2008.04.24 22:43:56.500,1.0077,1.0081,3.20,0.80
2008.04.24 22:43:56.684,1.0077,1.0081,3.20,0.80
2008.04.24 22:43:58.729,1.0077,1.0081,3.20,0.80
2008.04.24 22:44:00.046,1.0077,1.0081,0.80,0.80
2008.04.24 22:44:00.236,1.0077,1.0081,0.80,0.80
2008.04.24 22:44:00.416,1.0077,1.0081,0.80,0.80
2008.04.24 22:44:01.504,1.0077,1.0081,0.80,0.80
2008.04.24 22:44:05.818,1.0077,1.0081,0.80,0.80
2008.04.24 22:44:06.007,1.0077,1.0082,0.80,0.80
2008.04.24 22:44:06.265,1.0077,1.0082,0.80,0.80
2008.04.24 22:44:10.050,1.0077,1.0082,0.80,0.80
2008.04.24 22:44:12.355,1.0077,1.0082,0.80,1.00
2008.04.24 22:44:12.563,1.0077,1.0081,0.80,0.80
2008.04.24 22:44:12.803,1.0077,1.0081,0.80,0.80
2008.04.24 22:44:47.820,1.0077,1.0081,0.80,0.80
2008.04.24 22:44:47.991,1.0078,1.0082,0.80,3.20
2008.04.24 22:44:48.160,1.0078,1.0082,0.80,3.20
2008.04.24 22:45:10.131,1.0078,1.0082,0.80,3.20
2008.04.24 22:45:18.321,1.0078,1.0082,0.80,3.20
2008.04.24 22:45:18.626,1.0078,1.0082,0.80,3.20
2008.04.24 22:45:18.766,1.0078,1.0082,0.80,0.80
2008.04.24 22:45:18.978,1.0078,1.0082,0.80,0.80
2008.04.24 22:45:25.296,1.0078,1.0082,0.80,0.80
2008.04.24 22:45:29.831,1.0078,1.0082,0.80,0.80
2008.04.24 22:45:30.000,1.0079,1.0083,0.80,0.80
2008.04.24 22:45:30.235,1.0079,1.0083,0.80,0.80
2008.04.24 22:45:30.797,1.0079,1.0083,0.80,0.80
2008.04.24 22:45:37.720,1.0079,1.0083,0.80,0.80
2008.04.24 22:45:38.749,1.0079,1.0083,0.80,0.80
2008.04.24 22:45:40.283,1.0079,1.0083,0.80,0.80
2008.04.24 22:45:42.522,1.0079,1.0083,0.80,0.80
2008.04.24 22:45:45.045,1.0079,1.0083,0.80,0.80
2008.04.24 22:45:48.096,1.0079,1.0083,0.80,0.80
2008.04.24 22:45:48.476,1.008,1.0084,0.80,3.40
2008.04.24 22:45:48.645,1.008,1.0084,0.80,3.20
2008.04.24 22:45:48.885,1.0079,1.0083,0.80,0.80
2008.04.24 22:45:50.618,1.0079,1.0083,0.80,0.80
2008.04.24 22:45:52.962,1.0079,1.0083,0.80,0.80
2008.04.24 22:45:53.138,1.0079,1.0083,0.80,0.80
2008.04.24 22:45:53.519,1.0079,1.0083,0.80,0.80
2008.04.24 22:45:56.059,1.0079,1.0083,0.80,0.80
2008.04.24 22:46:03.795,1.0079,1.0083,0.80,0.80
2008.04.24 22:46:10.219,1.0079,1.0083,0.80,0.80
2008.04.24 22:46:10.422,1.0079,1.0083,0.80,0.80
2008.04.24 22:46:47.869,1.0079,1.0083,0.80,0.80
2008.04.24 22:46:48.099,1.0079,1.0083,0.80,0.80
2008.04.24 22:46:55.752,1.0079,1.0083,0.80,0.80
2008.04.24 22:46:56.478,1.0079,1.0083,0.80,0.80
2008.04.24 22:47:05.250,1.0079,1.0083,0.80,0.80
2008.04.24 22:47:09.297,1.0079,1.0083,0.80,0.80
2008.04.24 22:47:10.753,1.0079,1.0083,0.80,0.80
2008.04.24 22:47:10.962,1.0079,1.0083,0.80,0.80
2008.04.24 22:47:11.191,1.0079,1.0083,0.80,0.80
2008.04.24 22:47:11.496,1.0079,1.0083,0.80,0.80
2008.04.24 22:47:12.830,1.0079,1.0083,0.80,0.80
2008.04.24 22:47:13.183,1.0079,1.0083,0.80,0.80
2008.04.24 22:47:14.694,1.0079,1.0083,0.80,0.80
2008.04.24 22:47:15.035,1.0079,1.0083,0.80,0.80
2008.04.24 22:47:15.236,1.0079,1.0083,0.80,0.80
2008.04.24 22:47:23.313,1.0079,1.0083,0.80,0.80
2008.04.24 22:47:24.003,1.0079,1.0083,0.80,0.80
2008.04.24 22:47:38.793,1.0079,1.0083,0.80,0.80
2008.04.24 22:47:41.768,1.0079,1.0083,0.80,0.80
2008.04.24 22:47:43.497,1.0079,1.0083,0.80,0.80
2008.04.24 22:47:49.199,1.0079,1.0083,0.80,0.80
2008.04.24 22:47:49.449,1.0079,1.0083,0.80,0.80
2008.04.24 22:47:49.628,1.0079,1.0083,0.80,0.80
2008.04.24 22:47:50.391,1.0079,1.0083,0.80,0.80
2008.04.24 22:47:51.861,1.0079,1.0083,0.80,0.80
2008.04.24 22:47:52.894,1.00785,1.0083,0.10,0.80
2008.04.24 22:47:53.113,1.0078,1.0083,2.40,0.80
2008.04.24 22:47:53.332,1.0078,1.0083,0.80,0.80
2008.04.24 22:47:53.797,1.0078,1.0083,0.80,0.80
2008.04.24 22:47:54.000,1.0078,1.0083,0.80,0.80
2008.04.24 22:47:55.429,1.0078,1.0083,0.80,0.80
2008.04.24 22:47:57.544,1.0078,1.0083,0.80,0.80
2008.04.24 22:47:57.765,1.0078,1.0083,0.80,0.80
2008.04.24 22:47:57.969,1.0078,1.0082,0.80,0.80
2008.04.24 22:47:58.189,1.0079,1.0083,0.80,0.80
2008.04.24 22:47:58.394,1.0079,1.0083,0.80,0.80
2008.04.24 22:47:58.619,1.0079,1.0083,0.80,0.80
2008.04.24 22:47:58.806,1.0078,1.0082,1.60,0.80
2008.04.24 22:47:59.019,1.0078,1.0082,1.60,0.80
2008.04.24 22:47:59.253,1.0078,1.0082,1.60,0.80
2008.04.24 22:47:59.488,1.0078,1.0082,0.80,0.80
2008.04.24 22:47:59.682,1.0078,1.0082,0.80,3.20
2008.04.24 22:47:59.898,1.0078,1.0082,0.80,0.80
2008.04.24 22:48:00.163,1.0078,1.0083,0.80,7.40
2008.04.24 22:48:00.454,1.0078,1.0083,0.80,0.80
2008.04.24 22:48:00.692,1.0078,1.0083,0.80,0.80
2008.04.24 22:48:00.957,1.0078,1.0083,0.80,0.80
2008.04.24 22:48:01.291,1.0078,1.0083,0.80,0.80
2008.04.24 22:48:02.363,1.0078,1.00835,0.80,0.30
2008.04.24 22:48:02.508,1.0078,1.0084,0.80,1.00
2008.04.24 22:48:02.651,1.0078,1.0084,0.80,1.00
2008.04.24 22:48:03.026,1.0078,1.0084,2.40,1.00
2008.04.24 22:48:03.376,1.0078,1.0084,2.40,1.00
2008.04.24 22:48:03.615,1.0078,1.0083,0.80,0.80
2008.04.24 22:48:04.189,1.0078,1.0083,0.80,0.80
2008.04.24 22:48:04.548,1.0078,1.0083,0.80,0.80
2008.04.24 22:48:04.742,1.0078,1.0083,0.80,0.80
2008.04.24 22:48:05.040,1.0078,1.0083,0.80,0.80
2008.04.24 22:48:05.418,1.0078,1.0083,0.80,0.80
2008.04.24 22:48:06.479,1.0078,1.0083,0.80,0.80
2008.04.24 22:48:06.781,1.0078,1.0083,0.80,0.80
2008.04.24 22:48:07.500,1.0078,1.0083,0.80,0.80
2008.04.24 22:48:07.832,1.0078,1.0083,0.80,0.80
2008.04.24 22:48:08.209,1.0078,1.0083,0.80,0.80
2008.04.24 22:48:09.382,1.0078,1.0083,0.80,0.80
2008.04.24 22:48:09.531,1.0078,1.0084,0.80,3.40
2008.04.24 22:48:09.680,1.00785,1.0084,0.10,0.80
2008.04.24 22:48:10.435,1.00785,1.0084,0.10,0.80
2008.04.24 22:48:10.633,1.0078,1.0083,2.40,0.80
2008.04.24 22:48:10.838,1.0078,1.0083,2.40,0.80
2008.04.24 22:48:11.074,1.0078,1.0083,2.40,0.80
2008.04.24 22:48:11.289,1.0078,1.0083,2.40,0.80
2008.04.24 22:48:12.479,1.0078,1.0083,2.40,0.80
2008.04.24 22:48:13.505,1.0078,1.0083,2.40,0.80
2008.04.24 22:48:14.007,1.0078,1.0083,0.80,0.80
2008.04.24 22:48:14.250,1.0078,1.0083,0.80,0.80
2008.04.24 22:48:15.454,1.0078,1.0083,0.80,0.80
2008.04.24 22:48:19.343,1.0078,1.0083,0.80,0.80
2008.04.24 22:48:19.557,1.0078,1.0083,0.80,0.80
2008.04.24 22:48:19.726,1.0078,1.0082,0.80,0.80
2008.04.24 22:48:20.474,1.0078,1.0082,0.80,0.80
2008.04.24 22:48:25.460,1.0078,1.0082,0.80,0.80
2008.04.24 22:48:30.445,1.0078,1.0082,0.80,0.80
2008.04.24 22:48:35.473,1.0078,1.0082,0.80,0.80
2008.04.24 22:48:40.507,1.0078,1.0082,0.80,0.80
2008.04.24 22:48:45.478,1.0078,1.0082,0.80,0.80
2008.04.24 22:48:50.491,1.0078,1.0082,0.80,0.80
2008.04.24 22:48:55.515,1.0078,1.0082,0.80,0.80
2008.04.24 22:49:00.539,1.0078,1.0082,0.80,0.80
2008.04.24 22:49:05.544,1.0078,1.0082,0.80,0.80
2008.04.24 22:49:05.773,1.0078,1.0082,0.80,0.80
2008.04.24 22:49:05.975,1.0078,1.0082,0.80,0.80
2008.04.24 22:49:09.013,1.0078,1.0082,0.80,0.80
2008.04.24 22:49:09.237,1.0078,1.0082,0.80,0.80
2008.04.24 22:49:09.544,1.0078,1.0082,0.80,0.80
2008.04.24 22:49:10.524,1.0078,1.0082,0.80,0.80
2008.04.24 22:49:15.532,1.0078,1.0082,0.80,0.80
2008.04.24 22:49:18.845,1.0078,1.0082,0.80,0.80
2008.04.24 22:49:19.731,1.0078,1.0082,0.80,0.80
2008.04.24 22:49:20.567,1.0078,1.0082,0.80,0.80
2008.04.24 22:49:25.565,1.0078,1.0082,0.80,0.80
2008.04.24 22:49:28.521,1.0078,1.0082,0.80,0.80
2008.04.24 22:49:29.123,1.0078,1.0082,0.80,0.80
2008.04.24 22:49:29.298,1.0078,1.0083,0.80,0.80
2008.04.24 22:49:30.569,1.0078,1.0083,0.80,0.80
2008.04.24 22:49:35.577,1.0078,1.0083,0.80,0.80
2008.04.24 22:49:39.537,1.0078,1.0083,0.80,0.80
2008.04.24 22:49:39.765,1.0078,1.0083,0.80,0.80
2008.04.24 22:49:40.601,1.0078,1.0083,0.80,0.80
2008.04.24 22:49:44.824,1.0078,1.0083,0.80,0.80
2008.04.24 22:49:45.589,1.0078,1.0083,0.80,0.80
2008.04.24 22:49:50.607,1.0078,1.0083,0.80,0.80
2008.04.24 22:49:55.604,1.0078,1.0083,0.80,0.80
2008.04.24 22:50:00.646,1.0078,1.0083,0.80,0.80
2008.04.24 22:50:00.754,1.0078,1.0083,0.80,0.80
2008.04.24 22:50:01.084,1.0078,1.0083,0.80,0.80
2008.04.24 22:50:01.378,1.0078,1.0082,0.80,0.80
2008.04.24 22:50:02.334,1.0078,1.0082,0.80,0.80
2008.04.24 22:50:02.563,1.0078,1.0082,0.80,0.80
2008.04.24 22:50:02.718,1.0078,1.0082,0.80,0.80
2008.04.24 22:50:03.296,1.0078,1.0082,0.80,0.80
2008.04.24 22:50:05.624,1.0078,1.0082,0.80,0.80
2008.04.24 22:50:06.738,1.0078,1.0082,0.80,0.80
2008.04.24 22:50:07.068,1.0078,1.0082,0.80,0.80
2008.04.24 22:50:08.995,1.0078,1.0082,0.80,0.80
2008.04.24 22:50:10.617,1.0078,1.0082,0.80,0.80
2008.04.24 22:50:10.835,1.0078,1.0082,0.80,0.80
2008.04.24 22:50:15.636,1.0078,1.0082,0.80,0.80
2008.04.24 22:50:18.751,1.0078,1.0082,0.80,0.80
2008.04.24 22:50:19.271,1.0078,1.0082,0.80,0.80
2008.04.24 22:50:19.467,1.0078,1.0082,0.80,0.80
2008.04.24 22:50:20.686,1.0078,1.0082,0.80,0.80
2008.04.24 22:50:25.676,1.0078,1.0082,0.80,0.80
2008.04.24 22:50:30.666,1.0078,1.0082,0.80,0.80
2008.04.24 22:50:35.260,1.0078,1.0082,0.80,0.80
2008.04.24 22:50:35.397,1.0078,1.0082,0.80,3.20
2008.04.24 22:50:35.626,1.0078,1.0082,0.80,3.20
2008.04.24 22:50:40.688,1.0078,1.0082,0.80,3.20
2008.04.24 22:50:41.665,1.0078,1.0082,0.80,3.20
2008.04.24 22:50:45.713,1.0078,1.0082,0.80,3.20
2008.04.24 22:50:50.695,1.0078,1.0082,0.80,3.20
2008.04.24 22:50:53.736,1.0078,1.0082,0.80,0.80
2008.04.24 22:50:54.151,1.0078,1.0082,0.80,0.80
2008.04.24 22:50:54.577,1.0078,1.0082,0.80,0.80
2008.04.24 22:50:54.831,1.0078,1.0082,0.80,0.80
2008.04.24 22:50:55.010,1.0078,1.0082,0.80,0.80
2008.04.24 22:50:55.324,1.0078,1.0082,0.80,0.80
2008.04.24 22:50:55.489,1.0078,1.0082,0.80,0.80
2008.04.24 22:50:55.760,1.0077,1.0082,0.80,0.80
2008.04.24 22:50:56.253,1.0077,1.0082,0.80,0.80
2008.04.24 22:50:56.954,1.0077,1.0082,0.80,0.80
2008.04.24 22:50:57.465,1.0077,1.0082,0.80,0.80
2008.04.24 22:50:58.920,1.0077,1.0082,0.80,0.80
2008.04.24 22:51:00.727,1.0077,1.0082,0.80,0.80
2008.04.24 22:51:01.650,1.0077,1.0082,0.80,0.80
2008.04.24 22:51:01.823,1.0077,1.0081,0.80,0.80
2008.04.24 22:51:02.096,1.0077,1.0081,0.80,0.80
2008.04.24 22:51:04.299,1.0077,1.0081,0.80,0.80
2008.04.24 22:51:04.510,1.0077,1.0081,0.80,0.80
2008.04.24 22:51:04.722,1.0077,1.0081,0.80,0.80
2008.04.24 22:51:05.034,1.0077,1.0081,0.80,0.80
2008.04.24 22:51:05.350,1.0077,1.0081,0.80,0.80
2008.04.24 22:51:05.724,1.0077,1.0081,0.80,0.80
2008.04.24 22:51:06.104,1.0077,1.0081,0.80,0.80
2008.04.24 22:51:08.395,1.0077,1.0081,0.80,0.80
2008.04.24 22:51:08.644,1.0077,1.0081,0.80,0.80
2008.04.24 22:51:08.968,1.0077,1.0081,0.80,0.80
2008.04.24 22:51:09.192,1.0077,1.0081,0.80,0.80
2008.04.24 22:51:10.763,1.0077,1.0081,0.80,0.80
2008.04.24 22:51:14.426,1.0077,1.0082,0.80,3.20
2008.04.24 22:51:14.566,1.0077,1.0082,0.80,0.80
2008.04.24 22:51:14.705,1.0077,1.0082,0.80,0.80
2008.04.24 22:51:15.762,1.0077,1.0082,0.80,0.80
2008.04.24 22:51:18.858,1.0077,1.0082,0.80,0.80
2008.04.24 22:51:19.041,1.0076,1.0082,0.80,0.80
2008.04.24 22:51:20.757,1.0076,1.0082,0.80,0.80
2008.04.24 22:51:21.490,1.0076,1.0082,0.80,0.80
2008.04.24 22:51:23.046,1.0076,1.0082,0.80,0.80
2008.04.24 22:51:23.230,1.0076,1.0082,0.80,0.80
2008.04.24 22:51:23.339,1.0076,1.0082,0.80,0.80
2008.04.24 22:51:23.741,1.0076,1.0082,0.80,0.80
2008.04.24 22:51:24.051,1.0076,1.0082,0.80,0.80
2008.04.24 22:51:24.950,1.0076,1.0082,0.80,0.80
2008.04.24 22:51:25.757,1.0076,1.0082,0.80,0.80
2008.04.24 22:51:30.762,1.0076,1.0082,0.80,0.80
2008.04.24 22:51:32.874,1.0077,1.0082,0.80,0.80
2008.04.24 22:51:33.024,1.0077,1.0082,0.80,0.80
2008.04.24 22:51:33.179,1.0077,1.0082,0.80,0.80
2008.04.24 22:51:33.717,1.0077,1.0082,0.80,0.80
2008.04.24 22:51:35.803,1.0077,1.0082,0.80,0.80
2008.04.24 22:51:40.805,1.0077,1.0082,0.80,0.80
2008.04.24 22:51:41.253,1.0077,1.0082,0.80,0.80
2008.04.24 22:51:41.653,1.0077,1.0082,0.80,0.80
2008.04.24 22:51:41.909,1.0077,1.0081,0.80,0.80
2008.04.24 22:51:45.808,1.0077,1.0081,0.80,0.80
2008.04.24 22:51:46.058,1.0077,1.0081,0.80,0.80
2008.04.24 22:51:50.819,1.0077,1.0081,0.80,0.80
2008.04.24 22:51:55.560,1.0077,1.0081,0.80,0.80
2008.04.24 22:51:55.810,1.0077,1.0081,0.80,0.80
2008.04.24 22:51:56.034,1.0077,1.0081,0.80,0.80
2008.04.24 22:52:00.849,1.0077,1.0081,0.80,0.80
2008.04.24 22:52:03.276,1.0077,1.0081,0.80,0.80
2008.04.24 22:52:05.864,1.0077,1.0081,0.80,0.80
2008.04.24 22:52:06.740,1.0077,1.0081,0.80,0.80
2008.04.24 22:52:10.845,1.0077,1.0081,0.80,0.80
2008.04.24 22:52:15.868,1.0077,1.0081,0.80,0.80
2008.04.24 22:52:16.801,1.0077,1.0081,0.80,0.80
2008.04.24 22:52:20.900,1.0077,1.0081,0.80,0.80
2008.04.24 22:52:25.873,1.0077,1.0081,0.80,0.80
2008.04.24 22:52:28.193,1.0077,1.0081,0.80,0.80
2008.04.24 22:52:30.878,1.0077,1.0081,0.80,0.80
2008.04.24 22:52:33.929,1.0077,1.0081,0.80,0.80
2008.04.24 22:52:35.889,1.0077,1.0081,0.80,0.80
2008.04.24 22:52:36.762,1.0077,1.0081,0.80,0.80
2008.04.24 22:52:40.912,1.0077,1.0081,0.80,0.80
2008.04.24 22:52:43.178,1.0077,1.0081,0.80,0.80
2008.04.24 22:52:43.317,1.0077,1.0081,0.80,4.80
2008.04.24 22:52:43.489,1.0077,1.0081,0.80,4.80
2008.04.24 22:52:43.754,1.0077,1.0081,0.80,0.80
2008.04.24 22:52:44.018,1.0077,1.0081,0.80,0.80
2008.04.24 22:52:44.282,1.0077,1.0081,0.80,0.80
2008.04.24 22:52:45.927,1.0077,1.0081,0.80,0.80
2008.04.24 22:52:50.912,1.0077,1.0081,0.80,0.80
2008.04.24 22:52:51.890,1.0077,1.0081,0.80,0.80
2008.04.24 22:52:52.125,1.0077,1.0081,0.80,0.80
2008.04.24 22:52:52.709,1.0077,1.0081,0.80,0.80
2008.04.24 22:52:53.059,1.0077,1.0081,0.80,0.80
2008.04.24 22:52:55.942,1.0077,1.0081,0.80,0.80
2008.04.24 22:52:56.650,1.0077,1.0081,0.80,0.80
2008.04.24 22:52:56.910,1.0077,1.0081,0.80,4.80
2008.04.24 22:52:57.119,1.0077,1.0081,0.80,0.80
2008.04.24 22:52:57.328,1.0077,1.0081,0.80,0.80
2008.04.24 22:52:57.539,1.0077,1.0081,0.80,0.80
2008.04.24 22:52:58.339,1.0077,1.0081,0.80,0.80
2008.04.24 22:52:58.516,1.0077,1.0081,0.80,0.80
2008.04.24 22:52:58.766,1.0077,1.0081,0.80,0.80
2008.04.24 22:52:59.271,1.0077,1.0081,0.80,0.80
2008.04.24 22:53:00.947,1.0077,1.0081,0.80,0.80
2008.04.24 22:53:05.964,1.0077,1.0081,0.80,0.80
2008.04.24 22:53:10.965,1.0077,1.0081,0.80,0.80
2008.04.24 22:53:17.411,1.0077,1.0081,0.80,0.80
2008.04.24 22:53:20.978,1.0077,1.0081,0.80,0.80
2008.04.24 22:53:25.997,1.0077,1.0081,0.80,0.80
2008.04.24 22:53:31.004,1.0077,1.0081,0.80,0.80
2008.04.24 22:53:35.992,1.0077,1.0081,0.80,0.80
2008.04.24 22:53:41.020,1.0077,1.0081,0.80,0.80
2008.04.24 22:53:46.009,1.0077,1.0081,0.80,0.80
2008.04.24 22:53:51.037,1.0077,1.0081,0.80,0.80
2008.04.24 22:53:53.641,1.0077,1.0081,0.80,0.80
2008.04.24 22:53:56.036,1.0077,1.0081,0.80,0.80
2008.04.24 22:54:01.042,1.0077,1.0081,0.80,0.80
2008.04.24 22:54:01.934,1.0077,1.0081,0.80,0.80
2008.04.24 22:54:06.066,1.0077,1.0081,0.80,0.80
2008.04.24 22:54:11.072,1.0077,1.0081,0.80,0.80
2008.04.24 22:54:16.054,1.0077,1.0081,0.80,0.80
2008.04.24 22:54:21.049,1.0077,1.0081,0.80,0.80
2008.04.24 22:54:26.095,1.0077,1.0081,0.80,0.80
2008.04.24 22:54:27.332,1.0077,1.0081,0.80,0.80
2008.04.24 22:54:27.442,1.0077,1.0082,0.80,4.80
2008.04.24 22:54:27.608,1.0077,1.0082,0.80,2.40
2008.04.24 22:54:28.613,1.0077,1.0082,0.80,2.40
2008.04.24 22:54:28.873,1.0077,1.0081,0.80,0.80
2008.04.24 22:54:29.152,1.0077,1.0081,0.80,0.80
2008.04.24 22:54:31.087,1.0077,1.0081,0.80,0.80
2008.04.24 22:54:36.119,1.0077,1.0081,0.80,0.80
2008.04.24 22:54:39.086,1.0077,1.0081,0.80,0.80
2008.04.24 22:54:39.300,1.0077,1.0081,0.80,0.80
2008.04.24 22:54:40.223,1.0077,1.0081,0.80,0.80
2008.04.24 22:54:40.372,1.0077,1.0081,0.80,0.80
2008.04.24 22:54:41.115,1.0077,1.0081,0.80,0.80
2008.04.24 22:54:46.104,1.0077,1.0081,0.80,0.80
2008.04.24 22:54:51.152,1.0077,1.0081,0.80,0.80
2008.04.24 22:54:56.169,1.0077,1.0081,0.80,0.80
2008.04.24 22:55:01.170,1.0077,1.0081,0.80,0.80
2008.04.24 22:55:02.456,1.0077,1.0081,0.80,0.80
2008.04.24 22:55:02.592,1.0077,1.0081,0.80,1.00
2008.04.24 22:55:02.819,1.0077,1.0081,0.80,1.00
2008.04.24 22:55:03.024,1.0077,1.0081,0.80,1.00
2008.04.24 22:55:03.179,1.0077,1.0081,0.80,1.00
2008.04.24 22:55:03.524,1.0077,1.0081,0.80,1.00
2008.04.24 22:55:03.860,1.0076,1.008,0.80,3.20
2008.04.24 22:55:04.301,1.0076,1.008,0.80,3.20
2008.04.24 22:55:05.281,1.0076,1.008,0.80,3.20
2008.04.24 22:55:06.142,1.0076,1.008,0.80,3.20
2008.04.24 22:55:11.166,1.0076,1.008,0.80,3.20
2008.04.24 22:55:11.623,1.0076,1.008,0.80,3.20
2008.04.24 22:55:11.978,1.0076,1.008,0.80,3.40
2008.04.24 22:55:12.284,1.0076,1.008,0.80,3.40
2008.04.24 22:55:12.995,1.0076,1.008,0.80,3.40
2008.04.24 22:55:13.199,1.0076,1.008,0.80,3.40
2008.04.24 22:55:16.159,1.0076,1.008,0.80,3.40
2008.04.24 22:55:18.474,1.0076,1.008,0.80,3.40
2008.04.24 22:55:18.604,1.0076,1.0079,0.80,2.40
2008.04.24 22:55:18.723,1.0075,1.0079,0.80,3.20
2008.04.24 22:55:19.003,1.0075,1.0079,0.80,3.20
2008.04.24 22:55:21.178,1.0075,1.0079,0.80,3.20
2008.04.24 22:55:26.175,1.0075,1.0079,0.80,3.20
2008.04.24 22:55:31.165,1.0074,1.0078,0.80,0.80
2008.04.24 22:55:31.366,1.0074,1.0078,0.80,0.80
2008.04.24 22:55:31.546,1.0074,1.0078,0.80,0.80
2008.04.24 22:55:36.200,1.0074,1.0078,0.80,0.80
2008.04.24 22:55:40.477,1.0074,1.0078,0.80,0.80
2008.04.24 22:55:40.681,1.0074,1.0078,0.80,0.80
2008.04.24 22:55:41.105,1.0074,1.0078,0.80,0.80
2008.04.24 22:55:41.610,1.0074,1.0078,0.80,0.80
2008.04.24 22:55:42.061,1.0074,1.0078,0.80,0.80
2008.04.24 22:55:42.409,1.0074,1.0078,0.80,0.80
2008.04.24 22:55:42.590,1.0073,1.0078,0.80,0.80
2008.04.24 22:55:42.786,1.0073,1.0078,0.80,0.80
2008.04.24 22:55:45.593,1.0073,1.0078,0.80,0.80
2008.04.24 22:55:45.837,1.0073,1.0078,0.80,0.80
2008.04.24 22:55:46.231,1.0073,1.0078,0.80,0.80
2008.04.24 22:55:46.492,1.0073,1.0078,0.80,0.80
2008.04.24 22:55:46.710,1.0074,1.0078,0.80,0.80
2008.04.24 22:55:46.929,1.0074,1.0078,0.80,0.80
2008.04.24 22:55:47.389,1.0074,1.0078,0.80,0.80
2008.04.24 22:55:47.615,1.0074,1.0078,0.80,0.80
2008.04.24 22:55:47.852,1.0075,1.0079,0.80,1.00
2008.04.24 22:55:48.159,1.0075,1.0079,0.80,1.00
2008.04.24 22:55:49.076,1.0075,1.0079,0.80,3.40
2008.04.24 22:55:49.259,1.0075,1.0079,0.80,3.20
2008.04.24 22:55:49.508,1.0075,1.0079,0.80,3.20
2008.04.24 22:55:49.731,1.0075,1.0079,0.80,3.20
2008.04.24 22:55:50.881,1.0075,1.0079,0.80,3.40
2008.04.24 22:55:51.213,1.0075,1.0079,0.80,3.40
2008.04.24 22:55:51.639,1.0075,1.0079,0.80,3.40
2008.04.24 22:55:52.315,1.0075,1.0079,0.80,3.40
2008.04.24 22:55:52.620,1.0075,1.0079,0.80,3.20
2008.04.24 22:55:54.588,1.0075,1.0079,0.80,3.40
2008.04.24 22:55:54.851,1.0075,1.0079,0.80,3.40
2008.04.24 22:55:56.273,1.0075,1.0079,0.80,3.40
2008.04.24 22:55:59.903,1.0075,1.0079,0.80,3.40
2008.04.24 22:56:00.039,1.0074,1.0078,0.80,0.80
2008.04.24 22:56:00.180,1.0074,1.0078,0.80,1.00
2008.04.24 22:56:00.315,1.0074,1.0078,0.80,1.00
2008.04.24 22:56:00.548,1.0074,1.0078,0.80,1.00
2008.04.24 22:56:00.682,1.0074,1.0078,0.80,3.40
2008.04.24 22:56:01.240,1.0074,1.0078,0.80,3.40
2008.04.24 22:56:01.897,1.0074,1.0078,0.80,3.40
2008.04.24 22:56:02.208,1.0074,1.0078,0.80,1.00
2008.04.24 22:56:03.661,1.0074,1.0078,0.80,1.00
2008.04.24 22:56:04.483,1.0074,1.0078,0.80,1.00
2008.04.24 22:56:04.677,1.0074,1.0078,0.80,3.40
2008.04.24 22:56:05.312,1.0074,1.0078,0.80,3.40
2008.04.24 22:56:05.592,1.0074,1.0078,0.80,0.80
2008.04.24 22:56:05.871,1.0074,1.0078,0.80,0.80
2008.04.24 22:56:06.286,1.0074,1.0078,0.80,0.80
2008.04.24 22:56:07.776,1.0074,1.0078,0.80,0.80
2008.04.24 22:56:08.912,1.0074,1.0078,0.80,1.00
2008.04.24 22:56:09.108,1.0074,1.0078,0.80,1.00
2008.04.24 22:56:09.313,1.0074,1.0078,0.80,1.00
2008.04.24 22:56:10.071,1.0074,1.0078,0.80,1.00
2008.04.24 22:56:11.263,1.0074,1.0078,0.80,1.00
2008.04.24 22:56:12.483,1.0074,1.0078,0.80,1.00
2008.04.24 22:56:12.764,1.0074,1.0078,0.80,1.00
2008.04.24 22:56:13.478,1.0074,1.0078,0.80,1.00
2008.04.24 22:56:16.269,1.0074,1.0078,0.80,1.00
2008.04.24 22:56:21.292,1.0074,1.0078,0.80,1.00
2008.04.24 22:56:22.396,1.0074,1.0078,0.80,0.80
2008.04.24 22:56:22.622,1.0074,1.0078,0.80,0.80
2008.04.24 22:56:23.076,1.0074,1.0078,0.80,0.80
2008.04.24 22:56:25.265,1.0074,1.0078,0.80,0.80
2008.04.24 22:56:26.297,1.0074,1.0078,0.80,0.80
2008.04.24 22:56:27.252,1.0074,1.0078,0.80,0.80
2008.04.24 22:56:27.582,1.0074,1.0077,0.80,2.40
2008.04.24 22:56:27.813,1.0073,1.0077,0.80,3.20
2008.04.24 22:56:28.057,1.0073,1.0077,0.80,0.80
2008.04.24 22:56:28.972,1.0073,1.0077,0.80,0.80
2008.04.24 22:56:31.302,1.0073,1.0077,0.80,0.80
2008.04.24 22:56:36.298,1.0073,1.0077,0.80,0.80
2008.04.24 22:56:41.353,1.0073,1.0077,0.80,0.80
2008.04.24 22:56:46.321,1.0073,1.0077,0.80,0.80
2008.04.24 22:56:51.329,1.0073,1.0077,0.80,0.80
2008.04.24 22:56:56.340,1.0073,1.0077,0.80,0.80
2008.04.24 22:57:01.357,1.0073,1.0077,0.80,0.80
2008.04.24 22:57:06.355,1.0073,1.0077,0.80,0.80
2008.04.24 22:57:07.163,1.0072,1.0077,2.40,0.80
2008.04.24 22:57:07.403,1.0072,1.0077,0.80,3.20
2008.04.24 22:57:08.202,1.0072,1.0077,0.80,3.20
2008.04.24 22:57:08.435,1.0072,1.0077,0.80,3.20
2008.04.24 22:57:08.617,1.0072,1.0076,0.80,0.80
2008.04.24 22:57:08.797,1.0072,1.0076,0.80,0.80
2008.04.24 22:57:11.372,1.0072,1.0076,0.80,0.80
2008.04.24 22:57:11.635,1.0072,1.0076,0.80,0.80
2008.04.24 22:57:11.824,1.0071,1.0076,4.00,0.80
2008.04.24 22:57:12.013,1.0071,1.0076,4.00,1.00
2008.04.24 22:57:12.258,1.0071,1.0076,4.00,1.00
2008.04.24 22:57:12.553,1.0071,1.0076,4.00,1.00
2008.04.24 22:57:12.886,1.0071,1.0076,4.00,1.00
2008.04.24 22:57:13.684,1.0071,1.0076,4.00,1.00
2008.04.24 22:57:13.828,1.0071,1.0076,4.80,1.00
2008.04.24 22:57:13.974,1.0071,1.0076,4.80,0.80
2008.04.24 22:57:14.284,1.0071,1.0076,4.80,0.80
2008.04.24 22:57:14.575,1.0071,1.0076,4.80,0.80
2008.04.24 22:57:14.910,1.0072,1.0076,0.80,0.80
2008.04.24 22:57:15.830,1.0072,1.0076,0.80,0.80
2008.04.24 22:57:16.000,1.0071,1.0076,7.20,0.80
2008.04.24 22:57:16.228,1.0071,1.0076,0.80,0.80
2008.04.24 22:57:16.423,1.0072,1.0076,0.80,0.80
2008.04.24 22:57:16.719,1.0072,1.0076,0.80,0.80
2008.04.24 22:57:17.140,1.0071,1.0077,3.20,0.30
2008.04.24 22:57:17.435,1.0071,1.00775,2.40,0.30
2008.04.24 22:57:17.615,1.0071,1.0075,0.80,0.80
2008.04.24 22:57:17.796,1.0071,1.00755,0.80,0.30
2008.04.24 22:57:17.999,1.0071,1.0077,0.80,10.80
2008.04.24 22:57:18.179,1.00715,1.0077,0.10,0.80
2008.04.24 22:57:18.357,1.00715,1.0078,0.10,1.00
2008.04.24 22:57:18.650,1.00715,1.0078,0.10,1.00
2008.04.24 22:57:18.913,1.00715,1.0078,0.10,1.00
2008.04.24 22:57:19.178,1.0072,1.0076,1.60,2.60
2008.04.24 22:57:19.442,1.0071,1.0075,0.80,0.80
2008.04.24 22:57:19.961,1.0071,1.0075,0.80,0.80
2008.04.24 22:57:20.566,1.0071,1.0075,0.80,0.80
2008.04.24 22:57:20.770,1.0071,1.0075,0.80,0.80
2008.04.24 22:57:20.992,1.0071,1.0075,0.80,0.80
2008.04.24 22:57:21.359,1.0071,1.0075,0.80,0.80
2008.04.24 22:57:21.562,1.0071,1.0075,0.80,0.80
2008.04.24 22:57:22.027,1.0071,1.0075,0.80,0.80
2008.04.24 22:57:22.541,1.0071,1.0075,0.80,0.80
2008.04.24 22:57:23.104,1.0071,1.0075,0.80,0.80
2008.04.24 22:57:24.537,1.0071,1.0075,0.80,0.80
2008.04.24 22:57:26.390,1.0071,1.0075,0.80,0.80
2008.04.24 22:57:27.711,1.0071,1.0075,0.80,0.80
2008.04.24 22:57:27.880,1.0071,1.0075,0.80,0.80
2008.04.24 22:57:28.050,1.0071,1.0076,0.80,0.80
2008.04.24 22:57:28.243,1.0071,1.0076,0.80,0.80
2008.04.24 22:57:28.414,1.0071,1.0076,0.80,0.80
2008.04.24 22:57:28.584,1.0071,1.00775,2.40,0.30
2008.04.24 22:57:28.772,1.0071,1.00775,2.40,0.30
2008.04.24 22:57:29.066,1.00715,1.0078,0.10,1.00
2008.04.24 22:57:29.381,1.00715,1.0078,0.10,1.00
2008.04.24 22:57:29.695,1.0072,1.0078,1.60,1.00
2008.04.24 22:57:30.017,1.0072,1.0078,1.60,1.00
2008.04.24 22:57:30.356,1.0071,1.00755,2.40,0.30
2008.04.24 22:57:30.532,1.0071,1.0075,0.80,0.80
2008.04.24 22:57:30.801,1.0071,1.0075,0.80,0.80
2008.04.24 22:57:31.397,1.0071,1.0075,0.80,0.80
2008.04.24 22:57:31.608,1.0071,1.0075,0.80,0.80
2008.04.24 22:57:32.393,1.0071,1.0075,0.80,0.80
2008.04.24 22:57:32.693,1.0073,1.0076,0.80,2.40
2008.04.24 22:57:32.855,1.0073,1.0076,0.80,2.40
2008.04.24 22:57:33.006,1.0073,1.0078,0.80,9.20
2008.04.24 22:57:33.156,1.0073,1.0078,0.80,9.00
2008.04.24 22:57:33.323,1.0073,1.0078,0.80,9.00
2008.04.24 22:57:33.471,1.0073,1.0078,0.80,8.20
2008.04.24 22:57:33.641,1.0073,1.0078,0.80,8.20
2008.04.24 22:57:33.876,1.00735,1.0078,0.10,8.20
2008.04.24 22:57:34.231,1.00735,1.0079,0.10,4.00
2008.04.24 22:57:34.566,1.00735,1.00795,0.10,0.30
2008.04.24 22:57:35.137,1.0073,1.0079,2.40,4.00
2008.04.24 22:57:35.357,1.0073,1.0079,1.60,4.00
2008.04.24 22:57:36.411,1.0073,1.0079,1.60,4.00
2008.04.24 22:57:36.639,1.0073,1.0079,1.60,4.20
2008.04.24 22:57:36.875,1.0073,1.0079,1.60,4.20
2008.04.24 22:57:37.124,1.00725,1.0078,0.10,0.80
2008.04.24 22:57:37.373,1.00725,1.0076,0.10,0.80
2008.04.24 22:57:37.622,1.00725,1.0076,0.10,0.80
2008.04.24 22:57:38.351,1.00725,1.0076,0.10,0.80
2008.04.24 22:57:39.899,1.00725,1.0076,0.10,0.80
2008.04.24 22:57:40.084,1.00725,1.0076,0.10,0.80
2008.04.24 22:57:40.269,1.0072,1.0076,0.80,0.80
2008.04.24 22:57:41.425,1.0072,1.0076,0.80,0.80
2008.04.24 22:57:41.653,1.0072,1.0076,0.80,0.80
2008.04.24 22:57:41.989,1.0072,1.0076,0.80,0.80
2008.04.24 22:57:42.645,1.0071,1.0075,3.20,0.80
2008.04.24 22:57:42.850,1.0071,1.0075,0.80,0.80
2008.04.24 22:57:43.054,1.0071,1.0075,0.80,0.80
2008.04.24 22:57:45.370,1.0071,1.0075,0.80,0.80
2008.04.24 22:57:45.565,1.0072,1.0076,0.80,0.80
2008.04.24 22:57:45.748,1.0072,1.0076,0.80,0.80
2008.04.24 22:57:46.388,1.0072,1.0076,0.80,0.80
2008.04.24 22:57:46.639,1.0071,1.0075,0.80,0.80
2008.04.24 22:57:46.866,1.0071,1.0075,0.80,0.80
2008.04.24 22:57:48.666,1.0071,1.0075,0.80,0.80
2008.04.24 22:57:51.213,1.0071,1.0075,0.80,0.80
2008.04.24 22:57:51.534,1.0071,1.0075,0.80,0.80
2008.04.24 22:57:53.357,1.0071,1.0075,0.80,0.80
2008.04.24 22:57:53.475,1.0071,1.0075,0.80,0.80
2008.04.24 22:57:53.799,1.0071,1.0075,0.80,0.80
2008.04.24 22:57:55.766,1.0071,1.0075,0.80,0.80
2008.04.24 22:57:56.445,1.0071,1.0075,0.80,0.80
2008.04.24 22:57:58.133,1.0071,1.0075,0.80,0.80
2008.04.24 22:57:58.494,1.0071,1.0075,0.80,0.80
2008.04.24 22:57:58.800,1.0071,1.0075,0.80,0.80
2008.04.24 22:58:01.460,1.0071,1.0075,0.80,0.80
2008.04.24 22:58:05.294,1.0071,1.0075,0.80,0.80
2008.04.24 22:58:05.669,1.0071,1.00755,0.80,0.30
2008.04.24 22:58:05.873,1.0071,1.00755,0.80,0.30
2008.04.24 22:58:06.077,1.0071,1.0076,0.80,3.40
2008.04.24 22:58:06.282,1.0071,1.0076,0.80,3.20
2008.04.24 22:58:06.532,1.0071,1.0076,0.80,3.20
2008.04.24 22:58:07.913,1.0071,1.0075,0.80,0.80
2008.04.24 22:58:08.157,1.0071,1.0075,0.80,0.80
2008.04.24 22:58:08.402,1.0071,1.0075,0.80,0.80
2008.04.24 22:58:10.059,1.0071,1.0075,0.80,0.80
2008.04.24 22:58:10.294,1.0071,1.0075,0.80,0.80
2008.04.24 22:58:11.463,1.0071,1.0075,0.80,0.80
2008.04.24 22:58:16.486,1.0071,1.0075,0.80,0.80
2008.04.24 22:58:21.166,1.0071,1.0075,0.80,0.80
2008.04.24 22:58:21.315,1.0071,1.0075,0.80,0.80
2008.04.24 22:58:21.491,1.0071,1.0075,0.80,0.80
2008.04.24 22:58:26.488,1.0071,1.0075,0.80,0.80
2008.04.24 22:58:31.503,1.0071,1.0075,0.80,0.80
2008.04.24 22:58:35.190,1.0071,1.0075,0.80,0.80
2008.04.24 22:58:36.535,1.0071,1.0075,0.80,0.80
2008.04.24 22:58:41.520,1.0071,1.0075,0.80,0.80
2008.04.24 22:58:46.548,1.0071,1.0075,0.80,0.80
2008.04.24 22:58:51.538,1.0071,1.0075,0.80,0.80
2008.04.24 22:58:53.319,1.0071,1.0075,0.80,0.80
2008.04.24 22:58:56.561,1.0071,1.0075,0.80,0.80
2008.04.24 22:58:57.339,1.0071,1.0075,0.80,0.80
2008.04.24 22:58:57.579,1.0071,1.0075,0.80,0.80
2008.04.24 22:58:57.818,1.0071,1.0076,0.80,3.20
2008.04.24 22:58:58.065,1.0071,1.0077,0.80,1.00
2008.04.24 22:58:58.307,1.0071,1.0077,0.80,1.00
2008.04.24 22:58:58.672,1.0071,1.0077,0.80,1.00
2008.04.24 22:58:59.669,1.0071,1.0077,0.80,1.00
2008.04.24 22:58:59.838,1.0071,1.0075,0.80,0.80
2008.04.24 22:59:00.002,1.0071,1.0075,0.80,0.80
2008.04.24 22:59:00.624,1.0071,1.0075,0.80,0.80
2008.04.24 22:59:01.573,1.0071,1.0075,0.80,0.80
2008.04.24 22:59:06.576,1.0071,1.0075,0.80,0.80
2008.04.24 22:59:11.596,1.0071,1.0075,0.80,0.80
2008.04.24 22:59:13.530,1.0071,1.0075,0.80,0.80
2008.04.24 22:59:13.735,1.0071,1.0075,0.80,0.80
2008.04.24 22:59:14.173,1.0071,1.0075,0.80,0.80
2008.04.24 22:59:16.593,1.0071,1.0075,0.80,0.80
2008.04.24 22:59:20.619,1.0071,1.0075,0.80,0.80
2008.04.24 22:59:21.621,1.0071,1.0075,0.80,0.80
2008.04.24 22:59:26.611,1.0071,1.0075,0.80,0.80
2008.04.24 22:59:28.847,1.0071,1.0075,0.80,0.80
2008.04.24 22:59:28.991,1.0071,1.0075,0.80,0.80
2008.04.24 22:59:29.107,1.0071,1.0075,0.80,0.80
2008.04.24 22:59:31.623,1.0071,1.0075,0.80,0.80
2008.04.24 22:59:35.304,1.0071,1.0075,0.80,0.80
2008.04.24 22:59:36.647,1.0071,1.0075,0.80,0.80
2008.04.24 22:59:41.131,1.0071,1.0075,0.80,0.80
2008.04.24 22:59:41.265,1.0072,1.0076,0.80,3.20
2008.04.24 22:59:41.401,1.0072,1.0076,0.80,3.20
2008.04.24 22:59:41.623,1.0072,1.0076,0.80,3.20
2008.04.24 22:59:44.786,1.0072,1.0076,0.80,3.20
2008.04.24 22:59:45.777,1.0072,1.0076,0.80,3.20
2008.04.24 22:59:45.992,1.0072,1.0076,0.80,3.20
2008.04.24 22:59:46.660,1.0072,1.0076,0.80,3.20
2008.04.24 22:59:47.019,1.0072,1.0076,0.80,3.20
2008.04.24 22:59:51.669,1.0072,1.0076,0.80,3.20
2008.04.24 22:59:52.845,1.0072,1.0076,0.80,3.20
2008.04.24 22:59:53.086,1.0072,1.0077,0.80,3.20
2008.04.24 22:59:53.558,1.0072,1.0077,0.80,3.20
2008.04.24 22:59:55.703,1.0072,1.0077,0.80,3.20
2008.04.24 22:59:55.856,1.0072,1.0076,0.80,3.20
2008.04.24 22:59:56.323,1.0072,1.0076,0.80,3.20
2008.04.24 22:59:56.653,1.0072,1.0076,0.80,3.20
2008.04.24 22:59:57.017,1.0072,1.0076,0.80,3.20
2008.04.24 22:59:59.806,1.0072,1.0076,0.80,3.20
