2016.09.19 21:00:00.184,1.03995,1.0402,0.75,0.75
2016.09.19 21:00:00.235,1.03998,1.0402,0.37,0.37
2016.09.19 21:00:00.328,1.03999,1.04028,0.37,0.75
2016.09.19 21:00:00.379,1.03977,1.04028,0.19,0.75
2016.09.19 21:00:00.638,1.0397,1.04029,0.37,0.52
2016.09.19 21:00:01.757,1.03967,1.04029,0.75,0.52
2016.09.19 21:00:01.809,1.03965,1.04029,0.37,0.52
2016.09.19 21:00:02.114,1.03965,1.04043,0.37,0.37
2016.09.19 21:00:05.230,1.0397,1.04043,0.37,0.37
2016.09.19 21:00:05.281,1.03971,1.04049,0.37,0.37
2016.09.19 21:00:20.623,1.0397,1.04048,0.75,0.75
2016.09.19 21:00:27.413,1.0397,1.04047,0.75,0.75
2016.09.19 21:00:27.493,1.03966,1.04044,0.75,0.75
2016.09.19 21:00:55.805,1.03967,1.04044,0.37,0.37
2016.09.19 21:00:55.856,1.03967,1.04033,0.75,0.75
2016.09.19 21:00:55.927,1.03965,1.04033,0.75,0.75
2016.09.19 21:00:56.023,1.0396,1.04033,0.75,0.75
2016.09.19 21:01:13.386,1.0396,1.04033,0.37,0.75
2016.09.19 21:01:13.487,1.03959,1.04033,0.75,0.75
2016.09.19 21:01:22.275,1.03959,1.04032,0.75,0.75
2016.09.19 21:01:23.106,1.03959,1.04033,0.75,0.75
2016.09.19 21:01:27.405,1.03957,1.04033,0.37,1.12
2016.09.19 21:01:28.294,1.03957,1.04032,0.37,0.75
2016.09.19 21:01:28.624,1.03957,1.04033,0.37,1.12
2016.09.19 21:01:32.887,1.0396,1.04033,0.37,0.75
2016.09.19 21:01:46.402,1.0396,1.04029,0.37,0.75
2016.09.19 21:01:46.554,1.03958,1.04028,0.75,0.75
2016.09.19 21:01:46.656,1.03956,1.04028,0.37,0.75
2016.09.19 21:01:46.706,1.03956,1.04032,0.37,0.75
2016.09.19 21:01:46.832,1.03956,1.04032,1.12,0.75
2016.09.19 21:01:47.427,1.03956,1.04033,1.12,0.75
2016.09.19 21:02:15.867,1.03958,1.04033,0.37,0.75
2016.09.19 21:02:16.337,1.03958,1.04023,0.37,0.75
2016.09.19 21:02:16.388,1.03961,1.04023,0.75,0.75
2016.09.19 21:02:16.438,1.03961,1.04027,0.75,0.75
2016.09.19 21:02:16.489,1.03957,1.04027,0.75,0.75
2016.09.19 21:02:16.540,1.03957,1.04031,0.75,0.37
2016.09.19 21:02:16.678,1.0396,1.04032,0.37,0.75
2016.09.19 21:02:16.938,1.0396,1.04023,0.37,0.75
2016.09.19 21:02:16.988,1.0396,1.04023,1.12,0.75
2016.09.19 21:02:17.039,1.0396,1.04023,0.75,0.75
2016.09.19 21:02:17.141,1.0396,1.04032,0.75,1.50
2016.09.19 21:02:17.242,1.03954,1.04032,0.75,1.50
2016.09.19 21:02:17.292,1.03961,1.04032,0.75,1.50
2016.09.19 21:02:17.343,1.03961,1.04023,0.75,0.75
2016.09.19 21:02:17.444,1.03961,1.04028,0.75,0.75
2016.09.19 21:02:17.545,1.03957,1.04033,0.75,1.50
2016.09.19 21:02:17.596,1.03955,1.04033,0.75,1.50
2016.09.19 21:02:17.647,1.03959,1.04033,0.37,1.12
2016.09.19 21:02:17.697,1.03959,1.04033,0.75,0.75
2016.09.19 21:02:21.344,1.03959,1.04028,0.75,0.75
2016.09.19 21:02:21.445,1.03959,1.04028,0.37,0.75
2016.09.19 21:02:21.496,1.03957,1.04028,0.37,0.75
2016.09.19 21:02:21.547,1.03957,1.04033,0.37,1.12
2016.09.19 21:02:24.349,1.03957,1.04027,0.37,0.75
2016.09.19 21:02:24.400,1.03957,1.04027,1.12,0.75
2016.09.19 21:02:26.052,1.03957,1.04033,1.12,1.12
2016.09.19 21:02:26.103,1.03957,1.04033,0.37,1.12
2016.09.19 21:02:26.566,1.03957,1.04032,0.37,0.75
2016.09.19 21:02:26.640,1.03958,1.04032,0.75,0.75
2016.09.19 21:02:26.690,1.03962,1.04033,0.37,0.75
2016.09.19 21:02:34.075,1.03967,1.04023,0.75,0.75
2016.09.19 21:02:34.189,1.03961,1.04032,0.37,0.75
2016.09.19 21:02:34.240,1.0396,1.04032,0.75,0.75
2016.09.19 21:02:34.290,1.03961,1.04027,0.75,0.75
2016.09.19 21:02:34.391,1.0396,1.04032,1.12,0.75
2016.09.19 21:02:34.944,1.0396,1.04023,0.75,0.75
2016.09.19 21:02:34.995,1.03963,1.04028,0.75,0.75
2016.09.19 21:02:35.092,1.03963,1.04032,0.37,0.75
2016.09.19 21:02:35.483,1.03967,1.04022,0.75,0.75
2016.09.19 21:02:35.685,1.03963,1.04022,0.75,0.75
2016.09.19 21:02:35.786,1.03987,1.04028,0.75,0.75
2016.09.19 21:02:35.887,1.03987,1.04032,0.75,0.75
2016.09.19 21:02:35.989,1.0399,1.04032,0.75,0.75
2016.09.19 21:02:36.334,1.0399,1.04023,0.75,0.75
2016.09.19 21:02:36.384,1.03986,1.04023,0.75,0.75
2016.09.19 21:02:36.486,1.03986,1.04028,0.75,0.75
2016.09.19 21:02:36.587,1.03988,1.04033,0.75,0.75
2016.09.19 21:02:36.688,1.0399,1.04033,0.75,0.75
2016.09.19 21:02:47.850,1.03989,1.04033,0.75,0.75
2016.09.19 21:03:03.544,1.03989,1.04031,0.75,0.75
2016.09.19 21:03:03.761,1.03987,1.04033,0.75,1.50
2016.09.19 21:03:03.812,1.03989,1.04033,0.75,0.75
2016.09.19 21:03:04.376,1.0399,1.04033,0.75,0.75
2016.09.19 21:03:08.315,1.03994,1.04033,0.75,0.75
2016.09.19 21:03:26.741,1.03994,1.04032,0.75,0.75
2016.09.19 21:03:27.186,1.03996,1.04032,0.75,0.75
2016.09.19 21:03:33.514,1.03998,1.04032,0.75,0.75
2016.09.19 21:04:03.613,1.03998,1.04032,0.75,1.00
2016.09.19 21:04:24.594,1.03998,1.04032,1.00,1.00
2016.09.19 21:04:26.908,1.03998,1.04043,1.00,1.75
2016.09.19 21:04:29.509,1.03998,1.04033,1.00,1.00
2016.09.19 21:04:33.512,1.03965,1.04033,1.19,1.00
2016.09.19 21:05:04.964,1.04001,1.04033,0.75,1.00
2016.09.19 21:05:05.987,1.04001,1.04018,0.75,1.00
2016.09.19 21:05:06.413,1.03995,1.04018,1.00,1.00
2016.09.19 21:05:07.167,1.0397,1.04018,1.19,1.00
2016.09.19 21:05:10.385,1.03969,1.04019,1.19,1.00
2016.09.19 21:05:12.354,1.03969,1.04014,1.19,0.75
2016.09.19 21:05:12.557,1.03971,1.04016,1.19,1.00
2016.09.19 21:05:14.174,1.03995,1.04016,1.00,1.00
2016.09.19 21:05:15.164,1.03995,1.04019,1.00,1.00
2016.09.19 21:05:18.075,1.03995,1.04018,1.00,1.00
2016.09.19 21:05:28.257,1.03995,1.04019,1.00,1.00
2016.09.19 21:05:30.209,1.03995,1.04021,1.00,1.00
2016.09.19 21:05:30.263,1.03995,1.04018,1.00,1.00
2016.09.19 21:05:34.690,1.03994,1.04018,1.00,1.00
2016.09.19 21:05:40.297,1.03994,1.04019,1.00,1.00
2016.09.19 21:05:51.259,1.03994,1.04021,1.00,1.00
2016.09.19 21:05:51.460,1.03994,1.04018,1.00,1.00
2016.09.19 21:05:52.161,1.03994,1.04019,1.00,1.00
2016.09.19 21:06:01.169,1.03994,1.04022,1.00,1.00
2016.09.19 21:06:01.355,1.03994,1.04018,1.00,1.00
2016.09.19 21:06:05.466,1.03994,1.04022,1.00,1.00
2016.09.19 21:06:05.668,1.03994,1.04018,1.00,1.00
2016.09.19 21:06:07.327,1.03992,1.04016,1.00,1.00
2016.09.19 21:06:07.429,1.0399,1.04016,1.00,1.00
2016.09.19 21:06:07.499,1.0399,1.0402,1.00,1.00
2016.09.19 21:06:07.657,1.0399,1.04016,1.00,1.00
2016.09.19 21:06:15.839,1.0399,1.04019,1.00,1.00
2016.09.19 21:06:16.562,1.0399,1.04018,1.00,1.00
2016.09.19 21:06:17.487,1.0399,1.04016,1.00,1.00
2016.09.19 21:06:19.821,1.0399,1.04018,1.00,1.00
2016.09.19 21:06:21.151,1.0399,1.04021,1.00,1.00
2016.09.19 21:06:21.370,1.0399,1.04016,1.00,1.00
2016.09.19 21:06:22.830,1.0399,1.04019,1.00,1.00
2016.09.19 21:06:22.940,1.03992,1.04019,1.00,1.00
2016.09.19 21:06:22.990,1.03992,1.04024,1.00,1.00
2016.09.19 21:06:23.193,1.03992,1.04019,1.00,1.00
2016.09.19 21:06:23.793,1.03992,1.04016,1.00,1.00
2016.09.19 21:06:23.941,1.0399,1.04016,1.00,1.00
2016.09.19 21:06:24.063,1.0399,1.0402,1.00,1.00
2016.09.19 21:06:24.165,1.0399,1.04016,1.00,1.00
2016.09.19 21:06:31.364,1.0399,1.04018,1.00,1.00
2016.09.19 21:06:34.388,1.0399,1.04019,1.00,1.00
2016.09.19 21:06:37.913,1.0399,1.04021,1.00,1.00
2016.09.19 21:06:38.060,1.0399,1.04018,1.00,1.00
2016.09.19 21:06:39.026,1.0399,1.04022,1.00,1.00
2016.09.19 21:06:39.181,1.0399,1.04019,1.00,1.00
2016.09.19 21:06:42.262,1.0399,1.04022,1.00,1.00
2016.09.19 21:06:42.464,1.0399,1.04019,1.00,1.00
2016.09.19 21:06:42.884,1.0399,1.04017,1.00,1.00
2016.09.19 21:06:45.767,1.0399,1.04016,1.00,1.00
2016.09.19 21:06:46.038,1.03988,1.04016,1.00,1.00
2016.09.19 21:06:46.132,1.03991,1.0402,1.00,1.00
2016.09.19 21:06:46.182,1.03989,1.0402,1.00,1.00
2016.09.19 21:06:46.870,1.0399,1.0402,1.00,1.00
2016.09.19 21:06:48.227,1.0399,1.04024,1.00,1.00
2016.09.19 21:06:48.278,1.03989,1.04018,1.00,1.00
2016.09.19 21:06:48.481,1.03987,1.04018,1.00,1.00
2016.09.19 21:06:48.996,1.03986,1.04016,1.00,1.00
2016.09.19 21:06:50.138,1.03986,1.04022,1.00,1.00
2016.09.19 21:06:50.391,1.03986,1.04018,1.00,1.00
2016.09.19 21:06:52.289,1.03986,1.04017,1.00,1.00
2016.09.19 21:06:52.847,1.03986,1.04018,1.00,1.00
2016.09.19 21:06:53.392,1.03986,1.04017,1.00,1.00
2016.09.19 21:06:54.064,1.03986,1.04022,1.00,1.00
2016.09.19 21:06:54.115,1.03986,1.04031,1.00,1.00
2016.09.19 21:06:54.165,1.03982,1.04031,1.00,1.00
2016.09.19 21:06:56.866,1.03984,1.04031,1.00,1.00
2016.09.19 21:06:57.170,1.03984,1.04027,1.00,1.00
2016.09.19 21:06:58.431,1.03984,1.04031,1.00,1.00
2016.09.19 21:06:58.684,1.03984,1.04027,1.00,1.00
2016.09.19 21:06:59.277,1.03984,1.04031,1.00,1.00
2016.09.19 21:07:01.657,1.03984,1.04028,1.00,1.00
2016.09.19 21:07:03.861,1.03984,1.04025,1.00,1.00
2016.09.19 21:07:07.514,1.03996,1.04025,1.00,1.00
2016.09.19 21:07:08.286,1.03995,1.04025,1.00,1.00
2016.09.19 21:07:09.475,1.03993,1.04024,1.00,1.00
2016.09.19 21:07:10.550,1.03993,1.0403,1.00,1.00
2016.09.19 21:07:11.690,1.03993,1.04028,1.00,1.00
2016.09.19 21:07:15.274,1.03993,1.04023,1.00,1.00
2016.09.19 21:07:15.827,1.03994,1.04023,1.00,1.00
2016.09.19 21:07:17.293,1.03994,1.04023,1.50,1.00
2016.09.19 21:07:18.783,1.03995,1.04023,1.00,1.00
2016.09.19 21:07:22.703,1.03994,1.04023,1.00,1.00
2016.09.19 21:07:22.956,1.03997,1.04022,1.00,1.00
2016.09.19 21:07:24.065,1.03996,1.04022,1.00,1.00
2016.09.19 21:07:30.009,1.03996,1.04023,1.00,1.00
2016.09.19 21:07:30.111,1.03994,1.04023,1.00,1.00
2016.09.19 21:07:30.690,1.03994,1.04024,1.00,1.00
2016.09.19 21:07:30.842,1.03997,1.04024,1.00,1.00
2016.09.19 21:07:31.428,1.03996,1.04024,1.00,1.00
2016.09.19 21:07:32.740,1.03994,1.04024,1.00,1.00
2016.09.19 21:07:32.920,1.03994,1.04024,1.50,1.00
2016.09.19 21:07:33.064,1.03994,1.04024,1.00,1.00
2016.09.19 21:07:40.459,1.03994,1.04022,1.00,1.00
2016.09.19 21:07:41.184,1.03994,1.04023,1.00,1.00
2016.09.19 21:07:50.557,1.03994,1.04024,1.00,1.00
2016.09.19 21:07:51.290,1.03994,1.04023,1.00,1.00
2016.09.19 21:07:52.704,1.03994,1.04024,1.00,1.00
2016.09.19 21:08:03.051,1.03994,1.04025,1.00,1.00
2016.09.19 21:08:06.319,1.03994,1.04024,1.00,1.00
2016.09.19 21:08:06.762,1.03996,1.04024,1.00,1.00
2016.09.19 21:08:12.283,1.03996,1.04025,1.00,1.00
2016.09.19 21:08:19.054,1.03996,1.04023,1.00,1.00
2016.09.19 21:08:22.816,1.03996,1.04024,1.00,1.00
2016.09.19 21:08:32.564,1.03996,1.04021,1.00,1.00
2016.09.19 21:08:36.824,1.03996,1.04022,1.00,1.00
2016.09.19 21:08:42.654,1.03996,1.04023,1.00,1.00
2016.09.19 21:08:46.919,1.03996,1.04022,1.00,1.00
2016.09.19 21:08:57.396,1.03996,1.04023,1.00,1.00
2016.09.19 21:09:03.153,1.03996,1.04022,1.00,1.00
2016.09.19 21:09:06.890,1.03979,1.04022,1.00,1.00
2016.09.19 21:09:08.606,1.03996,1.04024,1.00,1.00
2016.09.19 21:09:13.658,1.03996,1.04023,1.00,1.00
2016.09.19 21:09:18.889,1.03996,1.04022,1.00,1.00
2016.09.19 21:09:23.702,1.03996,1.04023,1.00,1.00
2016.09.19 21:09:36.890,1.03996,1.04024,1.00,1.00
2016.09.19 21:09:44.344,1.03996,1.04025,1.00,1.00
2016.09.19 21:09:54.943,1.03996,1.04024,1.00,1.00
2016.09.19 21:09:57.487,1.03996,1.04025,1.00,1.00
2016.09.19 21:10:01.152,1.03999,1.04025,1.00,1.00
2016.09.19 21:10:01.254,1.03996,1.04025,1.50,1.00
2016.09.19 21:10:01.356,1.03996,1.04025,1.00,1.00
2016.09.19 21:10:02.586,1.03996,1.04025,1.00,1.37
2016.09.19 21:10:06.199,1.03996,1.04025,1.00,1.00
2016.09.19 21:10:06.301,1.03996,1.04025,1.00,1.12
2016.09.19 21:10:07.457,1.03996,1.04025,1.00,1.37
2016.09.19 21:10:08.283,1.03996,1.04024,1.00,1.37
2016.09.19 21:10:09.240,1.03995,1.04024,1.00,1.37
2016.09.19 21:10:15.410,1.03995,1.04025,1.00,1.37
2016.09.19 21:10:18.173,1.03995,1.04024,1.00,1.37
2016.09.19 21:10:20.982,1.03995,1.04024,1.00,1.00
2016.09.19 21:10:21.591,1.03994,1.04024,1.00,1.00
2016.09.19 21:10:22.782,1.03994,1.04024,1.00,1.12
2016.09.19 21:10:27.447,1.03994,1.04025,1.00,1.37
2016.09.19 21:10:27.511,1.03994,1.04025,1.00,1.00
2016.09.19 21:10:27.900,1.03996,1.04025,1.00,1.00
2016.09.19 21:10:28.002,1.03994,1.04025,1.00,1.00
2016.09.19 21:10:30.624,1.03994,1.04025,1.00,1.12
2016.09.19 21:10:31.126,1.03995,1.04025,1.00,1.12
2016.09.19 21:10:32.423,1.03995,1.04025,1.00,1.00
2016.09.19 21:10:35.376,1.03995,1.04026,1.00,1.00
2016.09.19 21:10:48.120,1.03995,1.04025,1.00,1.00
2016.09.19 21:10:51.740,1.03995,1.04025,1.00,1.12
2016.09.19 21:10:53.861,1.03995,1.04024,1.00,1.00
2016.09.19 21:10:54.531,1.03993,1.04024,1.00,1.00
2016.09.19 21:10:54.729,1.03993,1.04024,1.00,1.12
2016.09.19 21:10:57.303,1.03994,1.04024,1.00,1.00
2016.09.19 21:10:58.087,1.03994,1.04025,1.00,1.12
2016.09.19 21:11:00.102,1.03994,1.04022,1.00,1.00
2016.09.19 21:11:00.654,1.03995,1.04022,1.00,1.00
2016.09.19 21:11:00.756,1.03993,1.04022,1.00,1.00
2016.09.19 21:11:01.500,1.03993,1.04024,1.00,1.00
2016.09.19 21:11:01.551,1.03993,1.04024,1.00,1.12
2016.09.19 21:11:02.324,1.03992,1.04024,1.00,1.12
2016.09.19 21:11:02.603,1.03993,1.04023,1.00,1.00
2016.09.19 21:11:04.227,1.03992,1.04023,1.00,1.00
2016.09.19 21:11:08.188,1.03992,1.04022,1.00,1.00
2016.09.19 21:11:18.699,1.03992,1.04023,1.00,1.12
2016.09.19 21:11:22.953,1.03992,1.04022,1.00,1.00
2016.09.19 21:11:23.772,1.03991,1.04022,1.00,1.00
2016.09.19 21:11:24.019,1.03991,1.04022,1.00,1.12
2016.09.19 21:11:25.820,1.03991,1.04022,1.00,1.00
2016.09.19 21:11:32.954,1.03991,1.04023,1.00,1.12
2016.09.19 21:11:34.427,1.03991,1.04023,1.00,1.37
2016.09.19 21:11:39.058,1.03991,1.04023,1.00,1.12
2016.09.19 21:11:39.688,1.03991,1.04024,1.00,1.37
2016.09.19 21:11:55.143,1.03992,1.04024,1.00,1.37
2016.09.19 21:11:55.280,1.03992,1.04023,1.00,1.12
2016.09.19 21:11:55.816,1.03991,1.04023,1.00,1.12
2016.09.19 21:11:59.571,1.03991,1.04023,1.00,1.37
2016.09.19 21:12:03.549,1.03991,1.04023,1.00,1.00
2016.09.19 21:12:03.600,1.03991,1.04026,1.00,1.87
2016.09.19 21:12:03.651,1.03991,1.04026,1.00,1.37
2016.09.19 21:12:05.323,1.03991,1.04027,1.00,1.37
2016.09.19 21:12:07.950,1.03989,1.04027,1.00,1.37
2016.09.19 21:12:14.054,1.03989,1.04026,1.00,1.12
2016.09.19 21:12:14.105,1.03989,1.04026,1.00,1.37
2016.09.19 21:12:14.157,1.03989,1.04026,1.00,1.12
2016.09.19 21:12:15.222,1.03992,1.04017,1.00,1.00
2016.09.19 21:12:15.292,1.03995,1.04019,1.00,1.00
2016.09.19 21:12:15.503,1.03995,1.04016,1.00,1.12
2016.09.19 21:12:18.283,1.03988,1.04016,1.00,1.12
2016.09.19 21:12:18.783,1.03986,1.04015,1.00,1.00
2016.09.19 21:12:24.109,1.03986,1.0401,1.00,1.00
2016.09.19 21:12:24.610,1.03985,1.04009,1.00,1.00
2016.09.19 21:12:25.232,1.03985,1.0401,1.00,1.00
2016.09.19 21:12:25.406,1.03985,1.04008,1.00,1.00
2016.09.19 21:12:26.569,1.03985,1.04009,1.00,1.00
2016.09.19 21:12:27.791,1.03985,1.04007,1.00,1.00
2016.09.19 21:12:34.095,1.03987,1.04007,1.00,1.00
2016.09.19 21:12:34.267,1.03985,1.04008,1.00,1.00
2016.09.19 21:12:35.797,1.03985,1.04009,1.00,1.00
2016.09.19 21:12:40.345,1.03985,1.04008,1.00,1.00
2016.09.19 21:12:43.403,1.03985,1.04009,1.00,1.00
2016.09.19 21:12:44.504,1.03985,1.04008,1.00,1.00
2016.09.19 21:12:45.005,1.03985,1.0401,1.00,1.00
2016.09.19 21:12:46.464,1.03985,1.04009,1.00,1.00
2016.09.19 21:12:48.338,1.03988,1.04013,1.00,1.87
2016.09.19 21:12:48.439,1.03985,1.04011,1.00,1.00
2016.09.19 21:12:49.736,1.03986,1.04013,1.00,1.50
2016.09.19 21:12:49.787,1.03986,1.04013,1.50,1.50
2016.09.19 21:12:49.838,1.03986,1.0401,1.00,1.00
2016.09.19 21:12:50.389,1.03985,1.0401,1.00,1.00
2016.09.19 21:12:50.737,1.03985,1.0401,1.00,1.00
2016.09.19 21:12:50.887,1.03985,1.0401,1.00,1.12
2016.09.19 21:12:51.135,1.03987,1.04012,1.00,1.87
2016.09.19 21:12:51.337,1.03985,1.0401,1.50,1.00
2016.09.19 21:12:51.489,1.03985,1.0401,1.50,1.12
2016.09.19 21:12:53.170,1.03986,1.0401,1.00,1.12
2016.09.19 21:12:53.767,1.03988,1.0401,1.00,1.12
2016.09.19 21:12:53.818,1.03989,1.04014,1.00,2.62
2016.09.19 21:12:53.920,1.04002,1.04014,1.00,1.12
2016.09.19 21:12:54.130,1.04002,1.04021,1.00,1.12
2016.09.19 21:13:00.885,1.04002,1.0402,1.00,1.00
2016.09.19 21:13:03.833,1.04,1.0402,1.00,1.00
2016.09.19 21:13:04.256,1.04,1.04021,1.00,1.12
2016.09.19 21:13:10.427,1.04002,1.04021,1.00,1.12
2016.09.19 21:13:10.650,1.04002,1.04024,1.00,1.87
2016.09.19 21:13:10.752,1.04007,1.04033,1.00,1.37
2016.09.19 21:13:10.854,1.04006,1.04033,1.00,1.87
2016.09.19 21:13:10.923,1.04006,1.04033,1.00,1.37
2016.09.19 21:13:11.025,1.04006,1.04033,1.00,1.00
2016.09.19 21:13:11.228,1.04006,1.04034,1.00,1.12
2016.09.19 21:13:11.378,1.04006,1.04035,1.00,1.37
2016.09.19 21:13:12.629,1.04005,1.04035,1.00,1.37
2016.09.19 21:13:12.731,1.04004,1.04034,1.00,1.00
2016.09.19 21:13:14.009,1.04004,1.04033,1.00,1.00
2016.09.19 21:13:14.073,1.04003,1.04033,1.00,1.12
2016.09.19 21:13:14.175,1.04003,1.04033,1.00,1.00
2016.09.19 21:13:15.031,1.04004,1.04033,1.00,1.00
2016.09.19 21:13:17.041,1.04007,1.04033,1.00,1.00
2016.09.19 21:13:18.434,1.04005,1.04033,1.00,1.00
2016.09.19 21:13:20.881,1.04007,1.04033,1.00,1.00
2016.09.19 21:13:21.887,1.04007,1.04034,1.00,1.00
2016.09.19 21:13:23.138,1.04005,1.04034,1.00,1.00
2016.09.19 21:13:24.155,1.04005,1.04032,1.00,1.00
2016.09.19 21:13:28.081,1.03998,1.0403,1.00,1.00
2016.09.19 21:13:28.183,1.04007,1.04032,1.00,1.00
2016.09.19 21:13:30.055,1.04006,1.04032,1.00,1.00
2016.09.19 21:13:30.885,1.04007,1.04032,1.00,1.00
2016.09.19 21:13:30.947,1.0401,1.04036,1.00,1.37
2016.09.19 21:13:31.048,1.0401,1.04036,1.00,1.12
2016.09.19 21:13:31.099,1.0401,1.04038,1.00,1.37
2016.09.19 21:13:31.201,1.04006,1.04034,1.00,1.37
2016.09.19 21:13:31.252,1.03998,1.04028,1.00,1.00
2016.09.19 21:13:31.581,1.03993,1.04029,1.00,1.12
2016.09.19 21:13:31.632,1.03993,1.04021,1.00,1.00
2016.09.19 21:13:31.940,1.03992,1.04015,1.00,1.00
2016.09.19 21:13:32.463,1.03991,1.04015,1.00,1.00
2016.09.19 21:13:32.778,1.03991,1.04015,1.00,1.50
2016.09.19 21:13:33.354,1.03992,1.04016,1.00,1.00
2016.09.19 21:13:33.507,1.03992,1.04016,1.00,1.50
2016.09.19 21:13:33.558,1.03992,1.04016,1.00,2.62
2016.09.19 21:13:33.737,1.03988,1.04016,1.00,2.62
2016.09.19 21:13:34.779,1.03988,1.04016,1.00,1.87
2016.09.19 21:13:34.881,1.03988,1.04015,1.00,1.37
2016.09.19 21:13:35.149,1.03988,1.04007,1.00,1.00
2016.09.19 21:13:35.243,1.03977,1.04007,1.50,1.00
2016.09.19 21:13:38.952,1.03983,1.04015,1.00,1.87
2016.09.19 21:13:41.898,1.03984,1.04014,1.00,1.12
2016.09.19 21:13:41.954,1.03978,1.04008,1.00,1.00
2016.09.19 21:13:45.200,1.03991,1.04016,1.00,2.62
2016.09.19 21:13:45.251,1.03991,1.04016,1.00,1.87
2016.09.19 21:13:45.302,1.03991,1.04014,1.00,1.00
2016.09.19 21:13:47.176,1.03991,1.04012,1.00,1.00
2016.09.19 21:13:47.374,1.03986,1.04005,1.00,1.12
2016.09.19 21:13:47.577,1.03987,1.04005,1.00,1.00
2016.09.19 21:13:47.628,1.03987,1.04005,1.00,1.00
2016.09.19 21:13:48.186,1.03988,1.04005,1.00,1.00
2016.09.19 21:13:48.869,1.03988,1.04006,1.00,1.00
2016.09.19 21:13:50.281,1.03986,1.04006,1.00,1.87
2016.09.19 21:13:50.332,1.03986,1.04006,1.00,1.12
2016.09.19 21:13:50.383,1.03986,1.04006,1.00,1.37
2016.09.19 21:13:50.473,1.03986,1.04006,1.00,1.12
2016.09.19 21:13:51.225,1.03986,1.04006,1.00,1.12
2016.09.19 21:13:51.277,1.03986,1.04011,1.00,1.00
2016.09.19 21:13:51.379,1.03985,1.04007,1.00,1.37
2016.09.19 21:13:51.713,1.03987,1.04007,1.00,1.37
2016.09.19 21:13:52.323,1.03986,1.04007,1.00,1.37
2016.09.19 21:13:53.282,1.03986,1.04008,1.00,1.37
2016.09.19 21:13:53.464,1.03986,1.04006,1.00,1.12
2016.09.19 21:13:53.565,1.03986,1.04006,1.00,1.37
2016.09.19 21:13:53.616,1.03986,1.04007,1.00,1.87
2016.09.19 21:13:53.667,1.03987,1.04007,1.00,1.12
2016.09.19 21:13:53.769,1.03987,1.04007,1.00,1.37
2016.09.19 21:13:54.110,1.03986,1.0401,1.00,1.87
2016.09.19 21:13:54.161,1.03986,1.0401,1.00,1.37
2016.09.19 21:13:54.263,1.03991,1.0401,1.00,1.00
2016.09.19 21:13:55.885,1.0399,1.04009,1.00,1.37
2016.09.19 21:13:56.100,1.03991,1.0401,1.00,1.00
2016.09.19 21:13:57.599,1.03992,1.0401,1.00,1.00
2016.09.19 21:14:00.589,1.03992,1.04009,1.00,1.12
2016.09.19 21:14:00.816,1.03992,1.04011,1.00,1.37
2016.09.19 21:14:01.594,1.03992,1.04013,1.00,1.37
2016.09.19 21:14:01.696,1.03992,1.04014,1.00,1.00
2016.09.19 21:14:01.856,1.03992,1.04012,1.00,1.00
2016.09.19 21:14:05.289,1.03993,1.04012,1.00,1.00
2016.09.19 21:14:05.829,1.03992,1.04012,1.00,1.00
2016.09.19 21:14:06.878,1.03993,1.04012,1.00,1.00
2016.09.19 21:14:07.380,1.03993,1.04011,1.00,1.00
2016.09.19 21:14:11.254,1.03993,1.04013,1.00,1.00
2016.09.19 21:14:11.492,1.03994,1.04011,1.00,1.00
2016.09.19 21:14:15.623,1.03994,1.04014,1.00,1.12
2016.09.19 21:14:15.724,1.03995,1.04014,1.00,1.00
2016.09.19 21:14:15.878,1.03995,1.04011,1.00,1.12
2016.09.19 21:14:16.886,1.03994,1.04011,1.00,1.12
2016.09.19 21:14:21.319,1.03994,1.04011,1.00,1.00
2016.09.19 21:14:21.519,1.03994,1.04011,1.00,1.37
2016.09.19 21:14:21.979,1.03994,1.0401,1.00,1.12
2016.09.19 21:14:26.256,1.03994,1.04011,1.00,1.37
2016.09.19 21:14:26.435,1.03994,1.04011,1.00,1.12
2016.09.19 21:14:26.886,1.03995,1.04013,1.00,1.00
2016.09.19 21:14:26.952,1.03995,1.04013,1.00,1.12
2016.09.19 21:14:35.692,1.03995,1.04013,1.00,1.00
2016.09.19 21:14:35.858,1.03996,1.04013,1.00,1.37
2016.09.19 21:14:36.356,1.03996,1.04012,1.00,1.12
2016.09.19 21:14:36.912,1.03996,1.04012,1.00,1.00
2016.09.19 21:14:38.806,1.03995,1.04012,1.00,1.00
2016.09.19 21:14:45.918,1.03995,1.04012,1.00,1.12
2016.09.19 21:14:46.384,1.03995,1.04013,1.00,1.37
2016.09.19 21:14:46.713,1.03996,1.04011,1.00,1.00
2016.09.19 21:14:46.765,1.03996,1.04011,1.00,1.37
2016.09.19 21:14:49.172,1.03996,1.04013,1.00,1.87
2016.09.19 21:14:49.223,1.03996,1.04013,1.00,1.12
2016.09.19 21:14:50.760,1.03995,1.04013,1.00,1.12
2016.09.19 21:14:55.718,1.03996,1.04013,1.00,1.12
2016.09.19 21:14:56.427,1.03996,1.04013,1.00,1.37
2016.09.19 21:14:56.851,1.03996,1.04012,1.00,1.12
2016.09.19 21:14:58.309,1.03996,1.0401,1.00,1.00
2016.09.19 21:14:58.360,1.03996,1.0401,1.00,1.12
2016.09.19 21:14:58.469,1.03996,1.0401,1.00,1.37
2016.09.19 21:14:59.522,1.03995,1.0401,1.00,1.37
2016.09.19 21:15:00.931,1.03995,1.0401,1.00,1.12
2016.09.19 21:15:03.401,1.03995,1.04012,1.00,1.37
2016.09.19 21:15:03.453,1.03996,1.04012,1.00,1.00
2016.09.19 21:15:03.556,1.03996,1.04011,1.00,1.37
2016.09.19 21:15:05.627,1.03986,1.0401,1.00,1.37
2016.09.19 21:15:05.678,1.03986,1.0401,1.00,1.00
2016.09.19 21:15:05.729,1.03984,1.04008,1.00,1.00
2016.09.19 21:15:05.780,1.03981,1.04008,1.50,1.37
2016.09.19 21:15:05.882,1.03981,1.04007,1.50,1.37
2016.09.19 21:15:06.842,1.03985,1.04007,1.00,1.37
2016.09.19 21:15:08.730,1.03983,1.04007,1.00,1.37
2016.09.19 21:15:08.781,1.03983,1.04007,1.00,1.87
2016.09.19 21:15:08.832,1.03983,1.04006,1.00,1.37
2016.09.19 21:15:08.884,1.03983,1.04004,1.00,1.37
2016.09.19 21:15:11.274,1.03986,1.04008,1.00,1.00
2016.09.19 21:15:11.376,1.03981,1.04003,1.00,1.00
2016.09.19 21:15:11.478,1.03981,1.04002,1.00,1.37
2016.09.19 21:15:12.476,1.03981,1.04004,1.00,2.62
2016.09.19 21:15:13.063,1.03981,1.04004,1.00,1.87
2016.09.19 21:15:13.157,1.03985,1.04004,1.00,1.00
2016.09.19 21:15:13.259,1.03982,1.04004,1.00,1.37
2016.09.19 21:15:13.862,1.03982,1.04003,1.00,1.37
2016.09.19 21:15:14.851,1.03985,1.04007,1.00,1.37
2016.09.19 21:15:15.090,1.03985,1.04007,1.50,1.37
2016.09.19 21:15:15.144,1.03986,1.04008,1.00,1.12
2016.09.19 21:15:16.884,1.03985,1.04008,1.50,1.12
2016.09.19 21:15:17.037,1.03986,1.04008,1.00,1.12
2016.09.19 21:15:20.687,1.03987,1.04008,1.00,1.12
2016.09.19 21:15:22.299,1.03987,1.04007,1.00,1.00
2016.09.19 21:15:22.448,1.03987,1.04007,1.00,1.12
2016.09.19 21:15:23.239,1.03986,1.04007,1.00,1.12
2016.09.19 21:15:23.398,1.03986,1.04009,1.00,1.00
2016.09.19 21:15:23.449,1.03986,1.04009,1.00,1.87
2016.09.19 21:15:23.500,1.03986,1.04007,1.00,1.37
2016.09.19 21:15:24.044,1.03988,1.04007,1.00,1.37
2016.09.19 21:15:24.621,1.03987,1.04007,1.00,1.37
2016.09.19 21:15:25.275,1.03987,1.04008,1.00,1.37
2016.09.19 21:15:25.451,1.03987,1.04008,1.00,1.12
2016.09.19 21:15:28.749,1.03992,1.04008,1.00,1.12
2016.09.19 21:15:28.803,1.03992,1.0401,1.00,1.37
2016.09.19 21:15:29.340,1.03993,1.0401,1.00,1.37
2016.09.19 21:15:30.751,1.03991,1.0401,1.00,1.37
2016.09.19 21:15:32.148,1.0399,1.0401,1.00,1.00
2016.09.19 21:15:32.245,1.0399,1.04009,1.00,1.37
2016.09.19 21:15:34.475,1.03994,1.0401,1.00,1.37
2016.09.19 21:15:35.477,1.03993,1.04014,1.00,1.87
2016.09.19 21:15:36.983,1.03995,1.04014,1.00,1.87
2016.09.19 21:15:38.925,1.03995,1.0401,1.00,1.00
2016.09.19 21:15:39.476,1.03994,1.0401,1.00,1.00
2016.09.19 21:15:42.604,1.03994,1.0401,1.00,1.37
2016.09.19 21:15:43.950,1.03994,1.04013,1.00,1.37
2016.09.19 21:15:44.019,1.03994,1.04016,1.00,1.37
2016.09.19 21:15:44.496,1.03988,1.0401,1.00,1.00
2016.09.19 21:15:44.699,1.03988,1.0401,1.00,1.37
2016.09.19 21:15:44.801,1.03988,1.0401,1.50,1.37
2016.09.19 21:15:45.693,1.03988,1.04011,1.00,1.37
2016.09.19 21:15:51.169,1.03989,1.04011,1.00,1.37
2016.09.19 21:15:51.679,1.03988,1.04011,1.00,1.37
2016.09.19 21:15:54.951,1.03988,1.04012,1.00,1.37
2016.09.19 21:15:55.002,1.03988,1.04012,1.00,1.87
2016.09.19 21:15:55.685,1.03988,1.04011,1.00,1.37
2016.09.19 21:15:58.497,1.03988,1.04012,1.00,1.37
2016.09.19 21:15:58.972,1.03988,1.0401,1.00,1.37
2016.09.19 21:15:59.577,1.03991,1.0401,1.00,1.37
2016.09.19 21:16:02.052,1.03991,1.0401,1.27,1.37
2016.09.19 21:16:05.733,1.03991,1.0401,1.52,1.37
2016.09.19 21:16:06.057,1.03991,1.0401,1.52,1.00
2016.09.19 21:16:08.639,1.03991,1.04012,1.52,1.00
2016.09.19 21:16:08.690,1.03991,1.04015,1.52,1.25
2016.09.19 21:16:08.741,1.03991,1.04015,1.52,1.62
2016.09.19 21:16:08.860,1.03991,1.04011,1.52,1.00
2016.09.19 21:16:13.146,1.03992,1.04011,1.52,1.00
2016.09.19 21:16:14.491,1.03991,1.04011,1.52,1.00
2016.09.19 21:16:15.055,1.0399,1.04011,1.52,1.00
2016.09.19 21:16:16.696,1.0399,1.04013,1.52,1.00
2016.09.19 21:16:18.631,1.03993,1.04013,1.19,1.00
2016.09.19 21:16:19.301,1.03993,1.04012,1.19,1.00
2016.09.19 21:16:19.999,1.03994,1.04015,1.19,1.00
2016.09.19 21:16:20.636,1.03993,1.04015,1.50,1.00
2016.09.19 21:16:24.138,1.03994,1.04015,1.19,1.00
2016.09.19 21:16:28.630,1.03994,1.04015,1.19,1.37
2016.09.19 21:16:29.169,1.03994,1.04014,1.19,1.37
2016.09.19 21:16:30.052,1.03994,1.04015,1.19,1.37
2016.09.19 21:16:36.018,1.03994,1.04015,1.25,1.62
2016.09.19 21:16:36.121,1.03991,1.04015,1.50,1.62
2016.09.19 21:16:38.012,1.03992,1.04015,1.19,1.62
2016.09.19 21:16:38.063,1.03992,1.04015,1.50,1.62
2016.09.19 21:16:41.051,1.03992,1.04015,1.50,1.37
2016.09.19 21:16:42.372,1.03992,1.04015,1.75,1.62
2016.09.19 21:16:44.352,1.03992,1.04015,1.50,1.37
2016.09.19 21:16:44.721,1.03991,1.04015,1.75,1.37
2016.09.19 21:16:44.772,1.03991,1.04015,1.50,1.62
2016.09.19 21:16:46.026,1.03992,1.04015,1.19,1.62
2016.09.19 21:16:46.096,1.03992,1.04015,1.50,1.62
2016.09.19 21:16:50.031,1.03992,1.04013,1.00,1.12
2016.09.19 21:16:50.082,1.03992,1.04015,1.00,3.75
2016.09.19 21:16:50.133,1.03986,1.04011,1.19,1.19
2016.09.19 21:16:50.184,1.03986,1.04011,1.19,1.19
2016.09.19 21:16:50.286,1.03986,1.04011,1.19,2.06
2016.09.19 21:16:51.224,1.03986,1.04011,1.19,2.06
2016.09.19 21:16:51.275,1.03983,1.0401,1.69,1.19
2016.09.19 21:16:51.326,1.03983,1.04005,1.19,1.00
2016.09.19 21:16:51.377,1.03983,1.04005,1.25,1.50
2016.09.19 21:16:51.480,1.03983,1.04005,1.00,1.19
2016.09.19 21:16:56.555,1.03983,1.04007,1.19,1.50
2016.09.19 21:16:58.984,1.03984,1.04011,1.75,1.87
2016.09.19 21:17:00.035,1.03983,1.04007,1.75,1.25
2016.09.19 21:17:00.087,1.03983,1.04007,1.19,1.50
2016.09.19 21:17:02.849,1.03985,1.04008,1.00,1.12
2016.09.19 21:17:02.951,1.03982,1.04007,1.19,1.50
2016.09.19 21:17:03.421,1.03982,1.04007,1.19,1.19
2016.09.19 21:17:05.260,1.03982,1.04006,1.19,1.19
2016.09.19 21:17:05.824,1.03982,1.04006,1.25,1.19
2016.09.19 21:17:06.965,1.03982,1.04007,1.75,1.25
2016.09.19 21:17:07.025,1.03982,1.04007,1.19,1.75
2016.09.19 21:17:07.081,1.03981,1.04005,1.19,1.19
2016.09.19 21:17:10.858,1.03981,1.04006,1.19,1.50
2016.09.19 21:17:11.274,1.0398,1.04007,1.69,1.19
2016.09.19 21:17:11.458,1.0398,1.04007,1.69,1.56
2016.09.19 21:17:11.509,1.0398,1.04007,1.69,1.31
2016.09.19 21:17:11.560,1.03982,1.04007,1.19,1.31
2016.09.19 21:17:14.344,1.03981,1.04007,1.19,1.31
2016.09.19 21:17:14.950,1.03981,1.04006,1.69,1.19
2016.09.19 21:17:15.052,1.03984,1.04006,3.75,1.00
2016.09.19 21:17:15.157,1.03986,1.04006,3.75,1.00
2016.09.19 21:17:15.260,1.03991,1.04012,1.19,1.37
2016.09.19 21:17:16.117,1.03991,1.04014,1.19,1.12
2016.09.19 21:17:16.168,1.03996,1.04016,1.19,1.87
2016.09.19 21:17:16.697,1.03996,1.04016,1.19,1.37
2016.09.19 21:17:20.980,1.03995,1.04016,1.19,1.37
2016.09.19 21:17:35.798,1.03996,1.04016,1.19,1.37
2016.09.19 21:17:37.420,1.03996,1.04015,1.19,1.37
2016.09.19 21:17:46.303,1.03987,1.04012,1.50,1.19
2016.09.19 21:17:46.405,1.03992,1.04013,1.19,1.00
2016.09.19 21:17:46.558,1.03992,1.04013,1.00,1.87
2016.09.19 21:17:46.609,1.03986,1.04013,1.75,2.62
2016.09.19 21:17:47.889,1.03986,1.04012,1.75,1.31
2016.09.19 21:17:48.882,1.03987,1.04012,1.50,2.06
2016.09.19 21:17:49.785,1.03986,1.04011,1.19,1.19
2016.09.19 21:17:49.837,1.03986,1.04011,1.19,1.31
2016.09.19 21:17:49.888,1.0398,1.04005,1.19,1.19
2016.09.19 21:17:49.990,1.03979,1.04006,1.50,1.50
2016.09.19 21:17:50.092,1.03979,1.04006,2.25,1.50
2016.09.19 21:17:50.660,1.0398,1.04006,3.75,1.00
2016.09.19 21:17:50.711,1.03985,1.0401,1.50,1.19
2016.09.19 21:17:53.726,1.03985,1.0401,1.50,1.31
2016.09.19 21:17:54.113,1.0398,1.04005,1.19,1.19
2016.09.19 21:17:54.964,1.0398,1.04005,1.75,1.00
2016.09.19 21:17:55.015,1.03984,1.04009,1.19,1.19
2016.09.19 21:17:55.813,1.03983,1.0401,1.50,1.31
2016.09.19 21:17:57.980,1.03983,1.0401,1.50,1.31
2016.09.19 21:17:58.230,1.03983,1.0401,1.50,1.19
2016.09.19 21:17:58.330,1.03983,1.0401,1.50,1.31
2016.09.19 21:17:58.963,1.03983,1.04009,1.50,1.56
2016.09.19 21:17:59.153,1.03983,1.04008,1.00,1.12
2016.09.19 21:17:59.204,1.03979,1.04004,1.69,1.19
2016.09.19 21:18:00.296,1.03982,1.04009,1.50,2.06
2016.09.19 21:18:00.590,1.03983,1.04008,1.19,1.31
2016.09.19 21:18:02.997,1.03982,1.04009,1.50,2.06
2016.09.19 21:18:03.099,1.03979,1.04003,1.19,1.19
2016.09.19 21:18:04.298,1.03988,1.04011,1.00,1.87
2016.09.19 21:18:04.349,1.03988,1.04011,1.00,1.50
2016.09.19 21:18:04.400,1.03987,1.04011,1.00,1.50
2016.09.19 21:18:04.672,1.03987,1.04011,1.00,1.00
2016.09.19 21:18:07.705,1.03989,1.04011,1.25,1.00
2016.09.19 21:18:08.838,1.03987,1.04011,1.69,1.00
2016.09.19 21:18:08.940,1.03987,1.04015,1.69,1.00
2016.09.19 21:18:08.991,1.03988,1.04015,1.00,1.00
2016.09.19 21:18:09.042,1.03994,1.04015,1.00,1.00
2016.09.19 21:18:09.093,1.03994,1.04015,1.50,1.00
2016.09.19 21:18:09.195,1.03994,1.04015,1.00,1.00
2016.09.19 21:18:09.246,1.03994,1.04015,1.00,1.37
2016.09.19 21:18:09.348,1.03989,1.04015,4.05,1.37
2016.09.19 21:18:11.599,1.0399,1.04015,1.30,1.37
2016.09.19 21:18:17.959,1.0399,1.04016,1.30,1.62
2016.09.19 21:18:18.010,1.03989,1.04016,4.05,1.62
2016.09.19 21:18:18.061,1.03989,1.04016,4.05,1.25
2016.09.19 21:18:18.984,1.03989,1.04017,4.05,1.19
2016.09.19 21:18:20.622,1.0399,1.04017,1.30,1.19
2016.09.19 21:18:24.996,1.0399,1.04017,1.30,1.31
2016.09.19 21:18:25.098,1.0399,1.04017,1.30,1.19
2016.09.19 21:18:28.252,1.0399,1.04016,1.30,1.25
2016.09.19 21:18:29.193,1.0399,1.04016,1.75,1.00
2016.09.19 21:18:29.244,1.03994,1.04016,1.19,1.00
2016.09.19 21:18:29.804,1.03993,1.04016,1.19,1.00
2016.09.19 21:18:31.114,1.03993,1.04016,1.19,1.56
2016.09.19 21:18:31.256,1.03993,1.04016,1.19,1.31
2016.09.19 21:18:32.958,1.03993,1.04016,1.19,1.19
2016.09.19 21:18:33.009,1.03993,1.04015,1.19,1.00
2016.09.19 21:18:33.111,1.03993,1.04017,1.19,1.25
2016.09.19 21:18:33.725,1.03994,1.04017,1.19,1.25
2016.09.19 21:18:36.221,1.03993,1.04017,1.19,1.25
2016.09.19 21:18:43.581,1.03993,1.04018,1.19,1.19
2016.09.19 21:18:44.635,1.03993,1.04016,1.19,1.00
2016.09.19 21:18:48.356,1.03993,1.04017,1.19,1.25
2016.09.19 21:18:59.616,1.03993,1.04011,1.00,1.75
2016.09.19 21:18:59.667,1.03983,1.04008,2.25,1.19
2016.09.19 21:19:00.116,1.03983,1.04008,2.25,1.00
2016.09.19 21:19:00.167,1.03987,1.04011,1.50,1.00
2016.09.19 21:19:00.732,1.03987,1.04013,1.50,1.56
2016.09.19 21:19:00.835,1.03987,1.04011,1.50,1.00
2016.09.19 21:19:00.886,1.03987,1.04012,1.50,1.31
2016.09.19 21:19:01.003,1.03987,1.04012,1.50,1.62
2016.09.19 21:19:01.105,1.03987,1.04012,1.50,1.31
2016.09.19 21:19:02.243,1.03988,1.04012,1.19,1.31
2016.09.19 21:19:02.507,1.03988,1.04012,1.19,1.62
2016.09.19 21:19:02.608,1.03988,1.04012,1.19,1.25
2016.09.19 21:19:05.795,1.03992,1.04014,1.00,1.56
2016.09.19 21:19:05.847,1.03992,1.04014,1.19,1.37
2016.09.19 21:19:11.036,1.03992,1.04014,1.50,1.37
2016.09.19 21:19:11.123,1.03994,1.04014,1.19,1.37
2016.09.19 21:19:11.297,1.03994,1.04014,1.19,1.00
2016.09.19 21:19:12.717,1.03994,1.04015,1.19,1.00
2016.09.19 21:19:18.332,1.03994,1.04014,1.19,1.00
2016.09.19 21:19:19.160,1.03993,1.04014,1.19,1.00
2016.09.19 21:19:25.892,1.03993,1.04015,1.19,1.00
2016.09.19 21:19:28.501,1.03993,1.04015,1.19,1.12
2016.09.19 21:19:28.586,1.03993,1.04014,1.19,1.00
2016.09.19 21:19:35.993,1.03993,1.04015,1.19,1.00
2016.09.19 21:19:36.698,1.03993,1.04011,1.19,1.00
2016.09.19 21:19:36.749,1.03993,1.04011,1.00,1.12
2016.09.19 21:19:36.800,1.03989,1.04011,1.50,1.12
2016.09.19 21:19:37.800,1.03989,1.04013,1.50,1.56
2016.09.19 21:19:37.851,1.03989,1.04013,1.50,1.19
2016.09.19 21:19:37.903,1.03984,1.0402,3.75,3.75
2016.09.19 21:19:37.954,1.03982,1.04021,1.00,1.00
2016.09.19 21:19:40.295,1.03985,1.04012,1.75,1.25
2016.09.19 21:19:40.397,1.03985,1.04012,1.75,1.50
2016.09.19 21:19:42.071,1.03985,1.04012,1.19,1.75
2016.09.19 21:19:42.122,1.03983,1.0401,1.50,1.75
2016.09.19 21:19:42.174,1.03983,1.0401,1.75,1.19
2016.09.19 21:19:42.252,1.03987,1.04012,1.00,1.75
2016.09.19 21:19:42.304,1.03982,1.04009,1.50,1.19
2016.09.19 21:19:42.501,1.03983,1.04009,1.19,1.19
2016.09.19 21:19:44.953,1.03983,1.04009,1.75,1.25
2016.09.19 21:19:45.182,1.03985,1.04012,1.50,1.19
2016.09.19 21:19:47.123,1.03986,1.04011,1.19,1.19
2016.09.19 21:19:51.602,1.03982,1.04023,1.00,1.00
2016.09.19 21:19:52.112,1.03982,1.04018,1.00,1.00
2016.09.19 21:19:52.294,1.03984,1.04009,1.00,1.75
2016.09.19 21:19:52.397,1.03984,1.04009,1.19,1.19
2016.09.19 21:19:53.725,1.03983,1.0401,1.50,1.19
2016.09.19 21:19:54.083,1.03983,1.0401,1.75,1.19
2016.09.19 21:19:54.134,1.03981,1.04005,1.75,1.00
2016.09.19 21:19:54.185,1.03981,1.04005,1.25,1.19
2016.09.19 21:19:54.381,1.03979,1.04005,1.19,1.19
2016.09.19 21:19:55.994,1.03981,1.04005,1.19,1.50
2016.09.19 21:19:56.096,1.03982,1.04004,1.25,1.19
2016.09.19 21:19:56.198,1.03982,1.04014,1.00,1.00
2016.09.19 21:19:56.263,1.03982,1.0401,1.00,3.75
2016.09.19 21:19:56.315,1.03982,1.04004,1.00,1.19
2016.09.19 21:19:57.271,1.03982,1.04004,1.50,1.00
2016.09.19 21:19:57.323,1.03984,1.04011,1.19,1.75
2016.09.19 21:19:57.374,1.03984,1.04011,1.50,1.19
2016.09.19 21:20:00.403,1.03985,1.04012,1.50,1.19
2016.09.19 21:20:00.506,1.03982,1.04015,1.00,1.00
2016.09.19 21:20:00.557,1.03982,1.04015,1.00,1.37
2016.09.19 21:20:01.642,1.03982,1.04017,1.00,1.37
2016.09.19 21:20:02.017,1.03982,1.04014,1.00,1.37
2016.09.19 21:20:02.069,1.03992,1.04014,1.19,1.62
2016.09.19 21:20:02.701,1.03982,1.04009,2.25,1.50
2016.09.19 21:20:02.804,1.03982,1.04004,1.00,1.19
2016.09.19 21:20:03.905,1.03984,1.04005,1.00,1.19
2016.09.19 21:20:05.011,1.03982,1.04005,1.75,1.00
2016.09.19 21:20:05.461,1.03985,1.0401,1.19,1.19
2016.09.19 21:20:07.616,1.03985,1.0401,2.25,1.25
2016.09.19 21:20:07.667,1.03986,1.04013,1.50,1.19
2016.09.19 21:20:07.718,1.03985,1.04005,1.00,1.19
2016.09.19 21:20:11.193,1.03985,1.04005,1.50,1.00
2016.09.19 21:20:11.262,1.03985,1.04012,1.50,1.75
2016.09.19 21:20:11.313,1.03985,1.04009,1.00,3.75
2016.09.19 21:20:11.365,1.03982,1.04004,1.25,1.19
2016.09.19 21:20:13.870,1.03982,1.04005,1.25,1.50
2016.09.19 21:20:16.654,1.03983,1.04005,1.00,1.50
2016.09.19 21:20:16.831,1.03983,1.04004,1.00,1.19
2016.09.19 21:20:17.447,1.03983,1.04005,1.00,1.50
2016.09.19 21:20:17.970,1.03982,1.04005,1.25,1.50
2016.09.19 21:20:18.021,1.03982,1.04005,1.19,1.19
2016.09.19 21:20:18.073,1.03982,1.04006,1.19,1.50
2016.09.19 21:20:18.851,1.03981,1.04006,1.19,1.50
2016.09.19 21:20:19.402,1.03981,1.04006,4.50,1.00
2016.09.19 21:20:19.453,1.03986,1.04011,1.50,1.31
2016.09.19 21:20:21.416,1.03981,1.04005,1.19,1.19
2016.09.19 21:20:24.001,1.03981,1.04005,1.75,1.00
2016.09.19 21:20:24.052,1.03986,1.04011,1.19,1.31
2016.09.19 21:20:28.164,1.03986,1.04011,1.19,1.19
2016.09.19 21:20:30.097,1.03986,1.04011,1.50,1.19
2016.09.19 21:20:30.149,1.0399,1.04012,1.00,1.44
2016.09.19 21:20:30.200,1.0399,1.04015,1.19,2.06
2016.09.19 21:20:30.251,1.03989,1.04015,1.19,1.56
2016.09.19 21:20:31.191,1.03989,1.04016,1.19,1.87
2016.09.19 21:20:31.242,1.03984,1.04011,1.75,1.25
2016.09.19 21:20:31.316,1.03984,1.04011,1.75,1.50
2016.09.19 21:20:32.686,1.03984,1.04011,1.33,1.19
2016.09.19 21:20:32.738,1.03981,1.04011,1.75,1.19
2016.09.19 21:20:35.277,1.03981,1.04005,1.25,1.00
2016.09.19 21:20:35.329,1.03981,1.04005,1.00,1.19
2016.09.19 21:20:36.045,1.03981,1.04006,1.00,1.50
2016.09.19 21:20:38.376,1.03982,1.04006,1.00,1.50
2016.09.19 21:20:38.557,1.03982,1.04005,1.00,1.19
2016.09.19 21:20:38.608,1.03982,1.04005,1.25,1.00
2016.09.19 21:20:38.660,1.03983,1.04013,1.25,1.19
2016.09.19 21:20:38.813,1.03984,1.04012,1.25,1.75
2016.09.19 21:20:38.864,1.03982,1.04012,1.75,1.75
2016.09.19 21:20:38.967,1.03983,1.04011,1.25,1.50
2016.09.19 21:20:43.954,1.03982,1.0401,1.25,1.19
2016.09.19 21:20:46.160,1.03981,1.04005,1.25,1.00
2016.09.19 21:20:46.211,1.03984,1.04005,3.25,1.00
2016.09.19 21:20:46.263,1.03986,1.04016,1.25,1.50
2016.09.19 21:20:48.296,1.03986,1.04015,1.25,1.19
2016.09.19 21:20:48.347,1.03986,1.04015,1.25,1.50
2016.09.19 21:20:49.231,1.03986,1.04015,1.25,1.50
2016.09.19 21:20:49.384,1.03987,1.04014,1.25,1.19
2016.09.19 21:20:49.639,1.03987,1.04014,4.00,1.25
2016.09.19 21:20:49.690,1.0399,1.04019,1.25,4.50
2016.09.19 21:20:49.741,1.0399,1.04019,1.25,1.69
2016.09.19 21:20:49.792,1.03988,1.04019,4.00,1.69
2016.09.19 21:20:49.844,1.03988,1.04019,3.75,1.69
2016.09.19 21:20:49.895,1.03989,1.04018,1.00,1.19
2016.09.19 21:20:50.894,1.03988,1.04019,3.75,1.69
2016.09.19 21:20:51.281,1.03989,1.04018,1.00,1.19
2016.09.19 21:20:52.383,1.03988,1.04019,3.75,1.69
2016.09.19 21:20:55.765,1.0399,1.04019,1.00,1.69
2016.09.19 21:20:55.816,1.0399,1.04019,1.00,1.19
2016.09.19 21:20:58.007,1.03989,1.04018,1.00,1.19
2016.09.19 21:20:58.176,1.03989,1.04018,1.00,1.19
2016.09.19 21:21:08.691,1.03988,1.04018,3.00,1.19
2016.09.19 21:21:08.742,1.03988,1.04018,2.17,1.50
2016.09.19 21:21:09.820,1.03988,1.04018,2.17,1.50
2016.09.19 21:21:09.871,1.03987,1.04018,2.92,1.75
2016.09.19 21:21:09.923,1.03987,1.04017,2.17,1.50
2016.09.19 21:21:10.740,1.03988,1.04019,2.85,1.50
2016.09.19 21:21:10.843,1.03988,1.04018,2.85,1.19
2016.09.19 21:21:10.905,1.03988,1.04016,2.10,1.25
2016.09.19 21:21:11.013,1.03988,1.04017,1.00,1.19
2016.09.19 21:21:11.115,1.03987,1.04018,2.85,2.06
2016.09.19 21:21:14.914,1.03987,1.04016,2.10,1.25
2016.09.19 21:21:14.965,1.03985,1.04016,2.85,1.19
2016.09.19 21:21:15.784,1.03986,1.04015,1.00,1.19
2016.09.19 21:21:20.221,1.03982,1.04006,1.00,1.50
2016.09.19 21:21:20.528,1.0398,1.04006,1.00,1.50
2016.09.19 21:21:21.522,1.0398,1.04005,1.00,1.19
2016.09.19 21:21:22.648,1.0398,1.04009,1.00,4.50
2016.09.19 21:21:22.713,1.03987,1.04009,1.00,3.75
2016.09.19 21:21:22.764,1.03987,1.04018,2.85,1.19
2016.09.19 21:21:25.815,1.03988,1.04017,1.00,1.19
2016.09.19 21:21:30.649,1.03988,1.04017,3.60,1.19
2016.09.19 21:21:31.642,1.03988,1.04017,3.60,1.69
2016.09.19 21:21:31.693,1.03988,1.04017,3.60,2.06
2016.09.19 21:21:33.205,1.03988,1.04017,3.60,1.31
2016.09.19 21:21:34.641,1.03988,1.04017,3.60,2.06
2016.09.19 21:21:34.918,1.03987,1.04017,3.60,1.31
2016.09.19 21:21:41.757,1.03988,1.04017,1.00,2.06
2016.09.19 21:21:41.911,1.03987,1.04017,3.60,1.31
2016.09.19 21:21:43.062,1.03987,1.04017,3.49,1.87
2016.09.19 21:21:43.113,1.03987,1.04016,3.49,1.50
2016.09.19 21:21:43.164,1.03987,1.04016,3.49,1.87
2016.09.19 21:21:44.259,1.03987,1.04016,3.49,1.31
2016.09.19 21:21:44.412,1.03987,1.04016,2.74,1.31
2016.09.19 21:21:44.464,1.03985,1.04016,3.49,1.87
2016.09.19 21:21:44.864,1.03985,1.04016,3.49,1.75
2016.09.19 21:21:44.915,1.03985,1.04016,3.49,2.25
2016.09.19 21:21:46.161,1.03986,1.04016,2.74,2.25
2016.09.19 21:21:50.780,1.03988,1.04016,3.49,1.37
2016.09.19 21:21:50.882,1.03988,1.04016,3.49,1.12
2016.09.19 21:21:51.213,1.03988,1.04016,1.00,1.31
2016.09.19 21:21:51.366,1.03987,1.04016,2.74,1.31
2016.09.19 21:21:51.456,1.03986,1.04016,3.37,1.31
2016.09.19 21:21:51.566,1.03986,1.04016,3.30,1.31
2016.09.19 21:21:51.618,1.03987,1.04016,1.00,2.06
2016.09.19 21:21:53.113,1.03989,1.04016,2.55,1.87
2016.09.19 21:21:53.164,1.03989,1.04016,2.55,1.12
2016.09.19 21:21:54.097,1.03989,1.04016,2.55,1.31
2016.09.19 21:21:54.659,1.03989,1.04018,2.55,1.12
2016.09.19 21:21:55.404,1.03989,1.04018,2.55,1.87
2016.09.19 21:21:55.733,1.03989,1.04018,3.30,2.62
2016.09.19 21:21:56.443,1.03989,1.04015,2.55,1.00
2016.09.19 21:21:56.494,1.03988,1.04015,1.00,1.19
2016.09.19 21:21:56.545,1.0399,1.04015,1.00,1.19
2016.09.19 21:21:56.596,1.0399,1.04015,1.00,1.00
2016.09.19 21:21:56.648,1.03989,1.04009,2.55,1.00
2016.09.19 21:21:56.699,1.03978,1.04004,1.00,3.75
2016.09.19 21:21:56.751,1.03971,1.04,1.00,1.19
2016.09.19 21:21:57.456,1.0397,1.04001,3.30,1.50
2016.09.19 21:21:58.246,1.0397,1.03999,3.30,1.25
2016.09.19 21:21:58.297,1.0397,1.03999,1.00,1.50
2016.09.19 21:22:00.809,1.0397,1.03999,1.00,1.75
2016.09.19 21:22:00.860,1.03969,1.03998,1.00,1.50
2016.09.19 21:22:03.809,1.03969,1.03998,1.00,1.75
2016.09.19 21:22:03.860,1.03967,1.03995,2.55,1.25
2016.09.19 21:22:03.912,1.03966,1.03995,1.00,1.19
2016.09.19 21:22:04.109,1.03964,1.03994,1.87,1.19
2016.09.19 21:22:04.161,1.03964,1.03995,1.12,1.19
2016.09.19 21:22:06.593,1.03964,1.03995,1.12,1.75
2016.09.19 21:22:06.695,1.03964,1.03995,3.67,1.50
2016.09.19 21:22:06.746,1.03964,1.03995,3.30,1.50
2016.09.19 21:22:06.868,1.03964,1.03995,2.55,1.50
2016.09.19 21:22:10.268,1.03963,1.03995,1.50,4.50
2016.09.19 21:22:10.320,1.03963,1.03994,1.00,1.19
2016.09.19 21:22:11.225,1.03963,1.03994,1.00,1.75
2016.09.19 21:22:11.277,1.03963,1.03991,1.00,1.19
2016.09.19 21:22:11.438,1.03961,1.03992,3.67,1.50
2016.09.19 21:22:11.691,1.03961,1.03992,1.67,1.19
2016.09.19 21:22:11.946,1.03966,1.03991,1.11,1.19
2016.09.19 21:22:12.137,1.03965,1.03992,1.42,1.19
2016.09.19 21:22:14.462,1.03965,1.03992,1.61,1.19
2016.09.19 21:22:15.777,1.03965,1.03992,1.42,1.19
2016.09.19 21:22:19.775,1.03965,1.03992,1.42,1.19
2016.09.19 21:22:19.879,1.03966,1.03991,1.11,1.19
2016.09.19 21:22:19.945,1.03965,1.03992,1.42,1.19
2016.09.19 21:22:20.091,1.03965,1.03992,1.11,1.75
2016.09.19 21:22:20.193,1.03964,1.03991,1.11,1.50
2016.09.19 21:22:20.245,1.03965,1.0399,1.11,1.19
2016.09.19 21:22:22.360,1.03964,1.03991,1.11,1.50
2016.09.19 21:22:22.637,1.03965,1.0399,1.11,1.19
2016.09.19 21:22:24.049,1.03965,1.03992,1.11,1.75
2016.09.19 21:22:24.100,1.03965,1.03992,1.42,1.19
2016.09.19 21:22:28.990,1.03965,1.03992,1.42,1.19
2016.09.19 21:22:29.210,1.03965,1.03992,1.42,1.19
2016.09.19 21:22:29.501,1.03966,1.03991,1.11,1.19
2016.09.19 21:22:30.354,1.03965,1.03992,1.42,1.19
2016.09.19 21:22:30.887,1.03965,1.0399,1.42,1.19
2016.09.19 21:22:30.939,1.03965,1.0399,1.11,1.19
2016.09.19 21:22:31.655,1.03965,1.03991,1.11,1.50
2016.09.19 21:22:31.707,1.03965,1.03991,1.19,1.50
2016.09.19 21:22:32.812,1.03965,1.03991,1.19,1.75
2016.09.19 21:22:32.863,1.03963,1.03989,1.50,1.50
2016.09.19 21:22:33.221,1.03963,1.03989,1.75,1.19
2016.09.19 21:22:33.272,1.03966,1.0399,1.19,1.50
2016.09.19 21:22:33.743,1.03965,1.03991,1.19,1.75
2016.09.19 21:22:35.394,1.03964,1.03988,1.50,1.19
2016.09.19 21:22:35.445,1.03964,1.03988,1.19,1.19
2016.09.19 21:22:36.661,1.03963,1.03989,1.19,1.19
2016.09.19 21:22:37.684,1.03964,1.03988,1.19,1.19
2016.09.19 21:22:38.409,1.03963,1.03989,1.19,1.19
2016.09.19 21:22:40.611,1.03966,1.0399,1.19,1.19
2016.09.19 21:22:40.765,1.03963,1.03989,1.50,1.19
2016.09.19 21:22:40.816,1.03963,1.03989,1.19,1.19
2016.09.19 21:22:43.243,1.03963,1.03989,1.50,1.19
2016.09.19 21:22:43.294,1.03966,1.0399,1.19,1.19
2016.09.19 21:22:47.989,1.03964,1.03988,1.19,1.25
2016.09.19 21:22:48.040,1.03964,1.03988,1.19,1.19
2016.09.19 21:22:49.484,1.03965,1.03991,1.19,1.75
2016.09.19 21:22:51.225,1.03966,1.0399,1.25,1.50
2016.09.19 21:22:51.276,1.03964,1.03988,1.19,1.19
2016.09.19 21:22:55.424,1.03974,1.03989,3.75,1.00
2016.09.19 21:22:55.527,1.0398,1.03998,1.00,1.37
2016.09.19 21:22:55.580,1.0397,1.03994,1.00,1.00
2016.09.19 21:22:55.632,1.0397,1.03994,1.19,1.19
2016.09.19 21:22:55.785,1.03969,1.03995,1.19,1.31
2016.09.19 21:22:56.418,1.0397,1.03994,1.19,1.19
2016.09.19 21:22:56.608,1.03973,1.03996,1.00,1.12
2016.09.19 21:22:56.711,1.03964,1.03996,3.75,1.12
2016.09.19 21:22:56.794,1.03965,1.03989,1.75,1.00
2016.09.19 21:22:57.226,1.03965,1.03989,1.19,1.50
2016.09.19 21:22:57.566,1.03964,1.0399,1.19,1.75
2016.09.19 21:23:00.053,1.03966,1.0399,1.19,1.75
2016.09.19 21:23:00.107,1.03966,1.0399,1.19,1.19
2016.09.19 21:23:01.715,1.03968,1.03992,1.00,1.50
2016.09.19 21:23:01.817,1.03966,1.0399,1.19,1.19
2016.09.19 21:23:07.628,1.03968,1.03992,1.19,1.75
2016.09.19 21:23:07.679,1.03968,1.03992,1.25,1.50
2016.09.19 21:23:07.730,1.03966,1.0399,1.19,1.19
2016.09.19 21:23:08.391,1.03968,1.03992,1.25,1.50
2016.09.19 21:23:08.442,1.03968,1.03992,1.19,1.19
2016.09.19 21:23:08.992,1.03968,1.03994,1.19,1.50
2016.09.19 21:23:09.043,1.03968,1.03994,1.19,1.19
2016.09.19 21:23:11.218,1.03966,1.0399,1.75,1.00
2016.09.19 21:23:11.269,1.03966,1.0399,1.19,1.50
2016.09.19 21:23:12.338,1.03966,1.0399,1.75,1.00
2016.09.19 21:23:12.441,1.03967,1.03993,1.19,1.19
2016.09.19 21:23:13.597,1.03968,1.03992,1.19,1.19
2016.09.19 21:23:14.135,1.03967,1.03993,1.19,1.19
2016.09.19 21:23:15.801,1.03968,1.03992,1.19,1.19
2016.09.19 21:23:17.801,1.03967,1.03993,1.19,1.19
2016.09.19 21:23:21.704,1.03968,1.03992,1.19,1.19
2016.09.19 21:23:22.074,1.03968,1.03992,1.00,1.50
2016.09.19 21:23:22.126,1.03963,1.03991,1.25,1.19
2016.09.19 21:23:22.457,1.03963,1.03991,1.43,1.19
2016.09.19 21:23:27.008,1.03963,1.03992,1.43,1.50
2016.09.19 21:23:29.352,1.03963,1.03992,1.43,1.19
2016.09.19 21:23:29.736,1.03963,1.03991,1.93,1.19
2016.09.19 21:23:30.815,1.03963,1.03992,1.43,1.19
2016.09.19 21:23:31.228,1.03964,1.03993,1.43,1.50
2016.09.19 21:23:31.280,1.03964,1.03993,1.51,1.75
2016.09.19 21:23:31.331,1.03964,1.0399,1.51,1.19
2016.09.19 21:23:32.863,1.03964,1.03992,1.93,1.75
2016.09.19 21:23:32.965,1.03964,1.0399,1.51,1.50
2016.09.19 21:23:34.372,1.03964,1.0399,1.43,1.00
2016.09.19 21:23:34.423,1.03965,1.03991,1.43,1.25
2016.09.19 21:23:34.474,1.03965,1.03991,1.19,1.19
2016.09.19 21:23:36.418,1.03969,1.03991,3.43,1.00
2016.09.19 21:23:36.469,1.03971,1.03999,1.50,1.56
2016.09.19 21:23:36.520,1.03971,1.04,1.50,1.99
2016.09.19 21:23:36.571,1.03971,1.04,1.50,1.49
2016.09.19 21:23:36.623,1.03967,1.03996,1.93,1.11
2016.09.19 21:23:36.826,1.03967,1.03996,1.43,1.35
2016.09.19 21:23:37.011,1.03967,1.03996,4.18,1.04
2016.09.19 21:23:37.063,1.03968,1.04,1.43,1.60
2016.09.19 21:23:37.114,1.03968,1.04,1.43,1.60
2016.09.19 21:23:37.749,1.03969,1.03999,1.43,1.60
2016.09.19 21:23:41.626,1.03971,1.04001,1.25,1.35
2016.09.19 21:23:42.061,1.03969,1.04002,3.68,1.60
2016.09.19 21:23:42.164,1.0397,1.04001,1.25,1.35
2016.09.19 21:23:44.851,1.03969,1.04,1.19,1.60
2016.09.19 21:23:46.314,1.03969,1.04,1.43,1.60
2016.09.19 21:23:47.174,1.03969,1.04001,1.43,1.60
2016.09.19 21:23:47.225,1.03974,1.04,1.19,1.35
2016.09.19 21:23:47.276,1.03973,1.04001,1.19,1.60
2016.09.19 21:23:48.016,1.03973,1.04001,1.00,4.35
2016.09.19 21:23:48.068,1.03968,1.03998,1.93,1.60
2016.09.19 21:23:48.247,1.03968,1.03999,1.43,1.60
2016.09.19 21:23:48.456,1.03969,1.03998,3.43,1.04
2016.09.19 21:23:48.558,1.03968,1.03998,1.93,1.35
2016.09.19 21:23:48.672,1.0397,1.04,1.18,1.60
2016.09.19 21:23:48.724,1.0397,1.04,1.50,1.35
2016.09.19 21:23:49.248,1.03971,1.04001,1.25,1.35
2016.09.19 21:23:49.759,1.0397,1.04002,1.50,1.60
2016.09.19 21:23:51.244,1.03971,1.04001,1.25,1.35
2016.09.19 21:23:51.347,1.03968,1.04,1.93,1.60
2016.09.19 21:23:52.275,1.03969,1.03999,1.43,1.60
2016.09.19 21:23:52.326,1.03969,1.03999,4.18,1.04
2016.09.19 21:23:52.412,1.03971,1.04001,1.25,1.60
2016.09.19 21:23:52.862,1.03969,1.03999,1.43,1.35
2016.09.19 21:23:54.021,1.03969,1.03999,1.43,1.60
2016.09.19 21:23:55.024,1.0397,1.03999,1.43,1.60
2016.09.19 21:23:55.943,1.0397,1.04,1.43,1.60
2016.09.19 21:23:56.924,1.0397,1.04,1.43,1.50
2016.09.19 21:23:56.975,1.0397,1.03999,1.43,1.19
2016.09.19 21:23:57.027,1.03969,1.03999,1.43,1.19
2016.09.19 21:23:57.459,1.03969,1.03999,1.43,1.50
2016.09.19 21:23:58.541,1.03969,1.03999,1.19,1.75
2016.09.19 21:23:58.592,1.03967,1.03998,3.68,1.75
2016.09.19 21:23:59.164,1.03967,1.03999,4.43,1.50
2016.09.19 21:24:00.859,1.03966,1.03997,2.93,1.75
2016.09.19 21:24:01.028,1.03965,1.03997,4.43,1.19
2016.09.19 21:24:01.929,1.03966,1.03997,2.93,1.19
2016.09.19 21:24:01.980,1.03966,1.03998,3.68,1.19
2016.09.19 21:24:02.435,1.03968,1.03998,1.19,1.19
2016.09.19 21:24:02.488,1.03968,1.03998,3.68,1.50
2016.09.19 21:24:04.846,1.03968,1.03998,1.19,1.75
2016.09.19 21:24:04.922,1.03967,1.03997,3.68,1.50
2016.09.19 21:24:05.370,1.03967,1.03998,2.93,1.75
2016.09.19 21:24:06.351,1.03967,1.03996,2.93,1.19
2016.09.19 21:24:07.160,1.03968,1.03996,1.43,1.19
2016.09.19 21:24:07.869,1.03968,1.03998,1.43,1.50
2016.09.19 21:24:09.035,1.03968,1.03998,4.18,1.19
2016.09.19 21:24:09.086,1.03969,1.03999,1.43,1.87
2016.09.19 21:24:12.156,1.03968,1.03998,4.18,1.31
2016.09.19 21:24:12.238,1.03968,1.03998,3.17,1.31
2016.09.19 21:24:12.290,1.03968,1.03998,2.99,1.31
2016.09.19 21:24:12.342,1.03968,1.03998,2.99,1.19
2016.09.19 21:24:12.393,1.03969,1.03999,1.00,1.31
2016.09.19 21:24:13.140,1.03969,1.03999,3.49,1.87
2016.09.19 21:24:14.954,1.03969,1.03999,1.00,1.87
2016.09.19 21:24:15.005,1.03968,1.03998,1.00,1.31
2016.09.19 21:24:21.546,1.03968,1.03998,1.00,1.19
2016.09.19 21:24:21.697,1.03967,1.03997,3.49,1.19
2016.09.19 21:24:23.646,1.03968,1.03997,3.25,1.19
2016.09.19 21:24:23.698,1.03968,1.03998,4.00,1.50
2016.09.19 21:24:25.049,1.03968,1.03998,4.00,1.87
2016.09.19 21:24:25.677,1.03968,1.03998,1.25,1.31
2016.09.19 21:24:26.149,1.03968,1.03998,1.00,1.87
2016.09.19 21:24:26.200,1.03966,1.03995,2.74,1.19
2016.09.19 21:24:26.972,1.03966,1.03998,3.49,1.50
2016.09.19 21:24:30.153,1.03966,1.03998,3.49,1.87
2016.09.19 21:24:30.573,1.03966,1.03996,3.49,1.19
2016.09.19 21:24:30.624,1.03966,1.03996,1.00,1.19
2016.09.19 21:24:30.675,1.03968,1.03998,1.00,1.87
2016.09.19 21:24:30.900,1.03968,1.03998,1.00,1.31
2016.09.19 21:24:31.455,1.03968,1.03998,1.00,1.19
2016.09.19 21:24:31.775,1.03967,1.03997,2.74,1.19
2016.09.19 21:24:31.952,1.03965,1.03997,4.24,1.19
2016.09.19 21:24:32.109,1.03965,1.03997,3.74,1.75
2016.09.19 21:24:32.361,1.03965,1.03995,2.99,1.50
2016.09.19 21:24:33.078,1.03965,1.03994,2.99,1.19
2016.09.19 21:24:33.130,1.03965,1.03994,1.00,1.75
2016.09.19 21:24:33.285,1.03965,1.03993,1.00,1.50
2016.09.19 21:24:33.711,1.03966,1.03993,1.00,1.25
2016.09.19 21:24:34.145,1.03966,1.03995,1.00,1.19
2016.09.19 21:24:36.981,1.03966,1.03997,1.00,1.50
2016.09.19 21:24:37.215,1.03966,1.03997,4.00,1.75
2016.09.19 21:24:37.280,1.03967,1.03995,1.25,1.19
2016.09.19 21:24:37.332,1.03967,1.03995,1.25,1.50
2016.09.19 21:24:37.384,1.03966,1.03994,1.75,1.19
2016.09.19 21:24:38.391,1.03966,1.03993,1.25,1.19
2016.09.19 21:24:38.493,1.03965,1.03993,1.75,1.19
2016.09.19 21:24:38.983,1.03966,1.03994,1.25,1.19
2016.09.19 21:24:40.501,1.03967,1.03995,1.33,1.50
2016.09.19 21:24:40.552,1.03967,1.03995,4.00,1.00
2016.09.19 21:24:40.604,1.03968,1.03998,1.25,1.56
2016.09.19 21:24:41.218,1.03968,1.03997,1.25,1.12
2016.09.19 21:24:41.285,1.03966,1.03994,1.25,1.19
2016.09.19 21:24:41.738,1.03967,1.03994,3.25,1.25
2016.09.19 21:24:41.958,1.03968,1.03996,1.25,1.19
2016.09.19 21:24:42.335,1.03966,1.03996,4.00,1.50
2016.09.19 21:24:42.437,1.03966,1.03996,1.00,1.75
2016.09.19 21:24:42.520,1.03965,1.03993,1.00,1.19
2016.09.19 21:24:43.504,1.03964,1.03993,1.00,1.19
2016.09.19 21:24:45.312,1.03964,1.03994,1.00,1.19
2016.09.19 21:24:46.690,1.03964,1.03994,1.50,1.19
2016.09.19 21:24:46.742,1.03964,1.03994,4.24,1.19
2016.09.19 21:24:48.037,1.03964,1.03995,3.49,1.19
2016.09.19 21:24:48.243,1.03964,1.03994,2.99,1.19
2016.09.19 21:24:48.514,1.03966,1.03996,2.99,1.31
2016.09.19 21:24:49.169,1.03966,1.03996,2.99,1.19
2016.09.19 21:24:49.401,1.03966,1.03995,2.24,1.19
2016.09.19 21:24:49.452,1.03966,1.03995,2.24,1.25
2016.09.19 21:24:49.503,1.03966,1.03994,2.24,1.00
2016.09.19 21:24:49.555,1.03967,1.03994,2.24,1.25
2016.09.19 21:24:49.606,1.03967,1.03995,2.24,1.19
2016.09.19 21:24:49.657,1.03964,1.03995,2.99,1.50
2016.09.19 21:24:51.232,1.03964,1.03995,3.49,1.50
2016.09.19 21:24:52.012,1.03964,1.03996,4.24,1.75
2016.09.19 21:24:52.063,1.03965,1.03996,2.74,1.75
2016.09.19 21:24:53.160,1.03968,1.03996,2.74,1.19
2016.09.19 21:24:53.211,1.03968,1.03997,2.74,1.31
2016.09.19 21:24:53.431,1.03967,1.03997,3.49,1.31
2016.09.19 21:24:53.534,1.03965,1.03995,3.49,1.19
2016.09.19 21:24:53.635,1.03966,1.03995,2.74,1.25
2016.09.19 21:24:53.737,1.03967,1.03997,2.74,1.12
2016.09.19 21:24:55.712,1.03967,1.03997,3.49,1.87
2016.09.19 21:24:55.954,1.03968,1.03998,2.74,1.56
2016.09.19 21:24:56.012,1.03968,1.03997,2.74,1.56
2016.09.19 21:24:56.063,1.03967,1.03997,3.49,1.87
2016.09.19 21:24:58.369,1.03967,1.03997,1.00,1.87
2016.09.19 21:24:58.437,1.03966,1.03996,1.00,1.31
2016.09.19 21:24:59.678,1.03966,1.03996,1.00,1.19
2016.09.19 21:24:59.916,1.03965,1.03996,2.74,1.19
2016.09.19 21:24:59.967,1.03966,1.03996,2.74,1.50
2016.09.19 21:25:00.019,1.03967,1.03997,1.00,1.87
2016.09.19 21:25:00.070,1.03967,1.03997,3.49,1.31
2016.09.19 21:25:00.854,1.03966,1.03996,1.00,1.19
2016.09.19 21:25:01.640,1.03966,1.03996,1.00,1.75
2016.09.19 21:25:01.718,1.03965,1.03997,1.00,1.87
2016.09.19 21:25:01.770,1.03965,1.03997,3.49,1.31
2016.09.19 21:25:02.464,1.03966,1.03997,3.25,1.87
2016.09.19 21:25:02.569,1.03968,1.03996,1.25,1.19
2016.09.19 21:25:03.535,1.03969,1.03997,1.25,1.44
2016.09.19 21:25:03.618,1.03969,1.03999,1.25,2.81
2016.09.19 21:25:03.669,1.03969,1.03999,1.25,3.37
2016.09.19 21:25:03.771,1.03969,1.03998,1.25,1.12
2016.09.19 21:25:03.822,1.03967,1.03997,1.25,1.56
2016.09.19 21:25:04.943,1.03967,1.03997,1.25,1.87
2016.09.19 21:25:05.022,1.03969,1.03997,1.25,1.12
2016.09.19 21:25:05.074,1.03969,1.03999,1.25,3.37
2016.09.19 21:25:06.084,1.03969,1.03999,1.25,2.62
2016.09.19 21:25:06.653,1.03968,1.03998,1.25,1.56
2016.09.19 21:25:07.069,1.03968,1.03996,1.25,1.19
2016.09.19 21:25:07.906,1.03967,1.03994,3.25,1.25
2016.09.19 21:25:07.957,1.03963,1.03994,1.00,1.19
2016.09.19 21:25:08.326,1.03963,1.03992,1.00,1.25
2016.09.19 21:25:08.380,1.03963,1.03992,1.00,1.19
2016.09.19 21:25:08.436,1.03963,1.03995,1.50,1.75
2016.09.19 21:25:08.487,1.03963,1.03995,4.24,1.19
2016.09.19 21:25:08.646,1.03964,1.03995,2.74,1.50
2016.09.19 21:25:09.036,1.03964,1.03996,3.49,1.75
2016.09.19 21:25:09.088,1.03965,1.03996,2.74,1.75
2016.09.19 21:25:09.369,1.03965,1.03995,3.49,1.50
2016.09.19 21:25:09.948,1.03965,1.03995,1.00,1.19
2016.09.19 21:25:10.642,1.03964,1.03995,2.74,1.19
2016.09.19 21:25:10.693,1.03964,1.03995,2.74,1.50
2016.09.19 21:25:11.277,1.03963,1.03994,1.00,1.19
2016.09.19 21:25:11.379,1.03965,1.03995,1.00,1.19
2016.09.19 21:25:11.431,1.03967,1.03997,1.00,1.87
2016.09.19 21:25:11.482,1.03967,1.03997,2.99,1.87
2016.09.19 21:25:12.001,1.03967,1.03994,2.99,1.37
2016.09.19 21:25:12.068,1.03965,1.03994,2.99,1.56
2016.09.19 21:25:12.119,1.03965,1.03995,2.99,1.87
2016.09.19 21:25:12.170,1.03965,1.03991,1.00,1.19
2016.09.19 21:25:12.222,1.03961,1.03991,1.00,1.19
2016.09.19 21:25:12.273,1.03966,1.03995,1.00,1.12
2016.09.19 21:25:12.324,1.03966,1.03996,1.00,1.75
2016.09.19 21:25:12.376,1.03968,1.03996,2.24,1.19
2016.09.19 21:25:12.478,1.03967,1.03997,2.99,1.19
2016.09.19 21:25:12.841,1.03967,1.03997,2.24,1.69
2016.09.19 21:25:12.892,1.03966,1.03997,2.99,2.25
2016.09.19 21:25:13.186,1.03966,1.03997,2.24,2.25
2016.09.19 21:25:13.237,1.03966,1.03996,2.99,1.56
2016.09.19 21:25:13.288,1.03966,1.03996,1.00,1.56
2016.09.19 21:25:13.686,1.03966,1.03996,3.49,1.87
2016.09.19 21:25:13.738,1.03966,1.03995,2.74,1.56
2016.09.19 21:25:13.791,1.03966,1.03995,2.74,2.06
2016.09.19 21:25:13.938,1.03966,1.03995,2.74,1.56
2016.09.19 21:25:14.232,1.03965,1.03994,2.74,1.62
2016.09.19 21:25:14.386,1.03965,1.03994,2.74,1.56
2016.09.19 21:25:14.552,1.03964,1.03994,3.49,1.56
2016.09.19 21:25:14.603,1.03964,1.03994,3.49,2.06
2016.09.19 21:25:14.705,1.03964,1.03994,3.49,1.56
2016.09.19 21:25:15.062,1.03967,1.03996,2.74,1.56
2016.09.19 21:25:15.564,1.03966,1.03995,1.00,1.12
2016.09.19 21:25:15.615,1.03965,1.03994,2.74,1.56
2016.09.19 21:25:16.095,1.03963,1.03993,3.49,1.56
2016.09.19 21:25:16.435,1.03963,1.03994,2.74,1.87
2016.09.19 21:25:17.087,1.03962,1.03992,1.00,1.87
2016.09.19 21:25:17.138,1.03962,1.03992,1.50,1.44
2016.09.19 21:25:17.189,1.03963,1.03993,2.74,1.12
2016.09.19 21:25:18.037,1.03963,1.03993,3.49,1.87
2016.09.19 21:25:18.655,1.03963,1.03993,1.00,1.56
2016.09.19 21:25:21.405,1.03963,1.03993,1.00,1.87
2016.09.19 21:25:21.456,1.03963,1.03993,1.00,1.12
2016.09.19 21:25:21.558,1.03964,1.03993,2.74,1.56
2016.09.19 21:25:21.661,1.03964,1.03995,2.74,2.62
2016.09.19 21:25:21.763,1.03965,1.03995,2.74,1.56
2016.09.19 21:25:21.866,1.03963,1.03993,2.74,1.12
2016.09.19 21:25:23.660,1.03962,1.03994,4.24,1.87
2016.09.19 21:25:24.060,1.03962,1.03994,4.24,1.56
2016.09.19 21:25:24.824,1.03964,1.03994,2.74,1.56
2016.09.19 21:25:24.876,1.03964,1.03995,2.74,2.62
2016.09.19 21:25:26.562,1.03964,1.03995,2.74,2.06
2016.09.19 21:25:26.999,1.03964,1.03995,2.74,2.81
2016.09.19 21:25:27.985,1.03965,1.03995,2.74,3.37
2016.09.19 21:25:29.180,1.03965,1.03993,2.74,1.56
2016.09.19 21:25:29.231,1.03962,1.03993,1.00,1.56
2016.09.19 21:25:29.385,1.03962,1.03994,1.00,1.12
2016.09.19 21:25:29.437,1.03963,1.03996,1.00,1.37
2016.09.19 21:25:29.488,1.03963,1.03999,1.00,1.37
2016.09.19 21:25:29.692,1.03963,1.03997,1.00,1.87
2016.09.19 21:25:29.743,1.03963,1.03997,1.00,3.37
2016.09.19 21:25:30.550,1.03963,1.03994,2.99,1.37
2016.09.19 21:25:30.654,1.03963,1.03994,1.00,1.56
2016.09.19 21:25:31.261,1.03963,1.03995,1.00,1.56
2016.09.19 21:25:32.752,1.03963,1.03994,1.00,1.56
2016.09.19 21:25:37.062,1.03963,1.03995,1.00,1.56
2016.09.19 21:25:37.357,1.03963,1.03996,1.00,2.62
2016.09.19 21:25:37.460,1.03963,1.03996,1.33,2.62
2016.09.19 21:25:39.656,1.03963,1.03996,1.33,1.87
2016.09.19 21:25:40.560,1.03963,1.03995,1.33,1.56
2016.09.19 21:25:41.089,1.03963,1.03994,1.00,1.56
2016.09.19 21:25:42.396,1.03963,1.03995,1.00,2.06
2016.09.19 21:25:42.726,1.03963,1.03993,1.00,1.44
2016.09.19 21:25:42.953,1.03963,1.03993,1.00,1.87
2016.09.19 21:25:43.107,1.03962,1.03992,1.00,1.19
2016.09.19 21:25:43.209,1.03962,1.03993,1.00,1.87
2016.09.19 21:25:43.261,1.03962,1.03993,1.00,1.31
2016.09.19 21:25:43.624,1.03962,1.03993,1.00,1.87
2016.09.19 21:25:43.676,1.03962,1.03992,1.00,1.19
2016.09.19 21:25:47.783,1.03962,1.03993,1.50,1.31
2016.09.19 21:25:49.369,1.03962,1.03992,1.50,1.19
2016.09.19 21:25:49.573,1.03962,1.03993,1.50,1.31
2016.09.19 21:25:50.032,1.03963,1.03993,1.00,1.31
2016.09.19 21:25:50.083,1.03963,1.03994,1.00,1.87
2016.09.19 21:25:50.422,1.03963,1.03994,1.00,1.87
2016.09.19 21:25:50.473,1.03964,1.03994,1.00,1.56
2016.09.19 21:25:50.575,1.03964,1.03997,1.00,2.62
2016.09.19 21:25:51.243,1.03965,1.03997,1.00,1.50
2016.09.19 21:25:51.294,1.03965,1.03996,1.00,1.19
2016.09.19 21:25:51.782,1.03965,1.03995,1.00,1.19
2016.09.19 21:25:51.834,1.03963,1.03995,1.50,1.31
2016.09.19 21:25:51.886,1.03963,1.03996,1.00,1.56
2016.09.19 21:25:52.039,1.03963,1.03995,1.00,1.44
2016.09.19 21:25:52.090,1.03963,1.03994,1.00,1.19
2016.09.19 21:25:52.381,1.03963,1.03994,1.00,1.56
2016.09.19 21:25:57.936,1.03963,1.03994,1.50,1.62
2016.09.19 21:25:57.988,1.03963,1.03997,2.25,2.06
2016.09.19 21:25:58.927,1.03963,1.03997,1.50,2.06
2016.09.19 21:25:58.978,1.03965,1.03997,1.00,2.06
2016.09.19 21:25:59.029,1.03965,1.03997,1.50,2.06
2016.09.19 21:25:59.482,1.03962,1.03996,2.25,1.56
2016.09.19 21:25:59.534,1.03965,1.03996,1.00,1.19
2016.09.19 21:25:59.585,1.03965,1.03996,1.00,1.50
2016.09.19 21:25:59.840,1.03966,1.03996,1.00,1.19
2016.09.19 21:25:59.942,1.03965,1.03997,1.00,1.19
2016.09.19 21:26:00.198,1.03965,1.03997,1.00,1.19
2016.09.19 21:26:00.249,1.03965,1.03997,1.00,1.31
2016.09.19 21:26:00.730,1.03965,1.03997,1.00,1.56
2016.09.19 21:26:00.832,1.03965,1.03997,1.00,1.31
2016.09.19 21:26:01.581,1.03964,1.03996,1.50,1.19
2016.09.19 21:26:01.684,1.03964,1.03996,1.00,1.19
2016.09.19 21:26:05.111,1.03963,1.03997,2.25,1.31
2016.09.19 21:26:06.604,1.03963,1.03997,2.25,1.31
2016.09.19 21:26:06.655,1.03965,1.03997,1.00,1.31
2016.09.19 21:26:06.757,1.03965,1.03997,1.00,1.56
2016.09.19 21:26:07.237,1.03965,1.03998,1.00,1.87
2016.09.19 21:26:11.549,1.03964,1.03998,1.00,1.56
2016.09.19 21:26:12.154,1.03964,1.03997,1.00,1.56
2016.09.19 21:26:16.096,1.03963,1.03998,1.50,1.56
2016.09.19 21:26:16.198,1.03965,1.03998,1.00,1.87
2016.09.19 21:26:19.477,1.03964,1.03998,1.00,1.56
2016.09.19 21:26:19.529,1.03963,1.03995,1.50,1.25
2016.09.19 21:26:19.580,1.03963,1.03995,1.00,1.56
2016.09.19 21:26:19.631,1.03963,1.03994,1.00,1.31
2016.09.19 21:26:20.280,1.03964,1.03994,1.00,1.12
2016.09.19 21:26:20.331,1.03965,1.03997,1.00,2.06
2016.09.19 21:26:21.247,1.03965,1.03996,1.00,1.56
2016.09.19 21:26:21.347,1.03965,1.03997,1.00,2.06
2016.09.19 21:26:22.402,1.03964,1.03997,1.50,1.56
2016.09.19 21:26:22.454,1.03965,1.03997,1.00,1.56
2016.09.19 21:26:22.687,1.03965,1.03997,1.50,1.56
2016.09.19 21:26:22.960,1.03965,1.03996,1.50,1.12
2016.09.19 21:26:23.011,1.03965,1.03994,1.50,1.31
2016.09.19 21:26:23.710,1.03972,1.03996,1.00,1.12
2016.09.19 21:26:23.762,1.03972,1.03997,1.19,1.56
2016.09.19 21:26:24.513,1.03972,1.03996,1.19,1.56
2016.09.19 21:26:25.162,1.03972,1.03996,1.50,1.37
2016.09.19 21:26:25.386,1.03974,1.03997,1.19,1.62
2016.09.19 21:26:27.064,1.03974,1.03996,1.00,1.12
2016.09.19 21:26:27.115,1.03965,1.03996,1.50,1.12
2016.09.19 21:26:27.167,1.03965,1.03997,1.50,2.06
2016.09.19 21:26:27.565,1.03965,1.03995,1.50,1.12
2016.09.19 21:26:27.616,1.03965,1.03995,1.50,1.87
2016.09.19 21:26:28.317,1.03965,1.03994,1.50,1.31
2016.09.19 21:26:29.475,1.03965,1.03989,1.00,1.00
2016.09.19 21:26:29.526,1.03965,1.03989,1.00,1.50
2016.09.19 21:26:29.578,1.03965,1.03989,1.00,1.00
2016.09.19 21:26:29.629,1.03965,1.03997,1.00,2.62
2016.09.19 21:26:29.680,1.03957,1.0399,1.25,1.00
2016.09.19 21:26:29.783,1.03965,1.03989,1.00,1.00
2016.09.19 21:26:29.834,1.03965,1.03993,1.00,1.19
2016.09.19 21:26:29.885,1.03959,1.03993,1.75,1.19
2016.09.19 21:26:29.987,1.03964,1.03993,1.00,1.19
2016.09.19 21:26:30.293,1.03959,1.03993,1.75,1.19
2016.09.19 21:26:30.397,1.03964,1.03993,1.00,1.19
2016.09.19 21:26:30.856,1.03959,1.03993,1.75,1.19
2016.09.19 21:26:31.130,1.03959,1.03993,1.25,1.19
2016.09.19 21:26:31.182,1.03959,1.03993,1.33,1.19
2016.09.19 21:26:31.233,1.0396,1.03994,1.00,1.31
2016.09.19 21:26:31.284,1.0396,1.03994,1.33,1.19
2016.09.19 21:26:31.388,1.0396,1.03994,1.25,1.19
2016.09.19 21:26:31.439,1.03962,1.03996,1.00,1.75
2016.09.19 21:26:31.490,1.03962,1.03994,1.25,1.62
2016.09.19 21:26:31.643,1.0396,1.03994,3.25,1.62
2016.09.19 21:26:31.695,1.0396,1.03997,3.25,1.19
2016.09.19 21:26:31.746,1.03964,1.03996,1.00,1.19
2016.09.19 21:26:31.798,1.03967,1.03996,1.00,1.19
2016.09.19 21:26:32.306,1.03964,1.03995,1.25,1.62
2016.09.19 21:26:32.524,1.03964,1.03998,1.75,1.56
2016.09.19 21:26:32.626,1.03964,1.03998,2.50,1.56
2016.09.19 21:26:32.729,1.03964,1.03999,1.75,2.62
2016.09.19 21:26:32.780,1.03964,1.03998,1.75,1.56
2016.09.19 21:26:33.317,1.03964,1.03997,1.75,1.56
2016.09.19 21:26:33.662,1.03964,1.03997,1.75,2.06
2016.09.19 21:26:34.688,1.03971,1.03997,3.25,1.87
2016.09.19 21:26:34.739,1.03971,1.03997,4.00,1.37
2016.09.19 21:26:35.560,1.03972,1.03997,1.25,1.37
2016.09.19 21:26:35.958,1.0397,1.03997,1.25,1.37
2016.09.19 21:26:37.574,1.0397,1.03997,1.00,1.87
2016.09.19 21:26:37.625,1.03964,1.03995,1.50,1.56
2016.09.19 21:26:38.675,1.03964,1.03995,1.50,1.62
2016.09.19 21:26:38.726,1.03964,1.03997,1.50,2.06
2016.09.19 21:26:39.308,1.03964,1.03997,1.50,1.56
2016.09.19 21:26:39.568,1.03964,1.03996,1.00,1.56
2016.09.19 21:26:39.620,1.03964,1.03994,1.00,1.12
2016.09.19 21:26:39.671,1.03964,1.03994,1.00,1.87
2016.09.19 21:26:41.177,1.03964,1.03994,1.00,1.56
2016.09.19 21:26:41.229,1.03964,1.03995,1.00,1.87
2016.09.19 21:26:45.181,1.03964,1.03995,1.00,1.56
2016.09.19 21:26:46.270,1.03964,1.03996,1.00,1.56
2016.09.19 21:26:49.772,1.03964,1.03996,1.00,2.06
2016.09.19 21:26:51.671,1.03964,1.03992,1.00,1.00
2016.09.19 21:26:51.722,1.03964,1.03992,1.00,1.12
2016.09.19 21:26:51.773,1.03964,1.03995,1.00,2.06
2016.09.19 21:26:51.824,1.03964,1.03994,1.00,1.62
2016.09.19 21:26:51.876,1.03964,1.03994,1.00,2.06
2016.09.19 21:26:51.927,1.03964,1.03994,1.00,2.62
2016.09.19 21:26:52.231,1.03964,1.03994,1.00,2.06
2016.09.19 21:26:52.374,1.03964,1.03994,1.00,1.56
2016.09.19 21:26:52.788,1.03964,1.03994,1.00,1.62
2016.09.19 21:26:52.839,1.03964,1.03995,1.00,1.56
2016.09.19 21:26:53.480,1.03964,1.03994,1.00,1.56
2016.09.19 21:26:54.142,1.03964,1.03995,1.00,1.56
2016.09.19 21:26:54.387,1.03963,1.03994,1.75,1.56
2016.09.19 21:26:54.439,1.03963,1.03993,1.75,1.62
2016.09.19 21:26:54.490,1.03964,1.03993,1.00,1.56
2016.09.19 21:26:55.824,1.03964,1.03993,1.00,1.87
2016.09.19 21:26:55.875,1.03964,1.03992,1.00,1.56
2016.09.19 21:26:56.451,1.03964,1.03993,1.00,1.56
2016.09.19 21:26:56.956,1.03964,1.03992,1.00,1.56
2016.09.19 21:26:59.548,1.03963,1.03993,1.50,1.87
2016.09.19 21:26:59.782,1.03964,1.03993,1.00,1.87
2016.09.19 21:27:00.957,1.03964,1.03993,1.00,1.12
2016.09.19 21:27:01.009,1.03964,1.03994,1.00,1.56
2016.09.19 21:27:02.820,1.03963,1.03994,1.50,1.87
2016.09.19 21:27:02.871,1.03963,1.03993,1.50,1.56
2016.09.19 21:27:03.075,1.03963,1.03994,1.50,1.87
2016.09.19 21:27:03.343,1.03963,1.03994,2.25,1.56
2016.09.19 21:27:03.920,1.03963,1.03995,2.25,1.56
2016.09.19 21:27:05.857,1.03963,1.03993,2.25,1.62
2016.09.19 21:27:05.952,1.03963,1.03995,2.25,2.06
2016.09.19 21:27:06.816,1.03964,1.03994,1.00,1.31
2016.09.19 21:27:06.919,1.03964,1.03995,1.00,1.19
2016.09.19 21:27:07.022,1.03964,1.03995,1.00,1.31
2016.09.19 21:27:07.388,1.03964,1.03995,1.00,1.56
2016.09.19 21:27:07.439,1.03963,1.03995,2.25,1.56
2016.09.19 21:27:07.527,1.03963,1.03994,3.00,1.56
2016.09.19 21:27:07.680,1.03963,1.03994,2.25,1.56
2016.09.19 21:27:07.788,1.03963,1.03996,2.25,2.62
2016.09.19 21:27:07.849,1.03963,1.03995,3.00,1.56
2016.09.19 21:27:09.075,1.03964,1.03996,1.00,2.62
2016.09.19 21:27:09.126,1.03964,1.03995,1.50,1.12
2016.09.19 21:27:09.178,1.03964,1.03995,1.00,1.87
2016.09.19 21:27:09.489,1.03963,1.03994,1.50,1.19
2016.09.19 21:27:09.694,1.03963,1.03994,1.50,1.56
2016.09.19 21:27:10.512,1.03963,1.03994,1.50,2.06
2016.09.19 21:27:10.928,1.03963,1.03994,1.50,1.56
2016.09.19 21:27:11.082,1.03963,1.03994,1.00,1.56
2016.09.19 21:27:11.235,1.03963,1.03994,1.00,1.87
2016.09.19 21:27:11.286,1.03963,1.03993,1.00,1.56
2016.09.19 21:27:11.337,1.03963,1.03993,1.00,1.19
2016.09.19 21:27:11.492,1.03963,1.03993,1.00,1.56
2016.09.19 21:27:13.737,1.03963,1.03993,1.50,1.62
2016.09.19 21:27:13.788,1.03963,1.03995,2.25,1.56
2016.09.19 21:27:15.056,1.03963,1.03995,2.25,2.06
2016.09.19 21:27:15.108,1.03963,1.03995,1.50,1.87
2016.09.19 21:27:15.212,1.03963,1.03993,1.00,1.12
2016.09.19 21:27:15.314,1.03963,1.03994,1.00,1.19
2016.09.19 21:27:15.366,1.03963,1.03995,1.00,1.50
2016.09.19 21:27:15.417,1.03963,1.03995,1.00,1.87
2016.09.19 21:27:15.469,1.03963,1.03994,1.00,1.56
2016.09.19 21:27:15.820,1.03963,1.03994,1.00,1.12
2016.09.19 21:27:15.872,1.03963,1.03992,1.00,1.56
2016.09.19 21:27:15.963,1.03963,1.03994,1.00,1.56
2016.09.19 21:27:16.117,1.03962,1.03994,3.00,1.56
2016.09.19 21:27:16.409,1.03962,1.03993,1.50,1.56
2016.09.19 21:27:16.511,1.03962,1.03993,1.50,1.62
2016.09.19 21:27:16.562,1.03962,1.03995,1.50,1.56
2016.09.19 21:27:16.868,1.03962,1.03992,1.50,1.12
2016.09.19 21:27:16.919,1.03962,1.03992,1.50,1.19
2016.09.19 21:27:16.971,1.03962,1.03993,2.25,1.44
2016.09.19 21:27:17.068,1.03962,1.03993,1.50,1.87
2016.09.19 21:27:17.119,1.03962,1.03993,2.25,1.56
2016.09.19 21:27:17.170,1.03962,1.03994,3.00,2.06
2016.09.19 21:27:17.221,1.03962,1.03994,2.25,1.56
2016.09.19 21:27:17.273,1.03962,1.03992,1.50,1.12
2016.09.19 21:27:17.375,1.03962,1.03994,2.25,1.56
2016.09.19 21:27:17.426,1.03962,1.03994,3.00,1.56
2016.09.19 21:27:17.526,1.03964,1.03994,1.00,1.87
2016.09.19 21:27:17.578,1.03964,1.03994,1.00,1.12
2016.09.19 21:27:17.629,1.03964,1.03995,1.00,2.62
2016.09.19 21:27:17.896,1.03965,1.03996,1.00,1.19
2016.09.19 21:27:17.958,1.03965,1.03996,1.00,1.19
2016.09.19 21:27:18.009,1.03965,1.03996,1.00,1.31
2016.09.19 21:27:18.060,1.03965,1.03996,1.00,1.87
2016.09.19 21:27:18.196,1.03965,1.03996,1.00,1.87
2016.09.19 21:27:18.399,1.03965,1.03995,1.00,1.56
2016.09.19 21:27:18.450,1.03963,1.03995,1.50,1.56
2016.09.19 21:27:19.530,1.03962,1.03996,2.25,1.75
2016.09.19 21:27:19.755,1.03962,1.03994,1.50,1.87
2016.09.19 21:27:19.912,1.03962,1.03994,2.25,1.56
2016.09.19 21:27:20.062,1.03962,1.03994,3.00,2.06
2016.09.19 21:27:20.113,1.03962,1.03994,3.00,1.56
2016.09.19 21:27:20.166,1.03962,1.03995,2.25,2.62
2016.09.19 21:27:20.651,1.03962,1.03995,1.50,2.06
2016.09.19 21:27:20.702,1.03962,1.03994,2.25,1.56
2016.09.19 21:27:20.909,1.03962,1.03994,1.50,1.56
2016.09.19 21:27:20.974,1.03962,1.03994,2.25,2.06
2016.09.19 21:27:21.127,1.03962,1.03994,3.00,2.06
2016.09.19 21:27:21.340,1.03962,1.03992,1.50,1.37
2016.09.19 21:27:21.391,1.03962,1.03993,2.25,1.62
2016.09.19 21:27:21.544,1.03962,1.03994,2.25,1.56
2016.09.19 21:27:21.596,1.03962,1.03994,2.25,1.56
2016.09.19 21:27:21.864,1.03962,1.03995,1.50,2.06
2016.09.19 21:27:22.215,1.03962,1.03994,2.25,1.56
2016.09.19 21:27:23.976,1.03962,1.03995,2.25,1.56
2016.09.19 21:27:24.027,1.03964,1.03996,1.00,1.19
2016.09.19 21:27:24.181,1.03964,1.03996,1.00,1.19
2016.09.19 21:27:24.232,1.03964,1.03996,1.00,2.06
2016.09.19 21:27:24.882,1.03964,1.03996,1.00,2.81
2016.09.19 21:27:25.083,1.03964,1.03995,1.00,1.56
2016.09.19 21:27:25.141,1.03964,1.03995,1.00,1.56
2016.09.19 21:27:25.294,1.03964,1.03993,1.00,1.12
2016.09.19 21:27:25.345,1.03964,1.03993,1.00,1.31
2016.09.19 21:27:25.447,1.03964,1.03993,1.00,1.62
2016.09.19 21:27:25.600,1.03964,1.03995,1.00,2.06
2016.09.19 21:27:26.771,1.03964,1.03993,1.00,1.87
2016.09.19 21:27:26.823,1.03964,1.03993,1.00,1.62
2016.09.19 21:27:26.875,1.03964,1.03995,1.00,1.56
2016.09.19 21:27:26.926,1.03964,1.03994,1.00,1.12
2016.09.19 21:27:27.155,1.03964,1.03993,1.00,1.56
2016.09.19 21:27:27.870,1.03964,1.03994,1.00,1.12
2016.09.19 21:27:27.922,1.03964,1.03995,1.00,2.06
2016.09.19 21:27:28.126,1.03964,1.03995,1.00,2.62
2016.09.19 21:27:28.177,1.03964,1.03993,1.00,1.56
2016.09.19 21:27:28.228,1.03964,1.03993,1.00,1.62
2016.09.19 21:27:28.279,1.03964,1.03995,1.00,2.06
2016.09.19 21:27:28.478,1.03964,1.03993,1.00,1.62
2016.09.19 21:27:28.581,1.03964,1.03995,1.00,1.56
2016.09.19 21:27:30.124,1.03964,1.03993,1.00,1.62
2016.09.19 21:27:30.175,1.03964,1.03995,1.00,1.56
2016.09.19 21:27:30.810,1.03964,1.03996,1.00,2.62
2016.09.19 21:27:31.302,1.03964,1.03994,1.00,1.56
2016.09.19 21:27:31.721,1.03964,1.03996,1.00,2.25
2016.09.19 21:27:31.824,1.03964,1.03995,1.00,1.19
2016.09.19 21:27:32.011,1.03964,1.03995,1.00,1.31
2016.09.19 21:27:32.113,1.03964,1.03994,1.00,1.19
2016.09.19 21:27:32.164,1.03964,1.03994,1.00,1.50
2016.09.19 21:27:32.537,1.03964,1.03994,1.00,1.87
2016.09.19 21:27:32.982,1.03964,1.03994,1.00,1.12
2016.09.19 21:27:33.033,1.03964,1.03995,1.00,2.06
2016.09.19 21:27:33.585,1.03964,1.03995,1.00,2.06
2016.09.19 21:27:33.746,1.03964,1.03993,1.00,1.12
2016.09.19 21:27:33.797,1.03964,1.03993,1.00,1.87
2016.09.19 21:27:35.830,1.03964,1.03993,1.00,1.31
2016.09.19 21:27:35.882,1.03964,1.03994,1.00,1.12
2016.09.19 21:27:35.970,1.03964,1.03995,1.00,1.56
2016.09.19 21:27:37.329,1.03964,1.03995,1.00,1.87
2016.09.19 21:27:37.432,1.03964,1.03995,1.00,1.56
2016.09.19 21:27:37.521,1.03964,1.03993,1.00,1.12
2016.09.19 21:27:37.572,1.03964,1.03993,1.00,1.31
2016.09.19 21:27:37.623,1.03964,1.03995,1.00,1.56
2016.09.19 21:27:38.855,1.03964,1.03994,1.00,1.12
2016.09.19 21:27:38.907,1.03964,1.03993,1.00,1.31
2016.09.19 21:27:39.305,1.03964,1.03994,1.00,1.12
2016.09.19 21:27:39.357,1.03964,1.03995,1.00,1.56
2016.09.19 21:27:40.432,1.03964,1.03994,1.00,1.12
2016.09.19 21:27:40.484,1.03964,1.03994,1.00,1.87
2016.09.19 21:27:42.653,1.03964,1.03994,1.00,1.19
2016.09.19 21:27:42.958,1.03965,1.03995,1.00,1.75
2016.09.19 21:27:43.060,1.03965,1.03995,1.00,1.31
2016.09.19 21:27:43.538,1.03965,1.03995,1.00,2.06
2016.09.19 21:27:43.589,1.03965,1.03994,1.00,1.56
2016.09.19 21:27:44.099,1.03965,1.03996,1.00,2.62
2016.09.19 21:27:44.201,1.03965,1.03993,1.00,1.31
2016.09.19 21:27:44.253,1.03965,1.03993,1.00,1.12
2016.09.19 21:27:44.304,1.03965,1.03996,1.00,2.06
2016.09.19 21:27:44.508,1.03965,1.03995,1.00,1.56
2016.09.19 21:27:44.560,1.03965,1.03995,1.00,2.06
2016.09.19 21:27:44.665,1.03965,1.03995,1.00,1.56
2016.09.19 21:27:44.716,1.03965,1.03996,1.00,2.62
2016.09.19 21:27:44.869,1.03965,1.03996,1.00,1.87
2016.09.19 21:27:44.921,1.03965,1.03995,1.00,1.56
2016.09.19 21:27:46.289,1.03965,1.03996,1.00,2.06
2016.09.19 21:27:48.163,1.03962,1.03996,1.50,2.06
2016.09.19 21:27:49.141,1.03962,1.03994,1.00,1.12
2016.09.19 21:27:49.192,1.03961,1.03994,3.00,1.87
2016.09.19 21:27:49.244,1.03962,1.03994,1.50,1.62
2016.09.19 21:27:49.296,1.03963,1.03995,1.00,2.06
2016.09.19 21:27:49.347,1.03963,1.03995,1.00,1.56
2016.09.19 21:27:49.399,1.03972,1.03995,1.00,1.56
2016.09.19 21:27:49.709,1.03972,1.03996,1.00,2.06
2016.09.19 21:27:49.760,1.03972,1.03996,1.00,1.56
2016.09.19 21:27:50.642,1.03972,1.03996,1.75,1.37
2016.09.19 21:27:50.694,1.03975,1.03997,1.19,1.62
2016.09.19 21:27:50.746,1.03975,1.03999,1.00,1.56
2016.09.19 21:27:50.797,1.03972,1.03999,1.12,1.56
2016.09.19 21:27:50.848,1.03972,1.03997,1.12,1.19
2016.09.19 21:27:50.950,1.03972,1.03995,1.12,1.37
2016.09.19 21:27:51.746,1.03972,1.03996,1.00,1.56
2016.09.19 21:27:51.900,1.03972,1.03997,1.00,1.56
2016.09.19 21:27:52.119,1.03972,1.03998,1.00,1.87
2016.09.19 21:27:52.170,1.03972,1.03996,1.37,1.56
2016.09.19 21:27:52.276,1.03972,1.03998,1.12,2.06
2016.09.19 21:27:52.433,1.03972,1.03995,1.12,1.37
2016.09.19 21:27:52.888,1.03972,1.03995,1.00,1.56
2016.09.19 21:27:53.897,1.03972,1.03993,1.00,1.37
2016.09.19 21:27:54.144,1.03972,1.03993,1.00,1.56
2016.09.19 21:27:54.957,1.03972,1.03993,1.00,1.50
2016.09.19 21:27:55.160,1.03972,1.03993,1.00,1.87
2016.09.19 21:27:56.107,1.03966,1.03992,1.00,1.31
2016.09.19 21:27:56.158,1.03966,1.03992,2.99,1.00
2016.09.19 21:27:56.209,1.03966,1.03998,2.99,1.25
2016.09.19 21:27:56.260,1.03966,1.03998,1.00,1.00
2016.09.19 21:27:56.311,1.03966,1.03998,1.50,1.00
2016.09.19 21:27:56.413,1.03966,1.03998,1.00,1.00
2016.09.19 21:27:56.465,1.03966,1.03998,1.00,1.37
2016.09.19 21:27:56.567,1.03966,1.03999,1.00,1.62
2016.09.19 21:27:57.035,1.03966,1.03997,1.00,1.37
2016.09.19 21:27:57.720,1.03966,1.03996,1.00,1.37
2016.09.19 21:27:57.909,1.03966,1.03996,1.50,1.37
2016.09.19 21:27:57.961,1.03966,1.03996,3.74,1.37
2016.09.19 21:27:58.839,1.03966,1.03996,2.99,1.37
2016.09.19 21:27:58.890,1.03966,1.03996,1.00,1.37
2016.09.19 21:27:59.419,1.03966,1.03995,1.00,1.37
2016.09.19 21:27:59.470,1.03966,1.03996,1.00,1.87
2016.09.19 21:27:59.535,1.03966,1.03995,1.00,1.37
2016.09.19 21:28:00.776,1.03966,1.03995,1.00,1.87
2016.09.19 21:28:00.827,1.03966,1.03995,1.00,1.37
2016.09.19 21:28:00.878,1.03966,1.03996,1.00,1.87
2016.09.19 21:28:01.016,1.03966,1.03996,1.50,1.87
2016.09.19 21:28:01.119,1.03966,1.03996,1.00,1.37
2016.09.19 21:28:01.221,1.03966,1.03996,1.50,1.37
2016.09.19 21:28:01.453,1.03966,1.03996,1.50,1.87
2016.09.19 21:28:01.506,1.03966,1.03995,1.00,1.56
2016.09.19 21:28:01.909,1.03966,1.03996,1.00,2.62
2016.09.19 21:28:02.633,1.03966,1.03993,1.00,1.31
2016.09.19 21:28:02.685,1.03966,1.03993,1.00,1.56
2016.09.19 21:28:03.140,1.03966,1.03994,1.00,1.87
2016.09.19 21:28:03.827,1.03966,1.03993,1.00,1.56
2016.09.19 21:28:04.055,1.03966,1.03993,1.00,1.37
2016.09.19 21:28:04.109,1.03966,1.03995,1.00,2.06
2016.09.19 21:28:04.211,1.03966,1.03994,1.00,1.62
2016.09.19 21:28:04.262,1.03966,1.03994,1.00,1.56
2016.09.19 21:28:04.811,1.03966,1.03993,1.00,1.56
2016.09.19 21:28:05.482,1.03966,1.03993,1.00,1.31
2016.09.19 21:28:05.638,1.03966,1.03995,1.00,1.56
2016.09.19 21:28:05.689,1.03966,1.03995,1.00,1.19
2016.09.19 21:28:05.802,1.03966,1.03995,1.00,1.25
2016.09.19 21:28:05.905,1.03966,1.03995,1.00,1.19
2016.09.19 21:28:06.074,1.03964,1.0399,1.00,1.00
2016.09.19 21:28:06.125,1.03964,1.03977,1.00,1.00
2016.09.19 21:28:06.177,1.0395,1.03987,1.19,1.75
2016.09.19 21:28:06.229,1.03956,1.03988,1.19,3.75
2016.09.19 21:28:06.280,1.03956,1.03989,3.17,1.00
2016.09.19 21:28:06.331,1.03956,1.03989,2.42,1.50
2016.09.19 21:28:06.383,1.03956,1.03989,2.42,1.00
2016.09.19 21:28:06.434,1.03957,1.03992,1.25,1.69
2016.09.19 21:28:06.486,1.03961,1.03992,1.00,1.19
2016.09.19 21:28:07.166,1.03957,1.03992,1.25,1.19
2016.09.19 21:28:07.897,1.03961,1.03992,1.00,1.19
2016.09.19 21:28:08.364,1.03956,1.0399,1.19,1.19
2016.09.19 21:28:08.416,1.03953,1.0399,3.92,1.69
2016.09.19 21:28:08.590,1.03954,1.03989,1.19,1.19
2016.09.19 21:28:10.290,1.03954,1.03989,1.00,1.19
2016.09.19 21:28:10.845,1.03953,1.03989,1.00,1.19
2016.09.19 21:28:11.121,1.03953,1.03988,3.74,1.19
2016.09.19 21:28:11.374,1.03953,1.03988,2.99,1.19
2016.09.19 21:28:11.426,1.03948,1.03981,2.99,1.00
2016.09.19 21:28:11.479,1.03953,1.03991,1.00,1.87
2016.09.19 21:28:11.531,1.03953,1.03988,1.50,1.50
2016.09.19 21:28:11.582,1.03953,1.03973,1.00,1.00
2016.09.19 21:28:11.633,1.03943,1.03957,2.10,1.00
2016.09.19 21:28:11.685,1.03948,1.03966,1.00,1.00
2016.09.19 21:28:11.737,1.03953,1.03967,1.00,1.00
2016.09.19 21:28:11.788,1.03956,1.03987,2.24,1.00
2016.09.19 21:28:11.839,1.03956,1.03991,2.99,1.19
2016.09.19 21:28:11.891,1.03956,1.03991,1.00,1.19
2016.09.19 21:28:11.942,1.03964,1.03996,1.00,3.75
2016.09.19 21:28:11.993,1.03964,1.03997,1.00,1.00
2016.09.19 21:28:12.146,1.03963,1.03998,1.00,1.00
2016.09.19 21:28:12.249,1.03963,1.03999,1.00,4.49
2016.09.19 21:28:12.722,1.03963,1.03999,1.00,3.74
2016.09.19 21:28:12.834,1.03963,1.03999,1.00,2.99
2016.09.19 21:28:12.986,1.03963,1.03996,1.00,2.61
2016.09.19 21:28:13.038,1.03961,1.03978,2.24,1.00
2016.09.19 21:28:13.089,1.03959,1.03986,1.00,1.00
2016.09.19 21:28:13.191,1.03964,1.03995,2.24,1.00
2016.09.19 21:28:13.243,1.03964,1.03995,2.99,1.00
2016.09.19 21:28:13.345,1.03965,1.03996,1.00,1.00
2016.09.19 21:28:13.498,1.03967,1.03997,2.24,1.00
2016.09.19 21:28:13.549,1.03967,1.04001,2.99,2.99
2016.09.19 21:28:13.600,1.03967,1.03999,1.00,2.24
2016.09.19 21:28:13.651,1.03964,1.03998,1.00,1.00
2016.09.19 21:28:14.450,1.03964,1.03998,1.00,1.37
2016.09.19 21:28:14.720,1.03964,1.03998,1.00,1.87
2016.09.19 21:28:14.772,1.03967,1.03998,1.00,1.00
2016.09.19 21:28:14.823,1.03966,1.04,1.00,1.00
2016.09.19 21:28:14.875,1.03966,1.03998,1.00,1.00
2016.09.19 21:28:14.926,1.03964,1.03998,2.24,1.00
2016.09.19 21:28:15.501,1.03963,1.03996,1.00,1.00
2016.09.19 21:28:15.552,1.03963,1.03997,1.00,2.99
2016.09.19 21:28:15.603,1.03963,1.03995,1.00,2.24
2016.09.19 21:28:15.706,1.03965,1.04,1.00,1.00
2016.09.19 21:28:15.808,1.03965,1.03999,1.00,2.24
2016.09.19 21:28:16.030,1.03967,1.04,2.74,1.00
2016.09.19 21:28:16.081,1.03967,1.04,2.74,1.37
2016.09.19 21:28:16.435,1.03967,1.04001,2.74,3.36
2016.09.19 21:28:17.566,1.03967,1.04,2.74,1.37
2016.09.19 21:28:17.617,1.03967,1.04,2.74,1.37
2016.09.19 21:28:18.112,1.03967,1.04,1.25,1.37
2016.09.19 21:28:18.775,1.03968,1.04,1.25,1.37
2016.09.19 21:28:18.827,1.03966,1.04,4.00,1.37
2016.09.19 21:28:18.878,1.03966,1.04,1.25,2.86
2016.09.19 21:28:19.025,1.03971,1.04,1.00,3.61
2016.09.19 21:28:19.077,1.03971,1.04,1.19,1.87
2016.09.19 21:28:19.826,1.03969,1.04,1.50,1.87
2016.09.19 21:28:19.877,1.03969,1.03999,1.50,2.11
2016.09.19 21:28:21.173,1.03969,1.04,1.75,3.61
2016.09.19 21:28:21.275,1.03971,1.04,1.19,3.61
2016.09.19 21:28:22.974,1.03971,1.04,1.19,1.87
2016.09.19 21:28:24.031,1.03967,1.04,1.75,1.87
2016.09.19 21:28:24.082,1.03967,1.04,1.25,2.62
2016.09.19 21:28:24.376,1.03967,1.04,1.25,4.36
2016.09.19 21:28:24.478,1.03966,1.03999,1.25,1.37
2016.09.19 21:28:26.469,1.03975,1.03999,1.00,1.37
2016.09.19 21:28:26.521,1.03975,1.03999,1.25,1.37
2016.09.19 21:28:26.572,1.03975,1.04,1.25,1.87
2016.09.19 21:28:27.600,1.03975,1.03999,1.25,1.37
2016.09.19 21:28:28.279,1.03975,1.03999,1.00,1.37
2016.09.19 21:28:28.335,1.03968,1.03999,1.25,1.37
2016.09.19 21:28:29.112,1.03968,1.03999,4.00,1.37
2016.09.19 21:28:30.181,1.03968,1.03999,3.25,1.37
2016.09.19 21:28:30.232,1.03967,1.03999,1.25,1.37
2016.09.19 21:28:30.928,1.03968,1.03999,1.25,1.37
2016.09.19 21:28:31.231,1.03969,1.03999,3.25,1.37
2016.09.19 21:28:31.484,1.03968,1.03999,4.00,1.37
2016.09.19 21:28:31.804,1.0397,1.03999,1.25,1.37
2016.09.19 21:28:34.875,1.03971,1.03999,1.25,1.37
2016.09.19 21:28:34.976,1.0397,1.03999,4.00,1.37
2016.09.19 21:28:35.871,1.03971,1.03999,1.25,1.37
2016.09.19 21:28:36.513,1.03971,1.04,1.25,1.37
2016.09.19 21:28:37.027,1.03971,1.04,1.25,1.56
2016.09.19 21:28:37.078,1.03972,1.04,1.25,2.06
2016.09.19 21:28:37.614,1.03972,1.03999,1.25,1.56
2016.09.19 21:28:44.896,1.03972,1.03999,1.37,1.56
2016.09.19 21:28:46.427,1.03972,1.04,1.37,1.56
2016.09.19 21:28:46.898,1.03972,1.04,1.75,1.56
2016.09.19 21:28:47.000,1.03976,1.03997,1.00,1.12
2016.09.19 21:28:47.052,1.03973,1.03997,1.19,1.50
2016.09.19 21:28:47.155,1.03973,1.03997,1.19,1.87
2016.09.19 21:28:48.475,1.03969,1.03995,1.75,1.56
2016.09.19 21:28:48.526,1.03969,1.03995,1.75,1.62
2016.09.19 21:28:48.746,1.03974,1.03998,1.19,2.06
2016.09.19 21:28:50.671,1.03972,1.03996,1.50,1.62
2016.09.19 21:28:50.775,1.03973,1.03998,1.19,1.56
2016.09.19 21:28:50.989,1.03967,1.0399,3.75,1.00
2016.09.19 21:28:51.043,1.03966,1.0399,1.19,1.19
2016.09.19 21:28:51.095,1.0397,1.03994,1.00,1.75
2016.09.19 21:28:51.147,1.0397,1.03994,1.75,1.25
2016.09.19 21:28:51.198,1.03974,1.03998,1.19,1.87
2016.09.19 21:28:51.301,1.03971,1.03997,1.50,1.50
2016.09.19 21:28:51.526,1.03971,1.03997,1.50,1.87
2016.09.19 21:28:52.057,1.03967,1.03994,3.75,1.25
2016.09.19 21:28:52.159,1.03966,1.03994,1.25,1.19
2016.09.19 21:28:53.581,1.03968,1.03996,1.25,1.87
2016.09.19 21:28:53.632,1.03968,1.03996,1.25,1.31
2016.09.19 21:28:54.063,1.03965,1.03995,1.00,1.37
2016.09.19 21:28:54.115,1.03965,1.03995,1.25,1.87
2016.09.19 21:28:54.166,1.03966,1.03995,1.25,1.12
2016.09.19 21:28:54.218,1.03966,1.03996,1.25,1.56
2016.09.19 21:28:54.269,1.03965,1.03994,3.25,1.62
2016.09.19 21:28:54.321,1.03964,1.03994,4.00,1.87
2016.09.19 21:28:54.372,1.03966,1.03994,1.25,1.12
2016.09.19 21:28:54.424,1.03966,1.03994,1.33,1.12
2016.09.19 21:28:54.475,1.03965,1.03993,1.25,1.31
2016.09.19 21:28:54.526,1.03965,1.03993,1.25,1.87
2016.09.19 21:28:56.169,1.03963,1.03993,4.75,1.87
2016.09.19 21:28:57.465,1.03967,1.03993,1.33,1.44
2016.09.19 21:28:57.532,1.03967,1.03998,1.25,1.62
2016.09.19 21:28:57.634,1.03968,1.03998,3.25,2.12
2016.09.19 21:28:57.685,1.03968,1.03998,4.00,2.12
2016.09.19 21:28:58.265,1.03968,1.03998,1.25,2.12
2016.09.19 21:28:59.683,1.03967,1.03998,1.25,2.12
2016.09.19 21:28:59.734,1.03968,1.03998,3.25,2.12
2016.09.19 21:28:59.786,1.03969,1.03998,1.25,2.12
2016.09.19 21:29:00.163,1.03969,1.03998,1.25,1.70
2016.09.19 21:29:00.214,1.03968,1.03998,3.25,1.70
2016.09.19 21:29:00.265,1.03967,1.03998,1.25,1.62
2016.09.19 21:29:04.059,1.03967,1.03998,1.25,2.12
2016.09.19 21:29:04.623,1.03968,1.03998,3.25,1.87
2016.09.19 21:29:04.810,1.03968,1.03998,4.00,1.87
2016.09.19 21:29:05.670,1.03968,1.03998,3.25,1.87
2016.09.19 21:29:05.772,1.03966,1.03998,1.25,2.12
2016.09.19 21:29:06.295,1.03967,1.03998,1.25,2.12
2016.09.19 21:29:06.725,1.03968,1.03998,3.25,1.87
2016.09.19 21:29:06.827,1.03967,1.03998,4.00,2.12
2016.09.19 21:29:06.939,1.03967,1.03998,4.00,1.62
2016.09.19 21:29:08.040,1.03967,1.03998,4.00,2.12
2016.09.19 21:29:13.155,1.03967,1.03998,4.00,1.87
2016.09.19 21:29:13.206,1.03969,1.03998,1.25,1.87
2016.09.19 21:29:14.110,1.03967,1.03998,3.25,1.87
2016.09.19 21:29:14.212,1.03968,1.03998,4.00,1.87
2016.09.19 21:29:14.832,1.03968,1.03998,4.00,1.37
2016.09.19 21:29:17.183,1.03973,1.03999,1.19,1.87
2016.09.19 21:29:18.548,1.03973,1.03998,1.19,1.37
2016.09.19 21:29:22.549,1.03973,1.03998,1.19,1.56
2016.09.19 21:29:26.798,1.03971,1.03997,1.75,1.56
2016.09.19 21:29:26.850,1.03971,1.03997,1.19,1.87
2016.09.19 21:29:27.705,1.03969,1.03995,1.75,1.56
2016.09.19 21:29:27.756,1.03969,1.03995,1.19,1.56
2016.09.19 21:29:28.721,1.03969,1.03995,1.75,1.62
2016.09.19 21:29:28.773,1.03973,1.03997,1.19,1.31
2016.09.19 21:29:29.157,1.03973,1.03997,1.19,1.56
2016.09.19 21:29:29.591,1.03974,1.03998,1.25,2.62
2016.09.19 21:29:29.693,1.03969,1.03995,1.75,1.31
2016.09.19 21:29:29.795,1.03969,1.03995,1.19,1.31
2016.09.19 21:29:29.955,1.03969,1.03995,1.75,1.12
2016.09.19 21:29:30.006,1.03973,1.03998,1.19,1.33
2016.09.19 21:29:30.111,1.03973,1.04,1.19,1.25
2016.09.19 21:29:30.162,1.03973,1.04,1.19,1.62
2016.09.19 21:29:30.446,1.03973,1.04,1.25,1.37
2016.09.19 21:29:30.498,1.03972,1.04,1.19,2.12
2016.09.19 21:29:32.598,1.03971,1.03999,1.19,1.62
2016.09.19 21:29:33.534,1.0397,1.04,1.50,2.12
2016.09.19 21:29:36.950,1.0397,1.04,1.75,5.12
2016.09.19 21:29:37.397,1.03969,1.03999,1.75,1.62
2016.09.19 21:29:37.499,1.03969,1.03999,1.50,1.62
2016.09.19 21:29:38.805,1.0397,1.04,1.19,4.37
2016.09.19 21:29:38.856,1.0397,1.04,1.50,1.62
2016.09.19 21:29:38.951,1.0397,1.04,1.75,1.62
2016.09.19 21:29:39.003,1.03973,1.04001,1.50,1.75
2016.09.19 21:29:39.611,1.03973,1.04001,1.50,2.12
2016.09.19 21:29:41.125,1.03973,1.04001,1.50,1.75
2016.09.19 21:29:41.213,1.03973,1.04001,1.50,2.12
2016.09.19 21:29:42.685,1.03973,1.04001,1.50,1.62
2016.09.19 21:29:42.737,1.03973,1.04001,1.50,1.25
2016.09.19 21:29:43.215,1.03973,1.04001,1.50,1.37
2016.09.19 21:29:43.715,1.03973,1.04001,1.50,1.62
2016.09.19 21:29:48.729,1.03973,1.04001,1.50,2.12
2016.09.19 21:29:52.880,1.03973,1.04001,1.50,1.62
2016.09.19 21:29:54.378,1.03973,1.04,1.50,1.62
2016.09.19 21:29:55.068,1.03973,1.04,1.19,1.87
2016.09.19 21:29:55.296,1.03974,1.03998,1.19,1.56
2016.09.19 21:29:57.205,1.03974,1.03998,1.19,2.06
2016.09.19 21:29:59.179,1.03974,1.03998,1.19,1.56
2016.09.19 21:29:59.453,1.03972,1.03995,1.19,1.31
2016.09.19 21:29:59.555,1.03973,1.03999,3.25,1.37
2016.09.19 21:29:59.606,1.03972,1.03999,1.25,1.56
2016.09.19 21:30:00.021,1.03972,1.03999,1.25,2.06
2016.09.19 21:30:00.124,1.03972,1.03997,1.00,1.87
2016.09.19 21:30:00.175,1.03972,1.03997,1.00,1.50
2016.09.19 21:30:00.226,1.03972,1.03997,1.00,2.25
2016.09.19 21:30:00.380,1.03972,1.03997,1.00,2.62
2016.09.19 21:30:00.482,1.03972,1.03997,1.00,1.87
2016.09.19 21:30:01.170,1.03972,1.03996,1.00,1.56
2016.09.19 21:30:01.272,1.03972,1.03998,1.00,1.87
2016.09.19 21:30:01.324,1.03982,1.03998,1.00,1.44
2016.09.19 21:30:01.375,1.03982,1.04,1.00,1.37
2016.09.19 21:30:01.426,1.03982,1.04004,1.00,1.37
2016.09.19 21:30:01.478,1.03982,1.04006,1.00,1.87
2016.09.19 21:30:02.294,1.03982,1.04006,1.00,2.62
2016.09.19 21:30:02.839,1.03982,1.04005,1.00,1.56
2016.09.19 21:30:03.825,1.03982,1.04006,1.00,2.62
2016.09.19 21:30:03.877,1.03982,1.04006,1.00,1.37
2016.09.19 21:30:04.142,1.03982,1.04006,1.00,1.87
2016.09.19 21:30:05.113,1.03982,1.04006,1.00,1.62
2016.09.19 21:30:05.165,1.03982,1.04007,1.00,1.56
2016.09.19 21:30:05.522,1.03982,1.04005,1.00,4.12
2016.09.19 21:30:05.746,1.03982,1.04005,1.00,4.50
2016.09.19 21:30:05.798,1.03982,1.04005,1.00,1.19
2016.09.19 21:30:06.084,1.03982,1.04005,1.00,1.25
2016.09.19 21:30:06.136,1.03982,1.04007,1.00,1.19
2016.09.19 21:30:06.479,1.03982,1.04007,1.00,1.25
2016.09.19 21:30:06.531,1.03982,1.04008,1.00,1.19
2016.09.19 21:30:06.786,1.03982,1.04008,1.00,1.19
2016.09.19 21:30:06.837,1.03979,1.04008,2.99,1.19
2016.09.19 21:30:07.981,1.0398,1.04008,2.24,1.19
2016.09.19 21:30:08.032,1.0398,1.0401,2.24,1.87
2016.09.19 21:30:08.943,1.03983,1.04011,2.24,1.56
2016.09.19 21:30:10.083,1.03982,1.04011,2.99,1.56
2016.09.19 21:30:10.612,1.03982,1.04011,2.24,1.56
2016.09.19 21:30:12.524,1.03981,1.04011,2.24,1.56
2016.09.19 21:30:12.751,1.03981,1.04012,2.99,1.56
2016.09.19 21:30:12.905,1.03981,1.04012,2.99,2.06
2016.09.19 21:30:13.636,1.03982,1.04011,1.00,1.56
2016.09.19 21:30:13.777,1.03981,1.04012,2.99,2.06
2016.09.19 21:30:15.710,1.03981,1.0401,1.00,1.12
2016.09.19 21:30:15.761,1.03977,1.04008,2.99,1.19
2016.09.19 21:30:16.003,1.03982,1.04008,2.24,1.00
2016.09.19 21:30:16.055,1.03982,1.04011,2.99,1.56
2016.09.19 21:30:17.347,1.03982,1.04007,2.24,1.00
2016.09.19 21:30:17.449,1.03982,1.04011,1.00,1.19
2016.09.19 21:30:17.500,1.03982,1.04011,1.00,1.75
2016.09.19 21:30:17.551,1.03979,1.04009,2.24,1.50
2016.09.19 21:30:18.241,1.03981,1.04012,1.00,5.25
2016.09.19 21:30:18.292,1.03981,1.04012,2.99,1.69
2016.09.19 21:30:18.343,1.03984,1.04012,1.00,1.19
2016.09.19 21:30:18.394,1.03985,1.04012,2.24,1.19
2016.09.19 21:30:18.765,1.03985,1.04009,2.24,1.00
2016.09.19 21:30:18.816,1.03978,1.04009,3.17,1.19
2016.09.19 21:30:18.919,1.03978,1.04009,3.17,1.69
2016.09.19 21:30:19.795,1.03978,1.04009,3.17,1.19
2016.09.19 21:30:19.970,1.03978,1.04009,2.99,1.19
2016.09.19 21:30:20.021,1.03978,1.04009,2.99,1.69
2016.09.19 21:30:20.843,1.03979,1.04008,1.00,1.19
2016.09.19 21:30:21.491,1.0398,1.0401,1.00,1.44
2016.09.19 21:30:21.542,1.03981,1.04011,2.24,1.87
2016.09.19 21:30:22.545,1.03981,1.0401,2.99,1.31
2016.09.19 21:30:22.965,1.03981,1.04011,2.99,1.12
2016.09.19 21:30:23.016,1.03985,1.04012,2.24,2.06
2016.09.19 21:30:23.067,1.03985,1.04012,2.24,1.62
2016.09.19 21:30:23.896,1.03984,1.04012,1.00,1.56
2016.09.19 21:30:23.947,1.03983,1.04012,2.74,1.56
2016.09.19 21:30:24.425,1.03983,1.04012,2.74,1.19
2016.09.19 21:30:24.690,1.03983,1.04012,4.00,1.19
2016.09.19 21:30:25.092,1.03983,1.04012,3.25,1.69
2016.09.19 21:30:25.143,1.03982,1.04012,1.75,1.69
2016.09.19 21:30:25.195,1.03981,1.04007,3.75,1.00
2016.09.19 21:30:25.246,1.03977,1.04007,1.50,1.19
2016.09.19 21:30:25.297,1.03977,1.04007,1.69,1.19
2016.09.19 21:30:26.159,1.03977,1.04008,1.69,1.50
2016.09.19 21:30:26.486,1.03977,1.04007,1.69,1.19
2016.09.19 21:30:26.590,1.03978,1.04007,1.25,1.19
2016.09.19 21:30:26.641,1.03978,1.04007,1.25,1.25
2016.09.19 21:30:26.692,1.03978,1.0401,1.00,1.50
2016.09.19 21:30:27.899,1.03978,1.0401,1.00,1.19
2016.09.19 21:30:30.219,1.03978,1.0401,1.33,1.19
2016.09.19 21:30:32.626,1.03978,1.04011,1.00,1.19
2016.09.19 21:30:33.004,1.03978,1.04011,1.33,1.19
2016.09.19 21:30:33.106,1.03978,1.04012,1.33,1.50
2016.09.19 21:30:33.756,1.03978,1.04011,1.33,1.19
2016.09.19 21:30:33.807,1.03978,1.04011,1.25,1.50
2016.09.19 21:30:34.058,1.03978,1.04012,1.25,1.75
2016.09.19 21:30:34.110,1.03979,1.04012,1.25,1.25
2016.09.19 21:30:34.161,1.03979,1.04013,1.75,1.19
2016.09.19 21:30:41.784,1.03979,1.04014,1.25,1.50
2016.09.19 21:30:41.954,1.03979,1.04014,1.00,4.50
2016.09.19 21:30:42.005,1.03979,1.04011,1.00,1.50
2016.09.19 21:30:43.004,1.03979,1.0401,1.00,1.19
2016.09.19 21:30:43.691,1.03979,1.04006,1.00,1.00
2016.09.19 21:30:43.743,1.03978,1.04006,1.00,1.19
2016.09.19 21:30:43.794,1.03978,1.04001,1.00,1.00
2016.09.19 21:30:43.845,1.03978,1.04001,1.00,1.19
2016.09.19 21:30:44.842,1.03977,1.04001,1.00,1.19
2016.09.19 21:30:44.894,1.03977,1.04003,1.00,1.50
2016.09.19 21:30:44.996,1.03977,1.04006,1.00,3.75
2016.09.19 21:30:45.340,1.03977,1.04008,1.00,3.75
2016.09.19 21:30:45.443,1.03977,1.0401,1.33,1.31
2016.09.19 21:30:46.155,1.03977,1.04006,1.00,3.75
2016.09.19 21:30:46.308,1.03977,1.04003,1.00,1.50
2016.09.19 21:30:46.564,1.03977,1.04005,1.00,1.19
2016.09.19 21:30:46.615,1.03977,1.04006,1.00,1.50
2016.09.19 21:30:46.718,1.03977,1.04007,1.00,1.19
2016.09.19 21:30:47.221,1.03977,1.04006,1.00,1.19
2016.09.19 21:30:48.789,1.03977,1.0401,1.00,4.12
2016.09.19 21:30:48.840,1.03977,1.04011,1.33,1.87
2016.09.19 21:30:50.216,1.03977,1.04011,1.50,1.87
2016.09.19 21:30:50.414,1.03978,1.0401,1.00,1.56
2016.09.19 21:30:50.466,1.03978,1.0401,1.00,1.31
2016.09.19 21:30:53.376,1.03977,1.04012,1.00,1.56
2016.09.19 21:31:01.724,1.03977,1.04011,1.00,1.56
2016.09.19 21:31:02.411,1.03977,1.04,1.00,1.00
2016.09.19 21:31:02.462,1.03977,1.04,1.00,1.50
2016.09.19 21:31:02.531,1.03977,1.04001,1.00,1.00
2016.09.19 21:31:02.582,1.03977,1.04004,1.00,2.06
2016.09.19 21:31:02.633,1.03977,1.03999,1.00,1.56
2016.09.19 21:31:02.685,1.03977,1.03999,1.00,1.19
2016.09.19 21:31:02.736,1.03977,1.04,1.00,2.25
2016.09.19 21:31:02.888,1.03977,1.04,1.00,2.62
2016.09.19 21:31:04.980,1.03977,1.04,1.00,1.87
2016.09.19 21:31:05.786,1.03977,1.03999,1.00,1.56
2016.09.19 21:31:05.839,1.03977,1.03999,1.00,1.31
2016.09.19 21:31:10.020,1.03977,1.03999,1.00,1.31
2016.09.19 21:31:10.295,1.03977,1.03999,1.00,1.56
2016.09.19 21:31:11.694,1.03977,1.04,1.00,1.87
2016.09.19 21:31:12.858,1.03977,1.04,1.00,2.62
2016.09.19 21:31:13.511,1.03977,1.04,1.00,1.87
2016.09.19 21:31:13.715,1.03977,1.03996,1.00,1.00
2016.09.19 21:31:13.766,1.03977,1.03996,1.00,1.50
2016.09.19 21:31:15.696,1.03977,1.03995,1.00,1.19
2016.09.19 21:31:15.940,1.03977,1.03995,1.00,1.50
2016.09.19 21:31:16.048,1.03977,1.03995,1.00,1.87
2016.09.19 21:31:17.090,1.03977,1.03995,1.00,1.87
2016.09.19 21:31:17.142,1.03977,1.03994,1.00,1.31
2016.09.19 21:31:17.244,1.03977,1.03993,1.00,1.19
2016.09.19 21:31:17.599,1.03977,1.03995,1.00,1.87
2016.09.19 21:31:17.650,1.03977,1.03994,1.00,1.44
2016.09.19 21:31:18.056,1.03977,1.03995,1.00,1.75
2016.09.19 21:31:18.341,1.03977,1.03995,1.00,1.50
2016.09.19 21:31:18.399,1.03977,1.03993,1.00,1.19
2016.09.19 21:31:20.023,1.03977,1.03997,1.00,1.87
2016.09.19 21:31:21.544,1.03977,1.03997,1.00,4.87
2016.09.19 21:31:21.595,1.03977,1.03997,1.00,5.62
2016.09.19 21:31:21.647,1.03977,1.03994,1.00,1.50
2016.09.19 21:31:24.145,1.03977,1.03996,1.00,1.12
2016.09.19 21:31:24.211,1.03977,1.03997,1.00,1.56
2016.09.19 21:31:25.226,1.03977,1.03994,1.00,1.00
2016.09.19 21:31:25.277,1.03977,1.03994,1.00,1.19
2016.09.19 21:31:25.383,1.03977,1.03994,1.00,1.00
2016.09.19 21:31:25.434,1.03977,1.03997,1.00,1.56
2016.09.19 21:31:25.757,1.03977,1.03998,1.00,1.87
2016.09.19 21:31:25.809,1.03982,1.03998,1.00,1.87
2016.09.19 21:31:30.694,1.03982,1.03997,1.00,1.12
2016.09.19 21:31:30.898,1.03977,1.03997,1.00,1.12
2016.09.19 21:31:33.715,1.03977,1.03997,1.00,1.87
2016.09.19 21:31:33.817,1.03977,1.03997,1.00,1.12
2016.09.19 21:31:34.073,1.03977,1.03996,1.00,1.44
2016.09.19 21:31:34.124,1.03977,1.03995,1.00,1.19
2016.09.19 21:31:35.568,1.03977,1.03995,1.00,1.56
2016.09.19 21:31:35.760,1.03977,1.03995,1.00,1.87
2016.09.19 21:31:36.719,1.03977,1.03994,1.00,1.56
2016.09.19 21:31:37.385,1.03977,1.03995,1.00,1.56
2016.09.19 21:31:38.576,1.03977,1.03994,1.00,1.12
2016.09.19 21:31:38.628,1.03977,1.03993,1.00,1.56
2016.09.19 21:31:38.679,1.03977,1.03993,1.00,1.87
2016.09.19 21:31:38.730,1.03977,1.03991,1.00,1.31
2016.09.19 21:31:40.081,1.03977,1.03991,1.00,1.87
2016.09.19 21:31:41.054,1.03959,1.03991,1.00,1.12
2016.09.19 21:31:41.105,1.03959,1.03992,1.00,1.90
2016.09.19 21:31:41.156,1.03959,1.03991,1.00,1.90
2016.09.19 21:31:42.853,1.03959,1.03991,1.00,1.37
2016.09.19 21:31:42.904,1.03959,1.03994,1.00,2.40
2016.09.19 21:31:43.737,1.03959,1.03994,1.00,2.40
2016.09.19 21:31:44.321,1.03958,1.03994,1.00,2.40
2016.09.19 21:31:45.212,1.03959,1.03994,1.00,2.40
2016.09.19 21:31:45.692,1.03959,1.03992,1.00,1.65
2016.09.19 21:31:45.743,1.03959,1.03988,1.00,1.12
2016.09.19 21:31:45.795,1.03957,1.03988,1.00,1.65
2016.09.19 21:31:45.847,1.03957,1.03989,1.00,1.90
2016.09.19 21:31:47.322,1.03958,1.03989,1.00,1.90
2016.09.19 21:31:49.668,1.03958,1.03987,1.00,1.20
2016.09.19 21:31:49.772,1.03958,1.03989,1.00,1.90
2016.09.19 21:31:49.875,1.03954,1.03989,1.00,1.90
2016.09.19 21:31:49.926,1.03954,1.0398,1.00,1.00
2016.09.19 21:31:49.978,1.03938,1.03973,1.50,1.00
2016.09.19 21:31:50.030,1.03938,1.03968,1.50,1.00
2016.09.19 21:31:50.081,1.0394,1.03953,1.37,3.52
2016.09.19 21:31:50.132,1.03937,1.03952,1.37,1.00
2016.09.19 21:31:50.184,1.03937,1.03952,1.37,4.27
2016.09.19 21:31:50.236,1.03936,1.03949,1.12,1.00
2016.09.19 21:31:50.287,1.03931,1.03936,1.00,3.52
2016.09.19 21:31:50.338,1.03904,1.0393,1.00,1.00
2016.09.19 21:31:50.389,1.03898,1.03929,1.00,3.24
2016.09.19 21:31:50.441,1.03897,1.03929,1.00,3.24
2016.09.19 21:31:50.492,1.03896,1.03924,1.50,3.24
2016.09.19 21:31:50.544,1.03895,1.03924,1.00,3.24
2016.09.19 21:31:50.646,1.03891,1.03921,1.00,1.00
2016.09.19 21:31:50.697,1.03891,1.03921,1.00,3.99
2016.09.19 21:31:50.748,1.03891,1.03921,1.00,3.24
2016.09.19 21:31:51.137,1.0389,1.03921,1.00,3.99
2016.09.19 21:31:51.830,1.0389,1.03921,1.00,3.24
2016.09.19 21:31:51.881,1.03887,1.03917,1.00,3.24
2016.09.19 21:31:51.932,1.03882,1.03909,1.00,1.00
2016.09.19 21:31:51.983,1.03876,1.03907,1.50,3.24
2016.09.19 21:31:52.034,1.03874,1.03906,1.00,1.00
2016.09.19 21:31:52.086,1.03875,1.03906,1.00,1.00
2016.09.19 21:31:52.189,1.03874,1.03905,1.00,1.00
2016.09.19 21:31:52.242,1.03873,1.03902,1.00,1.00
2016.09.19 21:31:52.293,1.03871,1.03901,1.00,3.24
2016.09.19 21:31:52.494,1.03871,1.03897,1.00,2.74
2016.09.19 21:31:52.570,1.03865,1.03897,1.50,2.74
2016.09.19 21:31:52.622,1.03867,1.03898,1.00,1.00
2016.09.19 21:31:52.775,1.03874,1.03906,1.00,1.00
2016.09.19 21:31:52.878,1.03877,1.0391,1.00,1.00
2016.09.19 21:31:53.032,1.03876,1.03907,1.00,1.00
2016.09.19 21:31:53.083,1.03872,1.03907,2.25,3.49
2016.09.19 21:31:53.135,1.03872,1.03902,1.00,1.00
2016.09.19 21:31:53.186,1.03868,1.039,1.00,2.74
2016.09.19 21:31:53.289,1.03872,1.03901,1.00,3.49
2016.09.19 21:31:53.340,1.03866,1.03899,1.00,1.00
2016.09.19 21:31:53.391,1.03865,1.03899,1.50,1.00
2016.09.19 21:31:53.442,1.03867,1.03895,1.00,1.00
2016.09.19 21:31:53.650,1.03865,1.03893,1.00,1.00
2016.09.19 21:31:53.701,1.03862,1.03893,1.00,3.49
2016.09.19 21:31:53.753,1.0386,1.03893,2.25,3.49
2016.09.19 21:31:54.072,1.0386,1.03893,2.25,3.49
2016.09.19 21:31:54.123,1.03862,1.03893,1.00,1.00
2016.09.19 21:31:54.174,1.03859,1.0389,1.00,2.74
2016.09.19 21:31:54.273,1.03858,1.0389,1.00,2.74
2016.09.19 21:31:54.325,1.0386,1.03891,1.00,1.00
2016.09.19 21:31:54.377,1.0386,1.03889,1.00,2.74
2016.09.19 21:31:54.428,1.03858,1.03889,1.00,2.74
2016.09.19 21:31:54.480,1.03858,1.03893,1.50,3.49
2016.09.19 21:31:54.583,1.03857,1.03889,1.00,2.23
2016.09.19 21:31:54.635,1.03863,1.03889,1.00,2.98
2016.09.19 21:31:54.919,1.03854,1.03885,1.00,2.23
2016.09.19 21:31:54.971,1.03851,1.03883,1.00,1.00
2016.09.19 21:31:55.125,1.03852,1.03883,1.00,2.98
2016.09.19 21:31:55.228,1.03848,1.03883,2.25,2.98
2016.09.19 21:31:55.280,1.03848,1.03879,1.00,2.23
2016.09.19 21:31:55.332,1.03845,1.03879,1.50,2.23
2016.09.19 21:31:55.383,1.03845,1.03872,1.00,2.23
2016.09.19 21:31:55.434,1.03842,1.03872,2.25,2.23
2016.09.19 21:31:55.485,1.03842,1.03876,1.00,2.98
2016.09.19 21:31:55.537,1.03849,1.03876,1.00,2.23
2016.09.19 21:31:55.589,1.03851,1.03882,1.00,1.00
2016.09.19 21:31:55.640,1.03852,1.03884,1.00,2.23
2016.09.19 21:31:55.692,1.03852,1.03885,2.25,1.00
2016.09.19 21:31:55.744,1.03853,1.03887,1.00,2.23
2016.09.19 21:31:55.795,1.03853,1.03888,1.50,2.98
2016.09.19 21:31:55.847,1.03855,1.03887,1.00,1.00
2016.09.19 21:31:56.171,1.03854,1.03888,1.00,2.98
2016.09.19 21:31:56.223,1.03859,1.03888,3.75,1.00
2016.09.19 21:31:56.274,1.03863,1.03895,1.50,1.73
2016.09.19 21:31:56.478,1.03863,1.03896,1.75,1.00
2016.09.19 21:31:56.580,1.03866,1.03897,1.19,2.48
2016.09.19 21:31:56.784,1.03863,1.03894,1.19,1.00
2016.09.19 21:31:56.886,1.03863,1.03894,1.50,2.48
2016.09.19 21:31:56.988,1.03863,1.03894,1.50,1.00
2016.09.19 21:31:57.040,1.03867,1.03896,1.00,1.73
2016.09.19 21:31:57.091,1.03867,1.03898,1.75,1.00
2016.09.19 21:31:57.143,1.03882,1.039,1.00,1.73
2016.09.19 21:31:57.194,1.03882,1.03913,1.75,1.00
2016.09.19 21:31:57.246,1.03885,1.03917,1.19,1.73
2016.09.19 21:31:57.297,1.03885,1.03918,1.75,1.00
2016.09.19 21:31:57.349,1.03893,1.03919,1.00,1.73
2016.09.19 21:31:57.400,1.03895,1.03924,3.75,1.00
2016.09.19 21:31:57.602,1.03896,1.03924,1.75,1.00
2016.09.19 21:31:57.703,1.03913,1.03941,1.00,1.22
2016.09.19 21:31:57.754,1.03911,1.03941,1.25,1.22
2016.09.19 21:31:57.854,1.03912,1.03942,1.19,1.22
2016.09.19 21:31:57.905,1.03912,1.03944,1.50,1.22
2016.09.19 21:31:58.186,1.03916,1.03947,1.75,1.00
2016.09.19 21:31:58.288,1.03918,1.03949,1.19,1.97
2016.09.19 21:31:58.704,1.03918,1.03949,1.50,1.97
2016.09.19 21:31:58.756,1.03928,1.03957,1.00,1.22
2016.09.19 21:31:58.807,1.03928,1.03959,1.75,1.00
2016.09.19 21:31:58.858,1.03933,1.03963,1.25,1.22
2016.09.19 21:31:58.909,1.03933,1.03965,1.75,1.22
2016.09.19 21:31:59.216,1.03933,1.03963,1.25,1.22
2016.09.19 21:31:59.282,1.03937,1.03967,1.25,1.22
2016.09.19 21:31:59.333,1.03937,1.0396,1.25,1.00
2016.09.19 21:31:59.385,1.03937,1.03956,1.19,1.00
2016.09.19 21:31:59.489,1.03936,1.03956,1.50,1.00
2016.09.19 21:31:59.743,1.03936,1.03967,1.50,1.00
2016.09.19 21:31:59.846,1.03934,1.03965,1.75,1.00
2016.09.19 21:32:00.062,1.03932,1.03965,4.50,1.00
2016.09.19 21:32:00.114,1.03932,1.03965,1.50,1.72
2016.09.19 21:32:00.669,1.03928,1.03957,3.75,1.00
2016.09.19 21:32:00.720,1.03923,1.03957,1.00,1.00
2016.09.19 21:32:00.771,1.03919,1.03953,1.00,1.00
2016.09.19 21:32:00.822,1.03919,1.03953,1.50,1.72
2016.09.19 21:32:00.873,1.03919,1.03951,1.00,1.00
2016.09.19 21:32:00.925,1.03917,1.03951,1.50,1.00
2016.09.19 21:32:01.332,1.03917,1.03951,1.50,1.21
2016.09.19 21:32:01.383,1.03917,1.03961,1.50,1.21
2016.09.19 21:32:01.598,1.03917,1.03962,1.00,1.21
2016.09.19 21:32:01.700,1.03917,1.03962,1.00,1.21
2016.09.19 21:32:01.883,1.03917,1.03962,1.00,1.21
2016.09.19 21:32:01.934,1.03917,1.03962,1.00,1.59
2016.09.19 21:32:01.985,1.03913,1.03959,1.00,1.59
2016.09.19 21:32:02.037,1.03913,1.03959,1.00,1.71
2016.09.19 21:32:02.088,1.03909,1.03955,1.00,1.21
2016.09.19 21:32:02.139,1.03909,1.03955,1.00,1.21
2016.09.19 21:32:02.190,1.03913,1.03953,1.00,1.21
2016.09.19 21:32:02.292,1.03914,1.03957,1.00,1.21
2016.09.19 21:32:02.394,1.03911,1.03954,1.00,1.21
2016.09.19 21:32:02.497,1.03907,1.03952,1.00,1.71
2016.09.19 21:32:02.548,1.03905,1.03948,1.00,1.21
2016.09.19 21:32:02.599,1.03905,1.03951,1.50,1.21
2016.09.19 21:32:02.679,1.03905,1.03947,1.00,1.71
2016.09.19 21:32:02.905,1.03902,1.03945,1.00,1.21
2016.09.19 21:32:02.957,1.03903,1.03949,1.00,1.21
2016.09.19 21:32:03.059,1.039,1.03946,1.50,1.21
2016.09.19 21:32:03.110,1.039,1.03946,1.50,1.71
2016.09.19 21:32:03.161,1.03901,1.03945,1.00,1.21
2016.09.19 21:32:03.212,1.03901,1.03945,1.00,1.21
2016.09.19 21:32:03.315,1.03901,1.03945,1.00,1.21
2016.09.19 21:32:03.366,1.03898,1.03947,1.00,1.71
2016.09.19 21:32:03.417,1.03898,1.0395,1.00,1.34
2016.09.19 21:32:03.469,1.03898,1.0395,1.00,1.21
2016.09.19 21:32:03.578,1.03898,1.03948,1.00,1.21
2016.09.19 21:32:03.833,1.03898,1.03948,1.33,1.21
2016.09.19 21:32:03.885,1.03898,1.03944,1.33,1.21
2016.09.19 21:32:04.564,1.03902,1.03948,1.00,1.21
2016.09.19 21:32:04.615,1.03901,1.03954,1.00,1.71
2016.09.19 21:32:04.667,1.03901,1.03954,1.00,1.59
2016.09.19 21:32:04.821,1.03902,1.03952,1.00,1.21
2016.09.19 21:32:04.923,1.03902,1.03952,1.00,1.59
2016.09.19 21:32:04.975,1.03903,1.03947,1.00,1.21
2016.09.19 21:32:05.077,1.03902,1.03951,1.00,1.59
2016.09.19 21:32:05.230,1.03902,1.03947,1.00,1.21
2016.09.19 21:32:05.282,1.03902,1.03951,1.00,1.34
2016.09.19 21:32:05.384,1.03901,1.03956,1.00,1.59
2016.09.19 21:32:05.436,1.03901,1.03956,1.00,1.21
2016.09.19 21:32:05.870,1.03901,1.03954,1.00,1.21
2016.09.19 21:32:05.922,1.03899,1.03949,1.50,2.09
2016.09.19 21:32:05.974,1.039,1.03949,1.00,2.09
2016.09.19 21:32:06.025,1.039,1.03949,1.00,1.21
2016.09.19 21:32:06.128,1.039,1.03949,1.00,1.59
2016.09.19 21:32:06.652,1.039,1.03949,1.00,1.21
2016.09.19 21:32:06.755,1.03908,1.03953,1.00,1.59
2016.09.19 21:32:06.806,1.03909,1.03951,1.00,2.09
2016.09.19 21:32:06.858,1.0391,1.03951,1.00,1.71
2016.09.19 21:32:06.910,1.03909,1.03958,1.33,2.46
2016.09.19 21:32:06.961,1.03909,1.03956,1.33,1.21
2016.09.19 21:32:07.013,1.0391,1.03956,1.00,1.21
2016.09.19 21:32:07.064,1.03907,1.03954,1.24,1.21
2016.09.19 21:32:07.116,1.03909,1.03954,1.00,1.21
2016.09.19 21:32:07.360,1.03906,1.03953,3.99,1.21
2016.09.19 21:32:07.543,1.03906,1.03953,3.99,1.59
2016.09.19 21:32:07.914,1.03906,1.03953,1.24,1.59
2016.09.19 21:32:08.619,1.03906,1.03954,1.74,2.09
2016.09.19 21:32:09.878,1.03906,1.03954,1.33,2.09
2016.09.19 21:32:10.181,1.03906,1.03953,1.33,1.59
2016.09.19 21:32:10.458,1.03906,1.03954,1.33,2.09
2016.09.19 21:32:10.682,1.0391,1.03954,1.00,1.59
2016.09.19 21:32:10.733,1.0391,1.03954,1.00,1.21
2016.09.19 21:32:10.886,1.03908,1.03956,1.24,1.21
2016.09.19 21:32:11.361,1.03911,1.03956,1.00,1.21
2016.09.19 21:32:11.413,1.03912,1.03956,1.24,1.21
2016.09.19 21:32:11.464,1.03912,1.03958,1.24,1.21
2016.09.19 21:32:11.515,1.03912,1.03958,1.00,1.21
2016.09.19 21:32:11.668,1.0391,1.03958,1.74,1.21
2016.09.19 21:32:11.771,1.03911,1.03954,1.33,1.21
2016.09.19 21:32:11.823,1.0391,1.03954,3.99,1.21
2016.09.19 21:32:11.874,1.03912,1.03958,1.33,1.21
2016.09.19 21:32:12.051,1.03912,1.03958,1.00,1.21
2016.09.19 21:32:12.102,1.0391,1.03958,1.24,1.21
2016.09.19 21:32:12.314,1.03912,1.03958,1.00,1.21
2016.09.19 21:32:12.485,1.0391,1.03958,1.24,1.21
2016.09.19 21:32:12.814,1.03912,1.03958,1.00,1.21
2016.09.19 21:32:13.786,1.03911,1.03958,1.33,1.21
2016.09.19 21:32:13.960,1.03912,1.03958,1.00,1.21
2016.09.19 21:32:14.497,1.03913,1.03958,1.00,1.21
2016.09.19 21:32:14.969,1.03911,1.03956,1.00,1.21
2016.09.19 21:32:15.151,1.03911,1.03956,1.50,1.21
2016.09.19 21:32:15.202,1.03912,1.03958,1.00,1.21
2016.09.19 21:32:15.458,1.03911,1.03958,1.50,1.21
2016.09.19 21:32:15.509,1.03911,1.03958,1.74,1.72
2016.09.19 21:32:15.560,1.03912,1.03958,1.00,1.72
2016.09.19 21:32:15.611,1.03912,1.0395,1.00,1.47
2016.09.19 21:32:15.815,1.03911,1.0395,1.00,1.97
2016.09.19 21:32:15.969,1.03911,1.03949,1.00,1.00
2016.09.19 21:32:16.224,1.03911,1.03949,1.00,1.97
2016.09.19 21:32:17.441,1.03911,1.03946,1.00,1.22
2016.09.19 21:32:18.264,1.03911,1.03946,1.00,1.97
2016.09.19 21:32:18.367,1.03911,1.03946,1.00,1.22
2016.09.19 21:32:18.418,1.03911,1.0395,1.00,1.72
2016.09.19 21:32:18.724,1.03916,1.03953,1.00,1.00
2016.09.19 21:32:18.775,1.03916,1.03954,1.00,1.47
2016.09.19 21:32:19.766,1.03916,1.03953,1.00,1.22
2016.09.19 21:32:19.921,1.03916,1.03955,1.00,1.97
2016.09.19 21:32:20.230,1.03916,1.03955,1.24,1.00
2016.09.19 21:32:20.282,1.03916,1.03956,1.74,1.22
2016.09.19 21:32:20.425,1.03916,1.03956,1.33,1.22
2016.09.19 21:32:20.477,1.03916,1.03955,1.33,1.00
2016.09.19 21:32:20.637,1.03916,1.03955,1.33,1.97
2016.09.19 21:32:21.227,1.03916,1.03955,1.00,1.00
2016.09.19 21:32:21.467,1.03916,1.03955,1.50,1.00
2016.09.19 21:32:21.519,1.03916,1.03956,1.74,1.73
2016.09.19 21:32:21.570,1.03916,1.03956,1.74,2.48
2016.09.19 21:32:21.840,1.03916,1.03956,1.74,1.00
2016.09.19 21:32:22.044,1.03916,1.03956,2.49,1.00
2016.09.19 21:32:22.218,1.03916,1.03954,1.50,1.73
2016.09.19 21:32:22.320,1.03916,1.03956,1.24,1.73
2016.09.19 21:32:22.600,1.03916,1.03957,1.33,2.98
2016.09.19 21:32:22.672,1.03917,1.03957,1.00,2.98
2016.09.19 21:32:22.724,1.03917,1.03956,1.00,2.23
2016.09.19 21:32:22.775,1.03917,1.03956,1.00,2.98
2016.09.19 21:32:23.142,1.03916,1.03955,1.74,2.23
2016.09.19 21:32:23.193,1.03916,1.03955,1.74,2.98
2016.09.19 21:32:23.383,1.03916,1.03955,1.24,2.98
2016.09.19 21:32:24.376,1.03916,1.03955,1.24,2.23
2016.09.19 21:32:24.427,1.03916,1.03956,1.33,3.49
2016.09.19 21:32:24.649,1.03916,1.03956,1.24,3.49
2016.09.19 21:32:24.954,1.03917,1.03956,1.50,3.49
2016.09.19 21:32:25.005,1.03917,1.03956,1.50,2.74
2016.09.19 21:32:25.311,1.03917,1.03955,1.00,2.74
2016.09.19 21:32:25.413,1.03917,1.03956,1.50,2.74
2016.09.19 21:32:25.618,1.03917,1.03956,1.50,1.00
2016.09.19 21:32:25.897,1.03917,1.03957,1.00,3.49
2016.09.19 21:32:25.949,1.03917,1.03956,1.50,2.74
2016.09.19 21:32:26.407,1.03917,1.03956,2.25,3.99
2016.09.19 21:32:26.498,1.03917,1.03955,2.25,1.24
2016.09.19 21:32:26.549,1.03917,1.03955,2.25,1.24
2016.09.19 21:32:26.652,1.03917,1.03955,2.25,1.24
2016.09.19 21:32:26.754,1.03917,1.03955,1.50,1.24
2016.09.19 21:32:26.805,1.03917,1.03956,1.00,1.24
2016.09.19 21:32:26.856,1.03917,1.03956,1.50,3.99
2016.09.19 21:32:26.908,1.03917,1.03956,1.50,1.24
2016.09.19 21:32:26.959,1.03917,1.03956,1.50,1.24
2016.09.19 21:32:29.910,1.03917,1.03955,1.00,3.24
2016.09.19 21:32:29.961,1.03917,1.03955,1.00,3.24
2016.09.19 21:32:30.013,1.0392,1.03956,1.00,1.33
2016.09.19 21:32:30.116,1.03917,1.03954,1.50,3.24
2016.09.19 21:32:30.167,1.03917,1.03954,1.50,3.24
2016.09.19 21:32:30.218,1.03917,1.03955,1.50,1.24
2016.09.19 21:32:30.626,1.03917,1.03955,1.00,1.24
2016.09.19 21:32:31.130,1.03918,1.03954,1.00,1.33
2016.09.19 21:32:31.182,1.03919,1.03957,1.00,3.24
2016.09.19 21:32:31.233,1.0392,1.03959,1.00,1.24
2016.09.19 21:32:31.284,1.0392,1.03956,1.00,1.00
2016.09.19 21:32:31.335,1.03917,1.03956,2.25,1.24
2016.09.19 21:32:31.438,1.03917,1.03955,2.25,3.99
2016.09.19 21:32:31.761,1.03917,1.03955,1.50,3.99
2016.09.19 21:32:32.413,1.03917,1.03954,1.50,1.24
2016.09.19 21:32:32.613,1.03917,1.03954,1.00,1.24
2016.09.19 21:32:33.499,1.03916,1.03955,1.00,1.24
2016.09.19 21:32:33.682,1.03916,1.03954,1.50,1.24
2016.09.19 21:32:33.733,1.03917,1.03954,1.00,1.24
2016.09.19 21:32:33.784,1.03917,1.03955,1.00,3.99
2016.09.19 21:32:34.972,1.03917,1.03955,1.00,3.99
2016.09.19 21:32:35.077,1.03917,1.03955,1.00,3.99
2016.09.19 21:32:35.335,1.03916,1.03955,1.00,1.24
2016.09.19 21:32:35.590,1.03916,1.03957,1.00,3.99
2016.09.19 21:32:35.919,1.03916,1.03956,1.00,1.24
2016.09.19 21:32:37.600,1.03915,1.03956,1.50,1.24
2016.09.19 21:32:37.666,1.03916,1.03956,1.00,1.24
2016.09.19 21:32:37.723,1.03915,1.03956,1.50,1.24
2016.09.19 21:32:37.880,1.03915,1.03956,2.25,1.24
2016.09.19 21:32:38.414,1.03915,1.03956,1.50,1.33
2016.09.19 21:32:38.553,1.03915,1.03956,1.00,1.33
2016.09.19 21:32:38.604,1.03915,1.03956,1.50,1.33
2016.09.19 21:32:38.784,1.03918,1.03958,1.00,3.24
2016.09.19 21:32:38.837,1.03919,1.0396,1.50,1.24
2016.09.19 21:32:39.751,1.03919,1.0396,1.00,1.24
2016.09.19 21:32:40.325,1.03915,1.03956,1.50,1.33
2016.09.19 21:32:40.990,1.03915,1.03956,2.25,1.33
2016.09.19 21:32:41.257,1.03915,1.03956,1.50,1.33
2016.09.19 21:32:41.479,1.03915,1.03956,2.25,1.33
2016.09.19 21:32:41.530,1.03915,1.03956,1.50,1.33
2016.09.19 21:32:41.581,1.03915,1.03956,2.25,1.33
2016.09.19 21:32:41.632,1.03915,1.03956,1.50,1.24
2016.09.19 21:32:41.734,1.03915,1.03955,1.00,1.24
2016.09.19 21:32:42.222,1.03913,1.03956,3.00,1.24
2016.09.19 21:32:42.325,1.03918,1.03956,1.00,1.24
2016.09.19 21:32:43.458,1.03918,1.03956,1.00,4.50
2016.09.19 21:32:43.509,1.03918,1.03953,1.00,1.50
2016.09.19 21:32:43.742,1.03916,1.03953,1.00,1.50
2016.09.19 21:32:45.860,1.03918,1.03953,1.00,1.00
2016.09.19 21:32:45.913,1.03918,1.03956,1.50,1.69
2016.09.19 21:32:46.098,1.03918,1.03954,1.00,1.25
2016.09.19 21:32:46.149,1.03916,1.03954,1.00,1.50
2016.09.19 21:32:46.505,1.03916,1.03949,1.00,1.00
2016.09.19 21:32:46.559,1.03916,1.03949,1.00,1.75
2016.09.19 21:32:46.611,1.03912,1.03946,1.00,1.19
2016.09.19 21:32:50.339,1.03912,1.03947,1.00,1.50
2016.09.19 21:32:54.729,1.03912,1.03946,1.00,1.19
2016.09.19 21:32:55.402,1.03912,1.03947,1.00,1.50
2016.09.19 21:32:58.944,1.03912,1.03946,1.00,1.50
2016.09.19 21:32:59.245,1.03917,1.0395,1.19,1.50
2016.09.19 21:32:59.449,1.0392,1.03951,1.19,1.19
2016.09.19 21:32:59.653,1.03919,1.03952,1.19,2.25
2016.09.19 21:33:00.356,1.03921,1.03952,1.19,1.69
2016.09.19 21:33:00.459,1.03921,1.03952,1.19,1.19
2016.09.19 21:33:00.512,1.03919,1.03952,1.50,1.19
2016.09.19 21:33:00.564,1.03919,1.03952,1.19,1.50
2016.09.19 21:33:00.915,1.03922,1.03955,1.25,5.25
2016.09.19 21:33:00.966,1.03922,1.03955,1.19,1.74
2016.09.19 21:33:01.020,1.03922,1.03957,1.19,1.24
2016.09.19 21:33:01.248,1.03924,1.03957,1.19,1.24
2016.09.19 21:33:01.636,1.03924,1.03957,1.19,3.99
2016.09.19 21:33:01.738,1.03923,1.03956,1.19,1.24
2016.09.19 21:33:02.062,1.03922,1.03957,1.19,1.24
2016.09.19 21:33:02.658,1.03922,1.03957,1.50,3.99
2016.09.19 21:33:03.957,1.03923,1.03956,1.19,1.24
2016.09.19 21:33:06.040,1.03923,1.03956,1.19,1.33
2016.09.19 21:33:07.755,1.03923,1.03956,1.19,1.24
2016.09.19 21:33:10.982,1.03923,1.03956,1.00,3.99
2016.09.19 21:33:11.033,1.03921,1.03956,1.19,3.99
2016.09.19 21:33:11.084,1.03921,1.03956,1.19,1.24
2016.09.19 21:33:13.047,1.03921,1.03956,1.50,3.99
2016.09.19 21:33:13.771,1.03922,1.03957,1.19,1.24
2016.09.19 21:33:14.935,1.03921,1.03956,1.50,1.24
2016.09.19 21:33:14.987,1.03921,1.03956,1.19,1.24
2016.09.19 21:33:15.845,1.03922,1.03955,1.19,1.24
2016.09.19 21:33:15.896,1.03922,1.03955,1.50,1.24
2016.09.19 21:33:15.948,1.03924,1.03957,1.19,3.99
2016.09.19 21:33:15.999,1.03924,1.03957,1.19,1.24
2016.09.19 21:33:20.253,1.03923,1.03958,1.50,3.99
2016.09.19 21:33:22.463,1.03924,1.03957,1.19,1.24
2016.09.19 21:33:22.937,1.03923,1.03958,1.50,3.99
2016.09.19 21:33:23.663,1.03924,1.03957,1.19,1.24
2016.09.19 21:33:24.967,1.03923,1.03958,1.50,3.99
2016.09.19 21:33:25.943,1.03922,1.03955,1.75,1.33
2016.09.19 21:33:25.994,1.03922,1.03955,1.50,1.19
2016.09.19 21:33:26.046,1.03922,1.03955,1.50,1.19
2016.09.19 21:33:26.098,1.03922,1.03955,1.50,1.75
2016.09.19 21:33:27.360,1.03922,1.03955,1.75,1.50
2016.09.19 21:33:29.672,1.03922,1.03955,1.50,1.19
2016.09.19 21:33:31.054,1.03922,1.03955,1.50,1.19
2016.09.19 21:33:31.106,1.03923,1.03956,1.75,1.50
2016.09.19 21:33:31.260,1.03924,1.03955,1.50,1.19
2016.09.19 21:33:31.964,1.03924,1.03955,1.19,1.19
2016.09.19 21:33:32.067,1.03922,1.03955,1.75,1.50
2016.09.19 21:33:32.170,1.03922,1.03953,1.19,1.50
2016.09.19 21:33:32.272,1.03923,1.03954,1.50,1.19
2016.09.19 21:33:33.649,1.03919,1.03953,1.75,1.19
2016.09.19 21:33:33.701,1.03917,1.03953,1.24,1.50
2016.09.19 21:33:33.752,1.03916,1.03952,3.99,1.19
2016.09.19 21:33:33.804,1.03916,1.03952,1.24,1.50
2016.09.19 21:33:33.907,1.03916,1.03952,3.99,1.19
2016.09.19 21:33:33.961,1.03917,1.03953,1.24,1.50
2016.09.19 21:33:36.323,1.03916,1.03951,3.24,1.19
2016.09.19 21:33:36.374,1.03915,1.03951,1.24,1.19
2016.09.19 21:33:39.062,1.03916,1.0395,1.24,1.25
2016.09.19 21:33:40.269,1.03917,1.03951,1.24,1.19
2016.09.19 21:33:40.321,1.03917,1.03949,1.00,1.75
2016.09.19 21:33:40.373,1.03909,1.03943,1.50,1.75
2016.09.19 21:33:40.424,1.03909,1.03942,1.00,1.50
2016.09.19 21:33:40.476,1.03909,1.03936,1.00,3.75
2016.09.19 21:33:40.527,1.03909,1.03936,1.00,3.75
2016.09.19 21:33:40.610,1.03909,1.03937,1.00,1.75
2016.09.19 21:33:40.905,1.03909,1.03932,1.00,3.37
2016.09.19 21:33:40.958,1.03896,1.0393,1.00,1.37
2016.09.19 21:33:41.009,1.03896,1.0393,1.24,1.00
2016.09.19 21:33:41.060,1.03894,1.03933,1.24,1.37
2016.09.19 21:33:41.671,1.03894,1.03933,1.24,1.37
2016.09.19 21:33:41.723,1.03895,1.03933,3.24,1.37
2016.09.19 21:33:41.953,1.03895,1.03934,3.99,1.37
2016.09.19 21:33:42.056,1.03895,1.03934,3.99,1.87
2016.09.19 21:33:42.698,1.03898,1.03934,3.24,1.50
2016.09.19 21:33:42.749,1.03899,1.03934,1.24,1.00
2016.09.19 21:33:43.180,1.039,1.03935,3.24,1.00
2016.09.19 21:33:43.232,1.03902,1.03935,1.24,1.00
2016.09.19 21:33:43.334,1.039,1.03935,3.99,1.00
2016.09.19 21:33:43.385,1.039,1.03935,1.24,1.00
2016.09.19 21:33:43.436,1.03901,1.03935,1.24,1.00
2016.09.19 21:33:43.539,1.03901,1.03939,1.24,3.49
2016.09.19 21:33:43.641,1.03899,1.03936,1.24,1.00
2016.09.19 21:33:43.692,1.03899,1.03936,3.99,1.00
2016.09.19 21:33:43.743,1.03901,1.03936,1.24,1.00
2016.09.19 21:33:43.794,1.03901,1.03939,1.24,4.24
2016.09.19 21:33:43.845,1.039,1.03939,1.24,3.49
2016.09.19 21:33:43.896,1.039,1.03938,1.24,2.74
2016.09.19 21:33:43.998,1.03899,1.03938,3.99,2.74
2016.09.19 21:33:44.050,1.03899,1.03937,3.24,1.00
2016.09.19 21:33:44.101,1.03898,1.03937,3.99,3.49
2016.09.19 21:33:44.152,1.03898,1.03936,4.74,1.00
2016.09.19 21:33:44.203,1.03898,1.03936,1.74,3.49
2016.09.19 21:33:44.609,1.03898,1.03936,4.74,1.00
2016.09.19 21:33:44.674,1.03899,1.03937,1.24,3.49
2016.09.19 21:33:47.281,1.03899,1.03936,1.24,2.74
2016.09.19 21:33:47.333,1.03899,1.03936,1.24,3.49
2016.09.19 21:33:47.384,1.03897,1.03936,1.24,3.49
2016.09.19 21:33:48.712,1.03897,1.0393,1.00,2.74
2016.09.19 21:33:48.765,1.0389,1.03925,3.24,1.00
2016.09.19 21:33:48.816,1.03887,1.03925,4.74,1.00
2016.09.19 21:33:48.868,1.03891,1.03924,1.24,1.00
2016.09.19 21:33:48.970,1.0389,1.03926,3.24,1.00
2016.09.19 21:33:49.022,1.03886,1.03926,1.24,3.49
2016.09.19 21:33:49.813,1.03886,1.03925,1.24,2.74
2016.09.19 21:33:49.864,1.03886,1.03924,1.24,1.00
2016.09.19 21:33:49.915,1.03886,1.03924,1.24,3.49
2016.09.19 21:33:50.490,1.03886,1.03922,1.24,2.74
2016.09.19 21:33:50.541,1.03884,1.03922,1.24,3.49
2016.09.19 21:33:51.061,1.03882,1.03922,1.24,3.49
2016.09.19 21:33:51.488,1.03882,1.0392,1.24,1.00
2016.09.19 21:33:52.350,1.03881,1.03921,1.24,3.49
2016.09.19 21:33:52.554,1.03882,1.0392,1.24,1.00
2016.09.19 21:33:52.866,1.03882,1.03922,1.24,3.49
2016.09.19 21:33:53.547,1.03881,1.03919,1.00,2.74
2016.09.19 21:33:53.599,1.03881,1.03921,1.00,1.00
2016.09.19 21:33:53.650,1.0388,1.03919,2.23,1.00
2016.09.19 21:33:53.752,1.0388,1.03922,2.98,4.24
2016.09.19 21:33:54.512,1.0388,1.03921,1.00,2.74
2016.09.19 21:33:54.564,1.03879,1.03921,3.73,3.49
2016.09.19 21:33:54.615,1.03879,1.03921,2.98,3.49
2016.09.19 21:33:54.843,1.0388,1.0392,1.00,1.00
2016.09.19 21:33:54.894,1.0388,1.0392,2.98,3.49
2016.09.19 21:33:54.946,1.0388,1.0392,2.98,2.74
2016.09.19 21:33:54.998,1.03881,1.03922,2.23,1.50
2016.09.19 21:33:55.049,1.03881,1.03922,2.98,1.00
2016.09.19 21:33:55.100,1.03882,1.03922,2.23,1.00
2016.09.19 21:33:55.152,1.03882,1.03922,2.98,1.00
2016.09.19 21:33:55.203,1.03883,1.03922,2.23,1.00
2016.09.19 21:33:55.255,1.03884,1.03925,1.00,3.49
2016.09.19 21:33:55.306,1.03886,1.03925,2.23,1.00
2016.09.19 21:33:55.358,1.03886,1.03926,2.98,3.49
2016.09.19 21:33:55.460,1.03886,1.03926,2.98,2.74
2016.09.19 21:33:55.511,1.03887,1.03927,2.23,2.74
2016.09.19 21:33:56.248,1.03887,1.03927,2.98,3.49
2016.09.19 21:33:56.556,1.03887,1.03927,2.98,2.74
2016.09.19 21:33:56.608,1.03887,1.03927,1.00,2.23
2016.09.19 21:33:56.710,1.03888,1.03928,1.00,1.00
2016.09.19 21:33:56.762,1.03887,1.03922,2.23,1.00
2016.09.19 21:33:56.813,1.03884,1.03918,1.00,2.23
2016.09.19 21:33:56.865,1.03879,1.03918,1.50,2.23
2016.09.19 21:33:56.917,1.03881,1.03919,2.23,1.00
2016.09.19 21:33:56.969,1.03881,1.03921,2.23,2.23
2016.09.19 21:33:57.020,1.0388,1.0392,1.00,2.23
2016.09.19 21:33:57.071,1.03879,1.03919,2.98,1.00
2016.09.19 21:33:57.122,1.03879,1.03919,2.98,1.00
2016.09.19 21:33:57.488,1.03879,1.0392,2.23,2.98
2016.09.19 21:33:57.590,1.03879,1.03919,2.98,1.00
2016.09.19 21:33:58.412,1.03879,1.03919,2.98,2.98
2016.09.19 21:33:58.772,1.03879,1.03919,2.23,2.98
2016.09.19 21:33:58.876,1.0388,1.03918,1.00,1.00
2016.09.19 21:33:59.028,1.0388,1.03918,1.24,2.98
2016.09.19 21:33:59.253,1.03882,1.03918,1.24,2.23
2016.09.19 21:33:59.305,1.03882,1.03918,1.24,2.23
2016.09.19 21:33:59.356,1.03884,1.03923,3.99,2.23
2016.09.19 21:33:59.461,1.03886,1.03926,3.99,3.73
2016.09.19 21:33:59.512,1.03887,1.03926,3.24,1.50
2016.09.19 21:33:59.563,1.03887,1.03927,3.99,2.98
2016.09.19 21:33:59.614,1.03887,1.03927,3.99,2.98
2016.09.19 21:33:59.970,1.03888,1.03926,1.24,1.00
2016.09.19 21:34:00.021,1.03889,1.03926,3.24,1.00
2016.09.19 21:34:00.072,1.03892,1.0393,1.24,1.00
2016.09.19 21:34:00.124,1.03892,1.03929,1.24,1.73
2016.09.19 21:34:00.175,1.03892,1.03929,1.24,2.48
2016.09.19 21:34:00.352,1.03892,1.03929,1.24,1.73
2016.09.19 21:34:00.658,1.03893,1.03929,1.24,1.31
2016.09.19 21:34:00.760,1.03892,1.03929,1.74,1.73
2016.09.19 21:34:00.862,1.03892,1.03927,1.33,1.31
2016.09.19 21:34:00.913,1.03892,1.03928,1.24,1.73
2016.09.19 21:34:00.964,1.03893,1.03928,1.33,1.31
2016.09.19 21:34:01.016,1.03894,1.03928,3.24,1.00
2016.09.19 21:34:01.223,1.03894,1.03928,3.24,1.00
2016.09.19 21:34:01.275,1.03896,1.03934,1.24,1.00
2016.09.19 21:34:01.478,1.03895,1.03934,1.74,1.00
2016.09.19 21:34:01.529,1.03895,1.03934,1.74,1.72
2016.09.19 21:34:01.581,1.03895,1.03934,1.24,2.22
2016.09.19 21:34:01.632,1.03896,1.03934,3.24,1.50
2016.09.19 21:34:01.683,1.03896,1.0394,3.99,1.21
2016.09.19 21:34:01.836,1.03897,1.03941,1.24,1.21
2016.09.19 21:34:01.887,1.03897,1.03941,1.74,1.21
2016.09.19 21:34:01.989,1.03897,1.03941,1.24,1.21
2016.09.19 21:34:02.054,1.03897,1.03941,1.74,1.21
2016.09.19 21:34:02.738,1.03897,1.03941,1.74,1.21
2016.09.19 21:34:02.965,1.03897,1.03941,1.24,1.21
2016.09.19 21:34:03.067,1.03897,1.03941,1.74,1.21
2016.09.19 21:34:03.118,1.03897,1.03941,1.74,1.21
2016.09.19 21:34:04.058,1.03897,1.03941,4.74,1.21
2016.09.19 21:34:04.262,1.03897,1.03941,1.74,1.21
2016.09.19 21:34:04.576,1.03898,1.03941,1.24,1.21
2016.09.19 21:34:04.729,1.03899,1.03936,3.24,1.00
2016.09.19 21:34:04.780,1.03899,1.03932,3.99,1.00
2016.09.19 21:34:04.831,1.03893,1.0393,1.00,1.50
2016.09.19 21:34:04.884,1.03879,1.03919,1.24,1.21
2016.09.19 21:34:05.210,1.03879,1.03919,1.24,1.21
2016.09.19 21:34:05.262,1.03879,1.03917,1.24,1.00
2016.09.19 21:34:06.267,1.0388,1.03917,1.24,1.00
2016.09.19 21:34:06.554,1.03879,1.03917,1.24,1.00
2016.09.19 21:34:06.867,1.03878,1.03916,3.24,1.00
2016.09.19 21:34:06.918,1.03878,1.03913,3.24,1.00
2016.09.19 21:34:06.970,1.03871,1.0391,1.00,1.00
2016.09.19 21:34:07.022,1.03866,1.03905,1.00,1.21
2016.09.19 21:34:07.074,1.03858,1.03901,3.99,1.21
2016.09.19 21:34:07.125,1.03856,1.03901,1.24,1.21
2016.09.19 21:34:07.177,1.0386,1.03909,1.33,1.21
2016.09.19 21:34:07.229,1.03867,1.03909,3.24,1.28
2016.09.19 21:34:07.282,1.0387,1.03905,1.24,1.00
2016.09.19 21:34:07.334,1.03872,1.03907,3.24,1.00
2016.09.19 21:34:07.386,1.03875,1.03915,1.24,1.21
2016.09.19 21:34:07.437,1.03875,1.03915,1.24,1.28
2016.09.19 21:34:07.715,1.03873,1.03919,3.24,1.21
2016.09.19 21:34:07.767,1.03884,1.0393,1.24,1.21
2016.09.19 21:34:07.869,1.03885,1.0393,1.24,1.21
2016.09.19 21:34:07.927,1.03887,1.03934,1.33,1.71
2016.09.19 21:34:07.979,1.03885,1.03932,1.74,1.21
2016.09.19 21:34:08.082,1.03887,1.03932,1.24,1.21
2016.09.19 21:34:08.184,1.0389,1.03932,1.33,1.21
2016.09.19 21:34:08.235,1.0389,1.03938,1.24,1.21
2016.09.19 21:34:08.287,1.03889,1.03933,3.24,1.21
2016.09.19 21:34:08.339,1.03888,1.03926,1.74,1.22
2016.09.19 21:34:08.391,1.03887,1.03926,3.99,1.22
2016.09.19 21:34:08.494,1.03888,1.03926,1.24,1.22
2016.09.19 21:34:08.647,1.03889,1.03929,1.24,2.72
2016.09.19 21:34:08.882,1.0389,1.03928,1.24,1.00
2016.09.19 21:34:10.329,1.03891,1.03929,1.24,1.50
2016.09.19 21:34:10.432,1.03891,1.03928,1.24,1.22
2016.09.19 21:34:10.483,1.0389,1.03928,1.24,1.97
2016.09.19 21:34:12.310,1.03889,1.03928,3.24,1.97
2016.09.19 21:34:12.362,1.03888,1.03927,4.74,1.22
2016.09.19 21:34:12.413,1.03886,1.03924,1.74,1.00
2016.09.19 21:34:12.515,1.03888,1.03925,1.24,1.00
2016.09.19 21:34:13.955,1.03888,1.03925,1.24,1.97
2016.09.19 21:34:14.007,1.03887,1.03925,1.24,2.72
2016.09.19 21:34:14.513,1.03886,1.03925,4.74,1.97
2016.09.19 21:34:15.264,1.03887,1.03925,1.24,1.00
2016.09.19 21:34:15.816,1.03888,1.03925,1.24,1.00
2016.09.19 21:34:16.331,1.03887,1.03925,1.24,1.00
2016.09.19 21:34:16.739,1.03887,1.03927,4.74,1.00
2016.09.19 21:34:16.790,1.03891,1.03929,1.24,1.47
2016.09.19 21:34:16.841,1.03891,1.03929,3.99,1.00
2016.09.19 21:34:17.105,1.03891,1.0393,3.99,1.47
2016.09.19 21:34:17.632,1.03891,1.0393,1.24,1.00
2016.09.19 21:34:17.786,1.03893,1.0393,1.24,1.00
2016.09.19 21:34:17.992,1.03894,1.03934,1.24,1.72
2016.09.19 21:34:18.043,1.03894,1.03934,3.99,1.47
2016.09.19 21:34:18.094,1.03895,1.03934,1.24,2.22
2016.09.19 21:34:18.298,1.03896,1.03934,1.24,1.47
2016.09.19 21:34:18.350,1.03896,1.03937,1.24,2.22
2016.09.19 21:34:18.534,1.039,1.03937,1.75,1.00
2016.09.19 21:34:18.585,1.03902,1.03939,1.75,1.72
2016.09.19 21:34:18.688,1.03904,1.03941,1.19,1.72
2016.09.19 21:34:19.398,1.03906,1.03942,1.19,1.72
2016.09.19 21:34:19.451,1.03906,1.03942,1.19,1.47
2016.09.19 21:34:19.687,1.03907,1.03942,1.19,2.22
2016.09.19 21:34:19.789,1.03909,1.03942,1.25,1.47
2016.09.19 21:34:19.840,1.03909,1.03943,1.19,1.00
2016.09.19 21:34:20.350,1.03908,1.03943,1.19,1.00
2016.09.19 21:34:20.401,1.0391,1.03943,1.25,1.00
2016.09.19 21:34:20.452,1.0391,1.03943,1.19,1.00
2016.09.19 21:34:20.504,1.03909,1.03943,1.50,1.00
2016.09.19 21:34:21.309,1.0391,1.03943,1.19,1.00
2016.09.19 21:34:21.652,1.0391,1.03943,1.50,1.00
2016.09.19 21:34:21.703,1.03911,1.03943,1.19,1.00
2016.09.19 21:34:22.167,1.03911,1.03938,1.00,1.22
2016.09.19 21:34:22.218,1.03904,1.03937,1.19,1.00
2016.09.19 21:34:22.274,1.03903,1.03937,1.19,1.97
2016.09.19 21:34:22.326,1.03902,1.03934,1.25,1.22
2016.09.19 21:34:22.430,1.03897,1.03932,1.50,1.22
2016.09.19 21:34:25.124,1.03897,1.03932,1.50,1.73
2016.09.19 21:34:25.226,1.03897,1.03931,1.19,2.48
2016.09.19 21:34:25.278,1.03897,1.03931,1.19,3.23
2016.09.19 21:34:26.050,1.03897,1.03931,1.19,4.24
2016.09.19 21:34:26.101,1.03896,1.03931,1.50,3.49
2016.09.19 21:34:26.816,1.03897,1.0393,1.19,1.24
2016.09.19 21:34:27.407,1.03894,1.03929,1.75,1.24
2016.09.19 21:34:27.459,1.03894,1.03929,1.19,1.24
2016.09.19 21:34:27.544,1.03892,1.03925,1.69,1.24
2016.09.19 21:34:27.596,1.03892,1.03925,1.19,1.24
2016.09.19 21:34:28.586,1.03894,1.03927,1.19,3.99
2016.09.19 21:34:28.637,1.03894,1.03927,1.19,1.24
2016.09.19 21:34:28.739,1.03894,1.03923,1.00,3.24
2016.09.19 21:34:28.791,1.03889,1.03922,1.69,1.24
2016.09.19 21:34:28.842,1.03889,1.03922,1.69,1.24
2016.09.19 21:34:28.996,1.03888,1.03923,1.19,1.24
2016.09.19 21:34:29.098,1.03887,1.0392,1.50,1.00
2016.09.19 21:34:29.150,1.03887,1.0392,1.19,1.24
2016.09.19 21:34:29.688,1.03886,1.03921,1.19,1.24
2016.09.19 21:34:30.158,1.03886,1.03921,1.19,1.24
2016.09.19 21:34:30.774,1.03887,1.0392,1.19,1.24
2016.09.19 21:34:31.528,1.03886,1.03921,1.19,1.24
2016.09.19 21:34:31.729,1.03884,1.03919,1.75,1.33
2016.09.19 21:34:31.781,1.03884,1.03919,1.50,3.99
2016.09.19 21:34:33.293,1.03885,1.03918,1.19,1.24
2016.09.19 21:34:34.434,1.03889,1.03922,1.19,1.33
2016.09.19 21:34:34.673,1.0389,1.03923,1.19,1.24
2016.09.19 21:34:34.740,1.03891,1.03926,1.50,1.74
2016.09.19 21:34:34.792,1.03891,1.03926,1.50,1.24
2016.09.19 21:34:34.843,1.03892,1.03927,1.19,1.24
2016.09.19 21:34:34.895,1.03898,1.03928,1.00,3.99
2016.09.19 21:34:34.946,1.03898,1.03928,1.75,1.00
2016.09.19 21:34:34.998,1.03904,1.03936,1.00,3.99
2016.09.19 21:34:35.050,1.03904,1.03939,1.75,1.50
2016.09.19 21:34:35.102,1.03909,1.03942,1.25,1.24
2016.09.19 21:34:35.153,1.03909,1.03942,1.50,1.00
2016.09.19 21:34:35.204,1.03911,1.03944,1.19,1.24
2016.09.19 21:34:35.408,1.03911,1.03946,1.19,3.99
2016.09.19 21:34:35.459,1.03911,1.03946,1.50,3.99
2016.09.19 21:34:35.832,1.0391,1.03945,1.75,1.24
2016.09.19 21:34:35.884,1.0391,1.03945,1.19,1.24
2016.09.19 21:34:37.372,1.03911,1.03944,1.19,1.24
2016.09.19 21:34:37.526,1.03911,1.03945,1.19,3.24
2016.09.19 21:34:37.578,1.03911,1.03946,1.19,1.24
2016.09.19 21:34:37.629,1.03908,1.03947,1.75,4.74
2016.09.19 21:34:37.680,1.03908,1.03947,1.00,1.50
2016.09.19 21:34:37.731,1.03907,1.03946,1.00,1.00
2016.09.19 21:34:37.783,1.03907,1.03946,3.99,3.99
2016.09.19 21:34:38.038,1.03905,1.03944,1.74,4.74
2016.09.19 21:34:38.089,1.03905,1.03944,1.74,4.74
2016.09.19 21:34:38.141,1.03905,1.03942,1.24,1.74
2016.09.19 21:34:39.044,1.03906,1.03942,1.24,1.33
2016.09.19 21:34:39.146,1.03901,1.03938,1.24,1.24
2016.09.19 21:34:39.198,1.03898,1.03934,1.24,1.00
2016.09.19 21:34:39.249,1.03898,1.03934,1.24,1.24
2016.09.19 21:34:40.068,1.03897,1.03934,1.24,1.24
2016.09.19 21:34:40.341,1.03897,1.03934,1.24,1.33
2016.09.19 21:34:40.444,1.03901,1.03935,1.24,1.00
2016.09.19 21:34:40.496,1.03901,1.03937,1.24,1.33
2016.09.19 21:34:40.855,1.03901,1.03937,1.24,1.24
2016.09.19 21:34:41.243,1.039,1.03937,3.99,1.24
2016.09.19 21:34:41.640,1.039,1.03937,3.99,1.74
2016.09.19 21:34:41.692,1.039,1.03937,1.24,1.74
2016.09.19 21:34:41.846,1.039,1.03934,1.24,1.19
2016.09.19 21:34:42.421,1.03899,1.03935,1.24,1.19
2016.09.19 21:34:42.601,1.03899,1.03933,1.24,1.25
2016.09.19 21:34:42.653,1.03899,1.03933,1.24,1.19
2016.09.19 21:34:43.034,1.03894,1.03928,1.24,1.19
2016.09.19 21:34:43.136,1.03892,1.03925,3.99,1.00
2016.09.19 21:34:43.187,1.03892,1.03925,1.24,1.19
2016.09.19 21:34:43.745,1.03891,1.03925,1.24,1.50
2016.09.19 21:34:43.848,1.03889,1.03925,4.74,1.50
2016.09.19 21:34:43.900,1.03889,1.03925,4.74,1.50
2016.09.19 21:34:43.951,1.03889,1.03925,3.99,1.50
2016.09.19 21:34:44.279,1.0389,1.03924,1.24,1.19
2016.09.19 21:34:44.534,1.03889,1.03925,3.99,1.50
2016.09.19 21:34:44.677,1.03889,1.03925,1.24,1.75
2016.09.19 21:34:44.779,1.03889,1.03924,3.99,1.19
2016.09.19 21:34:44.830,1.0389,1.03924,1.24,1.69
2016.09.19 21:34:44.881,1.0389,1.03924,1.24,1.19
2016.09.19 21:34:45.444,1.03888,1.03924,1.24,1.19
2016.09.19 21:34:46.649,1.03889,1.03923,1.24,1.25
2016.09.19 21:34:47.853,1.03889,1.03925,1.24,1.19
2016.09.19 21:34:48.723,1.0389,1.03924,1.24,1.19
2016.09.19 21:34:49.209,1.03889,1.03925,3.99,1.50
2016.09.19 21:34:49.261,1.03889,1.03925,1.24,1.50
2016.09.19 21:34:50.055,1.0389,1.03924,1.24,1.19
2016.09.19 21:34:50.261,1.0389,1.03924,1.24,1.50
2016.09.19 21:34:50.312,1.03889,1.03923,1.24,1.19
2016.09.19 21:34:51.536,1.03889,1.03926,1.24,1.75
2016.09.19 21:34:51.587,1.03889,1.03926,1.24,1.24
2016.09.19 21:34:51.638,1.03888,1.03927,3.99,4.74
2016.09.19 21:34:53.514,1.03889,1.03926,1.24,1.24
2016.09.19 21:34:54.161,1.0389,1.03927,1.24,1.74
2016.09.19 21:34:55.960,1.0389,1.03927,1.24,1.24
2016.09.19 21:34:56.521,1.03891,1.03927,1.24,1.24
2016.09.19 21:34:57.066,1.0389,1.03927,1.24,1.24
2016.09.19 21:34:57.616,1.0389,1.03927,1.24,1.74
2016.09.19 21:34:57.736,1.03889,1.03927,3.99,1.24
2016.09.19 21:34:58.866,1.0389,1.03927,1.24,1.74
2016.09.19 21:34:58.969,1.03892,1.03927,3.24,1.00
2016.09.19 21:34:59.020,1.03894,1.03931,1.24,1.74
2016.09.19 21:34:59.071,1.03894,1.03931,3.99,1.74
2016.09.19 21:34:59.122,1.03895,1.03933,1.24,1.24
2016.09.19 21:34:59.909,1.03895,1.03933,3.99,1.00
2016.09.19 21:34:59.960,1.03898,1.03934,1.24,2.74
2016.09.19 21:35:00.011,1.03898,1.03936,1.24,1.00
2016.09.19 21:35:00.164,1.03899,1.03937,1.24,3.49
2016.09.19 21:35:00.216,1.03899,1.03937,1.74,2.74
2016.09.19 21:35:00.267,1.03899,1.03937,1.24,2.74
2016.09.19 21:35:02.374,1.03898,1.03936,3.99,1.00
2016.09.19 21:35:02.425,1.039,1.03936,1.24,1.00
2016.09.19 21:35:02.503,1.039,1.03938,1.24,3.49
2016.09.19 21:35:02.656,1.03904,1.03938,1.00,3.49
2016.09.19 21:35:02.707,1.03904,1.03937,1.25,2.74
2016.09.19 21:35:02.758,1.03903,1.03937,1.19,2.74
2016.09.19 21:35:02.809,1.03903,1.03939,1.19,4.24
2016.09.19 21:35:03.726,1.03904,1.03939,1.19,3.49
2016.09.19 21:35:03.777,1.03904,1.03939,1.19,1.00
2016.09.19 21:35:03.829,1.03905,1.03939,1.19,1.50
2016.09.19 21:35:03.880,1.03905,1.03939,1.19,1.00
2016.09.19 21:35:03.982,1.03905,1.03939,1.50,1.00
2016.09.19 21:35:04.033,1.03905,1.0394,1.50,2.74
2016.09.19 21:35:05.690,1.03905,1.0394,1.19,2.74
2016.09.19 21:35:05.741,1.03905,1.03939,1.19,1.00
2016.09.19 21:35:08.143,1.03903,1.03939,1.50,1.00
2016.09.19 21:35:08.195,1.03903,1.03939,1.19,3.49
2016.09.19 21:35:08.246,1.039,1.03938,1.75,1.00
2016.09.19 21:35:08.298,1.03896,1.03935,3.49,3.49
2016.09.19 21:35:08.349,1.03896,1.03935,2.74,3.49
2016.09.19 21:35:10.071,1.03895,1.03935,3.49,1.00
2016.09.19 21:35:11.202,1.03896,1.03935,2.74,1.00
2016.09.19 21:35:11.254,1.03896,1.03935,3.49,1.00
2016.09.19 21:35:11.713,1.03897,1.03935,2.74,1.00
2016.09.19 21:35:11.866,1.03897,1.03935,3.49,1.00
2016.09.19 21:35:16.583,1.03898,1.03935,2.74,1.00
2016.09.19 21:35:17.722,1.03897,1.03935,1.00,1.00
2016.09.19 21:35:17.773,1.03895,1.03935,3.68,1.00
2016.09.19 21:35:18.081,1.03897,1.03935,2.74,1.00
2016.09.19 21:35:18.183,1.03897,1.03935,3.49,1.00
2016.09.19 21:35:19.245,1.03897,1.03935,2.74,1.00
2016.09.19 21:35:24.765,1.03904,1.03935,1.00,1.00
2016.09.19 21:35:24.980,1.03898,1.03936,2.74,1.00
2016.09.19 21:35:25.033,1.03897,1.03936,4.43,1.00
2016.09.19 21:35:25.136,1.03897,1.03936,4.24,1.00
2016.09.19 21:35:26.552,1.03897,1.03936,1.00,1.00
2016.09.19 21:35:27.967,1.03897,1.03936,1.50,1.00
2016.09.19 21:35:28.045,1.03898,1.03936,2.74,1.00
2016.09.19 21:35:30.017,1.03897,1.03936,4.24,1.00
2016.09.19 21:35:30.467,1.03897,1.03936,4.43,1.00
2016.09.19 21:35:31.630,1.03902,1.03936,2.74,1.00
2016.09.19 21:35:31.682,1.03903,1.03941,1.00,1.00
2016.09.19 21:35:31.733,1.03903,1.03941,3.49,1.00
2016.09.19 21:35:33.257,1.03909,1.03941,1.00,1.00
2016.09.19 21:35:33.309,1.03909,1.03941,1.19,1.00
2016.09.19 21:35:33.360,1.03908,1.03944,1.19,4.24
2016.09.19 21:35:33.412,1.03908,1.03944,1.75,4.24
2016.09.19 21:35:33.463,1.0391,1.03944,1.19,4.24
2016.09.19 21:35:33.514,1.0391,1.03944,1.19,1.50
2016.09.19 21:35:33.565,1.0391,1.03944,1.19,1.00
2016.09.19 21:35:33.758,1.0391,1.03944,1.19,1.50
2016.09.19 21:35:34.124,1.0391,1.03944,1.75,1.50
2016.09.19 21:35:34.177,1.03912,1.03944,1.75,1.00
2016.09.19 21:35:34.229,1.03912,1.03946,1.50,1.00
2016.09.19 21:35:34.281,1.03914,1.03948,1.19,1.50
2016.09.19 21:35:34.333,1.03914,1.03948,4.50,1.50
2016.09.19 21:35:34.385,1.03918,1.03948,1.50,1.00
2016.09.19 21:35:34.438,1.03918,1.03949,1.19,1.00
2016.09.19 21:35:34.646,1.03918,1.03952,1.50,1.00
2016.09.19 21:35:34.697,1.0392,1.03954,1.19,1.00
2016.09.19 21:35:34.859,1.03916,1.03952,1.75,1.00
2016.09.19 21:35:34.910,1.03916,1.03952,1.19,3.49
2016.09.19 21:35:35.201,1.03917,1.03951,1.19,1.00
2016.09.19 21:35:35.809,1.03916,1.0395,1.19,1.00
2016.09.19 21:35:36.014,1.03917,1.0395,1.19,2.74
2016.09.19 21:35:36.117,1.03918,1.03951,1.19,1.00
2016.09.19 21:35:36.431,1.03918,1.03951,1.19,1.24
2016.09.19 21:35:36.482,1.03916,1.03949,1.75,1.33
2016.09.19 21:35:36.533,1.03916,1.03949,1.19,1.24
2016.09.19 21:35:36.636,1.03916,1.03949,1.19,1.33
2016.09.19 21:35:36.687,1.03916,1.03951,1.19,1.74
2016.09.19 21:35:38.364,1.03917,1.03951,1.19,1.24
2016.09.19 21:35:38.600,1.03917,1.03951,1.50,1.24
2016.09.19 21:35:39.115,1.03918,1.03951,1.19,1.74
2016.09.19 21:35:39.321,1.03918,1.03951,1.75,1.33
2016.09.19 21:35:39.373,1.03919,1.03952,1.50,1.74
2016.09.19 21:35:39.424,1.03919,1.03952,1.19,1.74
2016.09.19 21:35:39.527,1.03919,1.03952,1.19,1.24
2016.09.19 21:35:39.783,1.03918,1.03951,1.50,1.24
2016.09.19 21:35:39.835,1.03918,1.03951,1.50,1.74
2016.09.19 21:35:39.886,1.03919,1.03951,1.19,1.24
2016.09.19 21:35:40.192,1.03918,1.03951,1.50,1.24
2016.09.19 21:35:40.346,1.03918,1.03953,1.50,3.99
2016.09.19 21:35:40.567,1.0392,1.03953,1.19,3.99
2016.09.19 21:35:40.618,1.0392,1.03953,1.19,1.33
2016.09.19 21:35:40.869,1.03919,1.03952,1.19,1.00
2016.09.19 21:35:40.921,1.03919,1.03952,1.50,1.67
2016.09.19 21:35:42.911,1.03921,1.03952,1.19,1.42
2016.09.19 21:35:43.013,1.0392,1.03953,1.19,2.17
2016.09.19 21:35:43.116,1.0392,1.03953,1.19,1.42
2016.09.19 21:35:44.412,1.03921,1.03952,1.19,1.11
2016.09.19 21:35:45.746,1.03921,1.03952,1.25,1.42
2016.09.19 21:35:45.797,1.0392,1.03951,1.19,1.11
2016.09.19 21:35:46.908,1.0392,1.03951,1.19,1.42
2016.09.19 21:35:47.011,1.03918,1.03949,1.19,1.42
2016.09.19 21:35:47.636,1.03913,1.0395,1.24,1.42
2016.09.19 21:35:47.789,1.03912,1.03947,1.24,1.15
2016.09.19 21:35:47.840,1.03912,1.03947,1.33,1.42
2016.09.19 21:35:47.892,1.03908,1.03943,4.18,1.00
2016.09.19 21:35:47.943,1.03908,1.03943,4.18,1.11
2016.09.19 21:35:47.994,1.03908,1.03944,3.43,1.42
2016.09.19 21:35:48.046,1.03908,1.03944,3.43,1.11
2016.09.19 21:35:48.130,1.03908,1.03945,1.49,1.42
2016.09.19 21:35:48.233,1.03908,1.03945,1.24,1.42
2016.09.19 21:35:50.078,1.03906,1.0394,3.99,1.00
2016.09.19 21:35:50.129,1.03906,1.0394,1.24,1.42
2016.09.19 21:35:50.180,1.03905,1.0394,1.49,1.42
2016.09.19 21:35:50.334,1.03905,1.0394,1.43,1.42
2016.09.19 21:35:50.385,1.03904,1.03941,4.93,1.67
2016.09.19 21:35:50.436,1.03904,1.03941,4.18,1.67
2016.09.19 21:35:50.721,1.03906,1.03941,1.24,1.11
2016.09.19 21:35:54.717,1.03903,1.03932,3.24,1.00
2016.09.19 21:35:54.784,1.03894,1.03929,1.93,1.42
2016.09.19 21:35:54.836,1.03894,1.03929,1.43,1.42
2016.09.19 21:35:55.026,1.03894,1.03929,1.24,1.42
2016.09.19 21:35:55.128,1.03895,1.03929,3.24,1.15
2016.09.19 21:35:55.180,1.03895,1.03929,3.43,1.15
2016.09.19 21:35:55.232,1.03895,1.03931,1.49,1.67
2016.09.19 21:35:55.284,1.03894,1.03929,1.43,1.11
2016.09.19 21:35:55.387,1.03892,1.03928,3.43,1.15
2016.09.19 21:35:55.439,1.03891,1.03928,1.43,1.42
2016.09.19 21:35:55.544,1.03891,1.03928,4.18,1.67
2016.09.19 21:35:55.819,1.03894,1.03929,1.49,1.20
2016.09.19 21:35:55.870,1.03894,1.03929,1.49,1.00
2016.09.19 21:35:55.922,1.03895,1.03929,1.24,1.00
2016.09.19 21:35:57.585,1.03894,1.03929,1.49,1.00
2016.09.19 21:35:57.902,1.03894,1.03929,1.43,1.00
2016.09.19 21:35:59.186,1.03894,1.03931,1.43,1.24
2016.09.19 21:35:59.238,1.03899,1.03932,1.00,3.24
2016.09.19 21:35:59.340,1.039,1.03933,1.24,1.00
2016.09.19 21:36:00.087,1.03901,1.03933,1.24,1.00
2016.09.19 21:36:00.422,1.03901,1.03933,3.99,1.00
2016.09.19 21:36:00.604,1.03903,1.03933,1.74,1.00
2016.09.19 21:36:00.656,1.03904,1.03939,2.49,1.00
2016.09.19 21:36:00.709,1.03905,1.03939,1.24,1.00
2016.09.19 21:36:00.760,1.03905,1.03942,2.49,1.73
2016.09.19 21:36:00.846,1.0391,1.03943,1.74,1.00
2016.09.19 21:36:00.897,1.0391,1.03945,1.74,1.00
2016.09.19 21:36:00.949,1.03909,1.03945,1.24,1.00
2016.09.19 21:36:01.102,1.03913,1.03945,1.00,1.00
2016.09.19 21:36:01.153,1.03913,1.03945,1.75,1.00
2016.09.19 21:36:01.205,1.03914,1.03945,1.50,1.00
2016.09.19 21:36:01.256,1.03914,1.03949,1.19,2.48
2016.09.19 21:36:01.308,1.03916,1.03949,1.19,1.73
2016.09.19 21:36:01.359,1.03916,1.0395,1.50,1.73
2016.09.19 21:36:02.872,1.03916,1.03951,1.75,1.00
2016.09.19 21:36:02.924,1.03919,1.03952,1.19,2.48
2016.09.19 21:36:03.741,1.03915,1.03949,1.99,1.00
2016.09.19 21:36:03.843,1.03915,1.03949,1.00,1.00
2016.09.19 21:36:03.894,1.03912,1.03949,2.18,1.00
2016.09.19 21:36:03.946,1.03913,1.03949,1.15,1.00
2016.09.19 21:36:05.341,1.03913,1.03949,1.61,1.00
2016.09.19 21:36:06.227,1.03915,1.03949,1.00,1.00
2016.09.19 21:36:06.384,1.03915,1.03949,1.25,1.00
2016.09.19 21:36:06.436,1.03915,1.0395,1.80,1.00
2016.09.19 21:36:06.487,1.03915,1.0395,1.61,1.00
2016.09.19 21:36:06.590,1.03915,1.0395,1.80,1.00
2016.09.19 21:36:06.693,1.03915,1.0395,1.61,1.00
2016.09.19 21:36:06.812,1.03915,1.0395,1.80,1.00
2016.09.19 21:36:08.022,1.03914,1.0395,1.34,1.00
2016.09.19 21:36:08.228,1.03914,1.0395,1.80,1.00
2016.09.19 21:36:09.508,1.03915,1.0395,1.19,1.00
2016.09.19 21:36:10.199,1.03915,1.03953,1.19,1.00
2016.09.19 21:36:10.251,1.03915,1.03953,1.80,1.00
2016.09.19 21:36:10.302,1.03918,1.03953,1.00,1.00
2016.09.19 21:36:10.353,1.03919,1.03953,1.15,1.00
2016.09.19 21:36:10.405,1.03919,1.03956,1.15,1.00
2016.09.19 21:36:10.558,1.03919,1.03956,1.05,1.00
2016.09.19 21:36:12.628,1.03919,1.03956,1.49,1.00
2016.09.19 21:36:12.730,1.0392,1.03956,1.24,1.00
2016.09.19 21:36:13.827,1.03924,1.03956,2.12,1.00
2016.09.19 21:36:13.879,1.03924,1.03958,2.12,1.00
2016.09.19 21:36:14.214,1.03926,1.03963,1.24,3.23
2016.09.19 21:36:14.520,1.03926,1.03963,1.24,2.48
2016.09.19 21:36:14.571,1.03926,1.03963,1.24,1.00
2016.09.19 21:36:14.623,1.0393,1.03963,1.00,1.00
2016.09.19 21:36:14.674,1.0393,1.03963,1.33,1.00
2016.09.19 21:36:14.773,1.03928,1.03964,1.24,1.00
2016.09.19 21:36:14.825,1.0393,1.03964,1.37,1.00
2016.09.19 21:36:14.876,1.0393,1.03966,1.37,1.00
2016.09.19 21:36:14.927,1.0393,1.03966,2.12,1.00
2016.09.19 21:36:15.906,1.03935,1.03966,1.00,1.00
2016.09.19 21:36:15.957,1.03935,1.0397,1.24,1.00
2016.09.19 21:36:16.542,1.03931,1.0397,3.68,1.00
2016.09.19 21:36:18.035,1.03931,1.0397,3.68,3.23
2016.09.19 21:36:18.138,1.03936,1.0397,2.74,1.50
2016.09.19 21:36:18.376,1.03936,1.0397,2.93,1.00
2016.09.19 21:36:18.427,1.03936,1.03973,3.68,1.00
2016.09.19 21:36:19.702,1.03936,1.03973,3.49,1.00
2016.09.19 21:36:19.920,1.03937,1.03973,1.00,1.00
2016.09.19 21:36:20.545,1.03935,1.03973,1.00,1.00
2016.09.19 21:36:20.852,1.03937,1.03973,1.00,1.00
2016.09.19 21:36:23.268,1.03938,1.03973,3.49,1.00
2016.09.19 21:36:23.336,1.0394,1.03976,1.25,1.00
2016.09.19 21:36:23.616,1.03941,1.03976,1.00,1.00
2016.09.19 21:36:23.667,1.03941,1.03979,3.49,1.00
2016.09.19 21:36:23.845,1.03941,1.03979,3.68,1.00
2016.09.19 21:36:24.162,1.03942,1.03979,1.68,1.00
2016.09.19 21:36:24.264,1.03945,1.03979,1.49,1.00
2016.09.19 21:36:24.316,1.03945,1.03983,1.49,1.00
2016.09.19 21:36:24.368,1.03944,1.03983,3.68,1.00
2016.09.19 21:36:24.420,1.03944,1.03978,2.93,1.00
2016.09.19 21:36:24.471,1.03942,1.03978,3.92,1.19
2016.09.19 21:36:24.522,1.03942,1.03978,2.42,1.19
2016.09.19 21:36:24.573,1.0394,1.03978,3.17,1.75
2016.09.19 21:36:24.812,1.0394,1.03976,1.19,1.19
2016.09.19 21:36:25.118,1.03939,1.03977,3.17,1.19
2016.09.19 21:36:25.620,1.0394,1.03976,1.19,1.19
2016.09.19 21:36:26.152,1.0394,1.03978,3.17,1.50
2016.09.19 21:36:27.965,1.0394,1.03976,1.19,1.19
2016.09.19 21:36:28.246,1.03941,1.03977,3.17,1.19
2016.09.19 21:36:28.859,1.03941,1.03977,1.19,1.19
2016.09.19 21:36:30.394,1.03941,1.03977,1.19,1.50
2016.09.19 21:36:30.445,1.0394,1.03976,3.68,1.19
2016.09.19 21:36:31.128,1.03938,1.03975,2.42,1.50
2016.09.19 21:36:31.179,1.03938,1.03975,2.42,1.75
2016.09.19 21:36:31.231,1.03938,1.03973,2.42,1.19
2016.09.19 21:36:31.282,1.03937,1.03973,3.17,1.50
2016.09.19 21:36:32.636,1.03936,1.03972,1.19,1.19
2016.09.19 21:36:34.359,1.03935,1.03973,3.17,1.69
2016.09.19 21:36:35.200,1.03936,1.03973,2.42,1.69
2016.09.19 21:36:35.252,1.03936,1.03973,3.17,1.19
2016.09.19 21:36:35.459,1.03935,1.03972,1.41,1.19
2016.09.19 21:36:38.567,1.03937,1.03972,1.41,1.19
2016.09.19 21:36:39.766,1.03937,1.03973,2.16,2.25
2016.09.19 21:36:41.054,1.03937,1.03973,1.19,1.69
2016.09.19 21:36:42.969,1.03937,1.03973,2.67,1.69
2016.09.19 21:36:44.151,1.03938,1.03974,1.25,1.19
2016.09.19 21:36:44.381,1.03937,1.03973,1.19,1.19
2016.09.19 21:36:44.599,1.03939,1.03973,1.73,1.25
2016.09.19 21:36:44.651,1.03939,1.03975,2.48,1.19
2016.09.19 21:36:45.096,1.03939,1.03975,2.67,1.19
2016.09.19 21:36:45.673,1.03939,1.03975,1.25,1.19
2016.09.19 21:36:45.775,1.03937,1.03975,2.67,1.19
2016.09.19 21:36:46.770,1.03938,1.03974,1.19,1.19
2016.09.19 21:36:49.613,1.03939,1.03974,2.93,1.19
2016.09.19 21:36:53.188,1.03938,1.03973,1.19,1.19
2016.09.19 21:36:53.250,1.03941,1.03973,1.00,1.19
2016.09.19 21:36:53.302,1.03941,1.03973,3.49,1.00
2016.09.19 21:36:53.537,1.03938,1.03973,2.93,1.25
2016.09.19 21:36:54.484,1.03938,1.03973,3.68,1.25
2016.09.19 21:36:54.586,1.03939,1.03973,2.93,1.19
2016.09.19 21:36:54.688,1.03939,1.03973,3.68,1.19
2016.09.19 21:36:56.201,1.0394,1.03973,1.24,1.25
2016.09.19 21:36:58.657,1.03939,1.03973,1.49,1.69
2016.09.19 21:36:58.759,1.03937,1.03972,3.24,1.19
2016.09.19 21:36:58.811,1.03936,1.03972,1.24,1.75
2016.09.19 21:36:58.964,1.03935,1.03972,4.18,1.75
2016.09.19 21:36:59.017,1.03935,1.03972,3.68,1.19
2016.09.19 21:36:59.299,1.03935,1.03972,3.49,1.19
2016.09.19 21:37:00.035,1.03935,1.03972,3.68,1.19
2016.09.19 21:37:00.468,1.03935,1.0397,3.68,1.19
2016.09.19 21:37:00.519,1.03935,1.0397,3.68,1.19
2016.09.19 21:37:00.571,1.03938,1.03971,1.00,1.50
2016.09.19 21:37:00.749,1.03938,1.03971,1.50,1.50
2016.09.19 21:37:04.778,1.03937,1.0397,1.50,1.19
2016.09.19 21:37:04.879,1.03937,1.0397,1.50,1.19
2016.09.19 21:37:06.679,1.03937,1.0397,1.00,1.19
2016.09.19 21:37:07.972,1.03936,1.03971,1.69,1.19
2016.09.19 21:37:08.023,1.0394,1.03971,1.00,1.00
2016.09.19 21:37:08.125,1.03938,1.03971,1.00,1.19
2016.09.19 21:37:11.173,1.03937,1.03968,1.00,1.00
2016.09.19 21:37:11.411,1.03933,1.03968,1.69,2.25
2016.09.19 21:37:12.707,1.03933,1.03967,1.25,1.19
2016.09.19 21:37:12.758,1.03933,1.03964,1.25,1.25
2016.09.19 21:37:12.810,1.03933,1.03961,1.00,1.00
2016.09.19 21:37:12.862,1.03927,1.03961,1.00,1.75
2016.09.19 21:37:13.197,1.03898,1.03927,1.00,1.00
2016.09.19 21:37:13.288,1.03885,1.03911,1.19,1.00
2016.09.19 21:37:13.339,1.03878,1.03909,1.31,1.75
2016.09.19 21:37:13.391,1.03871,1.03901,1.75,1.00
2016.09.19 21:37:13.442,1.03866,1.03901,1.87,2.25
2016.09.19 21:37:13.493,1.03866,1.03899,1.50,1.50
2016.09.19 21:37:14.523,1.03871,1.03899,1.00,1.00
2016.09.19 21:37:14.575,1.03871,1.03904,1.50,1.19
2016.09.19 21:37:15.160,1.03871,1.03904,4.50,1.00
2016.09.19 21:37:15.211,1.03876,1.03909,1.50,1.24
2016.09.19 21:37:15.262,1.03876,1.03909,1.75,1.00
2016.09.19 21:37:15.314,1.0388,1.03913,1.19,1.24
2016.09.19 21:37:15.365,1.0388,1.03913,1.00,1.24
2016.09.19 21:37:15.416,1.03877,1.03915,1.24,3.24
2016.09.19 21:37:15.467,1.03877,1.03913,1.00,3.24
2016.09.19 21:37:15.518,1.03873,1.0391,1.24,1.24
2016.09.19 21:37:15.569,1.03873,1.0391,1.24,1.24
2016.09.19 21:37:15.621,1.03874,1.03913,1.24,1.24
2016.09.19 21:37:15.884,1.03874,1.03912,1.24,1.33
2016.09.19 21:37:15.936,1.03874,1.03912,1.24,3.49
2016.09.19 21:37:16.718,1.03874,1.03912,1.24,1.00
2016.09.19 21:37:16.772,1.03873,1.03913,1.24,3.49
2016.09.19 21:37:17.735,1.03875,1.03915,3.99,1.00
2016.09.19 21:37:17.786,1.03878,1.03916,1.24,2.23
2016.09.19 21:37:17.837,1.03878,1.03918,3.99,1.00
2016.09.19 21:37:17.888,1.0388,1.0392,1.24,2.98
2016.09.19 21:37:18.143,1.0388,1.0392,1.00,1.00
2016.09.19 21:37:18.195,1.03876,1.03916,1.43,1.00
2016.09.19 21:37:18.304,1.03876,1.03914,1.43,1.00
2016.09.19 21:37:18.406,1.03876,1.03914,1.24,1.00
2016.09.19 21:37:18.610,1.03875,1.03915,1.24,2.48
2016.09.19 21:37:19.378,1.03876,1.03914,1.24,1.00
2016.09.19 21:37:19.843,1.03876,1.03914,1.24,2.48
2016.09.19 21:37:19.907,1.03874,1.03914,1.24,2.48
2016.09.19 21:37:19.959,1.03874,1.03914,1.24,1.00
2016.09.19 21:37:20.010,1.03875,1.03915,1.24,2.48
2016.09.19 21:37:20.165,1.03875,1.03913,1.24,1.73
2016.09.19 21:37:20.374,1.03874,1.03913,1.49,1.73
2016.09.19 21:37:20.434,1.03878,1.03918,1.24,2.48
2016.09.19 21:37:20.536,1.03883,1.03918,3.24,1.00
2016.09.19 21:37:20.587,1.03883,1.03923,3.24,1.00
2016.09.19 21:37:20.638,1.03889,1.03923,3.24,1.00
2016.09.19 21:37:20.689,1.03898,1.03926,1.00,1.00
2016.09.19 21:37:20.741,1.03899,1.03933,3.24,1.00
2016.09.19 21:37:20.792,1.03905,1.03947,1.00,2.58
2016.09.19 21:37:20.843,1.03905,1.03949,3.99,1.00
2016.09.19 21:37:20.895,1.03905,1.03947,3.24,1.00
2016.09.19 21:37:20.946,1.03903,1.03947,1.24,1.00
2016.09.19 21:37:20.997,1.03909,1.03948,1.00,1.45
2016.09.19 21:37:21.049,1.0391,1.03953,3.24,1.00
2016.09.19 21:37:21.100,1.03911,1.03955,1.24,1.00
2016.09.19 21:37:21.203,1.03915,1.03957,1.00,1.45
2016.09.19 21:37:21.254,1.03915,1.0396,3.99,1.00
2016.09.19 21:37:21.305,1.03915,1.03961,3.99,2.20
2016.09.19 21:37:21.357,1.03915,1.03958,1.24,1.45
2016.09.19 21:37:21.541,1.03915,1.03961,3.99,2.20
2016.09.19 21:37:21.592,1.0393,1.03968,1.00,1.12
2016.09.19 21:37:21.643,1.0393,1.0397,3.99,1.00
2016.09.19 21:37:21.695,1.03933,1.03973,1.33,1.50
2016.09.19 21:37:21.746,1.03933,1.03973,3.99,1.50
2016.09.19 21:37:21.797,1.03933,1.03973,3.24,1.00
2016.09.19 21:37:22.179,1.03937,1.03976,1.00,1.50
2016.09.19 21:37:22.231,1.03939,1.03976,3.24,1.00
2016.09.19 21:37:22.282,1.03939,1.03982,3.24,1.50
2016.09.19 21:37:22.333,1.03936,1.03978,3.49,1.00
2016.09.19 21:37:22.385,1.0394,1.03982,1.00,1.00
2016.09.19 21:37:22.436,1.03943,1.03982,2.74,1.00
2016.09.19 21:37:22.537,1.03945,1.03987,3.49,1.00
2016.09.19 21:37:22.589,1.03945,1.0399,2.74,1.37
2016.09.19 21:37:22.823,1.03944,1.03993,2.48,1.50
2016.09.19 21:37:22.925,1.03945,1.03993,1.00,1.50
2016.09.19 21:37:23.080,1.03944,1.03993,2.48,2.25
2016.09.19 21:37:23.132,1.03944,1.03989,1.00,1.00
2016.09.19 21:37:23.183,1.03938,1.03982,1.98,1.00
2016.09.19 21:37:23.234,1.03938,1.0399,1.98,1.50
2016.09.19 21:37:23.337,1.03938,1.03984,1.98,1.00
2016.09.19 21:37:23.490,1.03938,1.03985,1.23,1.00
2016.09.19 21:37:23.542,1.03934,1.03985,1.00,1.00
2016.09.19 21:37:23.593,1.03932,1.03983,1.00,1.00
2016.09.19 21:37:23.644,1.03932,1.03983,1.21,1.00
2016.09.19 21:37:24.026,1.03925,1.03978,1.71,1.00
2016.09.19 21:37:24.169,1.03925,1.03978,1.21,1.00
2016.09.19 21:37:24.272,1.03924,1.03976,1.46,1.00
2016.09.19 21:37:24.726,1.03924,1.03976,1.21,1.00
2016.09.19 21:37:25.169,1.03923,1.03976,1.46,1.00
2016.09.19 21:37:25.439,1.03923,1.03976,1.90,1.00
2016.09.19 21:37:25.962,1.03924,1.03976,1.40,1.00
2016.09.19 21:37:26.065,1.03923,1.03976,1.40,1.00
2016.09.19 21:37:26.395,1.03924,1.03976,1.40,1.00
2016.09.19 21:37:26.986,1.03923,1.03976,1.90,1.00
2016.09.19 21:37:27.037,1.03923,1.03976,2.65,1.00
2016.09.19 21:37:27.265,1.03923,1.03976,1.90,1.00
2016.09.19 21:37:27.317,1.03924,1.03976,1.90,1.00
2016.09.19 21:37:27.368,1.03924,1.03976,1.40,1.00
2016.09.19 21:37:28.134,1.03923,1.03976,2.65,1.00
2016.09.19 21:37:28.236,1.03924,1.03976,1.90,1.00
2016.09.19 21:37:28.316,1.03923,1.03976,2.65,1.00
2016.09.19 21:37:28.367,1.03924,1.03976,1.40,1.00
2016.09.19 21:37:28.418,1.03924,1.03976,1.40,1.00
2016.09.19 21:37:28.723,1.03923,1.03976,1.90,1.00
2016.09.19 21:37:28.825,1.03923,1.03974,1.40,1.00
2016.09.19 21:37:29.131,1.03923,1.0397,1.40,1.00
2016.09.19 21:37:29.385,1.03916,1.03964,1.40,1.00
2016.09.19 21:37:32.181,1.03913,1.0396,1.40,1.00
2016.09.19 21:37:34.120,1.03915,1.0396,1.40,1.00
2016.09.19 21:37:34.222,1.03916,1.03963,1.90,1.00
2016.09.19 21:37:35.794,1.03916,1.03963,1.40,1.00
2016.09.19 21:37:37.755,1.03912,1.03959,1.40,1.00
2016.09.19 21:37:40.047,1.03913,1.03959,1.40,1.00
2016.09.19 21:37:40.404,1.0392,1.03959,1.29,1.00
2016.09.19 21:37:40.456,1.0392,1.03959,1.72,1.00
2016.09.19 21:37:40.761,1.0392,1.03959,1.97,1.00
2016.09.19 21:37:41.235,1.0392,1.03959,1.66,1.00
2016.09.19 21:37:41.835,1.03923,1.03959,1.47,1.00
2016.09.19 21:37:41.937,1.03922,1.03963,2.22,1.00
2016.09.19 21:37:42.091,1.03922,1.03963,2.41,1.00
2016.09.19 21:37:42.142,1.03925,1.03967,1.21,1.00
2016.09.19 21:37:42.244,1.03924,1.03967,1.91,1.00
2016.09.19 21:37:42.346,1.03926,1.03969,2.41,1.00
2016.09.19 21:37:42.775,1.03927,1.03969,1.66,1.00
2016.09.19 21:37:42.847,1.03927,1.03969,1.19,1.00
2016.09.19 21:37:43.133,1.03929,1.03971,1.66,1.00
2016.09.19 21:37:43.237,1.03928,1.03971,2.41,1.21
2016.09.19 21:37:43.309,1.03928,1.03972,1.91,1.21
2016.09.19 21:37:43.360,1.03933,1.03972,1.21,1.29
2016.09.19 21:37:43.411,1.03931,1.03972,1.91,1.29
2016.09.19 21:37:43.462,1.0393,1.03973,2.41,1.21
2016.09.19 21:37:44.000,1.0393,1.03972,1.66,1.29
2016.09.19 21:37:44.051,1.03931,1.03972,1.19,1.29
2016.09.19 21:37:44.339,1.03934,1.03972,1.97,1.00
2016.09.19 21:37:44.390,1.03934,1.03973,2.41,1.00
2016.09.19 21:37:44.442,1.03935,1.03973,1.47,1.00
2016.09.19 21:37:44.493,1.03935,1.03973,1.66,1.00
2016.09.19 21:37:44.546,1.03936,1.03975,1.25,1.29
2016.09.19 21:37:44.598,1.03936,1.03975,1.19,1.29
2016.09.19 21:37:44.650,1.03929,1.03973,1.40,1.21
2016.09.19 21:37:44.753,1.03927,1.03973,1.19,1.00
2016.09.19 21:37:44.805,1.03922,1.03972,2.44,1.00
2016.09.19 21:37:44.856,1.03922,1.03972,1.90,1.21
2016.09.19 21:37:45.668,1.03922,1.0397,1.90,3.49
2016.09.19 21:37:45.919,1.03922,1.03957,1.19,2.74
2016.09.19 21:37:45.970,1.03916,1.03961,1.40,1.00
2016.09.19 21:37:46.022,1.03917,1.03961,1.40,1.00
2016.09.19 21:37:46.073,1.03917,1.03961,1.46,1.00
2016.09.19 21:37:46.176,1.03917,1.03961,1.40,1.00
2016.09.19 21:37:46.624,1.03915,1.0396,1.40,1.00
2016.09.19 21:37:46.676,1.03915,1.0396,1.40,1.50
2016.09.19 21:37:46.727,1.03914,1.03956,1.90,1.00
2016.09.19 21:37:46.779,1.03914,1.03956,1.90,1.25
2016.09.19 21:37:47.123,1.03914,1.03956,1.71,1.25
2016.09.19 21:37:47.498,1.03914,1.03956,2.22,1.00
2016.09.19 21:37:47.549,1.03921,1.03959,1.72,1.69
2016.09.19 21:37:47.673,1.03921,1.03957,1.72,1.19
2016.09.19 21:37:47.827,1.03921,1.03959,1.72,2.25
2016.09.19 21:37:47.878,1.03921,1.03959,2.48,2.25
2016.09.19 21:37:48.279,1.03921,1.03959,2.98,2.25
2016.09.19 21:37:48.637,1.03923,1.03959,1.24,2.25
2016.09.19 21:37:49.005,1.03923,1.03957,1.24,1.25
2016.09.19 21:37:50.833,1.03923,1.03957,1.24,1.19
2016.09.19 21:37:51.277,1.03923,1.03959,1.24,1.19
2016.09.19 21:37:51.330,1.03922,1.03952,3.24,1.00
2016.09.19 21:37:51.381,1.03916,1.03952,1.24,1.19
2016.09.19 21:37:51.535,1.0392,1.03953,1.00,1.50
2016.09.19 21:37:51.587,1.0392,1.03954,1.24,1.69
2016.09.19 21:37:51.638,1.03922,1.03954,1.24,1.00
2016.09.19 21:37:51.689,1.03922,1.03956,1.24,1.19
2016.09.19 21:37:53.263,1.0392,1.03956,1.24,1.19
2016.09.19 21:37:54.482,1.03922,1.03956,1.24,1.19
2016.09.19 21:37:54.535,1.03919,1.03948,3.24,1.00
2016.09.19 21:37:54.586,1.03912,1.03948,1.24,1.19
2016.09.19 21:37:54.638,1.03913,1.03949,1.24,1.50
2016.09.19 21:37:54.689,1.03913,1.03949,1.24,1.75
2016.09.19 21:37:54.741,1.0391,1.03946,1.24,1.19
2016.09.19 21:37:54.843,1.03908,1.03944,1.24,1.19
2016.09.19 21:37:54.945,1.03905,1.03936,1.33,1.19
2016.09.19 21:37:54.997,1.03902,1.03936,1.24,1.19
2016.09.19 21:37:55.048,1.03901,1.03937,1.24,1.50
2016.09.19 21:37:55.984,1.03901,1.03937,1.24,1.19
2016.09.19 21:37:56.035,1.03899,1.03929,3.24,1.00
2016.09.19 21:37:56.087,1.03895,1.03927,1.24,1.00
2016.09.19 21:37:56.139,1.03905,1.03932,1.00,1.50
2016.09.19 21:37:56.190,1.03905,1.03932,1.24,1.00
2016.09.19 21:37:56.241,1.03907,1.03941,1.37,1.00
2016.09.19 21:37:56.344,1.03909,1.03941,1.24,1.00
2016.09.19 21:37:56.395,1.03909,1.03943,1.24,1.00
2016.09.19 21:37:56.961,1.03909,1.03948,1.24,1.74
2016.09.19 21:37:57.114,1.03909,1.03943,1.24,1.00
2016.09.19 21:37:57.369,1.0391,1.03946,1.24,1.24
2016.09.19 21:37:57.472,1.0391,1.03946,1.24,1.33
2016.09.19 21:38:00.946,1.0391,1.03946,1.24,1.24
2016.09.19 21:38:02.491,1.03906,1.03945,1.37,4.74
2016.09.19 21:38:02.562,1.03906,1.03942,1.37,1.33
2016.09.19 21:38:03.443,1.03905,1.03942,3.24,1.33
2016.09.19 21:38:03.494,1.03904,1.03942,1.24,1.00
2016.09.19 21:38:06.073,1.03903,1.0394,1.24,1.00
2016.09.19 21:38:07.273,1.03903,1.0394,1.37,1.00
2016.09.19 21:38:07.479,1.03903,1.0394,1.24,1.00
2016.09.19 21:38:08.054,1.03904,1.0394,1.24,1.00
2016.09.19 21:38:09.676,1.03909,1.0394,1.19,1.00
2016.09.19 21:38:09.938,1.03909,1.03944,1.19,1.24
2016.09.19 21:38:10.015,1.03908,1.03944,1.50,1.24
2016.09.19 21:38:10.067,1.03911,1.03944,1.00,1.24
2016.09.19 21:38:10.169,1.03908,1.03944,1.19,1.74
2016.09.19 21:38:11.250,1.03909,1.03944,1.19,1.24
2016.09.19 21:38:13.255,1.03906,1.03944,1.75,1.74
2016.09.19 21:38:13.459,1.03906,1.03944,1.50,4.74
2016.09.19 21:38:16.942,1.03902,1.0394,1.69,3.99
2016.09.19 21:38:16.993,1.039,1.03935,1.19,1.33
2016.09.19 21:38:17.095,1.03901,1.03935,1.19,1.00
2016.09.19 21:38:17.198,1.03898,1.03935,1.50,1.24
2016.09.19 21:38:17.300,1.03897,1.03935,1.50,1.74
2016.09.19 21:38:17.606,1.03896,1.03934,1.19,1.24
2016.09.19 21:38:18.792,1.03896,1.03932,1.19,1.00
2016.09.19 21:38:18.895,1.03895,1.03931,1.19,1.24
2016.09.19 21:38:18.946,1.03895,1.0393,1.19,1.33
2016.09.19 21:38:18.998,1.03892,1.03928,1.25,1.24
2016.09.19 21:38:19.049,1.03892,1.03928,1.25,1.74
2016.09.19 21:38:19.101,1.03891,1.03926,1.19,1.33
2016.09.19 21:38:19.152,1.03891,1.03923,1.19,1.00
2016.09.19 21:38:19.203,1.03889,1.03923,1.19,1.33
2016.09.19 21:38:20.276,1.03888,1.03923,1.19,1.33
2016.09.19 21:38:21.199,1.03887,1.03921,1.75,1.00
2016.09.19 21:38:21.301,1.0389,1.03923,1.19,1.00
2016.09.19 21:38:24.105,1.0389,1.03927,1.19,1.24
2016.09.19 21:38:25.600,1.0389,1.03927,1.50,1.24
2016.09.19 21:38:25.651,1.0389,1.03927,1.50,1.24
2016.09.19 21:38:25.703,1.03897,1.03932,1.50,1.33
2016.09.19 21:38:25.805,1.03893,1.03931,1.19,1.24
2016.09.19 21:38:25.856,1.03893,1.03931,1.19,1.24
2016.09.19 21:38:26.047,1.03892,1.03932,1.75,1.33
2016.09.19 21:38:26.098,1.03891,1.03927,1.19,1.24
2016.09.19 21:38:26.150,1.03891,1.03927,1.19,1.74
2016.09.19 21:38:26.201,1.0389,1.03925,1.50,1.33
2016.09.19 21:38:26.405,1.03894,1.03925,1.87,1.00
2016.09.19 21:38:26.507,1.03898,1.03931,1.50,1.00
2016.09.19 21:38:26.558,1.03898,1.03935,1.50,1.24
2016.09.19 21:38:26.609,1.03903,1.03935,1.19,1.00
2016.09.19 21:38:26.661,1.03903,1.03937,1.19,1.00
2016.09.19 21:38:26.712,1.03906,1.0394,1.19,1.33
2016.09.19 21:38:26.814,1.03912,1.03942,1.19,1.00
2016.09.19 21:38:26.865,1.03912,1.03947,1.19,1.33
2016.09.19 21:38:26.917,1.03914,1.03951,1.50,1.24
2016.09.19 21:38:27.070,1.03917,1.03951,1.19,1.33
2016.09.19 21:38:27.172,1.03917,1.03952,1.19,1.24
2016.09.19 21:38:27.469,1.03918,1.03954,1.50,1.33
2016.09.19 21:38:28.611,1.0392,1.03954,1.19,1.33
2016.09.19 21:38:29.314,1.03921,1.03954,1.19,1.00
2016.09.19 21:38:29.611,1.03921,1.03957,1.75,1.33
2016.09.19 21:38:29.714,1.03923,1.03958,1.19,1.24
2016.09.19 21:38:31.003,1.03922,1.03958,1.19,1.74
2016.09.19 21:38:31.988,1.03922,1.03958,1.50,1.24
2016.09.19 21:38:32.092,1.03928,1.03958,1.19,1.00
2016.09.19 21:38:32.143,1.03928,1.0396,1.19,1.00
2016.09.19 21:38:32.194,1.03926,1.0396,1.19,1.33
2016.09.19 21:38:33.306,1.03926,1.0396,1.50,1.00
2016.09.19 21:38:33.409,1.03928,1.0396,1.19,1.00
2016.09.19 21:38:36.770,1.03928,1.03964,1.19,1.74
2016.09.19 21:38:37.147,1.03928,1.03964,1.19,1.74
2016.09.19 21:38:37.198,1.03918,1.03954,1.69,1.33
2016.09.19 21:38:37.301,1.03916,1.03954,1.50,4.74
2016.09.19 21:38:39.084,1.03916,1.03954,1.19,1.74
2016.09.19 21:38:39.524,1.03913,1.03949,1.19,1.24
2016.09.19 21:38:39.627,1.03911,1.03947,1.19,1.24
2016.09.19 21:38:40.660,1.03911,1.03946,1.19,1.33
2016.09.19 21:38:40.712,1.0391,1.03943,1.00,1.24
2016.09.19 21:38:40.815,1.03905,1.03943,1.19,1.74
2016.09.19 21:38:43.111,1.03905,1.03941,1.19,1.33
2016.09.19 21:38:43.163,1.03905,1.0394,1.19,1.00
2016.09.19 21:38:45.730,1.03904,1.0394,1.19,1.00
2016.09.19 21:38:46.036,1.03907,1.0394,1.19,1.00
2016.09.19 21:38:46.087,1.03901,1.03938,1.19,1.24
2016.09.19 21:38:46.190,1.03898,1.03935,1.50,1.24
2016.09.19 21:38:46.292,1.03898,1.03932,1.19,1.19
2016.09.19 21:38:46.530,1.03898,1.03932,1.25,2.25
2016.09.19 21:38:46.582,1.03895,1.03931,1.50,1.19
2016.09.19 21:38:47.624,1.03901,1.03932,1.19,1.00
2016.09.19 21:38:47.676,1.03901,1.03934,1.19,1.00
2016.09.19 21:38:48.609,1.03901,1.03934,1.50,1.00
2016.09.19 21:38:50.814,1.039,1.03934,1.50,1.00
2016.09.19 21:38:52.694,1.03895,1.03933,2.25,4.18
2016.09.19 21:38:52.746,1.03895,1.03931,1.50,1.00
2016.09.19 21:38:52.899,1.03897,1.03931,1.75,1.00
2016.09.19 21:38:53.104,1.03899,1.03934,1.50,1.00
2016.09.19 21:38:54.393,1.03899,1.03934,1.75,1.00
2016.09.19 21:38:55.731,1.03901,1.03934,1.50,1.00
2016.09.19 21:38:58.122,1.03899,1.03934,1.19,1.25
2016.09.19 21:38:58.224,1.03896,1.03934,1.50,4.93
2016.09.19 21:38:58.326,1.03896,1.03932,1.44,1.00
2016.09.19 21:38:58.429,1.03896,1.03931,1.19,1.00
2016.09.19 21:39:02.007,1.03898,1.03931,1.75,1.00
2016.09.19 21:39:02.110,1.03903,1.03931,1.50,1.00
2016.09.19 21:39:02.161,1.03903,1.03935,1.50,1.00
2016.09.19 21:39:02.213,1.03908,1.03939,1.19,1.00
2016.09.19 21:39:02.315,1.03908,1.03943,1.50,1.00
2016.09.19 21:39:02.418,1.03909,1.03943,1.19,1.00
2016.09.19 21:39:02.520,1.03913,1.03947,1.50,1.00
2016.09.19 21:39:02.623,1.03914,1.03949,1.19,3.24
2016.09.19 21:39:02.726,1.03918,1.03955,1.75,3.24
2016.09.19 21:39:02.934,1.03934,1.03962,1.50,1.00
2016.09.19 21:39:02.986,1.03934,1.0397,1.50,3.99
2016.09.19 21:39:03.038,1.0394,1.03976,1.19,1.00
2016.09.19 21:39:03.141,1.03945,1.03981,1.19,3.99
2016.09.19 21:39:03.347,1.03941,1.03979,1.50,3.99
2016.09.19 21:39:03.439,1.03945,1.03981,1.19,1.00
2016.09.19 21:39:03.543,1.03946,1.03981,1.19,3.24
2016.09.19 21:39:03.648,1.0395,1.03986,1.50,3.99
2016.09.19 21:39:03.753,1.03953,1.0399,1.75,3.25
2016.09.19 21:39:04.241,1.03953,1.03991,1.75,1.00
2016.09.19 21:39:04.351,1.03954,1.03992,1.50,4.00
2016.09.19 21:39:04.612,1.03954,1.03989,1.00,3.25
2016.09.19 21:39:04.664,1.03946,1.03989,4.00,4.00
2016.09.19 21:39:04.716,1.0394,1.03983,1.50,1.25
2016.09.19 21:39:04.818,1.03939,1.0398,1.43,1.25
2016.09.19 21:39:04.921,1.03946,1.03982,1.25,1.00
2016.09.19 21:39:04.972,1.03946,1.03985,1.25,1.25
2016.09.19 21:39:05.023,1.03943,1.03984,1.25,1.25
2016.09.19 21:39:05.112,1.03943,1.03984,1.33,4.00
2016.09.19 21:39:05.163,1.03941,1.03982,1.50,1.25
2016.09.19 21:39:05.392,1.0394,1.03983,1.43,1.25
2016.09.19 21:39:05.700,1.0394,1.03983,1.25,1.25
2016.09.19 21:39:05.751,1.03935,1.0398,3.68,1.25
2016.09.19 21:39:06.006,1.03935,1.0398,3.49,1.25
2016.09.19 21:39:08.707,1.03935,1.03979,1.00,1.25
2016.09.19 21:39:08.810,1.03935,1.03978,3.49,1.25
2016.09.19 21:39:08.961,1.03935,1.03978,2.74,1.25
2016.09.19 21:39:09.012,1.03933,1.03978,3.68,4.00
2016.09.19 21:39:10.326,1.03935,1.03977,1.12,1.25
2016.09.19 21:39:10.386,1.03945,1.03989,3.49,4.75
2016.09.19 21:39:10.438,1.03947,1.03989,3.49,1.75
2016.09.19 21:39:10.540,1.03947,1.03989,3.68,1.75
2016.09.19 21:39:10.642,1.03947,1.03989,1.34,1.75
2016.09.19 21:39:11.226,1.03946,1.03989,3.68,1.25
2016.09.19 21:39:11.533,1.03946,1.03989,3.49,1.25
2016.09.19 21:39:12.324,1.03948,1.03989,1.15,1.25
2016.09.19 21:39:12.434,1.03948,1.03989,1.15,1.33
2016.09.19 21:39:12.670,1.03948,1.03987,1.15,1.00
2016.09.19 21:39:12.724,1.03948,1.03987,1.12,1.19
2016.09.19 21:39:12.913,1.03948,1.03987,1.15,1.25
2016.09.19 21:39:12.964,1.03948,1.03988,1.15,1.19
2016.09.19 21:39:13.735,1.03948,1.03988,1.37,1.19
2016.09.19 21:39:13.787,1.0395,1.03989,1.25,1.50
2016.09.19 21:39:14.439,1.03948,1.03987,1.56,1.25
2016.09.19 21:39:14.542,1.03945,1.03986,3.17,1.19
2016.09.19 21:39:15.487,1.03945,1.03986,2.67,1.75
2016.09.19 21:39:15.543,1.03945,1.03984,2.67,1.19
2016.09.19 21:39:15.645,1.03944,1.03983,1.19,1.19
2016.09.19 21:39:15.748,1.03942,1.03983,1.19,1.50
2016.09.19 21:39:15.901,1.03942,1.03983,1.25,1.50
2016.09.19 21:39:16.063,1.03938,1.03977,1.91,1.19
2016.09.19 21:39:16.165,1.03935,1.03976,1.91,1.50
2016.09.19 21:39:17.617,1.03935,1.03976,1.91,1.75
2016.09.19 21:39:19.436,1.03935,1.03976,1.66,1.19
2016.09.19 21:39:19.861,1.03938,1.03978,1.66,1.25
2016.09.19 21:39:19.963,1.03936,1.03977,1.66,1.19
2016.09.19 21:39:20.458,1.03934,1.03975,1.66,1.19
2016.09.19 21:39:20.561,1.03932,1.03971,1.19,1.25
2016.09.19 21:39:20.765,1.03931,1.0397,1.66,1.19
2016.09.19 21:39:20.867,1.03929,1.03969,1.66,1.19
2016.09.19 21:39:20.970,1.03924,1.03965,1.91,1.50
2016.09.19 21:39:21.022,1.03924,1.03965,1.91,1.75
2016.09.19 21:39:21.073,1.03923,1.03964,2.41,1.50
2016.09.19 21:39:21.124,1.03923,1.03964,1.91,1.50
2016.09.19 21:39:22.076,1.03925,1.03964,1.91,1.19
2016.09.19 21:39:22.142,1.03924,1.03965,1.91,1.50
2016.09.19 21:39:22.347,1.03925,1.03964,1.66,1.19
2016.09.19 21:39:23.523,1.03925,1.03964,1.91,1.19
2016.09.19 21:39:23.729,1.03926,1.03965,1.66,1.19
2016.09.19 21:39:24.065,1.03928,1.03967,1.47,1.19
2016.09.19 21:39:24.224,1.03928,1.03967,1.00,1.50
2016.09.19 21:39:24.275,1.03926,1.03965,1.19,1.19
2016.09.19 21:39:25.976,1.03924,1.03965,1.66,1.19
2016.09.19 21:39:28.053,1.03924,1.03963,1.66,1.19
2016.09.19 21:39:28.155,1.03924,1.03963,1.19,1.25
2016.09.19 21:39:28.264,1.03923,1.03963,1.66,1.25
2016.09.19 21:39:29.228,1.03924,1.03963,1.41,1.19
2016.09.19 21:39:29.751,1.03924,1.03963,1.73,1.19
2016.09.19 21:39:29.803,1.03924,1.03963,1.92,1.19
2016.09.19 21:39:29.906,1.03924,1.03963,1.73,1.19
2016.09.19 21:39:30.008,1.03924,1.03963,1.92,1.19
2016.09.19 21:39:30.329,1.03923,1.03963,1.19,1.19
2016.09.19 21:39:30.381,1.03922,1.03963,2.67,1.69
2016.09.19 21:39:30.534,1.03924,1.03963,1.92,1.50
2016.09.19 21:39:30.585,1.03925,1.03963,1.19,1.00
2016.09.19 21:39:30.637,1.03925,1.03963,1.19,1.75
2016.09.19 21:39:30.688,1.03923,1.03962,1.92,1.50
2016.09.19 21:39:30.841,1.03924,1.03962,1.92,1.19
2016.09.19 21:39:31.400,1.03924,1.03963,1.92,1.19
2016.09.19 21:39:33.481,1.03923,1.03962,2.67,1.19
2016.09.19 21:39:33.634,1.03923,1.03962,1.19,1.19
2016.09.19 21:39:35.660,1.03926,1.03963,1.00,1.19
2016.09.19 21:39:35.762,1.03923,1.03963,2.67,1.19
2016.09.19 21:39:35.864,1.03923,1.03962,2.67,1.50
2016.09.19 21:39:39.637,1.03923,1.03962,3.68,1.50
2016.09.19 21:39:39.946,1.03924,1.03962,2.93,1.19
2016.09.19 21:39:39.997,1.03924,1.03963,3.68,2.25
2016.09.19 21:39:40.456,1.03925,1.03963,1.19,1.50
2016.09.19 21:39:40.655,1.03926,1.03963,1.49,2.25
2016.09.19 21:39:41.055,1.03928,1.03963,1.33,1.50
2016.09.19 21:39:41.157,1.03928,1.03963,1.50,1.50
2016.09.19 21:39:41.209,1.03928,1.03964,1.50,1.75
2016.09.19 21:39:43.242,1.03928,1.03964,1.00,1.75
2016.09.19 21:39:43.293,1.03926,1.03961,1.25,1.19
2016.09.19 21:39:43.345,1.03926,1.03961,1.25,1.19
2016.09.19 21:39:43.396,1.03925,1.03962,1.69,2.25
2016.09.19 21:39:44.017,1.03925,1.03959,1.19,1.75
2016.09.19 21:39:44.068,1.03919,1.03958,4.93,1.50
2016.09.19 21:39:44.391,1.03919,1.03955,4.18,1.00
2016.09.19 21:39:44.495,1.03919,1.03955,1.19,1.19
2016.09.19 21:39:44.597,1.03918,1.03955,2.93,1.19
2016.09.19 21:39:45.844,1.03918,1.03955,2.93,1.00
2016.09.19 21:39:45.947,1.03917,1.03954,1.19,1.25
2016.09.19 21:39:55.990,1.03917,1.03955,1.19,1.50
2016.09.19 21:39:56.992,1.03917,1.03954,1.19,1.25
2016.09.19 21:40:05.888,1.03917,1.03956,1.69,3.00
2016.09.19 21:40:05.939,1.03917,1.03955,1.69,2.25
2016.09.19 21:40:05.990,1.03917,1.03954,1.19,1.50
2016.09.19 21:40:06.042,1.03917,1.03954,1.19,1.00
2016.09.19 21:40:06.093,1.03918,1.03956,1.19,1.50
2016.09.19 21:40:06.144,1.03918,1.03956,3.68,1.00
2016.09.19 21:40:07.457,1.0392,1.03956,2.93,1.00
2016.09.19 21:40:07.715,1.0392,1.03956,3.68,1.00
2016.09.19 21:40:08.285,1.03922,1.03956,1.19,1.00
2016.09.19 21:40:08.336,1.03922,1.03956,1.43,1.00
2016.09.19 21:40:08.903,1.03924,1.03956,1.19,1.00
2016.09.19 21:40:09.056,1.03924,1.03956,1.19,1.19
2016.09.19 21:40:09.107,1.03921,1.03956,1.19,1.19
2016.09.19 21:40:10.187,1.03921,1.03957,1.19,1.50
2016.09.19 21:40:21.675,1.03923,1.03957,1.19,1.00
2016.09.19 21:40:21.727,1.03925,1.03959,1.19,1.19
2016.09.19 21:40:21.778,1.03925,1.03961,1.69,1.19
2016.09.19 21:40:21.830,1.03926,1.03961,1.25,1.69
2016.09.19 21:40:22.014,1.03926,1.03961,1.19,1.69
2016.09.19 21:40:24.678,1.03927,1.03961,1.19,1.69
2016.09.19 21:40:24.729,1.03927,1.03961,1.19,1.19
2016.09.19 21:40:26.019,1.03927,1.03961,1.19,1.69
2016.09.19 21:40:26.688,1.03926,1.03961,1.19,1.69
2016.09.19 21:40:28.451,1.03935,1.03969,1.69,1.00
2016.09.19 21:40:28.503,1.03936,1.0397,1.00,1.00
2016.09.19 21:40:28.555,1.03936,1.0397,1.25,1.00
2016.09.19 21:40:28.834,1.03936,1.0397,1.19,1.00
2016.09.19 21:40:34.608,1.03935,1.03971,1.69,3.00
2016.09.19 21:40:34.660,1.03946,1.03971,1.00,1.00
2016.09.19 21:40:34.898,1.03947,1.03979,1.19,1.00
2016.09.19 21:40:34.950,1.03945,1.03974,1.19,2.25
2016.09.19 21:40:35.001,1.0394,1.03974,1.19,2.25
2016.09.19 21:40:35.155,1.03937,1.03971,1.19,2.25
2016.09.19 21:40:35.813,1.03937,1.0397,1.19,1.00
2016.09.19 21:40:35.966,1.03936,1.0397,1.69,3.00
2016.09.19 21:40:37.173,1.03937,1.0397,1.19,1.00
2016.09.19 21:40:37.225,1.03937,1.03969,1.25,1.00
2016.09.19 21:40:37.276,1.03935,1.03969,2.44,3.00
2016.09.19 21:40:37.327,1.03935,1.03969,1.69,3.00
2016.09.19 21:40:39.164,1.03935,1.03969,1.19,3.00
2016.09.19 21:40:39.215,1.03934,1.03968,1.19,1.00
2016.09.19 21:40:39.963,1.03934,1.03968,1.69,1.00
2016.09.19 21:40:40.065,1.03935,1.03969,1.19,1.00
2016.09.19 21:40:40.168,1.03935,1.03968,1.19,2.25
2016.09.19 21:40:40.219,1.03932,1.03968,2.44,3.00
2016.09.19 21:40:40.310,1.03933,1.03967,1.19,2.25
2016.09.19 21:40:42.755,1.03934,1.03968,1.19,3.00
2016.09.19 21:40:42.857,1.03934,1.03968,1.69,3.00
2016.09.19 21:40:46.904,1.03934,1.03968,1.19,1.00
2016.09.19 21:40:49.186,1.03936,1.03968,1.00,1.00
2016.09.19 21:40:49.443,1.03932,1.03968,2.44,3.00
2016.09.19 21:40:50.493,1.03933,1.03968,1.19,1.00
2016.09.19 21:40:50.544,1.03933,1.03969,1.69,3.00
2016.09.19 21:40:56.948,1.03934,1.03969,1.19,2.25
2016.09.19 21:40:56.999,1.03935,1.03969,1.25,2.25
2016.09.19 21:40:57.101,1.03934,1.03967,1.19,1.00
2016.09.19 21:40:57.203,1.03932,1.03968,2.44,3.00
2016.09.19 21:41:02.124,1.03933,1.03969,1.69,3.00
2016.09.19 21:41:02.175,1.03934,1.03968,1.19,2.25
2016.09.19 21:41:02.586,1.03932,1.03966,1.19,1.75
2016.09.19 21:41:02.638,1.03929,1.03962,1.00,1.00
2016.09.19 21:41:02.689,1.03923,1.03962,1.50,3.00
2016.09.19 21:41:02.741,1.03923,1.03959,1.00,1.19
2016.09.19 21:41:02.792,1.03922,1.03959,1.69,1.50
2016.09.19 21:41:02.844,1.03922,1.03951,1.00,1.00
2016.09.19 21:41:02.895,1.03914,1.03944,1.50,2.25
2016.09.19 21:41:02.947,1.03908,1.03934,1.50,1.00
2016.09.19 21:41:02.999,1.03897,1.03931,1.94,2.25
2016.09.19 21:41:03.050,1.03894,1.03929,2.44,1.50
2016.09.19 21:41:03.101,1.03894,1.03929,2.06,1.50
2016.09.19 21:41:03.153,1.03894,1.0393,1.69,1.75
2016.09.19 21:41:03.204,1.03894,1.0393,1.50,1.50
2016.09.19 21:41:03.255,1.03894,1.03928,1.00,1.25
2016.09.19 21:41:03.306,1.03892,1.03928,1.00,1.19
2016.09.19 21:41:03.536,1.03891,1.03928,1.50,1.19
2016.09.19 21:41:04.674,1.03892,1.03928,1.00,1.75
2016.09.19 21:41:04.777,1.03891,1.03926,1.00,1.25
2016.09.19 21:41:05.180,1.03894,1.03931,1.00,1.00
2016.09.19 21:41:05.282,1.03895,1.03933,1.00,1.74
2016.09.19 21:41:05.744,1.03895,1.03933,1.50,1.24
2016.09.19 21:41:05.846,1.03895,1.03933,1.50,1.74
2016.09.19 21:41:05.897,1.03895,1.03933,1.50,1.00
2016.09.19 21:41:05.949,1.03897,1.03935,1.00,1.24
2016.09.19 21:41:07.077,1.03893,1.0393,1.87,1.24
2016.09.19 21:41:07.180,1.03889,1.03927,1.19,1.33
2016.09.19 21:41:07.284,1.03889,1.03926,1.19,1.24
2016.09.19 21:41:07.373,1.03888,1.03926,1.19,1.74
2016.09.19 21:41:07.424,1.03887,1.03925,1.19,1.24
2016.09.19 21:41:07.476,1.03887,1.03922,1.00,1.00
2016.09.19 21:41:07.550,1.03884,1.03922,1.69,1.24
2016.09.19 21:41:07.704,1.03884,1.03922,1.50,1.24
2016.09.19 21:41:08.698,1.03885,1.03922,1.00,1.00
2016.09.19 21:41:08.963,1.03888,1.03925,1.00,1.24
2016.09.19 21:41:09.066,1.03888,1.03926,1.00,1.24
2016.09.19 21:41:09.220,1.03888,1.03927,1.19,1.00
2016.09.19 21:41:09.618,1.03888,1.03927,1.50,3.49
2016.09.19 21:41:09.720,1.03888,1.03927,1.50,1.00
2016.09.19 21:41:09.772,1.03892,1.03928,1.25,2.74
2016.09.19 21:41:09.823,1.03892,1.03929,1.19,1.00
2016.09.19 21:41:09.976,1.03892,1.03931,1.19,4.24
2016.09.19 21:41:10.027,1.03892,1.03931,1.75,1.50
2016.09.19 21:41:10.078,1.03894,1.03933,1.19,3.49
2016.09.19 21:41:10.130,1.03894,1.03933,1.50,1.00
2016.09.19 21:41:10.181,1.03896,1.03933,1.19,1.00
2016.09.19 21:41:11.248,1.03896,1.03934,1.19,3.49
2016.09.19 21:41:11.300,1.03896,1.03935,1.50,3.49
2016.09.19 21:41:11.926,1.03896,1.03935,1.75,1.00
2016.09.19 21:41:11.977,1.039,1.03936,1.19,2.23
2016.09.19 21:41:12.029,1.039,1.03939,1.50,1.50
2016.09.19 21:41:12.081,1.03903,1.03939,1.19,1.00
2016.09.19 21:41:12.133,1.03903,1.03941,1.19,1.00
2016.09.19 21:41:12.184,1.03906,1.03942,1.75,1.00
2016.09.19 21:41:12.286,1.03907,1.03945,1.50,2.98
2016.09.19 21:41:13.400,1.03907,1.03945,1.19,2.98
2016.09.19 21:41:13.451,1.03907,1.03944,1.19,1.00
2016.09.19 21:41:14.185,1.03907,1.03945,1.75,1.00
2016.09.19 21:41:14.289,1.03911,1.03947,1.50,1.00
2016.09.19 21:41:14.392,1.03911,1.0395,1.75,1.00
2016.09.19 21:41:14.598,1.03912,1.0395,3.75,1.00
2016.09.19 21:41:14.649,1.03918,1.03955,1.19,2.72
2016.09.19 21:41:14.701,1.0392,1.03956,1.19,1.00
2016.09.19 21:41:14.906,1.0392,1.03956,1.25,1.00
2016.09.19 21:41:14.957,1.03918,1.03956,1.19,1.00
2016.09.19 21:41:15.008,1.03918,1.03953,1.19,1.00
2016.09.19 21:41:18.578,1.03916,1.03953,1.75,1.00
2016.09.19 21:41:18.681,1.03918,1.03953,1.19,1.00
2016.09.19 21:41:18.774,1.03918,1.03956,1.19,1.22
2016.09.19 21:41:18.825,1.03918,1.03957,1.19,2.72
2016.09.19 21:41:19.080,1.03915,1.03953,1.75,1.00
2016.09.19 21:41:19.131,1.03914,1.03953,1.50,2.72
2016.09.19 21:41:19.233,1.03914,1.03953,1.50,2.91
2016.09.19 21:41:19.284,1.03913,1.03952,1.75,1.00
2016.09.19 21:41:19.335,1.03913,1.03952,1.19,1.97
2016.09.19 21:41:20.361,1.03914,1.03951,1.19,1.00
2016.09.19 21:41:20.413,1.03914,1.03951,1.19,1.97
2016.09.19 21:41:20.464,1.03913,1.03951,1.50,1.22
2016.09.19 21:41:21.773,1.03915,1.03952,1.19,1.97
2016.09.19 21:41:23.841,1.03915,1.0395,1.00,2.16
2016.09.19 21:41:23.893,1.03908,1.03942,1.25,1.22
2016.09.19 21:41:23.944,1.03906,1.03942,1.37,1.22
2016.09.19 21:41:23.995,1.03906,1.03943,1.37,1.00
2016.09.19 21:41:24.097,1.03906,1.03943,2.00,1.00
2016.09.19 21:41:24.199,1.03909,1.03943,1.19,1.00
2016.09.19 21:41:25.180,1.03921,1.03945,1.00,1.00
2016.09.19 21:41:25.232,1.03921,1.03945,1.19,1.00
2016.09.19 21:41:25.284,1.03916,1.03954,4.50,1.00
2016.09.19 21:41:25.357,1.03915,1.03952,1.19,1.97
2016.09.19 21:41:25.408,1.03914,1.03952,1.50,1.97
2016.09.19 21:41:27.064,1.03912,1.03952,1.75,1.97
2016.09.19 21:41:27.115,1.03912,1.03952,1.19,1.00
2016.09.19 21:41:27.264,1.03911,1.03952,1.50,1.50
2016.09.19 21:41:27.315,1.03911,1.03952,1.50,1.50
2016.09.19 21:41:27.367,1.03912,1.03952,1.19,1.00
2016.09.19 21:41:27.475,1.03911,1.03952,2.25,1.00
2016.09.19 21:41:27.526,1.03911,1.03952,1.69,1.00
2016.09.19 21:41:28.366,1.03911,1.03952,1.19,1.00
2016.09.19 21:41:28.468,1.0391,1.03949,1.50,1.00
2016.09.19 21:41:29.574,1.03912,1.03949,1.19,1.00
2016.09.19 21:41:29.626,1.03912,1.03949,1.50,1.00
2016.09.19 21:41:29.730,1.03912,1.03951,1.50,1.00
2016.09.19 21:41:30.332,1.03912,1.03951,1.19,1.00
2016.09.19 21:41:31.170,1.03911,1.0395,1.69,1.00
2016.09.19 21:41:31.221,1.03911,1.0395,1.00,2.98
2016.09.19 21:41:31.324,1.03908,1.03946,1.44,1.00
2016.09.19 21:41:31.655,1.03908,1.03946,1.19,1.00
2016.09.19 21:41:32.204,1.03907,1.03946,2.25,1.00
2016.09.19 21:41:32.306,1.03907,1.03946,1.50,1.19
2016.09.19 21:41:32.357,1.03903,1.03944,1.44,1.00
2016.09.19 21:41:32.408,1.03902,1.03944,2.44,1.00
2016.09.19 21:41:32.460,1.03902,1.03944,1.69,1.00
2016.09.19 21:41:32.545,1.03902,1.03944,1.69,1.19
2016.09.19 21:41:32.597,1.03902,1.03944,1.19,1.69
2016.09.19 21:41:32.648,1.039,1.03939,1.87,1.00
2016.09.19 21:41:32.802,1.039,1.03939,1.37,1.00
2016.09.19 21:41:32.853,1.039,1.03939,1.19,1.00
2016.09.19 21:41:33.472,1.039,1.03939,1.69,1.00
2016.09.19 21:41:33.675,1.03901,1.03939,1.19,1.00
2016.09.19 21:41:34.632,1.03914,1.03946,1.50,1.19
2016.09.19 21:41:34.989,1.03915,1.03947,1.00,1.19
2016.09.19 21:41:35.416,1.03914,1.03947,1.50,1.19
2016.09.19 21:41:35.518,1.03915,1.03947,1.00,1.19
2016.09.19 21:41:35.621,1.03914,1.03947,1.50,1.19
2016.09.19 21:41:35.829,1.03915,1.03947,1.00,1.19
2016.09.19 21:41:36.111,1.03915,1.03947,1.50,1.19
2016.09.19 21:41:36.322,1.03916,1.03947,1.00,1.19
2016.09.19 21:41:36.424,1.03915,1.03947,1.50,1.19
2016.09.19 21:41:36.476,1.03916,1.03947,1.00,1.19
2016.09.19 21:41:36.884,1.03915,1.03947,1.50,1.19
2016.09.19 21:41:36.986,1.03916,1.03947,1.00,1.19
2016.09.19 21:41:37.293,1.03914,1.03947,1.00,1.19
2016.09.19 21:41:37.395,1.03913,1.03947,1.50,1.19
2016.09.19 21:41:37.669,1.03915,1.03947,1.00,1.19
2016.09.19 21:41:37.720,1.03915,1.03947,1.50,1.19
2016.09.19 21:41:37.908,1.03916,1.03947,1.00,1.19
2016.09.19 21:41:39.211,1.03915,1.03947,1.50,1.19
2016.09.19 21:41:39.603,1.03915,1.03947,1.00,1.19
2016.09.19 21:41:39.654,1.03914,1.03947,1.50,1.19
2016.09.19 21:41:40.027,1.03917,1.03947,1.00,1.19
2016.09.19 21:41:40.850,1.03916,1.03947,1.00,1.19
2016.09.19 21:41:42.059,1.03917,1.03947,1.00,1.19
2016.09.19 21:41:42.213,1.03915,1.03947,1.50,1.19
2016.09.19 21:41:42.264,1.03918,1.03947,1.00,1.19
2016.09.19 21:41:42.367,1.03916,1.03947,1.00,1.19
2016.09.19 21:41:43.229,1.03918,1.03951,1.00,1.19
2016.09.19 21:41:43.331,1.03916,1.03951,1.50,1.19
2016.09.19 21:41:43.382,1.03916,1.03951,1.00,1.19
2016.09.19 21:41:43.484,1.03916,1.03951,1.50,1.31
2016.09.19 21:41:43.586,1.03916,1.03951,1.50,1.19
2016.09.19 21:41:45.131,1.03917,1.03951,1.00,1.19
2016.09.19 21:41:45.284,1.03914,1.03951,1.50,1.19
2016.09.19 21:41:45.339,1.03915,1.03951,1.00,1.19
2016.09.19 21:41:45.436,1.03915,1.03948,1.00,1.19
2016.09.19 21:41:49.967,1.03916,1.03948,1.00,1.19
2016.09.19 21:41:50.069,1.03918,1.03948,1.00,1.19
2016.09.19 21:41:50.171,1.03916,1.03948,1.00,1.19
2016.09.19 21:41:50.324,1.03916,1.03948,1.50,1.19
2016.09.19 21:41:50.435,1.03917,1.03948,1.00,1.19
2016.09.19 21:41:52.340,1.03918,1.03948,1.00,1.19
2016.09.19 21:41:52.442,1.03914,1.03948,1.50,1.19
2016.09.19 21:41:52.596,1.03915,1.03948,1.00,1.19
2016.09.19 21:41:53.299,1.03914,1.03948,1.50,1.19
2016.09.19 21:41:53.995,1.03915,1.03948,1.00,1.19
2016.09.19 21:41:54.046,1.03917,1.03948,1.00,1.19
2016.09.19 21:41:54.250,1.03915,1.03948,1.50,1.19
2016.09.19 21:41:54.301,1.03916,1.03948,1.00,1.19
2016.09.19 21:41:55.143,1.03912,1.03948,1.00,1.19
2016.09.19 21:41:55.195,1.03911,1.03948,1.50,1.19
2016.09.19 21:41:55.246,1.03911,1.03945,1.50,1.19
2016.09.19 21:41:56.547,1.03913,1.03945,1.00,1.19
2016.09.19 21:41:56.599,1.03913,1.03945,1.50,1.19
2016.09.19 21:41:56.854,1.03913,1.03945,1.00,1.19
2016.09.19 21:41:56.915,1.03911,1.03945,1.00,1.19
2016.09.19 21:41:56.966,1.03911,1.03943,1.00,1.19
2016.09.19 21:41:57.324,1.0391,1.03943,1.50,1.19
2016.09.19 21:41:59.232,1.0391,1.03943,1.00,1.19
2016.09.19 21:41:59.398,1.0391,1.03943,1.50,1.19
2016.09.19 21:41:59.500,1.0391,1.03943,1.00,1.19
2016.09.19 21:42:00.022,1.03911,1.03943,1.00,1.19
2016.09.19 21:42:00.887,1.03908,1.0394,1.00,1.19
2016.09.19 21:42:01.041,1.03906,1.0394,1.50,1.19
2016.09.19 21:42:01.093,1.03906,1.0394,1.00,1.19
2016.09.19 21:42:01.246,1.03904,1.0394,1.50,1.19
2016.09.19 21:42:02.426,1.03906,1.0394,1.00,1.19
2016.09.19 21:42:03.704,1.03907,1.0394,1.00,1.19
2016.09.19 21:42:03.981,1.03913,1.03947,2.25,1.00
2016.09.19 21:42:04.039,1.03921,1.03949,1.00,1.00
2016.09.19 21:42:04.090,1.03924,1.03957,2.25,1.00
2016.09.19 21:42:04.141,1.03933,1.0396,1.00,1.37
2016.09.19 21:42:04.193,1.03935,1.03972,2.25,1.00
2016.09.19 21:42:04.244,1.03946,1.03978,1.00,4.12
2016.09.19 21:42:04.296,1.03946,1.03982,1.75,1.12
2016.09.19 21:42:04.347,1.03952,1.03988,1.00,1.37
2016.09.19 21:42:04.398,1.03952,1.03988,1.19,1.00
2016.09.19 21:42:04.449,1.03954,1.03988,1.00,1.00
2016.09.19 21:42:04.552,1.03947,1.03988,1.25,1.00
2016.09.19 21:42:04.705,1.03945,1.03988,2.12,1.00
2016.09.19 21:42:04.756,1.03945,1.03991,2.12,3.75
2016.09.19 21:42:04.984,1.03945,1.03992,2.12,1.00
2016.09.19 21:42:05.035,1.03946,1.03993,1.25,4.50
2016.09.19 21:42:05.233,1.03952,1.03995,1.25,1.19
2016.09.19 21:42:05.284,1.03952,1.03997,1.25,3.94
2016.09.19 21:42:05.335,1.03953,1.03997,1.25,4.69
2016.09.19 21:42:05.551,1.03953,1.03997,1.00,1.19
2016.09.19 21:42:05.603,1.03953,1.03995,1.00,1.25
2016.09.19 21:42:05.654,1.03947,1.03992,1.49,1.00
2016.09.19 21:42:05.909,1.03943,1.0399,3.49,1.00
2016.09.19 21:42:05.960,1.03942,1.03989,3.74,1.75
2016.09.19 21:42:06.011,1.03942,1.03987,2.99,1.19
2016.09.19 21:42:06.062,1.03941,1.03987,1.00,1.19
2016.09.19 21:42:06.164,1.03941,1.03986,1.00,1.25
2016.09.19 21:42:06.317,1.0394,1.03984,2.24,1.00
2016.09.19 21:42:06.528,1.0394,1.03978,2.24,1.00
2016.09.19 21:42:06.580,1.03935,1.03974,1.00,1.75
2016.09.19 21:42:06.631,1.03932,1.03969,1.25,1.50
2016.09.19 21:42:06.682,1.03923,1.03969,2.06,2.25
2016.09.19 21:42:06.734,1.0392,1.03964,2.42,1.25
2016.09.19 21:42:06.785,1.03919,1.03964,3.92,1.00
2016.09.19 21:42:06.836,1.0392,1.03964,1.19,1.00
2016.09.19 21:42:06.888,1.03922,1.03964,2.42,1.00
2016.09.19 21:42:06.939,1.03924,1.03964,1.19,1.00
2016.09.19 21:42:06.990,1.03924,1.03964,3.17,1.00
2016.09.19 21:42:07.041,1.03924,1.03968,2.42,1.69
2016.09.19 21:42:07.092,1.0392,1.03967,1.19,1.50
2016.09.19 21:42:07.144,1.03919,1.03964,3.17,1.25
2016.09.19 21:42:07.650,1.03923,1.03964,1.00,1.00
2016.09.19 21:42:07.962,1.03925,1.03963,1.00,1.00
2016.09.19 21:42:10.057,1.03924,1.03963,1.00,1.00
2016.09.19 21:42:11.327,1.03923,1.03963,3.17,1.00
2016.09.19 21:42:12.928,1.03931,1.03966,1.00,1.00
2016.09.19 21:42:12.980,1.03931,1.03968,1.00,1.25
2016.09.19 21:42:13.031,1.03928,1.03968,1.00,1.25
2016.09.19 21:42:13.133,1.03928,1.03968,1.19,1.25
2016.09.19 21:42:13.592,1.03929,1.03968,2.42,1.00
2016.09.19 21:42:14.292,1.0393,1.03971,1.19,1.00
2016.09.19 21:42:15.059,1.0393,1.03971,3.17,1.00
2016.09.19 21:42:15.263,1.0393,1.03971,1.19,1.50
2016.09.19 21:42:15.366,1.03929,1.03968,3.17,1.00
2016.09.19 21:42:15.417,1.03929,1.03968,2.42,1.00
2016.09.19 21:42:15.907,1.03929,1.0396,2.24,1.00
2016.09.19 21:42:15.959,1.0392,1.0396,3.17,1.00
2016.09.19 21:42:16.184,1.03927,1.0396,2.24,1.00
2016.09.19 21:42:16.236,1.03927,1.0396,3.17,1.00
2016.09.19 21:42:16.287,1.03927,1.03965,3.17,1.00
2016.09.19 21:42:16.338,1.03931,1.03965,2.24,1.00
2016.09.19 21:42:16.390,1.03929,1.03968,2.42,1.00
2016.09.19 21:42:17.123,1.03929,1.03968,3.17,1.00
2016.09.19 21:42:17.941,1.03932,1.03968,1.25,1.00
2016.09.19 21:42:17.993,1.03936,1.03974,2.24,1.00
2016.09.19 21:42:18.044,1.03937,1.03974,1.00,1.00
2016.09.19 21:42:18.381,1.03936,1.03974,2.99,1.00
2016.09.19 21:42:18.433,1.03936,1.03974,3.17,1.00
2016.09.19 21:42:18.607,1.03936,1.03973,3.17,1.00
2016.09.19 21:42:18.659,1.03937,1.03973,1.00,1.00
2016.09.19 21:42:18.710,1.03937,1.03968,1.00,1.00
2016.09.19 21:42:18.762,1.0393,1.03968,3.17,1.00
2016.09.19 21:42:18.813,1.0393,1.03968,1.19,1.00
2016.09.19 21:42:18.899,1.0393,1.03965,1.19,1.00
2016.09.19 21:42:18.950,1.03926,1.03965,2.42,1.50
2016.09.19 21:42:19.002,1.03924,1.03959,1.19,1.00
2016.09.19 21:42:19.263,1.0392,1.03959,1.19,1.00
2016.09.19 21:42:19.849,1.03921,1.03959,1.19,1.00
2016.09.19 21:42:19.952,1.03925,1.03959,1.25,1.00
2016.09.19 21:42:20.054,1.03925,1.03962,1.25,1.00
2016.09.19 21:42:21.236,1.03924,1.03962,3.17,1.00
2016.09.19 21:42:21.440,1.03924,1.03962,2.42,1.00
2016.09.19 21:42:21.745,1.03924,1.03962,3.17,1.00
2016.09.19 21:42:22.051,1.03924,1.03962,2.42,1.00
2016.09.19 21:42:22.967,1.03922,1.03962,3.92,1.00
2016.09.19 21:42:23.278,1.03922,1.03962,1.69,1.00
2016.09.19 21:42:23.329,1.03922,1.03962,1.19,1.00
2016.09.19 21:42:24.011,1.03922,1.03962,3.17,1.00
2016.09.19 21:42:24.196,1.03922,1.0396,2.24,1.00
2016.09.19 21:42:24.452,1.03922,1.0396,2.99,1.00
2016.09.19 21:42:25.868,1.03922,1.0396,2.24,1.00
2016.09.19 21:42:26.272,1.03922,1.0396,1.00,1.00
2016.09.19 21:42:26.476,1.0392,1.0396,3.74,1.00
2016.09.19 21:42:29.369,1.03921,1.0396,1.00,1.00
2016.09.19 21:42:29.572,1.03923,1.0396,1.24,1.00
2016.09.19 21:42:30.471,1.03927,1.0396,1.00,1.00
2016.09.19 21:42:30.538,1.03923,1.0396,1.24,1.00
2016.09.19 21:42:31.010,1.03923,1.0396,1.24,1.00
2016.09.19 21:42:31.061,1.03928,1.03964,1.00,1.00
2016.09.19 21:42:31.112,1.03928,1.03964,1.19,1.00
2016.09.19 21:42:31.164,1.03931,1.03964,1.00,1.00
2016.09.19 21:42:31.215,1.03931,1.03964,1.19,1.00
2016.09.19 21:42:31.318,1.03931,1.03966,1.19,1.00
2016.09.19 21:42:32.483,1.03931,1.03966,1.00,1.19
2016.09.19 21:42:32.544,1.03923,1.03963,1.74,1.00
2016.09.19 21:42:34.288,1.03923,1.03963,1.33,1.25
2016.09.19 21:42:34.776,1.03923,1.03963,1.24,1.25
2016.09.19 21:42:34.903,1.03921,1.03961,3.99,1.00
2016.09.19 21:42:35.056,1.03922,1.03961,1.24,1.00
2016.09.19 21:42:35.773,1.0392,1.03961,4.74,1.00
2016.09.19 21:42:36.965,1.03924,1.03961,1.33,1.00
2016.09.19 21:42:37.016,1.03924,1.03961,1.00,1.00
2016.09.19 21:42:37.067,1.03921,1.03961,1.24,1.00
2016.09.19 21:42:38.210,1.03924,1.03961,1.00,1.00
2016.09.19 21:42:38.262,1.03921,1.03961,3.99,1.00
2016.09.19 21:42:40.650,1.03921,1.03961,1.24,1.00
2016.09.19 21:42:43.675,1.03925,1.03961,1.33,1.00
2016.09.19 21:42:43.726,1.03925,1.03961,1.24,1.00
2016.09.19 21:42:43.828,1.03925,1.03964,1.24,1.00
2016.09.19 21:42:45.309,1.03925,1.03957,1.24,1.00
2016.09.19 21:42:45.360,1.03922,1.03957,1.24,1.00
2016.09.19 21:42:45.463,1.0392,1.03957,1.24,1.00
2016.09.19 21:42:45.560,1.03921,1.0396,1.24,1.00
2016.09.19 21:42:45.611,1.03921,1.03963,1.74,1.25
2016.09.19 21:42:47.058,1.03923,1.03963,1.24,1.25
2016.09.19 21:42:47.262,1.03921,1.03963,1.24,1.19
2016.09.19 21:42:48.452,1.03921,1.03963,1.74,1.19
2016.09.19 21:42:48.554,1.03921,1.03963,4.74,1.25
2016.09.19 21:42:48.758,1.03922,1.03959,1.24,1.00
2016.09.19 21:42:48.963,1.03921,1.03959,3.99,1.00
2016.09.19 21:42:49.925,1.03921,1.03959,1.24,1.00
2016.09.19 21:42:50.180,1.0392,1.03959,1.74,1.00
2016.09.19 21:42:51.119,1.03921,1.03962,1.24,1.00
2016.09.19 21:42:51.170,1.03921,1.03962,4.74,1.00
2016.09.19 21:42:51.272,1.03921,1.03962,1.74,1.00
2016.09.19 21:42:51.476,1.03924,1.03962,1.24,1.00
2016.09.19 21:42:51.578,1.03922,1.03962,3.99,1.00
2016.09.19 21:42:51.731,1.03922,1.03962,1.24,1.00
2016.09.19 21:42:53.278,1.03921,1.03962,1.74,1.00
2016.09.19 21:42:53.329,1.03923,1.03962,3.24,1.00
2016.09.19 21:42:53.381,1.03924,1.03962,1.24,1.00
2016.09.19 21:42:54.616,1.03924,1.03964,1.24,1.00
2016.09.19 21:42:56.478,1.03924,1.03964,3.99,1.00
2016.09.19 21:42:56.677,1.03926,1.03966,1.24,1.00
2016.09.19 21:42:56.779,1.03927,1.03966,3.24,1.00
2016.09.19 21:42:56.983,1.03928,1.03966,1.24,1.00
2016.09.19 21:42:57.544,1.03928,1.03966,1.75,1.00
2016.09.19 21:42:57.595,1.03931,1.03968,1.19,1.00
2016.09.19 21:42:57.647,1.03931,1.03968,1.33,1.00
2016.09.19 21:42:57.698,1.03928,1.03968,1.74,1.00
2016.09.19 21:42:58.367,1.03928,1.03968,1.24,1.25
2016.09.19 21:42:58.589,1.03926,1.03964,1.24,1.00
2016.09.19 21:42:59.496,1.03927,1.03964,1.24,1.00
2016.09.19 21:43:01.086,1.03925,1.03964,1.74,1.00
2016.09.19 21:43:01.188,1.03926,1.03964,1.24,1.00
2016.09.19 21:43:01.465,1.03925,1.03964,1.74,1.00
2016.09.19 21:43:02.276,1.03926,1.03964,1.24,1.00
2016.09.19 21:43:06.605,1.03925,1.03964,1.74,1.00
2016.09.19 21:43:06.656,1.03925,1.03964,1.74,1.19
2016.09.19 21:43:06.708,1.03925,1.03964,1.24,1.19
2016.09.19 21:43:06.918,1.03923,1.03962,1.24,1.00
2016.09.19 21:43:07.719,1.03922,1.03962,1.24,1.00
2016.09.19 21:43:08.442,1.03922,1.03962,1.24,1.25
2016.09.19 21:43:08.725,1.03924,1.03959,1.24,1.00
2016.09.19 21:43:08.776,1.03921,1.03959,1.24,1.00
2016.09.19 21:43:09.101,1.0392,1.03959,3.99,1.00
2016.09.19 21:43:09.905,1.03921,1.03959,1.24,1.00
2016.09.19 21:43:12.322,1.0392,1.03959,3.99,1.00
2016.09.19 21:43:12.586,1.0392,1.03959,1.00,1.75
2016.09.19 21:43:12.686,1.03914,1.03953,1.62,1.00
2016.09.19 21:43:12.788,1.03911,1.03952,1.62,2.25
2016.09.19 21:43:12.993,1.03911,1.03949,1.62,1.00
2016.09.19 21:43:13.044,1.03909,1.03949,1.62,1.00
2016.09.19 21:43:13.095,1.03907,1.03944,3.22,1.19
2016.09.19 21:43:13.146,1.03907,1.03944,2.96,1.19
2016.09.19 21:43:13.198,1.03907,1.03945,1.84,1.50
2016.09.19 21:43:13.300,1.03907,1.03942,1.84,1.25
2016.09.19 21:43:13.352,1.03907,1.03942,1.42,1.75
2016.09.19 21:43:13.403,1.03907,1.0394,2.55,1.50
2016.09.19 21:43:13.506,1.03907,1.03941,1.42,1.75
2016.09.19 21:43:14.448,1.03907,1.03941,1.42,1.50
2016.09.19 21:43:14.500,1.03907,1.0394,1.42,1.19
2016.09.19 21:43:14.551,1.03906,1.0394,2.47,1.19
2016.09.19 21:43:15.448,1.03906,1.0394,2.47,1.75
2016.09.19 21:43:15.499,1.03906,1.03939,1.67,1.50
2016.09.19 21:43:15.567,1.03904,1.03939,1.00,1.25
2016.09.19 21:43:15.618,1.03896,1.03936,1.24,1.00
2016.09.19 21:43:16.149,1.03897,1.03936,1.24,1.00
2016.09.19 21:43:16.200,1.03896,1.03936,3.99,1.00
2016.09.19 21:43:16.967,1.03896,1.03936,1.24,1.00
2016.09.19 21:43:18.308,1.03895,1.03935,3.24,1.00
2016.09.19 21:43:18.359,1.03892,1.0393,1.24,1.00
2016.09.19 21:43:18.513,1.03889,1.0393,4.74,1.00
2016.09.19 21:43:18.564,1.03889,1.0393,1.74,1.25
2016.09.19 21:43:18.718,1.03889,1.0393,1.24,1.25
2016.09.19 21:43:19.625,1.03889,1.0393,1.74,1.25
2016.09.19 21:43:20.054,1.03889,1.03928,1.24,1.00
2016.09.19 21:43:20.105,1.03887,1.03928,1.74,1.00
2016.09.19 21:43:20.718,1.03887,1.03928,1.24,1.50
2016.09.19 21:43:20.770,1.03883,1.03928,1.74,2.25
2016.09.19 21:43:20.821,1.03883,1.03925,1.24,1.19
2016.09.19 21:43:20.872,1.03883,1.03925,3.99,1.25
2016.09.19 21:43:20.924,1.03884,1.03927,1.24,1.19
2016.09.19 21:43:21.323,1.03885,1.03928,1.24,1.69
2016.09.19 21:43:21.425,1.03884,1.03928,1.24,1.19
2016.09.19 21:43:22.330,1.03885,1.03928,1.43,1.19
2016.09.19 21:43:22.381,1.03885,1.03928,1.43,1.00
2016.09.19 21:43:22.535,1.03887,1.03928,1.43,1.00
2016.09.19 21:43:22.767,1.03887,1.0393,1.94,1.00
2016.09.19 21:43:22.818,1.03891,1.0393,1.44,1.00
2016.09.19 21:43:23.289,1.03892,1.0393,1.19,1.00
2016.09.19 21:43:23.584,1.03892,1.0393,1.19,1.33
2016.09.19 21:43:23.635,1.0389,1.0393,1.69,1.33
2016.09.19 21:43:23.797,1.03891,1.0393,1.44,1.33
2016.09.19 21:43:23.848,1.03891,1.03932,1.44,1.24
2016.09.19 21:43:23.899,1.03891,1.03932,1.69,1.24
2016.09.19 21:43:24.001,1.03891,1.03932,1.19,1.24
2016.09.19 21:43:24.103,1.0389,1.03932,1.69,1.24
2016.09.19 21:43:24.958,1.0389,1.03932,1.37,1.24
2016.09.19 21:43:25.009,1.03889,1.03932,1.37,1.74
2016.09.19 21:43:25.163,1.03889,1.03932,1.37,4.74
2016.09.19 21:43:25.214,1.03888,1.03931,1.69,1.24
2016.09.19 21:43:25.582,1.03888,1.03931,1.94,1.33
2016.09.19 21:43:25.641,1.0389,1.03932,1.37,1.24
2016.09.19 21:43:25.692,1.03888,1.03931,1.94,1.33
2016.09.19 21:43:25.794,1.03888,1.03931,1.69,1.24
2016.09.19 21:43:26.270,1.03888,1.03931,4.69,1.00
2016.09.19 21:43:26.321,1.03894,1.03932,1.19,1.00
2016.09.19 21:43:26.373,1.03894,1.03932,1.00,1.24
2016.09.19 21:43:26.424,1.03889,1.03932,1.37,1.74
2016.09.19 21:43:26.526,1.0389,1.03931,1.37,1.33
2016.09.19 21:43:26.735,1.0389,1.03931,1.19,1.33
2016.09.19 21:43:26.939,1.03891,1.03932,1.19,1.74
2016.09.19 21:43:28.125,1.03892,1.03932,1.19,1.24
2016.09.19 21:43:28.176,1.03892,1.03932,1.19,1.33
2016.09.19 21:43:28.409,1.03893,1.03932,1.50,1.00
2016.09.19 21:43:28.460,1.03893,1.03934,1.50,1.24
2016.09.19 21:43:29.581,1.03893,1.03934,1.50,1.49
2016.09.19 21:43:29.632,1.03893,1.03934,1.19,1.18
2016.09.19 21:43:29.996,1.03892,1.03933,1.19,1.00
2016.09.19 21:43:30.048,1.03892,1.03933,1.19,1.33
2016.09.19 21:43:30.313,1.03893,1.03933,1.31,1.33
2016.09.19 21:43:30.529,1.03896,1.03934,1.75,1.25
2016.09.19 21:43:30.581,1.03896,1.03939,1.75,1.74
2016.09.19 21:43:30.654,1.03898,1.03939,1.50,1.24
2016.09.19 21:43:30.705,1.03899,1.03941,1.19,3.24
2016.09.19 21:43:30.757,1.03899,1.03942,1.50,4.74
2016.09.19 21:43:30.808,1.03902,1.03942,1.19,3.99
2016.09.19 21:43:30.859,1.03902,1.03941,2.25,1.00
2016.09.19 21:43:30.911,1.03903,1.03941,1.19,1.00
2016.09.19 21:43:31.324,1.03905,1.03943,1.19,1.00
2016.09.19 21:43:32.222,1.03906,1.03943,1.19,1.00
2016.09.19 21:43:32.377,1.03906,1.03945,1.69,1.00
2016.09.19 21:43:33.618,1.03906,1.03945,1.19,1.33
2016.09.19 21:43:35.922,1.03909,1.03945,1.19,1.00
2016.09.19 21:43:35.973,1.03909,1.03949,1.19,1.24
2016.09.19 21:43:36.024,1.03908,1.03949,1.19,1.00
2016.09.19 21:43:36.228,1.03908,1.03949,1.75,1.00
2016.09.19 21:43:36.330,1.03911,1.03949,1.19,1.00
2016.09.19 21:43:36.623,1.03911,1.03949,1.75,1.00
2016.09.19 21:43:36.725,1.03913,1.0395,1.19,1.00
2016.09.19 21:43:37.605,1.03912,1.0395,1.50,1.00
2016.09.19 21:43:37.656,1.03912,1.0395,1.19,1.00
2016.09.19 21:43:37.708,1.0392,1.0395,1.00,1.00
2016.09.19 21:43:37.759,1.0392,1.03958,1.50,1.00
2016.09.19 21:43:37.810,1.03921,1.03958,1.19,1.00
2016.09.19 21:43:38.146,1.03925,1.03965,1.19,1.00
2016.09.19 21:43:38.320,1.03925,1.03965,1.44,1.00
2016.09.19 21:43:39.036,1.03927,1.03965,1.19,1.00
2016.09.19 21:43:39.263,1.03932,1.03968,1.19,1.00
2016.09.19 21:43:40.024,1.03932,1.03969,1.19,1.00
2016.09.19 21:43:40.239,1.03929,1.03969,1.19,1.74
2016.09.19 21:43:40.291,1.03928,1.03966,1.19,1.00
2016.09.19 21:43:40.342,1.03927,1.03966,1.87,1.33
2016.09.19 21:43:40.393,1.03927,1.03966,1.69,1.33
2016.09.19 21:43:41.210,1.03927,1.03966,1.19,1.74
2016.09.19 21:43:41.261,1.03923,1.03963,1.44,1.00
2016.09.19 21:43:41.363,1.03923,1.03963,1.19,1.00
2016.09.19 21:43:41.972,1.03923,1.03961,1.00,1.00
2016.09.19 21:43:42.067,1.0391,1.0395,1.37,1.33
2016.09.19 21:43:42.394,1.0391,1.03947,1.19,1.00
2016.09.19 21:43:43.223,1.03908,1.03947,2.25,1.00
2016.09.19 21:43:43.274,1.03908,1.03947,1.69,1.00
2016.09.19 21:43:43.326,1.0391,1.03949,1.19,1.00
2016.09.19 21:43:43.428,1.03911,1.03949,1.19,1.00
2016.09.19 21:43:43.854,1.03914,1.03949,1.19,1.00
2016.09.19 21:43:43.958,1.03916,1.03955,1.19,1.00
2016.09.19 21:43:45.846,1.03917,1.03955,1.19,1.00
2016.09.19 21:43:46.123,1.03928,1.03955,1.00,1.00
2016.09.19 21:43:46.174,1.03928,1.03962,1.19,1.00
2016.09.19 21:43:46.226,1.03923,1.03962,1.75,1.00
2016.09.19 21:43:46.434,1.03923,1.03962,1.50,1.00
2016.09.19 21:43:47.343,1.03923,1.03962,1.19,1.25
2016.09.19 21:43:47.568,1.03924,1.03962,1.75,1.25
2016.09.19 21:43:49.068,1.03925,1.03962,1.50,1.25
2016.09.19 21:43:49.956,1.03923,1.03962,1.50,1.25
2016.09.19 21:43:53.511,1.0392,1.03962,1.24,1.19
2016.09.19 21:43:53.563,1.03918,1.03963,1.24,1.69
2016.09.19 21:43:54.838,1.0392,1.03963,1.24,1.69
2016.09.19 21:43:55.111,1.0392,1.03963,1.24,1.19
2016.09.19 21:43:56.125,1.0392,1.03965,1.24,2.25
2016.09.19 21:43:58.471,1.03921,1.03964,1.24,1.19
2016.09.19 21:43:58.523,1.03922,1.03962,1.24,1.00
2016.09.19 21:43:59.590,1.0392,1.03964,1.24,1.19
2016.09.19 21:44:00.472,1.03918,1.03964,1.49,1.25
2016.09.19 21:44:00.654,1.03918,1.03964,1.25,1.19
2016.09.19 21:44:00.741,1.03919,1.0396,1.19,1.00
2016.09.19 21:44:00.792,1.03916,1.03962,1.43,1.00
2016.09.19 21:44:01.682,1.03915,1.03963,1.43,1.25
2016.09.19 21:44:01.785,1.03915,1.03963,1.19,1.19
2016.09.19 21:44:01.837,1.03915,1.03961,1.19,1.25
2016.09.19 21:44:01.889,1.03911,1.03959,1.19,1.25
2016.09.19 21:44:03.165,1.03911,1.03959,1.19,1.00
2016.09.19 21:44:03.283,1.03911,1.03959,1.31,1.00
2016.09.19 21:44:05.972,1.03911,1.03955,1.31,1.19
2016.09.19 21:44:06.024,1.03911,1.03954,1.31,1.25
2016.09.19 21:44:06.075,1.03911,1.03954,1.19,1.69
2016.09.19 21:44:06.127,1.03906,1.03951,1.56,1.00
2016.09.19 21:44:07.274,1.03906,1.03951,1.56,1.25
2016.09.19 21:44:09.461,1.03906,1.03951,1.56,1.00
2016.09.19 21:44:11.078,1.03906,1.03951,1.31,1.00
2016.09.19 21:44:11.384,1.03909,1.03952,1.19,1.69
2016.09.19 21:44:12.424,1.03907,1.0395,1.19,1.00
2016.09.19 21:44:12.475,1.03907,1.03944,1.19,1.19
2016.09.19 21:44:12.722,1.03901,1.03944,1.19,1.19
2016.09.19 21:44:12.773,1.03896,1.0394,1.19,1.75
2016.09.19 21:44:12.824,1.03897,1.03938,1.19,1.19
2016.09.19 21:44:12.927,1.03893,1.03937,1.19,1.19
2016.09.19 21:44:12.978,1.03893,1.03934,1.19,1.50
2016.09.19 21:44:13.505,1.03892,1.03933,1.19,1.50
2016.09.19 21:44:14.261,1.03892,1.03931,1.00,1.50
2016.09.19 21:44:14.384,1.03891,1.03931,1.00,2.25
2016.09.19 21:44:15.145,1.03891,1.03931,1.00,1.50
2016.09.19 21:44:15.197,1.03891,1.03931,1.00,1.25
2016.09.19 21:44:16.459,1.03891,1.03931,1.00,1.00
2016.09.19 21:44:17.969,1.03891,1.03931,1.00,1.25
2016.09.19 21:44:18.020,1.03886,1.03932,1.31,1.19
2016.09.19 21:44:18.071,1.03886,1.03932,1.19,1.19
2016.09.19 21:44:18.878,1.03887,1.03932,3.86,1.00
2016.09.19 21:44:20.107,1.03887,1.03932,1.19,1.00
2016.09.19 21:44:21.301,1.03886,1.03932,4.61,1.00
2016.09.19 21:44:21.499,1.03886,1.03937,3.86,1.00
2016.09.19 21:44:21.652,1.03887,1.03937,1.19,1.00
2016.09.19 21:44:21.703,1.03887,1.03937,1.43,1.00
2016.09.19 21:44:22.223,1.03888,1.03937,1.43,1.00
2016.09.19 21:44:23.790,1.03886,1.03937,1.43,1.00
2016.09.19 21:44:26.257,1.03887,1.03937,1.43,1.00
2016.09.19 21:44:26.537,1.03891,1.03937,1.24,1.00
2016.09.19 21:44:26.669,1.03891,1.03937,1.43,1.00
2016.09.19 21:44:27.341,1.03892,1.03937,1.43,1.00
2016.09.19 21:44:27.956,1.03893,1.03937,1.49,1.00
2016.09.19 21:44:28.007,1.03893,1.03937,1.43,1.00
2016.09.19 21:44:28.210,1.03894,1.03939,3.81,1.00
2016.09.19 21:44:28.262,1.03903,1.03944,1.00,1.00
2016.09.19 21:44:28.313,1.03903,1.03944,1.24,1.00
2016.09.19 21:44:28.466,1.03903,1.03944,1.43,1.00
2016.09.19 21:44:29.286,1.03904,1.03944,3.43,1.00
2016.09.19 21:44:29.480,1.03909,1.03944,1.24,1.00
2016.09.19 21:44:29.533,1.03909,1.03955,1.43,1.00
2016.09.19 21:44:30.389,1.03907,1.03955,1.43,1.00
2016.09.19 21:44:30.491,1.03909,1.03955,1.43,1.00
2016.09.19 21:44:30.983,1.03912,1.03955,1.11,1.00
2016.09.19 21:44:31.085,1.03912,1.03954,1.61,1.00
2016.09.19 21:44:31.594,1.0391,1.03954,1.61,1.00
2016.09.19 21:44:31.696,1.03908,1.03954,2.36,1.00
2016.09.19 21:44:32.804,1.0391,1.03954,1.42,1.00
2016.09.19 21:44:33.065,1.03921,1.03954,1.00,1.00
2016.09.19 21:44:33.116,1.03921,1.03954,1.11,1.00
2016.09.19 21:44:33.293,1.03911,1.03954,1.42,1.00
2016.09.19 21:44:34.596,1.0391,1.03954,1.11,1.00
2016.09.19 21:44:35.071,1.03913,1.03954,1.00,1.00
2016.09.19 21:44:35.122,1.03913,1.03954,1.67,1.00
2016.09.19 21:44:35.174,1.03914,1.03954,1.42,1.00
2016.09.19 21:44:35.818,1.03914,1.03954,1.67,1.00
2016.09.19 21:44:36.820,1.03915,1.03954,1.42,1.00
2016.09.19 21:44:37.434,1.03915,1.03955,1.42,1.00
2016.09.19 21:44:38.294,1.03916,1.03955,1.42,1.00
2016.09.19 21:44:40.318,1.03915,1.03955,1.67,1.00
2016.09.19 21:44:40.785,1.03912,1.03951,1.25,1.00
2016.09.19 21:44:40.882,1.03908,1.03947,1.61,1.00
2016.09.19 21:44:41.087,1.03906,1.03947,1.11,1.00
2016.09.19 21:44:41.697,1.03906,1.03947,1.50,1.00
2016.09.19 21:44:42.425,1.03908,1.03947,1.19,1.00
2016.09.19 21:44:43.577,1.03906,1.03947,1.75,1.00
2016.09.19 21:44:43.628,1.03906,1.03947,1.19,1.00
2016.09.19 21:44:44.934,1.03906,1.03947,1.50,1.00
2016.09.19 21:44:46.419,1.03907,1.03947,1.50,1.00
2016.09.19 21:44:47.036,1.03906,1.03947,1.19,1.00
2016.09.19 21:44:48.082,1.03907,1.03947,1.25,1.00
2016.09.19 21:44:48.133,1.03907,1.03947,1.19,1.00
2016.09.19 21:44:49.383,1.03908,1.03947,1.19,1.00
2016.09.19 21:44:49.610,1.03905,1.03947,1.69,1.00
2016.09.19 21:44:49.661,1.03905,1.03945,1.69,1.00
2016.09.19 21:44:50.206,1.03905,1.03944,1.69,1.00
2016.09.19 21:44:51.886,1.03905,1.03944,1.19,1.00
2016.09.19 21:44:51.937,1.03904,1.03944,1.69,1.00
2016.09.19 21:44:53.132,1.03905,1.03944,1.44,1.00
2016.09.19 21:44:57.193,1.03903,1.03944,1.69,1.00
2016.09.19 21:44:57.244,1.03903,1.03944,1.37,1.00
2016.09.19 21:44:59.693,1.03904,1.03944,1.37,1.00
2016.09.19 21:45:00.305,1.03905,1.03942,1.44,1.00
2016.09.19 21:45:00.494,1.03903,1.03942,1.69,1.00
2016.09.19 21:45:00.800,1.03902,1.03942,1.94,1.00
2016.09.19 21:45:00.852,1.03905,1.03945,1.44,1.00
2016.09.19 21:45:01.217,1.03905,1.03945,2.44,1.00
2016.09.19 21:45:01.767,1.03905,1.03945,2.25,1.00
2016.09.19 21:45:02.023,1.03905,1.03942,1.19,1.00
2016.09.19 21:45:02.952,1.03904,1.03942,1.19,1.00
2016.09.19 21:45:03.211,1.03903,1.03942,1.44,1.00
2016.09.19 21:45:03.530,1.03904,1.03942,1.19,1.00
2016.09.19 21:45:03.734,1.03903,1.03942,1.44,1.00
2016.09.19 21:45:06.041,1.03904,1.03941,1.19,1.00
2016.09.19 21:45:06.240,1.03904,1.0395,1.19,1.19
2016.09.19 21:45:06.503,1.03904,1.03942,1.19,1.00
2016.09.19 21:45:06.606,1.03904,1.03944,1.69,1.00
2016.09.19 21:45:07.404,1.03904,1.03944,1.19,1.00
2016.09.19 21:45:07.716,1.03904,1.03944,1.69,1.00
2016.09.19 21:45:07.805,1.03904,1.03944,1.19,1.00
2016.09.19 21:45:07.907,1.03904,1.03944,1.69,1.00
2016.09.19 21:45:08.156,1.03904,1.03941,1.19,1.00
2016.09.19 21:45:08.906,1.03903,1.03941,1.44,1.00
2016.09.19 21:45:09.161,1.03903,1.03943,1.87,1.00
2016.09.19 21:45:09.455,1.03904,1.03941,1.50,1.00
2016.09.19 21:45:09.736,1.03904,1.03944,1.50,1.00
2016.09.19 21:45:09.907,1.03903,1.03944,2.00,1.00
2016.09.19 21:45:09.958,1.03903,1.03944,1.69,1.00
2016.09.19 21:45:10.339,1.03903,1.03942,1.69,1.00
2016.09.19 21:45:10.743,1.03903,1.03942,1.44,1.00
2016.09.19 21:45:11.142,1.03902,1.03942,1.69,1.00
2016.09.19 21:45:11.716,1.03903,1.03942,1.69,1.00
2016.09.19 21:45:12.129,1.03904,1.03942,1.19,1.00
2016.09.19 21:45:12.333,1.03904,1.03944,1.19,1.00
2016.09.19 21:45:12.756,1.03903,1.03944,1.69,1.00
2016.09.19 21:45:12.807,1.03903,1.03942,1.69,1.00
2016.09.19 21:45:13.011,1.03905,1.03942,1.19,1.00
2016.09.19 21:45:13.113,1.03905,1.03942,1.37,1.00
2016.09.19 21:45:14.951,1.03904,1.03942,1.37,1.00
2016.09.19 21:45:16.915,1.03905,1.03942,1.37,1.00
2016.09.19 21:45:17.726,1.03904,1.03942,1.37,1.00
2016.09.19 21:45:18.239,1.03904,1.0394,1.37,1.00
2016.09.19 21:45:18.767,1.03905,1.0394,1.37,1.00
2016.09.19 21:45:19.168,1.03905,1.03943,1.37,1.00
2016.09.19 21:45:19.718,1.03902,1.03943,1.94,1.00
2016.09.19 21:45:19.769,1.03902,1.03943,1.37,1.00
2016.09.19 21:45:20.394,1.03905,1.03943,1.19,1.00
2016.09.19 21:45:20.446,1.03905,1.03943,1.37,1.00
2016.09.19 21:45:22.522,1.03905,1.03939,1.37,1.00
2016.09.19 21:45:23.622,1.03904,1.03939,1.37,1.00
2016.09.19 21:45:24.044,1.03904,1.03939,1.69,1.00
2016.09.19 21:45:24.589,1.03904,1.03942,1.69,1.00
2016.09.19 21:45:24.742,1.03905,1.03942,1.37,1.00
2016.09.19 21:45:24.947,1.03903,1.03942,1.19,1.00
2016.09.19 21:45:25.050,1.039,1.03941,1.87,1.00
2016.09.19 21:45:25.670,1.03901,1.03941,1.37,1.00
2016.09.19 21:45:25.721,1.03903,1.03941,1.75,1.00
2016.09.19 21:45:25.772,1.03914,1.03943,1.69,1.00
2016.09.19 21:45:25.874,1.03915,1.03954,1.37,1.00
2016.09.19 21:45:26.028,1.03918,1.03954,1.37,1.00
2016.09.19 21:45:26.655,1.03917,1.03955,1.37,1.00
2016.09.19 21:45:26.862,1.03917,1.03955,1.44,1.00
2016.09.19 21:45:26.964,1.03916,1.03955,1.37,1.00
2016.09.19 21:45:27.060,1.03916,1.03955,1.19,1.25
2016.09.19 21:45:27.112,1.03912,1.03952,1.37,1.00
2016.09.19 21:45:27.163,1.03912,1.03952,1.87,1.00
2016.09.19 21:45:27.367,1.03912,1.03952,1.19,1.00
2016.09.19 21:45:27.418,1.0391,1.0395,1.37,1.00
2016.09.19 21:45:27.648,1.0391,1.0395,1.44,1.00
2016.09.19 21:45:28.350,1.0391,1.0395,1.25,1.19
2016.09.19 21:45:28.459,1.03906,1.03948,1.37,1.00
2016.09.19 21:45:31.782,1.03906,1.03948,1.94,1.00
2016.09.19 21:45:31.977,1.03909,1.0395,1.37,1.00
2016.09.19 21:45:32.029,1.03909,1.0395,1.44,1.00
2016.09.19 21:45:32.965,1.03909,1.0395,1.37,1.00
2016.09.19 21:45:33.742,1.03912,1.03952,1.37,1.00
2016.09.19 21:45:34.353,1.0391,1.0395,1.37,1.00
2016.09.19 21:45:35.101,1.03932,1.0395,1.00,1.00
2016.09.19 21:45:35.153,1.03932,1.03957,1.00,1.00
2016.09.19 21:45:35.204,1.03934,1.03963,1.00,1.00
2016.09.19 21:45:36.446,1.03938,1.03963,1.00,1.00
2016.09.19 21:45:36.828,1.03936,1.03963,1.00,1.00
2016.09.19 21:45:37.255,1.03936,1.03964,1.00,1.00
2016.09.19 21:45:37.307,1.03925,1.03967,1.25,1.19
2016.09.19 21:45:37.507,1.03925,1.03967,1.00,1.19
2016.09.19 21:45:37.616,1.03915,1.03956,1.87,1.00
2016.09.19 21:45:37.667,1.03915,1.03956,1.44,1.00
2016.09.19 21:45:37.769,1.03915,1.03956,1.19,1.00
2016.09.19 21:45:38.390,1.03913,1.03953,1.44,1.00
2016.09.19 21:45:40.733,1.03913,1.03953,1.25,1.00
2016.09.19 21:45:40.835,1.03913,1.03953,1.44,1.00
2016.09.19 21:45:41.109,1.03911,1.03951,1.37,1.00
2016.09.19 21:45:42.950,1.03911,1.03951,1.44,1.00
2016.09.19 21:45:43.486,1.03911,1.03951,1.37,1.00
2016.09.19 21:45:43.810,1.03911,1.03951,1.37,1.00
2016.09.19 21:45:43.861,1.03912,1.03951,1.37,1.00
2016.09.19 21:45:43.962,1.03911,1.03951,1.19,1.00
2016.09.19 21:45:45.246,1.03909,1.03948,1.37,1.00
2016.09.19 21:45:45.755,1.03908,1.03948,1.87,1.00
2016.09.19 21:45:45.807,1.03908,1.03948,1.87,1.00
2016.09.19 21:45:45.862,1.03908,1.03948,1.37,1.00
2016.09.19 21:45:46.464,1.03909,1.03948,1.37,1.00
2016.09.19 21:45:46.735,1.03908,1.03948,1.44,1.00
2016.09.19 21:45:46.786,1.03908,1.03948,1.37,1.00
2016.09.19 21:45:47.656,1.03911,1.03948,1.37,1.00
2016.09.19 21:45:47.758,1.03913,1.03948,1.44,1.00
2016.09.19 21:45:47.860,1.0391,1.03951,1.37,1.00
2016.09.19 21:45:49.080,1.03908,1.03947,1.37,1.00
2016.09.19 21:45:49.757,1.03908,1.03947,1.19,1.00
2016.09.19 21:45:50.119,1.03905,1.03955,1.37,2.49
2016.09.19 21:45:50.478,1.03905,1.03955,1.37,1.74
2016.09.19 21:45:50.529,1.03905,1.03955,1.37,1.74
2016.09.19 21:45:50.580,1.03909,1.03955,1.37,1.00
2016.09.19 21:45:50.632,1.0392,1.03958,1.00,2.31
2016.09.19 21:45:50.683,1.0392,1.03955,1.00,1.00
2016.09.19 21:45:50.785,1.0392,1.03958,1.00,1.00
2016.09.19 21:45:50.938,1.03919,1.0396,1.19,1.00
2016.09.19 21:45:52.855,1.03919,1.0396,1.19,1.12
2016.09.19 21:45:53.202,1.03921,1.03962,1.25,1.87
2016.09.19 21:45:53.254,1.03921,1.0396,1.12,1.12
2016.09.19 21:45:53.305,1.03921,1.0396,1.12,1.00
2016.09.19 21:45:53.356,1.03924,1.03961,1.00,1.00
2016.09.19 21:45:53.509,1.03924,1.03961,1.50,1.00
2016.09.19 21:45:53.560,1.03924,1.03963,1.00,1.00
2016.09.19 21:45:53.611,1.03924,1.03963,1.25,1.00
2016.09.19 21:45:53.720,1.03924,1.03963,1.00,1.00
2016.09.19 21:45:53.790,1.03924,1.03963,1.25,1.00
2016.09.19 21:45:54.546,1.03924,1.03963,1.25,1.50
2016.09.19 21:45:54.847,1.03924,1.03961,1.25,1.00
2016.09.19 21:45:55.542,1.03924,1.03963,1.25,1.00
2016.09.19 21:45:55.593,1.03924,1.03963,1.19,1.00
2016.09.19 21:45:55.984,1.03924,1.03963,1.19,1.50
2016.09.19 21:45:56.544,1.03924,1.03963,1.19,1.00
2016.09.19 21:45:56.886,1.03924,1.03963,1.19,1.19
2016.09.19 21:45:59.677,1.03924,1.03962,1.19,1.25
2016.09.19 21:45:59.982,1.03924,1.03963,1.19,1.19
2016.09.19 21:46:00.230,1.03924,1.03963,1.19,1.25
2016.09.19 21:46:00.384,1.03924,1.03962,1.19,1.19
2016.09.19 21:46:00.486,1.0394,1.03963,1.00,1.25
2016.09.19 21:46:00.537,1.0394,1.03964,1.00,1.19
2016.09.19 21:46:00.589,1.0394,1.03964,1.00,1.00
2016.09.19 21:46:02.278,1.03931,1.03967,1.00,2.62
2016.09.19 21:46:02.329,1.03931,1.03966,1.00,1.19
2016.09.19 21:46:02.381,1.03927,1.03961,1.00,1.50
2016.09.19 21:46:02.432,1.03924,1.03961,1.25,1.50
2016.09.19 21:46:02.483,1.03925,1.03963,1.00,1.75
2016.09.19 21:46:02.586,1.03924,1.03962,1.00,1.50
2016.09.19 21:46:03.669,1.03924,1.03961,1.00,1.50
2016.09.19 21:46:05.679,1.03924,1.03964,1.19,1.19
2016.09.19 21:46:05.730,1.03923,1.03963,1.19,1.25
2016.09.19 21:46:05.990,1.03927,1.03963,1.19,1.50
2016.09.19 21:46:06.673,1.03926,1.03963,1.19,1.50
2016.09.19 21:46:07.159,1.03926,1.03963,1.19,1.00
2016.09.19 21:46:07.210,1.03928,1.03963,1.19,1.00
2016.09.19 21:46:13.211,1.03928,1.03963,1.19,1.00
2016.09.19 21:46:13.313,1.0393,1.03962,1.19,1.00
2016.09.19 21:46:13.415,1.03927,1.03963,1.19,1.00
2016.09.19 21:46:13.626,1.03931,1.03963,1.19,1.00
2016.09.19 21:46:14.406,1.03929,1.03964,1.19,1.25
2016.09.19 21:46:18.494,1.03931,1.03963,1.00,1.00
2016.09.19 21:46:21.215,1.03927,1.03967,1.19,1.37
2016.09.19 21:46:21.317,1.03927,1.03962,1.00,1.19
2016.09.19 21:46:21.522,1.03925,1.03962,1.00,1.19
2016.09.19 21:46:21.730,1.03925,1.03962,1.00,1.37
2016.09.19 21:46:24.031,1.03925,1.03963,1.00,1.69
2016.09.19 21:46:25.604,1.03925,1.03963,1.69,1.19
2016.09.19 21:46:25.706,1.03925,1.03963,1.69,1.00
2016.09.19 21:46:25.809,1.03928,1.03964,1.19,1.25
2016.09.19 21:46:26.040,1.03925,1.03964,1.19,1.25
2016.09.19 21:46:26.207,1.03928,1.03964,1.19,1.25
2016.09.19 21:46:26.411,1.03925,1.03963,1.69,1.00
2016.09.19 21:46:27.231,1.03925,1.03964,1.19,1.25
2016.09.19 21:46:27.540,1.0393,1.03963,1.19,1.00
2016.09.19 21:46:27.845,1.03925,1.03963,1.69,1.00
2016.09.19 21:46:28.354,1.03933,1.03958,1.00,1.00
2016.09.19 21:46:31.845,1.03933,1.03959,1.00,1.00
2016.09.19 21:46:32.548,1.03933,1.03958,1.00,1.00
2016.09.19 21:46:34.167,1.03925,1.03963,2.06,1.31
2016.09.19 21:46:34.219,1.03928,1.03963,1.19,1.00
2016.09.19 21:46:34.423,1.03927,1.03965,1.19,1.19
2016.09.19 21:46:34.474,1.03928,1.03967,1.19,2.44
2016.09.19 21:46:34.526,1.03931,1.03967,1.00,1.25
2016.09.19 21:46:34.629,1.03933,1.03972,1.00,3.19
2016.09.19 21:46:35.081,1.03933,1.03972,1.19,1.69
2016.09.19 21:46:36.114,1.03933,1.03972,1.19,2.44
2016.09.19 21:46:37.623,1.03933,1.03972,1.19,1.69
2016.09.19 21:46:39.337,1.03933,1.03969,1.19,1.19
2016.09.19 21:46:39.414,1.03933,1.03972,1.19,2.25
2016.09.19 21:46:39.541,1.03933,1.0397,1.19,1.19
2016.09.19 21:46:39.923,1.03933,1.03972,1.19,1.87
2016.09.19 21:46:40.026,1.03933,1.03972,1.19,1.37
2016.09.19 21:46:40.130,1.03933,1.03972,1.19,1.25
2016.09.19 21:46:40.328,1.03933,1.03972,1.25,1.19
2016.09.19 21:46:41.200,1.03933,1.03972,1.00,1.19
2016.09.19 21:46:42.302,1.03933,1.03963,1.00,1.00
2016.09.19 21:46:42.405,1.03922,1.03962,1.87,1.00
2016.09.19 21:46:43.045,1.03922,1.03962,1.37,1.00
2016.09.19 21:46:43.249,1.03923,1.03962,1.37,1.50
2016.09.19 21:46:43.301,1.03923,1.03962,1.44,1.50
2016.09.19 21:46:43.352,1.03922,1.03962,1.87,1.00
2016.09.19 21:46:43.969,1.03922,1.03962,1.37,1.00
2016.09.19 21:46:44.534,1.03922,1.03962,1.37,1.50
2016.09.19 21:46:44.861,1.03922,1.03962,1.37,1.00
2016.09.19 21:46:45.444,1.03922,1.03962,1.37,1.50
2016.09.19 21:46:45.536,1.03922,1.03961,1.37,1.00
2016.09.19 21:46:46.037,1.03922,1.03962,1.37,1.50
2016.09.19 21:46:46.353,1.03922,1.03962,1.37,1.00
2016.09.19 21:46:47.038,1.03922,1.03962,1.37,1.50
2016.09.19 21:46:47.338,1.03922,1.03961,1.37,1.00
2016.09.19 21:46:48.039,1.03922,1.03962,1.37,1.50
2016.09.19 21:46:48.141,1.03922,1.03962,1.37,1.00
2016.09.19 21:46:48.518,1.03922,1.0396,1.19,1.19
2016.09.19 21:46:48.621,1.03922,1.03961,1.19,1.75
2016.09.19 21:46:48.724,1.03922,1.03957,1.19,1.50
2016.09.19 21:46:48.775,1.03917,1.03957,1.19,2.25
2016.09.19 21:46:48.826,1.03917,1.03957,1.37,1.00
2016.09.19 21:46:48.928,1.03917,1.03954,1.25,1.75
2016.09.19 21:46:49.031,1.03917,1.03953,1.25,1.19
2016.09.19 21:46:49.133,1.03912,1.03953,1.19,1.69
2016.09.19 21:46:50.063,1.03912,1.03953,1.19,1.19
2016.09.19 21:46:51.017,1.03912,1.03953,1.19,1.69
2016.09.19 21:46:51.119,1.03916,1.03953,1.00,1.19
2016.09.19 21:46:51.595,1.03916,1.03953,1.19,1.19
2016.09.19 21:46:51.647,1.03916,1.03955,1.19,1.19
2016.09.19 21:46:51.698,1.03913,1.03955,1.19,1.69
2016.09.19 21:46:51.749,1.03913,1.03954,1.19,1.19
2016.09.19 21:46:52.600,1.03917,1.03954,1.19,1.19
2016.09.19 21:46:52.652,1.03917,1.03955,1.19,1.50
2016.09.19 21:46:52.754,1.03913,1.03955,1.19,2.25
2016.09.19 21:46:53.620,1.03913,1.03954,1.19,1.19
2016.09.19 21:46:53.847,1.03913,1.03955,1.19,2.25
2016.09.19 21:46:53.916,1.03917,1.03955,1.19,1.50
2016.09.19 21:46:53.968,1.03917,1.03954,1.19,1.19
2016.09.19 21:46:54.223,1.03913,1.03954,1.19,1.19
2016.09.19 21:46:54.594,1.03916,1.03956,1.19,1.69
2016.09.19 21:46:54.932,1.03916,1.03955,1.19,1.19
2016.09.19 21:46:55.558,1.03919,1.03956,1.25,1.00
2016.09.19 21:46:55.609,1.03919,1.03959,1.62,1.19
2016.09.19 21:46:55.661,1.03924,1.03963,1.12,1.00
2016.09.19 21:46:55.763,1.03923,1.03963,1.87,1.00
2016.09.19 21:46:55.814,1.03929,1.03969,1.00,1.19
2016.09.19 21:46:56.081,1.03929,1.03968,1.25,1.19
2016.09.19 21:46:56.612,1.03929,1.03969,1.25,1.19
2016.09.19 21:46:56.663,1.03929,1.0397,1.25,1.69
2016.09.19 21:46:57.571,1.03929,1.0397,1.25,1.19
2016.09.19 21:46:59.327,1.03929,1.03969,1.25,1.25
2016.09.19 21:46:59.378,1.03929,1.03969,1.25,1.19
2016.09.19 21:46:59.527,1.03929,1.0397,1.25,1.69
2016.09.19 21:46:59.840,1.03929,1.03969,1.25,1.19
2016.09.19 21:47:00.146,1.03929,1.03969,1.19,1.44
2016.09.19 21:47:00.498,1.03931,1.03973,1.00,1.37
2016.09.19 21:47:03.331,1.03931,1.0397,1.00,1.19
2016.09.19 21:47:03.382,1.03931,1.0397,1.00,1.37
2016.09.19 21:47:03.433,1.03931,1.03965,1.00,1.19
2016.09.19 21:47:03.485,1.03929,1.03963,1.00,1.25
2016.09.19 21:47:03.536,1.03926,1.03961,1.19,1.19
2016.09.19 21:47:03.638,1.03924,1.03961,1.19,1.19
2016.09.19 21:47:03.898,1.03921,1.03961,1.69,1.69
2016.09.19 21:47:03.950,1.03921,1.03961,1.87,1.25
2016.09.19 21:47:04.108,1.03921,1.03961,1.44,1.25
2016.09.19 21:47:04.160,1.03922,1.03959,1.19,1.19
2016.09.19 21:47:05.066,1.03922,1.03959,1.69,1.19
2016.09.19 21:47:05.338,1.03922,1.03961,1.69,2.25
2016.09.19 21:47:05.534,1.03922,1.0396,1.69,1.19
2016.09.19 21:47:05.636,1.03922,1.0396,1.19,1.19
2016.09.19 21:47:06.153,1.03922,1.03959,1.19,1.19
2016.09.19 21:47:06.702,1.03922,1.0396,1.19,1.19
2016.09.19 21:47:07.341,1.03921,1.03961,1.44,1.00
2016.09.19 21:47:07.774,1.03925,1.03964,1.19,1.25
2016.09.19 21:47:07.826,1.03927,1.03968,1.19,1.19
2016.09.19 21:47:08.682,1.03927,1.03968,1.19,1.19
2016.09.19 21:47:09.068,1.03927,1.03968,1.19,1.69
2016.09.19 21:47:09.120,1.03931,1.03968,1.00,1.19
2016.09.19 21:47:09.172,1.03931,1.0397,1.00,1.69
2016.09.19 21:47:09.413,1.03928,1.03968,1.25,1.25
2016.09.19 21:47:09.681,1.0393,1.0397,1.00,1.69
2016.09.19 21:47:10.552,1.0393,1.0397,1.00,1.19
2016.09.19 21:47:10.654,1.0393,1.0397,1.00,1.69
2016.09.19 21:47:10.757,1.0393,1.0397,1.00,1.19
2016.09.19 21:47:11.480,1.03932,1.0397,1.00,1.19
2016.09.19 21:47:12.362,1.03931,1.0397,1.00,1.69
2016.09.19 21:47:12.976,1.03931,1.0397,1.00,1.19
2016.09.19 21:47:13.155,1.03931,1.0397,1.00,1.69
2016.09.19 21:47:13.359,1.0393,1.0397,1.00,1.69
2016.09.19 21:47:13.464,1.0393,1.0397,1.00,1.19
2016.09.19 21:47:13.668,1.03928,1.03968,1.19,1.25
2016.09.19 21:47:13.807,1.03928,1.03968,1.25,1.25
2016.09.19 21:47:18.366,1.03932,1.03968,1.00,1.25
2016.09.19 21:47:18.774,1.03932,1.0397,1.00,1.19
2016.09.19 21:47:19.210,1.03932,1.03968,1.00,1.25
2016.09.19 21:47:20.174,1.03932,1.03968,1.25,1.25
2016.09.19 21:47:20.386,1.03932,1.03968,1.00,1.25
2016.09.19 21:47:26.106,1.03932,1.0397,1.00,1.19
2016.09.19 21:47:26.208,1.03933,1.03973,1.00,1.75
2016.09.19 21:47:26.728,1.03933,1.03971,1.00,1.19
2016.09.19 21:47:27.024,1.03932,1.03971,1.00,1.69
2016.09.19 21:47:27.126,1.03933,1.03971,1.00,1.19
2016.09.19 21:47:27.514,1.03932,1.03971,1.00,1.69
2016.09.19 21:47:27.565,1.03932,1.03971,1.00,1.19
2016.09.19 21:47:27.966,1.03933,1.03973,1.19,1.50
2016.09.19 21:47:28.017,1.03932,1.03971,1.19,1.19
2016.09.19 21:47:28.068,1.03932,1.03971,1.00,1.19
2016.09.19 21:47:28.171,1.03932,1.03971,1.50,1.19
2016.09.19 21:47:28.384,1.03935,1.03973,1.00,1.50
2016.09.19 21:47:28.436,1.03935,1.03972,1.00,1.19
2016.09.19 21:47:28.590,1.03932,1.03971,1.00,1.19
2016.09.19 21:47:28.845,1.03932,1.03971,1.19,1.19
2016.09.19 21:47:28.896,1.03932,1.03969,1.19,1.00
2016.09.19 21:47:29.049,1.03932,1.03969,1.00,1.25
2016.09.19 21:47:29.359,1.03933,1.03973,1.00,2.25
2016.09.19 21:47:29.654,1.03933,1.03972,1.00,1.50
2016.09.19 21:47:30.232,1.03932,1.03971,1.00,1.50
2016.09.19 21:47:30.334,1.03932,1.03972,1.00,2.25
2016.09.19 21:47:30.487,1.03933,1.03972,1.00,1.75
2016.09.19 21:47:30.538,1.03933,1.03971,1.00,1.50
2016.09.19 21:47:30.589,1.03932,1.03971,1.50,2.25
2016.09.19 21:47:30.793,1.03932,1.03969,1.00,1.19
2016.09.19 21:47:30.896,1.03933,1.03971,1.00,1.50
2016.09.19 21:47:31.233,1.03932,1.03972,1.00,2.25
2016.09.19 21:47:31.534,1.03932,1.03971,1.00,1.50
2016.09.19 21:47:31.876,1.03932,1.03968,1.00,1.25
2016.09.19 21:47:32.028,1.03932,1.03972,1.00,2.25
2016.09.19 21:47:32.080,1.03932,1.03971,1.00,1.50
2016.09.19 21:47:32.182,1.03932,1.0397,1.00,1.19
2016.09.19 21:47:32.297,1.03932,1.03972,1.00,2.25
2016.09.19 21:47:32.937,1.03933,1.03972,1.00,1.75
2016.09.19 21:47:32.988,1.03932,1.03972,1.00,2.25
2016.09.19 21:47:33.141,1.03932,1.03969,1.00,1.19
2016.09.19 21:47:34.276,1.03932,1.03969,1.00,1.25
2016.09.19 21:47:35.347,1.03932,1.03969,1.00,1.00
2016.09.19 21:47:36.631,1.03932,1.03972,1.50,1.19
2016.09.19 21:47:37.018,1.03932,1.03972,1.69,1.19
2016.09.19 21:47:37.279,1.03932,1.03969,1.19,1.00
2016.09.19 21:47:38.959,1.03932,1.03969,1.00,1.00
2016.09.19 21:47:40.086,1.03932,1.03969,1.19,1.00
2016.09.19 21:47:42.989,1.03937,1.03969,1.00,1.00
2016.09.19 21:47:43.143,1.03937,1.03972,1.00,1.19
2016.09.19 21:47:43.347,1.03937,1.0397,1.00,1.25
2016.09.19 21:47:46.162,1.03941,1.0397,1.00,1.25
2016.09.19 21:47:46.978,1.03941,1.0397,1.00,1.00
2016.09.19 21:47:48.260,1.03932,1.0397,1.19,1.00
2016.09.19 21:47:48.311,1.03932,1.0397,1.19,1.19
2016.09.19 21:47:48.413,1.03932,1.03971,1.69,1.19
2016.09.19 21:47:48.644,1.03932,1.03971,1.50,1.19
2016.09.19 21:47:48.695,1.03936,1.03971,1.00,1.19
2016.09.19 21:47:48.746,1.03936,1.03972,1.00,1.50
2016.09.19 21:47:48.797,1.03936,1.03971,1.00,1.19
2016.09.19 21:47:49.002,1.03936,1.03973,1.00,2.25
2016.09.19 21:47:49.398,1.03947,1.03973,1.00,2.25
2016.09.19 21:47:49.708,1.03937,1.03973,1.00,2.25
2016.09.19 21:47:49.900,1.03937,1.03972,1.00,1.19
2016.09.19 21:47:50.104,1.03932,1.03972,1.00,1.25
2016.09.19 21:47:50.207,1.03932,1.03973,1.25,1.69
2016.09.19 21:47:50.258,1.03932,1.03973,1.25,1.19
2016.09.19 21:47:50.309,1.03932,1.03973,1.00,1.19
2016.09.19 21:47:50.546,1.03935,1.03974,1.00,1.19
2016.09.19 21:47:51.058,1.03935,1.03973,1.00,1.19
2016.09.19 21:47:51.997,1.03935,1.03974,1.00,1.19
2016.09.19 21:47:53.060,1.03935,1.03975,1.00,1.87
2016.09.19 21:47:53.267,1.03937,1.03975,1.00,1.87
2016.09.19 21:47:53.867,1.03937,1.03973,1.00,1.25
2016.09.19 21:47:53.918,1.03937,1.03973,1.00,1.19
2016.09.19 21:47:54.411,1.03937,1.03974,1.00,1.50
2016.09.19 21:47:55.064,1.03937,1.03975,1.00,2.44
2016.09.19 21:47:55.115,1.03937,1.03975,1.00,1.87
2016.09.19 21:47:56.165,1.03937,1.03974,1.00,1.19
2016.09.19 21:47:56.404,1.03935,1.03974,1.00,1.19
2016.09.19 21:47:56.872,1.03935,1.03975,1.00,1.87
2016.09.19 21:47:57.324,1.03933,1.03972,1.25,1.00
2016.09.19 21:47:57.617,1.03933,1.03972,1.25,1.25
2016.09.19 21:48:00.945,1.03933,1.03972,1.00,1.25
2016.09.19 21:48:00.997,1.03933,1.0397,1.00,1.00
2016.09.19 21:48:01.048,1.03933,1.0397,1.00,1.19
2016.09.19 21:48:01.099,1.03933,1.03968,1.00,1.25
2016.09.19 21:48:01.183,1.03929,1.03968,1.19,1.19
2016.09.19 21:48:01.511,1.03929,1.03968,1.00,1.19
2016.09.19 21:48:02.016,1.03929,1.03969,1.00,1.50
2016.09.19 21:48:03.322,1.03929,1.03968,1.00,1.19
2016.09.19 21:48:04.097,1.03929,1.03969,1.00,1.50
2016.09.19 21:48:05.097,1.03929,1.03968,1.00,1.19
2016.09.19 21:48:06.119,1.03929,1.03969,1.00,1.50
2016.09.19 21:48:07.178,1.03929,1.03968,1.00,1.19
2016.09.19 21:48:07.489,1.03929,1.0397,1.00,1.50
2016.09.19 21:48:08.215,1.03929,1.03969,1.00,1.19
2016.09.19 21:48:08.720,1.03929,1.03969,1.00,1.50
2016.09.19 21:48:08.771,1.03929,1.03969,1.25,1.50
2016.09.19 21:48:08.823,1.03929,1.03968,1.25,1.19
2016.09.19 21:48:08.874,1.03929,1.03968,1.25,1.19
2016.09.19 21:48:08.983,1.03929,1.03969,1.25,1.50
2016.09.19 21:48:09.318,1.03929,1.03969,1.00,1.50
2016.09.19 21:48:09.369,1.03929,1.03969,1.00,1.50
2016.09.19 21:48:09.686,1.03929,1.03968,1.00,1.19
2016.09.19 21:48:09.788,1.03929,1.03969,1.00,1.50
2016.09.19 21:48:10.542,1.03929,1.03969,1.25,1.50
2016.09.19 21:48:10.798,1.03929,1.03968,1.25,1.19
2016.09.19 21:48:11.022,1.03926,1.03965,1.19,1.25
2016.09.19 21:48:11.330,1.03923,1.03962,2.06,1.00
2016.09.19 21:48:15.216,1.03923,1.03962,1.31,1.00
2016.09.19 21:48:15.267,1.03923,1.03962,1.19,1.00
2016.09.19 21:48:15.318,1.03924,1.03966,1.19,1.19
2016.09.19 21:48:15.421,1.03924,1.03966,1.69,1.19
2016.09.19 21:48:15.472,1.03924,1.03966,1.19,1.19
2016.09.19 21:48:15.524,1.0393,1.03968,1.25,1.50
2016.09.19 21:48:17.824,1.0393,1.03968,1.19,1.50
2016.09.19 21:48:18.008,1.0393,1.03968,1.25,1.50
2016.09.19 21:48:26.380,1.0393,1.03967,1.25,1.19
2016.09.19 21:48:27.244,1.0393,1.03966,1.25,1.19
2016.09.19 21:48:27.346,1.0393,1.03967,1.25,1.50
2016.09.19 21:48:28.007,1.0393,1.03966,1.25,1.19
2016.09.19 21:48:28.161,1.0393,1.03966,1.19,1.19
2016.09.19 21:48:28.573,1.0393,1.03965,1.19,1.50
2016.09.19 21:48:28.678,1.0393,1.03965,1.00,1.50
2016.09.19 21:48:28.781,1.03927,1.03965,1.19,1.50
2016.09.19 21:48:35.819,1.03927,1.03964,1.19,1.19
2016.09.19 21:48:36.442,1.03927,1.03966,1.19,1.50
2016.09.19 21:48:37.673,1.03927,1.03965,1.19,1.19
2016.09.19 21:48:37.969,1.03927,1.03965,1.69,1.19
2016.09.19 21:48:38.339,1.03927,1.03967,1.69,2.25
2016.09.19 21:48:38.934,1.03927,1.03967,1.19,2.25
2016.09.19 21:48:40.810,1.03927,1.03967,1.69,2.25
2016.09.19 21:48:41.257,1.03927,1.03967,1.19,2.25
2016.09.19 21:48:42.532,1.03927,1.03967,1.19,2.25
2016.09.19 21:48:43.871,1.03927,1.03967,1.19,2.25
2016.09.19 21:48:43.973,1.03927,1.03967,1.69,2.25
2016.09.19 21:48:44.264,1.03927,1.03967,1.19,2.25
2016.09.19 21:48:45.213,1.03927,1.03967,1.19,2.25
2016.09.19 21:48:45.550,1.03927,1.03967,1.19,2.25
2016.09.19 21:48:46.676,1.03927,1.03967,1.19,2.25
2016.09.19 21:48:47.104,1.03927,1.03967,1.19,2.25
2016.09.19 21:48:47.970,1.03927,1.03967,1.69,2.25
2016.09.19 21:48:48.200,1.03927,1.03967,1.19,2.25
2016.09.19 21:48:50.084,1.03927,1.03967,1.69,2.25
2016.09.19 21:48:51.294,1.03927,1.03967,1.69,1.69
2016.09.19 21:48:51.887,1.03927,1.03967,1.19,1.69
2016.09.19 21:48:52.878,1.03927,1.03967,1.69,1.69
2016.09.19 21:48:52.980,1.03927,1.03967,1.69,2.25
2016.09.19 21:48:53.133,1.03927,1.03967,1.19,2.25
2016.09.19 21:48:53.731,1.03928,1.03967,1.19,2.25
2016.09.19 21:48:53.884,1.03927,1.03967,1.19,2.25
2016.09.19 21:48:55.064,1.03924,1.03966,1.69,1.19
2016.09.19 21:48:55.166,1.0393,1.03966,1.00,1.19
2016.09.19 21:48:55.424,1.0393,1.03967,1.19,1.50
2016.09.19 21:48:55.628,1.0393,1.03967,1.25,1.50
2016.09.19 21:48:56.225,1.0393,1.03967,1.00,1.50
2016.09.19 21:48:56.710,1.0393,1.03967,1.19,1.50
2016.09.19 21:48:57.492,1.0393,1.03966,1.19,1.19
2016.09.19 21:48:57.661,1.0393,1.03967,1.19,1.50
2016.09.19 21:48:57.965,1.0393,1.03966,1.19,1.19
2016.09.19 21:48:58.267,1.0393,1.03966,1.25,1.19
2016.09.19 21:48:58.370,1.0393,1.03967,1.25,1.50
2016.09.19 21:48:58.523,1.0393,1.03967,1.00,1.50
2016.09.19 21:48:58.597,1.0393,1.03967,1.19,1.50
2016.09.19 21:48:58.955,1.0393,1.03967,1.00,1.50
2016.09.19 21:49:00.825,1.0393,1.03967,1.25,1.50
2016.09.19 21:49:00.908,1.0393,1.03967,1.19,1.50
2016.09.19 21:49:00.959,1.0393,1.03968,1.19,1.75
2016.09.19 21:49:01.061,1.0393,1.03967,1.19,1.50
2016.09.19 21:49:01.163,1.03929,1.03967,1.25,1.50
2016.09.19 21:49:02.197,1.03929,1.03968,1.25,1.75
2016.09.19 21:49:02.251,1.03929,1.03967,1.25,1.50
2016.09.19 21:49:02.353,1.03929,1.03967,1.19,1.50
2016.09.19 21:49:02.775,1.03929,1.03968,1.19,1.75
2016.09.19 21:49:03.294,1.03929,1.03967,1.19,1.50
2016.09.19 21:49:03.345,1.03929,1.03967,1.00,1.50
2016.09.19 21:49:03.447,1.03929,1.03967,1.19,1.50
2016.09.19 21:49:03.547,1.03929,1.03967,1.00,1.50
2016.09.19 21:49:04.154,1.03929,1.03966,1.00,1.19
2016.09.19 21:49:05.177,1.03929,1.03967,1.00,1.50
2016.09.19 21:49:05.279,1.03929,1.03966,1.00,1.19
2016.09.19 21:49:05.499,1.03929,1.03967,1.00,1.50
2016.09.19 21:49:06.257,1.03929,1.03966,1.00,1.19
2016.09.19 21:49:09.802,1.03929,1.03967,1.00,1.50
2016.09.19 21:49:12.082,1.03929,1.03967,1.00,1.19
2016.09.19 21:49:12.691,1.0393,1.03967,1.00,1.19
2016.09.19 21:49:12.958,1.0393,1.03968,1.00,1.50
2016.09.19 21:49:13.166,1.0393,1.03967,1.00,1.19
2016.09.19 21:49:13.494,1.0393,1.03968,1.00,1.50
2016.09.19 21:49:13.972,1.0393,1.03967,1.00,1.19
2016.09.19 21:49:14.023,1.03928,1.03967,1.00,1.19
2016.09.19 21:49:14.193,1.03928,1.03968,1.00,1.50
2016.09.19 21:49:16.003,1.03928,1.03967,1.00,1.19
2016.09.19 21:49:16.420,1.03928,1.03967,1.25,1.19
2016.09.19 21:49:17.622,1.03928,1.03967,1.69,1.19
2016.09.19 21:49:18.000,1.03928,1.03967,1.50,1.19
2016.09.19 21:49:18.379,1.03928,1.03967,1.69,1.19
2016.09.19 21:49:19.392,1.03931,1.03967,1.00,1.19
2016.09.19 21:49:19.444,1.03931,1.03967,2.62,1.19
2016.09.19 21:49:19.496,1.03931,1.03969,2.62,1.50
2016.09.19 21:49:19.650,1.03931,1.03969,2.06,1.50
2016.09.19 21:49:20.827,1.03931,1.03969,2.81,1.50
2016.09.19 21:49:20.878,1.03931,1.03973,2.81,1.00
2016.09.19 21:49:21.134,1.03931,1.03973,2.44,1.00
2016.09.19 21:49:21.375,1.03935,1.03973,1.19,1.00
2016.09.19 21:49:21.450,1.03935,1.03976,2.06,1.24
2016.09.19 21:49:21.501,1.03935,1.03976,2.06,1.33
2016.09.19 21:49:21.553,1.03937,1.03976,1.56,1.33
2016.09.19 21:49:22.057,1.03936,1.03976,1.56,1.33
2016.09.19 21:49:22.603,1.03935,1.03976,1.56,1.33
2016.09.19 21:49:24.275,1.03935,1.03976,1.19,1.33
2016.09.19 21:49:24.681,1.03935,1.03976,1.19,1.33
2016.09.19 21:49:24.847,1.03935,1.03976,1.56,1.33
2016.09.19 21:49:26.036,1.03935,1.03976,1.19,1.33
2016.09.19 21:49:28.467,1.03932,1.03974,1.69,1.33
2016.09.19 21:49:28.569,1.03932,1.03974,1.19,1.33
2016.09.19 21:49:29.794,1.03932,1.03974,1.37,1.00
2016.09.19 21:49:30.000,1.03932,1.03974,1.19,1.24
2016.09.19 21:49:38.789,1.03932,1.03974,1.69,1.24
2016.09.19 21:49:40.046,1.03932,1.03972,1.19,1.00
2016.09.19 21:49:40.147,1.03932,1.03974,1.69,1.24
2016.09.19 21:49:45.900,1.03932,1.03974,1.69,1.74
2016.09.19 21:49:46.002,1.03932,1.03974,1.69,2.25
2016.09.19 21:49:47.206,1.03932,1.03973,1.69,1.19
2016.09.19 21:49:48.557,1.03932,1.03973,1.19,1.19
2016.09.19 21:49:54.909,1.03932,1.03974,1.19,2.25
2016.09.19 21:50:00.209,1.03932,1.03974,1.37,1.50
2016.09.19 21:50:00.260,1.03932,1.03973,1.37,1.00
2016.09.19 21:50:00.311,1.03932,1.03973,1.19,1.19
2016.09.19 21:50:00.387,1.03932,1.03973,1.19,1.50
2016.09.19 21:50:02.345,1.03932,1.03974,1.19,2.25
2016.09.19 21:50:02.549,1.03932,1.03974,1.19,3.00
2016.09.19 21:50:02.600,1.03932,1.03971,1.19,1.19
2016.09.19 21:50:02.651,1.03927,1.03967,1.37,1.00
2016.09.19 21:50:02.906,1.03926,1.03964,1.37,1.00
2016.09.19 21:50:02.958,1.03925,1.03964,2.44,1.00
2016.09.19 21:50:03.060,1.03926,1.03964,1.37,1.00
2016.09.19 21:50:03.162,1.03925,1.03964,2.44,1.00
2016.09.19 21:50:03.213,1.03925,1.03964,1.87,1.00
2016.09.19 21:50:03.265,1.03925,1.03964,1.37,1.00
2016.09.19 21:50:03.670,1.03925,1.03964,1.87,1.00
2016.09.19 21:50:04.480,1.03926,1.03968,1.37,1.00
2016.09.19 21:50:05.924,1.03926,1.03968,1.37,1.50
2016.09.19 21:50:05.975,1.03924,1.03965,3.19,1.00
2016.09.19 21:50:06.026,1.03925,1.03965,1.37,1.00
2016.09.19 21:50:06.268,1.03924,1.03965,3.19,1.00
2016.09.19 21:50:07.333,1.03925,1.03965,1.87,1.00
2016.09.19 21:50:07.537,1.03925,1.03965,1.37,1.00
2016.09.19 21:50:07.640,1.03926,1.03968,1.37,1.00
2016.09.19 21:50:07.742,1.0393,1.03968,1.00,1.00
2016.09.19 21:50:07.793,1.03931,1.03972,1.25,1.19
2016.09.19 21:50:07.997,1.03931,1.03972,1.25,1.19
2016.09.19 21:50:08.048,1.03931,1.03972,1.19,1.19
2016.09.19 21:50:08.768,1.03931,1.03973,1.19,1.19
2016.09.19 21:50:10.122,1.03931,1.03973,1.19,1.69
2016.09.19 21:50:11.793,1.03931,1.03973,1.19,2.25
2016.09.19 21:50:13.598,1.03931,1.03973,1.19,2.25
2016.09.19 21:50:13.649,1.03931,1.03973,1.19,1.50
2016.09.19 21:50:13.701,1.03931,1.03973,1.19,1.19
2016.09.19 21:50:13.753,1.03931,1.03971,1.19,1.25
2016.09.19 21:50:13.804,1.03927,1.03967,1.50,1.00
2016.09.19 21:50:13.855,1.03927,1.03967,1.50,1.00
2016.09.19 21:50:13.957,1.03927,1.03967,1.44,1.00
2016.09.19 21:50:14.009,1.03927,1.03967,1.19,1.19
2016.09.19 21:50:14.231,1.03927,1.03964,1.19,1.00
2016.09.19 21:50:14.282,1.03922,1.03961,1.37,1.00
2016.09.19 21:50:14.334,1.03922,1.03961,1.37,1.00
2016.09.19 21:50:27.725,1.03919,1.0396,1.87,1.00
2016.09.19 21:50:29.752,1.03921,1.0396,1.37,1.00
2016.09.19 21:50:29.905,1.03921,1.0396,1.37,1.00
2016.09.19 21:50:30.580,1.0392,1.0396,1.37,1.00
2016.09.19 21:50:31.172,1.03919,1.0396,1.87,1.00
2016.09.19 21:50:31.223,1.03922,1.03961,1.37,1.00
2016.09.19 21:50:33.273,1.03922,1.03964,1.37,1.00
2016.09.19 21:50:33.634,1.03922,1.03964,1.37,1.00
2016.09.19 21:50:33.889,1.03922,1.03964,1.37,1.00
2016.09.19 21:50:34.043,1.03922,1.03964,1.69,1.00
2016.09.19 21:50:34.096,1.03923,1.03964,1.37,1.00
2016.09.19 21:50:34.583,1.03925,1.03966,1.37,1.00
2016.09.19 21:50:35.030,1.03925,1.03966,1.44,1.00
2016.09.19 21:50:36.024,1.03925,1.03966,1.44,1.19
2016.09.19 21:50:38.486,1.03925,1.03965,1.44,1.25
2016.09.19 21:50:38.640,1.03922,1.03963,1.37,1.00
2016.09.19 21:50:41.644,1.03922,1.03963,1.37,1.50
2016.09.19 21:50:45.153,1.03922,1.03961,1.37,1.00
2016.09.19 21:50:45.204,1.03921,1.0396,1.37,1.00
2016.09.19 21:50:46.072,1.03919,1.0396,2.44,1.00
2016.09.19 21:50:46.123,1.03919,1.0396,2.44,1.00
2016.09.19 21:50:46.174,1.03919,1.0396,1.37,1.00
2016.09.19 21:50:46.226,1.03922,1.03962,1.19,1.19
2016.09.19 21:50:46.328,1.03922,1.03959,1.19,1.25
2016.09.19 21:50:46.430,1.03919,1.03958,1.00,1.75
2016.09.19 21:50:46.508,1.03916,1.03957,1.00,1.50
2016.09.19 21:50:46.662,1.03916,1.03958,1.25,1.25
2016.09.19 21:50:46.714,1.03916,1.03958,1.25,1.69
2016.09.19 21:50:46.765,1.03916,1.03957,1.00,1.19
2016.09.19 21:50:47.184,1.03915,1.03955,1.25,1.25
2016.09.19 21:50:47.392,1.03915,1.03954,1.25,1.00
2016.09.19 21:50:47.444,1.03915,1.03951,1.00,1.50
2016.09.19 21:50:47.530,1.0391,1.03951,1.00,1.25
2016.09.19 21:50:47.581,1.0391,1.03952,1.00,1.69
2016.09.19 21:50:47.632,1.0391,1.03951,1.00,1.25
2016.09.19 21:50:47.734,1.0391,1.03951,1.00,1.19
2016.09.19 21:50:47.786,1.0391,1.0395,1.00,1.19
2016.09.19 21:50:47.888,1.03908,1.03948,1.00,1.25
2016.09.19 21:50:49.149,1.03908,1.03948,1.00,1.19
2016.09.19 21:50:49.599,1.03908,1.03948,1.50,1.19
2016.09.19 21:50:50.262,1.03908,1.03948,1.00,1.19
2016.09.19 21:50:50.403,1.03908,1.03948,1.00,1.19
2016.09.19 21:50:50.608,1.03908,1.03948,1.50,1.69
2016.09.19 21:50:50.660,1.03908,1.03948,1.50,1.19
2016.09.19 21:50:50.711,1.03908,1.03948,1.00,1.69
2016.09.19 21:50:52.500,1.03908,1.03948,1.00,1.19
2016.09.19 21:50:52.655,1.03908,1.03948,1.50,1.19
2016.09.19 21:50:52.808,1.03908,1.03948,1.00,1.19
2016.09.19 21:50:53.013,1.03908,1.03948,1.50,1.19
2016.09.19 21:50:53.231,1.03908,1.03948,1.00,1.19
2016.09.19 21:50:57.315,1.03908,1.03948,1.50,1.19
2016.09.19 21:50:57.418,1.0391,1.0395,1.00,1.50
2016.09.19 21:50:57.520,1.0391,1.03949,1.00,1.19
2016.09.19 21:50:57.688,1.0391,1.03951,1.00,1.75
2016.09.19 21:50:57.921,1.0391,1.03951,1.44,1.00
2016.09.19 21:51:08.249,1.0391,1.03951,1.37,1.00
2016.09.19 21:51:08.403,1.03915,1.03956,1.00,1.19
2016.09.19 21:51:08.526,1.03915,1.03956,1.19,1.19
2016.09.19 21:51:08.628,1.03915,1.03956,1.00,1.69
2016.09.19 21:51:08.723,1.03915,1.03956,1.19,1.69
2016.09.19 21:51:09.109,1.03915,1.03956,1.19,1.19
2016.09.19 21:51:09.162,1.03915,1.03956,1.37,1.00
2016.09.19 21:51:09.387,1.03919,1.03958,1.00,1.25
2016.09.19 21:51:14.672,1.03919,1.03958,1.00,1.00
2016.09.19 21:51:14.993,1.03919,1.03958,1.25,1.00
2016.09.19 21:51:17.640,1.03919,1.03958,1.00,1.00
2016.09.19 21:51:19.197,1.03916,1.03957,1.19,1.00
2016.09.19 21:51:19.248,1.03916,1.03957,1.25,1.00
2016.09.19 21:51:28.321,1.03916,1.03957,1.19,1.00
2016.09.19 21:51:29.558,1.03916,1.03957,1.19,1.25
2016.09.19 21:51:30.735,1.03916,1.03957,1.25,1.00
2016.09.19 21:51:32.815,1.03916,1.03957,1.44,1.00
2016.09.19 21:51:32.866,1.03916,1.03957,1.37,1.00
2016.09.19 21:51:32.917,1.03917,1.0396,1.37,1.25
2016.09.19 21:51:33.070,1.03919,1.03961,1.19,1.00
2016.09.19 21:51:36.164,1.03919,1.03961,1.00,1.19
2016.09.19 21:51:36.266,1.03918,1.03958,1.25,1.00
2016.09.19 21:51:36.565,1.03918,1.03958,1.12,1.00
2016.09.19 21:51:37.941,1.03918,1.03958,1.25,1.00
2016.09.19 21:51:38.272,1.03918,1.03958,1.12,1.00
2016.09.19 21:51:39.555,1.03918,1.03958,1.25,1.00
2016.09.19 21:51:40.675,1.03918,1.03958,1.25,1.25
2016.09.19 21:51:41.173,1.03918,1.03958,1.00,1.25
2016.09.19 21:51:44.140,1.03918,1.03958,1.25,1.25
2016.09.19 21:51:44.191,1.03918,1.03958,1.12,1.25
2016.09.19 21:51:44.471,1.03918,1.03958,1.44,1.00
2016.09.19 21:51:44.676,1.03918,1.03958,1.25,1.25
2016.09.19 21:51:45.150,1.03918,1.03958,1.19,1.25
2016.09.19 21:51:46.074,1.03918,1.03958,1.44,1.25
2016.09.19 21:51:49.177,1.03918,1.03958,1.19,1.25
2016.09.19 21:51:49.911,1.03918,1.03958,1.19,1.25
2016.09.19 21:51:49.963,1.03925,1.03962,1.25,1.00
2016.09.19 21:51:50.018,1.03925,1.03966,1.25,1.19
2016.09.19 21:51:50.070,1.03924,1.03966,1.44,1.00
2016.09.19 21:51:50.121,1.03924,1.03966,1.37,1.00
2016.09.19 21:51:50.173,1.03924,1.03966,1.44,1.25
2016.09.19 21:51:50.326,1.03924,1.03966,1.12,1.25
2016.09.19 21:51:50.429,1.03924,1.03966,1.69,1.25
2016.09.19 21:51:50.669,1.03927,1.03969,1.25,1.19
2016.09.19 21:51:51.056,1.03927,1.03968,1.00,1.19
2016.09.19 21:51:51.158,1.03927,1.03969,1.00,1.69
2016.09.19 21:51:51.261,1.03927,1.03967,1.00,1.19
2016.09.19 21:51:51.465,1.03927,1.03969,1.00,1.69
2016.09.19 21:51:51.567,1.03927,1.03968,1.00,1.50
2016.09.19 21:51:52.237,1.03927,1.03969,1.00,1.75
2016.09.19 21:51:52.288,1.03927,1.03969,1.00,1.75
2016.09.19 21:51:52.340,1.03927,1.03962,1.00,1.00
2016.09.19 21:51:52.391,1.03927,1.03962,1.00,1.50
2016.09.19 21:51:52.443,1.03921,1.0396,1.00,1.19
2016.09.19 21:51:52.515,1.03921,1.0396,1.00,1.50
2016.09.19 21:51:52.567,1.03921,1.03957,1.00,1.19
2016.09.19 21:51:52.669,1.03918,1.03957,1.25,1.19
2016.09.19 21:51:52.772,1.03918,1.03958,1.25,1.69
2016.09.19 21:51:52.874,1.03918,1.03958,1.00,1.19
2016.09.19 21:51:54.235,1.03918,1.03957,1.00,1.25
2016.09.19 21:51:54.286,1.03918,1.03957,1.00,1.19
2016.09.19 21:51:54.439,1.03918,1.03955,1.00,1.25
2016.09.19 21:51:54.491,1.03915,1.03955,1.00,1.19
2016.09.19 21:51:54.593,1.03912,1.03954,1.00,1.25
2016.09.19 21:52:00.217,1.03912,1.03954,1.00,1.69
2016.09.19 21:52:01.039,1.03912,1.03954,1.00,1.19
2016.09.19 21:52:01.090,1.03912,1.03954,1.25,1.19
2016.09.19 21:52:01.404,1.03916,1.03955,1.00,1.69
2016.09.19 21:52:03.977,1.03916,1.03955,1.00,2.25
2016.09.19 21:52:04.079,1.03913,1.03953,1.00,1.19
2016.09.19 21:52:04.181,1.03913,1.03949,1.00,1.50
2016.09.19 21:52:04.233,1.03907,1.03947,1.00,1.19
2016.09.19 21:52:04.284,1.03907,1.03947,1.00,2.25
2016.09.19 21:52:04.387,1.03907,1.03942,1.00,1.50
2016.09.19 21:52:04.450,1.03903,1.03941,1.25,1.19
2016.09.19 21:52:04.502,1.03903,1.03941,1.00,1.19
2016.09.19 21:52:04.554,1.03901,1.0394,1.00,1.19
2016.09.19 21:52:07.250,1.03901,1.0394,1.00,1.69
2016.09.19 21:52:08.472,1.03901,1.0394,1.00,1.25
2016.09.19 21:52:08.829,1.03902,1.03943,1.00,1.19
2016.09.19 21:52:10.221,1.03902,1.03943,1.25,1.19
2016.09.19 21:52:10.324,1.03902,1.03943,1.00,1.19
2016.09.19 21:52:12.753,1.03902,1.03939,1.00,1.00
2016.09.19 21:52:12.805,1.03902,1.03939,1.00,1.75
2016.09.19 21:52:12.857,1.03902,1.03938,1.00,1.50
2016.09.19 21:52:12.908,1.03899,1.03938,1.00,1.50
2016.09.19 21:52:12.959,1.03899,1.03937,1.00,1.19
2016.09.19 21:52:13.011,1.03896,1.03937,1.00,1.19
2016.09.19 21:52:13.164,1.03896,1.03935,1.00,1.19
2016.09.19 21:52:14.394,1.03895,1.03934,1.00,1.19
2016.09.19 21:52:15.555,1.03895,1.03934,1.00,1.69
2016.09.19 21:52:16.079,1.03895,1.03934,1.00,2.25
2016.09.19 21:52:16.269,1.03895,1.03933,1.00,1.19
2016.09.19 21:52:17.288,1.03895,1.03934,1.00,2.25
2016.09.19 21:52:18.965,1.03895,1.0393,1.00,1.00
2016.09.19 21:52:19.016,1.03892,1.0393,1.00,1.19
2016.09.19 21:52:19.171,1.03892,1.03928,1.00,1.25
2016.09.19 21:52:19.223,1.03887,1.03928,1.00,1.75
2016.09.19 21:52:19.274,1.03887,1.03925,1.00,1.19
2016.09.19 21:52:19.554,1.03887,1.03926,1.00,1.50
2016.09.19 21:52:20.883,1.03888,1.03931,1.25,1.00
2016.09.19 21:52:21.218,1.0389,1.03932,1.25,1.00
2016.09.19 21:52:22.413,1.0389,1.03932,1.19,1.00
2016.09.19 21:52:22.648,1.03893,1.03935,1.69,1.00
2016.09.19 21:52:22.909,1.03898,1.03937,1.00,1.19
2016.09.19 21:52:22.961,1.03898,1.03937,1.00,1.00
2016.09.19 21:52:25.000,1.03899,1.03937,1.31,1.00
2016.09.19 21:52:25.096,1.03909,1.03937,1.00,1.00
2016.09.19 21:52:25.148,1.03904,1.03945,1.69,1.37
2016.09.19 21:52:25.468,1.03911,1.03943,1.00,1.00
2016.09.19 21:52:25.743,1.03907,1.03943,1.00,1.00
2016.09.19 21:52:25.974,1.03905,1.03945,1.25,1.00
2016.09.19 21:52:26.171,1.03904,1.03946,1.19,1.00
2016.09.19 21:52:26.222,1.03904,1.03946,1.00,1.33
2016.09.19 21:52:26.273,1.03904,1.03944,1.00,1.37
2016.09.19 21:52:26.325,1.03904,1.03944,1.00,1.62
2016.09.19 21:52:26.376,1.03902,1.03942,1.00,1.33
2016.09.19 21:52:28.220,1.03902,1.03942,1.00,1.00
2016.09.19 21:52:28.706,1.03902,1.03942,1.00,1.37
2016.09.19 21:52:28.758,1.03902,1.0394,1.00,1.00
2016.09.19 21:52:28.809,1.039,1.03939,1.00,1.00
2016.09.19 21:52:31.768,1.039,1.03938,1.00,1.00
2016.09.19 21:52:31.870,1.03897,1.03938,1.25,1.50
2016.09.19 21:52:33.234,1.03897,1.03938,1.19,1.69
2016.09.19 21:52:33.285,1.03897,1.03938,1.19,1.31
2016.09.19 21:52:33.592,1.03897,1.03934,1.19,1.00
2016.09.19 21:52:34.265,1.03901,1.03942,1.00,1.56
2016.09.19 21:52:34.317,1.03901,1.03942,1.00,1.19
2016.09.19 21:52:34.419,1.03901,1.03942,1.00,1.43
2016.09.19 21:52:34.470,1.03901,1.03942,1.00,1.93
2016.09.19 21:52:34.522,1.03899,1.0394,1.00,1.19
2016.09.19 21:52:34.851,1.03899,1.03939,1.00,1.00
2016.09.19 21:52:35.860,1.03899,1.0394,1.00,1.51
2016.09.19 21:52:36.526,1.03899,1.0394,1.00,1.43
2016.09.19 21:52:36.577,1.03897,1.03936,1.00,1.00
2016.09.19 21:52:36.812,1.03897,1.03937,1.00,1.93
2016.09.19 21:52:36.919,1.03895,1.03934,1.25,1.00
2016.09.19 21:52:37.092,1.03895,1.03934,1.00,1.00
2016.09.19 21:52:37.194,1.03895,1.03934,1.25,1.00
2016.09.19 21:52:38.499,1.03904,1.03938,1.00,3.43
2016.09.19 21:52:38.551,1.03904,1.03939,1.00,1.19
2016.09.19 21:52:38.655,1.03903,1.0394,1.00,4.18
2016.09.19 21:52:38.706,1.03903,1.03938,1.00,1.24
2016.09.19 21:52:38.809,1.039,1.03938,1.00,1.24
2016.09.19 21:52:39.014,1.039,1.03936,1.00,1.33
2016.09.19 21:52:39.065,1.03896,1.03936,1.00,1.24
2016.09.19 21:52:39.219,1.03896,1.03937,1.00,1.24
2016.09.19 21:52:39.270,1.039,1.03937,1.00,1.00
2016.09.19 21:52:39.322,1.03899,1.03947,1.00,3.24
2016.09.19 21:52:39.373,1.03902,1.03948,1.00,1.24
2016.09.19 21:52:39.425,1.03902,1.03947,1.19,1.00
2016.09.19 21:52:39.476,1.03901,1.03947,1.69,1.00
2016.09.19 21:52:39.687,1.03903,1.03949,1.19,1.24
2016.09.19 21:52:39.739,1.03905,1.03949,1.19,1.24
2016.09.19 21:52:39.790,1.03907,1.03947,1.19,1.33
2016.09.19 21:52:40.371,1.03907,1.03947,1.00,1.33
2016.09.19 21:52:44.321,1.03907,1.03947,1.19,1.33
2016.09.19 21:52:44.561,1.03907,1.03947,1.19,1.00
2016.09.19 21:52:44.663,1.03907,1.03947,1.69,1.00
2016.09.19 21:52:44.766,1.03912,1.03947,1.19,1.00
2016.09.19 21:52:44.818,1.03915,1.03955,2.25,1.00
2016.09.19 21:52:44.870,1.03921,1.03963,1.00,1.74
2016.09.19 21:52:44.922,1.03925,1.03964,1.00,3.99
2016.09.19 21:52:44.973,1.03925,1.03964,1.00,1.33
2016.09.19 21:52:45.076,1.03926,1.03966,1.00,1.33
2016.09.19 21:52:45.144,1.03926,1.03967,1.00,1.00
2016.09.19 21:52:45.196,1.03929,1.0397,1.00,1.24
2016.09.19 21:52:45.247,1.03929,1.0397,1.50,1.24
2016.09.19 21:52:45.298,1.03926,1.03972,1.00,3.99
2016.09.19 21:52:45.400,1.03931,1.03972,1.00,3.24
2016.09.19 21:52:45.680,1.03932,1.03976,1.19,1.24
2016.09.19 21:52:45.937,1.03932,1.03973,1.19,1.19
2016.09.19 21:52:47.292,1.03932,1.03975,1.69,1.75
2016.09.19 21:52:47.344,1.03935,1.03975,1.19,1.19
2016.09.19 21:52:47.395,1.03935,1.03977,1.19,1.50
2016.09.19 21:52:47.446,1.03937,1.03977,1.19,1.19
2016.09.19 21:52:47.531,1.03937,1.03974,1.19,1.19
2016.09.19 21:52:47.582,1.03934,1.03974,1.19,1.19
2016.09.19 21:52:47.735,1.03934,1.03978,1.87,1.19
2016.09.19 21:52:47.787,1.03934,1.03978,1.37,1.19
2016.09.19 21:52:47.999,1.03934,1.03979,1.37,1.50
2016.09.19 21:52:48.080,1.03934,1.03979,1.87,1.50
2016.09.19 21:52:48.131,1.03936,1.03978,1.44,1.19
2016.09.19 21:52:48.288,1.03936,1.03978,1.25,1.19
2016.09.19 21:52:49.241,1.03936,1.03979,1.25,1.50
2016.09.19 21:52:49.623,1.03938,1.03982,1.12,1.19
2016.09.19 21:52:49.674,1.03938,1.03982,1.87,1.19
2016.09.19 21:52:49.725,1.03941,1.03986,1.19,1.37
2016.09.19 21:52:49.777,1.03939,1.03985,1.19,1.37
2016.09.19 21:52:49.829,1.03938,1.03974,1.00,1.19
2016.09.19 21:52:49.880,1.03931,1.03974,1.19,1.19
2016.09.19 21:52:49.932,1.0393,1.03973,1.19,1.50
2016.09.19 21:52:50.144,1.0393,1.03973,1.25,1.50
2016.09.19 21:52:50.292,1.0393,1.03973,1.19,1.69
2016.09.19 21:52:50.344,1.0393,1.03972,1.44,1.37
2016.09.19 21:52:50.395,1.03929,1.03972,1.37,1.37
2016.09.19 21:52:50.703,1.03932,1.03974,1.69,1.75
2016.09.19 21:52:50.911,1.03936,1.03978,1.00,1.19
2016.09.19 21:52:50.963,1.03936,1.03978,1.87,1.00
2016.09.19 21:52:51.014,1.03937,1.03982,1.37,1.50
2016.09.19 21:52:51.117,1.03939,1.03981,1.19,1.19
2016.09.19 21:52:51.219,1.03939,1.03982,1.37,1.19
2016.09.19 21:52:51.321,1.0394,1.03984,1.37,1.37
2016.09.19 21:52:51.372,1.0394,1.03984,1.37,1.37
2016.09.19 21:52:51.525,1.0394,1.03984,1.19,1.37
2016.09.19 21:52:51.627,1.0394,1.03984,1.37,1.37
2016.09.19 21:52:51.730,1.0394,1.03985,1.37,1.19
2016.09.19 21:52:51.832,1.0394,1.03984,1.19,1.37
2016.09.19 21:52:51.935,1.03941,1.03984,1.25,1.37
2016.09.19 21:52:52.180,1.03943,1.03987,1.00,1.94
2016.09.19 21:52:52.231,1.03943,1.03986,1.19,1.94
2016.09.19 21:52:52.283,1.03941,1.03986,1.19,1.94
2016.09.19 21:52:52.335,1.0394,1.03985,1.87,1.37
2016.09.19 21:52:52.605,1.0394,1.03986,1.44,1.37
2016.09.19 21:52:52.758,1.0394,1.03979,1.44,1.00
2016.09.19 21:52:52.810,1.0394,1.03977,1.19,1.00
2016.09.19 21:52:52.861,1.03936,1.03977,1.37,1.00
2016.09.19 21:52:52.912,1.03938,1.03983,1.44,2.44
2016.09.19 21:52:52.964,1.03938,1.03983,1.87,1.44
2016.09.19 21:52:53.017,1.03939,1.03986,1.37,1.94
2016.09.19 21:52:53.068,1.03939,1.03986,1.69,1.69
2016.09.19 21:52:53.120,1.0394,1.03985,1.44,1.37
2016.09.19 21:52:53.481,1.03941,1.03988,1.69,1.94
2016.09.19 21:52:53.533,1.03941,1.03985,1.19,1.69
2016.09.19 21:52:53.635,1.03939,1.03984,1.87,1.44
2016.09.19 21:52:54.045,1.03939,1.03991,1.25,1.19
2016.09.19 21:52:54.352,1.03939,1.03991,1.19,1.19
2016.09.19 21:52:55.240,1.03939,1.03985,1.37,1.69
2016.09.19 21:52:56.143,1.03936,1.03975,1.19,1.00
2016.09.19 21:52:56.195,1.03931,1.03981,2.68,1.37
2016.09.19 21:52:56.247,1.03931,1.03972,1.19,1.19
2016.09.19 21:52:56.467,1.03927,1.03972,1.81,1.00
2016.09.19 21:52:56.519,1.03927,1.03974,1.43,1.00
2016.09.19 21:52:56.570,1.03927,1.03974,1.43,1.00
2016.09.19 21:52:56.774,1.03927,1.03974,1.51,1.00
2016.09.19 21:52:56.877,1.03927,1.03974,1.51,1.19
2016.09.19 21:52:57.071,1.03927,1.03974,1.51,1.25
2016.09.19 21:52:57.181,1.03927,1.03974,1.51,1.19
2016.09.19 21:52:57.291,1.03927,1.03974,1.33,1.19
2016.09.19 21:52:57.434,1.03927,1.03974,1.00,1.19
2016.09.19 21:52:57.837,1.03927,1.03965,1.00,1.37
2016.09.19 21:52:57.889,1.03925,1.03965,1.00,1.37
2016.09.19 21:52:57.992,1.03925,1.03965,1.00,1.19
2016.09.19 21:52:58.043,1.03925,1.03961,1.00,1.75
2016.09.19 21:52:58.094,1.03919,1.0396,1.00,1.19
2016.09.19 21:52:58.146,1.03915,1.03958,1.00,1.19
2016.09.19 21:52:58.248,1.03917,1.03956,1.00,1.19
2016.09.19 21:52:58.555,1.03917,1.03956,1.00,1.69
2016.09.19 21:52:58.606,1.03917,1.03956,1.00,1.19
2016.09.19 21:52:58.709,1.03917,1.03956,1.00,1.69
2016.09.19 21:52:59.146,1.03914,1.03949,1.00,1.50
2016.09.19 21:52:59.197,1.03909,1.03949,1.00,1.50
2016.09.19 21:52:59.249,1.03909,1.03951,1.00,1.75
2016.09.19 21:52:59.770,1.03909,1.0395,1.00,1.75
2016.09.19 21:53:00.532,1.03909,1.03951,1.00,1.75
2016.09.19 21:53:00.634,1.03909,1.03948,1.00,1.19
2016.09.19 21:53:03.056,1.03909,1.03948,1.00,1.50
2016.09.19 21:53:03.109,1.03909,1.03947,1.00,1.19
2016.09.19 21:53:05.361,1.03909,1.03948,1.00,1.75
2016.09.19 21:53:06.557,1.03909,1.03948,1.00,1.50
2016.09.19 21:53:06.762,1.03909,1.03947,1.00,1.19
2016.09.19 21:53:06.864,1.03909,1.03948,1.00,1.50
2016.09.19 21:53:07.122,1.03909,1.03947,1.00,1.19
2016.09.19 21:53:07.237,1.03909,1.03947,1.00,1.25
2016.09.19 21:53:07.339,1.03909,1.03949,1.00,1.19
2016.09.19 21:53:07.948,1.03909,1.0395,1.00,1.50
2016.09.19 21:53:08.050,1.03909,1.03948,1.00,1.19
2016.09.19 21:53:08.624,1.03909,1.03949,1.00,1.19
2016.09.19 21:53:09.518,1.03909,1.03951,1.00,2.25
2016.09.19 21:53:09.570,1.03909,1.03951,1.00,1.69
2016.09.19 21:53:11.644,1.03909,1.03951,1.00,2.25
2016.09.19 21:53:12.229,1.03909,1.0395,1.00,1.19
2016.09.19 21:53:12.960,1.03909,1.03944,1.00,1.19
2016.09.19 21:53:13.087,1.03905,1.03944,1.00,1.19
2016.09.19 21:53:13.138,1.03905,1.03945,1.00,2.25
2016.09.19 21:53:13.241,1.03905,1.03943,1.00,1.19
2016.09.19 21:53:13.445,1.03905,1.03944,1.00,1.50
2016.09.19 21:53:13.548,1.03905,1.03943,1.00,1.19
2016.09.19 21:53:13.752,1.03905,1.03942,1.00,1.00
2016.09.19 21:53:13.803,1.03908,1.03947,1.00,1.00
2016.09.19 21:53:14.030,1.03911,1.03947,1.00,1.00
2016.09.19 21:53:14.082,1.03911,1.03947,1.00,1.75
2016.09.19 21:53:14.133,1.03911,1.0395,1.00,2.25
2016.09.19 21:53:14.184,1.03911,1.0395,1.00,1.69
2016.09.19 21:53:14.235,1.03911,1.03949,1.00,1.19
2016.09.19 21:53:14.338,1.03907,1.03945,1.00,1.00
2016.09.19 21:53:14.390,1.03907,1.03945,1.00,1.75
2016.09.19 21:53:14.441,1.03905,1.03944,1.00,1.50
2016.09.19 21:53:15.761,1.03905,1.03946,1.00,1.00
2016.09.19 21:53:15.812,1.03908,1.03947,1.00,1.25
2016.09.19 21:53:15.863,1.03908,1.03948,1.00,1.19
2016.09.19 21:53:16.397,1.03908,1.03947,1.00,1.19
2016.09.19 21:53:18.686,1.03908,1.03948,1.00,1.19
2016.09.19 21:53:19.533,1.03908,1.03949,1.00,2.25
2016.09.19 21:53:19.748,1.03908,1.03947,1.00,1.25
2016.09.19 21:53:19.801,1.03908,1.03947,1.00,1.19
2016.09.19 21:53:19.954,1.03906,1.03944,1.00,1.75
2016.09.19 21:53:20.141,1.03903,1.03943,1.00,1.50
2016.09.19 21:53:21.041,1.03903,1.03943,1.00,2.25
2016.09.19 21:53:21.245,1.03903,1.03942,1.00,1.19
2016.09.19 21:53:21.296,1.03903,1.03942,1.00,1.25
2016.09.19 21:53:21.856,1.03903,1.03943,1.00,1.69
2016.09.19 21:53:23.375,1.03903,1.03943,1.00,1.19
2016.09.19 21:53:23.477,1.03903,1.03943,1.00,1.69
2016.09.19 21:53:27.477,1.03903,1.03943,1.00,1.19
2016.09.19 21:53:27.661,1.03903,1.03943,1.00,1.69
2016.09.19 21:53:28.380,1.03903,1.03943,1.00,1.19
2016.09.19 21:53:28.482,1.03903,1.03943,1.00,1.69
2016.09.19 21:53:28.685,1.03903,1.03943,1.00,1.19
2016.09.19 21:53:29.044,1.03903,1.03943,1.00,1.69
2016.09.19 21:53:29.483,1.03903,1.03943,1.00,1.19
2016.09.19 21:53:29.588,1.03903,1.03943,1.00,1.69
2016.09.19 21:53:30.664,1.03903,1.03943,1.00,1.19
2016.09.19 21:53:31.168,1.03903,1.03943,1.00,1.69
2016.09.19 21:53:31.607,1.03903,1.03943,1.00,1.19
2016.09.19 21:53:31.862,1.03903,1.03943,1.00,1.69
2016.09.19 21:53:32.272,1.03903,1.03942,1.00,1.25
2016.09.19 21:53:32.577,1.03903,1.03942,1.00,1.19
2016.09.19 21:53:33.098,1.03903,1.03941,1.00,1.19
2016.09.19 21:53:33.968,1.03903,1.03942,1.00,1.19
2016.09.19 21:53:34.779,1.03903,1.03941,1.00,1.19
2016.09.19 21:53:35.098,1.03903,1.03942,1.00,1.75
2016.09.19 21:53:35.200,1.03903,1.03942,1.00,1.50
2016.09.19 21:53:35.251,1.039,1.0394,1.00,1.19
2016.09.19 21:53:35.353,1.03902,1.03942,1.00,2.25
2016.09.19 21:53:35.789,1.03902,1.03941,1.00,1.19
2016.09.19 21:53:35.892,1.03902,1.03942,1.00,2.25
2016.09.19 21:53:36.772,1.03904,1.03942,1.00,1.19
2016.09.19 21:53:36.874,1.03904,1.03943,1.00,1.50
2016.09.19 21:53:37.281,1.03904,1.03942,1.00,1.19
2016.09.19 21:53:37.383,1.03904,1.03943,1.00,1.50
2016.09.19 21:53:37.708,1.03904,1.03943,1.00,1.19
2016.09.19 21:53:37.875,1.03904,1.03944,1.00,1.50
2016.09.19 21:53:37.976,1.03904,1.03945,1.00,1.19
2016.09.19 21:53:38.080,1.03904,1.03945,1.00,1.69
2016.09.19 21:53:38.182,1.03904,1.03945,1.00,1.19
2016.09.19 21:53:38.488,1.03904,1.03945,1.00,2.25
2016.09.19 21:53:39.486,1.03904,1.03943,1.00,1.19
2016.09.19 21:53:41.299,1.03904,1.03943,1.00,1.50
2016.09.19 21:53:42.164,1.03904,1.03942,1.00,1.19
2016.09.19 21:53:42.365,1.03901,1.03941,1.00,1.19
2016.09.19 21:53:42.520,1.03901,1.0394,1.00,1.25
2016.09.19 21:53:42.576,1.03904,1.03943,1.00,1.50
2016.09.19 21:53:44.765,1.03904,1.03942,1.00,1.19
2016.09.19 21:53:45.108,1.03904,1.03943,1.00,1.50
2016.09.19 21:53:45.274,1.03904,1.03942,1.00,1.19
2016.09.19 21:53:45.580,1.03904,1.03943,1.00,1.50
2016.09.19 21:53:45.683,1.03904,1.03938,1.00,1.19
2016.09.19 21:53:45.734,1.03902,1.03938,1.00,1.19
2016.09.19 21:53:45.785,1.03902,1.03934,1.00,1.19
2016.09.19 21:53:45.837,1.03902,1.03934,1.00,1.37
2016.09.19 21:53:46.362,1.03902,1.03935,1.00,1.37
2016.09.19 21:53:47.760,1.03902,1.03936,1.00,1.37
2016.09.19 21:53:48.111,1.03896,1.03936,1.00,1.37
2016.09.19 21:53:48.163,1.03896,1.03936,1.50,1.37
2016.09.19 21:53:48.265,1.03896,1.03936,1.00,1.37
2016.09.19 21:53:48.317,1.03896,1.03936,1.50,1.37
2016.09.19 21:53:48.368,1.03901,1.03936,1.00,1.37
2016.09.19 21:53:48.420,1.03901,1.03936,1.00,1.69
2016.09.19 21:53:48.471,1.03901,1.03934,1.00,1.37
2016.09.19 21:53:49.650,1.03901,1.03934,1.00,1.19
2016.09.19 21:53:50.605,1.03902,1.03935,1.00,1.44
2016.09.19 21:53:50.708,1.03902,1.03936,1.00,1.69
2016.09.19 21:53:53.273,1.03905,1.03937,1.00,1.94
2016.09.19 21:53:53.324,1.03904,1.03937,1.37,1.00
2016.09.19 21:53:53.375,1.03918,1.0395,1.00,2.44
2016.09.19 21:53:53.427,1.03918,1.0395,1.00,1.69
2016.09.19 21:53:53.478,1.03916,1.03953,1.00,1.87
2016.09.19 21:53:53.785,1.03919,1.03951,1.00,1.19
2016.09.19 21:53:54.416,1.03921,1.0395,1.00,1.25
2016.09.19 21:53:54.469,1.03918,1.03951,1.00,1.19
2016.09.19 21:53:54.571,1.03913,1.03949,1.25,1.00
2016.09.19 21:53:54.624,1.03913,1.03949,1.00,1.19
2016.09.19 21:53:54.675,1.0391,1.03949,1.25,1.69
2016.09.19 21:53:54.829,1.0391,1.03949,1.19,1.87
2016.09.19 21:53:55.034,1.03907,1.03946,1.19,1.00
2016.09.19 21:53:55.085,1.03904,1.03944,1.19,1.19
2016.09.19 21:54:00.323,1.03904,1.03938,1.19,1.25
2016.09.19 21:54:00.374,1.03902,1.03938,1.19,1.25
2016.09.19 21:54:00.615,1.03902,1.03938,1.00,1.44
2016.09.19 21:54:01.120,1.03898,1.03938,1.00,1.44
2016.09.19 21:54:01.379,1.03898,1.03939,1.00,1.69
2016.09.19 21:54:02.180,1.03898,1.0394,1.00,2.44
2016.09.19 21:54:02.232,1.03898,1.0394,1.00,1.87
2016.09.19 21:54:02.334,1.03898,1.0394,1.19,1.87
2016.09.19 21:54:02.614,1.03898,1.03939,1.19,1.44
2016.09.19 21:54:02.666,1.03898,1.03939,1.19,1.19
2016.09.19 21:54:04.648,1.03898,1.03939,1.19,1.25
2016.09.19 21:54:04.700,1.03898,1.0394,1.19,1.44
2016.09.19 21:54:06.671,1.03898,1.0394,1.69,1.44
2016.09.19 21:54:06.724,1.03902,1.03944,1.25,2.44
2016.09.19 21:54:06.826,1.03902,1.03941,1.69,1.37
2016.09.19 21:54:06.906,1.03902,1.03944,1.69,2.44
2016.09.19 21:54:06.957,1.03902,1.03944,1.50,1.87
2016.09.19 21:54:07.224,1.03902,1.03944,2.25,1.87
2016.09.19 21:54:07.276,1.03915,1.03944,1.00,1.69
2016.09.19 21:54:07.327,1.03915,1.0395,1.00,1.44
2016.09.19 21:54:07.482,1.03912,1.03951,1.50,1.37
2016.09.19 21:54:07.552,1.03915,1.03951,1.00,1.37
2016.09.19 21:54:08.271,1.03915,1.03951,1.00,1.19
2016.09.19 21:54:08.323,1.03912,1.03947,1.19,1.19
2016.09.19 21:54:08.375,1.03909,1.03947,1.19,1.19
2016.09.19 21:54:08.679,1.03906,1.03946,1.19,1.37
2016.09.19 21:54:08.730,1.03905,1.03944,1.00,1.87
2016.09.19 21:54:08.934,1.03905,1.03942,1.00,1.37
2016.09.19 21:54:09.637,1.03905,1.03943,1.00,1.37
2016.09.19 21:54:10.390,1.03905,1.03944,1.00,1.87
2016.09.19 21:54:11.532,1.03905,1.03943,1.00,1.37
2016.09.19 21:54:15.645,1.03905,1.03942,1.00,1.37
2016.09.19 21:54:16.027,1.03905,1.03943,1.00,1.94
2016.09.19 21:54:16.130,1.03902,1.03942,1.50,1.69
2016.09.19 21:54:16.232,1.03902,1.03941,1.50,1.37
2016.09.19 21:54:17.052,1.03902,1.0394,1.50,1.37
2016.09.19 21:54:17.305,1.03902,1.03938,1.00,1.19
2016.09.19 21:54:17.356,1.03902,1.03938,1.00,1.37
2016.09.19 21:54:17.904,1.03902,1.03941,1.00,1.87
2016.09.19 21:54:18.108,1.03902,1.0394,1.00,1.37
2016.09.19 21:54:20.204,1.03902,1.03941,1.00,1.87
2016.09.19 21:54:20.397,1.03902,1.03939,1.00,1.37
2016.09.19 21:54:20.984,1.03902,1.03938,1.00,1.37
2016.09.19 21:54:21.617,1.03902,1.03941,1.00,2.44
2016.09.19 21:54:21.821,1.03902,1.0394,1.00,1.37
2016.09.19 21:54:22.863,1.03902,1.0394,1.00,1.69
2016.09.19 21:54:22.914,1.03902,1.03939,1.00,1.37
2016.09.19 21:54:24.245,1.03902,1.0394,1.00,1.69
2016.09.19 21:54:24.348,1.03902,1.03939,1.00,1.37
2016.09.19 21:54:25.461,1.03902,1.03941,1.00,2.44
2016.09.19 21:54:25.872,1.03902,1.03941,1.00,1.87
2016.09.19 21:54:25.924,1.03902,1.03941,1.00,1.37
2016.09.19 21:54:27.982,1.03902,1.03941,1.00,1.44
2016.09.19 21:54:28.609,1.03902,1.03941,1.00,1.87
2016.09.19 21:54:29.389,1.03902,1.03941,1.00,2.44
2016.09.19 21:54:29.542,1.03902,1.03941,1.00,1.87
2016.09.19 21:54:29.644,1.03902,1.03941,1.00,1.44
2016.09.19 21:54:29.907,1.03903,1.03942,1.00,1.87
2016.09.19 21:54:29.958,1.03903,1.03942,1.00,1.37
2016.09.19 21:54:30.523,1.03903,1.03942,1.00,1.87
2016.09.19 21:54:30.911,1.03903,1.03941,1.00,1.37
2016.09.19 21:54:31.245,1.03903,1.03942,1.00,1.87
2016.09.19 21:54:31.348,1.03903,1.0394,1.00,1.19
2016.09.19 21:54:31.450,1.03903,1.03942,1.00,1.87
2016.09.19 21:54:32.553,1.03903,1.03942,1.00,1.37
2016.09.19 21:54:33.126,1.03903,1.03942,1.00,1.87
2016.09.19 21:54:34.484,1.03903,1.03942,1.00,1.37
2016.09.19 21:54:36.170,1.03903,1.03942,1.00,1.94
2016.09.19 21:54:36.222,1.03906,1.03939,1.00,1.37
2016.09.19 21:54:36.273,1.03906,1.03939,1.00,1.94
2016.09.19 21:54:36.485,1.03906,1.03939,1.00,1.37
2016.09.19 21:54:36.536,1.03906,1.0394,1.00,1.87
2016.09.19 21:54:36.862,1.03906,1.0394,1.00,1.37
2016.09.19 21:54:38.735,1.03906,1.0394,1.00,1.44
2016.09.19 21:54:38.820,1.03906,1.0394,1.00,1.37
2016.09.19 21:54:39.384,1.03906,1.0394,1.00,1.94
2016.09.19 21:54:39.486,1.03906,1.0394,1.00,1.44
2016.09.19 21:54:39.793,1.03906,1.0394,1.00,1.12
2016.09.19 21:54:40.061,1.03906,1.0394,1.00,1.25
2016.09.19 21:54:40.113,1.03901,1.0394,1.37,1.25
2016.09.19 21:54:40.164,1.03901,1.0394,1.87,1.25
2016.09.19 21:54:40.216,1.03902,1.03944,1.44,1.44
2016.09.19 21:54:40.371,1.03915,1.03945,1.00,1.25
2016.09.19 21:54:40.473,1.03915,1.03949,1.00,1.44
2016.09.19 21:54:41.484,1.03908,1.03949,1.19,1.19
2016.09.19 21:54:41.586,1.03906,1.03948,1.69,2.25
2016.09.19 21:54:41.638,1.03906,1.03947,1.69,1.50
2016.09.19 21:54:41.791,1.03906,1.03947,1.69,1.69
2016.09.19 21:54:41.842,1.03906,1.03944,1.69,1.25
2016.09.19 21:54:41.894,1.03906,1.03944,1.69,1.19
2016.09.19 21:54:43.075,1.03906,1.03945,1.69,1.50
2016.09.19 21:54:43.219,1.03906,1.03945,1.50,1.69
2016.09.19 21:54:45.687,1.03906,1.03938,1.50,1.75
2016.09.19 21:54:45.794,1.03906,1.03938,1.00,1.69
2016.09.19 21:54:45.898,1.03906,1.03938,1.00,1.25
2016.09.19 21:54:45.951,1.03906,1.03941,1.00,1.37
2016.09.19 21:54:46.299,1.03906,1.03941,1.00,1.19
2016.09.19 21:54:47.057,1.03906,1.03941,1.00,1.25
2016.09.19 21:54:48.681,1.03906,1.03937,1.00,1.75
2016.09.19 21:54:48.732,1.03906,1.03936,1.00,1.50
2016.09.19 21:54:48.834,1.03906,1.03936,1.00,1.69
2016.09.19 21:54:58.044,1.03906,1.03935,1.00,1.44
2016.09.19 21:55:00.086,1.03906,1.03937,1.00,1.69
2016.09.19 21:55:02.945,1.03906,1.03935,1.00,1.44
2016.09.19 21:55:09.218,1.03906,1.03936,1.00,1.37
2016.09.19 21:55:09.289,1.03906,1.03936,1.00,1.44
2016.09.19 21:55:09.450,1.03906,1.03936,1.00,1.19
2016.09.19 21:55:10.757,1.03906,1.03937,1.00,1.44
2016.09.19 21:55:10.964,1.03906,1.03938,1.00,1.37
2016.09.19 21:55:11.169,1.03906,1.03937,1.00,1.44
2016.09.19 21:55:11.271,1.03906,1.03938,1.00,1.37
2016.09.19 21:55:11.744,1.03906,1.03936,1.00,1.94
2016.09.19 21:55:11.795,1.03906,1.03935,1.00,1.69
2016.09.19 21:55:11.949,1.03895,1.03935,1.19,1.69
2016.09.19 21:55:12.069,1.03895,1.03935,1.00,1.69
2016.09.19 21:55:13.703,1.03895,1.03933,1.00,1.44
2016.09.19 21:55:14.098,1.03895,1.03934,1.00,1.37
2016.09.19 21:55:15.900,1.03895,1.03933,1.00,1.44
2016.09.19 21:55:16.237,1.03906,1.03933,1.00,1.44
2016.09.19 21:55:17.213,1.03906,1.03933,1.00,1.12
2016.09.19 21:55:17.264,1.03906,1.03935,1.00,1.37
2016.09.19 21:55:18.263,1.03906,1.03934,1.00,1.37
2016.09.19 21:55:20.019,1.03906,1.03934,1.00,1.87
2016.09.19 21:55:34.390,1.03906,1.03933,1.00,1.44
2016.09.19 21:55:37.168,1.03906,1.03933,1.00,1.12
2016.09.19 21:55:37.234,1.03906,1.03934,1.00,1.37
2016.09.19 21:55:37.415,1.03906,1.03934,1.00,1.87
2016.09.19 21:55:37.619,1.03906,1.03934,1.00,1.37
2016.09.19 21:55:38.295,1.03906,1.03934,1.00,1.87
2016.09.19 21:55:38.712,1.03906,1.03933,1.00,1.44
2016.09.19 21:55:39.538,1.03906,1.03933,1.00,1.37
2016.09.19 21:55:40.238,1.03906,1.03937,1.00,1.87
2016.09.19 21:55:40.289,1.03906,1.03937,1.00,1.37
2016.09.19 21:55:40.608,1.03906,1.03939,1.00,2.44
2016.09.19 21:55:40.710,1.03906,1.03941,1.00,2.44
2016.09.19 21:55:40.761,1.03906,1.03941,1.00,1.87
2016.09.19 21:55:41.391,1.03906,1.0394,1.00,1.37
2016.09.19 21:55:41.892,1.03906,1.03941,1.00,1.87
2016.09.19 21:55:46.763,1.03907,1.03941,1.00,1.87
2016.09.19 21:55:48.500,1.03907,1.03941,1.00,1.37
2016.09.19 21:55:49.533,1.03907,1.0394,1.00,1.44
2016.09.19 21:55:49.584,1.03907,1.0394,1.00,1.37
2016.09.19 21:55:52.113,1.03906,1.0394,1.00,1.37
2016.09.19 21:55:52.679,1.03906,1.03941,1.00,1.37
2016.09.19 21:55:52.948,1.03907,1.03941,1.00,2.44
2016.09.19 21:55:53.051,1.03907,1.0394,1.00,1.37
2016.09.19 21:55:54.741,1.03907,1.03941,1.00,2.44
2016.09.19 21:55:54.957,1.03907,1.0394,1.00,1.37
2016.09.19 21:55:57.648,1.03907,1.03941,1.00,2.44
2016.09.19 21:55:58.729,1.03907,1.0394,1.00,1.37
2016.09.19 21:55:58.831,1.03907,1.03941,1.00,2.44
2016.09.19 21:55:59.439,1.03907,1.0394,1.00,1.37
2016.09.19 21:56:00.330,1.03907,1.03941,1.00,2.44
2016.09.19 21:56:01.255,1.03907,1.03941,1.00,1.87
2016.09.19 21:56:03.460,1.03907,1.0394,1.00,1.37
2016.09.19 21:56:04.057,1.03907,1.03941,1.00,1.87
2016.09.19 21:56:04.262,1.03907,1.03941,1.00,1.37
2016.09.19 21:56:04.649,1.03907,1.03941,1.00,1.87
2016.09.19 21:56:04.996,1.03906,1.03941,1.00,1.37
2016.09.19 21:56:07.052,1.03906,1.0394,1.00,1.37
2016.09.19 21:56:07.642,1.03907,1.0394,1.00,1.37
2016.09.19 21:56:08.074,1.03907,1.03941,1.00,2.44
2016.09.19 21:56:09.286,1.03907,1.03939,1.00,1.37
2016.09.19 21:56:09.490,1.03907,1.0394,1.00,1.69
2016.09.19 21:56:10.445,1.03907,1.03941,1.00,1.37
2016.09.19 21:56:10.547,1.03907,1.03941,1.00,1.87
2016.09.19 21:56:10.752,1.03906,1.03941,1.00,1.37
2016.09.19 21:56:12.648,1.03906,1.03941,1.00,1.44
2016.09.19 21:56:13.115,1.03906,1.03943,1.00,1.37
2016.09.19 21:56:13.166,1.03906,1.03943,1.00,1.69
2016.09.19 21:56:13.370,1.03906,1.03941,1.00,1.44
2016.09.19 21:56:14.328,1.03906,1.03941,1.00,1.12
2016.09.19 21:56:14.380,1.03906,1.03943,1.00,1.37
2016.09.19 21:56:18.275,1.03906,1.03942,1.00,1.37
2016.09.19 21:56:19.784,1.03906,1.03942,1.19,1.19
2016.09.19 21:56:19.886,1.03906,1.03944,1.19,1.19
2016.09.19 21:56:19.937,1.03902,1.03944,1.44,1.19
2016.09.19 21:56:20.040,1.03902,1.03944,1.44,1.44
2016.09.19 21:56:20.348,1.03902,1.03944,1.44,1.19
2016.09.19 21:56:20.660,1.03902,1.03944,1.44,1.00
2016.09.19 21:56:21.738,1.03902,1.03944,1.44,1.19
2016.09.19 21:56:22.886,1.03902,1.03944,1.37,1.25
2016.09.19 21:56:25.040,1.03905,1.03945,1.19,1.19
2016.09.19 21:56:26.812,1.03906,1.03945,1.19,1.19
2016.09.19 21:56:26.863,1.03906,1.03945,1.00,1.69
2016.09.19 21:56:26.915,1.03906,1.0394,1.00,1.00
2016.09.19 21:56:26.966,1.03906,1.0394,1.00,1.19
2016.09.19 21:56:28.646,1.03906,1.0394,1.00,1.00
2016.09.19 21:56:28.697,1.03906,1.03943,1.00,1.25
2016.09.19 21:56:28.826,1.03906,1.03944,1.00,1.44
2016.09.19 21:56:34.699,1.03906,1.03944,1.00,1.87
2016.09.19 21:56:35.339,1.0391,1.03944,1.94,1.50
2016.09.19 21:56:35.390,1.0392,1.0396,1.50,1.19
2016.09.19 21:56:35.442,1.03923,1.0396,1.00,1.19
2016.09.19 21:56:35.496,1.03927,1.03966,1.00,1.25
2016.09.19 21:56:35.604,1.03929,1.03971,1.00,1.19
2016.09.19 21:56:35.707,1.03929,1.03972,1.25,1.19
2016.09.19 21:56:35.964,1.03933,1.03972,1.00,1.69
2016.09.19 21:56:36.015,1.03933,1.03972,1.00,1.19
2016.09.19 21:56:36.118,1.03933,1.03972,1.19,1.69
2016.09.19 21:56:36.221,1.03933,1.03972,1.25,1.19
2016.09.19 21:56:36.496,1.03933,1.03967,1.00,1.19
2016.09.19 21:56:36.547,1.03931,1.03967,1.00,1.19
2016.09.19 21:56:36.599,1.03927,1.03967,1.00,1.19
2016.09.19 21:56:36.650,1.03927,1.03967,1.00,1.19
2016.09.19 21:56:36.804,1.03927,1.03967,1.00,1.19
2016.09.19 21:56:37.103,1.03925,1.03965,1.00,1.69
2016.09.19 21:56:38.391,1.03925,1.03965,1.00,1.19
2016.09.19 21:56:38.493,1.03925,1.03965,1.00,1.69
2016.09.19 21:56:38.604,1.03925,1.03965,1.00,1.19
2016.09.19 21:56:38.706,1.03925,1.03965,1.00,1.50
2016.09.19 21:56:39.607,1.03925,1.03965,1.00,2.25
2016.09.19 21:56:39.658,1.03925,1.03965,1.00,3.00
2016.09.19 21:56:39.710,1.03918,1.03958,1.00,1.69
2016.09.19 21:56:40.833,1.03918,1.03957,1.00,1.19
2016.09.19 21:56:40.987,1.03918,1.03957,1.00,1.50
2016.09.19 21:56:41.039,1.03918,1.03955,1.00,1.19
2016.09.19 21:56:41.141,1.03918,1.03955,1.00,1.37
2016.09.19 21:56:41.615,1.03914,1.03956,1.00,1.87
2016.09.19 21:56:41.669,1.03914,1.03953,1.00,1.37
2016.09.19 21:56:41.873,1.03912,1.03953,1.00,1.87
2016.09.19 21:56:42.411,1.03912,1.03952,1.00,1.44
2016.09.19 21:56:42.462,1.03912,1.03952,1.00,1.37
2016.09.19 21:56:43.716,1.03912,1.03953,1.00,1.87
2016.09.19 21:56:44.293,1.03912,1.03952,1.00,1.37
2016.09.19 21:56:45.270,1.03912,1.03952,1.00,1.69
2016.09.19 21:56:45.322,1.03912,1.0395,1.00,1.44
2016.09.19 21:56:46.604,1.03909,1.03947,1.00,1.25
2016.09.19 21:56:46.656,1.03909,1.03947,1.00,1.44
2016.09.19 21:56:46.708,1.03907,1.03945,1.25,1.19
2016.09.19 21:56:47.924,1.03907,1.03944,1.25,1.19
2016.09.19 21:56:49.175,1.03907,1.03944,1.25,1.00
2016.09.19 21:56:49.226,1.03907,1.03947,1.25,1.19
2016.09.19 21:56:49.278,1.03907,1.03947,1.69,1.19
2016.09.19 21:56:49.329,1.03907,1.03947,1.69,1.19
2016.09.19 21:56:49.381,1.03909,1.03949,1.50,1.19
2016.09.19 21:56:49.433,1.0391,1.03952,1.69,1.19
2016.09.19 21:56:49.934,1.0391,1.03952,1.87,1.19
2016.09.19 21:56:50.271,1.03914,1.03953,1.25,1.19
2016.09.19 21:56:51.448,1.03914,1.03953,1.12,1.19
2016.09.19 21:56:53.980,1.03914,1.03953,1.25,1.19
2016.09.19 21:56:55.187,1.0391,1.03951,1.37,1.19
2016.09.19 21:56:56.647,1.0391,1.03951,1.44,1.19
2016.09.19 21:56:58.823,1.03911,1.03951,1.19,1.19
2016.09.19 21:56:58.978,1.03913,1.03952,1.44,1.00
2016.09.19 21:56:59.030,1.03913,1.03952,1.25,1.00
2016.09.19 21:56:59.081,1.03913,1.03952,1.00,1.00
2016.09.19 21:56:59.133,1.03913,1.03952,1.25,1.00
2016.09.19 21:57:01.000,1.03913,1.03952,1.00,1.00
2016.09.19 21:57:01.523,1.03913,1.03952,1.25,1.00
2016.09.19 21:57:02.041,1.03913,1.03952,1.00,1.00
2016.09.19 21:57:02.328,1.03913,1.03952,1.25,1.00
2016.09.19 21:57:02.397,1.03913,1.03952,1.00,1.00
2016.09.19 21:57:02.705,1.03911,1.03951,1.25,1.00
2016.09.19 21:57:02.910,1.03911,1.03951,1.19,1.00
2016.09.19 21:57:02.961,1.03911,1.03951,1.69,1.00
2016.09.19 21:57:03.064,1.03911,1.03951,1.19,1.00
2016.09.19 21:57:03.115,1.03913,1.03954,1.25,1.00
2016.09.19 21:57:03.548,1.03913,1.03954,1.00,1.00
2016.09.19 21:57:03.600,1.03911,1.03952,1.25,1.00
2016.09.19 21:57:04.373,1.03913,1.03953,1.00,1.00
2016.09.19 21:57:04.424,1.03913,1.03953,1.25,1.00
2016.09.19 21:57:04.629,1.03913,1.03953,1.25,1.00
2016.09.19 21:57:04.941,1.03913,1.03953,1.19,1.00
2016.09.19 21:57:05.095,1.03913,1.03953,1.25,1.00
2016.09.19 21:57:05.197,1.03912,1.03957,1.69,1.00
2016.09.19 21:57:05.802,1.03913,1.03953,1.00,1.00
2016.09.19 21:57:06.006,1.03913,1.03953,1.19,1.00
2016.09.19 21:57:06.712,1.03913,1.03953,1.25,1.00
2016.09.19 21:57:06.814,1.03913,1.03953,1.19,1.00
2016.09.19 21:57:07.810,1.03913,1.03953,1.25,1.00
2016.09.19 21:57:08.137,1.03913,1.03953,1.19,1.00
2016.09.19 21:57:08.521,1.03913,1.03953,1.25,1.00
2016.09.19 21:57:09.033,1.03913,1.03953,2.25,1.00
2016.09.19 21:57:09.113,1.03913,1.03953,1.69,1.00
2016.09.19 21:57:09.165,1.03913,1.03953,1.19,1.00
2016.09.19 21:57:09.420,1.03915,1.03955,1.19,1.00
2016.09.19 21:57:09.625,1.03915,1.03955,1.00,1.00
2016.09.19 21:57:10.813,1.03915,1.03955,1.25,1.00
2016.09.19 21:57:14.217,1.03915,1.03955,1.19,1.00
2016.09.19 21:57:15.329,1.03915,1.03955,1.00,1.25
2016.09.19 21:57:15.400,1.03912,1.03954,1.69,1.00
2016.09.19 21:57:16.270,1.03918,1.03954,1.19,1.00
2016.09.19 21:57:16.322,1.03918,1.03957,1.94,1.00
2016.09.19 21:57:16.553,1.03921,1.03962,1.87,1.19
2016.09.19 21:57:16.604,1.03925,1.03964,1.44,1.19
2016.09.19 21:57:16.757,1.03925,1.03964,1.87,1.19
2016.09.19 21:57:16.808,1.03927,1.03966,1.44,1.19
2016.09.19 21:57:16.860,1.03927,1.03966,1.19,1.19
2016.09.19 21:57:17.065,1.03927,1.03966,1.00,1.19
2016.09.19 21:57:18.820,1.03924,1.03964,1.87,1.19
2016.09.19 21:57:18.871,1.03924,1.03964,1.37,1.19
2016.09.19 21:57:19.396,1.03924,1.03964,1.19,1.19
2016.09.19 21:57:19.447,1.03924,1.03964,1.87,1.19
2016.09.19 21:57:19.549,1.03932,1.03964,1.00,1.00
2016.09.19 21:57:19.601,1.03932,1.03968,1.00,1.00
2016.09.19 21:57:19.653,1.03933,1.03974,1.19,1.00
2016.09.19 21:57:19.705,1.03936,1.03976,1.00,1.25
2016.09.19 21:57:19.756,1.03938,1.03976,1.19,1.00
2016.09.19 21:57:19.807,1.03942,1.03982,1.00,1.00
2016.09.19 21:57:19.858,1.03942,1.0398,1.00,1.75
2016.09.19 21:57:19.961,1.03935,1.03979,1.25,1.19
2016.09.19 21:57:20.012,1.03935,1.03979,1.00,1.19
2016.09.19 21:57:20.064,1.03937,1.0398,1.00,1.19
2016.09.19 21:57:20.746,1.03937,1.03978,1.00,1.19
2016.09.19 21:57:21.053,1.03938,1.03976,1.00,1.19
2016.09.19 21:57:21.104,1.03936,1.03976,1.00,1.19
2016.09.19 21:57:21.155,1.03936,1.03977,1.00,2.25
2016.09.19 21:57:21.257,1.03936,1.03976,1.00,1.19
2016.09.19 21:57:21.607,1.03936,1.03979,1.00,1.50
2016.09.19 21:57:21.675,1.03936,1.03979,1.00,1.19
2016.09.19 21:57:21.777,1.03936,1.0398,1.00,1.50
2016.09.19 21:57:22.242,1.03936,1.03978,1.00,1.19
2016.09.19 21:57:22.366,1.03936,1.03979,1.00,1.50
2016.09.19 21:57:23.051,1.03936,1.03979,1.00,1.19
2016.09.19 21:57:23.382,1.03936,1.0398,1.00,1.50
2016.09.19 21:57:23.688,1.03936,1.03979,1.00,1.19
2016.09.19 21:57:23.892,1.03936,1.0398,1.00,1.50
2016.09.19 21:57:23.995,1.03936,1.03979,1.00,1.19
2016.09.19 21:57:24.752,1.03936,1.03981,1.00,2.25
2016.09.19 21:57:25.293,1.03936,1.0398,1.00,1.19
2016.09.19 21:57:25.345,1.03936,1.0398,1.75,1.00
2016.09.19 21:57:25.396,1.03938,1.03981,1.18,1.00
2016.09.19 21:57:25.447,1.03941,1.03986,1.75,1.25
2016.09.19 21:57:25.499,1.03942,1.03986,1.25,1.25
2016.09.19 21:57:25.550,1.03945,1.03989,1.00,1.37
2016.09.19 21:57:25.966,1.03945,1.0399,1.00,1.69
2016.09.19 21:57:26.069,1.03945,1.03988,1.00,1.37
2016.09.19 21:57:26.174,1.03945,1.03989,1.00,1.69
2016.09.19 21:57:26.225,1.03945,1.03989,1.00,1.37
2016.09.19 21:57:26.381,1.03945,1.0399,1.00,1.37
2016.09.19 21:57:26.433,1.03945,1.0399,1.00,1.94
2016.09.19 21:57:26.484,1.03945,1.03989,1.25,1.69
2016.09.19 21:57:26.535,1.03945,1.03989,1.25,1.37
2016.09.19 21:57:26.587,1.03945,1.03989,1.00,1.37
2016.09.19 21:57:27.268,1.03945,1.03988,1.00,1.37
2016.09.19 21:57:27.327,1.03943,1.03988,1.19,1.37
2016.09.19 21:57:27.379,1.03943,1.03989,1.19,1.69
2016.09.19 21:57:27.533,1.03943,1.03989,1.19,1.37
2016.09.19 21:57:27.584,1.03943,1.0399,1.19,1.87
2016.09.19 21:57:28.366,1.03943,1.03989,1.19,1.37
2016.09.19 21:57:28.469,1.03943,1.03981,1.00,1.37
2016.09.19 21:57:28.520,1.03937,1.03981,1.19,1.37
2016.09.19 21:57:28.572,1.0394,1.03979,1.19,1.37
2016.09.19 21:57:28.839,1.03941,1.03978,1.25,1.37
2016.09.19 21:57:28.890,1.03941,1.03978,1.25,1.87
2016.09.19 21:57:29.179,1.03936,1.03983,1.19,1.69
2016.09.19 21:57:29.230,1.03936,1.03983,1.19,2.25
2016.09.19 21:57:29.282,1.03937,1.03982,1.19,1.19
2016.09.19 21:57:29.333,1.03933,1.0398,1.43,1.25
2016.09.19 21:57:29.384,1.03933,1.0398,1.56,1.25
2016.09.19 21:57:29.436,1.03933,1.0398,2.31,1.25
2016.09.19 21:57:29.487,1.03934,1.0398,1.56,1.25
2016.09.19 21:57:29.716,1.03936,1.0398,4.18,1.00
2016.09.19 21:57:29.768,1.03938,1.03985,1.56,1.37
2016.09.19 21:57:29.887,1.03938,1.03985,1.56,1.44
2016.09.19 21:57:30.194,1.03938,1.03985,1.43,1.44
2016.09.19 21:57:30.752,1.03938,1.03985,1.19,1.87
2016.09.19 21:57:31.014,1.03938,1.03985,1.19,1.44
2016.09.19 21:57:31.065,1.03938,1.03985,1.56,1.44
2016.09.19 21:57:31.117,1.03938,1.03985,1.56,1.44
2016.09.19 21:57:31.372,1.03938,1.03985,1.56,1.87
2016.09.19 21:57:31.474,1.03938,1.03985,1.56,1.44
2016.09.19 21:57:31.576,1.03938,1.03985,1.56,1.87
2016.09.19 21:57:32.098,1.03938,1.03985,1.56,1.87
2016.09.19 21:57:32.451,1.03938,1.03985,1.56,1.44
2016.09.19 21:57:32.538,1.03938,1.03985,1.56,1.87
2016.09.19 21:57:33.058,1.03938,1.03983,1.56,1.19
2016.09.19 21:57:33.110,1.03938,1.03983,1.19,1.19
2016.09.19 21:57:33.161,1.03938,1.03985,1.19,1.87
2016.09.19 21:57:33.602,1.03938,1.03985,1.19,1.87
2016.09.19 21:57:33.706,1.03938,1.03985,1.19,1.87
2016.09.19 21:57:33.758,1.03938,1.03985,1.19,1.87
2016.09.19 21:57:33.906,1.03938,1.03985,1.19,1.87
2016.09.19 21:57:34.123,1.03938,1.03985,1.19,2.62
2016.09.19 21:57:34.175,1.03941,1.03982,1.25,1.00
2016.09.19 21:57:34.226,1.03941,1.03976,1.25,1.00
2016.09.19 21:57:34.279,1.03933,1.03976,1.56,1.00
2016.09.19 21:57:34.381,1.03947,1.03983,1.00,1.75
2016.09.19 21:57:34.433,1.03947,1.03982,1.00,1.69
2016.09.19 21:57:34.485,1.03947,1.03981,1.00,1.37
2016.09.19 21:57:34.740,1.03947,1.03979,1.00,1.37
2016.09.19 21:57:35.572,1.03947,1.03979,1.00,1.44
2016.09.19 21:57:36.048,1.03946,1.03979,1.00,1.37
2016.09.19 21:57:36.099,1.03939,1.03979,1.00,1.37
2016.09.19 21:57:36.151,1.03939,1.03979,1.00,2.44
2016.09.19 21:57:36.203,1.03947,1.03979,1.00,2.44
2016.09.19 21:57:36.305,1.03939,1.03979,1.00,2.44
2016.09.19 21:57:36.408,1.03947,1.03979,1.00,2.44
2016.09.19 21:57:36.574,1.03939,1.03979,1.00,2.44
2016.09.19 21:57:36.676,1.03947,1.03979,1.00,1.37
2016.09.19 21:57:36.728,1.03947,1.03971,1.00,1.00
2016.09.19 21:57:36.780,1.03936,1.0397,1.00,1.19
2016.09.19 21:57:36.831,1.03936,1.03967,1.00,1.19
2016.09.19 21:57:36.883,1.03927,1.03967,1.50,1.37
2016.09.19 21:57:36.934,1.03927,1.03967,2.25,1.37
2016.09.19 21:57:36.985,1.03922,1.03961,1.19,1.69
2016.09.19 21:57:37.168,1.03916,1.03958,1.19,1.25
2016.09.19 21:57:37.219,1.03916,1.03956,1.00,1.37
2016.09.19 21:57:37.296,1.03913,1.03956,1.00,1.37
2016.09.19 21:57:37.347,1.03913,1.03951,1.00,1.69
2016.09.19 21:57:37.398,1.03917,1.03951,1.00,1.69
2016.09.19 21:57:37.452,1.03917,1.03953,1.00,1.37
2016.09.19 21:57:37.602,1.03913,1.03953,1.00,1.37
2016.09.19 21:57:37.654,1.03911,1.03946,1.00,1.37
2016.09.19 21:57:37.807,1.03912,1.03946,1.00,1.87
2016.09.19 21:57:37.910,1.03906,1.03946,1.00,1.87
2016.09.19 21:57:37.962,1.03907,1.03942,1.00,1.69
2016.09.19 21:57:38.183,1.03912,1.03942,1.00,1.69
2016.09.19 21:57:38.235,1.03906,1.03943,1.00,2.44
2016.09.19 21:57:38.286,1.03901,1.03943,1.00,2.44
2016.09.19 21:57:38.389,1.03907,1.03939,1.00,1.37
2016.09.19 21:57:38.440,1.03907,1.03939,1.00,1.87
2016.09.19 21:57:38.805,1.03907,1.03938,1.00,1.37
2016.09.19 21:57:39.010,1.03901,1.03938,1.00,1.37
2016.09.19 21:57:39.286,1.03907,1.03935,1.00,1.44
2016.09.19 21:57:39.492,1.03907,1.03939,1.00,1.69
2016.09.19 21:57:40.645,1.03907,1.03939,1.00,1.37
2016.09.19 21:57:41.269,1.03906,1.03939,1.00,1.37
2016.09.19 21:57:41.677,1.03911,1.03939,1.00,1.37
2016.09.19 21:57:42.005,1.03911,1.03936,1.00,1.87
2016.09.19 21:57:42.908,1.03911,1.03936,1.00,1.37
2016.09.19 21:57:42.959,1.03911,1.03939,1.00,1.87
2016.09.19 21:57:43.061,1.03911,1.03939,1.00,1.44
2016.09.19 21:57:43.164,1.03911,1.03939,1.00,1.19
2016.09.19 21:57:43.216,1.03911,1.03943,1.00,1.37
2016.09.19 21:57:43.470,1.039,1.03945,1.37,2.62
2016.09.19 21:57:43.522,1.03906,1.03945,1.00,2.62
2016.09.19 21:57:43.574,1.03902,1.03945,1.00,2.62
2016.09.19 21:57:43.676,1.03906,1.03945,1.00,1.87
2016.09.19 21:57:43.982,1.03906,1.03945,1.00,1.37
2016.09.19 21:57:44.346,1.03906,1.03945,1.00,1.87
2016.09.19 21:57:44.998,1.039,1.03945,1.87,1.87
2016.09.19 21:57:45.050,1.039,1.03945,1.37,1.87
2016.09.19 21:57:45.101,1.03906,1.03945,1.00,1.87
2016.09.19 21:57:45.255,1.03906,1.03945,1.00,1.19
2016.09.19 21:57:45.359,1.03906,1.03944,1.00,1.44
2016.09.19 21:57:45.463,1.03907,1.03944,1.00,1.37
2016.09.19 21:57:45.864,1.03906,1.03944,1.00,1.87
2016.09.19 21:57:45.966,1.03906,1.03944,1.00,2.44
2016.09.19 21:57:46.171,1.03906,1.03943,1.00,1.37
2016.09.19 21:57:46.535,1.03906,1.03939,1.00,1.44
2016.09.19 21:57:47.152,1.03906,1.03939,1.00,1.19
2016.09.19 21:57:47.204,1.03906,1.03944,1.00,1.44
2016.09.19 21:57:47.255,1.03906,1.03945,1.00,1.19
2016.09.19 21:57:47.358,1.03907,1.03947,1.33,1.19
2016.09.19 21:57:47.411,1.03908,1.03948,1.37,1.19
2016.09.19 21:57:47.463,1.03912,1.0395,1.00,1.19
2016.09.19 21:57:47.558,1.03912,1.03951,1.00,1.44
2016.09.19 21:57:47.781,1.03912,1.03951,1.00,1.19
2016.09.19 21:57:48.850,1.03912,1.03951,1.19,1.25
2016.09.19 21:57:48.902,1.03913,1.03954,1.19,1.44
2016.09.19 21:57:49.280,1.03913,1.03954,1.25,1.37
2016.09.19 21:57:51.701,1.03913,1.03954,1.00,1.00
2016.09.19 21:57:51.804,1.03913,1.03954,1.50,1.00
2016.09.19 21:57:52.093,1.03916,1.03956,1.00,1.00
2016.09.19 21:57:52.196,1.03916,1.03956,1.00,1.19
2016.09.19 21:57:52.300,1.03916,1.03956,1.00,1.00
2016.09.19 21:57:53.863,1.03916,1.03956,1.00,1.25
2016.09.19 21:57:53.965,1.03916,1.03956,1.00,1.00
2016.09.19 21:57:55.485,1.03916,1.03956,1.24,1.69
2016.09.19 21:57:55.695,1.03916,1.03952,1.24,1.00
2016.09.19 21:57:55.771,1.03919,1.03952,1.33,1.50
2016.09.19 21:57:55.874,1.03919,1.03952,1.50,1.50
2016.09.19 21:57:55.976,1.03919,1.03952,1.00,1.00
2016.09.19 21:57:56.286,1.03918,1.03951,1.50,1.50
2016.09.19 21:57:58.103,1.03918,1.03951,1.00,1.00
2016.09.19 21:57:58.256,1.03916,1.03956,1.00,1.00
2016.09.19 21:57:58.563,1.03919,1.03958,1.00,1.00
2016.09.19 21:57:58.984,1.03916,1.03957,1.00,1.00
2016.09.19 21:57:59.088,1.03916,1.03957,1.12,1.00
2016.09.19 21:58:00.200,1.03916,1.03957,1.00,1.00
2016.09.19 21:58:00.507,1.03915,1.03954,1.00,1.00
2016.09.19 21:58:01.989,1.03915,1.03954,1.12,1.00
2016.09.19 21:58:03.124,1.03916,1.03958,1.00,1.00
2016.09.19 21:58:05.484,1.03916,1.03958,1.37,1.00
2016.09.19 21:58:08.474,1.03916,1.03958,1.37,1.50
2016.09.19 21:58:08.525,1.03916,1.03956,1.00,1.00
2016.09.19 21:58:08.577,1.03912,1.03954,1.12,1.00
2016.09.19 21:58:10.266,1.03912,1.03954,1.12,1.00
2016.09.19 21:58:10.317,1.0391,1.03951,1.37,1.00
2016.09.19 21:58:10.369,1.0391,1.03951,1.87,1.00
2016.09.19 21:58:10.471,1.03915,1.03957,1.00,1.00
2016.09.19 21:58:10.522,1.03915,1.03957,1.37,1.00
2016.09.19 21:58:16.426,1.03922,1.03957,1.00,1.00
2016.09.19 21:58:16.630,1.03917,1.03957,1.00,1.00
2016.09.19 21:58:16.732,1.03919,1.03959,1.00,1.00
2016.09.19 21:58:16.834,1.03921,1.03959,1.00,1.00
2016.09.19 21:58:20.110,1.03919,1.03959,1.00,1.00
2016.09.19 21:58:23.159,1.0392,1.03962,1.00,1.00
2016.09.19 21:58:27.527,1.0392,1.03962,1.87,1.00
2016.09.19 21:58:27.630,1.03923,1.03964,1.00,1.00
2016.09.19 21:58:27.783,1.03923,1.03964,1.00,1.00
2016.09.19 21:58:27.987,1.03923,1.03964,1.00,1.00
2016.09.19 21:58:29.912,1.03923,1.03964,1.00,1.00
2016.09.19 21:58:29.963,1.03923,1.03964,1.00,1.00
2016.09.19 21:58:31.889,1.0392,1.03962,1.37,1.00
2016.09.19 21:58:32.246,1.0392,1.03962,1.00,1.00
2016.09.19 21:58:32.574,1.03922,1.03962,1.00,1.00
2016.09.19 21:58:32.677,1.0392,1.03962,1.00,1.00
2016.09.19 21:58:32.729,1.03921,1.03962,1.00,1.00
2016.09.19 21:58:33.087,1.03921,1.0396,1.00,1.00
2016.09.19 21:58:33.675,1.03922,1.0396,1.00,1.00
2016.09.19 21:58:34.201,1.03921,1.0396,1.00,1.00
2016.09.19 21:58:34.303,1.03923,1.0396,1.00,1.00
2016.09.19 21:58:34.355,1.03924,1.03964,1.00,1.00
2016.09.19 21:58:34.457,1.03924,1.03964,1.12,1.00
2016.09.19 21:58:35.293,1.03924,1.03964,1.87,1.00
2016.09.19 21:58:35.717,1.03926,1.03964,1.00,1.00
2016.09.19 21:58:35.790,1.03927,1.03964,1.00,1.00
2016.09.19 21:58:36.246,1.03924,1.03964,1.00,1.00
2016.09.19 21:58:36.297,1.03922,1.03962,1.00,1.00
2016.09.19 21:58:37.912,1.03922,1.0396,1.00,1.00
2016.09.19 21:58:38.865,1.03927,1.0396,1.00,1.00
2016.09.19 21:58:39.070,1.03922,1.0396,1.00,1.00
2016.09.19 21:58:39.173,1.03926,1.0396,1.00,1.00
2016.09.19 21:58:39.377,1.03922,1.0396,1.00,1.00
2016.09.19 21:58:39.479,1.03926,1.0396,1.00,1.00
2016.09.19 21:58:39.922,1.03921,1.0396,1.00,1.00
2016.09.19 21:58:40.179,1.03927,1.0396,1.00,1.00
2016.09.19 21:58:40.588,1.03922,1.0396,1.00,1.00
2016.09.19 21:58:41.052,1.03927,1.0396,1.00,1.00
2016.09.19 21:58:41.139,1.03921,1.0396,1.00,1.00
2016.09.19 21:58:41.241,1.03926,1.0396,1.00,1.00
2016.09.19 21:58:41.479,1.03922,1.0396,1.00,1.00
2016.09.19 21:58:41.786,1.03927,1.0396,1.00,1.00
2016.09.19 21:58:42.162,1.03922,1.0396,1.00,1.00
2016.09.19 21:58:43.083,1.03926,1.0396,1.00,1.00
2016.09.19 21:58:43.432,1.03921,1.0396,1.00,1.00
2016.09.19 21:58:43.484,1.03926,1.0396,1.00,1.00
2016.09.19 21:58:43.688,1.03921,1.0396,1.00,1.00
2016.09.19 21:58:43.844,1.03926,1.0396,1.00,1.00
2016.09.19 21:58:44.050,1.03922,1.0396,1.00,1.00
2016.09.19 21:58:44.256,1.03926,1.0396,1.00,1.00
2016.09.19 21:58:44.461,1.03921,1.0396,1.00,1.00
2016.09.19 21:58:45.067,1.03927,1.0396,1.00,1.00
2016.09.19 21:58:45.271,1.03922,1.0396,1.00,1.00
2016.09.19 21:58:45.629,1.03926,1.0396,1.00,1.00
2016.09.19 21:58:45.936,1.03922,1.0396,1.00,1.00
2016.09.19 21:58:46.039,1.03927,1.0396,1.00,1.00
2016.09.19 21:58:46.345,1.03921,1.0396,1.00,1.00
2016.09.19 21:58:46.637,1.03926,1.0396,1.00,1.00
2016.09.19 21:58:46.841,1.03922,1.0396,1.00,1.00
2016.09.19 21:58:47.144,1.03927,1.0396,1.00,1.00
2016.09.19 21:58:47.246,1.03921,1.0396,1.00,1.00
2016.09.19 21:58:47.460,1.03926,1.0396,1.00,1.00
2016.09.19 21:58:47.615,1.03922,1.0396,1.00,1.00
2016.09.19 21:58:47.819,1.03926,1.0396,1.00,1.00
2016.09.19 21:58:47.921,1.03922,1.0396,1.00,1.00
2016.09.19 21:58:48.176,1.03927,1.0396,1.00,1.00
2016.09.19 21:58:48.333,1.03922,1.0396,1.00,1.00
2016.09.19 21:58:48.539,1.03926,1.0396,1.00,1.00
2016.09.19 21:58:48.744,1.03922,1.0396,1.00,1.00
2016.09.19 21:58:48.898,1.03922,1.03963,1.00,1.00
2016.09.19 21:58:48.949,1.03927,1.03963,1.00,1.00
2016.09.19 21:58:49.051,1.03921,1.03963,1.00,1.00
2016.09.19 21:58:50.621,1.0392,1.03963,1.00,1.00
2016.09.19 21:58:50.672,1.03919,1.03959,1.00,1.00
2016.09.19 21:58:50.987,1.03916,1.03955,1.00,1.00
2016.09.19 21:58:51.461,1.03917,1.03955,1.00,1.00
2016.09.19 21:58:51.667,1.03916,1.03955,1.00,1.00
2016.09.19 21:58:51.966,1.03916,1.03955,1.50,1.00
2016.09.19 21:58:52.161,1.03916,1.03955,1.00,1.00
2016.09.19 21:58:52.470,1.03917,1.03955,1.00,1.00
2016.09.19 21:58:52.648,1.03916,1.03955,1.00,1.00
2016.09.19 21:58:52.853,1.03917,1.03955,1.00,1.00
2016.09.19 21:58:53.057,1.03916,1.03955,1.00,1.00
2016.09.19 21:58:53.732,1.03917,1.03955,1.00,1.00
2016.09.19 21:58:53.936,1.03916,1.03955,1.00,1.00
2016.09.19 21:58:55.164,1.03917,1.03955,1.00,1.00
2016.09.19 21:58:55.267,1.03916,1.03955,1.00,1.00
2016.09.19 21:58:55.471,1.03917,1.03955,1.00,1.00
2016.09.19 21:58:55.675,1.03916,1.03955,1.00,1.00
2016.09.19 21:58:56.001,1.03916,1.03955,1.50,1.00
2016.09.19 21:58:56.071,1.03916,1.03955,1.00,1.00
2016.09.19 21:58:56.228,1.03916,1.03955,1.50,1.00
2016.09.19 21:58:56.331,1.03916,1.03955,1.00,1.00
2016.09.19 21:58:56.433,1.03916,1.03955,1.50,1.00
2016.09.19 21:58:56.638,1.03916,1.03955,1.00,1.00
2016.09.19 21:58:56.945,1.03917,1.03955,1.00,1.00
2016.09.19 21:58:57.142,1.03916,1.03955,1.00,1.00
2016.09.19 21:58:57.799,1.03913,1.03954,1.00,1.00
2016.09.19 21:58:58.170,1.03916,1.03954,1.00,1.00
2016.09.19 21:58:58.451,1.03913,1.03954,1.00,1.00
2016.09.19 21:58:58.553,1.03913,1.03954,1.00,1.00
2016.09.19 21:58:58.655,1.03913,1.03954,1.00,1.00
2016.09.19 21:58:58.808,1.03911,1.03954,1.50,1.00
2016.09.19 21:58:59.064,1.03914,1.03953,1.00,1.00
2016.09.19 21:58:59.901,1.03914,1.03948,1.00,1.00
2016.09.19 21:59:00.054,1.03911,1.03946,1.50,1.00
2016.09.19 21:59:00.106,1.03911,1.03944,1.00,1.00
2016.09.19 21:59:00.283,1.03907,1.03944,1.00,1.00
2016.09.19 21:59:00.335,1.03907,1.03947,1.00,1.00
2016.09.19 21:59:00.597,1.03912,1.0395,1.00,1.00
2016.09.19 21:59:01.060,1.0391,1.0395,1.00,1.00
2016.09.19 21:59:02.343,1.03912,1.0395,0.75,0.75
2016.09.19 21:59:02.553,1.0391,1.0395,0.75,0.75
2016.09.19 21:59:02.757,1.03911,1.0395,0.75,0.75
2016.09.19 21:59:03.061,1.0391,1.0395,0.75,0.75
2016.09.19 21:59:06.563,1.03912,1.03955,0.75,0.75
2016.09.19 21:59:10.318,1.03906,1.03943,0.37,1.50
2016.09.19 21:59:10.369,1.03904,1.03943,0.75,1.50
2016.09.19 21:59:10.861,1.03906,1.03943,0.75,1.50
2016.09.19 21:59:10.912,1.03906,1.03943,0.75,0.75
2016.09.19 21:59:11.065,1.03903,1.03943,1.50,0.75
2016.09.19 21:59:11.167,1.03906,1.03943,0.75,0.75
2016.09.19 21:59:11.463,1.039,1.03938,0.75,0.75
2016.09.19 21:59:11.514,1.03896,1.03935,0.75,0.75
2016.09.19 21:59:11.616,1.03896,1.03935,0.75,1.50
2016.09.19 21:59:11.719,1.03896,1.03935,0.75,0.75
2016.09.19 21:59:11.872,1.03896,1.03938,1.50,1.87
2016.09.19 21:59:11.924,1.03896,1.03932,0.75,0.75
2016.09.19 21:59:12.302,1.0389,1.03931,1.12,0.75
2016.09.19 21:59:12.353,1.0389,1.03929,0.37,0.75
2016.09.19 21:59:12.404,1.03891,1.03928,0.37,1.50
2016.09.19 21:59:12.622,1.03891,1.03928,0.37,1.50
2016.09.19 21:59:12.715,1.03893,1.03926,0.75,0.75
2016.09.19 21:59:12.766,1.03893,1.03928,0.75,0.75
2016.09.19 21:59:12.818,1.03891,1.03932,1.12,0.75
2016.09.19 21:59:12.869,1.03891,1.03932,0.75,0.75
2016.09.19 21:59:12.920,1.03892,1.0393,0.75,0.75
2016.09.19 21:59:13.207,1.03891,1.0393,1.12,0.75
2016.09.19 21:59:13.258,1.03891,1.0393,0.37,0.75
2016.09.19 21:59:13.310,1.03894,1.03935,0.75,0.75
2016.09.19 21:59:13.412,1.03892,1.03933,0.75,0.75
2016.09.19 21:59:13.514,1.0389,1.03931,1.50,0.75
2016.09.19 21:59:13.725,1.0389,1.03934,1.50,1.50
2016.09.19 21:59:13.778,1.03891,1.03934,0.37,1.50
2016.09.19 21:59:13.829,1.03891,1.03934,1.87,0.75
2016.09.19 21:59:13.881,1.03893,1.03934,1.12,0.75
2016.09.19 21:59:13.932,1.03897,1.03934,0.75,0.75
2016.09.19 21:59:13.986,1.03897,1.03943,0.75,2.25
2016.09.19 21:59:14.037,1.03897,1.03942,0.75,0.75
2016.09.19 21:59:14.192,1.03905,1.03945,0.75,0.75
2016.09.19 21:59:14.243,1.03911,1.03953,0.75,1.12
2016.09.19 21:59:14.295,1.03913,1.03953,0.75,0.37
2016.09.19 21:59:14.346,1.03913,1.03954,0.75,0.75
2016.09.19 21:59:14.397,1.03915,1.03957,0.75,0.75
2016.09.19 21:59:14.935,1.03914,1.03957,0.75,0.75
2016.09.19 21:59:15.094,1.03914,1.03955,0.75,0.75
2016.09.19 21:59:16.086,1.03914,1.03956,0.75,0.75
2016.09.19 21:59:16.628,1.0391,1.03955,0.75,1.50
2016.09.19 21:59:16.781,1.0391,1.03955,0.75,0.75
2016.09.19 21:59:16.833,1.0391,1.03954,0.75,0.24
2016.09.19 21:59:17.033,1.0391,1.03956,0.75,0.75
2016.09.19 21:59:17.084,1.0391,1.03951,0.75,0.75
2016.09.19 21:59:18.510,1.03911,1.03952,0.75,0.75
2016.09.19 21:59:19.276,1.03909,1.03949,0.75,0.75
2016.09.19 21:59:23.684,1.03907,1.03952,0.75,0.75
2016.09.19 21:59:24.306,1.03909,1.03949,0.75,0.75
2016.09.19 21:59:24.408,1.03908,1.03952,0.75,0.75
2016.09.19 21:59:24.460,1.03908,1.03953,0.75,0.75
2016.09.19 21:59:25.074,1.0391,1.03954,0.75,0.75
2016.09.19 21:59:25.731,1.03911,1.0395,0.75,0.75
2016.09.19 21:59:27.312,1.03911,1.03942,0.75,0.75
2016.09.19 21:59:27.414,1.039,1.0394,0.37,0.75
2016.09.19 21:59:28.188,1.03901,1.0394,0.75,0.75
2016.09.19 21:59:28.643,1.03901,1.03936,0.75,0.75
2016.09.19 21:59:29.259,1.03901,1.03934,0.75,0.75
2016.09.19 21:59:29.550,1.03897,1.03935,0.75,0.75
2016.09.19 21:59:29.704,1.03899,1.03935,0.75,0.75
2016.09.19 21:59:29.806,1.03907,1.0394,0.75,0.75
2016.09.19 21:59:29.857,1.03907,1.03949,0.75,0.75
2016.09.19 21:59:29.960,1.03911,1.0393,0.75,0.75
2016.09.19 21:59:30.012,1.03907,1.0393,0.75,0.75
2016.09.19 21:59:30.116,1.03901,1.03929,0.75,0.75
2016.09.19 21:59:30.219,1.03901,1.03934,0.75,0.75
2016.09.19 21:59:30.322,1.03903,1.03943,0.75,0.75
2016.09.19 21:59:30.374,1.03906,1.03945,0.75,0.75
2016.09.19 21:59:30.425,1.0391,1.03949,0.75,0.75
2016.09.19 21:59:31.195,1.0391,1.03946,0.75,1.12
2016.09.19 21:59:31.246,1.03906,1.03941,0.37,0.75
2016.09.19 21:59:31.297,1.03907,1.03941,0.75,0.75
2016.09.19 21:59:32.306,1.03912,1.03936,0.75,0.75
2016.09.19 21:59:32.882,1.03912,1.03935,0.75,0.75
2016.09.19 21:59:33.189,1.03912,1.03929,0.75,0.75
2016.09.19 21:59:33.293,1.03906,1.03924,0.75,0.75
2016.09.19 21:59:33.344,1.03906,1.03926,0.75,0.75
2016.09.19 21:59:33.396,1.03896,1.03926,0.75,0.75
2016.09.19 21:59:33.922,1.03896,1.03929,0.75,0.75
2016.09.19 21:59:34.025,1.03897,1.03924,0.75,0.75
2016.09.19 21:59:34.332,1.03897,1.03921,0.75,0.75
2016.09.19 21:59:35.125,1.03897,1.03919,0.75,0.75
2016.09.19 21:59:35.228,1.03897,1.03922,0.75,1.50
2016.09.19 21:59:35.436,1.03897,1.0392,0.75,0.75
2016.09.19 21:59:36.150,1.03897,1.03922,0.75,1.50
2016.09.19 21:59:36.252,1.03897,1.03921,0.75,0.75
2016.09.19 21:59:36.757,1.03897,1.03919,0.75,0.75
2016.09.19 21:59:37.950,1.03897,1.0392,0.75,0.75
2016.09.19 21:59:38.376,1.03897,1.03922,0.75,0.75
2016.09.19 21:59:38.428,1.03886,1.03922,0.75,0.75
2016.09.19 21:59:38.531,1.03886,1.03919,0.75,0.75
2016.09.19 21:59:39.439,1.03886,1.03917,0.75,0.75
2016.09.19 21:59:40.354,1.03886,1.03919,0.75,0.75
2016.09.19 21:59:40.456,1.03889,1.03927,0.75,0.75
2016.09.19 21:59:40.558,1.0389,1.0393,0.75,0.75
2016.09.19 21:59:40.763,1.03895,1.03935,0.75,0.75
2016.09.19 21:59:41.455,1.03895,1.03939,0.75,0.75
2016.09.19 21:59:42.863,1.03898,1.0394,0.75,0.75
2016.09.19 21:59:57.025,1.039,1.03941,0.75,0.75
