2012.10.10 22:00:00.430,0.83195,0.83247,0.75,0.75
2012.10.10 22:00:00.744,0.83196,0.83231,0.75,1.22
2012.10.10 22:00:00.814,0.83196,0.83234,0.75,0.75
2012.10.10 22:00:01.003,0.83194,0.83234,0.75,0.75
2012.10.10 22:00:01.619,0.83199,0.83234,1.05,0.75
2012.10.10 22:00:01.693,0.83199,0.83238,1.05,0.75
2012.10.10 22:00:01.953,0.83203,0.83238,1.05,0.75
2012.10.10 22:00:02.013,0.83198,0.83238,1.05,0.75
2012.10.10 22:00:02.073,0.83198,0.83236,1.05,0.75
2012.10.10 22:00:02.406,0.83203,0.83236,1.43,0.75
2012.10.10 22:00:03.283,0.83203,0.83238,1.43,0.75
2012.10.10 22:00:04.403,0.83206,0.83238,0.75,0.75
2012.10.10 22:00:05.092,0.83216,0.83241,0.75,1.43
2012.10.10 22:00:05.705,0.83217,0.83241,0.75,1.43
2012.10.10 22:00:06.354,0.83217,0.83243,0.75,0.75
2012.10.10 22:00:06.792,0.83217,0.83227,0.75,0.75
2012.10.10 22:00:08.014,0.83211,0.83227,1.43,0.75
2012.10.10 22:00:08.083,0.83207,0.83227,1.43,0.75
2012.10.10 22:00:08.463,0.83211,0.83227,0.75,0.75
2012.10.10 22:00:08.963,0.83216,0.83227,0.75,0.75
2012.10.10 22:00:09.488,0.83217,0.83227,0.75,0.75
2012.10.10 22:00:10.016,0.83212,0.83227,0.75,0.75
2012.10.10 22:00:10.553,0.83212,0.83228,0.75,0.75
2012.10.10 22:00:10.613,0.83216,0.83228,0.75,0.75
2012.10.10 22:00:11.339,0.83217,0.83228,0.75,0.75
2012.10.10 22:00:13.292,0.83217,0.83227,0.75,0.75
2012.10.10 22:00:13.896,0.83217,0.83228,0.75,0.75
2012.10.10 22:00:14.835,0.83217,0.83227,0.75,0.75
2012.10.10 22:00:15.435,0.83211,0.83227,0.75,0.75
2012.10.10 22:00:15.983,0.83212,0.83227,0.75,0.75
2012.10.10 22:00:17.492,0.83212,0.83228,2.18,0.75
2012.10.10 22:00:18.614,0.83212,0.83228,2.18,0.75
2012.10.10 22:00:18.863,0.83212,0.83228,0.75,0.75
2012.10.10 22:00:18.922,0.83212,0.83228,0.75,0.75
2012.10.10 22:00:19.051,0.83212,0.83228,2.18,0.75
2012.10.10 22:00:19.173,0.83212,0.83228,0.75,0.75
2012.10.10 22:00:19.232,0.83206,0.83228,0.75,0.75
2012.10.10 22:00:19.293,0.83208,0.83228,1.43,0.75
2012.10.10 22:00:19.477,0.83206,0.83228,0.75,0.75
2012.10.10 22:00:19.603,0.83205,0.83228,0.75,0.75
2012.10.10 22:00:19.663,0.83201,0.83228,1.43,0.75
2012.10.10 22:00:19.724,0.83201,0.83228,1.43,0.75
2012.10.10 22:00:20.184,0.83198,0.83228,2.18,0.75
2012.10.10 22:00:20.727,0.832,0.83227,1.43,0.75
2012.10.10 22:00:21.353,0.832,0.83227,2.86,0.75
2012.10.10 22:00:21.993,0.832,0.83227,1.43,0.75
2012.10.10 22:00:22.306,0.832,0.83235,1.43,0.38
2012.10.10 22:00:22.373,0.832,0.8324,1.43,2.25
2012.10.10 22:00:22.553,0.83206,0.83242,1.43,2.25
2012.10.10 22:00:22.854,0.83198,0.83215,1.43,0.75
2012.10.10 22:00:23.104,0.83188,0.83215,1.43,0.75
2012.10.10 22:00:24.494,0.83181,0.83215,1.80,0.75
2012.10.10 22:00:24.742,0.83188,0.83215,1.43,0.75
2012.10.10 22:00:25.703,0.83188,0.83214,1.43,0.75
2012.10.10 22:00:25.763,0.83186,0.83214,1.04,0.75
2012.10.10 22:00:26.063,0.83184,0.83214,1.43,0.75
2012.10.10 22:00:26.253,0.83182,0.83214,1.43,0.75
2012.10.10 22:00:26.812,0.83181,0.83214,1.43,0.75
2012.10.10 22:00:27.466,0.83178,0.83214,1.43,0.75
2012.10.10 22:00:27.533,0.83176,0.83214,1.43,0.75
2012.10.10 22:00:27.592,0.83175,0.83211,0.75,1.43
2012.10.10 22:00:27.902,0.83187,0.83212,0.75,1.43
2012.10.10 22:00:27.963,0.83176,0.83212,0.75,1.43
2012.10.10 22:00:28.034,0.83182,0.83214,0.75,0.75
2012.10.10 22:00:28.344,0.83187,0.83214,0.75,0.75
2012.10.10 22:00:29.066,0.83187,0.83215,0.75,0.75
2012.10.10 22:00:29.442,0.83178,0.83213,0.75,1.43
2012.10.10 22:00:30.087,0.83178,0.83214,0.75,2.18
2012.10.10 22:00:30.643,0.83178,0.83212,0.75,1.43
2012.10.10 22:00:31.126,0.83179,0.83215,1.43,0.75
2012.10.10 22:00:31.193,0.83178,0.83211,0.75,1.43
2012.10.10 22:00:31.908,0.83173,0.83213,1.43,1.43
2012.10.10 22:00:31.976,0.83171,0.83209,1.43,1.43
2012.10.10 22:00:32.283,0.83173,0.83211,1.43,1.43
2012.10.10 22:00:33.222,0.83176,0.83214,1.43,2.93
2012.10.10 22:00:33.582,0.83179,0.83214,0.75,0.75
2012.10.10 22:00:34.052,0.83182,0.83214,1.43,0.75
2012.10.10 22:00:36.192,0.83191,0.83215,1.43,0.75
2012.10.10 22:00:36.612,0.83194,0.83215,1.43,0.75
2012.10.10 22:00:37.413,0.83194,0.83214,1.43,0.75
2012.10.10 22:00:37.844,0.83199,0.83214,1.43,0.75
2012.10.10 22:00:38.153,0.83201,0.83214,1.43,0.75
2012.10.10 22:00:40.002,0.83197,0.83214,1.43,0.75
2012.10.10 22:00:44.346,0.83201,0.83214,1.43,0.75
2012.10.10 22:00:44.902,0.83201,0.83215,1.43,0.75
2012.10.10 22:00:46.578,0.83205,0.83215,1.43,0.75
2012.10.10 22:00:47.819,0.83202,0.83215,2.85,0.75
2012.10.10 22:00:50.542,0.832,0.83215,1.43,0.75
2012.10.10 22:00:50.603,0.83197,0.83215,1.43,0.75
2012.10.10 22:00:50.662,0.83193,0.83215,1.43,0.75
2012.10.10 22:00:57.482,0.83193,0.83214,1.43,0.75
2012.10.10 22:00:58.414,0.83188,0.83214,1.43,2.18
2012.10.10 22:01:01.067,0.83194,0.83214,1.43,0.75
2012.10.10 22:01:01.612,0.83194,0.83215,1.43,0.75
2012.10.10 22:01:05.856,0.83192,0.83215,1.43,0.75
2012.10.10 22:01:06.044,0.83192,0.83212,1.43,1.43
2012.10.10 22:01:06.114,0.83186,0.8321,1.43,1.43
2012.10.10 22:01:09.694,0.83186,0.83208,1.43,0.75
2012.10.10 22:01:10.955,0.83186,0.8321,1.43,1.43
2012.10.10 22:01:11.214,0.83182,0.83207,1.43,1.43
2012.10.10 22:01:12.482,0.83182,0.83205,1.43,0.75
2012.10.10 22:01:22.023,0.83182,0.83201,1.43,0.75
2012.10.10 22:01:22.083,0.83179,0.83201,1.43,0.75
2012.10.10 22:01:28.562,0.83179,0.83202,1.43,0.75
2012.10.10 22:01:30.302,0.83176,0.83199,1.43,2.18
2012.10.10 22:01:30.543,0.83174,0.83199,1.43,2.18
2012.10.10 22:01:35.942,0.83178,0.83199,1.43,0.75
2012.10.10 22:01:36.061,0.83178,0.83202,1.43,1.43
2012.10.10 22:01:40.263,0.83186,0.83202,0.75,1.43
2012.10.10 22:01:40.384,0.83182,0.83202,0.75,1.43
2012.10.10 22:01:46.295,0.83178,0.83202,1.43,1.43
2012.10.10 22:01:46.725,0.83184,0.83208,1.43,1.43
2012.10.10 22:01:50.882,0.83184,0.83202,1.43,0.75
2012.10.10 22:01:52.904,0.83184,0.83205,1.43,1.50
2012.10.10 22:01:53.094,0.83184,0.83203,1.43,0.75
2012.10.10 22:01:53.804,0.83184,0.83205,1.43,0.75
2012.10.10 22:01:53.873,0.83187,0.83205,1.43,0.75
2012.10.10 22:01:54.052,0.83188,0.83211,1.43,0.75
2012.10.10 22:01:54.352,0.83183,0.83207,1.43,1.43
2012.10.10 22:01:57.216,0.83187,0.83207,0.75,1.43
2012.10.10 22:01:57.295,0.83183,0.83207,1.43,1.43
2012.10.10 22:02:00.905,0.83186,0.83207,0.75,1.43
2012.10.10 22:02:01.924,0.83187,0.83207,0.75,1.43
2012.10.10 22:02:08.493,0.83183,0.83207,1.43,1.43
2012.10.10 22:02:08.672,0.83181,0.83203,0.75,1.43
2012.10.10 22:02:15.234,0.83179,0.83201,1.43,1.43
2012.10.10 22:02:15.293,0.83174,0.832,1.43,1.43
2012.10.10 22:02:15.474,0.83172,0.83197,0.75,1.43
2012.10.10 22:02:15.782,0.8317,0.83197,1.43,1.43
2012.10.10 22:02:18.313,0.83171,0.83197,0.75,1.43
2012.10.10 22:02:20.223,0.83171,0.83189,0.75,1.43
2012.10.10 22:02:23.913,0.83171,0.83197,2.18,1.43
2012.10.10 22:02:37.810,0.83192,0.83202,1.43,2.18
2012.10.10 22:02:37.993,0.83202,0.83213,1.43,0.38
2012.10.10 22:02:38.293,0.83197,0.83213,1.43,0.38
2012.10.10 22:02:38.962,0.83197,0.83221,1.43,1.80
2012.10.10 22:02:40.334,0.83192,0.83216,2.18,1.43
2012.10.10 22:02:41.256,0.83195,0.83218,1.43,1.43
2012.10.10 22:02:41.322,0.83195,0.83221,1.43,1.80
2012.10.10 22:02:42.012,0.83193,0.83214,1.43,1.43
2012.10.10 22:02:42.672,0.83192,0.83214,0.75,1.43
2012.10.10 22:02:46.072,0.83194,0.83218,1.43,1.43
2012.10.10 22:02:46.315,0.83192,0.83215,0.75,1.43
2012.10.10 22:02:46.623,0.83192,0.83207,0.75,1.43
2012.10.10 22:02:46.683,0.83182,0.83206,0.75,1.43
2012.10.10 22:02:46.742,0.83182,0.83201,0.75,1.43
2012.10.10 22:02:51.342,0.83182,0.83197,0.75,1.43
2012.10.10 22:02:52.705,0.83177,0.83197,0.75,1.43
2012.10.10 22:02:52.854,0.83178,0.832,1.43,1.43
2012.10.10 22:02:52.983,0.83178,0.83202,1.43,1.43
2012.10.10 22:02:53.043,0.83192,0.83202,0.75,1.43
2012.10.10 22:02:53.102,0.83178,0.83202,1.43,1.43
2012.10.10 22:02:53.223,0.83177,0.83197,0.75,1.43
2012.10.10 22:02:54.524,0.83176,0.83197,0.75,1.43
2012.10.10 22:02:58.304,0.83171,0.83197,1.50,1.43
2012.10.10 22:02:58.829,0.83172,0.83197,0.75,1.43
2012.10.10 22:02:59.242,0.83177,0.83197,0.75,1.43
2012.10.10 22:03:09.692,0.83177,0.83198,0.75,1.43
2012.10.10 22:03:09.752,0.83177,0.832,0.75,1.43
2012.10.10 22:03:16.971,0.8318,0.83203,1.43,1.43
2012.10.10 22:03:17.464,0.83182,0.83204,0.75,1.43
2012.10.10 22:03:17.952,0.8318,0.83204,1.43,1.43
2012.10.10 22:03:18.572,0.83182,0.83204,0.75,1.43
2012.10.10 22:03:20.483,0.8318,0.83204,1.43,1.43
2012.10.10 22:03:20.995,0.83181,0.83204,0.75,1.43
2012.10.10 22:03:22.633,0.8318,0.83204,1.43,1.43
2012.10.10 22:03:31.022,0.8318,0.83203,1.43,0.75
2012.10.10 22:03:31.152,0.83175,0.83201,1.43,1.43
2012.10.10 22:03:33.242,0.83171,0.83195,0.75,1.43
2012.10.10 22:03:33.766,0.83172,0.83195,0.75,1.43
2012.10.10 22:03:39.252,0.83176,0.83195,0.75,1.43
2012.10.10 22:03:39.312,0.83171,0.83195,0.75,1.43
2012.10.10 22:03:39.503,0.83177,0.83195,0.75,1.43
2012.10.10 22:03:40.263,0.83172,0.83195,0.75,1.43
2012.10.10 22:03:53.002,0.83187,0.83195,0.75,1.43
2012.10.10 22:03:53.146,0.83177,0.83195,0.75,1.43
2012.10.10 22:03:53.333,0.83172,0.83195,0.75,1.43
2012.10.10 22:03:53.712,0.8317,0.83195,1.50,1.43
2012.10.10 22:03:55.193,0.83171,0.83195,1.50,1.43
2012.10.10 22:03:55.592,0.83168,0.83189,1.43,1.43
2012.10.10 22:03:55.655,0.83163,0.83189,1.43,1.43
2012.10.10 22:03:56.022,0.83161,0.83181,1.43,1.43
2012.10.10 22:03:56.204,0.83157,0.83181,1.43,1.43
2012.10.10 22:04:00.901,0.83159,0.83181,1.50,1.43
2012.10.10 22:04:01.213,0.83157,0.83181,1.43,1.43
2012.10.10 22:04:03.982,0.83157,0.83181,1.43,2.18
2012.10.10 22:04:04.043,0.83151,0.83175,2.18,1.43
2012.10.10 22:04:04.223,0.83154,0.83179,1.43,1.43
2012.10.10 22:04:04.342,0.83151,0.83175,1.43,1.43
2012.10.10 22:04:04.653,0.83147,0.83171,1.43,1.43
2012.10.10 22:04:04.893,0.83142,0.83168,1.43,1.43
2012.10.10 22:04:05.554,0.8315,0.8317,1.43,1.43
2012.10.10 22:04:05.685,0.8315,0.83174,1.43,1.43
2012.10.10 22:04:07.903,0.8315,0.83172,1.43,1.43
2012.10.10 22:04:07.963,0.83145,0.83171,2.18,1.43
2012.10.10 22:04:08.333,0.83145,0.83169,1.43,1.43
2012.10.10 22:04:08.408,0.83141,0.83167,1.43,1.43
2012.10.10 22:04:08.535,0.83145,0.83167,1.43,1.43
2012.10.10 22:04:08.603,0.83147,0.83173,1.43,1.43
2012.10.10 22:04:14.603,0.83153,0.83177,1.43,2.18
2012.10.10 22:04:14.842,0.83153,0.83177,1.43,1.43
2012.10.10 22:04:16.842,0.83157,0.83174,1.43,1.43
2012.10.10 22:04:19.832,0.83155,0.83168,1.43,1.43
2012.10.10 22:04:19.896,0.83151,0.83168,1.43,1.43
2012.10.10 22:04:22.154,0.83155,0.83172,1.43,1.43
2012.10.10 22:04:25.195,0.83152,0.83168,1.43,1.43
2012.10.10 22:04:25.262,0.83148,0.83168,1.43,1.43
2012.10.10 22:04:32.133,0.83152,0.83172,1.43,1.43
2012.10.10 22:04:32.434,0.83156,0.83174,1.43,1.43
2012.10.10 22:04:32.505,0.83154,0.83174,1.43,1.43
2012.10.10 22:04:32.694,0.83159,0.83176,1.43,1.43
2012.10.10 22:04:32.763,0.83156,0.83174,1.43,1.43
2012.10.10 22:04:32.822,0.83154,0.83174,1.43,1.43
2012.10.10 22:04:33.002,0.83159,0.83175,1.43,1.43
2012.10.10 22:04:33.552,0.83159,0.83176,1.43,1.43
2012.10.10 22:04:33.854,0.83185,0.83192,1.43,3.98
2012.10.10 22:04:34.042,0.83202,0.83209,1.43,1.13
2012.10.10 22:04:34.101,0.83217,0.83221,1.43,1.13
2012.10.10 22:04:34.343,0.83204,0.83225,2.18,1.23
2012.10.10 22:04:34.463,0.83217,0.83228,1.43,1.43
2012.10.10 22:04:34.523,0.83209,0.83228,1.43,1.43
2012.10.10 22:04:34.582,0.83211,0.83239,1.43,2.93
2012.10.10 22:04:35.302,0.83209,0.83233,1.43,1.43
2012.10.10 22:04:35.854,0.83208,0.83233,1.43,1.43
2012.10.10 22:04:37.523,0.83197,0.83221,1.50,1.43
2012.10.10 22:04:37.823,0.83184,0.8321,1.43,1.43
2012.10.10 22:04:39.051,0.83188,0.83211,1.43,1.43
2012.10.10 22:04:39.172,0.83188,0.83214,1.43,1.43
2012.10.10 22:04:41.232,0.832,0.83215,1.43,1.43
2012.10.10 22:04:41.294,0.832,0.83225,1.43,1.43
2012.10.10 22:04:41.713,0.83199,0.83232,1.43,1.43
2012.10.10 22:04:41.833,0.83199,0.83226,1.43,1.43
2012.10.10 22:04:43.633,0.83198,0.83221,1.43,1.43
2012.10.10 22:04:43.704,0.83196,0.83221,1.43,1.80
2012.10.10 22:04:44.112,0.83194,0.83223,1.43,1.80
2012.10.10 22:04:44.232,0.83189,0.8323,1.50,3.15
2012.10.10 22:04:45.647,0.8319,0.8323,1.50,2.40
2012.10.10 22:04:45.952,0.83195,0.8323,1.50,2.40
2012.10.10 22:04:46.012,0.83194,0.8323,1.50,3.90
2012.10.10 22:04:46.561,0.83192,0.83229,1.43,2.40
2012.10.10 22:04:46.633,0.83189,0.83229,1.43,2.40
2012.10.10 22:04:47.056,0.83193,0.8323,1.43,1.73
2012.10.10 22:04:47.372,0.83196,0.83231,1.43,1.58
2012.10.10 22:04:47.923,0.83194,0.83231,1.43,1.58
2012.10.10 22:04:48.402,0.83198,0.83231,1.50,1.58
2012.10.10 22:04:48.909,0.83199,0.83231,3.00,1.73
2012.10.10 22:04:50.763,0.83202,0.8323,1.50,1.73
2012.10.10 22:04:51.361,0.83204,0.8323,1.50,1.73
2012.10.10 22:04:51.662,0.8321,0.8322,1.50,1.18
2012.10.10 22:04:51.963,0.83207,0.8322,1.50,1.18
2012.10.10 22:04:52.086,0.83198,0.8323,1.43,1.58
2012.10.10 22:04:52.155,0.83194,0.83231,2.25,1.58
2012.10.10 22:04:52.462,0.83194,0.8322,1.43,1.13
2012.10.10 22:04:52.821,0.83185,0.83221,1.50,2.68
2012.10.10 22:04:52.881,0.83185,0.83221,1.50,1.93
2012.10.10 22:04:53.314,0.83183,0.83221,1.50,1.93
2012.10.10 22:04:53.961,0.83186,0.83221,1.50,1.93
2012.10.10 22:04:55.251,0.83181,0.83221,1.50,1.93
2012.10.10 22:04:55.432,0.83182,0.8322,1.50,2.18
2012.10.10 22:04:55.493,0.83176,0.8322,1.50,2.18
2012.10.10 22:04:56.011,0.83176,0.8322,1.50,2.18
2012.10.10 22:04:56.897,0.83179,0.83221,1.50,1.88
2012.10.10 22:04:57.023,0.83187,0.83221,1.50,1.88
2012.10.10 22:04:57.553,0.83188,0.8322,1.50,1.13
2012.10.10 22:04:57.964,0.83188,0.83221,1.50,1.13
2012.10.10 22:04:58.034,0.83193,0.83221,1.50,1.13
2012.10.10 22:04:59.024,0.83192,0.83225,1.50,1.58
2012.10.10 22:04:59.669,0.83193,0.83225,1.50,1.58
2012.10.10 22:05:00.172,0.83192,0.83225,1.50,1.58
2012.10.10 22:05:00.484,0.83199,0.83231,1.43,1.58
2012.10.10 22:05:00.854,0.83195,0.8323,2.25,3.08
2012.10.10 22:05:01.553,0.83194,0.8323,1.50,1.58
2012.10.10 22:05:02.912,0.83195,0.8323,1.50,3.23
2012.10.10 22:05:03.554,0.83195,0.8323,2.25,3.23
2012.10.10 22:05:03.620,0.83205,0.83231,2.25,1.73
2012.10.10 22:05:03.863,0.83201,0.83231,3.68,1.73
2012.10.10 22:05:03.924,0.83201,0.83231,2.93,1.73
2012.10.10 22:05:04.472,0.83199,0.8323,1.43,1.73
2012.10.10 22:05:04.600,0.83196,0.8323,4.50,1.73
2012.10.10 22:05:06.132,0.83198,0.8323,1.50,1.73
2012.10.10 22:05:09.012,0.83198,0.8323,1.50,1.73
2012.10.10 22:05:10.111,0.83197,0.8323,1.50,1.73
2012.10.10 22:05:10.767,0.83196,0.8323,3.75,1.73
2012.10.10 22:05:11.533,0.83196,0.8323,2.25,1.73
2012.10.10 22:05:11.597,0.83196,0.8323,1.50,1.73
2012.10.10 22:05:12.266,0.83197,0.8323,1.50,1.73
2012.10.10 22:05:14.972,0.83196,0.8323,1.50,1.73
2012.10.10 22:05:15.692,0.83192,0.8323,2.25,1.73
2012.10.10 22:05:19.411,0.83191,0.8323,1.50,1.73
2012.10.10 22:05:19.912,0.83192,0.8323,1.50,1.65
2012.10.10 22:05:20.353,0.83194,0.8323,1.43,1.65
2012.10.10 22:05:20.413,0.83191,0.83229,3.68,2.33
2012.10.10 22:05:20.952,0.83191,0.83229,1.43,2.33
2012.10.10 22:05:21.453,0.83193,0.83229,1.50,2.33
2012.10.10 22:05:21.772,0.83203,0.83227,1.43,2.33
2012.10.10 22:05:23.143,0.83205,0.83227,1.43,2.33
2012.10.10 22:05:23.752,0.83207,0.8323,1.43,1.58
2012.10.10 22:05:35.868,0.83212,0.83231,1.43,1.65
2012.10.10 22:05:39.932,0.83212,0.83225,1.43,1.71
2012.10.10 22:05:40.003,0.83212,0.83231,1.43,1.65
2012.10.10 22:05:41.439,0.83207,0.83231,1.43,1.65
2012.10.10 22:05:43.802,0.83207,0.83231,1.43,1.65
2012.10.10 22:05:49.354,0.83207,0.83231,1.43,1.65
2012.10.10 22:05:50.542,0.83201,0.83228,1.43,2.33
2012.10.10 22:05:55.308,0.832,0.83223,1.43,1.80
2012.10.10 22:05:55.372,0.83197,0.83223,1.43,1.80
2012.10.10 22:05:55.495,0.83195,0.83218,1.43,1.43
2012.10.10 22:05:55.924,0.83194,0.83217,1.43,2.18
2012.10.10 22:05:56.543,0.83194,0.83218,1.43,2.18
2012.10.10 22:05:56.614,0.83197,0.83219,1.43,1.50
2012.10.10 22:05:56.754,0.83191,0.83217,1.43,2.18
2012.10.10 22:05:56.823,0.83191,0.83217,1.43,2.18
2012.10.10 22:05:57.244,0.83191,0.83214,1.43,2.18
2012.10.10 22:05:57.313,0.83188,0.83212,1.43,1.43
2012.10.10 22:05:58.332,0.83191,0.83212,1.43,1.43
2012.10.10 22:05:58.391,0.83193,0.83216,1.43,1.50
2012.10.10 22:06:03.319,0.83193,0.83217,1.43,1.43
2012.10.10 22:06:04.475,0.83193,0.83214,1.43,1.43
2012.10.10 22:06:04.546,0.83187,0.83213,1.43,1.43
2012.10.10 22:06:05.423,0.83189,0.83213,1.43,2.18
2012.10.10 22:06:05.764,0.83192,0.83212,1.43,1.43
2012.10.10 22:06:06.090,0.83192,0.83212,1.43,2.18
2012.10.10 22:06:06.414,0.83192,0.83209,1.43,1.50
2012.10.10 22:06:06.593,0.83186,0.83208,1.43,1.50
2012.10.10 22:06:06.833,0.83186,0.83207,1.43,1.50
2012.10.10 22:06:08.263,0.83186,0.83206,1.43,1.43
2012.10.10 22:06:08.322,0.83183,0.83205,1.43,1.43
2012.10.10 22:06:09.834,0.83185,0.83205,1.43,1.43
2012.10.10 22:06:10.399,0.83188,0.83207,1.43,1.43
2012.10.10 22:06:12.352,0.83192,0.8321,1.43,2.18
2012.10.10 22:06:12.863,0.83192,0.83212,1.43,2.18
2012.10.10 22:06:18.953,0.8319,0.83207,1.43,1.43
2012.10.10 22:06:19.013,0.83186,0.83207,1.43,1.43
2012.10.10 22:06:19.492,0.83184,0.83207,1.43,1.43
2012.10.10 22:06:19.612,0.83183,0.83207,1.43,2.18
2012.10.10 22:06:21.682,0.8318,0.83204,1.43,1.43
2012.10.10 22:06:22.192,0.83179,0.83204,1.43,2.18
2012.10.10 22:06:23.666,0.83176,0.832,2.85,1.43
2012.10.10 22:06:26.254,0.83176,0.832,1.43,2.18
2012.10.10 22:06:26.375,0.83164,0.83188,1.43,1.43
2012.10.10 22:06:27.313,0.83169,0.83193,1.43,1.43
2012.10.10 22:06:28.132,0.83169,0.8319,1.43,1.43
2012.10.10 22:06:28.552,0.83164,0.83188,1.43,1.43
2012.10.10 22:06:28.794,0.83159,0.83186,1.43,1.43
2012.10.10 22:06:29.769,0.83158,0.83181,1.43,1.43
2012.10.10 22:06:29.896,0.83152,0.83176,1.43,1.43
2012.10.10 22:06:30.723,0.83154,0.83178,1.43,1.43
2012.10.10 22:06:30.784,0.83154,0.8318,1.43,1.43
2012.10.10 22:06:32.923,0.8316,0.83183,1.43,1.43
2012.10.10 22:06:32.984,0.8316,0.83186,1.43,2.18
2012.10.10 22:06:33.542,0.8316,0.83186,1.43,2.18
2012.10.10 22:06:33.663,0.83151,0.83177,1.43,1.43
2012.10.10 22:06:33.905,0.83154,0.83177,1.43,1.43
2012.10.10 22:06:33.974,0.83156,0.83182,1.43,1.43
2012.10.10 22:06:37.909,0.83159,0.83182,1.43,1.43
2012.10.10 22:06:38.243,0.83161,0.83187,1.43,2.18
2012.10.10 22:06:40.987,0.83161,0.83183,1.43,1.50
2012.10.10 22:06:41.381,0.83161,0.83181,1.43,1.50
2012.10.10 22:06:42.695,0.83159,0.83181,1.43,1.88
2012.10.10 22:06:42.765,0.83156,0.83181,1.43,2.25
2012.10.10 22:06:42.834,0.83152,0.83179,1.43,2.18
2012.10.10 22:06:42.911,0.83151,0.83172,1.43,1.43
2012.10.10 22:06:42.976,0.83146,0.83172,1.43,1.43
2012.10.10 22:06:43.404,0.83149,0.83174,1.43,1.43
2012.10.10 22:06:43.854,0.83149,0.83176,1.43,2.18
2012.10.10 22:06:45.433,0.83148,0.83172,1.43,1.43
2012.10.10 22:06:45.493,0.83144,0.83172,1.43,1.43
2012.10.10 22:06:45.824,0.83146,0.83172,1.43,1.43
2012.10.10 22:06:46.208,0.83149,0.83175,1.43,2.18
2012.10.10 22:06:46.526,0.83149,0.83175,1.43,2.18
2012.10.10 22:06:46.596,0.83142,0.83168,1.43,1.43
2012.10.10 22:06:46.903,0.83146,0.83173,1.43,2.18
2012.10.10 22:06:46.963,0.83146,0.83173,1.43,2.18
2012.10.10 22:06:47.444,0.83149,0.83177,1.43,2.18
2012.10.10 22:06:47.815,0.83149,0.83177,1.43,2.55
2012.10.10 22:06:50.923,0.83153,0.83179,1.43,2.93
2012.10.10 22:06:52.124,0.83145,0.83171,1.43,1.43
2012.10.10 22:06:52.378,0.83149,0.83173,1.43,2.18
2012.10.10 22:06:54.225,0.83145,0.83173,1.43,2.18
2012.10.10 22:06:54.354,0.83141,0.83167,1.43,1.43
2012.10.10 22:06:54.538,0.83145,0.83171,1.43,1.43
2012.10.10 22:06:54.903,0.83149,0.83175,1.43,2.18
2012.10.10 22:06:55.444,0.83153,0.83179,1.43,2.18
2012.10.10 22:06:57.743,0.83153,0.83179,1.43,2.18
2012.10.10 22:06:59.244,0.83153,0.83173,1.43,1.43
2012.10.10 22:06:59.304,0.83145,0.8317,1.43,1.43
2012.10.10 22:06:59.863,0.83147,0.83175,1.43,1.43
2012.10.10 22:07:00.044,0.83147,0.83171,1.43,1.43
2012.10.10 22:07:00.103,0.83143,0.8317,1.43,1.43
2012.10.10 22:07:00.283,0.83147,0.83175,1.43,2.18
2012.10.10 22:07:00.403,0.83147,0.83175,1.43,2.18
2012.10.10 22:07:08.986,0.83153,0.83176,1.43,2.18
2012.10.10 22:07:10.914,0.83156,0.83181,1.43,1.88
2012.10.10 22:07:11.713,0.83152,0.83179,1.43,2.18
2012.10.10 22:07:17.674,0.83148,0.83176,1.43,2.18
2012.10.10 22:07:17.744,0.83148,0.83172,1.43,1.43
2012.10.10 22:07:17.805,0.83143,0.83169,1.43,1.43
2012.10.10 22:07:18.005,0.83146,0.83171,1.43,1.88
2012.10.10 22:07:18.314,0.8315,0.83172,1.43,2.63
2012.10.10 22:07:19.635,0.83147,0.83172,1.43,2.63
2012.10.10 22:07:26.284,0.83151,0.83171,1.43,1.13
2012.10.10 22:07:27.383,0.83146,0.83171,1.43,2.55
2012.10.10 22:07:27.802,0.83148,0.83171,1.43,2.55
2012.10.10 22:07:28.416,0.8315,0.83171,1.43,1.13
2012.10.10 22:07:32.293,0.83145,0.83171,1.43,2.55
2012.10.10 22:07:45.414,0.83145,0.83171,1.43,2.18
2012.10.10 22:07:46.035,0.83145,0.83171,1.43,1.43
2012.10.10 22:07:50.853,0.83139,0.83164,1.43,1.43
2012.10.10 22:07:51.324,0.83142,0.8317,1.43,2.10
2012.10.10 22:08:01.093,0.83143,0.83169,1.43,1.43
2012.10.10 22:08:02.378,0.83143,0.83168,1.43,1.50
2012.10.10 22:08:04.221,0.8314,0.83161,1.43,1.43
2012.10.10 22:08:04.286,0.83135,0.83161,1.43,1.43
2012.10.10 22:08:04.355,0.83142,0.83168,1.43,2.93
2012.10.10 22:08:04.862,0.83142,0.83168,1.43,2.93
2012.10.10 22:08:06.364,0.83142,0.83162,1.43,1.43
2012.10.10 22:08:06.493,0.83132,0.8316,3.68,1.43
2012.10.10 22:08:06.793,0.8314,0.8316,1.43,1.43
2012.10.10 22:08:06.853,0.83142,0.83168,1.43,2.93
2012.10.10 22:08:08.304,0.83142,0.83168,1.43,2.93
2012.10.10 22:08:10.119,0.8314,0.83167,1.43,1.43
2012.10.10 22:08:10.191,0.8314,0.83164,1.43,1.43
2012.10.10 22:08:10.260,0.83135,0.83163,1.43,1.43
2012.10.10 22:08:10.412,0.83138,0.83163,1.43,1.43
2012.10.10 22:08:10.734,0.83139,0.83167,1.43,2.18
2012.10.10 22:08:10.863,0.83133,0.83161,1.43,2.18
2012.10.10 22:08:10.984,0.83135,0.83161,1.43,1.43
2012.10.10 22:08:11.603,0.83137,0.83165,1.43,2.18
2012.10.10 22:08:12.752,0.83137,0.83165,1.43,2.18
2012.10.10 22:08:14.075,0.83137,0.83165,1.43,2.18
2012.10.10 22:08:16.396,0.83137,0.83161,1.43,1.50
2012.10.10 22:08:16.465,0.83133,0.83161,1.43,2.93
2012.10.10 22:08:16.534,0.83133,0.83161,1.43,2.18
2012.10.10 22:08:18.846,0.83133,0.83154,1.43,1.43
2012.10.10 22:08:18.915,0.83124,0.83152,2.18,1.43
2012.10.10 22:08:19.224,0.83124,0.83152,3.68,1.43
2012.10.10 22:08:22.723,0.83132,0.83158,1.43,1.43
2012.10.10 22:08:22.784,0.83129,0.83157,1.43,1.43
2012.10.10 22:08:22.963,0.83137,0.83159,1.43,1.43
2012.10.10 22:08:23.024,0.83137,0.83163,1.43,2.18
2012.10.10 22:08:24.812,0.83137,0.83162,1.43,1.50
2012.10.10 22:08:24.934,0.83132,0.8316,1.43,2.18
2012.10.10 22:08:25.418,0.83132,0.8316,2.18,1.43
2012.10.10 22:08:25.485,0.83132,0.8316,1.43,1.43
2012.10.10 22:08:25.555,0.83137,0.83161,1.43,1.43
2012.10.10 22:08:25.683,0.83133,0.83159,1.43,2.18
2012.10.10 22:08:26.207,0.83133,0.83159,1.43,1.43
2012.10.10 22:08:27.849,0.83129,0.83156,1.43,1.43
2012.10.10 22:08:28.626,0.83116,0.83158,2.18,3.68
2012.10.10 22:08:28.933,0.83119,0.83158,1.43,2.18
2012.10.10 22:08:29.278,0.83121,0.8316,1.43,1.58
2012.10.10 22:08:30.385,0.83114,0.83155,2.18,2.18
2012.10.10 22:08:30.919,0.83114,0.83155,2.18,2.18
2012.10.10 22:08:31.474,0.83114,0.83155,2.18,2.18
2012.10.10 22:08:32.624,0.83118,0.83157,2.18,2.18
2012.10.10 22:08:32.865,0.83124,0.83161,2.18,1.50
2012.10.10 22:08:33.141,0.83124,0.83163,2.18,2.78
2012.10.10 22:08:33.675,0.83122,0.83161,2.18,2.18
2012.10.10 22:08:33.896,0.83122,0.83157,2.18,2.18
2012.10.10 22:08:34.626,0.83119,0.83161,2.18,2.18
2012.10.10 22:08:35.324,0.83122,0.83156,1.50,2.18
2012.10.10 22:08:35.384,0.83122,0.83156,1.50,2.18
2012.10.10 22:08:35.563,0.83122,0.83161,1.50,2.63
2012.10.10 22:08:37.157,0.83122,0.83159,2.25,1.13
2012.10.10 22:08:38.540,0.83123,0.83159,1.43,1.13
2012.10.10 22:08:38.855,0.83123,0.83159,2.18,1.13
2012.10.10 22:08:43.196,0.83124,0.83154,1.43,1.50
2012.10.10 22:08:43.385,0.83119,0.83155,1.50,3.75
2012.10.10 22:08:43.765,0.83119,0.83158,1.50,1.50
2012.10.10 22:08:44.182,0.83119,0.83154,1.50,1.50
2012.10.10 22:08:46.287,0.83117,0.83154,1.50,1.50
2012.10.10 22:08:46.594,0.8311,0.83148,2.93,1.50
2012.10.10 22:08:46.665,0.83111,0.83148,3.68,1.50
2012.10.10 22:08:46.855,0.8311,0.83146,1.50,1.50
2012.10.10 22:08:47.045,0.83114,0.83148,1.50,1.50
2012.10.10 22:08:47.115,0.83114,0.83149,1.50,2.18
2012.10.10 22:08:47.673,0.83109,0.83149,2.18,2.18
2012.10.10 22:08:48.976,0.83109,0.83149,2.18,2.93
2012.10.10 22:08:49.174,0.83109,0.83144,2.18,1.43
2012.10.10 22:08:49.414,0.83109,0.83144,2.18,3.68
2012.10.10 22:08:49.538,0.83109,0.83141,2.18,1.43
2012.10.10 22:08:49.844,0.83103,0.83143,2.18,1.43
2012.10.10 22:08:49.967,0.83102,0.83141,2.25,2.18
2012.10.10 22:08:50.274,0.83102,0.83141,2.25,2.18
2012.10.10 22:08:50.515,0.83102,0.83141,2.25,1.43
2012.10.10 22:08:50.745,0.83103,0.83143,2.18,1.43
2012.10.10 22:08:53.247,0.83106,0.83144,2.18,1.50
2012.10.10 22:08:53.986,0.83106,0.83144,2.18,2.25
2012.10.10 22:08:55.474,0.83106,0.83144,2.18,3.00
2012.10.10 22:08:57.665,0.83098,0.8314,3.68,2.93
2012.10.10 22:08:58.144,0.83102,0.8314,2.25,1.43
2012.10.10 22:08:58.203,0.83105,0.83143,2.18,2.25
2012.10.10 22:08:58.327,0.83103,0.8314,2.25,1.43
2012.10.10 22:08:58.514,0.83106,0.83143,2.18,3.68
2012.10.10 22:08:58.704,0.83106,0.83142,2.18,1.50
2012.10.10 22:08:59.024,0.83103,0.83142,2.25,1.43
2012.10.10 22:08:59.325,0.83103,0.83129,2.25,1.43
2012.10.10 22:08:59.454,0.83102,0.83142,3.68,1.43
2012.10.10 22:08:59.634,0.83102,0.83142,3.68,1.43
2012.10.10 22:09:00.099,0.83102,0.83139,2.25,1.43
2012.10.10 22:09:00.296,0.83104,0.83144,2.18,3.68
2012.10.10 22:09:00.364,0.83108,0.83144,2.25,2.18
2012.10.10 22:09:01.689,0.83113,0.83144,2.25,2.18
2012.10.10 22:09:01.757,0.83113,0.83144,2.25,2.18
2012.10.10 22:09:01.826,0.83113,0.83144,2.25,2.18
2012.10.10 22:09:02.276,0.83114,0.83148,2.25,1.50
2012.10.10 22:09:02.533,0.83114,0.83148,2.25,1.50
2012.10.10 22:09:02.906,0.83113,0.83149,2.25,3.19
2012.10.10 22:09:03.036,0.83113,0.83149,2.25,3.19
2012.10.10 22:09:03.164,0.83114,0.83149,1.50,2.44
2012.10.10 22:09:04.673,0.83114,0.83143,1.50,1.50
2012.10.10 22:09:04.733,0.83109,0.83142,2.25,1.50
2012.10.10 22:09:05.395,0.83109,0.83141,1.50,2.93
2012.10.10 22:09:05.524,0.83109,0.83137,1.50,1.50
2012.10.10 22:09:05.703,0.83107,0.83137,1.50,1.50
2012.10.10 22:09:06.718,0.83107,0.83137,1.50,2.25
2012.10.10 22:09:06.994,0.83107,0.83137,1.50,2.25
2012.10.10 22:09:07.664,0.83106,0.83137,2.25,1.50
2012.10.10 22:09:07.783,0.83106,0.83139,2.25,2.25
2012.10.10 22:09:08.105,0.8311,0.83143,2.18,1.50
2012.10.10 22:09:08.927,0.83106,0.83142,2.25,1.32
2012.10.10 22:09:08.995,0.83106,0.8314,2.25,1.50
2012.10.10 22:09:09.664,0.83106,0.8314,2.25,1.50
2012.10.10 22:09:10.224,0.83105,0.83142,4.43,2.74
2012.10.10 22:09:10.295,0.83111,0.83143,2.18,2.07
2012.10.10 22:09:10.364,0.83113,0.83146,2.18,1.50
2012.10.10 22:09:10.493,0.83113,0.8315,2.18,1.18
2012.10.10 22:09:10.674,0.83119,0.83156,2.18,1.50
2012.10.10 22:09:10.733,0.83119,0.83159,2.18,2.48
2012.10.10 22:09:10.794,0.83119,0.83159,2.18,2.48
2012.10.10 22:09:11.306,0.83124,0.83159,2.18,1.50
2012.10.10 22:09:11.613,0.83124,0.83164,2.18,3.00
2012.10.10 22:09:12.316,0.83121,0.83157,2.18,2.25
2012.10.10 22:09:12.390,0.83121,0.83157,2.18,1.50
2012.10.10 22:09:12.703,0.83121,0.83157,2.18,1.50
2012.10.10 22:09:13.753,0.83121,0.83157,2.18,1.50
2012.10.10 22:09:15.813,0.83121,0.83158,1.43,2.25
2012.10.10 22:09:16.195,0.83119,0.83158,1.50,2.93
2012.10.10 22:09:16.696,0.8312,0.83157,1.50,1.50
2012.10.10 22:09:19.226,0.83121,0.83157,1.43,1.50
2012.10.10 22:09:19.834,0.83121,0.83158,1.43,2.25
2012.10.10 22:09:22.136,0.8312,0.83157,1.50,1.50
2012.10.10 22:09:22.477,0.83118,0.83154,1.43,1.50
2012.10.10 22:09:26.393,0.83118,0.83153,1.43,1.50
2012.10.10 22:09:33.425,0.83118,0.83152,1.43,1.50
2012.10.10 22:09:33.943,0.83118,0.83153,1.43,1.50
2012.10.10 22:09:34.463,0.83118,0.83152,1.43,1.50
2012.10.10 22:09:36.802,0.83118,0.83153,1.43,1.50
2012.10.10 22:09:38.058,0.83118,0.83152,1.43,1.50
2012.10.10 22:09:39.554,0.83115,0.83152,1.50,1.50
2012.10.10 22:09:41.937,0.83114,0.83153,1.50,1.50
2012.10.10 22:09:42.784,0.83115,0.83152,1.50,1.50
2012.10.10 22:09:43.605,0.83114,0.8315,1.50,1.50
2012.10.10 22:09:43.914,0.83117,0.8315,1.43,1.50
2012.10.10 22:09:44.444,0.83117,0.83151,1.43,1.50
2012.10.10 22:09:46.063,0.83117,0.8315,1.43,1.50
2012.10.10 22:09:47.564,0.83114,0.8315,2.93,1.50
2012.10.10 22:09:48.775,0.83117,0.8315,1.43,1.50
2012.10.10 22:09:49.323,0.83117,0.83151,1.43,1.50
2012.10.10 22:09:49.834,0.83118,0.83155,1.50,1.50
2012.10.10 22:09:50.154,0.83122,0.83154,1.43,1.50
2012.10.10 22:09:51.971,0.83119,0.83154,2.93,1.50
2012.10.10 22:09:53.184,0.83122,0.83154,1.43,1.50
2012.10.10 22:09:53.815,0.83122,0.83155,1.43,1.50
2012.10.10 22:09:54.660,0.83118,0.83155,2.93,1.50
2012.10.10 22:09:55.382,0.83119,0.83154,1.50,1.50
2012.10.10 22:09:55.684,0.83121,0.83154,1.43,1.50
2012.10.10 22:09:55.924,0.83119,0.83154,1.50,1.50
2012.10.10 22:09:56.413,0.83113,0.83151,5.18,1.50
2012.10.10 22:09:57.042,0.83114,0.8315,2.25,1.50
2012.10.10 22:09:58.019,0.83117,0.8315,1.50,1.50
2012.10.10 22:09:58.300,0.83119,0.83157,1.43,1.50
2012.10.10 22:09:58.493,0.83118,0.83158,1.43,3.68
2012.10.10 22:10:04.038,0.83117,0.83152,1.50,1.43
2012.10.10 22:10:05.500,0.83117,0.83154,2.93,1.43
2012.10.10 22:10:05.564,0.83117,0.83157,2.93,1.50
2012.10.10 22:10:08.334,0.83117,0.83151,1.43,1.50
2012.10.10 22:10:08.603,0.83113,0.83152,3.68,2.93
2012.10.10 22:10:09.093,0.83111,0.83142,2.25,1.43
2012.10.10 22:10:09.214,0.83112,0.83148,1.50,1.43
2012.10.10 22:10:09.336,0.83109,0.83148,1.43,1.43
2012.10.10 22:10:11.023,0.83109,0.83146,1.43,1.50
2012.10.10 22:10:11.420,0.83109,0.83145,1.43,2.25
2012.10.10 22:10:11.557,0.83104,0.83142,1.50,2.25
2012.10.10 22:10:11.684,0.83103,0.83143,3.68,2.25
2012.10.10 22:10:12.194,0.83104,0.83142,1.50,2.25
2012.10.10 22:10:12.265,0.83104,0.83142,1.50,2.25
2012.10.10 22:10:12.763,0.83106,0.83142,1.43,2.25
2012.10.10 22:10:13.097,0.83108,0.83142,1.43,2.25
2012.10.10 22:10:13.167,0.83108,0.83142,1.43,1.50
2012.10.10 22:10:14.013,0.83105,0.83142,2.18,1.50
2012.10.10 22:10:14.270,0.83107,0.83142,1.43,1.50
2012.10.10 22:10:15.022,0.83107,0.83143,1.43,1.50
2012.10.10 22:10:17.410,0.83105,0.8314,1.43,1.43
2012.10.10 22:10:17.477,0.83102,0.8314,2.18,2.93
2012.10.10 22:10:17.785,0.83104,0.83139,1.43,1.50
2012.10.10 22:10:19.214,0.831,0.83139,2.93,1.50
2012.10.10 22:10:20.224,0.83103,0.83139,1.43,1.50
2012.10.10 22:10:20.640,0.83105,0.83139,1.43,1.50
2012.10.10 22:10:21.286,0.83105,0.8314,1.43,1.50
2012.10.10 22:10:21.734,0.83107,0.8314,1.43,1.50
2012.10.10 22:10:22.043,0.8311,0.8314,1.43,1.50
2012.10.10 22:10:23.113,0.8311,0.83139,1.43,1.50
2012.10.10 22:10:23.664,0.8311,0.8314,1.43,1.50
2012.10.10 22:10:24.493,0.8311,0.8314,1.43,2.25
2012.10.10 22:10:24.554,0.83107,0.8314,1.43,2.25
2012.10.10 22:10:24.624,0.83105,0.83139,1.43,2.25
2012.10.10 22:10:24.743,0.83105,0.8314,1.43,1.50
2012.10.10 22:10:25.974,0.83103,0.83139,1.43,1.50
2012.10.10 22:10:26.044,0.83103,0.83137,1.43,1.50
2012.10.10 22:10:26.404,0.831,0.83132,1.43,1.43
2012.10.10 22:10:26.464,0.83095,0.83132,2.18,1.43
2012.10.10 22:10:26.524,0.83098,0.83137,1.43,2.93
2012.10.10 22:10:26.704,0.831,0.83137,1.43,2.93
2012.10.10 22:10:27.014,0.83098,0.83137,1.43,3.68
2012.10.10 22:10:27.405,0.83102,0.83138,1.43,1.50
2012.10.10 22:10:27.963,0.83102,0.83137,1.43,1.50
2012.10.10 22:10:28.766,0.83102,0.83138,1.43,1.50
2012.10.10 22:10:29.094,0.83104,0.83137,1.43,1.50
2012.10.10 22:10:29.495,0.83106,0.83137,1.43,1.50
2012.10.10 22:10:30.595,0.83103,0.83137,1.43,1.50
2012.10.10 22:10:31.154,0.83103,0.83138,1.43,2.25
2012.10.10 22:10:31.664,0.83103,0.83137,1.43,1.50
2012.10.10 22:10:35.334,0.83107,0.83137,1.43,1.50
2012.10.10 22:10:35.644,0.83103,0.83134,1.43,2.25
2012.10.10 22:10:35.705,0.83107,0.83145,2.18,3.15
2012.10.10 22:10:36.078,0.83115,0.83145,1.43,3.15
2012.10.10 22:10:36.155,0.83103,0.83142,1.43,1.43
2012.10.10 22:10:36.344,0.83103,0.83142,1.43,1.65
2012.10.10 22:10:38.524,0.83103,0.83141,1.43,1.73
2012.10.10 22:10:39.064,0.83104,0.83141,1.43,1.50
2012.10.10 22:10:39.401,0.83108,0.83131,1.43,1.50
2012.10.10 22:10:39.465,0.83103,0.83131,1.43,1.50
2012.10.10 22:10:39.913,0.83103,0.83134,1.43,1.50
2012.10.10 22:10:41.386,0.83103,0.83135,1.43,1.50
2012.10.10 22:10:41.453,0.83107,0.83135,1.43,1.50
2012.10.10 22:10:42.735,0.83107,0.83134,1.43,1.50
2012.10.10 22:10:43.064,0.83113,0.83138,1.43,1.50
2012.10.10 22:10:43.615,0.83113,0.83137,1.43,1.50
2012.10.10 22:10:43.746,0.83109,0.83137,1.43,1.50
2012.10.10 22:10:43.934,0.83106,0.83137,1.43,1.50
2012.10.10 22:10:43.993,0.83104,0.83138,1.43,1.50
2012.10.10 22:10:44.296,0.83104,0.83144,1.43,1.43
2012.10.10 22:10:44.424,0.83104,0.83144,1.43,2.18
2012.10.10 22:10:44.973,0.83104,0.83144,1.43,2.18
2012.10.10 22:10:45.214,0.83104,0.83144,2.18,2.93
2012.10.10 22:10:45.574,0.83108,0.83144,1.43,1.73
2012.10.10 22:10:46.121,0.83105,0.83142,1.43,2.18
2012.10.10 22:10:46.255,0.83106,0.83145,1.43,2.48
2012.10.10 22:10:46.323,0.83106,0.83129,1.43,1.50
2012.10.10 22:10:46.620,0.83102,0.83129,1.43,1.50
2012.10.10 22:10:47.094,0.83098,0.83129,1.43,1.50
2012.10.10 22:10:47.616,0.83098,0.8313,1.43,1.50
2012.10.10 22:10:48.492,0.83094,0.8313,2.18,1.50
2012.10.10 22:10:48.556,0.83094,0.8313,1.43,1.50
2012.10.10 22:10:49.664,0.83094,0.83129,1.43,1.50
2012.10.10 22:10:49.843,0.83094,0.83124,1.43,1.50
2012.10.10 22:10:51.342,0.83094,0.83123,1.43,1.50
2012.10.10 22:10:51.804,0.83097,0.83123,1.43,1.50
2012.10.10 22:10:52.325,0.83098,0.83123,1.43,1.50
2012.10.10 22:10:53.282,0.83098,0.83124,1.43,1.50
2012.10.10 22:10:53.815,0.83098,0.83123,1.43,1.50
2012.10.10 22:10:54.199,0.83098,0.83127,1.43,1.50
2012.10.10 22:10:55.875,0.83101,0.83127,1.43,1.50
2012.10.10 22:10:56.363,0.83103,0.83127,1.43,1.50
2012.10.10 22:10:56.727,0.83108,0.83127,1.43,1.50
2012.10.10 22:10:57.244,0.83108,0.83128,1.43,1.50
2012.10.10 22:10:59.201,0.83108,0.83133,1.43,1.50
2012.10.10 22:10:59.744,0.83108,0.83132,1.43,1.50
2012.10.10 22:11:00.083,0.83122,0.83142,2.18,1.50
2012.10.10 22:11:00.144,0.83122,0.83144,2.18,1.73
2012.10.10 22:11:00.204,0.83127,0.83146,1.88,2.25
2012.10.10 22:11:00.384,0.83127,0.83149,1.88,1.50
2012.10.10 22:11:00.443,0.83127,0.83154,1.88,1.50
2012.10.10 22:11:01.216,0.83127,0.8316,1.88,2.25
2012.10.10 22:11:01.768,0.83127,0.83162,3.30,1.50
2012.10.10 22:11:01.893,0.83127,0.83165,3.30,1.50
2012.10.10 22:11:02.075,0.83127,0.83165,2.18,1.50
2012.10.10 22:11:02.894,0.83127,0.83165,2.18,1.50
2012.10.10 22:11:03.383,0.83127,0.8316,1.43,1.50
2012.10.10 22:11:04.104,0.83127,0.83155,1.43,1.43
2012.10.10 22:11:04.413,0.83124,0.83151,1.43,1.43
2012.10.10 22:11:08.274,0.83129,0.83153,1.43,1.43
2012.10.10 22:11:08.394,0.83125,0.83153,1.43,2.85
2012.10.10 22:11:08.573,0.83129,0.83153,1.43,1.43
2012.10.10 22:11:08.693,0.83125,0.83152,1.43,1.43
2012.10.10 22:11:09.886,0.83128,0.83153,1.43,1.43
2012.10.10 22:11:09.955,0.83128,0.83155,1.43,1.43
2012.10.10 22:11:10.024,0.83132,0.83157,1.43,1.43
2012.10.10 22:11:10.084,0.83132,0.83159,1.43,1.43
2012.10.10 22:11:16.869,0.83127,0.83156,1.43,1.43
2012.10.10 22:11:17.585,0.83133,0.83157,1.43,1.43
2012.10.10 22:11:17.656,0.83133,0.83159,1.43,1.43
2012.10.10 22:11:17.725,0.83127,0.83153,2.18,1.43
2012.10.10 22:11:17.795,0.83127,0.83153,1.43,1.43
2012.10.10 22:11:17.925,0.83134,0.83156,1.43,1.43
2012.10.10 22:11:18.294,0.83141,0.83156,1.43,1.43
2012.10.10 22:11:18.354,0.83141,0.83162,1.43,1.43
2012.10.10 22:11:18.474,0.83141,0.83167,1.43,1.50
2012.10.10 22:11:19.076,0.83141,0.83168,1.43,1.43
2012.10.10 22:11:22.844,0.83141,0.83164,1.43,1.43
2012.10.10 22:11:22.905,0.83135,0.83162,1.43,1.43
2012.10.10 22:11:22.974,0.83135,0.83159,1.43,1.43
2012.10.10 22:11:23.035,0.83132,0.83157,1.43,1.43
2012.10.10 22:11:23.113,0.83132,0.83152,1.43,1.43
2012.10.10 22:11:23.175,0.83128,0.83151,1.43,1.43
2012.10.10 22:11:23.663,0.83125,0.83148,1.43,1.43
2012.10.10 22:11:24.022,0.83123,0.83143,1.43,1.43
2012.10.10 22:11:31.344,0.83127,0.83148,1.43,1.43
2012.10.10 22:11:31.405,0.83136,0.83151,1.43,1.43
2012.10.10 22:11:31.474,0.83136,0.83156,1.43,2.25
2012.10.10 22:11:31.533,0.83139,0.83156,1.43,1.50
2012.10.10 22:11:31.774,0.83136,0.83156,1.43,1.50
2012.10.10 22:11:32.074,0.83134,0.83155,1.43,1.43
2012.10.10 22:11:32.134,0.83131,0.83155,1.43,1.43
2012.10.10 22:11:32.650,0.83135,0.83158,1.43,1.43
2012.10.10 22:11:32.954,0.83131,0.83155,1.43,1.43
2012.10.10 22:11:33.277,0.83136,0.83157,1.43,1.43
2012.10.10 22:11:33.584,0.83139,0.83163,1.43,1.43
2012.10.10 22:11:34.002,0.83139,0.83161,1.43,1.43
2012.10.10 22:11:34.063,0.83135,0.83159,1.43,1.43
2012.10.10 22:11:43.224,0.83141,0.83162,1.43,1.43
2012.10.10 22:11:43.404,0.83137,0.83159,1.43,1.43
2012.10.10 22:11:43.583,0.83143,0.83164,1.43,1.43
2012.10.10 22:11:44.463,0.83138,0.83162,1.43,1.43
2012.10.10 22:11:52.754,0.83142,0.83165,1.43,1.43
2012.10.10 22:11:53.364,0.83141,0.83162,1.43,1.43
2012.10.10 22:11:53.423,0.83138,0.83162,1.43,1.43
2012.10.10 22:11:58.266,0.83136,0.83157,1.43,1.43
2012.10.10 22:11:58.574,0.83126,0.83148,1.43,1.43
2012.10.10 22:12:03.043,0.83132,0.83152,1.43,1.43
2012.10.10 22:12:04.572,0.83127,0.83147,1.43,1.43
2012.10.10 22:12:05.344,0.83123,0.83143,1.43,1.43
2012.10.10 22:12:05.644,0.83117,0.83138,2.18,1.43
2012.10.10 22:12:06.322,0.83121,0.83141,1.43,1.43
2012.10.10 22:12:07.984,0.83123,0.83141,1.43,1.43
2012.10.10 22:12:08.045,0.83125,0.83147,1.43,1.43
2012.10.10 22:12:10.311,0.83122,0.83142,1.43,1.43
2012.10.10 22:12:11.954,0.83122,0.8314,1.43,1.43
2012.10.10 22:12:12.013,0.83117,0.83137,1.43,1.43
2012.10.10 22:12:12.497,0.83121,0.83137,1.43,1.43
2012.10.10 22:12:12.565,0.83123,0.83143,1.43,1.43
2012.10.10 22:12:12.804,0.83125,0.83143,1.43,1.43
2012.10.10 22:12:12.924,0.83127,0.83147,1.43,1.43
2012.10.10 22:12:13.283,0.83127,0.83145,1.43,1.43
2012.10.10 22:12:13.402,0.83123,0.83144,1.43,1.43
2012.10.10 22:12:14.995,0.83123,0.83142,1.43,1.43
2012.10.10 22:12:15.122,0.83119,0.83141,1.43,1.43
2012.10.10 22:12:16.525,0.83112,0.83134,1.43,1.43
2012.10.10 22:12:16.833,0.83118,0.83138,1.43,1.43
2012.10.10 22:12:19.213,0.83113,0.83135,1.43,1.43
2012.10.10 22:12:20.193,0.83111,0.8313,1.43,1.43
2012.10.10 22:12:20.314,0.83108,0.8313,1.43,1.43
2012.10.10 22:12:21.354,0.83108,0.8313,2.18,1.43
2012.10.10 22:12:21.813,0.83108,0.8313,1.43,1.43
2012.10.10 22:12:23.324,0.83114,0.83134,1.43,1.43
2012.10.10 22:12:25.303,0.83116,0.83134,1.43,1.43
2012.10.10 22:12:25.365,0.83118,0.83138,1.43,1.43
2012.10.10 22:12:26.414,0.83118,0.83136,1.43,1.43
2012.10.10 22:12:26.834,0.83112,0.83134,1.43,1.43
2012.10.10 22:12:27.074,0.83108,0.83128,1.43,1.43
2012.10.10 22:12:27.254,0.83093,0.83114,1.43,1.43
2012.10.10 22:12:27.493,0.83099,0.83119,1.43,1.35
2012.10.10 22:12:27.795,0.83097,0.83116,1.43,1.35
2012.10.10 22:12:27.857,0.83095,0.83116,1.43,1.35
2012.10.10 22:12:27.925,0.83086,0.83106,1.43,1.35
2012.10.10 22:12:28.235,0.83084,0.83098,1.43,1.35
2012.10.10 22:12:28.305,0.8308,0.83098,2.18,1.35
2012.10.10 22:12:28.507,0.83081,0.83103,1.43,1.35
2012.10.10 22:12:28.755,0.83084,0.83103,1.43,1.35
2012.10.10 22:12:28.989,0.83088,0.83108,1.43,1.35
2012.10.10 22:12:29.056,0.8309,0.8311,1.43,1.50
2012.10.10 22:12:29.375,0.83096,0.8311,1.43,1.50
2012.10.10 22:12:29.694,0.83099,0.83121,1.43,2.33
2012.10.10 22:12:30.055,0.83099,0.83121,1.43,2.10
2012.10.10 22:12:30.294,0.83099,0.83121,1.43,1.35
2012.10.10 22:12:30.355,0.83096,0.83115,2.18,1.35
2012.10.10 22:12:30.723,0.83096,0.83115,1.43,1.35
2012.10.10 22:12:30.964,0.831,0.83118,1.43,1.35
2012.10.10 22:12:31.476,0.831,0.83121,1.43,2.10
2012.10.10 22:12:32.004,0.831,0.83121,1.43,2.10
2012.10.10 22:12:32.124,0.83096,0.83117,1.43,2.10
2012.10.10 22:12:32.302,0.83096,0.83117,1.43,2.10
2012.10.10 22:12:33.794,0.831,0.8312,1.43,2.33
2012.10.10 22:12:34.365,0.83097,0.83117,1.43,2.10
2012.10.10 22:12:34.434,0.83095,0.83117,1.43,2.10
2012.10.10 22:12:34.733,0.83099,0.83119,1.43,2.10
2012.10.10 22:12:34.913,0.83099,0.83122,1.43,2.10
2012.10.10 22:12:35.455,0.83095,0.83117,1.43,1.35
2012.10.10 22:12:35.524,0.83095,0.83117,1.43,2.10
2012.10.10 22:12:35.594,0.83093,0.83112,1.43,1.35
2012.10.10 22:12:35.893,0.83096,0.83115,1.43,2.10
2012.10.10 22:12:36.195,0.83101,0.83121,1.43,2.10
2012.10.10 22:12:37.255,0.83097,0.83117,1.43,1.35
2012.10.10 22:12:37.325,0.83097,0.83117,1.43,2.10
2012.10.10 22:12:38.065,0.83094,0.83112,1.43,2.18
2012.10.10 22:12:38.314,0.83094,0.83108,1.43,1.43
2012.10.10 22:12:38.434,0.83089,0.83108,1.43,1.43
2012.10.10 22:12:38.554,0.83089,0.83108,1.43,2.40
2012.10.10 22:12:38.913,0.83085,0.83104,1.43,2.18
2012.10.10 22:12:39.093,0.83085,0.83104,1.43,2.18
2012.10.10 22:12:39.764,0.83072,0.83092,2.93,1.43
2012.10.10 22:12:39.824,0.83072,0.83092,2.18,1.43
2012.10.10 22:12:39.885,0.83082,0.83104,1.43,2.18
2012.10.10 22:12:40.908,0.83085,0.83104,1.43,2.18
2012.10.10 22:12:40.974,0.83085,0.83104,1.43,2.18
2012.10.10 22:12:41.155,0.83081,0.83101,1.43,2.18
2012.10.10 22:12:41.285,0.83081,0.83101,1.43,1.43
2012.10.10 22:12:41.357,0.83085,0.83104,1.43,2.18
2012.10.10 22:12:41.543,0.83089,0.83111,1.43,2.18
2012.10.10 22:12:41.723,0.83089,0.83111,1.43,1.43
2012.10.10 22:12:41.844,0.83094,0.83116,1.43,2.18
2012.10.10 22:12:41.964,0.83094,0.83116,1.43,1.43
2012.10.10 22:12:42.264,0.83098,0.8312,1.43,2.18
2012.10.10 22:12:42.564,0.83098,0.8312,1.43,2.18
2012.10.10 22:12:43.134,0.83098,0.8312,1.43,2.18
2012.10.10 22:12:44.763,0.83098,0.8312,1.43,2.18
2012.10.10 22:12:45.174,0.83098,0.8312,1.43,2.18
2012.10.10 22:12:45.534,0.83098,0.8312,1.43,2.18
2012.10.10 22:12:46.774,0.831,0.83122,1.43,1.50
2012.10.10 22:12:46.834,0.831,0.83122,1.43,1.50
2012.10.10 22:12:48.004,0.83098,0.83118,1.43,2.18
2012.10.10 22:12:48.314,0.83102,0.83119,1.43,2.25
2012.10.10 22:12:48.835,0.83104,0.83126,1.43,3.90
2012.10.10 22:12:48.974,0.831,0.83122,1.43,2.18
2012.10.10 22:12:51.875,0.83107,0.83128,1.43,1.73
2012.10.10 22:12:52.004,0.83107,0.83129,2.85,2.18
2012.10.10 22:12:52.076,0.83109,0.83134,1.43,3.15
2012.10.10 22:12:52.145,0.83109,0.83134,1.43,3.15
2012.10.10 22:12:54.334,0.83109,0.83134,1.43,2.40
2012.10.10 22:12:54.396,0.83116,0.83136,1.43,1.50
2012.10.10 22:12:54.724,0.83116,0.83137,1.43,1.43
2012.10.10 22:12:57.034,0.83118,0.83137,1.43,1.43
2012.10.10 22:12:57.333,0.83121,0.83142,1.43,1.43
2012.10.10 22:12:57.673,0.83124,0.83145,1.43,1.50
2012.10.10 22:12:59.284,0.83124,0.83146,1.43,1.65
2012.10.10 22:12:59.536,0.83124,0.83146,1.43,2.18
2012.10.10 22:12:59.786,0.83124,0.83146,1.43,2.40
2012.10.10 22:12:59.974,0.83124,0.83146,1.43,2.18
2012.10.10 22:13:01.643,0.83124,0.83146,1.43,2.40
2012.10.10 22:13:12.519,0.83125,0.83146,1.43,2.18
2012.10.10 22:13:12.584,0.83128,0.83149,1.43,2.18
2012.10.10 22:13:20.296,0.83128,0.83143,1.43,1.43
2012.10.10 22:13:20.606,0.83118,0.83141,1.43,2.18
2012.10.10 22:13:23.484,0.83121,0.83143,1.43,2.18
2012.10.10 22:13:24.053,0.83125,0.83143,1.43,2.18
2012.10.10 22:13:24.525,0.83125,0.83148,1.43,2.18
2012.10.10 22:13:24.904,0.8312,0.83142,1.43,2.18
2012.10.10 22:13:31.105,0.83117,0.83138,1.43,2.18
2012.10.10 22:13:51.061,0.83116,0.83138,1.43,1.43
2012.10.10 22:13:52.013,0.83116,0.83137,1.43,1.43
2012.10.10 22:13:52.073,0.83112,0.83135,1.43,1.43
2012.10.10 22:13:55.623,0.83112,0.83135,1.43,2.18
2012.10.10 22:13:55.683,0.83104,0.83124,1.43,1.43
2012.10.10 22:13:55.805,0.83108,0.83131,1.43,1.43
2012.10.10 22:13:58.888,0.83109,0.83132,1.43,1.43
2012.10.10 22:13:59.367,0.83109,0.83127,1.43,1.43
2012.10.10 22:13:59.443,0.83104,0.83126,1.43,1.43
2012.10.10 22:13:59.514,0.83107,0.83126,1.43,1.43
2012.10.10 22:13:59.585,0.83109,0.83131,1.43,1.43
2012.10.10 22:13:59.825,0.83114,0.83136,1.43,2.18
2012.10.10 22:13:59.954,0.83114,0.83136,1.43,1.43
2012.10.10 22:14:00.276,0.83117,0.83136,1.43,1.43
2012.10.10 22:14:00.345,0.83118,0.8314,1.43,1.50
2012.10.10 22:14:01.035,0.83115,0.83136,1.43,1.43
2012.10.10 22:14:01.355,0.83115,0.83135,1.43,1.50
2012.10.10 22:14:04.974,0.83115,0.83133,1.43,1.43
2012.10.10 22:14:05.034,0.8311,0.83131,1.43,1.43
2012.10.10 22:14:05.225,0.83112,0.83131,1.43,1.43
2012.10.10 22:14:05.355,0.83115,0.83136,1.43,1.43
2012.10.10 22:14:05.426,0.83115,0.83135,1.43,1.50
2012.10.10 22:14:05.614,0.83108,0.83132,1.43,1.43
2012.10.10 22:14:05.794,0.8311,0.83132,1.43,1.43
2012.10.10 22:14:06.164,0.83113,0.83134,1.43,2.18
2012.10.10 22:14:06.804,0.83117,0.83135,1.43,1.50
2012.10.10 22:14:07.175,0.8312,0.83135,1.43,1.50
2012.10.10 22:14:10.714,0.83111,0.83133,1.43,1.43
2012.10.10 22:14:10.774,0.83117,0.83133,1.43,1.43
2012.10.10 22:14:11.085,0.83119,0.83135,1.43,1.50
2012.10.10 22:14:12.653,0.83119,0.83135,2.18,1.50
2012.10.10 22:14:12.714,0.83119,0.83142,2.18,1.43
2012.10.10 22:14:12.848,0.83131,0.83142,1.43,1.43
2012.10.10 22:14:13.413,0.83133,0.83149,1.43,1.35
2012.10.10 22:14:13.486,0.83133,0.83154,1.43,2.18
2012.10.10 22:14:16.872,0.83128,0.83152,1.43,2.18
2012.10.10 22:14:19.292,0.83128,0.83152,1.43,2.18
2012.10.10 22:14:20.263,0.83128,0.83152,1.43,2.18
2012.10.10 22:14:20.846,0.83128,0.83152,1.43,2.18
2012.10.10 22:14:21.485,0.83128,0.83152,1.43,1.43
2012.10.10 22:14:23.872,0.83132,0.83155,1.43,2.18
2012.10.10 22:14:28.125,0.83132,0.83155,1.43,2.18
2012.10.10 22:14:29.724,0.83132,0.83152,1.43,1.13
2012.10.10 22:14:30.034,0.8312,0.83141,1.43,2.18
2012.10.10 22:14:32.174,0.8312,0.83141,1.43,2.18
2012.10.10 22:14:33.803,0.83114,0.83138,1.43,2.18
2012.10.10 22:14:34.466,0.83114,0.83138,1.43,2.18
2012.10.10 22:14:34.595,0.83111,0.83134,1.43,2.40
2012.10.10 22:14:34.667,0.83111,0.83134,1.43,2.18
2012.10.10 22:14:34.734,0.83108,0.8313,1.43,2.18
2012.10.10 22:14:34.927,0.83103,0.83126,1.43,1.43
2012.10.10 22:14:35.239,0.83111,0.83127,1.43,1.43
2012.10.10 22:14:35.544,0.83116,0.83136,1.43,2.18
2012.10.10 22:14:35.673,0.83117,0.83139,1.43,1.50
2012.10.10 22:14:36.725,0.83115,0.83135,1.43,2.18
2012.10.10 22:14:37.083,0.83115,0.83135,1.43,2.18
2012.10.10 22:14:37.384,0.83107,0.8313,1.43,1.43
2012.10.10 22:14:37.444,0.83113,0.8313,1.43,1.43
2012.10.10 22:14:37.513,0.83114,0.83137,1.43,1.43
2012.10.10 22:14:37.574,0.8312,0.83141,1.43,2.18
2012.10.10 22:14:37.695,0.8312,0.83141,1.43,1.43
2012.10.10 22:14:37.824,0.83122,0.83141,1.43,1.43
2012.10.10 22:14:38.134,0.83126,0.83145,1.43,1.43
2012.10.10 22:14:38.694,0.83126,0.83145,1.43,2.18
2012.10.10 22:14:38.892,0.83128,0.8315,1.43,2.18
2012.10.10 22:14:40.903,0.83124,0.83146,1.43,2.18
2012.10.10 22:14:41.753,0.83124,0.83146,1.43,1.43
2012.10.10 22:14:42.624,0.83124,0.83146,1.43,2.18
2012.10.10 22:14:43.995,0.8312,0.83142,2.18,1.43
2012.10.10 22:14:44.435,0.8312,0.83142,1.43,2.18
2012.10.10 22:14:44.743,0.83123,0.83147,1.43,2.18
2012.10.10 22:14:45.055,0.83128,0.83149,1.43,2.18
2012.10.10 22:14:46.163,0.83128,0.83149,1.43,2.18
2012.10.10 22:14:49.023,0.83133,0.83152,1.43,2.18
2012.10.10 22:14:49.085,0.83133,0.83154,1.43,2.18
2012.10.10 22:14:52.763,0.83133,0.83154,1.43,2.18
2012.10.10 22:14:53.538,0.83136,0.83155,1.43,2.18
2012.10.10 22:14:55.915,0.83136,0.83158,2.18,1.43
2012.10.10 22:14:55.985,0.8314,0.83161,2.18,1.43
2012.10.10 22:14:56.114,0.83147,0.83167,2.18,1.43
2012.10.10 22:14:56.293,0.83154,0.83167,1.43,1.43
2012.10.10 22:14:56.595,0.83154,0.83167,2.18,1.43
2012.10.10 22:14:56.665,0.83156,0.83177,2.18,1.43
2012.10.10 22:14:56.854,0.83159,0.83179,1.43,1.43
2012.10.10 22:14:57.094,0.83159,0.83181,1.43,1.43
2012.10.10 22:14:57.784,0.83159,0.83173,1.43,1.43
2012.10.10 22:14:57.844,0.83149,0.83171,1.43,1.43
2012.10.10 22:15:02.647,0.83149,0.83164,1.43,1.43
2012.10.10 22:15:02.713,0.83141,0.83161,1.43,1.43
2012.10.10 22:15:02.953,0.83139,0.83151,1.43,1.43
2012.10.10 22:15:03.015,0.8313,0.83151,1.43,1.43
2012.10.10 22:15:03.085,0.83126,0.83146,1.43,1.43
2012.10.10 22:15:04.024,0.83131,0.83149,1.43,1.43
2012.10.10 22:15:04.083,0.83131,0.83152,1.43,1.43
2012.10.10 22:15:06.344,0.83129,0.83149,1.43,1.43
2012.10.10 22:15:06.415,0.83127,0.83149,1.43,1.43
2012.10.10 22:15:07.204,0.83131,0.83153,1.43,1.43
2012.10.10 22:15:09.936,0.83129,0.83148,1.43,1.43
2012.10.10 22:15:10.734,0.83128,0.83148,1.43,1.43
2012.10.10 22:15:11.136,0.83121,0.83144,1.43,1.43
2012.10.10 22:15:11.205,0.83125,0.83144,1.43,1.43
2012.10.10 22:15:11.275,0.83128,0.83149,1.43,1.43
2012.10.10 22:15:11.585,0.83122,0.83143,1.43,1.43
2012.10.10 22:15:11.903,0.83127,0.83148,1.43,1.43
2012.10.10 22:15:13.202,0.83127,0.83146,1.43,1.43
2012.10.10 22:15:13.264,0.83124,0.83144,1.43,1.43
2012.10.10 22:15:13.443,0.8312,0.83141,1.43,1.43
2012.10.10 22:15:14.523,0.8312,0.83136,1.43,1.43
2012.10.10 22:15:14.584,0.83115,0.83134,1.43,1.43
2012.10.10 22:15:14.644,0.83119,0.83139,1.43,1.43
2012.10.10 22:15:14.703,0.83119,0.83132,1.43,1.43
2012.10.10 22:15:14.765,0.83108,0.8313,1.43,1.43
2012.10.10 22:15:14.953,0.83111,0.8313,1.43,1.43
2012.10.10 22:15:15.013,0.83113,0.83135,1.43,1.43
2012.10.10 22:15:15.323,0.83117,0.8314,1.43,1.43
2012.10.10 22:15:15.574,0.83119,0.83144,1.43,1.43
2012.10.10 22:15:18.364,0.83124,0.83147,1.43,1.65
2012.10.10 22:15:18.723,0.83129,0.83151,1.43,1.43
2012.10.10 22:15:20.684,0.83125,0.83146,1.43,1.43
2012.10.10 22:15:22.103,0.83119,0.83142,1.43,1.43
2012.10.10 22:15:22.344,0.83124,0.83146,1.43,1.43
2012.10.10 22:15:23.304,0.83127,0.83146,1.43,1.43
2012.10.10 22:15:23.363,0.83129,0.8315,1.43,1.43
2012.10.10 22:15:23.423,0.83133,0.8315,1.43,1.43
2012.10.10 22:15:23.484,0.83136,0.83156,1.43,1.43
2012.10.10 22:15:23.843,0.83138,0.83156,1.43,1.43
2012.10.10 22:15:23.903,0.8314,0.83163,1.43,1.43
2012.10.10 22:15:23.963,0.8314,0.83161,1.43,1.43
2012.10.10 22:15:24.264,0.83137,0.83158,1.43,1.43
2012.10.10 22:15:27.274,0.83137,0.83158,1.43,2.18
2012.10.10 22:15:27.635,0.83125,0.83131,2.18,1.50
2012.10.10 22:15:27.823,0.83125,0.8314,2.18,1.50
2012.10.10 22:15:28.124,0.83068,0.83094,2.39,1.43
2012.10.10 22:15:28.364,0.83074,0.83128,1.35,1.43
2012.10.10 22:15:28.421,0.83078,0.83128,2.55,1.43
2012.10.10 22:15:28.482,0.83102,0.83161,1.50,1.13
2012.10.10 22:15:28.541,0.83104,0.83161,1.50,1.13
2012.10.10 22:15:28.843,0.83104,0.83137,1.50,1.43
2012.10.10 22:15:28.902,0.83105,0.83155,2.18,1.43
2012.10.10 22:15:29.378,0.83135,0.83145,1.43,1.43
2012.10.10 22:15:29.446,0.83139,0.83163,1.43,1.88
2012.10.10 22:15:29.886,0.83139,0.83161,1.43,1.50
2012.10.10 22:15:29.954,0.83134,0.83161,1.43,1.50
2012.10.10 22:15:30.075,0.83126,0.83156,2.18,1.43
2012.10.10 22:15:30.143,0.83126,0.83156,1.43,2.18
2012.10.10 22:15:30.684,0.83126,0.83148,1.43,1.50
2012.10.10 22:15:30.743,0.83122,0.83146,1.43,1.50
2012.10.10 22:15:30.862,0.83117,0.83145,1.43,2.18
2012.10.10 22:15:31.043,0.8312,0.83148,1.43,2.25
2012.10.10 22:15:32.532,0.8312,0.83143,1.43,1.43
2012.10.10 22:15:32.895,0.83115,0.83125,1.43,1.50
2012.10.10 22:15:32.964,0.83112,0.83123,1.43,1.43
2012.10.10 22:15:33.034,0.83099,0.83123,1.43,1.43
2012.10.10 22:15:33.094,0.83103,0.83126,1.43,2.93
2012.10.10 22:15:33.333,0.83099,0.83123,1.43,1.43
2012.10.10 22:15:34.253,0.83099,0.83125,1.43,1.43
2012.10.10 22:15:34.314,0.83108,0.8313,1.43,1.73
2012.10.10 22:15:34.433,0.83108,0.83132,1.43,1.50
2012.10.10 22:15:34.552,0.83106,0.83123,1.43,1.43
2012.10.10 22:15:34.914,0.83102,0.83124,1.43,1.43
2012.10.10 22:15:35.033,0.83102,0.83126,1.43,1.43
2012.10.10 22:15:35.654,0.83102,0.83126,1.43,2.18
2012.10.10 22:15:35.713,0.83099,0.83122,1.43,1.43
2012.10.10 22:15:35.774,0.83096,0.83122,1.43,1.43
2012.10.10 22:15:37.551,0.83096,0.83122,1.43,2.18
2012.10.10 22:15:37.866,0.83083,0.83109,1.43,2.18
2012.10.10 22:15:38.244,0.83082,0.83105,1.43,1.43
2012.10.10 22:15:38.306,0.83078,0.83105,1.43,1.43
2012.10.10 22:15:39.104,0.83084,0.83106,1.43,1.43
2012.10.10 22:15:39.225,0.83084,0.83108,1.43,1.43
2012.10.10 22:15:39.969,0.83081,0.83105,2.85,1.43
2012.10.10 22:15:40.523,0.8308,0.83104,1.43,1.43
2012.10.10 22:15:41.193,0.83084,0.83105,1.43,1.43
2012.10.10 22:15:41.730,0.83084,0.83106,1.43,1.43
2012.10.10 22:15:43.274,0.83089,0.8311,1.43,1.43
2012.10.10 22:15:43.393,0.83081,0.83103,1.43,1.43
2012.10.10 22:15:43.813,0.83083,0.83103,1.43,1.43
2012.10.10 22:15:43.934,0.83086,0.83108,1.43,1.43
2012.10.10 22:15:44.464,0.83089,0.83108,1.43,1.43
2012.10.10 22:15:44.524,0.83091,0.83113,1.43,1.43
2012.10.10 22:15:45.064,0.83087,0.8311,1.43,1.43
2012.10.10 22:15:45.123,0.83087,0.83108,1.43,1.43
2012.10.10 22:15:45.183,0.83084,0.83106,1.43,1.43
2012.10.10 22:15:45.683,0.83084,0.83104,1.43,1.43
2012.10.10 22:15:45.743,0.83079,0.83101,1.43,1.43
2012.10.10 22:15:45.804,0.83071,0.83092,2.93,1.43
2012.10.10 22:15:46.424,0.83067,0.83089,2.18,1.43
2012.10.10 22:15:46.504,0.83067,0.83089,1.43,1.43
2012.10.10 22:15:46.695,0.8307,0.83092,1.43,1.43
2012.10.10 22:15:46.763,0.8307,0.83094,1.43,1.43
2012.10.10 22:15:47.033,0.83072,0.83094,1.43,1.43
2012.10.10 22:15:47.153,0.8307,0.83093,1.43,1.43
2012.10.10 22:15:47.213,0.8307,0.8309,1.43,1.43
2012.10.10 22:15:47.514,0.83065,0.83089,1.43,1.43
2012.10.10 22:15:47.872,0.83069,0.83093,1.43,1.43
2012.10.10 22:15:48.311,0.83075,0.83095,1.43,1.43
2012.10.10 22:15:48.372,0.83075,0.83099,1.43,1.43
2012.10.10 22:15:48.873,0.83072,0.83095,1.43,1.43
2012.10.10 22:15:49.233,0.8309,0.83106,1.43,1.18
2012.10.10 22:15:49.293,0.83086,0.83109,1.43,1.43
2012.10.10 22:15:49.415,0.83078,0.83101,1.43,1.43
2012.10.10 22:15:50.054,0.83074,0.83095,1.43,1.43
2012.10.10 22:15:50.413,0.83069,0.83092,2.18,1.43
2012.10.10 22:15:50.694,0.83073,0.83094,1.43,1.43
2012.10.10 22:15:50.824,0.83076,0.831,1.43,1.43
2012.10.10 22:15:51.065,0.83073,0.83094,1.43,1.43
2012.10.10 22:15:51.136,0.83079,0.83101,1.43,1.43
2012.10.10 22:15:51.384,0.83074,0.83097,1.43,1.43
2012.10.10 22:15:52.119,0.8307,0.83091,1.43,1.43
2012.10.10 22:15:52.984,0.83073,0.83095,1.43,1.43
2012.10.10 22:15:53.412,0.83073,0.83092,1.43,1.43
2012.10.10 22:15:53.473,0.83069,0.8309,1.43,1.43
2012.10.10 22:15:53.593,0.83065,0.83087,1.43,1.43
2012.10.10 22:15:53.653,0.8307,0.83093,1.43,1.43
2012.10.10 22:15:54.282,0.8307,0.83088,1.43,1.43
2012.10.10 22:15:54.358,0.83063,0.83087,1.43,1.43
2012.10.10 22:15:54.425,0.83065,0.83087,1.43,1.43
2012.10.10 22:15:54.734,0.8307,0.83091,2.85,1.43
2012.10.10 22:15:54.798,0.83073,0.83095,1.43,1.43
2012.10.10 22:15:55.473,0.83073,0.83093,1.43,1.43
2012.10.10 22:15:55.534,0.8307,0.83091,1.43,1.43
2012.10.10 22:15:56.323,0.83072,0.83091,1.43,1.43
2012.10.10 22:15:56.383,0.83074,0.83096,1.43,1.43
2012.10.10 22:15:57.287,0.83074,0.83094,1.43,1.43
2012.10.10 22:15:57.353,0.83069,0.83091,1.43,1.43
2012.10.10 22:15:58.366,0.83072,0.83091,1.43,1.43
2012.10.10 22:15:58.433,0.83069,0.83091,1.43,1.43
2012.10.10 22:15:59.084,0.83073,0.83093,1.43,1.43
2012.10.10 22:15:59.144,0.83069,0.83091,1.43,1.43
2012.10.10 22:15:59.252,0.83078,0.83093,1.43,1.43
2012.10.10 22:15:59.314,0.83078,0.831,1.43,1.43
2012.10.10 22:16:00.404,0.83078,0.83098,1.43,1.43
2012.10.10 22:16:00.474,0.83073,0.83097,1.43,1.43
2012.10.10 22:16:00.715,0.83078,0.83101,1.43,1.43
2012.10.10 22:16:01.385,0.83073,0.83096,1.43,1.43
2012.10.10 22:16:01.695,0.83069,0.83092,1.43,1.43
2012.10.10 22:16:02.193,0.83076,0.83097,1.43,1.43
2012.10.10 22:16:03.253,0.8308,0.83101,1.43,2.18
2012.10.10 22:16:03.389,0.8308,0.83101,1.43,1.43
2012.10.10 22:16:03.909,0.83075,0.83098,1.43,1.43
2012.10.10 22:16:06.893,0.83075,0.83098,1.43,2.18
2012.10.10 22:16:06.953,0.83068,0.83092,1.43,1.43
2012.10.10 22:16:08.224,0.83074,0.83095,1.43,1.43
2012.10.10 22:16:08.832,0.83077,0.83099,1.43,1.43
2012.10.10 22:16:10.924,0.83077,0.83097,1.43,1.43
2012.10.10 22:16:10.999,0.83072,0.83096,1.43,1.43
2012.10.10 22:16:11.815,0.83079,0.83096,1.43,1.43
2012.10.10 22:16:11.884,0.83081,0.83102,1.43,1.43
2012.10.10 22:16:12.004,0.83081,0.83099,1.43,1.43
2012.10.10 22:16:12.064,0.83075,0.83097,1.43,1.43
2012.10.10 22:16:12.244,0.83077,0.83097,1.43,1.43
2012.10.10 22:16:12.317,0.83078,0.83101,1.43,1.43
2012.10.10 22:16:12.677,0.83081,0.83101,1.43,1.43
2012.10.10 22:16:12.745,0.83083,0.83104,1.43,1.43
2012.10.10 22:16:13.355,0.83085,0.83104,1.43,1.43
2012.10.10 22:16:13.415,0.83087,0.83109,1.43,1.43
2012.10.10 22:16:13.786,0.83091,0.83111,1.43,1.43
2012.10.10 22:16:13.853,0.83091,0.83113,1.43,1.43
2012.10.10 22:16:14.043,0.83091,0.83111,1.43,1.43
2012.10.10 22:16:14.105,0.83087,0.8311,1.43,1.43
2012.10.10 22:16:14.233,0.83087,0.83108,1.43,2.93
2012.10.10 22:16:14.354,0.83079,0.83101,1.43,1.43
2012.10.10 22:16:14.733,0.83083,0.83104,1.43,1.43
2012.10.10 22:16:15.774,0.83087,0.8311,1.43,1.43
2012.10.10 22:16:17.165,0.83091,0.83114,1.43,1.43
2012.10.10 22:16:18.674,0.83096,0.83117,1.43,1.43
2012.10.10 22:16:26.304,0.83102,0.83125,1.43,2.18
2012.10.10 22:16:28.203,0.831,0.83121,1.43,1.43
2012.10.10 22:16:36.113,0.83097,0.83119,1.43,1.43
2012.10.10 22:16:36.179,0.83095,0.83119,1.43,1.43
2012.10.10 22:16:38.216,0.83095,0.83119,1.43,2.18
2012.10.10 22:16:39.744,0.83095,0.83119,1.43,1.43
2012.10.10 22:16:42.103,0.83095,0.83119,2.18,1.43
2012.10.10 22:16:42.282,0.831,0.83121,1.43,1.43
2012.10.10 22:16:42.586,0.831,0.83121,1.43,2.18
2012.10.10 22:16:42.773,0.83098,0.83117,1.43,1.43
2012.10.10 22:16:42.835,0.83095,0.83117,1.43,1.43
2012.10.10 22:16:42.964,0.83095,0.83117,2.18,1.43
2012.10.10 22:16:43.083,0.83095,0.83117,1.43,1.43
2012.10.10 22:16:43.282,0.83095,0.83117,2.18,1.43
2012.10.10 22:16:43.342,0.831,0.83121,2.18,2.18
2012.10.10 22:16:44.002,0.831,0.83121,2.18,1.43
2012.10.10 22:16:44.563,0.83096,0.83118,2.18,1.43
2012.10.10 22:16:45.304,0.831,0.83122,2.18,1.43
2012.10.10 22:16:45.363,0.831,0.83122,2.18,1.43
2012.10.10 22:16:45.637,0.83104,0.83125,2.18,1.43
2012.10.10 22:16:45.943,0.831,0.83123,2.18,1.43
2012.10.10 22:16:46.244,0.83103,0.83127,2.18,1.43
2012.10.10 22:16:46.554,0.83095,0.83118,2.18,1.43
2012.10.10 22:16:46.674,0.83095,0.83118,2.18,1.43
2012.10.10 22:16:47.235,0.83095,0.83118,2.18,1.43
2012.10.10 22:16:48.530,0.83095,0.83118,2.18,1.43
2012.10.10 22:16:57.833,0.83097,0.83118,1.43,1.43
2012.10.10 22:16:57.893,0.83098,0.83122,1.43,1.43
2012.10.10 22:17:04.357,0.83098,0.83122,2.18,1.43
2012.10.10 22:17:04.864,0.83103,0.83124,1.43,1.43
2012.10.10 22:17:10.169,0.83103,0.83124,2.18,1.43
2012.10.10 22:17:11.976,0.83103,0.83124,1.43,1.43
2012.10.10 22:17:12.043,0.83104,0.83128,1.43,1.43
2012.10.10 22:17:12.104,0.8311,0.83128,1.43,1.43
2012.10.10 22:17:12.164,0.83113,0.83134,1.43,1.43
2012.10.10 22:17:12.222,0.83113,0.83134,2.18,1.43
2012.10.10 22:17:12.894,0.83113,0.83134,1.43,1.43
2012.10.10 22:17:13.291,0.83113,0.83134,2.18,1.43
2012.10.10 22:17:13.603,0.83109,0.83131,2.18,1.43
2012.10.10 22:17:14.126,0.83109,0.83131,1.43,1.43
2012.10.10 22:17:15.624,0.83109,0.83129,1.43,1.43
2012.10.10 22:17:16.025,0.83105,0.83127,2.18,1.43
2012.10.10 22:17:18.023,0.83105,0.83124,2.18,1.43
2012.10.10 22:17:18.144,0.83099,0.83122,1.50,1.43
2012.10.10 22:17:18.324,0.83098,0.83122,2.18,1.43
2012.10.10 22:17:18.724,0.83099,0.83122,1.50,1.43
2012.10.10 22:17:18.964,0.83098,0.83122,1.43,1.43
2012.10.10 22:17:19.273,0.83098,0.83122,2.18,1.43
2012.10.10 22:17:19.755,0.83098,0.83122,1.43,1.43
2012.10.10 22:17:19.933,0.83098,0.83122,2.18,1.43
2012.10.10 22:17:21.065,0.83098,0.83122,1.43,1.43
2012.10.10 22:17:24.363,0.83096,0.83117,1.43,1.43
2012.10.10 22:17:24.484,0.83094,0.83117,2.18,1.43
2012.10.10 22:17:24.605,0.83091,0.83113,2.18,1.43
2012.10.10 22:17:24.675,0.8309,0.83113,1.43,1.43
2012.10.10 22:17:29.020,0.83086,0.83108,1.43,1.43
2012.10.10 22:17:29.633,0.8309,0.83113,1.43,1.43
2012.10.10 22:17:31.523,0.8309,0.83112,1.43,1.43
2012.10.10 22:17:31.587,0.83087,0.83109,1.43,1.43
2012.10.10 22:17:31.954,0.83083,0.83105,1.43,1.43
2012.10.10 22:17:32.555,0.83083,0.83105,2.18,1.43
2012.10.10 22:17:32.865,0.83083,0.83105,2.18,1.43
2012.10.10 22:17:32.934,0.8309,0.83114,2.18,1.43
2012.10.10 22:17:33.056,0.8309,0.83114,1.43,1.43
2012.10.10 22:17:33.374,0.8309,0.83114,2.18,1.43
2012.10.10 22:17:33.863,0.83094,0.83118,2.18,1.43
2012.10.10 22:17:34.095,0.83094,0.83118,1.43,1.43
2012.10.10 22:17:34.286,0.83094,0.83118,2.18,1.43
2012.10.10 22:17:34.353,0.83094,0.83118,1.43,1.43
2012.10.10 22:17:34.475,0.83094,0.83115,1.43,1.43
2012.10.10 22:17:34.543,0.83091,0.83113,2.18,1.43
2012.10.10 22:17:34.843,0.83087,0.8311,2.18,1.43
2012.10.10 22:17:35.273,0.83093,0.83113,1.43,1.43
2012.10.10 22:17:35.453,0.83093,0.83115,1.43,1.43
2012.10.10 22:17:36.563,0.8309,0.83111,2.85,1.43
2012.10.10 22:17:39.177,0.83085,0.83109,1.43,1.43
2012.10.10 22:17:39.244,0.83085,0.83106,1.43,1.43
2012.10.10 22:17:39.304,0.83082,0.83104,1.43,1.43
2012.10.10 22:17:40.864,0.83082,0.83099,1.43,1.43
2012.10.10 22:17:40.984,0.83076,0.83097,2.18,1.43
2012.10.10 22:17:41.345,0.83079,0.83103,1.43,1.43
2012.10.10 22:17:41.654,0.83079,0.83101,1.43,1.43
2012.10.10 22:17:41.834,0.83079,0.83103,1.43,1.43
2012.10.10 22:17:43.416,0.83082,0.83103,1.43,1.43
2012.10.10 22:17:43.484,0.83083,0.83107,1.43,1.43
2012.10.10 22:17:44.797,0.83083,0.83105,1.43,1.43
2012.10.10 22:17:45.145,0.8308,0.83103,2.18,1.43
2012.10.10 22:17:45.714,0.8308,0.83103,2.18,1.43
2012.10.10 22:17:46.305,0.8308,0.83103,1.43,1.43
2012.10.10 22:17:46.563,0.83078,0.83098,1.43,1.43
2012.10.10 22:17:46.625,0.83076,0.83098,2.18,1.43
2012.10.10 22:17:46.754,0.83081,0.83101,1.43,1.43
2012.10.10 22:17:47.055,0.83079,0.83098,1.43,1.43
2012.10.10 22:17:47.244,0.83075,0.83098,1.43,1.43
2012.10.10 22:17:50.132,0.83073,0.83094,1.43,1.43
2012.10.10 22:17:50.783,0.83075,0.83098,1.43,1.43
2012.10.10 22:17:54.634,0.83079,0.83103,1.43,1.43
2012.10.10 22:18:14.495,0.83079,0.83099,1.43,1.43
2012.10.10 22:18:14.565,0.83073,0.83097,1.43,1.43
2012.10.10 22:18:19.355,0.83073,0.83094,1.43,1.43
2012.10.10 22:18:19.427,0.8307,0.83092,1.43,1.43
2012.10.10 22:18:21.635,0.83075,0.83094,1.43,1.43
2012.10.10 22:18:21.754,0.83075,0.83096,1.43,1.43
2012.10.10 22:18:23.335,0.83072,0.83094,1.43,1.43
2012.10.10 22:18:23.705,0.83075,0.83096,1.43,1.43
2012.10.10 22:18:23.776,0.83077,0.83099,1.43,1.43
2012.10.10 22:18:23.846,0.83077,0.83101,1.43,1.43
2012.10.10 22:18:23.974,0.83082,0.83102,1.43,1.43
2012.10.10 22:18:24.034,0.83082,0.83104,1.43,1.43
2012.10.10 22:18:28.269,0.8308,0.83099,1.43,1.43
2012.10.10 22:18:28.335,0.83077,0.83099,1.43,1.43
2012.10.10 22:18:29.035,0.83075,0.83096,1.43,1.43
2012.10.10 22:18:29.104,0.83073,0.83096,1.43,1.43
2012.10.10 22:18:42.816,0.83071,0.83093,1.43,1.43
2012.10.10 22:18:42.884,0.83069,0.83093,1.43,1.43
2012.10.10 22:18:43.205,0.83074,0.83097,1.43,1.43
2012.10.10 22:18:44.945,0.83077,0.83101,1.43,1.43
2012.10.10 22:18:45.316,0.83075,0.83096,1.43,1.43
2012.10.10 22:18:51.915,0.83073,0.8309,1.43,1.43
2012.10.10 22:18:51.984,0.83069,0.8309,1.43,1.43
2012.10.10 22:18:52.185,0.83073,0.83092,1.43,1.43
2012.10.10 22:18:52.256,0.83073,0.83094,1.43,1.43
2012.10.10 22:18:54.785,0.83075,0.83099,1.43,1.43
2012.10.10 22:18:54.854,0.83081,0.83099,1.43,1.43
2012.10.10 22:18:54.914,0.83083,0.83105,1.43,1.43
2012.10.10 22:18:54.974,0.83079,0.83101,1.43,1.43
2012.10.10 22:19:03.965,0.8308,0.83101,1.43,1.43
2012.10.10 22:19:04.035,0.83082,0.83106,1.43,1.43
2012.10.10 22:19:04.174,0.83082,0.83104,1.43,1.43
2012.10.10 22:19:04.235,0.83078,0.83102,1.43,1.43
2012.10.10 22:19:08.744,0.83084,0.83104,1.43,1.43
2012.10.10 22:19:08.803,0.83084,0.83106,1.43,1.43
2012.10.10 22:19:09.104,0.83088,0.8311,1.43,1.43
2012.10.10 22:19:29.133,0.83089,0.83113,1.43,3.60
2012.10.10 22:19:32.146,0.83089,0.83113,1.43,1.43
2012.10.10 22:19:36.166,0.83095,0.83119,2.18,2.18
2012.10.10 22:19:36.235,0.83095,0.83119,2.18,1.43
2012.10.10 22:19:36.483,0.83095,0.83119,1.43,1.43
2012.10.10 22:19:38.124,0.83098,0.83119,1.43,1.43
2012.10.10 22:19:38.184,0.83101,0.83123,1.43,1.43
2012.10.10 22:19:38.244,0.83104,0.83128,1.43,2.18
2012.10.10 22:19:38.428,0.83104,0.83128,1.43,2.18
2012.10.10 22:19:38.515,0.83104,0.83125,1.43,1.43
2012.10.10 22:19:38.585,0.83099,0.83124,1.43,1.43
2012.10.10 22:19:42.628,0.83101,0.83124,1.43,1.43
2012.10.10 22:19:42.694,0.83104,0.83128,1.43,2.18
2012.10.10 22:19:44.515,0.83099,0.83125,1.43,1.43
2012.10.10 22:19:45.917,0.83104,0.83126,1.43,1.43
2012.10.10 22:19:45.985,0.83104,0.83128,1.43,2.18
2012.10.10 22:19:47.884,0.83108,0.83131,1.43,1.50
2012.10.10 22:19:48.243,0.83108,0.83133,1.43,3.68
2012.10.10 22:19:48.424,0.83115,0.83134,1.43,2.93
2012.10.10 22:19:48.904,0.83113,0.83136,1.43,3.68
2012.10.10 22:19:49.325,0.83116,0.83136,1.43,1.50
2012.10.10 22:19:49.513,0.83112,0.83138,2.18,2.93
2012.10.10 22:19:50.053,0.83112,0.83137,2.18,2.25
2012.10.10 22:19:52.445,0.8311,0.83133,1.43,1.43
2012.10.10 22:19:53.414,0.83106,0.8313,1.43,1.43
2012.10.10 22:20:00.007,0.83112,0.83132,1.43,1.43
2012.10.10 22:20:00.445,0.83112,0.83134,1.43,1.43
2012.10.10 22:20:00.686,0.83116,0.83138,1.43,2.18
2012.10.10 22:20:00.884,0.83116,0.83138,1.43,1.43
2012.10.10 22:20:09.604,0.83119,0.83139,1.43,1.50
2012.10.10 22:20:09.664,0.83119,0.83142,1.43,2.18
2012.10.10 22:20:19.464,0.83119,0.83141,1.43,2.25
2012.10.10 22:20:20.325,0.83119,0.83141,1.43,2.25
2012.10.10 22:20:32.158,0.83119,0.83139,1.43,1.50
2012.10.10 22:20:34.454,0.83119,0.83139,1.43,1.50
2012.10.10 22:20:37.914,0.83119,0.83139,1.43,1.50
2012.10.10 22:20:44.204,0.83119,0.83139,1.43,1.50
2012.10.10 22:20:44.265,0.83119,0.83139,1.43,1.50
2012.10.10 22:20:44.395,0.83122,0.83139,1.43,1.50
2012.10.10 22:20:44.467,0.83118,0.83138,1.43,1.50
2012.10.10 22:20:44.594,0.83122,0.83138,1.43,1.50
2012.10.10 22:20:45.384,0.83122,0.83138,1.43,1.50
2012.10.10 22:20:48.021,0.83122,0.83139,1.43,2.25
2012.10.10 22:20:48.386,0.83126,0.83142,1.43,2.25
2012.10.10 22:20:49.124,0.83126,0.83143,1.43,1.50
2012.10.10 22:20:49.186,0.83126,0.83141,1.43,1.50
2012.10.10 22:20:49.255,0.83126,0.83143,1.43,1.50
2012.10.10 22:20:49.816,0.83126,0.83143,1.43,1.50
2012.10.10 22:20:51.886,0.83123,0.83143,1.43,1.50
2012.10.10 22:20:52.014,0.83123,0.83143,1.43,1.50
2012.10.10 22:20:52.135,0.83123,0.83143,1.43,1.50
2012.10.10 22:20:53.326,0.83128,0.83143,1.43,1.50
2012.10.10 22:20:54.294,0.83128,0.83146,1.43,2.25
2012.10.10 22:20:54.414,0.83131,0.83149,1.43,1.50
2012.10.10 22:20:55.123,0.83134,0.83153,1.43,1.50
2012.10.10 22:20:55.303,0.83136,0.83153,1.43,1.50
2012.10.10 22:20:55.614,0.83136,0.83153,1.43,1.50
2012.10.10 22:20:58.284,0.83136,0.83156,1.43,2.25
2012.10.10 22:20:58.583,0.8314,0.83162,1.43,3.68
2012.10.10 22:21:01.393,0.8314,0.83158,1.43,1.50
2012.10.10 22:21:01.693,0.83131,0.83155,1.43,2.18
2012.10.10 22:21:08.495,0.83131,0.83154,1.43,1.50
2012.10.10 22:21:08.685,0.83131,0.83154,1.43,1.50
2012.10.10 22:21:12.804,0.83132,0.83154,1.43,1.50
2012.10.10 22:21:12.864,0.83134,0.83154,1.43,1.50
2012.10.10 22:21:16.124,0.83134,0.83154,1.43,1.50
2012.10.10 22:21:16.194,0.8313,0.83154,1.43,2.93
2012.10.10 22:21:16.265,0.8313,0.83154,1.43,2.93
2012.10.10 22:21:16.384,0.8313,0.83154,1.43,2.93
2012.10.10 22:21:23.364,0.8313,0.83154,1.43,2.18
2012.10.10 22:21:25.386,0.8313,0.83151,1.43,2.25
2012.10.10 22:21:25.457,0.8313,0.83152,1.43,1.50
2012.10.10 22:21:25.714,0.8313,0.83151,1.43,2.25
2012.10.10 22:21:29.624,0.8313,0.83154,1.43,2.93
2012.10.10 22:21:29.838,0.83133,0.83154,1.43,2.93
2012.10.10 22:21:30.175,0.83135,0.83156,1.43,1.50
2012.10.10 22:21:36.896,0.8313,0.83152,1.43,1.43
2012.10.10 22:21:38.145,0.8313,0.83146,1.43,1.50
2012.10.10 22:21:38.476,0.83127,0.83146,1.43,2.25
2012.10.10 22:21:38.724,0.83125,0.83145,1.43,2.25
2012.10.10 22:21:48.473,0.83125,0.83146,1.43,1.50
2012.10.10 22:21:48.964,0.83125,0.83146,1.43,2.25
2012.10.10 22:21:56.524,0.83125,0.83146,1.43,1.50
2012.10.10 22:21:56.644,0.83123,0.83144,1.43,1.43
2012.10.10 22:21:56.955,0.83123,0.83144,1.43,2.18
2012.10.10 22:21:57.265,0.83123,0.83144,1.43,2.18
2012.10.10 22:22:01.985,0.83126,0.83145,1.43,2.25
2012.10.10 22:22:02.105,0.83124,0.83145,1.43,3.68
2012.10.10 22:22:02.165,0.83121,0.83145,1.43,3.68
2012.10.10 22:22:02.235,0.83126,0.83145,1.43,2.25
2012.10.10 22:22:02.533,0.83127,0.83148,1.43,2.93
2012.10.10 22:22:02.775,0.8313,0.83149,1.43,1.50
2012.10.10 22:22:03.335,0.8313,0.83148,1.43,1.50
2012.10.10 22:22:03.834,0.8313,0.83149,1.43,1.50
2012.10.10 22:22:03.962,0.8313,0.83148,1.43,1.50
2012.10.10 22:22:05.274,0.8313,0.83148,1.43,1.50
2012.10.10 22:22:05.597,0.8313,0.83148,1.43,1.50
2012.10.10 22:22:06.076,0.83124,0.83143,1.43,1.50
2012.10.10 22:22:07.845,0.83124,0.83147,1.43,1.50
2012.10.10 22:22:08.364,0.83124,0.83136,1.43,1.50
2012.10.10 22:22:08.485,0.83114,0.83134,2.93,2.25
2012.10.10 22:22:08.664,0.83114,0.83135,1.43,1.50
2012.10.10 22:22:09.224,0.83114,0.83136,1.43,2.25
2012.10.10 22:22:09.301,0.83117,0.83136,1.43,1.50
2012.10.10 22:22:09.370,0.83117,0.8314,1.43,2.18
2012.10.10 22:22:09.799,0.83114,0.83136,1.43,1.43
2012.10.10 22:22:09.925,0.83114,0.83136,1.43,2.18
2012.10.10 22:22:10.114,0.83109,0.83132,1.43,1.43
2012.10.10 22:22:10.674,0.83109,0.83132,1.43,2.18
2012.10.10 22:22:11.865,0.83109,0.83132,1.43,2.18
2012.10.10 22:22:12.185,0.83109,0.83132,1.43,2.18
2012.10.10 22:22:12.696,0.83109,0.83132,1.43,2.18
2012.10.10 22:22:13.616,0.83109,0.83132,1.43,2.18
2012.10.10 22:22:13.876,0.83109,0.83132,1.43,2.18
2012.10.10 22:22:15.721,0.83105,0.83127,1.43,2.18
2012.10.10 22:22:15.847,0.83105,0.83127,1.43,2.18
2012.10.10 22:22:15.915,0.83099,0.83123,1.43,2.18
2012.10.10 22:22:15.986,0.83103,0.83127,1.43,2.18
2012.10.10 22:22:16.296,0.83097,0.83121,1.43,2.18
2012.10.10 22:22:17.194,0.83097,0.83121,1.43,2.18
2012.10.10 22:22:19.024,0.83097,0.83121,1.43,2.18
2012.10.10 22:22:22.478,0.83097,0.83121,1.43,2.18
2012.10.10 22:22:22.575,0.83097,0.8312,1.43,1.50
2012.10.10 22:22:22.884,0.83093,0.83116,1.43,2.18
2012.10.10 22:22:26.025,0.83097,0.83116,1.43,2.93
2012.10.10 22:22:26.155,0.83098,0.83116,1.43,1.50
2012.10.10 22:22:27.924,0.83097,0.83116,1.43,2.18
2012.10.10 22:22:28.044,0.83094,0.83116,1.43,2.18
2012.10.10 22:22:29.664,0.83094,0.83116,1.43,2.18
2012.10.10 22:22:30.204,0.83094,0.83116,1.43,1.43
2012.10.10 22:22:30.444,0.83098,0.83119,1.43,3.60
2012.10.10 22:22:31.156,0.83096,0.83116,1.43,1.43
2012.10.10 22:22:31.465,0.83094,0.83116,1.43,2.18
2012.10.10 22:22:32.695,0.83098,0.83118,1.43,2.93
2012.10.10 22:22:33.174,0.83098,0.8312,1.43,2.93
2012.10.10 22:22:37.441,0.83098,0.8312,1.43,2.18
2012.10.10 22:22:37.720,0.83094,0.83117,1.43,2.18
2012.10.10 22:22:40.123,0.83094,0.83117,1.43,1.43
2012.10.10 22:22:40.706,0.83094,0.83117,1.43,2.18
2012.10.10 22:22:46.125,0.83094,0.83117,1.43,1.43
2012.10.10 22:22:46.756,0.83099,0.8312,1.43,2.25
2012.10.10 22:22:46.884,0.83099,0.8312,1.43,1.50
2012.10.10 22:22:47.004,0.83099,0.83123,1.43,2.93
2012.10.10 22:22:47.063,0.83102,0.83123,1.43,2.93
2012.10.10 22:22:47.424,0.83109,0.83129,1.43,1.50
2012.10.10 22:22:48.356,0.83107,0.83129,1.43,2.18
2012.10.10 22:22:48.427,0.83105,0.83129,1.43,2.18
2012.10.10 22:22:48.494,0.83105,0.83129,1.43,2.18
2012.10.10 22:22:48.794,0.83105,0.83129,1.43,2.18
2012.10.10 22:22:53.414,0.83107,0.83129,1.43,2.18
2012.10.10 22:22:53.834,0.83109,0.83133,1.43,2.18
2012.10.10 22:22:56.435,0.83109,0.83133,1.43,2.18
2012.10.10 22:22:56.974,0.83109,0.83133,1.43,2.93
2012.10.10 22:22:59.864,0.83109,0.83133,1.43,2.18
2012.10.10 22:23:05.206,0.83109,0.83133,1.43,2.18
2012.10.10 22:23:05.514,0.83113,0.83136,1.43,2.18
2012.10.10 22:23:05.946,0.83111,0.83133,1.43,2.18
2012.10.10 22:23:06.015,0.83109,0.83133,1.43,2.18
2012.10.10 22:23:06.704,0.83109,0.83133,1.43,1.43
2012.10.10 22:23:07.425,0.83116,0.83133,1.43,1.43
2012.10.10 22:23:07.546,0.83118,0.83139,1.43,1.50
2012.10.10 22:23:07.736,0.83121,0.83139,1.43,1.50
2012.10.10 22:23:10.144,0.83117,0.8314,1.43,2.18
2012.10.10 22:23:10.385,0.83113,0.83135,1.43,2.18
2012.10.10 22:23:10.828,0.83116,0.83141,1.43,2.93
2012.10.10 22:23:13.565,0.83122,0.83141,1.43,1.50
2012.10.10 22:23:14.080,0.83118,0.8314,1.43,2.18
2012.10.10 22:23:14.324,0.83118,0.8314,1.43,2.18
2012.10.10 22:23:14.565,0.83118,0.8314,1.43,2.18
2012.10.10 22:23:18.244,0.83115,0.83136,1.43,2.18
2012.10.10 22:23:18.304,0.83112,0.83136,1.43,2.18
2012.10.10 22:23:21.801,0.83116,0.83139,1.43,2.93
2012.10.10 22:23:22.925,0.83112,0.83133,1.43,1.43
2012.10.10 22:23:27.526,0.83112,0.83133,1.43,2.18
2012.10.10 22:23:27.898,0.83112,0.83133,1.43,2.18
2012.10.10 22:23:28.525,0.83115,0.83137,1.43,2.93
2012.10.10 22:23:31.005,0.83111,0.83133,1.43,2.18
2012.10.10 22:23:34.017,0.83111,0.83133,1.43,2.18
2012.10.10 22:23:34.782,0.83111,0.83133,1.43,1.43
2012.10.10 22:23:34.853,0.83111,0.83133,1.43,2.18
2012.10.10 22:23:36.215,0.83115,0.83136,1.43,3.68
2012.10.10 22:23:40.595,0.83115,0.83135,1.43,1.50
2012.10.10 22:23:40.947,0.83118,0.8314,1.43,2.18
2012.10.10 22:23:41.469,0.83118,0.8314,1.43,2.18
2012.10.10 22:23:41.993,0.83118,0.8314,1.43,2.18
2012.10.10 22:23:59.776,0.83123,0.83143,1.43,2.25
2012.10.10 22:24:00.084,0.83123,0.83145,1.43,2.93
2012.10.10 22:24:05.864,0.83123,0.83144,1.43,1.50
2012.10.10 22:24:06.695,0.83126,0.83144,1.43,1.50
2012.10.10 22:24:07.760,0.83131,0.83149,1.43,2.25
2012.10.10 22:24:07.825,0.83133,0.83149,1.43,2.25
2012.10.10 22:24:07.896,0.83137,0.83149,1.43,1.50
2012.10.10 22:24:08.459,0.83137,0.83148,1.43,1.50
2012.10.10 22:24:10.244,0.83132,0.83156,1.43,2.18
2012.10.10 22:24:10.424,0.83132,0.83156,1.43,3.68
2012.10.10 22:24:16.514,0.83132,0.83156,1.43,2.18
2012.10.10 22:24:17.848,0.83132,0.83156,1.43,4.43
2012.10.10 22:24:18.319,0.83132,0.83156,1.43,4.43
2012.10.10 22:24:19.004,0.83132,0.83155,1.43,2.25
2012.10.10 22:24:20.083,0.83132,0.83155,1.43,2.25
2012.10.10 22:24:20.515,0.83129,0.83151,1.43,2.93
2012.10.10 22:24:20.636,0.83124,0.83145,1.43,2.18
2012.10.10 22:24:20.765,0.83118,0.83142,2.93,2.18
2012.10.10 22:24:21.075,0.83114,0.83138,2.18,1.43
2012.10.10 22:24:25.145,0.83115,0.83138,1.50,1.43
2012.10.10 22:24:25.813,0.83114,0.83138,2.93,1.43
2012.10.10 22:24:26.894,0.83115,0.83138,1.50,1.43
2012.10.10 22:24:27.453,0.83114,0.83138,2.93,1.43
2012.10.10 22:24:30.504,0.83119,0.83143,1.43,1.43
2012.10.10 22:24:30.967,0.83119,0.83143,1.43,2.18
2012.10.10 22:24:31.097,0.83116,0.83139,1.43,2.18
2012.10.10 22:24:39.834,0.83116,0.83139,1.43,2.18
2012.10.10 22:24:46.084,0.83116,0.83135,1.43,2.25
2012.10.10 22:24:46.146,0.83109,0.83131,1.43,2.18
2012.10.10 22:24:46.754,0.83103,0.83124,1.80,2.18
2012.10.10 22:24:47.114,0.83103,0.83124,1.43,2.18
2012.10.10 22:24:47.535,0.83106,0.83128,1.43,1.50
2012.10.10 22:24:47.654,0.83106,0.8313,1.43,3.68
2012.10.10 22:24:47.775,0.8311,0.83133,1.43,1.43
2012.10.10 22:24:48.275,0.83115,0.83135,1.43,2.93
2012.10.10 22:24:48.864,0.83115,0.83134,1.43,1.50
2012.10.10 22:24:49.475,0.83115,0.83136,1.43,2.18
2012.10.10 22:24:54.675,0.83118,0.83141,1.43,1.43
2012.10.10 22:24:55.766,0.83114,0.83137,1.43,1.43
2012.10.10 22:25:01.194,0.83112,0.83134,1.43,1.43
2012.10.10 22:25:01.314,0.8311,0.83134,1.43,1.43
2012.10.10 22:25:08.375,0.8311,0.83126,1.43,1.43
2012.10.10 22:25:08.686,0.83102,0.83118,1.43,2.25
2012.10.10 22:25:08.755,0.83096,0.83118,1.13,3.68
2012.10.10 22:25:08.936,0.83094,0.83114,1.43,2.18
2012.10.10 22:25:09.005,0.8309,0.83111,1.43,2.18
2012.10.10 22:25:13.904,0.8309,0.83111,1.43,1.43
2012.10.10 22:25:13.964,0.83093,0.83114,1.43,2.18
2012.10.10 22:25:17.514,0.83097,0.83114,1.43,1.50
2012.10.10 22:25:17.634,0.83097,0.8312,1.43,1.43
2012.10.10 22:25:17.935,0.83102,0.83124,1.43,1.43
2012.10.10 22:25:18.965,0.83096,0.83119,1.43,1.43
2012.10.10 22:25:30.875,0.831,0.83124,1.43,1.43
2012.10.10 22:25:36.654,0.831,0.83124,1.43,2.18
2012.10.10 22:25:36.779,0.83095,0.83119,1.43,2.18
2012.10.10 22:25:36.964,0.83092,0.83115,1.43,2.18
2012.10.10 22:25:39.065,0.83092,0.83115,1.43,2.18
2012.10.10 22:25:39.855,0.83092,0.83115,1.43,2.18
2012.10.10 22:25:40.016,0.83092,0.83115,1.43,2.18
2012.10.10 22:25:40.366,0.83097,0.83118,1.43,2.18
2012.10.10 22:25:42.854,0.83097,0.83118,1.43,2.18
2012.10.10 22:25:46.325,0.83097,0.83118,1.43,2.18
2012.10.10 22:25:46.386,0.83092,0.83114,1.43,2.18
2012.10.10 22:26:00.434,0.83092,0.83114,1.43,2.18
2012.10.10 22:26:02.895,0.83092,0.83114,1.43,2.18
2012.10.10 22:26:06.279,0.8309,0.83114,1.43,2.18
2012.10.10 22:26:10.594,0.8309,0.83114,1.43,2.18
2012.10.10 22:26:14.525,0.83094,0.83118,1.43,3.68
2012.10.10 22:26:24.946,0.83094,0.83118,1.43,2.18
2012.10.10 22:26:25.635,0.83094,0.83118,1.43,2.18
2012.10.10 22:26:26.053,0.83094,0.83118,1.43,2.18
2012.10.10 22:26:27.157,0.83094,0.83118,1.43,2.18
2012.10.10 22:26:29.684,0.83094,0.83118,1.43,2.18
2012.10.10 22:26:29.744,0.8309,0.83111,1.43,1.43
2012.10.10 22:26:29.865,0.83093,0.83114,1.43,2.18
2012.10.10 22:26:31.393,0.83093,0.83117,1.43,1.43
2012.10.10 22:26:31.454,0.83101,0.83121,1.43,1.43
2012.10.10 22:26:31.515,0.83101,0.83123,1.43,1.43
2012.10.10 22:26:31.934,0.83097,0.8312,1.43,1.43
2012.10.10 22:26:42.713,0.83099,0.8312,1.43,1.43
2012.10.10 22:26:42.774,0.831,0.83124,1.43,1.43
2012.10.10 22:26:47.445,0.831,0.83124,2.18,1.43
2012.10.10 22:26:47.815,0.83106,0.83127,2.18,1.43
2012.10.10 22:26:50.324,0.83106,0.83127,1.43,2.18
2012.10.10 22:26:50.565,0.83106,0.83123,1.43,1.43
2012.10.10 22:26:50.806,0.831,0.83123,1.43,2.18
2012.10.10 22:26:50.865,0.83101,0.83122,1.43,1.43
2012.10.10 22:26:51.225,0.83104,0.83126,1.43,1.43
2012.10.10 22:26:52.869,0.831,0.83121,1.43,1.43
2012.10.10 22:26:53.175,0.83094,0.83113,2.25,1.43
2012.10.10 22:26:53.296,0.83098,0.83121,1.43,1.43
2012.10.10 22:27:04.045,0.83103,0.83122,1.43,1.43
2012.10.10 22:27:04.164,0.83103,0.83124,1.43,1.50
2012.10.10 22:27:04.695,0.83103,0.83125,1.43,1.43
2012.10.10 22:27:05.845,0.83103,0.83125,1.43,2.18
2012.10.10 22:27:05.970,0.83101,0.83117,1.43,2.18
2012.10.10 22:27:06.034,0.83093,0.83117,1.43,2.18
2012.10.10 22:27:08.904,0.83098,0.83119,1.43,4.35
2012.10.10 22:27:09.085,0.83103,0.83123,1.43,2.25
2012.10.10 22:27:09.264,0.83103,0.83124,1.43,1.50
2012.10.10 22:27:15.584,0.83103,0.83126,1.43,2.18
2012.10.10 22:27:20.323,0.83103,0.83125,1.43,1.50
2012.10.10 22:27:32.373,0.83103,0.83126,1.43,1.43
2012.10.10 22:27:40.624,0.83106,0.8313,1.43,2.18
2012.10.10 22:27:40.866,0.83106,0.8313,1.43,1.43
2012.10.10 22:27:43.190,0.83112,0.83131,1.43,2.93
2012.10.10 22:27:44.484,0.83112,0.83134,1.43,3.68
2012.10.10 22:27:45.204,0.83112,0.83134,1.43,2.93
2012.10.10 22:27:46.065,0.83116,0.83135,1.43,1.50
2012.10.10 22:27:46.245,0.83116,0.83138,1.43,2.25
2012.10.10 22:27:46.811,0.83116,0.83137,1.43,1.50
2012.10.10 22:27:46.994,0.83113,0.83135,1.43,1.43
2012.10.10 22:27:47.054,0.83117,0.83137,1.43,1.43
2012.10.10 22:27:47.357,0.83117,0.8314,1.43,2.18
2012.10.10 22:27:47.425,0.83117,0.8314,1.43,1.43
2012.10.10 22:27:48.345,0.83117,0.8314,1.43,3.68
2012.10.10 22:27:48.406,0.83117,0.8314,1.43,2.93
2012.10.10 22:27:50.785,0.83127,0.83142,1.43,2.18
2012.10.10 22:27:51.026,0.83125,0.83145,1.43,1.43
2012.10.10 22:27:51.095,0.83123,0.83145,1.43,1.43
2012.10.10 22:27:51.395,0.83127,0.83148,1.43,4.35
2012.10.10 22:27:51.575,0.83122,0.83146,1.43,2.18
2012.10.10 22:27:51.823,0.83122,0.83146,1.43,2.18
2012.10.10 22:27:52.514,0.83122,0.83146,1.43,2.18
2012.10.10 22:27:52.574,0.83115,0.83136,1.43,1.43
2012.10.10 22:27:53.145,0.83115,0.83136,1.43,2.18
2012.10.10 22:27:53.820,0.83115,0.83136,1.43,4.43
2012.10.10 22:27:54.070,0.83115,0.83136,1.43,3.68
2012.10.10 22:27:54.495,0.83115,0.83136,1.43,3.68
2012.10.10 22:27:56.187,0.83115,0.83136,1.43,2.18
2012.10.10 22:27:56.255,0.8311,0.83132,1.43,1.43
2012.10.10 22:27:57.005,0.83111,0.83132,1.43,1.43
2012.10.10 22:27:57.065,0.83114,0.83136,1.43,2.18
2012.10.10 22:27:57.585,0.83114,0.83136,1.43,1.43
2012.10.10 22:27:57.945,0.83117,0.83136,1.43,1.43
2012.10.10 22:27:58.005,0.83118,0.8314,1.43,1.50
2012.10.10 22:27:58.535,0.83118,0.83141,1.43,1.43
2012.10.10 22:28:13.954,0.83123,0.83142,1.43,1.43
2012.10.10 22:28:14.015,0.83123,0.83145,1.43,2.93
2012.10.10 22:28:14.136,0.83126,0.83147,1.43,2.18
2012.10.10 22:28:14.205,0.83126,0.8315,1.43,1.43
2012.10.10 22:28:14.761,0.83126,0.8315,1.43,2.18
2012.10.10 22:28:15.475,0.83126,0.83149,1.43,1.50
2012.10.10 22:28:15.744,0.83126,0.8315,1.43,2.18
2012.10.10 22:28:19.244,0.83126,0.8315,1.43,1.43
2012.10.10 22:28:19.305,0.83131,0.83154,1.43,3.30
2012.10.10 22:28:19.847,0.83136,0.83157,1.43,2.18
2012.10.10 22:28:20.095,0.83136,0.83157,1.43,1.43
2012.10.10 22:28:24.615,0.83137,0.83161,1.43,1.13
2012.10.10 22:28:24.855,0.83137,0.83162,1.43,1.43
2012.10.10 22:28:28.045,0.83137,0.83162,1.43,2.18
2012.10.10 22:28:28.292,0.83137,0.83162,1.43,1.43
2012.10.10 22:28:31.448,0.83137,0.83157,1.43,1.50
2012.10.10 22:28:31.517,0.83134,0.83157,1.43,1.50
2012.10.10 22:28:31.585,0.8313,0.83155,1.43,1.43
2012.10.10 22:28:32.017,0.83128,0.8315,1.43,1.43
2012.10.10 22:28:32.323,0.83124,0.83147,1.43,1.43
2012.10.10 22:28:39.245,0.83129,0.8315,1.43,1.43
2012.10.10 22:28:51.145,0.83133,0.83157,1.43,1.43
2012.10.10 22:28:51.448,0.83138,0.83158,1.43,1.43
2012.10.10 22:28:51.634,0.83138,0.8316,1.43,1.43
2012.10.10 22:28:55.195,0.83138,0.8316,1.43,2.18
2012.10.10 22:28:55.385,0.83138,0.8316,1.43,1.43
2012.10.10 22:28:55.625,0.83138,0.8316,1.43,2.18
2012.10.10 22:28:55.744,0.83131,0.8315,1.50,2.18
2012.10.10 22:28:55.865,0.83129,0.8315,1.43,2.18
2012.10.10 22:29:02.316,0.83129,0.8315,1.43,1.43
2012.10.10 22:29:02.384,0.83131,0.83152,1.43,1.43
2012.10.10 22:29:02.685,0.83136,0.83157,1.43,1.43
2012.10.10 22:29:09.416,0.8314,0.83162,1.43,1.43
2012.10.10 22:29:55.355,0.83143,0.83162,1.43,1.43
2012.10.10 22:29:55.415,0.83145,0.83167,1.43,2.18
2012.10.10 22:29:55.721,0.83149,0.83169,1.43,2.18
2012.10.10 22:29:55.907,0.83149,0.83171,1.43,1.43
2012.10.10 22:29:58.186,0.83149,0.83171,1.43,2.18
2012.10.10 22:30:00.708,0.83147,0.83167,1.43,1.43
2012.10.10 22:30:00.774,0.83145,0.83167,1.43,1.43
2012.10.10 22:30:15.810,0.83145,0.83165,1.43,1.43
2012.10.10 22:30:15.876,0.83143,0.83164,1.50,1.43
2012.10.10 22:30:15.995,0.8314,0.83164,2.93,1.43
2012.10.10 22:30:16.537,0.83141,0.83164,1.50,1.43
2012.10.10 22:30:19.385,0.83145,0.83167,1.43,1.43
2012.10.10 22:30:24.978,0.83145,0.83167,1.43,2.18
2012.10.10 22:30:25.045,0.83142,0.83162,2.18,1.43
2012.10.10 22:30:25.345,0.83141,0.83162,2.93,1.43
2012.10.10 22:30:30.094,0.83141,0.83162,1.43,2.18
2012.10.10 22:30:33.117,0.83141,0.83162,1.43,1.43
2012.10.10 22:30:39.546,0.83141,0.83162,1.43,2.18
2012.10.10 22:30:39.665,0.83141,0.83162,1.43,1.43
2012.10.10 22:30:42.840,0.83142,0.83162,1.43,1.43
2012.10.10 22:30:42.904,0.83144,0.83167,1.43,2.18
2012.10.10 22:30:43.084,0.83144,0.83167,1.43,1.43
2012.10.10 22:30:43.204,0.83148,0.8317,1.43,2.25
2012.10.10 22:30:47.055,0.83144,0.83168,1.43,2.18
2012.10.10 22:30:47.175,0.83144,0.83168,1.43,2.18
2012.10.10 22:30:47.475,0.83144,0.83168,1.43,1.43
2012.10.10 22:30:49.311,0.83144,0.83168,2.18,1.43
2012.10.10 22:30:51.755,0.83144,0.83168,1.43,1.43
2012.10.10 22:30:52.264,0.83144,0.83168,2.18,1.43
2012.10.10 22:31:02.993,0.83144,0.83168,2.18,1.43
2012.10.10 22:31:03.233,0.83144,0.83168,2.93,1.43
2012.10.10 22:31:06.643,0.83144,0.83168,2.93,1.43
2012.10.10 22:31:06.708,0.83144,0.83168,3.68,1.43
2012.10.10 22:31:07.036,0.83148,0.8317,1.43,2.18
2012.10.10 22:31:12.503,0.83148,0.8317,2.93,1.43
2012.10.10 22:31:12.874,0.83148,0.8317,2.93,2.18
2012.10.10 22:31:19.895,0.83148,0.8317,1.43,1.43
2012.10.10 22:31:20.555,0.83148,0.8317,1.43,2.18
2012.10.10 22:31:21.406,0.83148,0.8317,2.18,2.18
2012.10.10 22:31:26.329,0.83148,0.8317,1.43,2.18
2012.10.10 22:31:27.014,0.83148,0.83168,1.50,1.43
2012.10.10 22:31:30.173,0.83146,0.83168,2.18,1.43
2012.10.10 22:31:31.939,0.83146,0.83168,1.43,1.43
2012.10.10 22:31:35.442,0.83144,0.83164,2.18,1.43
2012.10.10 22:31:36.503,0.83143,0.83164,1.43,1.43
2012.10.10 22:31:54.865,0.83145,0.83167,1.43,1.43
2012.10.10 22:31:54.934,0.83145,0.83169,1.43,3.68
2012.10.10 22:32:04.054,0.83145,0.83167,1.43,1.43
2012.10.10 22:32:04.363,0.83142,0.83164,1.43,2.18
2012.10.10 22:32:04.904,0.83143,0.83164,1.43,1.43
2012.10.10 22:32:04.963,0.83145,0.83169,1.43,2.18
2012.10.10 22:32:24.204,0.83145,0.83169,1.43,2.18
2012.10.10 22:32:24.264,0.83144,0.83165,1.43,1.43
2012.10.10 22:32:44.322,0.83147,0.83166,1.43,1.43
2012.10.10 22:32:44.387,0.83147,0.83168,1.43,1.50
2012.10.10 22:32:45.075,0.83147,0.83169,1.43,1.43
2012.10.10 22:32:45.445,0.83147,0.83169,1.43,2.18
2012.10.10 22:32:46.045,0.83147,0.83169,1.43,2.18
2012.10.10 22:32:53.163,0.83145,0.83165,1.43,1.43
2012.10.10 22:32:53.833,0.83144,0.83165,2.18,1.43
2012.10.10 22:33:01.151,0.83147,0.83167,1.43,1.43
2012.10.10 22:33:01.704,0.83147,0.83168,1.43,1.50
2012.10.10 22:33:06.524,0.83147,0.83169,1.43,3.68
2012.10.10 22:33:21.253,0.83149,0.83171,1.43,3.68
2012.10.10 22:33:41.234,0.83148,0.8317,1.43,2.18
2012.10.10 22:33:44.446,0.83148,0.8317,1.43,2.18
2012.10.10 22:33:45.765,0.83148,0.8317,1.43,1.43
2012.10.10 22:33:47.316,0.83152,0.83171,1.43,2.93
2012.10.10 22:33:49.393,0.83152,0.83173,1.43,1.43
2012.10.10 22:34:05.395,0.83152,0.83173,1.43,2.18
2012.10.10 22:34:05.923,0.83152,0.83173,1.43,1.43
2012.10.10 22:34:07.349,0.8315,0.83172,2.85,1.43
2012.10.10 22:34:12.185,0.83152,0.83172,1.43,1.43
2012.10.10 22:34:12.544,0.83155,0.83175,1.43,1.43
2012.10.10 22:34:18.898,0.83159,0.83178,1.43,1.43
2012.10.10 22:34:19.435,0.83159,0.83179,1.43,1.43
2012.10.10 22:34:19.555,0.83153,0.83175,1.43,1.43
2012.10.10 22:34:19.785,0.83156,0.83175,1.43,1.43
2012.10.10 22:34:19.844,0.83157,0.83179,1.43,2.93
2012.10.10 22:34:20.405,0.83157,0.83179,1.43,2.93
2012.10.10 22:34:20.725,0.83156,0.83175,1.43,1.43
2012.10.10 22:34:20.796,0.83153,0.83175,1.43,1.43
2012.10.10 22:34:21.298,0.83155,0.83175,1.50,1.43
2012.10.10 22:34:21.815,0.83158,0.83175,1.43,1.43
2012.10.10 22:34:21.874,0.83159,0.83179,1.43,1.43
2012.10.10 22:34:21.935,0.83164,0.83184,1.43,4.43
2012.10.10 22:34:27.944,0.8316,0.8318,1.43,1.43
2012.10.10 22:34:31.284,0.83159,0.83176,1.43,1.43
2012.10.10 22:34:35.766,0.83151,0.8317,3.68,1.43
2012.10.10 22:34:35.835,0.83151,0.8317,3.68,1.43
2012.10.10 22:34:36.272,0.83151,0.8317,2.18,1.43
2012.10.10 22:34:36.464,0.83151,0.8317,3.68,1.43
2012.10.10 22:34:36.964,0.83151,0.8317,2.18,1.43
2012.10.10 22:34:41.605,0.83157,0.83174,1.43,1.43
2012.10.10 22:34:51.156,0.83152,0.83171,1.43,1.43
2012.10.10 22:34:52.414,0.83152,0.83171,1.43,2.18
2012.10.10 22:34:57.736,0.83152,0.83171,1.43,2.18
2012.10.10 22:34:58.814,0.83152,0.83171,1.43,1.43
2012.10.10 22:34:59.055,0.83157,0.83174,1.43,1.43
2012.10.10 22:35:04.319,0.83153,0.8317,1.43,1.43
2012.10.10 22:35:04.827,0.83156,0.83175,1.43,1.43
2012.10.10 22:35:08.886,0.83156,0.83173,1.43,1.43
2012.10.10 22:35:09.197,0.83153,0.8317,1.43,1.43
2012.10.10 22:35:10.825,0.83158,0.83175,1.43,1.43
2012.10.10 22:35:14.395,0.83153,0.8317,1.43,1.43
2012.10.10 22:35:21.174,0.83146,0.83163,1.43,1.43
2012.10.10 22:35:30.675,0.83152,0.83169,1.43,1.43
2012.10.10 22:35:31.526,0.83152,0.83169,1.43,2.18
2012.10.10 22:35:32.484,0.83147,0.83166,1.43,1.43
2012.10.10 22:35:33.659,0.8315,0.83166,1.43,1.43
2012.10.10 22:35:33.728,0.83152,0.83169,1.43,1.43
2012.10.10 22:35:38.364,0.83147,0.83166,1.43,1.43
2012.10.10 22:35:38.724,0.83147,0.83166,1.43,2.18
2012.10.10 22:35:43.237,0.83147,0.83163,1.43,1.43
2012.10.10 22:35:43.306,0.83143,0.8316,1.43,1.43
2012.10.10 22:36:02.245,0.83147,0.83163,1.43,2.85
2012.10.10 22:36:22.242,0.83147,0.83164,1.43,1.43
2012.10.10 22:36:30.015,0.83144,0.8316,1.43,1.43
2012.10.10 22:36:30.076,0.83141,0.8316,2.18,1.43
2012.10.10 22:36:31.037,0.83137,0.83156,1.43,1.43
2012.10.10 22:36:41.154,0.83143,0.83157,1.43,1.43
2012.10.10 22:36:41.214,0.83143,0.8316,1.43,1.43
2012.10.10 22:37:01.214,0.83144,0.83162,1.43,1.43
2012.10.10 22:37:02.006,0.83144,0.83163,1.43,1.43
2012.10.10 22:37:21.290,0.83144,0.83161,1.43,1.43
2012.10.10 22:37:35.729,0.83144,0.83161,1.43,2.18
2012.10.10 22:37:36.212,0.83144,0.8316,1.43,2.25
2012.10.10 22:37:36.287,0.83124,0.83143,2.18,1.43
2012.10.10 22:37:36.546,0.83124,0.83143,2.18,1.43
2012.10.10 22:37:37.094,0.83124,0.83143,1.43,1.43
2012.10.10 22:37:37.806,0.83129,0.83146,1.43,1.43
2012.10.10 22:37:39.944,0.83129,0.83145,1.43,1.43
2012.10.10 22:37:40.005,0.83125,0.83142,1.43,1.43
2012.10.10 22:37:52.425,0.83122,0.83138,1.43,1.43
2012.10.10 22:37:56.844,0.83121,0.83138,2.18,1.43
2012.10.10 22:38:03.664,0.83121,0.83138,2.18,1.43
2012.10.10 22:38:04.026,0.83125,0.83144,1.43,1.43
2012.10.10 22:38:06.796,0.83125,0.83144,2.18,1.43
2012.10.10 22:38:08.985,0.83125,0.83144,1.43,1.43
2012.10.10 22:38:09.105,0.83125,0.83141,1.43,1.43
2012.10.10 22:38:09.164,0.83122,0.83139,1.43,1.43
2012.10.10 22:38:13.065,0.83126,0.83145,1.43,1.43
2012.10.10 22:38:16.932,0.83124,0.83141,1.43,1.43
2012.10.10 22:38:17.055,0.83122,0.83141,1.43,1.43
2012.10.10 22:38:17.294,0.83122,0.83141,2.18,1.43
2012.10.10 22:38:23.731,0.83128,0.83145,1.43,1.43
2012.10.10 22:38:26.097,0.83124,0.83141,1.43,1.43
2012.10.10 22:38:26.435,0.83124,0.83141,2.18,1.43
2012.10.10 22:38:31.674,0.83124,0.83141,1.43,1.43
2012.10.10 22:38:39.665,0.83121,0.83137,1.43,1.43
2012.10.10 22:38:40.196,0.8312,0.83137,1.43,1.43
2012.10.10 22:38:51.569,0.83122,0.83137,1.43,1.43
2012.10.10 22:38:51.635,0.83124,0.83141,1.43,1.43
2012.10.10 22:38:52.405,0.83126,0.83141,1.43,1.43
2012.10.10 22:38:52.465,0.83127,0.83146,1.43,1.43
2012.10.10 22:38:58.956,0.83122,0.83141,1.43,1.43
2012.10.10 22:39:00.942,0.83122,0.83138,1.43,1.43
2012.10.10 22:39:01.027,0.83118,0.83135,1.43,1.43
2012.10.10 22:39:03.335,0.83114,0.83131,1.43,1.43
2012.10.10 22:39:22.606,0.83117,0.83136,1.43,1.43
2012.10.10 22:39:22.939,0.83119,0.83136,1.43,1.43
2012.10.10 22:39:23.266,0.83122,0.83139,1.43,1.43
2012.10.10 22:39:31.025,0.83116,0.83135,2.18,1.43
2012.10.10 22:39:31.464,0.83113,0.8313,1.43,1.43
2012.10.10 22:39:50.017,0.83113,0.83129,1.43,1.43
2012.10.10 22:39:50.146,0.83108,0.83127,1.43,1.43
2012.10.10 22:39:56.595,0.83107,0.83123,1.50,1.43
2012.10.10 22:39:56.897,0.83109,0.83126,1.43,1.43
2012.10.10 22:40:02.865,0.83113,0.83129,1.43,1.43
2012.10.10 22:40:03.414,0.83113,0.8313,1.43,1.43
2012.10.10 22:40:19.754,0.8311,0.83126,1.43,1.43
2012.10.10 22:40:29.724,0.83107,0.83123,1.43,1.43
2012.10.10 22:40:30.265,0.83106,0.83123,1.43,1.43
2012.10.10 22:40:31.455,0.8311,0.83127,1.43,1.43
2012.10.10 22:40:51.484,0.83107,0.83126,1.43,1.43
2012.10.10 22:40:54.068,0.83103,0.83122,1.43,1.43
2012.10.10 22:41:02.525,0.83101,0.83118,1.43,1.43
2012.10.10 22:41:02.586,0.83099,0.83118,1.43,1.43
2012.10.10 22:41:02.645,0.83099,0.83118,2.18,1.43
2012.10.10 22:41:02.978,0.83099,0.83118,1.43,1.43
2012.10.10 22:41:03.186,0.83099,0.83118,2.18,1.43
2012.10.10 22:41:04.563,0.83099,0.83118,2.18,1.43
2012.10.10 22:41:15.005,0.83099,0.83118,2.18,1.43
2012.10.10 22:41:18.798,0.83099,0.83118,2.18,1.43
2012.10.10 22:41:31.485,0.83099,0.83118,1.43,1.43
2012.10.10 22:41:31.715,0.83099,0.83118,2.18,1.43
2012.10.10 22:41:42.694,0.83099,0.83116,2.18,1.43
2012.10.10 22:41:53.490,0.83093,0.83112,2.18,1.43
2012.10.10 22:41:53.556,0.83094,0.83112,1.50,1.43
2012.10.10 22:41:53.745,0.83093,0.83112,1.43,1.43
2012.10.10 22:41:54.264,0.8309,0.83107,2.18,1.43
2012.10.10 22:42:03.449,0.8309,0.83107,1.43,1.43
2012.10.10 22:42:03.523,0.83076,0.83095,2.18,1.43
2012.10.10 22:42:04.304,0.83076,0.83095,2.18,1.43
2012.10.10 22:42:04.365,0.83076,0.83095,2.18,1.43
2012.10.10 22:42:07.086,0.83076,0.83095,2.18,1.43
2012.10.10 22:42:09.114,0.83076,0.83095,2.18,1.43
2012.10.10 22:42:09.295,0.83076,0.83095,2.18,1.43
2012.10.10 22:42:09.355,0.83076,0.83095,2.18,1.43
2012.10.10 22:42:09.775,0.83076,0.83095,2.18,1.43
2012.10.10 22:42:09.966,0.83074,0.83089,2.18,1.43
2012.10.10 22:42:10.216,0.83074,0.83093,2.18,1.43
2012.10.10 22:42:10.463,0.83078,0.83097,1.43,1.43
2012.10.10 22:42:16.426,0.83078,0.83097,2.18,1.43
2012.10.10 22:42:16.495,0.83083,0.83099,1.43,1.43
2012.10.10 22:42:16.678,0.83083,0.83101,1.43,1.43
2012.10.10 22:42:16.865,0.83087,0.83104,1.43,1.43
2012.10.10 22:42:17.227,0.83084,0.83101,2.18,1.43
2012.10.10 22:42:18.649,0.83084,0.83101,1.43,1.43
2012.10.10 22:42:18.918,0.83084,0.83101,2.18,1.43
2012.10.10 22:42:19.632,0.83084,0.83101,1.43,1.43
2012.10.10 22:42:23.865,0.83081,0.83096,2.18,1.43
2012.10.10 22:42:24.815,0.83079,0.83096,1.43,1.43
2012.10.10 22:42:29.288,0.83075,0.83092,1.43,1.43
2012.10.10 22:42:29.645,0.83075,0.83092,2.18,1.43
2012.10.10 22:42:30.206,0.83075,0.83092,2.18,1.43
2012.10.10 22:42:31.220,0.83075,0.83092,1.43,1.43
2012.10.10 22:42:32.185,0.83075,0.83092,2.18,1.43
2012.10.10 22:42:32.795,0.83075,0.83092,1.43,1.43
2012.10.10 22:42:33.034,0.83075,0.83092,2.18,1.43
2012.10.10 22:42:35.426,0.83075,0.83092,1.43,1.43
2012.10.10 22:42:35.725,0.83075,0.8309,1.43,1.43
2012.10.10 22:42:35.785,0.8307,0.83089,1.43,1.43
2012.10.10 22:42:35.907,0.8307,0.83086,1.43,1.43
2012.10.10 22:42:35.975,0.83066,0.83085,2.18,1.43
2012.10.10 22:42:36.095,0.83066,0.83085,2.55,1.43
2012.10.10 22:42:36.226,0.83073,0.8309,1.43,1.43
2012.10.10 22:42:37.968,0.83073,0.8309,2.18,1.43
2012.10.10 22:42:38.097,0.83076,0.83095,2.18,1.43
2012.10.10 22:42:41.165,0.83076,0.83095,2.18,1.43
2012.10.10 22:42:42.705,0.83076,0.83095,1.43,1.43
2012.10.10 22:42:46.607,0.83087,0.83106,1.43,2.93
2012.10.10 22:42:48.925,0.83087,0.83106,2.18,1.43
2012.10.10 22:42:49.346,0.83092,0.83111,1.43,1.43
2012.10.10 22:42:56.247,0.83096,0.83115,2.18,1.43
2012.10.10 22:43:03.965,0.83096,0.83115,1.43,1.43
2012.10.10 22:43:04.330,0.831,0.83119,1.43,1.43
2012.10.10 22:43:14.226,0.83097,0.83114,1.43,1.43
2012.10.10 22:43:17.545,0.83094,0.8311,1.43,1.43
2012.10.10 22:43:18.169,0.83093,0.8311,1.43,1.43
2012.10.10 22:43:19.535,0.83086,0.83104,2.18,1.43
2012.10.10 22:43:20.085,0.83086,0.83104,1.43,1.43
2012.10.10 22:43:25.257,0.83091,0.83106,1.43,1.43
2012.10.10 22:43:25.333,0.83091,0.83108,1.43,1.43
2012.10.10 22:43:25.545,0.83091,0.83105,1.43,1.43
2012.10.10 22:43:25.605,0.83085,0.83102,1.43,1.43
2012.10.10 22:43:25.785,0.83089,0.83106,1.43,1.43
2012.10.10 22:43:28.558,0.83089,0.83104,1.43,1.43
2012.10.10 22:43:28.625,0.83084,0.83103,1.43,1.43
2012.10.10 22:43:28.876,0.83084,0.83103,2.18,1.43
2012.10.10 22:43:30.231,0.83089,0.83106,1.43,1.43
2012.10.10 22:43:46.478,0.83094,0.83108,1.43,1.43
2012.10.10 22:43:46.545,0.83094,0.83111,1.43,1.43
2012.10.10 22:43:50.596,0.83098,0.83115,1.43,1.43
2012.10.10 22:43:51.555,0.83103,0.83117,1.43,1.43
2012.10.10 22:43:51.614,0.83103,0.83121,1.43,1.43
2012.10.10 22:43:58.296,0.83099,0.83116,1.43,1.43
2012.10.10 22:43:58.607,0.83096,0.83112,1.43,1.43
2012.10.10 22:43:59.146,0.83095,0.83112,1.43,1.43
2012.10.10 22:44:10.666,0.83093,0.83109,1.43,1.43
2012.10.10 22:44:10.726,0.8309,0.83109,1.43,1.43
2012.10.10 22:44:14.350,0.83096,0.83113,1.43,1.43
2012.10.10 22:44:14.885,0.83096,0.83113,2.18,1.43
2012.10.10 22:44:15.424,0.83096,0.83113,1.43,1.43
2012.10.10 22:44:30.995,0.83098,0.83113,1.43,1.43
2012.10.10 22:44:31.071,0.83101,0.83119,1.43,1.43
2012.10.10 22:44:33.344,0.83096,0.83117,1.43,1.43
2012.10.10 22:44:40.704,0.83096,0.83117,2.18,1.43
2012.10.10 22:44:41.687,0.83096,0.83117,1.43,1.43
2012.10.10 22:44:42.348,0.83096,0.83117,2.18,1.43
2012.10.10 22:44:51.729,0.83096,0.83117,1.43,1.43
2012.10.10 22:44:55.495,0.83101,0.83118,1.43,1.43
2012.10.10 22:44:59.465,0.83099,0.83116,1.43,1.43
2012.10.10 22:44:59.585,0.83096,0.83116,2.18,1.43
2012.10.10 22:45:09.915,0.83096,0.83116,2.18,1.43
2012.10.10 22:45:10.097,0.83096,0.83116,1.43,1.43
2012.10.10 22:45:15.352,0.83096,0.83116,2.18,1.43
2012.10.10 22:45:16.094,0.83096,0.83116,1.43,1.43
2012.10.10 22:45:16.845,0.83094,0.83111,1.43,1.43
2012.10.10 22:45:18.946,0.83094,0.8311,1.43,1.43
2012.10.10 22:45:19.005,0.83089,0.83108,1.43,1.43
2012.10.10 22:45:19.617,0.83089,0.83108,2.18,1.65
2012.10.10 22:45:19.926,0.83089,0.83107,2.18,1.05
2012.10.10 22:45:20.285,0.83086,0.83104,2.18,1.43
2012.10.10 22:45:25.907,0.83092,0.83111,1.43,2.18
2012.10.10 22:45:29.766,0.83092,0.83111,2.18,2.18
2012.10.10 22:45:29.826,0.83092,0.83111,1.43,2.18
2012.10.10 22:45:31.993,0.83092,0.83108,1.43,1.43
2012.10.10 22:45:32.308,0.83089,0.83105,1.43,1.43
2012.10.10 22:45:32.866,0.83083,0.83109,2.18,2.55
2012.10.10 22:45:33.415,0.83083,0.83109,2.18,2.40
2012.10.10 22:45:34.785,0.83083,0.83108,1.43,1.05
2012.10.10 22:45:34.846,0.83083,0.83105,1.43,1.43
2012.10.10 22:45:35.169,0.83079,0.83103,2.18,1.43
2012.10.10 22:45:35.715,0.83079,0.83103,2.18,1.43
2012.10.10 22:45:36.596,0.83079,0.83103,2.18,2.18
2012.10.10 22:45:41.825,0.83079,0.83103,2.18,2.18
2012.10.10 22:45:42.825,0.83079,0.83103,2.18,1.43
2012.10.10 22:45:43.798,0.83079,0.83103,2.18,1.43
2012.10.10 22:45:44.005,0.83079,0.83103,2.18,1.43
2012.10.10 22:45:44.247,0.83079,0.83103,2.18,1.43
2012.10.10 22:45:44.375,0.83079,0.83103,2.18,1.43
2012.10.10 22:45:46.348,0.83077,0.831,2.18,1.43
2012.10.10 22:45:46.417,0.83075,0.831,2.25,1.43
2012.10.10 22:45:46.487,0.83075,0.83096,2.25,1.43
2012.10.10 22:45:47.234,0.83075,0.83101,3.68,1.43
2012.10.10 22:45:47.755,0.83075,0.83101,3.68,1.43
2012.10.10 22:45:54.415,0.83075,0.83101,2.93,1.43
2012.10.10 22:45:54.536,0.83075,0.83098,2.18,1.43
2012.10.10 22:45:54.777,0.83079,0.83103,1.43,1.43
2012.10.10 22:45:54.906,0.83079,0.831,1.43,1.43
2012.10.10 22:45:55.205,0.83073,0.83097,1.43,1.43
2012.10.10 22:45:55.325,0.83073,0.83097,2.18,1.43
2012.10.10 22:45:55.567,0.83073,0.83097,1.43,1.43
2012.10.10 22:45:56.135,0.8307,0.83096,3.68,1.43
2012.10.10 22:46:00.295,0.83073,0.83096,1.50,1.43
2012.10.10 22:46:03.266,0.83073,0.83096,2.25,1.43
2012.10.10 22:46:03.386,0.83073,0.83096,2.25,1.43
2012.10.10 22:46:03.666,0.83073,0.83096,2.25,1.43
2012.10.10 22:46:05.645,0.83079,0.83103,2.18,1.43
2012.10.10 22:46:05.766,0.83079,0.83103,2.18,1.43
2012.10.10 22:46:06.005,0.83079,0.83103,2.18,1.43
2012.10.10 22:46:07.356,0.83079,0.83101,2.18,1.43
2012.10.10 22:46:07.871,0.83073,0.83099,2.18,1.43
2012.10.10 22:46:10.635,0.83073,0.83099,2.18,1.43
2012.10.10 22:46:11.073,0.83073,0.83099,2.18,1.43
2012.10.10 22:46:13.295,0.83078,0.83102,2.18,1.43
2012.10.10 22:46:25.760,0.83078,0.83102,1.43,1.43
2012.10.10 22:46:25.885,0.83078,0.83102,2.18,1.43
2012.10.10 22:46:30.029,0.83078,0.83102,2.18,1.43
2012.10.10 22:46:30.425,0.83078,0.83102,2.18,1.43
2012.10.10 22:46:31.997,0.83078,0.83102,2.18,1.43
2012.10.10 22:46:32.328,0.83074,0.83099,2.25,1.43
2012.10.10 22:46:33.417,0.83073,0.83099,3.68,1.43
2012.10.10 22:46:47.175,0.83076,0.83099,2.25,1.43
2012.10.10 22:46:52.217,0.83076,0.831,2.25,1.43
2012.10.10 22:46:52.285,0.83076,0.831,2.25,1.43
2012.10.10 22:46:57.249,0.83075,0.831,2.25,1.43
2012.10.10 22:46:57.446,0.83075,0.831,2.25,1.43
2012.10.10 22:47:06.147,0.83076,0.831,2.25,1.43
2012.10.10 22:47:06.486,0.83075,0.831,2.25,1.43
2012.10.10 22:47:14.567,0.83076,0.831,2.18,1.43
2012.10.10 22:47:14.895,0.83076,0.83098,2.25,1.43
2012.10.10 22:47:34.861,0.83073,0.83097,4.43,1.43
2012.10.10 22:47:59.734,0.83077,0.83103,2.18,3.68
2012.10.10 22:48:04.226,0.83075,0.83098,3.68,1.43
2012.10.10 22:48:20.820,0.83078,0.83102,2.18,1.80
2012.10.10 22:48:21.030,0.83076,0.83098,2.18,1.43
2012.10.10 22:48:21.647,0.83074,0.83099,2.25,1.43
2012.10.10 22:48:21.975,0.83074,0.83099,3.00,1.43
2012.10.10 22:48:22.164,0.83074,0.83099,3.00,1.43
2012.10.10 22:48:22.417,0.83074,0.83099,2.25,1.43
2012.10.10 22:48:22.485,0.83074,0.83099,2.25,1.43
2012.10.10 22:48:23.038,0.83075,0.83099,2.25,1.43
2012.10.10 22:48:23.404,0.83073,0.83099,2.18,1.43
2012.10.10 22:48:23.585,0.83074,0.83099,1.50,1.43
2012.10.10 22:48:33.041,0.83074,0.83099,1.50,1.43
2012.10.10 22:48:33.557,0.83073,0.83099,2.18,2.18
2012.10.10 22:48:36.015,0.83073,0.83098,2.18,1.13
2012.10.10 22:48:38.229,0.83073,0.83098,2.18,1.88
2012.10.10 22:48:38.822,0.8307,0.83095,2.25,1.43
2012.10.10 22:48:43.185,0.83069,0.83095,3.68,2.18
2012.10.10 22:48:43.364,0.83069,0.83095,3.68,2.18
2012.10.10 22:48:43.876,0.8307,0.83095,2.25,1.43
2012.10.10 22:48:44.462,0.8307,0.83095,2.25,1.43
2012.10.10 22:48:44.902,0.8307,0.83095,2.25,1.43
2012.10.10 22:48:48.226,0.83074,0.83098,2.18,2.55
2012.10.10 22:48:50.126,0.83074,0.83098,2.18,2.55
2012.10.10 22:48:54.586,0.83074,0.83096,1.43,1.50
2012.10.10 22:48:54.786,0.8307,0.83094,1.43,1.43
2012.10.10 22:48:54.976,0.83072,0.83094,2.18,1.43
2012.10.10 22:48:55.035,0.83073,0.83096,2.18,1.50
2012.10.10 22:48:56.451,0.83073,0.83096,1.43,1.50
2012.10.10 22:48:58.596,0.83073,0.83096,2.18,1.50
2012.10.10 22:48:59.330,0.83073,0.83096,1.43,1.50
2012.10.10 22:49:00.520,0.83073,0.83096,2.18,1.13
2012.10.10 22:49:01.620,0.83073,0.83096,1.43,1.13
2012.10.10 22:49:06.737,0.8307,0.83094,2.93,1.43
2012.10.10 22:49:08.662,0.8307,0.83094,3.68,1.43
2012.10.10 22:49:11.234,0.83074,0.83096,1.43,2.93
2012.10.10 22:49:11.810,0.83074,0.83096,1.43,2.25
2012.10.10 22:49:19.007,0.83074,0.83096,2.18,1.88
2012.10.10 22:49:23.927,0.83074,0.83096,1.43,1.88
2012.10.10 22:49:24.994,0.83074,0.83098,2.18,2.55
2012.10.10 22:49:26.774,0.83077,0.83097,1.43,1.50
2012.10.10 22:49:27.014,0.83077,0.83097,1.43,1.50
2012.10.10 22:49:29.645,0.83077,0.83098,1.43,2.25
2012.10.10 22:49:29.707,0.83077,0.83098,2.18,2.25
2012.10.10 22:49:33.046,0.83071,0.831,4.05,1.50
2012.10.10 22:49:33.586,0.83071,0.831,4.05,1.50
2012.10.10 22:49:33.884,0.83071,0.831,4.05,1.50
2012.10.10 22:49:34.587,0.83072,0.83102,2.25,2.63
2012.10.10 22:49:35.789,0.83071,0.83102,4.80,2.63
2012.10.10 22:49:35.927,0.83072,0.83099,1.50,1.50
2012.10.10 22:49:36.484,0.83072,0.83101,1.50,2.25
2012.10.10 22:49:36.915,0.83072,0.83101,2.25,2.25
2012.10.10 22:49:39.558,0.83072,0.83102,3.38,1.88
2012.10.10 22:49:40.076,0.83072,0.83102,1.13,1.88
2012.10.10 22:49:40.816,0.83072,0.83102,1.13,1.50
2012.10.10 22:49:49.751,0.83072,0.83101,1.13,1.50
2012.10.10 22:49:49.895,0.83072,0.83101,1.13,2.25
2012.10.10 22:49:50.074,0.83072,0.83101,1.13,1.50
2012.10.10 22:49:55.706,0.83072,0.83101,1.13,1.50
2012.10.10 22:49:59.924,0.83072,0.83102,2.55,3.00
2012.10.10 22:50:05.510,0.83072,0.83102,2.55,3.00
2012.10.10 22:50:05.635,0.83072,0.83102,1.80,3.00
2012.10.10 22:50:08.595,0.83071,0.83097,1.50,1.50
2012.10.10 22:50:08.776,0.83068,0.83096,1.80,1.50
2012.10.10 22:50:09.325,0.83068,0.83097,1.43,1.50
2012.10.10 22:50:10.697,0.83068,0.83097,1.80,1.50
2012.10.10 22:50:11.264,0.83068,0.83097,1.80,1.50
2012.10.10 22:50:11.587,0.83071,0.83099,1.13,2.25
2012.10.10 22:50:13.488,0.83072,0.83099,1.43,2.25
2012.10.10 22:50:14.345,0.83072,0.83101,2.18,1.50
2012.10.10 22:50:14.552,0.83078,0.83101,1.43,1.50
2012.10.10 22:50:15.783,0.83076,0.83101,1.43,1.50
2012.10.10 22:50:15.846,0.83073,0.83101,1.43,1.50
2012.10.10 22:50:19.115,0.83071,0.83101,1.13,1.50
2012.10.10 22:50:20.356,0.83073,0.83102,1.50,2.25
2012.10.10 22:50:20.714,0.83078,0.83103,1.43,2.25
2012.10.10 22:50:21.106,0.83078,0.83107,1.43,1.13
2012.10.10 22:50:21.285,0.83078,0.83108,1.80,1.88
2012.10.10 22:50:21.865,0.83078,0.83108,2.18,1.50
2012.10.10 22:50:21.985,0.83082,0.83108,1.43,1.50
2012.10.10 22:50:25.356,0.83077,0.83108,2.18,1.50
2012.10.10 22:50:30.645,0.83079,0.83108,1.50,1.50
2012.10.10 22:50:31.239,0.83077,0.83108,2.18,1.50
2012.10.10 22:50:31.486,0.83083,0.83108,1.43,1.50
2012.10.10 22:50:32.464,0.83083,0.83108,1.43,1.50
2012.10.10 22:50:32.826,0.83085,0.83108,1.43,1.50
2012.10.10 22:50:32.895,0.83083,0.83108,1.80,1.50
2012.10.10 22:50:32.956,0.83083,0.83109,1.80,1.50
2012.10.10 22:50:35.745,0.83083,0.83111,2.55,1.50
2012.10.10 22:50:35.993,0.83083,0.83111,1.80,1.50
2012.10.10 22:50:36.775,0.83083,0.83112,1.80,2.25
2012.10.10 22:50:37.946,0.83083,0.8311,1.43,1.50
2012.10.10 22:50:39.668,0.8308,0.8311,1.13,1.50
2012.10.10 22:50:39.735,0.8308,0.8311,1.88,1.50
2012.10.10 22:50:48.454,0.83084,0.8311,1.88,1.50
2012.10.10 22:50:48.516,0.83084,0.83113,1.88,1.50
2012.10.10 22:50:48.754,0.83084,0.83113,1.88,1.50
2012.10.10 22:50:49.545,0.83085,0.83113,1.43,1.50
2012.10.10 22:50:50.187,0.83085,0.83113,2.18,1.50
2012.10.10 22:50:51.127,0.83085,0.83113,1.43,1.50
2012.10.10 22:50:56.074,0.83085,0.83113,2.18,1.13
2012.10.10 22:50:56.254,0.83084,0.83112,2.25,1.50
2012.10.10 22:50:58.054,0.83084,0.83109,2.25,1.88
2012.10.10 22:50:58.475,0.83079,0.83108,2.18,1.13
2012.10.10 22:51:02.527,0.83079,0.83107,1.43,1.50
2012.10.10 22:51:12.935,0.83077,0.83107,3.00,1.50
2012.10.10 22:51:13.688,0.83077,0.83107,3.68,1.50
2012.10.10 22:51:14.315,0.83079,0.83108,2.93,1.13
2012.10.10 22:51:15.123,0.83079,0.83106,2.93,1.13
2012.10.10 22:51:18.016,0.83079,0.83108,2.93,1.13
2012.10.10 22:51:18.666,0.83079,0.83111,2.93,3.75
2012.10.10 22:51:23.528,0.83081,0.83111,1.50,3.75
2012.10.10 22:51:24.147,0.83081,0.83111,1.50,2.25
2012.10.10 22:51:24.207,0.83081,0.8311,1.50,1.13
2012.10.10 22:51:24.396,0.83082,0.83111,1.50,1.50
2012.10.10 22:51:27.238,0.83082,0.83111,1.50,1.50
2012.10.10 22:51:34.097,0.83082,0.83111,1.50,1.50
2012.10.10 22:51:35.205,0.83078,0.83111,2.25,1.88
2012.10.10 22:51:35.418,0.83079,0.83111,1.50,1.88
2012.10.10 22:51:35.996,0.83078,0.8311,3.00,1.50
2012.10.10 22:51:36.055,0.83078,0.83106,1.50,1.50
2012.10.10 22:51:36.607,0.83075,0.83105,2.25,1.50
2012.10.10 22:51:37.288,0.83075,0.83106,2.25,1.88
2012.10.10 22:51:39.119,0.83075,0.83106,2.25,1.88
2012.10.10 22:51:46.318,0.83075,0.83106,1.50,2.63
2012.10.10 22:51:46.564,0.83075,0.83106,3.00,1.50
2012.10.10 22:51:47.758,0.83075,0.83106,2.25,2.25
2012.10.10 22:51:47.826,0.83071,0.83103,1.50,1.50
2012.10.10 22:51:47.895,0.83071,0.83103,1.50,1.50
2012.10.10 22:51:48.136,0.83071,0.83102,2.25,2.25
2012.10.10 22:51:48.457,0.83073,0.83102,1.43,2.25
2012.10.10 22:51:54.770,0.83073,0.83102,2.18,2.25
2012.10.10 22:51:55.086,0.83073,0.83102,1.43,2.25
2012.10.10 22:51:55.988,0.83073,0.83102,2.93,2.25
2012.10.10 22:51:56.060,0.83076,0.83107,3.00,1.88
2012.10.10 22:51:56.836,0.83076,0.83108,1.50,2.78
2012.10.10 22:51:56.895,0.83075,0.83104,3.68,1.50
2012.10.10 22:51:57.195,0.83075,0.83106,2.25,1.35
2012.10.10 22:52:07.185,0.83075,0.83107,3.00,1.50
2012.10.10 22:52:18.948,0.83076,0.83106,1.50,3.00
2012.10.10 22:52:19.475,0.83075,0.83104,1.50,1.50
2012.10.10 22:52:28.205,0.83076,0.83108,1.50,1.88
2012.10.10 22:52:28.565,0.83078,0.83108,1.43,1.50
2012.10.10 22:52:28.685,0.83078,0.83108,1.43,1.50
2012.10.10 22:52:29.055,0.83078,0.83107,1.43,2.25
2012.10.10 22:52:29.235,0.83078,0.83107,1.43,2.25
2012.10.10 22:52:39.304,0.83078,0.83107,1.80,2.25
2012.10.10 22:52:39.365,0.83074,0.83107,1.50,2.25
2012.10.10 22:52:39.554,0.83074,0.83107,1.50,2.25
2012.10.10 22:52:44.399,0.83076,0.83107,1.43,2.25
2012.10.10 22:52:49.684,0.83076,0.83107,2.93,2.25
2012.10.10 22:52:49.755,0.83076,0.83107,3.68,2.25
2012.10.10 22:52:51.557,0.83077,0.83107,1.13,2.25
2012.10.10 22:52:52.166,0.83077,0.83107,1.13,2.25
2012.10.10 22:52:52.466,0.8308,0.83108,1.43,2.25
2012.10.10 22:52:56.576,0.8308,0.83108,1.80,2.25
2012.10.10 22:52:59.879,0.8308,0.83108,2.55,1.50
2012.10.10 22:52:59.945,0.8308,0.83111,2.55,2.63
2012.10.10 22:53:06.496,0.8308,0.8311,2.18,1.13
2012.10.10 22:53:07.063,0.8308,0.8311,2.55,1.13
2012.10.10 22:53:07.605,0.8308,0.8311,1.43,1.13
2012.10.10 22:53:08.154,0.8308,0.83111,2.18,1.88
2012.10.10 22:53:09.955,0.83079,0.8311,1.50,1.13
2012.10.10 22:53:10.185,0.83079,0.8311,1.50,1.13
2012.10.10 22:53:10.744,0.83078,0.83109,1.50,2.25
2012.10.10 22:53:12.036,0.83077,0.83109,4.05,1.13
2012.10.10 22:53:12.642,0.83078,0.83108,1.50,1.13
2012.10.10 22:53:15.005,0.83077,0.83108,2.93,1.13
2012.10.10 22:53:16.780,0.83073,0.83104,2.18,1.50
2012.10.10 22:53:21.157,0.83073,0.83103,2.18,1.50
2012.10.10 22:53:21.286,0.83073,0.83103,2.93,1.50
2012.10.10 22:53:21.872,0.83077,0.83103,1.43,1.50
2012.10.10 22:53:24.656,0.83077,0.83104,1.43,1.50
2012.10.10 22:53:25.248,0.83077,0.83104,2.18,1.50
2012.10.10 22:53:28.376,0.83077,0.83105,2.18,2.25
2012.10.10 22:53:28.625,0.83072,0.83105,2.55,2.25
2012.10.10 22:53:28.685,0.83072,0.83105,2.55,2.25
2012.10.10 22:53:29.244,0.83076,0.83105,2.18,2.25
2012.10.10 22:53:39.118,0.83081,0.83104,2.18,1.50
2012.10.10 22:53:39.245,0.83081,0.83108,2.18,2.25
2012.10.10 22:53:40.945,0.83078,0.83108,1.50,2.25
2012.10.10 22:53:42.981,0.83078,0.83108,1.50,1.13
2012.10.10 22:53:43.047,0.83076,0.83107,1.13,1.13
2012.10.10 22:53:45.054,0.83077,0.83106,1.13,1.13
2012.10.10 22:53:53.288,0.83076,0.83106,3.00,1.13
2012.10.10 22:53:59.874,0.83077,0.83107,1.50,2.63
2012.10.10 22:54:01.484,0.83077,0.83107,1.50,2.63
2012.10.10 22:54:03.665,0.83077,0.83107,1.50,2.63
2012.10.10 22:54:06.095,0.83077,0.83109,3.00,2.18
2012.10.10 22:54:06.155,0.83077,0.83109,3.00,2.18
2012.10.10 22:54:06.276,0.83077,0.8311,3.00,2.63
2012.10.10 22:54:06.996,0.83077,0.83112,2.25,3.00
2012.10.10 22:54:07.615,0.83078,0.83111,1.50,2.63
2012.10.10 22:54:14.001,0.83078,0.83111,2.25,2.25
2012.10.10 22:54:14.396,0.83082,0.83109,1.50,1.43
2012.10.10 22:54:14.925,0.83082,0.83112,1.50,2.55
2012.10.10 22:54:15.985,0.83083,0.83109,1.50,1.13
2012.10.10 22:54:17.254,0.83082,0.83111,1.50,1.88
2012.10.10 22:54:17.556,0.83083,0.83111,1.50,1.88
2012.10.10 22:54:17.905,0.83083,0.83111,1.50,1.13
2012.10.10 22:54:19.975,0.83082,0.83111,1.50,1.50
2012.10.10 22:54:20.096,0.83082,0.83107,1.50,1.43
2012.10.10 22:54:22.491,0.83087,0.83108,1.43,1.43
2012.10.10 22:54:22.560,0.83087,0.83111,1.43,1.13
2012.10.10 22:54:35.873,0.83087,0.8311,1.43,1.43
2012.10.10 22:54:35.938,0.83082,0.83109,2.18,1.43
2012.10.10 22:54:40.026,0.83082,0.83109,1.43,1.43
2012.10.10 22:54:50.045,0.83082,0.83109,1.43,2.18
2012.10.10 22:54:55.803,0.83082,0.83109,1.43,1.43
2012.10.10 22:54:55.927,0.83081,0.83106,1.43,1.43
2012.10.10 22:54:57.033,0.83081,0.83106,2.18,1.43
2012.10.10 22:55:30.105,0.8308,0.83106,3.68,1.43
2012.10.10 22:55:30.405,0.83085,0.83108,2.18,1.43
2012.10.10 22:55:30.791,0.83085,0.83109,3.68,1.43
2012.10.10 22:55:30.974,0.83085,0.83109,3.68,1.43
2012.10.10 22:55:31.246,0.83085,0.83109,3.68,1.43
2012.10.10 22:55:31.915,0.83085,0.83109,2.18,1.43
2012.10.10 22:55:32.095,0.83085,0.83109,2.18,1.43
2012.10.10 22:55:46.925,0.83086,0.83109,3.00,1.43
2012.10.10 22:55:47.346,0.83086,0.83109,3.00,1.43
2012.10.10 22:55:56.591,0.83088,0.83115,2.25,1.43
2012.10.10 22:55:56.895,0.83087,0.83109,4.43,1.43
2012.10.10 22:55:57.076,0.83093,0.83115,1.50,1.43
2012.10.10 22:55:57.255,0.83093,0.83114,1.50,1.43
2012.10.10 22:55:57.551,0.83095,0.83121,2.18,1.43
2012.10.10 22:56:01.055,0.831,0.83123,2.18,2.18
2012.10.10 22:56:04.339,0.831,0.83124,2.18,3.38
2012.10.10 22:56:06.785,0.83105,0.83124,2.18,2.25
2012.10.10 22:56:07.886,0.83105,0.83124,2.18,1.50
2012.10.10 22:56:07.946,0.83105,0.83128,2.18,1.13
2012.10.10 22:56:09.879,0.83105,0.83128,2.18,1.13
2012.10.10 22:56:11.984,0.83105,0.83129,2.18,3.38
2012.10.10 22:56:12.506,0.83105,0.83128,2.18,1.50
2012.10.10 22:56:18.037,0.83105,0.8313,2.18,2.25
2012.10.10 22:56:22.205,0.83105,0.8313,2.18,3.00
2012.10.10 22:56:22.508,0.831,0.83125,2.93,1.43
2012.10.10 22:56:24.450,0.831,0.83125,2.18,1.43
2012.10.10 22:56:25.208,0.831,0.83125,2.18,1.43
2012.10.10 22:56:25.347,0.831,0.83125,2.18,1.43
2012.10.10 22:56:25.406,0.831,0.83125,2.18,1.43
2012.10.10 22:56:27.257,0.83098,0.83122,2.93,1.43
2012.10.10 22:56:29.248,0.83098,0.83122,1.50,1.43
2012.10.10 22:56:29.396,0.83098,0.83122,1.50,1.43
2012.10.10 22:56:29.456,0.831,0.83125,2.18,1.43
2012.10.10 22:56:29.786,0.831,0.83125,2.18,1.43
2012.10.10 22:56:30.346,0.831,0.83125,2.18,1.43
2012.10.10 22:56:30.466,0.831,0.83125,2.18,1.43
2012.10.10 22:56:31.376,0.83102,0.83129,2.18,1.50
2012.10.10 22:56:33.466,0.83101,0.83125,2.93,1.43
2012.10.10 22:56:34.755,0.83101,0.83125,4.43,1.43
2012.10.10 22:56:35.056,0.83102,0.83125,2.25,1.43
2012.10.10 22:56:36.066,0.83105,0.83129,2.18,1.43
2012.10.10 22:56:36.356,0.83107,0.83129,2.18,1.43
2012.10.10 22:56:36.417,0.83109,0.83131,2.18,1.13
2012.10.10 22:56:39.853,0.83109,0.8313,2.18,1.43
2012.10.10 22:56:39.925,0.83104,0.83128,2.18,1.43
2012.10.10 22:56:40.657,0.83107,0.83133,2.18,2.63
2012.10.10 22:56:40.726,0.83107,0.83133,2.18,2.63
2012.10.10 22:56:41.313,0.83107,0.83133,2.18,2.63
2012.10.10 22:56:41.436,0.83105,0.83129,2.18,1.43
2012.10.10 22:56:43.426,0.83105,0.83129,2.18,1.43
2012.10.10 22:56:44.707,0.83109,0.83131,2.18,2.18
2012.10.10 22:56:45.398,0.83109,0.83133,2.18,1.43
2012.10.10 22:56:45.526,0.83113,0.83135,2.18,1.43
2012.10.10 22:56:45.587,0.83113,0.83137,2.18,2.78
2012.10.10 22:56:45.776,0.83113,0.83137,2.18,2.18
2012.10.10 22:56:45.955,0.83113,0.83137,2.18,2.18
2012.10.10 22:56:46.885,0.83116,0.83137,1.13,1.43
2012.10.10 22:56:47.005,0.83117,0.83142,2.18,2.18
2012.10.10 22:56:47.065,0.83117,0.83142,2.18,1.43
2012.10.10 22:56:47.368,0.83117,0.83142,2.18,1.43
2012.10.10 22:56:50.258,0.83117,0.83142,2.18,1.43
2012.10.10 22:56:50.574,0.83117,0.83142,2.18,2.18
2012.10.10 22:56:50.695,0.83117,0.83142,2.18,1.43
2012.10.10 22:56:50.875,0.83117,0.83142,2.55,1.43
2012.10.10 22:56:51.118,0.83117,0.83142,2.55,1.43
2012.10.10 22:56:51.365,0.83121,0.83147,2.18,3.68
2012.10.10 22:56:51.940,0.83121,0.83147,2.18,2.18
2012.10.10 22:56:52.005,0.83121,0.83147,2.18,2.18
2012.10.10 22:56:52.207,0.83121,0.83147,2.18,1.43
2012.10.10 22:56:52.336,0.83125,0.83151,2.93,2.18
2012.10.10 22:56:52.881,0.83125,0.83151,3.30,1.43
2012.10.10 22:56:52.945,0.83125,0.83151,3.30,1.43
2012.10.10 22:56:53.439,0.83125,0.83151,3.30,1.43
2012.10.10 22:56:53.625,0.83128,0.83155,2.18,2.18
2012.10.10 22:56:55.086,0.83128,0.83155,1.43,2.18
2012.10.10 22:56:55.625,0.83125,0.83151,2.93,1.43
2012.10.10 22:56:57.426,0.83125,0.83151,4.43,1.43
2012.10.10 22:56:58.077,0.83125,0.83151,4.43,1.43
2012.10.10 22:57:00.426,0.83128,0.83151,1.43,1.43
2012.10.10 22:57:00.485,0.83129,0.83155,1.43,2.18
2012.10.10 22:57:06.307,0.83129,0.83155,1.43,2.18
2012.10.10 22:57:06.496,0.83129,0.83155,1.43,2.18
2012.10.10 22:57:06.755,0.83129,0.83155,2.18,3.68
2012.10.10 22:57:07.057,0.83138,0.83159,1.43,1.50
2012.10.10 22:57:07.245,0.83138,0.83164,1.43,2.18
2012.10.10 22:57:07.426,0.83138,0.83162,1.43,2.25
2012.10.10 22:57:07.727,0.83127,0.83147,2.25,1.43
2012.10.10 22:57:07.796,0.83127,0.83147,1.50,1.43
2012.10.10 22:57:08.038,0.83127,0.83153,3.68,1.43
2012.10.10 22:57:08.107,0.83127,0.83148,2.25,1.43
2012.10.10 22:57:08.895,0.83126,0.83148,1.43,1.43
2012.10.10 22:57:08.955,0.83128,0.83155,1.43,2.18
2012.10.10 22:57:09.816,0.83128,0.83152,1.43,1.43
2012.10.10 22:57:10.310,0.83126,0.8315,2.18,1.43
2012.10.10 22:57:10.579,0.83129,0.83154,1.43,2.18
2012.10.10 22:57:11.076,0.83129,0.83154,1.43,2.18
2012.10.10 22:57:12.826,0.83126,0.83149,2.18,1.43
2012.10.10 22:57:14.497,0.83125,0.83149,2.55,1.43
2012.10.10 22:57:16.415,0.83125,0.83149,3.30,1.43
2012.10.10 22:57:21.126,0.8313,0.83156,1.43,3.68
2012.10.10 22:57:21.706,0.83133,0.83157,1.43,3.00
2012.10.10 22:57:21.957,0.83133,0.83156,1.43,2.25
2012.10.10 22:57:24.832,0.83129,0.83153,1.43,1.43
2012.10.10 22:57:25.126,0.83124,0.8315,2.18,1.43
2012.10.10 22:57:25.635,0.83124,0.8315,2.18,1.43
2012.10.10 22:57:26.905,0.83124,0.8315,2.18,1.43
2012.10.10 22:57:28.594,0.83124,0.8315,2.18,1.43
2012.10.10 22:57:28.956,0.83129,0.83153,1.43,1.43
2012.10.10 22:57:31.784,0.83129,0.83153,1.43,2.18
2012.10.10 22:57:32.129,0.83129,0.83153,1.43,1.43
2012.10.10 22:57:48.825,0.83126,0.8315,3.60,1.43
2012.10.10 22:58:01.362,0.83126,0.83157,1.13,2.25
2012.10.10 22:58:03.659,0.83126,0.83155,1.13,2.25
2012.10.10 22:58:13.035,0.83125,0.83154,2.25,2.25
2012.10.10 22:58:13.275,0.83125,0.83154,2.25,2.25
2012.10.10 22:58:15.105,0.83126,0.83158,3.38,1.50
2012.10.10 22:58:15.165,0.83126,0.83158,3.38,1.50
2012.10.10 22:58:15.225,0.83127,0.83158,1.50,1.50
2012.10.10 22:58:19.945,0.83127,0.83159,1.88,2.25
2012.10.10 22:58:20.013,0.83127,0.83158,3.00,2.25
2012.10.10 22:58:21.245,0.83126,0.83159,3.38,2.25
2012.10.10 22:58:26.546,0.83127,0.83159,1.13,2.25
2012.10.10 22:58:28.775,0.83127,0.83159,1.88,2.25
2012.10.10 22:58:29.966,0.83129,0.8316,1.50,2.25
2012.10.10 22:58:36.034,0.83129,0.8316,2.25,2.25
2012.10.10 22:58:39.516,0.8313,0.83161,2.25,2.25
2012.10.10 22:58:39.896,0.83127,0.83156,2.63,1.50
2012.10.10 22:58:40.446,0.83127,0.83156,1.50,2.25
2012.10.10 22:58:43.895,0.83129,0.83157,1.50,2.25
2012.10.10 22:58:45.657,0.83129,0.83157,1.50,2.25
2012.10.10 22:58:50.155,0.83129,0.83156,1.50,1.50
2012.10.10 22:58:50.697,0.83129,0.83158,1.50,2.25
2012.10.10 22:59:00.077,0.83129,0.83158,1.13,2.25
2012.10.10 22:59:10.145,0.83129,0.83159,1.50,3.00
2012.10.10 22:59:10.746,0.83129,0.83159,1.50,3.00
2012.10.10 22:59:30.123,0.83129,0.83158,1.50,2.25
2012.10.10 22:59:30.695,0.83129,0.83159,1.13,1.50
2012.10.10 22:59:35.166,0.8313,0.8316,1.50,2.25
2012.10.10 22:59:40.084,0.8313,0.8316,1.50,2.25
2012.10.10 22:59:40.356,0.83131,0.8316,1.50,1.50
2012.10.10 22:59:40.928,0.83131,0.83164,3.00,2.25
2012.10.10 22:59:50.048,0.83131,0.83164,2.25,2.25
2012.10.10 22:59:51.736,0.83131,0.83164,2.25,2.25
2012.10.10 22:59:54.255,0.8313,0.83162,2.25,2.25
2012.10.10 22:59:54.695,0.8313,0.83162,2.25,2.25
2012.10.10 22:59:55.057,0.8313,0.83162,2.25,2.25
