2012.12.24 03:00:00.951,0.92064,0.92092,2.18,1.43
2012.12.24 03:00:02.933,0.9207,0.92096,1.43,2.18
2012.12.24 03:00:03.054,0.9207,0.92096,2.18,1.65
2012.12.24 03:00:03.605,0.92073,0.92099,1.43,1.73
2012.12.24 03:00:04.529,0.92073,0.92099,1.43,1.73
2012.12.24 03:00:04.833,0.92073,0.92102,2.18,2.40
2012.12.24 03:00:04.893,0.92073,0.92102,2.18,2.40
2012.12.24 03:00:05.526,0.92073,0.92102,1.43,2.40
2012.12.24 03:00:23.492,0.92074,0.921,1.43,2.40
2012.12.24 03:00:57.164,0.92074,0.92103,1.43,3.15
2012.12.24 03:00:57.473,0.92082,0.92104,1.43,2.18
2012.12.24 03:00:57.533,0.92082,0.92104,1.43,2.18
2012.12.24 03:01:10.753,0.92082,0.92104,2.18,1.35
2012.12.24 03:01:11.305,0.92082,0.92104,2.18,1.35
2012.12.24 03:01:11.842,0.92082,0.92104,1.43,1.35
2012.12.24 03:01:12.663,0.92082,0.92108,1.43,2.85
2012.12.24 03:01:12.734,0.92082,0.92108,2.18,2.10
2012.12.24 03:01:12.852,0.92082,0.92108,2.18,1.35
2012.12.24 03:01:13.437,0.92082,0.92108,1.43,1.35
2012.12.24 03:01:17.386,0.92081,0.92107,1.43,2.03
2012.12.24 03:01:17.703,0.92081,0.92107,2.18,2.03
2012.12.24 03:01:20.423,0.92081,0.92107,2.18,2.03
2012.12.24 03:01:20.863,0.92081,0.92103,1.43,1.13
2012.12.24 03:01:21.102,0.92076,0.92101,2.18,1.35
2012.12.24 03:01:21.282,0.92076,0.92101,2.18,1.35
2012.12.24 03:01:23.080,0.92076,0.92101,2.18,1.35
2012.12.24 03:01:23.687,0.92076,0.92101,2.18,1.35
2012.12.24 03:01:28.403,0.92076,0.92101,2.18,1.35
2012.12.24 03:01:30.354,0.92076,0.921,2.18,2.10
2012.12.24 03:01:30.664,0.92072,0.92096,2.55,1.35
2012.12.24 03:01:31.222,0.92072,0.92099,1.43,1.35
2012.12.24 03:01:31.523,0.92072,0.92096,1.43,1.13
2012.12.24 03:01:32.444,0.92072,0.92098,1.43,1.35
2012.12.24 03:01:37.522,0.92072,0.92101,2.18,2.18
2012.12.24 03:01:42.322,0.92072,0.92101,2.18,2.55
2012.12.24 03:01:42.382,0.92072,0.92101,2.18,1.43
2012.12.24 03:01:42.562,0.92077,0.92105,2.18,1.80
2012.12.24 03:01:44.662,0.92077,0.92105,2.18,1.80
2012.12.24 03:01:49.033,0.92078,0.92105,1.13,1.80
2012.12.24 03:01:51.305,0.92078,0.92105,1.13,1.80
2012.12.24 03:01:51.442,0.92077,0.92105,2.55,1.80
2012.12.24 03:02:00.662,0.92077,0.92105,2.18,1.43
2012.12.24 03:02:01.753,0.92077,0.92105,2.93,1.43
2012.12.24 03:02:19.714,0.92078,0.92105,2.55,1.43
2012.12.24 03:02:20.268,0.92078,0.92105,2.18,1.43
2012.12.24 03:02:31.593,0.92077,0.92105,2.18,1.43
2012.12.24 03:02:31.716,0.92077,0.92105,2.18,2.40
2012.12.24 03:02:33.614,0.92072,0.921,2.55,1.43
2012.12.24 03:02:33.683,0.92076,0.92103,2.18,2.18
2012.12.24 03:02:34.250,0.92076,0.92103,2.18,1.43
2012.12.24 03:02:35.774,0.92076,0.92103,2.18,1.43
2012.12.24 03:02:36.084,0.92076,0.92103,2.18,2.55
2012.12.24 03:02:36.407,0.92076,0.92103,1.43,1.80
2012.12.24 03:02:36.472,0.92076,0.92103,2.18,1.80
2012.12.24 03:02:37.042,0.92076,0.92103,2.18,1.80
2012.12.24 03:02:37.375,0.9207,0.92099,2.55,1.43
2012.12.24 03:02:38.173,0.92073,0.92099,1.50,1.43
2012.12.24 03:02:38.233,0.92075,0.92102,2.18,1.43
2012.12.24 03:02:38.384,0.92075,0.92102,2.18,1.43
2012.12.24 03:02:38.693,0.92074,0.92099,1.13,1.43
2012.12.24 03:02:39.242,0.92071,0.92099,2.55,1.43
2012.12.24 03:02:40.263,0.92074,0.92103,2.18,2.55
2012.12.24 03:02:40.322,0.92074,0.92103,2.18,1.43
2012.12.24 03:02:40.442,0.92075,0.92103,1.13,1.43
2012.12.24 03:02:40.744,0.92075,0.92097,1.13,1.43
2012.12.24 03:02:40.813,0.92075,0.92097,1.13,1.43
2012.12.24 03:02:44.073,0.92074,0.92103,2.18,2.18
2012.12.24 03:02:44.203,0.92074,0.92103,2.18,1.43
2012.12.24 03:02:44.563,0.92074,0.92103,2.18,2.78
2012.12.24 03:02:44.683,0.92073,0.92098,1.13,1.43
2012.12.24 03:02:47.543,0.92076,0.92102,1.50,2.18
2012.12.24 03:02:47.726,0.9208,0.92106,1.43,1.80
2012.12.24 03:02:47.853,0.9208,0.92106,2.18,1.80
2012.12.24 03:02:53.363,0.92078,0.92104,1.13,1.43
2012.12.24 03:02:53.603,0.92079,0.92104,1.13,1.43
2012.12.24 03:02:53.724,0.92077,0.92098,1.28,1.43
2012.12.24 03:02:54.022,0.92071,0.92098,1.13,1.43
2012.12.24 03:02:54.264,0.92073,0.921,2.18,1.80
2012.12.24 03:03:40.734,0.92073,0.921,2.18,2.03
2012.12.24 03:03:40.803,0.92071,0.92096,1.13,1.43
2012.12.24 03:03:40.983,0.92069,0.92096,2.18,1.80
2012.12.24 03:03:41.043,0.92068,0.92093,1.13,1.43
2012.12.24 03:03:49.783,0.92066,0.92093,1.88,1.43
2012.12.24 03:03:50.395,0.92066,0.92093,1.88,1.43
2012.12.24 03:03:52.662,0.92068,0.92097,2.18,2.40
2012.12.24 03:04:14.052,0.92068,0.92097,2.93,1.80
2012.12.24 03:04:14.602,0.92073,0.921,2.18,1.13
2012.12.24 03:04:15.481,0.92073,0.921,2.18,1.13
2012.12.24 03:04:17.213,0.92073,0.921,2.18,1.13
2012.12.24 03:04:29.444,0.92073,0.92099,2.18,1.13
2012.12.24 03:04:31.983,0.92072,0.92097,1.13,1.80
2012.12.24 03:04:32.472,0.92074,0.921,1.43,2.40
2012.12.24 03:04:45.728,0.92074,0.921,2.18,2.03
2012.12.24 03:04:48.049,0.92074,0.921,1.43,1.80
2012.12.24 03:04:52.442,0.92072,0.92099,2.18,1.80
2012.12.24 03:04:52.501,0.92072,0.92099,2.18,1.80
2012.12.24 03:05:12.622,0.92072,0.92099,2.55,1.80
2012.12.24 03:05:22.790,0.92072,0.92096,2.18,1.13
2012.12.24 03:05:22.851,0.92072,0.92096,1.43,1.13
2012.12.24 03:05:22.914,0.92072,0.9208,1.50,1.43
2012.12.24 03:05:23.034,0.92071,0.92089,2.18,1.73
2012.12.24 03:05:23.093,0.92071,0.92093,2.93,1.56
2012.12.24 03:05:23.213,0.92071,0.92099,2.93,2.93
2012.12.24 03:05:23.393,0.92074,0.921,2.18,1.50
2012.12.24 03:05:23.463,0.92074,0.92103,2.18,2.55
2012.12.24 03:05:23.642,0.92074,0.92103,2.18,3.30
2012.12.24 03:05:23.703,0.92074,0.92103,2.93,2.55
2012.12.24 03:05:23.882,0.92075,0.92103,1.50,1.80
2012.12.24 03:05:37.403,0.92075,0.92097,1.50,1.43
2012.12.24 03:05:37.643,0.92074,0.92097,1.13,1.43
2012.12.24 03:05:38.182,0.92071,0.92097,2.18,1.43
2012.12.24 03:05:38.683,0.92071,0.92097,2.18,2.03
2012.12.24 03:05:38.803,0.92071,0.92097,1.43,2.03
2012.12.24 03:05:40.222,0.92071,0.92097,1.43,2.78
2012.12.24 03:05:40.523,0.92071,0.92097,1.43,1.65
2012.12.24 03:05:40.588,0.92074,0.92101,1.43,1.73
2012.12.24 03:05:40.713,0.92074,0.92102,2.18,2.18
2012.12.24 03:05:40.772,0.92074,0.92102,2.18,1.43
2012.12.24 03:05:41.033,0.92076,0.92102,1.50,1.43
2012.12.24 03:06:01.426,0.92077,0.92103,2.18,2.40
2012.12.24 03:06:20.743,0.9208,0.92106,1.43,2.10
2012.12.24 03:06:41.256,0.92079,0.92105,3.60,2.40
2012.12.24 03:06:41.682,0.92079,0.92105,2.18,1.65
2012.12.24 03:06:46.424,0.92079,0.92105,2.93,2.78
2012.12.24 03:06:48.938,0.92083,0.9211,1.43,1.13
2012.12.24 03:06:49.297,0.92095,0.92113,1.50,1.50
2012.12.24 03:06:49.369,0.92092,0.92113,2.25,1.50
2012.12.24 03:06:49.436,0.9209,0.92113,2.93,1.50
2012.12.24 03:06:49.504,0.92089,0.92113,1.50,1.50
2012.12.24 03:06:49.875,0.9209,0.92113,1.50,1.50
2012.12.24 03:06:49.944,0.92087,0.92111,2.18,1.13
2012.12.24 03:06:50.016,0.92087,0.92111,2.18,1.35
2012.12.24 03:06:50.204,0.92084,0.92111,2.18,2.78
2012.12.24 03:06:50.971,0.92084,0.92111,1.43,2.78
2012.12.24 03:06:58.034,0.92085,0.92111,1.43,1.35
2012.12.24 03:06:58.504,0.92082,0.92108,2.18,2.18
2012.12.24 03:07:11.574,0.92082,0.92104,1.43,1.50
2012.12.24 03:07:11.753,0.92082,0.92105,1.43,1.35
2012.12.24 03:07:11.813,0.92078,0.92105,2.18,2.55
2012.12.24 03:07:14.725,0.92078,0.92105,1.43,2.55
2012.12.24 03:07:16.743,0.92078,0.92105,1.43,2.55
2012.12.24 03:07:16.802,0.92078,0.92105,1.43,2.55
2012.12.24 03:07:17.151,0.92075,0.921,1.50,2.40
2012.12.24 03:07:17.766,0.92073,0.921,1.13,2.40
2012.12.24 03:07:17.894,0.92073,0.921,1.13,1.65
2012.12.24 03:07:18.224,0.92076,0.92105,2.18,3.30
2012.12.24 03:07:20.100,0.92074,0.921,1.13,1.65
2012.12.24 03:07:20.414,0.92072,0.92095,1.13,2.18
2012.12.24 03:07:20.614,0.92072,0.921,1.80,1.65
2012.12.24 03:07:20.864,0.9208,0.92103,1.43,1.88
2012.12.24 03:07:21.165,0.92077,0.92099,1.43,1.54
2012.12.24 03:07:21.233,0.9208,0.921,1.43,1.54
2012.12.24 03:07:21.294,0.92074,0.92101,1.43,2.55
2012.12.24 03:07:21.423,0.92077,0.92104,1.43,4.43
2012.12.24 03:07:25.603,0.92077,0.92101,1.43,1.13
2012.12.24 03:07:25.913,0.92065,0.92092,2.18,2.72
2012.12.24 03:07:26.034,0.92064,0.92088,1.50,2.40
2012.12.24 03:07:26.224,0.92062,0.92088,2.25,2.40
2012.12.24 03:07:26.297,0.9207,0.92092,1.43,1.29
2012.12.24 03:07:26.365,0.9207,0.92096,1.43,1.73
2012.12.24 03:07:26.435,0.92075,0.92098,1.43,1.73
2012.12.24 03:07:26.505,0.92075,0.92099,1.43,1.50
2012.12.24 03:07:26.636,0.9208,0.92103,1.43,1.50
2012.12.24 03:07:26.705,0.9208,0.92104,1.43,1.73
2012.12.24 03:07:26.954,0.92078,0.92102,1.43,1.13
2012.12.24 03:07:27.074,0.92074,0.921,2.18,2.03
2012.12.24 03:07:27.204,0.92074,0.921,1.43,2.03
2012.12.24 03:07:29.534,0.92071,0.92097,2.18,2.55
2012.12.24 03:07:40.389,0.9207,0.92097,2.18,2.55
2012.12.24 03:07:50.495,0.92069,0.92096,1.50,1.43
2012.12.24 03:07:58.691,0.92069,0.92096,1.50,2.18
2012.12.24 03:08:01.396,0.92069,0.92096,1.50,2.18
2012.12.24 03:08:01.814,0.92069,0.92096,2.25,1.43
2012.12.24 03:08:09.765,0.9207,0.92096,1.50,2.18
2012.12.24 03:08:18.447,0.9207,0.92096,1.50,1.43
2012.12.24 03:08:30.523,0.92069,0.92096,2.93,1.43
2012.12.24 03:08:33.144,0.92069,0.92096,3.68,2.18
2012.12.24 03:08:33.453,0.9207,0.92096,2.63,2.18
2012.12.24 03:08:35.913,0.9207,0.92096,1.50,2.18
2012.12.24 03:08:38.063,0.92073,0.92098,1.43,1.13
2012.12.24 03:08:40.036,0.9207,0.92093,1.50,2.18
2012.12.24 03:08:50.934,0.9207,0.92093,1.50,2.18
2012.12.24 03:09:01.073,0.9207,0.92093,1.88,2.18
2012.12.24 03:09:11.093,0.9207,0.92093,1.88,1.43
2012.12.24 03:09:14.483,0.92069,0.92093,1.50,1.43
2012.12.24 03:09:20.978,0.92069,0.92093,1.50,2.18
2012.12.24 03:09:31.023,0.9207,0.92093,1.13,1.43
2012.12.24 03:09:31.363,0.92071,0.92096,1.50,1.43
2012.12.24 03:09:31.973,0.92071,0.92096,1.50,2.18
2012.12.24 03:09:41.094,0.92071,0.92096,1.50,2.18
2012.12.24 03:10:00.977,0.92071,0.92099,1.50,2.18
2012.12.24 03:10:07.695,0.9207,0.92099,2.93,2.18
2012.12.24 03:10:08.114,0.92069,0.92094,1.50,1.13
2012.12.24 03:10:13.905,0.92071,0.92094,1.43,1.13
2012.12.24 03:10:34.443,0.92068,0.92094,2.18,4.65
2012.12.24 03:10:34.854,0.92068,0.92094,2.18,4.65
2012.12.24 03:10:48.114,0.92068,0.92093,2.25,1.13
2012.12.24 03:10:48.487,0.92068,0.92093,2.25,1.13
2012.12.24 03:10:48.677,0.9207,0.92095,1.50,2.18
2012.12.24 03:10:48.864,0.92072,0.92096,2.18,1.13
2012.12.24 03:10:50.293,0.92072,0.92096,1.43,1.50
2012.12.24 03:11:04.672,0.92076,0.92096,1.43,1.50
2012.12.24 03:11:04.993,0.92079,0.92096,2.18,1.88
2012.12.24 03:11:06.863,0.92079,0.92096,1.43,1.13
2012.12.24 03:11:10.054,0.92079,0.92103,1.43,1.13
2012.12.24 03:11:10.115,0.92079,0.92106,1.43,2.40
2012.12.24 03:11:16.573,0.92079,0.92106,1.43,2.18
2012.12.24 03:11:24.767,0.92079,0.92105,1.43,1.43
2012.12.24 03:11:44.874,0.92078,0.92102,2.25,1.43
2012.12.24 03:11:46.335,0.92078,0.92102,2.25,1.43
2012.12.24 03:12:05.503,0.92078,0.92104,1.50,1.43
2012.12.24 03:12:16.973,0.92078,0.92102,2.25,1.43
2012.12.24 03:12:17.344,0.92078,0.921,2.25,1.43
2012.12.24 03:12:20.583,0.92078,0.92103,2.25,1.43
2012.12.24 03:12:21.086,0.92078,0.92103,2.25,1.43
2012.12.24 03:12:50.004,0.9208,0.92103,1.50,1.43
2012.12.24 03:12:50.560,0.92079,0.92103,1.50,1.43
2012.12.24 03:13:00.786,0.92081,0.92103,1.50,1.43
2012.12.24 03:13:00.854,0.92081,0.92105,1.50,1.13
2012.12.24 03:13:00.974,0.92079,0.92102,1.50,1.43
2012.12.24 03:13:01.154,0.92076,0.92102,2.25,1.43
2012.12.24 03:13:01.704,0.92075,0.92102,2.18,1.43
2012.12.24 03:13:08.325,0.92075,0.92102,2.18,2.18
2012.12.24 03:13:11.334,0.92075,0.92102,2.18,2.18
2012.12.24 03:13:21.454,0.92077,0.92103,1.43,2.40
2012.12.24 03:13:41.463,0.92076,0.92105,2.18,3.00
2012.12.24 03:13:44.294,0.92076,0.92105,2.18,3.00
2012.12.24 03:13:44.514,0.92076,0.92105,2.18,3.00
2012.12.24 03:13:44.739,0.92076,0.92105,2.18,3.00
2012.12.24 03:14:27.324,0.92076,0.92102,1.43,2.40
2012.12.24 03:14:29.287,0.92072,0.92094,1.43,1.50
2012.12.24 03:14:29.594,0.92065,0.9209,1.80,1.50
2012.12.24 03:14:29.846,0.92065,0.9209,1.80,1.50
2012.12.24 03:14:30.416,0.92065,0.92089,1.43,1.73
2012.12.24 03:14:31.205,0.92065,0.92094,1.43,2.18
2012.12.24 03:14:31.324,0.92065,0.92094,2.18,2.18
2012.12.24 03:14:38.553,0.92065,0.92094,2.18,2.93
2012.12.24 03:14:49.454,0.92069,0.92094,1.43,1.50
2012.12.24 03:15:10.409,0.92068,0.92094,1.43,2.40
2012.12.24 03:15:27.473,0.92066,0.92092,1.43,2.18
2012.12.24 03:15:28.071,0.92065,0.92092,1.50,2.18
2012.12.24 03:15:33.741,0.92063,0.92092,2.18,2.18
2012.12.24 03:15:48.531,0.92064,0.9209,1.43,1.43
2012.12.24 03:15:49.781,0.92068,0.92092,1.43,1.43
2012.12.24 03:15:49.971,0.92068,0.92094,1.43,1.50
2012.12.24 03:15:50.392,0.92068,0.92096,2.40,2.18
2012.12.24 03:15:50.571,0.92073,0.92101,1.43,2.18
2012.12.24 03:15:50.807,0.92071,0.92097,1.50,1.43
2012.12.24 03:16:30.885,0.92071,0.92099,1.50,1.43
2012.12.24 03:16:51.421,0.92074,0.921,1.43,1.43
2012.12.24 03:17:12.488,0.92074,0.92101,1.43,1.43
2012.12.24 03:17:33.502,0.92073,0.921,1.43,1.43
2012.12.24 03:17:53.461,0.92072,0.92098,2.18,1.43
2012.12.24 03:18:09.763,0.92072,0.92087,2.18,1.43
2012.12.24 03:18:09.897,0.92066,0.92085,1.50,1.43
2012.12.24 03:18:09.962,0.92066,0.92088,1.50,2.40
2012.12.24 03:18:10.022,0.92063,0.92088,1.13,2.40
2012.12.24 03:18:10.093,0.9206,0.92088,1.80,2.40
2012.12.24 03:18:10.153,0.9206,0.92088,2.18,2.40
2012.12.24 03:18:10.342,0.9206,0.92085,1.43,1.43
2012.12.24 03:18:10.701,0.92056,0.92082,2.18,1.43
2012.12.24 03:18:13.432,0.92056,0.92082,1.43,1.43
2012.12.24 03:18:15.482,0.92056,0.92082,2.18,1.43
2012.12.24 03:18:31.349,0.92055,0.92081,2.18,1.43
2012.12.24 03:18:32.374,0.92055,0.92081,1.43,1.43
2012.12.24 03:18:32.445,0.92055,0.92081,1.43,1.80
2012.12.24 03:18:32.513,0.92052,0.92078,2.93,1.80
2012.12.24 03:18:32.643,0.92052,0.92078,3.00,1.80
2012.12.24 03:18:32.953,0.9206,0.92082,1.13,1.43
2012.12.24 03:18:33.493,0.92061,0.92082,2.25,1.43
2012.12.24 03:18:39.984,0.92061,0.92082,1.50,1.43
2012.12.24 03:18:40.990,0.92061,0.92082,1.50,1.43
2012.12.24 03:18:45.790,0.92061,0.92087,2.25,1.43
2012.12.24 03:18:50.992,0.92061,0.92087,2.25,1.43
2012.12.24 03:18:52.494,0.92061,0.92087,1.50,1.43
2012.12.24 03:19:11.132,0.92063,0.92087,1.50,1.43
2012.12.24 03:19:19.831,0.92063,0.92087,1.50,1.43
2012.12.24 03:19:25.462,0.92063,0.92086,1.50,1.43
2012.12.24 03:19:30.924,0.92063,0.92086,1.50,1.43
2012.12.24 03:19:34.011,0.92064,0.92086,1.13,1.43
2012.12.24 03:19:40.432,0.92066,0.92086,1.50,1.43
2012.12.24 03:19:44.092,0.92063,0.92086,1.88,1.43
2012.12.24 03:19:50.832,0.92063,0.92086,1.88,1.43
2012.12.24 03:20:04.253,0.92063,0.92086,1.50,1.43
2012.12.24 03:20:07.561,0.92062,0.92085,1.50,1.43
2012.12.24 03:20:08.433,0.92062,0.92085,1.50,1.43
2012.12.24 03:20:10.891,0.92062,0.92085,1.50,1.43
2012.12.24 03:20:11.753,0.92061,0.92085,1.50,1.43
2012.12.24 03:20:11.823,0.92061,0.92082,1.50,1.43
2012.12.24 03:20:12.142,0.92058,0.9208,2.63,1.43
2012.12.24 03:20:18.182,0.92058,0.92077,1.50,1.43
2012.12.24 03:20:18.692,0.92056,0.92076,1.13,1.43
2012.12.24 03:20:18.933,0.92055,0.92076,1.88,1.43
2012.12.24 03:20:23.803,0.92055,0.92079,1.88,2.18
2012.12.24 03:20:30.972,0.92056,0.92079,1.13,2.18
2012.12.24 03:20:33.672,0.92056,0.92079,1.13,2.18
2012.12.24 03:20:35.423,0.92056,0.92079,1.13,2.18
2012.12.24 03:20:38.063,0.92056,0.92079,1.13,2.18
2012.12.24 03:20:40.997,0.92056,0.92079,1.13,2.18
2012.12.24 03:21:00.353,0.92056,0.92081,1.13,2.18
2012.12.24 03:21:01.015,0.92056,0.92081,1.88,2.18
2012.12.24 03:21:02.217,0.92056,0.92081,1.88,2.18
2012.12.24 03:21:11.013,0.92056,0.92083,1.88,2.18
2012.12.24 03:21:28.882,0.92057,0.9208,1.13,2.18
2012.12.24 03:21:31.053,0.92058,0.92084,1.50,2.18
2012.12.24 03:21:42.082,0.92058,0.92079,2.63,2.18
2012.12.24 03:21:46.442,0.92058,0.92079,1.50,2.18
2012.12.24 03:21:49.383,0.92056,0.92075,2.63,1.43
2012.12.24 03:21:49.562,0.92054,0.92075,1.88,1.43
2012.12.24 03:21:50.072,0.92055,0.92075,1.13,1.43
2012.12.24 03:21:50.312,0.92057,0.92075,1.13,2.18
2012.12.24 03:21:50.651,0.92055,0.92075,1.88,2.18
2012.12.24 03:21:50.716,0.92055,0.92075,1.50,2.18
2012.12.24 03:21:51.006,0.92051,0.92075,1.50,2.18
2012.12.24 03:21:51.681,0.92051,0.92075,1.50,1.43
2012.12.24 03:21:56.092,0.92048,0.92075,2.18,1.43
2012.12.24 03:21:56.523,0.92048,0.92075,2.18,1.43
2012.12.24 03:21:57.072,0.92048,0.92075,2.18,1.65
2012.12.24 03:21:57.633,0.92048,0.92075,1.43,1.43
2012.12.24 03:22:01.413,0.92048,0.92075,2.18,1.43
2012.12.24 03:22:06.953,0.92048,0.92075,2.93,2.18
2012.12.24 03:22:07.501,0.92048,0.92075,2.93,1.43
2012.12.24 03:22:24.373,0.92051,0.92075,1.50,1.43
2012.12.24 03:22:24.505,0.92053,0.9208,2.18,2.18
2012.12.24 03:22:25.862,0.92054,0.9208,1.50,2.18
2012.12.24 03:22:31.202,0.92054,0.9208,1.50,1.43
2012.12.24 03:22:35.427,0.92055,0.9208,2.25,1.43
2012.12.24 03:22:35.493,0.92056,0.92084,2.18,2.18
2012.12.24 03:22:35.933,0.9206,0.92087,2.18,1.43
2012.12.24 03:22:36.003,0.9206,0.92087,2.18,1.43
2012.12.24 03:22:36.722,0.9206,0.92087,2.18,1.43
2012.12.24 03:22:40.333,0.9206,0.92087,2.18,2.18
2012.12.24 03:23:18.733,0.92063,0.92089,2.18,1.43
2012.12.24 03:23:19.153,0.92067,0.92093,1.43,1.50
2012.12.24 03:23:19.512,0.92067,0.92094,2.18,2.18
2012.12.24 03:23:20.212,0.92067,0.92094,2.93,2.18
2012.12.24 03:23:24.382,0.92067,0.92094,2.93,2.18
2012.12.24 03:23:25.823,0.92067,0.92094,2.18,2.93
2012.12.24 03:23:26.182,0.92058,0.92085,2.93,2.18
2012.12.24 03:23:26.543,0.92058,0.92085,1.43,2.40
2012.12.24 03:23:26.722,0.92053,0.92082,2.18,2.18
2012.12.24 03:23:26.882,0.92053,0.92082,2.18,1.43
2012.12.24 03:23:26.942,0.92053,0.92082,2.18,2.18
2012.12.24 03:23:27.313,0.92053,0.92082,2.18,1.43
2012.12.24 03:23:27.382,0.92053,0.92082,2.18,1.43
2012.12.24 03:23:27.443,0.92057,0.92084,2.18,2.18
2012.12.24 03:23:27.752,0.92057,0.92086,2.18,1.43
2012.12.24 03:23:27.874,0.92062,0.92087,1.43,1.43
2012.12.24 03:23:28.182,0.92062,0.92089,2.93,2.18
2012.12.24 03:23:29.282,0.92062,0.92089,2.18,2.18
2012.12.24 03:23:29.492,0.92062,0.92089,1.43,2.18
2012.12.24 03:23:29.792,0.92062,0.92089,1.43,2.18
2012.12.24 03:23:29.974,0.92057,0.92084,1.43,2.40
2012.12.24 03:23:30.164,0.92053,0.9208,1.43,2.18
2012.12.24 03:23:30.293,0.92053,0.9208,1.43,2.18
2012.12.24 03:23:30.784,0.92053,0.9208,1.43,2.18
2012.12.24 03:23:31.216,0.92053,0.9208,2.18,2.18
2012.12.24 03:23:31.402,0.92053,0.9208,2.18,2.18
2012.12.24 03:23:31.522,0.92053,0.9208,2.18,1.43
2012.12.24 03:23:31.762,0.92051,0.92077,1.88,1.43
2012.12.24 03:23:32.323,0.92049,0.92077,2.93,1.43
2012.12.24 03:23:35.053,0.92049,0.92077,2.18,2.18
2012.12.24 03:23:36.372,0.92049,0.92077,2.18,2.18
2012.12.24 03:23:53.857,0.92049,0.92078,2.18,1.43
2012.12.24 03:23:57.457,0.9205,0.92078,1.50,1.43
2012.12.24 03:23:59.132,0.92055,0.92081,1.43,1.43
2012.12.24 03:23:59.555,0.92058,0.92085,1.43,1.43
2012.12.24 03:23:59.803,0.9206,0.92085,2.18,1.43
2012.12.24 03:23:59.874,0.92062,0.92089,2.18,2.18
2012.12.24 03:24:09.093,0.92062,0.92089,2.18,2.18
2012.12.24 03:24:13.172,0.92062,0.92089,2.18,2.93
2012.12.24 03:24:13.295,0.92058,0.92084,1.43,2.18
2012.12.24 03:24:13.604,0.92054,0.9208,1.50,2.18
2012.12.24 03:24:13.733,0.92052,0.9208,1.43,2.18
2012.12.24 03:24:15.590,0.92052,0.9208,1.43,2.18
2012.12.24 03:24:15.843,0.92045,0.92071,1.50,2.18
2012.12.24 03:24:16.153,0.92046,0.92073,1.43,2.93
2012.12.24 03:24:16.334,0.92043,0.9207,1.43,2.18
2012.12.24 03:24:21.433,0.92043,0.9207,2.93,2.18
2012.12.24 03:24:22.032,0.92044,0.9207,1.50,2.18
2012.12.24 03:24:28.094,0.92045,0.9207,1.50,1.43
2012.12.24 03:24:28.164,0.92047,0.92073,2.18,2.85
2012.12.24 03:24:28.482,0.92054,0.92083,2.18,3.15
2012.12.24 03:24:28.843,0.92054,0.92083,2.18,2.40
2012.12.24 03:24:28.904,0.92054,0.92083,2.18,2.40
2012.12.24 03:24:29.514,0.92055,0.92083,1.50,2.40
2012.12.24 03:24:31.902,0.92053,0.92076,2.93,2.18
2012.12.24 03:24:31.963,0.92053,0.92076,2.18,2.40
2012.12.24 03:24:32.023,0.92052,0.92076,1.50,1.65
2012.12.24 03:24:32.385,0.9205,0.92076,1.50,2.40
2012.12.24 03:24:32.819,0.92049,0.92076,2.18,2.18
2012.12.24 03:24:32.952,0.92049,0.92076,2.18,2.18
2012.12.24 03:24:42.632,0.92049,0.92076,2.18,2.18
2012.12.24 03:24:43.472,0.92045,0.92072,2.18,2.18
2012.12.24 03:25:16.892,0.92045,0.92072,1.43,2.18
2012.12.24 03:25:18.912,0.92045,0.92072,2.18,2.18
2012.12.24 03:25:36.042,0.92045,0.92073,1.43,2.40
2012.12.24 03:25:43.462,0.92044,0.92073,1.43,2.40
2012.12.24 03:25:51.313,0.92044,0.92073,1.43,2.40
2012.12.24 03:25:54.802,0.92044,0.92073,2.18,2.40
2012.12.24 03:25:55.604,0.92044,0.92073,2.18,2.40
2012.12.24 03:25:56.633,0.92047,0.92073,1.43,2.18
2012.12.24 03:25:56.763,0.92048,0.92076,1.43,2.18
2012.12.24 03:25:57.285,0.92048,0.92076,2.18,2.18
2012.12.24 03:26:11.573,0.92048,0.92076,2.18,2.18
2012.12.24 03:26:11.813,0.92052,0.92079,1.43,2.18
2012.12.24 03:26:11.884,0.92052,0.92079,2.18,2.18
2012.12.24 03:26:12.013,0.92056,0.92083,2.18,1.43
2012.12.24 03:26:13.463,0.92056,0.92083,2.18,2.18
2012.12.24 03:26:21.203,0.92053,0.92075,2.93,2.18
2012.12.24 03:26:21.263,0.92049,0.92075,1.50,2.18
2012.12.24 03:26:21.563,0.92051,0.92077,1.43,2.40
2012.12.24 03:26:21.682,0.92051,0.92077,1.43,2.40
2012.12.24 03:26:23.822,0.92051,0.92078,1.43,3.15
2012.12.24 03:26:24.363,0.92051,0.92078,1.43,2.40
2012.12.24 03:26:24.882,0.92051,0.92078,2.18,1.65
2012.12.24 03:26:25.543,0.92051,0.92078,2.18,1.65
2012.12.24 03:26:29.382,0.92051,0.92078,2.18,1.43
2012.12.24 03:26:31.504,0.92051,0.92078,2.18,2.18
2012.12.24 03:26:32.113,0.92047,0.92074,1.43,2.18
2012.12.24 03:26:52.433,0.92046,0.92074,1.43,2.18
2012.12.24 03:27:32.097,0.92046,0.92072,1.43,1.43
2012.12.24 03:27:32.573,0.92046,0.92072,1.43,2.18
2012.12.24 03:27:33.044,0.92046,0.92072,1.43,2.18
2012.12.24 03:27:34.188,0.92048,0.92074,1.43,2.18
2012.12.24 03:27:36.663,0.92048,0.92074,1.43,2.18
2012.12.24 03:27:36.913,0.9205,0.92077,4.43,3.15
2012.12.24 03:27:37.232,0.92051,0.92079,3.75,2.18
2012.12.24 03:27:45.133,0.92051,0.92074,3.00,2.18
2012.12.24 03:27:45.254,0.92048,0.92074,1.43,2.18
2012.12.24 03:27:50.152,0.92048,0.92074,1.43,2.93
2012.12.24 03:27:59.083,0.92048,0.92069,1.43,1.50
2012.12.24 03:28:04.745,0.92048,0.92063,1.43,1.13
2012.12.24 03:28:04.814,0.92044,0.92063,1.43,1.13
2012.12.24 03:28:04.993,0.92044,0.92069,1.43,1.88
2012.12.24 03:28:05.245,0.92039,0.92065,1.43,1.13
2012.12.24 03:28:05.733,0.92039,0.92064,1.43,1.50
2012.12.24 03:28:06.942,0.92036,0.92063,1.43,2.18
2012.12.24 03:28:14.322,0.92036,0.92063,2.18,2.18
2012.12.24 03:28:16.282,0.92036,0.92063,1.43,2.93
2012.12.24 03:28:18.540,0.92036,0.9206,1.43,1.13
2012.12.24 03:28:18.674,0.92034,0.9206,2.18,1.80
2012.12.24 03:28:20.534,0.92036,0.9206,1.43,1.13
2012.12.24 03:28:20.873,0.92036,0.92063,2.18,2.93
2012.12.24 03:28:21.064,0.92036,0.92063,1.43,3.30
2012.12.24 03:28:26.274,0.92037,0.92063,1.88,2.18
2012.12.24 03:28:26.533,0.92038,0.92062,2.18,1.43
2012.12.24 03:28:26.923,0.92036,0.92062,2.18,2.18
2012.12.24 03:28:27.576,0.92036,0.9206,1.43,1.50
2012.12.24 03:28:32.734,0.92036,0.92062,1.43,2.18
2012.12.24 03:28:32.794,0.92036,0.92062,1.43,2.18
2012.12.24 03:28:33.456,0.92036,0.92062,2.18,2.93
2012.12.24 03:28:33.526,0.92032,0.92059,2.18,2.18
2012.12.24 03:28:34.178,0.92032,0.92059,2.93,1.43
2012.12.24 03:28:36.673,0.92032,0.92059,2.93,2.18
2012.12.24 03:28:36.732,0.9203,0.92055,2.18,1.43
2012.12.24 03:28:36.984,0.92028,0.92055,3.30,2.18
2012.12.24 03:28:37.167,0.92027,0.92052,1.88,1.43
2012.12.24 03:28:37.614,0.92024,0.92048,1.13,1.43
2012.12.24 03:28:37.683,0.92024,0.92048,1.13,1.43
2012.12.24 03:28:54.944,0.92023,0.92048,1.50,1.43
2012.12.24 03:28:56.096,0.92023,0.92048,1.50,1.43
2012.12.24 03:28:58.675,0.92023,0.92046,1.50,1.43
2012.12.24 03:29:14.314,0.92023,0.92049,2.93,2.18
2012.12.24 03:29:14.373,0.92023,0.9205,2.93,2.18
2012.12.24 03:29:24.133,0.92023,0.9205,2.93,1.43
2012.12.24 03:29:25.989,0.92023,0.9205,2.93,1.43
2012.12.24 03:29:26.505,0.92025,0.9205,1.13,1.43
2012.12.24 03:29:34.346,0.92024,0.92051,2.18,1.43
2012.12.24 03:29:34.944,0.92023,0.92047,1.88,1.43
2012.12.24 03:29:47.642,0.92023,0.92047,1.88,1.43
2012.12.24 03:29:51.082,0.92023,0.92047,1.50,1.43
2012.12.24 03:29:55.472,0.92023,0.92049,1.50,1.43
2012.12.24 03:30:09.785,0.92023,0.92049,1.50,1.43
2012.12.24 03:30:10.116,0.92023,0.9205,1.50,1.43
2012.12.24 03:30:14.362,0.92023,0.9205,1.50,1.43
2012.12.24 03:30:16.475,0.92028,0.9205,1.50,1.43
2012.12.24 03:30:16.544,0.92028,0.92055,1.50,1.43
2012.12.24 03:30:16.903,0.92028,0.92055,1.88,1.43
2012.12.24 03:30:36.474,0.92031,0.92055,1.88,1.43
2012.12.24 03:30:37.173,0.92031,0.92057,1.88,2.85
2012.12.24 03:30:42.773,0.92031,0.92053,1.88,1.43
2012.12.24 03:30:43.264,0.92031,0.92059,1.88,1.43
2012.12.24 03:30:43.385,0.92031,0.92059,1.88,1.80
2012.12.24 03:30:44.263,0.92031,0.92053,1.88,1.43
2012.12.24 03:30:44.563,0.92028,0.92051,1.50,1.80
2012.12.24 03:30:52.005,0.92024,0.92051,1.13,1.80
2012.12.24 03:30:52.855,0.92024,0.92051,1.13,1.80
2012.12.24 03:30:59.684,0.92024,0.92051,1.13,1.80
2012.12.24 03:31:03.422,0.92024,0.92051,1.13,1.80
2012.12.24 03:31:14.154,0.92025,0.92051,1.88,1.80
2012.12.24 03:31:15.364,0.92025,0.92051,1.88,1.80
2012.12.24 03:31:17.932,0.92025,0.92051,1.88,1.80
2012.12.24 03:31:31.773,0.92028,0.92055,1.13,2.55
2012.12.24 03:31:38.403,0.92027,0.92051,1.13,1.43
2012.12.24 03:31:40.763,0.92026,0.92051,1.50,1.80
2012.12.24 03:31:41.273,0.92025,0.92051,1.13,1.80
2012.12.24 03:31:42.454,0.92024,0.92047,1.13,1.43
2012.12.24 03:31:42.759,0.92025,0.92047,1.50,1.80
2012.12.24 03:31:42.886,0.92025,0.92049,1.50,1.43
2012.12.24 03:31:42.954,0.92025,0.92051,1.50,2.18
2012.12.24 03:31:43.084,0.92026,0.92051,1.13,1.43
2012.12.24 03:31:52.863,0.92022,0.92046,2.18,2.93
2012.12.24 03:31:52.997,0.92022,0.92046,1.43,2.18
2012.12.24 03:31:53.124,0.92022,0.92046,1.43,2.93
2012.12.24 03:31:53.436,0.92022,0.92046,2.18,2.18
2012.12.24 03:31:53.854,0.92021,0.92046,1.50,2.18
2012.12.24 03:31:54.094,0.92021,0.92046,1.50,2.18
2012.12.24 03:32:00.875,0.92021,0.92046,1.50,2.18
2012.12.24 03:32:30.961,0.92021,0.92047,1.50,2.93
2012.12.24 03:32:34.390,0.92017,0.92044,2.93,2.18
2012.12.24 03:32:40.924,0.92019,0.92044,1.50,2.18
2012.12.24 03:32:41.303,0.92023,0.92047,1.43,2.93
2012.12.24 03:32:46.223,0.92023,0.92047,1.43,1.50
2012.12.24 03:32:54.955,0.92023,0.92047,1.43,1.50
2012.12.24 03:32:58.715,0.92019,0.92045,2.18,2.18
2012.12.24 03:32:58.791,0.92019,0.92045,2.18,2.18
2012.12.24 03:32:59.355,0.92019,0.92044,1.43,1.50
2012.12.24 03:33:00.596,0.92016,0.92041,1.50,2.18
2012.12.24 03:33:00.726,0.92012,0.92038,2.93,1.50
2012.12.24 03:33:00.794,0.9201,0.92036,2.18,1.43
2012.12.24 03:33:01.104,0.9201,0.92036,2.18,1.65
2012.12.24 03:33:01.884,0.9201,0.92036,2.18,2.40
2012.12.24 03:33:02.415,0.9201,0.92036,2.18,1.65
2012.12.24 03:33:02.995,0.92006,0.92033,2.18,2.40
2012.12.24 03:33:03.126,0.92006,0.92033,2.18,2.40
2012.12.24 03:33:03.255,0.92006,0.92033,1.43,3.15
2012.12.24 03:33:07.433,0.92003,0.92029,3.60,1.65
2012.12.24 03:33:07.834,0.92004,0.92029,1.50,1.65
2012.12.24 03:33:08.483,0.92003,0.92029,2.18,1.65
2012.12.24 03:33:12.902,0.92006,0.92031,2.18,1.65
2012.12.24 03:33:13.025,0.92006,0.92033,2.93,1.50
2012.12.24 03:33:13.214,0.92007,0.92035,1.50,2.93
2012.12.24 03:33:13.334,0.92007,0.92035,1.50,2.93
2012.12.24 03:33:20.835,0.92009,0.92035,1.43,2.93
2012.12.24 03:33:21.294,0.92011,0.92035,1.43,1.50
2012.12.24 03:33:37.009,0.92008,0.92034,1.50,1.50
2012.12.24 03:33:37.368,0.92006,0.92033,2.18,1.50
2012.12.24 03:33:37.494,0.92005,0.9203,1.50,1.43
2012.12.24 03:33:37.561,0.92003,0.9203,2.93,1.43
2012.12.24 03:33:38.114,0.92003,0.9203,2.93,2.18
2012.12.24 03:33:38.566,0.92003,0.92027,2.18,2.18
2012.12.24 03:33:38.877,0.91992,0.9201,1.28,1.43
2012.12.24 03:33:38.947,0.91992,0.92019,1.28,1.73
2012.12.24 03:33:39.146,0.91992,0.9202,1.28,2.18
2012.12.24 03:33:39.217,0.91995,0.92022,1.43,1.50
2012.12.24 03:33:39.575,0.92001,0.92029,1.43,2.18
2012.12.24 03:33:39.825,0.92001,0.92029,2.18,2.18
2012.12.24 03:33:43.066,0.92001,0.92029,2.18,1.43
2012.12.24 03:33:43.386,0.92011,0.9204,1.43,2.70
2012.12.24 03:33:43.454,0.92011,0.9204,1.43,1.50
2012.12.24 03:33:43.634,0.92011,0.92041,1.43,2.18
2012.12.24 03:33:44.245,0.92014,0.92041,1.43,2.18
2012.12.24 03:33:44.555,0.92017,0.92045,2.18,3.00
2012.12.24 03:33:44.625,0.92017,0.92045,1.43,2.18
2012.12.24 03:33:44.966,0.92023,0.92049,1.43,2.55
2012.12.24 03:33:45.295,0.92025,0.92052,1.43,2.63
2012.12.24 03:33:45.595,0.92025,0.92052,1.43,2.63
2012.12.24 03:33:53.485,0.92025,0.92052,2.18,1.50
2012.12.24 03:33:53.675,0.92023,0.92049,2.18,1.43
2012.12.24 03:33:53.866,0.92021,0.92049,2.18,1.43
2012.12.24 03:33:54.413,0.92021,0.92049,2.18,1.43
2012.12.24 03:33:54.474,0.92021,0.92049,2.18,2.18
2012.12.24 03:33:55.043,0.92021,0.92049,1.43,2.18
2012.12.24 03:33:55.813,0.92021,0.92049,1.43,2.40
2012.12.24 03:34:01.814,0.92021,0.92047,1.43,1.50
2012.12.24 03:34:02.184,0.92018,0.92046,1.43,4.43
2012.12.24 03:34:02.385,0.92017,0.92046,1.43,4.05
2012.12.24 03:34:02.455,0.92014,0.92042,3.60,2.18
2012.12.24 03:34:02.645,0.92017,0.92044,1.43,2.18
2012.12.24 03:34:02.836,0.92017,0.92045,1.43,1.13
2012.12.24 03:34:03.235,0.92021,0.92047,1.43,1.13
2012.12.24 03:34:03.465,0.92021,0.92049,1.43,1.28
2012.12.24 03:34:07.357,0.92017,0.92047,2.18,2.18
2012.12.24 03:34:19.095,0.92023,0.92049,1.43,2.18
2012.12.24 03:34:32.964,0.9202,0.92047,1.50,2.18
2012.12.24 03:34:33.609,0.92019,0.92047,1.50,2.18
2012.12.24 03:34:34.144,0.92018,0.92047,2.93,2.18
2012.12.24 03:34:40.255,0.92018,0.92047,2.93,2.18
2012.12.24 03:34:40.325,0.92022,0.9205,1.43,1.13
2012.12.24 03:34:40.504,0.92021,0.92045,2.18,1.43
2012.12.24 03:34:40.835,0.92021,0.92045,1.50,1.43
2012.12.24 03:34:41.084,0.92019,0.92045,2.18,1.43
2012.12.24 03:34:41.614,0.92019,0.92045,1.43,1.43
2012.12.24 03:34:57.792,0.92019,0.92045,1.43,2.40
2012.12.24 03:34:57.926,0.92019,0.92045,1.43,2.18
2012.12.24 03:34:58.285,0.92019,0.92045,2.18,1.65
2012.12.24 03:34:58.535,0.92022,0.92049,1.43,2.18
2012.12.24 03:34:58.595,0.92022,0.92049,2.18,2.18
2012.12.24 03:34:58.725,0.92022,0.92049,1.43,2.18
2012.12.24 03:34:59.035,0.92022,0.92049,1.43,2.18
2012.12.24 03:34:59.105,0.92022,0.92049,1.43,2.40
2012.12.24 03:34:59.414,0.92017,0.92044,2.18,1.65
2012.12.24 03:34:59.594,0.92017,0.92044,2.18,1.65
2012.12.24 03:35:03.744,0.92017,0.92044,2.18,1.65
2012.12.24 03:35:22.588,0.92016,0.92041,1.13,1.65
2012.12.24 03:35:23.556,0.92016,0.92041,1.13,1.43
2012.12.24 03:35:23.934,0.92016,0.92041,1.13,1.43
2012.12.24 03:35:28.378,0.92015,0.9204,2.18,1.43
2012.12.24 03:35:28.468,0.92013,0.92038,1.50,1.43
2012.12.24 03:35:42.723,0.92013,0.92038,1.13,1.43
2012.12.24 03:35:44.454,0.92015,0.92038,1.13,1.43
2012.12.24 03:35:49.344,0.92014,0.92039,1.13,1.43
2012.12.24 03:35:55.594,0.92014,0.92039,1.13,1.43
2012.12.24 03:36:29.433,0.92012,0.92038,2.55,1.43
2012.12.24 03:36:36.813,0.92012,0.92038,2.55,1.43
2012.12.24 03:36:44.714,0.92012,0.92035,2.18,1.43
2012.12.24 03:36:45.131,0.9201,0.92033,1.50,1.43
2012.12.24 03:36:52.962,0.92009,0.92033,3.75,1.43
2012.12.24 03:36:56.833,0.9201,0.92033,1.13,1.80
2012.12.24 03:36:57.078,0.9201,0.92033,1.13,1.80
2012.12.24 03:36:57.595,0.92006,0.92033,4.80,1.43
2012.12.24 03:36:59.423,0.9201,0.92035,1.50,1.43
2012.12.24 03:36:59.484,0.9201,0.92038,1.50,1.43
2012.12.24 03:37:00.595,0.92012,0.92038,1.50,1.43
2012.12.24 03:37:00.784,0.92014,0.9204,2.93,1.43
2012.12.24 03:37:01.084,0.92014,0.9204,2.93,1.43
2012.12.24 03:37:01.759,0.92014,0.9204,3.30,1.43
2012.12.24 03:37:21.484,0.92015,0.92042,1.50,1.43
2012.12.24 03:37:42.454,0.92015,0.9204,1.50,1.43
2012.12.24 03:37:59.955,0.9202,0.9204,1.50,1.43
2012.12.24 03:38:00.143,0.9202,0.92045,1.50,1.43
2012.12.24 03:38:20.174,0.92017,0.92046,2.93,2.85
2012.12.24 03:38:20.354,0.92017,0.92046,2.93,2.18
2012.12.24 03:38:21.317,0.92017,0.92046,2.93,1.43
2012.12.24 03:38:40.555,0.92017,0.92043,1.50,1.43
2012.12.24 03:39:00.555,0.92019,0.92045,2.18,2.85
2012.12.24 03:39:04.805,0.92017,0.92042,2.93,1.43
2012.12.24 03:39:05.443,0.92017,0.92042,1.50,1.43
2012.12.24 03:39:16.454,0.92015,0.92042,1.43,2.18
2012.12.24 03:39:21.128,0.92015,0.92042,1.43,2.18
2012.12.24 03:39:24.344,0.92015,0.92042,1.43,2.18
2012.12.24 03:39:25.444,0.92013,0.92041,1.50,2.18
2012.12.24 03:39:30.241,0.92013,0.9204,1.50,1.50
2012.12.24 03:39:37.036,0.92012,0.92037,1.50,1.43
2012.12.24 03:39:37.345,0.92007,0.92033,2.18,1.43
2012.12.24 03:39:37.655,0.92005,0.92033,1.35,2.18
2012.12.24 03:39:38.080,0.92004,0.92033,2.18,2.18
2012.12.24 03:39:38.545,0.92001,0.92029,2.63,2.18
2012.12.24 03:39:38.784,0.92,0.92029,2.18,2.93
2012.12.24 03:39:39.145,0.91996,0.92025,2.93,2.18
2012.12.24 03:39:39.325,0.91996,0.92025,2.93,2.18
2012.12.24 03:39:41.114,0.92001,0.92028,1.43,1.50
2012.12.24 03:39:43.124,0.92005,0.92028,1.43,1.50
2012.12.24 03:40:03.335,0.92003,0.92028,1.43,1.50
2012.12.24 03:40:05.619,0.92003,0.9203,1.43,1.50
2012.12.24 03:40:05.865,0.92003,0.92028,1.43,1.50
2012.12.24 03:40:06.045,0.92003,0.92031,2.18,2.93
2012.12.24 03:40:06.406,0.92003,0.92031,2.18,2.18
2012.12.24 03:40:06.967,0.92006,0.92033,1.43,1.50
2012.12.24 03:40:10.685,0.92006,0.92035,2.18,2.40
2012.12.24 03:40:20.194,0.92002,0.92031,3.68,1.43
2012.12.24 03:40:23.947,0.92006,0.92032,2.18,1.43
2012.12.24 03:40:24.500,0.92006,0.92034,2.18,2.40
2012.12.24 03:40:40.468,0.92006,0.92034,1.43,2.40
2012.12.24 03:40:41.044,0.92006,0.92034,2.18,2.40
2012.12.24 03:40:41.345,0.92006,0.92034,2.18,1.65
2012.12.24 03:40:41.969,0.92006,0.92034,2.18,1.43
2012.12.24 03:40:43.335,0.92006,0.92034,2.18,2.18
2012.12.24 03:41:17.086,0.9201,0.92035,1.43,2.18
2012.12.24 03:41:37.414,0.92009,0.92037,1.43,2.18
2012.12.24 03:41:38.815,0.92009,0.92037,2.18,2.18
2012.12.24 03:41:51.454,0.92009,0.92037,2.18,2.40
2012.12.24 03:41:51.874,0.92009,0.92037,2.18,3.15
2012.12.24 03:41:52.055,0.92005,0.92033,2.18,2.18
2012.12.24 03:41:53.821,0.92005,0.92033,2.18,2.18
2012.12.24 03:42:22.154,0.92004,0.92033,2.18,2.18
2012.12.24 03:42:24.789,0.92004,0.92033,2.18,2.18
2012.12.24 03:42:32.444,0.92004,0.92031,2.18,1.43
2012.12.24 03:42:48.855,0.92007,0.92036,2.18,2.18
2012.12.24 03:42:48.974,0.92007,0.92036,2.18,1.43
2012.12.24 03:42:49.155,0.92011,0.9204,2.18,1.43
2012.12.24 03:42:51.634,0.92011,0.9204,2.18,1.43
2012.12.24 03:42:51.951,0.92011,0.92036,2.18,1.43
2012.12.24 03:42:52.020,0.92008,0.92036,2.18,1.43
2012.12.24 03:42:52.144,0.92008,0.92036,2.18,2.18
2012.12.24 03:42:52.654,0.92008,0.92036,2.18,2.18
2012.12.24 03:42:54.484,0.92008,0.92036,2.18,1.43
2012.12.24 03:42:54.785,0.92013,0.92041,1.43,2.18
2012.12.24 03:42:54.905,0.92013,0.92041,2.18,2.18
2012.12.24 03:43:45.666,0.92013,0.92041,1.43,2.18
2012.12.24 03:43:45.796,0.92013,0.9204,1.43,1.50
2012.12.24 03:43:54.740,0.92008,0.9204,1.13,1.50
2012.12.24 03:44:22.136,0.92012,0.92041,2.18,1.50
2012.12.24 03:44:22.306,0.92012,0.92043,2.18,2.93
2012.12.24 03:44:22.561,0.92017,0.92046,1.43,4.05
2012.12.24 03:44:23.066,0.92017,0.92045,1.43,1.13
2012.12.24 03:44:23.376,0.92017,0.92046,2.18,2.18
2012.12.24 03:44:39.295,0.92017,0.92046,2.18,1.43
2012.12.24 03:44:40.120,0.9202,0.92048,2.18,1.50
2012.12.24 03:44:52.605,0.9202,0.92048,1.43,1.88
2012.12.24 03:45:00.271,0.9202,0.92048,1.43,1.50
2012.12.24 03:45:01.085,0.92022,0.92048,1.43,1.50
2012.12.24 03:45:01.447,0.92028,0.92055,1.43,1.58
2012.12.24 03:45:01.516,0.92028,0.92055,1.43,1.95
2012.12.24 03:45:01.586,0.92028,0.92055,1.43,1.50
2012.12.24 03:45:01.775,0.92028,0.92058,1.43,2.25
2012.12.24 03:45:03.961,0.92027,0.92054,2.18,2.18
2012.12.24 03:45:04.216,0.92021,0.9205,1.50,1.43
2012.12.24 03:45:04.536,0.92019,0.9205,2.18,2.18
2012.12.24 03:45:04.664,0.92017,0.92046,2.18,1.43
2012.12.24 03:45:04.965,0.92015,0.92046,2.18,1.43
2012.12.24 03:45:05.645,0.92017,0.92046,1.13,1.43
2012.12.24 03:45:06.036,0.9202,0.92048,2.18,2.93
2012.12.24 03:45:15.195,0.9202,0.92048,1.43,1.50
2012.12.24 03:45:15.497,0.92022,0.92051,1.50,2.18
2012.12.24 03:45:15.745,0.92025,0.92054,2.55,2.70
2012.12.24 03:45:23.557,0.92028,0.92055,1.43,1.50
2012.12.24 03:45:25.866,0.92028,0.92053,1.43,1.50
2012.12.24 03:45:26.375,0.92028,0.92051,1.43,1.50
2012.12.24 03:45:26.435,0.92025,0.92051,2.18,1.50
2012.12.24 03:45:26.496,0.92025,0.92051,1.43,1.73
2012.12.24 03:45:26.566,0.92019,0.92047,2.18,1.73
2012.12.24 03:45:27.835,0.92019,0.92047,2.18,3.23
2012.12.24 03:45:28.437,0.92019,0.92047,2.18,1.73
2012.12.24 03:45:32.529,0.92019,0.92047,2.18,1.73
2012.12.24 03:45:35.415,0.9202,0.92048,1.50,3.90
2012.12.24 03:45:35.475,0.9202,0.92048,1.50,3.15
2012.12.24 03:45:37.165,0.9202,0.92048,1.50,2.40
2012.12.24 03:45:44.316,0.92024,0.92052,1.50,2.18
2012.12.24 03:45:44.377,0.92025,0.92052,1.50,1.43
2012.12.24 03:45:44.565,0.92025,0.92052,2.25,1.43
2012.12.24 03:45:44.685,0.92026,0.92057,3.68,2.18
2012.12.24 03:45:44.804,0.92027,0.92057,1.50,2.18
2012.12.24 03:45:45.326,0.92028,0.92057,1.50,1.43
2012.12.24 03:46:29.174,0.92028,0.92057,1.50,2.18
2012.12.24 03:46:31.394,0.92026,0.92057,2.18,2.18
2012.12.24 03:46:49.625,0.92029,0.92054,1.50,1.43
2012.12.24 03:46:49.687,0.92028,0.92058,2.18,1.13
2012.12.24 03:46:49.996,0.92028,0.92058,1.43,1.88
2012.12.24 03:46:50.175,0.92028,0.92058,2.18,2.25
2012.12.24 03:46:50.733,0.92028,0.92058,2.93,1.50
2012.12.24 03:46:54.245,0.92028,0.92054,1.50,1.43
2012.12.24 03:46:54.545,0.92025,0.92054,2.18,2.18
2012.12.24 03:47:10.598,0.92027,0.92054,1.50,2.18
2012.12.24 03:47:10.728,0.92029,0.92054,1.50,2.18
2012.12.24 03:47:10.856,0.92028,0.92058,2.93,1.88
2012.12.24 03:47:10.985,0.9203,0.92059,1.50,2.55
2012.12.24 03:47:11.346,0.92028,0.92058,4.05,3.00
2012.12.24 03:47:11.595,0.92025,0.92055,2.25,2.18
2012.12.24 03:47:29.342,0.92028,0.92055,1.50,1.43
2012.12.24 03:47:29.658,0.92027,0.92055,2.25,2.18
2012.12.24 03:47:50.347,0.92027,0.92055,1.50,2.93
2012.12.24 03:47:50.595,0.92022,0.92052,1.50,2.18
2012.12.24 03:47:50.716,0.92023,0.92049,1.13,1.43
2012.12.24 03:47:51.025,0.92021,0.92047,3.00,1.43
2012.12.24 03:47:51.084,0.92024,0.92047,1.50,1.43
2012.12.24 03:47:51.266,0.92019,0.92047,2.25,1.43
2012.12.24 03:47:51.697,0.92021,0.92051,2.18,1.50
2012.12.24 03:47:51.946,0.92023,0.92052,1.50,2.18
2012.12.24 03:47:52.255,0.92025,0.92055,2.18,1.50
2012.12.24 03:47:53.217,0.92028,0.92056,1.50,2.18
2012.12.24 03:47:53.345,0.92029,0.92056,1.50,1.43
2012.12.24 03:48:00.548,0.92027,0.92056,2.25,2.18
2012.12.24 03:48:02.357,0.92027,0.92056,1.50,2.18
2012.12.24 03:48:02.484,0.92029,0.92058,2.93,2.25
2012.12.24 03:48:24.147,0.9203,0.92058,1.50,2.18
2012.12.24 03:48:24.455,0.92033,0.92059,1.50,2.25
2012.12.24 03:48:32.755,0.92031,0.92058,5.18,1.50
2012.12.24 03:48:33.546,0.92031,0.92058,2.93,1.50
2012.12.24 03:48:34.276,0.92031,0.92058,2.18,1.50
2012.12.24 03:48:34.636,0.92036,0.92058,1.43,1.50
2012.12.24 03:48:34.756,0.92036,0.92061,1.43,1.88
2012.12.24 03:48:34.877,0.92036,0.9206,2.18,1.13
2012.12.24 03:48:35.068,0.92037,0.92063,1.73,3.30
2012.12.24 03:48:35.267,0.92036,0.92063,3.15,1.43
2012.12.24 03:48:45.457,0.92036,0.92064,2.40,1.50
2012.12.24 03:48:50.556,0.92036,0.92065,3.15,2.18
2012.12.24 03:48:50.745,0.92036,0.92065,3.15,2.18
2012.12.24 03:48:50.915,0.92036,0.92065,2.93,2.18
2012.12.24 03:48:52.385,0.92036,0.92065,2.18,2.40
2012.12.24 03:49:03.336,0.92035,0.92065,1.43,2.78
2012.12.24 03:49:15.236,0.92035,0.92065,2.18,2.55
2012.12.24 03:49:22.215,0.92034,0.92064,1.73,1.43
2012.12.24 03:49:22.446,0.92034,0.92064,1.73,1.43
2012.12.24 03:49:22.782,0.92034,0.92064,2.10,2.18
2012.12.24 03:49:24.376,0.92036,0.92064,1.50,2.40
2012.12.24 03:49:24.885,0.92033,0.92063,2.18,1.50
2012.12.24 03:49:28.707,0.92033,0.92063,2.93,1.50
2012.12.24 03:49:30.557,0.92035,0.92064,1.50,2.18
2012.12.24 03:49:30.957,0.92037,0.92064,1.50,1.43
2012.12.24 03:49:33.376,0.92037,0.92067,2.93,1.73
2012.12.24 03:49:33.696,0.92038,0.92068,2.48,2.18
2012.12.24 03:49:34.087,0.92042,0.92069,3.15,1.13
2012.12.24 03:49:34.156,0.92042,0.9207,3.90,3.68
2012.12.24 03:49:34.227,0.92042,0.9207,3.53,3.68
2012.12.24 03:49:34.301,0.92042,0.9207,2.55,2.18
2012.12.24 03:49:34.485,0.92036,0.92067,2.93,2.18
2012.12.24 03:49:34.956,0.92036,0.92066,2.93,1.50
2012.12.24 03:49:49.776,0.92036,0.92067,1.43,2.18
2012.12.24 03:49:50.285,0.92036,0.92067,2.18,2.55
2012.12.24 03:50:16.516,0.92034,0.92065,2.18,2.18
2012.12.24 03:50:30.425,0.92034,0.92065,2.18,2.18
2012.12.24 03:50:47.486,0.92032,0.92068,2.93,3.83
2012.12.24 03:50:48.105,0.92032,0.92066,2.93,1.13
2012.12.24 03:50:49.546,0.92032,0.92066,2.93,1.13
2012.12.24 03:50:50.416,0.92032,0.92067,2.93,1.13
2012.12.24 03:50:54.295,0.92032,0.92067,2.93,1.13
2012.12.24 03:50:58.826,0.92037,0.92071,2.18,1.28
2012.12.24 03:50:59.005,0.92037,0.92072,2.18,1.13
2012.12.24 03:50:59.315,0.92037,0.92069,2.18,1.13
2012.12.24 03:51:01.707,0.92037,0.92069,2.93,1.13
2012.12.24 03:51:02.086,0.92039,0.92073,1.13,2.93
2012.12.24 03:51:02.266,0.92037,0.92073,3.30,2.93
2012.12.24 03:51:10.657,0.92042,0.92071,1.43,1.13
2012.12.24 03:51:10.726,0.92042,0.92075,2.18,1.13
2012.12.24 03:51:41.807,0.92045,0.92074,1.43,2.18
2012.12.24 03:51:42.414,0.92045,0.92074,2.18,2.18
2012.12.24 03:52:02.126,0.92046,0.92075,2.18,2.18
2012.12.24 03:52:11.056,0.92046,0.92075,2.18,2.18
2012.12.24 03:52:11.275,0.92046,0.92075,1.43,2.18
2012.12.24 03:52:22.522,0.92047,0.92076,1.43,3.30
2012.12.24 03:52:22.587,0.92047,0.92076,1.43,2.55
2012.12.24 03:52:22.947,0.92047,0.92076,2.18,2.18
2012.12.24 03:52:24.017,0.92047,0.92076,1.43,2.18
2012.12.24 03:52:27.117,0.92047,0.92076,2.18,2.18
2012.12.24 03:52:27.626,0.92047,0.92076,2.93,2.18
2012.12.24 03:52:27.688,0.92055,0.92077,1.43,1.50
2012.12.24 03:52:27.817,0.92055,0.92078,1.43,1.50
2012.12.24 03:52:27.887,0.92053,0.92078,1.43,1.50
2012.12.24 03:52:28.246,0.92058,0.9208,1.43,1.13
2012.12.24 03:52:28.528,0.92058,0.92086,2.18,1.50
2012.12.24 03:52:28.664,0.92058,0.92087,2.18,2.18
2012.12.24 03:52:28.726,0.92058,0.92087,2.18,2.18
2012.12.24 03:52:40.591,0.92053,0.92084,2.55,2.18
2012.12.24 03:52:42.676,0.92053,0.92084,2.18,2.18
2012.12.24 03:52:43.816,0.92057,0.92086,1.43,2.55
2012.12.24 03:52:49.335,0.92057,0.92086,2.18,1.13
2012.12.24 03:52:50.925,0.92057,0.92087,1.43,2.18
2012.12.24 03:52:51.506,0.92055,0.92084,1.43,2.18
2012.12.24 03:52:52.231,0.92053,0.92084,2.18,2.18
2012.12.24 03:53:03.615,0.92053,0.92084,1.43,2.18
2012.12.24 03:53:11.439,0.92054,0.92084,1.43,2.55
2012.12.24 03:53:20.545,0.92054,0.92084,2.18,2.55
2012.12.24 03:53:35.636,0.92055,0.92084,1.43,2.18
2012.12.24 03:53:38.677,0.92055,0.92084,1.43,2.93
2012.12.24 03:53:39.037,0.9205,0.9208,2.18,2.18
2012.12.24 03:53:39.098,0.9205,0.9208,1.43,2.18
2012.12.24 03:53:39.876,0.92053,0.9208,1.43,2.18
2012.12.24 03:53:40.238,0.92054,0.92085,2.18,2.18
2012.12.24 03:53:40.545,0.92054,0.92085,2.18,2.18
2012.12.24 03:53:44.157,0.92054,0.92085,2.18,2.18
2012.12.24 03:53:44.517,0.92054,0.92081,1.43,1.50
2012.12.24 03:53:44.646,0.92049,0.9208,2.18,2.18
2012.12.24 03:53:46.968,0.92049,0.9208,2.18,2.18
2012.12.24 03:53:47.097,0.92054,0.92083,1.43,2.18
2012.12.24 03:53:47.456,0.92054,0.92083,2.18,2.18
2012.12.24 03:53:47.816,0.92054,0.92083,2.18,2.18
2012.12.24 03:53:48.506,0.92054,0.92083,2.18,2.18
2012.12.24 03:53:52.226,0.92054,0.92083,2.18,2.18
2012.12.24 03:53:52.596,0.92058,0.92085,1.43,1.50
2012.12.24 03:53:54.710,0.92058,0.92085,1.43,1.50
2012.12.24 03:53:55.066,0.92058,0.92087,1.43,2.93
2012.12.24 03:53:56.696,0.92058,0.92087,1.43,2.93
2012.12.24 03:53:58.367,0.92058,0.92085,1.43,2.18
2012.12.24 03:53:58.436,0.92054,0.92083,1.43,2.18
2012.12.24 03:53:59.716,0.92058,0.92085,1.43,1.13
2012.12.24 03:54:00.017,0.92054,0.92083,2.18,1.43
2012.12.24 03:54:00.456,0.92054,0.92083,1.43,2.18
2012.12.24 03:54:00.757,0.92054,0.92083,2.18,2.18
2012.12.24 03:54:01.526,0.92054,0.92083,1.43,2.18
2012.12.24 03:54:09.466,0.92054,0.92083,2.18,2.55
2012.12.24 03:54:10.005,0.92054,0.92083,1.43,2.18
2012.12.24 03:54:13.932,0.92054,0.92083,2.18,2.18
2012.12.24 03:54:14.208,0.92054,0.92083,1.43,2.18
2012.12.24 03:54:16.466,0.92054,0.92083,2.18,2.18
2012.12.24 03:54:23.577,0.92054,0.92084,2.18,2.18
2012.12.24 03:54:29.393,0.92054,0.92084,2.18,2.18
2012.12.24 03:54:45.367,0.92055,0.92086,1.43,2.55
2012.12.24 03:54:45.616,0.92055,0.92086,2.18,2.18
2012.12.24 03:54:56.076,0.92055,0.92085,1.43,1.13
2012.12.24 03:54:59.986,0.92055,0.92086,2.18,2.93
2012.12.24 03:55:00.560,0.92055,0.92086,2.18,3.30
2012.12.24 03:55:32.497,0.92054,0.92083,2.18,2.18
2012.12.24 03:55:33.016,0.92054,0.92083,1.43,2.18
2012.12.24 03:55:38.735,0.92049,0.9208,2.18,2.18
2012.12.24 03:55:38.856,0.92049,0.9208,2.18,2.18
2012.12.24 03:55:39.206,0.92049,0.9208,1.43,2.18
2012.12.24 03:55:39.943,0.92045,0.92076,2.18,2.18
2012.12.24 03:55:42.566,0.92045,0.92076,2.18,2.18
2012.12.24 03:55:59.416,0.92046,0.92077,1.43,3.98
2012.12.24 03:56:02.495,0.92046,0.92077,2.18,2.55
2012.12.24 03:56:08.786,0.92046,0.92077,2.18,2.18
2012.12.24 03:56:23.249,0.92045,0.92074,2.18,2.18
2012.12.24 03:56:25.855,0.92045,0.92074,1.43,2.18
2012.12.24 03:56:26.406,0.92041,0.9207,2.18,2.18
2012.12.24 03:56:26.816,0.92041,0.9207,1.43,2.93
2012.12.24 03:56:27.356,0.92036,0.92067,2.18,2.18
2012.12.24 03:56:27.676,0.92036,0.92067,2.18,2.18
2012.12.24 03:56:44.052,0.92036,0.92067,1.43,2.55
2012.12.24 03:56:47.445,0.92035,0.92066,1.43,2.55
2012.12.24 03:56:50.266,0.92035,0.92062,1.43,2.18
2012.12.24 03:56:50.327,0.92033,0.9206,1.50,2.18
2012.12.24 03:56:50.627,0.92027,0.92057,2.18,1.43
2012.12.24 03:56:51.317,0.92027,0.92057,2.18,2.18
2012.12.24 03:56:52.396,0.92027,0.92057,2.93,1.43
2012.12.24 03:56:52.517,0.92027,0.92057,2.93,2.18
2012.12.24 03:56:53.056,0.92027,0.92057,2.18,2.55
2012.12.24 03:56:54.757,0.92031,0.9206,1.43,2.18
2012.12.24 03:56:59.037,0.92026,0.92057,2.18,2.18
2012.12.24 03:56:59.777,0.9203,0.9206,2.40,2.18
2012.12.24 03:56:59.838,0.9203,0.9206,2.40,2.18
2012.12.24 03:57:00.088,0.9203,0.9206,1.65,2.18
2012.12.24 03:57:01.506,0.9203,0.9206,2.18,2.18
2012.12.24 03:57:03.174,0.9203,0.9206,2.93,2.18
2012.12.24 03:57:03.688,0.92033,0.92064,2.40,2.55
2012.12.24 03:57:03.936,0.92034,0.92064,1.50,2.18
2012.12.24 03:57:04.297,0.92034,0.92064,2.25,2.18
2012.12.24 03:57:05.007,0.92035,0.92064,1.50,2.18
2012.12.24 03:57:20.377,0.92034,0.92063,1.50,1.13
2012.12.24 03:57:20.436,0.92033,0.92063,2.93,1.13
2012.12.24 03:57:20.677,0.9203,0.9206,2.18,2.18
2012.12.24 03:57:22.509,0.9203,0.9206,1.43,2.18
2012.12.24 03:57:32.519,0.9203,0.9206,1.43,2.55
2012.12.24 03:57:32.646,0.92027,0.92056,1.50,2.18
2012.12.24 03:57:33.271,0.92026,0.92056,1.50,2.18
2012.12.24 03:57:34.667,0.92025,0.92056,2.93,2.18
2012.12.24 03:57:34.856,0.92025,0.92056,2.18,2.18
2012.12.24 03:57:36.796,0.92023,0.92052,2.18,2.18
2012.12.24 03:57:37.336,0.92021,0.92052,3.68,2.18
2012.12.24 03:57:40.298,0.92022,0.92052,1.73,2.18
2012.12.24 03:57:44.936,0.92025,0.92052,1.50,2.18
2012.12.24 03:57:45.237,0.92026,0.92055,2.40,2.18
2012.12.24 03:57:45.451,0.92029,0.92055,1.50,2.18
2012.12.24 03:58:01.456,0.92029,0.92055,1.50,1.43
2012.12.24 03:58:01.516,0.92029,0.9206,2.93,3.30
2012.12.24 03:58:01.756,0.92029,0.9206,2.93,2.18
2012.12.24 03:58:21.216,0.92026,0.92055,2.18,2.18
2012.12.24 03:58:21.276,0.92026,0.92055,1.43,2.18
2012.12.24 03:58:27.807,0.92024,0.92052,1.50,2.18
2012.12.24 03:58:28.176,0.92023,0.92052,2.48,2.18
2012.12.24 03:58:41.231,0.92023,0.92048,1.73,1.43
2012.12.24 03:58:41.507,0.92023,0.92052,1.73,2.18
2012.12.24 03:58:53.137,0.92022,0.92052,1.73,2.18
2012.12.24 03:59:11.427,0.92022,0.92052,1.50,2.18
2012.12.24 03:59:11.959,0.92021,0.92052,2.93,2.18
2012.12.24 03:59:48.476,0.92021,0.92052,1.50,1.13
2012.12.24 03:59:49.041,0.92021,0.92052,1.50,1.13
2012.12.24 03:59:49.186,0.92022,0.92055,1.50,1.13
2012.12.24 03:59:50.215,0.92022,0.92057,1.50,2.10
2012.12.24 03:59:56.043,0.92019,0.92052,1.73,1.50
2012.12.24 03:59:56.109,0.92018,0.92053,1.73,1.95
2012.12.24 03:59:56.369,0.92018,0.92044,1.73,1.43
2012.12.24 03:59:56.617,0.92017,0.92044,1.50,2.18
2012.12.24 03:59:56.677,0.9202,0.92048,1.43,2.18
2012.12.24 03:59:56.917,0.92017,0.92046,2.93,1.43
2012.12.24 03:59:57.037,0.92017,0.92046,1.50,2.18
