2012.12.10 03:00:02.103,0.8814,0.8816,2.18,2.78
2012.12.10 03:00:02.465,0.8814,0.88159,1.43,1.35
2012.12.10 03:00:02.533,0.88135,0.88158,2.18,2.03
2012.12.10 03:00:12.252,0.88135,0.88158,2.18,2.22
2012.12.10 03:00:13.453,0.88135,0.88158,2.18,2.59
2012.12.10 03:00:15.193,0.88135,0.88158,2.18,2.22
2012.12.10 03:00:23.583,0.88137,0.88156,1.13,1.43
2012.12.10 03:00:23.642,0.88139,0.8816,1.43,1.65
2012.12.10 03:00:24.163,0.88139,0.8816,2.55,1.43
2012.12.10 03:00:36.522,0.8814,0.8816,1.13,1.43
2012.12.10 03:00:39.843,0.88139,0.8816,2.18,1.43
2012.12.10 03:00:43.863,0.8814,0.88162,2.18,1.80
2012.12.10 03:00:47.621,0.8814,0.88162,2.18,1.80
2012.12.10 03:00:49.472,0.8814,0.88162,2.18,2.40
2012.12.10 03:00:49.594,0.88139,0.88158,2.18,1.43
2012.12.10 03:01:03.313,0.88141,0.8816,1.43,3.15
2012.12.10 03:01:15.298,0.88136,0.88158,2.18,2.18
2012.12.10 03:01:15.843,0.88133,0.88152,2.18,1.50
2012.12.10 03:01:15.962,0.88133,0.88152,2.18,1.73
2012.12.10 03:01:16.632,0.88133,0.88154,1.43,2.55
2012.12.10 03:01:26.272,0.88133,0.88154,2.18,1.80
2012.12.10 03:01:33.551,0.88133,0.88154,2.18,1.80
2012.12.10 03:02:03.183,0.88133,0.88156,2.18,4.50
2012.12.10 03:02:04.021,0.88131,0.88151,2.55,1.43
2012.12.10 03:02:04.610,0.88131,0.88151,2.55,1.43
2012.12.10 03:02:08.903,0.88131,0.88151,2.18,1.80
2012.12.10 03:02:08.963,0.88131,0.8815,2.18,2.55
2012.12.10 03:02:09.083,0.88128,0.88148,3.00,2.18
2012.12.10 03:02:09.263,0.88128,0.88148,3.00,2.18
2012.12.10 03:02:09.514,0.88128,0.88148,3.00,1.43
2012.12.10 03:02:10.592,0.88127,0.88148,2.37,1.43
2012.12.10 03:02:13.252,0.8813,0.8815,1.65,1.43
2012.12.10 03:02:13.314,0.8813,0.88153,1.65,4.05
2012.12.10 03:02:13.949,0.8813,0.88152,1.65,1.50
2012.12.10 03:02:15.154,0.8813,0.88153,1.65,3.30
2012.12.10 03:02:15.679,0.8813,0.88152,1.65,1.50
2012.12.10 03:02:15.745,0.8813,0.88153,1.43,4.05
2012.12.10 03:02:15.884,0.8813,0.88153,1.65,3.30
2012.12.10 03:02:24.133,0.8813,0.88153,2.03,1.80
2012.12.10 03:02:24.736,0.8813,0.88153,2.03,1.80
2012.12.10 03:02:30.496,0.8813,0.88153,2.78,1.80
2012.12.10 03:02:31.063,0.88132,0.88153,1.13,1.43
2012.12.10 03:02:32.602,0.88132,0.88153,1.88,1.43
2012.12.10 03:02:53.164,0.88134,0.88154,2.18,1.43
2012.12.10 03:03:14.013,0.88132,0.88153,3.30,1.43
2012.12.10 03:03:23.423,0.88132,0.88153,2.93,2.18
2012.12.10 03:03:23.543,0.88131,0.88149,1.73,1.43
2012.12.10 03:03:23.862,0.88129,0.88149,1.73,1.43
2012.12.10 03:03:23.982,0.88131,0.88149,1.13,1.43
2012.12.10 03:03:24.162,0.88132,0.88153,1.43,1.69
2012.12.10 03:03:24.672,0.88132,0.88154,1.43,3.72
2012.12.10 03:03:37.633,0.88132,0.88154,1.43,3.53
2012.12.10 03:03:44.122,0.88131,0.88151,2.18,1.43
2012.12.10 03:03:49.984,0.88131,0.88151,3.15,1.43
2012.12.10 03:03:50.880,0.88131,0.88151,3.72,1.43
2012.12.10 03:03:52.963,0.88131,0.88151,1.80,1.43
2012.12.10 03:04:04.823,0.88129,0.88152,3.15,1.43
2012.12.10 03:04:25.130,0.88129,0.88151,2.78,1.43
2012.12.10 03:04:30.013,0.88129,0.88151,2.40,1.80
2012.12.10 03:04:30.393,0.88129,0.88151,2.03,1.43
2012.12.10 03:04:30.453,0.88129,0.88151,2.78,1.43
2012.12.10 03:04:32.523,0.88129,0.88151,2.18,1.80
2012.12.10 03:04:33.276,0.88129,0.88151,2.78,1.43
2012.12.10 03:04:38.752,0.8813,0.88151,1.50,1.43
2012.12.10 03:04:42.036,0.88133,0.88153,1.43,2.63
2012.12.10 03:04:42.893,0.88129,0.88151,1.95,1.43
2012.12.10 03:04:52.564,0.88129,0.88151,1.35,2.18
2012.12.10 03:04:53.083,0.88128,0.8815,2.40,1.73
2012.12.10 03:04:57.348,0.88131,0.8815,1.43,1.73
2012.12.10 03:04:58.699,0.88133,0.8815,1.43,1.73
2012.12.10 03:04:59.333,0.88128,0.88149,2.40,2.18
2012.12.10 03:05:15.413,0.8813,0.88149,1.35,2.18
2012.12.10 03:05:51.202,0.88128,0.88149,3.34,2.18
2012.12.10 03:05:53.442,0.8813,0.88149,1.35,2.18
2012.12.10 03:05:59.382,0.8813,0.88154,2.10,3.00
2012.12.10 03:06:00.985,0.88131,0.88152,2.40,1.43
2012.12.10 03:06:03.143,0.88135,0.88153,1.43,1.50
2012.12.10 03:06:03.263,0.88136,0.88156,1.13,1.50
2012.12.10 03:06:03.324,0.88137,0.88157,1.35,2.18
2012.12.10 03:06:03.573,0.88138,0.8816,1.43,1.50
2012.12.10 03:06:03.633,0.88138,0.88159,1.43,2.25
2012.12.10 03:06:04.221,0.88138,0.88159,1.43,1.50
2012.12.10 03:06:05.713,0.88138,0.88159,2.18,1.50
2012.12.10 03:06:05.773,0.88138,0.88161,2.18,1.80
2012.12.10 03:06:16.133,0.88138,0.88161,2.40,1.80
2012.12.10 03:06:16.634,0.88138,0.88161,2.40,1.80
2012.12.10 03:06:18.023,0.88143,0.88163,1.43,1.99
2012.12.10 03:06:19.440,0.88143,0.88163,1.43,1.62
2012.12.10 03:06:21.593,0.88143,0.88163,1.43,4.20
2012.12.10 03:06:21.862,0.88138,0.88161,2.40,1.80
2012.12.10 03:06:26.453,0.88138,0.88161,2.40,1.80
2012.12.10 03:06:26.761,0.88138,0.8816,2.40,1.13
2012.12.10 03:06:27.804,0.88138,0.88161,2.40,1.80
2012.12.10 03:06:30.613,0.88141,0.88161,1.43,1.80
2012.12.10 03:06:31.257,0.88143,0.88164,1.43,5.59
2012.12.10 03:06:32.762,0.88141,0.8816,1.43,1.80
2012.12.10 03:06:33.648,0.8814,0.8816,1.43,1.80
2012.12.10 03:06:36.883,0.8814,0.8816,2.18,1.80
2012.12.10 03:06:39.354,0.8814,0.8816,2.18,2.55
2012.12.10 03:06:39.887,0.8814,0.8816,2.18,1.43
2012.12.10 03:06:52.892,0.88141,0.8816,1.43,1.43
2012.12.10 03:06:52.952,0.88142,0.88164,1.43,3.30
2012.12.10 03:06:57.674,0.88142,0.88164,1.43,3.30
2012.12.10 03:06:57.922,0.88142,0.88164,1.43,3.30
2012.12.10 03:06:58.367,0.88142,0.88164,1.43,3.30
2012.12.10 03:07:02.872,0.88142,0.88164,1.43,4.05
2012.12.10 03:07:13.062,0.88143,0.88165,1.43,2.93
2012.12.10 03:07:31.655,0.88143,0.88165,1.43,2.55
2012.12.10 03:07:33.402,0.88141,0.88164,3.53,2.18
2012.12.10 03:07:35.065,0.88142,0.88164,1.50,2.18
2012.12.10 03:07:35.607,0.88142,0.88164,1.50,2.18
2012.12.10 03:07:36.431,0.88142,0.88164,1.50,2.18
2012.12.10 03:08:06.555,0.88142,0.8816,1.43,1.35
2012.12.10 03:08:06.684,0.88137,0.8816,2.18,3.38
2012.12.10 03:08:06.804,0.88137,0.8816,1.43,3.38
2012.12.10 03:08:09.054,0.88137,0.88158,1.43,2.10
2012.12.10 03:08:10.975,0.88137,0.88158,1.43,1.35
2012.12.10 03:08:23.683,0.88137,0.88158,1.43,1.35
2012.12.10 03:08:25.025,0.88137,0.88159,1.43,3.42
2012.12.10 03:08:27.062,0.88135,0.88158,2.18,2.03
2012.12.10 03:08:42.752,0.88135,0.88158,2.18,2.40
2012.12.10 03:08:43.547,0.88135,0.88158,1.43,3.15
2012.12.10 03:08:46.482,0.88135,0.88158,2.97,2.18
2012.12.10 03:08:47.243,0.88136,0.88156,1.43,1.43
2012.12.10 03:08:56.015,0.88136,0.88156,1.43,2.18
2012.12.10 03:08:58.263,0.88136,0.88156,1.43,1.43
2012.12.10 03:09:07.953,0.88136,0.88158,2.18,2.85
2012.12.10 03:09:27.882,0.88136,0.88156,1.50,1.43
2012.12.10 03:09:44.476,0.88135,0.88156,3.72,1.43
2012.12.10 03:09:48.802,0.88135,0.88155,3.53,1.43
2012.12.10 03:09:56.783,0.88135,0.88155,1.80,2.18
2012.12.10 03:09:57.668,0.88133,0.88152,1.73,1.43
2012.12.10 03:10:12.162,0.88133,0.88152,1.13,1.43
2012.12.10 03:10:16.982,0.88133,0.88156,2.78,2.18
2012.12.10 03:10:18.629,0.88133,0.88156,2.78,2.18
2012.12.10 03:10:21.847,0.88133,0.88156,2.78,1.43
2012.12.10 03:10:22.059,0.88133,0.88156,2.55,1.65
2012.12.10 03:10:22.767,0.88133,0.88156,2.55,2.18
2012.12.10 03:10:27.864,0.88133,0.88156,2.18,2.18
2012.12.10 03:10:34.302,0.88133,0.88156,2.93,2.40
2012.12.10 03:10:39.983,0.88133,0.88154,2.18,2.18
2012.12.10 03:10:40.187,0.88133,0.88154,2.18,2.18
2012.12.10 03:10:40.257,0.88133,0.88154,2.18,2.18
2012.12.10 03:10:40.563,0.88133,0.88154,2.93,2.18
2012.12.10 03:10:40.844,0.88133,0.88154,2.18,2.40
2012.12.10 03:10:40.950,0.88133,0.88152,2.18,1.43
2012.12.10 03:10:41.285,0.88131,0.88151,1.50,2.18
2012.12.10 03:10:44.463,0.88131,0.88151,1.32,2.18
2012.12.10 03:10:45.463,0.88129,0.88151,2.97,2.18
2012.12.10 03:10:46.003,0.88125,0.88144,1.32,2.18
2012.12.10 03:10:46.063,0.88125,0.88144,1.13,2.18
2012.12.10 03:10:46.483,0.88124,0.88144,1.50,2.18
2012.12.10 03:10:48.818,0.88123,0.88144,1.13,2.18
2012.12.10 03:10:49.258,0.88123,0.88144,1.13,2.18
2012.12.10 03:10:50.256,0.88122,0.88144,3.04,2.18
2012.12.10 03:11:03.232,0.88126,0.88147,2.93,2.93
2012.12.10 03:11:04.836,0.88126,0.88147,2.93,2.18
2012.12.10 03:11:05.605,0.88126,0.88147,2.93,1.43
2012.12.10 03:11:07.034,0.88126,0.88147,2.93,2.18
2012.12.10 03:11:11.062,0.88126,0.88147,2.55,2.18
2012.12.10 03:11:17.753,0.88126,0.88147,1.80,1.43
2012.12.10 03:11:17.864,0.88126,0.88147,1.80,2.18
2012.12.10 03:11:21.103,0.88126,0.88147,1.80,1.43
2012.12.10 03:11:26.323,0.88126,0.88147,1.80,2.18
2012.12.10 03:11:43.164,0.88126,0.88147,1.80,1.43
2012.12.10 03:11:43.666,0.88126,0.88148,2.18,2.18
2012.12.10 03:11:45.784,0.88126,0.88148,2.18,2.18
2012.12.10 03:11:46.282,0.88126,0.88148,2.18,2.18
2012.12.10 03:11:46.343,0.88126,0.88147,2.18,1.50
2012.12.10 03:11:46.794,0.88126,0.88148,2.18,2.18
2012.12.10 03:11:47.754,0.88126,0.88147,2.18,1.50
2012.12.10 03:11:53.613,0.88126,0.88148,2.93,2.18
2012.12.10 03:11:54.174,0.88126,0.88148,2.93,2.18
2012.12.10 03:11:56.423,0.88125,0.88145,1.50,2.18
2012.12.10 03:11:56.663,0.88125,0.88145,1.50,1.43
2012.12.10 03:11:57.025,0.8812,0.88143,2.55,1.65
2012.12.10 03:11:57.904,0.8812,0.88141,1.80,1.50
2012.12.10 03:11:58.739,0.8812,0.88141,1.80,1.50
2012.12.10 03:12:01.046,0.8812,0.8814,1.43,1.43
2012.12.10 03:12:01.582,0.88115,0.88138,1.99,1.43
2012.12.10 03:12:01.852,0.88115,0.88138,1.99,2.18
2012.12.10 03:12:02.364,0.88115,0.88138,1.80,1.65
2012.12.10 03:12:04.493,0.88115,0.88137,2.18,3.00
2012.12.10 03:12:04.733,0.88118,0.88138,1.73,2.18
2012.12.10 03:12:05.484,0.8812,0.88141,1.43,4.09
2012.12.10 03:12:05.553,0.8812,0.88141,1.43,3.15
2012.12.10 03:12:06.485,0.8812,0.88141,1.80,4.43
2012.12.10 03:12:06.554,0.8812,0.88141,1.43,3.68
2012.12.10 03:12:12.574,0.8812,0.88141,1.43,2.93
2012.12.10 03:12:22.626,0.88124,0.88143,1.43,3.23
2012.12.10 03:12:23.094,0.88128,0.88143,1.43,1.50
2012.12.10 03:12:23.512,0.88128,0.88146,1.43,1.13
2012.12.10 03:12:24.485,0.88128,0.88147,1.43,1.13
2012.12.10 03:12:32.068,0.88124,0.88145,1.43,2.40
2012.12.10 03:12:51.634,0.88122,0.88144,2.85,1.73
2012.12.10 03:12:57.652,0.88122,0.88145,2.18,2.40
2012.12.10 03:12:58.164,0.88122,0.88145,1.43,3.53
2012.12.10 03:13:03.202,0.88122,0.88144,1.43,1.35
2012.12.10 03:13:03.692,0.8812,0.88144,3.60,1.35
2012.12.10 03:13:12.780,0.88121,0.8814,1.50,1.43
2012.12.10 03:13:15.860,0.8812,0.8814,2.18,1.43
2012.12.10 03:13:27.253,0.8812,0.8814,1.43,2.18
2012.12.10 03:13:32.972,0.8812,0.8814,2.18,2.18
2012.12.10 03:13:33.223,0.8812,0.8814,2.18,2.18
2012.12.10 03:13:42.760,0.8812,0.8814,2.18,2.18
2012.12.10 03:13:43.471,0.8812,0.8814,1.43,2.18
2012.12.10 03:13:46.395,0.88121,0.88142,1.43,2.40
2012.12.10 03:13:52.953,0.88121,0.88142,2.18,2.40
2012.12.10 03:13:53.492,0.88121,0.88142,1.43,2.40
2012.12.10 03:13:57.633,0.88121,0.88142,2.93,2.40
2012.12.10 03:13:57.753,0.88123,0.88142,1.13,1.43
2012.12.10 03:13:57.814,0.88127,0.88145,1.43,2.18
2012.12.10 03:14:05.075,0.88127,0.88149,2.18,2.18
2012.12.10 03:14:08.474,0.88127,0.88146,2.18,1.43
2012.12.10 03:14:08.654,0.88126,0.88148,1.43,2.18
2012.12.10 03:14:14.527,0.88126,0.88148,1.80,2.18
2012.12.10 03:14:18.782,0.88127,0.88148,1.13,2.18
2012.12.10 03:14:20.846,0.8813,0.88151,2.18,1.13
2012.12.10 03:14:21.225,0.88132,0.88153,1.50,3.12
2012.12.10 03:14:21.284,0.8813,0.88153,2.93,3.12
2012.12.10 03:14:21.413,0.88129,0.88148,1.35,1.43
2012.12.10 03:14:21.533,0.88129,0.88148,1.13,1.43
2012.12.10 03:14:21.654,0.88128,0.88148,1.13,1.43
2012.12.10 03:14:21.966,0.88127,0.88145,1.13,1.43
2012.12.10 03:14:22.273,0.88125,0.88145,1.13,2.18
2012.12.10 03:14:22.704,0.88125,0.88145,1.13,1.43
2012.12.10 03:14:25.464,0.88127,0.88145,1.13,1.43
2012.12.10 03:14:25.525,0.88127,0.88147,2.55,1.43
2012.12.10 03:14:26.073,0.88127,0.88147,2.55,1.43
2012.12.10 03:14:32.802,0.88127,0.88145,1.13,1.43
2012.12.10 03:14:34.814,0.88127,0.88148,3.30,1.43
2012.12.10 03:14:37.065,0.88127,0.88147,2.55,2.18
2012.12.10 03:14:37.853,0.88123,0.88145,3.34,1.43
2012.12.10 03:14:38.412,0.88127,0.88149,2.18,2.93
2012.12.10 03:14:42.232,0.88127,0.88149,2.18,2.18
2012.12.10 03:14:54.724,0.88127,0.88149,2.18,2.93
2012.12.10 03:14:54.853,0.88126,0.88144,1.50,1.43
2012.12.10 03:15:03.263,0.88125,0.88144,1.32,2.18
2012.12.10 03:15:04.912,0.88123,0.88144,2.18,2.78
2012.12.10 03:15:05.373,0.88123,0.88144,2.18,3.53
2012.12.10 03:15:07.210,0.88123,0.88144,2.18,3.53
2012.12.10 03:15:16.179,0.88121,0.88142,2.18,1.65
2012.12.10 03:15:26.779,0.88121,0.88142,2.18,2.03
2012.12.10 03:15:26.844,0.8812,0.8814,1.50,1.43
2012.12.10 03:15:28.226,0.88122,0.8814,2.93,1.43
2012.12.10 03:15:28.353,0.88122,0.88143,2.93,1.80
2012.12.10 03:15:29.593,0.88122,0.88143,3.30,1.80
2012.12.10 03:15:36.099,0.88122,0.88143,2.93,2.18
2012.12.10 03:15:36.166,0.88122,0.88143,2.93,1.80
2012.12.10 03:15:36.473,0.88119,0.88139,1.13,1.13
2012.12.10 03:15:37.344,0.88119,0.8814,1.50,2.74
2012.12.10 03:15:42.723,0.88118,0.88137,2.18,1.99
2012.12.10 03:15:42.785,0.8812,0.88139,2.18,3.49
2012.12.10 03:15:42.854,0.88118,0.88139,1.13,3.34
2012.12.10 03:15:43.033,0.88117,0.88139,2.18,3.34
2012.12.10 03:15:46.660,0.88117,0.88137,2.18,1.43
2012.12.10 03:15:47.383,0.88115,0.88134,2.18,1.43
2012.12.10 03:15:47.503,0.88114,0.88134,1.13,1.43
2012.12.10 03:15:47.874,0.88114,0.88134,1.88,1.43
2012.12.10 03:15:48.719,0.88114,0.88134,1.88,1.43
2012.12.10 03:15:49.054,0.88113,0.88134,4.50,2.18
2012.12.10 03:15:53.685,0.88114,0.88134,1.13,2.18
2012.12.10 03:15:57.653,0.88113,0.88134,2.55,2.18
2012.12.10 03:15:57.953,0.88114,0.88134,1.35,2.18
2012.12.10 03:15:58.728,0.88115,0.88134,1.88,1.43
2012.12.10 03:16:06.875,0.88115,0.88136,3.68,1.43
2012.12.10 03:16:06.965,0.88115,0.88138,3.68,1.43
2012.12.10 03:16:19.283,0.88115,0.88138,3.30,1.43
2012.12.10 03:16:27.883,0.88116,0.88139,2.18,2.55
2012.12.10 03:16:29.193,0.88116,0.88139,2.18,2.55
2012.12.10 03:16:41.987,0.88116,0.88139,2.18,2.18
2012.12.10 03:16:42.529,0.88114,0.88137,1.13,2.03
2012.12.10 03:16:42.655,0.88114,0.88137,1.13,2.03
2012.12.10 03:16:45.033,0.88113,0.88137,2.93,2.03
2012.12.10 03:16:46.025,0.88113,0.88134,2.93,2.18
2012.12.10 03:16:48.827,0.88113,0.88134,2.93,1.43
2012.12.10 03:16:49.705,0.88113,0.88134,2.93,2.18
2012.12.10 03:16:49.774,0.88113,0.88134,2.93,2.18
2012.12.10 03:16:50.399,0.88113,0.88134,2.55,2.40
2012.12.10 03:16:50.474,0.88113,0.88134,2.55,2.40
2012.12.10 03:16:51.622,0.88113,0.88134,2.55,2.40
2012.12.10 03:16:51.843,0.88113,0.88134,2.55,2.18
2012.12.10 03:16:56.458,0.88111,0.8813,1.13,2.18
2012.12.10 03:16:56.593,0.88111,0.8813,1.50,2.18
2012.12.10 03:16:58.385,0.88111,0.8813,1.50,2.18
2012.12.10 03:16:59.051,0.88113,0.88134,2.18,1.35
2012.12.10 03:17:01.203,0.88113,0.88134,2.18,1.35
2012.12.10 03:17:01.523,0.88113,0.88134,2.18,1.35
2012.12.10 03:17:03.763,0.88114,0.88134,1.13,1.35
2012.12.10 03:17:03.905,0.88114,0.88134,1.13,1.35
2012.12.10 03:17:06.208,0.88114,0.88134,1.13,1.35
2012.12.10 03:17:07.974,0.88115,0.88134,1.13,1.35
2012.12.10 03:17:11.654,0.88115,0.88135,1.13,2.18
2012.12.10 03:17:11.834,0.88115,0.88135,1.13,1.43
2012.12.10 03:17:12.265,0.88118,0.88139,1.80,2.93
2012.12.10 03:17:12.403,0.88121,0.88142,1.43,1.50
2012.12.10 03:17:12.525,0.88121,0.88143,1.43,3.90
2012.12.10 03:17:13.063,0.88121,0.88142,2.18,1.50
2012.12.10 03:17:13.866,0.88121,0.88142,2.18,2.25
2012.12.10 03:17:21.835,0.88121,0.88142,2.18,1.50
2012.12.10 03:17:22.423,0.88121,0.88143,2.18,1.65
2012.12.10 03:17:22.546,0.88121,0.88143,2.18,2.40
2012.12.10 03:17:22.616,0.88121,0.88143,2.18,2.40
2012.12.10 03:17:24.776,0.88122,0.88143,1.50,1.65
2012.12.10 03:17:26.194,0.88123,0.88143,1.13,1.43
2012.12.10 03:17:26.534,0.88123,0.88143,1.13,1.43
2012.12.10 03:17:28.184,0.88121,0.88143,3.30,1.43
2012.12.10 03:17:29.015,0.88121,0.88143,2.55,2.18
2012.12.10 03:17:32.903,0.88122,0.88143,2.18,2.18
2012.12.10 03:17:33.146,0.88122,0.88143,2.18,2.18
2012.12.10 03:17:37.444,0.88122,0.88143,1.43,2.18
2012.12.10 03:17:38.396,0.88122,0.88143,1.43,1.43
2012.12.10 03:17:46.393,0.88122,0.88143,2.55,1.43
2012.12.10 03:17:56.214,0.88123,0.88144,1.13,2.18
2012.12.10 03:17:57.615,0.88122,0.88144,3.30,2.18
2012.12.10 03:17:59.224,0.88122,0.88144,2.55,2.18
2012.12.10 03:18:03.330,0.88126,0.88146,1.43,4.28
2012.12.10 03:18:03.453,0.88126,0.88146,1.43,2.85
2012.12.10 03:18:10.826,0.88126,0.88147,1.43,4.28
2012.12.10 03:18:11.405,0.88126,0.88147,1.43,1.80
2012.12.10 03:18:11.915,0.88126,0.88147,2.18,1.80
2012.12.10 03:18:13.667,0.88126,0.88147,2.18,2.55
2012.12.10 03:18:14.585,0.88124,0.88146,1.13,1.43
2012.12.10 03:18:16.164,0.88123,0.88144,1.13,2.18
2012.12.10 03:18:16.875,0.88122,0.88144,1.13,2.18
2012.12.10 03:18:25.343,0.88124,0.88144,1.13,2.18
2012.12.10 03:18:34.954,0.88123,0.88143,2.55,1.43
2012.12.10 03:18:35.447,0.88123,0.88143,1.80,1.43
2012.12.10 03:18:36.325,0.88123,0.88143,1.80,1.43
2012.12.10 03:18:37.473,0.88123,0.88143,1.80,1.43
2012.12.10 03:18:38.438,0.88123,0.88143,1.80,1.43
2012.12.10 03:18:54.036,0.88124,0.88143,1.13,2.55
2012.12.10 03:18:54.747,0.88121,0.88143,2.25,2.55
2012.12.10 03:18:54.814,0.88122,0.88143,1.50,2.55
2012.12.10 03:18:56.219,0.88122,0.88143,1.50,2.55
2012.12.10 03:18:56.602,0.88122,0.88141,1.13,1.43
2012.12.10 03:18:57.124,0.8812,0.88141,1.88,2.03
2012.12.10 03:18:57.433,0.8812,0.8814,1.88,1.35
2012.12.10 03:18:57.634,0.88121,0.8814,1.13,1.35
2012.12.10 03:18:57.995,0.8812,0.8814,1.50,1.35
2012.12.10 03:18:58.053,0.8812,0.88141,1.50,2.03
2012.12.10 03:18:58.637,0.88121,0.88141,1.50,1.43
2012.12.10 03:18:58.833,0.88123,0.88143,2.18,4.28
2012.12.10 03:18:59.204,0.88124,0.88145,1.50,2.18
2012.12.10 03:19:03.495,0.88124,0.88145,1.50,2.18
2012.12.10 03:19:04.303,0.88124,0.88145,1.50,2.18
2012.12.10 03:19:04.724,0.88124,0.88145,1.50,2.40
2012.12.10 03:19:04.965,0.88124,0.88144,1.50,2.18
2012.12.10 03:19:06.234,0.88124,0.88144,1.50,2.18
2012.12.10 03:19:07.755,0.88124,0.88141,1.50,1.43
2012.12.10 03:19:16.495,0.88124,0.88141,1.88,1.43
2012.12.10 03:19:23.094,0.88124,0.88141,1.88,1.43
2012.12.10 03:19:23.264,0.88124,0.88144,3.30,2.18
2012.12.10 03:19:26.204,0.88125,0.88144,1.13,1.43
2012.12.10 03:19:26.533,0.88125,0.88144,1.13,1.43
2012.12.10 03:19:36.162,0.88125,0.88144,1.13,1.43
2012.12.10 03:19:36.484,0.88124,0.88144,2.93,1.43
2012.12.10 03:19:37.252,0.88124,0.88144,2.18,2.18
2012.12.10 03:19:37.854,0.88124,0.88144,2.18,1.43
2012.12.10 03:19:43.863,0.88122,0.88143,3.53,1.43
2012.12.10 03:19:52.246,0.88123,0.88143,3.00,2.18
2012.12.10 03:19:56.224,0.88124,0.88143,1.13,2.18
2012.12.10 03:19:56.425,0.88123,0.88143,1.13,2.18
2012.12.10 03:20:02.988,0.88122,0.88143,4.43,2.18
2012.12.10 03:20:03.484,0.8812,0.88141,1.13,1.43
2012.12.10 03:20:03.634,0.8812,0.88141,1.13,1.43
2012.12.10 03:20:04.035,0.88116,0.88136,2.44,1.43
2012.12.10 03:20:06.247,0.88116,0.88135,1.88,2.18
2012.12.10 03:20:06.383,0.88118,0.88135,1.50,2.18
2012.12.10 03:20:06.503,0.88116,0.88135,2.25,2.18
2012.12.10 03:20:07.876,0.88116,0.88135,1.88,2.18
2012.12.10 03:20:11.553,0.88116,0.88135,1.50,2.18
2012.12.10 03:20:13.655,0.88116,0.88135,4.13,2.18
2012.12.10 03:20:13.845,0.88117,0.88139,2.18,2.40
2012.12.10 03:20:16.397,0.88117,0.88139,2.55,2.40
2012.12.10 03:20:17.899,0.88117,0.88139,2.18,2.40
2012.12.10 03:20:19.124,0.88117,0.88139,2.18,2.40
2012.12.10 03:20:19.664,0.88117,0.88139,2.18,2.40
2012.12.10 03:20:20.284,0.88117,0.88139,2.18,2.40
2012.12.10 03:20:30.703,0.88117,0.88139,1.43,3.15
2012.12.10 03:20:30.995,0.88114,0.88138,2.18,1.43
2012.12.10 03:20:54.585,0.88114,0.88137,2.55,2.40
2012.12.10 03:21:04.145,0.88114,0.88137,2.55,2.40
2012.12.10 03:21:10.900,0.88116,0.88136,1.43,2.18
2012.12.10 03:21:26.321,0.88116,0.88136,1.99,2.18
2012.12.10 03:21:32.166,0.88115,0.88136,1.13,2.18
2012.12.10 03:21:35.976,0.88115,0.88136,1.50,2.18
2012.12.10 03:21:36.304,0.88115,0.88136,1.50,1.43
2012.12.10 03:21:36.814,0.88115,0.88136,2.25,2.18
2012.12.10 03:21:37.734,0.88115,0.88136,1.13,1.43
2012.12.10 03:21:38.720,0.88115,0.88136,1.88,1.43
2012.12.10 03:21:43.164,0.88115,0.88136,1.13,1.43
2012.12.10 03:21:43.526,0.88115,0.88136,1.13,2.18
2012.12.10 03:21:46.724,0.88114,0.88136,2.25,2.18
2012.12.10 03:21:56.424,0.88114,0.88133,2.18,1.43
2012.12.10 03:21:56.484,0.88113,0.88133,1.13,1.65
2012.12.10 03:21:56.734,0.88108,0.88131,2.25,1.43
2012.12.10 03:21:56.925,0.88108,0.8813,1.13,1.43
2012.12.10 03:21:57.547,0.88107,0.8813,2.18,1.43
2012.12.10 03:22:02.607,0.88107,0.88129,2.18,1.35
2012.12.10 03:22:14.435,0.88107,0.8813,2.55,2.40
2012.12.10 03:22:16.178,0.88108,0.8813,1.13,2.40
2012.12.10 03:22:16.914,0.88109,0.8813,1.43,2.40
2012.12.10 03:22:18.885,0.88109,0.8813,2.55,2.40
2012.12.10 03:22:19.007,0.88113,0.88132,1.43,1.58
2012.12.10 03:22:19.314,0.88113,0.88134,2.93,2.18
2012.12.10 03:22:20.704,0.88117,0.88138,1.43,2.40
2012.12.10 03:22:31.095,0.88114,0.88134,3.60,2.18
2012.12.10 03:22:40.156,0.88114,0.88134,1.43,2.18
2012.12.10 03:23:03.202,0.88114,0.88134,1.43,1.35
2012.12.10 03:23:10.334,0.88114,0.88135,1.43,1.13
2012.12.10 03:23:12.954,0.88113,0.88135,2.18,2.55
2012.12.10 03:23:14.655,0.88112,0.88132,2.18,2.18
2012.12.10 03:23:14.793,0.88114,0.88134,1.43,4.95
2012.12.10 03:23:28.574,0.8811,0.88131,2.18,1.43
2012.12.10 03:23:29.310,0.8811,0.88131,1.43,2.18
2012.12.10 03:23:29.914,0.8811,0.88131,2.93,1.43
2012.12.10 03:23:30.475,0.8811,0.88131,1.80,1.43
2012.12.10 03:23:31.396,0.8811,0.88131,2.55,1.43
2012.12.10 03:23:33.027,0.88114,0.88134,1.43,2.97
2012.12.10 03:23:35.968,0.88114,0.88134,1.43,2.78
2012.12.10 03:23:51.975,0.88115,0.88135,1.43,2.18
2012.12.10 03:24:00.544,0.88113,0.88132,1.43,1.43
2012.12.10 03:24:01.075,0.88111,0.88132,2.93,1.65
2012.12.10 03:24:23.095,0.88111,0.88133,2.93,1.20
2012.12.10 03:24:23.438,0.88111,0.88133,2.93,1.20
2012.12.10 03:24:29.944,0.88111,0.88133,2.18,1.95
2012.12.10 03:24:33.134,0.88111,0.88133,1.43,1.58
2012.12.10 03:24:46.454,0.88109,0.88129,2.18,2.18
2012.12.10 03:24:46.964,0.88108,0.88129,1.50,2.18
2012.12.10 03:24:55.263,0.88111,0.88131,1.43,2.78
2012.12.10 03:25:15.954,0.88108,0.8813,2.18,2.78
2012.12.10 03:25:36.104,0.88106,0.88128,1.50,3.15
2012.12.10 03:25:39.044,0.88105,0.88128,2.40,2.40
2012.12.10 03:25:39.622,0.88105,0.88128,2.40,2.40
2012.12.10 03:25:46.325,0.88107,0.88128,1.50,2.03
2012.12.10 03:25:48.075,0.8811,0.88129,2.18,1.80
2012.12.10 03:25:48.615,0.8811,0.88132,2.18,3.53
2012.12.10 03:25:49.145,0.8811,0.88132,2.93,3.53
2012.12.10 03:25:52.244,0.8811,0.88131,2.93,1.20
2012.12.10 03:25:52.885,0.8811,0.88131,2.93,1.39
2012.12.10 03:25:53.375,0.8811,0.88131,2.93,1.17
2012.12.10 03:25:53.614,0.8811,0.88132,2.93,1.80
2012.12.10 03:25:55.194,0.88111,0.88132,1.50,1.80
2012.12.10 03:25:57.665,0.88112,0.88132,1.50,1.80
2012.12.10 03:26:03.305,0.88115,0.88135,2.18,2.14
2012.12.10 03:26:03.664,0.88115,0.88135,2.18,1.17
2012.12.10 03:26:04.127,0.88115,0.88135,2.18,1.17
2012.12.10 03:26:04.668,0.88118,0.88138,1.43,2.37
2012.12.10 03:26:04.836,0.88118,0.88139,2.18,3.27
2012.12.10 03:26:14.796,0.88118,0.88139,2.18,2.48
2012.12.10 03:26:14.995,0.88118,0.88139,2.18,1.35
2012.12.10 03:26:15.508,0.88122,0.88143,1.43,2.18
2012.12.10 03:26:15.575,0.88122,0.88143,2.18,2.18
2012.12.10 03:26:15.895,0.88124,0.88143,1.50,2.18
2012.12.10 03:26:15.954,0.88124,0.88143,1.50,1.62
2012.12.10 03:26:16.016,0.88124,0.88143,1.50,1.43
2012.12.10 03:26:20.896,0.88122,0.88143,2.18,1.43
2012.12.10 03:26:21.547,0.88122,0.88143,2.18,2.03
2012.12.10 03:26:22.084,0.88122,0.88143,2.18,2.03
2012.12.10 03:26:26.534,0.88122,0.88143,2.18,2.40
2012.12.10 03:26:35.973,0.88121,0.88141,2.18,2.03
2012.12.10 03:26:50.685,0.88123,0.88144,1.43,4.84
2012.12.10 03:26:51.026,0.88123,0.88144,2.18,2.48
2012.12.10 03:26:51.347,0.88129,0.88147,1.43,1.32
2012.12.10 03:27:10.003,0.88129,0.88147,1.43,1.13
2012.12.10 03:27:12.034,0.88126,0.88147,2.18,2.18
2012.12.10 03:27:34.836,0.88126,0.88144,1.43,1.13
2012.12.10 03:27:35.986,0.88126,0.88147,2.18,2.78
2012.12.10 03:27:37.516,0.88126,0.88147,1.43,2.03
2012.12.10 03:28:09.878,0.88125,0.88147,2.18,2.18
2012.12.10 03:28:28.338,0.88126,0.88146,1.50,2.18
2012.12.10 03:28:29.169,0.88129,0.88147,1.43,1.13
2012.12.10 03:28:30.242,0.88129,0.88148,2.18,1.50
2012.12.10 03:28:30.846,0.88129,0.88148,1.43,2.25
2012.12.10 03:28:45.858,0.88129,0.88148,1.43,1.73
2012.12.10 03:28:49.917,0.88127,0.88148,4.35,3.53
2012.12.10 03:29:14.084,0.88126,0.88146,1.50,2.18
2012.12.10 03:29:26.855,0.88126,0.88146,1.50,1.80
2012.12.10 03:29:46.125,0.88126,0.88146,1.50,1.80
2012.12.10 03:29:50.315,0.88126,0.88146,1.50,1.80
2012.12.10 03:29:51.963,0.88126,0.88148,2.18,2.78
2012.12.10 03:29:53.231,0.88126,0.88148,2.93,2.78
2012.12.10 03:29:56.694,0.88126,0.88147,2.18,1.13
2012.12.10 03:30:07.325,0.88126,0.88148,2.93,2.40
2012.12.10 03:30:09.053,0.88126,0.88148,2.18,2.40
2012.12.10 03:30:25.874,0.88126,0.88146,1.50,1.80
2012.12.10 03:30:38.796,0.88124,0.88144,1.50,1.43
2012.12.10 03:30:38.985,0.88121,0.88144,2.93,2.78
2012.12.10 03:30:39.185,0.88121,0.88144,3.12,3.75
2012.12.10 03:30:39.656,0.88118,0.8814,2.18,2.40
2012.12.10 03:30:40.385,0.88118,0.8814,2.18,2.78
2012.12.10 03:30:43.564,0.88118,0.88138,2.18,1.43
2012.12.10 03:30:51.725,0.88118,0.88138,2.18,1.80
2012.12.10 03:30:51.915,0.88118,0.88138,2.18,1.65
2012.12.10 03:30:52.094,0.88118,0.88138,1.43,1.43
2012.12.10 03:30:57.861,0.88118,0.88138,2.18,1.43
2012.12.10 03:31:09.425,0.88121,0.88142,1.43,3.23
2012.12.10 03:31:10.293,0.88121,0.88142,2.18,2.10
2012.12.10 03:31:11.295,0.88121,0.88142,2.93,2.10
2012.12.10 03:31:12.826,0.88121,0.88143,2.93,4.65
2012.12.10 03:31:13.045,0.88121,0.88143,2.93,4.65
2012.12.10 03:31:13.184,0.88121,0.88143,2.93,4.65
2012.12.10 03:31:14.035,0.88121,0.88142,2.18,1.35
2012.12.10 03:31:29.380,0.8812,0.88141,2.55,2.18
2012.12.10 03:31:33.370,0.8812,0.88141,2.55,2.18
2012.12.10 03:31:33.590,0.8812,0.88141,2.55,2.18
2012.12.10 03:31:49.743,0.88122,0.88142,1.43,2.78
2012.12.10 03:31:53.806,0.88122,0.88142,2.18,2.03
2012.12.10 03:31:55.372,0.88122,0.88142,1.43,2.78
2012.12.10 03:32:08.166,0.88122,0.88142,1.43,2.03
2012.12.10 03:32:09.974,0.88121,0.88143,2.18,1.65
2012.12.10 03:32:10.253,0.88121,0.88143,1.43,1.65
2012.12.10 03:32:28.293,0.88121,0.88141,2.18,1.43
2012.12.10 03:32:28.834,0.88121,0.88141,1.43,2.18
2012.12.10 03:32:40.474,0.88121,0.88143,2.18,1.65
2012.12.10 03:32:49.906,0.88121,0.88143,1.43,2.18
2012.12.10 03:32:53.565,0.88121,0.88144,2.18,3.30
2012.12.10 03:32:55.445,0.88122,0.88144,1.50,4.05
2012.12.10 03:33:00.794,0.88122,0.88144,1.50,4.05
2012.12.10 03:33:00.916,0.88126,0.88146,1.43,3.12
2012.12.10 03:33:01.446,0.88126,0.88146,2.93,2.37
2012.12.10 03:33:04.049,0.88126,0.88146,2.18,1.62
2012.12.10 03:33:14.374,0.88126,0.88146,2.18,1.43
2012.12.10 03:33:15.304,0.88126,0.88146,2.18,1.43
2012.12.10 03:33:20.944,0.88127,0.88148,1.43,1.73
2012.12.10 03:33:53.445,0.88127,0.88149,2.18,3.90
2012.12.10 03:33:53.565,0.88131,0.88148,1.43,1.35
2012.12.10 03:33:53.685,0.88131,0.88152,1.43,3.98
2012.12.10 03:33:54.207,0.88131,0.88152,1.43,2.48
2012.12.10 03:33:58.456,0.88131,0.88152,1.80,2.10
2012.12.10 03:33:58.815,0.88135,0.88152,1.80,1.50
2012.12.10 03:33:59.366,0.88136,0.88156,1.88,1.50
2012.12.10 03:33:59.580,0.88138,0.88156,1.50,1.50
2012.12.10 03:33:59.905,0.88139,0.88157,2.18,1.73
2012.12.10 03:34:00.446,0.88139,0.88158,2.18,1.13
2012.12.10 03:34:06.259,0.88141,0.88158,1.13,1.13
2012.12.10 03:34:06.867,0.8814,0.88158,3.00,1.13
2012.12.10 03:34:08.166,0.88139,0.8816,4.43,2.18
2012.12.10 03:34:08.526,0.88141,0.88162,2.18,2.10
2012.12.10 03:34:10.465,0.88141,0.88162,4.43,1.35
2012.12.10 03:34:10.927,0.88141,0.88163,4.43,1.88
2012.12.10 03:34:11.529,0.88146,0.88163,1.43,1.13
2012.12.10 03:34:12.296,0.88146,0.88164,2.18,1.50
2012.12.10 03:34:12.655,0.88149,0.88166,2.18,1.50
2012.12.10 03:34:13.196,0.88149,0.88168,2.18,1.17
2012.12.10 03:34:21.604,0.88147,0.88167,2.18,1.35
2012.12.10 03:34:44.193,0.88147,0.88167,2.18,2.40
2012.12.10 03:34:50.285,0.88147,0.88167,2.18,2.40
2012.12.10 03:34:50.475,0.88147,0.88167,2.18,2.40
2012.12.10 03:34:53.645,0.88147,0.88167,2.18,2.40
2012.12.10 03:34:53.775,0.88143,0.88163,7.05,2.03
2012.12.10 03:34:54.364,0.88143,0.88163,7.05,2.03
2012.12.10 03:34:55.030,0.88143,0.88163,7.05,2.03
2012.12.10 03:34:56.245,0.88145,0.88163,1.50,2.03
2012.12.10 03:34:56.505,0.88145,0.88163,3.38,2.03
2012.12.10 03:35:04.115,0.88145,0.88163,3.00,2.03
2012.12.10 03:35:05.545,0.88143,0.88163,4.43,2.78
2012.12.10 03:35:06.064,0.88143,0.88163,4.43,2.78
2012.12.10 03:35:06.643,0.88145,0.88163,1.50,2.78
2012.12.10 03:35:09.355,0.88143,0.88163,3.68,2.78
2012.12.10 03:35:09.914,0.88143,0.88163,2.18,2.40
2012.12.10 03:35:23.025,0.88144,0.88162,3.00,2.40
2012.12.10 03:35:23.571,0.88143,0.88162,2.18,2.40
2012.12.10 03:35:37.625,0.88141,0.88162,4.43,2.40
2012.12.10 03:35:38.216,0.88141,0.88162,4.43,2.40
2012.12.10 03:35:54.327,0.88139,0.88157,3.00,1.43
2012.12.10 03:35:54.396,0.88139,0.88157,4.43,1.43
2012.12.10 03:35:54.875,0.88138,0.88159,4.43,2.78
2012.12.10 03:35:56.265,0.88141,0.88162,1.50,1.35
2012.12.10 03:35:59.742,0.88144,0.88162,2.18,1.13
2012.12.10 03:36:00.177,0.88144,0.88164,2.18,1.35
2012.12.10 03:36:00.985,0.88144,0.88164,2.18,1.35
2012.12.10 03:36:06.556,0.88144,0.88164,2.93,1.35
2012.12.10 03:36:12.646,0.88144,0.88164,2.93,1.35
2012.12.10 03:36:13.215,0.88144,0.88164,2.93,1.35
2012.12.10 03:36:16.155,0.88144,0.88165,2.93,1.95
2012.12.10 03:36:23.095,0.88146,0.88164,1.13,2.40
2012.12.10 03:36:32.386,0.88144,0.88159,2.18,1.13
2012.12.10 03:36:32.935,0.88142,0.88159,1.43,1.95
2012.12.10 03:36:33.055,0.88138,0.88159,2.37,1.95
2012.12.10 03:36:33.606,0.88138,0.88159,2.37,1.95
2012.12.10 03:36:35.795,0.88138,0.8816,2.18,2.18
2012.12.10 03:36:36.306,0.88141,0.8816,1.13,2.18
2012.12.10 03:36:43.829,0.88143,0.88161,1.80,1.35
2012.12.10 03:36:44.355,0.88143,0.88161,1.80,1.35
2012.12.10 03:36:48.766,0.88143,0.88161,1.43,1.35
2012.12.10 03:36:49.329,0.88143,0.88161,1.43,1.35
2012.12.10 03:36:53.907,0.88143,0.88162,1.43,1.35
2012.12.10 03:36:54.467,0.88141,0.88162,1.13,2.78
2012.12.10 03:36:54.812,0.88139,0.88162,1.13,5.22
2012.12.10 03:36:55.494,0.88139,0.88161,1.43,4.65
2012.12.10 03:36:55.916,0.88134,0.88156,2.18,2.10
2012.12.10 03:36:56.035,0.88139,0.88157,1.43,3.08
2012.12.10 03:36:56.156,0.88139,0.88157,1.43,2.33
2012.12.10 03:36:56.721,0.88139,0.88157,1.43,2.10
2012.12.10 03:37:20.355,0.88139,0.88159,1.43,2.44
2012.12.10 03:37:21.955,0.88139,0.88158,1.43,1.73
2012.12.10 03:37:22.075,0.88135,0.88157,2.18,1.43
2012.12.10 03:37:22.330,0.88135,0.88157,2.18,2.18
2012.12.10 03:37:22.396,0.88135,0.88157,2.18,2.18
2012.12.10 03:37:22.970,0.88135,0.88154,1.43,1.35
2012.12.10 03:37:26.206,0.88135,0.88153,1.43,1.35
2012.12.10 03:37:26.508,0.88131,0.88153,2.18,5.82
2012.12.10 03:38:26.537,0.88131,0.88153,2.18,2.97
2012.12.10 03:38:28.229,0.88131,0.88153,1.43,2.97
2012.12.10 03:38:46.914,0.8813,0.88152,1.43,1.65
2012.12.10 03:38:53.703,0.8813,0.88152,2.18,2.40
2012.12.10 03:38:54.066,0.8813,0.88152,2.18,2.22
2012.12.10 03:38:54.596,0.88137,0.88155,1.43,2.29
2012.12.10 03:38:55.065,0.88137,0.88156,1.43,1.32
2012.12.10 03:38:55.629,0.88137,0.88157,2.18,1.92
2012.12.10 03:38:56.254,0.88137,0.88157,2.18,1.92
2012.12.10 03:39:12.035,0.88138,0.88157,1.43,1.92
2012.12.10 03:39:12.717,0.88137,0.88157,2.93,3.34
2012.12.10 03:39:13.225,0.88136,0.88157,1.50,3.34
2012.12.10 03:39:15.065,0.88136,0.88157,1.50,2.22
2012.12.10 03:39:15.419,0.88137,0.88157,1.50,2.03
2012.12.10 03:39:16.146,0.88137,0.88157,1.50,1.43
2012.12.10 03:39:19.545,0.88141,0.88158,1.43,1.88
2012.12.10 03:39:23.745,0.88139,0.88158,2.18,1.13
2012.12.10 03:39:25.169,0.8814,0.88158,1.50,1.13
2012.12.10 03:39:29.466,0.88141,0.88163,2.18,4.09
2012.12.10 03:39:29.526,0.8814,0.88157,1.50,1.43
2012.12.10 03:39:29.976,0.88142,0.88161,1.50,1.62
2012.12.10 03:39:30.095,0.88142,0.88161,1.50,1.62
2012.12.10 03:39:30.406,0.88145,0.88157,1.50,1.43
2012.12.10 03:39:30.597,0.88142,0.88157,1.50,1.43
2012.12.10 03:39:36.355,0.88138,0.88157,1.50,2.55
2012.12.10 03:39:36.415,0.88136,0.88157,2.93,2.78
2012.12.10 03:39:36.535,0.88136,0.88157,3.30,2.78
2012.12.10 03:39:51.025,0.88136,0.88155,1.50,1.80
2012.12.10 03:39:51.626,0.88135,0.88155,1.50,1.80
2012.12.10 03:39:51.865,0.88136,0.88155,1.50,1.80
2012.12.10 03:40:06.295,0.88138,0.88155,1.50,1.43
2012.12.10 03:40:06.537,0.88138,0.88159,1.50,3.42
2012.12.10 03:40:10.335,0.88137,0.88159,2.18,3.23
2012.12.10 03:40:10.616,0.88137,0.88157,2.18,1.13
2012.12.10 03:40:11.237,0.88136,0.88154,1.50,1.43
2012.12.10 03:40:18.695,0.88134,0.88154,2.55,2.18
2012.12.10 03:40:19.147,0.88134,0.88147,2.18,1.13
2012.12.10 03:40:19.266,0.88134,0.88147,2.18,1.13
2012.12.10 03:40:19.386,0.88132,0.88147,1.50,2.55
2012.12.10 03:40:20.056,0.88128,0.88147,1.13,2.55
2012.12.10 03:40:20.546,0.88129,0.88147,1.50,2.55
2012.12.10 03:40:20.795,0.8813,0.88151,2.18,4.24
2012.12.10 03:40:28.417,0.88129,0.88147,1.50,1.43
2012.12.10 03:40:31.207,0.88127,0.88147,2.55,1.43
2012.12.10 03:40:31.401,0.88127,0.88147,2.55,1.43
2012.12.10 03:40:43.508,0.88127,0.88147,2.18,1.80
2012.12.10 03:40:44.192,0.88127,0.88147,2.18,1.80
2012.12.10 03:40:48.615,0.88126,0.88146,1.50,1.43
2012.12.10 03:41:02.116,0.88129,0.88146,1.50,1.43
2012.12.10 03:41:06.016,0.8813,0.88149,1.50,1.43
2012.12.10 03:41:06.751,0.88131,0.8815,1.88,1.43
2012.12.10 03:41:26.365,0.88131,0.88152,1.88,1.99
2012.12.10 03:41:29.725,0.88131,0.88152,1.13,1.43
2012.12.10 03:41:33.428,0.88129,0.88148,1.13,1.43
2012.12.10 03:41:34.945,0.88127,0.88148,1.88,1.43
2012.12.10 03:41:38.356,0.8813,0.88148,1.50,1.43
2012.12.10 03:41:40.767,0.88127,0.88148,2.10,1.43
2012.12.10 03:41:41.316,0.8813,0.88148,1.50,1.43
2012.12.10 03:41:49.676,0.88126,0.88148,2.10,1.43
2012.12.10 03:41:54.605,0.88127,0.88148,2.18,2.37
2012.12.10 03:41:54.905,0.88126,0.88144,1.50,1.43
2012.12.10 03:41:55.085,0.88125,0.88144,1.13,1.43
2012.12.10 03:42:00.052,0.88126,0.88149,2.18,2.93
2012.12.10 03:42:00.355,0.88127,0.88149,1.13,2.18
2012.12.10 03:42:11.206,0.88128,0.88149,1.13,2.18
2012.12.10 03:42:24.510,0.88128,0.8815,2.18,2.18
2012.12.10 03:42:36.836,0.88131,0.8815,1.50,2.18
2012.12.10 03:43:00.739,0.88129,0.88149,2.93,1.13
2012.12.10 03:43:02.407,0.88129,0.88149,2.93,2.55
2012.12.10 03:43:06.236,0.88129,0.88149,2.93,2.74
2012.12.10 03:43:06.608,0.88129,0.88148,2.18,1.32
2012.12.10 03:43:06.675,0.88129,0.88148,2.18,1.32
2012.12.10 03:43:13.805,0.88129,0.88148,1.43,1.32
2012.12.10 03:43:16.955,0.88125,0.88145,2.18,1.43
2012.12.10 03:43:17.015,0.88125,0.88145,2.18,1.43
2012.12.10 03:43:33.765,0.88125,0.88145,2.18,1.80
2012.12.10 03:43:33.945,0.88125,0.88145,2.18,1.43
2012.12.10 03:43:34.667,0.88125,0.88145,2.18,1.43
2012.12.10 03:43:54.726,0.88122,0.88143,3.30,1.13
2012.12.10 03:44:02.055,0.88123,0.88143,2.18,2.18
2012.12.10 03:44:07.077,0.88125,0.88145,2.18,1.80
2012.12.10 03:44:23.716,0.88125,0.88148,2.18,3.15
2012.12.10 03:44:24.055,0.88125,0.88148,2.18,3.15
2012.12.10 03:44:31.846,0.88127,0.88145,1.50,1.80
2012.12.10 03:44:38.096,0.88125,0.88145,2.18,1.80
2012.12.10 03:44:38.336,0.88125,0.88145,2.18,1.65
2012.12.10 03:44:50.526,0.88122,0.88142,2.18,1.13
2012.12.10 03:44:50.731,0.88122,0.88142,2.18,1.13
2012.12.10 03:44:55.797,0.88121,0.88138,1.50,1.43
2012.12.10 03:44:56.036,0.8812,0.88138,0.85,1.43
2012.12.10 03:45:08.307,0.8812,0.88133,0.85,1.80
2012.12.10 03:45:08.545,0.8812,0.88135,0.10,1.80
2012.12.10 03:45:10.236,0.8812,0.88138,2.00,1.32
2012.12.10 03:45:13.837,0.8812,0.88138,2.00,3.00
2012.12.10 03:45:13.897,0.8812,0.88138,2.00,3.23
2012.12.10 03:45:14.496,0.8812,0.88138,0.10,1.35
2012.12.10 03:45:28.146,0.8812,0.88141,0.85,1.13
2012.12.10 03:45:28.798,0.8812,0.88143,0.85,4.32
2012.12.10 03:45:32.436,0.8812,0.88143,0.85,2.93
2012.12.10 03:45:32.787,0.8812,0.88138,0.85,1.13
2012.12.10 03:45:33.450,0.8812,0.88138,0.85,1.13
2012.12.10 03:45:34.196,0.88121,0.88139,2.93,1.50
2012.12.10 03:45:34.316,0.88121,0.88142,2.93,1.73
2012.12.10 03:45:49.880,0.88121,0.88142,2.18,1.73
2012.12.10 03:45:55.183,0.88121,0.88142,2.18,1.73
2012.12.10 03:45:55.545,0.88121,0.88143,2.93,2.37
2012.12.10 03:45:55.736,0.88122,0.88143,1.50,2.37
2012.12.10 03:45:56.283,0.88125,0.88145,2.18,1.32
2012.12.10 03:45:57.007,0.88125,0.88145,2.18,1.13
2012.12.10 03:45:57.316,0.88122,0.88144,2.40,1.13
2012.12.10 03:45:57.620,0.88122,0.88145,2.40,2.55
2012.12.10 03:45:57.866,0.88122,0.88145,1.50,2.55
2012.12.10 03:45:57.926,0.88122,0.88145,1.50,2.18
2012.12.10 03:45:58.629,0.88122,0.88145,1.88,1.80
2012.12.10 03:45:59.227,0.88126,0.88146,1.43,1.43
2012.12.10 03:45:59.961,0.88126,0.88146,2.18,1.80
2012.12.10 03:46:08.436,0.88126,0.88146,2.18,2.18
2012.12.10 03:46:08.796,0.88122,0.88145,1.13,1.43
2012.12.10 03:46:27.567,0.88124,0.88146,2.18,2.03
2012.12.10 03:46:29.597,0.88121,0.88147,2.55,3.30
2012.12.10 03:46:29.667,0.88121,0.88146,2.55,1.13
2012.12.10 03:46:29.847,0.88121,0.88144,2.55,1.35
2012.12.10 03:46:39.957,0.88121,0.88145,2.55,3.15
2012.12.10 03:46:40.086,0.88121,0.88145,2.55,1.43
2012.12.10 03:46:59.974,0.88125,0.88147,2.18,3.23
2012.12.10 03:47:11.896,0.88125,0.88147,2.18,1.80
2012.12.10 03:47:13.123,0.88125,0.88147,2.18,1.80
2012.12.10 03:47:15.784,0.88125,0.88147,2.18,2.18
2012.12.10 03:47:15.983,0.88125,0.88147,2.18,3.34
2012.12.10 03:47:23.718,0.88125,0.88147,2.18,2.03
2012.12.10 03:47:23.787,0.88125,0.88147,2.18,1.80
2012.12.10 03:47:23.847,0.88125,0.88147,2.18,1.80
2012.12.10 03:47:28.608,0.88125,0.88147,2.18,1.43
2012.12.10 03:47:29.394,0.88125,0.88147,2.18,1.43
2012.12.10 03:47:31.248,0.88125,0.88147,2.18,2.18
2012.12.10 03:47:31.317,0.88125,0.88147,2.18,2.18
2012.12.10 03:47:31.438,0.8813,0.88148,1.43,1.13
2012.12.10 03:47:31.508,0.88125,0.88148,2.18,1.35
2012.12.10 03:47:31.788,0.88125,0.88148,2.18,1.35
2012.12.10 03:47:31.860,0.88125,0.88148,2.18,1.35
2012.12.10 03:47:32.526,0.88125,0.88148,2.18,1.35
2012.12.10 03:47:34.750,0.88125,0.88148,2.18,1.35
2012.12.10 03:47:35.316,0.88125,0.88148,2.18,1.13
2012.12.10 03:47:48.656,0.88125,0.88148,2.18,2.48
2012.12.10 03:47:48.896,0.88125,0.88148,2.18,2.25
2012.12.10 03:48:19.556,0.88125,0.88148,2.18,2.40
2012.12.10 03:48:20.133,0.88125,0.88148,2.18,3.90
2012.12.10 03:48:23.815,0.88125,0.88148,2.18,2.78
2012.12.10 03:48:30.177,0.88125,0.88148,2.18,2.78
2012.12.10 03:48:33.498,0.88125,0.88146,2.18,1.43
2012.12.10 03:48:34.060,0.88124,0.88146,1.13,1.43
2012.12.10 03:48:39.175,0.88125,0.88146,2.40,1.43
2012.12.10 03:48:39.236,0.88125,0.88148,2.40,1.80
2012.12.10 03:48:40.523,0.88125,0.88148,2.18,1.80
2012.12.10 03:48:40.855,0.88125,0.88148,2.18,1.80
2012.12.10 03:48:44.117,0.88125,0.88148,2.18,1.80
2012.12.10 03:48:44.919,0.88125,0.88148,2.55,1.80
2012.12.10 03:48:46.646,0.88126,0.88148,1.50,2.18
2012.12.10 03:48:51.126,0.88126,0.88148,1.50,1.80
2012.12.10 03:49:01.716,0.88129,0.88152,3.68,2.18
2012.12.10 03:49:01.836,0.88129,0.88152,2.55,1.43
2012.12.10 03:49:02.457,0.88132,0.88152,1.50,1.43
2012.12.10 03:49:02.696,0.88132,0.88152,1.50,1.80
2012.12.10 03:49:06.346,0.88131,0.88152,1.50,2.55
2012.12.10 03:49:13.798,0.8813,0.88152,1.50,3.53
2012.12.10 03:49:14.423,0.88132,0.88152,1.50,3.53
2012.12.10 03:49:15.506,0.88132,0.88152,1.50,1.80
2012.12.10 03:49:33.836,0.88132,0.88151,1.50,1.80
2012.12.10 03:49:39.246,0.88132,0.88153,1.50,1.43
2012.12.10 03:49:39.547,0.88132,0.88153,1.50,1.80
2012.12.10 03:49:44.000,0.88132,0.88153,1.50,2.03
2012.12.10 03:50:03.849,0.88132,0.88153,1.50,2.03
2012.12.10 03:50:04.506,0.88132,0.88153,1.50,2.03
2012.12.10 03:50:09.996,0.88131,0.88153,2.93,2.03
2012.12.10 03:50:10.355,0.88135,0.88155,2.18,1.35
2012.12.10 03:50:10.657,0.88138,0.88158,2.18,1.35
2012.12.10 03:50:11.397,0.88138,0.88156,1.43,1.35
2012.12.10 03:50:11.697,0.88131,0.88152,2.93,1.80
2012.12.10 03:50:11.817,0.88131,0.88152,2.93,2.03
2012.12.10 03:50:12.056,0.88129,0.88148,1.35,1.43
2012.12.10 03:50:12.656,0.88127,0.88148,2.18,1.43
2012.12.10 03:50:18.107,0.88131,0.88148,1.50,1.43
2012.12.10 03:50:18.936,0.88128,0.88148,1.13,1.43
2012.12.10 03:50:32.926,0.88128,0.8815,2.55,1.65
2012.12.10 03:50:33.487,0.88131,0.8815,1.50,1.65
2012.12.10 03:50:34.341,0.88128,0.8815,2.55,1.65
2012.12.10 03:50:40.231,0.88128,0.8815,2.18,1.65
2012.12.10 03:50:46.560,0.88131,0.8815,1.50,2.22
2012.12.10 03:50:46.807,0.88128,0.8815,2.18,2.22
2012.12.10 03:50:48.702,0.88126,0.88145,1.50,1.43
2012.12.10 03:50:48.770,0.88124,0.88145,3.68,1.43
2012.12.10 03:50:48.957,0.88124,0.88145,2.55,2.18
2012.12.10 03:50:49.019,0.88124,0.88143,1.13,1.43
2012.12.10 03:50:49.327,0.88122,0.88142,1.50,1.43
2012.12.10 03:50:49.825,0.8812,0.88141,2.05,3.53
2012.12.10 03:50:50.337,0.8812,0.88137,2.05,1.43
2012.12.10 03:50:50.647,0.8812,0.88135,0.10,1.65
2012.12.10 03:50:50.769,0.8812,0.88134,0.10,1.13
2012.12.10 03:50:51.467,0.8812,0.88133,0.10,2.18
2012.12.10 03:50:56.409,0.8812,0.88131,0.10,2.18
2012.12.10 03:50:56.780,0.8812,0.88131,0.10,1.65
2012.12.10 03:50:57.208,0.8812,0.88133,0.10,1.50
2012.12.10 03:51:07.547,0.8812,0.88133,0.10,1.35
2012.12.10 03:51:21.967,0.8812,0.88134,0.10,2.03
2012.12.10 03:51:31.776,0.8812,0.88131,0.10,2.03
2012.12.10 03:51:35.555,0.8812,0.88131,0.10,1.43
2012.12.10 03:51:47.866,0.8812,0.88133,0.10,2.78
2012.12.10 03:52:05.889,0.8812,0.88134,0.10,1.43
2012.12.10 03:52:08.917,0.8812,0.88135,0.10,2.22
2012.12.10 03:52:12.939,0.8812,0.88133,0.10,2.03
2012.12.10 03:52:20.857,0.8812,0.88133,0.10,2.22
2012.12.10 03:52:21.491,0.8812,0.88133,0.10,2.74
2012.12.10 03:52:28.977,0.8812,0.88132,0.10,1.43
2012.12.10 03:52:35.496,0.8812,0.88134,0.85,1.43
2012.12.10 03:52:35.557,0.8812,0.88135,0.10,1.80
2012.12.10 03:52:42.789,0.8812,0.88135,0.85,1.80
2012.12.10 03:52:43.898,0.8812,0.88135,1.85,1.80
2012.12.10 03:52:45.599,0.8812,0.88135,1.85,1.80
2012.12.10 03:52:47.268,0.8812,0.88135,1.85,1.80
2012.12.10 03:52:55.953,0.8812,0.88135,0.85,1.43
2012.12.10 03:52:56.020,0.8812,0.88137,0.85,1.43
2012.12.10 03:52:58.067,0.8812,0.88137,0.10,1.84
2012.12.10 03:53:03.398,0.8812,0.88137,0.85,1.65
2012.12.10 03:53:17.850,0.8812,0.88137,0.10,3.30
2012.12.10 03:53:18.178,0.8812,0.88137,0.85,2.55
2012.12.10 03:53:20.957,0.8812,0.88137,0.10,2.78
2012.12.10 03:53:24.768,0.8812,0.88137,0.85,2.55
2012.12.10 03:53:30.438,0.8812,0.88132,0.85,1.43
2012.12.10 03:53:36.339,0.8812,0.88132,0.10,1.43
2012.12.10 03:53:51.887,0.8812,0.88134,0.10,1.35
2012.12.10 03:53:52.937,0.8812,0.88134,0.10,1.35
2012.12.10 03:53:56.719,0.8812,0.88135,0.10,1.84
2012.12.10 03:53:57.383,0.8812,0.88132,0.10,1.13
2012.12.10 03:54:04.469,0.8812,0.88135,0.10,2.22
2012.12.10 03:54:17.007,0.8812,0.88134,0.10,1.17
2012.12.10 03:54:23.652,0.8812,0.88135,0.10,2.59
2012.12.10 03:54:24.334,0.8812,0.88135,0.10,3.87
2012.12.10 03:54:32.538,0.8812,0.88135,0.10,2.59
2012.12.10 03:54:32.598,0.8812,0.88135,0.10,2.22
2012.12.10 03:54:32.722,0.8812,0.88135,0.10,2.22
2012.12.10 03:54:33.237,0.8812,0.88134,0.10,1.69
2012.12.10 03:54:33.702,0.8812,0.88134,0.10,2.78
2012.12.10 03:54:39.087,0.8812,0.88134,0.10,1.80
2012.12.10 03:54:39.148,0.8812,0.88134,0.10,1.65
2012.12.10 03:54:39.267,0.8812,0.88135,0.10,1.43
2012.12.10 03:54:39.868,0.8812,0.88132,0.10,1.43
2012.12.10 03:54:40.468,0.8812,0.88132,0.10,1.80
2012.12.10 03:54:41.808,0.8812,0.88132,0.10,2.40
2012.12.10 03:54:41.876,0.8812,0.88132,0.10,2.40
2012.12.10 03:54:47.776,0.8812,0.88133,0.10,1.88
2012.12.10 03:54:58.066,0.8812,0.88133,0.10,1.88
2012.12.10 03:54:59.687,0.8812,0.88133,0.10,1.88
2012.12.10 03:55:09.308,0.8812,0.88133,0.10,2.55
2012.12.10 03:55:16.577,0.8812,0.88133,0.10,3.30
2012.12.10 03:55:26.310,0.8812,0.88133,0.10,3.30
2012.12.10 03:55:26.827,0.8812,0.88133,0.10,4.99
2012.12.10 03:55:27.199,0.8812,0.88132,0.10,1.58
2012.12.10 03:55:29.617,0.8812,0.88133,0.10,1.88
2012.12.10 03:55:30.127,0.8812,0.88134,0.10,2.78
2012.12.10 03:55:30.629,0.8812,0.88134,0.10,3.68
2012.12.10 03:55:31.477,0.8812,0.88134,0.10,1.88
2012.12.10 03:55:51.956,0.8812,0.88131,0.10,1.43
2012.12.10 03:55:52.278,0.8812,0.88131,0.10,2.18
2012.12.10 03:55:52.836,0.8812,0.88129,0.10,2.18
2012.12.10 03:56:10.028,0.8812,0.88131,0.10,1.17
2012.12.10 03:56:10.889,0.8812,0.88132,0.10,2.55
2012.12.10 03:56:11.198,0.8812,0.88131,0.10,1.69
2012.12.10 03:56:11.854,0.8812,0.8813,0.10,1.54
2012.12.10 03:56:15.509,0.8812,0.8813,0.10,2.59
2012.12.10 03:56:37.122,0.8812,0.88129,0.10,1.69
2012.12.10 03:56:53.619,0.8812,0.88129,0.10,1.13
2012.12.10 03:57:04.439,0.8812,0.88129,0.10,1.88
2012.12.10 03:57:05.167,0.8812,0.88131,0.10,2.40
2012.12.10 03:57:06.418,0.8812,0.88127,0.10,1.80
2012.12.10 03:57:06.869,0.8812,0.88127,0.10,2.18
2012.12.10 03:57:10.237,0.8812,0.88126,0.10,1.35
2012.12.10 03:57:10.697,0.8812,0.88127,0.10,2.03
2012.12.10 03:57:11.308,0.8812,0.88127,0.10,2.22
2012.12.10 03:57:16.257,0.8812,0.88127,0.10,2.22
2012.12.10 03:57:16.782,0.8812,0.88127,0.10,2.22
2012.12.10 03:57:17.147,0.8812,0.88127,0.10,1.65
2012.12.10 03:57:21.088,0.8812,0.88123,0.10,2.37
2012.12.10 03:57:21.821,0.8812,0.88122,0.10,1.73
2012.12.10 03:57:22.842,0.8812,0.88122,0.10,1.17
2012.12.10 03:57:28.067,0.8812,0.88122,0.10,1.73
2012.12.10 03:57:28.271,0.88099,0.88119,2.55,2.40
2012.12.10 03:57:29.347,0.88099,0.88119,2.55,2.18
2012.12.10 03:57:29.741,0.881,0.88119,1.50,1.43
2012.12.10 03:57:31.009,0.88099,0.88119,2.55,2.18
2012.12.10 03:57:31.458,0.88099,0.88119,2.55,2.40
2012.12.10 03:57:32.607,0.88099,0.88115,1.43,1.35
2012.12.10 03:57:33.548,0.88097,0.88115,1.50,1.13
2012.12.10 03:57:33.619,0.88097,0.88116,2.25,1.80
2012.12.10 03:57:43.289,0.88096,0.88116,1.50,1.43
2012.12.10 03:57:44.089,0.88097,0.88116,1.50,1.65
2012.12.10 03:57:50.198,0.88097,0.88116,1.50,1.43
2012.12.10 03:57:51.747,0.88097,0.88116,1.50,1.43
2012.12.10 03:57:52.510,0.88097,0.88116,1.88,1.43
2012.12.10 03:57:53.852,0.88097,0.88118,3.30,2.40
2012.12.10 03:57:55.848,0.88097,0.88118,3.68,2.18
2012.12.10 03:58:02.028,0.88099,0.88118,1.13,2.40
2012.12.10 03:58:03.069,0.881,0.88118,1.13,2.18
2012.12.10 03:58:06.199,0.88101,0.88118,1.13,2.18
2012.12.10 03:58:06.537,0.88099,0.88118,1.13,2.18
2012.12.10 03:58:08.088,0.88098,0.88118,2.25,2.18
2012.12.10 03:58:08.277,0.88097,0.88114,2.25,1.43
2012.12.10 03:58:08.518,0.88097,0.88118,1.50,2.37
2012.12.10 03:58:08.947,0.88097,0.88118,3.00,2.37
2012.12.10 03:58:09.268,0.88101,0.88121,2.93,1.62
2012.12.10 03:58:11.569,0.88102,0.88122,2.18,2.03
2012.12.10 03:58:13.318,0.88102,0.88122,2.93,2.03
2012.12.10 03:58:14.628,0.88102,0.88122,2.93,1.43
2012.12.10 03:58:14.948,0.88102,0.88122,3.68,1.43
2012.12.10 03:58:16.289,0.88104,0.88122,1.13,1.43
2012.12.10 03:58:16.509,0.88104,0.88122,1.50,1.43
2012.12.10 03:58:23.437,0.88103,0.88122,1.50,1.43
2012.12.10 03:58:23.557,0.88103,0.88122,1.50,2.37
2012.12.10 03:58:23.878,0.88102,0.88122,2.93,2.18
2012.12.10 03:58:24.468,0.88103,0.88122,1.50,1.43
2012.12.10 03:58:29.867,0.88104,0.88125,2.55,2.18
2012.12.10 03:58:32.853,0.88104,0.88125,2.55,2.18
2012.12.10 03:58:32.987,0.88104,0.88125,2.55,2.18
2012.12.10 03:58:33.208,0.88104,0.88125,2.55,2.18
2012.12.10 03:58:36.278,0.88104,0.88125,2.55,2.18
2012.12.10 03:58:36.578,0.88104,0.88125,3.30,2.18
2012.12.10 03:58:43.876,0.88104,0.88125,2.55,2.55
2012.12.10 03:58:44.266,0.88104,0.88125,2.55,2.55
2012.12.10 03:58:56.196,0.88104,0.88125,2.93,2.55
2012.12.10 03:58:56.557,0.88104,0.88125,2.93,2.55
2012.12.10 03:58:57.140,0.88105,0.88125,1.50,1.80
2012.12.10 03:59:30.988,0.88105,0.88124,1.50,1.43
2012.12.10 03:59:36.209,0.88107,0.88124,1.13,1.43
2012.12.10 03:59:37.408,0.88104,0.88124,2.25,1.43
2012.12.10 03:59:38.289,0.88104,0.88124,1.50,2.18
2012.12.10 03:59:38.417,0.88104,0.8812,1.50,1.43
2012.12.10 03:59:38.848,0.88101,0.8812,2.63,1.43
2012.12.10 03:59:38.968,0.88101,0.8812,2.63,3.30
2012.12.10 03:59:39.329,0.88096,0.88118,3.23,2.55
2012.12.10 03:59:39.459,0.88096,0.88118,2.25,2.78
2012.12.10 03:59:40.249,0.88093,0.88113,1.88,1.43
2012.12.10 03:59:42.760,0.88094,0.88113,1.13,1.43
2012.12.10 03:59:59.746,0.88094,0.88114,1.13,1.43
