2018.01.23 21:00:01.107,1.1514,1.15154,0.75,0.37
2018.01.23 21:00:02.121,1.15144,1.15154,0.82,0.37
2018.01.23 21:00:02.176,1.15145,1.15159,1.12,0.75
2018.01.23 21:00:02.381,1.15148,1.15161,0.94,0.37
2018.01.23 21:00:02.486,1.15151,1.15166,0.19,1.95
2018.01.23 21:00:05.381,1.15153,1.15166,0.19,0.94
2018.01.23 21:00:05.884,1.15152,1.15167,0.19,1.31
2018.01.23 21:00:06.410,1.15151,1.15166,1.57,0.75
2018.01.23 21:00:06.953,1.1515,1.15165,2.06,0.75
2018.01.23 21:00:07.475,1.15151,1.15166,0.75,1.69
2018.01.23 21:00:07.784,1.15153,1.15166,0.75,0.94
2018.01.23 21:00:08.307,1.15151,1.15166,1.57,0.19
2018.01.23 21:00:08.857,1.15152,1.15166,0.75,1.69
2018.01.23 21:00:09.011,1.1515,1.15166,1.20,0.94
2018.01.23 21:00:09.604,1.15151,1.15166,0.75,0.94
2018.01.23 21:00:10.111,1.1515,1.15166,1.31,0.94
2018.01.23 21:00:10.625,1.1515,1.15165,1.57,0.75
2018.01.23 21:00:10.779,1.15152,1.15165,0.75,0.75
2018.01.23 21:00:11.304,1.15152,1.15166,1.50,0.19
2018.01.23 21:00:15.651,1.15152,1.15167,1.69,1.12
2018.01.23 21:00:16.134,1.1515,1.15165,1.12,1.69
2018.01.23 21:00:17.438,1.15155,1.15167,0.75,0.56
2018.01.23 21:00:17.491,1.15155,1.1517,1.31,1.60
2018.01.23 21:00:18.021,1.15156,1.1517,0.75,2.60
2018.01.23 21:00:20.195,1.15158,1.1517,0.75,0.60
2018.01.23 21:00:20.246,1.15156,1.1517,0.75,1.85
2018.01.23 21:00:20.793,1.15155,1.15169,1.12,0.19
2018.01.23 21:00:21.834,1.15155,1.15168,0.75,0.75
2018.01.23 21:00:22.346,1.15154,1.15168,0.75,0.94
2018.01.23 21:00:23.300,1.15153,1.15168,0.26,1.50
2018.01.23 21:00:24.354,1.15153,1.15167,0.19,0.75
2018.01.23 21:00:24.863,1.15152,1.15168,0.94,2.44
2018.01.23 21:00:24.969,1.15151,1.15163,1.01,0.75
2018.01.23 21:00:25.073,1.15151,1.15165,0.94,1.57
2018.01.23 21:00:25.746,1.15151,1.15164,0.19,1.50
2018.01.23 21:00:26.803,1.15151,1.15163,0.19,0.75
2018.01.23 21:00:28.891,1.15151,1.15164,0.19,1.69
2018.01.23 21:00:31.423,1.15151,1.15165,0.56,0.75
2018.01.23 21:00:35.627,1.15154,1.15165,0.19,0.75
2018.01.23 21:00:40.239,1.15155,1.15165,0.19,0.75
2018.01.23 21:00:41.272,1.15155,1.15166,0.19,2.14
2018.01.23 21:00:42.800,1.15151,1.15165,0.56,0.10
2018.01.23 21:00:43.308,1.15151,1.15166,0.56,2.14
2018.01.23 21:00:43.634,1.15151,1.15164,0.56,0.75
2018.01.23 21:00:44.243,1.15151,1.15165,1.31,1.50
2018.01.23 21:00:44.948,1.15151,1.15166,0.56,2.06
2018.01.23 21:00:45.652,1.15151,1.15165,0.56,0.75
2018.01.23 21:00:46.490,1.15151,1.15164,0.56,0.75
2018.01.23 21:00:47.640,1.15151,1.15165,0.19,0.75
2018.01.23 21:00:48.733,1.15151,1.15164,0.19,0.75
2018.01.23 21:00:50.095,1.15152,1.15164,0.75,0.94
2018.01.23 21:00:50.249,1.15157,1.1517,0.56,0.10
2018.01.23 21:00:57.589,1.15159,1.1517,0.75,0.10
2018.01.23 21:00:58.776,1.15158,1.1517,0.75,0.10
2018.01.23 21:00:59.291,1.15159,1.1517,0.75,0.10
2018.01.23 21:01:04.327,1.15158,1.1517,0.75,0.10
2018.01.23 21:01:04.846,1.15157,1.1517,0.56,0.10
2018.01.23 21:01:05.381,1.15158,1.1517,0.37,0.10
2018.01.23 21:01:08.206,1.15159,1.1517,0.75,0.10
2018.01.23 21:01:08.776,1.15158,1.1517,1.12,0.10
2018.01.23 21:01:10.438,1.15159,1.1517,0.75,0.10
2018.01.23 21:01:12.282,1.15158,1.1517,1.12,0.10
2018.01.23 21:01:15.609,1.15159,1.1517,0.75,0.10
2018.01.23 21:01:20.345,1.15158,1.1517,1.12,0.10
2018.01.23 21:01:26.062,1.15157,1.1517,2.44,0.10
2018.01.23 21:01:26.574,1.15158,1.1517,0.75,0.10
2018.01.23 21:01:28.184,1.15157,1.1517,2.51,0.10
2018.01.23 21:01:28.758,1.15158,1.1517,0.94,0.10
2018.01.23 21:01:30.783,1.15159,1.1517,0.75,0.10
2018.01.23 21:01:33.962,1.15158,1.1517,0.75,0.10
2018.01.23 21:01:41.313,1.15161,1.1517,0.75,0.10
2018.01.23 21:01:44.212,1.1516,1.1517,1.50,0.10
2018.01.23 21:01:44.758,1.15161,1.1517,0.75,0.10
2018.01.23 21:01:45.961,1.1516,1.1517,2.44,0.10
2018.01.23 21:01:49.789,1.15162,1.1517,1.69,0.10
2018.01.23 21:01:50.295,1.15163,1.1517,0.94,0.10
2018.01.23 21:01:50.735,1.15165,1.1517,0.75,0.10
2018.01.23 21:02:00.321,1.15166,1.1517,0.75,0.10
2018.01.23 21:02:01.437,1.15167,1.1517,0.37,0.10
2018.01.23 21:02:13.583,1.15165,1.1517,0.37,0.10
2018.01.23 21:02:13.796,1.15161,1.1517,0.19,0.10
2018.01.23 21:02:22.376,1.1516,1.1517,0.37,0.10
2018.01.23 21:02:30.273,1.15159,1.1517,0.37,0.10
2018.01.23 21:02:36.648,1.15161,1.1517,0.75,0.10
2018.01.23 21:02:43.880,1.1516,1.1517,0.75,0.10
2018.01.23 21:02:49.282,1.15161,1.1517,0.75,0.10
2018.01.23 21:02:50.355,1.1516,1.1517,0.37,0.10
2018.01.23 21:02:58.632,1.15161,1.1517,0.75,0.10
2018.01.23 21:02:59.170,1.15162,1.1517,0.75,0.10
2018.01.23 21:03:02.519,1.15161,1.1517,1.12,0.10
2018.01.23 21:03:03.525,1.15162,1.1517,0.75,0.10
2018.01.23 21:03:04.057,1.15161,1.1517,1.12,0.10
2018.01.23 21:03:04.665,1.15162,1.1517,0.75,0.10
2018.01.23 21:03:05.758,1.15161,1.1517,1.12,0.10
2018.01.23 21:03:16.482,1.15162,1.1517,0.75,0.10
2018.01.23 21:03:19.730,1.15161,1.1517,1.12,0.10
2018.01.23 21:03:20.731,1.15162,1.1517,0.75,0.10
2018.01.23 21:03:21.357,1.15161,1.1517,1.12,0.10
2018.01.23 21:03:22.343,1.15159,1.1517,0.56,0.10
2018.01.23 21:03:38.636,1.1516,1.15167,0.75,0.75
2018.01.23 21:03:38.688,1.15157,1.15166,0.37,0.75
2018.01.23 21:03:38.741,1.15151,1.15162,1.50,0.19
2018.01.23 21:03:38.797,1.15148,1.15156,1.69,0.19
2018.01.23 21:03:38.912,1.15143,1.15154,0.75,0.75
2018.01.23 21:03:39.116,1.15141,1.15154,1.50,0.26
2018.01.23 21:03:39.169,1.15143,1.15154,0.75,0.19
2018.01.23 21:03:39.641,1.15143,1.15156,0.75,0.26
2018.01.23 21:03:39.796,1.15142,1.15158,0.82,0.75
2018.01.23 21:03:39.849,1.15146,1.15158,0.37,0.75
2018.01.23 21:03:39.901,1.15146,1.1516,1.31,0.94
2018.01.23 21:03:40.404,1.15146,1.15161,1.31,1.31
2018.01.23 21:03:41.923,1.15146,1.1516,0.56,0.75
2018.01.23 21:03:41.976,1.15146,1.15158,0.37,0.19
2018.01.23 21:03:42.079,1.15146,1.1516,0.37,0.82
2018.01.23 21:03:43.171,1.15146,1.15157,0.37,0.75
2018.01.23 21:03:43.223,1.15143,1.15157,0.45,0.75
2018.01.23 21:03:43.752,1.15142,1.15157,1.69,0.82
2018.01.23 21:03:44.261,1.15143,1.15157,0.75,1.01
2018.01.23 21:03:44.531,1.15142,1.15155,0.75,0.19
2018.01.23 21:03:45.732,1.15141,1.15152,0.37,0.75
2018.01.23 21:03:46.541,1.15141,1.15155,0.19,0.56
2018.01.23 21:03:46.645,1.15143,1.15155,0.94,0.56
2018.01.23 21:03:47.277,1.15144,1.15155,0.37,0.19
2018.01.23 21:03:48.230,1.15144,1.15156,0.37,0.19
2018.01.23 21:03:48.550,1.15144,1.15149,0.37,0.75
2018.01.23 21:03:48.603,1.15139,1.15149,0.37,1.50
2018.01.23 21:03:48.655,1.15132,1.15146,1.50,0.94
2018.01.23 21:03:49.254,1.15131,1.15145,0.75,0.37
2018.01.23 21:03:50.614,1.15129,1.15143,0.19,1.31
2018.01.23 21:03:50.667,1.15127,1.15143,0.19,0.56
2018.01.23 21:03:50.719,1.15126,1.15138,0.56,0.75
2018.01.23 21:03:51.278,1.15125,1.15139,0.94,0.75
2018.01.23 21:03:52.889,1.15125,1.1514,0.94,2.44
2018.01.23 21:03:53.508,1.15126,1.1514,0.19,1.69
2018.01.23 21:03:56.492,1.15127,1.1514,0.37,0.94
2018.01.23 21:03:56.959,1.15127,1.15142,0.94,1.50
2018.01.23 21:03:57.477,1.15128,1.15142,0.94,0.75
2018.01.23 21:03:57.982,1.15129,1.15143,0.37,0.19
2018.01.23 21:03:58.498,1.1513,1.15144,0.10,1.31
2018.01.23 21:03:59.210,1.15129,1.15144,0.45,1.87
2018.01.23 21:03:59.262,1.15129,1.15142,0.45,1.12
2018.01.23 21:03:59.565,1.15128,1.1514,0.75,0.75
2018.01.23 21:03:59.742,1.15129,1.15143,0.37,0.82
2018.01.23 21:04:00.698,1.15129,1.15142,0.37,0.19
2018.01.23 21:04:01.341,1.15129,1.15143,0.37,1.12
2018.01.23 21:04:02.090,1.15129,1.15144,1.12,1.12
2018.01.23 21:04:02.192,1.15132,1.15145,0.37,0.75
2018.01.23 21:04:02.419,1.15135,1.15149,0.19,0.94
2018.01.23 21:04:02.778,1.15138,1.15149,0.19,0.94
2018.01.23 21:04:02.830,1.15135,1.15149,0.19,0.94
2018.01.23 21:04:03.337,1.15134,1.15149,1.29,1.87
2018.01.23 21:04:03.545,1.15137,1.15149,1.19,1.44
2018.01.23 21:04:03.649,1.15136,1.15148,1.00,1.25
2018.01.23 21:04:04.293,1.15137,1.15151,1.44,1.57
2018.01.23 21:04:04.549,1.15138,1.15152,1.31,1.25
2018.01.23 21:04:04.703,1.15141,1.15153,1.19,1.12
2018.01.23 21:04:05.244,1.15141,1.15155,1.19,1.12
2018.01.23 21:04:05.449,1.1514,1.15154,1.31,1.00
2018.01.23 21:04:05.777,1.15142,1.15155,1.19,1.44
2018.01.23 21:04:06.233,1.15141,1.15153,1.25,1.00
2018.01.23 21:04:06.340,1.15137,1.15152,1.95,1.87
2018.01.23 21:04:08.164,1.15136,1.15151,1.75,1.44
2018.01.23 21:04:08.782,1.15136,1.15151,1.01,1.00
2018.01.23 21:04:11.702,1.1514,1.15153,1.00,1.57
2018.01.23 21:04:12.404,1.1514,1.15154,1.19,1.69
2018.01.23 21:04:17.291,1.15137,1.15151,1.87,1.00
2018.01.23 21:04:18.017,1.15137,1.15152,1.12,1.00
2018.01.23 21:04:19.762,1.15136,1.15152,1.87,1.50
2018.01.23 21:04:21.198,1.1514,1.15154,1.31,1.57
2018.01.23 21:04:21.510,1.15139,1.15155,2.06,1.31
2018.01.23 21:04:21.562,1.15142,1.15156,1.00,1.39
2018.01.23 21:04:21.666,1.15144,1.15159,1.25,1.37
2018.01.23 21:04:22.170,1.15145,1.1516,1.00,2.44
2018.01.23 21:04:24.268,1.15148,1.15164,2.06,2.89
2018.01.23 21:04:24.620,1.15148,1.15164,1.75,1.87
2018.01.23 21:04:36.601,1.15152,1.15166,1.31,1.10
2018.01.23 21:04:37.115,1.15152,1.15165,1.31,1.00
2018.01.23 21:04:39.099,1.15152,1.15166,1.31,1.01
2018.01.23 21:04:47.329,1.15151,1.15166,1.50,1.20
2018.01.23 21:04:47.874,1.15151,1.15166,1.50,1.12
2018.01.23 21:04:49.804,1.15151,1.15166,1.50,1.20
2018.01.23 21:04:52.164,1.1515,1.15165,1.00,1.69
2018.01.23 21:04:54.128,1.15149,1.15166,1.39,2.06
2018.01.23 21:04:54.344,1.15154,1.1517,1.10,2.29
2018.01.23 21:04:54.654,1.15156,1.1517,1.00,2.10
2018.01.23 21:04:55.171,1.15153,1.15169,2.51,1.69
2018.01.23 21:04:55.691,1.15153,1.15169,2.51,1.69
2018.01.23 21:04:59.144,1.15153,1.15168,1.76,1.00
2018.01.23 21:05:00.558,1.15153,1.15168,1.76,1.00
2018.01.23 21:05:01.801,1.15153,1.15169,1.00,1.26
2018.01.23 21:05:04.763,1.15153,1.15169,1.69,1.10
2018.01.23 21:05:05.403,1.15154,1.15169,1.00,1.10
2018.01.23 21:05:06.496,1.15154,1.15169,1.00,1.07
2018.01.23 21:05:07.154,1.15153,1.1517,1.69,3.92
2018.01.23 21:05:10.596,1.15153,1.15169,1.00,1.39
2018.01.23 21:05:11.154,1.15152,1.15168,1.31,1.00
2018.01.23 21:05:16.260,1.15152,1.15168,1.12,1.57
2018.01.23 21:05:16.788,1.15152,1.15168,1.12,1.20
2018.01.23 21:05:17.434,1.15152,1.15168,1.12,1.20
2018.01.23 21:05:20.489,1.15152,1.15168,1.87,1.44
2018.01.23 21:05:21.820,1.15152,1.15168,1.87,1.44
2018.01.23 21:05:25.470,1.15152,1.15168,1.75,1.20
2018.01.23 21:05:27.309,1.15151,1.15167,1.75,1.95
2018.01.23 21:05:27.361,1.1515,1.15166,1.12,1.10
2018.01.23 21:05:28.616,1.1515,1.15165,1.12,1.00
2018.01.23 21:05:29.259,1.15149,1.15167,3.37,2.70
2018.01.23 21:05:33.068,1.1515,1.15166,1.12,1.07
2018.01.23 21:05:33.645,1.1515,1.15166,1.12,1.20
2018.01.23 21:05:35.746,1.1515,1.15165,1.12,2.51
2018.01.23 21:05:36.235,1.1515,1.15165,1.12,1.32
2018.01.23 21:05:36.977,1.1515,1.15165,1.12,1.01
2018.01.23 21:05:37.359,1.15149,1.15167,3.37,2.51
2018.01.23 21:05:37.464,1.15153,1.15168,1.25,1.76
2018.01.23 21:05:38.014,1.1515,1.15167,3.37,1.32
2018.01.23 21:05:41.218,1.15152,1.15167,1.87,1.57
2018.01.23 21:05:41.323,1.15155,1.15169,1.37,2.14
2018.01.23 21:05:42.301,1.15153,1.15169,2.25,2.14
2018.01.23 21:05:42.928,1.15154,1.15169,1.50,1.20
2018.01.23 21:05:45.154,1.15153,1.15169,2.06,1.20
2018.01.23 21:05:45.666,1.15154,1.15169,1.31,1.20
2018.01.23 21:05:47.376,1.15153,1.15169,2.06,1.20
2018.01.23 21:05:48.226,1.15153,1.15169,1.56,2.14
2018.01.23 21:05:49.513,1.15154,1.15169,1.31,2.32
2018.01.23 21:05:50.083,1.15153,1.15169,1.56,2.14
2018.01.23 21:05:51.294,1.15153,1.15169,1.56,2.14
2018.01.23 21:05:54.009,1.15154,1.15169,1.31,2.70
2018.01.23 21:05:54.534,1.15154,1.15169,1.12,2.70
2018.01.23 21:05:55.072,1.15154,1.15169,1.87,1.57
2018.01.23 21:05:55.125,1.15154,1.15169,1.87,1.20
2018.01.23 21:05:57.033,1.15154,1.15169,1.12,1.20
2018.01.23 21:05:57.557,1.15154,1.15169,1.87,1.20
2018.01.23 21:06:01.421,1.15154,1.15168,1.12,1.32
2018.01.23 21:06:01.474,1.15152,1.15167,2.06,1.20
2018.01.23 21:06:01.534,1.15152,1.15167,2.44,1.00
2018.01.23 21:06:01.586,1.15155,1.15169,1.00,1.10
2018.01.23 21:06:01.637,1.15157,1.1517,1.37,0.35
2018.01.23 21:06:25.465,1.15157,1.1517,1.50,0.10
2018.01.23 21:06:26.559,1.15159,1.1517,1.19,0.10
2018.01.23 21:06:26.868,1.15163,1.1517,1.25,0.10
2018.01.23 21:06:28.331,1.15166,1.1517,1.00,0.10
2018.01.23 21:06:28.439,1.15167,1.15182,1.87,1.07
2018.01.23 21:06:28.976,1.15167,1.15183,2.62,1.07
2018.01.23 21:06:31.236,1.15167,1.15183,2.62,1.20
2018.01.23 21:06:31.340,1.15167,1.1517,1.87,0.10
2018.01.23 21:06:31.842,1.15165,1.1517,1.50,0.10
2018.01.23 21:06:36.144,1.15164,1.1517,1.87,0.10
2018.01.23 21:06:36.676,1.15165,1.1517,1.00,0.10
2018.01.23 21:06:41.837,1.15164,1.1517,1.12,0.10
2018.01.23 21:06:45.333,1.15162,1.1517,1.50,0.10
2018.01.23 21:06:53.812,1.15164,1.1517,1.19,0.10
2018.01.23 21:06:59.100,1.15165,1.1517,2.44,0.10
2018.01.23 21:06:59.610,1.15164,1.1517,4.12,0.10
2018.01.23 21:07:00.652,1.15165,1.1517,1.44,0.10
2018.01.23 21:07:09.698,1.15165,1.1517,1.00,0.10
2018.01.23 21:07:10.377,1.15163,1.1517,1.19,0.10
2018.01.23 21:07:21.810,1.15164,1.1517,1.19,0.10
2018.01.23 21:07:21.913,1.15162,1.1517,3.19,0.10
2018.01.23 21:07:22.710,1.15163,1.1517,1.19,0.10
2018.01.23 21:07:22.762,1.15162,1.1517,2.32,0.10
2018.01.23 21:07:39.966,1.15161,1.1517,2.70,0.10
2018.01.23 21:07:40.117,1.15166,1.1517,1.37,0.10
2018.01.23 21:07:40.653,1.15167,1.1517,1.31,0.10
2018.01.23 21:07:47.434,1.15167,1.1517,1.50,0.10
2018.01.23 21:07:47.962,1.15167,1.1517,1.87,0.10
2018.01.23 21:07:49.983,1.15167,1.1517,2.62,0.10
2018.01.23 21:07:53.629,1.15167,1.1517,1.76,0.10
2018.01.23 21:07:54.489,1.15168,1.1517,1.00,0.10
2018.01.23 21:07:56.404,1.15167,1.1517,1.76,0.10
2018.01.23 21:07:58.410,1.15169,1.1517,1.00,0.10
2018.01.23 21:07:58.954,1.15168,1.1517,1.25,0.10
2018.01.23 21:07:59.732,1.15169,1.1517,1.00,0.10
2018.01.23 21:08:07.565,1.15169,1.1517,1.00,0.10
2018.01.23 21:08:09.690,1.15168,1.1517,1.29,0.10
2018.01.23 21:08:17.719,1.15168,1.1517,1.10,0.10
2018.01.23 21:08:18.812,1.15169,1.1517,1.00,0.10
2018.01.23 21:08:21.026,1.15168,1.1517,1.10,0.10
2018.01.23 21:08:23.165,1.15169,1.1517,1.00,0.10
2018.01.23 21:08:28.123,1.15169,1.1517,1.25,0.10
2018.01.23 21:08:28.176,1.15172,1.15185,1.00,1.12
2018.01.23 21:08:30.890,1.15172,1.15184,1.00,1.00
2018.01.23 21:08:31.623,1.15172,1.15184,1.44,1.00
2018.01.23 21:08:31.677,1.15173,1.15186,1.31,1.12
2018.01.23 21:08:31.731,1.15175,1.15188,1.00,1.00
2018.01.23 21:08:32.358,1.15174,1.15188,1.00,1.00
2018.01.23 21:08:33.022,1.15174,1.15189,1.00,1.50
2018.01.23 21:08:39.583,1.15174,1.15188,1.00,1.00
2018.01.23 21:08:42.033,1.15174,1.15189,1.00,1.50
2018.01.23 21:08:42.372,1.15173,1.15187,1.25,1.00
2018.01.23 21:08:42.478,1.1517,1.15186,3.00,1.50
2018.01.23 21:08:47.665,1.1517,1.15187,2.25,1.87
2018.01.23 21:08:48.784,1.1517,1.15187,2.25,1.95
2018.01.23 21:08:48.892,1.1517,1.15185,1.50,1.57
2018.01.23 21:08:49.519,1.15171,1.15185,1.00,1.50
2018.01.23 21:08:50.051,1.1517,1.15186,1.50,1.75
2018.01.23 21:08:50.498,1.15172,1.15186,1.00,2.25
2018.01.23 21:08:52.651,1.15171,1.15187,1.00,2.51
2018.01.23 21:08:53.159,1.15172,1.15187,1.00,2.51
2018.01.23 21:08:55.571,1.1517,1.15186,2.51,1.75
2018.01.23 21:08:56.127,1.15171,1.15186,1.00,2.32
2018.01.23 21:08:59.624,1.1517,1.15186,2.44,2.32
2018.01.23 21:09:01.309,1.1517,1.15183,1.50,1.00
2018.01.23 21:09:07.708,1.15169,1.15183,1.39,1.12
2018.01.23 21:09:14.656,1.1517,1.15183,1.00,1.12
2018.01.23 21:09:19.690,1.15168,1.15183,1.01,1.12
2018.01.23 21:09:25.475,1.15168,1.15183,1.25,1.75
2018.01.23 21:09:26.715,1.15169,1.15183,1.00,3.00
2018.01.23 21:09:29.293,1.15168,1.15183,2.25,1.87
2018.01.23 21:09:31.158,1.15169,1.15183,1.44,1.87
2018.01.23 21:09:31.951,1.15169,1.15184,1.20,1.37
2018.01.23 21:09:34.540,1.15171,1.15184,1.00,1.37
2018.01.23 21:09:35.622,1.1517,1.15184,1.10,1.37
2018.01.23 21:09:36.124,1.1517,1.15185,1.57,1.69
2018.01.23 21:09:41.285,1.1517,1.15185,1.76,1.69
2018.01.23 21:09:41.802,1.1517,1.15186,1.07,2.44
2018.01.23 21:09:45.517,1.1517,1.15185,1.76,1.25
2018.01.23 21:09:46.054,1.15172,1.15185,1.00,1.25
2018.01.23 21:09:47.108,1.15172,1.15186,1.00,2.25
2018.01.23 21:09:48.291,1.15173,1.15186,1.00,2.25
2018.01.23 21:09:50.568,1.15176,1.15186,1.00,1.50
2018.01.23 21:09:50.671,1.15174,1.15188,1.25,1.00
2018.01.23 21:09:56.911,1.15173,1.15188,2.14,1.00
2018.01.23 21:09:57.432,1.15174,1.15188,1.00,1.50
2018.01.23 21:09:57.743,1.15172,1.15185,1.57,1.00
2018.01.23 21:09:57.846,1.15171,1.15185,1.01,1.12
2018.01.23 21:10:09.307,1.1517,1.15183,2.06,1.25
2018.01.23 21:10:10.262,1.1517,1.15182,2.06,1.00
2018.01.23 21:10:10.998,1.15169,1.15182,1.69,1.00
2018.01.23 21:10:12.758,1.1517,1.15181,1.25,1.00
2018.01.23 21:10:13.281,1.15169,1.15181,1.25,1.00
2018.01.23 21:10:13.792,1.1517,1.15184,1.87,1.19
2018.01.23 21:10:14.341,1.1517,1.15184,1.69,1.25
2018.01.23 21:10:14.859,1.15171,1.15184,1.00,1.25
2018.01.23 21:10:16.306,1.1517,1.15184,1.95,1.25
2018.01.23 21:10:18.303,1.1517,1.15184,1.95,1.25
2018.01.23 21:10:18.822,1.1517,1.15184,1.25,1.25
2018.01.23 21:10:20.647,1.1517,1.15184,1.69,1.00
2018.01.23 21:10:21.166,1.1517,1.15184,1.25,1.00
2018.01.23 21:10:21.717,1.1517,1.15184,1.69,1.00
2018.01.23 21:10:21.901,1.15169,1.15184,1.69,1.25
2018.01.23 21:10:22.861,1.1517,1.15184,1.00,1.01
2018.01.23 21:10:26.608,1.1517,1.15184,2.44,1.25
2018.01.23 21:10:27.602,1.15169,1.15184,1.69,1.25
2018.01.23 21:10:28.136,1.15169,1.15184,2.44,1.25
2018.01.23 21:10:29.428,1.15171,1.15184,1.00,1.25
2018.01.23 21:10:30.674,1.15172,1.15184,1.00,1.25
2018.01.23 21:10:31.213,1.15171,1.15184,1.25,1.25
2018.01.23 21:10:32.767,1.15172,1.15184,1.00,1.25
2018.01.23 21:10:45.729,1.15171,1.15184,1.25,1.00
2018.01.23 21:10:46.599,1.15172,1.15184,1.00,1.00
2018.01.23 21:10:50.139,1.15171,1.15184,1.00,1.25
2018.01.23 21:10:52.659,1.1517,1.15184,1.87,1.25
2018.01.23 21:10:53.173,1.1517,1.15184,1.31,1.25
2018.01.23 21:10:58.332,1.1517,1.15182,2.06,1.00
2018.01.23 21:10:58.504,1.15167,1.15181,2.44,1.00
2018.01.23 21:10:59.149,1.15168,1.15182,1.00,1.69
2018.01.23 21:10:59.652,1.15167,1.15181,1.50,1.00
2018.01.23 21:10:59.797,1.1517,1.15182,1.00,1.00
2018.01.23 21:11:00.339,1.1517,1.15183,1.12,1.00
2018.01.23 21:11:03.752,1.15171,1.15183,1.00,1.00
2018.01.23 21:11:13.022,1.15171,1.15185,1.00,1.12
2018.01.23 21:11:16.016,1.15173,1.15185,1.12,1.00
2018.01.23 21:11:18.762,1.15172,1.15185,1.00,1.25
2018.01.23 21:11:22.904,1.15171,1.15185,2.44,1.25
2018.01.23 21:11:26.975,1.15171,1.15185,2.44,1.25
2018.01.23 21:11:27.748,1.15172,1.15185,1.19,1.25
2018.01.23 21:11:28.864,1.15171,1.15185,3.26,1.25
2018.01.23 21:11:29.363,1.15168,1.15183,2.51,1.00
2018.01.23 21:11:35.621,1.15168,1.15183,1.00,1.50
2018.01.23 21:11:37.819,1.15165,1.15182,2.89,1.12
2018.01.23 21:11:38.780,1.15168,1.15182,1.69,1.12
2018.01.23 21:11:44.974,1.15169,1.15183,1.25,1.87
2018.01.23 21:11:51.725,1.15168,1.15183,1.69,1.69
2018.01.23 21:12:01.203,1.1517,1.15183,1.00,1.00
2018.01.23 21:12:01.727,1.15168,1.15183,1.69,1.00
2018.01.23 21:12:05.827,1.1517,1.15183,1.00,1.50
2018.01.23 21:12:06.385,1.15171,1.15183,1.00,1.25
2018.01.23 21:12:10.268,1.1517,1.15183,1.12,1.25
2018.01.23 21:12:17.035,1.15171,1.15183,1.00,1.87
2018.01.23 21:12:20.050,1.15173,1.15184,1.00,1.00
2018.01.23 21:12:21.976,1.15173,1.15187,2.06,1.00
2018.01.23 21:12:22.509,1.15174,1.15188,1.50,1.00
2018.01.23 21:12:29.192,1.15173,1.15187,2.25,1.00
2018.01.23 21:12:45.506,1.15173,1.15187,1.87,1.00
2018.01.23 21:12:51.258,1.15173,1.15187,1.12,1.20
2018.01.23 21:12:51.789,1.15173,1.15185,1.12,1.00
2018.01.23 21:12:56.194,1.15169,1.15183,1.12,1.00
2018.01.23 21:12:56.247,1.15168,1.15183,1.76,1.69
2018.01.23 21:12:57.034,1.15168,1.15182,1.19,1.01
2018.01.23 21:12:57.798,1.15168,1.15182,1.00,1.01
2018.01.23 21:12:58.353,1.15167,1.15182,2.06,1.10
2018.01.23 21:12:59.676,1.15167,1.15183,2.06,1.00
2018.01.23 21:12:59.730,1.15168,1.15183,1.00,1.26
2018.01.23 21:13:00.106,1.1517,1.15183,1.00,1.10
2018.01.23 21:13:00.452,1.15172,1.15185,1.69,1.00
2018.01.23 21:13:19.708,1.15174,1.15185,1.00,1.00
2018.01.23 21:13:25.702,1.15173,1.15185,1.12,1.50
2018.01.23 21:13:25.901,1.15169,1.15185,1.57,1.50
2018.01.23 21:13:28.532,1.1517,1.15184,1.12,1.00
2018.01.23 21:13:33.679,1.15173,1.15186,1.75,1.00
2018.01.23 21:13:33.840,1.15174,1.15189,1.50,1.39
2018.01.23 21:13:34.728,1.15173,1.15189,1.75,1.20
2018.01.23 21:13:39.450,1.15174,1.15188,1.50,1.12
2018.01.23 21:13:39.502,1.15173,1.15188,1.00,1.37
2018.01.23 21:13:39.658,1.15171,1.15185,1.37,1.00
2018.01.23 21:13:45.194,1.1517,1.15187,3.19,2.32
2018.01.23 21:13:46.006,1.15171,1.15185,1.37,1.00
2018.01.23 21:13:48.403,1.15171,1.15186,1.87,1.01
2018.01.23 21:13:48.713,1.15174,1.15189,1.50,1.00
2018.01.23 21:13:49.038,1.15178,1.15193,1.69,1.50
2018.01.23 21:13:49.089,1.15178,1.15193,2.44,1.00
2018.01.23 21:13:49.678,1.15179,1.15193,1.00,1.00
2018.01.23 21:13:50.339,1.1518,1.15193,1.00,1.00
2018.01.23 21:14:00.224,1.15179,1.15193,1.00,1.00
2018.01.23 21:14:10.239,1.1518,1.15193,1.00,1.00
2018.01.23 21:14:15.256,1.15179,1.15193,1.00,1.00
2018.01.23 21:14:43.717,1.15179,1.15193,1.12,1.19
2018.01.23 21:14:45.196,1.1518,1.15192,1.00,1.00
2018.01.23 21:14:45.360,1.15181,1.15195,1.00,1.25
2018.01.23 21:14:45.464,1.15183,1.15197,1.37,3.56
2018.01.23 21:14:45.793,1.15183,1.15196,1.37,1.31
2018.01.23 21:14:46.465,1.1518,1.15195,1.69,1.50
2018.01.23 21:14:50.238,1.1518,1.15194,1.57,1.25
2018.01.23 21:14:50.978,1.15179,1.15195,1.76,1.69
2018.01.23 21:14:51.891,1.1518,1.15193,1.00,1.00
2018.01.23 21:14:59.717,1.1518,1.15194,1.00,1.25
2018.01.23 21:15:00.381,1.15179,1.15194,2.25,1.00
2018.01.23 21:15:01.066,1.1518,1.15194,1.00,1.25
2018.01.23 21:15:05.029,1.15179,1.15194,1.87,1.31
2018.01.23 21:15:10.358,1.15179,1.15193,1.12,1.00
2018.01.23 21:15:23.463,1.15179,1.15194,1.12,1.25
2018.01.23 21:15:24.708,1.15179,1.15195,1.12,1.69
2018.01.23 21:15:30.404,1.15179,1.15194,1.20,1.00
2018.01.23 21:15:34.067,1.1518,1.15194,1.00,1.00
2018.01.23 21:15:34.621,1.1518,1.15195,1.25,1.69
2018.01.23 21:15:35.532,1.1518,1.15195,1.62,1.69
2018.01.23 21:15:35.585,1.15183,1.15197,1.87,1.57
2018.01.23 21:15:36.989,1.15186,1.15197,1.25,1.00
2018.01.23 21:15:37.096,1.15186,1.15201,1.69,1.00
2018.01.23 21:15:40.433,1.15187,1.15201,1.00,1.50
2018.01.23 21:16:08.475,1.15186,1.15201,1.01,1.50
2018.01.23 21:16:09.031,1.15187,1.15201,1.00,1.50
2018.01.23 21:16:15.184,1.15188,1.15201,1.00,1.50
2018.01.23 21:16:22.874,1.15187,1.15201,1.00,2.25
2018.01.23 21:16:38.008,1.15186,1.15201,1.00,1.12
2018.01.23 21:16:40.542,1.15186,1.152,1.50,1.00
2018.01.23 21:16:53.564,1.15185,1.15202,1.57,1.87
2018.01.23 21:16:54.440,1.15185,1.15202,1.39,1.87
2018.01.23 21:16:55.568,1.15186,1.15202,1.00,1.87
2018.01.23 21:17:05.465,1.15186,1.15202,1.20,1.87
2018.01.23 21:17:11.557,1.15188,1.15202,1.00,2.25
2018.01.23 21:17:12.551,1.15188,1.15205,1.44,2.32
2018.01.23 21:17:16.365,1.15188,1.15202,1.00,1.50
2018.01.23 21:17:20.820,1.15189,1.15202,1.00,1.50
2018.01.23 21:17:23.482,1.15188,1.15202,1.87,1.00
2018.01.23 21:17:24.429,1.1519,1.15202,1.00,1.00
2018.01.23 21:17:24.932,1.15189,1.15202,1.00,1.00
2018.01.23 21:17:30.645,1.15188,1.15202,1.25,1.00
2018.01.23 21:17:56.905,1.15188,1.15202,1.50,1.12
2018.01.23 21:17:57.010,1.15191,1.15205,1.00,1.87
2018.01.23 21:18:00.603,1.15189,1.15205,1.50,1.87
2018.01.23 21:18:05.541,1.15187,1.15202,1.82,1.00
2018.01.23 21:18:05.594,1.15187,1.15201,1.07,1.12
2018.01.23 21:18:05.766,1.15186,1.152,1.12,1.00
2018.01.23 21:18:25.517,1.15184,1.152,1.87,3.26
2018.01.23 21:18:31.607,1.15184,1.15198,2.06,1.00
2018.01.23 21:18:31.837,1.15183,1.15196,1.20,1.12
2018.01.23 21:18:32.800,1.15182,1.15195,1.19,1.00
2018.01.23 21:18:41.709,1.15181,1.15193,1.19,1.00
2018.01.23 21:19:05.517,1.15181,1.15194,1.19,1.00
2018.01.23 21:19:05.931,1.15181,1.15194,1.00,1.00
2018.01.23 21:19:08.834,1.15179,1.15194,1.95,1.00
2018.01.23 21:19:15.904,1.15181,1.15195,1.00,3.00
2018.01.23 21:19:23.864,1.1518,1.15195,1.10,3.00
2018.01.23 21:19:25.518,1.1518,1.15195,1.10,2.62
2018.01.23 21:19:27.727,1.1518,1.15195,1.29,2.62
2018.01.23 21:19:27.782,1.15178,1.15192,1.39,1.00
2018.01.23 21:19:27.888,1.15177,1.15191,1.26,2.25
2018.01.23 21:19:28.044,1.15176,1.15189,1.29,1.00
2018.01.23 21:19:35.425,1.15176,1.15189,1.00,1.00
2018.01.23 21:19:35.581,1.15176,1.15189,1.19,1.00
2018.01.23 21:19:45.519,1.15174,1.1519,1.26,2.25
2018.01.23 21:19:57.808,1.15172,1.15185,1.76,1.00
2018.01.23 21:19:57.956,1.15171,1.15184,1.76,2.25
2018.01.23 21:19:59.422,1.15169,1.15184,1.39,2.25
2018.01.23 21:20:02.122,1.15174,1.15184,1.19,2.25
2018.01.23 21:20:02.227,1.15174,1.15188,1.29,1.00
2018.01.23 21:20:14.249,1.15174,1.15189,1.76,1.50
2018.01.23 21:20:14.353,1.15175,1.15189,1.29,1.00
2018.01.23 21:20:14.551,1.15175,1.15191,1.39,1.69
2018.01.23 21:20:14.913,1.15175,1.15191,1.39,1.69
2018.01.23 21:20:15.975,1.15175,1.15189,2.14,1.00
2018.01.23 21:20:18.279,1.15175,1.15189,2.14,1.00
2018.01.23 21:20:18.485,1.15175,1.15191,2.32,1.69
2018.01.23 21:20:18.712,1.15175,1.15191,2.32,1.69
2018.01.23 21:20:18.867,1.15175,1.15191,1.39,1.00
2018.01.23 21:20:18.919,1.15175,1.15189,2.14,1.00
2018.01.23 21:20:24.193,1.15175,1.1519,1.39,1.00
2018.01.23 21:20:32.861,1.15175,1.1519,1.39,1.12
2018.01.23 21:20:33.374,1.15175,1.15191,1.39,1.50
2018.01.23 21:20:33.583,1.15177,1.15192,1.39,1.00
2018.01.23 21:20:40.133,1.15178,1.1519,1.25,1.00
2018.01.23 21:20:58.181,1.15187,1.15197,1.37,1.00
2018.01.23 21:20:58.348,1.15218,1.15228,1.00,1.25
2018.01.23 21:20:58.723,1.15214,1.15229,1.00,1.31
2018.01.23 21:20:59.248,1.15214,1.15228,1.07,1.00
2018.01.23 21:20:59.816,1.15214,1.1523,1.76,2.25
2018.01.23 21:21:00.347,1.15214,1.1523,1.76,2.44
2018.01.23 21:21:00.867,1.15214,1.1523,1.25,1.69
2018.01.23 21:21:01.785,1.15218,1.1523,1.00,1.25
2018.01.23 21:21:01.991,1.15216,1.15231,1.35,1.19
2018.01.23 21:21:03.180,1.15214,1.15228,1.76,1.19
2018.01.23 21:21:03.521,1.15222,1.15234,1.00,1.50
2018.01.23 21:21:04.106,1.1522,1.15236,2.81,1.76
2018.01.23 21:21:04.778,1.15219,1.15236,2.51,1.25
2018.01.23 21:21:05.615,1.1522,1.15236,1.39,1.88
2018.01.23 21:21:06.291,1.15219,1.1523,1.50,1.00
2018.01.23 21:21:06.396,1.15217,1.15229,1.00,1.00
2018.01.23 21:21:06.712,1.15213,1.15227,2.00,1.00
2018.01.23 21:21:06.765,1.15214,1.15227,1.00,1.44
2018.01.23 21:21:08.925,1.15212,1.15225,1.00,1.00
2018.01.23 21:21:08.977,1.15212,1.15223,1.00,1.00
2018.01.23 21:21:09.040,1.15209,1.15222,1.12,1.00
2018.01.23 21:21:09.689,1.15208,1.15221,1.69,1.25
2018.01.23 21:21:09.742,1.15206,1.1522,1.01,1.00
2018.01.23 21:21:11.070,1.15206,1.15222,1.25,2.44
2018.01.23 21:21:11.655,1.15206,1.1522,1.25,1.25
2018.01.23 21:21:12.425,1.15206,1.1522,1.25,1.44
2018.01.23 21:21:12.996,1.15205,1.15218,1.12,1.25
2018.01.23 21:21:13.099,1.15203,1.15216,1.75,1.25
2018.01.23 21:21:13.152,1.15203,1.15217,1.12,1.00
2018.01.23 21:21:15.115,1.15203,1.15218,1.12,1.57
2018.01.23 21:21:15.641,1.15204,1.15218,1.00,1.31
2018.01.23 21:21:16.169,1.15203,1.15217,1.12,1.00
2018.01.23 21:21:18.905,1.15204,1.15217,1.00,1.00
2018.01.23 21:21:19.481,1.15201,1.15216,1.57,1.12
2018.01.23 21:21:20.028,1.15201,1.15216,1.50,1.12
2018.01.23 21:21:20.571,1.15202,1.15216,1.69,1.12
2018.01.23 21:21:21.735,1.15202,1.15217,1.19,1.50
2018.01.23 21:21:34.716,1.15202,1.15216,1.69,1.31
2018.01.23 21:21:37.868,1.15204,1.15216,1.00,1.12
2018.01.23 21:21:38.503,1.15203,1.15216,1.00,1.00
2018.01.23 21:21:39.081,1.15202,1.15216,1.25,1.50
2018.01.23 21:21:44.905,1.15204,1.15216,1.00,1.00
2018.01.23 21:21:45.482,1.15204,1.15217,1.00,1.00
2018.01.23 21:21:46.155,1.15202,1.15216,1.19,1.12
2018.01.23 21:21:46.994,1.15202,1.15217,1.25,1.50
2018.01.23 21:21:53.869,1.15203,1.15217,1.00,1.69
2018.01.23 21:21:54.491,1.15203,1.15215,1.25,1.00
2018.01.23 21:21:56.155,1.15201,1.15215,1.01,1.00
2018.01.23 21:21:56.209,1.15208,1.15216,1.00,1.00
2018.01.23 21:21:56.261,1.15204,1.15216,1.25,1.00
2018.01.23 21:21:56.365,1.15202,1.15215,1.00,1.25
2018.01.23 21:21:56.815,1.152,1.15216,1.10,2.44
2018.01.23 21:21:58.029,1.15199,1.15211,1.00,1.00
2018.01.23 21:21:58.340,1.15196,1.15209,1.76,1.12
2018.01.23 21:22:03.162,1.15197,1.1521,1.25,1.00
2018.01.23 21:22:03.499,1.15195,1.1521,1.29,1.50
2018.01.23 21:22:03.733,1.15192,1.15208,3.07,1.12
2018.01.23 21:22:03.890,1.15192,1.15205,1.00,1.87
2018.01.23 21:22:04.413,1.15191,1.15205,1.12,1.87
2018.01.23 21:22:09.762,1.15192,1.15206,1.00,2.06
2018.01.23 21:22:10.432,1.15191,1.15205,1.69,1.31
2018.01.23 21:22:12.133,1.1519,1.15205,2.14,2.06
2018.01.23 21:22:12.676,1.15191,1.15206,1.00,1.62
2018.01.23 21:22:15.612,1.15192,1.15206,1.00,1.37
2018.01.23 21:22:24.038,1.15191,1.15206,1.00,1.87
2018.01.23 21:22:25.494,1.15191,1.15206,1.00,2.25
2018.01.23 21:22:45.500,1.15191,1.15205,1.00,1.75
2018.01.23 21:22:59.967,1.15192,1.15204,1.00,1.50
2018.01.23 21:23:00.288,1.1519,1.152,1.50,1.12
2018.01.23 21:23:01.000,1.15191,1.152,1.00,1.12
2018.01.23 21:23:01.504,1.1519,1.15201,1.50,1.50
2018.01.23 21:23:03.026,1.15192,1.15204,1.00,1.75
2018.01.23 21:23:03.624,1.15191,1.15203,1.00,1.75
2018.01.23 21:23:04.796,1.15188,1.15201,1.00,2.25
2018.01.23 21:23:11.690,1.15187,1.15198,1.00,1.12
2018.01.23 21:23:28.022,1.15186,1.152,1.19,1.87
2018.01.23 21:24:03.480,1.15187,1.152,1.00,1.87
2018.01.23 21:24:07.221,1.15188,1.152,1.00,1.00
2018.01.23 21:24:09.435,1.15187,1.152,1.25,1.00
2018.01.23 21:24:37.627,1.15185,1.15198,1.00,1.00
2018.01.23 21:24:37.955,1.15182,1.15193,1.19,1.00
2018.01.23 21:24:38.660,1.15182,1.15194,1.19,1.00
2018.01.23 21:24:39.213,1.15182,1.15194,1.25,1.00
2018.01.23 21:24:41.550,1.15181,1.15193,1.31,1.00
2018.01.23 21:24:48.529,1.1518,1.15194,1.44,1.25
2018.01.23 21:24:49.300,1.15182,1.15193,1.25,1.00
2018.01.23 21:24:52.154,1.15181,1.15194,1.19,1.25
2018.01.23 21:24:56.579,1.15182,1.15193,1.25,1.00
2018.01.23 21:25:11.577,1.15183,1.15194,1.00,1.31
2018.01.23 21:25:21.211,1.15182,1.15196,1.25,2.44
2018.01.23 21:25:24.732,1.15182,1.15196,1.00,1.76
2018.01.23 21:25:25.450,1.15182,1.15194,1.00,1.00
2018.01.23 21:25:26.211,1.1518,1.15194,1.50,1.00
2018.01.23 21:25:26.714,1.1518,1.15194,1.50,1.00
2018.01.23 21:25:31.605,1.15181,1.15194,1.00,1.00
2018.01.23 21:25:55.537,1.15181,1.15193,1.25,1.00
2018.01.23 21:26:00.451,1.15179,1.15191,1.00,1.00
2018.01.23 21:26:01.566,1.1518,1.15191,1.00,1.00
2018.01.23 21:26:02.072,1.1518,1.15192,1.00,1.00
2018.01.23 21:26:02.599,1.15177,1.1519,1.20,1.00
2018.01.23 21:26:02.652,1.15174,1.15187,2.25,1.00
2018.01.23 21:26:02.999,1.15176,1.15186,1.19,1.00
2018.01.23 21:26:03.602,1.15176,1.15187,1.19,1.00
2018.01.23 21:26:09.370,1.15177,1.15188,1.19,1.00
2018.01.23 21:26:09.966,1.15175,1.15188,1.19,1.00
2018.01.23 21:26:10.496,1.15175,1.15186,1.19,1.00
2018.01.23 21:26:18.774,1.15174,1.15186,1.31,1.50
2018.01.23 21:26:19.412,1.15174,1.15186,1.31,1.50
2018.01.23 21:26:36.273,1.15176,1.15188,1.31,1.00
2018.01.23 21:26:37.272,1.15176,1.15189,1.19,1.50
2018.01.23 21:26:37.324,1.15174,1.15187,1.76,1.00
2018.01.23 21:26:38.786,1.15174,1.15187,1.12,1.00
2018.01.23 21:26:43.669,1.15175,1.15187,1.69,1.00
2018.01.23 21:26:46.816,1.15175,1.15188,1.69,1.25
2018.01.23 21:26:48.856,1.15175,1.15188,1.50,1.25
2018.01.23 21:27:04.245,1.15175,1.15188,1.31,1.25
2018.01.23 21:27:08.631,1.15175,1.15188,1.25,1.25
2018.01.23 21:27:08.735,1.15174,1.15186,1.44,1.00
2018.01.23 21:27:09.186,1.15174,1.15186,1.19,1.00
2018.01.23 21:27:09.723,1.15174,1.15186,1.44,1.00
2018.01.23 21:27:09.775,1.15174,1.15186,1.44,1.00
2018.01.23 21:27:18.383,1.15173,1.15186,2.70,1.00
2018.01.23 21:27:18.487,1.15173,1.15186,2.62,1.00
2018.01.23 21:27:20.205,1.15178,1.1519,1.19,1.50
2018.01.23 21:27:20.257,1.15178,1.15188,1.56,1.00
2018.01.23 21:27:20.348,1.15178,1.15191,2.06,1.50
2018.01.23 21:27:20.402,1.15175,1.15187,2.51,1.00
2018.01.23 21:27:25.474,1.15172,1.15185,2.70,1.00
2018.01.23 21:27:26.024,1.15172,1.15185,2.70,1.00
2018.01.23 21:27:34.934,1.15172,1.15185,2.70,1.00
2018.01.23 21:27:38.073,1.15174,1.15185,1.44,1.00
2018.01.23 21:27:38.803,1.15174,1.15185,1.44,1.00
2018.01.23 21:27:44.890,1.15172,1.15186,2.06,1.00
2018.01.23 21:27:45.740,1.15171,1.15184,1.62,1.00
2018.01.23 21:27:46.273,1.1517,1.15183,2.51,1.00
2018.01.23 21:27:50.062,1.1517,1.15183,1.57,1.00
2018.01.23 21:27:50.739,1.1517,1.15184,1.50,1.00
2018.01.23 21:27:54.154,1.15171,1.15184,1.19,1.00
2018.01.23 21:28:08.608,1.1518,1.15192,1.00,1.25
2018.01.23 21:28:12.803,1.1518,1.15191,1.00,1.00
2018.01.23 21:28:16.682,1.15179,1.15191,1.50,1.00
2018.01.23 21:28:17.214,1.15179,1.15192,2.25,1.00
2018.01.23 21:28:18.257,1.1518,1.15192,1.00,1.00
2018.01.23 21:28:22.080,1.15179,1.15192,2.44,1.00
2018.01.23 21:28:26.386,1.15179,1.15191,1.25,1.00
2018.01.23 21:28:27.060,1.15179,1.1519,1.00,1.25
2018.01.23 21:28:27.146,1.15178,1.15188,1.50,1.00
2018.01.23 21:28:27.197,1.15174,1.15188,2.89,1.00
2018.01.23 21:28:27.501,1.15174,1.15186,2.89,1.00
2018.01.23 21:28:28.841,1.15172,1.15185,2.14,1.00
2018.01.23 21:28:29.389,1.15173,1.15186,1.31,1.00
2018.01.23 21:28:30.815,1.15172,1.15184,1.87,1.00
2018.01.23 21:28:34.956,1.15171,1.15184,1.19,1.00
2018.01.23 21:28:35.008,1.15169,1.15175,1.50,1.00
2018.01.23 21:28:35.061,1.15165,1.15175,1.50,1.00
2018.01.23 21:28:35.113,1.15163,1.15175,1.00,1.00
2018.01.23 21:28:35.217,1.15162,1.15171,1.50,1.00
2018.01.23 21:28:35.270,1.1516,1.15171,1.00,1.00
2018.01.23 21:28:35.381,1.15158,1.15171,1.01,1.00
2018.01.23 21:28:40.026,1.15158,1.15172,1.25,1.25
2018.01.23 21:28:40.246,1.15157,1.15167,1.00,1.00
2018.01.23 21:28:40.482,1.15154,1.15167,1.00,1.00
2018.01.23 21:28:41.001,1.15153,1.15166,2.25,1.00
2018.01.23 21:28:41.673,1.15153,1.15167,2.25,1.00
2018.01.23 21:28:47.518,1.15153,1.15167,2.44,1.00
2018.01.23 21:28:57.036,1.15152,1.15164,1.12,1.00
2018.01.23 21:28:57.140,1.15147,1.15163,2.51,1.37
2018.01.23 21:28:57.399,1.15147,1.1516,2.44,1.00
2018.01.23 21:28:58.332,1.15147,1.15158,2.44,1.00
2018.01.23 21:29:01.160,1.15147,1.1516,2.51,1.00
2018.01.23 21:29:04.061,1.15147,1.15161,2.51,1.00
2018.01.23 21:29:08.048,1.15151,1.15161,1.00,1.00
2018.01.23 21:29:08.631,1.15149,1.15162,1.69,1.00
2018.01.23 21:29:12.618,1.1515,1.15164,1.00,1.50
2018.01.23 21:29:13.011,1.15151,1.15164,1.95,1.00
2018.01.23 21:29:13.065,1.15151,1.15166,2.14,1.00
2018.01.23 21:29:16.237,1.1515,1.15164,1.57,1.00
2018.01.23 21:29:16.341,1.15153,1.15167,1.44,1.95
2018.01.23 21:29:16.842,1.15153,1.15166,1.25,1.00
2018.01.23 21:29:17.468,1.15153,1.15165,1.25,1.00
2018.01.23 21:29:18.493,1.15154,1.15165,1.00,1.00
2018.01.23 21:29:19.061,1.15152,1.15165,1.39,1.00
2018.01.23 21:29:20.319,1.15152,1.15167,1.20,1.12
2018.01.23 21:29:20.422,1.15154,1.15167,1.19,1.87
2018.01.23 21:29:22.090,1.15153,1.15167,1.00,1.00
2018.01.23 21:29:22.618,1.15157,1.1517,1.37,1.10
2018.01.23 21:29:23.614,1.15157,1.1517,2.25,1.00
2018.01.23 21:29:31.618,1.15157,1.15169,1.00,1.00
2018.01.23 21:29:31.775,1.15155,1.15168,1.00,1.00
2018.01.23 21:29:32.325,1.15155,1.15167,1.00,1.00
2018.01.23 21:29:32.619,1.15158,1.1517,1.37,1.10
2018.01.23 21:29:41.162,1.15158,1.15169,1.62,1.00
2018.01.23 21:29:41.687,1.15157,1.15169,1.50,1.00
2018.01.23 21:29:41.997,1.15158,1.15171,1.00,1.00
2018.01.23 21:29:42.503,1.15159,1.15171,2.06,1.00
2018.01.23 21:29:42.665,1.15162,1.15174,1.50,1.07
2018.01.23 21:29:43.168,1.15162,1.15172,1.69,1.00
2018.01.23 21:29:43.789,1.15163,1.15172,1.00,1.00
2018.01.23 21:29:45.518,1.15161,1.15172,1.12,1.00
2018.01.23 21:29:48.693,1.15165,1.15178,1.44,1.75
2018.01.23 21:29:48.744,1.15166,1.15178,1.69,1.00
2018.01.23 21:29:48.796,1.15168,1.15181,1.37,1.00
2018.01.23 21:29:50.220,1.1517,1.1518,1.31,1.00
2018.01.23 21:29:50.605,1.15169,1.15182,1.87,1.00
2018.01.23 21:29:51.036,1.15169,1.1518,1.37,1.00
2018.01.23 21:29:51.537,1.15169,1.15182,1.31,1.00
2018.01.23 21:29:51.742,1.15169,1.1518,1.69,1.00
2018.01.23 21:29:51.871,1.15169,1.15182,1.25,1.00
2018.01.23 21:29:53.409,1.1517,1.15182,1.00,1.00
2018.01.23 21:29:53.910,1.15169,1.15182,1.25,1.00
2018.01.23 21:29:54.440,1.15169,1.15183,1.31,1.00
2018.01.23 21:29:54.959,1.15169,1.15183,1.12,1.00
2018.01.23 21:29:55.501,1.1517,1.15183,1.25,1.00
2018.01.23 21:29:56.428,1.15169,1.15183,1.12,1.00
2018.01.23 21:29:56.984,1.15169,1.15182,1.12,1.00
2018.01.23 21:29:57.492,1.15169,1.15183,1.69,1.00
2018.01.23 21:29:57.595,1.1517,1.15181,1.00,1.00
2018.01.23 21:29:58.126,1.15169,1.15181,1.87,1.00
2018.01.23 21:29:58.636,1.15169,1.15182,1.87,1.00
2018.01.23 21:29:59.282,1.15169,1.15183,1.69,1.00
2018.01.23 21:29:59.592,1.15167,1.15181,1.25,1.50
2018.01.23 21:30:00.103,1.15166,1.1518,1.00,1.00
2018.01.23 21:30:00.510,1.15166,1.15179,1.00,1.07
2018.01.23 21:30:01.011,1.15166,1.15179,1.00,1.10
2018.01.23 21:30:01.857,1.15166,1.15179,1.00,1.07
2018.01.23 21:30:02.168,1.15167,1.15179,1.19,1.10
2018.01.23 21:30:02.491,1.15166,1.15178,1.00,1.10
2018.01.23 21:30:03.154,1.15166,1.15179,1.25,1.10
2018.01.23 21:30:03.307,1.15166,1.15179,1.19,1.10
2018.01.23 21:30:03.580,1.15167,1.15181,1.00,1.00
2018.01.23 21:30:03.822,1.15167,1.1518,1.19,1.00
2018.01.23 21:30:04.383,1.15168,1.1518,1.00,1.00
2018.01.23 21:30:04.886,1.15166,1.1518,1.19,1.10
2018.01.23 21:30:06.602,1.15167,1.15181,1.00,1.00
2018.01.23 21:30:07.163,1.15166,1.1518,1.00,1.10
2018.01.23 21:30:09.849,1.15167,1.1518,1.00,1.10
2018.01.23 21:30:10.403,1.15168,1.15181,1.00,1.00
2018.01.23 21:30:10.911,1.15166,1.15181,1.19,1.10
2018.01.23 21:30:11.430,1.15167,1.1518,1.00,1.00
2018.01.23 21:30:11.953,1.15167,1.15179,1.00,1.00
2018.01.23 21:30:15.520,1.15167,1.1518,1.00,1.00
2018.01.23 21:30:16.060,1.15167,1.15179,1.00,1.00
2018.01.23 21:30:17.174,1.15166,1.15179,1.25,1.00
2018.01.23 21:30:17.756,1.15168,1.15179,1.00,1.00
2018.01.23 21:30:19.168,1.15167,1.15179,1.12,1.00
2018.01.23 21:30:20.191,1.15167,1.15179,1.44,1.00
2018.01.23 21:30:20.694,1.15167,1.15179,1.00,1.00
2018.01.23 21:30:21.513,1.15166,1.15179,1.00,1.00
2018.01.23 21:30:22.360,1.15168,1.15179,1.00,1.10
2018.01.23 21:30:22.879,1.15169,1.15179,1.00,1.00
2018.01.23 21:30:24.115,1.15167,1.15179,1.25,1.10
2018.01.23 21:30:24.377,1.15164,1.15179,1.44,1.10
2018.01.23 21:30:24.947,1.15166,1.15178,1.00,1.00
2018.01.23 21:30:25.000,1.15168,1.15178,1.00,1.00
2018.01.23 21:30:25.337,1.15166,1.15178,1.00,1.00
2018.01.23 21:30:29.283,1.15167,1.15178,1.00,1.00
2018.01.23 21:30:34.241,1.15166,1.15178,1.12,1.00
2018.01.23 21:30:40.715,1.15168,1.15179,1.00,1.00
2018.01.23 21:30:44.273,1.15168,1.15181,1.25,1.07
2018.01.23 21:30:45.062,1.15168,1.15181,1.25,1.00
2018.01.23 21:30:45.592,1.15168,1.15181,1.25,1.07
2018.01.23 21:30:46.016,1.1517,1.15183,1.00,1.07
2018.01.23 21:30:46.181,1.1517,1.15183,1.00,1.00
2018.01.23 21:30:46.233,1.15172,1.15185,1.44,1.00
2018.01.23 21:30:46.544,1.15174,1.15189,1.25,1.07
2018.01.23 21:30:47.057,1.15175,1.15189,1.00,1.10
2018.01.23 21:30:49.245,1.15177,1.1519,1.00,1.32
2018.01.23 21:30:53.854,1.15175,1.15192,1.25,1.57
2018.01.23 21:30:54.332,1.15177,1.15192,1.00,1.57
2018.01.23 21:30:56.043,1.15177,1.15192,1.00,1.57
2018.01.23 21:30:56.598,1.15176,1.15192,1.25,1.57
2018.01.23 21:30:56.650,1.15176,1.15192,1.25,1.45
2018.01.23 21:30:58.323,1.15177,1.15192,1.00,1.45
2018.01.23 21:30:58.893,1.15177,1.15192,1.00,1.57
2018.01.23 21:30:59.831,1.15177,1.15192,1.00,1.45
2018.01.23 21:30:59.883,1.1518,1.15197,1.00,1.82
2018.01.23 21:30:59.935,1.1518,1.15196,1.25,1.07
2018.01.23 21:31:00.438,1.1518,1.15197,1.00,1.76
2018.01.23 21:31:06.139,1.1518,1.15197,1.00,1.82
2018.01.23 21:31:08.691,1.1518,1.15197,1.00,1.57
2018.01.23 21:31:08.818,1.1518,1.15196,1.00,1.07
2018.01.23 21:31:09.342,1.1518,1.15197,1.25,1.76
2018.01.23 21:31:13.650,1.1518,1.15197,1.25,2.07
2018.01.23 21:31:14.677,1.1518,1.15197,1.25,2.51
2018.01.23 21:31:14.780,1.1518,1.15197,1.25,2.07
2018.01.23 21:31:15.391,1.1518,1.15197,1.25,2.07
2018.01.23 21:31:17.330,1.15181,1.15197,1.00,1.82
2018.01.23 21:31:27.344,1.1518,1.15197,1.50,1.89
2018.01.23 21:31:28.663,1.1518,1.15196,1.50,1.07
2018.01.23 21:31:33.058,1.1518,1.15195,1.50,1.26
2018.01.23 21:31:34.235,1.15182,1.15196,1.00,1.51
2018.01.23 21:31:35.393,1.15182,1.15196,1.00,1.57
2018.01.23 21:31:37.786,1.15182,1.15197,1.00,1.57
2018.01.23 21:31:38.296,1.15182,1.15197,1.00,1.82
2018.01.23 21:31:38.841,1.15181,1.15196,1.00,1.20
2018.01.23 21:31:44.271,1.15182,1.15197,1.00,1.45
2018.01.23 21:31:45.240,1.15181,1.15198,1.50,1.57
2018.01.23 21:31:45.788,1.15181,1.15197,1.00,1.70
2018.01.23 21:31:46.407,1.15182,1.15197,1.00,1.20
2018.01.23 21:31:46.940,1.15181,1.15196,1.00,1.07
2018.01.23 21:31:47.490,1.15182,1.15197,1.00,1.39
2018.01.23 21:31:47.607,1.1518,1.15197,1.25,1.39
2018.01.23 21:31:47.794,1.15183,1.15198,1.00,1.89
2018.01.23 21:31:47.846,1.15186,1.15201,1.00,1.95
2018.01.23 21:31:48.090,1.1519,1.15204,1.00,1.70
2018.01.23 21:31:48.246,1.15192,1.15207,1.00,1.39
2018.01.23 21:31:48.795,1.15192,1.15209,1.00,2.07
2018.01.23 21:31:51.893,1.15188,1.15205,1.19,1.29
2018.01.23 21:31:51.946,1.15192,1.15207,1.00,1.70
2018.01.23 21:31:52.408,1.15192,1.15207,1.00,1.26
2018.01.23 21:31:52.514,1.15192,1.15207,1.00,1.39
2018.01.23 21:31:52.621,1.15191,1.15209,1.25,2.07
2018.01.23 21:31:55.954,1.15191,1.15209,1.87,1.76
2018.01.23 21:31:56.695,1.15191,1.15209,1.87,1.76
2018.01.23 21:32:00.173,1.15191,1.15209,1.87,1.89
2018.01.23 21:32:00.866,1.15191,1.15209,2.06,1.76
2018.01.23 21:32:01.908,1.15191,1.15209,1.12,2.32
2018.01.23 21:32:02.417,1.15191,1.15209,1.87,1.70
2018.01.23 21:32:03.698,1.15192,1.15209,1.00,1.70
2018.01.23 21:32:06.741,1.15192,1.15209,1.25,2.32
2018.01.23 21:32:08.636,1.15192,1.15209,1.25,1.57
2018.01.23 21:32:11.945,1.15192,1.15209,1.87,1.70
2018.01.23 21:32:12.449,1.15193,1.15209,1.00,1.70
2018.01.23 21:32:15.006,1.15193,1.15208,1.00,1.45
2018.01.23 21:32:15.112,1.15192,1.15207,1.50,1.07
2018.01.23 21:32:15.215,1.15192,1.15207,1.50,1.20
2018.01.23 21:32:15.724,1.15192,1.15207,1.25,1.20
2018.01.23 21:32:16.232,1.15192,1.15207,1.25,1.20
2018.01.23 21:32:19.552,1.15193,1.15208,1.00,1.45
2018.01.23 21:32:22.090,1.15193,1.15208,1.00,1.45
2018.01.23 21:32:27.242,1.15193,1.15208,1.00,1.20
2018.01.23 21:32:34.991,1.15193,1.15208,1.00,1.07
2018.01.23 21:32:35.710,1.15193,1.15208,1.00,1.07
2018.01.23 21:32:40.379,1.15193,1.15208,1.00,1.07
2018.01.23 21:32:41.077,1.15193,1.15208,1.00,1.20
2018.01.23 21:32:50.324,1.15193,1.15208,1.00,1.07
2018.01.23 21:32:50.930,1.15193,1.15208,1.00,1.20
2018.01.23 21:32:51.641,1.15193,1.15208,1.00,1.20
2018.01.23 21:32:52.168,1.15193,1.15208,1.00,1.07
2018.01.23 21:32:55.055,1.15193,1.15208,1.25,1.07
2018.01.23 21:32:57.221,1.15193,1.15208,1.00,1.26
2018.01.23 21:32:57.534,1.15192,1.15208,1.00,1.39
2018.01.23 21:32:58.052,1.15193,1.15208,1.00,1.07
2018.01.23 21:32:58.955,1.15192,1.15207,1.69,1.07
2018.01.23 21:32:59.511,1.15193,1.15208,1.00,1.07
2018.01.23 21:33:00.686,1.15193,1.15208,1.00,1.39
2018.01.23 21:33:01.186,1.15193,1.1521,1.69,1.39
2018.01.23 21:33:01.889,1.15193,1.1521,1.69,1.39
2018.01.23 21:33:02.447,1.15193,1.1521,1.87,1.32
2018.01.23 21:33:02.719,1.15194,1.15209,1.00,1.07
2018.01.23 21:33:02.992,1.15194,1.15209,1.50,1.07
2018.01.23 21:33:03.353,1.15194,1.15209,1.50,1.07
2018.01.23 21:33:03.569,1.15195,1.1521,1.00,1.07
2018.01.23 21:33:03.776,1.15195,1.15212,1.44,1.07
2018.01.23 21:33:03.882,1.15197,1.15214,1.69,1.20
2018.01.23 21:33:04.395,1.15198,1.15215,1.50,1.61
2018.01.23 21:33:04.795,1.152,1.15215,2.06,1.07
2018.01.23 21:33:04.849,1.15201,1.15216,1.00,1.07
2018.01.23 21:33:05.391,1.152,1.15217,1.69,1.39
2018.01.23 21:33:05.557,1.152,1.15217,1.69,1.32
2018.01.23 21:33:06.148,1.152,1.15217,2.06,1.32
2018.01.23 21:33:09.466,1.152,1.15217,2.06,1.32
2018.01.23 21:33:13.339,1.152,1.15217,1.87,1.32
2018.01.23 21:33:13.884,1.15201,1.15217,1.00,1.32
2018.01.23 21:33:14.202,1.15201,1.15215,1.00,1.32
2018.01.23 21:33:14.254,1.15199,1.15215,1.00,1.32
2018.01.23 21:33:14.841,1.152,1.15214,1.00,1.10
2018.01.23 21:33:15.646,1.152,1.15214,1.00,1.07
2018.01.23 21:33:17.248,1.152,1.15214,1.00,1.07
2018.01.23 21:33:17.879,1.15199,1.15214,1.50,1.07
2018.01.23 21:33:18.694,1.15199,1.15214,1.50,1.07
2018.01.23 21:33:19.936,1.15199,1.15214,1.50,1.07
2018.01.23 21:33:20.471,1.15199,1.15214,1.50,1.07
2018.01.23 21:33:23.237,1.15199,1.15214,1.50,1.07
2018.01.23 21:33:25.228,1.152,1.15214,1.00,1.07
2018.01.23 21:33:25.279,1.152,1.15214,1.00,1.07
2018.01.23 21:33:25.815,1.152,1.15214,1.00,1.07
2018.01.23 21:33:26.786,1.152,1.15214,1.00,1.07
2018.01.23 21:33:26.888,1.152,1.15214,1.00,1.07
2018.01.23 21:33:27.711,1.152,1.15214,1.00,1.07
2018.01.23 21:33:28.240,1.15199,1.15214,1.50,1.07
2018.01.23 21:33:33.183,1.15199,1.15214,1.50,1.07
2018.01.23 21:33:33.700,1.15199,1.15214,1.50,1.07
2018.01.23 21:33:34.365,1.15199,1.15214,1.50,1.07
2018.01.23 21:33:34.870,1.152,1.15214,1.00,1.07
2018.01.23 21:33:37.007,1.152,1.15217,1.31,1.32
2018.01.23 21:33:38.312,1.152,1.15216,1.19,1.07
2018.01.23 21:33:38.822,1.152,1.15216,1.19,1.07
2018.01.23 21:33:43.442,1.15201,1.15216,1.12,1.07
2018.01.23 21:33:43.965,1.15201,1.15216,1.12,1.07
2018.01.23 21:33:45.988,1.15202,1.15216,1.00,1.07
2018.01.23 21:33:49.398,1.15202,1.15217,1.69,1.20
2018.01.23 21:33:49.970,1.15202,1.15218,1.25,1.45
2018.01.23 21:33:50.529,1.15201,1.15216,1.12,1.07
2018.01.23 21:33:50.633,1.15201,1.15218,1.69,1.20
2018.01.23 21:33:50.841,1.15201,1.15217,1.25,1.07
2018.01.23 21:33:51.376,1.15202,1.15216,1.25,1.07
2018.01.23 21:33:51.686,1.15202,1.15217,1.50,1.07
2018.01.23 21:33:52.209,1.152,1.15217,1.44,1.32
2018.01.23 21:33:52.718,1.152,1.15217,1.87,1.32
2018.01.23 21:33:53.939,1.152,1.15217,1.69,1.20
2018.01.23 21:33:54.594,1.152,1.15216,1.87,1.07
2018.01.23 21:33:55.893,1.152,1.15216,1.50,1.07
2018.01.23 21:33:57.089,1.15201,1.15216,1.00,1.07
2018.01.23 21:33:57.611,1.15201,1.15216,1.50,1.07
2018.01.23 21:33:58.144,1.15201,1.15216,1.50,1.07
2018.01.23 21:33:59.161,1.15201,1.15216,1.00,1.07
2018.01.23 21:34:00.869,1.15201,1.15215,1.00,1.76
2018.01.23 21:34:01.021,1.15201,1.15214,1.00,1.10
2018.01.23 21:34:01.704,1.15201,1.15215,1.00,1.07
2018.01.23 21:34:03.060,1.152,1.15215,1.00,1.07
2018.01.23 21:34:04.710,1.152,1.15215,1.00,1.32
2018.01.23 21:34:05.433,1.152,1.15216,1.00,1.39
2018.01.23 21:34:10.639,1.15197,1.15211,1.00,1.29
2018.01.23 21:34:10.692,1.15193,1.1521,1.07,1.12
2018.01.23 21:34:10.745,1.15193,1.1521,1.00,1.32
2018.01.23 21:34:11.094,1.15196,1.15211,1.00,1.51
2018.01.23 21:34:11.763,1.15197,1.15212,1.00,1.45
2018.01.23 21:34:12.289,1.15196,1.15211,1.00,1.51
2018.01.23 21:34:12.855,1.15197,1.15213,1.00,1.26
2018.01.23 21:34:13.598,1.15196,1.15212,1.00,1.26
2018.01.23 21:34:14.128,1.15197,1.15213,1.00,1.39
2018.01.23 21:34:14.817,1.15197,1.15213,1.00,1.39
2018.01.23 21:34:15.339,1.15198,1.15215,1.00,1.57
2018.01.23 21:34:15.849,1.15199,1.15213,1.00,1.07
2018.01.23 21:34:16.152,1.15199,1.15213,1.00,1.07
2018.01.23 21:34:18.365,1.152,1.15215,1.00,1.70
2018.01.23 21:34:18.879,1.152,1.15215,1.00,1.57
2018.01.23 21:34:18.931,1.15198,1.15215,1.50,1.70
2018.01.23 21:34:19.136,1.152,1.15215,1.00,1.70
2018.01.23 21:34:19.644,1.15198,1.15215,1.69,1.57
2018.01.23 21:34:20.250,1.152,1.15215,1.00,1.57
2018.01.23 21:34:20.404,1.15198,1.15215,1.50,1.70
2018.01.23 21:34:20.606,1.152,1.15215,1.00,1.57
2018.01.23 21:34:21.450,1.152,1.15215,1.00,1.57
2018.01.23 21:34:21.924,1.15198,1.15215,1.69,1.76
2018.01.23 21:34:21.976,1.152,1.15215,1.00,1.70
2018.01.23 21:34:22.079,1.152,1.15215,1.00,1.39
2018.01.23 21:34:22.320,1.15198,1.15215,1.69,1.39
2018.01.23 21:34:22.449,1.152,1.15215,1.00,1.39
2018.01.23 21:34:22.655,1.15198,1.15214,1.69,1.07
2018.01.23 21:34:22.708,1.15196,1.1521,1.00,1.00
2018.01.23 21:34:23.023,1.15193,1.15209,1.25,1.51
2018.01.23 21:34:23.541,1.15193,1.1521,1.87,1.51
2018.01.23 21:34:24.702,1.15194,1.1521,1.00,1.57
2018.01.23 21:34:24.858,1.15198,1.15213,1.00,2.51
2018.01.23 21:34:24.962,1.15198,1.15213,1.50,1.57
2018.01.23 21:34:27.797,1.15198,1.15213,1.50,1.26
2018.01.23 21:34:28.799,1.15198,1.15215,1.00,1.70
2018.01.23 21:34:28.903,1.15198,1.15215,1.00,1.39
2018.01.23 21:34:29.150,1.15198,1.15215,1.00,1.70
2018.01.23 21:34:29.488,1.15205,1.1522,1.00,1.57
2018.01.23 21:34:29.541,1.15205,1.1522,1.00,1.32
2018.01.23 21:34:30.170,1.15205,1.15222,1.25,1.57
2018.01.23 21:34:30.374,1.15207,1.15222,1.00,1.57
2018.01.23 21:34:30.920,1.15207,1.15222,1.50,1.39
2018.01.23 21:34:33.318,1.15207,1.15222,1.50,1.26
2018.01.23 21:34:33.927,1.15208,1.15222,1.00,1.32
2018.01.23 21:34:34.593,1.15207,1.15222,1.00,1.32
2018.01.23 21:34:39.634,1.15207,1.15222,1.50,1.32
2018.01.23 21:34:40.206,1.15207,1.15222,1.50,1.26
2018.01.23 21:34:44.567,1.15207,1.1522,1.00,1.00
2018.01.23 21:34:46.550,1.15207,1.15221,1.00,1.01
2018.01.23 21:34:47.118,1.15207,1.1522,1.00,1.00
2018.01.23 21:34:47.748,1.15207,1.1522,1.00,1.07
2018.01.23 21:34:48.733,1.15207,1.1522,1.00,1.10
2018.01.23 21:34:56.143,1.15206,1.15221,1.50,1.32
2018.01.23 21:34:58.815,1.15206,1.15221,1.00,1.32
2018.01.23 21:35:03.467,1.15205,1.15221,1.00,1.39
2018.01.23 21:35:07.807,1.15205,1.15221,1.00,1.39
2018.01.23 21:35:08.352,1.15206,1.15221,1.00,1.51
2018.01.23 21:35:10.791,1.15206,1.15221,1.00,1.07
2018.01.23 21:35:11.377,1.15206,1.15221,1.00,1.07
2018.01.23 21:35:11.950,1.15206,1.15221,1.00,1.07
2018.01.23 21:35:14.281,1.15206,1.15221,1.00,1.57
2018.01.23 21:35:18.383,1.15206,1.15221,1.50,1.32
2018.01.23 21:35:19.670,1.15206,1.15221,1.50,1.32
2018.01.23 21:35:22.309,1.15206,1.15221,1.00,1.07
2018.01.23 21:35:23.062,1.15205,1.15221,1.50,1.07
2018.01.23 21:35:28.243,1.15202,1.15217,1.50,1.29
2018.01.23 21:35:28.346,1.15202,1.15217,1.50,1.39
2018.01.23 21:35:31.458,1.15201,1.15215,1.00,1.07
2018.01.23 21:35:37.881,1.15201,1.15215,1.00,1.95
2018.01.23 21:35:38.209,1.15201,1.15215,1.00,1.57
2018.01.23 21:35:39.408,1.15201,1.15215,1.00,2.14
2018.01.23 21:35:39.514,1.15198,1.15215,1.50,1.95
2018.01.23 21:35:39.654,1.15198,1.15215,1.00,2.32
2018.01.23 21:35:40.164,1.152,1.15217,1.50,2.14
2018.01.23 21:35:40.269,1.15201,1.15216,1.00,1.32
2018.01.23 21:35:40.812,1.15202,1.15216,1.00,1.10
2018.01.23 21:35:40.987,1.152,1.15215,1.50,1.57
2018.01.23 21:35:41.041,1.15198,1.15213,1.50,1.00
2018.01.23 21:35:41.094,1.15198,1.15213,1.50,1.07
2018.01.23 21:35:42.759,1.15198,1.15213,1.50,1.32
2018.01.23 21:35:43.782,1.15198,1.15212,1.00,1.07
2018.01.23 21:35:44.320,1.15197,1.15212,1.50,1.07
2018.01.23 21:35:46.083,1.15197,1.15212,1.00,1.07
2018.01.23 21:35:46.406,1.15196,1.1521,1.00,1.07
2018.01.23 21:35:47.728,1.15195,1.15211,1.00,2.14
2018.01.23 21:35:47.887,1.15193,1.15208,1.50,1.26
2018.01.23 21:35:48.938,1.15192,1.15207,1.50,1.32
2018.01.23 21:35:48.996,1.15188,1.15205,1.25,1.25
2018.01.23 21:35:49.070,1.15179,1.15197,2.51,1.10
2018.01.23 21:35:49.382,1.15171,1.15188,1.25,1.20
2018.01.23 21:35:49.699,1.15171,1.15186,1.00,1.07
2018.01.23 21:35:49.799,1.15171,1.15186,1.00,1.10
2018.01.23 21:35:50.257,1.15171,1.15186,1.00,1.20
2018.01.23 21:35:50.909,1.15171,1.15188,1.00,1.57
2018.01.23 21:35:51.285,1.15171,1.15186,1.00,1.20
2018.01.23 21:35:51.337,1.15171,1.15186,1.00,1.07
2018.01.23 21:35:52.955,1.15171,1.15185,1.00,1.07
2018.01.23 21:35:53.854,1.15171,1.15185,1.00,1.26
2018.01.23 21:35:54.361,1.15171,1.15185,1.00,1.29
2018.01.23 21:35:55.048,1.15171,1.15185,1.00,1.26
2018.01.23 21:35:55.854,1.15169,1.15186,1.25,1.57
2018.01.23 21:35:56.630,1.15169,1.15186,1.25,1.57
2018.01.23 21:35:58.177,1.15169,1.15186,1.25,1.70
2018.01.23 21:35:58.696,1.15167,1.15184,1.12,1.01
2018.01.23 21:35:58.749,1.1517,1.15184,1.00,1.20
2018.01.23 21:35:58.801,1.15168,1.15185,1.00,1.89
2018.01.23 21:35:58.957,1.15166,1.15181,1.00,1.01
2018.01.23 21:35:59.080,1.15166,1.15181,1.00,1.39
2018.01.23 21:36:00.192,1.15166,1.15181,1.25,1.32
2018.01.23 21:36:01.512,1.15167,1.15182,1.00,1.20
2018.01.23 21:36:01.719,1.15167,1.15184,1.25,1.89
2018.01.23 21:36:02.284,1.15166,1.15183,1.00,1.32
2018.01.23 21:36:02.950,1.15168,1.15183,1.00,1.32
2018.01.23 21:36:03.531,1.15169,1.15183,1.00,1.39
2018.01.23 21:36:04.021,1.15166,1.15183,1.25,1.95
2018.01.23 21:36:04.073,1.15166,1.15181,1.00,1.19
2018.01.23 21:36:05.146,1.15165,1.1518,1.25,1.26
2018.01.23 21:36:05.704,1.15165,1.1518,1.00,1.10
2018.01.23 21:36:06.335,1.15165,1.1518,1.00,1.29
2018.01.23 21:36:07.603,1.15165,1.1518,1.00,1.26
2018.01.23 21:36:08.113,1.15165,1.1518,1.00,1.29
2018.01.23 21:36:09.368,1.15163,1.1518,1.00,1.95
2018.01.23 21:36:09.420,1.15165,1.1518,1.00,1.39
2018.01.23 21:36:09.951,1.15165,1.1518,1.00,1.26
2018.01.23 21:36:10.875,1.15166,1.15181,1.00,1.89
2018.01.23 21:36:11.696,1.15166,1.15181,1.00,1.89
2018.01.23 21:36:12.214,1.15165,1.1518,1.00,2.14
2018.01.23 21:36:12.267,1.15163,1.1518,1.00,2.14
2018.01.23 21:36:12.770,1.15163,1.1518,1.00,2.14
2018.01.23 21:36:13.416,1.15164,1.1518,1.00,1.39
2018.01.23 21:36:13.968,1.15164,1.15181,1.12,1.76
2018.01.23 21:36:14.914,1.15164,1.15179,1.00,1.39
2018.01.23 21:36:15.498,1.15164,1.15181,1.25,1.76
2018.01.23 21:36:17.612,1.15164,1.15181,1.25,1.76
2018.01.23 21:36:18.144,1.15164,1.15181,1.25,1.76
2018.01.23 21:36:19.482,1.15163,1.15179,1.00,1.39
2018.01.23 21:36:24.078,1.15163,1.15179,1.00,1.32
2018.01.23 21:36:28.230,1.15163,1.1518,1.00,1.26
2018.01.23 21:36:28.714,1.15165,1.15179,1.00,1.32
2018.01.23 21:36:29.247,1.15164,1.15181,1.25,2.32
2018.01.23 21:36:30.036,1.15164,1.15181,1.25,2.32
2018.01.23 21:36:33.949,1.15165,1.15179,1.00,1.01
2018.01.23 21:36:34.459,1.15166,1.1518,1.00,1.26
2018.01.23 21:36:34.840,1.15164,1.15181,1.25,1.57
2018.01.23 21:36:35.387,1.15164,1.15179,1.00,1.32
2018.01.23 21:36:35.939,1.15164,1.15179,1.00,1.01
2018.01.23 21:36:39.955,1.15165,1.1518,1.00,1.26
2018.01.23 21:36:40.469,1.15165,1.15182,1.25,2.32
2018.01.23 21:36:42.950,1.15164,1.15181,1.00,1.51
2018.01.23 21:36:43.551,1.15164,1.15181,1.00,1.51
2018.01.23 21:36:43.706,1.15162,1.15179,1.00,1.10
2018.01.23 21:36:44.215,1.15162,1.15179,1.00,1.07
2018.01.23 21:36:44.566,1.15164,1.15179,1.00,1.10
2018.01.23 21:36:49.738,1.15164,1.15179,1.00,1.07
2018.01.23 21:36:50.264,1.15165,1.15182,1.00,1.95
2018.01.23 21:36:50.661,1.15167,1.15182,1.00,1.57
2018.01.23 21:36:52.095,1.15166,1.15183,1.00,1.70
2018.01.23 21:36:52.621,1.15165,1.1518,1.00,1.01
2018.01.23 21:36:52.674,1.15163,1.1518,1.25,2.14
2018.01.23 21:36:53.185,1.15163,1.1518,1.25,2.14
2018.01.23 21:36:53.451,1.15161,1.15178,1.01,1.39
2018.01.23 21:36:53.503,1.15161,1.15178,1.25,1.39
2018.01.23 21:36:54.025,1.15162,1.15176,1.00,1.25
2018.01.23 21:36:54.281,1.15164,1.1518,1.25,1.45
2018.01.23 21:36:57.400,1.15161,1.15178,1.10,1.47
2018.01.23 21:36:57.506,1.15159,1.15176,1.00,1.26
2018.01.23 21:36:57.558,1.1516,1.15174,1.00,1.19
2018.01.23 21:36:57.715,1.15161,1.15176,1.00,1.20
2018.01.23 21:37:00.619,1.15161,1.15176,1.00,1.20
2018.01.23 21:37:01.156,1.15161,1.15176,1.25,1.57
2018.01.23 21:37:02.431,1.15161,1.15176,1.00,1.32
2018.01.23 21:37:02.794,1.15158,1.15175,1.44,1.20
2018.01.23 21:37:03.324,1.1516,1.15177,1.00,1.89
2018.01.23 21:37:04.296,1.1516,1.15177,1.00,3.07
2018.01.23 21:37:05.733,1.15154,1.15176,1.07,2.70
2018.01.23 21:37:05.886,1.15161,1.15176,1.00,1.64
2018.01.23 21:37:07.155,1.15162,1.15177,1.25,1.64
2018.01.23 21:37:07.259,1.15163,1.15178,1.00,2.14
2018.01.23 21:37:07.645,1.15161,1.15178,1.12,1.89
2018.01.23 21:37:08.188,1.15163,1.15178,1.00,2.14
2018.01.23 21:37:08.502,1.15161,1.15178,1.00,3.07
2018.01.23 21:37:09.040,1.15161,1.15177,1.00,1.39
2018.01.23 21:37:09.197,1.15161,1.15176,1.25,1.39
2018.01.23 21:37:09.744,1.15161,1.15176,1.25,1.32
2018.01.23 21:37:10.269,1.15156,1.15175,1.00,1.07
2018.01.23 21:37:10.798,1.15156,1.15175,1.10,1.20
2018.01.23 21:37:11.397,1.1516,1.15175,1.00,1.20
2018.01.23 21:37:13.218,1.15161,1.15176,1.00,1.32
2018.01.23 21:37:13.322,1.15163,1.15178,1.12,1.26
2018.01.23 21:37:13.951,1.15163,1.15178,1.12,1.39
2018.01.23 21:37:16.475,1.15163,1.15178,1.00,1.39
2018.01.23 21:37:16.527,1.15161,1.15176,1.00,1.07
2018.01.23 21:37:17.224,1.15161,1.15176,1.00,1.20
2018.01.23 21:37:18.216,1.15162,1.15178,1.25,1.64
2018.01.23 21:37:18.278,1.15162,1.15178,1.25,1.39
2018.01.23 21:37:21.039,1.15162,1.15179,1.25,2.32
2018.01.23 21:37:21.190,1.15165,1.15181,1.25,1.20
2018.01.23 21:37:21.561,1.15166,1.15182,1.00,1.39
2018.01.23 21:37:22.107,1.15166,1.15182,1.00,1.39
2018.01.23 21:37:27.463,1.15166,1.15181,1.00,1.10
2018.01.23 21:37:27.566,1.15168,1.15182,1.00,1.10
2018.01.23 21:37:27.935,1.15167,1.15181,1.00,1.76
2018.01.23 21:37:28.767,1.15165,1.1518,1.00,1.01
2018.01.23 21:37:30.021,1.15165,1.1518,1.00,1.32
2018.01.23 21:37:30.490,1.15162,1.15177,1.10,1.12
2018.01.23 21:37:30.597,1.1516,1.15177,1.25,1.95
2018.01.23 21:37:31.361,1.15161,1.15177,1.00,1.26
2018.01.23 21:37:32.025,1.15161,1.15178,1.32,1.31
2018.01.23 21:37:33.045,1.15163,1.15177,1.00,1.19
2018.01.23 21:37:33.804,1.15162,1.15177,1.25,1.19
2018.01.23 21:37:35.303,1.15161,1.15176,1.10,1.25
2018.01.23 21:37:35.408,1.15162,1.15179,1.00,1.76
2018.01.23 21:37:35.624,1.15162,1.15179,1.00,2.14
2018.01.23 21:37:35.877,1.15162,1.15179,1.00,1.76
2018.01.23 21:37:37.948,1.15162,1.15177,1.25,1.00
2018.01.23 21:37:38.464,1.15162,1.15179,1.10,1.20
2018.01.23 21:37:39.841,1.15166,1.15182,1.25,1.39
2018.01.23 21:37:39.945,1.15168,1.15185,1.00,1.64
2018.01.23 21:37:40.448,1.15166,1.15183,1.32,1.44
2018.01.23 21:37:40.500,1.15165,1.1518,1.00,1.44
2018.01.23 21:37:40.552,1.15159,1.15181,1.64,2.06
2018.01.23 21:37:41.274,1.15165,1.1518,1.00,1.37
2018.01.23 21:37:41.380,1.15166,1.15181,1.10,1.19
2018.01.23 21:37:44.069,1.15167,1.15181,1.00,1.19
2018.01.23 21:37:44.867,1.15169,1.15184,1.00,1.51
2018.01.23 21:37:56.292,1.15168,1.15184,1.25,1.37
2018.01.23 21:37:56.651,1.15166,1.15182,1.00,1.20
2018.01.23 21:37:57.202,1.15167,1.15182,1.00,1.20
2018.01.23 21:37:57.390,1.15165,1.15182,1.25,1.20
2018.01.23 21:38:00.039,1.15166,1.15183,1.25,1.70
2018.01.23 21:38:00.575,1.15167,1.15181,1.00,1.10
2018.01.23 21:38:00.776,1.15165,1.15182,1.25,1.57
2018.01.23 21:38:01.298,1.15166,1.1518,1.00,1.10
2018.01.23 21:38:02.246,1.15161,1.15178,1.10,1.00
2018.01.23 21:38:02.297,1.15161,1.15178,1.00,2.32
2018.01.23 21:38:02.605,1.1516,1.15175,1.25,1.20
2018.01.23 21:38:04.352,1.15159,1.15174,1.00,1.25
2018.01.23 21:38:04.871,1.15158,1.15175,1.00,1.95
2018.01.23 21:38:10.071,1.15158,1.15173,1.25,1.00
2018.01.23 21:38:10.799,1.15158,1.15173,1.00,1.07
2018.01.23 21:38:16.084,1.15159,1.15173,1.00,1.07
2018.01.23 21:38:18.348,1.15157,1.15174,1.25,2.51
2018.01.23 21:38:19.824,1.15155,1.15171,1.10,1.69
2018.01.23 21:38:20.345,1.15156,1.15171,1.00,1.00
2018.01.23 21:38:20.500,1.15154,1.15171,1.00,1.57
2018.01.23 21:38:21.146,1.15154,1.15171,1.25,1.95
2018.01.23 21:38:25.855,1.15158,1.15173,1.00,1.95
2018.01.23 21:38:25.957,1.1516,1.15175,1.00,1.32
2018.01.23 21:38:26.508,1.1516,1.15176,1.00,1.76
2018.01.23 21:38:33.083,1.15161,1.15177,1.00,1.44
2018.01.23 21:38:34.756,1.1516,1.15177,1.00,1.87
2018.01.23 21:38:35.274,1.1516,1.15174,1.00,1.00
2018.01.23 21:38:37.405,1.1516,1.15175,1.00,1.25
2018.01.23 21:38:37.992,1.1516,1.15175,1.10,1.19
2018.01.23 21:38:43.214,1.15159,1.15174,1.00,1.25
2018.01.23 21:38:45.070,1.15159,1.15174,1.00,1.32
2018.01.23 21:38:45.731,1.15159,1.15174,1.00,1.01
2018.01.23 21:38:47.777,1.15159,1.15174,1.00,1.29
2018.01.23 21:38:50.083,1.15158,1.15174,1.00,1.29
2018.01.23 21:38:50.187,1.1516,1.15175,1.00,1.26
2018.01.23 21:38:50.691,1.15161,1.15176,1.00,2.14
2018.01.23 21:38:53.174,1.15161,1.15176,1.00,1.32
2018.01.23 21:38:53.539,1.15157,1.15174,1.26,1.69
2018.01.23 21:38:53.593,1.15157,1.15171,1.00,1.10
2018.01.23 21:38:53.774,1.15153,1.15169,1.25,1.19
2018.01.23 21:38:53.829,1.15151,1.15167,1.25,1.19
2018.01.23 21:38:54.347,1.15149,1.15165,1.00,1.25
2018.01.23 21:38:54.777,1.15147,1.15164,1.25,1.01
2018.01.23 21:38:54.881,1.15147,1.15164,1.00,1.07
2018.01.23 21:38:55.372,1.15149,1.15164,1.00,1.20
2018.01.23 21:38:55.781,1.15146,1.15163,1.25,1.76
2018.01.23 21:38:56.301,1.15147,1.15163,1.00,1.29
2018.01.23 21:38:57.258,1.15148,1.15163,1.00,1.19
2018.01.23 21:38:59.260,1.15147,1.15163,1.00,1.69
2018.01.23 21:38:59.769,1.15146,1.15162,1.00,1.19
2018.01.23 21:39:00.326,1.15146,1.15164,1.00,1.39
2018.01.23 21:39:00.975,1.15146,1.15163,1.07,1.19
2018.01.23 21:39:03.593,1.15147,1.15165,1.32,1.20
2018.01.23 21:39:05.202,1.15145,1.1516,1.20,1.12
2018.01.23 21:39:05.254,1.15143,1.15159,1.10,1.00
2018.01.23 21:39:05.770,1.15143,1.1516,1.10,1.12
2018.01.23 21:39:05.877,1.15148,1.15163,1.00,1.76
2018.01.23 21:39:05.982,1.15148,1.15163,1.00,1.12
2018.01.23 21:39:06.525,1.15149,1.15166,1.25,2.51
2018.01.23 21:39:07.190,1.1515,1.15166,1.00,1.76
2018.01.23 21:39:07.453,1.15151,1.15167,1.00,1.37
2018.01.23 21:39:08.190,1.15153,1.15168,1.00,2.14
2018.01.23 21:39:10.775,1.1515,1.15167,1.45,1.37
2018.01.23 21:39:10.828,1.1515,1.15165,1.07,1.19
2018.01.23 21:39:10.932,1.15151,1.15167,1.07,1.00
2018.01.23 21:39:10.984,1.15152,1.1517,1.00,1.45
2018.01.23 21:39:11.037,1.1515,1.15169,1.10,1.20
2018.01.23 21:39:11.089,1.15151,1.15166,1.10,1.25
2018.01.23 21:39:15.355,1.15156,1.1517,1.00,1.01
2018.01.23 21:39:15.891,1.15153,1.15168,1.20,1.00
2018.01.23 21:39:15.943,1.15152,1.15167,1.07,1.44
2018.01.23 21:39:16.444,1.15152,1.15167,1.00,1.19
2018.01.23 21:39:16.983,1.15151,1.15166,1.00,1.19
2018.01.23 21:39:20.000,1.15149,1.15166,1.01,1.95
2018.01.23 21:39:27.681,1.15151,1.15166,1.00,1.95
2018.01.23 21:39:33.284,1.1515,1.15167,1.00,1.95
2018.01.23 21:39:33.706,1.15153,1.15167,1.00,1.20
2018.01.23 21:39:33.968,1.15152,1.15169,1.10,1.39
2018.01.23 21:39:34.258,1.15154,1.15171,1.25,2.51
2018.01.23 21:39:34.589,1.15156,1.15173,1.25,1.76
2018.01.23 21:39:35.143,1.15157,1.15172,1.00,1.26
2018.01.23 21:39:39.285,1.15156,1.15171,1.25,1.25
2018.01.23 21:39:40.343,1.15158,1.15174,1.00,1.95
2018.01.23 21:39:40.792,1.15155,1.15172,1.00,2.32
2018.01.23 21:39:41.049,1.15153,1.1517,1.01,1.10
2018.01.23 21:39:41.311,1.15153,1.15169,1.00,1.19
2018.01.23 21:39:41.362,1.15154,1.15169,1.00,1.25
2018.01.23 21:39:50.120,1.15153,1.1517,1.25,1.44
2018.01.23 21:39:50.480,1.15155,1.15169,1.00,1.25
2018.01.23 21:39:51.931,1.15154,1.15171,1.25,1.95
2018.01.23 21:39:52.538,1.15155,1.15169,1.00,1.25
2018.01.23 21:39:53.088,1.15154,1.15171,1.00,1.19
2018.01.23 21:39:53.690,1.15155,1.15172,1.25,1.76
2018.01.23 21:39:55.491,1.15156,1.15172,1.00,1.29
2018.01.23 21:39:55.802,1.15158,1.15173,1.00,1.37
2018.01.23 21:39:55.956,1.15158,1.15173,1.00,1.51
2018.01.23 21:39:56.643,1.15156,1.15171,1.00,1.00
2018.01.23 21:39:57.164,1.15156,1.15172,1.00,1.25
2018.01.23 21:39:57.216,1.15156,1.15171,1.00,1.19
2018.01.23 21:39:57.929,1.15156,1.15173,1.00,1.37
2018.01.23 21:39:58.995,1.15155,1.15172,1.00,1.12
2018.01.23 21:39:59.143,1.15155,1.15171,1.25,1.20
2018.01.23 21:39:59.694,1.15156,1.15173,1.00,1.87
2018.01.23 21:40:01.817,1.15157,1.15173,1.00,1.20
2018.01.23 21:40:02.128,1.15159,1.15175,1.25,1.29
2018.01.23 21:40:02.604,1.15161,1.15177,1.25,1.45
2018.01.23 21:40:02.658,1.15163,1.15178,1.00,1.45
2018.01.23 21:40:02.871,1.15161,1.15178,1.01,1.39
2018.01.23 21:40:03.082,1.15163,1.15179,1.00,1.39
2018.01.23 21:40:04.036,1.15163,1.1518,1.00,1.87
2018.01.23 21:40:04.348,1.15165,1.15179,1.00,1.25
2018.01.23 21:40:04.696,1.15163,1.15179,1.00,1.19
2018.01.23 21:40:05.084,1.15163,1.15178,1.00,1.19
2018.01.23 21:40:05.505,1.15165,1.1518,1.00,1.51
2018.01.23 21:40:07.682,1.15166,1.15183,1.00,1.95
2018.01.23 21:40:10.500,1.1516,1.15181,1.45,1.37
2018.01.23 21:40:11.098,1.15164,1.1518,1.25,1.29
2018.01.23 21:40:12.944,1.15163,1.1518,1.00,1.37
2018.01.23 21:40:13.549,1.15163,1.15178,1.00,1.19
2018.01.23 21:40:14.097,1.15164,1.15179,1.00,1.44
2018.01.23 21:40:14.761,1.15164,1.15179,1.10,1.12
2018.01.23 21:40:15.023,1.15166,1.15181,1.00,1.95
2018.01.23 21:40:15.599,1.15167,1.15181,1.00,1.37
2018.01.23 21:40:16.043,1.15164,1.15181,1.01,1.62
2018.01.23 21:40:16.927,1.15163,1.15179,1.10,1.12
2018.01.23 21:40:20.425,1.15162,1.15177,1.07,1.00
2018.01.23 21:40:21.013,1.15162,1.15177,1.10,1.00
2018.01.23 21:40:27.150,1.15161,1.15176,1.00,1.25
2018.01.23 21:40:27.749,1.15162,1.15177,1.00,1.44
2018.01.23 21:40:28.371,1.15163,1.15179,1.00,1.29
2018.01.23 21:40:29.094,1.15164,1.15179,1.00,1.76
2018.01.23 21:40:29.611,1.15163,1.15178,1.00,1.44
2018.01.23 21:40:30.144,1.15163,1.1518,1.12,2.14
2018.01.23 21:40:30.841,1.15163,1.1518,1.20,1.31
2018.01.23 21:40:31.839,1.15163,1.1518,1.20,1.39
2018.01.23 21:40:35.409,1.15165,1.1518,1.00,1.39
2018.01.23 21:40:41.158,1.15164,1.15179,1.00,1.29
2018.01.23 21:40:44.145,1.15163,1.15178,1.12,1.25
2018.01.23 21:40:44.304,1.15157,1.15174,1.10,1.87
2018.01.23 21:40:44.881,1.15158,1.15174,1.00,1.44
2018.01.23 21:40:48.583,1.15155,1.1517,1.07,1.19
2018.01.23 21:40:48.687,1.15154,1.15169,1.00,1.19
2018.01.23 21:40:49.291,1.15155,1.1517,1.00,1.95
2018.01.23 21:40:49.496,1.15152,1.15168,1.10,1.69
2018.01.23 21:40:49.817,1.15159,1.15173,1.00,1.44
2018.01.23 21:40:51.367,1.15161,1.15176,1.25,1.95
2018.01.23 21:40:52.355,1.1516,1.15175,1.00,1.44
2018.01.23 21:40:53.153,1.15159,1.15174,1.10,1.44
2018.01.23 21:40:53.684,1.1516,1.15177,1.01,2.14
2018.01.23 21:40:54.015,1.15162,1.15176,1.00,1.44
2018.01.23 21:40:57.163,1.15162,1.15176,1.00,1.44
2018.01.23 21:40:59.241,1.15163,1.15178,1.00,1.37
2018.01.23 21:40:59.413,1.15165,1.15179,1.00,1.12
2018.01.23 21:40:59.971,1.15166,1.15181,1.00,1.95
2018.01.23 21:41:12.864,1.15165,1.1518,1.00,1.37
2018.01.23 21:41:16.523,1.15166,1.1518,1.00,1.37
2018.01.23 21:41:18.496,1.15165,1.1518,1.00,1.47
2018.01.23 21:41:24.548,1.15164,1.15179,1.00,1.12
2018.01.23 21:41:24.703,1.15162,1.15179,1.00,2.14
2018.01.23 21:41:24.910,1.15162,1.15179,1.00,1.95
2018.01.23 21:41:25.605,1.15162,1.15178,1.00,1.10
2018.01.23 21:41:30.345,1.15164,1.1518,1.00,1.95
2018.01.23 21:41:41.567,1.15163,1.1518,1.00,1.51
2018.01.23 21:41:52.716,1.15164,1.1518,1.00,1.20
2018.01.23 21:41:53.246,1.15165,1.15182,1.00,1.95
2018.01.23 21:41:56.625,1.15164,1.1518,1.00,1.44
2018.01.23 21:41:57.242,1.15165,1.15182,1.00,1.95
2018.01.23 21:41:57.828,1.15165,1.15182,1.25,2.32
2018.01.23 21:41:59.339,1.15164,1.15181,1.25,1.70
2018.01.23 21:41:59.706,1.15161,1.15179,1.07,1.95
2018.01.23 21:42:06.704,1.15162,1.15177,1.00,1.37
2018.01.23 21:42:10.577,1.15161,1.15176,1.00,1.44
2018.01.23 21:42:11.229,1.15159,1.15176,1.00,1.20
2018.01.23 21:42:11.491,1.15161,1.15176,1.00,1.51
2018.01.23 21:42:12.608,1.15159,1.15176,1.25,1.95
2018.01.23 21:42:17.698,1.15159,1.15175,1.00,1.29
2018.01.23 21:42:18.222,1.15158,1.15174,1.00,1.51
2018.01.23 21:42:21.979,1.15157,1.15175,1.00,1.45
2018.01.23 21:42:28.428,1.15159,1.15175,1.00,1.45
2018.01.23 21:42:28.768,1.15161,1.15176,1.00,1.20
2018.01.23 21:42:29.830,1.15158,1.15175,1.07,1.44
2018.01.23 21:42:30.003,1.15157,1.15174,1.12,1.37
2018.01.23 21:42:32.875,1.15157,1.15174,1.07,1.37
2018.01.23 21:42:34.170,1.15159,1.15174,1.00,1.47
2018.01.23 21:42:35.436,1.1516,1.15176,1.00,1.47
2018.01.23 21:42:35.594,1.15161,1.15179,1.32,2.07
2018.01.23 21:42:36.509,1.15159,1.15175,1.20,1.44
2018.01.23 21:42:36.612,1.15159,1.15175,1.10,1.19
2018.01.23 21:42:40.043,1.15159,1.15175,1.10,1.19
2018.01.23 21:42:41.655,1.1516,1.15175,1.00,1.19
2018.01.23 21:42:44.971,1.15159,1.15177,1.10,2.70
2018.01.23 21:42:45.512,1.15163,1.15178,1.00,1.26
2018.01.23 21:42:45.563,1.15163,1.15178,1.00,1.19
2018.01.23 21:42:55.583,1.15165,1.1518,1.00,1.19
2018.01.23 21:42:55.641,1.15165,1.15182,1.01,1.39
2018.01.23 21:42:58.689,1.15164,1.15182,1.20,1.56
2018.01.23 21:43:00.060,1.15166,1.15181,1.10,1.44
2018.01.23 21:43:00.858,1.15165,1.15182,1.10,1.44
2018.01.23 21:43:01.210,1.15167,1.15182,1.00,1.19
2018.01.23 21:43:01.869,1.15167,1.15182,1.00,1.19
2018.01.23 21:43:02.155,1.15165,1.15182,1.01,1.37
2018.01.23 21:43:02.709,1.15165,1.15182,1.25,1.62
2018.01.23 21:43:03.256,1.15166,1.15182,1.10,1.37
2018.01.23 21:43:03.785,1.15165,1.15182,1.01,1.44
2018.01.23 21:43:03.839,1.15167,1.15182,1.00,1.12
2018.01.23 21:43:03.894,1.15168,1.15185,1.00,1.32
2018.01.23 21:43:03.949,1.15171,1.15186,1.00,1.29
2018.01.23 21:43:04.496,1.15169,1.15187,1.32,1.29
2018.01.23 21:43:05.164,1.15172,1.15187,1.00,1.29
2018.01.23 21:43:07.132,1.1517,1.15188,1.26,1.20
2018.01.23 21:43:07.418,1.15168,1.15186,1.32,1.29
2018.01.23 21:43:07.788,1.15168,1.15183,1.10,1.00
2018.01.23 21:43:10.917,1.15168,1.15183,1.07,1.00
2018.01.23 21:43:12.361,1.15168,1.15183,1.10,1.00
2018.01.23 21:43:12.689,1.15169,1.15185,1.00,1.25
2018.01.23 21:43:13.052,1.15167,1.15183,1.32,1.25
2018.01.23 21:43:13.582,1.15168,1.15185,1.07,1.19
2018.01.23 21:43:14.134,1.15168,1.15186,1.10,1.44
2018.01.23 21:43:14.751,1.15168,1.15186,1.32,1.31
2018.01.23 21:43:15.126,1.15171,1.15186,1.00,1.25
2018.01.23 21:43:15.309,1.15158,1.15177,1.26,1.00
2018.01.23 21:43:15.395,1.15158,1.1518,1.26,1.61
2018.01.23 21:43:15.449,1.15161,1.15178,1.00,1.37
2018.01.23 21:43:15.760,1.15156,1.15171,1.25,1.00
2018.01.23 21:43:16.266,1.15155,1.1517,1.00,1.00
2018.01.23 21:43:18.591,1.15158,1.15176,1.00,1.64
2018.01.23 21:43:18.655,1.15159,1.15178,1.00,2.32
2018.01.23 21:43:19.419,1.15158,1.15176,1.25,1.57
2018.01.23 21:43:20.954,1.15158,1.15173,1.00,1.10
2018.01.23 21:43:21.059,1.15156,1.15174,1.01,1.57
2018.01.23 21:43:21.461,1.15156,1.15174,1.25,1.57
2018.01.23 21:43:22.043,1.1516,1.15175,1.00,1.70
2018.01.23 21:43:22.146,1.1516,1.15175,1.00,1.45
2018.01.23 21:43:22.810,1.15163,1.15179,1.00,1.82
2018.01.23 21:43:22.862,1.15163,1.15179,1.00,1.51
2018.01.23 21:43:23.367,1.15163,1.15178,1.10,1.19
2018.01.23 21:43:26.745,1.15161,1.15179,1.19,1.57
2018.01.23 21:43:27.341,1.15161,1.15179,1.00,1.47
2018.01.23 21:43:32.576,1.15162,1.15178,1.00,1.29
2018.01.23 21:43:36.191,1.15161,1.15178,1.07,1.25
2018.01.23 21:43:39.332,1.15163,1.15178,1.00,1.12
2018.01.23 21:43:39.900,1.15164,1.15179,1.00,1.37
2018.01.23 21:43:40.512,1.15165,1.15182,1.25,1.70
2018.01.23 21:43:40.565,1.15168,1.15184,1.10,1.37
2018.01.23 21:43:41.086,1.15168,1.15186,1.07,1.20
2018.01.23 21:43:47.734,1.15169,1.15186,1.00,1.26
2018.01.23 21:43:48.763,1.15169,1.15184,1.00,1.00
2018.01.23 21:43:50.845,1.15169,1.15185,1.10,1.25
2018.01.23 21:43:52.491,1.15166,1.15184,1.57,1.00
2018.01.23 21:43:52.545,1.15167,1.15182,1.07,1.00
2018.01.23 21:43:52.598,1.15166,1.15181,1.00,1.25
2018.01.23 21:43:52.989,1.15164,1.15181,1.25,1.25
2018.01.23 21:43:56.537,1.15165,1.15181,1.00,1.32
2018.01.23 21:43:57.056,1.15169,1.15185,1.25,1.51
2018.01.23 21:44:02.091,1.15168,1.15184,1.00,1.19
2018.01.23 21:44:02.305,1.15166,1.15184,1.10,1.26
2018.01.23 21:44:03.090,1.15166,1.15184,1.01,1.57
2018.01.23 21:44:03.630,1.15167,1.15185,1.25,1.20
2018.01.23 21:44:04.343,1.15168,1.15185,1.00,1.29
2018.01.23 21:44:07.273,1.15169,1.15186,1.25,1.20
2018.01.23 21:44:08.812,1.1517,1.15186,1.00,1.20
2018.01.23 21:44:14.724,1.1517,1.15186,1.00,1.29
2018.01.23 21:44:16.759,1.15165,1.15184,1.00,2.07
2018.01.23 21:44:16.813,1.15161,1.15184,1.26,1.95
2018.01.23 21:44:16.865,1.15167,1.15183,1.00,2.32
2018.01.23 21:44:17.372,1.15165,1.15181,1.00,1.39
2018.01.23 21:44:18.019,1.15165,1.15181,1.00,1.39
2018.01.23 21:44:22.017,1.15165,1.15181,1.00,1.39
2018.01.23 21:44:22.533,1.15165,1.15182,1.00,1.89
2018.01.23 21:44:22.584,1.15165,1.15182,1.00,1.89
2018.01.23 21:44:24.108,1.15165,1.15182,1.00,1.89
2018.01.23 21:44:27.624,1.15164,1.15182,1.00,2.32
2018.01.23 21:44:27.881,1.15166,1.15181,1.00,1.39
2018.01.23 21:44:32.518,1.15165,1.15181,1.00,1.26
2018.01.23 21:44:33.023,1.15163,1.1518,1.00,1.32
2018.01.23 21:44:33.600,1.15163,1.15179,1.00,1.39
2018.01.23 21:44:35.480,1.15163,1.1518,1.00,1.64
2018.01.23 21:44:35.533,1.15168,1.15186,1.00,2.14
2018.01.23 21:44:35.846,1.1517,1.15186,1.00,1.20
2018.01.23 21:44:36.772,1.1517,1.15188,1.00,1.64
2018.01.23 21:44:37.273,1.15171,1.15189,1.00,1.89
2018.01.23 21:44:37.838,1.15171,1.15189,1.00,1.64
2018.01.23 21:44:39.893,1.15171,1.15189,1.00,1.39
2018.01.23 21:44:40.650,1.15171,1.15189,1.00,1.64
2018.01.23 21:44:43.585,1.15171,1.15189,1.44,1.89
2018.01.23 21:44:44.505,1.15171,1.15189,1.00,1.64
2018.01.23 21:44:46.264,1.15173,1.15189,1.00,1.64
2018.01.23 21:44:46.315,1.15173,1.15189,1.00,1.26
2018.01.23 21:44:47.365,1.15171,1.15187,1.00,1.29
2018.01.23 21:44:47.419,1.15168,1.15185,1.19,1.57
2018.01.23 21:44:47.523,1.15165,1.15183,1.00,1.39
2018.01.23 21:44:48.036,1.15165,1.15181,1.00,1.64
2018.01.23 21:44:48.542,1.15165,1.15181,1.00,1.26
2018.01.23 21:44:49.082,1.15165,1.15181,1.00,1.39
2018.01.23 21:44:49.745,1.15165,1.15183,1.00,1.64
2018.01.23 21:44:50.274,1.15165,1.15183,1.25,1.89
2018.01.23 21:44:50.929,1.15167,1.15183,1.00,1.89
2018.01.23 21:44:52.972,1.15166,1.15183,1.00,1.64
2018.01.23 21:44:53.479,1.15166,1.15183,1.00,1.64
2018.01.23 21:44:54.237,1.15166,1.15183,1.00,1.64
2018.01.23 21:44:54.878,1.15166,1.15183,1.00,1.39
2018.01.23 21:44:58.109,1.15166,1.15183,1.00,1.39
2018.01.23 21:44:58.859,1.15166,1.15183,1.00,1.26
2018.01.23 21:44:59.749,1.15167,1.15183,1.00,1.26
2018.01.23 21:45:00.137,1.15169,1.15185,1.00,1.57
2018.01.23 21:45:00.190,1.1517,1.15188,1.25,1.76
2018.01.23 21:45:01.003,1.15168,1.15186,1.01,1.26
2018.01.23 21:45:01.654,1.15168,1.15186,1.25,1.26
2018.01.23 21:45:06.009,1.15168,1.15186,1.25,1.29
2018.01.23 21:45:10.051,1.15168,1.15186,1.00,1.26
2018.01.23 21:45:10.207,1.1517,1.15186,1.00,1.07
2018.01.23 21:45:10.259,1.1517,1.15186,1.00,1.10
2018.01.23 21:45:13.987,1.1517,1.15186,1.00,1.07
2018.01.23 21:45:22.958,1.1517,1.15186,1.00,1.10
2018.01.23 21:45:23.307,1.1517,1.15186,1.00,1.07
2018.01.23 21:45:23.937,1.15168,1.15187,1.44,1.32
2018.01.23 21:45:24.047,1.15169,1.15187,1.00,1.07
2018.01.23 21:45:24.808,1.15168,1.15185,1.00,1.07
2018.01.23 21:45:26.508,1.15168,1.15184,1.25,1.10
2018.01.23 21:45:26.836,1.15168,1.15184,1.00,1.07
2018.01.23 21:45:27.195,1.15169,1.15185,1.00,1.10
2018.01.23 21:45:31.408,1.15169,1.15185,1.00,1.07
2018.01.23 21:45:33.983,1.15169,1.15185,1.00,1.10
2018.01.23 21:45:38.722,1.1517,1.15186,1.00,1.10
2018.01.23 21:45:39.335,1.15168,1.15186,1.19,1.10
2018.01.23 21:45:39.926,1.15168,1.15186,1.00,1.10
2018.01.23 21:45:43.697,1.15168,1.15186,1.00,1.07
2018.01.23 21:45:44.738,1.15168,1.15184,1.00,1.10
2018.01.23 21:45:45.281,1.15168,1.15184,1.00,1.07
2018.01.23 21:45:51.544,1.15168,1.15184,1.00,1.10
2018.01.23 21:45:52.713,1.15168,1.15186,1.00,1.32
2018.01.23 21:45:53.273,1.15168,1.15186,1.12,1.32
2018.01.23 21:45:56.191,1.15168,1.15186,1.25,1.07
2018.01.23 21:45:59.410,1.15168,1.15187,1.12,1.07
2018.01.23 21:45:59.966,1.15168,1.15187,1.31,1.32
2018.01.23 21:46:02.284,1.15168,1.15187,1.12,1.07
2018.01.23 21:46:02.447,1.1517,1.15186,1.00,1.10
2018.01.23 21:46:04.919,1.1517,1.15186,1.00,1.07
2018.01.23 21:46:14.436,1.1517,1.15186,1.25,1.07
2018.01.23 21:46:14.698,1.15167,1.15185,1.44,1.07
2018.01.23 21:46:14.852,1.15167,1.15185,1.44,1.07
2018.01.23 21:46:19.297,1.15167,1.15185,1.44,1.07
2018.01.23 21:46:24.636,1.1516,1.15179,2.89,1.25
2018.01.23 21:46:24.820,1.15159,1.15177,1.19,1.57
2018.01.23 21:46:24.872,1.15159,1.15177,1.19,1.76
2018.01.23 21:46:25.261,1.1516,1.15178,1.20,1.32
2018.01.23 21:46:25.769,1.15154,1.15174,1.76,1.00
2018.01.23 21:46:25.822,1.15152,1.15174,2.36,1.07
2018.01.23 21:46:25.875,1.15154,1.1517,1.19,1.00
2018.01.23 21:46:26.006,1.15154,1.1517,1.00,1.00
2018.01.23 21:46:26.826,1.15156,1.15173,1.00,1.20
2018.01.23 21:46:27.360,1.15157,1.15173,1.25,1.07
2018.01.23 21:46:29.371,1.15155,1.15173,1.37,1.07
2018.01.23 21:46:30.061,1.15154,1.15173,1.31,1.07
2018.01.23 21:46:30.717,1.15154,1.15173,1.12,1.07
2018.01.23 21:46:31.313,1.15155,1.15172,1.12,1.32
2018.01.23 21:46:32.005,1.15155,1.15172,1.44,1.32
2018.01.23 21:46:33.192,1.15149,1.15167,1.95,1.00
2018.01.23 21:46:33.299,1.15148,1.15166,1.44,1.07
2018.01.23 21:46:33.403,1.15152,1.15166,1.00,1.07
2018.01.23 21:46:33.455,1.15149,1.15166,1.62,1.10
2018.01.23 21:46:33.508,1.15149,1.15166,1.62,1.07
2018.01.23 21:46:33.716,1.15151,1.15166,1.25,1.10
2018.01.23 21:46:33.774,1.15154,1.15169,1.00,1.26
2018.01.23 21:46:33.827,1.1515,1.15166,1.44,1.07
2018.01.23 21:46:33.881,1.1515,1.15165,1.25,1.10
2018.01.23 21:46:33.987,1.15152,1.15168,1.00,1.39
2018.01.23 21:46:34.680,1.15152,1.15167,1.00,1.32
2018.01.23 21:46:35.200,1.15156,1.15171,1.00,2.32
2018.01.23 21:46:35.305,1.15156,1.15172,1.00,1.07
2018.01.23 21:46:35.367,1.15154,1.15171,1.12,1.20
2018.01.23 21:46:35.423,1.15151,1.15168,1.64,1.00
2018.01.23 21:46:35.790,1.1515,1.15167,1.31,1.25
2018.01.23 21:46:35.894,1.1515,1.15167,1.44,1.32
2018.01.23 21:46:36.240,1.15152,1.15169,1.25,1.10
2018.01.23 21:46:36.293,1.15152,1.15167,1.00,1.00
2018.01.23 21:46:36.462,1.15145,1.15162,1.20,1.00
2018.01.23 21:46:36.576,1.15144,1.15161,1.44,1.07
2018.01.23 21:46:36.942,1.15146,1.15162,1.12,1.10
2018.01.23 21:46:36.996,1.15149,1.15165,1.25,1.20
2018.01.23 21:46:37.584,1.15149,1.15166,1.44,1.32
2018.01.23 21:46:37.923,1.15147,1.15163,1.39,1.25
2018.01.23 21:46:37.976,1.15147,1.15161,1.39,1.00
2018.01.23 21:46:38.629,1.15146,1.1516,1.19,1.00
2018.01.23 21:46:38.682,1.15144,1.1516,1.12,1.00
2018.01.23 21:46:38.734,1.15143,1.1516,1.44,1.39
2018.01.23 21:46:39.476,1.15145,1.15162,1.00,1.70
2018.01.23 21:46:39.637,1.15145,1.15164,1.00,2.14
2018.01.23 21:46:40.739,1.15145,1.15165,1.00,2.32
2018.01.23 21:46:41.352,1.15145,1.15163,1.12,1.45
2018.01.23 21:46:43.166,1.15145,1.15163,1.25,1.45
2018.01.23 21:46:44.178,1.15144,1.15163,1.12,1.95
2018.01.23 21:46:45.790,1.15144,1.15163,1.44,1.95
2018.01.23 21:46:46.630,1.15144,1.15163,1.44,1.95
2018.01.23 21:46:48.334,1.15144,1.15162,1.44,1.45
2018.01.23 21:46:53.089,1.15144,1.15163,1.12,1.45
2018.01.23 21:46:53.591,1.15145,1.1516,1.25,1.07
2018.01.23 21:46:56.037,1.15145,1.1516,1.25,1.20
2018.01.23 21:46:57.842,1.15145,1.1516,1.25,1.07
2018.01.23 21:47:03.652,1.15145,1.1516,1.00,1.20
2018.01.23 21:47:14.769,1.15145,1.15159,1.00,1.07
2018.01.23 21:47:15.271,1.15144,1.15161,1.25,1.45
2018.01.23 21:47:15.890,1.15144,1.15161,1.25,1.45
2018.01.23 21:47:16.488,1.15144,1.15161,1.25,1.45
2018.01.23 21:47:17.039,1.15144,1.15161,1.00,1.45
2018.01.23 21:47:18.016,1.15144,1.15161,1.00,1.45
2018.01.23 21:47:18.535,1.15144,1.15161,1.00,1.45
2018.01.23 21:47:19.215,1.15145,1.15159,1.00,1.20
2018.01.23 21:47:19.951,1.15145,1.15159,1.00,1.07
2018.01.23 21:47:20.557,1.15145,1.15159,1.00,1.07
2018.01.23 21:47:20.789,1.15145,1.15159,1.00,1.10
2018.01.23 21:47:21.039,1.15145,1.15159,1.00,1.07
2018.01.23 21:47:21.589,1.15145,1.15159,1.00,1.07
2018.01.23 21:47:22.094,1.15146,1.1516,1.00,1.20
2018.01.23 21:47:22.249,1.15144,1.1516,1.12,1.39
2018.01.23 21:47:23.037,1.15144,1.1516,1.12,1.39
2018.01.23 21:47:23.540,1.15144,1.1516,1.12,1.01
2018.01.23 21:47:24.179,1.15144,1.1516,1.44,1.01
2018.01.23 21:47:24.697,1.15144,1.1516,1.00,1.10
2018.01.23 21:47:24.803,1.15146,1.1516,1.00,1.25
2018.01.23 21:47:28.208,1.15146,1.15162,1.25,1.01
2018.01.23 21:47:30.238,1.15146,1.15162,1.25,1.32
2018.01.23 21:47:32.294,1.15145,1.15161,1.25,1.25
2018.01.23 21:47:32.976,1.15145,1.15161,1.25,1.32
2018.01.23 21:47:34.582,1.15145,1.15162,1.00,1.10
2018.01.23 21:47:36.288,1.15146,1.15162,1.00,1.10
2018.01.23 21:47:38.268,1.15146,1.15162,1.25,1.32
2018.01.23 21:47:40.785,1.15144,1.15161,1.01,1.01
2018.01.23 21:47:40.837,1.15144,1.15159,1.00,1.00
2018.01.23 21:47:44.260,1.15143,1.15159,1.12,1.00
2018.01.23 21:47:47.237,1.15143,1.15159,1.19,1.00
2018.01.23 21:47:54.359,1.15143,1.15159,1.20,1.00
2018.01.23 21:47:55.286,1.15145,1.15159,1.00,1.00
2018.01.23 21:47:55.435,1.15143,1.15159,1.12,1.00
2018.01.23 21:47:55.940,1.15145,1.15159,1.00,1.00
2018.01.23 21:47:56.336,1.15143,1.15159,1.12,1.00
2018.01.23 21:47:56.988,1.15145,1.15159,1.00,1.00
2018.01.23 21:47:57.265,1.15143,1.15159,1.12,1.00
2018.01.23 21:47:57.487,1.15145,1.15159,1.00,1.00
2018.01.23 21:47:58.037,1.15144,1.1516,1.00,1.10
2018.01.23 21:47:58.736,1.15144,1.15158,1.00,1.00
2018.01.23 21:47:59.260,1.15143,1.15159,1.12,1.00
2018.01.23 21:47:59.788,1.15144,1.1516,1.00,1.10
2018.01.23 21:48:00.336,1.15145,1.15159,1.00,1.00
2018.01.23 21:48:00.836,1.15143,1.15159,1.12,1.00
2018.01.23 21:48:01.062,1.15149,1.15165,1.25,1.45
2018.01.23 21:48:01.115,1.1515,1.15166,1.00,1.20
2018.01.23 21:48:01.219,1.15151,1.15167,1.00,1.26
2018.01.23 21:48:02.896,1.15152,1.15166,1.00,1.32
2018.01.23 21:48:03.156,1.1515,1.15166,1.25,1.01
2018.01.23 21:48:03.207,1.1515,1.15166,1.25,1.32
2018.01.23 21:48:03.556,1.15152,1.15166,1.00,1.01
2018.01.23 21:48:04.085,1.15151,1.15165,1.00,1.10
2018.01.23 21:48:04.589,1.15152,1.15166,1.00,1.32
2018.01.23 21:48:05.107,1.15151,1.15167,1.25,1.51
2018.01.23 21:48:05.819,1.15152,1.15166,1.00,1.01
2018.01.23 21:48:05.871,1.1515,1.15166,1.00,1.01
2018.01.23 21:48:06.335,1.15152,1.15166,1.00,1.01
2018.01.23 21:48:06.856,1.15151,1.15165,1.00,1.00
2018.01.23 21:48:07.469,1.15151,1.15167,1.25,1.51
2018.01.23 21:48:07.985,1.1515,1.15167,1.00,1.26
2018.01.23 21:48:08.459,1.15152,1.15166,1.00,1.32
2018.01.23 21:48:09.074,1.15151,1.15166,1.25,1.32
2018.01.23 21:48:09.688,1.1515,1.15167,1.00,1.26
2018.01.23 21:48:10.159,1.15152,1.15166,1.00,1.32
2018.01.23 21:48:10.439,1.1515,1.15167,1.00,1.26
2018.01.23 21:48:11.034,1.15151,1.15167,1.00,1.26
2018.01.23 21:48:11.587,1.15152,1.15166,1.00,1.32
2018.01.23 21:48:11.802,1.1515,1.15167,1.00,1.26
2018.01.23 21:48:12.086,1.15152,1.15166,1.00,1.32
2018.01.23 21:48:12.283,1.1515,1.15167,1.00,1.26
2018.01.23 21:48:12.787,1.15151,1.15166,1.00,1.32
2018.01.23 21:48:13.459,1.15152,1.15166,1.00,1.32
2018.01.23 21:48:14.080,1.15151,1.15167,1.25,1.39
2018.01.23 21:48:14.635,1.15152,1.15166,1.00,1.39
2018.01.23 21:48:14.885,1.1515,1.15166,1.25,1.39
2018.01.23 21:48:15.161,1.15152,1.15166,1.00,1.39
2018.01.23 21:48:15.423,1.1515,1.15166,1.25,1.32
2018.01.23 21:48:19.575,1.1515,1.15166,1.25,1.39
2018.01.23 21:48:21.638,1.15151,1.15167,1.00,1.64
2018.01.23 21:48:22.143,1.15151,1.15167,1.00,1.26
2018.01.23 21:48:22.856,1.15151,1.15167,1.00,1.57
2018.01.23 21:48:23.844,1.15152,1.15166,1.00,1.32
2018.01.23 21:48:24.353,1.15151,1.15166,1.00,1.32
2018.01.23 21:48:24.890,1.15152,1.15166,1.00,1.32
2018.01.23 21:48:25.421,1.15152,1.15168,1.25,1.76
2018.01.23 21:48:25.987,1.15152,1.15168,1.00,1.51
2018.01.23 21:48:39.063,1.15153,1.15169,1.25,1.39
2018.01.23 21:48:39.273,1.15154,1.1517,1.25,1.20
2018.01.23 21:48:39.438,1.15154,1.1517,1.25,1.10
2018.01.23 21:48:39.752,1.15154,1.15168,1.00,1.10
2018.01.23 21:48:43.444,1.15153,1.15169,1.25,1.07
2018.01.23 21:48:43.844,1.15155,1.15169,1.00,1.07
2018.01.23 21:48:44.634,1.15156,1.1517,1.00,1.07
2018.01.23 21:48:45.089,1.15156,1.1517,1.00,1.10
2018.01.23 21:48:45.643,1.15155,1.15169,1.25,1.00
2018.01.23 21:48:46.201,1.15154,1.1517,1.12,1.10
2018.01.23 21:48:46.385,1.15156,1.1517,1.00,1.10
2018.01.23 21:48:46.756,1.15154,1.1517,1.25,1.10
2018.01.23 21:48:46.914,1.15156,1.1517,1.00,1.10
2018.01.23 21:48:47.056,1.15154,1.1517,1.25,1.10
2018.01.23 21:48:47.293,1.15156,1.1517,1.00,1.10
2018.01.23 21:48:47.396,1.15154,1.1517,1.25,1.10
2018.01.23 21:48:48.052,1.15154,1.1517,1.44,1.01
2018.01.23 21:48:48.334,1.15157,1.15172,1.00,1.07
2018.01.23 21:48:48.885,1.15156,1.15171,1.25,1.10
2018.01.23 21:48:49.190,1.15158,1.15172,1.00,1.07
2018.01.23 21:48:49.333,1.15156,1.15171,1.12,1.10
2018.01.23 21:48:50.051,1.15158,1.15172,1.00,1.32
2018.01.23 21:48:50.103,1.15156,1.15172,1.00,1.07
2018.01.23 21:48:50.749,1.15158,1.15172,1.00,1.32
2018.01.23 21:48:51.136,1.15156,1.15171,1.00,1.10
2018.01.23 21:48:51.687,1.15157,1.15171,1.00,1.10
2018.01.23 21:48:52.236,1.15158,1.15172,1.00,1.07
2018.01.23 21:48:52.634,1.15156,1.15172,1.25,1.07
2018.01.23 21:48:55.782,1.15158,1.15172,1.00,1.32
2018.01.23 21:48:55.984,1.15156,1.15172,1.12,1.32
2018.01.23 21:48:56.585,1.15157,1.15173,1.00,1.32
2018.01.23 21:48:57.634,1.15156,1.15172,1.25,1.07
2018.01.23 21:48:58.137,1.15158,1.15172,1.00,1.07
2018.01.23 21:48:58.696,1.15158,1.15174,1.00,1.51
2018.01.23 21:48:59.202,1.15158,1.15172,1.00,1.07
2018.01.23 21:49:00.348,1.15158,1.15172,1.00,1.07
2018.01.23 21:49:00.869,1.15157,1.15172,1.00,1.26
2018.01.23 21:49:01.193,1.15157,1.15172,1.00,1.39
2018.01.23 21:49:03.966,1.15157,1.15171,1.00,1.32
2018.01.23 21:49:09.111,1.15157,1.15171,1.00,1.32
2018.01.23 21:49:14.439,1.15157,1.15171,1.00,1.32
2018.01.23 21:49:14.747,1.15165,1.15179,1.00,1.19
2018.01.23 21:49:14.798,1.15164,1.1518,1.10,1.12
2018.01.23 21:49:15.319,1.15165,1.15181,1.00,2.06
2018.01.23 21:49:20.015,1.15167,1.15181,1.00,1.00
2018.01.23 21:49:21.485,1.15159,1.15181,1.95,1.29
2018.01.23 21:49:21.638,1.15158,1.15181,1.70,1.76
2018.01.23 21:49:21.737,1.15165,1.15181,1.00,1.95
2018.01.23 21:49:22.327,1.15164,1.1518,1.00,1.44
2018.01.23 21:49:22.534,1.15161,1.1518,1.07,1.51
2018.01.23 21:49:24.197,1.15162,1.15179,1.00,1.07
2018.01.23 21:49:27.466,1.15161,1.1518,1.10,1.26
2018.01.23 21:49:38.393,1.1516,1.15179,1.32,1.10
2018.01.23 21:49:39.169,1.15161,1.15179,1.10,1.57
2018.01.23 21:49:44.286,1.15161,1.15179,1.20,1.25
2018.01.23 21:49:44.888,1.15161,1.15179,1.20,1.32
2018.01.23 21:49:46.038,1.15161,1.15179,1.20,1.01
2018.01.23 21:49:47.141,1.15161,1.15179,1.10,1.00
2018.01.23 21:49:47.891,1.15163,1.15179,1.00,1.00
2018.01.23 21:49:48.260,1.15165,1.15181,1.00,2.32
2018.01.23 21:49:48.388,1.15163,1.15181,1.01,1.00
2018.01.23 21:49:48.787,1.15165,1.15182,1.00,1.76
2018.01.23 21:49:49.337,1.15165,1.15184,1.32,1.07
2018.01.23 21:49:49.643,1.15163,1.15182,1.51,1.57
2018.01.23 21:49:50.139,1.15166,1.15185,1.07,1.76
2018.01.23 21:49:50.659,1.15166,1.15185,1.10,1.76
2018.01.23 21:49:51.495,1.15166,1.15185,1.32,2.70
2018.01.23 21:49:52.002,1.15167,1.15183,1.10,1.00
2018.01.23 21:49:52.104,1.15167,1.15185,1.00,1.76
2018.01.23 21:49:52.315,1.15167,1.15183,1.10,1.00
2018.01.23 21:49:52.624,1.1517,1.15185,1.00,1.25
2018.01.23 21:49:53.158,1.15171,1.15187,1.00,1.19
2018.01.23 21:49:54.625,1.15171,1.15188,1.32,1.87
2018.01.23 21:49:55.195,1.15171,1.15188,1.01,1.20
2018.01.23 21:49:55.698,1.15172,1.15187,1.00,1.19
2018.01.23 21:49:57.732,1.15171,1.15188,1.10,1.19
2018.01.23 21:49:59.192,1.15171,1.15186,1.07,1.19
2018.01.23 21:49:59.837,1.1517,1.15188,1.32,1.44
2018.01.23 21:50:00.340,1.15172,1.15187,1.00,1.19
2018.01.23 21:50:00.874,1.15171,1.15186,1.00,1.29
2018.01.23 21:50:01.030,1.15168,1.15186,1.29,2.14
2018.01.23 21:50:01.616,1.15171,1.15186,1.00,1.76
2018.01.23 21:50:01.838,1.15169,1.15186,1.00,1.26
2018.01.23 21:50:02.991,1.15171,1.15186,1.00,1.29
2018.01.23 21:50:03.522,1.1517,1.15187,1.00,1.26
2018.01.23 21:50:04.144,1.15169,1.15186,1.10,1.19
2018.01.23 21:50:04.460,1.15171,1.15186,1.00,1.19
2018.01.23 21:50:04.723,1.15169,1.15186,1.25,1.87
2018.01.23 21:50:04.878,1.15171,1.15186,1.00,1.76
2018.01.23 21:50:05.394,1.15168,1.15184,1.26,1.00
2018.01.23 21:50:05.656,1.15164,1.15182,1.32,1.69
2018.01.23 21:50:06.173,1.15164,1.15182,1.10,1.69
2018.01.23 21:50:06.697,1.15164,1.15182,1.07,1.76
2018.01.23 21:50:06.749,1.15168,1.15183,1.00,1.07
2018.01.23 21:50:07.289,1.15168,1.15183,1.00,1.00
2018.01.23 21:50:09.353,1.15167,1.15182,1.10,1.00
2018.01.23 21:50:09.862,1.15166,1.15181,1.10,1.00
2018.01.23 21:50:10.414,1.15164,1.15181,1.07,1.00
2018.01.23 21:50:11.261,1.15164,1.15181,1.10,1.00
2018.01.23 21:50:11.733,1.15165,1.15182,1.20,1.00
2018.01.23 21:50:13.635,1.15165,1.15182,1.07,1.00
2018.01.23 21:50:14.178,1.15165,1.15182,1.00,1.32
2018.01.23 21:50:14.983,1.15165,1.15182,1.10,1.10
2018.01.23 21:50:18.556,1.15165,1.15184,1.20,1.95
2018.01.23 21:50:19.188,1.15165,1.15184,1.32,1.32
2018.01.23 21:50:22.853,1.15168,1.15186,1.44,1.26
2018.01.23 21:50:22.905,1.15169,1.15186,1.12,1.00
2018.01.23 21:50:23.439,1.1517,1.15189,1.00,1.51
2018.01.23 21:50:24.494,1.1517,1.15189,1.32,1.26
2018.01.23 21:50:24.997,1.1517,1.15189,1.01,1.29
2018.01.23 21:50:25.498,1.1517,1.15189,1.32,1.26
2018.01.23 21:50:26.096,1.1517,1.15189,1.01,1.29
2018.01.23 21:50:26.651,1.1517,1.15189,1.32,1.19
2018.01.23 21:50:27.750,1.1517,1.15189,1.01,1.29
2018.01.23 21:50:29.434,1.1517,1.15189,1.07,1.26
2018.01.23 21:50:29.540,1.15165,1.1518,1.10,1.00
2018.01.23 21:50:30.916,1.15163,1.1518,1.50,1.10
2018.01.23 21:50:33.365,1.15165,1.15181,1.00,1.32
2018.01.23 21:50:34.042,1.15166,1.15182,1.50,1.10
2018.01.23 21:50:35.933,1.15166,1.15183,1.69,1.01
2018.01.23 21:50:36.609,1.15166,1.15182,1.69,1.00
2018.01.23 21:50:37.410,1.15166,1.15183,1.50,1.10
2018.01.23 21:50:37.885,1.15168,1.15184,1.00,1.07
2018.01.23 21:50:38.206,1.1517,1.15183,1.00,1.00
2018.01.23 21:50:39.529,1.1517,1.15185,1.00,1.19
2018.01.23 21:50:40.047,1.1517,1.15185,1.00,1.00
2018.01.23 21:50:40.736,1.15171,1.15185,1.00,1.25
2018.01.23 21:50:43.232,1.1517,1.15185,1.00,1.10
2018.01.23 21:50:43.763,1.1517,1.15184,1.00,1.10
2018.01.23 21:50:44.955,1.15169,1.15184,1.50,1.10
2018.01.23 21:50:45.524,1.1517,1.15185,1.00,1.00
2018.01.23 21:50:45.850,1.15169,1.15183,1.00,1.00
2018.01.23 21:50:46.035,1.1517,1.15185,1.25,1.00
2018.01.23 21:50:46.684,1.1517,1.15186,1.69,1.00
2018.01.23 21:50:49.251,1.15171,1.15186,1.00,1.00
2018.01.23 21:50:50.431,1.15173,1.15186,1.00,1.00
2018.01.23 21:50:59.308,1.15172,1.15186,1.00,1.00
2018.01.23 21:51:01.107,1.1517,1.15186,1.25,1.00
2018.01.23 21:51:03.347,1.15167,1.15184,2.51,1.00
2018.01.23 21:51:03.502,1.15166,1.15183,1.95,1.00
2018.01.23 21:51:04.177,1.15166,1.15183,2.70,1.10
2018.01.23 21:51:04.694,1.15166,1.15183,1.01,1.10
2018.01.23 21:51:07.534,1.15167,1.15184,1.50,1.00
2018.01.23 21:51:10.553,1.15167,1.15184,1.76,1.00
2018.01.23 21:51:15.102,1.15169,1.15184,1.00,1.00
2018.01.23 21:51:15.785,1.15167,1.15184,1.57,1.10
2018.01.23 21:51:22.742,1.15166,1.15183,1.76,1.00
2018.01.23 21:51:34.725,1.15165,1.15182,1.26,1.00
2018.01.23 21:51:35.693,1.15165,1.15182,1.29,1.00
2018.01.23 21:51:36.226,1.15165,1.15182,1.01,1.01
2018.01.23 21:51:36.279,1.15165,1.1518,1.10,1.00
2018.01.23 21:51:36.663,1.15162,1.1518,1.29,1.12
2018.01.23 21:51:37.261,1.15159,1.15175,1.51,1.00
2018.01.23 21:51:37.379,1.15158,1.15175,2.51,1.00
2018.01.23 21:51:37.896,1.15159,1.15175,1.69,1.10
2018.01.23 21:51:38.536,1.15159,1.15175,1.69,1.10
2018.01.23 21:51:44.648,1.1516,1.15176,1.25,1.10
2018.01.23 21:51:46.104,1.15159,1.15175,1.19,1.00
2018.01.23 21:51:48.877,1.15161,1.15177,1.00,1.32
2018.01.23 21:51:49.116,1.15163,1.1518,1.25,1.07
2018.01.23 21:51:49.847,1.15163,1.1518,1.25,1.07
2018.01.23 21:51:50.055,1.15159,1.15177,1.20,1.07
2018.01.23 21:51:51.052,1.15159,1.15177,1.39,1.32
2018.01.23 21:51:51.612,1.15159,1.15177,1.25,1.20
2018.01.23 21:51:52.134,1.15159,1.15175,1.25,1.07
2018.01.23 21:51:59.449,1.15159,1.15175,1.00,1.10
2018.01.23 21:52:00.225,1.15159,1.15175,1.25,1.07
2018.01.23 21:52:00.793,1.15159,1.15175,1.00,1.10
2018.01.23 21:52:01.516,1.15159,1.15174,1.00,1.00
2018.01.23 21:52:04.665,1.15162,1.1518,1.00,2.32
2018.01.23 21:52:04.719,1.15162,1.1518,1.44,1.32
2018.01.23 21:52:05.249,1.15163,1.15181,1.12,1.32
2018.01.23 21:52:05.829,1.15163,1.15181,1.00,1.32
2018.01.23 21:52:10.749,1.15163,1.15181,1.00,1.32
2018.01.23 21:52:10.801,1.15162,1.15177,1.00,1.00
2018.01.23 21:52:11.114,1.15162,1.15177,1.00,1.07
2018.01.23 21:52:11.320,1.15162,1.15177,1.00,1.10
2018.01.23 21:52:12.229,1.15162,1.15177,1.00,1.07
2018.01.23 21:52:12.763,1.15161,1.15177,1.25,1.07
2018.01.23 21:52:13.303,1.1516,1.15177,1.31,1.07
2018.01.23 21:52:15.469,1.15159,1.15177,1.12,1.32
2018.01.23 21:52:21.936,1.15157,1.15172,1.26,1.00
2018.01.23 21:52:22.044,1.15153,1.15171,1.76,1.00
2018.01.23 21:52:22.599,1.15153,1.15171,2.14,1.32
2018.01.23 21:52:23.460,1.15153,1.15171,2.14,1.00
2018.01.23 21:52:24.121,1.15153,1.15171,2.14,1.00
2018.01.23 21:52:24.779,1.15153,1.15171,2.14,1.07
2018.01.23 21:52:29.309,1.15153,1.15172,1.12,1.07
2018.01.23 21:52:29.361,1.15154,1.15173,1.19,1.20
2018.01.23 21:52:29.901,1.15155,1.15171,1.44,1.00
2018.01.23 21:52:30.445,1.15155,1.15171,1.25,1.00
2018.01.23 21:52:34.458,1.15155,1.15171,1.25,1.07
2018.01.23 21:52:35.088,1.15155,1.15171,1.25,1.00
2018.01.23 21:52:35.883,1.15155,1.15171,1.25,1.07
2018.01.23 21:52:37.605,1.15155,1.15171,1.25,1.10
2018.01.23 21:52:37.950,1.15155,1.15171,1.25,1.07
2018.01.23 21:52:38.117,1.15155,1.15171,1.00,1.10
2018.01.23 21:52:40.847,1.15155,1.15171,1.25,1.07
2018.01.23 21:52:42.221,1.15156,1.15172,1.19,1.07
2018.01.23 21:52:44.492,1.15156,1.15174,1.44,1.57
2018.01.23 21:52:45.047,1.15156,1.15174,1.19,1.32
2018.01.23 21:52:46.132,1.15156,1.15174,1.19,1.39
2018.01.23 21:52:48.490,1.15156,1.15174,1.19,1.39
2018.01.23 21:52:49.630,1.15156,1.15174,1.44,1.07
2018.01.23 21:52:51.218,1.15158,1.15174,1.00,1.39
2018.01.23 21:52:54.010,1.15158,1.15174,1.00,1.39
2018.01.23 21:52:54.174,1.1515,1.15169,1.00,1.76
2018.01.23 21:52:54.227,1.15145,1.15158,1.00,1.10
2018.01.23 21:52:54.280,1.15139,1.15162,1.01,1.82
2018.01.23 21:52:54.404,1.15139,1.15155,1.01,1.25
2018.01.23 21:52:54.715,1.15136,1.15154,1.62,1.10
2018.01.23 21:52:55.258,1.15136,1.15154,1.31,1.10
2018.01.23 21:52:56.651,1.15136,1.15154,1.19,1.10
2018.01.23 21:52:57.214,1.15136,1.15154,1.00,1.10
2018.01.23 21:52:57.886,1.15137,1.15155,1.00,1.32
2018.01.23 21:52:59.243,1.15137,1.15155,1.00,1.01
2018.01.23 21:52:59.296,1.15139,1.15157,1.12,1.70
2018.01.23 21:52:59.350,1.1514,1.15158,1.00,1.57
2018.01.23 21:53:01.703,1.1514,1.15158,1.00,1.57
2018.01.23 21:53:02.447,1.1514,1.15158,1.00,1.32
2018.01.23 21:53:02.981,1.1514,1.15159,1.00,2.07
2018.01.23 21:53:03.157,1.15137,1.15154,1.00,1.07
2018.01.23 21:53:03.680,1.15134,1.15157,1.26,1.57
2018.01.23 21:53:04.236,1.15134,1.15157,1.26,2.32
2018.01.23 21:53:04.548,1.1514,1.15157,1.00,1.39
2018.01.23 21:53:05.096,1.15138,1.15157,1.31,1.39
2018.01.23 21:53:05.675,1.15139,1.15158,1.00,1.39
2018.01.23 21:53:06.074,1.15141,1.15158,1.00,1.70
2018.01.23 21:53:06.592,1.15138,1.15157,1.01,1.70
2018.01.23 21:53:07.126,1.15138,1.15156,1.00,1.70
2018.01.23 21:53:07.736,1.15138,1.15156,1.00,1.70
2018.01.23 21:53:08.251,1.15134,1.15153,1.07,1.00
2018.01.23 21:53:08.304,1.15134,1.15153,1.00,1.45
2018.01.23 21:53:08.785,1.15132,1.15151,1.00,1.39
2018.01.23 21:53:09.319,1.15132,1.15151,1.00,1.39
2018.01.23 21:53:14.541,1.15132,1.15151,1.25,1.64
2018.01.23 21:53:15.713,1.15132,1.15151,1.25,1.39
2018.01.23 21:53:16.496,1.15128,1.15145,1.25,1.10
2018.01.23 21:53:17.016,1.15128,1.15147,1.25,1.47
2018.01.23 21:53:17.540,1.15127,1.15146,1.20,1.20
2018.01.23 21:53:18.403,1.15127,1.15146,1.01,1.39
2018.01.23 21:53:24.590,1.15127,1.15146,1.01,1.76
2018.01.23 21:53:25.188,1.15127,1.15146,1.25,1.39
2018.01.23 21:53:25.489,1.15127,1.15146,1.25,1.76
2018.01.23 21:53:26.090,1.15127,1.15146,1.01,1.76
2018.01.23 21:53:26.939,1.15127,1.15146,1.25,1.76
2018.01.23 21:53:27.691,1.15127,1.15146,1.01,1.76
2018.01.23 21:53:28.494,1.15127,1.15146,1.25,1.76
2018.01.23 21:53:28.733,1.15127,1.15146,1.25,1.76
2018.01.23 21:53:28.890,1.15127,1.15146,1.25,1.76
2018.01.23 21:53:29.413,1.15128,1.15145,1.00,1.45
2018.01.23 21:53:29.518,1.15128,1.15152,1.26,1.64
2018.01.23 21:53:29.570,1.15134,1.15151,1.00,1.45
2018.01.23 21:53:29.622,1.15134,1.15151,1.00,1.20
2018.01.23 21:53:30.228,1.15134,1.15151,1.00,1.07
2018.01.23 21:53:30.838,1.15134,1.15151,1.00,1.10
2018.01.23 21:53:30.942,1.1513,1.15149,1.39,1.07
2018.01.23 21:53:31.489,1.15131,1.15148,1.25,1.07
2018.01.23 21:53:31.730,1.15133,1.15151,1.00,1.32
2018.01.23 21:53:32.310,1.15134,1.15151,1.25,1.39
2018.01.23 21:53:32.696,1.1513,1.15146,1.26,1.00
2018.01.23 21:53:32.855,1.15129,1.15146,1.12,1.10
2018.01.23 21:53:33.392,1.15129,1.15146,1.12,1.07
2018.01.23 21:53:34.416,1.15129,1.15146,1.20,1.00
2018.01.23 21:53:34.918,1.15128,1.15145,1.07,1.00
2018.01.23 21:53:34.971,1.15126,1.15143,1.07,1.25
2018.01.23 21:53:35.023,1.15126,1.15143,1.10,1.25
2018.01.23 21:53:35.213,1.15126,1.15142,1.10,1.19
2018.01.23 21:53:37.525,1.15126,1.15142,1.10,1.00
2018.01.23 21:53:40.162,1.15127,1.15143,1.00,1.25
2018.01.23 21:53:40.588,1.15125,1.15141,1.10,1.25
2018.01.23 21:53:40.798,1.15125,1.15143,1.00,1.20
2018.01.23 21:53:41.352,1.15125,1.15143,1.10,1.20
2018.01.23 21:53:43.454,1.15125,1.15143,1.25,1.20
2018.01.23 21:53:43.507,1.15127,1.15145,1.00,1.07
2018.01.23 21:53:43.936,1.15127,1.15146,1.01,1.20
2018.01.23 21:53:44.488,1.15127,1.15146,1.07,1.26
2018.01.23 21:53:53.692,1.15128,1.15147,1.00,1.26
2018.01.23 21:53:54.985,1.15128,1.15147,1.10,1.01
2018.01.23 21:53:55.605,1.15128,1.15147,1.00,1.32
2018.01.23 21:53:56.189,1.15128,1.15147,1.07,1.32
2018.01.23 21:53:58.847,1.15128,1.15147,1.10,1.32
2018.01.23 21:53:58.900,1.15123,1.15142,1.70,1.00
2018.01.23 21:53:58.953,1.15124,1.15141,1.07,1.00
2018.01.23 21:53:59.060,1.15123,1.1514,1.07,1.00
2018.01.23 21:53:59.113,1.15124,1.15142,1.10,1.00
2018.01.23 21:53:59.660,1.15124,1.15142,1.07,1.10
2018.01.23 21:54:00.063,1.15124,1.15142,1.25,1.45
2018.01.23 21:54:00.168,1.15124,1.15143,1.25,1.20
2018.01.23 21:54:01.833,1.15124,1.1514,1.12,1.00
2018.01.23 21:54:02.173,1.15126,1.15142,1.25,1.07
2018.01.23 21:54:02.873,1.15126,1.15142,1.25,1.10
2018.01.23 21:54:03.594,1.15124,1.15142,1.44,1.10
2018.01.23 21:54:06.599,1.15124,1.15143,1.95,1.07
2018.01.23 21:54:06.909,1.15128,1.15145,1.44,1.07
2018.01.23 21:54:07.433,1.15128,1.15145,1.19,1.07
2018.01.23 21:54:08.007,1.15129,1.15146,1.87,1.10
2018.01.23 21:54:08.351,1.15133,1.15152,1.19,1.64
2018.01.23 21:54:08.661,1.15149,1.15166,1.19,1.20
2018.01.23 21:54:08.712,1.15149,1.1517,1.44,2.32
2018.01.23 21:54:08.830,1.1515,1.15169,1.25,1.07
2018.01.23 21:54:08.884,1.15152,1.15169,1.25,1.07
2018.01.23 21:54:09.208,1.15155,1.15176,2.14,1.57
2018.01.23 21:54:09.904,1.15156,1.15175,1.19,1.07
2018.01.23 21:54:11.878,1.15154,1.15172,1.29,1.25
2018.01.23 21:54:11.931,1.1515,1.15167,1.26,1.25
2018.01.23 21:54:12.481,1.15152,1.15168,1.19,1.32
2018.01.23 21:54:14.781,1.15147,1.15162,1.25,1.10
2018.01.23 21:54:14.835,1.15144,1.15162,1.20,1.20
2018.01.23 21:54:15.372,1.15144,1.15162,1.12,1.51
2018.01.23 21:54:16.525,1.15144,1.15162,1.87,1.51
2018.01.23 21:54:16.578,1.15142,1.1516,1.07,1.10
2018.01.23 21:54:16.735,1.15141,1.15158,1.01,1.10
2018.01.23 21:54:17.051,1.15138,1.15156,1.44,1.01
2018.01.23 21:54:17.597,1.15138,1.15156,1.12,1.20
2018.01.23 21:54:18.319,1.15138,1.15154,1.12,1.00
2018.01.23 21:54:18.580,1.15134,1.15152,1.20,1.00
2018.01.23 21:54:20.055,1.15134,1.15151,1.29,1.00
2018.01.23 21:54:20.683,1.15133,1.15151,1.32,1.00
2018.01.23 21:54:21.200,1.15131,1.15149,1.32,1.00
2018.01.23 21:54:21.761,1.15133,1.15149,1.00,1.00
2018.01.23 21:54:25.327,1.15134,1.15157,1.31,1.64
2018.01.23 21:54:25.379,1.15137,1.15158,1.10,1.57
2018.01.23 21:54:25.929,1.15136,1.15154,1.20,1.12
2018.01.23 21:54:26.166,1.15136,1.15154,1.00,1.01
2018.01.23 21:54:26.958,1.15136,1.15154,1.10,1.20
2018.01.23 21:54:27.092,1.15136,1.15151,1.00,1.00
2018.01.23 21:54:27.146,1.15133,1.15151,1.07,1.00
2018.01.23 21:54:27.353,1.15136,1.15152,1.00,1.32
2018.01.23 21:54:27.904,1.15133,1.15151,1.32,1.01
2018.01.23 21:54:28.513,1.15133,1.15151,1.25,1.01
2018.01.23 21:54:30.364,1.1513,1.15152,1.57,1.39
2018.01.23 21:54:30.420,1.15128,1.1515,1.39,1.07
2018.01.23 21:54:30.990,1.15127,1.15147,2.14,1.00
2018.01.23 21:54:31.121,1.15125,1.15145,1.57,1.01
2018.01.23 21:54:31.174,1.15124,1.15142,1.07,1.00
2018.01.23 21:54:31.226,1.15124,1.15142,1.10,1.00
2018.01.23 21:54:32.142,1.15124,1.15143,1.01,1.20
2018.01.23 21:54:33.086,1.15125,1.15143,1.00,1.01
2018.01.23 21:54:33.645,1.15126,1.15143,1.00,1.01
2018.01.23 21:54:34.209,1.15127,1.15145,1.19,1.07
2018.01.23 21:54:34.534,1.15139,1.15158,1.44,2.14
2018.01.23 21:54:34.586,1.15139,1.15158,1.44,1.39
2018.01.23 21:54:34.793,1.15139,1.15158,1.44,1.64
2018.01.23 21:54:34.897,1.15139,1.15158,1.44,1.39
2018.01.23 21:54:35.429,1.1514,1.15158,1.19,1.20
2018.01.23 21:54:36.071,1.1514,1.15158,1.25,1.45
2018.01.23 21:54:36.646,1.15141,1.15158,1.00,1.45
2018.01.23 21:54:37.174,1.15141,1.15158,1.25,1.07
2018.01.23 21:54:37.944,1.1514,1.15157,1.00,1.07
2018.01.23 21:54:38.123,1.15143,1.1516,1.00,1.70
2018.01.23 21:54:38.175,1.15143,1.1516,1.00,1.39
2018.01.23 21:54:38.526,1.15143,1.1516,1.00,1.70
2018.01.23 21:54:39.439,1.15143,1.1516,1.00,1.20
2018.01.23 21:54:40.019,1.15143,1.1516,1.00,1.20
2018.01.23 21:54:41.863,1.15141,1.15158,1.12,1.07
2018.01.23 21:54:42.018,1.1514,1.15157,1.25,1.20
2018.01.23 21:54:44.021,1.15139,1.15156,1.44,1.07
2018.01.23 21:54:44.653,1.15139,1.15156,1.44,1.07
2018.01.23 21:54:45.112,1.15136,1.15154,1.01,1.00
2018.01.23 21:54:45.167,1.15133,1.15152,2.25,1.07
2018.01.23 21:54:45.718,1.15133,1.15152,1.50,1.07
2018.01.23 21:54:45.822,1.15132,1.15149,1.39,1.10
2018.01.23 21:54:48.005,1.15132,1.15149,1.25,1.07
2018.01.23 21:54:48.265,1.1513,1.15149,1.01,1.07
2018.01.23 21:54:49.312,1.15129,1.15148,1.44,1.20
2018.01.23 21:54:50.666,1.15129,1.15149,1.12,1.45
2018.01.23 21:54:51.156,1.15131,1.15148,1.00,1.07
2018.01.23 21:54:51.466,1.15131,1.15148,1.00,1.10
2018.01.23 21:54:51.733,1.15131,1.15148,1.00,1.07
2018.01.23 21:54:52.090,1.15131,1.15148,1.00,1.10
2018.01.23 21:54:52.245,1.15131,1.15148,1.00,1.07
2018.01.23 21:54:52.991,1.15131,1.15148,1.00,1.07
2018.01.23 21:54:54.413,1.15131,1.15148,1.00,1.10
2018.01.23 21:54:54.890,1.15131,1.15148,1.00,1.07
2018.01.23 21:54:56.950,1.15131,1.15148,1.00,1.07
2018.01.23 21:54:58.125,1.1513,1.15148,1.01,1.07
2018.01.23 21:55:00.149,1.15131,1.15148,1.00,1.07
2018.01.23 21:55:00.758,1.15131,1.15148,1.00,1.20
2018.01.23 21:55:00.862,1.15131,1.15148,1.00,1.07
2018.01.23 21:55:01.365,1.15132,1.15148,1.00,1.32
2018.01.23 21:55:02.262,1.15127,1.15144,1.32,1.00
2018.01.23 21:55:02.473,1.15127,1.15144,1.00,1.07
2018.01.23 21:55:03.014,1.15127,1.15144,1.00,1.32
2018.01.23 21:55:04.792,1.15127,1.15144,1.00,1.10
2018.01.23 21:55:05.327,1.15126,1.15144,1.25,1.20
2018.01.23 21:55:05.997,1.15126,1.15144,1.00,1.10
2018.01.23 21:55:06.310,1.15126,1.15144,1.00,1.07
2018.01.23 21:55:07.071,1.15127,1.15145,1.00,1.07
2018.01.23 21:55:07.240,1.15127,1.15145,1.00,1.20
2018.01.23 21:55:07.344,1.15126,1.15144,1.12,1.01
2018.01.23 21:55:07.926,1.15127,1.15146,1.00,1.07
2018.01.23 21:55:08.133,1.15125,1.15142,1.07,1.00
2018.01.23 21:55:08.185,1.15125,1.15142,1.00,1.07
2018.01.23 21:55:08.342,1.15125,1.15142,1.00,1.20
2018.01.23 21:55:08.548,1.15125,1.15142,1.00,1.07
2018.01.23 21:55:09.091,1.15124,1.15142,1.25,1.32
2018.01.23 21:55:09.504,1.15123,1.1514,1.25,1.07
2018.01.23 21:55:10.043,1.15124,1.15142,1.00,1.51
2018.01.23 21:55:12.425,1.15121,1.1514,1.07,1.32
2018.01.23 21:55:12.478,1.15121,1.1514,1.00,1.57
2018.01.23 21:55:12.932,1.15121,1.1514,1.00,1.70
2018.01.23 21:55:13.434,1.15121,1.1514,1.00,1.70
2018.01.23 21:55:14.083,1.1512,1.1514,1.62,1.70
2018.01.23 21:55:14.599,1.15119,1.15139,1.31,1.57
2018.01.23 21:55:15.139,1.1512,1.15138,1.25,1.07
2018.01.23 21:55:15.563,1.15122,1.15139,1.00,1.20
2018.01.23 21:55:16.869,1.15121,1.15142,1.00,1.45
2018.01.23 21:55:18.808,1.15122,1.15139,1.00,1.57
2018.01.23 21:55:19.444,1.15121,1.15139,1.25,1.39
2018.01.23 21:55:19.815,1.15125,1.15143,1.25,1.45
2018.01.23 21:55:19.867,1.15125,1.15146,1.25,1.45
2018.01.23 21:55:20.450,1.15126,1.15144,1.00,1.39
2018.01.23 21:55:23.071,1.15122,1.15139,1.01,1.00
2018.01.23 21:55:23.265,1.15122,1.15138,1.00,1.20
2018.01.23 21:55:23.368,1.15122,1.15138,1.00,1.10
2018.01.23 21:55:23.758,1.15122,1.15138,1.00,1.07
2018.01.23 21:55:25.296,1.1512,1.15139,1.25,1.57
2018.01.23 21:55:25.405,1.15116,1.15134,1.01,1.00
2018.01.23 21:55:25.460,1.15115,1.15134,0.39,1.07
2018.01.23 21:55:25.774,1.1512,1.15139,1.00,1.89
2018.01.23 21:55:25.826,1.15118,1.15139,1.25,1.89
2018.01.23 21:55:26.358,1.15118,1.15138,1.19,1.07
2018.01.23 21:55:27.239,1.1512,1.15138,1.00,1.57
2018.01.23 21:55:27.762,1.1512,1.15138,1.00,1.45
2018.01.23 21:55:28.296,1.1512,1.15139,1.00,1.57
2018.01.23 21:55:30.213,1.15121,1.15139,1.00,1.76
2018.01.23 21:55:30.403,1.15128,1.15146,1.00,1.45
2018.01.23 21:55:30.458,1.15131,1.15151,1.25,2.32
2018.01.23 21:55:30.564,1.15133,1.15152,1.00,1.45
2018.01.23 21:55:30.870,1.15135,1.15153,1.00,2.32
2018.01.23 21:55:31.137,1.15136,1.15155,1.25,1.70
2018.01.23 21:55:31.293,1.15134,1.15153,1.25,1.39
2018.01.23 21:55:31.397,1.15139,1.15157,1.00,1.89
2018.01.23 21:55:31.632,1.15141,1.15158,1.00,1.20
2018.01.23 21:55:31.684,1.15141,1.15158,1.00,1.45
2018.01.23 21:55:31.736,1.15139,1.15159,1.00,2.14
2018.01.23 21:55:32.139,1.15141,1.15158,1.00,1.20
2018.01.23 21:55:32.243,1.15139,1.15158,1.25,1.20
2018.01.23 21:55:32.348,1.15141,1.15159,1.00,1.45
2018.01.23 21:55:32.898,1.15142,1.15159,1.00,1.39
2018.01.23 21:55:33.069,1.1514,1.1516,1.00,1.57
2018.01.23 21:55:33.582,1.15139,1.15158,1.25,1.39
2018.01.23 21:55:34.924,1.15136,1.15159,1.00,1.64
2018.01.23 21:55:34.979,1.15135,1.15156,1.00,1.64
2018.01.23 21:55:35.496,1.15134,1.15156,1.00,2.14
2018.01.23 21:55:36.107,1.15133,1.15152,1.25,1.51
2018.01.23 21:55:36.450,1.15135,1.15152,1.00,1.07
2018.01.23 21:55:37.209,1.15134,1.15152,1.00,1.07
2018.01.23 21:55:45.197,1.15135,1.15154,1.00,1.39
2018.01.23 21:55:45.359,1.15144,1.15165,1.00,1.64
2018.01.23 21:55:45.919,1.15145,1.15163,1.00,1.51
2018.01.23 21:55:47.035,1.15145,1.15163,1.00,1.51
2018.01.23 21:55:49.331,1.15142,1.15164,1.20,1.01
2018.01.23 21:55:49.833,1.15142,1.15165,1.10,1.89
2018.01.23 21:55:50.500,1.15142,1.15165,1.00,1.89
2018.01.23 21:55:52.239,1.15143,1.15165,1.00,1.89
2018.01.23 21:55:53.036,1.15143,1.15165,1.00,1.76
2018.01.23 21:55:54.517,1.15143,1.15165,1.00,2.51
2018.01.23 21:55:55.749,1.15143,1.15165,1.25,1.82
2018.01.23 21:55:55.852,1.15145,1.15163,1.00,1.07
2018.01.23 21:55:56.415,1.15145,1.15163,1.00,1.07
2018.01.23 21:55:58.960,1.15145,1.15163,1.00,1.32
2018.01.23 21:56:04.131,1.15148,1.15166,1.00,1.51
2018.01.23 21:56:04.290,1.15148,1.15167,1.00,2.14
2018.01.23 21:56:04.558,1.15147,1.15165,1.00,1.39
2018.01.23 21:56:05.810,1.15147,1.15165,1.00,1.07
2018.01.23 21:56:06.119,1.15146,1.15165,1.00,1.39
2018.01.23 21:56:06.750,1.15146,1.15166,1.00,1.39
2018.01.23 21:56:09.534,1.15146,1.15166,1.25,1.51
2018.01.23 21:56:10.870,1.15146,1.15166,1.25,1.89
2018.01.23 21:56:11.771,1.15146,1.15166,1.25,1.39
2018.01.23 21:56:12.080,1.15146,1.15166,1.25,1.70
2018.01.23 21:56:13.276,1.15147,1.15164,1.00,1.07
2018.01.23 21:56:13.828,1.15147,1.15166,1.00,1.45
2018.01.23 21:56:14.747,1.1515,1.15166,1.19,1.07
2018.01.23 21:56:15.369,1.1515,1.15168,1.19,1.57
2018.01.23 21:56:27.172,1.1515,1.15167,1.19,1.07
2018.01.23 21:56:31.875,1.15151,1.15167,1.19,1.32
2018.01.23 21:56:31.929,1.15144,1.15162,1.26,1.00
2018.01.23 21:56:31.986,1.15142,1.1516,1.66,1.00
2018.01.23 21:56:32.198,1.15142,1.15158,1.19,1.07
2018.01.23 21:56:33.944,1.15142,1.15158,1.19,1.07
2018.01.23 21:56:34.555,1.15142,1.1516,1.19,1.57
2018.01.23 21:56:35.750,1.15142,1.1516,1.19,1.57
2018.01.23 21:56:36.534,1.15142,1.1516,1.00,1.57
2018.01.23 21:56:37.329,1.15141,1.1516,1.25,1.57
2018.01.23 21:56:41.152,1.15141,1.1516,1.62,1.32
2018.01.23 21:56:41.661,1.15141,1.1516,1.62,1.32
2018.01.23 21:56:42.496,1.15134,1.15155,1.64,1.00
2018.01.23 21:56:42.549,1.15134,1.15155,1.26,1.07
2018.01.23 21:56:42.655,1.15135,1.15154,1.00,1.51
2018.01.23 21:56:42.822,1.15136,1.15159,1.19,1.45
2018.01.23 21:56:43.135,1.1514,1.15159,1.25,1.89
2018.01.23 21:56:43.446,1.15141,1.1516,1.25,1.57
2018.01.23 21:56:44.129,1.15141,1.1516,1.25,1.39
2018.01.23 21:56:44.378,1.15141,1.15161,1.25,1.07
2018.01.23 21:56:44.583,1.15143,1.15164,1.31,1.70
2018.01.23 21:56:44.689,1.15146,1.15168,1.12,2.51
2018.01.23 21:56:44.792,1.15145,1.15163,1.19,1.20
2018.01.23 21:56:45.194,1.15147,1.15163,1.00,1.07
2018.01.23 21:56:45.299,1.15149,1.15166,1.00,1.45
2018.01.23 21:56:45.359,1.15143,1.15161,1.10,1.00
2018.01.23 21:56:45.516,1.15146,1.15162,1.00,1.31
2018.01.23 21:56:45.672,1.15148,1.15167,1.00,1.51
2018.01.23 21:56:46.190,1.15149,1.15167,1.00,1.32
2018.01.23 21:56:46.742,1.15149,1.15167,1.00,1.70
2018.01.23 21:56:47.298,1.15149,1.15167,1.00,1.39
2018.01.23 21:56:48.025,1.15144,1.15162,1.07,1.20
2018.01.23 21:56:48.079,1.15143,1.15161,1.00,1.20
2018.01.23 21:56:48.599,1.15142,1.1516,1.25,1.57
2018.01.23 21:56:50.406,1.15141,1.1516,1.00,1.39
2018.01.23 21:56:50.913,1.15142,1.15161,1.00,1.07
2018.01.23 21:56:53.029,1.15142,1.15161,1.25,1.51
2018.01.23 21:56:53.576,1.15142,1.15161,1.00,1.32
2018.01.23 21:56:53.680,1.15138,1.15158,1.32,1.20
2018.01.23 21:56:53.907,1.15138,1.15157,1.10,1.32
2018.01.23 21:56:54.030,1.15138,1.15157,1.10,1.01
2018.01.23 21:56:54.655,1.15138,1.15156,1.10,1.00
2018.01.23 21:56:55.474,1.15138,1.15156,1.07,1.00
2018.01.23 21:56:55.576,1.15138,1.15156,1.10,1.00
2018.01.23 21:56:55.742,1.15138,1.15159,1.32,1.70
2018.01.23 21:56:56.053,1.15142,1.15158,1.00,1.10
2018.01.23 21:56:56.569,1.15142,1.15158,1.00,1.07
2018.01.23 21:56:57.092,1.15143,1.15159,1.00,1.32
2018.01.23 21:56:57.279,1.15141,1.1516,1.00,1.39
2018.01.23 21:56:57.585,1.15143,1.15159,1.00,1.07
2018.01.23 21:56:57.741,1.15141,1.15159,1.00,1.07
2018.01.23 21:56:57.794,1.15138,1.15159,1.32,1.32
2018.01.23 21:56:58.344,1.15139,1.15157,1.00,1.10
2018.01.23 21:56:58.851,1.15138,1.15157,1.10,1.10
2018.01.23 21:56:59.388,1.15138,1.15159,1.20,1.51
2018.01.23 21:56:59.696,1.15139,1.15158,1.29,1.01
2018.01.23 21:57:00.228,1.15139,1.15157,1.19,1.10
2018.01.23 21:57:00.748,1.15138,1.15158,1.51,1.20
2018.01.23 21:57:00.800,1.1514,1.15158,1.25,1.10
2018.01.23 21:57:01.326,1.1514,1.15158,1.01,1.32
2018.01.23 21:57:01.379,1.1514,1.15158,1.29,1.07
2018.01.23 21:57:01.842,1.15142,1.1516,1.25,1.20
2018.01.23 21:57:01.944,1.1514,1.15159,1.39,1.32
2018.01.23 21:57:02.463,1.15139,1.15158,1.20,1.10
2018.01.23 21:57:03.001,1.15138,1.15154,1.29,1.00
2018.01.23 21:57:03.105,1.15139,1.1516,1.39,1.20
2018.01.23 21:57:03.799,1.15138,1.15155,1.64,1.00
2018.01.23 21:57:04.337,1.15138,1.15154,1.19,1.10
2018.01.23 21:57:06.207,1.15137,1.15154,1.19,1.07
2018.01.23 21:57:12.584,1.15137,1.15153,1.19,1.32
2018.01.23 21:57:13.126,1.15138,1.15153,1.19,1.00
2018.01.23 21:57:14.284,1.15137,1.15155,1.19,1.10
2018.01.23 21:57:15.375,1.15135,1.15153,1.51,1.01
2018.01.23 21:57:30.259,1.1514,1.15156,1.19,1.07
2018.01.23 21:57:30.314,1.15141,1.1516,1.19,1.32
2018.01.23 21:57:30.916,1.15141,1.1516,1.25,1.32
2018.01.23 21:57:31.432,1.15141,1.15157,1.00,1.32
2018.01.23 21:57:31.484,1.15141,1.15157,1.00,1.32
2018.01.23 21:57:31.743,1.15141,1.15157,1.19,1.32
2018.01.23 21:57:32.278,1.15142,1.15157,1.00,1.10
2018.01.23 21:57:32.785,1.15142,1.15159,1.00,1.32
2018.01.23 21:57:33.300,1.1514,1.15158,1.19,1.32
2018.01.23 21:57:34.040,1.1514,1.15158,1.19,1.32
2018.01.23 21:57:34.211,1.15138,1.15154,1.19,1.00
2018.01.23 21:57:34.263,1.15137,1.15152,1.29,1.00
2018.01.23 21:57:34.316,1.15135,1.15153,1.44,1.51
2018.01.23 21:57:34.826,1.15135,1.15151,1.19,1.10
2018.01.23 21:57:35.439,1.15135,1.15151,1.25,1.07
2018.01.23 21:57:35.982,1.15135,1.15151,1.25,1.10
2018.01.23 21:57:36.492,1.15135,1.15151,1.25,1.07
2018.01.23 21:57:37.113,1.15133,1.1515,1.00,1.10
2018.01.23 21:57:37.480,1.15133,1.15151,1.00,1.07
2018.01.23 21:57:37.739,1.15133,1.15151,1.00,1.07
2018.01.23 21:57:37.894,1.15133,1.15151,1.00,1.07
2018.01.23 21:57:38.502,1.15133,1.15151,1.00,1.07
2018.01.23 21:57:39.038,1.15133,1.15151,1.25,1.20
2018.01.23 21:57:41.903,1.15133,1.15151,1.25,1.20
2018.01.23 21:57:42.414,1.15132,1.15151,1.10,1.07
2018.01.23 21:57:42.805,1.1513,1.15145,1.00,1.10
2018.01.23 21:57:43.335,1.15129,1.15146,1.25,1.07
2018.01.23 21:57:43.863,1.15129,1.15146,1.25,1.01
2018.01.23 21:57:44.570,1.15129,1.15146,1.00,1.32
2018.01.23 21:57:45.538,1.1513,1.15146,1.00,1.20
2018.01.23 21:57:46.091,1.15129,1.15145,1.25,1.07
2018.01.23 21:57:46.695,1.15128,1.15146,1.25,1.07
2018.01.23 21:57:47.125,1.1513,1.15146,1.00,1.07
2018.01.23 21:57:47.760,1.15129,1.15145,1.25,1.07
2018.01.23 21:57:48.265,1.1513,1.15146,1.00,1.20
2018.01.23 21:57:48.715,1.15133,1.15154,1.12,1.45
2018.01.23 21:57:48.768,1.15135,1.15153,1.00,1.64
2018.01.23 21:57:48.821,1.15135,1.15153,1.00,1.26
2018.01.23 21:57:49.081,1.15134,1.1515,1.00,1.07
2018.01.23 21:57:49.437,1.15135,1.15151,1.25,1.00
2018.01.23 21:57:50.037,1.15136,1.15152,1.00,1.10
2018.01.23 21:57:50.607,1.15135,1.15153,1.00,1.26
2018.01.23 21:57:51.276,1.15135,1.15151,1.00,1.07
2018.01.23 21:57:51.589,1.15132,1.15151,1.20,1.20
2018.01.23 21:57:52.136,1.15132,1.15151,1.12,1.20
2018.01.23 21:57:52.656,1.15133,1.15151,1.00,1.20
2018.01.23 21:57:53.376,1.1513,1.1515,1.39,1.32
2018.01.23 21:57:53.921,1.15133,1.15151,1.00,1.20
2018.01.23 21:57:54.468,1.15132,1.15152,1.01,1.32
2018.01.23 21:57:55.050,1.15132,1.15152,1.39,1.07
2018.01.23 21:57:55.590,1.15134,1.15152,1.00,1.07
2018.01.23 21:57:55.868,1.15133,1.15154,1.39,1.07
2018.01.23 21:57:55.973,1.15133,1.15154,1.39,1.07
2018.01.23 21:57:57.413,1.15134,1.15154,1.26,1.10
2018.01.23 21:58:00.054,1.15135,1.15155,1.19,1.00
2018.01.23 21:58:01.048,1.15134,1.1515,1.44,1.00
2018.01.23 21:58:01.122,1.15135,1.15154,1.00,1.00
2018.01.23 21:58:01.176,1.15137,1.15154,1.19,1.00
2018.01.23 21:58:07.509,1.15135,1.15155,1.19,1.00
2018.01.23 21:58:09.666,1.15136,1.15154,1.19,1.00
2018.01.23 21:58:11.312,1.15136,1.15155,1.44,1.00
2018.01.23 21:58:12.113,1.15135,1.15156,1.62,1.25
2018.01.23 21:58:12.444,1.15137,1.15156,1.62,1.00
2018.01.23 21:58:12.950,1.15137,1.15157,1.69,1.25
2018.01.23 21:58:14.331,1.15138,1.15158,1.62,1.25
2018.01.23 21:58:14.436,1.1514,1.15161,1.31,1.12
2018.01.23 21:58:14.488,1.15142,1.15161,1.00,1.00
2018.01.23 21:58:14.819,1.15139,1.15158,1.19,1.00
2018.01.23 21:58:15.573,1.15142,1.15164,1.00,1.25
2018.01.23 21:58:16.185,1.15142,1.15164,1.25,1.31
2018.01.23 21:58:20.113,1.15142,1.15164,1.44,1.62
2018.01.23 21:58:27.224,1.15142,1.15164,1.00,1.44
2018.01.23 21:58:28.860,1.15142,1.15164,1.25,1.25
2018.01.23 21:58:29.029,1.15143,1.15166,1.00,1.12
2018.01.23 21:58:29.549,1.15143,1.15166,1.25,1.31
2018.01.23 21:58:30.077,1.15145,1.15169,1.25,1.19
2018.01.23 21:58:30.184,1.15148,1.15172,1.25,1.12
2018.01.23 21:58:30.236,1.1515,1.1517,1.00,1.00
2018.01.23 21:58:30.740,1.15149,1.1517,1.00,1.00
2018.01.23 21:58:33.499,1.1515,1.15171,1.00,1.00
2018.01.23 21:58:41.115,1.15149,1.15173,1.25,1.19
2018.01.23 21:58:41.426,1.15147,1.15168,1.00,1.25
2018.01.23 21:58:56.594,1.15147,1.15172,1.87,1.19
2018.01.23 21:58:56.646,1.15147,1.15172,1.50,1.19
2018.01.23 21:58:56.801,1.15147,1.15169,1.50,1.44
2018.01.23 21:58:59.161,1.15147,1.15169,1.50,1.12
2018.01.23 21:58:59.686,1.15147,1.15169,1.50,1.31
2018.01.23 21:59:00.188,1.15147,1.15167,1.50,1.00
2018.01.23 21:59:00.498,1.15147,1.15174,1.19,1.19
2018.01.23 21:59:00.685,1.15151,1.15177,1.00,1.19
2018.01.23 21:59:00.739,1.15154,1.15177,1.25,1.19
2018.01.23 21:59:00.792,1.15155,1.15179,1.19,1.12
2018.01.23 21:59:01.102,1.15155,1.15177,1.19,1.00
2018.01.23 21:59:01.684,1.15157,1.15179,0.94,0.94
2018.01.23 21:59:01.790,1.1516,1.15181,0.19,1.12
2018.01.23 21:59:04.132,1.15163,1.15184,0.19,0.19
2018.01.23 21:59:05.627,1.15163,1.15185,0.75,0.19
2018.01.23 21:59:06.333,1.15163,1.15186,0.75,0.94
2018.01.23 21:59:06.976,1.15162,1.15186,0.94,0.94
2018.01.23 21:59:07.985,1.15163,1.15184,0.19,0.19
2018.01.23 21:59:10.195,1.15162,1.15182,0.75,0.19
2018.01.23 21:59:11.079,1.15161,1.15181,0.75,0.19
2018.01.23 21:59:11.615,1.1516,1.15181,0.75,0.94
2018.01.23 21:59:13.635,1.1516,1.15182,0.94,0.94
2018.01.23 21:59:14.142,1.1516,1.15181,0.94,0.19
2018.01.23 21:59:14.890,1.1516,1.15182,0.19,0.75
2018.01.23 21:59:15.405,1.1516,1.15183,0.19,0.19
2018.01.23 21:59:15.717,1.1517,1.15192,0.19,0.94
2018.01.23 21:59:16.343,1.15169,1.15191,0.19,0.19
2018.01.23 21:59:17.491,1.1517,1.15192,0.19,0.94
2018.01.23 21:59:18.315,1.15168,1.15187,0.19,0.75
2018.01.23 21:59:19.509,1.15165,1.15187,0.19,0.75
2018.01.23 21:59:20.111,1.15165,1.15189,0.19,0.94
2018.01.23 21:59:20.663,1.15166,1.15188,0.19,0.94
2018.01.23 21:59:22.224,1.15168,1.15189,0.19,0.19
2018.01.23 21:59:23.359,1.15166,1.1519,0.19,0.19
2018.01.23 21:59:24.535,1.15167,1.15191,0.19,0.19
2018.01.23 21:59:25.417,1.15165,1.15189,0.94,0.19
2018.01.23 21:59:26.431,1.15166,1.15189,0.75,0.19
2018.01.23 21:59:26.954,1.15165,1.15189,0.94,0.19
2018.01.23 21:59:27.827,1.15166,1.1519,0.19,0.19
2018.01.23 21:59:28.616,1.15167,1.1519,1.50,0.19
2018.01.23 21:59:29.379,1.15168,1.1519,0.75,0.19
2018.01.23 21:59:29.876,1.15166,1.1519,0.19,0.19
2018.01.23 21:59:31.236,1.15166,1.15187,0.19,0.19
2018.01.23 21:59:34.150,1.15167,1.15187,0.75,0.19
2018.01.23 21:59:34.594,1.15169,1.15191,0.19,0.19
2018.01.23 21:59:34.645,1.15165,1.15188,0.94,0.19
2018.01.23 21:59:35.915,1.15166,1.15189,0.19,0.19
2018.01.23 21:59:36.440,1.15167,1.15189,0.19,0.19
2018.01.23 21:59:37.236,1.15167,1.15188,0.19,0.19
2018.01.23 21:59:37.898,1.15165,1.15188,1.12,0.19
2018.01.23 21:59:38.155,1.15167,1.15188,0.19,0.19
2018.01.23 21:59:38.309,1.15165,1.15188,1.12,0.19
2018.01.23 21:59:38.984,1.15166,1.15188,0.94,0.19
2018.01.23 21:59:39.525,1.15167,1.15188,0.19,0.19
2018.01.23 21:59:40.718,1.15166,1.15187,0.19,0.19
2018.01.23 21:59:43.705,1.15167,1.15187,0.75,0.19
2018.01.23 21:59:44.202,1.15168,1.1519,0.19,0.19
2018.01.23 21:59:44.723,1.1517,1.1519,0.75,0.19
2018.01.23 21:59:44.979,1.15168,1.1519,0.94,0.19
2018.01.23 21:59:45.333,1.1517,1.15192,0.75,0.19
2018.01.23 21:59:45.385,1.15168,1.15192,0.94,0.19
2018.01.23 21:59:45.437,1.15167,1.15197,0.75,0.75
2018.01.23 21:59:45.642,1.15169,1.15197,0.75,0.19
2018.01.23 21:59:45.847,1.15164,1.15194,1.50,0.75
2018.01.23 21:59:46.001,1.15169,1.15194,0.75,0.75
2018.01.23 21:59:46.155,1.15166,1.15196,0.75,0.75
2018.01.23 21:59:46.258,1.15164,1.15194,1.50,0.75
2018.01.23 21:59:46.566,1.15169,1.15192,0.75,0.75
2018.01.23 21:59:46.668,1.15169,1.15195,0.75,0.75
2018.01.23 21:59:46.772,1.15167,1.15195,0.75,0.75
2018.01.23 21:59:46.913,1.15171,1.15195,0.75,0.75
2018.01.23 21:59:47.170,1.15167,1.15197,0.75,0.75
2018.01.23 21:59:47.273,1.15166,1.15195,0.75,0.75
2018.01.23 21:59:47.586,1.15171,1.15196,0.75,0.75
2018.01.23 21:59:47.689,1.15169,1.15196,0.75,0.75
2018.01.23 21:59:47.792,1.15166,1.15196,0.75,0.75
2018.01.23 21:59:47.947,1.15169,1.15197,0.75,0.75
2018.01.23 21:59:48.203,1.15166,1.15195,0.75,0.75
2018.01.23 21:59:48.314,1.1517,1.15197,0.75,0.75
2018.01.23 21:59:48.571,1.15168,1.15197,0.75,0.94
2018.01.23 21:59:48.623,1.15168,1.15194,0.75,0.75
2018.01.23 21:59:48.936,1.15171,1.15195,0.75,0.75
2018.01.23 21:59:48.988,1.15169,1.15195,0.75,0.75
2018.01.23 21:59:49.442,1.15171,1.15195,0.75,0.75
2018.01.23 21:59:49.495,1.15169,1.15196,0.75,0.75
2018.01.23 21:59:49.693,1.15171,1.15196,0.75,0.75
2018.01.23 21:59:49.848,1.15169,1.15195,0.75,0.75
2018.01.23 21:59:49.899,1.15169,1.15197,0.75,0.94
2018.01.23 21:59:50.122,1.1517,1.15195,0.75,0.75
2018.01.23 21:59:50.641,1.15172,1.15194,0.75,0.75
2018.01.23 21:59:50.693,1.1517,1.15194,0.75,0.75
2018.01.23 21:59:50.849,1.15168,1.15196,0.75,0.75
2018.01.23 21:59:51.109,1.15166,1.15196,0.75,0.75
2018.01.23 21:59:51.265,1.15169,1.15197,0.75,0.94
2018.01.23 21:59:51.317,1.15166,1.15197,0.75,1.69
2018.01.23 21:59:51.491,1.15166,1.15195,0.75,0.75
2018.01.23 21:59:51.614,1.15165,1.15197,1.50,0.19
2018.01.23 21:59:51.769,1.15165,1.15195,0.75,0.75
2018.01.23 21:59:52.202,1.15168,1.15193,0.75,0.75
2018.01.23 21:59:52.397,1.15167,1.15196,0.75,0.75
2018.01.23 21:59:52.449,1.15166,1.15194,0.75,0.75
2018.01.23 21:59:52.756,1.15166,1.15191,0.75,0.75
2018.01.23 21:59:52.910,1.15168,1.15196,0.75,0.75
2018.01.23 21:59:52.961,1.15166,1.15196,0.75,0.75
2018.01.23 21:59:53.064,1.15166,1.15194,0.75,0.75
2018.01.23 21:59:53.343,1.15166,1.15196,0.75,0.75
2018.01.23 21:59:53.599,1.15166,1.15192,0.75,0.75
2018.01.23 21:59:53.806,1.15168,1.15195,0.75,0.75
2018.01.23 21:59:53.909,1.15166,1.15195,0.75,0.75
2018.01.23 21:59:53.961,1.15166,1.15193,0.75,0.75
2018.01.23 21:59:54.119,1.15165,1.15196,0.75,0.75
2018.01.23 21:59:54.222,1.15166,1.15198,0.75,0.19
2018.01.23 21:59:54.751,1.15165,1.15199,0.75,0.75
2018.01.23 21:59:55.265,1.15166,1.15199,0.75,0.75
2018.01.23 21:59:55.846,1.15164,1.15199,0.75,0.75
2018.01.23 21:59:56.009,1.15167,1.15199,0.75,0.75
2018.01.23 21:59:56.352,1.15167,1.15195,0.19,0.75
2018.01.23 21:59:56.658,1.1517,1.15193,0.19,0.19
2018.01.23 21:59:56.788,1.15165,1.15199,0.19,0.75
2018.01.23 21:59:56.839,1.15165,1.15195,0.19,0.75
2018.01.23 21:59:57.200,1.1517,1.15194,0.19,0.19
2018.01.23 21:59:57.251,1.15165,1.15196,0.94,0.75
2018.01.23 21:59:57.353,1.15165,1.15193,0.19,0.75
2018.01.23 21:59:57.687,1.15166,1.15195,0.19,0.75
2018.01.23 21:59:57.907,1.15171,1.15192,0.19,0.94
2018.01.23 21:59:58.140,1.15165,1.15193,0.19,0.75
2018.01.23 21:59:58.438,1.15171,1.15191,0.19,0.75
2018.01.23 21:59:58.596,1.15166,1.15192,0.19,0.75
2018.01.23 21:59:58.803,1.1517,1.15192,0.19,0.75
2018.01.23 21:59:59.168,1.15166,1.15191,0.19,0.75
2018.01.23 21:59:59.387,1.15168,1.15191,0.19,0.75
2018.01.23 21:59:59.490,1.15165,1.15193,0.19,0.75
2018.01.23 21:59:59.700,1.15167,1.15191,0.19,0.75
2018.01.23 21:59:59.853,1.15166,1.15194,0.19,0.75
