2015.11.03 08:00:00.193,1.22384,1.22401,1.00,1.00
2015.11.03 08:00:00.295,1.22384,1.22399,1.00,1.00
2015.11.03 08:00:00.685,1.22389,1.22406,1.00,1.00
2015.11.03 08:00:00.741,1.22391,1.22409,1.50,1.00
2015.11.03 08:00:01.097,1.22393,1.22411,1.00,1.00
2015.11.03 08:00:01.148,1.22393,1.22413,1.50,2.25
2015.11.03 08:00:01.767,1.22391,1.22412,1.00,1.00
2015.11.03 08:00:02.305,1.22391,1.22413,1.00,2.25
2015.11.03 08:00:02.357,1.22391,1.22411,1.00,1.00
2015.11.03 08:00:02.891,1.22389,1.22408,1.00,1.00
2015.11.03 08:00:03.341,1.22394,1.22407,1.00,1.00
2015.11.03 08:00:03.393,1.22394,1.22411,1.50,1.00
2015.11.03 08:00:03.445,1.22394,1.22414,1.50,1.00
2015.11.03 08:00:03.598,1.22398,1.22417,1.00,1.50
2015.11.03 08:00:04.101,1.22406,1.22422,1.00,1.00
2015.11.03 08:00:04.355,1.22403,1.22422,1.00,1.50
2015.11.03 08:00:04.708,1.22405,1.22422,1.00,1.00
2015.11.03 08:00:05.386,1.22402,1.22413,1.00,1.00
2015.11.03 08:00:05.437,1.22397,1.22413,1.50,1.00
2015.11.03 08:00:05.949,1.22397,1.22414,1.00,1.00
2015.11.03 08:00:06.000,1.22397,1.22417,1.00,1.00
2015.11.03 08:00:06.571,1.22397,1.22413,1.50,1.00
2015.11.03 08:00:06.673,1.22397,1.22417,1.50,1.00
2015.11.03 08:00:07.419,1.22397,1.22413,1.50,1.00
2015.11.03 08:00:08.154,1.22399,1.22419,1.00,1.50
2015.11.03 08:00:09.066,1.22399,1.22418,1.00,1.00
2015.11.03 08:00:09.523,1.22399,1.2242,1.00,1.50
2015.11.03 08:00:09.727,1.22399,1.22418,1.00,1.00
2015.11.03 08:00:10.280,1.22398,1.22419,1.00,1.00
2015.11.03 08:00:10.829,1.22399,1.22418,1.00,1.00
2015.11.03 08:00:11.334,1.22399,1.22417,1.00,1.00
2015.11.03 08:00:13.622,1.22399,1.22418,1.00,1.00
2015.11.03 08:00:15.458,1.22399,1.22419,1.50,2.25
2015.11.03 08:00:16.256,1.224,1.22419,1.00,2.25
2015.11.03 08:00:18.024,1.224,1.2242,1.50,1.00
2015.11.03 08:00:22.081,1.224,1.22413,1.50,1.00
2015.11.03 08:00:22.132,1.22395,1.22413,1.50,1.00
2015.11.03 08:00:22.689,1.22392,1.22404,1.00,1.00
2015.11.03 08:00:23.004,1.22388,1.22405,1.12,1.00
2015.11.03 08:00:23.058,1.22388,1.22407,1.00,1.00
2015.11.03 08:00:23.513,1.22392,1.2241,1.00,1.00
2015.11.03 08:00:24.023,1.22391,1.22411,1.00,1.50
2015.11.03 08:00:24.074,1.22389,1.22411,1.00,1.50
2015.11.03 08:00:24.328,1.22392,1.22412,1.00,2.10
2015.11.03 08:00:24.860,1.22392,1.22409,1.00,1.00
2015.11.03 08:00:25.044,1.22392,1.22412,1.00,2.10
2015.11.03 08:00:25.146,1.22394,1.22413,1.00,1.50
2015.11.03 08:00:25.649,1.22394,1.22412,1.00,1.00
2015.11.03 08:00:26.206,1.22393,1.22412,1.00,1.00
2015.11.03 08:00:26.751,1.22394,1.22412,1.00,1.00
2015.11.03 08:00:27.006,1.22392,1.22411,1.00,1.50
2015.11.03 08:00:27.888,1.22393,1.22412,1.00,1.50
2015.11.03 08:00:28.212,1.22392,1.2241,1.50,1.00
2015.11.03 08:00:28.524,1.22394,1.22414,1.00,1.50
2015.11.03 08:00:29.228,1.22394,1.22412,1.00,1.00
2015.11.03 08:00:29.537,1.22394,1.22414,1.00,1.00
2015.11.03 08:00:29.639,1.22396,1.22416,1.00,1.00
2015.11.03 08:00:30.401,1.22396,1.22416,1.75,1.50
2015.11.03 08:00:30.734,1.22396,1.22413,1.75,1.00
2015.11.03 08:00:30.846,1.22396,1.22416,1.75,1.50
2015.11.03 08:00:31.737,1.22397,1.22413,1.00,1.00
2015.11.03 08:00:32.215,1.22397,1.22415,1.00,1.75
2015.11.03 08:00:32.266,1.22395,1.22414,1.00,2.25
2015.11.03 08:00:33.327,1.22394,1.22414,1.12,3.00
2015.11.03 08:00:41.275,1.2239,1.22408,1.75,1.00
2015.11.03 08:00:41.377,1.22391,1.22406,1.00,1.00
2015.11.03 08:00:41.896,1.22391,1.22407,1.00,1.50
2015.11.03 08:00:42.100,1.2239,1.22409,1.75,1.37
2015.11.03 08:00:42.253,1.22388,1.22403,1.00,1.00
2015.11.03 08:00:43.252,1.22389,1.22408,1.75,1.75
2015.11.03 08:00:45.340,1.2239,1.22407,1.75,1.37
2015.11.03 08:00:45.391,1.2239,1.22407,1.75,1.00
2015.11.03 08:00:45.646,1.22396,1.22408,1.37,1.50
2015.11.03 08:00:46.077,1.22403,1.22413,1.75,1.00
2015.11.03 08:00:46.128,1.22403,1.22419,1.75,1.00
2015.11.03 08:00:46.636,1.22403,1.22418,1.75,1.00
2015.11.03 08:00:47.722,1.22403,1.22423,1.75,3.75
2015.11.03 08:00:48.226,1.22402,1.22419,1.75,1.00
2015.11.03 08:00:50.375,1.22402,1.22418,1.75,1.00
2015.11.03 08:00:52.659,1.22402,1.22419,1.75,1.00
2015.11.03 08:00:53.155,1.22413,1.22428,1.00,1.50
2015.11.03 08:00:53.309,1.22413,1.22433,2.25,1.75
2015.11.03 08:00:53.463,1.22413,1.22434,3.75,1.75
2015.11.03 08:00:53.515,1.22417,1.22433,1.00,1.00
2015.11.03 08:00:53.668,1.2242,1.22435,1.00,1.50
2015.11.03 08:00:54.339,1.22418,1.22436,1.75,1.37
2015.11.03 08:00:54.392,1.22423,1.22438,1.00,1.00
2015.11.03 08:00:55.268,1.22423,1.22437,1.00,1.00
2015.11.03 08:00:56.592,1.22423,1.22436,1.00,1.00
2015.11.03 08:00:57.405,1.22416,1.22436,3.00,1.50
2015.11.03 08:01:00.778,1.22415,1.22433,1.75,1.00
2015.11.03 08:01:00.829,1.22415,1.22433,1.75,1.37
2015.11.03 08:01:00.881,1.22414,1.22432,1.75,1.12
2015.11.03 08:01:02.833,1.22416,1.22434,1.50,1.87
2015.11.03 08:01:03.310,1.22417,1.22436,3.00,1.37
2015.11.03 08:01:03.970,1.22417,1.22434,1.75,1.00
2015.11.03 08:01:04.758,1.22415,1.22433,1.12,1.00
2015.11.03 08:01:05.295,1.22413,1.22433,2.62,1.87
2015.11.03 08:01:05.347,1.22418,1.22433,1.00,2.25
2015.11.03 08:01:06.373,1.22418,1.22423,1.00,1.00
2015.11.03 08:01:07.536,1.22417,1.22423,1.00,1.00
2015.11.03 08:01:08.383,1.22408,1.22417,1.75,1.00
2015.11.03 08:01:08.892,1.22409,1.22419,1.75,1.00
2015.11.03 08:01:09.045,1.22409,1.22422,1.75,1.00
2015.11.03 08:01:09.250,1.22413,1.22422,1.87,1.00
2015.11.03 08:01:13.323,1.22411,1.22421,1.75,1.00
2015.11.03 08:01:13.476,1.22413,1.22421,1.00,1.00
2015.11.03 08:01:15.467,1.2241,1.22421,1.00,1.00
2015.11.03 08:01:16.572,1.2241,1.22418,1.00,1.00
2015.11.03 08:01:25.170,1.2241,1.22417,1.00,1.00
2015.11.03 08:01:28.800,1.2241,1.22419,1.00,1.00
2015.11.03 08:01:33.233,1.22409,1.22419,1.50,1.00
2015.11.03 08:01:35.416,1.22409,1.22418,1.00,1.00
2015.11.03 08:01:37.556,1.22407,1.22416,1.37,1.00
2015.11.03 08:01:37.660,1.22405,1.22413,1.12,1.00
2015.11.03 08:01:37.711,1.22403,1.22412,1.12,1.00
2015.11.03 08:01:39.071,1.224,1.2241,1.75,1.00
2015.11.03 08:01:39.173,1.22398,1.2241,1.75,1.00
2015.11.03 08:01:39.224,1.22396,1.22407,2.25,1.00
2015.11.03 08:01:40.075,1.22394,1.22407,1.75,1.00
2015.11.03 08:01:44.429,1.22394,1.22408,1.75,1.00
2015.11.03 08:01:47.480,1.22393,1.22408,1.00,1.00
2015.11.03 08:01:47.531,1.22395,1.2241,1.00,1.37
2015.11.03 08:01:47.734,1.22395,1.22411,1.12,1.87
2015.11.03 08:01:50.878,1.22396,1.22415,1.75,2.25
2015.11.03 08:01:52.634,1.22396,1.22414,1.37,1.50
2015.11.03 08:01:52.686,1.22395,1.2241,1.50,1.12
2015.11.03 08:01:52.737,1.22395,1.2241,1.37,1.50
2015.11.03 08:01:52.993,1.22385,1.22401,1.12,1.75
2015.11.03 08:01:53.197,1.22382,1.22397,1.50,1.00
2015.11.03 08:01:54.190,1.22384,1.22397,1.00,1.00
2015.11.03 08:01:54.241,1.22382,1.22397,1.50,1.00
2015.11.03 08:01:54.293,1.22385,1.22397,1.00,1.00
2015.11.03 08:01:54.395,1.22386,1.224,1.00,1.00
2015.11.03 08:01:54.499,1.22386,1.22405,2.25,1.75
2015.11.03 08:01:55.853,1.22382,1.22401,1.75,1.50
2015.11.03 08:01:55.904,1.22383,1.22398,1.00,1.00
2015.11.03 08:01:56.613,1.22383,1.22397,1.00,1.00
2015.11.03 08:01:57.121,1.22383,1.22398,1.00,1.00
2015.11.03 08:01:58.172,1.22384,1.22398,1.00,1.00
2015.11.03 08:01:58.554,1.22384,1.22402,1.87,1.75
2015.11.03 08:01:58.605,1.22386,1.22401,1.00,1.00
2015.11.03 08:01:59.250,1.22384,1.22401,1.37,1.50
2015.11.03 08:01:59.352,1.22382,1.22398,1.00,1.00
2015.11.03 08:01:59.882,1.22382,1.22397,1.00,1.00
2015.11.03 08:02:00.800,1.22378,1.22397,2.25,2.25
2015.11.03 08:02:00.852,1.22378,1.22396,2.25,1.75
2015.11.03 08:02:01.056,1.22378,1.22396,2.25,1.12
2015.11.03 08:02:01.361,1.22378,1.22396,1.37,2.25
2015.11.03 08:02:01.413,1.22378,1.22395,1.12,1.75
2015.11.03 08:02:05.338,1.22379,1.22398,1.75,1.75
2015.11.03 08:02:06.904,1.22382,1.22399,2.25,1.37
2015.11.03 08:02:06.955,1.22383,1.22399,1.75,1.12
2015.11.03 08:02:07.514,1.22387,1.22403,1.00,1.75
2015.11.03 08:02:07.667,1.22387,1.22404,1.12,1.50
2015.11.03 08:02:12.325,1.22386,1.22403,1.37,3.00
2015.11.03 08:02:12.842,1.22386,1.22402,1.12,2.25
2015.11.03 08:02:20.086,1.22386,1.22398,1.12,1.00
2015.11.03 08:02:20.861,1.22386,1.22399,1.12,1.12
2015.11.03 08:02:24.861,1.22386,1.22403,1.50,1.37
2015.11.03 08:02:24.913,1.22387,1.22403,1.75,1.12
2015.11.03 08:02:25.118,1.22391,1.22407,1.00,1.00
2015.11.03 08:02:26.347,1.22391,1.2241,1.50,1.75
2015.11.03 08:02:26.881,1.22391,1.22411,1.75,1.75
2015.11.03 08:02:27.561,1.22391,1.22409,1.37,1.75
2015.11.03 08:02:27.612,1.22391,1.22409,1.12,1.75
2015.11.03 08:02:27.971,1.22393,1.22411,1.00,1.75
2015.11.03 08:02:28.262,1.2239,1.2241,2.25,1.75
2015.11.03 08:02:28.465,1.22386,1.22406,2.25,1.50
2015.11.03 08:02:28.878,1.22386,1.22403,1.75,1.37
2015.11.03 08:02:30.356,1.22386,1.22403,1.37,1.75
2015.11.03 08:02:30.458,1.22383,1.22402,1.75,1.75
2015.11.03 08:02:34.401,1.22382,1.22398,2.25,1.00
2015.11.03 08:02:35.052,1.22382,1.22402,3.00,1.75
2015.11.03 08:02:40.553,1.2238,1.22398,2.25,1.00
2015.11.03 08:02:40.858,1.2238,1.22399,1.75,1.87
2015.11.03 08:02:41.716,1.2238,1.22397,1.75,1.37
2015.11.03 08:02:42.223,1.2238,1.22395,1.75,1.00
2015.11.03 08:02:43.034,1.2238,1.22397,1.75,1.37
2015.11.03 08:02:46.714,1.22385,1.22401,1.00,1.75
2015.11.03 08:02:46.867,1.22385,1.22402,1.37,1.75
2015.11.03 08:02:47.385,1.22384,1.22402,1.75,1.75
2015.11.03 08:02:52.516,1.22386,1.22403,1.50,1.37
2015.11.03 08:02:52.568,1.22389,1.22403,1.50,1.00
2015.11.03 08:02:52.721,1.22389,1.2241,1.50,3.75
2015.11.03 08:02:52.773,1.22389,1.2241,1.75,3.00
2015.11.03 08:02:52.981,1.22389,1.22408,1.75,1.87
2015.11.03 08:02:53.032,1.22391,1.22407,1.00,1.00
2015.11.03 08:02:54.406,1.22392,1.22409,1.37,1.37
2015.11.03 08:02:54.663,1.22393,1.2241,1.75,1.00
2015.11.03 08:02:54.968,1.2239,1.22411,3.00,1.37
2015.11.03 08:02:55.020,1.2239,1.2241,2.25,1.75
2015.11.03 08:02:55.462,1.22388,1.22403,1.50,1.00
2015.11.03 08:02:59.186,1.2239,1.22409,1.75,2.25
2015.11.03 08:02:59.845,1.22394,1.2241,1.00,2.25
2015.11.03 08:03:00.572,1.2239,1.2241,1.75,1.75
2015.11.03 08:03:03.461,1.22393,1.2241,1.00,1.75
2015.11.03 08:03:04.295,1.2239,1.2241,1.75,2.25
2015.11.03 08:03:05.006,1.22395,1.22412,1.37,1.87
2015.11.03 08:03:05.108,1.22395,1.22413,1.75,1.75
2015.11.03 08:03:12.078,1.22398,1.22413,1.00,1.75
2015.11.03 08:03:12.179,1.224,1.22417,1.00,1.87
2015.11.03 08:03:12.332,1.224,1.2242,1.75,2.25
2015.11.03 08:03:12.434,1.22399,1.22419,1.75,1.75
2015.11.03 08:03:15.552,1.22403,1.22424,1.50,2.62
2015.11.03 08:03:15.654,1.22405,1.22424,1.75,1.75
2015.11.03 08:03:19.570,1.22404,1.22423,1.37,1.75
2015.11.03 08:03:19.889,1.224,1.22419,2.25,1.75
2015.11.03 08:03:20.724,1.224,1.22413,1.75,1.00
2015.11.03 08:03:20.826,1.22397,1.22413,1.50,1.00
2015.11.03 08:03:21.080,1.224,1.22415,1.37,1.37
2015.11.03 08:03:21.534,1.22401,1.22419,1.75,1.12
2015.11.03 08:03:22.804,1.224,1.22415,1.50,1.00
2015.11.03 08:03:22.855,1.22398,1.22415,1.75,1.12
2015.11.03 08:03:27.122,1.22398,1.22416,1.87,1.00
2015.11.03 08:03:27.173,1.22402,1.22419,1.00,1.37
2015.11.03 08:03:27.275,1.22401,1.2242,2.25,1.50
2015.11.03 08:03:27.478,1.22401,1.2242,2.25,1.00
2015.11.03 08:03:28.780,1.22401,1.2242,2.25,1.37
2015.11.03 08:03:28.882,1.22403,1.22419,1.50,1.00
2015.11.03 08:03:29.447,1.22403,1.22417,1.00,1.00
2015.11.03 08:03:30.110,1.22394,1.22409,1.87,1.00
2015.11.03 08:03:30.365,1.22406,1.22421,1.00,1.75
2015.11.03 08:03:30.872,1.22402,1.22423,2.25,2.25
2015.11.03 08:03:35.339,1.22398,1.22415,1.12,1.00
2015.11.03 08:03:35.390,1.22396,1.22415,1.37,1.75
2015.11.03 08:03:35.493,1.22394,1.22412,1.75,1.12
2015.11.03 08:03:35.595,1.22394,1.22409,1.50,1.00
2015.11.03 08:03:36.947,1.22397,1.22409,1.00,1.00
2015.11.03 08:03:37.102,1.224,1.22418,2.25,1.50
2015.11.03 08:03:37.638,1.22402,1.22421,2.25,1.75
2015.11.03 08:03:40.318,1.224,1.2242,1.12,1.75
2015.11.03 08:03:41.668,1.22397,1.22415,2.25,1.00
2015.11.03 08:03:41.871,1.22403,1.2242,1.00,1.75
2015.11.03 08:03:42.024,1.22406,1.22424,1.00,1.75
2015.11.03 08:03:42.075,1.22406,1.22425,1.37,1.75
2015.11.03 08:03:42.126,1.22408,1.22424,1.00,1.00
2015.11.03 08:03:45.021,1.22409,1.22424,1.00,1.00
2015.11.03 08:03:45.124,1.22408,1.22428,2.25,2.25
2015.11.03 08:04:02.523,1.22408,1.22428,1.75,1.75
2015.11.03 08:04:03.019,1.22408,1.2242,1.00,1.00
2015.11.03 08:04:03.273,1.22401,1.22421,2.25,1.75
2015.11.03 08:04:03.628,1.22401,1.22418,1.00,1.75
2015.11.03 08:04:04.519,1.22399,1.22417,1.50,1.75
2015.11.03 08:04:06.938,1.22405,1.22417,1.00,1.75
2015.11.03 08:04:07.040,1.22403,1.2242,1.75,1.12
2015.11.03 08:04:07.692,1.224,1.22419,1.87,1.37
2015.11.03 08:04:07.743,1.224,1.22419,1.75,1.75
2015.11.03 08:04:13.517,1.22404,1.22423,1.00,1.12
2015.11.03 08:04:14.188,1.22405,1.22423,1.00,1.12
2015.11.03 08:04:14.239,1.22405,1.22424,1.37,1.75
2015.11.03 08:04:14.627,1.22407,1.22424,1.75,1.75
2015.11.03 08:04:16.825,1.2241,1.22428,1.00,1.75
2015.11.03 08:04:16.978,1.22411,1.22427,1.00,1.00
2015.11.03 08:04:18.661,1.22413,1.22431,1.37,1.75
2015.11.03 08:04:18.712,1.22414,1.22429,1.00,1.00
2015.11.03 08:04:18.764,1.22415,1.22432,1.37,1.50
2015.11.03 08:04:18.815,1.22415,1.22432,1.50,1.12
2015.11.03 08:04:28.504,1.22413,1.2243,1.75,1.00
2015.11.03 08:04:28.891,1.22413,1.2243,1.37,1.87
2015.11.03 08:04:28.943,1.22409,1.22427,1.12,1.75
2015.11.03 08:04:29.506,1.22411,1.22426,1.00,1.00
2015.11.03 08:04:34.386,1.22411,1.22424,1.00,1.00
2015.11.03 08:04:35.193,1.22411,1.22423,1.00,1.00
2015.11.03 08:04:38.411,1.22411,1.22426,1.00,1.50
2015.11.03 08:04:38.465,1.22413,1.22429,1.50,1.37
2015.11.03 08:04:39.576,1.22415,1.2243,1.75,1.00
2015.11.03 08:04:41.934,1.22414,1.22432,2.25,1.50
2015.11.03 08:04:42.513,1.22419,1.22435,1.00,1.50
2015.11.03 08:04:43.023,1.22419,1.22434,1.50,1.00
2015.11.03 08:04:46.362,1.22419,1.22435,1.00,1.50
2015.11.03 08:04:54.207,1.22421,1.22435,1.00,1.00
2015.11.03 08:04:54.669,1.22426,1.22439,1.00,1.50
2015.11.03 08:04:54.771,1.22427,1.22443,1.00,1.00
2015.11.03 08:04:55.369,1.22427,1.22442,1.00,1.00
2015.11.03 08:04:55.420,1.22429,1.22442,1.00,1.37
2015.11.03 08:04:55.624,1.22427,1.22444,1.50,1.87
2015.11.03 08:04:55.676,1.22427,1.22444,2.25,1.00
2015.11.03 08:04:56.246,1.22427,1.22447,1.75,1.75
2015.11.03 08:04:56.618,1.22427,1.22442,1.75,1.00
2015.11.03 08:04:56.821,1.22426,1.22444,1.75,1.00
2015.11.03 08:04:56.923,1.22426,1.22444,1.12,1.00
2015.11.03 08:04:57.387,1.22433,1.22446,1.00,1.00
2015.11.03 08:05:00.939,1.22425,1.22443,1.75,1.37
2015.11.03 08:05:03.666,1.22424,1.22445,1.87,1.50
2015.11.03 08:05:04.180,1.22428,1.22448,2.25,1.00
2015.11.03 08:05:04.683,1.2243,1.2245,2.25,2.25
2015.11.03 08:05:08.051,1.22429,1.22446,1.75,1.00
2015.11.03 08:05:08.204,1.22428,1.22446,2.25,1.50
2015.11.03 08:05:17.974,1.22431,1.22444,1.50,1.00
2015.11.03 08:05:19.291,1.22429,1.22443,1.75,1.00
2015.11.03 08:05:20.533,1.22429,1.22445,1.75,1.12
2015.11.03 08:05:21.318,1.22431,1.22446,1.75,1.00
2015.11.03 08:05:21.897,1.22429,1.22447,1.75,1.00
2015.11.03 08:05:22.610,1.22428,1.22443,2.62,1.00
2015.11.03 08:05:22.814,1.22424,1.2244,1.75,1.12
2015.11.03 08:05:22.866,1.22424,1.22438,1.75,1.00
2015.11.03 08:05:23.171,1.22422,1.22436,1.75,1.00
2015.11.03 08:05:24.181,1.22421,1.22436,1.75,1.00
2015.11.03 08:05:24.232,1.22423,1.22436,1.00,1.00
2015.11.03 08:05:27.152,1.22423,1.22437,1.00,1.00
2015.11.03 08:05:27.254,1.22426,1.22438,1.00,1.00
2015.11.03 08:05:27.558,1.22427,1.22442,1.75,1.00
2015.11.03 08:05:36.445,1.22427,1.22442,3.00,1.00
2015.11.03 08:05:36.497,1.22427,1.22442,3.00,1.00
2015.11.03 08:05:37.678,1.22427,1.22442,1.75,1.00
2015.11.03 08:05:39.749,1.22426,1.22441,2.62,1.00
2015.11.03 08:05:40.359,1.22426,1.2244,2.62,1.00
2015.11.03 08:05:40.919,1.22427,1.2244,1.75,1.00
2015.11.03 08:05:40.971,1.22427,1.2244,1.75,1.00
2015.11.03 08:05:42.413,1.22427,1.22439,1.75,1.00
2015.11.03 08:05:42.922,1.22423,1.22438,1.87,1.00
2015.11.03 08:05:45.377,1.22423,1.22436,1.87,1.00
2015.11.03 08:05:45.479,1.22422,1.22435,1.75,1.00
2015.11.03 08:05:46.308,1.22419,1.22434,1.75,1.00
2015.11.03 08:05:46.721,1.22417,1.22432,1.12,1.00
2015.11.03 08:05:46.772,1.22416,1.22432,2.25,1.00
2015.11.03 08:05:46.993,1.22416,1.22429,1.87,1.00
2015.11.03 08:05:47.044,1.22412,1.22427,1.75,1.00
2015.11.03 08:05:47.147,1.22411,1.22427,1.75,1.00
2015.11.03 08:05:52.730,1.22411,1.22425,1.75,1.00
2015.11.03 08:05:54.132,1.22411,1.22428,2.25,1.00
2015.11.03 08:05:55.672,1.22411,1.22426,1.75,1.00
2015.11.03 08:05:56.942,1.22412,1.22427,1.50,1.00
2015.11.03 08:05:57.095,1.22412,1.2243,1.50,1.50
2015.11.03 08:05:57.676,1.22414,1.22432,1.00,1.75
2015.11.03 08:05:58.439,1.22415,1.22432,1.00,1.75
2015.11.03 08:05:58.491,1.22413,1.22432,1.87,1.75
2015.11.03 08:05:59.769,1.22413,1.22432,1.50,1.50
2015.11.03 08:06:00.075,1.22414,1.22431,1.75,1.37
2015.11.03 08:06:00.585,1.22413,1.22429,1.50,1.75
2015.11.03 08:06:01.033,1.2242,1.22435,1.00,1.00
2015.11.03 08:06:05.377,1.22421,1.22439,1.75,1.12
2015.11.03 08:06:05.869,1.22422,1.22437,1.00,1.00
2015.11.03 08:06:07.394,1.22416,1.22436,1.75,2.10
2015.11.03 08:06:07.734,1.22414,1.22435,2.25,2.25
2015.11.03 08:06:12.266,1.22415,1.22435,2.25,1.75
2015.11.03 08:06:12.317,1.22417,1.22435,2.25,1.50
2015.11.03 08:06:12.876,1.22419,1.22435,1.00,1.50
2015.11.03 08:06:14.116,1.22417,1.22435,2.25,1.50
2015.11.03 08:06:14.168,1.2242,1.22436,1.00,1.75
2015.11.03 08:06:14.473,1.2242,1.22436,1.75,1.12
2015.11.03 08:06:17.353,1.22418,1.22435,1.75,1.00
2015.11.03 08:06:17.405,1.22416,1.22433,1.75,1.12
2015.11.03 08:06:17.507,1.22415,1.22433,1.37,1.75
2015.11.03 08:06:19.621,1.22414,1.22429,1.00,1.50
2015.11.03 08:06:19.672,1.22411,1.22429,2.25,1.50
2015.11.03 08:06:32.730,1.22409,1.22428,3.00,1.75
2015.11.03 08:06:33.035,1.22403,1.22422,1.75,1.37
2015.11.03 08:06:33.764,1.22404,1.2242,2.25,1.00
2015.11.03 08:06:33.917,1.22404,1.2242,1.75,1.37
2015.11.03 08:06:34.421,1.22405,1.2242,1.12,1.50
2015.11.03 08:06:35.656,1.22403,1.2242,1.87,1.75
2015.11.03 08:06:35.962,1.224,1.22414,1.75,1.00
2015.11.03 08:06:36.013,1.22398,1.22414,1.50,1.37
2015.11.03 08:06:36.064,1.22398,1.22414,1.12,1.50
2015.11.03 08:06:36.523,1.22394,1.22412,1.75,1.37
2015.11.03 08:06:36.933,1.22395,1.22412,1.12,1.75
2015.11.03 08:06:37.137,1.22396,1.22412,1.50,1.00
2015.11.03 08:06:37.291,1.22399,1.22412,1.00,1.00
2015.11.03 08:06:37.342,1.22399,1.22416,1.50,1.75
2015.11.03 08:06:38.611,1.22399,1.22414,1.12,1.37
2015.11.03 08:06:38.713,1.22396,1.22414,2.25,1.75
2015.11.03 08:06:47.746,1.22396,1.22411,1.12,1.37
2015.11.03 08:06:48.134,1.22392,1.22411,1.00,2.62
2015.11.03 08:06:49.056,1.22393,1.22408,1.00,1.75
2015.11.03 08:06:49.774,1.22392,1.22408,1.00,1.75
2015.11.03 08:06:50.815,1.22391,1.22408,1.12,1.75
2015.11.03 08:06:55.666,1.22393,1.2241,1.00,1.75
2015.11.03 08:06:56.203,1.22392,1.2241,1.50,1.75
2015.11.03 08:06:57.346,1.2239,1.22407,1.50,1.75
2015.11.03 08:06:57.601,1.22392,1.2241,1.50,1.75
2015.11.03 08:06:57.653,1.22396,1.22412,1.00,1.75
2015.11.03 08:06:57.705,1.22396,1.22414,1.00,2.25
2015.11.03 08:06:57.756,1.22397,1.22412,1.37,1.00
2015.11.03 08:06:58.325,1.22395,1.22411,1.00,1.50
2015.11.03 08:07:01.187,1.22394,1.22411,1.00,1.75
2015.11.03 08:07:04.847,1.22392,1.22411,3.00,1.75
2015.11.03 08:07:05.267,1.22395,1.22411,1.00,1.75
2015.11.03 08:07:06.177,1.22394,1.22411,1.00,1.75
2015.11.03 08:07:06.686,1.22393,1.22411,1.12,1.75
2015.11.03 08:07:07.195,1.22393,1.22408,1.00,1.75
2015.11.03 08:07:08.068,1.22392,1.22408,1.00,1.75
2015.11.03 08:07:08.436,1.22389,1.22407,1.50,1.50
2015.11.03 08:07:08.791,1.22388,1.22403,3.00,1.00
2015.11.03 08:07:12.624,1.22391,1.22403,1.50,1.00
2015.11.03 08:07:12.983,1.22392,1.22407,1.00,1.00
2015.11.03 08:07:13.713,1.22396,1.22411,1.00,1.00
2015.11.03 08:07:14.018,1.22394,1.22413,1.12,2.25
2015.11.03 08:07:17.592,1.22392,1.22406,1.00,1.00
2015.11.03 08:07:18.225,1.22391,1.22406,2.25,1.00
2015.11.03 08:07:18.530,1.2239,1.22409,1.00,1.87
2015.11.03 08:07:19.052,1.22389,1.22409,1.87,2.62
2015.11.03 08:07:21.864,1.2239,1.22409,1.00,1.87
2015.11.03 08:07:22.459,1.22392,1.22409,1.00,1.87
2015.11.03 08:07:26.077,1.22391,1.22409,1.00,1.87
2015.11.03 08:07:29.551,1.2239,1.22409,1.00,1.87
2015.11.03 08:07:30.093,1.22389,1.22408,1.87,1.75
2015.11.03 08:07:32.476,1.22387,1.22401,1.00,1.00
2015.11.03 08:07:34.118,1.22388,1.22401,1.00,1.00
2015.11.03 08:07:35.776,1.22388,1.22406,1.37,1.37
2015.11.03 08:07:35.829,1.22394,1.22412,1.50,1.75
2015.11.03 08:07:35.932,1.22395,1.22412,1.37,1.75
2015.11.03 08:07:35.983,1.22396,1.22411,1.50,1.00
2015.11.03 08:07:36.348,1.22398,1.22411,1.00,1.00
2015.11.03 08:07:37.166,1.22396,1.22411,2.25,1.00
2015.11.03 08:07:37.924,1.22397,1.22411,1.00,1.00
2015.11.03 08:07:38.675,1.22396,1.22411,2.25,1.00
2015.11.03 08:07:39.196,1.22397,1.22411,1.00,1.00
2015.11.03 08:07:44.264,1.22396,1.22411,1.00,1.00
2015.11.03 08:07:51.225,1.22393,1.22408,1.00,1.00
2015.11.03 08:07:59.695,1.22394,1.22413,1.12,1.75
2015.11.03 08:07:59.746,1.22396,1.22413,1.00,1.75
2015.11.03 08:07:59.899,1.22399,1.22414,1.00,1.00
2015.11.03 08:08:00.204,1.22403,1.22418,1.00,1.00
2015.11.03 08:08:01.197,1.22398,1.22419,1.75,3.00
2015.11.03 08:08:01.248,1.22398,1.22419,1.75,3.00
2015.11.03 08:08:03.516,1.22401,1.22421,2.25,1.75
2015.11.03 08:08:04.324,1.22399,1.22414,1.50,1.00
2015.11.03 08:08:04.478,1.22408,1.22414,1.00,1.00
2015.11.03 08:08:04.529,1.22402,1.22414,1.50,1.00
2015.11.03 08:08:04.633,1.22402,1.22423,1.50,3.75
2015.11.03 08:08:04.684,1.22402,1.22423,1.75,3.00
2015.11.03 08:08:04.736,1.22406,1.22422,1.00,1.00
2015.11.03 08:08:16.067,1.22406,1.22426,3.37,1.12
2015.11.03 08:08:16.176,1.22409,1.22424,1.00,1.00
2015.11.03 08:08:18.544,1.22409,1.22428,2.25,1.50
2015.11.03 08:08:23.877,1.22409,1.22428,1.37,3.00
2015.11.03 08:08:24.186,1.22407,1.22428,2.25,2.25
2015.11.03 08:08:34.408,1.22412,1.22428,1.50,1.37
2015.11.03 08:08:35.249,1.22414,1.22433,1.50,1.50
2015.11.03 08:08:35.300,1.22414,1.22433,1.75,2.25
2015.11.03 08:08:37.730,1.22419,1.22435,1.00,1.50
2015.11.03 08:08:41.392,1.22416,1.22436,1.75,1.00
2015.11.03 08:08:42.239,1.22416,1.22435,1.75,1.00
2015.11.03 08:08:43.021,1.22416,1.22437,1.75,3.37
2015.11.03 08:08:43.618,1.22416,1.22436,1.75,1.00
2015.11.03 08:08:44.341,1.22419,1.22437,1.75,1.87
2015.11.03 08:08:46.896,1.22421,1.22441,2.25,1.50
2015.11.03 08:08:49.803,1.22421,1.22441,1.12,1.75
2015.11.03 08:08:50.312,1.22422,1.2244,1.00,1.75
2015.11.03 08:08:57.316,1.22423,1.22439,1.00,1.00
2015.11.03 08:09:18.179,1.22424,1.22439,1.00,1.00
2015.11.03 08:09:19.333,1.22423,1.22442,2.25,1.75
2015.11.03 08:09:19.893,1.22426,1.22445,1.00,3.00
2015.11.03 08:09:19.995,1.22427,1.22445,1.50,2.25
2015.11.03 08:09:35.628,1.22428,1.22448,1.75,2.25
2015.11.03 08:09:37.549,1.22431,1.22449,1.00,2.25
2015.11.03 08:09:37.701,1.22431,1.22449,1.37,2.25
2015.11.03 08:09:38.211,1.22434,1.22454,1.37,2.25
2015.11.03 08:09:38.263,1.22435,1.22453,1.75,1.00
2015.11.03 08:09:38.796,1.22436,1.2245,1.75,1.00
2015.11.03 08:09:39.102,1.22426,1.2243,1.00,1.00
2015.11.03 08:09:39.153,1.22424,1.2243,1.37,1.00
2015.11.03 08:09:39.204,1.22423,1.2243,1.00,1.37
2015.11.03 08:09:39.255,1.22412,1.2243,1.75,1.37
2015.11.03 08:09:39.508,1.22412,1.22429,1.87,1.50
2015.11.03 08:09:39.559,1.2241,1.22426,2.25,1.00
2015.11.03 08:09:40.381,1.22408,1.22423,1.37,1.37
2015.11.03 08:09:40.432,1.22409,1.22424,2.25,1.00
2015.11.03 08:09:40.636,1.2241,1.22431,1.37,3.37
2015.11.03 08:09:40.687,1.2241,1.22431,1.75,2.25
2015.11.03 08:09:41.044,1.22413,1.22431,1.37,1.75
2015.11.03 08:09:41.095,1.22415,1.2243,1.00,1.00
2015.11.03 08:09:41.350,1.2241,1.22431,1.75,1.75
2015.11.03 08:09:41.723,1.22412,1.22431,1.12,2.25
2015.11.03 08:09:41.777,1.22417,1.2243,1.00,1.75
2015.11.03 08:09:41.879,1.22417,1.22433,1.00,1.00
2015.11.03 08:09:52.032,1.22418,1.22433,1.00,1.00
2015.11.03 08:09:52.548,1.22417,1.22433,1.00,1.00
2015.11.03 08:09:53.061,1.22418,1.22433,1.00,1.00
2015.11.03 08:09:54.407,1.22417,1.22433,1.50,1.00
2015.11.03 08:09:55.452,1.22418,1.22433,1.00,1.00
2015.11.03 08:09:56.627,1.22417,1.22433,1.50,1.00
2015.11.03 08:10:00.012,1.22418,1.22433,1.00,1.00
2015.11.03 08:10:00.842,1.22417,1.22437,1.50,1.75
2015.11.03 08:10:00.893,1.22417,1.22437,1.50,1.75
2015.11.03 08:10:01.252,1.22421,1.22438,1.00,1.75
2015.11.03 08:10:01.303,1.22421,1.22438,1.37,1.75
2015.11.03 08:10:05.731,1.2242,1.22434,1.50,1.00
2015.11.03 08:10:05.833,1.2242,1.2243,1.00,1.00
2015.11.03 08:10:05.884,1.22415,1.2243,1.00,1.00
2015.11.03 08:10:07.205,1.22417,1.2243,1.00,1.00
2015.11.03 08:10:07.604,1.22418,1.22434,1.00,1.00
2015.11.03 08:10:07.809,1.22415,1.22435,1.50,2.25
2015.11.03 08:10:07.861,1.22415,1.22435,1.12,2.25
2015.11.03 08:10:08.218,1.22415,1.22435,2.25,1.75
2015.11.03 08:10:12.087,1.22422,1.2244,1.87,1.12
2015.11.03 08:10:12.138,1.22422,1.22442,2.25,3.00
2015.11.03 08:10:19.037,1.22422,1.22443,2.25,1.75
2015.11.03 08:10:22.279,1.22427,1.22445,1.50,2.25
2015.11.03 08:10:22.867,1.22428,1.22445,1.00,2.25
2015.11.03 08:10:24.351,1.22429,1.22446,2.25,1.12
2015.11.03 08:10:24.402,1.22433,1.22448,1.00,1.00
2015.11.03 08:10:25.449,1.22428,1.22448,1.37,2.25
2015.11.03 08:10:25.553,1.22428,1.22446,1.00,1.75
2015.11.03 08:10:26.102,1.22426,1.22446,1.50,1.75
2015.11.03 08:10:27.796,1.22426,1.22447,1.00,2.62
2015.11.03 08:10:30.101,1.22427,1.22447,1.00,2.62
2015.11.03 08:10:30.857,1.22426,1.22446,1.50,1.75
2015.11.03 08:10:32.371,1.22428,1.22446,1.12,1.75
2015.11.03 08:10:32.473,1.22428,1.22443,1.50,1.00
2015.11.03 08:10:33.153,1.22429,1.22443,1.00,1.00
2015.11.03 08:10:33.204,1.22433,1.2245,1.00,1.87
2015.11.03 08:10:33.256,1.22433,1.22452,1.00,1.12
2015.11.03 08:10:33.307,1.22435,1.22452,1.00,1.12
2015.11.03 08:10:33.358,1.22435,1.22449,1.00,1.00
2015.11.03 08:10:33.866,1.22436,1.22449,1.00,1.00
2015.11.03 08:10:35.007,1.2244,1.22454,1.00,1.00
2015.11.03 08:10:36.316,1.22439,1.22454,1.00,1.00
2015.11.03 08:10:40.691,1.22436,1.22455,1.37,1.75
2015.11.03 08:10:41.039,1.22436,1.22455,1.37,1.75
2015.11.03 08:10:43.919,1.22431,1.22448,1.75,1.00
2015.11.03 08:10:44.072,1.22432,1.22447,1.00,1.00
2015.11.03 08:10:44.124,1.22427,1.22447,2.25,1.50
2015.11.03 08:10:44.175,1.22427,1.22447,2.25,1.75
2015.11.03 08:10:48.831,1.22427,1.22447,2.25,2.25
2015.11.03 08:10:48.882,1.22429,1.22447,1.75,2.25
2015.11.03 08:10:49.827,1.22427,1.22447,1.75,1.75
2015.11.03 08:10:51.816,1.22426,1.22443,1.87,1.50
2015.11.03 08:10:51.969,1.22423,1.22438,1.00,1.00
2015.11.03 08:10:52.020,1.22422,1.2244,1.12,3.00
2015.11.03 08:10:52.325,1.22424,1.22442,2.25,1.75
2015.11.03 08:10:52.478,1.22424,1.22442,3.00,1.50
2015.11.03 08:10:53.715,1.22422,1.22441,1.50,1.50
2015.11.03 08:10:53.817,1.22421,1.22441,3.00,2.25
2015.11.03 08:10:54.437,1.22418,1.22437,1.75,1.00
2015.11.03 08:10:55.704,1.22418,1.22437,1.75,1.37
2015.11.03 08:10:55.807,1.22419,1.22439,1.50,2.25
2015.11.03 08:10:57.715,1.22418,1.22436,1.37,1.75
2015.11.03 08:10:57.922,1.22409,1.22431,2.25,1.75
2015.11.03 08:10:58.791,1.22407,1.22425,1.50,1.75
2015.11.03 08:11:01.090,1.22409,1.22426,1.00,1.75
2015.11.03 08:11:01.755,1.22408,1.22426,1.12,1.75
2015.11.03 08:11:06.148,1.22409,1.22426,1.00,1.75
2015.11.03 08:11:10.440,1.2241,1.22426,1.00,1.75
2015.11.03 08:11:11.049,1.22409,1.22426,1.00,1.75
2015.11.03 08:11:14.661,1.22411,1.22425,1.00,1.00
2015.11.03 08:11:15.486,1.2241,1.22425,1.00,1.00
2015.11.03 08:11:18.085,1.22412,1.22431,1.75,1.75
2015.11.03 08:11:37.578,1.2241,1.2243,1.50,2.25
2015.11.03 08:11:37.731,1.22414,1.2243,1.00,2.25
2015.11.03 08:11:37.782,1.22414,1.2243,1.37,1.87
2015.11.03 08:11:45.291,1.22411,1.22426,1.00,1.00
2015.11.03 08:11:46.215,1.22412,1.22426,1.00,1.00
2015.11.03 08:11:46.317,1.22412,1.22428,1.50,1.00
2015.11.03 08:11:50.526,1.22412,1.22427,1.00,1.00
2015.11.03 08:11:51.395,1.22412,1.22425,1.00,1.00
2015.11.03 08:11:52.118,1.22412,1.22426,1.00,1.00
2015.11.03 08:11:52.628,1.22412,1.22425,1.00,1.00
2015.11.03 08:11:54.001,1.22412,1.22427,1.00,1.00
2015.11.03 08:11:57.930,1.22407,1.22427,1.75,1.75
2015.11.03 08:12:01.022,1.22409,1.22429,3.00,2.25
2015.11.03 08:12:01.074,1.2241,1.22429,1.75,1.75
2015.11.03 08:12:03.445,1.2241,1.22428,1.37,1.75
2015.11.03 08:12:03.497,1.2241,1.22427,1.00,1.75
2015.11.03 08:12:03.752,1.22409,1.22424,1.75,1.12
2015.11.03 08:12:08.726,1.22404,1.22422,1.75,1.50
2015.11.03 08:12:09.133,1.22406,1.22425,1.50,1.75
2015.11.03 08:12:09.184,1.22408,1.22428,2.25,2.25
2015.11.03 08:12:10.978,1.22411,1.22427,1.00,1.00
2015.11.03 08:12:13.713,1.22412,1.22427,1.00,1.00
2015.11.03 08:12:13.867,1.22414,1.2243,1.00,1.00
2015.11.03 08:12:26.001,1.2241,1.22431,1.75,1.75
2015.11.03 08:12:27.690,1.22413,1.22431,1.00,1.75
2015.11.03 08:12:28.226,1.22412,1.22431,1.12,1.75
2015.11.03 08:12:33.915,1.22413,1.22432,1.75,1.75
2015.11.03 08:12:42.608,1.22416,1.22434,1.00,1.75
2015.11.03 08:12:44.472,1.22414,1.22434,1.50,2.10
2015.11.03 08:12:44.832,1.22414,1.22432,1.75,1.37
2015.11.03 08:13:00.783,1.22416,1.22433,1.12,1.75
2015.11.03 08:13:08.628,1.22411,1.2243,1.75,1.00
2015.11.03 08:13:10.027,1.22411,1.22431,1.75,1.12
2015.11.03 08:13:14.170,1.2241,1.22428,1.75,1.00
2015.11.03 08:13:17.881,1.22409,1.22427,1.75,1.00
2015.11.03 08:13:22.819,1.22409,1.22426,1.75,1.00
2015.11.03 08:13:22.922,1.22409,1.22426,1.50,1.37
2015.11.03 08:13:22.973,1.22409,1.22424,1.50,1.00
2015.11.03 08:13:29.862,1.2241,1.22424,1.00,1.00
2015.11.03 08:13:29.964,1.2241,1.22427,1.37,1.37
2015.11.03 08:13:30.016,1.22411,1.22428,1.75,1.12
2015.11.03 08:13:30.505,1.22408,1.22426,2.25,1.37
2015.11.03 08:13:31.649,1.22407,1.22425,1.75,1.37
2015.11.03 08:13:32.118,1.22403,1.22421,2.25,1.37
2015.11.03 08:13:35.385,1.22402,1.22422,1.75,1.50
2015.11.03 08:13:35.889,1.22403,1.22418,1.00,1.00
2015.11.03 08:13:36.349,1.22402,1.2242,3.00,1.37
2015.11.03 08:13:36.451,1.22405,1.22422,1.12,1.50
2015.11.03 08:13:37.080,1.22402,1.22417,1.75,1.00
2015.11.03 08:13:37.182,1.22402,1.2242,1.75,1.00
2015.11.03 08:13:41.565,1.22402,1.22419,1.75,1.00
2015.11.03 08:13:42.260,1.22402,1.22418,1.75,1.00
2015.11.03 08:13:43.681,1.22403,1.22423,1.75,2.25
2015.11.03 08:13:46.335,1.22406,1.22422,1.00,1.50
2015.11.03 08:13:46.970,1.22403,1.22422,1.75,1.50
2015.11.03 08:13:49.296,1.22406,1.22423,1.00,1.75
2015.11.03 08:13:52.904,1.22407,1.22424,1.00,1.75
2015.11.03 08:13:52.956,1.22407,1.22424,1.37,1.37
2015.11.03 08:13:53.007,1.22408,1.22426,1.75,1.75
2015.11.03 08:13:53.414,1.22412,1.2243,1.12,1.75
2015.11.03 08:13:53.672,1.22414,1.22433,1.00,2.25
2015.11.03 08:13:54.118,1.22415,1.22431,1.00,1.00
2015.11.03 08:14:00.080,1.22411,1.22431,1.75,1.75
2015.11.03 08:14:01.457,1.22408,1.22427,1.75,1.75
2015.11.03 08:14:01.897,1.22407,1.22424,1.50,1.50
2015.11.03 08:14:06.611,1.22407,1.22426,1.75,1.87
2015.11.03 08:14:12.676,1.22401,1.22408,1.00,1.75
2015.11.03 08:14:12.728,1.22391,1.22405,1.00,1.75
2015.11.03 08:14:12.831,1.22386,1.22402,1.00,1.75
2015.11.03 08:14:12.934,1.22382,1.224,1.87,1.75
2015.11.03 08:14:13.894,1.22383,1.22399,1.12,1.75
2015.11.03 08:14:14.199,1.22383,1.22394,1.00,1.50
2015.11.03 08:14:14.250,1.22376,1.22394,1.50,2.25
2015.11.03 08:14:14.403,1.22375,1.22394,1.37,2.62
2015.11.03 08:14:14.813,1.22382,1.22394,1.00,1.12
2015.11.03 08:14:15.325,1.22382,1.22396,1.00,1.12
2015.11.03 08:14:16.198,1.22381,1.22393,1.00,1.75
2015.11.03 08:14:16.555,1.22376,1.22394,1.12,1.12
2015.11.03 08:14:17.250,1.22371,1.22379,1.75,1.00
2015.11.03 08:14:17.302,1.22363,1.22379,1.37,1.50
2015.11.03 08:14:17.354,1.22362,1.22379,1.37,1.75
2015.11.03 08:14:17.862,1.22364,1.2238,1.00,1.75
2015.11.03 08:14:18.432,1.22362,1.22377,1.87,1.37
2015.11.03 08:14:18.737,1.22365,1.22383,1.00,1.12
2015.11.03 08:14:18.839,1.22366,1.22385,1.00,2.25
2015.11.03 08:14:19.144,1.22363,1.22384,1.50,1.87
2015.11.03 08:14:19.659,1.22364,1.22384,1.00,2.62
2015.11.03 08:14:20.252,1.2236,1.22378,1.12,2.25
2015.11.03 08:14:20.354,1.22356,1.22376,2.62,1.75
2015.11.03 08:14:20.774,1.22367,1.22377,1.00,1.37
2015.11.03 08:14:20.826,1.22368,1.22381,1.00,1.50
2015.11.03 08:14:20.877,1.2237,1.22387,1.00,2.62
2015.11.03 08:14:21.081,1.22374,1.22385,1.00,1.00
2015.11.03 08:14:21.183,1.22375,1.22392,1.00,1.75
2015.11.03 08:14:21.285,1.22377,1.22397,1.12,4.12
2015.11.03 08:14:22.269,1.22378,1.22397,1.00,2.62
2015.11.03 08:14:22.785,1.22377,1.22397,1.12,2.62
2015.11.03 08:14:23.042,1.22379,1.22397,1.00,3.37
2015.11.03 08:14:23.446,1.22379,1.22394,1.00,1.00
2015.11.03 08:14:23.959,1.22378,1.22393,1.50,1.00
2015.11.03 08:14:24.061,1.22374,1.22393,1.00,1.87
2015.11.03 08:14:24.673,1.22372,1.22385,1.50,1.00
2015.11.03 08:14:24.979,1.22374,1.22385,1.00,1.00
2015.11.03 08:14:26.081,1.22373,1.22385,1.00,1.00
2015.11.03 08:14:26.687,1.22372,1.22385,1.00,1.00
2015.11.03 08:14:26.891,1.2237,1.22385,1.50,1.00
2015.11.03 08:14:28.022,1.22372,1.22385,1.00,1.00
2015.11.03 08:14:28.441,1.22374,1.22392,1.00,1.87
2015.11.03 08:14:28.492,1.22374,1.22392,1.12,1.75
2015.11.03 08:14:28.920,1.22377,1.22393,1.00,1.75
2015.11.03 08:14:28.972,1.22378,1.22395,1.00,1.75
2015.11.03 08:14:29.499,1.22379,1.22397,1.50,1.87
2015.11.03 08:14:30.290,1.2238,1.22397,1.00,1.87
2015.11.03 08:14:32.117,1.22384,1.22396,1.00,1.00
2015.11.03 08:14:32.220,1.22384,1.22403,1.12,1.75
2015.11.03 08:14:33.095,1.22385,1.22403,1.00,1.75
2015.11.03 08:14:35.166,1.22384,1.22403,1.12,2.25
2015.11.03 08:14:38.291,1.22382,1.22399,1.75,1.00
2015.11.03 08:14:39.008,1.22383,1.224,1.50,1.12
2015.11.03 08:14:41.528,1.22382,1.22399,1.75,1.00
2015.11.03 08:14:41.579,1.22382,1.22397,1.37,1.12
2015.11.03 08:14:41.630,1.22381,1.22397,1.00,1.50
2015.11.03 08:14:42.138,1.22381,1.22396,1.00,1.50
2015.11.03 08:14:43.013,1.2238,1.224,2.25,2.25
2015.11.03 08:14:43.433,1.22382,1.22399,2.47,1.75
2015.11.03 08:14:48.355,1.22385,1.22402,1.30,1.75
2015.11.03 08:14:48.406,1.22385,1.22402,1.30,1.75
2015.11.03 08:14:50.787,1.22383,1.22394,1.00,1.87
2015.11.03 08:14:50.839,1.22375,1.22394,1.75,2.25
2015.11.03 08:14:50.992,1.22373,1.22389,1.50,1.00
2015.11.03 08:14:54.189,1.22374,1.22389,1.00,1.00
2015.11.03 08:14:54.240,1.22374,1.22392,1.75,1.87
2015.11.03 08:14:55.012,1.22374,1.2239,1.75,1.00
2015.11.03 08:14:55.064,1.22374,1.2239,1.50,1.37
2015.11.03 08:14:55.117,1.22371,1.22387,1.75,1.00
2015.11.03 08:14:55.584,1.22367,1.22382,1.12,1.37
2015.11.03 08:14:55.635,1.22365,1.22382,1.00,1.37
2015.11.03 08:14:55.788,1.22366,1.22382,1.00,1.50
2015.11.03 08:14:56.362,1.22364,1.22382,2.25,1.50
2015.11.03 08:14:56.878,1.22364,1.22382,1.87,1.75
2015.11.03 08:15:03.081,1.22366,1.22383,1.00,1.75
2015.11.03 08:15:03.254,1.22365,1.22385,1.37,1.75
2015.11.03 08:15:03.305,1.22369,1.22383,1.00,1.00
2015.11.03 08:15:03.407,1.2237,1.22385,1.50,1.00
2015.11.03 08:15:04.771,1.22371,1.22385,1.00,1.00
2015.11.03 08:15:05.498,1.22371,1.22391,1.87,2.25
2015.11.03 08:15:05.923,1.22372,1.22388,1.50,1.00
2015.11.03 08:15:11.939,1.22368,1.22388,2.25,2.25
2015.11.03 08:15:11.990,1.22366,1.22388,2.25,2.25
2015.11.03 08:15:14.858,1.22369,1.22388,1.37,2.25
2015.11.03 08:15:15.383,1.22368,1.22385,1.50,1.75
2015.11.03 08:15:18.564,1.22372,1.22388,1.00,3.00
2015.11.03 08:15:20.592,1.22372,1.22388,1.00,2.25
2015.11.03 08:15:21.198,1.22375,1.22388,1.00,1.75
2015.11.03 08:15:22.640,1.22374,1.22388,1.00,2.25
2015.11.03 08:15:22.742,1.22372,1.22387,1.00,1.75
2015.11.03 08:15:23.305,1.22374,1.22388,1.00,2.25
2015.11.03 08:15:23.852,1.22376,1.22388,1.00,2.25
2015.11.03 08:15:24.647,1.22374,1.22387,1.00,1.75
2015.11.03 08:15:24.749,1.22371,1.22385,1.12,1.50
2015.11.03 08:15:27.128,1.22372,1.22386,1.00,1.75
2015.11.03 08:15:27.639,1.22371,1.22386,1.12,1.75
2015.11.03 08:15:28.600,1.22372,1.22386,1.00,1.75
2015.11.03 08:15:29.126,1.22371,1.22386,1.12,1.75
2015.11.03 08:15:31.787,1.2237,1.22384,1.37,1.50
2015.11.03 08:15:31.990,1.22368,1.22382,1.00,1.50
2015.11.03 08:15:32.559,1.2237,1.22382,1.00,1.50
2015.11.03 08:15:33.029,1.22368,1.22382,1.00,1.50
2015.11.03 08:15:33.820,1.22368,1.22379,1.00,1.00
2015.11.03 08:15:34.075,1.22364,1.22377,1.00,1.00
2015.11.03 08:15:34.444,1.22362,1.22374,1.37,1.00
2015.11.03 08:15:34.495,1.2236,1.22374,1.87,1.12
2015.11.03 08:15:36.148,1.22358,1.22372,1.50,1.00
2015.11.03 08:15:38.431,1.22358,1.22374,1.00,1.50
2015.11.03 08:15:38.584,1.2236,1.22376,1.00,2.25
2015.11.03 08:15:38.993,1.22366,1.22376,1.00,1.00
2015.11.03 08:15:39.147,1.22366,1.22379,1.00,1.50
2015.11.03 08:15:39.249,1.22368,1.22379,1.00,1.00
2015.11.03 08:15:39.555,1.2237,1.22379,1.00,1.00
2015.11.03 08:15:40.334,1.22368,1.22379,1.00,1.00
2015.11.03 08:15:40.997,1.22369,1.22379,1.00,1.00
2015.11.03 08:15:41.058,1.22369,1.22381,1.00,1.12
2015.11.03 08:15:42.906,1.22367,1.22381,1.00,1.12
2015.11.03 08:15:43.641,1.22368,1.22381,1.00,1.12
2015.11.03 08:15:44.305,1.22371,1.22383,1.00,1.75
2015.11.03 08:15:44.458,1.22371,1.22386,1.00,1.50
2015.11.03 08:15:46.764,1.22367,1.22383,2.25,1.00
2015.11.03 08:15:46.968,1.22367,1.22382,1.00,1.12
2015.11.03 08:15:47.484,1.22368,1.22385,1.00,1.75
2015.11.03 08:15:47.961,1.22367,1.22385,1.75,2.25
2015.11.03 08:15:52.297,1.22369,1.22383,1.50,1.00
2015.11.03 08:15:52.672,1.22369,1.22381,1.00,1.37
2015.11.03 08:15:52.726,1.22364,1.22384,1.50,3.00
2015.11.03 08:15:52.777,1.22366,1.22382,1.00,1.00
2015.11.03 08:15:52.880,1.22368,1.22382,1.00,1.00
2015.11.03 08:15:53.185,1.22368,1.22385,1.75,1.12
2015.11.03 08:15:55.151,1.22367,1.22383,3.00,1.00
2015.11.03 08:15:55.304,1.22367,1.22382,1.87,1.87
2015.11.03 08:15:55.558,1.22365,1.22381,1.87,1.50
2015.11.03 08:15:55.609,1.22365,1.22381,1.87,1.75
2015.11.03 08:15:56.585,1.22361,1.22374,1.50,1.00
2015.11.03 08:15:57.145,1.22362,1.22374,1.00,1.00
2015.11.03 08:15:57.399,1.22362,1.22379,1.12,1.75
2015.11.03 08:15:59.283,1.22359,1.22376,2.25,1.75
2015.11.03 08:16:02.695,1.22361,1.22378,1.37,1.50
2015.11.03 08:16:03.348,1.22363,1.22381,1.37,1.75
2015.11.03 08:16:03.399,1.22365,1.22381,1.12,1.75
2015.11.03 08:16:04.960,1.22366,1.22384,1.00,1.75
2015.11.03 08:16:05.011,1.22366,1.22384,1.75,1.75
2015.11.03 08:16:20.715,1.22369,1.22388,1.50,3.00
2015.11.03 08:16:20.766,1.2237,1.22385,1.00,1.00
2015.11.03 08:16:24.903,1.2237,1.22384,1.00,1.00
2015.11.03 08:16:25.410,1.2237,1.22385,1.00,1.00
2015.11.03 08:16:28.093,1.2237,1.22383,1.00,1.00
2015.11.03 08:16:29.212,1.22366,1.22383,1.12,1.50
2015.11.03 08:16:31.425,1.22366,1.22379,1.12,1.00
2015.11.03 08:16:31.730,1.22366,1.22382,2.25,1.00
2015.11.03 08:16:32.241,1.22366,1.22382,1.00,1.75
2015.11.03 08:16:32.293,1.22363,1.22382,2.25,1.75
2015.11.03 08:16:34.673,1.22364,1.22382,1.75,1.87
2015.11.03 08:16:37.088,1.22364,1.2238,2.25,1.00
2015.11.03 08:16:44.423,1.22363,1.2238,1.87,1.50
2015.11.03 08:16:44.626,1.22363,1.22379,1.00,1.75
2015.11.03 08:16:46.814,1.22363,1.22381,1.50,1.75
2015.11.03 08:16:47.503,1.22362,1.22378,1.75,1.00
2015.11.03 08:16:47.605,1.22362,1.22378,1.50,1.75
2015.11.03 08:16:47.911,1.22359,1.22372,1.00,1.75
2015.11.03 08:16:48.013,1.22356,1.22372,1.12,1.75
2015.11.03 08:16:48.904,1.22355,1.22368,1.50,1.00
2015.11.03 08:16:49.440,1.22351,1.22366,3.00,1.00
2015.11.03 08:16:50.798,1.2235,1.22366,1.75,1.12
2015.11.03 08:16:50.850,1.2235,1.22366,1.50,1.12
2015.11.03 08:16:51.660,1.22349,1.22363,1.75,1.00
2015.11.03 08:16:53.866,1.22349,1.22365,1.75,1.00
2015.11.03 08:16:53.918,1.22349,1.22366,1.12,1.75
2015.11.03 08:16:54.527,1.22355,1.22367,1.00,1.00
2015.11.03 08:16:54.936,1.22356,1.2237,1.00,1.50
2015.11.03 08:16:55.038,1.22359,1.2237,1.00,1.00
2015.11.03 08:16:55.140,1.22357,1.2237,1.00,1.00
2015.11.03 08:16:55.647,1.22358,1.2237,1.00,1.50
2015.11.03 08:16:55.700,1.22355,1.2237,1.00,1.50
2015.11.03 08:16:56.270,1.22358,1.2237,1.00,1.50
2015.11.03 08:16:56.930,1.22357,1.2237,1.00,1.00
2015.11.03 08:16:57.238,1.2236,1.2237,1.00,1.00
2015.11.03 08:16:57.340,1.22358,1.2237,1.00,1.00
2015.11.03 08:16:57.594,1.22356,1.2237,1.00,1.00
2015.11.03 08:16:58.604,1.22357,1.2237,1.00,1.00
2015.11.03 08:16:58.655,1.22354,1.2237,1.00,1.50
2015.11.03 08:16:58.707,1.22353,1.2237,1.87,1.50
2015.11.03 08:16:58.809,1.22352,1.22367,1.50,1.00
2015.11.03 08:16:59.317,1.22351,1.22366,1.00,1.00
2015.11.03 08:17:00.199,1.22352,1.22366,1.00,1.00
2015.11.03 08:17:00.556,1.22355,1.22367,1.00,1.00
2015.11.03 08:17:01.167,1.22355,1.22369,1.00,1.50
2015.11.03 08:17:01.523,1.22357,1.22369,1.00,1.00
2015.11.03 08:17:02.246,1.22355,1.22369,1.00,1.00
2015.11.03 08:17:02.815,1.22354,1.22369,1.00,1.50
2015.11.03 08:17:02.867,1.22352,1.22369,1.87,1.75
2015.11.03 08:17:03.606,1.22353,1.22369,1.00,1.75
2015.11.03 08:17:05.315,1.22362,1.22377,1.00,1.75
2015.11.03 08:17:05.369,1.22362,1.22379,1.12,2.25
2015.11.03 08:17:05.471,1.22362,1.22379,1.50,1.75
2015.11.03 08:17:05.573,1.22362,1.22376,1.50,1.00
2015.11.03 08:17:05.727,1.22364,1.22376,1.00,1.00
2015.11.03 08:17:06.651,1.22365,1.2238,1.50,1.50
2015.11.03 08:17:08.368,1.22367,1.22382,1.00,1.75
2015.11.03 08:17:08.622,1.22363,1.22382,1.12,1.75
2015.11.03 08:17:10.173,1.22362,1.22382,1.37,1.75
2015.11.03 08:17:10.689,1.22362,1.22382,1.00,1.75
2015.11.03 08:17:11.549,1.22361,1.22382,2.62,1.75
2015.11.03 08:17:12.001,1.22365,1.22383,1.00,2.62
2015.11.03 08:17:12.307,1.22368,1.22385,1.00,2.25
2015.11.03 08:17:12.906,1.22367,1.22385,1.00,3.00
2015.11.03 08:17:12.958,1.22367,1.22383,1.00,1.12
2015.11.03 08:17:13.164,1.22368,1.22385,1.00,2.62
2015.11.03 08:17:13.216,1.22368,1.22385,1.00,2.25
2015.11.03 08:17:14.648,1.22366,1.22385,1.50,2.25
2015.11.03 08:17:15.246,1.22366,1.22385,1.75,1.50
2015.11.03 08:17:15.884,1.22371,1.22387,1.00,1.75
2015.11.03 08:17:16.394,1.22372,1.22389,1.50,2.25
2015.11.03 08:17:16.547,1.22372,1.22388,2.25,1.75
2015.11.03 08:17:17.054,1.22368,1.22388,1.75,1.75
2015.11.03 08:17:17.105,1.22368,1.22387,1.37,1.75
2015.11.03 08:17:18.093,1.22367,1.22386,1.87,1.75
2015.11.03 08:17:18.610,1.22368,1.22386,1.00,1.75
2015.11.03 08:17:20.580,1.22365,1.22381,1.37,1.37
2015.11.03 08:17:20.631,1.22365,1.22381,1.00,1.75
2015.11.03 08:17:21.206,1.22365,1.2238,1.00,1.75
2015.11.03 08:17:21.674,1.22365,1.22378,1.00,1.12
2015.11.03 08:17:21.726,1.22361,1.22378,1.00,1.12
2015.11.03 08:17:22.685,1.22358,1.22376,1.87,1.75
2015.11.03 08:17:23.430,1.22357,1.22376,1.75,2.25
2015.11.03 08:17:23.533,1.2236,1.22376,1.00,2.25
2015.11.03 08:17:24.467,1.22354,1.22372,1.87,2.62
2015.11.03 08:17:24.518,1.22351,1.22368,1.00,2.25
2015.11.03 08:17:26.290,1.22349,1.22365,1.87,1.37
2015.11.03 08:17:27.062,1.22352,1.22368,1.50,1.75
2015.11.03 08:17:27.490,1.22354,1.22368,1.12,1.12
2015.11.03 08:17:28.033,1.22355,1.2237,1.00,1.50
2015.11.03 08:17:32.325,1.22355,1.2237,1.37,1.12
2015.11.03 08:17:32.880,1.22355,1.22373,1.75,1.50
2015.11.03 08:17:35.242,1.22359,1.22374,1.00,1.75
2015.11.03 08:17:35.554,1.22362,1.22377,1.12,1.50
2015.11.03 08:17:35.606,1.22362,1.22377,1.50,1.00
2015.11.03 08:17:38.940,1.22363,1.22383,1.00,4.50
2015.11.03 08:17:38.991,1.22366,1.22383,1.00,3.75
2015.11.03 08:17:39.042,1.22367,1.22383,1.00,3.00
2015.11.03 08:17:39.738,1.22366,1.22383,1.50,2.25
2015.11.03 08:17:40.279,1.22367,1.22383,1.00,2.25
2015.11.03 08:17:43.016,1.22365,1.2238,1.87,1.37
2015.11.03 08:17:43.349,1.22367,1.2238,1.50,1.37
2015.11.03 08:17:46.423,1.22365,1.2238,1.12,1.37
2015.11.03 08:17:50.463,1.22365,1.22378,1.12,1.00
2015.11.03 08:17:50.666,1.22364,1.22375,1.00,1.00
2015.11.03 08:17:50.718,1.2236,1.22375,1.75,1.00
2015.11.03 08:17:53.233,1.22359,1.22375,1.50,1.87
2015.11.03 08:17:53.285,1.22359,1.22375,1.50,2.25
2015.11.03 08:17:54.813,1.22356,1.22372,1.75,1.00
2015.11.03 08:17:54.865,1.22356,1.22369,1.00,1.37
2015.11.03 08:17:55.018,1.22353,1.22366,1.00,1.00
2015.11.03 08:17:55.375,1.22351,1.22366,1.00,1.00
2015.11.03 08:17:55.478,1.22349,1.22367,1.75,1.00
2015.11.03 08:17:56.281,1.22352,1.22369,1.75,1.50
2015.11.03 08:17:57.545,1.22356,1.2237,1.00,1.75
2015.11.03 08:17:58.085,1.22354,1.2237,1.50,1.75
2015.11.03 08:18:02.762,1.2235,1.22368,1.50,2.25
2015.11.03 08:18:02.813,1.2235,1.22368,1.50,2.25
2015.11.03 08:18:03.787,1.22347,1.22364,2.25,1.37
2015.11.03 08:18:03.839,1.22347,1.22363,1.12,1.12
2015.11.03 08:18:06.195,1.22347,1.2236,1.12,1.00
2015.11.03 08:18:06.876,1.22345,1.2236,1.50,1.50
2015.11.03 08:18:08.282,1.22348,1.2236,1.00,1.00
2015.11.03 08:18:10.433,1.22348,1.22363,1.00,1.00
2015.11.03 08:18:12.187,1.22349,1.22368,1.37,1.50
2015.11.03 08:18:12.239,1.22351,1.22368,1.37,1.50
2015.11.03 08:18:14.376,1.22354,1.22369,1.00,1.75
2015.11.03 08:18:14.685,1.22357,1.22371,1.00,1.75
2015.11.03 08:18:16.159,1.22356,1.22371,1.00,1.75
2015.11.03 08:18:17.237,1.22354,1.22371,1.50,1.75
2015.11.03 08:18:18.604,1.22354,1.22371,1.37,1.50
2015.11.03 08:18:19.314,1.22354,1.22369,1.00,1.75
2015.11.03 08:18:20.483,1.22354,1.22366,1.00,1.00
2015.11.03 08:18:20.636,1.22352,1.22366,1.12,1.00
2015.11.03 08:18:21.366,1.22352,1.22369,1.12,1.75
2015.11.03 08:18:21.892,1.22353,1.22369,1.00,1.75
2015.11.03 08:18:22.642,1.22354,1.22369,1.00,1.75
2015.11.03 08:18:23.364,1.22352,1.22369,1.12,1.75
2015.11.03 08:18:23.721,1.22352,1.2237,1.75,1.50
2015.11.03 08:18:27.214,1.22352,1.22368,1.75,1.00
2015.11.03 08:18:27.926,1.22354,1.22369,1.00,1.75
2015.11.03 08:18:29.500,1.22353,1.2237,1.50,1.75
2015.11.03 08:18:31.001,1.22354,1.2237,1.00,1.75
2015.11.03 08:18:31.548,1.22353,1.2237,1.00,1.75
2015.11.03 08:18:32.186,1.22354,1.2237,1.00,1.75
2015.11.03 08:18:32.583,1.22357,1.2237,1.50,1.00
2015.11.03 08:18:32.634,1.22359,1.2237,1.00,1.00
2015.11.03 08:18:33.142,1.2236,1.2237,1.50,1.00
2015.11.03 08:18:33.243,1.2236,1.22376,1.50,2.25
2015.11.03 08:18:36.799,1.22359,1.22376,1.12,2.25
2015.11.03 08:18:37.582,1.22358,1.22373,1.00,1.75
2015.11.03 08:18:37.633,1.22358,1.22373,1.00,1.75
2015.11.03 08:18:37.940,1.2236,1.22373,1.00,1.75
2015.11.03 08:18:38.245,1.2236,1.22373,1.00,1.50
2015.11.03 08:18:38.810,1.22359,1.22371,1.00,1.00
2015.11.03 08:18:38.862,1.22359,1.22373,1.00,2.25
2015.11.03 08:18:40.041,1.22356,1.22373,1.00,2.25
2015.11.03 08:18:40.455,1.22357,1.22373,1.75,1.50
2015.11.03 08:18:41.280,1.22355,1.22374,1.37,1.75
2015.11.03 08:18:41.332,1.22355,1.2237,1.00,1.00
2015.11.03 08:18:41.743,1.22357,1.2237,1.00,1.00
2015.11.03 08:18:42.852,1.22355,1.2237,1.00,1.00
2015.11.03 08:18:43.360,1.22354,1.2237,1.00,1.50
2015.11.03 08:18:43.512,1.22356,1.2237,1.00,1.50
2015.11.03 08:18:44.466,1.2235,1.22357,1.12,1.37
2015.11.03 08:18:44.517,1.2234,1.22357,1.12,1.75
2015.11.03 08:18:44.876,1.22341,1.22357,1.37,1.75
2015.11.03 08:18:44.927,1.22341,1.22357,1.75,1.50
2015.11.03 08:18:45.132,1.2234,1.22355,1.00,1.12
2015.11.03 08:18:45.792,1.22336,1.22354,2.25,1.00
2015.11.03 08:18:47.488,1.22337,1.22351,1.75,1.00
2015.11.03 08:18:47.641,1.22336,1.22351,1.50,1.00
2015.11.03 08:18:47.693,1.22333,1.22351,1.75,1.37
2015.11.03 08:18:47.795,1.22332,1.22347,1.50,1.12
2015.11.03 08:18:48.000,1.2233,1.22347,1.50,1.37
2015.11.03 08:18:48.598,1.22328,1.22344,1.75,1.12
2015.11.03 08:18:50.860,1.22331,1.22347,1.37,1.50
2015.11.03 08:18:50.962,1.22332,1.22347,1.00,1.50
2015.11.03 08:18:54.920,1.2233,1.22347,1.00,1.75
2015.11.03 08:18:56.052,1.22329,1.22346,1.12,2.25
2015.11.03 08:18:56.519,1.22329,1.22345,1.00,1.75
2015.11.03 08:18:56.570,1.22327,1.22345,1.87,1.75
2015.11.03 08:18:56.774,1.22326,1.22341,1.00,1.75
2015.11.03 08:18:56.927,1.22324,1.22341,1.87,1.75
2015.11.03 08:19:00.054,1.22324,1.22339,1.12,1.75
2015.11.03 08:19:00.206,1.22324,1.22342,1.00,2.25
2015.11.03 08:19:01.768,1.22323,1.22342,1.87,1.75
2015.11.03 08:19:02.881,1.22325,1.22343,1.50,1.75
2015.11.03 08:19:02.983,1.22328,1.22343,1.12,1.12
2015.11.03 08:19:05.994,1.22328,1.22344,1.12,2.25
2015.11.03 08:19:06.301,1.2233,1.22347,1.75,1.50
2015.11.03 08:19:10.909,1.2233,1.22343,1.75,1.00
2015.11.03 08:19:12.148,1.22331,1.22346,1.75,1.12
2015.11.03 08:19:13.561,1.22328,1.22345,1.50,1.50
2015.11.03 08:19:15.722,1.22327,1.22342,1.75,1.00
2015.11.03 08:19:16.637,1.22325,1.22341,1.00,1.75
2015.11.03 08:19:16.688,1.22323,1.22341,1.12,1.75
2015.11.03 08:19:17.045,1.2232,1.22334,1.50,1.00
2015.11.03 08:19:17.198,1.22314,1.22332,1.87,1.75
2015.11.03 08:19:17.757,1.22314,1.22332,1.35,1.12
2015.11.03 08:19:18.216,1.22314,1.22331,1.67,2.25
2015.11.03 08:19:20.560,1.22316,1.22332,1.00,1.75
2015.11.03 08:19:20.611,1.22316,1.22334,1.50,2.25
2015.11.03 08:19:21.020,1.22317,1.2233,1.00,1.00
2015.11.03 08:19:21.072,1.22315,1.2233,1.00,1.50
2015.11.03 08:19:21.124,1.22312,1.22328,1.50,1.50
2015.11.03 08:19:21.227,1.22311,1.22327,1.87,1.75
2015.11.03 08:19:21.719,1.22312,1.22327,1.00,1.75
2015.11.03 08:19:21.822,1.22314,1.22326,1.00,1.00
2015.11.03 08:19:22.103,1.22322,1.22326,1.00,1.00
2015.11.03 08:19:22.155,1.22322,1.22336,1.00,1.87
2015.11.03 08:19:22.256,1.22322,1.22339,1.12,2.25
2015.11.03 08:19:23.302,1.22324,1.22338,1.00,1.75
2015.11.03 08:19:23.829,1.22323,1.22338,1.00,1.75
2015.11.03 08:19:24.148,1.22325,1.22338,1.00,1.75
2015.11.03 08:19:24.661,1.22324,1.22338,1.00,1.75
2015.11.03 08:19:25.548,1.22327,1.22341,1.00,1.75
2015.11.03 08:19:25.907,1.22331,1.22341,1.00,1.50
2015.11.03 08:19:26.415,1.22332,1.22346,1.00,1.87
2015.11.03 08:19:26.669,1.22334,1.22349,1.00,1.75
2015.11.03 08:19:27.601,1.22331,1.22348,1.00,1.75
2015.11.03 08:19:27.703,1.22334,1.22349,1.00,2.25
2015.11.03 08:19:29.154,1.22332,1.2235,1.50,1.75
2015.11.03 08:19:29.460,1.22334,1.2235,1.00,1.75
2015.11.03 08:19:29.613,1.22332,1.2235,1.50,1.75
2015.11.03 08:19:30.079,1.22328,1.22346,1.00,1.75
2015.11.03 08:19:30.596,1.22329,1.22346,1.00,1.75
2015.11.03 08:19:31.759,1.22332,1.22346,1.00,1.75
2015.11.03 08:19:31.962,1.22329,1.22346,1.00,1.75
2015.11.03 08:19:34.653,1.2233,1.22347,1.00,1.75
2015.11.03 08:19:34.755,1.22332,1.22347,1.12,1.12
2015.11.03 08:19:35.213,1.22331,1.22345,1.50,1.00
2015.11.03 08:19:35.783,1.22327,1.22344,2.25,1.00
2015.11.03 08:19:35.885,1.22329,1.22344,1.00,1.50
2015.11.03 08:19:36.037,1.22329,1.2234,1.00,1.00
2015.11.03 08:19:36.191,1.22321,1.22337,1.75,1.00
2015.11.03 08:19:36.293,1.2232,1.22334,1.75,1.00
2015.11.03 08:19:36.395,1.2232,1.22334,1.00,1.50
2015.11.03 08:19:36.649,1.2232,1.22336,1.50,1.00
2015.11.03 08:19:37.546,1.22321,1.22335,1.75,1.00
2015.11.03 08:19:38.157,1.22319,1.22335,1.50,1.50
2015.11.03 08:19:38.955,1.2232,1.22335,1.00,1.50
2015.11.03 08:19:39.210,1.22319,1.22332,1.00,1.00
2015.11.03 08:19:39.262,1.22316,1.22332,2.25,1.12
2015.11.03 08:19:39.668,1.22318,1.22335,2.25,1.00
2015.11.03 08:19:40.321,1.22316,1.22333,1.75,1.12
2015.11.03 08:19:43.301,1.22321,1.22335,1.00,1.75
2015.11.03 08:19:43.504,1.22318,1.22335,1.12,1.75
2015.11.03 08:19:43.708,1.22322,1.22335,1.00,1.75
2015.11.03 08:19:44.808,1.22317,1.22338,2.25,1.75
2015.11.03 08:19:45.178,1.22321,1.22338,1.00,2.25
2015.11.03 08:19:45.934,1.22322,1.22338,1.50,1.75
2015.11.03 08:19:46.887,1.22322,1.22335,1.50,1.00
2015.11.03 08:19:46.989,1.22317,1.22335,1.00,2.25
2015.11.03 08:19:47.871,1.22319,1.22335,1.00,1.00
2015.11.03 08:19:48.089,1.22322,1.22335,1.00,1.00
2015.11.03 08:19:48.293,1.22324,1.22339,2.47,1.12
2015.11.03 08:19:48.344,1.22331,1.22344,1.50,1.75
2015.11.03 08:19:48.497,1.22331,1.22346,1.00,1.75
2015.11.03 08:19:48.548,1.22332,1.2235,1.60,2.62
2015.11.03 08:19:49.048,1.22337,1.22354,1.00,1.75
2015.11.03 08:19:49.099,1.22339,1.22348,1.00,1.00
2015.11.03 08:19:49.252,1.22328,1.22342,1.75,1.00
2015.11.03 08:19:49.303,1.22329,1.22343,1.12,1.50
2015.11.03 08:19:49.609,1.22326,1.22343,1.00,1.75
2015.11.03 08:19:50.133,1.22327,1.22343,1.00,1.75
2015.11.03 08:19:50.387,1.22325,1.22339,1.00,1.50
2015.11.03 08:19:50.591,1.22324,1.22337,1.00,1.75
2015.11.03 08:19:50.693,1.22324,1.22337,1.12,1.12
2015.11.03 08:19:51.257,1.22324,1.22335,1.00,1.00
2015.11.03 08:19:51.308,1.22322,1.22335,1.00,1.00
2015.11.03 08:19:51.819,1.22322,1.22334,1.00,1.00
2015.11.03 08:19:51.870,1.22322,1.22332,1.00,1.00
2015.11.03 08:19:51.973,1.2232,1.22332,1.00,1.00
2015.11.03 08:19:52.075,1.2232,1.2233,1.00,1.00
2015.11.03 08:19:52.480,1.22316,1.22331,2.25,1.50
2015.11.03 08:19:52.583,1.22316,1.22329,1.50,1.00
2015.11.03 08:19:52.736,1.2231,1.22326,1.50,1.12
2015.11.03 08:19:52.889,1.22306,1.22326,2.25,1.87
2015.11.03 08:19:52.991,1.22306,1.22323,1.87,1.00
2015.11.03 08:19:53.287,1.22303,1.22323,1.00,1.00
2015.11.03 08:19:53.342,1.22307,1.22321,1.00,1.00
2015.11.03 08:19:53.740,1.22301,1.22321,1.50,1.00
2015.11.03 08:19:54.099,1.22302,1.22318,1.00,1.00
2015.11.03 08:19:54.216,1.22304,1.22322,1.50,1.00
2015.11.03 08:19:54.267,1.22305,1.22324,1.00,1.50
2015.11.03 08:19:54.318,1.22308,1.22325,1.00,1.50
2015.11.03 08:19:54.708,1.22311,1.22325,1.00,1.00
2015.11.03 08:19:55.097,1.22318,1.22333,1.00,1.00
2015.11.03 08:19:55.199,1.22318,1.22335,1.00,1.50
2015.11.03 08:19:55.453,1.22321,1.22335,1.00,1.50
2015.11.03 08:19:55.657,1.22318,1.22333,1.00,1.00
2015.11.03 08:19:55.709,1.22318,1.22331,1.00,1.00
2015.11.03 08:19:55.862,1.22315,1.2233,1.00,1.00
2015.11.03 08:19:56.230,1.22313,1.2233,1.00,1.00
2015.11.03 08:19:56.291,1.22313,1.22327,1.00,1.00
2015.11.03 08:19:56.456,1.22311,1.22327,1.00,1.00
2015.11.03 08:19:56.659,1.22316,1.22329,1.00,1.50
2015.11.03 08:19:57.945,1.22316,1.22335,1.00,1.50
2015.11.03 08:19:57.997,1.22319,1.22335,1.00,1.50
2015.11.03 08:19:58.304,1.22322,1.22335,1.00,2.25
2015.11.03 08:19:58.666,1.22319,1.22335,1.00,2.25
2015.11.03 08:20:00.638,1.22324,1.22335,1.00,1.50
2015.11.03 08:20:00.842,1.22332,1.22343,1.00,1.00
2015.11.03 08:20:00.945,1.22333,1.22348,1.00,1.75
2015.11.03 08:20:01.662,1.22328,1.22347,2.25,1.75
2015.11.03 08:20:02.326,1.2233,1.22343,1.75,1.00
2015.11.03 08:20:02.806,1.22327,1.22341,1.37,1.37
2015.11.03 08:20:02.857,1.22322,1.2234,1.75,1.50
2015.11.03 08:20:02.964,1.22321,1.2234,1.75,1.87
2015.11.03 08:20:03.015,1.22322,1.22337,1.00,1.00
2015.11.03 08:20:03.261,1.22321,1.2234,1.75,1.37
2015.11.03 08:20:03.313,1.22321,1.2234,2.25,1.87
2015.11.03 08:20:04.242,1.22323,1.22338,1.00,1.50
2015.11.03 08:20:05.964,1.22323,1.22336,1.00,1.00
2015.11.03 08:20:06.168,1.22316,1.22335,3.00,1.50
2015.11.03 08:20:06.903,1.22321,1.22339,1.00,1.75
2015.11.03 08:20:07.157,1.22322,1.2234,1.75,1.12
2015.11.03 08:20:08.530,1.22322,1.22337,1.50,1.00
2015.11.03 08:20:10.277,1.22322,1.22336,1.50,1.00
2015.11.03 08:20:10.596,1.22322,1.22336,1.00,1.50
2015.11.03 08:20:11.453,1.22322,1.22337,1.12,3.00
2015.11.03 08:20:11.874,1.22317,1.22333,1.75,1.00
2015.11.03 08:20:12.027,1.22317,1.2233,1.00,1.00
2015.11.03 08:20:12.078,1.22321,1.2233,1.50,1.00
2015.11.03 08:20:12.129,1.22321,1.22332,1.50,1.00
2015.11.03 08:20:12.182,1.22323,1.22336,1.00,1.00
2015.11.03 08:20:12.284,1.22323,1.2234,1.50,1.50
2015.11.03 08:20:12.741,1.22327,1.22343,1.00,3.00
2015.11.03 08:20:13.289,1.22326,1.22341,1.00,1.75
2015.11.03 08:20:13.978,1.22326,1.22343,1.75,1.50
2015.11.03 08:20:26.021,1.22322,1.22342,2.25,1.75
2015.11.03 08:20:26.509,1.22328,1.22344,1.00,2.25
2015.11.03 08:20:28.422,1.22331,1.22347,1.00,1.50
2015.11.03 08:20:33.301,1.22331,1.22344,1.00,1.00
2015.11.03 08:20:35.225,1.22331,1.22347,1.00,1.00
2015.11.03 08:20:38.091,1.22331,1.22345,1.00,1.00
2015.11.03 08:20:38.396,1.22327,1.22341,1.00,1.00
2015.11.03 08:20:42.309,1.22327,1.22342,1.00,1.00
2015.11.03 08:20:42.818,1.22327,1.22343,1.00,1.00
2015.11.03 08:20:44.239,1.22327,1.22342,1.00,1.00
2015.11.03 08:20:44.817,1.22323,1.22341,1.50,2.25
2015.11.03 08:20:44.869,1.22319,1.22337,2.25,1.37
2015.11.03 08:20:47.230,1.22316,1.22335,1.87,1.00
2015.11.03 08:20:51.281,1.22318,1.22336,1.75,1.12
2015.11.03 08:20:57.359,1.22321,1.22338,1.50,1.12
2015.11.03 08:20:59.004,1.22321,1.22336,1.00,1.00
2015.11.03 08:20:59.511,1.22321,1.22337,1.00,1.50
2015.11.03 08:21:00.327,1.22321,1.22336,1.00,1.00
2015.11.03 08:21:02.064,1.22321,1.22334,1.00,1.00
2015.11.03 08:21:02.369,1.22313,1.22329,1.75,1.00
2015.11.03 08:21:04.729,1.22313,1.2233,1.75,1.00
2015.11.03 08:21:04.882,1.22315,1.2233,1.00,1.50
2015.11.03 08:21:05.339,1.22313,1.22324,1.00,1.00
2015.11.03 08:21:05.390,1.22309,1.22324,1.00,1.00
2015.11.03 08:21:08.276,1.22312,1.22327,1.00,1.50
2015.11.03 08:21:09.586,1.22312,1.22329,1.75,1.00
2015.11.03 08:21:10.440,1.22312,1.22329,1.75,1.37
2015.11.03 08:21:10.948,1.22309,1.22329,1.75,1.87
2015.11.03 08:21:12.310,1.22308,1.22328,1.75,2.25
2015.11.03 08:21:12.721,1.22308,1.22328,1.50,3.00
2015.11.03 08:21:21.108,1.22306,1.22326,2.25,1.75
2015.11.03 08:21:21.159,1.22306,1.22326,1.87,1.75
2015.11.03 08:21:22.136,1.22307,1.22326,1.00,1.75
2015.11.03 08:21:22.551,1.22307,1.22326,3.00,1.12
2015.11.03 08:21:23.808,1.22316,1.22328,1.00,1.00
2015.11.03 08:21:24.015,1.22314,1.22329,1.50,1.00
2015.11.03 08:21:24.168,1.22317,1.22329,1.00,1.00
2015.11.03 08:21:25.073,1.22314,1.22329,2.25,1.00
2015.11.03 08:21:25.226,1.22317,1.22329,1.00,1.00
2015.11.03 08:21:25.735,1.22316,1.22329,1.00,1.00
2015.11.03 08:21:26.977,1.22314,1.22329,1.50,1.00
2015.11.03 08:21:27.427,1.22317,1.22329,1.00,1.00
2015.11.03 08:21:28.095,1.22314,1.2233,1.00,2.25
2015.11.03 08:21:28.146,1.22312,1.22326,1.00,1.12
2015.11.03 08:21:28.461,1.22308,1.22323,2.25,1.00
2015.11.03 08:21:28.614,1.22308,1.22326,2.25,1.12
2015.11.03 08:21:28.856,1.22308,1.22326,2.62,1.00
2015.11.03 08:21:31.190,1.22309,1.22323,1.75,1.50
2015.11.03 08:21:31.244,1.22305,1.22323,1.75,3.00
2015.11.03 08:21:31.346,1.22303,1.22323,2.25,3.00
2015.11.03 08:21:31.853,1.22305,1.22323,1.00,1.75
2015.11.03 08:21:32.579,1.22306,1.22323,1.00,1.75
2015.11.03 08:21:32.630,1.22307,1.22323,1.12,1.50
2015.11.03 08:21:32.784,1.22306,1.22318,1.50,1.00
2015.11.03 08:21:33.088,1.22301,1.22318,1.75,1.50
2015.11.03 08:21:36.708,1.22305,1.22324,1.00,1.75
2015.11.03 08:21:36.759,1.22305,1.22324,1.50,1.75
2015.11.03 08:21:42.366,1.22309,1.22323,1.00,1.50
2015.11.03 08:21:42.417,1.22307,1.22322,1.00,1.12
2015.11.03 08:21:42.570,1.22307,1.22326,1.75,1.12
2015.11.03 08:21:42.875,1.22306,1.22327,3.00,2.25
2015.11.03 08:21:43.558,1.22308,1.22327,2.25,2.25
2015.11.03 08:21:43.609,1.22312,1.22327,1.00,2.25
2015.11.03 08:21:45.248,1.22312,1.22325,1.00,1.00
2015.11.03 08:21:46.176,1.22312,1.22326,1.00,1.50
2015.11.03 08:21:47.984,1.22312,1.22324,1.00,1.00
2015.11.03 08:21:48.192,1.22308,1.22323,1.00,1.50
2015.11.03 08:21:49.915,1.22308,1.22321,1.00,1.00
2015.11.03 08:21:51.095,1.22308,1.22322,1.00,1.00
2015.11.03 08:21:51.558,1.22308,1.2232,1.00,1.00
2015.11.03 08:21:51.659,1.22308,1.22322,1.00,1.00
2015.11.03 08:21:52.312,1.22308,1.22321,1.00,1.00
2015.11.03 08:21:54.009,1.22308,1.22322,1.00,1.00
2015.11.03 08:21:54.213,1.22308,1.2232,1.00,1.00
2015.11.03 08:21:55.583,1.22308,1.22323,1.00,1.00
2015.11.03 08:22:00.488,1.22307,1.22325,1.75,1.12
2015.11.03 08:22:15.998,1.22311,1.2233,1.75,1.75
2015.11.03 08:22:16.530,1.22311,1.2233,1.75,1.87
2015.11.03 08:22:19.421,1.22316,1.22329,2.10,1.00
2015.11.03 08:22:19.727,1.22324,1.22342,1.37,1.12
2015.11.03 08:22:19.778,1.22324,1.22343,1.37,1.75
2015.11.03 08:22:19.830,1.22324,1.22345,1.87,2.25
2015.11.03 08:22:19.881,1.22326,1.22342,1.00,1.00
2015.11.03 08:22:19.983,1.2233,1.22342,1.00,1.00
2015.11.03 08:22:20.238,1.22332,1.22351,1.12,1.75
2015.11.03 08:22:20.341,1.22334,1.22349,1.00,1.00
2015.11.03 08:22:22.351,1.22329,1.22345,1.35,1.12
2015.11.03 08:22:22.733,1.22329,1.22345,1.67,1.87
2015.11.03 08:22:23.241,1.22323,1.22341,2.25,1.12
2015.11.03 08:22:23.292,1.22325,1.22341,1.00,1.50
2015.11.03 08:22:23.547,1.22321,1.2234,2.25,1.75
2015.11.03 08:22:23.968,1.22321,1.22339,1.12,1.75
2015.11.03 08:22:25.572,1.22322,1.22341,1.00,1.75
2015.11.03 08:22:25.775,1.22323,1.22339,1.00,1.00
2015.11.03 08:22:26.995,1.22322,1.22343,2.25,2.25
2015.11.03 08:22:29.044,1.22328,1.22344,1.50,1.00
2015.11.03 08:22:34.270,1.22328,1.22342,1.00,1.00
2015.11.03 08:22:36.362,1.22328,1.22343,1.00,1.00
2015.11.03 08:22:36.931,1.22328,1.22344,1.00,1.50
2015.11.03 08:22:42.367,1.22327,1.22349,2.25,2.25
2015.11.03 08:22:42.774,1.2233,1.2235,1.75,2.25
2015.11.03 08:22:42.825,1.2233,1.2235,1.75,2.25
2015.11.03 08:22:44.500,1.22332,1.22351,1.00,3.37
2015.11.03 08:22:46.477,1.22331,1.22349,1.12,1.75
2015.11.03 08:22:47.102,1.22332,1.2235,1.00,1.75
2015.11.03 08:22:47.407,1.22333,1.22348,1.00,1.00
2015.11.03 08:22:47.458,1.22333,1.22346,1.00,1.00
2015.11.03 08:22:47.509,1.22329,1.22346,1.72,1.75
2015.11.03 08:22:47.968,1.22328,1.22343,1.12,1.37
2015.11.03 08:22:48.496,1.22328,1.22343,1.50,1.50
2015.11.03 08:23:05.340,1.22328,1.22344,1.35,1.75
2015.11.03 08:23:20.224,1.22328,1.22347,2.47,3.00
2015.11.03 08:23:20.731,1.22327,1.22348,3.00,1.75
2015.11.03 08:23:25.470,1.22323,1.22344,1.87,1.87
2015.11.03 08:23:25.623,1.2232,1.22339,1.75,2.25
2015.11.03 08:23:25.878,1.22315,1.22336,2.62,1.37
2015.11.03 08:23:26.282,1.22317,1.22334,1.50,1.00
2015.11.03 08:23:26.796,1.22318,1.22338,1.12,1.75
2015.11.03 08:23:29.774,1.22312,1.22332,2.25,1.37
2015.11.03 08:23:30.079,1.22308,1.22329,2.62,2.62
2015.11.03 08:23:30.476,1.22306,1.22325,2.25,1.87
2015.11.03 08:23:30.528,1.22304,1.22325,1.75,2.25
2015.11.03 08:23:39.002,1.22305,1.22317,1.75,1.00
2015.11.03 08:23:39.560,1.223,1.22312,1.87,1.00
2015.11.03 08:23:39.611,1.22294,1.22312,2.25,1.00
2015.11.03 08:23:39.967,1.22296,1.22312,1.50,1.12
2015.11.03 08:23:40.019,1.22296,1.22312,1.00,1.50
2015.11.03 08:23:40.070,1.22296,1.22309,1.00,1.00
2015.11.03 08:23:41.516,1.22291,1.22307,3.00,1.00
2015.11.03 08:23:41.567,1.22291,1.22307,2.25,1.00
2015.11.03 08:23:41.669,1.22289,1.22305,3.75,1.00
2015.11.03 08:23:42.507,1.22291,1.22308,1.75,1.00
2015.11.03 08:23:47.495,1.22289,1.22306,1.75,1.00
2015.11.03 08:23:50.134,1.22289,1.22305,1.75,1.00
2015.11.03 08:23:51.833,1.22291,1.22309,1.75,1.12
2015.11.03 08:23:52.342,1.22291,1.22308,1.75,1.00
2015.11.03 08:23:52.548,1.22292,1.22305,1.50,1.00
2015.11.03 08:23:52.650,1.22288,1.22305,1.00,1.00
2015.11.03 08:23:53.452,1.22288,1.22302,2.10,1.00
2015.11.03 08:23:53.507,1.22284,1.22302,1.00,1.00
2015.11.03 08:23:54.088,1.22284,1.22301,1.00,1.00
2015.11.03 08:23:54.190,1.22281,1.223,1.00,1.00
2015.11.03 08:23:54.711,1.22278,1.22296,1.00,1.00
2015.11.03 08:23:55.419,1.22277,1.22296,1.00,1.00
2015.11.03 08:23:56.093,1.22277,1.2229,1.00,1.00
2015.11.03 08:23:56.155,1.22269,1.22285,1.00,1.00
2015.11.03 08:23:56.257,1.22266,1.22285,1.00,1.00
2015.11.03 08:23:56.360,1.22266,1.22283,1.00,1.00
2015.11.03 08:23:56.514,1.22262,1.22282,1.50,1.00
2015.11.03 08:23:56.565,1.22262,1.22282,1.12,1.00
2015.11.03 08:23:56.768,1.22261,1.2228,1.50,1.00
2015.11.03 08:23:57.226,1.22265,1.2228,1.00,1.00
2015.11.03 08:23:57.277,1.22263,1.2228,1.00,1.00
2015.11.03 08:23:57.508,1.22259,1.22279,1.30,2.25
2015.11.03 08:23:58.614,1.2226,1.22279,1.00,1.00
2015.11.03 08:23:59.363,1.2226,1.22279,1.60,1.00
2015.11.03 08:23:59.415,1.22259,1.22278,1.00,1.00
2015.11.03 08:23:59.467,1.22256,1.22278,1.00,1.00
2015.11.03 08:23:59.518,1.22256,1.22276,1.00,1.00
2015.11.03 08:24:00.026,1.22258,1.22276,1.00,1.00
2015.11.03 08:24:00.587,1.22258,1.22277,1.00,1.00
2015.11.03 08:24:00.892,1.2226,1.22277,1.00,1.00
2015.11.03 08:24:01.749,1.22263,1.22275,1.50,1.00
2015.11.03 08:24:01.800,1.22263,1.22284,1.50,1.12
2015.11.03 08:24:01.902,1.22265,1.22284,1.00,1.12
2015.11.03 08:24:02.358,1.22263,1.22284,1.50,1.87
2015.11.03 08:24:02.510,1.22263,1.22282,1.00,1.00
2015.11.03 08:24:03.404,1.22257,1.22274,1.37,1.37
2015.11.03 08:24:03.456,1.22255,1.2227,1.00,1.00
2015.11.03 08:24:03.660,1.22254,1.22273,1.60,1.00
2015.11.03 08:24:03.966,1.22258,1.22274,1.00,1.00
2015.11.03 08:24:04.526,1.22258,1.22278,1.50,1.00
2015.11.03 08:24:04.577,1.22264,1.22278,1.00,1.00
2015.11.03 08:24:04.867,1.22262,1.22277,1.00,1.00
2015.11.03 08:24:04.970,1.22258,1.22277,1.12,1.00
2015.11.03 08:24:05.072,1.22257,1.22274,1.50,1.00
2015.11.03 08:24:05.328,1.22253,1.22271,1.00,1.00
2015.11.03 08:24:05.678,1.22258,1.22271,1.00,1.00
2015.11.03 08:24:05.730,1.22259,1.22278,1.00,1.00
2015.11.03 08:24:05.832,1.22259,1.22275,1.50,1.00
2015.11.03 08:24:05.934,1.22259,1.22278,1.50,1.00
2015.11.03 08:24:05.986,1.22262,1.22278,1.00,1.00
2015.11.03 08:24:06.291,1.22265,1.22279,1.00,1.00
2015.11.03 08:24:06.393,1.22265,1.22284,1.50,1.00
2015.11.03 08:24:06.902,1.22267,1.22284,1.00,1.00
2015.11.03 08:24:07.055,1.22264,1.22283,1.00,1.00
2015.11.03 08:24:07.563,1.22265,1.22282,1.00,1.00
2015.11.03 08:24:07.615,1.22265,1.22284,1.00,1.00
2015.11.03 08:24:08.198,1.22267,1.22284,1.00,1.00
2015.11.03 08:24:08.518,1.22269,1.22284,1.00,1.00
2015.11.03 08:24:08.918,1.22269,1.22286,1.00,1.00
2015.11.03 08:24:09.173,1.22269,1.22289,1.00,1.87
2015.11.03 08:24:09.707,1.2227,1.2229,1.00,1.00
2015.11.03 08:24:10.582,1.22269,1.2229,1.50,1.00
2015.11.03 08:24:11.399,1.22272,1.2229,1.00,1.00
2015.11.03 08:24:12.160,1.22276,1.2229,1.00,1.00
2015.11.03 08:24:12.571,1.22277,1.22294,1.00,1.00
2015.11.03 08:24:12.672,1.22274,1.22293,1.00,1.00
2015.11.03 08:24:13.181,1.22273,1.22292,1.00,1.00
2015.11.03 08:24:13.536,1.22271,1.22292,1.00,1.00
2015.11.03 08:24:14.355,1.22275,1.22292,1.00,1.00
2015.11.03 08:24:14.457,1.22273,1.22293,1.00,1.00
2015.11.03 08:24:16.008,1.22274,1.22293,1.00,1.00
2015.11.03 08:24:16.647,1.22273,1.22293,1.00,1.00
2015.11.03 08:24:16.806,1.22273,1.22291,1.00,1.00
2015.11.03 08:24:17.224,1.2227,1.22287,1.00,1.00
2015.11.03 08:24:17.276,1.22265,1.22286,1.00,1.00
2015.11.03 08:24:17.582,1.22267,1.22285,1.00,1.00
2015.11.03 08:24:17.787,1.22264,1.22285,1.00,1.00
2015.11.03 08:24:19.405,1.22263,1.22285,1.00,2.25
2015.11.03 08:24:21.027,1.22264,1.22283,1.00,1.00
2015.11.03 08:24:21.514,1.22263,1.22281,1.00,1.50
2015.11.03 08:24:22.020,1.22262,1.22282,1.00,1.00
2015.11.03 08:24:22.325,1.22266,1.22283,1.00,1.50
2015.11.03 08:24:22.477,1.22266,1.22286,1.00,1.12
2015.11.03 08:24:22.832,1.22269,1.22286,1.00,1.12
2015.11.03 08:24:22.934,1.22267,1.22286,1.00,1.00
2015.11.03 08:24:23.513,1.22268,1.22286,1.00,1.00
2015.11.03 08:24:23.565,1.22271,1.22289,1.00,2.25
2015.11.03 08:24:24.753,1.22268,1.22287,1.00,1.00
2015.11.03 08:24:24.906,1.22266,1.22286,1.00,1.00
2015.11.03 08:24:25.008,1.22264,1.22283,1.12,1.00
2015.11.03 08:24:25.212,1.22262,1.22283,1.50,2.25
2015.11.03 08:24:25.985,1.22263,1.22283,1.00,2.25
2015.11.03 08:24:26.985,1.22264,1.22283,1.00,1.50
2015.11.03 08:24:28.293,1.22263,1.22283,1.00,1.00
2015.11.03 08:24:28.998,1.22262,1.22283,1.50,1.50
2015.11.03 08:24:30.151,1.22263,1.22283,1.00,1.00
2015.11.03 08:24:32.577,1.22262,1.22283,2.25,1.00
2015.11.03 08:24:32.943,1.22264,1.22283,1.00,1.00
2015.11.03 08:24:34.120,1.22264,1.22281,1.00,1.00
2015.11.03 08:24:34.171,1.22262,1.22281,1.00,1.00
2015.11.03 08:24:35.021,1.22261,1.2228,1.00,1.00
2015.11.03 08:24:36.578,1.22262,1.2228,1.00,1.00
2015.11.03 08:24:37.086,1.22262,1.22281,1.00,1.00
2015.11.03 08:24:37.668,1.22264,1.22281,1.00,1.00
2015.11.03 08:24:37.770,1.22262,1.22281,1.00,1.00
2015.11.03 08:24:37.872,1.2226,1.22281,1.00,2.25
2015.11.03 08:24:37.923,1.2226,1.22278,1.00,1.00
2015.11.03 08:24:38.025,1.22257,1.22278,1.50,1.50
2015.11.03 08:24:38.385,1.22257,1.22274,1.00,1.00
2015.11.03 08:24:38.537,1.22255,1.22274,1.00,1.00
2015.11.03 08:24:38.995,1.22256,1.22271,1.00,1.00
2015.11.03 08:24:39.047,1.22256,1.22274,1.00,2.25
2015.11.03 08:24:39.559,1.22256,1.22275,1.00,1.00
2015.11.03 08:24:39.714,1.22254,1.22273,1.00,1.50
2015.11.03 08:24:40.127,1.22254,1.22271,1.00,1.00
2015.11.03 08:24:40.178,1.22254,1.22273,1.00,1.00
2015.11.03 08:24:41.024,1.22254,1.22274,1.00,1.50
2015.11.03 08:24:41.481,1.22256,1.22276,1.00,1.50
2015.11.03 08:24:41.786,1.22255,1.22274,1.50,1.00
2015.11.03 08:24:42.091,1.22257,1.22273,1.50,1.00
2015.11.03 08:24:42.576,1.22258,1.22278,1.00,1.00
2015.11.03 08:24:42.678,1.22259,1.22273,1.00,1.00
2015.11.03 08:24:42.781,1.22259,1.22277,1.00,1.00
2015.11.03 08:24:43.694,1.22258,1.22274,1.00,1.00
2015.11.03 08:24:43.745,1.22258,1.22277,1.00,1.00
2015.11.03 08:24:45.818,1.22261,1.22277,1.00,1.00
2015.11.03 08:24:46.124,1.22259,1.22277,1.00,1.00
2015.11.03 08:24:46.621,1.22253,1.22272,1.50,1.50
2015.11.03 08:24:46.930,1.22254,1.22274,1.00,1.00
2015.11.03 08:24:47.135,1.22257,1.22275,1.00,1.87
2015.11.03 08:24:47.338,1.22258,1.22278,2.25,1.00
2015.11.03 08:24:47.860,1.22259,1.22278,1.00,1.00
2015.11.03 08:24:47.911,1.22259,1.2228,1.00,1.12
2015.11.03 08:24:48.014,1.22257,1.22279,1.00,1.50
2015.11.03 08:24:48.217,1.22255,1.22276,1.50,1.00
2015.11.03 08:24:49.068,1.22254,1.22275,1.50,1.00
2015.11.03 08:24:49.380,1.22259,1.22276,1.00,1.00
2015.11.03 08:24:49.890,1.22259,1.22277,1.00,1.00
2015.11.03 08:24:50.459,1.22258,1.22277,1.00,1.00
2015.11.03 08:24:50.976,1.22257,1.22277,1.00,1.50
2015.11.03 08:24:51.637,1.22256,1.22277,1.00,1.50
2015.11.03 08:24:52.148,1.22256,1.22275,1.00,1.00
2015.11.03 08:24:52.658,1.22255,1.22274,1.50,1.00
2015.11.03 08:24:53.927,1.22257,1.22274,1.00,1.00
2015.11.03 08:24:54.130,1.22254,1.22274,1.00,1.00
2015.11.03 08:24:54.283,1.22257,1.22274,1.00,1.00
2015.11.03 08:24:54.870,1.22254,1.22274,1.50,1.00
2015.11.03 08:24:55.416,1.22255,1.22274,1.00,1.00
2015.11.03 08:24:55.922,1.22254,1.22274,1.50,1.00
2015.11.03 08:24:57.087,1.22252,1.2227,1.12,1.00
2015.11.03 08:24:57.630,1.22251,1.22269,1.50,1.00
2015.11.03 08:24:58.276,1.22249,1.22269,1.87,1.00
2015.11.03 08:24:59.779,1.22253,1.22269,1.00,1.00
2015.11.03 08:25:00.033,1.22254,1.22271,1.00,1.00
2015.11.03 08:25:00.495,1.22254,1.22273,1.00,1.00
2015.11.03 08:25:00.937,1.22256,1.22274,1.00,2.25
2015.11.03 08:25:00.988,1.22253,1.22274,1.50,2.25
2015.11.03 08:25:01.090,1.22256,1.22274,1.00,1.50
2015.11.03 08:25:02.090,1.22256,1.22272,1.00,1.00
2015.11.03 08:25:02.626,1.22256,1.22274,1.00,1.00
2015.11.03 08:25:03.472,1.22257,1.22274,1.00,1.00
2015.11.03 08:25:03.574,1.22257,1.22277,1.00,1.12
2015.11.03 08:25:03.828,1.22261,1.22278,1.00,1.00
2015.11.03 08:25:05.910,1.2226,1.22278,1.50,1.00
2015.11.03 08:25:06.215,1.22262,1.22279,1.00,1.00
2015.11.03 08:25:07.701,1.22258,1.22279,1.50,1.50
2015.11.03 08:25:07.855,1.22261,1.22279,1.35,1.00
2015.11.03 08:25:08.162,1.22269,1.22285,1.00,1.00
2015.11.03 08:25:08.417,1.2227,1.22288,1.00,1.50
2015.11.03 08:25:10.310,1.22272,1.2229,1.00,1.12
2015.11.03 08:25:10.623,1.22271,1.22288,1.00,1.50
2015.11.03 08:25:11.957,1.22275,1.22288,1.00,1.00
2015.11.03 08:25:12.008,1.22275,1.2229,1.00,1.00
2015.11.03 08:25:12.060,1.22275,1.22292,1.00,1.00
2015.11.03 08:25:12.636,1.22276,1.22292,1.00,1.00
2015.11.03 08:25:13.837,1.22274,1.22292,1.00,1.00
2015.11.03 08:25:14.095,1.22274,1.22288,1.00,1.00
2015.11.03 08:25:14.615,1.22272,1.22288,1.50,1.00
2015.11.03 08:25:15.224,1.2227,1.22287,1.12,1.00
2015.11.03 08:25:15.326,1.2227,1.22284,1.00,1.00
2015.11.03 08:25:15.378,1.22265,1.22284,1.00,1.00
2015.11.03 08:25:15.682,1.22264,1.22282,1.00,1.00
2015.11.03 08:25:15.987,1.22262,1.2228,1.00,1.00
2015.11.03 08:25:16.556,1.2226,1.2228,1.00,1.00
2015.11.03 08:25:18.575,1.2226,1.22281,3.00,1.00
2015.11.03 08:25:19.047,1.22262,1.22281,1.00,1.00
2015.11.03 08:25:19.915,1.2226,1.22281,2.25,1.50
2015.11.03 08:25:20.447,1.2226,1.2228,1.50,1.00
2015.11.03 08:25:20.549,1.2226,1.22278,1.50,1.00
2015.11.03 08:25:21.313,1.22258,1.22278,1.50,1.00
2015.11.03 08:25:21.473,1.22261,1.22278,1.00,1.00
2015.11.03 08:25:21.524,1.22261,1.2228,1.00,1.50
2015.11.03 08:25:22.795,1.22262,1.2228,1.00,1.00
2015.11.03 08:25:23.642,1.22262,1.22281,1.00,1.00
2015.11.03 08:25:23.846,1.22262,1.22284,1.50,3.00
2015.11.03 08:25:24.305,1.22264,1.22284,1.00,1.00
2015.11.03 08:25:25.980,1.22264,1.22285,1.50,1.00
2015.11.03 08:25:26.285,1.22269,1.22288,1.00,1.00
2015.11.03 08:25:26.590,1.22271,1.22286,1.00,1.00
2015.11.03 08:25:27.456,1.22268,1.22285,1.00,1.00
2015.11.03 08:25:27.883,1.22266,1.22282,1.50,1.00
2015.11.03 08:25:28.138,1.22261,1.22278,1.00,1.00
2015.11.03 08:25:28.495,1.22261,1.22276,1.00,1.00
2015.11.03 08:25:29.365,1.22257,1.22271,1.00,1.50
2015.11.03 08:25:29.671,1.22251,1.22269,1.75,1.12
2015.11.03 08:25:29.977,1.2225,1.22267,1.75,1.12
2015.11.03 08:25:30.497,1.22254,1.22269,1.00,1.00
2015.11.03 08:25:31.239,1.22255,1.22269,1.30,1.00
2015.11.03 08:25:31.291,1.22255,1.22274,1.67,1.75
2015.11.03 08:25:31.342,1.22257,1.22273,1.87,1.00
2015.11.03 08:25:31.713,1.22257,1.22275,1.50,1.37
2015.11.03 08:25:31.765,1.2226,1.22275,1.00,1.00
2015.11.03 08:25:33.108,1.2226,1.22274,1.00,1.00
2015.11.03 08:25:33.653,1.2226,1.22273,1.00,1.00
2015.11.03 08:25:34.500,1.2226,1.22274,1.00,1.00
2015.11.03 08:25:34.763,1.2226,1.22272,1.00,1.00
2015.11.03 08:25:34.865,1.22252,1.22271,2.25,2.25
2015.11.03 08:25:34.967,1.2225,1.22268,1.87,1.00
2015.11.03 08:25:35.069,1.2225,1.22269,1.75,1.75
2015.11.03 08:25:35.374,1.2225,1.2227,1.00,1.00
2015.11.03 08:25:36.157,1.2225,1.22271,1.00,1.50
2015.11.03 08:25:38.269,1.2225,1.22273,1.50,3.37
2015.11.03 08:25:38.473,1.2225,1.22271,1.50,1.00
2015.11.03 08:25:39.319,1.2225,1.2227,1.00,1.00
2015.11.03 08:25:39.767,1.22249,1.22266,1.50,1.00
2015.11.03 08:25:40.155,1.22249,1.22263,1.00,1.00
2015.11.03 08:25:41.110,1.2225,1.22263,1.12,1.00
2015.11.03 08:25:43.081,1.2225,1.22265,1.12,1.00
2015.11.03 08:25:44.851,1.2225,1.22264,1.12,1.00
2015.11.03 08:25:45.454,1.22249,1.22263,2.62,1.00
2015.11.03 08:25:46.183,1.22249,1.22264,2.62,1.00
2015.11.03 08:25:48.467,1.22249,1.22265,2.62,1.00
2015.11.03 08:25:51.667,1.22249,1.22266,2.62,1.00
2015.11.03 08:25:53.842,1.2225,1.22265,1.12,1.00
2015.11.03 08:25:55.341,1.22251,1.22265,1.00,1.00
2015.11.03 08:25:57.986,1.22245,1.22258,1.50,1.00
2015.11.03 08:25:58.038,1.22245,1.22256,1.00,1.00
2015.11.03 08:25:58.292,1.22245,1.22255,1.37,1.00
2015.11.03 08:26:00.015,1.22241,1.22251,1.12,1.00
2015.11.03 08:26:00.067,1.22239,1.22251,1.75,1.00
2015.11.03 08:26:00.118,1.22239,1.22248,1.75,1.00
2015.11.03 08:26:00.271,1.22238,1.22248,1.75,1.00
2015.11.03 08:26:00.373,1.22238,1.22252,1.75,1.00
2015.11.03 08:26:00.527,1.22241,1.22252,1.72,1.00
2015.11.03 08:26:00.923,1.22243,1.22258,1.75,1.00
2015.11.03 08:26:01.025,1.22244,1.22255,1.75,1.00
2015.11.03 08:26:01.739,1.22247,1.22255,1.00,1.00
2015.11.03 08:26:01.790,1.22247,1.22259,1.12,1.00
2015.11.03 08:26:02.604,1.22257,1.22261,1.00,1.00
2015.11.03 08:26:02.664,1.22257,1.2227,1.87,1.00
2015.11.03 08:26:02.715,1.22257,1.22272,1.87,1.00
2015.11.03 08:26:03.022,1.2226,1.22273,1.75,1.00
2015.11.03 08:26:03.524,1.22261,1.22273,1.75,1.00
2015.11.03 08:26:04.143,1.22264,1.22278,1.75,1.00
2015.11.03 08:26:05.081,1.22267,1.22278,1.00,1.00
2015.11.03 08:26:05.781,1.22267,1.22278,1.37,1.00
2015.11.03 08:26:07.566,1.22262,1.22276,2.25,1.00
2015.11.03 08:26:07.871,1.22263,1.2227,1.00,1.00
2015.11.03 08:26:08.176,1.22257,1.22265,1.75,1.00
2015.11.03 08:26:08.642,1.22252,1.22263,1.75,1.00
2015.11.03 08:26:08.694,1.22254,1.22268,1.00,1.00
2015.11.03 08:26:08.948,1.22252,1.22266,1.12,1.50
2015.11.03 08:26:09.425,1.22253,1.22266,1.37,1.12
2015.11.03 08:26:09.476,1.22253,1.22269,1.75,1.00
2015.11.03 08:26:09.933,1.22262,1.22271,1.00,1.50
2015.11.03 08:26:09.987,1.22257,1.22271,1.12,1.50
2015.11.03 08:26:13.126,1.22252,1.22268,1.50,1.12
2015.11.03 08:26:13.763,1.2225,1.22267,1.75,1.00
2015.11.03 08:26:22.112,1.22249,1.22266,1.75,1.00
2015.11.03 08:26:22.564,1.22249,1.22266,1.75,1.87
2015.11.03 08:26:22.615,1.22249,1.22266,1.50,1.87
2015.11.03 08:26:24.362,1.22247,1.22265,2.25,1.00
2015.11.03 08:26:26.511,1.22247,1.22264,1.75,1.00
2015.11.03 08:26:27.642,1.22245,1.22263,1.75,1.00
2015.11.03 08:26:27.694,1.22245,1.22263,1.75,1.87
2015.11.03 08:26:27.796,1.22241,1.2226,1.75,1.37
2015.11.03 08:26:27.898,1.22243,1.22259,1.00,1.50
2015.11.03 08:26:28.102,1.22239,1.22256,1.75,1.00
2015.11.03 08:26:28.801,1.22244,1.22258,1.75,1.00
2015.11.03 08:26:29.309,1.22242,1.22259,2.25,1.00
2015.11.03 08:26:34.996,1.22242,1.22257,2.25,1.00
2015.11.03 08:26:41.007,1.22244,1.22259,1.75,1.00
2015.11.03 08:26:41.581,1.22244,1.22258,1.75,1.00
2015.11.03 08:26:41.632,1.22243,1.22258,1.12,1.12
2015.11.03 08:26:45.495,1.22242,1.22258,1.50,1.00
2015.11.03 08:26:46.396,1.22243,1.22258,1.00,1.00
2015.11.03 08:26:47.882,1.22243,1.22255,1.00,1.00
2015.11.03 08:26:47.934,1.2224,1.22255,1.00,2.25
2015.11.03 08:26:48.036,1.22236,1.22254,1.75,1.75
2015.11.03 08:26:51.074,1.22232,1.2225,1.35,1.00
2015.11.03 08:26:51.176,1.22233,1.22247,1.00,1.00
2015.11.03 08:26:51.685,1.22233,1.22246,1.00,1.00
2015.11.03 08:26:53.152,1.22233,1.22245,1.00,1.00
2015.11.03 08:26:53.961,1.22233,1.22246,1.00,1.00
2015.11.03 08:26:54.164,1.22232,1.22249,1.75,1.00
2015.11.03 08:26:54.898,1.22234,1.22251,1.50,1.37
2015.11.03 08:26:58.414,1.22234,1.22247,1.50,1.00
2015.11.03 08:27:07.221,1.22233,1.22251,1.75,1.87
2015.11.03 08:27:07.729,1.22233,1.22249,1.75,1.00
2015.11.03 08:27:07.882,1.22232,1.22244,1.75,1.00
2015.11.03 08:27:08.170,1.22231,1.22244,1.50,1.00
2015.11.03 08:27:08.704,1.22227,1.22243,1.75,1.00
2015.11.03 08:27:09.010,1.22225,1.22238,1.12,1.00
2015.11.03 08:27:09.062,1.22228,1.22238,1.00,1.00
2015.11.03 08:27:09.774,1.22228,1.22237,1.00,1.00
2015.11.03 08:27:09.828,1.22222,1.22237,1.75,1.00
2015.11.03 08:27:11.003,1.22226,1.22239,1.12,1.12
2015.11.03 08:27:11.105,1.22227,1.22239,1.37,1.12
2015.11.03 08:27:11.207,1.22228,1.22244,1.50,1.87
2015.11.03 08:27:11.360,1.2223,1.22244,2.25,1.00
2015.11.03 08:27:11.925,1.22231,1.22245,1.50,1.00
2015.11.03 08:27:12.320,1.22235,1.22245,1.00,1.00
2015.11.03 08:27:13.198,1.22235,1.22248,1.00,1.00
2015.11.03 08:27:13.703,1.22235,1.22246,1.00,1.00
2015.11.03 08:27:14.109,1.22235,1.2225,1.00,1.50
2015.11.03 08:27:14.211,1.22234,1.22249,1.75,1.00
2015.11.03 08:27:14.900,1.22234,1.22249,1.75,1.50
2015.11.03 08:27:15.800,1.22233,1.22247,1.75,1.00
2015.11.03 08:27:19.930,1.22232,1.22247,1.75,1.00
2015.11.03 08:27:19.982,1.22232,1.22247,1.75,1.00
2015.11.03 08:27:20.440,1.22232,1.22244,1.00,1.00
2015.11.03 08:27:20.696,1.22227,1.22244,1.75,1.12
2015.11.03 08:27:21.436,1.22227,1.22241,1.75,1.00
2015.11.03 08:27:24.683,1.22226,1.22241,1.00,1.50
2015.11.03 08:27:26.704,1.22225,1.22241,2.25,1.50
2015.11.03 08:27:26.806,1.22226,1.2224,1.37,1.12
2015.11.03 08:27:26.907,1.22226,1.22241,2.25,1.50
2015.11.03 08:27:28.135,1.22227,1.22235,1.75,1.00
2015.11.03 08:27:28.339,1.22227,1.22242,1.75,1.00
2015.11.03 08:27:29.406,1.2224,1.22246,1.00,1.00
2015.11.03 08:27:29.460,1.22231,1.22246,2.25,1.00
2015.11.03 08:27:29.613,1.22231,1.22246,1.87,1.00
2015.11.03 08:27:30.283,1.22232,1.22249,1.75,1.50
2015.11.03 08:27:31.372,1.22239,1.22249,1.00,1.00
2015.11.03 08:27:31.424,1.22243,1.22252,1.00,1.00
2015.11.03 08:27:31.475,1.22243,1.22254,1.00,1.00
2015.11.03 08:27:31.628,1.22247,1.22256,1.00,1.00
2015.11.03 08:27:31.679,1.22247,1.22258,1.00,1.50
2015.11.03 08:27:32.456,1.22247,1.22257,1.00,1.00
2015.11.03 08:27:33.058,1.22247,1.22259,1.00,1.50
2015.11.03 08:27:33.567,1.22247,1.22258,1.00,1.00
2015.11.03 08:27:34.380,1.22247,1.22256,1.00,1.00
2015.11.03 08:27:34.825,1.22247,1.22254,1.00,1.00
2015.11.03 08:27:34.927,1.22238,1.22254,1.75,1.00
2015.11.03 08:27:34.979,1.22238,1.22251,1.75,1.00
2015.11.03 08:27:35.183,1.22237,1.22253,1.12,1.00
2015.11.03 08:27:35.750,1.22237,1.22254,1.87,1.00
2015.11.03 08:27:35.953,1.2224,1.22254,1.00,1.00
2015.11.03 08:27:36.156,1.2224,1.22252,1.00,1.00
2015.11.03 08:27:36.994,1.22234,1.22247,1.75,1.00
2015.11.03 08:27:37.048,1.22232,1.2225,1.87,1.00
2015.11.03 08:27:40.948,1.22231,1.22251,1.75,1.87
2015.11.03 08:27:41.000,1.22231,1.22248,1.75,1.00
2015.11.03 08:27:41.875,1.22231,1.22247,2.25,1.00
2015.11.03 08:27:42.080,1.22225,1.22245,1.75,1.87
2015.11.03 08:27:42.131,1.22225,1.2224,1.75,1.00
2015.11.03 08:27:42.588,1.22225,1.22242,1.75,1.00
2015.11.03 08:27:45.676,1.22227,1.22242,1.00,1.50
2015.11.03 08:27:46.304,1.22227,1.22241,1.00,1.00
2015.11.03 08:27:46.857,1.22227,1.22242,1.00,1.50
2015.11.03 08:27:48.794,1.22227,1.22241,1.00,1.00
2015.11.03 08:27:49.048,1.22224,1.22239,1.00,1.00
2015.11.03 08:27:49.968,1.22226,1.22239,1.00,1.00
2015.11.03 08:27:50.279,1.22226,1.2224,1.75,1.00
2015.11.03 08:27:51.259,1.22226,1.22241,1.75,1.12
2015.11.03 08:27:51.883,1.22226,1.22239,1.75,1.00
2015.11.03 08:27:53.241,1.22226,1.22238,1.75,1.00
2015.11.03 08:27:53.445,1.22226,1.22241,1.75,1.87
2015.11.03 08:27:56.394,1.2223,1.22241,1.50,1.00
2015.11.03 08:27:56.445,1.2223,1.22243,1.50,1.50
2015.11.03 08:27:56.698,1.22232,1.22243,1.50,1.00
2015.11.03 08:27:56.800,1.22232,1.22247,1.50,1.50
2015.11.03 08:27:57.614,1.22232,1.22246,1.50,1.00
2015.11.03 08:28:02.344,1.22228,1.22247,1.75,2.25
2015.11.03 08:28:04.747,1.22229,1.22245,1.75,1.00
2015.11.03 08:28:05.755,1.22229,1.22247,1.75,2.25
2015.11.03 08:28:06.294,1.2223,1.22246,1.75,1.00
2015.11.03 08:28:07.264,1.22235,1.22246,1.00,1.00
2015.11.03 08:28:07.730,1.22233,1.22247,1.12,1.00
2015.11.03 08:28:08.269,1.22234,1.22247,1.00,1.00
2015.11.03 08:28:09.186,1.22233,1.22247,1.12,1.00
2015.11.03 08:28:09.521,1.22233,1.22245,1.12,1.00
2015.11.03 08:28:09.623,1.2223,1.22244,1.00,1.50
2015.11.03 08:28:10.134,1.22229,1.22244,2.25,1.00
2015.11.03 08:28:10.236,1.22231,1.22244,1.00,1.00
2015.11.03 08:28:11.168,1.22231,1.22245,1.50,1.00
2015.11.03 08:28:12.850,1.22236,1.22248,1.12,1.00
2015.11.03 08:28:13.155,1.2224,1.22254,1.75,1.00
2015.11.03 08:28:13.664,1.2224,1.22255,1.75,1.00
2015.11.03 08:28:14.799,1.2224,1.22257,1.75,1.87
2015.11.03 08:28:15.301,1.22239,1.22256,1.75,1.00
2015.11.03 08:28:15.790,1.22244,1.22256,1.00,1.12
2015.11.03 08:28:15.841,1.22245,1.22259,1.37,1.12
2015.11.03 08:28:19.146,1.2224,1.22258,2.25,1.00
2015.11.03 08:28:19.198,1.22237,1.2225,1.00,1.50
2015.11.03 08:28:19.249,1.22235,1.2225,1.00,2.25
2015.11.03 08:28:19.757,1.22237,1.2225,1.00,1.00
2015.11.03 08:28:20.061,1.22237,1.22252,2.25,1.12
2015.11.03 08:28:20.627,1.22237,1.22251,1.50,1.00
2015.11.03 08:28:21.491,1.22236,1.22254,1.75,2.25
2015.11.03 08:28:22.363,1.22233,1.22248,1.00,1.50
2015.11.03 08:28:22.415,1.22232,1.22246,1.00,1.00
2015.11.03 08:28:22.517,1.2223,1.22245,1.00,1.00
2015.11.03 08:28:25.621,1.2223,1.22247,1.75,1.12
2015.11.03 08:28:26.672,1.22235,1.2225,1.75,2.62
2015.11.03 08:28:28.406,1.22244,1.2225,1.00,1.00
2015.11.03 08:28:28.457,1.22245,1.22259,1.00,1.00
2015.11.03 08:28:28.610,1.22244,1.22257,1.00,1.00
2015.11.03 08:28:29.683,1.22244,1.22255,1.00,1.00
2015.11.03 08:28:29.937,1.22235,1.22253,1.75,1.50
2015.11.03 08:28:30.141,1.22236,1.22249,1.00,1.00
2015.11.03 08:28:30.851,1.22235,1.2225,1.75,1.00
2015.11.03 08:28:33.038,1.22239,1.22251,1.00,1.50
2015.11.03 08:28:33.343,1.2224,1.22256,1.75,2.25
2015.11.03 08:28:33.496,1.2224,1.22254,1.75,1.00
2015.11.03 08:28:35.252,1.22238,1.22254,1.75,1.50
2015.11.03 08:28:36.317,1.22238,1.22253,2.25,1.00
2015.11.03 08:28:36.420,1.22237,1.22251,2.25,1.00
2015.11.03 08:28:36.675,1.22235,1.22251,1.75,3.00
2015.11.03 08:28:37.178,1.22233,1.22249,2.25,1.00
2015.11.03 08:28:37.845,1.22236,1.22251,1.50,3.00
2015.11.03 08:28:38.149,1.22236,1.22251,1.50,1.12
2015.11.03 08:28:38.661,1.22236,1.22253,1.75,1.87
2015.11.03 08:28:38.865,1.22235,1.22252,1.50,2.25
2015.11.03 08:28:39.371,1.22231,1.22248,1.75,1.00
2015.11.03 08:28:40.370,1.2223,1.22248,1.75,1.50
2015.11.03 08:28:40.676,1.22235,1.22248,1.00,2.25
2015.11.03 08:28:41.334,1.22234,1.22248,1.00,1.50
2015.11.03 08:28:41.855,1.22232,1.22248,1.50,1.50
2015.11.03 08:28:43.016,1.22234,1.22249,1.00,1.75
2015.11.03 08:28:45.326,1.22234,1.22246,1.00,1.00
2015.11.03 08:28:45.871,1.22233,1.22246,1.12,1.00
2015.11.03 08:28:47.278,1.22231,1.22246,1.37,1.37
2015.11.03 08:28:48.026,1.22231,1.22246,1.00,1.50
2015.11.03 08:28:48.587,1.2223,1.22245,1.12,1.37
2015.11.03 08:28:49.126,1.22231,1.22245,1.00,1.37
2015.11.03 08:28:49.714,1.22231,1.22245,1.50,1.00
2015.11.03 08:28:52.556,1.22227,1.22244,1.75,1.00
2015.11.03 08:28:54.870,1.22231,1.22243,1.50,1.00
2015.11.03 08:28:56.989,1.22232,1.22247,1.12,1.87
2015.11.03 08:28:57.142,1.22235,1.22248,1.00,1.50
2015.11.03 08:28:57.295,1.22236,1.2225,1.00,1.00
2015.11.03 08:28:57.500,1.22236,1.22252,1.37,3.00
2015.11.03 08:28:57.895,1.22236,1.22252,1.75,1.12
2015.11.03 08:28:58.679,1.22233,1.22248,1.75,1.00
2015.11.03 08:28:58.781,1.22233,1.22248,1.50,1.12
2015.11.03 08:28:59.346,1.22237,1.22249,1.00,1.37
2015.11.03 08:29:00.783,1.22237,1.22251,1.12,1.00
2015.11.03 08:29:02.883,1.22237,1.22253,1.12,3.00
2015.11.03 08:29:03.392,1.22238,1.22251,1.00,1.00
2015.11.03 08:29:04.260,1.22236,1.22251,1.50,1.00
2015.11.03 08:29:05.295,1.22233,1.22249,1.75,1.00
2015.11.03 08:29:05.767,1.2223,1.22247,1.12,1.50
2015.11.03 08:29:07.394,1.2223,1.22244,1.12,1.00
2015.11.03 08:29:08.834,1.22231,1.22244,1.00,1.00
2015.11.03 08:29:09.386,1.22232,1.22244,1.00,1.00
2015.11.03 08:29:12.414,1.22232,1.22244,1.00,1.50
2015.11.03 08:29:12.871,1.22229,1.22244,1.00,1.50
2015.11.03 08:29:13.125,1.22225,1.2224,1.75,1.00
2015.11.03 08:29:13.278,1.22225,1.22242,1.75,1.12
2015.11.03 08:29:13.657,1.22223,1.22242,1.75,1.37
2015.11.03 08:29:13.968,1.22222,1.22237,1.75,1.00
2015.11.03 08:29:14.281,1.22222,1.22235,1.75,1.00
2015.11.03 08:29:14.536,1.22222,1.22235,1.00,1.00
2015.11.03 08:29:15.527,1.22219,1.22232,1.75,1.00
2015.11.03 08:29:16.044,1.22219,1.22232,1.37,1.00
2015.11.03 08:29:17.172,1.2222,1.22236,2.25,1.87
2015.11.03 08:29:17.224,1.22223,1.22236,1.00,1.50
2015.11.03 08:29:17.275,1.22225,1.22236,1.37,1.00
2015.11.03 08:29:17.378,1.22228,1.22239,1.00,1.00
2015.11.03 08:29:17.480,1.22232,1.22243,1.00,1.50
2015.11.03 08:29:17.798,1.22234,1.22243,1.00,1.00
2015.11.03 08:29:18.271,1.2224,1.22244,1.00,1.00
2015.11.03 08:29:18.323,1.2224,1.22253,1.00,1.50
2015.11.03 08:29:18.374,1.22242,1.22253,1.00,1.50
2015.11.03 08:29:18.527,1.2224,1.22253,1.75,1.00
2015.11.03 08:29:19.036,1.22242,1.22254,1.12,1.00
2015.11.03 08:29:21.481,1.22239,1.22251,1.75,1.00
2015.11.03 08:29:21.860,1.22239,1.22253,1.75,1.00
2015.11.03 08:29:21.911,1.22239,1.22253,1.37,1.37
2015.11.03 08:29:21.962,1.22239,1.22251,1.00,1.75
2015.11.03 08:29:22.013,1.22232,1.22251,1.75,1.75
2015.11.03 08:29:22.115,1.22232,1.22248,1.37,1.37
2015.11.03 08:29:22.166,1.22232,1.22247,1.00,1.00
2015.11.03 08:29:22.672,1.22232,1.2225,1.37,1.50
2015.11.03 08:29:22.723,1.22234,1.2225,1.37,1.50
2015.11.03 08:29:25.819,1.22238,1.22253,1.37,1.37
2015.11.03 08:29:26.344,1.22236,1.22253,1.75,1.00
2015.11.03 08:29:29.669,1.22236,1.22252,1.75,1.00
2015.11.03 08:29:30.181,1.22237,1.22253,1.75,1.00
2015.11.03 08:29:30.810,1.22237,1.22254,1.75,1.12
2015.11.03 08:29:32.609,1.22237,1.22253,1.75,1.00
2015.11.03 08:29:32.761,1.22237,1.2225,1.00,1.00
2015.11.03 08:29:33.221,1.22231,1.2225,1.75,2.25
2015.11.03 08:29:38.153,1.22234,1.22252,1.75,1.37
2015.11.03 08:29:38.204,1.22234,1.22252,2.25,1.37
2015.11.03 08:29:43.755,1.22241,1.22254,1.00,2.25
2015.11.03 08:29:44.320,1.22243,1.22256,1.37,1.00
2015.11.03 08:29:44.422,1.22245,1.22263,1.00,1.75
2015.11.03 08:29:47.737,1.22244,1.22262,1.12,1.75
2015.11.03 08:29:47.994,1.22246,1.22263,1.50,1.75
2015.11.03 08:29:48.303,1.22247,1.22265,1.50,2.25
2015.11.03 08:29:52.669,1.22243,1.22261,1.75,1.37
2015.11.03 08:29:52.720,1.22243,1.22259,1.50,1.12
2015.11.03 08:29:53.629,1.22242,1.22257,2.25,1.00
2015.11.03 08:29:56.445,1.22242,1.22257,1.87,1.50
2015.11.03 08:29:57.593,1.22243,1.22257,1.00,1.50
2015.11.03 08:29:58.134,1.22241,1.22257,3.00,1.50
2015.11.03 08:30:01.107,1.22243,1.22257,1.00,1.50
2015.11.03 08:30:04.329,1.22245,1.2226,1.50,1.50
2015.11.03 08:30:08.911,1.22247,1.2226,1.00,1.50
2015.11.03 08:30:09.310,1.22249,1.2226,1.37,1.12
2015.11.03 08:30:09.362,1.22253,1.2227,1.37,1.75
2015.11.03 08:30:09.414,1.22254,1.2227,1.50,1.37
2015.11.03 08:30:12.622,1.22257,1.22272,1.35,2.25
2015.11.03 08:30:12.674,1.22257,1.22272,1.72,1.37
2015.11.03 08:30:12.726,1.22257,1.22274,1.75,1.00
2015.11.03 08:30:12.930,1.22256,1.22276,1.87,1.12
2015.11.03 08:30:12.981,1.22256,1.22276,1.75,1.37
2015.11.03 08:30:13.397,1.22254,1.22272,2.25,1.12
2015.11.03 08:30:20.284,1.2226,1.22272,1.00,1.12
2015.11.03 08:30:20.437,1.22262,1.22276,1.12,1.50
2015.11.03 08:30:20.488,1.22265,1.22276,1.12,1.00
2015.11.03 08:30:20.540,1.22265,1.2228,1.50,1.00
2015.11.03 08:30:20.591,1.22264,1.22282,1.75,1.50
2015.11.03 08:30:20.642,1.22265,1.22285,1.75,2.25
2015.11.03 08:30:21.060,1.22266,1.22285,1.75,1.50
2015.11.03 08:30:21.112,1.2227,1.22285,1.00,1.50
2015.11.03 08:30:22.627,1.2227,1.22283,1.00,1.00
2015.11.03 08:30:22.738,1.22264,1.22283,1.75,1.37
2015.11.03 08:30:30.963,1.22262,1.22282,1.75,3.00
2015.11.03 08:30:31.269,1.22261,1.22282,1.75,3.00
2015.11.03 08:30:32.339,1.22265,1.22282,1.00,1.75
2015.11.03 08:30:32.492,1.22262,1.22282,1.50,1.75
2015.11.03 08:30:33.576,1.2226,1.22278,1.75,1.12
2015.11.03 08:30:33.681,1.2226,1.22281,3.00,1.50
2015.11.03 08:30:37.364,1.22265,1.22282,1.75,1.87
2015.11.03 08:30:40.963,1.22262,1.22281,2.25,1.00
2015.11.03 08:30:43.016,1.22263,1.22281,1.75,1.50
2015.11.03 08:30:44.854,1.22261,1.2228,1.75,1.37
2015.11.03 08:30:45.402,1.22261,1.22279,1.75,1.75
2015.11.03 08:30:48.572,1.22264,1.22281,1.00,1.75
2015.11.03 08:30:48.776,1.22265,1.22281,1.50,1.12
2015.11.03 08:30:49.658,1.22267,1.22282,1.00,1.00
2015.11.03 08:30:49.862,1.22262,1.22282,1.75,3.00
2015.11.03 08:30:51.848,1.2226,1.22279,1.75,1.00
2015.11.03 08:30:52.360,1.2226,1.2228,1.75,1.87
2015.11.03 08:30:57.068,1.2226,1.22278,1.75,1.00
2015.11.03 08:30:57.170,1.22261,1.22276,1.00,1.00
2015.11.03 08:30:59.112,1.22255,1.22276,2.62,1.37
2015.11.03 08:30:59.215,1.22255,1.22276,2.25,1.75
2015.11.03 08:31:07.003,1.2226,1.22277,1.00,1.75
2015.11.03 08:31:07.308,1.22263,1.22282,1.00,1.87
2015.11.03 08:31:09.098,1.22263,1.22283,1.87,1.87
2015.11.03 08:31:09.149,1.22263,1.22283,2.25,1.75
2015.11.03 08:31:09.764,1.22269,1.22283,1.87,1.37
2015.11.03 08:31:09.829,1.22271,1.2229,1.12,1.75
2015.11.03 08:31:11.443,1.22269,1.2229,2.25,2.25
2015.11.03 08:31:11.497,1.22269,1.2229,2.25,2.25
2015.11.03 08:31:11.905,1.22269,1.22287,1.37,1.87
2015.11.03 08:31:11.956,1.22268,1.22284,1.00,1.00
2015.11.03 08:31:12.970,1.2227,1.22284,1.00,1.00
2015.11.03 08:31:13.278,1.22272,1.22289,1.00,1.75
2015.11.03 08:31:14.170,1.22274,1.22287,1.00,1.50
2015.11.03 08:31:14.507,1.22272,1.22287,1.00,1.50
2015.11.03 08:31:15.927,1.22271,1.22289,1.87,1.75
2015.11.03 08:31:17.427,1.22274,1.2229,1.37,1.75
2015.11.03 08:31:17.478,1.22274,1.2229,1.50,1.50
2015.11.03 08:31:18.271,1.22276,1.22293,1.00,2.25
2015.11.03 08:31:19.032,1.22273,1.22292,2.25,1.75
2015.11.03 08:31:26.378,1.22272,1.22287,1.00,1.00
2015.11.03 08:31:26.888,1.22272,1.22286,1.00,1.00
2015.11.03 08:31:26.940,1.22272,1.22283,1.50,1.00
2015.11.03 08:31:27.041,1.22272,1.22287,1.50,1.50
2015.11.03 08:31:34.702,1.22273,1.22287,1.00,1.00
2015.11.03 08:31:35.058,1.22276,1.22289,1.12,1.50
2015.11.03 08:31:35.109,1.22277,1.22291,1.00,1.50
2015.11.03 08:31:35.262,1.22277,1.22293,1.37,1.75
2015.11.03 08:31:35.855,1.22279,1.22293,1.12,1.50
2015.11.03 08:31:37.487,1.22279,1.22296,1.75,1.12
2015.11.03 08:31:39.137,1.22279,1.22295,1.75,1.00
2015.11.03 08:31:40.161,1.22279,1.22296,1.75,1.12
2015.11.03 08:31:40.706,1.22279,1.22295,1.75,1.00
2015.11.03 08:31:41.207,1.22279,1.22296,1.75,1.12
2015.11.03 08:31:42.462,1.22277,1.22295,1.75,1.50
2015.11.03 08:31:43.747,1.22275,1.2229,1.37,1.00
2015.11.03 08:31:43.800,1.22272,1.2229,1.75,1.75
2015.11.03 08:31:47.791,1.2227,1.22287,1.75,1.37
2015.11.03 08:31:47.842,1.2227,1.22287,1.37,1.75
2015.11.03 08:31:48.370,1.22267,1.22283,2.25,1.00
2015.11.03 08:31:49.714,1.22268,1.22283,1.00,1.00
2015.11.03 08:31:55.290,1.2227,1.22283,1.00,1.00
2015.11.03 08:31:55.545,1.22272,1.22286,1.00,1.00
2015.11.03 08:31:56.114,1.22268,1.22288,1.50,2.25
2015.11.03 08:31:56.623,1.22268,1.22281,1.00,1.00
2015.11.03 08:31:57.620,1.22265,1.22281,2.25,1.00
2015.11.03 08:31:59.181,1.22268,1.22281,1.00,1.00
2015.11.03 08:31:59.668,1.22266,1.22281,1.00,1.00
2015.11.03 08:31:59.821,1.22263,1.2228,1.37,1.37
2015.11.03 08:31:59.872,1.2226,1.2228,1.75,2.25
2015.11.03 08:32:00.332,1.22253,1.22268,2.25,1.00
2015.11.03 08:32:02.538,1.22255,1.2227,1.12,1.50
2015.11.03 08:32:02.741,1.22258,1.22275,1.50,2.25
2015.11.03 08:32:04.167,1.2226,1.22279,1.12,1.75
2015.11.03 08:32:04.270,1.22261,1.2228,1.12,1.75
2015.11.03 08:32:07.757,1.22261,1.22281,1.75,1.75
2015.11.03 08:32:12.005,1.22266,1.22285,1.75,1.75
2015.11.03 08:32:30.417,1.22265,1.2228,1.00,1.00
2015.11.03 08:32:34.290,1.22262,1.22284,1.87,2.62
2015.11.03 08:32:41.293,1.22258,1.22275,2.25,1.00
2015.11.03 08:32:41.344,1.22259,1.22275,1.00,1.50
2015.11.03 08:32:41.869,1.2226,1.22275,1.50,1.00
2015.11.03 08:32:42.810,1.22263,1.22281,1.00,1.75
2015.11.03 08:32:48.618,1.22263,1.22282,1.75,1.50
2015.11.03 08:32:57.440,1.22263,1.22283,1.12,1.75
2015.11.03 08:32:58.874,1.22264,1.22282,1.00,1.75
2015.11.03 08:32:59.611,1.22262,1.22279,1.50,1.12
2015.11.03 08:32:59.764,1.22259,1.22276,1.75,1.50
2015.11.03 08:33:03.239,1.22257,1.22276,1.87,1.75
2015.11.03 08:33:14.549,1.22257,1.22278,2.25,1.87
2015.11.03 08:33:14.945,1.22259,1.22278,1.50,1.75
2015.11.03 08:33:19.668,1.2226,1.2228,2.25,1.50
2015.11.03 08:33:19.719,1.22261,1.2228,1.12,1.50
2015.11.03 08:33:19.821,1.22265,1.22283,1.00,1.75
2015.11.03 08:33:19.872,1.22265,1.22283,1.75,1.50
2015.11.03 08:33:26.007,1.22269,1.22285,1.00,2.25
2015.11.03 08:33:26.211,1.22272,1.22287,1.00,1.00
2015.11.03 08:33:28.494,1.22269,1.22289,1.87,1.75
2015.11.03 08:33:30.977,1.22268,1.22289,3.00,2.25
2015.11.03 08:33:31.028,1.22272,1.22287,1.00,1.00
2015.11.03 08:33:34.990,1.22272,1.22291,3.75,1.75
2015.11.03 08:33:40.179,1.22272,1.22289,1.12,1.75
2015.11.03 08:33:40.240,1.22268,1.22288,1.50,1.75
2015.11.03 08:33:46.197,1.22269,1.22287,1.50,1.37
2015.11.03 08:33:46.248,1.22271,1.22289,1.75,1.37
2015.11.03 08:33:48.959,1.22267,1.22287,4.12,1.00
2015.11.03 08:33:49.489,1.22267,1.22289,2.62,1.37
2015.11.03 08:33:49.643,1.22271,1.22286,1.00,1.00
2015.11.03 08:33:49.745,1.22273,1.22289,1.00,1.00
2015.11.03 08:33:51.875,1.22273,1.22288,1.00,1.00
2015.11.03 08:33:52.601,1.22273,1.22289,1.00,1.00
2015.11.03 08:33:54.716,1.22273,1.22288,1.00,1.00
2015.11.03 08:33:55.314,1.22273,1.22289,1.00,1.50
2015.11.03 08:33:56.020,1.2227,1.22289,1.50,1.50
2015.11.03 08:33:56.071,1.2227,1.22289,1.50,1.75
2015.11.03 08:33:57.545,1.2227,1.22285,1.37,1.37
2015.11.03 08:33:57.698,1.22263,1.2228,1.75,1.75
2015.11.03 08:33:57.749,1.22261,1.22279,1.12,1.75
2015.11.03 08:33:57.851,1.22259,1.22275,1.12,1.75
2015.11.03 08:34:00.036,1.22255,1.22274,1.37,1.75
2015.11.03 08:34:04.174,1.22251,1.22268,2.25,1.00
2015.11.03 08:34:05.484,1.22252,1.22269,1.75,1.00
2015.11.03 08:34:06.455,1.2225,1.22272,2.62,3.00
2015.11.03 08:34:06.965,1.2225,1.22269,2.62,1.00
2015.11.03 08:34:07.791,1.22252,1.22271,1.75,1.37
2015.11.03 08:34:11.886,1.2225,1.22269,1.87,1.12
2015.11.03 08:34:12.191,1.22247,1.22265,3.60,1.75
2015.11.03 08:34:14.724,1.22247,1.22261,1.35,1.00
2015.11.03 08:34:15.194,1.22242,1.22261,1.75,1.75
2015.11.03 08:34:16.916,1.22246,1.22262,1.00,1.75
2015.11.03 08:34:17.120,1.22247,1.22263,1.50,1.00
2015.11.03 08:34:17.632,1.22248,1.22264,1.12,1.12
2015.11.03 08:34:20.504,1.2225,1.22264,1.00,1.12
2015.11.03 08:34:22.588,1.22244,1.22258,1.37,1.00
2015.11.03 08:34:22.641,1.22244,1.22258,1.37,1.00
2015.11.03 08:34:22.744,1.22246,1.22261,1.00,1.12
2015.11.03 08:34:22.846,1.22246,1.22263,1.00,1.50
2015.11.03 08:34:23.050,1.22249,1.22263,1.00,1.00
2015.11.03 08:34:23.102,1.22249,1.22265,1.00,1.00
2015.11.03 08:34:24.083,1.22249,1.22266,1.00,1.50
2015.11.03 08:34:24.609,1.2225,1.22266,1.00,1.00
2015.11.03 08:34:25.968,1.22249,1.22266,1.00,1.00
2015.11.03 08:34:26.069,1.22248,1.22261,1.00,1.00
2015.11.03 08:34:26.121,1.22243,1.22261,1.50,1.00
2015.11.03 08:34:26.274,1.22243,1.22259,1.50,1.00
2015.11.03 08:34:30.882,1.22243,1.22256,1.00,1.00
2015.11.03 08:34:30.984,1.2224,1.22256,1.00,1.00
2015.11.03 08:34:31.204,1.22242,1.22257,1.00,1.00
2015.11.03 08:34:32.405,1.22241,1.22257,1.00,1.00
2015.11.03 08:34:33.499,1.2224,1.22257,1.00,1.00
2015.11.03 08:34:33.877,1.22237,1.22254,1.00,1.00
2015.11.03 08:34:34.183,1.22245,1.22256,1.00,1.00
2015.11.03 08:34:34.285,1.22241,1.22256,1.50,1.00
2015.11.03 08:34:35.033,1.22239,1.22255,1.00,1.00
2015.11.03 08:34:35.462,1.22241,1.22255,1.00,1.00
2015.11.03 08:34:36.696,1.2224,1.22255,1.00,1.00
2015.11.03 08:34:37.330,1.22238,1.22255,1.50,1.00
2015.11.03 08:34:39.326,1.2224,1.22255,1.00,1.00
2015.11.03 08:34:41.716,1.22239,1.22255,1.00,1.00
2015.11.03 08:34:42.021,1.22238,1.22253,1.00,1.00
2015.11.03 08:34:42.174,1.22232,1.2225,1.00,1.00
2015.11.03 08:34:42.692,1.22232,1.22251,1.50,1.00
2015.11.03 08:34:44.296,1.22236,1.22251,1.00,1.00
2015.11.03 08:34:46.322,1.22236,1.22254,1.00,1.50
2015.11.03 08:34:48.167,1.22236,1.22253,1.00,1.00
2015.11.03 08:34:49.526,1.22236,1.22252,1.00,1.00
2015.11.03 08:34:49.830,1.22236,1.22254,1.00,1.00
2015.11.03 08:34:50.763,1.22236,1.22252,1.00,1.00
2015.11.03 08:34:50.814,1.22233,1.22251,1.00,1.00
2015.11.03 08:34:51.172,1.22237,1.22252,1.00,1.00
2015.11.03 08:34:51.223,1.22237,1.22255,1.50,1.00
2015.11.03 08:34:51.987,1.22237,1.22256,1.00,1.00
2015.11.03 08:34:53.054,1.22237,1.22257,1.50,1.00
2015.11.03 08:34:59.269,1.22237,1.22256,1.50,1.00
2015.11.03 08:35:00.347,1.22236,1.22256,3.00,1.00
2015.11.03 08:35:00.602,1.22236,1.22254,1.00,1.00
2015.11.03 08:35:01.105,1.22236,1.22255,1.37,1.37
2015.11.03 08:35:01.717,1.22238,1.22257,1.75,1.50
2015.11.03 08:35:02.914,1.22251,1.22259,1.00,1.50
2015.11.03 08:35:02.965,1.22248,1.22265,1.00,1.75
2015.11.03 08:35:03.473,1.22246,1.22262,1.37,1.37
2015.11.03 08:35:04.152,1.22247,1.22267,1.75,2.25
2015.11.03 08:35:07.328,1.22245,1.22261,1.75,1.00
2015.11.03 08:35:07.531,1.22245,1.22263,1.75,1.12
2015.11.03 08:35:12.794,1.22245,1.22264,1.50,2.25
2015.11.03 08:35:12.845,1.22245,1.22264,1.50,2.25
2015.11.03 08:35:16.738,1.22249,1.22263,1.00,2.25
2015.11.03 08:35:16.790,1.22246,1.22263,1.37,1.75
2015.11.03 08:35:17.198,1.22244,1.22264,1.75,2.25
2015.11.03 08:35:19.849,1.22247,1.22266,1.75,2.25
2015.11.03 08:35:20.252,1.22246,1.22261,1.00,1.00
2015.11.03 08:35:20.405,1.22246,1.22258,1.00,1.00
2015.11.03 08:35:20.456,1.22244,1.22258,1.00,1.00
2015.11.03 08:35:22.972,1.22241,1.22261,1.75,1.37
2015.11.03 08:35:23.276,1.22244,1.22261,1.75,1.12
2015.11.03 08:35:23.379,1.22244,1.22261,1.50,1.75
2015.11.03 08:35:23.837,1.22247,1.22265,1.00,2.62
2015.11.03 08:35:24.643,1.22249,1.22266,1.87,1.12
2015.11.03 08:35:24.697,1.22254,1.22269,1.00,1.87
2015.11.03 08:35:24.952,1.22255,1.22271,1.37,1.37
2015.11.03 08:35:25.004,1.22257,1.22273,1.00,1.50
2015.11.03 08:35:25.812,1.22259,1.22275,1.00,3.00
2015.11.03 08:35:26.169,1.22258,1.22275,1.75,2.25
2015.11.03 08:35:27.321,1.22258,1.22277,1.75,1.87
2015.11.03 08:35:27.854,1.22258,1.22275,1.75,1.00
2015.11.03 08:35:28.565,1.22258,1.22277,1.75,2.62
2015.11.03 08:35:30.678,1.22258,1.22277,1.75,2.62
2015.11.03 08:35:30.780,1.22259,1.22274,1.00,1.00
2015.11.03 08:35:31.652,1.22259,1.22273,1.00,1.00
2015.11.03 08:35:32.008,1.22259,1.2227,1.00,1.00
2015.11.03 08:35:32.161,1.22248,1.22266,1.75,1.50
2015.11.03 08:35:32.849,1.22239,1.22258,3.37,1.00
2015.11.03 08:35:33.052,1.22241,1.22256,1.00,1.00
2015.11.03 08:35:34.803,1.22237,1.22254,1.75,1.37
2015.11.03 08:35:34.854,1.22237,1.22253,1.37,1.37
2015.11.03 08:35:35.109,1.22232,1.22252,1.75,1.87
2015.11.03 08:35:35.742,1.22232,1.22252,3.00,1.50
2015.11.03 08:35:37.008,1.2223,1.22247,1.12,1.37
2015.11.03 08:35:37.059,1.22229,1.22247,1.75,2.25
2015.11.03 08:35:37.111,1.22229,1.22246,1.37,1.37
2015.11.03 08:35:37.215,1.22227,1.22247,1.87,2.25
2015.11.03 08:35:38.239,1.22233,1.22252,1.37,1.75
2015.11.03 08:35:38.291,1.22233,1.22253,1.75,1.75
2015.11.03 08:35:38.597,1.22234,1.22253,1.50,1.37
2015.11.03 08:35:38.902,1.22235,1.22254,1.75,1.12
2015.11.03 08:35:41.125,1.22236,1.22253,1.75,1.00
2015.11.03 08:35:43.327,1.22236,1.22252,1.75,1.00
2015.11.03 08:35:43.711,1.22234,1.22252,1.75,2.62
2015.11.03 08:35:44.166,1.2223,1.2225,2.25,2.25
2015.11.03 08:35:46.368,1.22234,1.22251,1.00,1.75
2015.11.03 08:35:46.419,1.22235,1.22252,1.37,2.25
2015.11.03 08:35:47.260,1.22235,1.22254,2.25,1.75
2015.11.03 08:35:47.577,1.22237,1.22254,1.75,1.00
2015.11.03 08:35:48.295,1.22238,1.22255,1.50,1.87
2015.11.03 08:35:48.833,1.2224,1.22255,1.00,1.12
2015.11.03 08:35:49.527,1.22238,1.22254,1.50,1.00
2015.11.03 08:35:49.629,1.22238,1.22253,1.12,1.87
2015.11.03 08:35:50.102,1.22233,1.2225,2.25,1.37
2015.11.03 08:35:50.646,1.22232,1.2225,2.25,1.37
2015.11.03 08:35:53.051,1.22232,1.2224,1.37,1.12
2015.11.03 08:35:53.102,1.22219,1.22237,1.50,2.25
2015.11.03 08:35:53.457,1.22221,1.22235,1.37,1.12
2015.11.03 08:35:54.285,1.22226,1.22239,1.00,1.75
2015.11.03 08:35:54.794,1.22225,1.22239,1.00,2.25
2015.11.03 08:35:56.238,1.22224,1.22241,1.00,1.75
2015.11.03 08:35:58.763,1.22223,1.22237,1.12,1.37
2015.11.03 08:35:59.417,1.22221,1.22237,1.37,1.75
2015.11.03 08:35:59.468,1.22221,1.22237,1.00,1.75
2015.11.03 08:36:00.007,1.22217,1.22237,1.75,3.00
2015.11.03 08:36:02.947,1.22221,1.22239,1.00,1.75
2015.11.03 08:36:03.571,1.22223,1.2224,1.00,1.87
2015.11.03 08:36:03.622,1.22222,1.2224,1.37,1.75
2015.11.03 08:36:05.007,1.22227,1.22244,1.00,1.75
2015.11.03 08:36:06.133,1.22224,1.22244,1.75,1.75
2015.11.03 08:36:07.595,1.22227,1.22244,1.00,1.75
2015.11.03 08:36:07.698,1.22227,1.22244,1.12,1.50
2015.11.03 08:36:10.569,1.22223,1.22243,1.75,2.25
2015.11.03 08:36:10.773,1.22222,1.2224,1.00,1.75
2015.11.03 08:36:11.333,1.2222,1.2224,1.50,2.25
2015.11.03 08:36:13.538,1.22221,1.2224,1.50,1.50
2015.11.03 08:36:13.590,1.22222,1.2224,1.75,1.50
2015.11.03 08:36:13.743,1.22221,1.22239,1.37,1.50
2015.11.03 08:36:13.794,1.22221,1.22239,1.00,1.75
2015.11.03 08:36:14.489,1.2222,1.22239,1.87,1.75
2015.11.03 08:36:15.946,1.22221,1.22241,1.00,2.25
2015.11.03 08:36:16.456,1.2222,1.22238,2.62,1.75
2015.11.03 08:36:17.747,1.22222,1.22237,1.37,1.00
2015.11.03 08:36:21.336,1.22225,1.22243,1.00,1.75
2015.11.03 08:36:21.387,1.22225,1.22243,1.12,1.75
2015.11.03 08:36:22.236,1.22228,1.22247,1.50,1.12
2015.11.03 08:36:22.756,1.2223,1.22249,1.00,1.12
2015.11.03 08:36:22.813,1.22231,1.22247,1.00,1.00
2015.11.03 08:36:26.535,1.22226,1.22247,3.00,2.25
2015.11.03 08:36:26.597,1.22226,1.22247,3.00,2.25
2015.11.03 08:36:34.192,1.22227,1.22247,3.75,1.75
2015.11.03 08:36:34.244,1.2223,1.22245,1.00,1.00
2015.11.03 08:36:35.317,1.22227,1.22243,2.25,1.00
2015.11.03 08:36:35.783,1.22224,1.22244,1.50,1.75
2015.11.03 08:36:35.834,1.22224,1.22244,1.50,1.75
2015.11.03 08:36:38.895,1.2223,1.22245,1.00,1.75
2015.11.03 08:36:38.948,1.2223,1.22249,1.50,1.75
2015.11.03 08:36:39.050,1.22231,1.22251,1.75,3.00
2015.11.03 08:36:39.509,1.22232,1.22249,1.75,1.37
2015.11.03 08:36:39.561,1.22233,1.2225,1.75,1.12
2015.11.03 08:36:41.667,1.22231,1.22248,1.75,1.00
2015.11.03 08:36:41.769,1.22232,1.22247,1.00,1.00
2015.11.03 08:36:50.448,1.22233,1.22247,1.00,1.00
2015.11.03 08:36:51.027,1.22233,1.22251,1.37,1.75
2015.11.03 08:36:51.079,1.22235,1.2225,1.00,1.00
2015.11.03 08:37:09.812,1.22233,1.22252,1.75,1.75
2015.11.03 08:37:13.387,1.22239,1.22253,1.00,1.75
2015.11.03 08:37:13.541,1.2224,1.22256,1.50,1.12
2015.11.03 08:37:14.397,1.22241,1.22256,1.00,1.00
2015.11.03 08:37:14.449,1.22243,1.22257,1.00,1.00
2015.11.03 08:37:14.500,1.22246,1.22262,1.00,1.00
2015.11.03 08:37:22.788,1.22246,1.2226,1.00,1.00
2015.11.03 08:37:23.111,1.2224,1.2226,2.25,2.25
2015.11.03 08:37:24.841,1.2224,1.22259,1.50,1.75
2015.11.03 08:37:25.895,1.22236,1.22252,1.50,1.00
2015.11.03 08:37:26.205,1.22234,1.22249,1.00,1.50
2015.11.03 08:37:26.461,1.22236,1.22256,1.12,3.37
2015.11.03 08:37:27.662,1.22237,1.22256,1.00,1.87
2015.11.03 08:37:28.443,1.22236,1.22256,1.12,2.62
2015.11.03 08:37:29.430,1.22236,1.22257,2.62,1.75
2015.11.03 08:37:29.481,1.2224,1.22255,1.00,1.00
2015.11.03 08:37:38.338,1.22239,1.22255,1.37,1.50
2015.11.03 08:37:38.389,1.22237,1.22252,1.00,1.00
2015.11.03 08:37:42.487,1.22236,1.22255,2.25,2.25
2015.11.03 08:37:42.538,1.2224,1.22255,1.00,1.50
2015.11.03 08:37:42.963,1.22236,1.22251,1.50,1.00
2015.11.03 08:37:55.494,1.22236,1.22253,1.75,1.12
2015.11.03 08:37:55.697,1.22229,1.22244,2.25,1.00
2015.11.03 08:37:55.850,1.22229,1.22244,1.12,1.50
2015.11.03 08:37:56.653,1.22224,1.22244,2.25,3.00
2015.11.03 08:37:58.287,1.22225,1.22246,2.25,3.00
2015.11.03 08:37:58.338,1.22228,1.22243,1.00,1.00
2015.11.03 08:37:58.846,1.22229,1.22243,1.00,1.00
2015.11.03 08:37:59.555,1.22231,1.22243,1.00,1.00
2015.11.03 08:38:01.063,1.22231,1.22251,1.87,2.25
2015.11.03 08:38:01.602,1.22233,1.22248,1.50,1.00
2015.11.03 08:38:02.064,1.22231,1.2225,1.37,1.75
2015.11.03 08:38:02.115,1.22231,1.22245,1.00,1.00
2015.11.03 08:38:02.537,1.22233,1.22245,1.00,1.00
2015.11.03 08:38:03.888,1.22231,1.22245,1.00,1.50
2015.11.03 08:38:03.990,1.22231,1.22245,1.00,1.50
2015.11.03 08:38:04.041,1.22229,1.22246,1.00,2.25
2015.11.03 08:38:04.093,1.22229,1.22247,1.37,2.62
2015.11.03 08:38:04.246,1.22234,1.22244,1.00,1.00
2015.11.03 08:38:04.349,1.22232,1.22244,1.00,1.00
2015.11.03 08:38:05.019,1.22234,1.22244,1.00,1.00
2015.11.03 08:38:05.425,1.22232,1.22244,1.00,1.00
2015.11.03 08:38:05.578,1.22232,1.22247,1.00,1.12
2015.11.03 08:38:05.731,1.22232,1.22248,1.00,1.75
2015.11.03 08:38:06.508,1.22235,1.22247,1.00,1.75
2015.11.03 08:38:07.036,1.22236,1.2225,1.00,1.12
2015.11.03 08:38:07.998,1.22235,1.2225,1.00,1.12
2015.11.03 08:38:08.576,1.22235,1.22251,1.00,1.75
2015.11.03 08:38:08.628,1.22234,1.22251,1.00,1.75
2015.11.03 08:38:10.465,1.22234,1.22249,1.87,1.37
2015.11.03 08:38:10.517,1.22238,1.22249,1.12,1.00
2015.11.03 08:38:10.670,1.22238,1.22254,2.62,1.00
2015.11.03 08:38:11.901,1.22237,1.22249,2.25,1.00
2015.11.03 08:38:11.952,1.22237,1.22249,1.50,1.00
2015.11.03 08:38:12.413,1.22235,1.22254,2.25,1.75
2015.11.03 08:38:12.974,1.22236,1.22249,1.75,1.00
2015.11.03 08:38:13.507,1.22236,1.22248,1.75,1.00
2015.11.03 08:38:14.028,1.22236,1.22248,1.37,1.37
2015.11.03 08:38:14.130,1.22235,1.22248,1.00,1.50
2015.11.03 08:38:16.686,1.22233,1.22248,1.00,1.50
2015.11.03 08:38:20.320,1.22234,1.22249,1.87,1.37
2015.11.03 08:38:20.475,1.22239,1.22254,1.00,1.50
2015.11.03 08:38:21.290,1.22237,1.22253,1.50,1.12
2015.11.03 08:38:23.029,1.22235,1.22254,1.37,1.50
2015.11.03 08:38:23.081,1.22234,1.22254,1.00,2.25
2015.11.03 08:38:23.386,1.22236,1.22253,1.00,2.25
2015.11.03 08:38:27.221,1.22235,1.22254,1.00,3.00
2015.11.03 08:38:28.206,1.22235,1.22253,1.50,2.25
2015.11.03 08:38:30.011,1.22237,1.22253,1.00,1.75
2015.11.03 08:38:30.704,1.22236,1.22253,1.12,1.75
2015.11.03 08:38:31.545,1.22236,1.22248,1.12,1.00
2015.11.03 08:38:31.698,1.22232,1.22246,1.00,1.00
2015.11.03 08:38:31.750,1.2223,1.22249,1.12,1.87
2015.11.03 08:38:32.355,1.22231,1.22248,1.37,1.37
2015.11.03 08:38:32.407,1.22231,1.22253,1.75,3.00
2015.11.03 08:38:33.850,1.22236,1.22253,1.75,1.75
2015.11.03 08:38:35.369,1.22241,1.22253,1.00,1.75
2015.11.03 08:38:35.877,1.22241,1.22258,1.12,1.75
2015.11.03 08:38:36.031,1.22235,1.22253,1.12,1.75
2015.11.03 08:38:36.134,1.22232,1.2225,1.37,1.50
2015.11.03 08:38:36.607,1.22232,1.22248,1.50,1.12
2015.11.03 08:38:37.115,1.22235,1.22248,1.00,1.12
2015.11.03 08:38:38.210,1.22229,1.22244,1.50,1.12
2015.11.03 08:38:38.264,1.22229,1.22243,1.87,1.00
2015.11.03 08:38:38.417,1.22226,1.22247,2.25,2.25
2015.11.03 08:38:40.809,1.2223,1.22244,1.00,1.12
2015.11.03 08:38:41.117,1.22228,1.22241,1.00,1.00
2015.11.03 08:38:41.764,1.22229,1.22241,1.00,1.00
2015.11.03 08:38:42.115,1.22226,1.2224,1.00,1.00
2015.11.03 08:38:42.166,1.22223,1.22239,1.50,1.75
2015.11.03 08:38:42.421,1.22221,1.22235,1.00,1.00
2015.11.03 08:38:42.782,1.2222,1.22233,1.00,1.00
2015.11.03 08:38:43.194,1.22216,1.22234,1.87,1.75
2015.11.03 08:38:45.074,1.22219,1.22237,1.00,1.12
2015.11.03 08:38:45.695,1.22224,1.22239,1.00,1.75
2015.11.03 08:38:45.747,1.22224,1.2224,1.12,1.75
2015.11.03 08:38:46.261,1.22225,1.2224,1.00,1.75
2015.11.03 08:38:47.078,1.22223,1.22239,1.50,1.75
2015.11.03 08:38:53.122,1.22227,1.22242,1.00,1.75
2015.11.03 08:38:53.174,1.22228,1.22242,1.00,1.00
2015.11.03 08:38:53.276,1.2223,1.22247,1.50,2.25
2015.11.03 08:38:56.179,1.22228,1.22244,1.75,1.00
2015.11.03 08:38:56.280,1.2223,1.22243,1.00,1.00
2015.11.03 08:38:56.483,1.22228,1.22243,1.00,1.00
2015.11.03 08:38:57.392,1.22225,1.22241,1.37,1.50
2015.11.03 08:38:57.697,1.22224,1.2224,1.00,1.75
2015.11.03 08:38:58.287,1.22225,1.22241,1.00,1.75
2015.11.03 08:38:59.063,1.22227,1.22241,1.00,1.50
2015.11.03 08:38:59.115,1.22227,1.22243,1.12,1.50
2015.11.03 08:39:00.893,1.22229,1.22244,1.00,1.75
2015.11.03 08:39:01.797,1.22227,1.22244,1.87,1.75
2015.11.03 08:39:05.686,1.22224,1.22241,1.75,1.00
2015.11.03 08:39:05.737,1.22224,1.2224,1.37,1.37
2015.11.03 08:39:07.094,1.22221,1.22238,2.25,1.00
2015.11.03 08:39:07.247,1.22221,1.22238,1.50,1.50
2015.11.03 08:39:10.239,1.2222,1.22236,1.75,1.00
2015.11.03 08:39:11.065,1.2222,1.22231,1.37,1.00
2015.11.03 08:39:11.117,1.22214,1.22231,1.75,1.00
2015.11.03 08:39:11.170,1.22214,1.22229,1.50,1.00
2015.11.03 08:39:11.578,1.22214,1.22227,1.00,1.00
2015.11.03 08:39:11.631,1.22211,1.22227,1.50,1.50
2015.11.03 08:39:12.426,1.2221,1.22229,3.00,1.50
2015.11.03 08:39:12.936,1.22216,1.22233,2.25,1.50
2015.11.03 08:39:14.313,1.22213,1.2223,1.75,1.00
2015.11.03 08:39:14.666,1.22216,1.22233,1.75,1.00
2015.11.03 08:39:15.550,1.22214,1.22232,2.25,1.00
2015.11.03 08:39:15.651,1.22214,1.22234,2.25,1.00
2015.11.03 08:39:16.538,1.22212,1.22233,3.75,3.00
2015.11.03 08:39:16.845,1.22219,1.22234,1.00,1.00
2015.11.03 08:39:24.338,1.22219,1.22232,1.00,1.00
2015.11.03 08:39:25.053,1.22217,1.22231,1.00,1.00
2015.11.03 08:39:25.859,1.22213,1.22231,2.25,1.75
2015.11.03 08:39:32.816,1.22215,1.2223,1.00,1.75
2015.11.03 08:39:33.366,1.22214,1.2223,1.12,1.75
2015.11.03 08:39:35.137,1.22213,1.22229,1.50,1.00
2015.11.03 08:39:35.726,1.22215,1.22229,1.00,1.00
2015.11.03 08:39:36.462,1.22214,1.22229,1.00,1.00
2015.11.03 08:39:37.914,1.22214,1.22227,1.00,1.00
2015.11.03 08:39:38.870,1.22214,1.22229,1.00,1.00
2015.11.03 08:39:39.402,1.22214,1.22228,1.00,1.00
2015.11.03 08:39:39.455,1.22217,1.22229,1.00,1.00
2015.11.03 08:39:42.569,1.22218,1.22229,1.00,1.00
2015.11.03 08:39:43.120,1.22217,1.22229,1.00,1.00
2015.11.03 08:39:43.324,1.22215,1.22229,1.00,1.50
2015.11.03 08:39:43.893,1.22212,1.22225,1.50,1.00
2015.11.03 08:39:46.435,1.22211,1.22226,2.25,1.00
2015.11.03 08:39:49.396,1.22212,1.22228,1.50,1.00
2015.11.03 08:39:50.100,1.22214,1.22228,1.00,1.00
2015.11.03 08:39:50.207,1.22214,1.22233,2.25,1.75
2015.11.03 08:39:50.717,1.22218,1.22231,1.00,1.37
2015.11.03 08:39:50.972,1.22215,1.22231,1.87,1.75
2015.11.03 08:39:51.740,1.22216,1.22231,1.00,1.75
2015.11.03 08:39:51.945,1.22214,1.22229,1.87,1.50
2015.11.03 08:39:52.152,1.22215,1.22231,1.50,1.12
2015.11.03 08:39:52.304,1.22218,1.22231,1.00,1.12
2015.11.03 08:39:53.187,1.22216,1.22231,1.12,1.12
2015.11.03 08:39:53.717,1.22218,1.22231,1.00,1.12
2015.11.03 08:39:54.592,1.22216,1.22231,1.12,1.12
2015.11.03 08:39:54.644,1.22216,1.22229,1.12,1.00
2015.11.03 08:39:55.256,1.22217,1.22229,1.00,1.00
2015.11.03 08:39:56.096,1.22218,1.22229,1.00,1.00
2015.11.03 08:39:56.460,1.22216,1.22229,1.12,1.00
2015.11.03 08:39:57.011,1.22217,1.2223,1.00,1.00
2015.11.03 08:39:58.316,1.22218,1.2223,1.00,1.00
2015.11.03 08:39:58.673,1.2222,1.22234,1.00,1.75
2015.11.03 08:39:59.396,1.22219,1.22234,1.12,1.50
2015.11.03 08:39:59.447,1.22219,1.22234,1.50,1.50
2015.11.03 08:39:59.763,1.22222,1.22234,1.00,1.00
2015.11.03 08:40:00.178,1.2222,1.22234,1.00,1.00
2015.11.03 08:40:02.580,1.22223,1.22234,1.00,1.00
2015.11.03 08:40:02.683,1.22223,1.22237,1.12,1.50
2015.11.03 08:40:03.205,1.22224,1.22237,1.00,1.50
2015.11.03 08:40:04.583,1.22222,1.22237,1.50,1.50
2015.11.03 08:40:04.995,1.22221,1.22234,1.75,1.00
2015.11.03 08:40:05.528,1.22221,1.22234,1.00,1.87
2015.11.03 08:40:06.961,1.22223,1.22235,1.00,1.50
2015.11.03 08:40:07.548,1.22223,1.22239,1.00,1.75
2015.11.03 08:40:07.600,1.22225,1.22239,1.00,1.75
2015.11.03 08:40:07.804,1.22226,1.22242,1.00,1.50
2015.11.03 08:40:07.906,1.22225,1.22238,1.12,1.00
2015.11.03 08:40:08.274,1.22225,1.22238,1.12,1.37
2015.11.03 08:40:08.326,1.22222,1.22236,1.00,1.50
2015.11.03 08:40:08.685,1.2222,1.22236,1.50,1.50
2015.11.03 08:40:09.564,1.22222,1.22236,1.00,1.50
2015.11.03 08:40:10.991,1.2222,1.22236,1.50,1.50
2015.11.03 08:40:12.833,1.22223,1.22236,1.00,1.00
2015.11.03 08:40:15.675,1.22223,1.22236,1.00,1.50
2015.11.03 08:40:15.727,1.22219,1.22233,1.00,1.00
2015.11.03 08:40:16.274,1.22218,1.22233,1.00,1.00
2015.11.03 08:40:17.089,1.2222,1.22233,1.00,1.00
2015.11.03 08:40:17.907,1.22219,1.22233,1.00,1.00
2015.11.03 08:40:18.237,1.22221,1.22233,1.00,1.00
2015.11.03 08:40:19.252,1.22223,1.22235,1.00,1.00
2015.11.03 08:40:19.866,1.22225,1.22239,1.00,2.25
2015.11.03 08:40:19.918,1.22221,1.22237,2.25,1.12
2015.11.03 08:40:22.006,1.22223,1.22236,1.12,1.00
2015.11.03 08:40:22.944,1.22236,1.22242,1.00,1.00
2015.11.03 08:40:23.003,1.22236,1.22251,1.00,1.75
2015.11.03 08:40:23.523,1.22236,1.22249,1.12,1.12
2015.11.03 08:40:23.574,1.22238,1.22249,1.00,1.12
2015.11.03 08:40:24.257,1.22241,1.22257,1.00,1.75
2015.11.03 08:40:24.308,1.22241,1.22258,1.00,2.25
2015.11.03 08:40:24.836,1.22241,1.22258,1.00,2.25
2015.11.03 08:40:25.649,1.22239,1.22258,1.12,2.25
2015.11.03 08:40:30.603,1.22241,1.22255,1.00,1.50
2015.11.03 08:40:30.706,1.22241,1.22256,1.50,1.50
2015.11.03 08:40:31.515,1.22243,1.22256,1.00,1.50
2015.11.03 08:40:34.055,1.22241,1.22256,1.50,1.50
2015.11.03 08:40:34.259,1.22239,1.22253,1.75,1.00
2015.11.03 08:40:34.770,1.22238,1.22253,1.50,1.50
2015.11.03 08:40:36.875,1.22235,1.22251,2.25,1.00
2015.11.03 08:40:36.926,1.22235,1.22248,1.50,1.00
2015.11.03 08:40:37.475,1.22232,1.22248,2.25,1.00
2015.11.03 08:40:39.561,1.22232,1.22249,1.75,1.12
2015.11.03 08:40:39.770,1.22236,1.22253,1.00,1.75
2015.11.03 08:40:39.821,1.22237,1.22253,1.00,1.50
2015.11.03 08:40:40.546,1.22245,1.2226,1.00,3.00
2015.11.03 08:40:41.057,1.22245,1.22259,1.00,1.00
2015.11.03 08:40:41.159,1.22244,1.2226,1.00,1.75
2015.11.03 08:40:41.745,1.22246,1.22262,1.00,1.75
2015.11.03 08:40:41.801,1.22246,1.22262,1.00,1.50
2015.11.03 08:40:41.955,1.22249,1.22262,1.00,1.50
2015.11.03 08:40:42.158,1.22249,1.22264,1.37,1.37
2015.11.03 08:40:42.675,1.22251,1.22267,1.00,1.75
2015.11.03 08:40:43.509,1.22258,1.22267,1.00,1.37
2015.11.03 08:40:43.561,1.22258,1.22273,1.00,1.75
2015.11.03 08:40:44.254,1.22255,1.22273,1.00,1.75
2015.11.03 08:40:44.832,1.22256,1.22273,1.50,1.50
2015.11.03 08:40:49.518,1.22259,1.22274,1.00,1.75
2015.11.03 08:40:49.569,1.22259,1.22274,1.50,1.12
2015.11.03 08:40:49.874,1.22257,1.22272,1.00,1.00
2015.11.03 08:40:49.999,1.22257,1.2227,1.00,1.00
2015.11.03 08:40:54.540,1.22254,1.22267,1.00,1.00
2015.11.03 08:40:56.981,1.22254,1.22269,1.00,1.00
2015.11.03 08:40:57.705,1.22256,1.22269,1.00,1.00
2015.11.03 08:40:57.909,1.22254,1.22269,1.50,1.00
2015.11.03 08:40:58.416,1.22254,1.2227,1.50,1.00
2015.11.03 08:40:58.982,1.22256,1.22274,1.75,1.75
2015.11.03 08:41:03.635,1.22255,1.22274,1.50,1.75
2015.11.03 08:41:04.581,1.22254,1.22274,1.12,1.75
2015.11.03 08:41:05.456,1.22255,1.22275,1.00,1.75
2015.11.03 08:41:11.487,1.22255,1.22276,2.25,1.75
2015.11.03 08:41:21.673,1.22257,1.22279,3.00,2.62
2015.11.03 08:41:21.724,1.2226,1.22275,1.00,1.00
2015.11.03 08:41:28.395,1.22253,1.22275,3.37,1.50
2015.11.03 08:41:28.836,1.22257,1.22272,1.00,1.00
2015.11.03 08:41:39.016,1.22256,1.22273,1.37,1.75
2015.11.03 08:41:39.067,1.22252,1.22272,2.25,1.75
2015.11.03 08:41:40.015,1.2225,1.2227,2.25,1.75
2015.11.03 08:41:40.330,1.22251,1.22271,1.37,1.75
2015.11.03 08:41:40.635,1.22252,1.22272,1.50,1.12
2015.11.03 08:41:40.686,1.22254,1.22269,1.00,1.00
2015.11.03 08:41:42.838,1.22259,1.22273,1.12,1.37
2015.11.03 08:41:43.060,1.22261,1.22277,1.50,1.00
2015.11.03 08:41:44.134,1.22258,1.22278,1.50,3.00
2015.11.03 08:41:44.505,1.22258,1.22276,1.37,1.37
2015.11.03 08:41:44.556,1.22257,1.22272,1.00,1.00
2015.11.03 08:41:45.322,1.22256,1.22272,1.50,1.00
2015.11.03 08:41:45.828,1.22257,1.22272,1.00,1.00
2015.11.03 08:41:46.234,1.22253,1.22273,1.50,2.25
2015.11.03 08:41:46.285,1.22253,1.22269,1.00,1.00
2015.11.03 08:41:46.438,1.22251,1.2227,1.37,2.25
2015.11.03 08:41:46.489,1.22251,1.2227,1.12,2.25
2015.11.03 08:41:47.046,1.22252,1.2227,1.50,1.75
2015.11.03 08:41:47.578,1.2225,1.22268,2.25,1.75
2015.11.03 08:41:55.143,1.2225,1.22268,2.25,1.37
2015.11.03 08:41:55.675,1.22257,1.22273,1.75,1.12
2015.11.03 08:41:57.484,1.22257,1.22272,1.75,1.00
2015.11.03 08:41:57.585,1.22254,1.2227,1.75,1.00
2015.11.03 08:41:57.636,1.22253,1.2227,3.00,1.00
2015.11.03 08:41:57.739,1.22253,1.2227,1.12,1.75
2015.11.03 08:42:04.640,1.22254,1.22269,2.10,1.50
2015.11.03 08:42:04.793,1.22262,1.22275,1.00,1.50
2015.11.03 08:42:04.896,1.22255,1.22274,1.37,1.50
2015.11.03 08:42:04.947,1.22255,1.22274,1.12,1.75
2015.11.03 08:42:06.377,1.22255,1.22275,1.37,1.37
2015.11.03 08:42:06.813,1.22256,1.22276,1.12,1.87
2015.11.03 08:42:07.588,1.22259,1.2228,1.75,1.87
2015.11.03 08:42:07.690,1.22261,1.2228,2.25,1.12
2015.11.03 08:42:13.630,1.22261,1.22279,1.75,1.00
2015.11.03 08:42:13.732,1.2226,1.22276,2.25,1.00
2015.11.03 08:42:13.885,1.22258,1.22276,2.25,1.00
2015.11.03 08:42:13.937,1.22258,1.22271,1.75,1.00
2015.11.03 08:42:25.339,1.22259,1.22273,1.75,1.00
2015.11.03 08:42:25.720,1.22259,1.22271,1.75,1.00
2015.11.03 08:42:25.771,1.22259,1.22274,1.75,1.00
2015.11.03 08:42:31.346,1.22259,1.22275,1.75,1.50
2015.11.03 08:42:31.905,1.22259,1.22274,2.25,1.00
2015.11.03 08:42:43.010,1.22256,1.22272,1.87,1.00
2015.11.03 08:42:43.061,1.22255,1.22272,2.25,1.00
2015.11.03 08:42:45.566,1.22256,1.22272,1.75,1.00
2015.11.03 08:42:45.618,1.22255,1.22272,3.37,1.00
2015.11.03 08:42:45.719,1.22257,1.22275,1.75,1.00
2015.11.03 08:42:46.534,1.22256,1.22273,1.75,1.00
2015.11.03 08:42:47.220,1.22256,1.22274,2.25,1.00
2015.11.03 08:42:47.771,1.22256,1.22273,1.75,1.50
2015.11.03 08:42:51.401,1.22253,1.2227,1.75,1.00
2015.11.03 08:42:53.842,1.22252,1.22269,2.62,1.00
2015.11.03 08:42:53.944,1.22252,1.2227,2.25,1.00
2015.11.03 08:42:54.399,1.22253,1.2227,1.75,1.00
2015.11.03 08:42:54.704,1.22254,1.22273,1.87,1.75
2015.11.03 08:42:54.807,1.22257,1.22271,1.00,1.00
2015.11.03 08:42:55.320,1.22256,1.22271,2.25,1.00
2015.11.03 08:42:56.199,1.22261,1.22271,1.00,1.00
2015.11.03 08:43:01.737,1.22261,1.22272,1.00,1.75
2015.11.03 08:43:02.278,1.22261,1.22271,1.00,2.62
2015.11.03 08:43:02.742,1.22261,1.22273,1.00,1.75
2015.11.03 08:43:03.047,1.22257,1.2227,1.00,1.75
2015.11.03 08:43:04.421,1.22257,1.22268,1.00,1.87
2015.11.03 08:43:06.344,1.22256,1.22267,1.00,2.25
2015.11.03 08:43:14.377,1.22256,1.22271,1.00,1.75
2015.11.03 08:43:14.479,1.22256,1.22271,1.12,1.00
2015.11.03 08:43:14.582,1.2226,1.22271,1.00,1.75
2015.11.03 08:43:15.118,1.22261,1.22271,1.00,1.75
2015.11.03 08:43:21.231,1.22261,1.22271,1.00,1.00
2015.11.03 08:43:23.971,1.22261,1.22275,1.50,1.00
2015.11.03 08:43:24.023,1.22265,1.22275,1.00,1.00
2015.11.03 08:43:24.963,1.22268,1.22282,1.00,2.25
2015.11.03 08:43:25.283,1.22268,1.22284,1.00,3.00
2015.11.03 08:43:25.590,1.22268,1.22283,1.00,1.87
2015.11.03 08:43:27.946,1.22271,1.22282,1.00,1.75
2015.11.03 08:43:27.997,1.22271,1.22282,1.00,1.75
2015.11.03 08:43:29.171,1.22271,1.22281,1.00,2.25
2015.11.03 08:43:29.325,1.22269,1.22281,1.00,2.25
2015.11.03 08:43:29.912,1.22267,1.2228,1.00,1.75
2015.11.03 08:43:29.963,1.22267,1.22275,1.00,1.00
2015.11.03 08:43:30.637,1.22267,1.22274,1.00,1.75
2015.11.03 08:43:32.274,1.22264,1.22268,1.00,1.00
2015.11.03 08:43:32.427,1.22261,1.22265,1.00,1.00
2015.11.03 08:43:33.135,1.2226,1.22264,1.00,1.00
2015.11.03 08:43:34.603,1.22259,1.22263,1.00,1.00
2015.11.03 08:43:34.706,1.22257,1.22262,1.00,1.00
2015.11.03 08:43:34.757,1.22254,1.22262,1.00,1.00
2015.11.03 08:43:35.590,1.22253,1.22264,1.00,1.75
2015.11.03 08:43:35.692,1.22253,1.22264,1.00,1.00
2015.11.03 08:43:35.997,1.22255,1.22264,1.00,1.00
2015.11.03 08:43:36.312,1.22255,1.22261,1.00,1.00
2015.11.03 08:43:36.813,1.22255,1.2226,1.00,1.00
2015.11.03 08:43:39.347,1.22252,1.2226,1.00,1.00
2015.11.03 08:43:39.500,1.22254,1.22263,1.00,1.12
2015.11.03 08:43:39.653,1.22258,1.22266,1.00,1.75
2015.11.03 08:43:40.029,1.2226,1.22265,1.00,1.50
2015.11.03 08:43:40.083,1.2226,1.22268,1.00,1.00
2015.11.03 08:43:40.568,1.2226,1.22266,1.00,1.00
2015.11.03 08:43:41.996,1.2226,1.22269,1.00,1.12
2015.11.03 08:43:42.149,1.2226,1.22265,1.00,1.00
2015.11.03 08:43:46.119,1.22259,1.22263,1.00,1.00
2015.11.03 08:43:49.124,1.22256,1.22262,1.00,1.00
2015.11.03 08:43:49.277,1.22256,1.22264,1.00,1.00
2015.11.03 08:43:49.379,1.22256,1.22262,1.00,1.00
2015.11.03 08:43:49.686,1.22255,1.2226,1.00,1.00
2015.11.03 08:43:50.206,1.22249,1.2226,1.00,1.50
2015.11.03 08:43:50.261,1.22249,1.22257,1.00,1.00
2015.11.03 08:43:50.414,1.22249,1.22261,1.12,1.00
2015.11.03 08:43:50.465,1.22251,1.22262,1.00,1.00
2015.11.03 08:43:51.186,1.22251,1.2226,1.00,1.00
2015.11.03 08:43:51.588,1.22256,1.2226,1.00,1.00
2015.11.03 08:43:51.639,1.22256,1.22265,1.00,1.00
2015.11.03 08:43:51.690,1.22256,1.22263,1.00,1.00
2015.11.03 08:43:52.350,1.22256,1.22266,1.00,1.00
2015.11.03 08:43:52.884,1.22256,1.22267,1.00,1.50
2015.11.03 08:43:55.020,1.22259,1.22264,1.00,1.00
2015.11.03 08:43:55.324,1.22253,1.2226,1.00,1.00
2015.11.03 08:43:56.170,1.22252,1.2226,1.00,1.00
2015.11.03 08:43:56.928,1.22252,1.22258,1.00,1.00
2015.11.03 08:43:57.533,1.22252,1.22261,1.00,1.75
2015.11.03 08:43:58.071,1.22252,1.22258,1.00,1.00
2015.11.03 08:43:58.122,1.22248,1.22258,1.00,1.00
2015.11.03 08:44:01.723,1.22247,1.22258,1.00,1.75
2015.11.03 08:44:01.977,1.22247,1.22258,1.00,1.12
2015.11.03 08:44:03.244,1.22247,1.22257,1.00,1.00
2015.11.03 08:44:04.147,1.22247,1.2226,1.00,1.75
2015.11.03 08:44:09.071,1.22247,1.22257,1.00,1.00
2015.11.03 08:44:09.173,1.22247,1.22254,1.00,1.00
2015.11.03 08:44:09.376,1.22244,1.22254,1.00,1.12
2015.11.03 08:44:09.580,1.22244,1.22254,1.00,1.75
2015.11.03 08:44:11.750,1.22246,1.2226,1.00,1.75
2015.11.03 08:44:12.157,1.22246,1.22255,1.00,1.00
2015.11.03 08:44:12.689,1.22246,1.22254,1.00,1.12
2015.11.03 08:44:12.741,1.22243,1.22254,1.00,2.25
2015.11.03 08:44:12.996,1.2224,1.22252,1.00,1.12
2015.11.03 08:44:13.763,1.2224,1.22251,1.00,1.50
2015.11.03 08:44:14.485,1.2224,1.2225,1.00,1.75
2015.11.03 08:44:15.017,1.2224,1.22245,1.00,1.00
2015.11.03 08:44:15.068,1.22233,1.22244,1.00,1.37
2015.11.03 08:44:16.187,1.22233,1.22244,1.00,1.87
2015.11.03 08:44:16.238,1.2223,1.22241,1.00,1.00
2015.11.03 08:44:17.686,1.2223,1.22243,1.00,1.00
2015.11.03 08:44:17.839,1.22232,1.22247,1.00,1.75
2015.11.03 08:44:18.144,1.22232,1.22247,1.75,1.00
2015.11.03 08:44:18.676,1.22232,1.22247,2.25,1.12
2015.11.03 08:44:19.337,1.22232,1.22245,1.50,1.00
2015.11.03 08:44:19.938,1.22232,1.22245,1.00,1.50
2015.11.03 08:44:20.244,1.22236,1.22252,1.00,1.75
2015.11.03 08:44:20.296,1.22239,1.22252,1.50,1.50
2015.11.03 08:44:20.347,1.22242,1.22252,1.00,1.50
2015.11.03 08:44:20.450,1.22245,1.22256,1.00,1.00
2015.11.03 08:44:20.501,1.22247,1.22258,1.12,1.00
2015.11.03 08:44:20.917,1.22249,1.22264,1.00,1.75
2015.11.03 08:44:20.968,1.22249,1.22264,1.12,1.12
2015.11.03 08:44:21.121,1.22252,1.22266,1.00,1.75
2015.11.03 08:44:21.326,1.22254,1.22269,1.50,1.00
2015.11.03 08:44:21.428,1.22254,1.22271,1.50,1.12
2015.11.03 08:44:21.623,1.22254,1.22272,2.25,1.00
2015.11.03 08:44:22.223,1.22259,1.22273,1.37,1.12
2015.11.03 08:44:24.953,1.22262,1.22275,1.00,1.50
2015.11.03 08:44:25.717,1.22262,1.22272,1.00,1.00
2015.11.03 08:44:26.491,1.22262,1.22274,1.00,1.37
2015.11.03 08:44:26.804,1.22259,1.22272,1.37,1.00
2015.11.03 08:44:27.699,1.22256,1.22271,1.00,1.50
2015.11.03 08:44:27.804,1.22256,1.22269,1.00,1.00
2015.11.03 08:44:28.520,1.22256,1.22271,1.00,2.25
2015.11.03 08:44:29.029,1.22256,1.2227,1.00,1.00
2015.11.03 08:44:29.549,1.22256,1.22271,1.00,1.00
2015.11.03 08:44:29.651,1.22257,1.22273,1.50,1.00
2015.11.03 08:44:30.310,1.22257,1.22275,1.75,1.12
2015.11.03 08:44:30.819,1.22257,1.22274,1.75,1.00
2015.11.03 08:44:31.125,1.22261,1.22273,1.00,1.87
2015.11.03 08:44:31.999,1.22258,1.22273,1.37,1.87
2015.11.03 08:44:33.033,1.22258,1.22271,1.37,1.00
2015.11.03 08:44:33.135,1.22258,1.2227,1.00,1.50
2015.11.03 08:44:33.439,1.22256,1.22269,1.12,1.12
2015.11.03 08:44:34.414,1.22256,1.22262,1.12,1.00
2015.11.03 08:44:34.669,1.22217,1.22232,1.75,1.00
2015.11.03 08:44:34.720,1.22216,1.22228,1.12,1.00
2015.11.03 08:44:34.975,1.22204,1.22223,1.12,3.00
2015.11.03 08:44:35.026,1.22204,1.22223,1.37,2.25
2015.11.03 08:44:35.077,1.22204,1.22223,1.75,1.50
2015.11.03 08:44:35.488,1.22204,1.2222,1.75,1.00
2015.11.03 08:44:35.542,1.22199,1.22217,1.00,1.50
2015.11.03 08:44:35.593,1.22199,1.22215,1.00,1.00
2015.11.03 08:44:35.645,1.22197,1.22215,1.00,1.00
2015.11.03 08:44:35.848,1.22195,1.22214,2.25,1.00
2015.11.03 08:44:36.255,1.22199,1.22215,1.00,1.00
2015.11.03 08:44:37.190,1.222,1.22218,1.00,1.50
2015.11.03 08:44:37.245,1.22202,1.22217,1.00,1.50
2015.11.03 08:44:37.805,1.22202,1.22216,1.00,1.00
2015.11.03 08:44:38.685,1.22202,1.22215,1.00,2.25
2015.11.03 08:44:39.188,1.22202,1.22213,1.00,1.00
2015.11.03 08:44:39.392,1.222,1.22213,1.00,1.00
2015.11.03 08:44:39.740,1.222,1.22211,1.00,1.00
2015.11.03 08:44:40.131,1.2219,1.22207,1.00,1.50
2015.11.03 08:44:40.284,1.2219,1.2221,1.00,1.50
2015.11.03 08:44:40.335,1.22191,1.22212,1.00,2.25
2015.11.03 08:44:40.895,1.22191,1.22211,1.00,1.00
2015.11.03 08:44:41.490,1.2219,1.2221,1.00,1.00
2015.11.03 08:44:41.747,1.22192,1.22211,1.50,1.00
2015.11.03 08:44:42.213,1.22199,1.2221,1.00,1.00
2015.11.03 08:44:42.265,1.222,1.22219,1.00,1.00
2015.11.03 08:44:42.367,1.22203,1.2222,1.00,1.00
2015.11.03 08:44:42.469,1.22203,1.22222,1.00,1.00
2015.11.03 08:44:42.884,1.22201,1.22222,1.50,1.50
2015.11.03 08:44:43.265,1.22203,1.22222,1.00,1.00
2015.11.03 08:44:44.227,1.22201,1.22222,1.00,1.50
2015.11.03 08:44:44.282,1.222,1.22214,1.00,1.00
2015.11.03 08:44:44.333,1.22196,1.22214,1.00,1.00
2015.11.03 08:44:44.588,1.22196,1.22212,1.50,1.00
2015.11.03 08:44:44.894,1.22195,1.22208,1.00,1.00
2015.11.03 08:44:44.995,1.22193,1.22208,1.00,1.00
2015.11.03 08:44:45.551,1.2219,1.22208,1.00,1.00
2015.11.03 08:44:46.419,1.22192,1.22208,1.00,1.00
2015.11.03 08:44:47.237,1.22189,1.22208,1.87,1.00
2015.11.03 08:44:48.571,1.2219,1.22209,1.00,1.00
2015.11.03 08:44:50.125,1.2219,1.22207,1.00,1.00
2015.11.03 08:44:50.628,1.22189,1.22207,1.12,1.00
2015.11.03 08:44:53.638,1.22189,1.22206,1.12,1.00
2015.11.03 08:44:58.817,1.22188,1.22207,1.50,1.50
2015.11.03 08:44:59.122,1.22188,1.22205,1.50,1.00
2015.11.03 08:44:59.631,1.22188,1.22206,1.00,1.00
2015.11.03 08:45:00.582,1.2219,1.22206,1.00,1.00
2015.11.03 08:45:00.753,1.22188,1.22206,2.25,1.00
2015.11.03 08:45:01.826,1.22191,1.22206,1.00,1.00
2015.11.03 08:45:01.878,1.22191,1.22208,1.00,1.00
2015.11.03 08:45:01.930,1.22193,1.22209,1.00,1.00
2015.11.03 08:45:01.981,1.22193,1.22212,1.00,1.00
2015.11.03 08:45:02.032,1.22196,1.22212,1.00,1.00
2015.11.03 08:45:02.239,1.22196,1.22214,1.00,1.00
2015.11.03 08:45:02.994,1.22196,1.22215,1.50,1.00
2015.11.03 08:45:03.045,1.22198,1.22215,1.00,1.00
2015.11.03 08:45:03.804,1.22196,1.22215,1.50,1.00
2015.11.03 08:45:05.470,1.22198,1.22215,1.00,1.00
2015.11.03 08:45:05.572,1.22196,1.22215,3.00,1.00
2015.11.03 08:45:07.207,1.22196,1.22212,1.50,1.00
2015.11.03 08:45:07.309,1.22194,1.22212,1.12,1.50
2015.11.03 08:45:07.360,1.22194,1.22209,1.12,1.00
2015.11.03 08:45:07.962,1.22191,1.22209,1.50,1.00
2015.11.03 08:45:13.553,1.22191,1.2221,1.50,1.00
2015.11.03 08:45:15.966,1.22191,1.2221,2.25,1.00
2015.11.03 08:45:18.986,1.22192,1.22209,1.75,1.00
2015.11.03 08:45:23.130,1.22193,1.22212,1.75,1.50
2015.11.03 08:45:23.651,1.22196,1.22212,1.75,1.00
2015.11.03 08:45:23.905,1.22197,1.22212,1.37,1.37
2015.11.03 08:45:24.446,1.22197,1.22212,1.75,1.00
2015.11.03 08:45:30.354,1.22196,1.22211,1.75,1.00
2015.11.03 08:45:32.551,1.22196,1.22209,1.75,1.00
2015.11.03 08:45:32.603,1.22196,1.22209,1.50,1.00
2015.11.03 08:45:32.806,1.22193,1.22211,2.25,1.00
2015.11.03 08:45:35.190,1.22198,1.22214,1.50,1.12
2015.11.03 08:45:35.445,1.22198,1.22211,2.25,1.00
2015.11.03 08:45:36.804,1.22198,1.22213,1.50,1.00
2015.11.03 08:45:37.356,1.22202,1.22214,1.12,1.00
2015.11.03 08:45:37.408,1.22204,1.22217,1.00,1.00
2015.11.03 08:45:37.994,1.22202,1.22214,1.12,3.75
2015.11.03 08:45:38.046,1.22202,1.22212,1.00,1.12
2015.11.03 08:45:38.097,1.22199,1.22213,1.00,1.12
2015.11.03 08:45:38.148,1.22199,1.22217,1.00,1.87
2015.11.03 08:45:43.015,1.22202,1.22217,1.00,1.87
2015.11.03 08:45:43.338,1.22197,1.2221,1.00,1.75
2015.11.03 08:45:43.801,1.22196,1.2221,1.00,1.87
2015.11.03 08:45:44.323,1.22195,1.2221,1.00,1.87
2015.11.03 08:45:45.933,1.22191,1.22206,1.00,1.50
2015.11.03 08:45:46.035,1.22191,1.22206,1.00,1.75
2015.11.03 08:45:48.546,1.22191,1.22205,1.00,1.00
2015.11.03 08:45:52.851,1.22191,1.22204,1.00,1.75
2015.11.03 08:45:52.903,1.22189,1.222,1.00,1.00
2015.11.03 08:45:52.955,1.22188,1.222,1.00,1.75
2015.11.03 08:45:53.057,1.22188,1.222,1.00,1.00
2015.11.03 08:45:53.161,1.22188,1.222,1.00,1.75
2015.11.03 08:45:54.747,1.22188,1.22202,1.00,1.00
2015.11.03 08:45:55.634,1.2219,1.22204,1.00,1.50
2015.11.03 08:45:58.043,1.2219,1.22208,1.37,1.50
2015.11.03 08:45:58.094,1.22193,1.22208,1.00,1.50
2015.11.03 08:45:58.903,1.22195,1.22208,1.00,1.00
2015.11.03 08:45:59.005,1.22195,1.22212,1.75,1.12
2015.11.03 08:46:01.121,1.22195,1.22212,1.75,1.00
2015.11.03 08:46:01.630,1.22195,1.22213,1.75,1.00
2015.11.03 08:46:06.602,1.22195,1.22212,1.75,1.00
2015.11.03 08:46:07.805,1.22197,1.22213,1.75,1.00
2015.11.03 08:46:07.958,1.22203,1.22217,1.00,1.00
2015.11.03 08:46:08.010,1.22203,1.22215,1.00,1.00
2015.11.03 08:46:09.887,1.22203,1.22217,1.00,1.50
2015.11.03 08:46:10.717,1.22203,1.22218,1.00,1.50
2015.11.03 08:46:11.224,1.22204,1.22218,1.00,1.00
2015.11.03 08:46:11.427,1.22204,1.22224,1.87,1.75
2015.11.03 08:46:11.478,1.22204,1.22223,2.25,1.75
2015.11.03 08:46:12.303,1.22206,1.22223,2.25,1.00
2015.11.03 08:46:12.814,1.22207,1.22225,1.75,1.50
2015.11.03 08:46:15.541,1.22207,1.22223,1.75,1.00
2015.11.03 08:46:16.053,1.22204,1.22222,3.00,1.00
2015.11.03 08:46:16.501,1.22206,1.22224,1.75,1.12
2015.11.03 08:46:17.010,1.22206,1.22223,2.25,1.00
2015.11.03 08:46:18.317,1.22206,1.22223,2.25,1.00
2015.11.03 08:46:19.174,1.22206,1.22224,1.75,2.62
2015.11.03 08:46:19.600,1.22206,1.22222,1.75,1.00
2015.11.03 08:46:19.885,1.22205,1.22222,1.50,1.50
2015.11.03 08:46:20.808,1.22204,1.22219,1.75,1.00
2015.11.03 08:46:21.321,1.22202,1.2222,2.25,1.50
2015.11.03 08:46:25.530,1.22209,1.2222,1.00,1.00
2015.11.03 08:46:25.734,1.22202,1.22219,1.75,1.00
2015.11.03 08:46:28.054,1.22202,1.22217,1.75,1.00
2015.11.03 08:46:28.948,1.22202,1.22215,1.75,1.00
2015.11.03 08:46:29.258,1.22202,1.22215,1.12,1.00
2015.11.03 08:46:29.924,1.222,1.22214,1.75,1.00
2015.11.03 08:46:30.380,1.222,1.22216,1.75,1.00
2015.11.03 08:46:31.189,1.222,1.22215,1.75,1.00
2015.11.03 08:46:33.598,1.222,1.2221,1.75,1.00
2015.11.03 08:46:33.751,1.22198,1.22207,1.50,1.00
2015.11.03 08:46:33.954,1.2219,1.22207,1.75,1.87
2015.11.03 08:46:34.543,1.2219,1.22205,1.75,1.00
2015.11.03 08:46:34.863,1.2219,1.22207,2.25,1.00
2015.11.03 08:46:39.195,1.22193,1.22212,2.25,1.37
2015.11.03 08:46:39.246,1.22198,1.22212,1.00,1.00
2015.11.03 08:46:39.765,1.22198,1.2221,1.00,1.00
2015.11.03 08:46:40.697,1.22198,1.22213,1.00,3.00
2015.11.03 08:46:40.748,1.22198,1.22211,1.00,1.00
2015.11.03 08:46:41.277,1.22195,1.22209,1.75,1.00
2015.11.03 08:46:41.899,1.22195,1.2221,1.75,1.00
2015.11.03 08:46:42.438,1.22195,1.22209,1.75,1.00
2015.11.03 08:46:43.640,1.22193,1.22207,1.75,1.00
2015.11.03 08:46:44.094,1.22195,1.2221,1.50,1.12
2015.11.03 08:46:44.146,1.22195,1.2221,1.50,1.00
2015.11.03 08:46:45.302,1.22195,1.22211,1.75,1.00
2015.11.03 08:46:47.111,1.22195,1.22213,2.25,1.00
2015.11.03 08:46:48.605,1.22196,1.22209,1.75,1.00
2015.11.03 08:46:49.147,1.22193,1.2221,1.75,1.00
2015.11.03 08:46:51.245,1.22193,1.22208,1.75,1.00
2015.11.03 08:46:52.071,1.22193,1.2221,1.75,1.00
2015.11.03 08:46:52.530,1.22196,1.2221,1.00,1.00
2015.11.03 08:46:54.430,1.22196,1.22211,1.00,1.50
2015.11.03 08:46:54.586,1.22194,1.22213,2.62,1.37
2015.11.03 08:46:54.638,1.22194,1.22213,3.00,1.00
2015.11.03 08:46:55.158,1.22203,1.22222,1.75,1.50
2015.11.03 08:46:55.362,1.22209,1.22227,1.75,2.25
2015.11.03 08:46:55.516,1.22211,1.22227,1.75,1.00
2015.11.03 08:46:56.503,1.2221,1.22225,1.75,1.00
2015.11.03 08:46:56.707,1.22209,1.22223,2.25,1.00
2015.11.03 08:46:56.911,1.22209,1.22223,1.00,1.00
2015.11.03 08:46:56.962,1.22209,1.2222,1.00,1.00
2015.11.03 08:46:57.268,1.22209,1.22218,1.00,1.00
2015.11.03 08:46:57.705,1.22203,1.22216,1.50,1.00
2015.11.03 08:46:57.756,1.22202,1.22215,1.75,1.00
2015.11.03 08:46:57.971,1.22201,1.22217,1.75,1.00
2015.11.03 08:46:58.023,1.22201,1.22217,1.87,1.12
2015.11.03 08:46:58.075,1.22201,1.22217,1.87,1.00
2015.11.03 08:46:58.977,1.22201,1.22217,1.75,1.00
2015.11.03 08:47:00.024,1.22201,1.22215,1.75,1.00
2015.11.03 08:47:00.676,1.22201,1.22214,1.75,1.00
2015.11.03 08:47:01.324,1.22201,1.22216,1.75,1.00
2015.11.03 08:47:01.477,1.22201,1.22214,1.75,1.00
2015.11.03 08:47:02.492,1.22201,1.22213,1.75,1.00
2015.11.03 08:47:02.746,1.22199,1.22212,1.12,1.00
2015.11.03 08:47:02.797,1.22199,1.22212,1.37,1.00
2015.11.03 08:47:03.237,1.22199,1.2221,1.75,1.00
2015.11.03 08:47:04.399,1.22197,1.2221,1.75,1.00
2015.11.03 08:47:05.219,1.22197,1.2221,1.75,1.00
2015.11.03 08:47:08.617,1.22198,1.22209,1.75,1.00
2015.11.03 08:47:10.396,1.22198,1.22209,1.37,1.12
2015.11.03 08:47:10.808,1.22197,1.22209,1.50,1.12
2015.11.03 08:47:12.112,1.22198,1.22209,1.00,1.12
2015.11.03 08:47:12.215,1.22196,1.22209,1.12,1.12
2015.11.03 08:47:18.423,1.22195,1.22209,1.50,1.00
2015.11.03 08:47:19.045,1.22194,1.22212,2.25,1.37
2015.11.03 08:47:19.148,1.22193,1.22209,1.50,1.87
2015.11.03 08:47:19.510,1.22193,1.22209,1.00,2.25
2015.11.03 08:47:20.007,1.22191,1.22208,1.12,2.25
2015.11.03 08:47:21.067,1.22192,1.22208,1.00,2.25
2015.11.03 08:47:21.622,1.22191,1.22208,1.87,2.25
2015.11.03 08:47:22.190,1.2219,1.22198,1.50,1.00
2015.11.03 08:47:22.293,1.22184,1.22194,1.00,1.00
2015.11.03 08:47:22.395,1.22179,1.22194,1.50,1.00
2015.11.03 08:47:22.446,1.22179,1.22194,1.87,1.00
2015.11.03 08:47:22.599,1.22181,1.22193,1.00,1.00
2015.11.03 08:47:25.983,1.22181,1.22191,1.00,1.00
2015.11.03 08:47:26.414,1.22176,1.22184,1.87,1.00
2015.11.03 08:47:26.466,1.22165,1.22179,1.00,1.00
2015.11.03 08:47:26.517,1.22163,1.22179,1.00,1.00
2015.11.03 08:47:27.677,1.22163,1.22176,1.00,1.00
2015.11.03 08:47:27.729,1.2216,1.22176,1.00,1.00
2015.11.03 08:47:27.780,1.2216,1.22178,1.00,1.00
2015.11.03 08:47:27.832,1.2216,1.2218,1.00,1.00
2015.11.03 08:47:27.934,1.22163,1.22182,1.00,1.50
2015.11.03 08:47:28.241,1.22165,1.22184,1.00,1.50
2015.11.03 08:47:28.854,1.22166,1.22186,1.50,1.00
2015.11.03 08:47:28.906,1.22166,1.22184,1.00,1.00
2015.11.03 08:47:29.412,1.22167,1.22183,1.00,1.00
2015.11.03 08:47:29.598,1.22165,1.22184,1.87,1.00
2015.11.03 08:47:30.281,1.22168,1.22187,1.50,1.00
2015.11.03 08:47:31.938,1.22168,1.22184,1.50,1.00
2015.11.03 08:47:32.142,1.22166,1.22184,1.00,1.00
2015.11.03 08:47:32.598,1.22165,1.22182,1.12,1.00
2015.11.03 08:47:33.133,1.22165,1.22181,1.12,1.00
2015.11.03 08:47:33.286,1.22165,1.22183,1.12,1.00
2015.11.03 08:47:34.076,1.22165,1.22181,1.12,1.00
2015.11.03 08:47:36.232,1.22161,1.22181,1.87,1.00
2015.11.03 08:47:36.743,1.22162,1.22181,1.00,1.00
2015.11.03 08:47:37.502,1.22161,1.22181,1.00,1.00
2015.11.03 08:47:38.023,1.22162,1.22181,1.00,1.00
2015.11.03 08:47:38.553,1.22161,1.2218,1.00,1.50
2015.11.03 08:47:38.604,1.22157,1.22174,1.00,1.00
2015.11.03 08:47:38.759,1.22154,1.22174,1.37,1.00
2015.11.03 08:47:39.272,1.22156,1.22174,1.00,1.00
2015.11.03 08:47:39.820,1.22157,1.22174,1.00,1.00
2015.11.03 08:47:40.394,1.22159,1.22174,1.00,1.00
2015.11.03 08:47:40.608,1.22157,1.22174,1.00,1.00
2015.11.03 08:47:43.771,1.22157,1.22175,1.00,1.00
2015.11.03 08:47:44.160,1.22155,1.22175,1.00,1.00
2015.11.03 08:47:45.277,1.22155,1.22176,1.50,1.00
2015.11.03 08:47:45.790,1.22155,1.22177,2.25,1.00
2015.11.03 08:47:46.301,1.22156,1.22177,1.00,1.50
2015.11.03 08:47:47.547,1.22155,1.22177,1.50,1.00
2015.11.03 08:47:47.661,1.22158,1.22178,1.00,1.50
2015.11.03 08:47:47.970,1.2216,1.22179,1.12,1.00
2015.11.03 08:47:48.022,1.2216,1.22181,1.00,1.50
2015.11.03 08:47:48.073,1.2216,1.22181,1.37,1.87
2015.11.03 08:47:48.682,1.2216,1.22181,1.75,2.25
2015.11.03 08:47:53.791,1.2216,1.2218,1.50,2.25
2015.11.03 08:47:54.096,1.2218,1.22195,1.50,1.00
2015.11.03 08:47:54.489,1.22189,1.22199,1.00,1.12
2015.11.03 08:47:54.544,1.22192,1.2221,1.00,1.00
2015.11.03 08:47:54.595,1.22189,1.2221,1.50,1.00
2015.11.03 08:47:54.646,1.22192,1.2221,1.00,1.00
2015.11.03 08:47:54.748,1.22192,1.22212,1.00,1.00
2015.11.03 08:47:54.901,1.22192,1.22209,1.00,1.00
2015.11.03 08:47:55.130,1.22192,1.22212,1.00,1.00
2015.11.03 08:47:55.658,1.22193,1.22213,1.00,1.50
2015.11.03 08:47:56.198,1.22194,1.22213,1.00,1.50
2015.11.03 08:47:57.527,1.22193,1.22213,1.50,2.25
2015.11.03 08:47:59.013,1.22193,1.22211,1.00,1.00
2015.11.03 08:47:59.546,1.22192,1.22211,1.00,1.50
2015.11.03 08:48:00.422,1.22193,1.22211,1.00,1.50
2015.11.03 08:48:00.880,1.22193,1.22209,1.00,1.00
2015.11.03 08:48:00.931,1.22191,1.22209,1.00,1.00
2015.11.03 08:48:01.236,1.2219,1.22207,1.50,1.00
2015.11.03 08:48:01.739,1.22189,1.22206,1.00,1.00
2015.11.03 08:48:02.434,1.22191,1.22207,1.00,1.00
2015.11.03 08:48:02.929,1.22189,1.22206,1.00,1.00
2015.11.03 08:48:03.476,1.2219,1.22206,1.00,1.00
2015.11.03 08:48:03.991,1.22189,1.22206,1.00,1.00
2015.11.03 08:48:04.143,1.22189,1.22204,1.00,1.00
2015.11.03 08:48:04.659,1.22188,1.22205,1.00,1.50
2015.11.03 08:48:05.193,1.22187,1.22205,1.00,1.50
2015.11.03 08:48:06.032,1.22186,1.22202,1.50,1.00
2015.11.03 08:48:06.620,1.22186,1.22203,1.50,1.50
2015.11.03 08:48:07.414,1.22186,1.22202,1.00,1.00
2015.11.03 08:48:08.395,1.22185,1.22202,1.00,1.00
2015.11.03 08:48:08.857,1.22185,1.222,1.00,1.00
2015.11.03 08:48:09.609,1.22184,1.22201,1.50,1.00
2015.11.03 08:48:10.426,1.22185,1.22201,1.00,1.00
2015.11.03 08:48:11.132,1.22185,1.22202,1.00,1.00
2015.11.03 08:48:11.660,1.22186,1.22201,1.00,1.00
2015.11.03 08:48:12.216,1.22187,1.22202,1.00,1.00
2015.11.03 08:48:12.768,1.22186,1.22202,1.00,1.00
2015.11.03 08:48:13.941,1.22186,1.22203,1.00,1.00
2015.11.03 08:48:14.246,1.2219,1.22204,1.00,1.50
2015.11.03 08:48:14.939,1.22191,1.22203,1.00,1.00
2015.11.03 08:48:15.516,1.2219,1.22203,1.00,1.00
2015.11.03 08:48:15.834,1.2219,1.22201,1.00,1.00
2015.11.03 08:48:15.936,1.22187,1.22201,1.00,1.00
2015.11.03 08:48:16.500,1.22187,1.222,1.00,1.00
2015.11.03 08:48:16.902,1.22185,1.222,1.00,1.50
2015.11.03 08:48:17.105,1.22184,1.22197,1.00,1.00
2015.11.03 08:48:17.207,1.22184,1.22199,1.00,1.00
2015.11.03 08:48:17.308,1.22183,1.22197,1.00,1.00
2015.11.03 08:48:17.751,1.22182,1.22201,1.00,1.00
2015.11.03 08:48:18.293,1.22183,1.22201,1.00,1.50
2015.11.03 08:48:19.665,1.22183,1.22199,1.00,1.00
2015.11.03 08:48:19.767,1.22183,1.22201,1.00,1.00
2015.11.03 08:48:24.555,1.22183,1.22198,1.00,1.00
2015.11.03 08:48:24.606,1.22179,1.22198,1.12,1.00
2015.11.03 08:48:24.911,1.22177,1.22197,2.25,1.50
2015.11.03 08:48:25.725,1.22178,1.22197,1.00,1.00
2015.11.03 08:48:26.046,1.22182,1.22197,1.00,1.00
2015.11.03 08:48:26.097,1.22182,1.22199,1.00,1.12
2015.11.03 08:48:26.610,1.22183,1.222,1.00,1.00
2015.11.03 08:48:26.864,1.22183,1.22198,1.00,1.00
2015.11.03 08:48:27.302,1.22181,1.222,1.00,1.00
2015.11.03 08:48:27.455,1.22183,1.22201,1.00,1.00
2015.11.03 08:48:27.759,1.22185,1.22201,1.00,1.00
2015.11.03 08:48:27.861,1.22185,1.22203,1.00,1.00
2015.11.03 08:48:28.014,1.22183,1.222,1.00,1.00
2015.11.03 08:48:28.542,1.22181,1.22197,1.00,1.00
2015.11.03 08:48:29.074,1.22182,1.22197,1.00,1.00
2015.11.03 08:48:30.379,1.2218,1.22197,1.00,1.00
2015.11.03 08:48:30.534,1.22182,1.22197,1.00,1.00
2015.11.03 08:48:30.687,1.22182,1.22199,1.50,1.00
2015.11.03 08:48:30.891,1.22182,1.22197,1.00,1.00
2015.11.03 08:48:30.942,1.2218,1.22197,1.50,1.00
2015.11.03 08:48:31.681,1.22178,1.22197,1.00,1.00
2015.11.03 08:48:34.625,1.22181,1.22197,1.00,1.00
2015.11.03 08:48:34.952,1.2218,1.22199,1.00,1.00
2015.11.03 08:48:35.582,1.22179,1.22197,1.00,1.00
2015.11.03 08:48:36.333,1.22179,1.222,1.50,1.50
2015.11.03 08:48:37.792,1.22179,1.22198,1.50,1.00
2015.11.03 08:48:38.685,1.2218,1.22198,1.00,1.00
2015.11.03 08:48:39.232,1.22183,1.222,1.00,1.00
2015.11.03 08:48:39.538,1.22192,1.22208,1.00,1.75
2015.11.03 08:48:39.641,1.22192,1.2221,1.37,1.75
2015.11.03 08:48:40.465,1.22193,1.22208,1.00,1.50
2015.11.03 08:48:41.089,1.22193,1.22206,1.00,1.00
2015.11.03 08:48:42.344,1.2219,1.22206,1.50,1.37
2015.11.03 08:48:42.447,1.2219,1.22206,1.12,1.75
2015.11.03 08:48:49.145,1.22188,1.22209,3.60,2.25
2015.11.03 08:48:49.247,1.22193,1.22208,1.12,1.00
2015.11.03 08:48:49.349,1.22193,1.22213,1.87,1.75
2015.11.03 08:48:49.715,1.22193,1.22213,2.25,1.75
2015.11.03 08:48:50.650,1.22194,1.22209,1.12,1.00
2015.11.03 08:48:51.472,1.22194,1.22208,1.12,1.00
2015.11.03 08:48:51.750,1.22195,1.22214,1.00,3.00
2015.11.03 08:48:52.057,1.22195,1.22214,1.37,3.00
2015.11.03 08:48:52.731,1.22197,1.22212,1.00,1.00
2015.11.03 08:48:54.517,1.22197,1.22208,1.00,1.00
2015.11.03 08:48:55.580,1.22197,1.22209,1.00,1.00
2015.11.03 08:48:56.468,1.22197,1.22212,1.50,1.00
2015.11.03 08:48:56.621,1.22197,1.22208,1.50,1.00
2015.11.03 08:48:57.794,1.22197,1.22204,1.00,1.00
2015.11.03 08:48:58.051,1.22194,1.22204,1.37,1.00
2015.11.03 08:48:58.153,1.22193,1.22208,1.50,1.12
2015.11.03 08:48:58.255,1.22193,1.22203,1.50,1.00
2015.11.03 08:48:58.963,1.22193,1.22207,1.50,1.00
2015.11.03 08:49:00.240,1.22192,1.22208,1.75,1.12
2015.11.03 08:49:00.791,1.22193,1.22203,1.50,1.00
2015.11.03 08:49:01.302,1.22192,1.22204,1.00,1.00
2015.11.03 08:49:01.403,1.22192,1.22204,1.00,1.75
2015.11.03 08:49:02.192,1.22191,1.22204,1.00,1.75
2015.11.03 08:49:02.513,1.22191,1.22199,1.00,1.00
2015.11.03 08:49:02.564,1.22188,1.22199,1.50,1.00
2015.11.03 08:49:02.667,1.22186,1.22198,1.00,1.00
2015.11.03 08:49:03.469,1.22187,1.22199,1.00,1.12
2015.11.03 08:49:03.727,1.22188,1.22205,1.00,1.75
2015.11.03 08:49:03.829,1.22186,1.22206,1.12,1.75
2015.11.03 08:49:04.688,1.22187,1.22206,1.00,1.75
2015.11.03 08:49:06.221,1.22187,1.22206,1.75,1.12
2015.11.03 08:49:08.769,1.22187,1.22205,1.75,1.00
2015.11.03 08:49:09.297,1.22187,1.22207,1.75,2.25
2015.11.03 08:49:10.453,1.22187,1.22205,1.75,1.00
2015.11.03 08:49:11.210,1.22188,1.22204,1.12,1.75
2015.11.03 08:49:13.882,1.22191,1.22206,1.00,1.75
2015.11.03 08:49:14.338,1.22189,1.22204,1.00,1.75
2015.11.03 08:49:16.178,1.22191,1.22205,1.00,2.25
2015.11.03 08:49:16.280,1.22187,1.22205,1.50,2.25
2015.11.03 08:49:17.309,1.22186,1.22201,1.00,1.75
2015.11.03 08:49:18.649,1.22187,1.22201,1.00,1.75
2015.11.03 08:49:19.276,1.22186,1.22201,1.00,1.75
2015.11.03 08:49:21.179,1.22187,1.22201,1.00,1.75
2015.11.03 08:49:22.300,1.22186,1.22201,1.00,1.75
2015.11.03 08:49:24.042,1.22185,1.22202,1.00,1.75
2015.11.03 08:49:24.621,1.22186,1.22202,1.00,1.75
2015.11.03 08:49:25.450,1.22185,1.222,1.00,1.50
2015.11.03 08:49:26.780,1.22184,1.22199,1.00,1.50
2015.11.03 08:49:27.313,1.22183,1.222,1.37,1.50
2015.11.03 08:49:29.028,1.22184,1.22198,1.00,1.75
2015.11.03 08:49:29.130,1.2218,1.22197,1.75,1.75
2015.11.03 08:49:29.233,1.22182,1.22197,1.12,1.75
2015.11.03 08:49:29.715,1.22182,1.22197,2.85,1.75
2015.11.03 08:49:29.767,1.22188,1.22203,1.00,1.00
2015.11.03 08:49:30.937,1.2219,1.22203,1.00,1.00
2015.11.03 08:49:32.402,1.22188,1.22204,1.00,1.50
2015.11.03 08:49:32.453,1.22189,1.22198,1.00,1.00
2015.11.03 08:49:32.555,1.22189,1.22204,1.00,2.25
2015.11.03 08:49:32.811,1.22187,1.22199,1.00,1.37
2015.11.03 08:49:33.115,1.22185,1.22198,1.00,1.50
2015.11.03 08:49:34.091,1.22181,1.22198,1.50,1.50
2015.11.03 08:49:35.636,1.22177,1.22193,1.75,1.00
2015.11.03 08:49:35.687,1.22179,1.22193,1.00,1.00
2015.11.03 08:49:35.739,1.22179,1.22189,1.00,1.00
2015.11.03 08:49:35.943,1.22175,1.22188,1.12,1.12
2015.11.03 08:49:36.046,1.22175,1.22188,1.00,1.75
2015.11.03 08:49:36.776,1.22176,1.22186,1.00,1.00
2015.11.03 08:49:37.215,1.22177,1.22193,1.37,1.37
2015.11.03 08:49:37.318,1.22181,1.22194,1.37,1.00
2015.11.03 08:49:37.623,1.22177,1.22197,3.00,1.37
2015.11.03 08:49:38.043,1.22177,1.22197,2.25,1.75
2015.11.03 08:49:43.049,1.2218,1.22197,1.00,1.75
2015.11.03 08:49:44.405,1.22181,1.22199,1.00,1.75
2015.11.03 08:49:46.414,1.22179,1.22198,2.62,1.75
2015.11.03 08:49:48.327,1.22179,1.22198,3.00,1.50
2015.11.03 08:49:48.832,1.22182,1.22202,1.00,1.75
2015.11.03 08:49:51.119,1.22181,1.22202,1.87,1.75
2015.11.03 08:49:51.662,1.22182,1.22202,1.00,1.75
2015.11.03 08:49:51.763,1.22182,1.22202,1.75,1.75
2015.11.03 08:49:53.205,1.22186,1.22203,1.00,1.75
2015.11.03 08:49:53.615,1.22185,1.22197,1.00,1.75
2015.11.03 08:49:53.768,1.22183,1.22199,1.00,1.87
2015.11.03 08:49:54.292,1.22182,1.22199,1.00,2.62
2015.11.03 08:49:56.576,1.22185,1.22199,1.00,1.87
2015.11.03 08:49:56.781,1.22189,1.22204,1.00,1.75
2015.11.03 08:49:56.888,1.22189,1.22206,1.50,1.37
2015.11.03 08:49:57.195,1.22187,1.22203,2.25,1.00
2015.11.03 08:49:57.247,1.22187,1.22203,1.87,1.50
2015.11.03 08:49:58.571,1.22187,1.22203,2.10,1.00
2015.11.03 08:49:58.623,1.2219,1.22208,3.00,1.75
2015.11.03 08:49:59.032,1.2219,1.22208,3.00,1.00
2015.11.03 08:49:59.550,1.22191,1.22209,3.00,1.12
2015.11.03 08:50:00.210,1.22192,1.22208,1.75,1.00
2015.11.03 08:50:00.604,1.22193,1.22209,1.12,1.75
2015.11.03 08:50:01.769,1.22191,1.22204,1.00,1.00
2015.11.03 08:50:01.821,1.22189,1.22204,1.00,1.50
2015.11.03 08:50:01.873,1.22188,1.22204,1.00,2.25
2015.11.03 08:50:02.182,1.2219,1.22203,1.50,1.50
2015.11.03 08:50:02.512,1.22187,1.22201,1.00,2.25
2015.11.03 08:50:04.496,1.22183,1.22193,1.12,1.00
2015.11.03 08:50:04.599,1.22183,1.22198,1.12,3.00
2015.11.03 08:50:05.056,1.22185,1.22203,1.00,2.62
2015.11.03 08:50:05.429,1.22185,1.22202,1.37,1.50
2015.11.03 08:50:05.485,1.22188,1.22198,1.00,1.00
2015.11.03 08:50:05.993,1.22188,1.22199,1.50,1.00
2015.11.03 08:50:06.565,1.2219,1.22199,1.00,1.00
2015.11.03 08:50:06.720,1.2219,1.22206,2.25,1.00
2015.11.03 08:50:06.824,1.2219,1.22204,1.75,1.00
2015.11.03 08:50:07.134,1.22189,1.22196,1.00,1.00
2015.11.03 08:50:07.186,1.22185,1.22196,1.00,1.50
2015.11.03 08:50:07.702,1.22184,1.22195,1.00,1.37
2015.11.03 08:50:08.316,1.22184,1.22193,1.00,1.00
2015.11.03 08:50:08.833,1.22185,1.22193,1.00,1.00
2015.11.03 08:50:08.936,1.22185,1.2219,1.00,1.00
2015.11.03 08:50:09.090,1.22175,1.2219,1.00,1.00
2015.11.03 08:50:09.193,1.22175,1.22192,1.00,1.75
2015.11.03 08:50:09.763,1.22182,1.22192,1.00,2.25
2015.11.03 08:50:09.815,1.22175,1.22192,1.00,1.75
2015.11.03 08:50:10.993,1.22175,1.22186,1.00,1.75
2015.11.03 08:50:11.446,1.22175,1.22183,1.00,2.25
2015.11.03 08:50:11.498,1.22164,1.22179,1.75,1.00
2015.11.03 08:50:11.602,1.22165,1.22183,1.12,2.25
2015.11.03 08:50:12.033,1.22165,1.22177,1.50,1.00
2015.11.03 08:50:12.344,1.22172,1.22177,1.00,1.00
2015.11.03 08:50:12.396,1.22169,1.22177,1.00,1.00
2015.11.03 08:50:12.447,1.22171,1.22186,1.00,3.00
2015.11.03 08:50:12.499,1.22175,1.22186,1.00,1.75
2015.11.03 08:50:13.009,1.22181,1.22195,1.00,1.75
2015.11.03 08:50:13.324,1.22179,1.22196,1.00,1.75
2015.11.03 08:50:13.629,1.22181,1.22193,1.00,1.75
2015.11.03 08:50:14.479,1.22182,1.22194,1.00,1.00
2015.11.03 08:50:15.698,1.22184,1.22194,1.00,1.00
2015.11.03 08:50:15.800,1.22182,1.22194,1.00,1.00
2015.11.03 08:50:16.207,1.22186,1.22194,1.00,1.00
2015.11.03 08:50:16.621,1.22191,1.22195,1.00,1.00
2015.11.03 08:50:16.672,1.22195,1.2221,1.00,1.00
2015.11.03 08:50:16.825,1.22197,1.2221,1.00,1.00
2015.11.03 08:50:17.030,1.22199,1.22218,1.12,1.75
2015.11.03 08:50:17.335,1.22198,1.22216,1.00,1.12
2015.11.03 08:50:17.437,1.22198,1.22218,1.75,2.25
2015.11.03 08:50:18.101,1.22201,1.2222,1.00,1.75
2015.11.03 08:50:18.561,1.22203,1.22218,1.50,1.12
2015.11.03 08:50:19.123,1.22199,1.22217,1.00,1.75
2015.11.03 08:50:19.225,1.22194,1.22213,3.75,1.37
2015.11.03 08:50:19.277,1.22194,1.22213,3.00,1.75
2015.11.03 08:50:19.328,1.22194,1.22206,1.00,1.00
2015.11.03 08:50:19.532,1.22192,1.22206,1.00,1.00
2015.11.03 08:50:20.493,1.22205,1.22222,1.00,1.75
2015.11.03 08:50:20.544,1.22205,1.22223,1.12,1.75
2015.11.03 08:50:20.646,1.22205,1.22223,1.75,1.75
2015.11.03 08:50:21.847,1.22204,1.2222,1.00,1.00
2015.11.03 08:50:22.984,1.22205,1.2222,1.00,1.00
2015.11.03 08:50:23.390,1.22208,1.2222,1.00,1.00
2015.11.03 08:50:24.585,1.22209,1.22227,1.00,2.25
2015.11.03 08:50:25.140,1.22206,1.22226,1.75,1.75
2015.11.03 08:50:25.394,1.22203,1.22223,1.50,1.75
2015.11.03 08:50:27.531,1.22206,1.22223,1.00,1.75
2015.11.03 08:50:27.685,1.22206,1.22225,1.50,1.75
2015.11.03 08:50:27.787,1.22209,1.22225,1.00,1.50
2015.11.03 08:50:28.528,1.22209,1.22224,1.00,1.00
2015.11.03 08:50:31.360,1.22204,1.22222,1.75,1.50
2015.11.03 08:50:31.464,1.22203,1.22221,1.50,1.75
2015.11.03 08:50:33.583,1.22204,1.22221,1.75,1.00
2015.11.03 08:50:34.421,1.22204,1.22224,1.75,2.25
2015.11.03 08:50:36.042,1.22207,1.22223,1.00,1.50
2015.11.03 08:50:36.552,1.22208,1.22227,1.00,3.00
2015.11.03 08:50:37.115,1.22211,1.22227,1.12,1.50
2015.11.03 08:50:38.210,1.2221,1.22219,1.37,1.00
2015.11.03 08:50:38.315,1.2221,1.22226,1.00,1.75
2015.11.03 08:50:38.418,1.2221,1.22226,1.37,1.37
2015.11.03 08:50:38.521,1.2221,1.22228,1.50,1.75
2015.11.03 08:50:38.675,1.22216,1.22227,1.00,1.00
2015.11.03 08:50:38.778,1.22216,1.22229,1.00,1.12
2015.11.03 08:50:38.830,1.22216,1.22229,1.37,1.12
2015.11.03 08:50:41.062,1.22218,1.22231,1.50,1.00
2015.11.03 08:50:42.171,1.22218,1.22229,1.50,1.00
2015.11.03 08:50:42.274,1.22218,1.22232,1.50,1.00
2015.11.03 08:50:42.957,1.22218,1.22234,1.75,1.00
2015.11.03 08:50:43.313,1.22222,1.22234,1.75,1.00
2015.11.03 08:50:43.824,1.22222,1.22238,1.75,1.00
2015.11.03 08:50:44.637,1.22225,1.22239,1.12,1.00
2015.11.03 08:50:44.996,1.22227,1.22242,1.00,1.75
2015.11.03 08:50:45.251,1.22228,1.22243,1.00,1.00
2015.11.03 08:50:45.302,1.22227,1.22246,3.00,1.37
2015.11.03 08:50:45.795,1.22226,1.22242,1.75,1.00
2015.11.03 08:50:46.563,1.22226,1.22238,1.75,1.00
2015.11.03 08:50:48.871,1.22223,1.22242,2.25,1.50
2015.11.03 08:50:49.227,1.22223,1.22238,1.75,1.00
2015.11.03 08:50:49.818,1.22223,1.22238,1.75,1.00
2015.11.03 08:50:50.111,1.22223,1.22238,1.75,1.00
2015.11.03 08:50:50.213,1.22223,1.22242,1.75,3.00
2015.11.03 08:50:51.513,1.22223,1.2224,1.75,1.00
2015.11.03 08:50:51.965,1.22223,1.22238,1.75,1.00
2015.11.03 08:50:52.438,1.22223,1.22235,1.37,1.50
2015.11.03 08:50:52.491,1.22218,1.22235,1.87,2.25
2015.11.03 08:50:52.544,1.22218,1.22235,1.75,2.25
2015.11.03 08:50:53.664,1.22218,1.22234,1.75,1.00
2015.11.03 08:50:55.578,1.22217,1.22236,2.25,1.12
2015.11.03 08:50:56.871,1.22225,1.2224,1.00,1.75
2015.11.03 08:50:56.922,1.22225,1.2224,1.37,1.37
2015.11.03 08:50:56.973,1.22225,1.22241,1.75,1.00
2015.11.03 08:50:57.817,1.22225,1.22239,1.75,1.00
2015.11.03 08:50:58.339,1.22225,1.22239,1.00,1.50
2015.11.03 08:50:58.441,1.22227,1.22243,1.00,3.00
2015.11.03 08:50:58.595,1.22227,1.22244,1.00,1.75
2015.11.03 08:50:58.646,1.22227,1.22244,1.37,1.75
2015.11.03 08:50:58.748,1.22228,1.22244,1.37,1.12
2015.11.03 08:50:59.258,1.22226,1.22244,1.75,1.37
2015.11.03 08:50:59.310,1.22226,1.22244,1.50,1.75
2015.11.03 08:50:59.821,1.22229,1.22245,1.50,2.25
2015.11.03 08:50:59.976,1.22232,1.22246,1.00,1.00
2015.11.03 08:51:00.232,1.22228,1.22246,2.25,1.37
2015.11.03 08:51:00.532,1.22229,1.22246,1.12,1.75
2015.11.03 08:51:01.195,1.22225,1.22241,1.75,1.00
2015.11.03 08:51:01.499,1.22224,1.22234,1.00,1.00
2015.11.03 08:51:01.703,1.22214,1.22232,2.25,1.12
2015.11.03 08:51:01.754,1.22214,1.22228,1.75,1.50
2015.11.03 08:51:02.207,1.22218,1.22223,1.00,1.00
2015.11.03 08:51:02.262,1.22218,1.22225,1.00,1.00
2015.11.03 08:51:02.779,1.22218,1.22226,1.00,1.00
2015.11.03 08:51:02.830,1.22218,1.22228,1.00,1.00
2015.11.03 08:51:02.882,1.22218,1.2223,1.50,1.00
2015.11.03 08:51:02.933,1.22218,1.22232,1.50,1.00
2015.11.03 08:51:03.437,1.22218,1.22233,1.50,2.25
2015.11.03 08:51:05.266,1.22214,1.22225,1.37,1.00
2015.11.03 08:51:05.318,1.2221,1.22225,2.25,1.00
2015.11.03 08:51:05.420,1.22209,1.22223,1.75,1.00
2015.11.03 08:51:05.472,1.22209,1.22223,1.37,1.12
2015.11.03 08:51:05.729,1.22214,1.22227,1.00,1.00
2015.11.03 08:51:06.034,1.22214,1.22231,1.87,1.87
2015.11.03 08:51:06.549,1.2222,1.22234,1.50,2.25
2015.11.03 08:51:06.855,1.2222,1.22232,1.00,1.00
2015.11.03 08:51:07.161,1.22226,1.22235,1.87,1.12
2015.11.03 08:51:07.263,1.22224,1.22241,1.75,1.37
2015.11.03 08:51:07.709,1.22221,1.22236,1.00,1.12
2015.11.03 08:51:07.761,1.22217,1.22231,1.75,1.00
2015.11.03 08:51:08.147,1.22217,1.22231,1.12,1.12
2015.11.03 08:51:08.198,1.22221,1.22231,1.00,1.00
2015.11.03 08:51:09.039,1.22219,1.22232,1.50,1.00
2015.11.03 08:51:11.782,1.22216,1.22233,2.25,1.37
2015.11.03 08:51:12.191,1.22214,1.22232,1.75,1.87
2015.11.03 08:51:12.242,1.22212,1.22227,1.50,1.50
2015.11.03 08:51:13.575,1.22213,1.22227,1.00,1.50
2015.11.03 08:51:14.174,1.22215,1.22231,1.37,1.50
2015.11.03 08:51:14.225,1.22217,1.22231,1.00,1.50
2015.11.03 08:51:15.171,1.22218,1.22234,2.25,1.00
2015.11.03 08:51:15.698,1.22219,1.22234,1.00,1.50
2015.11.03 08:51:16.616,1.22219,1.22233,1.00,1.00
2015.11.03 08:51:17.123,1.22219,1.22234,1.00,1.50
2015.11.03 08:51:17.708,1.2222,1.22233,1.00,1.00
2015.11.03 08:51:18.261,1.22219,1.22233,1.00,1.00
2015.11.03 08:51:18.375,1.22219,1.22233,1.00,1.37
2015.11.03 08:51:18.883,1.22216,1.22233,1.87,1.75
2015.11.03 08:51:19.399,1.22215,1.22228,1.87,1.00
2015.11.03 08:51:19.452,1.22214,1.22228,1.00,1.37
2015.11.03 08:51:19.759,1.22218,1.22232,1.00,2.25
2015.11.03 08:51:19.810,1.22218,1.22232,1.00,1.75
2015.11.03 08:51:20.324,1.22218,1.22233,1.00,1.75
2015.11.03 08:51:20.425,1.22216,1.22232,1.00,1.75
2015.11.03 08:51:20.846,1.22216,1.22228,1.00,1.50
2015.11.03 08:51:21.355,1.22214,1.22228,1.50,1.50
2015.11.03 08:51:22.213,1.22214,1.2223,1.50,1.12
2015.11.03 08:51:22.369,1.22216,1.2223,1.37,1.12
2015.11.03 08:51:22.688,1.2222,1.22234,1.00,1.87
2015.11.03 08:51:23.450,1.22218,1.22234,1.75,1.50
2015.11.03 08:51:24.012,1.22218,1.22233,1.75,1.00
2015.11.03 08:51:25.195,1.2222,1.22228,1.12,1.00
2015.11.03 08:51:26.599,1.22216,1.22229,1.75,1.00
2015.11.03 08:51:27.110,1.22216,1.22228,1.75,1.00
2015.11.03 08:51:28.723,1.22216,1.22228,1.00,1.00
2015.11.03 08:51:31.351,1.22216,1.22229,1.50,1.00
2015.11.03 08:51:31.859,1.22216,1.22228,1.00,1.00
2015.11.03 08:51:32.471,1.22216,1.22229,1.00,1.00
2015.11.03 08:51:32.777,1.22219,1.22231,1.00,1.00
2015.11.03 08:51:33.591,1.22219,1.22233,1.50,1.50
2015.11.03 08:51:34.421,1.22219,1.22234,1.50,1.87
2015.11.03 08:51:35.437,1.2222,1.22233,1.12,1.00
2015.11.03 08:51:37.615,1.22218,1.22228,1.75,1.00
2015.11.03 08:51:37.718,1.22218,1.22233,1.75,1.37
2015.11.03 08:51:38.321,1.2222,1.22228,1.12,1.00
2015.11.03 08:51:38.374,1.2222,1.22231,1.12,1.00
2015.11.03 08:51:38.476,1.2222,1.22228,1.12,1.00
2015.11.03 08:51:38.738,1.22221,1.22234,1.00,1.12
2015.11.03 08:51:39.252,1.22221,1.22233,1.50,1.00
2015.11.03 08:51:39.662,1.22221,1.22229,1.00,1.00
2015.11.03 08:51:40.171,1.22219,1.22229,1.50,1.00
2015.11.03 08:51:41.172,1.22219,1.22228,1.50,1.00
2015.11.03 08:51:42.337,1.22217,1.22229,1.75,1.00
2015.11.03 08:51:43.658,1.22216,1.22228,2.25,1.00
2015.11.03 08:51:43.862,1.22217,1.22228,1.00,1.00
2015.11.03 08:51:44.367,1.22217,1.22229,1.00,1.00
2015.11.03 08:51:48.923,1.22217,1.22228,1.50,1.00
2015.11.03 08:51:49.426,1.22221,1.22229,1.00,1.00
2015.11.03 08:51:49.753,1.22223,1.22228,1.00,1.00
2015.11.03 08:51:49.805,1.22221,1.22228,1.00,1.00
2015.11.03 08:51:50.290,1.22219,1.22224,1.12,1.00
2015.11.03 08:51:50.673,1.22215,1.2222,1.50,1.00
2015.11.03 08:51:50.727,1.22209,1.22219,1.00,1.00
2015.11.03 08:51:51.260,1.22208,1.22219,1.00,1.00
2015.11.03 08:51:51.515,1.22203,1.2222,1.12,1.50
2015.11.03 08:51:52.172,1.22201,1.22218,2.25,1.50
2015.11.03 08:51:52.700,1.22203,1.22217,1.12,1.00
2015.11.03 08:51:52.802,1.22203,1.22217,1.00,1.37
2015.11.03 08:51:53.106,1.22197,1.22215,3.37,1.37
2015.11.03 08:51:53.158,1.22197,1.2221,1.50,1.00
2015.11.03 08:51:53.682,1.22196,1.2221,1.00,1.00
2015.11.03 08:51:53.952,1.22198,1.2221,1.00,1.00
2015.11.03 08:51:54.054,1.22198,1.22213,1.00,1.00
2015.11.03 08:51:54.731,1.22199,1.22213,1.00,1.00
2015.11.03 08:51:55.213,1.22202,1.22214,1.00,1.12
2015.11.03 08:51:55.519,1.22207,1.22224,1.75,1.75
2015.11.03 08:51:55.621,1.22212,1.22224,1.00,1.00
2015.11.03 08:51:55.672,1.22212,1.22227,1.00,1.00
2015.11.03 08:51:56.935,1.22207,1.22224,1.75,1.75
2015.11.03 08:51:57.631,1.22206,1.22218,1.75,1.00
2015.11.03 08:51:58.191,1.22206,1.22219,1.75,1.00
2015.11.03 08:51:58.702,1.22208,1.22218,1.50,1.00
2015.11.03 08:51:59.046,1.22207,1.22224,1.75,1.75
2015.11.03 08:51:59.831,1.22211,1.22228,1.37,1.87
2015.11.03 08:52:00.138,1.22211,1.22229,1.75,1.37
2015.11.03 08:52:01.104,1.22217,1.22233,1.00,2.25
2015.11.03 08:52:02.041,1.22216,1.22229,1.50,1.37
2015.11.03 08:52:04.073,1.22219,1.22231,1.00,1.00
2015.11.03 08:52:04.584,1.22218,1.22233,1.00,1.00
2015.11.03 08:52:04.636,1.22225,1.22233,1.00,1.00
2015.11.03 08:52:04.790,1.22227,1.2224,1.75,1.00
2015.11.03 08:52:04.892,1.22228,1.22243,1.50,1.00
2015.11.03 08:52:05.290,1.22232,1.22247,1.75,1.00
2015.11.03 08:52:05.345,1.22233,1.22246,1.37,1.00
2015.11.03 08:52:05.396,1.22233,1.22246,1.00,1.00
2015.11.03 08:52:05.548,1.22231,1.22245,1.50,1.00
2015.11.03 08:52:05.651,1.22233,1.22248,1.75,1.50
2015.11.03 08:52:05.972,1.22235,1.22245,1.50,1.00
2015.11.03 08:52:06.074,1.22233,1.22244,1.50,1.00
2015.11.03 08:52:06.826,1.22233,1.22242,1.12,1.37
2015.11.03 08:52:06.878,1.22229,1.22238,1.00,1.00
2015.11.03 08:52:07.031,1.22226,1.22238,1.12,1.50
2015.11.03 08:52:07.553,1.22224,1.22237,1.50,1.00
2015.11.03 08:52:10.097,1.22223,1.22231,1.75,1.00
2015.11.03 08:52:10.199,1.22221,1.22231,1.50,1.00
2015.11.03 08:52:11.034,1.22214,1.22224,1.50,1.00
2015.11.03 08:52:11.136,1.22213,1.22228,1.75,1.00
2015.11.03 08:52:11.896,1.22214,1.22229,1.50,1.12
2015.11.03 08:52:12.399,1.22214,1.22228,1.50,1.00
2015.11.03 08:52:12.908,1.22216,1.22233,1.87,2.25
2015.11.03 08:52:13.763,1.22218,1.22233,1.50,1.75
2015.11.03 08:52:14.083,1.2222,1.22234,1.00,1.75
2015.11.03 08:52:14.185,1.22222,1.22238,1.00,1.75
2015.11.03 08:52:14.287,1.22222,1.22239,1.50,1.75
2015.11.03 08:52:17.407,1.22222,1.22239,2.25,1.12
2015.11.03 08:52:18.200,1.22228,1.22243,1.00,1.00
2015.11.03 08:52:18.710,1.22229,1.22244,1.50,1.00
2015.11.03 08:52:18.813,1.22229,1.22245,2.25,1.50
2015.11.03 08:52:19.329,1.22232,1.22246,1.00,1.12
2015.11.03 08:52:19.724,1.22232,1.22243,1.00,1.00
2015.11.03 08:52:19.929,1.22232,1.22247,1.00,2.25
2015.11.03 08:52:22.558,1.22234,1.22249,1.00,1.75
2015.11.03 08:52:23.071,1.22237,1.22252,1.00,1.75
2015.11.03 08:52:23.477,1.22239,1.22253,1.00,1.00
2015.11.03 08:52:23.783,1.22241,1.22253,1.00,1.00
2015.11.03 08:52:24.190,1.22243,1.22253,1.00,1.00
2015.11.03 08:52:24.731,1.22242,1.22253,1.00,1.00
2015.11.03 08:52:26.847,1.22241,1.22253,1.00,1.00
2015.11.03 08:52:27.070,1.22238,1.22253,1.50,1.00
2015.11.03 08:52:27.227,1.22241,1.22256,1.00,1.00
2015.11.03 08:52:28.080,1.22241,1.22254,1.00,1.00
2015.11.03 08:52:28.525,1.22241,1.22256,1.00,1.00
2015.11.03 08:52:29.741,1.22241,1.22253,1.00,1.00
2015.11.03 08:52:29.842,1.22241,1.22256,1.00,1.00
2015.11.03 08:52:29.945,1.22244,1.22256,1.00,1.00
2015.11.03 08:52:30.047,1.22244,1.22259,1.12,1.12
2015.11.03 08:52:30.610,1.22245,1.22258,1.00,1.00
2015.11.03 08:52:30.662,1.22247,1.22258,1.00,1.00
2015.11.03 08:52:30.936,1.22247,1.22262,1.00,1.00
2015.11.03 08:52:32.190,1.22247,1.22259,1.00,1.00
2015.11.03 08:52:33.704,1.22244,1.22256,1.37,1.00
2015.11.03 08:52:34.211,1.2224,1.22255,2.25,1.00
2015.11.03 08:52:34.262,1.22241,1.22255,1.00,1.00
2015.11.03 08:52:34.363,1.22241,1.22253,1.00,1.00
2015.11.03 08:52:34.999,1.22241,1.22251,1.00,1.00
2015.11.03 08:52:35.101,1.22238,1.22251,1.12,1.00
2015.11.03 08:52:35.406,1.22239,1.22254,1.50,1.50
2015.11.03 08:52:35.559,1.22242,1.22254,1.00,1.50
2015.11.03 08:52:35.886,1.22242,1.22257,1.12,1.75
2015.11.03 08:52:35.937,1.22244,1.22259,1.00,1.75
2015.11.03 08:52:36.786,1.22244,1.22259,1.50,1.00
2015.11.03 08:52:37.352,1.22246,1.22263,1.37,1.75
2015.11.03 08:52:37.404,1.22246,1.22264,1.87,1.75
2015.11.03 08:52:38.020,1.22248,1.22264,1.00,1.75
2015.11.03 08:52:38.683,1.22246,1.22263,1.87,2.25
2015.11.03 08:52:38.735,1.22246,1.22263,1.50,2.25
2015.11.03 08:52:39.231,1.22246,1.22262,1.00,1.87
2015.11.03 08:52:39.283,1.22244,1.22261,1.00,1.75
2015.11.03 08:52:39.436,1.22242,1.2226,1.12,1.75
2015.11.03 08:52:39.946,1.22243,1.22261,1.00,3.00
2015.11.03 08:52:40.364,1.22247,1.22261,1.37,1.12
2015.11.03 08:52:40.419,1.22246,1.22264,1.75,1.12
2015.11.03 08:52:40.674,1.22249,1.2226,1.00,1.37
2015.11.03 08:52:40.777,1.22242,1.22259,1.75,1.12
2015.11.03 08:52:40.930,1.22243,1.22258,1.00,1.50
2015.11.03 08:52:41.545,1.22248,1.22258,1.00,1.00
2015.11.03 08:52:41.648,1.22246,1.22258,1.00,1.00
2015.11.03 08:52:42.996,1.22245,1.22258,1.00,1.00
2015.11.03 08:52:43.200,1.22243,1.22258,2.25,1.00
2015.11.03 08:52:43.251,1.22243,1.22262,1.87,2.62
2015.11.03 08:52:43.556,1.22242,1.22259,1.00,1.12
2015.11.03 08:52:43.709,1.2224,1.22259,1.00,1.12
2015.11.03 08:52:44.274,1.2224,1.22258,1.87,1.75
2015.11.03 08:52:44.477,1.22242,1.2226,2.62,1.75
2015.11.03 08:52:44.529,1.22242,1.22257,3.00,1.00
2015.11.03 08:52:44.631,1.22246,1.22257,1.00,1.00
2015.11.03 08:52:44.733,1.22247,1.22263,1.00,1.75
2015.11.03 08:52:44.885,1.2225,1.22267,1.00,1.75
2015.11.03 08:52:45.542,1.22254,1.22268,1.00,1.75
2015.11.03 08:52:45.847,1.22256,1.22268,1.00,1.75
2015.11.03 08:52:46.000,1.22256,1.22272,1.00,1.75
2015.11.03 08:52:46.052,1.22258,1.22272,1.00,1.75
2015.11.03 08:52:47.083,1.22259,1.22272,1.00,1.50
2015.11.03 08:52:47.134,1.22257,1.22272,1.12,1.50
2015.11.03 08:52:47.390,1.22257,1.2227,1.00,1.37
2015.11.03 08:52:47.595,1.22255,1.22269,1.00,1.75
2015.11.03 08:52:48.263,1.22258,1.22271,1.00,1.75
2015.11.03 08:52:48.467,1.22256,1.22271,1.12,1.75
2015.11.03 08:52:48.518,1.22256,1.22271,1.12,1.37
2015.11.03 08:52:48.773,1.22258,1.22273,1.00,1.75
2015.11.03 08:52:49.748,1.22257,1.22271,1.00,1.37
2015.11.03 08:52:50.256,1.22256,1.22273,1.12,1.75
2015.11.03 08:52:51.014,1.22257,1.22274,1.00,1.75
2015.11.03 08:52:51.531,1.22256,1.22272,1.12,1.50
2015.11.03 08:52:52.143,1.22255,1.22268,1.00,1.00
2015.11.03 08:52:53.587,1.22254,1.22268,1.00,2.25
2015.11.03 08:52:53.929,1.22253,1.22265,1.00,1.00
2015.11.03 08:52:54.629,1.22251,1.22265,1.00,1.75
2015.11.03 08:52:55.150,1.22252,1.22264,1.00,1.50
2015.11.03 08:52:55.455,1.22249,1.22259,1.00,1.00
2015.11.03 08:52:55.659,1.22249,1.22261,1.00,1.50
2015.11.03 08:52:55.862,1.22246,1.22261,1.00,2.25
2015.11.03 08:52:55.913,1.22245,1.2226,1.37,1.37
2015.11.03 08:52:56.422,1.22247,1.22258,1.00,1.00
2015.11.03 08:52:56.956,1.22244,1.22258,1.00,2.25
2015.11.03 08:52:57.159,1.22246,1.22258,1.00,2.25
2015.11.03 08:52:58.285,1.22247,1.22257,1.00,1.00
2015.11.03 08:52:58.437,1.22249,1.22261,1.00,1.37
2015.11.03 08:52:59.278,1.22251,1.22264,1.00,2.25
2015.11.03 08:52:59.329,1.22251,1.22264,1.00,2.25
2015.11.03 08:52:59.380,1.22251,1.22264,1.00,1.87
2015.11.03 08:53:00.362,1.2225,1.22266,1.50,2.25
2015.11.03 08:53:00.463,1.22253,1.22266,1.00,1.75
2015.11.03 08:53:00.566,1.22251,1.22267,1.00,2.25
2015.11.03 08:53:00.668,1.22253,1.22267,1.00,2.25
2015.11.03 08:53:02.798,1.22252,1.22267,1.50,1.75
2015.11.03 08:53:03.328,1.22254,1.22266,1.00,1.75
2015.11.03 08:53:04.078,1.22254,1.22264,1.00,1.87
2015.11.03 08:53:04.408,1.22251,1.22261,1.00,1.12
2015.11.03 08:53:09.062,1.22251,1.22259,1.00,1.00
2015.11.03 08:53:10.788,1.22249,1.22259,1.00,1.00
2015.11.03 08:53:12.596,1.22251,1.22259,1.00,1.00
2015.11.03 08:53:12.698,1.22248,1.22257,1.00,1.00
2015.11.03 08:53:12.902,1.22242,1.22257,1.00,1.50
2015.11.03 08:53:13.283,1.22241,1.22256,1.50,1.50
2015.11.03 08:53:13.335,1.22239,1.22256,1.50,1.50
2015.11.03 08:53:15.079,1.22242,1.22259,1.00,1.75
2015.11.03 08:53:16.843,1.22241,1.22257,1.12,1.75
2015.11.03 08:53:18.611,1.22242,1.22257,1.00,1.75
2015.11.03 08:53:20.870,1.22244,1.22261,1.00,1.87
2015.11.03 08:53:20.921,1.22245,1.22259,1.50,1.00
2015.11.03 08:53:24.333,1.22244,1.22259,1.50,1.00
2015.11.03 08:53:26.250,1.22246,1.22259,1.00,1.00
2015.11.03 08:53:27.134,1.22244,1.22259,1.50,1.00
2015.11.03 08:53:29.138,1.22245,1.22259,1.00,1.00
2015.11.03 08:53:31.682,1.22247,1.22263,1.00,2.25
2015.11.03 08:53:31.990,1.22255,1.22273,1.12,2.25
2015.11.03 08:53:32.144,1.22258,1.22273,1.00,1.50
2015.11.03 08:53:35.703,1.22254,1.22273,2.25,1.50
2015.11.03 08:53:35.755,1.22254,1.22273,2.25,1.75
2015.11.03 08:53:35.959,1.22258,1.22273,1.00,1.75
2015.11.03 08:53:36.264,1.22258,1.22272,1.00,1.00
2015.11.03 08:53:36.315,1.2226,1.22272,1.00,1.00
2015.11.03 08:53:38.082,1.22264,1.22272,1.00,1.00
2015.11.03 08:53:40.010,1.22259,1.22272,1.00,1.00
2015.11.03 08:53:41.376,1.22258,1.22272,1.00,1.00
2015.11.03 08:53:42.593,1.22258,1.22273,1.00,1.75
2015.11.03 08:53:42.696,1.22256,1.22269,1.00,1.00
2015.11.03 08:53:43.947,1.22254,1.22268,1.50,1.00
2015.11.03 08:53:44.538,1.22254,1.22268,1.00,1.50
2015.11.03 08:53:44.866,1.22252,1.22268,1.00,1.50
2015.11.03 08:53:45.527,1.22252,1.22266,1.00,1.37
2015.11.03 08:53:45.861,1.2225,1.22264,1.00,1.00
2015.11.03 08:53:49.225,1.22252,1.22264,1.00,1.00
2015.11.03 08:53:49.869,1.22255,1.22273,2.62,1.75
2015.11.03 08:53:49.921,1.22258,1.22273,1.00,1.50
2015.11.03 08:53:55.756,1.22257,1.22273,1.12,1.50
2015.11.03 08:53:58.278,1.22257,1.22274,1.00,2.25
2015.11.03 08:53:58.594,1.22256,1.22268,1.00,1.00
2015.11.03 08:53:58.849,1.22253,1.22268,2.25,1.00
2015.11.03 08:53:59.052,1.22256,1.22268,1.00,1.00
2015.11.03 08:53:59.582,1.22256,1.22268,1.00,1.37
2015.11.03 08:53:59.633,1.22254,1.22268,1.00,2.25
2015.11.03 08:54:00.141,1.22251,1.22267,2.25,1.50
2015.11.03 08:54:00.879,1.2225,1.22265,1.75,1.00
2015.11.03 08:54:01.389,1.2225,1.22264,1.75,1.00
2015.11.03 08:54:01.556,1.2225,1.22266,1.75,1.12
2015.11.03 08:54:03.422,1.22254,1.22266,1.60,1.12
2015.11.03 08:54:04.036,1.2226,1.22273,1.00,1.75
2015.11.03 08:54:04.087,1.2226,1.22274,1.00,1.75
2015.11.03 08:54:05.529,1.2226,1.22272,1.00,1.75
2015.11.03 08:54:05.581,1.22257,1.22269,1.00,1.00
2015.11.03 08:54:06.841,1.22257,1.22268,1.00,1.00
2015.11.03 08:54:07.369,1.22258,1.22269,1.00,1.00
2015.11.03 08:54:08.415,1.2226,1.22274,1.00,1.75
2015.11.03 08:54:08.466,1.22258,1.22274,1.50,1.75
2015.11.03 08:54:10.101,1.22259,1.22274,1.00,1.75
2015.11.03 08:54:11.265,1.22258,1.22274,1.50,1.75
2015.11.03 08:54:13.028,1.22254,1.22269,1.00,1.75
2015.11.03 08:54:13.080,1.22252,1.22269,1.00,1.75
2015.11.03 08:54:13.588,1.22253,1.22268,1.00,1.75
2015.11.03 08:54:14.324,1.22257,1.22268,1.00,2.25
2015.11.03 08:54:14.632,1.22261,1.22269,1.00,1.00
2015.11.03 08:54:14.735,1.22261,1.22274,1.00,1.00
2015.11.03 08:54:19.568,1.2226,1.22274,1.00,1.00
2015.11.03 08:54:24.626,1.22262,1.22274,1.00,1.00
2015.11.03 08:54:25.076,1.2226,1.22274,1.00,1.00
2015.11.03 08:54:26.466,1.22262,1.22274,1.00,1.00
2015.11.03 08:54:27.289,1.22259,1.22274,2.25,1.50
2015.11.03 08:54:27.342,1.22259,1.2227,1.00,1.00
2015.11.03 08:54:27.496,1.22254,1.22268,1.00,1.50
2015.11.03 08:54:27.648,1.22254,1.22266,1.00,1.00
2015.11.03 08:54:27.955,1.22252,1.22264,1.00,1.12
2015.11.03 08:54:28.107,1.2225,1.22264,1.50,1.50
2015.11.03 08:54:28.626,1.22251,1.22264,1.00,1.50
2015.11.03 08:54:29.150,1.2225,1.22264,1.00,1.50
2015.11.03 08:54:30.173,1.22248,1.22266,1.87,2.25
2015.11.03 08:54:32.383,1.22243,1.2226,1.75,1.00
2015.11.03 08:54:32.859,1.22243,1.22258,1.75,1.00
2015.11.03 08:54:32.911,1.22244,1.22258,1.00,1.00
2015.11.03 08:54:33.216,1.22243,1.22261,1.50,1.75
2015.11.03 08:54:33.420,1.22245,1.22264,2.25,1.75
2015.11.03 08:54:38.528,1.22245,1.22258,2.25,1.00
2015.11.03 08:54:39.019,1.22243,1.22257,1.50,1.12
2015.11.03 08:54:43.147,1.22238,1.22258,2.25,2.25
2015.11.03 08:54:44.255,1.22238,1.22254,1.75,1.00
2015.11.03 08:54:44.306,1.22239,1.22254,1.00,1.37
2015.11.03 08:54:44.611,1.22236,1.22253,1.12,1.75
2015.11.03 08:54:47.425,1.22235,1.22249,1.37,1.00
2015.11.03 08:54:48.135,1.22232,1.22248,1.75,1.00
2015.11.03 08:54:49.557,1.22237,1.22253,2.10,1.12
2015.11.03 08:54:49.760,1.22243,1.22254,1.00,1.37
2015.11.03 08:54:49.977,1.2224,1.22257,1.12,2.25
2015.11.03 08:54:51.245,1.22244,1.22258,1.00,2.25
2015.11.03 08:54:51.347,1.22246,1.22256,1.00,1.00
2015.11.03 08:54:51.398,1.22246,1.22258,1.00,1.00
2015.11.03 08:54:51.550,1.2224,1.22258,2.62,2.25
2015.11.03 08:54:51.856,1.22235,1.22251,1.75,1.00
2015.11.03 08:54:51.963,1.22235,1.22251,1.00,1.75
2015.11.03 08:54:52.482,1.22232,1.22251,2.25,1.75
2015.11.03 08:54:54.176,1.22236,1.22249,1.00,1.12
2015.11.03 08:54:54.328,1.22238,1.22252,1.00,1.00
2015.11.03 08:54:54.582,1.22239,1.22257,1.50,1.75
2015.11.03 08:54:55.788,1.22241,1.2226,2.25,1.12
2015.11.03 08:54:55.839,1.22241,1.22261,3.00,1.75
2015.11.03 08:54:56.703,1.22244,1.22262,1.00,1.75
2015.11.03 08:54:57.115,1.22246,1.22264,1.37,2.25
2015.11.03 08:54:57.579,1.22245,1.22262,1.00,1.75
2015.11.03 08:54:57.886,1.22242,1.22255,1.00,1.00
2015.11.03 08:54:58.431,1.22241,1.22255,1.00,1.00
2015.11.03 08:55:00.340,1.2224,1.22255,1.00,1.00
2015.11.03 08:55:00.741,1.22243,1.22263,1.87,2.25
2015.11.03 08:55:01.365,1.22247,1.22266,2.25,1.75
2015.11.03 08:55:02.282,1.22247,1.22262,1.75,1.00
2015.11.03 08:55:02.794,1.22246,1.22261,1.75,1.00
2015.11.03 08:55:02.946,1.22246,1.22264,1.75,1.50
2015.11.03 08:55:03.455,1.22249,1.22267,1.12,1.75
2015.11.03 08:55:03.984,1.2225,1.22267,1.00,1.75
2015.11.03 08:55:05.674,1.2225,1.22266,1.12,1.75
2015.11.03 08:55:14.583,1.22245,1.22264,1.50,2.25
2015.11.03 08:55:14.992,1.22243,1.2226,2.25,1.00
2015.11.03 08:55:15.046,1.22244,1.2226,1.00,1.50
2015.11.03 08:55:17.348,1.22242,1.22259,1.37,1.37
2015.11.03 08:55:17.400,1.2224,1.22254,1.00,1.00
2015.11.03 08:55:17.875,1.22238,1.22254,1.12,1.50
2015.11.03 08:55:19.160,1.22238,1.22252,1.12,1.00
2015.11.03 08:55:20.126,1.22236,1.2225,1.75,1.00
2015.11.03 08:55:20.765,1.22236,1.2225,1.00,2.62
2015.11.03 08:55:20.817,1.22229,1.22243,1.00,1.00
2015.11.03 08:55:21.566,1.22228,1.22243,1.00,1.00
2015.11.03 08:55:21.617,1.22231,1.22245,1.00,1.00
2015.11.03 08:55:22.434,1.22228,1.22241,1.00,1.00
2015.11.03 08:55:23.067,1.22228,1.2224,1.00,1.00
2015.11.03 08:55:23.694,1.22228,1.22241,1.00,1.00
2015.11.03 08:55:27.214,1.22231,1.22245,1.50,1.75
2015.11.03 08:55:27.265,1.22231,1.22245,1.50,1.50
2015.11.03 08:55:28.413,1.22229,1.22246,1.87,1.75
2015.11.03 08:55:30.480,1.22232,1.22247,1.00,1.75
2015.11.03 08:55:30.582,1.22234,1.22248,1.00,1.75
2015.11.03 08:55:31.222,1.22233,1.22245,1.00,1.50
2015.11.03 08:55:31.808,1.22228,1.22244,1.12,1.12
2015.11.03 08:55:34.237,1.22228,1.22243,1.12,1.00
2015.11.03 08:55:34.747,1.22228,1.22246,1.12,2.25
2015.11.03 08:55:35.578,1.22231,1.22246,1.00,1.75
2015.11.03 08:55:40.219,1.22234,1.22248,1.00,1.75
2015.11.03 08:55:40.730,1.22234,1.2225,1.00,1.75
2015.11.03 08:55:48.278,1.22232,1.22247,1.12,1.75
2015.11.03 08:55:53.744,1.22232,1.22251,2.25,2.25
2015.11.03 08:55:55.659,1.2223,1.22246,1.75,1.00
2015.11.03 08:55:56.214,1.2223,1.22246,1.50,1.50
2015.11.03 08:56:03.997,1.22231,1.22244,1.12,1.00
2015.11.03 08:56:04.538,1.22232,1.22246,1.00,1.50
2015.11.03 08:56:04.589,1.22231,1.22246,1.75,1.00
2015.11.03 08:56:04.894,1.2223,1.22241,1.75,1.00
2015.11.03 08:56:04.996,1.22223,1.22236,1.00,1.00
2015.11.03 08:56:05.098,1.22223,1.22233,1.00,1.00
2015.11.03 08:56:05.199,1.2222,1.22233,1.00,1.37
2015.11.03 08:56:05.402,1.22216,1.22231,1.12,1.50
2015.11.03 08:56:06.089,1.22218,1.22232,1.00,1.75
2015.11.03 08:56:06.293,1.22218,1.22234,1.12,1.75
2015.11.03 08:56:06.345,1.22218,1.22233,1.50,1.00
2015.11.03 08:56:07.295,1.22219,1.22233,1.00,1.00
2015.11.03 08:56:07.499,1.2222,1.22237,1.37,1.75
2015.11.03 08:56:07.550,1.2222,1.22238,1.50,1.75
2015.11.03 08:56:08.058,1.22223,1.22239,1.00,1.75
2015.11.03 08:56:08.109,1.22224,1.22241,1.12,2.25
2015.11.03 08:56:08.937,1.22228,1.22241,1.00,1.75
2015.11.03 08:56:08.990,1.22228,1.22245,1.12,1.75
2015.11.03 08:56:10.454,1.22231,1.22247,1.00,1.75
2015.11.03 08:56:10.761,1.22235,1.22248,1.00,1.50
2015.11.03 08:56:11.508,1.22236,1.22251,1.00,1.00
2015.11.03 08:56:13.906,1.22236,1.22255,1.75,1.50
2015.11.03 08:56:14.262,1.22236,1.22254,1.50,1.75
2015.11.03 08:56:14.567,1.2224,1.22258,2.25,1.87
2015.11.03 08:56:16.317,1.22244,1.22264,2.25,1.12
2015.11.03 08:56:16.369,1.2225,1.22266,1.37,1.75
2015.11.03 08:56:16.421,1.22249,1.2227,2.62,2.25
2015.11.03 08:56:16.676,1.22255,1.22267,1.50,1.00
2015.11.03 08:56:16.778,1.22256,1.22274,1.12,2.25
2015.11.03 08:56:18.022,1.22253,1.22274,1.75,3.00
2015.11.03 08:56:18.531,1.22261,1.22277,1.00,1.75
2015.11.03 08:56:18.634,1.22258,1.22276,1.50,1.75
2015.11.03 08:56:19.340,1.22258,1.22278,1.37,3.00
2015.11.03 08:56:19.392,1.22262,1.22275,1.00,1.50
2015.11.03 08:56:19.444,1.22258,1.22275,1.37,1.50
2015.11.03 08:56:20.624,1.2226,1.22273,1.00,1.00
2015.11.03 08:56:20.675,1.22256,1.22273,1.75,1.12
2015.11.03 08:56:22.168,1.22262,1.22277,1.00,1.50
2015.11.03 08:56:22.676,1.22262,1.22275,1.00,1.00
2015.11.03 08:56:22.779,1.22255,1.22273,1.75,1.12
2015.11.03 08:56:22.831,1.22255,1.22271,1.75,1.00
2015.11.03 08:56:23.214,1.22254,1.2227,1.75,1.00
2015.11.03 08:56:23.423,1.22254,1.2227,1.12,1.75
2015.11.03 08:56:23.576,1.22256,1.22271,1.00,1.00
2015.11.03 08:56:23.678,1.22261,1.22274,1.00,1.00
2015.11.03 08:56:23.983,1.22261,1.22279,1.75,1.50
2015.11.03 08:56:24.677,1.22258,1.22276,2.62,1.00
2015.11.03 08:56:25.483,1.22258,1.22275,2.25,1.12
2015.11.03 08:56:25.585,1.22258,1.22275,1.50,1.75
2015.11.03 08:56:26.989,1.22253,1.22271,2.25,1.00
2015.11.03 08:56:27.528,1.22254,1.22272,1.75,1.12
2015.11.03 08:56:28.253,1.22254,1.2227,1.75,1.00
2015.11.03 08:56:29.200,1.22259,1.22268,1.00,1.00
2015.11.03 08:56:29.252,1.22259,1.22276,1.75,1.37
2015.11.03 08:56:32.619,1.22257,1.22271,1.75,1.00
2015.11.03 08:56:32.772,1.22255,1.22267,1.00,1.00
2015.11.03 08:56:32.976,1.2225,1.22267,1.75,1.12
2015.11.03 08:56:34.313,1.22247,1.22266,3.00,1.00
2015.11.03 08:56:35.118,1.22248,1.22265,1.75,1.37
2015.11.03 08:56:35.374,1.22244,1.22261,1.75,1.00
2015.11.03 08:56:37.123,1.22243,1.2226,1.75,1.00
2015.11.03 08:56:37.519,1.2224,1.22257,1.12,1.00
2015.11.03 08:56:38.696,1.2224,1.22257,1.75,1.37
2015.11.03 08:56:39.214,1.22238,1.22255,2.25,1.00
2015.11.03 08:56:41.854,1.22238,1.22253,2.25,1.00
2015.11.03 08:56:42.109,1.22239,1.22252,1.00,1.00
2015.11.03 08:56:42.924,1.22233,1.22252,2.25,1.75
2015.11.03 08:56:43.679,1.22234,1.22249,1.75,1.00
2015.11.03 08:56:44.187,1.22232,1.22247,2.25,1.00
2015.11.03 08:56:44.391,1.2223,1.22244,1.75,1.00
2015.11.03 08:56:44.493,1.2223,1.22244,1.50,1.12
2015.11.03 08:56:45.848,1.2223,1.22245,1.75,1.00
2015.11.03 08:56:46.154,1.22229,1.22243,1.50,1.00
2015.11.03 08:56:53.996,1.22226,1.2224,1.75,1.00
2015.11.03 08:56:54.047,1.22227,1.2224,1.00,1.00
2015.11.03 08:56:54.099,1.22226,1.22236,1.00,1.00
2015.11.03 08:56:54.201,1.22222,1.22236,2.25,1.00
2015.11.03 08:56:54.710,1.22223,1.22238,1.50,1.00
2015.11.03 08:56:56.104,1.22223,1.22236,1.50,1.00
2015.11.03 08:56:56.257,1.22222,1.22236,1.00,1.12
2015.11.03 08:56:56.919,1.2222,1.22236,1.50,1.12
2015.11.03 08:56:57.803,1.22222,1.22236,1.00,1.12
2015.11.03 08:56:58.405,1.22223,1.22236,1.00,1.12
2015.11.03 08:56:59.127,1.22222,1.22236,1.00,1.12
2015.11.03 08:57:01.492,1.22221,1.22236,1.12,1.12
2015.11.03 08:57:09.865,1.22222,1.22237,1.00,1.50
2015.11.03 08:57:10.666,1.22222,1.22235,1.00,1.00
2015.11.03 08:57:11.433,1.22219,1.22235,1.75,1.00
2015.11.03 08:57:11.942,1.2222,1.22235,1.50,1.50
2015.11.03 08:57:13.553,1.22223,1.22235,1.12,1.00
2015.11.03 08:57:13.759,1.2222,1.22234,1.12,1.12
2015.11.03 08:57:15.146,1.22222,1.22237,1.00,1.37
2015.11.03 08:57:15.198,1.22223,1.22237,1.00,1.12
2015.11.03 08:57:15.352,1.22224,1.2224,1.37,1.37
2015.11.03 08:57:15.887,1.22226,1.2224,1.00,1.37
2015.11.03 08:57:17.013,1.22227,1.2224,1.00,1.37
2015.11.03 08:57:17.785,1.22231,1.22244,1.00,1.12
2015.11.03 08:57:18.336,1.22232,1.22244,1.00,1.12
2015.11.03 08:57:18.711,1.22229,1.22244,1.00,1.12
2015.11.03 08:57:19.409,1.22229,1.22243,1.00,1.75
2015.11.03 08:57:19.894,1.22227,1.22243,1.00,1.75
2015.11.03 08:57:21.271,1.22226,1.22243,1.87,1.75
2015.11.03 08:57:21.968,1.22226,1.22241,1.00,1.75
2015.11.03 08:57:22.070,1.22224,1.22239,1.12,1.75
2015.11.03 08:57:22.718,1.22222,1.22237,1.37,1.50
2015.11.03 08:57:22.774,1.22222,1.22237,1.00,1.75
2015.11.03 08:57:23.682,1.2222,1.22237,1.50,1.75
2015.11.03 08:57:24.609,1.22219,1.22233,1.75,1.00
2015.11.03 08:57:25.119,1.22219,1.22234,1.75,1.12
2015.11.03 08:57:29.145,1.22218,1.2223,1.75,1.00
2015.11.03 08:57:29.562,1.22217,1.2223,1.12,1.00
2015.11.03 08:57:35.399,1.22215,1.22232,1.75,1.12
2015.11.03 08:57:35.801,1.22217,1.2223,1.12,1.00
2015.11.03 08:57:36.318,1.22215,1.22229,1.75,1.00
2015.11.03 08:57:36.420,1.22214,1.22229,1.12,1.12
2015.11.03 08:57:37.435,1.22212,1.22227,1.75,1.00
2015.11.03 08:57:38.718,1.22214,1.22228,1.12,1.00
2015.11.03 08:57:43.937,1.22215,1.22228,1.00,1.00
2015.11.03 08:57:44.469,1.22215,1.2223,1.00,2.25
2015.11.03 08:57:45.585,1.22216,1.22231,1.00,1.75
2015.11.03 08:57:45.636,1.22216,1.22231,1.50,1.00
2015.11.03 08:57:46.143,1.22217,1.22232,1.12,1.12
2015.11.03 08:57:46.690,1.22218,1.22231,1.00,1.00
2015.11.03 08:57:51.254,1.22218,1.22231,1.37,1.00
2015.11.03 08:57:51.305,1.2222,1.22233,1.75,1.00
2015.11.03 08:57:51.458,1.22222,1.22236,1.12,2.25
2015.11.03 08:57:51.661,1.22224,1.22236,1.37,1.12
2015.11.03 08:57:52.411,1.22217,1.22229,1.75,1.00
2015.11.03 08:57:52.616,1.22214,1.22227,1.50,1.00
2015.11.03 08:57:53.688,1.2221,1.22225,2.25,1.00
2015.11.03 08:57:53.841,1.22209,1.22225,2.25,1.00
2015.11.03 08:57:54.384,1.22211,1.22225,1.50,1.00
2015.11.03 08:57:55.475,1.22211,1.22227,1.50,1.12
2015.11.03 08:57:55.831,1.22215,1.22228,1.00,1.00
2015.11.03 08:57:56.944,1.22209,1.22223,1.75,1.00
2015.11.03 08:58:00.690,1.22208,1.22223,1.75,1.00
2015.11.03 08:58:01.422,1.22212,1.22224,1.00,1.00
2015.11.03 08:58:01.474,1.22213,1.22227,1.00,1.50
2015.11.03 08:58:02.088,1.22213,1.2223,1.37,1.50
2015.11.03 08:58:02.140,1.22214,1.2223,1.00,1.50
2015.11.03 08:58:02.191,1.22216,1.2223,1.37,1.12
2015.11.03 08:58:02.849,1.22222,1.22232,1.00,1.00
2015.11.03 08:58:02.900,1.22222,1.22234,1.37,1.00
2015.11.03 08:58:03.002,1.22221,1.22231,1.75,1.00
2015.11.03 08:58:15.300,1.22218,1.22231,1.75,1.00
2015.11.03 08:58:15.351,1.22218,1.22231,1.50,1.00
2015.11.03 08:58:18.139,1.22219,1.22232,1.50,1.00
2015.11.03 08:58:18.647,1.22219,1.22232,1.50,1.00
2015.11.03 08:58:21.010,1.22219,1.22231,1.50,1.00
2015.11.03 08:58:22.000,1.22219,1.22233,1.50,1.00
2015.11.03 08:58:25.710,1.22219,1.22231,1.50,1.00
2015.11.03 08:58:25.965,1.22214,1.22229,1.75,1.00
2015.11.03 08:58:28.315,1.22214,1.22232,1.75,1.37
2015.11.03 08:58:28.367,1.22223,1.22237,1.00,1.50
2015.11.03 08:58:28.675,1.22223,1.2224,1.75,1.50
2015.11.03 08:58:28.995,1.22223,1.22237,1.75,1.00
2015.11.03 08:58:29.148,1.22221,1.22237,2.25,1.00
2015.11.03 08:58:29.688,1.22218,1.22236,3.37,1.50
2015.11.03 08:58:30.455,1.22221,1.22236,1.00,2.25
2015.11.03 08:58:30.710,1.22221,1.22233,1.00,1.00
2015.11.03 08:58:31.164,1.22221,1.22231,1.00,1.00
2015.11.03 08:58:31.266,1.22217,1.22229,1.00,1.00
2015.11.03 08:58:31.368,1.22217,1.22227,1.00,1.00
2015.11.03 08:58:31.471,1.22214,1.22227,1.00,1.00
2015.11.03 08:58:32.132,1.22214,1.22224,1.00,1.00
2015.11.03 08:58:32.549,1.22209,1.22224,1.75,1.00
2015.11.03 08:58:33.438,1.22207,1.22223,2.25,1.00
2015.11.03 08:58:33.794,1.22206,1.2222,1.12,1.00
2015.11.03 08:58:34.231,1.22204,1.22219,1.75,1.00
2015.11.03 08:58:34.283,1.22204,1.22219,1.75,1.00
2015.11.03 08:58:38.919,1.22202,1.22218,2.25,1.00
2015.11.03 08:58:39.462,1.22203,1.2222,1.75,1.00
2015.11.03 08:58:41.736,1.22205,1.22221,1.50,1.12
2015.11.03 08:58:45.010,1.22208,1.22224,1.37,1.50
2015.11.03 08:58:45.602,1.22209,1.22224,1.50,1.12
2015.11.03 08:58:48.719,1.2221,1.22226,1.87,1.50
2015.11.03 08:58:49.226,1.22214,1.2223,1.00,3.00
2015.11.03 08:58:50.044,1.22213,1.2223,1.12,2.25
2015.11.03 08:58:50.557,1.22211,1.22229,1.50,1.75
2015.11.03 08:58:50.906,1.22211,1.22229,1.50,1.37
2015.11.03 08:58:51.428,1.22214,1.22229,1.00,1.00
2015.11.03 08:58:51.736,1.22214,1.22227,1.00,1.00
2015.11.03 08:58:51.838,1.22211,1.22227,1.50,1.12
2015.11.03 08:58:51.889,1.22211,1.22225,1.50,1.00
2015.11.03 08:58:52.194,1.2221,1.22226,1.12,2.25
2015.11.03 08:58:55.783,1.22204,1.22222,1.50,1.50
2015.11.03 08:58:57.420,1.22207,1.22224,1.00,1.75
2015.11.03 08:58:57.522,1.22207,1.22224,1.37,1.50
2015.11.03 08:58:57.574,1.22208,1.22224,1.00,1.50
2015.11.03 08:59:00.753,1.22208,1.22226,2.25,1.50
2015.11.03 08:59:01.312,1.2221,1.22228,1.75,1.50
2015.11.03 08:59:02.241,1.22211,1.22226,1.50,1.00
2015.11.03 08:59:02.649,1.22208,1.22224,1.75,1.00
2015.11.03 08:59:02.701,1.22209,1.22224,1.00,1.00
2015.11.03 08:59:05.926,1.22209,1.22223,1.00,1.00
2015.11.03 08:59:08.970,1.22209,1.22223,1.75,1.00
2015.11.03 08:59:10.817,1.22209,1.22225,1.75,1.00
2015.11.03 08:59:20.040,1.22208,1.22224,1.75,1.00
2015.11.03 08:59:20.091,1.22209,1.22226,1.75,1.12
2015.11.03 08:59:21.818,1.22209,1.22224,1.75,1.00
2015.11.03 08:59:21.920,1.22208,1.22224,1.50,1.12
2015.11.03 08:59:22.813,1.2221,1.22224,1.00,1.12
2015.11.03 08:59:22.966,1.22205,1.22222,1.75,1.00
2015.11.03 08:59:23.272,1.22203,1.22219,2.25,1.00
2015.11.03 08:59:24.136,1.22206,1.22224,1.50,1.75
2015.11.03 08:59:27.109,1.22204,1.22219,1.75,1.00
2015.11.03 08:59:29.843,1.22204,1.2222,1.75,1.12
2015.11.03 08:59:30.188,1.22204,1.22216,1.75,1.00
2015.11.03 08:59:31.077,1.22205,1.22218,1.75,1.00
2015.11.03 08:59:32.563,1.22205,1.2222,1.75,1.12
2015.11.03 08:59:33.972,1.22208,1.22224,1.00,1.75
2015.11.03 08:59:34.505,1.22206,1.22221,1.50,1.50
2015.11.03 08:59:36.028,1.22202,1.2222,1.50,1.75
2015.11.03 08:59:39.892,1.22205,1.2222,1.00,1.75
2015.11.03 08:59:40.164,1.22206,1.22221,1.50,1.00
2015.11.03 08:59:40.215,1.22208,1.22221,1.00,1.00
2015.11.03 08:59:40.672,1.22206,1.22221,1.50,1.00
2015.11.03 08:59:41.429,1.22208,1.22221,1.00,1.00
2015.11.03 08:59:41.683,1.22208,1.22224,1.50,1.12
2015.11.03 08:59:42.088,1.22211,1.22226,1.00,1.75
2015.11.03 08:59:42.537,1.22211,1.22227,1.50,1.50
2015.11.03 08:59:47.984,1.22211,1.22227,1.00,1.75
2015.11.03 08:59:48.936,1.2221,1.22226,1.00,1.75
2015.11.03 08:59:49.451,1.22209,1.22226,1.00,1.75
2015.11.03 08:59:49.958,1.22208,1.22225,1.87,1.75
2015.11.03 08:59:50.263,1.2221,1.22227,1.00,1.75
2015.11.03 08:59:50.809,1.22209,1.22228,1.00,1.12
2015.11.03 08:59:52.201,1.22208,1.22228,1.87,3.37
2015.11.03 08:59:54.155,1.22209,1.22227,1.00,1.75
2015.11.03 08:59:54.470,1.22212,1.2223,1.00,3.00
2015.11.03 08:59:57.282,1.22213,1.2223,1.00,1.75
2015.11.03 08:59:57.486,1.22213,1.22232,1.50,2.25
