2009.03.16 07:00:01.175,0.8266,0.8269,2.60,2.60
2009.03.16 07:00:01.467,0.8266,0.827,2.60,3.20
2009.03.16 07:00:01.925,0.82655,0.82695,3.00,1.00
2009.03.16 07:00:02.104,0.82655,0.82695,2.60,3.20
2009.03.16 07:00:05.684,0.82655,0.82695,3.00,1.00
2009.03.16 07:00:05.904,0.82655,0.82695,3.00,1.20
2009.03.16 07:00:06.364,0.82655,0.8269,2.60,3.20
2009.03.16 07:00:07.003,0.82655,0.8269,2.60,1.00
2009.03.16 07:00:08.723,0.82655,0.8269,3.00,1.00
2009.03.16 07:00:09.003,0.82655,0.8269,2.60,3.20
2009.03.16 07:00:09.123,0.82655,0.8268,2.60,2.60
2009.03.16 07:00:09.233,0.82655,0.82685,2.60,4.20
2009.03.16 07:00:09.343,0.82655,0.8269,2.60,1.00
2009.03.16 07:00:09.873,0.82655,0.82695,2.60,3.20
2009.03.16 07:00:12.442,0.82665,0.82695,2.60,3.20
2009.03.16 07:00:12.782,0.82665,0.82695,2.60,1.00
2009.03.16 07:00:12.832,0.82665,0.827,2.60,2.60
2009.03.16 07:00:13.802,0.82665,0.82695,2.60,1.00
2009.03.16 07:00:15.581,0.82665,0.82695,3.00,1.00
2009.03.16 07:00:17.261,0.8267,0.82695,1.00,1.00
2009.03.16 07:00:17.481,0.82665,0.82695,3.00,1.00
2009.03.16 07:00:17.891,0.82665,0.82705,3.00,1.00
2009.03.16 07:00:18.121,0.8267,0.8271,1.00,1.20
2009.03.16 07:00:18.341,0.8267,0.82715,1.00,3.20
2009.03.16 07:00:18.571,0.8267,0.82715,3.00,2.60
2009.03.16 07:00:20.870,0.8267,0.82715,5.60,4.80
2009.03.16 07:00:21.040,0.82675,0.82715,1.00,5.00
2009.03.16 07:00:21.160,0.82675,0.82715,1.00,6.00
2009.03.16 07:00:21.570,0.82675,0.82715,3.60,6.00
2009.03.16 07:00:21.910,0.8268,0.82715,1.00,6.00
2009.03.16 07:00:24.379,0.82675,0.82715,5.60,6.00
2009.03.16 07:00:26.309,0.82675,0.8271,5.60,2.40
2009.03.16 07:00:26.479,0.82675,0.8271,3.60,2.40
2009.03.16 07:00:26.658,0.82675,0.8271,1.00,2.40
2009.03.16 07:00:26.949,0.8268,0.8271,1.00,2.40
2009.03.16 07:00:27.189,0.8268,0.82715,3.00,2.60
2009.03.16 07:00:27.988,0.82675,0.8271,3.00,1.20
2009.03.16 07:00:29.998,0.82675,0.8271,4.60,1.00
2009.03.16 07:00:30.108,0.8268,0.82715,2.60,2.60
2009.03.16 07:00:30.617,0.8268,0.82715,3.00,2.60
2009.03.16 07:00:30.977,0.8268,0.8272,3.00,2.60
2009.03.16 07:00:31.857,0.8268,0.8272,2.60,5.20
2009.03.16 07:00:32.718,0.8268,0.82715,2.60,1.00
2009.03.16 07:00:32.837,0.8268,0.82715,3.00,1.00
2009.03.16 07:00:35.126,0.8268,0.8271,1.00,1.20
2009.03.16 07:00:35.357,0.82675,0.8271,4.20,1.20
2009.03.16 07:00:37.646,0.82675,0.82705,7.00,1.00
2009.03.16 07:00:38.396,0.82675,0.82705,1.00,1.00
2009.03.16 07:00:43.185,0.82675,0.82705,5.60,1.00
2009.03.16 07:00:43.295,0.82685,0.82705,2.60,1.00
2009.03.16 07:00:43.355,0.82685,0.8271,2.60,2.40
2009.03.16 07:00:44.694,0.8268,0.82705,2.60,1.00
2009.03.16 07:00:54.422,0.8268,0.8272,3.00,6.80
2009.03.16 07:00:54.542,0.8268,0.82705,3.00,1.00
2009.03.16 07:00:54.712,0.8268,0.82705,2.60,1.00
2009.03.16 07:00:55.352,0.8268,0.82715,2.60,3.20
2009.03.16 07:00:55.522,0.8268,0.82715,2.60,1.00
2009.03.16 07:00:55.872,0.8268,0.82715,3.60,1.00
2009.03.16 07:00:56.161,0.8268,0.8272,4.20,4.80
2009.03.16 07:00:56.441,0.8268,0.82715,4.20,1.00
2009.03.16 07:00:56.711,0.8268,0.82715,2.60,1.00
2009.03.16 07:00:57.152,0.8269,0.82715,2.60,1.00
2009.03.16 07:00:57.481,0.82685,0.8271,4.20,1.00
2009.03.16 07:00:57.661,0.8269,0.8271,2.60,1.20
2009.03.16 07:00:57.891,0.8269,0.82715,2.60,1.00
2009.03.16 07:00:58.511,0.8269,0.82715,2.60,2.60
2009.03.16 07:00:58.871,0.8269,0.8271,2.60,2.40
2009.03.16 07:00:59.201,0.8268,0.82705,2.60,1.00
2009.03.16 07:00:59.531,0.82685,0.8271,2.60,2.60
2009.03.16 07:00:59.950,0.82685,0.8271,2.60,3.40
2009.03.16 07:01:00.120,0.82685,0.8271,2.60,2.40
2009.03.16 07:01:02.200,0.8269,0.82715,2.60,5.20
2009.03.16 07:01:02.760,0.8268,0.8271,2.60,2.40
2009.03.16 07:01:02.860,0.8268,0.8271,2.60,2.60
2009.03.16 07:01:03.030,0.82685,0.8271,2.60,2.60
2009.03.16 07:01:04.299,0.82685,0.8271,2.60,2.40
2009.03.16 07:01:05.039,0.8269,0.82715,2.60,3.40
2009.03.16 07:01:05.150,0.8269,0.82715,2.60,2.60
2009.03.16 07:01:05.549,0.82685,0.82715,2.60,2.60
2009.03.16 07:01:07.449,0.82685,0.8271,3.00,1.00
2009.03.16 07:01:08.009,0.82685,0.82715,3.00,1.00
2009.03.16 07:01:09.538,0.8269,0.82715,2.60,1.00
2009.03.16 07:01:11.198,0.8268,0.82715,3.00,2.60
2009.03.16 07:01:11.488,0.82685,0.82715,2.60,1.60
2009.03.16 07:01:11.888,0.82685,0.82715,2.60,1.00
2009.03.16 07:01:12.418,0.82685,0.82715,2.60,2.60
2009.03.16 07:01:13.457,0.82685,0.8272,3.00,3.60
2009.03.16 07:01:13.627,0.82685,0.8272,3.00,2.60
2009.03.16 07:01:13.977,0.8269,0.8272,1.00,2.60
2009.03.16 07:01:14.137,0.82685,0.8272,5.20,2.60
2009.03.16 07:01:14.307,0.82685,0.8272,5.60,2.60
2009.03.16 07:01:14.427,0.82685,0.8272,1.00,2.60
2009.03.16 07:01:14.777,0.82685,0.82715,1.00,2.00
2009.03.16 07:01:15.457,0.8268,0.82715,1.00,2.00
2009.03.16 07:01:16.377,0.8268,0.8271,1.00,1.00
2009.03.16 07:01:16.676,0.8268,0.82715,1.00,2.60
2009.03.16 07:01:16.966,0.82675,0.82715,3.00,2.60
2009.03.16 07:01:17.996,0.8268,0.82715,1.00,2.60
2009.03.16 07:01:20.556,0.8268,0.8271,1.00,2.00
2009.03.16 07:01:21.006,0.8268,0.82705,1.00,1.00
2009.03.16 07:01:21.286,0.82675,0.82705,3.00,1.00
2009.03.16 07:01:25.294,0.82685,0.8271,2.60,1.20
2009.03.16 07:01:30.523,0.82685,0.8271,2.60,1.00
2009.03.16 07:01:30.693,0.82685,0.8272,2.60,2.60
2009.03.16 07:01:30.923,0.82685,0.8272,3.00,2.60
2009.03.16 07:01:31.093,0.82685,0.8272,2.60,5.20
2009.03.16 07:01:37.221,0.82695,0.82725,2.60,1.00
2009.03.16 07:01:38.781,0.82695,0.82725,3.00,1.00
2009.03.16 07:01:39.471,0.8269,0.8272,3.00,1.00
2009.03.16 07:01:40.581,0.827,0.8272,1.00,1.00
2009.03.16 07:01:41.620,0.827,0.82725,1.00,1.00
2009.03.16 07:01:43.360,0.827,0.8272,1.00,1.00
2009.03.16 07:01:44.630,0.827,0.82725,1.00,1.20
2009.03.16 07:01:44.860,0.827,0.8273,3.00,3.40
2009.03.16 07:01:44.980,0.82705,0.8273,1.00,2.60
2009.03.16 07:01:45.460,0.827,0.8273,2.60,2.60
2009.03.16 07:01:47.769,0.82715,0.82735,2.60,2.60
2009.03.16 07:01:48.179,0.82715,0.8273,2.60,1.00
2009.03.16 07:01:48.469,0.82715,0.82735,2.60,1.60
2009.03.16 07:01:48.689,0.82715,0.82735,2.60,1.00
2009.03.16 07:01:49.019,0.8271,0.8273,2.60,1.20
2009.03.16 07:01:56.137,0.82705,0.82725,2.60,1.00
2009.03.16 07:02:01.686,0.82715,0.82735,2.60,3.20
2009.03.16 07:02:01.916,0.8272,0.8274,2.60,2.40
2009.03.16 07:02:02.256,0.8272,0.82745,2.60,4.80
2009.03.16 07:02:02.485,0.8272,0.82745,2.60,2.00
2009.03.16 07:02:03.565,0.82705,0.82725,1.00,1.00
2009.03.16 07:02:03.795,0.82705,0.8271,1.00,1.00
2009.03.16 07:02:03.855,0.82685,0.8271,4.20,1.20
2009.03.16 07:02:04.435,0.82685,0.82705,1.60,1.00
2009.03.16 07:02:07.494,0.82685,0.8271,4.20,1.20
2009.03.16 07:02:07.674,0.82685,0.82705,1.60,1.00
2009.03.16 07:02:10.014,0.82685,0.82705,1.60,2.60
2009.03.16 07:02:11.673,0.82685,0.827,1.60,1.00
2009.03.16 07:02:11.903,0.82685,0.827,1.60,2.60
2009.03.16 07:02:12.323,0.82685,0.8269,1.60,1.20
2009.03.16 07:02:14.792,0.82685,0.82695,1.60,2.80
2009.03.16 07:02:14.903,0.82685,0.827,1.60,5.20
2009.03.16 07:02:15.133,0.82685,0.827,1.60,2.60
2009.03.16 07:02:15.372,0.82685,0.82695,1.60,1.00
2009.03.16 07:02:15.842,0.82685,0.827,1.60,2.40
2009.03.16 07:02:16.312,0.82685,0.82695,1.60,1.00
2009.03.16 07:02:16.772,0.8268,0.82695,1.40,1.00
2009.03.16 07:02:17.052,0.8268,0.827,2.60,2.40
2009.03.16 07:02:17.452,0.8268,0.82695,1.40,1.00
2009.03.16 07:02:17.622,0.8268,0.82695,1.40,2.60
2009.03.16 07:02:17.852,0.8267,0.82695,2.60,2.60
2009.03.16 07:02:18.022,0.8268,0.82695,1.40,1.00
2009.03.16 07:02:18.252,0.8268,0.82695,2.60,2.00
2009.03.16 07:02:18.542,0.8266,0.82695,2.00,2.60
2009.03.16 07:02:18.711,0.82655,0.8269,2.60,2.60
2009.03.16 07:02:19.173,0.82655,0.82695,3.00,2.60
2009.03.16 07:02:19.341,0.82645,0.8268,5.20,1.00
2009.03.16 07:02:19.511,0.82645,0.8268,2.60,1.20
2009.03.16 07:02:19.922,0.82645,0.8268,2.60,2.40
2009.03.16 07:02:20.101,0.8264,0.8268,4.60,5.20
2009.03.16 07:02:20.381,0.8264,0.8268,3.00,5.20
2009.03.16 07:02:20.671,0.82635,0.82675,3.60,3.20
2009.03.16 07:02:21.591,0.82635,0.82675,4.20,3.20
2009.03.16 07:02:21.881,0.82635,0.8267,4.20,1.00
2009.03.16 07:02:22.121,0.82635,0.8267,3.60,3.20
2009.03.16 07:02:22.421,0.82635,0.8267,5.20,1.00
2009.03.16 07:02:22.711,0.82635,0.8267,3.60,1.20
2009.03.16 07:02:22.961,0.8264,0.82675,2.60,3.20
2009.03.16 07:02:27.529,0.8264,0.8267,1.00,1.20
2009.03.16 07:02:27.709,0.82635,0.8267,4.20,1.20
2009.03.16 07:02:29.069,0.82635,0.8267,3.00,1.20
2009.03.16 07:02:32.168,0.82635,0.8267,4.20,1.20
2009.03.16 07:02:32.388,0.8264,0.82675,3.00,1.60
2009.03.16 07:02:36.067,0.8264,0.82675,3.00,1.00
2009.03.16 07:02:39.276,0.82645,0.82675,1.00,1.00
2009.03.16 07:02:44.575,0.82645,0.82675,3.00,1.00
2009.03.16 07:02:44.915,0.8265,0.82675,2.60,1.00
2009.03.16 07:02:45.265,0.8265,0.82675,3.00,1.00
2009.03.16 07:02:50.374,0.8265,0.82675,2.60,1.00
2009.03.16 07:02:55.823,0.82655,0.8268,2.60,1.20
2009.03.16 07:02:56.522,0.8265,0.8268,3.60,1.20
2009.03.16 07:02:56.762,0.8265,0.8268,2.60,1.20
2009.03.16 07:03:00.331,0.82655,0.8268,2.60,1.20
2009.03.16 07:03:01.021,0.8265,0.8268,2.60,1.20
2009.03.16 07:03:01.261,0.82645,0.8268,4.20,1.20
2009.03.16 07:03:04.380,0.82645,0.8268,3.60,3.20
2009.03.16 07:03:04.620,0.82645,0.8268,4.20,1.20
2009.03.16 07:03:05.040,0.82645,0.8268,3.60,1.20
2009.03.16 07:03:05.270,0.82645,0.8268,4.20,1.20
2009.03.16 07:03:05.440,0.8265,0.8268,2.60,1.20
2009.03.16 07:03:05.680,0.82645,0.8268,5.20,1.20
2009.03.16 07:03:05.910,0.82645,0.8268,3.60,1.20
2009.03.16 07:03:06.080,0.8265,0.8268,2.60,1.20
2009.03.16 07:03:06.820,0.82645,0.8268,2.60,1.20
2009.03.16 07:03:07.160,0.82645,0.8268,2.60,3.20
2009.03.16 07:03:08.769,0.8265,0.8268,2.60,2.60
2009.03.16 07:03:08.879,0.8265,0.82685,2.60,5.20
2009.03.16 07:03:12.088,0.8265,0.8268,2.60,2.60
2009.03.16 07:03:12.678,0.82655,0.82685,2.60,5.20
2009.03.16 07:03:12.968,0.82655,0.82685,2.60,3.20
2009.03.16 07:03:13.528,0.82655,0.82685,2.60,1.00
2009.03.16 07:03:14.628,0.8266,0.82685,2.60,1.00
2009.03.16 07:03:35.033,0.8267,0.8269,2.60,2.40
2009.03.16 07:03:35.323,0.82665,0.82685,2.60,1.00
2009.03.16 07:03:41.662,0.8266,0.82685,2.60,1.00
2009.03.16 07:03:41.891,0.82665,0.82685,4.20,1.00
2009.03.16 07:03:42.111,0.82665,0.82685,2.60,1.00
2009.03.16 07:03:42.281,0.8266,0.82685,2.60,1.00
2009.03.16 07:03:44.551,0.8267,0.8269,2.60,2.40
2009.03.16 07:03:47.800,0.8267,0.8269,2.60,1.20
2009.03.16 07:03:50.349,0.82675,0.82695,2.60,1.00
2009.03.16 07:03:50.519,0.82675,0.827,2.60,2.60
2009.03.16 07:03:51.159,0.82675,0.827,2.60,2.40
2009.03.16 07:03:51.959,0.82675,0.827,4.20,1.60
2009.03.16 07:03:52.189,0.8268,0.827,2.60,1.60
2009.03.16 07:03:52.479,0.8268,0.827,2.60,1.00
2009.03.16 07:03:52.649,0.8268,0.8271,2.60,5.20
2009.03.16 07:03:53.389,0.8268,0.82705,2.60,2.60
2009.03.16 07:03:54.009,0.8268,0.8271,2.60,5.20
2009.03.16 07:03:54.518,0.8268,0.8271,2.60,4.80
2009.03.16 07:03:54.798,0.8268,0.8271,2.60,2.60
2009.03.16 07:03:55.988,0.8268,0.8271,2.60,3.20
2009.03.16 07:03:56.388,0.8268,0.8271,2.60,5.20
2009.03.16 07:03:57.607,0.8269,0.8271,2.60,2.60
2009.03.16 07:03:57.938,0.82685,0.8271,2.60,2.60
2009.03.16 07:03:58.417,0.8269,0.8271,2.60,2.60
2009.03.16 07:03:58.648,0.8269,0.8271,2.60,2.60
2009.03.16 07:03:59.007,0.8269,0.8271,2.60,1.60
2009.03.16 07:04:02.936,0.82695,0.82715,2.60,1.00
2009.03.16 07:04:03.636,0.8269,0.82715,2.60,1.00
2009.03.16 07:04:04.056,0.82685,0.82705,2.60,1.00
2009.03.16 07:04:04.576,0.82685,0.82715,2.60,5.20
2009.03.16 07:04:04.986,0.82685,0.8271,2.60,2.60
2009.03.16 07:04:10.065,0.8269,0.82715,2.60,2.60
2009.03.16 07:04:11.534,0.8269,0.82715,2.60,3.20
2009.03.16 07:04:12.934,0.8269,0.82715,2.60,1.00
2009.03.16 07:04:13.834,0.82695,0.82725,2.60,4.00
2009.03.16 07:04:13.954,0.82695,0.82725,2.60,3.20
2009.03.16 07:04:18.063,0.8269,0.8272,2.60,1.00
2009.03.16 07:04:18.293,0.8269,0.8272,2.60,4.40
2009.03.16 07:04:18.463,0.8269,0.8272,2.60,5.60
2009.03.16 07:04:18.633,0.8269,0.8272,2.60,3.20
2009.03.16 07:04:18.863,0.82695,0.8272,2.60,2.60
2009.03.16 07:04:18.982,0.82695,0.82725,2.60,1.00
2009.03.16 07:04:19.892,0.82695,0.82725,2.60,3.20
2009.03.16 07:04:22.951,0.82695,0.82725,2.60,1.00
2009.03.16 07:04:24.171,0.82695,0.82725,2.60,3.20
2009.03.16 07:04:28.090,0.82695,0.82725,2.60,1.00
2009.03.16 07:04:28.510,0.82695,0.82725,2.60,3.20
2009.03.16 07:04:30.319,0.8269,0.8272,2.60,1.20
2009.03.16 07:04:31.429,0.8269,0.8272,2.60,2.40
2009.03.16 07:04:31.709,0.8269,0.8272,2.60,3.40
2009.03.16 07:04:31.999,0.8269,0.8272,2.60,2.60
2009.03.16 07:04:32.279,0.82695,0.82725,2.60,6.40
2009.03.16 07:04:32.560,0.82695,0.82725,2.60,3.60
2009.03.16 07:04:33.959,0.82695,0.82725,2.60,3.20
2009.03.16 07:04:34.199,0.82695,0.8272,2.60,1.00
2009.03.16 07:04:35.058,0.827,0.8272,2.60,1.00
2009.03.16 07:04:35.169,0.827,0.82725,2.60,1.00
2009.03.16 07:04:35.219,0.82695,0.82725,4.20,3.20
2009.03.16 07:04:35.389,0.82695,0.82725,2.60,3.20
2009.03.16 07:04:35.448,0.82695,0.82725,2.60,5.20
2009.03.16 07:04:35.508,0.82695,0.82725,2.60,2.60
2009.03.16 07:04:35.909,0.82695,0.82725,2.60,5.20
2009.03.16 07:04:39.697,0.82695,0.8272,2.60,2.40
2009.03.16 07:04:39.927,0.82695,0.8272,2.60,2.60
2009.03.16 07:04:40.567,0.82695,0.8272,2.60,2.00
2009.03.16 07:04:42.787,0.82695,0.82725,2.60,6.40
2009.03.16 07:04:42.957,0.827,0.82725,2.60,5.20
2009.03.16 07:04:43.077,0.827,0.82725,2.60,2.60
2009.03.16 07:04:54.434,0.827,0.8272,2.60,1.00
2009.03.16 07:04:54.934,0.827,0.8272,2.60,1.60
2009.03.16 07:04:58.723,0.827,0.8272,2.60,2.40
2009.03.16 07:04:58.843,0.82695,0.8272,2.60,3.40
2009.03.16 07:04:59.302,0.827,0.8272,2.60,2.60
2009.03.16 07:05:03.532,0.82695,0.8272,4.20,2.60
2009.03.16 07:05:03.752,0.82695,0.8272,2.60,2.60
2009.03.16 07:05:03.991,0.827,0.8272,2.60,2.60
2009.03.16 07:05:04.231,0.827,0.8272,2.60,1.60
2009.03.16 07:05:05.441,0.82705,0.82725,2.60,2.60
2009.03.16 07:05:05.611,0.82705,0.82725,2.60,1.60
2009.03.16 07:05:06.281,0.82705,0.82725,2.60,1.00
2009.03.16 07:05:10.260,0.82715,0.82735,2.60,2.60
2009.03.16 07:05:10.480,0.82715,0.82735,2.60,4.20
2009.03.16 07:05:10.760,0.82715,0.8274,2.60,2.40
2009.03.16 07:05:11.790,0.82725,0.82745,2.60,3.40
2009.03.16 07:05:12.069,0.82725,0.82745,2.60,2.60
2009.03.16 07:05:12.400,0.8272,0.8274,2.60,1.20
2009.03.16 07:05:26.016,0.8272,0.8274,3.00,1.00
2009.03.16 07:05:26.296,0.8272,0.82745,2.60,1.00
2009.03.16 07:05:27.046,0.82725,0.8275,2.60,3.20
2009.03.16 07:05:27.386,0.82725,0.8275,2.60,2.40
2009.03.16 07:05:28.136,0.82725,0.8275,2.60,1.20
2009.03.16 07:05:28.495,0.8273,0.82755,2.60,4.00
2009.03.16 07:05:28.667,0.8273,0.82755,2.60,3.20
2009.03.16 07:05:30.785,0.82725,0.8275,2.60,1.00
2009.03.16 07:05:30.845,0.82725,0.8275,2.60,1.20
2009.03.16 07:05:34.524,0.82725,0.8275,4.20,1.00
2009.03.16 07:05:34.634,0.8273,0.82755,2.60,3.20
2009.03.16 07:05:34.795,0.82735,0.8276,2.60,5.20
2009.03.16 07:05:35.034,0.82735,0.8276,2.60,2.60
2009.03.16 07:05:35.154,0.82735,0.8276,2.60,2.40
2009.03.16 07:05:36.713,0.82745,0.82765,2.60,1.60
2009.03.16 07:05:37.064,0.82745,0.82765,2.60,1.00
2009.03.16 07:05:37.993,0.82745,0.8277,2.60,2.40
2009.03.16 07:05:38.503,0.8275,0.8277,2.60,1.00
2009.03.16 07:05:38.843,0.8275,0.8277,2.60,1.00
2009.03.16 07:05:39.013,0.82745,0.8277,2.60,1.20
2009.03.16 07:05:39.833,0.82745,0.82775,2.60,1.00
2009.03.16 07:05:40.063,0.82755,0.8278,2.60,3.20
2009.03.16 07:05:40.243,0.82755,0.8278,2.60,2.40
2009.03.16 07:05:40.632,0.82745,0.8277,2.60,1.20
2009.03.16 07:05:40.923,0.82745,0.82765,2.60,1.00
2009.03.16 07:05:41.432,0.8275,0.82765,1.00,1.00
2009.03.16 07:05:41.732,0.82745,0.82765,2.60,1.00
2009.03.16 07:05:48.131,0.8275,0.8277,2.60,1.20
2009.03.16 07:05:49.690,0.82745,0.82765,2.60,1.00
2009.03.16 07:05:49.850,0.8275,0.8277,2.60,1.20
2009.03.16 07:05:50.140,0.82745,0.82765,4.20,1.00
2009.03.16 07:05:50.300,0.82745,0.82765,2.60,1.00
2009.03.16 07:05:51.340,0.82745,0.8277,2.60,1.00
2009.03.16 07:05:51.630,0.82745,0.82775,2.60,1.00
2009.03.16 07:05:54.200,0.82755,0.82785,2.60,5.60
2009.03.16 07:05:54.360,0.82755,0.82785,2.60,3.40
2009.03.16 07:05:54.419,0.8276,0.82785,2.60,2.60
2009.03.16 07:05:54.539,0.8276,0.8279,2.60,3.20
2009.03.16 07:05:54.719,0.82765,0.8279,2.60,3.20
2009.03.16 07:05:54.880,0.82765,0.8279,2.60,1.20
2009.03.16 07:05:56.739,0.8277,0.8279,2.60,1.00
2009.03.16 07:05:56.909,0.8277,0.82795,2.60,1.00
2009.03.16 07:05:57.908,0.82765,0.82785,2.00,1.00
2009.03.16 07:05:58.198,0.8276,0.82785,2.60,1.00
2009.03.16 07:06:00.578,0.8277,0.82785,1.40,1.00
2009.03.16 07:06:00.688,0.8277,0.82795,2.60,1.00
2009.03.16 07:06:06.107,0.82765,0.8279,2.60,1.20
2009.03.16 07:06:06.446,0.8276,0.8279,2.60,1.20
2009.03.16 07:06:09.235,0.8276,0.8279,2.60,3.20
2009.03.16 07:06:10.615,0.8276,0.8279,2.60,1.20
2009.03.16 07:06:12.885,0.8276,0.82785,2.60,1.00
2009.03.16 07:06:13.235,0.82765,0.8279,2.60,1.20
2009.03.16 07:06:20.183,0.8276,0.8279,2.60,1.20
2009.03.16 07:06:20.453,0.8276,0.8279,2.60,3.20
2009.03.16 07:06:22.173,0.82765,0.8279,2.60,3.20
2009.03.16 07:06:22.592,0.82765,0.8279,2.60,1.20
2009.03.16 07:06:24.572,0.8276,0.82785,2.60,1.00
2009.03.16 07:06:26.322,0.82755,0.82785,2.60,1.00
2009.03.16 07:06:26.492,0.82755,0.8278,2.60,1.00
2009.03.16 07:06:26.612,0.82755,0.8278,2.60,1.20
2009.03.16 07:06:27.391,0.8276,0.8278,2.60,1.20
2009.03.16 07:06:27.981,0.8276,0.8278,2.60,1.00
2009.03.16 07:06:28.261,0.8276,0.82785,2.60,1.00
2009.03.16 07:06:36.919,0.82755,0.8278,3.00,1.20
2009.03.16 07:06:37.149,0.82755,0.8278,2.60,1.20
2009.03.16 07:06:37.489,0.82755,0.8278,4.20,1.00
2009.03.16 07:06:37.839,0.8276,0.82785,2.60,1.00
2009.03.16 07:06:46.027,0.82755,0.82775,2.60,1.00
2009.03.16 07:06:46.367,0.8275,0.82765,2.60,1.00
2009.03.16 07:06:46.707,0.8275,0.82775,3.00,1.00
2009.03.16 07:06:46.927,0.8275,0.82775,1.00,1.00
2009.03.16 07:06:47.326,0.82745,0.82775,3.00,1.00
2009.03.16 07:06:47.836,0.82745,0.82765,1.00,1.00
2009.03.16 07:06:48.176,0.8274,0.82765,4.20,1.00
2009.03.16 07:06:48.676,0.8274,0.82765,5.40,1.00
2009.03.16 07:06:48.846,0.82735,0.82765,5.40,1.00
2009.03.16 07:06:49.436,0.8274,0.82765,2.60,1.00
2009.03.16 07:06:49.666,0.8274,0.82765,3.60,1.00
2009.03.16 07:06:49.886,0.82735,0.8276,5.40,1.20
2009.03.16 07:06:50.056,0.82735,0.8276,4.20,1.20
2009.03.16 07:06:50.286,0.82735,0.8276,3.60,1.20
2009.03.16 07:06:51.356,0.82735,0.8275,3.60,1.00
2009.03.16 07:06:51.645,0.82735,0.8275,3.60,1.20
2009.03.16 07:06:52.185,0.82735,0.8275,2.60,1.20
2009.03.16 07:06:52.535,0.8273,0.82745,2.40,1.00
2009.03.16 07:06:52.815,0.8273,0.82745,2.00,1.00
2009.03.16 07:06:53.225,0.82725,0.82745,1.00,1.00
2009.03.16 07:06:53.445,0.8272,0.82745,6.40,1.00
2009.03.16 07:06:53.685,0.8272,0.8274,3.80,1.00
2009.03.16 07:06:53.905,0.8272,0.8274,3.80,1.20
2009.03.16 07:06:54.195,0.8272,0.8274,2.40,1.20
2009.03.16 07:06:54.534,0.82715,0.8274,8.00,1.20
2009.03.16 07:06:55.105,0.82715,0.8274,2.80,1.20
2009.03.16 07:06:55.384,0.82715,0.82735,4.20,1.00
2009.03.16 07:06:55.615,0.82715,0.82735,3.00,1.00
2009.03.16 07:06:56.424,0.82715,0.82735,2.60,1.00
2009.03.16 07:06:56.664,0.8271,0.8273,4.20,1.00
2009.03.16 07:06:56.904,0.8271,0.8273,4.00,1.20
2009.03.16 07:06:57.134,0.8271,0.8273,2.40,1.20
2009.03.16 07:06:57.404,0.82705,0.8273,4.20,1.20
2009.03.16 07:06:58.963,0.8271,0.8273,2.60,1.20
2009.03.16 07:07:05.222,0.82705,0.82725,5.60,1.00
2009.03.16 07:07:05.272,0.82705,0.82725,4.20,1.00
2009.03.16 07:07:05.332,0.82705,0.82725,3.60,1.00
2009.03.16 07:07:05.442,0.8271,0.8273,2.60,1.20
2009.03.16 07:07:07.102,0.82705,0.8273,3.00,1.20
2009.03.16 07:07:07.322,0.82705,0.8273,2.60,1.20
2009.03.16 07:07:09.231,0.82705,0.82725,2.60,1.00
2009.03.16 07:07:09.511,0.82695,0.8272,2.00,1.20
2009.03.16 07:07:09.621,0.82695,0.8272,1.60,1.20
2009.03.16 07:07:10.201,0.82695,0.82715,1.60,1.00
2009.03.16 07:07:11.131,0.82695,0.8271,1.60,1.20
2009.03.16 07:07:12.150,0.82695,0.82705,1.60,1.00
2009.03.16 07:07:12.380,0.82695,0.82715,4.20,4.00
2009.03.16 07:07:12.620,0.82695,0.82715,4.20,1.00
2009.03.16 07:07:13.360,0.82695,0.82715,2.60,1.00
2009.03.16 07:07:15.430,0.82695,0.8272,2.60,3.20
2009.03.16 07:07:15.710,0.82695,0.82715,2.60,1.00
2009.03.16 07:07:31.207,0.82695,0.82715,2.60,1.00
2009.03.16 07:07:32.796,0.8269,0.8271,2.60,1.20
2009.03.16 07:07:39.034,0.82695,0.8271,2.60,1.00
2009.03.16 07:07:39.154,0.82695,0.8272,2.60,1.20
2009.03.16 07:07:39.734,0.82695,0.82725,3.00,1.00
2009.03.16 07:07:40.244,0.827,0.82725,1.00,1.00
2009.03.16 07:07:52.731,0.827,0.82725,2.60,1.00
2009.03.16 07:07:53.010,0.827,0.82725,3.00,1.00
2009.03.16 07:08:07.207,0.82695,0.82715,2.60,1.00
2009.03.16 07:08:08.987,0.827,0.8272,2.60,1.20
2009.03.16 07:08:11.946,0.827,0.8272,2.60,1.00
2009.03.16 07:08:12.176,0.827,0.82725,2.60,1.00
2009.03.16 07:08:12.646,0.827,0.8273,2.60,2.40
2009.03.16 07:08:14.926,0.827,0.8273,2.60,3.20
2009.03.16 07:08:15.155,0.827,0.8273,2.60,2.40
2009.03.16 07:08:18.054,0.827,0.8273,2.60,3.20
2009.03.16 07:08:18.975,0.827,0.8273,2.60,2.40
2009.03.16 07:08:19.474,0.827,0.8273,2.60,2.60
2009.03.16 07:08:19.654,0.827,0.8272,2.60,1.00
2009.03.16 07:08:19.814,0.82695,0.82715,2.60,1.00
2009.03.16 07:08:21.204,0.827,0.8273,2.60,2.40
2009.03.16 07:08:21.624,0.827,0.8273,3.00,2.40
2009.03.16 07:08:25.043,0.827,0.8273,2.60,2.40
2009.03.16 07:08:31.401,0.827,0.8273,2.60,2.40
2009.03.16 07:08:35.400,0.827,0.8273,3.00,2.40
2009.03.16 07:08:35.560,0.827,0.8273,2.60,2.40
2009.03.16 07:08:35.800,0.827,0.8273,3.00,2.40
2009.03.16 07:08:42.269,0.82705,0.8273,2.60,2.40
2009.03.16 07:08:42.619,0.8271,0.8274,2.60,3.20
2009.03.16 07:08:42.848,0.8271,0.8274,3.00,1.20
2009.03.16 07:08:43.128,0.82715,0.8274,5.60,1.20
2009.03.16 07:08:46.218,0.82715,0.8274,3.00,1.20
2009.03.16 07:08:47.697,0.8272,0.8274,1.00,1.20
2009.03.16 07:08:48.147,0.82715,0.8274,3.00,1.20
2009.03.16 07:08:48.767,0.82715,0.8274,2.60,1.20
2009.03.16 07:08:52.336,0.8272,0.82745,2.60,1.00
2009.03.16 07:08:55.416,0.82715,0.82745,4.60,1.00
2009.03.16 07:08:55.475,0.82715,0.82745,3.00,1.00
2009.03.16 07:08:57.775,0.8272,0.82745,2.60,1.00
2009.03.16 07:09:01.344,0.8272,0.82745,3.60,1.00
2009.03.16 07:09:01.564,0.82735,0.8276,2.60,5.60
2009.03.16 07:09:01.735,0.82735,0.8276,2.60,2.40
2009.03.16 07:09:01.964,0.82735,0.8276,2.60,1.20
2009.03.16 07:09:03.444,0.8274,0.8276,2.60,1.20
2009.03.16 07:09:03.983,0.82745,0.8276,2.60,1.00
2009.03.16 07:09:04.093,0.82745,0.82775,2.60,3.20
2009.03.16 07:09:04.323,0.82745,0.82775,2.60,1.60
2009.03.16 07:09:05.633,0.8274,0.82765,2.60,1.00
2009.03.16 07:09:07.692,0.8274,0.8276,2.60,1.00
2009.03.16 07:09:07.923,0.82735,0.8276,2.60,1.20
2009.03.16 07:09:08.033,0.8273,0.82755,2.60,1.00
2009.03.16 07:09:10.062,0.82725,0.82755,4.20,1.00
2009.03.16 07:09:10.222,0.82725,0.82755,3.60,1.00
2009.03.16 07:09:10.392,0.8273,0.82755,2.60,1.00
2009.03.16 07:09:12.002,0.82725,0.82755,2.80,1.00
2009.03.16 07:09:12.232,0.8272,0.82755,3.00,1.00
2009.03.16 07:09:12.581,0.82715,0.82755,4.20,1.00
2009.03.16 07:09:14.421,0.82715,0.82755,4.20,1.60
2009.03.16 07:09:14.531,0.82715,0.82755,3.00,2.60
2009.03.16 07:09:14.751,0.82715,0.82745,3.00,1.00
2009.03.16 07:09:15.331,0.82715,0.8274,1.00,1.20
2009.03.16 07:09:15.441,0.8271,0.8274,4.20,1.20
2009.03.16 07:09:15.501,0.8271,0.8274,3.00,1.20
2009.03.16 07:09:15.731,0.82715,0.8274,2.60,1.00
2009.03.16 07:09:15.910,0.82715,0.82745,3.00,1.00
2009.03.16 07:09:18.070,0.82725,0.82755,2.60,1.60
2009.03.16 07:09:18.240,0.82725,0.82755,2.60,1.00
2009.03.16 07:09:21.689,0.8272,0.8275,4.20,1.00
2009.03.16 07:09:21.979,0.8272,0.8275,3.60,1.20
2009.03.16 07:09:22.719,0.8272,0.8275,2.60,1.20
2009.03.16 07:09:23.059,0.82715,0.82745,4.20,1.00
2009.03.16 07:09:23.229,0.82715,0.82745,3.60,1.00
2009.03.16 07:09:23.509,0.8272,0.8275,2.60,1.00
2009.03.16 07:09:23.729,0.82725,0.82755,2.60,2.60
2009.03.16 07:09:23.839,0.82725,0.82755,2.60,1.00
2009.03.16 07:09:27.948,0.82725,0.82755,3.60,1.00
2009.03.16 07:09:28.237,0.8273,0.82755,2.60,1.00
2009.03.16 07:09:30.537,0.8273,0.82755,2.60,3.20
2009.03.16 07:09:32.916,0.82725,0.8275,3.60,1.20
2009.03.16 07:09:33.036,0.82725,0.8275,2.60,1.20
2009.03.16 07:09:33.388,0.82725,0.8275,4.20,1.20
2009.03.16 07:09:33.506,0.82735,0.82755,2.60,3.20
2009.03.16 07:09:33.736,0.82725,0.82745,5.20,1.00
2009.03.16 07:09:33.856,0.82725,0.82745,3.60,1.00
2009.03.16 07:09:34.016,0.82725,0.8274,2.60,1.00
2009.03.16 07:09:34.186,0.82725,0.8274,2.60,1.20
2009.03.16 07:09:34.886,0.82725,0.8274,2.60,1.00
2009.03.16 07:09:35.126,0.82725,0.82745,2.60,1.00
2009.03.16 07:09:35.466,0.82725,0.8275,2.60,1.20
2009.03.16 07:09:36.186,0.8273,0.82755,2.60,1.00
2009.03.16 07:09:41.994,0.8274,0.8276,2.60,3.20
2009.03.16 07:09:42.235,0.82735,0.82755,2.60,1.00
2009.03.16 07:09:43.264,0.8274,0.8276,2.60,1.20
2009.03.16 07:09:46.233,0.82735,0.82755,2.60,1.00
2009.03.16 07:09:47.363,0.82725,0.8275,2.00,1.00
2009.03.16 07:09:47.713,0.8272,0.82745,3.60,1.00
2009.03.16 07:09:48.063,0.8272,0.82745,2.60,1.00
2009.03.16 07:09:52.392,0.8271,0.82735,3.00,1.00
2009.03.16 07:09:52.672,0.8271,0.8273,2.60,1.20
2009.03.16 07:09:53.421,0.82715,0.8273,2.60,1.00
2009.03.16 07:09:53.711,0.82715,0.82735,2.60,1.00
2009.03.16 07:09:54.581,0.82715,0.82745,2.60,3.20
2009.03.16 07:09:54.641,0.82715,0.82745,2.60,1.00
2009.03.16 07:09:57.440,0.8273,0.8275,2.60,3.20
2009.03.16 07:09:57.720,0.8273,0.8275,2.60,2.40
2009.03.16 07:09:57.900,0.8272,0.8274,2.60,1.20
2009.03.16 07:09:58.140,0.8272,0.82745,2.60,1.00
2009.03.16 07:09:58.310,0.82725,0.82755,2.60,3.20
2009.03.16 07:09:59.220,0.8272,0.8275,3.60,1.00
2009.03.16 07:09:59.330,0.8272,0.8275,3.60,3.20
2009.03.16 07:09:59.430,0.8272,0.8275,2.60,3.20
2009.03.16 07:10:01.090,0.82715,0.82745,2.60,1.00
2009.03.16 07:10:01.589,0.8271,0.8274,2.60,1.20
2009.03.16 07:10:02.869,0.8271,0.8273,2.60,1.00
2009.03.16 07:10:03.089,0.8271,0.8273,2.60,1.20
2009.03.16 07:10:03.419,0.82705,0.82725,3.60,1.00
2009.03.16 07:10:03.599,0.82705,0.82725,2.60,1.00
2009.03.16 07:10:12.667,0.82705,0.8273,2.60,2.40
2009.03.16 07:10:13.007,0.82705,0.82735,2.60,4.80
2009.03.16 07:10:13.296,0.82705,0.82735,2.60,1.00
2009.03.16 07:10:16.066,0.82705,0.8273,2.60,1.20
2009.03.16 07:10:19.155,0.82705,0.8273,2.60,2.40
2009.03.16 07:10:20.655,0.827,0.82725,2.60,1.00
2009.03.16 07:10:21.735,0.827,0.82725,2.60,3.20
2009.03.16 07:10:22.754,0.827,0.82725,2.60,1.00
2009.03.16 07:10:22.994,0.82705,0.8273,2.60,2.60
2009.03.16 07:10:24.514,0.82705,0.8273,2.60,5.20
2009.03.16 07:10:24.744,0.827,0.82725,2.60,1.00
2009.03.16 07:10:30.553,0.82705,0.8273,2.60,3.40
2009.03.16 07:10:30.732,0.82705,0.8273,2.60,2.40
2009.03.16 07:10:35.681,0.82705,0.8273,2.60,1.20
2009.03.16 07:10:36.611,0.82705,0.82735,2.60,3.40
2009.03.16 07:10:36.911,0.82705,0.82735,2.60,2.60
2009.03.16 07:10:39.380,0.82705,0.8273,2.60,1.00
2009.03.16 07:10:39.490,0.82705,0.8273,2.60,1.20
2009.03.16 07:10:41.090,0.82705,0.8273,2.60,2.40
2009.03.16 07:10:41.260,0.82705,0.8273,2.60,3.20
2009.03.16 07:10:41.950,0.82705,0.8273,2.60,2.40
2009.03.16 07:10:44.199,0.82705,0.8273,2.60,2.60
2009.03.16 07:10:44.319,0.827,0.82725,2.60,1.00
2009.03.16 07:10:44.719,0.82695,0.82725,4.20,1.00
2009.03.16 07:10:44.899,0.82695,0.82725,2.60,1.00
2009.03.16 07:10:45.069,0.82695,0.82725,2.60,3.20
2009.03.16 07:10:45.619,0.827,0.82725,2.60,3.60
2009.03.16 07:10:45.789,0.827,0.8273,2.60,2.60
2009.03.16 07:10:48.288,0.827,0.82725,2.60,1.00
2009.03.16 07:10:48.688,0.827,0.82725,2.60,3.20
2009.03.16 07:10:49.208,0.82705,0.8273,2.60,3.20
2009.03.16 07:10:52.657,0.82705,0.8273,2.60,2.40
2009.03.16 07:10:54.807,0.8271,0.8273,2.60,2.40
2009.03.16 07:10:56.296,0.82705,0.8273,4.20,2.40
2009.03.16 07:10:56.467,0.82705,0.8273,2.60,2.40
2009.03.16 07:10:57.436,0.82705,0.8273,2.60,3.20
2009.03.16 07:11:00.335,0.827,0.82725,2.60,1.00
2009.03.16 07:11:01.135,0.82705,0.8273,2.60,3.20
2009.03.16 07:11:01.495,0.82705,0.8273,2.60,2.60
2009.03.16 07:11:01.785,0.82705,0.8273,2.60,3.20
2009.03.16 07:11:03.445,0.82705,0.8273,2.60,2.60
2009.03.16 07:11:07.223,0.82705,0.8273,2.60,3.20
2009.03.16 07:11:12.112,0.82705,0.82725,2.60,2.60
2009.03.16 07:11:12.342,0.827,0.82725,2.60,3.20
2009.03.16 07:11:12.512,0.827,0.8272,2.60,1.20
2009.03.16 07:11:15.931,0.82695,0.8272,4.20,1.20
2009.03.16 07:11:16.041,0.82695,0.8272,2.60,1.20
2009.03.16 07:11:16.211,0.82695,0.8272,2.60,2.40
2009.03.16 07:11:16.951,0.82695,0.8272,2.60,3.40
2009.03.16 07:11:17.341,0.82695,0.8272,2.60,5.20
2009.03.16 07:11:21.590,0.82695,0.8272,2.60,2.60
2009.03.16 07:11:26.449,0.82695,0.82725,2.60,6.40
2009.03.16 07:11:27.409,0.82695,0.82725,2.60,5.20
2009.03.16 07:11:27.750,0.82695,0.8272,2.60,1.60
2009.03.16 07:11:27.978,0.82695,0.8272,2.60,2.40
2009.03.16 07:11:28.658,0.8269,0.82715,2.60,1.00
2009.03.16 07:11:37.676,0.82695,0.8272,2.60,3.20
2009.03.16 07:11:38.026,0.82705,0.8272,2.60,1.00
2009.03.16 07:11:38.306,0.827,0.8272,2.60,1.60
2009.03.16 07:11:38.466,0.827,0.8272,2.60,2.40
2009.03.16 07:11:38.876,0.82695,0.82715,2.60,1.00
2009.03.16 07:11:41.735,0.82695,0.8271,2.60,1.00
2009.03.16 07:11:41.895,0.82695,0.8271,2.60,1.20
2009.03.16 07:11:42.315,0.8269,0.82715,2.60,1.00
2009.03.16 07:11:42.655,0.8269,0.8272,2.60,5.60
2009.03.16 07:11:42.995,0.8269,0.8272,2.60,1.20
2009.03.16 07:11:44.405,0.8269,0.82715,2.60,1.00
2009.03.16 07:11:54.502,0.82695,0.8272,2.60,2.40
2009.03.16 07:11:55.412,0.827,0.8272,2.60,2.40
2009.03.16 07:11:55.642,0.827,0.8272,2.60,1.20
2009.03.16 07:12:02.310,0.82705,0.82725,2.60,1.00
2009.03.16 07:12:02.540,0.8271,0.82725,2.60,1.00
2009.03.16 07:12:03.170,0.82705,0.82725,2.60,1.00
2009.03.16 07:12:04.490,0.82705,0.82735,2.60,4.00
2009.03.16 07:12:04.660,0.82705,0.82735,2.60,3.20
2009.03.16 07:12:04.829,0.82705,0.8274,2.60,2.60
2009.03.16 07:12:05.120,0.82715,0.8274,2.60,3.40
2009.03.16 07:12:05.359,0.82715,0.8274,2.60,2.40
2009.03.16 07:12:05.590,0.8271,0.8274,2.60,2.40
2009.03.16 07:12:05.860,0.8272,0.8274,2.60,3.20
2009.03.16 07:12:06.199,0.82715,0.8274,2.60,1.20
2009.03.16 07:12:06.929,0.8272,0.82745,2.60,5.20
2009.03.16 07:12:07.159,0.8272,0.82745,2.60,2.60
2009.03.16 07:12:08.399,0.8272,0.82745,2.60,5.20
2009.03.16 07:12:08.679,0.8272,0.8274,2.60,2.40
2009.03.16 07:12:09.069,0.82715,0.8274,4.20,2.40
2009.03.16 07:12:09.188,0.82715,0.8274,2.60,2.40
2009.03.16 07:12:15.697,0.8272,0.8274,2.60,2.40
2009.03.16 07:12:18.406,0.8272,0.8274,1.40,2.40
2009.03.16 07:12:18.636,0.8271,0.8274,2.60,2.40
2009.03.16 07:12:18.866,0.8271,0.8274,2.60,3.20
2009.03.16 07:12:19.046,0.8271,0.8273,2.60,1.20
2009.03.16 07:12:19.576,0.82715,0.82735,2.60,1.00
2009.03.16 07:12:22.246,0.8271,0.8273,2.60,1.00
2009.03.16 07:12:22.425,0.8271,0.8273,2.60,1.20
2009.03.16 07:12:22.865,0.82715,0.8274,2.60,5.20
2009.03.16 07:12:23.155,0.82705,0.82735,2.60,1.00
2009.03.16 07:12:23.835,0.82705,0.8274,2.60,2.00
2009.03.16 07:12:24.245,0.82705,0.8274,2.60,4.80
2009.03.16 07:12:25.975,0.82705,0.8274,2.60,2.00
2009.03.16 07:12:26.765,0.82705,0.82725,2.60,2.60
2009.03.16 07:12:26.994,0.827,0.8273,2.60,5.60
2009.03.16 07:12:27.284,0.827,0.8273,2.60,1.20
2009.03.16 07:12:28.384,0.82695,0.8273,2.60,2.40
2009.03.16 07:12:28.604,0.82695,0.8273,2.60,3.20
2009.03.16 07:12:29.363,0.82695,0.82725,2.60,2.60
2009.03.16 07:12:30.413,0.82695,0.8273,2.60,3.20
2009.03.16 07:12:35.792,0.82695,0.8273,2.60,5.20
2009.03.16 07:12:35.912,0.8269,0.82725,2.60,3.20
2009.03.16 07:12:36.072,0.82685,0.8272,3.60,1.00
2009.03.16 07:12:36.422,0.82685,0.8272,3.60,3.20
2009.03.16 07:12:37.302,0.8269,0.8272,2.60,2.60
2009.03.16 07:12:37.473,0.8269,0.82725,2.60,3.20
2009.03.16 07:12:40.301,0.82685,0.8272,5.20,1.00
2009.03.16 07:12:40.531,0.82685,0.8272,3.60,3.20
2009.03.16 07:12:42.160,0.82685,0.8272,2.60,3.20
2009.03.16 07:12:42.280,0.8268,0.82715,3.60,1.00
2009.03.16 07:12:42.741,0.8268,0.82715,2.60,3.20
2009.03.16 07:12:47.419,0.82675,0.8271,2.60,2.40
2009.03.16 07:12:47.639,0.8268,0.82715,2.60,5.20
2009.03.16 07:12:48.899,0.8268,0.8271,2.60,2.60
2009.03.16 07:12:49.009,0.8268,0.8271,2.60,3.20
2009.03.16 07:12:49.129,0.82675,0.8271,2.60,3.20
2009.03.16 07:12:56.627,0.82675,0.82705,2.60,1.00
2009.03.16 07:12:57.617,0.82675,0.8271,2.60,3.20
2009.03.16 07:12:58.007,0.82675,0.827,2.60,1.20
2009.03.16 07:12:59.227,0.8267,0.827,2.60,1.20
2009.03.16 07:12:59.406,0.82675,0.827,2.60,1.20
2009.03.16 07:13:00.096,0.82675,0.827,2.60,1.00
2009.03.16 07:13:00.266,0.82675,0.8271,2.60,3.20
2009.03.16 07:13:00.506,0.82675,0.82705,2.60,2.60
2009.03.16 07:13:00.796,0.82675,0.8271,2.60,2.60
2009.03.16 07:13:01.126,0.8268,0.8271,2.60,2.60
2009.03.16 07:13:01.466,0.82685,0.8271,2.60,2.60
2009.03.16 07:13:01.696,0.82685,0.82715,2.60,2.60
2009.03.16 07:13:01.866,0.82685,0.8272,2.60,5.20
2009.03.16 07:13:02.326,0.82685,0.82715,2.60,2.60
2009.03.16 07:13:04.095,0.8268,0.82715,2.60,2.60
2009.03.16 07:13:04.275,0.8268,0.82705,2.60,1.00
2009.03.16 07:13:05.835,0.82675,0.82705,2.60,1.00
2009.03.16 07:13:06.005,0.82675,0.82705,2.60,3.20
2009.03.16 07:13:08.044,0.82675,0.827,2.60,2.60
2009.03.16 07:13:11.913,0.82675,0.827,2.60,3.20
2009.03.16 07:13:13.353,0.82675,0.827,2.60,1.20
2009.03.16 07:13:14.093,0.8267,0.82695,2.60,1.00
2009.03.16 07:13:14.453,0.82675,0.827,2.60,3.20
2009.03.16 07:13:14.623,0.82675,0.827,2.60,1.20
2009.03.16 07:13:16.532,0.82675,0.827,2.60,3.20
2009.03.16 07:13:16.822,0.82675,0.82705,2.60,3.20
2009.03.16 07:13:19.591,0.82675,0.82705,4.20,3.20
2009.03.16 07:13:19.931,0.8268,0.82705,2.60,3.20
2009.03.16 07:13:20.151,0.82675,0.82705,2.60,1.00
2009.03.16 07:13:20.491,0.82675,0.82705,2.60,3.20
2009.03.16 07:13:24.440,0.82675,0.82705,4.20,3.20
2009.03.16 07:13:24.600,0.8268,0.82705,2.60,3.20
2009.03.16 07:13:24.710,0.8268,0.82705,2.60,1.00
2009.03.16 07:13:27.059,0.82695,0.8271,2.60,2.60
2009.03.16 07:13:27.339,0.82685,0.8271,2.60,3.20
2009.03.16 07:13:27.630,0.8268,0.82705,3.00,1.00
2009.03.16 07:13:27.909,0.8268,0.82705,2.60,1.00
2009.03.16 07:13:28.589,0.82685,0.8271,2.60,2.60
2009.03.16 07:13:29.029,0.82685,0.82705,2.60,3.40
2009.03.16 07:13:29.439,0.82675,0.82705,2.60,3.20
2009.03.16 07:13:29.679,0.82685,0.82705,2.60,1.60
2009.03.16 07:13:30.129,0.82685,0.82705,2.60,1.00
2009.03.16 07:13:30.419,0.82685,0.8271,4.20,1.20
2009.03.16 07:13:30.649,0.82685,0.82715,2.60,3.20
2009.03.16 07:13:32.628,0.82685,0.82715,2.60,2.60
2009.03.16 07:13:32.738,0.82685,0.8272,2.60,3.20
2009.03.16 07:13:32.858,0.82685,0.8272,2.60,2.60
2009.03.16 07:13:33.138,0.82685,0.82725,2.60,5.20
2009.03.16 07:13:33.358,0.82685,0.82725,3.60,3.20
2009.03.16 07:13:33.808,0.8269,0.82725,2.60,2.60
2009.03.16 07:13:34.218,0.8269,0.8273,2.60,6.40
2009.03.16 07:13:34.568,0.8269,0.82725,1.20,1.00
2009.03.16 07:13:34.928,0.82685,0.82725,4.20,1.00
2009.03.16 07:13:35.098,0.82685,0.82725,3.60,3.20
2009.03.16 07:13:37.067,0.8269,0.82725,1.20,3.20
2009.03.16 07:13:37.357,0.82695,0.82725,2.60,3.20
2009.03.16 07:13:37.458,0.82695,0.82725,2.60,1.00
2009.03.16 07:13:37.737,0.827,0.8273,2.60,4.80
2009.03.16 07:13:38.607,0.827,0.8273,2.60,2.00
2009.03.16 07:13:39.597,0.827,0.82725,2.60,1.00
2009.03.16 07:13:41.886,0.827,0.82725,2.60,3.20
2009.03.16 07:13:44.185,0.827,0.82725,2.60,1.00
2009.03.16 07:13:47.296,0.827,0.82725,2.60,3.20
2009.03.16 07:13:49.374,0.8269,0.8272,2.60,1.20
2009.03.16 07:13:55.453,0.827,0.82725,2.60,4.00
2009.03.16 07:13:55.643,0.827,0.82725,2.60,1.00
2009.03.16 07:13:56.263,0.8269,0.8272,3.00,1.20
2009.03.16 07:13:57.012,0.827,0.8273,2.60,2.40
2009.03.16 07:13:57.642,0.82695,0.82725,3.00,1.00
2009.03.16 07:13:58.102,0.827,0.8273,2.60,1.20
2009.03.16 07:13:58.442,0.82695,0.82725,3.00,1.00
2009.03.16 07:13:58.782,0.827,0.82725,1.00,1.00
2009.03.16 07:13:59.652,0.82695,0.82725,3.00,1.00
2009.03.16 07:13:59.932,0.82695,0.82725,4.20,1.00
2009.03.16 07:14:00.722,0.8269,0.8272,5.40,1.20
2009.03.16 07:14:00.901,0.8269,0.8272,4.20,1.20
2009.03.16 07:14:01.171,0.82695,0.8272,1.00,1.20
2009.03.16 07:14:01.401,0.8269,0.8272,4.20,1.20
2009.03.16 07:14:04.360,0.8269,0.8272,5.40,1.20
2009.03.16 07:14:04.581,0.82695,0.82735,3.60,11.20
2009.03.16 07:14:04.851,0.82695,0.82735,3.60,2.60
2009.03.16 07:14:05.380,0.827,0.82735,2.60,2.60
2009.03.16 07:14:05.550,0.827,0.8274,3.60,3.20
2009.03.16 07:14:06.900,0.827,0.8274,4.20,3.20
2009.03.16 07:14:07.080,0.827,0.8274,7.00,3.20
2009.03.16 07:14:07.200,0.82715,0.8274,2.60,3.20
2009.03.16 07:14:07.480,0.82715,0.82745,2.60,2.60
2009.03.16 07:14:08.960,0.82715,0.8275,2.60,2.60
2009.03.16 07:14:09.349,0.8272,0.8275,2.60,2.60
2009.03.16 07:14:09.409,0.8272,0.82755,2.60,3.60
2009.03.16 07:14:09.579,0.8272,0.82755,2.60,2.60
2009.03.16 07:14:11.179,0.82715,0.82755,4.20,2.60
2009.03.16 07:14:14.129,0.82715,0.8276,4.20,5.20
2009.03.16 07:14:14.308,0.8272,0.82765,4.60,8.00
2009.03.16 07:14:14.478,0.8272,0.82765,8.00,6.80
2009.03.16 07:14:14.878,0.8272,0.82765,8.00,6.40
2009.03.16 07:14:15.168,0.82725,0.82765,2.80,1.60
2009.03.16 07:14:16.268,0.82725,0.82765,2.40,4.20
2009.03.16 07:14:16.798,0.82725,0.82765,2.80,1.60
2009.03.16 07:14:17.288,0.8273,0.82765,2.60,4.20
2009.03.16 07:14:17.467,0.8273,0.82765,3.00,1.60
2009.03.16 07:14:17.758,0.8273,0.82765,1.00,1.60
2009.03.16 07:14:17.928,0.82725,0.8277,4.80,5.20
2009.03.16 07:14:18.227,0.8273,0.8277,3.00,5.20
2009.03.16 07:14:19.877,0.8273,0.8277,4.20,3.20
2009.03.16 07:14:20.057,0.8273,0.8277,4.20,2.60
2009.03.16 07:14:20.337,0.8273,0.82765,3.60,2.60
2009.03.16 07:14:20.747,0.8273,0.8277,3.60,2.60
2009.03.16 07:14:21.097,0.8273,0.82765,4.80,5.20
2009.03.16 07:14:21.386,0.8272,0.82765,4.20,5.20
2009.03.16 07:14:22.876,0.8272,0.8276,4.20,3.20
2009.03.16 07:14:24.655,0.8272,0.8276,4.20,2.60
2009.03.16 07:14:25.165,0.8272,0.82765,4.20,6.40
2009.03.16 07:14:26.126,0.8272,0.8276,3.60,4.80
2009.03.16 07:14:26.245,0.8272,0.8276,1.00,4.80
2009.03.16 07:14:26.355,0.82715,0.8276,4.20,4.80
2009.03.16 07:14:27.765,0.82715,0.82755,4.20,2.60
2009.03.16 07:14:28.605,0.8272,0.82755,2.60,2.60
2009.03.16 07:14:28.835,0.82715,0.82755,5.60,2.60
2009.03.16 07:14:29.065,0.8272,0.82755,1.20,2.60
2009.03.16 07:14:29.305,0.82725,0.82755,3.60,2.60
2009.03.16 07:14:29.715,0.8273,0.8276,6.80,2.60
2009.03.16 07:14:30.064,0.8274,0.8276,4.20,2.60
2009.03.16 07:14:30.284,0.8275,0.82765,2.60,2.60
2009.03.16 07:14:30.604,0.8275,0.82765,5.00,2.60
2009.03.16 07:14:30.904,0.8276,0.82765,2.60,2.60
2009.03.16 07:14:31.254,0.82755,0.8277,3.60,2.60
2009.03.16 07:14:32.134,0.82755,0.82775,3.60,2.60
2009.03.16 07:14:33.554,0.82755,0.8281,4.20,5.20
2009.03.16 07:14:33.894,0.8276,0.8281,2.60,4.80
2009.03.16 07:14:34.183,0.8276,0.82805,2.60,2.60
2009.03.16 07:14:35.423,0.8276,0.828,2.60,4.80
2009.03.16 07:14:36.043,0.82765,0.828,2.60,4.80
2009.03.16 07:14:36.853,0.82765,0.828,2.60,2.60
2009.03.16 07:14:37.223,0.82765,0.82795,2.60,2.60
2009.03.16 07:14:38.092,0.82765,0.828,2.60,2.60
2009.03.16 07:14:38.353,0.82765,0.82805,2.60,5.20
2009.03.16 07:14:39.972,0.82765,0.828,2.60,2.60
2009.03.16 07:14:41.791,0.82765,0.828,4.20,2.60
2009.03.16 07:14:41.972,0.8277,0.82805,2.60,5.20
2009.03.16 07:14:44.301,0.8277,0.82805,3.00,2.60
2009.03.16 07:14:44.531,0.8277,0.82805,3.00,1.60
2009.03.16 07:14:45.101,0.8277,0.82805,2.60,1.60
2009.03.16 07:14:46.101,0.8277,0.82805,3.00,1.60
2009.03.16 07:14:46.211,0.8277,0.82805,3.00,1.00
2009.03.16 07:14:47.400,0.82775,0.8281,3.00,2.60
2009.03.16 07:14:47.680,0.82775,0.8281,1.00,2.60
2009.03.16 07:14:48.130,0.8277,0.8281,4.20,3.40
2009.03.16 07:14:48.350,0.82775,0.8281,3.00,2.60
2009.03.16 07:14:48.590,0.82775,0.82815,3.00,2.00
2009.03.16 07:14:48.810,0.8278,0.82815,1.00,2.00
2009.03.16 07:14:49.340,0.8278,0.82815,2.40,2.00
2009.03.16 07:14:49.580,0.8278,0.82815,1.00,2.00
2009.03.16 07:14:50.250,0.8278,0.8281,1.00,1.00
2009.03.16 07:14:50.659,0.8278,0.8281,3.00,1.00
2009.03.16 07:14:51.059,0.8278,0.8282,3.00,2.60
2009.03.16 07:14:51.529,0.82785,0.8282,3.00,2.60
2009.03.16 07:14:52.049,0.82785,0.8282,3.00,2.40
2009.03.16 07:14:52.269,0.82785,0.82825,2.60,7.20
2009.03.16 07:14:52.499,0.82785,0.8282,2.60,2.40
2009.03.16 07:14:52.719,0.82785,0.8282,4.20,5.20
2009.03.16 07:14:52.959,0.8279,0.8282,2.60,4.80
2009.03.16 07:14:53.239,0.8279,0.82825,3.00,3.60
2009.03.16 07:14:53.919,0.8279,0.8282,3.00,2.00
2009.03.16 07:14:54.209,0.8279,0.82815,2.60,2.00
2009.03.16 07:14:54.438,0.82785,0.82815,2.60,2.60
2009.03.16 07:14:57.668,0.82785,0.82815,3.00,2.00
2009.03.16 07:14:59.267,0.82785,0.82815,3.00,1.00
2009.03.16 07:14:59.539,0.82785,0.82815,2.60,1.00
2009.03.16 07:15:00.757,0.82785,0.8281,2.60,1.00
2009.03.16 07:15:00.937,0.82785,0.82805,2.60,1.00
2009.03.16 07:15:02.126,0.82785,0.82815,2.60,1.00
2009.03.16 07:15:02.927,0.82785,0.82815,3.00,1.00
2009.03.16 07:15:03.166,0.82785,0.82815,2.60,1.00
2009.03.16 07:15:05.166,0.82785,0.82815,2.60,3.20
2009.03.16 07:15:05.396,0.8278,0.8281,2.60,1.20
2009.03.16 07:15:05.686,0.8278,0.82805,2.60,1.00
2009.03.16 07:15:06.296,0.8278,0.828,2.60,1.00
2009.03.16 07:15:06.466,0.82775,0.828,2.60,1.20
2009.03.16 07:15:07.165,0.8277,0.82795,2.60,1.00
2009.03.16 07:15:15.353,0.82765,0.82785,2.60,1.00
2009.03.16 07:15:23.411,0.8276,0.82785,2.60,1.00
2009.03.16 07:15:24.741,0.82755,0.82785,2.60,1.00
2009.03.16 07:15:25.011,0.8275,0.8278,2.60,1.00
2009.03.16 07:15:25.131,0.8275,0.8278,3.00,1.00
2009.03.16 07:15:25.711,0.8275,0.8278,2.60,1.00
2009.03.16 07:15:27.060,0.82745,0.8278,1.00,1.20
2009.03.16 07:15:27.281,0.82745,0.8278,5.60,1.20
2009.03.16 07:15:27.570,0.8275,0.8278,1.00,1.20
2009.03.16 07:15:27.800,0.82745,0.8278,1.00,1.20
2009.03.16 07:15:29.390,0.82745,0.8278,5.60,1.20
2009.03.16 07:15:32.489,0.82745,0.8278,1.00,1.20
2009.03.16 07:15:32.989,0.8274,0.8278,3.00,1.00
2009.03.16 07:15:33.109,0.82745,0.8278,2.60,1.00
2009.03.16 07:15:42.797,0.82755,0.82785,2.60,3.20
2009.03.16 07:15:42.917,0.82755,0.82785,2.60,8.00
2009.03.16 07:15:42.977,0.8275,0.82775,2.60,1.00
2009.03.16 07:15:43.307,0.82755,0.8278,2.60,2.60
2009.03.16 07:15:43.596,0.82755,0.82785,2.60,3.20
2009.03.16 07:15:48.166,0.8274,0.8277,2.60,1.20
2009.03.16 07:15:48.395,0.8274,0.82775,2.60,1.00
2009.03.16 07:15:48.625,0.82735,0.8277,3.00,1.00
2009.03.16 07:15:48.955,0.8274,0.82775,2.60,10.60
2009.03.16 07:15:49.295,0.82735,0.8278,4.60,3.20
2009.03.16 07:15:49.595,0.82735,0.8278,3.00,3.20
2009.03.16 07:15:50.525,0.82735,0.82775,3.00,2.60
2009.03.16 07:15:50.975,0.82735,0.82775,2.60,2.60
2009.03.16 07:15:51.135,0.82735,0.82775,3.00,2.60
2009.03.16 07:15:51.595,0.82735,0.82775,2.60,2.60
2009.03.16 07:15:52.544,0.82735,0.82775,3.00,2.60
2009.03.16 07:15:53.694,0.82735,0.8278,3.00,5.20
2009.03.16 07:15:53.924,0.82735,0.8278,3.00,3.20
2009.03.16 07:15:54.304,0.82735,0.82775,2.60,3.20
2009.03.16 07:15:54.464,0.82735,0.82775,4.20,3.20
2009.03.16 07:15:54.584,0.8274,0.82765,2.60,2.60
2009.03.16 07:15:54.744,0.8274,0.8277,2.60,2.60
2009.03.16 07:15:56.074,0.8274,0.82775,2.60,3.20
2009.03.16 07:15:56.354,0.8274,0.8277,2.60,2.60
2009.03.16 07:15:56.595,0.8274,0.82775,2.60,2.60
2009.03.16 07:15:56.764,0.8274,0.82775,2.60,3.20
2009.03.16 07:15:57.074,0.8274,0.8277,2.60,2.60
2009.03.16 07:15:57.303,0.8274,0.82775,2.60,3.20
2009.03.16 07:15:57.593,0.8274,0.8277,2.60,2.60
2009.03.16 07:15:58.053,0.8274,0.82775,2.60,3.20
2009.03.16 07:15:58.283,0.8274,0.8277,2.60,2.60
2009.03.16 07:15:58.843,0.8274,0.8278,2.60,3.20
2009.03.16 07:15:59.113,0.8275,0.8278,2.60,3.20
2009.03.16 07:15:59.463,0.82755,0.82785,2.60,2.60
2009.03.16 07:15:59.753,0.82755,0.8279,2.60,1.20
2009.03.16 07:16:01.532,0.82755,0.8279,3.00,1.20
2009.03.16 07:16:02.272,0.82765,0.8279,1.00,1.20
2009.03.16 07:16:02.382,0.8276,0.8279,5.60,1.20
2009.03.16 07:16:02.502,0.8276,0.82785,5.60,1.00
2009.03.16 07:16:02.622,0.8276,0.82785,2.40,1.00
2009.03.16 07:16:02.832,0.82755,0.82785,3.00,1.00
2009.03.16 07:16:03.222,0.8275,0.8278,3.00,1.00
2009.03.16 07:16:03.392,0.8275,0.8278,2.60,1.00
2009.03.16 07:16:03.622,0.8275,0.8278,3.00,1.00
2009.03.16 07:16:03.862,0.8276,0.82785,2.60,1.00
2009.03.16 07:16:04.242,0.82755,0.82785,4.60,1.00
2009.03.16 07:16:04.592,0.82755,0.82785,2.60,3.60
2009.03.16 07:16:04.832,0.82755,0.82785,2.60,4.80
2009.03.16 07:16:05.071,0.8275,0.8278,2.60,3.20
2009.03.16 07:16:08.850,0.82755,0.8278,2.60,2.60
2009.03.16 07:16:09.420,0.8274,0.8278,3.00,1.20
2009.03.16 07:16:09.650,0.8275,0.8278,2.60,1.60
2009.03.16 07:16:09.830,0.8274,0.8278,2.60,3.20
2009.03.16 07:16:10.000,0.82745,0.8278,2.60,3.20
2009.03.16 07:16:10.170,0.82745,0.82775,2.60,2.60
2009.03.16 07:16:10.500,0.82745,0.8278,2.60,3.20
2009.03.16 07:16:11.060,0.8275,0.8278,2.60,3.20
2009.03.16 07:16:12.400,0.8274,0.82775,2.60,1.00
2009.03.16 07:16:12.570,0.8274,0.82775,2.60,3.20
2009.03.16 07:16:23.347,0.8274,0.82775,2.60,1.00
2009.03.16 07:16:23.967,0.8274,0.8278,2.60,3.20
2009.03.16 07:16:24.187,0.8274,0.8278,3.00,4.40
2009.03.16 07:16:24.357,0.8274,0.8278,3.00,1.20
2009.03.16 07:16:24.586,0.8274,0.82785,3.00,3.20
2009.03.16 07:16:24.747,0.8275,0.82785,2.60,3.20
2009.03.16 07:16:24.927,0.8275,0.82785,2.60,1.00
2009.03.16 07:16:25.107,0.8275,0.8279,2.60,2.60
2009.03.16 07:16:27.866,0.8275,0.82795,3.00,5.20
2009.03.16 07:16:29.825,0.8275,0.82795,3.00,3.20
2009.03.16 07:16:30.665,0.8275,0.8279,2.60,2.60
2009.03.16 07:16:31.275,0.8275,0.8279,3.00,1.00
2009.03.16 07:16:31.595,0.8275,0.82785,3.00,1.00
2009.03.16 07:16:33.235,0.8276,0.82785,2.00,1.00
2009.03.16 07:16:33.464,0.8276,0.8279,3.00,1.00
2009.03.16 07:16:33.575,0.8276,0.828,2.60,3.20
2009.03.16 07:16:34.124,0.8277,0.828,2.60,3.20
2009.03.16 07:16:34.474,0.8277,0.828,2.60,1.20
2009.03.16 07:16:34.774,0.8277,0.8281,3.00,2.40
2009.03.16 07:16:35.184,0.8277,0.82815,3.00,3.40
2009.03.16 07:16:35.364,0.8277,0.82815,3.00,2.60
2009.03.16 07:16:35.534,0.8277,0.82815,3.00,3.20
2009.03.16 07:16:36.054,0.8277,0.82815,3.00,2.60
2009.03.16 07:16:36.164,0.8277,0.82815,4.20,2.60
2009.03.16 07:16:36.224,0.82775,0.82815,2.60,2.60
2009.03.16 07:16:37.833,0.82775,0.8281,2.60,2.60
2009.03.16 07:16:37.993,0.8278,0.82815,2.60,2.60
2009.03.16 07:16:38.103,0.8278,0.8281,2.60,2.60
2009.03.16 07:16:38.393,0.82775,0.8281,2.60,3.20
2009.03.16 07:16:39.293,0.8277,0.8281,2.60,3.20
2009.03.16 07:16:39.403,0.8277,0.828,2.60,2.60
2009.03.16 07:16:39.573,0.82765,0.828,4.20,3.20
2009.03.16 07:16:39.693,0.82765,0.828,2.60,3.20
2009.03.16 07:16:40.993,0.8277,0.828,2.60,3.20
2009.03.16 07:16:41.282,0.8277,0.828,2.60,5.60
2009.03.16 07:16:41.503,0.8277,0.828,3.00,1.20
2009.03.16 07:16:41.983,0.8277,0.828,2.60,3.20
2009.03.16 07:16:42.162,0.8277,0.82795,2.60,1.00
2009.03.16 07:16:42.322,0.82765,0.82785,2.60,1.00
2009.03.16 07:16:42.492,0.82755,0.82785,4.20,1.00
2009.03.16 07:16:42.662,0.82755,0.82785,2.60,1.00
2009.03.16 07:16:43.362,0.82755,0.82785,2.60,3.20
2009.03.16 07:16:43.872,0.8276,0.8279,2.60,3.20
2009.03.16 07:16:44.282,0.8277,0.8279,2.60,2.60
2009.03.16 07:16:44.682,0.8276,0.8279,2.60,2.60
2009.03.16 07:16:44.912,0.8276,0.82795,2.60,1.60
2009.03.16 07:16:45.082,0.8276,0.82795,2.60,1.00
2009.03.16 07:16:45.552,0.8276,0.82795,2.60,3.20
2009.03.16 07:16:47.891,0.8276,0.8279,2.60,2.60
2009.03.16 07:16:48.291,0.8276,0.82785,2.60,2.60
2009.03.16 07:16:49.261,0.8276,0.8278,2.60,2.60
2009.03.16 07:16:49.890,0.8276,0.82785,2.60,2.60
2009.03.16 07:16:50.580,0.82765,0.82785,2.60,2.60
2009.03.16 07:16:50.750,0.82765,0.8279,2.60,2.60
2009.03.16 07:16:50.980,0.8277,0.8279,2.60,2.60
2009.03.16 07:16:51.151,0.8277,0.82805,3.00,4.80
2009.03.16 07:16:51.440,0.8277,0.828,3.00,1.00
2009.03.16 07:16:51.670,0.8277,0.82805,3.00,4.80
2009.03.16 07:16:51.940,0.8277,0.82805,3.00,1.00
2009.03.16 07:16:54.889,0.8277,0.828,3.00,1.00
2009.03.16 07:16:54.999,0.8277,0.828,2.60,1.20
2009.03.16 07:16:55.229,0.8277,0.828,2.60,3.20
2009.03.16 07:16:55.409,0.8277,0.828,2.60,1.20
2009.03.16 07:17:05.057,0.82775,0.82795,2.60,1.00
2009.03.16 07:17:05.527,0.82775,0.828,2.60,1.20
2009.03.16 07:17:05.857,0.82775,0.828,2.60,3.20
2009.03.16 07:17:05.977,0.8277,0.82795,2.60,1.00
2009.03.16 07:17:06.777,0.8278,0.828,2.60,1.20
2009.03.16 07:17:06.896,0.82785,0.828,2.60,1.00
2009.03.16 07:17:07.067,0.8278,0.82805,2.60,1.00
2009.03.16 07:17:07.306,0.8278,0.8279,1.40,1.00
2009.03.16 07:17:07.536,0.8277,0.8279,2.60,1.00
2009.03.16 07:17:08.096,0.8277,0.828,2.60,1.20
2009.03.16 07:17:08.666,0.82765,0.82795,4.60,1.00
2009.03.16 07:17:08.956,0.82765,0.8279,1.00,1.20
2009.03.16 07:17:09.176,0.8276,0.8279,2.60,1.20
2009.03.16 07:17:09.516,0.8276,0.8279,3.00,1.20
2009.03.16 07:17:11.596,0.8276,0.82785,2.60,1.00
2009.03.16 07:17:12.685,0.82765,0.8278,2.60,1.00
2009.03.16 07:17:12.985,0.82755,0.8278,4.20,1.00
2009.03.16 07:17:13.215,0.82755,0.8278,2.60,1.20
2009.03.16 07:17:14.284,0.8275,0.82775,2.60,1.00
2009.03.16 07:17:16.204,0.8276,0.82775,1.40,1.00
2009.03.16 07:17:16.314,0.8276,0.8278,2.60,1.20
2009.03.16 07:17:16.884,0.8275,0.8278,3.00,1.20
2009.03.16 07:17:17.114,0.8275,0.8278,2.60,1.20
2009.03.16 07:17:17.454,0.8275,0.8278,2.60,3.20
2009.03.16 07:17:17.844,0.8275,0.8278,2.60,1.20
2009.03.16 07:17:18.393,0.82755,0.82785,2.60,4.00
2009.03.16 07:17:18.744,0.82755,0.82785,2.60,1.00
2009.03.16 07:17:19.033,0.82755,0.82785,2.60,4.00
2009.03.16 07:17:19.373,0.82755,0.82785,2.60,3.20
2009.03.16 07:17:19.603,0.82755,0.82785,3.00,1.00
2009.03.16 07:17:20.003,0.8276,0.82785,2.60,1.00
2009.03.16 07:17:20.533,0.8276,0.8278,2.60,1.00
2009.03.16 07:17:20.703,0.8276,0.8278,2.60,1.20
2009.03.16 07:17:21.033,0.82755,0.82775,2.60,1.00
2009.03.16 07:17:21.263,0.8277,0.8278,2.60,1.00
2009.03.16 07:17:21.503,0.8277,0.8279,2.60,1.20
2009.03.16 07:17:21.743,0.8276,0.82785,3.00,1.00
2009.03.16 07:17:21.983,0.8276,0.82785,2.60,1.00
2009.03.16 07:17:22.773,0.8276,0.82785,3.00,1.00
2009.03.16 07:17:23.733,0.8276,0.82785,2.60,1.00
2009.03.16 07:17:24.072,0.8276,0.8278,2.60,1.00
2009.03.16 07:17:24.633,0.82765,0.82785,2.60,1.00
2009.03.16 07:17:27.002,0.8276,0.8278,2.60,1.00
2009.03.16 07:17:27.172,0.8276,0.8278,2.60,1.20
2009.03.16 07:17:27.282,0.8276,0.8278,3.00,1.00
2009.03.16 07:17:27.451,0.82765,0.82785,2.60,1.00
2009.03.16 07:17:27.502,0.82765,0.82785,4.20,1.00
2009.03.16 07:17:27.621,0.8277,0.8279,2.60,1.20
2009.03.16 07:17:27.782,0.82775,0.82795,2.60,4.00
2009.03.16 07:17:28.181,0.82775,0.82795,2.60,1.00
2009.03.16 07:17:28.521,0.8277,0.8279,2.60,1.00
2009.03.16 07:17:30.191,0.82775,0.82795,2.60,1.00
2009.03.16 07:17:30.641,0.82775,0.828,2.60,1.20
2009.03.16 07:17:32.630,0.8278,0.828,2.60,1.20
2009.03.16 07:17:33.990,0.82775,0.82795,4.20,1.00
2009.03.16 07:17:34.290,0.82775,0.82795,2.60,1.00
2009.03.16 07:17:35.480,0.8277,0.82785,2.60,1.00
2009.03.16 07:17:36.999,0.8277,0.82805,2.60,4.00
2009.03.16 07:17:37.119,0.8277,0.82805,3.00,1.60
2009.03.16 07:17:37.299,0.8277,0.82805,3.00,1.00
2009.03.16 07:17:37.789,0.8278,0.82815,2.60,2.60
2009.03.16 07:17:38.189,0.8278,0.8282,2.60,3.20
2009.03.16 07:17:38.539,0.82775,0.82815,3.00,1.00
2009.03.16 07:17:38.839,0.82775,0.82815,3.00,3.20
2009.03.16 07:17:39.529,0.82775,0.82815,1.00,3.20
2009.03.16 07:17:39.868,0.8277,0.82795,1.00,1.00
2009.03.16 07:17:40.039,0.82755,0.82795,7.80,3.20
2009.03.16 07:17:40.209,0.8275,0.8279,7.20,1.00
2009.03.16 07:17:40.378,0.8275,0.8279,5.60,1.20
2009.03.16 07:17:40.678,0.8275,0.8278,1.00,1.00
2009.03.16 07:17:41.008,0.82745,0.8278,2.60,1.20
2009.03.16 07:17:41.298,0.8274,0.82775,2.60,1.00
2009.03.16 07:17:41.578,0.82745,0.8278,2.60,1.20
2009.03.16 07:17:41.928,0.82755,0.82785,2.60,2.60
2009.03.16 07:17:42.168,0.82755,0.82785,2.60,4.20
2009.03.16 07:17:42.448,0.82755,0.8279,2.60,1.20
2009.03.16 07:17:44.217,0.82755,0.8279,2.60,2.60
2009.03.16 07:17:45.647,0.82755,0.8279,2.60,3.20
2009.03.16 07:17:45.757,0.8276,0.8279,2.60,2.60
2009.03.16 07:17:45.927,0.8276,0.82795,2.60,3.20
2009.03.16 07:17:46.258,0.8276,0.82795,2.60,2.60
2009.03.16 07:17:46.477,0.8276,0.828,3.00,1.20
2009.03.16 07:17:46.647,0.82765,0.82805,2.60,3.20
2009.03.16 07:17:46.817,0.82765,0.82805,3.00,2.60
2009.03.16 07:17:47.287,0.82765,0.8281,3.00,2.60
2009.03.16 07:17:48.277,0.8277,0.82815,1.00,3.20
2009.03.16 07:17:48.626,0.82765,0.8281,3.00,2.60
2009.03.16 07:17:57.094,0.8277,0.8281,3.00,1.20
2009.03.16 07:17:57.384,0.8277,0.8281,2.60,3.20
2009.03.16 07:17:58.484,0.8277,0.8281,2.60,2.60
2009.03.16 07:17:58.774,0.8277,0.82815,3.00,3.20
2009.03.16 07:17:59.344,0.8277,0.82805,2.60,2.60
2009.03.16 07:18:00.153,0.8277,0.828,2.60,2.60
2009.03.16 07:18:00.714,0.82765,0.828,2.60,2.60
2009.03.16 07:18:01.923,0.82765,0.82795,2.60,1.00
2009.03.16 07:18:02.323,0.82765,0.828,2.60,3.20
2009.03.16 07:18:02.493,0.8277,0.828,2.60,2.60
2009.03.16 07:18:02.893,0.8277,0.82805,2.60,2.60
2009.03.16 07:18:03.743,0.8277,0.82805,3.00,1.00
2009.03.16 07:18:03.963,0.8277,0.82805,3.00,4.80
2009.03.16 07:18:04.253,0.8277,0.82805,3.00,1.00
2009.03.16 07:18:04.703,0.82775,0.82805,1.00,1.00
2009.03.16 07:18:05.403,0.8277,0.82805,1.00,1.00
2009.03.16 07:18:06.962,0.8277,0.828,1.00,1.00
2009.03.16 07:18:07.182,0.8277,0.82795,1.00,1.00
2009.03.16 07:18:07.872,0.82765,0.82795,2.40,1.00
2009.03.16 07:18:08.112,0.82765,0.82795,5.60,1.00
2009.03.16 07:18:10.201,0.82765,0.82795,2.40,1.00
2009.03.16 07:18:10.261,0.82765,0.82795,1.00,1.00
2009.03.16 07:18:12.931,0.82765,0.82795,3.60,1.00
2009.03.16 07:18:13.100,0.82765,0.8279,5.60,1.20
2009.03.16 07:18:13.490,0.82765,0.8279,1.00,1.00
2009.03.16 07:18:13.721,0.82765,0.82795,1.00,1.00
2009.03.16 07:18:13.890,0.82765,0.82795,2.40,1.00
2009.03.16 07:18:14.060,0.82765,0.82795,5.60,1.00
2009.03.16 07:18:20.598,0.82765,0.8279,3.00,1.20
2009.03.16 07:18:20.979,0.8277,0.8279,3.00,1.00
2009.03.16 07:18:21.309,0.82775,0.8281,2.60,1.20
2009.03.16 07:18:21.538,0.82775,0.8281,2.60,3.20
2009.03.16 07:18:23.478,0.8277,0.82805,2.60,1.00
2009.03.16 07:18:25.557,0.8279,0.8281,2.60,3.20
2009.03.16 07:18:25.787,0.82785,0.82805,2.60,1.00
2009.03.16 07:18:27.967,0.82795,0.8282,2.60,3.20
2009.03.16 07:18:28.127,0.82795,0.8282,2.60,1.20
2009.03.16 07:18:30.276,0.82785,0.8282,4.60,1.20
2009.03.16 07:18:30.486,0.82785,0.82815,2.60,2.60
2009.03.16 07:18:31.076,0.8278,0.82815,2.60,2.60
2009.03.16 07:18:32.496,0.8278,0.8281,2.60,3.20
2009.03.16 07:18:33.426,0.82775,0.82815,2.60,2.60
2009.03.16 07:18:33.895,0.82795,0.82815,2.60,7.80
2009.03.16 07:18:34.325,0.82775,0.8281,2.60,3.20
2009.03.16 07:18:34.695,0.8278,0.8281,2.60,2.60
2009.03.16 07:18:35.755,0.8279,0.82805,2.60,2.60
2009.03.16 07:18:36.285,0.8279,0.828,2.60,2.60
2009.03.16 07:18:36.745,0.8279,0.82805,1.40,3.20
2009.03.16 07:18:36.985,0.8277,0.82805,2.60,3.20
2009.03.16 07:18:37.204,0.82785,0.82805,1.00,4.80
2009.03.16 07:18:37.385,0.8277,0.82805,2.60,3.20
2009.03.16 07:18:37.545,0.8277,0.828,2.60,2.60
2009.03.16 07:18:37.994,0.8277,0.82805,2.60,4.80
2009.03.16 07:18:38.564,0.8277,0.82805,2.60,3.20
2009.03.16 07:18:39.464,0.8277,0.82805,2.60,1.00
2009.03.16 07:18:39.984,0.82775,0.82805,2.60,2.60
2009.03.16 07:18:40.783,0.82775,0.8281,2.60,3.20
2009.03.16 07:18:41.403,0.8277,0.82805,2.60,1.00
2009.03.16 07:18:42.293,0.8278,0.8281,2.60,3.20
2009.03.16 07:18:43.573,0.82775,0.82805,2.60,1.00
2009.03.16 07:18:44.033,0.8279,0.82805,2.60,1.00
2009.03.16 07:18:44.433,0.82785,0.82805,2.60,1.00
2009.03.16 07:18:44.883,0.8278,0.828,2.60,1.20
2009.03.16 07:18:45.113,0.8278,0.82795,1.40,1.00
2009.03.16 07:18:45.343,0.8277,0.82795,3.00,1.00
2009.03.16 07:18:45.642,0.8277,0.82795,2.60,1.00
2009.03.16 07:18:46.223,0.8277,0.8279,2.60,1.00
2009.03.16 07:18:46.402,0.8277,0.8279,2.60,1.20
2009.03.16 07:18:48.203,0.82765,0.82785,4.20,1.00
2009.03.16 07:18:48.322,0.82765,0.82785,2.60,1.00
2009.03.16 07:18:49.062,0.8276,0.82795,2.60,1.00
2009.03.16 07:18:49.512,0.8276,0.82795,2.60,3.20
2009.03.16 07:18:49.732,0.8276,0.82785,2.60,1.00
2009.03.16 07:18:50.761,0.8276,0.8279,2.60,1.20
2009.03.16 07:18:52.061,0.8276,0.82785,2.60,1.00
2009.03.16 07:18:58.459,0.82765,0.8279,2.60,1.20
2009.03.16 07:18:58.899,0.82765,0.82795,2.60,1.00
2009.03.16 07:19:01.669,0.82765,0.8279,2.60,1.00
2009.03.16 07:19:01.778,0.82765,0.82785,2.60,1.00
2009.03.16 07:19:02.128,0.82765,0.8279,2.60,1.20
2009.03.16 07:19:05.008,0.8276,0.82785,2.60,1.00
2009.03.16 07:19:05.727,0.8276,0.8279,2.60,1.20
2009.03.16 07:19:06.117,0.82765,0.8279,2.60,1.20
2009.03.16 07:19:06.517,0.8277,0.82795,2.60,4.00
2009.03.16 07:19:06.687,0.8277,0.82795,2.60,3.20
2009.03.16 07:19:06.867,0.8277,0.82795,2.60,1.00
2009.03.16 07:19:07.087,0.82765,0.8279,2.60,1.20
2009.03.16 07:19:07.607,0.82765,0.82795,2.60,1.00
2009.03.16 07:19:07.837,0.82765,0.82795,4.20,1.00
2009.03.16 07:19:08.007,0.8278,0.828,2.60,1.20
2009.03.16 07:19:10.147,0.82785,0.82815,2.60,3.20
2009.03.16 07:19:10.267,0.82785,0.82815,2.60,4.00
2009.03.16 07:19:10.496,0.8278,0.8281,2.60,1.20
2009.03.16 07:19:10.786,0.82785,0.82815,2.60,1.00
2009.03.16 07:19:11.296,0.8279,0.82815,2.60,1.00
2009.03.16 07:19:11.946,0.8279,0.82825,2.60,3.20
2009.03.16 07:19:12.296,0.82795,0.8283,2.60,1.20
2009.03.16 07:19:12.696,0.82795,0.82825,2.60,1.00
2009.03.16 07:19:12.876,0.8279,0.8282,3.00,1.20
2009.03.16 07:19:13.166,0.8279,0.8282,2.60,1.20
2009.03.16 07:19:14.586,0.82795,0.82825,2.60,4.00
2009.03.16 07:19:14.815,0.82795,0.82825,2.60,1.00
2009.03.16 07:19:15.035,0.8279,0.8282,2.60,1.20
2009.03.16 07:19:15.215,0.82795,0.8282,2.60,1.20
2009.03.16 07:19:15.625,0.828,0.82825,2.60,4.80
2009.03.16 07:19:15.795,0.828,0.82825,2.60,1.00
2009.03.16 07:19:16.545,0.82795,0.8282,2.60,1.20
2009.03.16 07:19:17.115,0.82795,0.8282,2.60,1.00
2009.03.16 07:19:17.275,0.828,0.82825,2.60,1.00
2009.03.16 07:19:17.435,0.828,0.82825,2.60,3.20
2009.03.16 07:19:17.545,0.82795,0.8282,2.60,1.20
2009.03.16 07:19:17.955,0.828,0.82825,2.60,1.00
2009.03.16 07:19:18.475,0.8279,0.8281,2.60,1.00
2009.03.16 07:19:18.704,0.8279,0.8281,2.60,1.20
2009.03.16 07:19:18.974,0.8279,0.8281,2.60,1.00
2009.03.16 07:19:19.214,0.82795,0.8282,2.60,1.00
2009.03.16 07:19:19.494,0.82795,0.8282,2.60,1.20
2009.03.16 07:19:20.285,0.8279,0.8282,2.60,1.20
2009.03.16 07:19:21.124,0.82805,0.8282,2.60,1.20
2009.03.16 07:19:21.594,0.82805,0.8282,2.60,1.00
2009.03.16 07:19:22.164,0.828,0.8282,2.60,1.20
2009.03.16 07:19:22.913,0.8279,0.8282,4.20,1.20
2009.03.16 07:19:23.483,0.8279,0.8282,4.20,3.20
2009.03.16 07:19:23.723,0.8279,0.8282,2.60,4.80
2009.03.16 07:19:23.993,0.82785,0.82815,2.60,3.20
2009.03.16 07:19:24.923,0.8278,0.828,2.60,1.20
2009.03.16 07:19:25.283,0.8277,0.8279,1.00,1.20
2009.03.16 07:19:25.523,0.8277,0.8279,2.60,1.00
2009.03.16 07:19:25.753,0.8277,0.828,2.60,3.20
2009.03.16 07:19:25.973,0.8277,0.828,2.60,1.20
2009.03.16 07:19:26.363,0.82765,0.8278,1.60,1.20
2009.03.16 07:19:26.602,0.82755,0.8278,5.60,2.00
2009.03.16 07:19:26.654,0.82755,0.82775,2.40,1.00
2009.03.16 07:19:26.883,0.8274,0.82775,9.40,1.00
2009.03.16 07:19:27.062,0.8275,0.82775,1.40,1.00
2009.03.16 07:19:27.303,0.82745,0.82775,4.20,2.00
2009.03.16 07:19:27.472,0.82745,0.8277,4.20,1.60
2009.03.16 07:19:27.862,0.82735,0.8276,2.00,1.00
2009.03.16 07:19:28.262,0.8273,0.82755,2.60,1.00
2009.03.16 07:19:28.602,0.8273,0.8276,4.20,1.20
2009.03.16 07:19:28.952,0.8273,0.8276,3.00,1.20
2009.03.16 07:19:29.812,0.82735,0.8276,4.20,4.20
2009.03.16 07:19:30.051,0.82735,0.8276,4.20,1.00
2009.03.16 07:19:30.272,0.82735,0.82765,4.20,1.00
2009.03.16 07:19:31.911,0.8274,0.82765,2.60,2.60
2009.03.16 07:19:32.431,0.82745,0.82765,3.00,2.60
2009.03.16 07:19:32.821,0.82755,0.8276,2.60,2.60
2009.03.16 07:19:33.961,0.8276,0.8279,2.60,2.90
2009.03.16 07:19:34.311,0.82755,0.8276,8.10,2.60
2009.03.16 07:19:35.061,0.82765,0.8277,3.30,2.60
2009.03.16 07:19:35.960,0.8277,0.82805,4.20,2.90
2009.03.16 07:19:36.660,0.82775,0.82805,2.60,2.90
2009.03.16 07:19:37.050,0.82775,0.8278,2.60,2.60
2009.03.16 07:19:37.620,0.82775,0.82785,2.60,2.60
2009.03.16 07:19:37.910,0.82775,0.82805,2.60,1.00
2009.03.16 07:19:38.130,0.82775,0.82805,4.20,2.60
2009.03.16 07:19:38.300,0.82775,0.8281,4.20,1.20
2009.03.16 07:19:39.200,0.8278,0.82815,3.00,2.00
2009.03.16 07:19:39.669,0.8278,0.8281,3.00,1.60
2009.03.16 07:19:40.019,0.82785,0.82815,1.60,4.20
2009.03.16 07:19:40.309,0.8278,0.8281,2.60,1.60
2009.03.16 07:19:40.649,0.82775,0.8281,4.60,1.20
2009.03.16 07:19:41.009,0.82775,0.82805,4.20,1.60
2009.03.16 07:19:41.289,0.82775,0.82805,3.00,1.60
2009.03.16 07:19:41.691,0.8277,0.828,1.00,1.20
2009.03.16 07:19:41.929,0.82765,0.828,4.20,1.20
2009.03.16 07:19:42.549,0.82765,0.82795,4.20,1.00
2009.03.16 07:19:43.828,0.82765,0.828,1.00,2.00
2009.03.16 07:19:44.018,0.82765,0.82795,2.00,1.00
2009.03.16 07:19:44.288,0.82765,0.82795,1.00,1.00
2009.03.16 07:19:44.628,0.82755,0.8279,4.60,2.00
2009.03.16 07:19:44.918,0.82755,0.8279,2.60,2.00
2009.03.16 07:19:45.248,0.8275,0.82785,4.60,1.00
2009.03.16 07:19:46.338,0.82765,0.8279,4.20,1.00
2009.03.16 07:19:46.448,0.82765,0.82795,4.20,1.20
2009.03.16 07:19:47.718,0.8277,0.828,2.60,3.20
2009.03.16 07:19:47.947,0.82765,0.828,3.00,2.00
2009.03.16 07:19:48.237,0.82765,0.828,3.00,1.20
2009.03.16 07:19:48.537,0.82765,0.82795,4.20,1.00
2009.03.16 07:19:51.127,0.82765,0.82795,4.20,3.20
2009.03.16 07:19:51.306,0.82765,0.8279,2.60,2.60
2009.03.16 07:19:51.476,0.82755,0.8279,12.20,3.20
2009.03.16 07:19:51.726,0.82755,0.8279,2.60,4.80
2009.03.16 07:19:52.007,0.82755,0.8279,4.20,3.20
2009.03.16 07:19:52.556,0.82755,0.8279,4.20,1.20
2009.03.16 07:19:53.076,0.82755,0.82785,2.60,1.00
2009.03.16 07:19:53.356,0.82755,0.8278,2.60,1.00
2009.03.16 07:19:53.646,0.8275,0.8278,4.20,1.20
2009.03.16 07:19:54.336,0.82755,0.82785,2.60,3.20
2009.03.16 07:19:55.016,0.82755,0.8279,4.20,3.20
2009.03.16 07:19:56.135,0.82755,0.8279,1.60,2.60
2009.03.16 07:19:56.846,0.82755,0.82795,4.20,4.80
2009.03.16 07:19:57.415,0.82755,0.8279,4.20,2.60
2009.03.16 07:19:57.925,0.82765,0.82795,1.00,2.00
2009.03.16 07:19:58.505,0.82765,0.82795,1.00,1.60
2009.03.16 07:19:58.805,0.82765,0.828,1.00,2.00
2009.03.16 07:19:59.085,0.82765,0.82795,1.00,1.60
2009.03.16 07:19:59.425,0.82755,0.82785,2.00,1.00
2009.03.16 07:19:59.816,0.82755,0.82775,1.00,1.60
2009.03.16 07:20:00.274,0.8274,0.82765,1.00,1.00
2009.03.16 07:20:00.564,0.8274,0.82765,1.00,1.20
2009.03.16 07:20:00.854,0.82735,0.82765,1.60,2.60
2009.03.16 07:20:01.194,0.82735,0.8277,1.60,4.80
2009.03.16 07:20:01.474,0.82745,0.8277,1.60,3.20
2009.03.16 07:20:01.704,0.82745,0.8277,1.60,1.00
2009.03.16 07:20:01.974,0.8275,0.8278,4.20,1.20
2009.03.16 07:20:02.234,0.82755,0.82785,2.60,2.00
2009.03.16 07:20:02.734,0.82755,0.82785,4.20,1.20
2009.03.16 07:20:03.014,0.82755,0.82785,4.20,1.00
2009.03.16 07:20:03.694,0.82755,0.82785,1.60,1.00
2009.03.16 07:20:03.924,0.8276,0.8279,1.60,1.20
2009.03.16 07:20:04.214,0.82765,0.8279,2.60,1.20
2009.03.16 07:20:04.553,0.8276,0.82785,1.40,1.00
2009.03.16 07:20:04.853,0.8275,0.8278,3.00,1.20
2009.03.16 07:20:05.143,0.8276,0.8278,1.00,1.20
2009.03.16 07:20:05.413,0.8276,0.82775,1.00,1.00
2009.03.16 07:20:05.683,0.8276,0.8278,1.00,2.00
2009.03.16 07:20:06.083,0.8276,0.8278,1.00,1.20
2009.03.16 07:20:06.413,0.82755,0.8279,2.00,2.00
2009.03.16 07:20:06.753,0.8276,0.82795,1.60,2.60
2009.03.16 07:20:07.283,0.82755,0.8279,1.60,2.60
2009.03.16 07:20:07.553,0.82755,0.82785,1.60,2.60
2009.03.16 07:20:07.843,0.8275,0.8279,1.60,1.60
2009.03.16 07:20:08.292,0.82775,0.8278,4.20,2.60
2009.03.16 07:20:08.573,0.82775,0.82785,4.20,2.60
2009.03.16 07:20:08.852,0.8278,0.82785,4.20,2.60
2009.03.16 07:20:09.422,0.82785,0.8279,5.70,2.60
2009.03.16 07:20:09.652,0.82795,0.8283,2.60,1.20
2009.03.16 07:20:10.402,0.82785,0.82825,4.20,1.00
2009.03.16 07:20:10.842,0.82775,0.828,1.60,1.00
2009.03.16 07:20:11.072,0.8277,0.828,2.60,1.00
2009.03.16 07:20:11.492,0.82775,0.82805,2.60,2.60
2009.03.16 07:20:11.962,0.82775,0.828,2.60,2.60
2009.03.16 07:20:12.542,0.8277,0.828,2.60,3.20
2009.03.16 07:20:12.772,0.8277,0.82795,4.20,2.60
2009.03.16 07:20:13.171,0.82765,0.82795,4.20,3.20
2009.03.16 07:20:14.611,0.82765,0.8279,4.20,2.60
2009.03.16 07:20:15.941,0.82765,0.8279,2.60,2.60
2009.03.16 07:20:16.060,0.82765,0.82785,2.60,2.60
2009.03.16 07:20:16.171,0.82755,0.82785,2.60,3.20
2009.03.16 07:20:16.290,0.8275,0.8277,1.40,1.00
2009.03.16 07:20:16.510,0.8274,0.8277,4.20,1.20
2009.03.16 07:20:16.621,0.82745,0.8278,1.60,1.20
2009.03.16 07:20:16.740,0.8274,0.8278,6.20,2.00
2009.03.16 07:20:16.861,0.8274,0.82775,1.60,2.60
2009.03.16 07:20:17.410,0.82745,0.82775,1.60,2.60
2009.03.16 07:20:17.760,0.8275,0.8277,2.60,2.60
2009.03.16 07:20:18.050,0.8275,0.8277,4.20,2.60
2009.03.16 07:20:18.620,0.82745,0.8277,2.60,1.20
2009.03.16 07:20:18.850,0.82745,0.82765,2.60,2.00
2009.03.16 07:20:19.130,0.82745,0.82775,2.60,9.20
2009.03.16 07:20:19.530,0.82745,0.82775,2.60,3.20
2009.03.16 07:20:20.000,0.8275,0.82775,4.20,2.60
2009.03.16 07:20:20.461,0.8275,0.8278,4.20,3.20
2009.03.16 07:20:20.969,0.8275,0.82775,3.00,1.00
2009.03.16 07:20:21.259,0.82755,0.82785,2.60,2.00
2009.03.16 07:20:21.549,0.8276,0.82785,2.60,1.60
2009.03.16 07:20:21.840,0.8275,0.8278,1.60,1.20
2009.03.16 07:20:22.071,0.82745,0.8277,4.20,2.60
2009.03.16 07:20:22.299,0.82745,0.82755,2.60,2.60
2009.03.16 07:20:22.639,0.8275,0.8277,1.60,2.60
2009.03.16 07:20:24.598,0.82755,0.8277,1.60,2.60
2009.03.16 07:20:24.869,0.8276,0.8277,2.60,2.60
2009.03.16 07:20:25.278,0.8276,0.8278,2.60,3.20
2009.03.16 07:20:25.858,0.82755,0.8278,1.60,3.20
2009.03.16 07:20:26.148,0.82755,0.8277,1.60,2.60
2009.03.16 07:20:26.438,0.8275,0.8277,1.60,2.60
2009.03.16 07:20:26.738,0.8275,0.8277,1.40,2.60
2009.03.16 07:20:26.898,0.8274,0.8277,1.60,2.60
2009.03.16 07:20:27.068,0.8274,0.8277,4.20,2.60
2009.03.16 07:20:27.228,0.8274,0.82775,4.20,2.60
2009.03.16 07:20:27.638,0.8274,0.82775,4.20,3.20
2009.03.16 07:20:27.978,0.8275,0.8277,2.60,2.60
2009.03.16 07:20:28.257,0.8275,0.82775,2.60,2.60
2009.03.16 07:20:29.447,0.8275,0.8278,2.60,3.20
2009.03.16 07:20:29.837,0.8275,0.82775,3.00,1.00
2009.03.16 07:20:30.067,0.82755,0.8278,2.60,1.20
2009.03.16 07:20:30.577,0.82755,0.8278,4.20,1.20
2009.03.16 07:20:31.047,0.82755,0.8278,2.60,1.20
2009.03.16 07:20:31.447,0.82745,0.82775,4.60,1.00
2009.03.16 07:20:31.917,0.82745,0.8277,4.20,1.20
2009.03.16 07:20:32.927,0.82745,0.8277,4.60,1.20
2009.03.16 07:20:33.226,0.82765,0.8277,1.40,1.00
2009.03.16 07:20:33.506,0.8277,0.8278,1.40,1.40
2009.03.16 07:20:33.836,0.82775,0.8278,2.60,1.60
2009.03.16 07:20:34.186,0.82775,0.82815,2.60,1.00
2009.03.16 07:20:34.396,0.8277,0.8281,1.60,2.60
2009.03.16 07:20:34.676,0.8277,0.82815,1.60,1.00
2009.03.16 07:20:34.906,0.82775,0.82815,1.00,1.00
2009.03.16 07:20:36.336,0.8277,0.82805,1.60,1.00
2009.03.16 07:20:38.735,0.82775,0.82805,1.60,1.00
2009.03.16 07:20:39.015,0.82775,0.8281,1.60,3.20
2009.03.16 07:20:39.325,0.82775,0.82805,1.60,2.60
2009.03.16 07:20:39.595,0.8277,0.82785,1.60,1.00
2009.03.16 07:20:39.885,0.8277,0.8279,4.20,2.60
2009.03.16 07:20:40.175,0.82765,0.82785,2.60,1.00
2009.03.16 07:20:40.455,0.8277,0.8279,2.60,1.00
2009.03.16 07:20:40.625,0.82765,0.82785,4.20,1.00
2009.03.16 07:20:40.845,0.8277,0.8279,2.60,1.20
2009.03.16 07:20:42.144,0.82765,0.82785,4.20,1.00
2009.03.16 07:20:42.484,0.82765,0.82785,2.60,1.00
2009.03.16 07:20:42.834,0.8276,0.82785,2.60,1.00
2009.03.16 07:20:43.014,0.82755,0.8278,2.00,1.00
2009.03.16 07:20:43.234,0.82755,0.8278,1.00,1.00
2009.03.16 07:20:43.474,0.8276,0.8278,1.60,1.00
2009.03.16 07:20:43.644,0.8276,0.82795,1.60,2.60
2009.03.16 07:20:44.004,0.82765,0.828,1.60,2.00
2009.03.16 07:20:44.344,0.82775,0.82805,1.60,2.60
2009.03.16 07:20:44.734,0.82775,0.8281,1.60,3.20
2009.03.16 07:20:46.383,0.82775,0.82805,1.60,2.60
2009.03.16 07:20:48.583,0.82775,0.82795,1.60,2.60
2009.03.16 07:20:48.703,0.82775,0.828,1.60,2.60
2009.03.16 07:20:48.993,0.82775,0.82805,1.60,2.60
2009.03.16 07:20:49.283,0.82775,0.82805,4.20,2.60
2009.03.16 07:20:49.562,0.82775,0.8281,4.20,3.20
2009.03.16 07:20:50.132,0.82775,0.82805,1.60,1.00
2009.03.16 07:20:50.422,0.82775,0.82805,1.60,3.20
2009.03.16 07:20:50.712,0.82775,0.82805,1.60,1.00
2009.03.16 07:20:50.932,0.82775,0.82805,2.00,1.00
2009.03.16 07:20:51.382,0.8278,0.82805,1.00,1.00
2009.03.16 07:20:51.662,0.82775,0.82805,2.00,1.00
2009.03.16 07:20:52.292,0.8278,0.82805,1.00,1.00
2009.03.16 07:20:52.622,0.82775,0.82805,2.00,1.00
2009.03.16 07:20:53.311,0.82775,0.82785,2.00,1.00
2009.03.16 07:20:53.541,0.8276,0.82785,4.20,1.00
2009.03.16 07:20:55.271,0.82755,0.8278,2.00,1.00
2009.03.16 07:20:55.481,0.82755,0.8278,1.00,1.20
2009.03.16 07:20:55.641,0.8275,0.8278,4.20,1.20
2009.03.16 07:20:55.811,0.82755,0.8278,2.60,1.20
2009.03.16 07:20:57.061,0.8275,0.82775,2.60,1.00
2009.03.16 07:20:57.621,0.82745,0.8277,4.20,1.20
2009.03.16 07:20:58.031,0.82745,0.8277,2.60,1.20
2009.03.16 07:20:58.420,0.82745,0.82765,2.60,1.00
2009.03.16 07:20:59.100,0.8274,0.8276,2.60,1.20
2009.03.16 07:21:00.980,0.8274,0.8276,1.40,2.00
2009.03.16 07:21:01.210,0.8273,0.8276,3.00,2.00
2009.03.16 07:21:01.380,0.8273,0.8276,3.60,2.00
2009.03.16 07:21:01.600,0.8273,0.8276,1.00,2.00
2009.03.16 07:21:03.089,0.8273,0.8276,3.60,1.60
2009.03.16 07:21:03.209,0.82735,0.82765,1.00,1.60
2009.03.16 07:21:03.499,0.8273,0.82765,5.60,1.60
2009.03.16 07:21:03.619,0.8273,0.82765,1.00,1.60
2009.03.16 07:21:04.609,0.8273,0.82755,1.00,1.60
2009.03.16 07:21:05.009,0.82725,0.8275,1.00,1.20
2009.03.16 07:21:05.468,0.8272,0.8275,3.00,1.20
2009.03.16 07:21:06.638,0.8272,0.8275,3.00,1.00
2009.03.16 07:21:09.558,0.8272,0.8275,2.60,1.20
2009.03.16 07:21:10.198,0.8272,0.8275,2.60,1.20
2009.03.16 07:21:10.367,0.82715,0.82745,1.60,1.20
2009.03.16 07:21:10.587,0.82715,0.8275,1.60,1.20
2009.03.16 07:21:10.817,0.82715,0.8275,2.00,1.20
2009.03.16 07:21:11.047,0.82715,0.8275,1.00,1.60
2009.03.16 07:21:11.627,0.8272,0.8275,1.00,1.60
2009.03.16 07:21:12.157,0.8272,0.82755,1.00,2.80
2009.03.16 07:21:12.447,0.8272,0.82755,1.00,2.00
2009.03.16 07:21:12.847,0.8272,0.82755,2.00,1.20
2009.03.16 07:21:13.067,0.8272,0.82755,2.00,1.00
2009.03.16 07:21:13.287,0.82725,0.82755,1.00,1.00
2009.03.16 07:21:15.346,0.82725,0.8276,1.00,2.00
2009.03.16 07:21:15.516,0.82725,0.8276,2.40,2.00
2009.03.16 07:21:15.806,0.82725,0.8276,5.60,2.00
2009.03.16 07:21:17.236,0.82725,0.82755,5.60,1.60
2009.03.16 07:21:20.706,0.8272,0.82755,5.60,1.60
2009.03.16 07:21:21.665,0.82715,0.82755,2.00,1.60
2009.03.16 07:21:21.895,0.8272,0.82755,1.00,1.60
2009.03.16 07:21:23.244,0.8273,0.8275,1.00,1.00
2009.03.16 07:21:23.525,0.8273,0.82745,1.00,1.00
2009.03.16 07:21:23.754,0.82715,0.82745,1.60,1.20
2009.03.16 07:21:25.414,0.82715,0.82745,1.60,3.20
2009.03.16 07:21:25.594,0.82715,0.8274,1.60,2.60
2009.03.16 07:21:25.954,0.82715,0.82735,1.60,2.60
2009.03.16 07:21:27.793,0.82715,0.8273,1.60,1.20
2009.03.16 07:21:28.243,0.82715,0.82725,1.60,2.60
2009.03.16 07:21:28.363,0.82715,0.8273,1.60,1.20
2009.03.16 07:21:28.543,0.82715,0.82735,1.60,3.20
2009.03.16 07:21:28.903,0.82715,0.8273,1.60,2.60
2009.03.16 07:21:30.193,0.8268,0.8273,6.20,4.20
2009.03.16 07:21:30.303,0.8268,0.8273,4.60,4.80
2009.03.16 07:21:30.483,0.8268,0.8273,4.20,4.80
2009.03.16 07:21:31.003,0.8268,0.8273,4.20,4.20
2009.03.16 07:21:31.412,0.8269,0.82725,4.20,1.60
2009.03.16 07:21:32.042,0.8269,0.8272,4.20,2.60
2009.03.16 07:21:32.322,0.8269,0.8273,4.20,4.80
2009.03.16 07:21:32.792,0.8269,0.82725,4.20,2.00
2009.03.16 07:21:33.082,0.82695,0.82725,1.60,1.20
2009.03.16 07:21:33.312,0.82695,0.82725,2.00,1.20
2009.03.16 07:21:33.662,0.8269,0.82725,3.00,2.00
2009.03.16 07:21:34.012,0.8269,0.82725,2.60,4.80
2009.03.16 07:21:34.692,0.82695,0.82725,1.60,3.20
2009.03.16 07:21:35.141,0.827,0.82725,1.60,3.20
2009.03.16 07:21:35.482,0.827,0.8273,1.60,3.20
2009.03.16 07:21:35.661,0.827,0.82735,4.20,2.60
2009.03.16 07:21:37.091,0.827,0.8273,4.20,2.60
2009.03.16 07:21:37.271,0.82705,0.8273,2.60,3.20
2009.03.16 07:21:37.771,0.82705,0.8273,2.60,1.20
2009.03.16 07:21:38.231,0.82705,0.8273,5.80,1.00
2009.03.16 07:21:38.471,0.82715,0.82735,2.60,2.60
2009.03.16 07:21:38.761,0.82715,0.82735,2.60,4.20
2009.03.16 07:21:39.151,0.827,0.82725,1.00,2.00
2009.03.16 07:21:39.490,0.82695,0.82725,2.60,1.00
2009.03.16 07:21:39.890,0.82695,0.8272,2.60,1.00
2009.03.16 07:21:40.230,0.827,0.82715,2.60,2.40
2009.03.16 07:21:40.520,0.827,0.8271,2.60,1.60
2009.03.16 07:21:40.810,0.8269,0.82705,3.00,1.60
2009.03.16 07:21:41.160,0.8269,0.82705,2.60,1.60
2009.03.16 07:21:41.440,0.82695,0.8271,2.60,1.60
2009.03.16 07:21:41.730,0.82695,0.82725,4.20,1.00
2009.03.16 07:21:41.970,0.82695,0.8272,2.60,1.00
2009.03.16 07:21:42.479,0.82695,0.82725,2.60,2.80
2009.03.16 07:21:42.760,0.8269,0.82705,2.60,1.60
2009.03.16 07:21:44.569,0.82695,0.82705,2.60,1.60
2009.03.16 07:21:45.099,0.82695,0.82705,2.60,1.00
2009.03.16 07:21:45.269,0.82695,0.82715,2.60,1.00
2009.03.16 07:21:45.669,0.8269,0.8272,2.60,1.20
2009.03.16 07:21:50.248,0.82695,0.8271,2.60,2.40
2009.03.16 07:21:50.418,0.82695,0.8271,4.20,1.00
2009.03.16 07:21:50.588,0.827,0.82725,2.60,3.20
2009.03.16 07:21:50.818,0.82695,0.82725,2.60,3.20
2009.03.16 07:21:51.038,0.82695,0.82725,2.60,1.00
2009.03.16 07:21:51.208,0.82695,0.82725,2.60,3.20
2009.03.16 07:21:51.728,0.82695,0.8272,2.60,2.60
2009.03.16 07:21:54.017,0.82695,0.82715,2.60,2.60
2009.03.16 07:21:54.287,0.82695,0.8271,2.60,1.60
2009.03.16 07:21:54.467,0.8269,0.82705,2.60,1.60
2009.03.16 07:22:09.453,0.8269,0.8271,2.60,2.80
2009.03.16 07:22:09.783,0.82695,0.8271,2.60,1.60
2009.03.16 07:22:10.113,0.82695,0.82715,2.60,2.80
2009.03.16 07:22:10.403,0.82695,0.82715,2.60,2.00
2009.03.16 07:22:11.392,0.82695,0.8271,2.60,1.60
2009.03.16 07:22:18.541,0.82695,0.8273,4.20,4.80
2009.03.16 07:22:18.711,0.82695,0.8273,4.20,3.20
2009.03.16 07:22:18.821,0.827,0.8273,2.60,3.20
2009.03.16 07:22:20.730,0.82705,0.8273,2.60,3.20
2009.03.16 07:22:21.450,0.82705,0.82715,2.60,1.60
2009.03.16 07:22:22.880,0.827,0.82715,2.60,1.60
2009.03.16 07:22:25.399,0.82695,0.82705,2.60,1.60
2009.03.16 07:22:25.629,0.8269,0.82705,2.60,1.60
2009.03.16 07:22:26.039,0.82685,0.827,4.20,1.60
2009.03.16 07:22:26.159,0.82685,0.827,2.60,1.60
2009.03.16 07:22:28.858,0.8269,0.827,2.60,1.60
2009.03.16 07:22:29.489,0.82685,0.827,4.20,1.60
2009.03.16 07:22:29.608,0.82685,0.827,2.60,1.60
2009.03.16 07:22:31.708,0.8269,0.827,2.60,1.60
2009.03.16 07:22:36.526,0.8269,0.82705,2.60,1.60
2009.03.16 07:22:42.345,0.82695,0.82705,2.60,1.60
2009.03.16 07:22:42.965,0.82695,0.8272,2.60,2.60
2009.03.16 07:22:43.195,0.82695,0.82725,2.60,3.20
2009.03.16 07:22:45.634,0.82695,0.8272,2.60,1.20
2009.03.16 07:22:46.624,0.82695,0.8272,2.60,2.40
2009.03.16 07:22:47.444,0.8269,0.82715,2.60,1.00
2009.03.16 07:22:48.174,0.8269,0.82715,4.20,1.00
2009.03.16 07:22:48.524,0.82695,0.8272,2.60,2.40
2009.03.16 07:22:48.803,0.827,0.82715,2.60,1.60
2009.03.16 07:22:49.033,0.82705,0.8273,2.60,3.60
2009.03.16 07:22:49.213,0.827,0.82715,2.60,1.60
2009.03.16 07:22:49.994,0.8271,0.82735,2.60,6.40
2009.03.16 07:22:50.113,0.8271,0.82735,2.60,5.20
2009.03.16 07:22:50.403,0.8271,0.82735,2.60,2.60
2009.03.16 07:22:50.623,0.8271,0.8273,2.60,1.60
2009.03.16 07:22:50.793,0.8271,0.82725,2.60,1.60
2009.03.16 07:22:51.243,0.8271,0.82725,2.60,1.00
2009.03.16 07:22:51.413,0.827,0.82715,2.60,1.60
2009.03.16 07:22:52.403,0.827,0.82715,4.20,1.00
2009.03.16 07:22:52.632,0.82705,0.8273,2.60,3.40
2009.03.16 07:22:52.802,0.82705,0.8273,2.60,2.40
2009.03.16 07:22:54.542,0.82705,0.8273,2.60,5.60
2009.03.16 07:22:55.162,0.82705,0.8273,2.60,5.20
2009.03.16 07:22:55.452,0.82695,0.82725,3.00,1.00
2009.03.16 07:22:57.341,0.82695,0.8272,3.00,1.20
2009.03.16 07:22:57.801,0.82695,0.8272,2.60,1.20
2009.03.16 07:23:00.211,0.8269,0.82715,3.00,1.00
2009.03.16 07:23:00.431,0.8269,0.82715,2.60,1.00
2009.03.16 07:23:00.601,0.8269,0.82705,2.60,1.00
2009.03.16 07:23:00.821,0.8269,0.82705,3.00,1.60
2009.03.16 07:23:01.071,0.8269,0.82705,2.60,1.60
2009.03.16 07:23:04.420,0.82685,0.827,4.60,1.60
2009.03.16 07:23:04.600,0.82685,0.827,3.00,1.60
2009.03.16 07:23:05.889,0.82685,0.827,2.60,1.60
2009.03.16 07:23:06.519,0.82675,0.827,5.60,2.00
2009.03.16 07:23:06.579,0.82675,0.827,3.60,2.00
2009.03.16 07:23:06.809,0.82665,0.8269,5.80,1.60
2009.03.16 07:23:07.039,0.8267,0.8269,2.60,1.60
2009.03.16 07:23:07.429,0.82665,0.8269,1.00,2.00
2009.03.16 07:23:07.659,0.8266,0.8269,3.00,1.20
2009.03.16 07:23:08.069,0.82665,0.82695,2.60,2.60
2009.03.16 07:23:08.299,0.8266,0.82695,5.80,3.20
2009.03.16 07:23:08.828,0.8266,0.82695,4.60,3.20
2009.03.16 07:23:12.448,0.82665,0.82695,1.00,3.20
2009.03.16 07:23:12.908,0.82665,0.82695,1.00,1.00
2009.03.16 07:23:13.298,0.8267,0.82695,1.00,1.00
2009.03.16 07:23:13.887,0.8267,0.827,5.60,4.20
2009.03.16 07:23:14.857,0.8267,0.82695,5.60,1.60
2009.03.16 07:23:15.137,0.8267,0.827,5.60,4.20
2009.03.16 07:23:15.927,0.8267,0.827,5.60,2.60
2009.03.16 07:23:25.225,0.8267,0.827,1.00,5.20
2009.03.16 07:23:25.715,0.8267,0.827,1.00,2.60
2009.03.16 07:23:26.165,0.8267,0.827,1.00,5.20
2009.03.16 07:23:27.774,0.8267,0.827,1.00,2.60
2009.03.16 07:23:27.944,0.82675,0.827,1.00,2.60
2009.03.16 07:23:28.524,0.8267,0.827,5.60,2.60
2009.03.16 07:23:28.864,0.8267,0.827,5.60,2.40
2009.03.16 07:23:29.094,0.8267,0.82705,4.60,6.80
2009.03.16 07:23:29.314,0.82675,0.82705,1.00,6.80
2009.03.16 07:23:29.544,0.8267,0.82705,4.60,6.80
2009.03.16 07:23:30.303,0.82675,0.82705,1.00,6.80
2009.03.16 07:23:31.683,0.82675,0.82705,1.00,4.20
2009.03.16 07:23:32.133,0.82675,0.82705,1.00,6.80
2009.03.16 07:23:32.293,0.82675,0.82705,1.00,4.80
2009.03.16 07:23:32.583,0.8267,0.82705,4.60,4.80
2009.03.16 07:23:33.273,0.82675,0.82705,1.00,4.80
2009.03.16 07:23:34.333,0.82675,0.82705,1.00,2.00
2009.03.16 07:23:36.343,0.82675,0.82705,3.00,2.00
2009.03.16 07:23:36.522,0.82675,0.82705,3.00,1.00
2009.03.16 07:23:44.680,0.82675,0.82705,2.60,3.20
2009.03.16 07:23:45.600,0.82675,0.82705,2.60,4.80
2009.03.16 07:23:45.830,0.82675,0.82705,3.00,4.80
2009.03.16 07:23:45.990,0.8269,0.82705,2.60,1.60
2009.03.16 07:23:46.220,0.82685,0.82705,2.00,1.20
2009.03.16 07:23:46.459,0.82685,0.8271,1.00,3.40
2009.03.16 07:23:46.700,0.82675,0.8271,4.60,3.20
2009.03.16 07:23:54.418,0.8268,0.8271,1.00,2.40
2009.03.16 07:24:01.956,0.82675,0.8271,4.60,3.20
2009.03.16 07:24:03.385,0.82675,0.82705,4.60,2.60
2009.03.16 07:24:05.055,0.8268,0.82705,1.60,2.60
2009.03.16 07:24:05.175,0.8269,0.82715,2.60,3.20
2009.03.16 07:24:06.675,0.8269,0.82715,2.60,5.20
2009.03.16 07:24:09.564,0.82685,0.8271,2.60,2.40
2009.03.16 07:24:09.675,0.82685,0.8271,2.60,3.20
2009.03.16 07:24:24.141,0.82685,0.8271,2.60,5.20
2009.03.16 07:24:24.200,0.82685,0.8271,2.60,6.80
2009.03.16 07:24:24.420,0.82685,0.82705,2.60,2.60
2009.03.16 07:24:24.530,0.82675,0.82705,2.00,3.20
2009.03.16 07:24:24.590,0.82675,0.82705,7.20,3.20
2009.03.16 07:24:24.800,0.8268,0.82705,2.60,2.60
2009.03.16 07:24:25.030,0.8268,0.8271,4.20,3.20
2009.03.16 07:24:25.370,0.8268,0.82705,2.60,2.60
2009.03.16 07:24:25.710,0.82685,0.82705,2.60,2.60
2009.03.16 07:24:28.659,0.82685,0.82705,2.60,1.60
2009.03.16 07:24:28.779,0.8269,0.82705,2.60,1.60
2009.03.16 07:24:31.339,0.82695,0.82715,2.60,2.00
2009.03.16 07:24:37.427,0.827,0.82715,2.60,1.60
2009.03.16 07:24:38.057,0.82695,0.82715,3.00,2.00
2009.03.16 07:24:38.287,0.82695,0.82715,2.60,2.00
2009.03.16 07:24:42.346,0.827,0.82715,2.60,1.60
2009.03.16 07:24:42.976,0.82695,0.82715,4.20,2.00
2009.03.16 07:24:43.086,0.82695,0.82715,2.60,2.00
2009.03.16 07:24:48.655,0.827,0.82715,2.60,1.60
2009.03.16 07:24:49.005,0.82695,0.82715,4.60,2.00
2009.03.16 07:24:49.235,0.82695,0.82715,2.60,3.80
2009.03.16 07:24:50.094,0.82695,0.82715,2.60,6.40
2009.03.16 07:24:51.124,0.82695,0.82715,2.60,4.80
2009.03.16 07:24:51.304,0.827,0.82715,2.60,4.20
2009.03.16 07:24:51.984,0.827,0.82715,2.60,1.60
2009.03.16 07:24:52.504,0.827,0.82715,2.60,4.20
2009.03.16 07:24:52.724,0.827,0.82715,2.60,1.60
2009.03.16 07:24:52.964,0.827,0.82715,2.60,4.20
2009.03.16 07:24:54.063,0.827,0.82715,2.60,1.60
2009.03.16 07:24:54.513,0.827,0.82715,2.60,4.20
2009.03.16 07:24:55.203,0.82695,0.82715,2.60,4.80
2009.03.16 07:24:55.433,0.8269,0.827,2.60,2.60
2009.03.16 07:24:55.653,0.82685,0.827,2.60,2.60
2009.03.16 07:24:56.093,0.8269,0.827,2.60,2.60
2009.03.16 07:24:56.263,0.8269,0.827,1.40,1.20
2009.03.16 07:24:56.543,0.82685,0.82705,2.60,2.80
2009.03.16 07:24:57.442,0.8269,0.82705,2.60,4.20
2009.03.16 07:24:57.722,0.8268,0.82695,2.60,1.00
2009.03.16 07:24:58.252,0.82685,0.82695,1.00,1.00
2009.03.16 07:24:58.422,0.82685,0.827,1.00,1.20
2009.03.16 07:24:58.812,0.82685,0.82705,3.00,2.80
2009.03.16 07:24:59.332,0.82685,0.82705,2.60,5.60
2009.03.16 07:24:59.732,0.82685,0.82705,2.60,2.80
2009.03.16 07:25:02.221,0.82685,0.827,2.60,1.60
2009.03.16 07:25:03.291,0.82685,0.82705,2.60,2.40
2009.03.16 07:25:03.621,0.8269,0.82715,2.60,2.60
2009.03.16 07:25:03.911,0.8269,0.8272,3.00,3.20
2009.03.16 07:25:04.191,0.8269,0.82715,2.60,2.60
2009.03.16 07:25:04.471,0.8269,0.8272,3.00,3.20
2009.03.16 07:25:04.810,0.82695,0.8272,1.00,1.00
2009.03.16 07:25:05.161,0.8269,0.8272,3.00,3.20
2009.03.16 07:25:05.451,0.8269,0.8272,2.60,3.20
2009.03.16 07:25:06.500,0.82685,0.8272,4.20,4.80
2009.03.16 07:25:06.830,0.82685,0.8272,3.00,4.80
2009.03.16 07:25:07.110,0.82685,0.82715,1.00,1.00
2009.03.16 07:25:07.230,0.82685,0.82715,1.00,4.80
2009.03.16 07:25:07.410,0.82685,0.82715,1.00,2.00
2009.03.16 07:25:07.900,0.8268,0.82715,3.00,4.80
2009.03.16 07:25:09.469,0.8268,0.82705,4.00,1.00
2009.03.16 07:25:09.650,0.8268,0.82705,2.40,1.00
2009.03.16 07:25:09.759,0.82675,0.82705,4.60,1.00
2009.03.16 07:25:10.039,0.82675,0.827,1.60,1.20
2009.03.16 07:25:10.279,0.82675,0.82705,4.60,9.20
2009.03.16 07:25:10.519,0.82675,0.82705,4.60,8.40
2009.03.16 07:25:10.749,0.82675,0.82705,4.60,1.00
2009.03.16 07:25:10.969,0.82675,0.82705,4.20,3.20
2009.03.16 07:25:11.149,0.82675,0.827,1.60,2.60
2009.03.16 07:25:11.379,0.82675,0.82695,1.60,1.20
2009.03.16 07:25:11.609,0.82665,0.82685,2.40,1.00
2009.03.16 07:25:11.779,0.82665,0.82685,1.00,1.00
2009.03.16 07:25:12.399,0.82665,0.8269,2.60,3.20
2009.03.16 07:25:12.629,0.82665,0.8269,2.60,4.20
2009.03.16 07:25:12.808,0.8266,0.82685,2.60,1.00
2009.03.16 07:25:13.139,0.82665,0.8269,2.60,2.60
2009.03.16 07:25:13.438,0.82665,0.82695,3.00,1.00
2009.03.16 07:25:13.778,0.8267,0.82695,2.60,2.60
2009.03.16 07:25:14.918,0.8267,0.82685,2.60,1.60
2009.03.16 07:25:16.038,0.82665,0.82685,3.00,2.00
2009.03.16 07:25:16.438,0.82665,0.82685,2.60,2.00
2009.03.16 07:25:17.118,0.8266,0.82675,2.60,1.60
2009.03.16 07:25:20.607,0.82665,0.82675,2.60,1.60
2009.03.16 07:25:21.007,0.8267,0.82675,2.60,1.60
2009.03.16 07:25:21.187,0.8267,0.82685,2.60,4.20
2009.03.16 07:25:22.106,0.82675,0.82685,2.60,2.60
2009.03.16 07:25:22.346,0.82675,0.8269,2.60,1.60
2009.03.16 07:25:29.614,0.8267,0.82685,1.00,1.20
2009.03.16 07:25:30.294,0.82665,0.82685,2.60,1.20
2009.03.16 07:25:31.574,0.8267,0.8269,2.60,2.80
2009.03.16 07:25:31.864,0.82665,0.82685,3.00,1.20
2009.03.16 07:25:31.984,0.8267,0.8269,2.60,2.80
2009.03.16 07:25:32.504,0.8267,0.8269,2.60,2.00
2009.03.16 07:25:33.844,0.82665,0.82685,3.00,1.20
2009.03.16 07:25:34.083,0.82665,0.82685,3.00,1.00
2009.03.16 07:25:34.194,0.82665,0.82685,2.60,1.00
2009.03.16 07:25:37.773,0.82665,0.82685,2.60,2.80
2009.03.16 07:25:37.883,0.8266,0.8268,3.00,2.40
2009.03.16 07:25:38.173,0.8266,0.8268,2.60,2.40
2009.03.16 07:25:38.402,0.82655,0.82675,2.60,1.00
2009.03.16 07:25:38.513,0.8266,0.8268,2.60,1.20
2009.03.16 07:25:38.733,0.8266,0.8268,2.60,1.20
2009.03.16 07:25:39.082,0.8266,0.8269,2.60,3.20
2009.03.16 07:25:39.482,0.8266,0.8269,3.00,2.40
2009.03.16 07:25:39.822,0.8267,0.8268,1.00,1.20
2009.03.16 07:25:40.042,0.82665,0.8268,5.60,1.20
2009.03.16 07:25:40.222,0.82655,0.82675,2.60,1.00
2009.03.16 07:25:40.972,0.8265,0.8267,3.00,1.20
2009.03.16 07:25:41.262,0.82655,0.8267,1.00,1.20
2009.03.16 07:25:41.492,0.8265,0.8267,2.60,1.20
2009.03.16 07:25:41.892,0.82655,0.82675,2.60,1.00
2009.03.16 07:25:42.332,0.82655,0.8268,2.60,4.80
2009.03.16 07:25:42.392,0.82645,0.82665,4.60,1.00
2009.03.16 07:25:42.573,0.8265,0.82665,4.00,1.00
2009.03.16 07:25:42.691,0.8265,0.82665,1.00,1.00
2009.03.16 07:25:42.801,0.8265,0.8266,1.00,1.00
2009.03.16 07:25:43.191,0.8264,0.8266,2.60,1.20
2009.03.16 07:25:43.491,0.8264,0.8266,2.60,1.00
2009.03.16 07:25:44.321,0.82635,0.8266,3.00,1.20
2009.03.16 07:25:44.991,0.82635,0.82655,1.00,1.00
2009.03.16 07:25:45.281,0.8263,0.82655,3.00,1.00
2009.03.16 07:25:45.581,0.8263,0.82655,2.60,3.20
2009.03.16 07:25:45.921,0.82635,0.82655,1.00,1.00
2009.03.16 07:25:46.140,0.82635,0.82655,3.60,1.00
2009.03.16 07:25:46.311,0.82635,0.82655,5.60,1.00
2009.03.16 07:25:46.541,0.82635,0.82645,5.60,1.00
2009.03.16 07:25:46.940,0.8262,0.82645,2.60,1.00
2009.03.16 07:25:47.290,0.82615,0.82645,3.00,1.00
2009.03.16 07:25:47.530,0.8262,0.8264,3.00,1.00
2009.03.16 07:25:47.760,0.8262,0.8264,2.00,1.00
2009.03.16 07:25:48.210,0.82615,0.8264,3.00,1.20
2009.03.16 07:25:48.550,0.8262,0.8264,2.60,4.20
2009.03.16 07:25:48.950,0.8262,0.82645,2.60,3.20
2009.03.16 07:25:49.310,0.82625,0.82645,2.60,2.60
2009.03.16 07:25:49.530,0.82625,0.8264,4.20,2.60
2009.03.16 07:25:49.750,0.8263,0.82645,2.60,2.60
2009.03.16 07:25:49.980,0.82635,0.82645,2.60,2.60
2009.03.16 07:25:50.460,0.82635,0.8264,2.60,2.60
2009.03.16 07:25:50.639,0.8264,0.82645,2.60,2.60
2009.03.16 07:25:50.870,0.8264,0.8265,2.60,2.60
2009.03.16 07:25:52.479,0.82635,0.8265,2.60,2.60
2009.03.16 07:25:55.428,0.82635,0.8266,2.60,2.60
2009.03.16 07:25:56.378,0.82635,0.82665,3.00,1.00
2009.03.16 07:25:57.468,0.82635,0.82665,2.60,3.20
2009.03.16 07:25:57.988,0.82635,0.8266,2.60,2.60
2009.03.16 07:25:59.857,0.82635,0.82655,2.60,2.60
2009.03.16 07:26:00.247,0.82635,0.8266,2.60,2.60
2009.03.16 07:26:01.107,0.82635,0.8266,2.60,3.20
2009.03.16 07:26:01.687,0.82635,0.82655,2.60,2.60
2009.03.16 07:26:01.847,0.82635,0.8266,2.60,3.20
2009.03.16 07:26:04.926,0.82635,0.8266,2.60,1.20
2009.03.16 07:26:08.735,0.82635,0.8266,2.60,5.20
2009.03.16 07:26:08.905,0.82625,0.8265,3.00,1.20
2009.03.16 07:26:10.315,0.82625,0.8265,1.00,1.20
2009.03.16 07:26:10.535,0.82625,0.82645,1.00,1.00
2009.03.16 07:26:10.765,0.82625,0.8264,1.00,1.20
2009.03.16 07:26:11.105,0.8262,0.8264,1.00,1.20
2009.03.16 07:26:11.325,0.8262,0.8264,1.00,1.00
2009.03.16 07:26:11.494,0.8262,0.82645,1.00,1.00
2009.03.16 07:26:11.674,0.82625,0.82645,1.00,1.00
2009.03.16 07:26:12.474,0.82615,0.82645,3.00,1.00
2009.03.16 07:26:15.124,0.82615,0.8264,1.00,1.20
2009.03.16 07:26:16.333,0.8261,0.8264,3.00,3.20
2009.03.16 07:26:16.693,0.82615,0.8264,1.00,1.20
2009.03.16 07:26:17.273,0.8261,0.8264,3.00,3.20
2009.03.16 07:26:17.713,0.8261,0.8264,2.60,3.20
2009.03.16 07:26:18.123,0.8261,0.8264,3.00,3.20
2009.03.16 07:26:18.573,0.82615,0.8264,2.60,3.20
2009.03.16 07:26:18.923,0.82615,0.82645,3.00,2.60
2009.03.16 07:26:20.102,0.8262,0.8265,2.60,2.60
2009.03.16 07:26:21.372,0.8262,0.82645,2.60,2.60
2009.03.16 07:26:22.342,0.82615,0.82645,1.00,3.20
2009.03.16 07:26:22.462,0.82615,0.82645,1.00,4.00
2009.03.16 07:26:22.572,0.82615,0.8264,1.00,1.20
2009.03.16 07:26:22.792,0.82615,0.82645,1.00,3.20
2009.03.16 07:26:23.891,0.82615,0.8264,1.00,5.60
2009.03.16 07:26:24.761,0.82615,0.8264,1.00,2.40
2009.03.16 07:26:24.871,0.82615,0.8264,1.00,1.20
2009.03.16 07:26:27.590,0.82615,0.82635,1.00,1.00
2009.03.16 07:26:28.060,0.82605,0.82615,3.00,1.00
2009.03.16 07:26:28.750,0.82615,0.8262,1.00,4.20
2009.03.16 07:26:29.030,0.82615,0.8263,1.00,4.80
2009.03.16 07:26:29.260,0.82615,0.82625,1.00,4.20
2009.03.16 07:26:29.480,0.82615,0.8264,1.00,1.60
2009.03.16 07:26:29.830,0.82615,0.8264,1.00,5.60
2009.03.16 07:26:30.170,0.8261,0.8264,3.00,3.20
2009.03.16 07:26:30.510,0.8261,0.8264,2.60,3.20
2009.03.16 07:26:30.680,0.8261,0.8264,2.60,2.60
2009.03.16 07:26:31.809,0.8261,0.8262,2.60,2.60
2009.03.16 07:26:32.050,0.8261,0.82615,2.60,2.60
2009.03.16 07:26:32.579,0.82605,0.82615,3.60,2.60
2009.03.16 07:26:32.859,0.82605,0.82625,3.60,2.60
2009.03.16 07:26:33.209,0.82605,0.82635,4.20,3.20
2009.03.16 07:26:33.839,0.82605,0.82635,4.20,1.00
2009.03.16 07:26:34.589,0.82605,0.82635,3.00,1.00
2009.03.16 07:26:35.099,0.82605,0.82635,2.60,3.20
2009.03.16 07:26:35.559,0.8261,0.82635,2.60,2.60
2009.03.16 07:26:36.009,0.82615,0.82645,2.60,3.20
2009.03.16 07:26:38.368,0.8261,0.82645,3.00,3.20
2009.03.16 07:26:38.598,0.8261,0.8264,2.60,2.60
2009.03.16 07:26:38.758,0.82605,0.8264,4.20,3.20
2009.03.16 07:26:40.207,0.82605,0.82635,4.20,2.60
2009.03.16 07:26:40.529,0.8261,0.82635,2.60,2.60
2009.03.16 07:26:40.807,0.8261,0.8264,2.60,2.60
2009.03.16 07:26:42.617,0.82605,0.8264,4.20,3.20
2009.03.16 07:26:42.908,0.8261,0.8264,2.60,2.60
2009.03.16 07:26:43.027,0.82605,0.8264,4.20,3.20
2009.03.16 07:26:43.127,0.82605,0.82635,4.20,2.60
2009.03.16 07:26:43.307,0.82605,0.82635,3.00,2.60
2009.03.16 07:26:45.316,0.8261,0.82635,2.60,2.60
2009.03.16 07:26:45.846,0.8261,0.8264,2.60,2.60
2009.03.16 07:26:46.076,0.8261,0.8264,3.60,2.60
2009.03.16 07:26:46.646,0.82615,0.8264,2.60,2.60
2009.03.16 07:26:47.056,0.82615,0.82645,2.60,2.60
2009.03.16 07:26:53.474,0.82615,0.8264,2.60,2.60
2009.03.16 07:26:54.654,0.82615,0.82645,2.60,2.60
2009.03.16 07:26:54.894,0.82615,0.8265,3.00,2.60
2009.03.16 07:26:55.174,0.82615,0.82645,2.60,2.60
2009.03.16 07:26:57.004,0.8262,0.82645,2.60,2.60
2009.03.16 07:26:57.523,0.82615,0.82645,2.60,3.20
2009.03.16 07:26:57.753,0.8262,0.82645,2.60,2.60
2009.03.16 07:26:59.283,0.82615,0.82645,4.60,3.20
2009.03.16 07:26:59.453,0.82615,0.82645,2.60,3.20
2009.03.16 07:26:59.573,0.8262,0.82645,2.60,2.60
2009.03.16 07:27:03.022,0.82615,0.82645,3.00,3.20
2009.03.16 07:27:03.312,0.8262,0.82645,2.60,2.60
2009.03.16 07:27:03.822,0.82615,0.82645,3.00,3.20
2009.03.16 07:27:04.861,0.8262,0.82645,2.60,2.60
2009.03.16 07:27:05.502,0.82615,0.82645,4.60,2.60
2009.03.16 07:27:05.681,0.82615,0.82645,3.00,2.60
2009.03.16 07:27:07.361,0.8261,0.82645,4.20,3.20
2009.03.16 07:27:08.331,0.82615,0.82645,1.00,3.20
2009.03.16 07:27:08.681,0.82615,0.8264,2.60,2.60
2009.03.16 07:27:08.980,0.82615,0.82645,2.60,2.60
2009.03.16 07:27:11.100,0.82615,0.82645,2.60,3.20
2009.03.16 07:27:11.440,0.82615,0.8264,2.60,2.60
2009.03.16 07:27:12.620,0.82615,0.82645,2.60,3.20
2009.03.16 07:27:14.069,0.82615,0.82645,4.20,3.20
2009.03.16 07:27:14.349,0.82615,0.82645,5.20,3.20
2009.03.16 07:27:14.669,0.82625,0.82645,2.60,2.60
2009.03.16 07:27:14.899,0.8263,0.8265,2.60,2.60
2009.03.16 07:27:15.129,0.82625,0.82645,2.60,2.60
2009.03.16 07:27:15.309,0.8263,0.82645,2.60,2.60
2009.03.16 07:27:15.779,0.82635,0.82655,2.60,2.60
2009.03.16 07:27:15.999,0.8263,0.8266,2.60,2.60
2009.03.16 07:27:16.219,0.82635,0.8266,2.60,2.60
2009.03.16 07:27:17.178,0.8263,0.82655,2.60,2.60
2009.03.16 07:27:18.378,0.82625,0.8265,2.60,2.60
2009.03.16 07:27:21.677,0.8263,0.8265,2.60,2.60
2009.03.16 07:27:21.967,0.8263,0.82655,2.60,2.60
2009.03.16 07:27:24.087,0.82625,0.82655,2.60,2.60
2009.03.16 07:27:24.357,0.82625,0.8265,2.60,2.60
2009.03.16 07:27:30.165,0.8263,0.8265,2.60,2.60
2009.03.16 07:27:30.905,0.8263,0.82655,2.60,2.60
2009.03.16 07:27:30.965,0.82625,0.82655,4.20,2.60
2009.03.16 07:27:31.075,0.82625,0.82655,2.60,2.60
2009.03.16 07:27:31.695,0.82625,0.8265,2.60,2.60
2009.03.16 07:27:33.514,0.82625,0.8265,4.20,2.60
2009.03.16 07:27:33.864,0.82635,0.8266,2.60,2.60
2009.03.16 07:27:34.495,0.82635,0.82665,3.00,5.20
2009.03.16 07:27:34.884,0.82635,0.8266,1.00,2.60
2009.03.16 07:27:35.114,0.8263,0.82655,1.00,1.00
2009.03.16 07:27:35.294,0.82625,0.82655,3.00,1.00
2009.03.16 07:27:35.874,0.82625,0.82655,2.60,3.20
2009.03.16 07:27:41.163,0.82625,0.82645,2.60,2.60
2009.03.16 07:27:41.733,0.82625,0.82655,2.60,3.20
2009.03.16 07:27:42.142,0.82625,0.82645,2.60,2.60
2009.03.16 07:27:46.281,0.8262,0.8264,2.60,1.00
2009.03.16 07:27:47.231,0.82625,0.82645,2.60,3.20
2009.03.16 07:27:47.551,0.82625,0.82645,2.60,1.00
2009.03.16 07:27:49.601,0.8262,0.8264,2.60,1.00
2009.03.16 07:27:49.891,0.8262,0.8264,2.60,1.20
2009.03.16 07:27:50.061,0.82615,0.82635,3.00,1.00
2009.03.16 07:27:50.350,0.82615,0.82635,2.60,1.00
2009.03.16 07:27:51.331,0.8262,0.8264,2.60,1.20
2009.03.16 07:27:51.570,0.8262,0.8264,2.60,1.00
2009.03.16 07:27:51.790,0.8262,0.8264,2.60,3.20
2009.03.16 07:27:52.130,0.8262,0.8264,2.60,1.00
2009.03.16 07:28:01.708,0.8262,0.8264,2.60,3.20
2009.03.16 07:28:04.657,0.8262,0.8264,3.00,4.80
2009.03.16 07:28:04.827,0.8262,0.8264,3.00,1.00
2009.03.16 07:28:05.227,0.82625,0.82645,2.60,1.20
2009.03.16 07:28:05.617,0.82635,0.82655,2.60,3.20
2009.03.16 07:28:05.907,0.8263,0.8264,2.60,2.60
2009.03.16 07:28:06.197,0.82635,0.82645,2.60,2.60
2009.03.16 07:28:06.477,0.8263,0.82645,2.60,2.60
2009.03.16 07:28:06.707,0.8263,0.8265,2.60,3.20
2009.03.16 07:28:06.937,0.82635,0.82655,2.60,3.20
2009.03.16 07:28:08.336,0.8264,0.82655,2.60,2.60
2009.03.16 07:28:09.086,0.8264,0.8266,2.60,2.60
2009.03.16 07:28:09.826,0.8263,0.82655,2.60,2.60
2009.03.16 07:28:11.575,0.82635,0.82655,2.60,2.60
2009.03.16 07:28:13.285,0.82625,0.82655,3.00,2.60
2009.03.16 07:28:13.455,0.82625,0.82655,2.60,2.60
2009.03.16 07:28:13.745,0.82625,0.8265,2.60,2.60
2009.03.16 07:28:29.591,0.8262,0.8264,2.60,1.00
2009.03.16 07:28:29.981,0.8262,0.82645,2.60,4.20
2009.03.16 07:28:33.030,0.82625,0.82645,2.60,4.20
2009.03.16 07:28:33.200,0.82625,0.8264,2.60,1.00
2009.03.16 07:28:39.059,0.82625,0.8264,2.60,2.60
2009.03.16 07:28:39.509,0.8262,0.82645,2.60,4.20
2009.03.16 07:28:39.918,0.8262,0.8264,2.60,2.60
2009.03.16 07:28:44.097,0.8262,0.82635,1.40,1.00
2009.03.16 07:28:44.267,0.82605,0.82625,1.00,1.00
2009.03.16 07:28:44.378,0.82595,0.82625,2.00,1.00
2009.03.16 07:28:44.547,0.82595,0.82625,3.00,1.00
2009.03.16 07:28:45.687,0.82595,0.8263,3.00,3.20
2009.03.16 07:28:46.027,0.82595,0.82625,3.00,2.60
2009.03.16 07:28:46.187,0.82595,0.8263,3.00,3.20
2009.03.16 07:28:46.777,0.82595,0.82625,1.00,1.00
2009.03.16 07:28:47.007,0.82595,0.8263,3.00,2.60
2009.03.16 07:28:47.157,0.8259,0.82625,3.00,3.20
2009.03.16 07:28:48.526,0.8259,0.8262,3.00,2.60
2009.03.16 07:28:49.776,0.82595,0.82625,1.00,3.20
2009.03.16 07:28:51.386,0.82595,0.82625,3.00,2.60
2009.03.16 07:28:51.855,0.82595,0.8263,3.00,2.60
2009.03.16 07:28:55.035,0.8259,0.82615,7.20,1.00
2009.03.16 07:28:55.155,0.82595,0.82615,1.00,1.00
2009.03.16 07:28:55.555,0.826,0.8262,2.60,1.00
2009.03.16 07:28:55.725,0.826,0.8263,2.60,2.00
2009.03.16 07:28:56.594,0.8259,0.82615,3.00,1.00
2009.03.16 07:28:57.224,0.8259,0.82615,2.60,1.00
2009.03.16 07:28:57.574,0.8259,0.8261,2.60,2.60
2009.03.16 07:28:58.044,0.82585,0.8261,2.60,3.20
2009.03.16 07:28:58.934,0.82585,0.82605,2.60,1.00
2009.03.16 07:28:59.214,0.82585,0.82605,2.60,4.80
2009.03.16 07:28:59.384,0.8258,0.826,2.60,1.20
2009.03.16 07:29:01.273,0.8258,0.826,2.60,2.00
2009.03.16 07:29:01.613,0.82575,0.82595,2.60,1.00
2009.03.16 07:29:01.835,0.82575,0.82595,4.20,1.00
2009.03.16 07:29:01.944,0.8258,0.826,2.60,1.20
2009.03.16 07:29:04.013,0.8258,0.826,2.60,2.00
2009.03.16 07:29:04.722,0.8257,0.82595,1.00,1.00
2009.03.16 07:29:04.893,0.8257,0.82595,2.40,1.00
2009.03.16 07:29:05.063,0.8257,0.82585,5.60,1.00
2009.03.16 07:29:05.282,0.8257,0.8259,3.00,1.20
2009.03.16 07:29:05.392,0.8257,0.8259,2.60,1.20
2009.03.16 07:29:05.564,0.8257,0.8259,2.60,2.00
2009.03.16 07:29:05.742,0.82565,0.82585,2.60,1.00
2009.03.16 07:29:06.202,0.82565,0.82585,2.60,2.00
2009.03.16 07:29:06.502,0.8256,0.82585,3.00,2.00
2009.03.16 07:29:06.682,0.8256,0.82575,1.00,1.00
2009.03.16 07:29:06.892,0.8255,0.8257,3.00,1.20
2009.03.16 07:29:07.062,0.8255,0.8257,2.60,1.20
2009.03.16 07:29:07.862,0.82555,0.8258,2.60,4.80
2009.03.16 07:29:08.212,0.8256,0.8258,2.60,3.20
2009.03.16 07:29:08.652,0.8256,0.8258,2.60,2.00
2009.03.16 07:29:08.821,0.8255,0.8257,2.60,1.20
2009.03.16 07:29:09.212,0.8254,0.8256,2.60,1.20
2009.03.16 07:29:09.511,0.82545,0.8256,2.60,2.60
2009.03.16 07:29:09.791,0.82545,0.82565,2.60,4.80
2009.03.16 07:29:10.251,0.82545,0.82565,2.60,3.20
2009.03.16 07:29:10.481,0.82545,0.82565,2.60,4.80
2009.03.16 07:29:10.721,0.82545,0.82565,2.60,3.20
2009.03.16 07:29:10.941,0.82545,0.82565,2.60,2.60
2009.03.16 07:29:11.981,0.82545,0.8257,2.60,1.20
2009.03.16 07:29:13.421,0.82545,0.82555,2.60,2.60
2009.03.16 07:29:15.160,0.8255,0.82555,2.60,2.60
2009.03.16 07:29:15.400,0.8255,0.8257,2.60,3.20
2009.03.16 07:29:15.580,0.8255,0.8257,2.60,2.00
2009.03.16 07:29:15.860,0.82545,0.82565,2.60,1.20
2009.03.16 07:29:18.030,0.82535,0.8255,2.60,1.00
2009.03.16 07:29:18.199,0.8253,0.8255,3.00,1.20
2009.03.16 07:29:18.309,0.82535,0.8256,4.20,1.20
2009.03.16 07:29:18.709,0.82545,0.8256,2.60,2.60
2009.03.16 07:29:19.109,0.8254,0.8256,2.60,1.00
2009.03.16 07:29:19.459,0.8254,0.8256,2.60,1.20
2009.03.16 07:29:20.029,0.82535,0.8256,1.00,1.20
2009.03.16 07:29:22.498,0.82535,0.8256,1.00,1.00
2009.03.16 07:29:22.678,0.82535,0.8257,1.00,4.80
2009.03.16 07:29:23.068,0.82535,0.82555,1.00,1.00
2009.03.16 07:29:23.188,0.82535,0.8255,1.00,1.00
2009.03.16 07:29:23.778,0.8253,0.8255,3.00,1.00
2009.03.16 07:29:24.518,0.82545,0.82555,2.60,2.00
2009.03.16 07:29:26.137,0.82535,0.8254,2.60,1.00
2009.03.16 07:29:26.597,0.8254,0.82545,2.60,1.50
2009.03.16 07:29:27.577,0.82535,0.8254,2.60,1.00
2009.03.16 07:29:28.607,0.82535,0.8254,3.30,1.00
2009.03.16 07:29:28.777,0.8255,0.82555,2.60,2.00
2009.03.16 07:29:29.057,0.82555,0.82575,2.60,4.20
2009.03.16 07:29:29.286,0.82555,0.8259,2.60,3.60
2009.03.16 07:29:29.696,0.82555,0.8259,2.60,1.00
2009.03.16 07:29:30.367,0.82555,0.8258,2.60,3.20
2009.03.16 07:29:30.876,0.82555,0.8258,2.60,1.60
2009.03.16 07:29:31.096,0.82555,0.8258,2.60,1.00
2009.03.16 07:29:31.266,0.8256,0.82585,2.60,3.20
2009.03.16 07:29:31.506,0.8256,0.8258,2.60,3.20
2009.03.16 07:29:31.666,0.8255,0.8257,3.00,1.00
2009.03.16 07:29:31.956,0.82555,0.82575,2.60,1.00
2009.03.16 07:29:35.255,0.82555,0.8257,2.60,1.00
2009.03.16 07:29:35.425,0.8255,0.8257,1.00,1.20
2009.03.16 07:29:35.605,0.82545,0.8257,1.00,1.20
2009.03.16 07:29:37.614,0.8255,0.8257,1.00,1.20
2009.03.16 07:29:38.294,0.8255,0.8257,3.00,1.20
2009.03.16 07:29:39.434,0.82555,0.82575,2.60,1.00
2009.03.16 07:29:39.674,0.82555,0.8258,2.60,2.60
2009.03.16 07:29:40.345,0.82555,0.8258,2.60,1.00
2009.03.16 07:29:40.694,0.8256,0.82585,2.60,3.20
2009.03.16 07:29:41.034,0.8255,0.8257,1.00,1.20
2009.03.16 07:29:41.254,0.82545,0.8257,5.60,1.20
2009.03.16 07:29:41.433,0.82555,0.82575,2.60,1.00
2009.03.16 07:29:41.713,0.8255,0.8257,2.60,1.20
2009.03.16 07:29:42.643,0.8255,0.8257,3.00,1.20
2009.03.16 07:29:44.183,0.8255,0.8257,2.60,1.20
2009.03.16 07:29:44.533,0.8255,0.8257,2.60,1.00
2009.03.16 07:29:44.823,0.8255,0.8257,3.00,1.00
2009.03.16 07:29:45.043,0.82565,0.82585,2.60,4.80
2009.03.16 07:29:45.313,0.82565,0.82585,2.60,1.00
2009.03.16 07:29:45.713,0.82575,0.82595,2.60,4.20
2009.03.16 07:29:46.003,0.82575,0.82595,2.60,2.60
2009.03.16 07:29:46.302,0.8257,0.82595,2.60,2.60
2009.03.16 07:29:46.522,0.82565,0.826,4.60,2.60
2009.03.16 07:29:46.862,0.82565,0.82595,3.60,2.60
2009.03.16 07:29:47.142,0.82565,0.826,4.20,2.60
2009.03.16 07:29:47.472,0.82565,0.826,5.80,2.60
2009.03.16 07:29:47.652,0.8257,0.826,1.00,2.60
2009.03.16 07:29:47.892,0.8257,0.826,3.00,2.60
2009.03.16 07:29:48.052,0.8257,0.82605,1.00,2.60
2009.03.16 07:29:48.442,0.8257,0.826,1.00,2.60
2009.03.16 07:29:50.391,0.8257,0.826,2.60,2.60
2009.03.16 07:29:50.632,0.8257,0.82605,3.00,2.60
2009.03.16 07:29:52.291,0.8257,0.82605,5.60,3.20
2009.03.16 07:29:52.621,0.82575,0.82605,1.00,3.20
2009.03.16 07:29:52.681,0.82575,0.826,1.00,1.00
2009.03.16 07:29:52.801,0.8257,0.826,5.20,3.20
2009.03.16 07:29:52.921,0.8257,0.826,3.20,3.20
2009.03.16 07:29:53.091,0.82575,0.82595,1.00,1.00
2009.03.16 07:29:53.151,0.8256,0.82595,1.00,2.60
2009.03.16 07:29:54.231,0.82565,0.826,1.00,2.60
2009.03.16 07:29:56.910,0.8256,0.82595,3.00,2.60
2009.03.16 07:29:57.140,0.82555,0.8259,3.00,2.60
2009.03.16 07:29:57.490,0.82555,0.82585,5.60,2.60
2009.03.16 07:29:57.600,0.82555,0.82585,1.00,2.60
2009.03.16 07:29:58.000,0.82555,0.82585,3.00,2.60
2009.03.16 07:29:58.529,0.82555,0.8259,3.00,2.60
2009.03.16 07:29:58.639,0.82555,0.8259,4.60,2.60
2009.03.16 07:29:58.759,0.82555,0.8259,5.80,2.60
2009.03.16 07:29:59.430,0.8256,0.8259,1.00,2.60
2009.03.16 07:30:00.299,0.82555,0.82585,3.60,2.60
2009.03.16 07:30:01.489,0.82555,0.8259,4.20,2.60
2009.03.16 07:30:01.999,0.82555,0.82585,4.20,2.60
2009.03.16 07:30:02.179,0.8256,0.8259,2.60,2.60
2009.03.16 07:30:02.299,0.8257,0.826,1.00,4.80
2009.03.16 07:30:02.578,0.8257,0.826,1.00,1.20
2009.03.16 07:30:02.939,0.8257,0.82595,1.00,1.00
2009.03.16 07:30:03.049,0.8256,0.8259,3.00,2.60
2009.03.16 07:30:03.500,0.8256,0.8258,2.60,2.60
2009.03.16 07:30:03.948,0.8256,0.82585,2.60,2.60
2009.03.16 07:30:05.448,0.82565,0.82585,2.60,2.60
2009.03.16 07:30:05.728,0.82575,0.82585,2.60,2.60
2009.03.16 07:30:06.408,0.8257,0.8259,2.60,2.60
2009.03.16 07:30:06.988,0.82565,0.82595,3.00,2.60
2009.03.16 07:30:07.487,0.8257,0.82595,2.60,2.60
2009.03.16 07:30:07.828,0.8257,0.82605,3.00,3.20
2009.03.16 07:30:08.127,0.82575,0.826,2.60,2.60
2009.03.16 07:30:08.307,0.82575,0.82605,2.60,2.60
2009.03.16 07:30:08.647,0.8258,0.8261,2.60,2.60
2009.03.16 07:30:08.997,0.82575,0.8261,3.00,2.60
2009.03.16 07:30:09.337,0.8257,0.82595,2.60,1.00
2009.03.16 07:30:10.437,0.82565,0.8259,3.00,1.20
2009.03.16 07:30:11.456,0.8257,0.82595,2.60,4.00
2009.03.16 07:30:11.856,0.8257,0.82595,2.60,3.20
2009.03.16 07:30:12.016,0.8257,0.82595,2.60,1.00
2009.03.16 07:30:12.616,0.8257,0.8259,2.60,1.00
2009.03.16 07:30:12.846,0.82565,0.8259,3.00,1.20
2009.03.16 07:30:13.336,0.8257,0.82595,2.60,1.00
2009.03.16 07:30:14.316,0.8257,0.82595,3.00,1.00
2009.03.16 07:30:14.655,0.82575,0.826,2.60,1.20
2009.03.16 07:30:15.215,0.8257,0.82595,2.60,1.00
2009.03.16 07:30:17.005,0.82575,0.826,2.60,3.20
2009.03.16 07:30:17.335,0.82575,0.826,2.60,1.20
2009.03.16 07:30:18.504,0.8257,0.82595,3.00,1.00
2009.03.16 07:30:18.675,0.8257,0.82595,2.60,1.00
2009.03.16 07:30:19.904,0.82565,0.8259,4.60,1.00
2009.03.16 07:30:20.014,0.82565,0.8259,3.00,1.20
2009.03.16 07:30:29.982,0.8256,0.82585,2.60,1.00
2009.03.16 07:30:30.332,0.8256,0.82585,3.00,1.00
2009.03.16 07:30:30.622,0.82565,0.8259,2.60,1.20
2009.03.16 07:30:35.291,0.82565,0.82595,2.60,3.20
2009.03.16 07:30:35.750,0.82565,0.82595,3.00,3.20
2009.03.16 07:30:36.260,0.82565,0.8259,3.00,1.60
2009.03.16 07:30:36.490,0.82565,0.82585,2.60,1.00
2009.03.16 07:30:38.030,0.8256,0.8258,3.00,1.00
2009.03.16 07:30:38.500,0.8256,0.8258,2.60,1.00
2009.03.16 07:30:40.289,0.82555,0.8258,4.20,1.00
2009.03.16 07:30:40.519,0.82555,0.8258,4.20,1.20
2009.03.16 07:30:51.127,0.8256,0.82585,2.60,13.60
2009.03.16 07:30:51.307,0.8256,0.82585,2.60,12.80
2009.03.16 07:30:51.526,0.8256,0.82585,2.60,4.80
2009.03.16 07:30:53.616,0.8256,0.82585,2.60,5.60
2009.03.16 07:30:53.786,0.82555,0.8258,9.40,1.20
2009.03.16 07:30:54.026,0.82555,0.8258,4.20,1.20
2009.03.16 07:30:55.955,0.82555,0.8258,2.60,1.20
2009.03.16 07:30:56.186,0.8255,0.82575,3.00,1.00
2009.03.16 07:30:56.305,0.82555,0.82575,2.60,1.00
2009.03.16 07:30:56.476,0.8256,0.8258,2.60,1.60
2009.03.16 07:30:56.645,0.8255,0.82575,2.60,3.20
2009.03.16 07:30:56.815,0.8255,0.82565,1.00,1.00
2009.03.16 07:30:57.095,0.82545,0.8257,2.60,1.20
2009.03.16 07:30:57.385,0.82545,0.8256,1.00,1.20
2009.03.16 07:30:57.655,0.8254,0.8256,1.00,1.20
2009.03.16 07:30:58.215,0.8254,0.8255,1.00,1.20
2009.03.16 07:30:58.335,0.82535,0.8255,1.60,1.20
2009.03.16 07:30:58.785,0.82535,0.82545,1.60,1.00
2009.03.16 07:30:59.085,0.8252,0.82545,1.00,1.60
2009.03.16 07:30:59.375,0.8252,0.8254,1.00,1.00
2009.03.16 07:30:59.605,0.8252,0.8254,1.00,2.00
2009.03.16 07:30:59.995,0.8252,0.8254,1.00,1.00
2009.03.16 07:31:00.675,0.8252,0.82535,1.00,1.00
2009.03.16 07:31:00.965,0.82515,0.8253,1.00,1.20
2009.03.16 07:31:01.345,0.825,0.8253,3.00,1.20
2009.03.16 07:31:02.064,0.825,0.82525,2.60,1.00
2009.03.16 07:31:02.904,0.825,0.8252,2.60,1.60
2009.03.16 07:31:03.804,0.825,0.8252,2.60,2.00
2009.03.16 07:31:04.373,0.82495,0.82515,4.20,1.00
2009.03.16 07:31:04.543,0.82495,0.82515,2.60,1.00
2009.03.16 07:31:05.453,0.8249,0.8251,2.60,1.00
2009.03.16 07:31:05.723,0.82485,0.82505,2.60,1.00
2009.03.16 07:31:07.103,0.82485,0.825,2.60,1.00
2009.03.16 07:31:07.343,0.8248,0.825,2.60,1.20
2009.03.16 07:31:08.023,0.82485,0.82505,2.60,3.20
2009.03.16 07:31:08.263,0.82485,0.82505,2.60,1.00
2009.03.16 07:31:08.442,0.8249,0.82505,2.60,2.60
2009.03.16 07:31:08.674,0.8249,0.8251,2.60,2.60
2009.03.16 07:31:09.752,0.82495,0.82515,2.60,2.60
2009.03.16 07:31:09.982,0.8249,0.8252,2.60,2.60
2009.03.16 07:31:10.262,0.8249,0.82515,2.60,2.60
2009.03.16 07:31:10.542,0.825,0.82515,2.60,2.60
2009.03.16 07:31:10.812,0.825,0.8252,2.60,2.60
2009.03.16 07:31:11.102,0.82505,0.82525,2.60,3.20
2009.03.16 07:31:14.041,0.8251,0.8253,2.60,2.60
2009.03.16 07:31:16.101,0.8251,0.82535,2.60,2.60
2009.03.16 07:31:16.391,0.8251,0.8253,2.60,2.60
2009.03.16 07:31:16.560,0.8251,0.82535,2.60,2.60
2009.03.16 07:31:17.690,0.82515,0.8254,2.60,2.60
2009.03.16 07:31:17.810,0.82515,0.82535,2.60,2.60
2009.03.16 07:31:18.160,0.82515,0.8254,2.60,2.60
2009.03.16 07:31:18.390,0.82515,0.82545,2.60,3.20
2009.03.16 07:31:18.790,0.8252,0.8254,2.60,2.60
2009.03.16 07:31:19.130,0.8252,0.82545,2.60,2.60
2009.03.16 07:31:19.360,0.82525,0.8255,2.60,2.60
2009.03.16 07:31:19.820,0.82525,0.82555,2.60,2.60
2009.03.16 07:31:20.450,0.82525,0.8256,3.00,2.60
2009.03.16 07:31:20.800,0.82535,0.82555,2.60,2.60
2009.03.16 07:31:21.100,0.82535,0.8256,2.60,2.60
2009.03.16 07:31:21.339,0.82535,0.82555,2.60,2.60
2009.03.16 07:31:21.609,0.82535,0.8256,2.60,2.60
2009.03.16 07:31:21.849,0.8253,0.8256,2.60,3.20
2009.03.16 07:31:22.129,0.82535,0.82565,2.60,3.20
2009.03.16 07:31:22.359,0.8253,0.8256,3.00,1.20
2009.03.16 07:31:22.479,0.8254,0.82565,2.60,3.40
2009.03.16 07:31:22.639,0.8254,0.82565,2.60,2.60
2009.03.16 07:31:22.749,0.8254,0.82565,2.60,3.40
2009.03.16 07:31:22.869,0.8253,0.82555,2.60,2.60
2009.03.16 07:31:23.039,0.8254,0.82555,2.60,2.60
2009.03.16 07:31:23.159,0.82535,0.82565,4.20,7.60
2009.03.16 07:31:23.549,0.82535,0.8256,2.60,2.60
2009.03.16 07:31:25.238,0.8253,0.8256,2.60,3.20
2009.03.16 07:31:25.579,0.8253,0.82555,2.60,2.60
2009.03.16 07:31:25.808,0.82535,0.82555,2.60,2.60
2009.03.16 07:31:26.038,0.82535,0.8256,2.60,2.60
2009.03.16 07:31:31.477,0.82535,0.8256,1.00,1.20
2009.03.16 07:31:32.047,0.8253,0.8256,2.60,3.20
2009.03.16 07:31:33.406,0.8253,0.8256,3.00,3.20
2009.03.16 07:31:34.116,0.8253,0.8256,2.60,3.20
2009.03.16 07:31:35.246,0.8253,0.82555,2.60,2.60
2009.03.16 07:31:36.116,0.8253,0.8256,2.60,1.20
2009.03.16 07:31:36.866,0.8253,0.8256,2.60,3.20
2009.03.16 07:31:39.485,0.8253,0.8256,3.00,1.20
2009.03.16 07:31:40.175,0.8253,0.8255,2.60,1.00
2009.03.16 07:31:40.285,0.8253,0.8255,2.60,1.20
2009.03.16 07:31:40.455,0.8253,0.82555,2.60,6.00
2009.03.16 07:31:40.925,0.8253,0.8255,2.60,1.00
2009.03.16 07:31:41.325,0.8253,0.8255,2.60,1.20
2009.03.16 07:31:43.054,0.82525,0.82545,2.60,1.00
2009.03.16 07:31:43.694,0.82525,0.82545,4.20,1.00
2009.03.16 07:31:44.154,0.82535,0.82555,2.60,1.00
2009.03.16 07:31:46.923,0.8253,0.8255,3.00,1.00
2009.03.16 07:31:47.043,0.8255,0.8256,2.60,1.60
2009.03.16 07:31:47.213,0.8255,0.8257,2.60,3.20
2009.03.16 07:31:47.553,0.8255,0.8257,2.60,1.20
2009.03.16 07:31:49.143,0.82555,0.8257,2.60,1.00
2009.03.16 07:31:49.263,0.82555,0.82575,2.60,1.00
2009.03.16 07:31:49.673,0.82555,0.82575,2.60,3.60
2009.03.16 07:31:49.792,0.82555,0.82575,2.60,3.20
2009.03.16 07:31:50.733,0.82555,0.82575,4.20,1.00
2009.03.16 07:31:51.022,0.8256,0.82585,2.60,3.20
2009.03.16 07:31:53.981,0.82565,0.8258,1.60,3.20
2009.03.16 07:31:54.251,0.82575,0.8258,2.60,2.60
2009.03.16 07:31:54.531,0.82575,0.82595,2.60,3.80
2009.03.16 07:31:54.821,0.82575,0.82595,2.60,2.60
2009.03.16 07:31:55.521,0.82575,0.8259,2.60,2.60
2009.03.16 07:31:56.941,0.82565,0.8259,12.20,2.60
2009.03.16 07:31:57.101,0.82565,0.8259,10.60,2.60
2009.03.16 07:31:57.271,0.82565,0.82585,10.60,2.60
2009.03.16 07:31:57.381,0.8257,0.82585,2.60,2.60
2009.03.16 07:31:57.661,0.8257,0.8259,2.60,2.60
2009.03.16 07:32:00.110,0.82575,0.826,2.60,7.00
2009.03.16 07:32:00.280,0.8257,0.826,2.60,4.40
2009.03.16 07:32:00.500,0.8257,0.8259,2.60,2.60
2009.03.16 07:32:01.820,0.82565,0.82585,2.60,2.60
2009.03.16 07:32:02.399,0.82565,0.82595,2.60,3.20
2009.03.16 07:32:09.878,0.8257,0.82595,2.60,2.60
2009.03.16 07:32:10.388,0.8257,0.826,3.00,2.60
2009.03.16 07:32:12.317,0.8257,0.82605,3.00,3.20
2009.03.16 07:32:12.727,0.8257,0.82605,3.00,2.60
2009.03.16 07:32:12.967,0.82575,0.82605,3.00,2.60
2009.03.16 07:32:13.587,0.82575,0.8261,3.00,3.20
2009.03.16 07:32:14.116,0.82575,0.82605,2.60,2.60
2009.03.16 07:32:21.335,0.82565,0.82595,2.60,2.60
2009.03.16 07:32:24.274,0.8257,0.826,2.60,2.60
2009.03.16 07:32:25.304,0.82565,0.82595,2.60,2.60
2009.03.16 07:32:37.231,0.82565,0.82595,2.60,3.20
2009.03.16 07:32:37.471,0.82565,0.8259,2.60,2.60
2009.03.16 07:32:43.000,0.82565,0.82595,2.60,2.60
2009.03.16 07:32:45.599,0.82575,0.826,2.60,2.60
2009.03.16 07:32:45.819,0.82565,0.826,4.60,3.20
2009.03.16 07:32:45.989,0.82565,0.826,3.00,3.20
2009.03.16 07:32:46.409,0.82565,0.82595,2.60,2.60
2009.03.16 07:32:47.328,0.82565,0.8259,2.60,2.60
2009.03.16 07:32:50.858,0.8257,0.826,3.00,3.20
2009.03.16 07:32:50.968,0.82575,0.826,2.60,2.60
2009.03.16 07:32:55.617,0.8257,0.82595,2.60,3.60
2009.03.16 07:32:55.737,0.8257,0.82595,2.60,3.20
2009.03.16 07:32:57.486,0.82565,0.8259,2.60,3.20
2009.03.16 07:32:57.776,0.82565,0.8259,2.60,2.60
2009.03.16 07:32:57.956,0.82565,0.8259,2.60,3.20
2009.03.16 07:33:04.185,0.82565,0.82585,2.60,1.00
2009.03.16 07:33:04.934,0.8256,0.8258,2.60,1.20
2009.03.16 07:33:05.214,0.8255,0.82575,5.60,1.00
2009.03.16 07:33:05.564,0.8255,0.82575,1.00,1.00
2009.03.16 07:33:07.534,0.8255,0.8257,1.00,1.00
2009.03.16 07:33:07.654,0.82545,0.8257,3.60,1.20
2009.03.16 07:33:07.764,0.82545,0.8257,1.00,1.20
2009.03.16 07:33:11.983,0.8255,0.8257,1.00,1.20
2009.03.16 07:33:12.952,0.82545,0.8257,5.60,1.20
2009.03.16 07:33:13.492,0.82545,0.8257,1.00,1.20
2009.03.16 07:33:16.312,0.82545,0.8257,3.60,1.20
2009.03.16 07:33:16.531,0.8255,0.8257,1.00,1.20
2009.03.16 07:33:17.591,0.82545,0.82575,1.00,8.40
2009.03.16 07:33:17.821,0.8255,0.8258,1.00,3.20
2009.03.16 07:33:18.171,0.8256,0.8258,2.60,1.20
2009.03.16 07:33:18.401,0.82555,0.8258,3.00,1.20
2009.03.16 07:33:18.571,0.82555,0.8258,2.60,1.20
2009.03.16 07:33:19.271,0.8255,0.82575,2.00,1.00
2009.03.16 07:33:19.451,0.82545,0.82575,1.00,1.00
2009.03.16 07:33:19.611,0.82545,0.82575,1.00,3.20
2009.03.16 07:33:20.191,0.82545,0.82575,1.00,1.00
2009.03.16 07:33:20.581,0.8255,0.82575,1.00,1.00
2009.03.16 07:33:21.640,0.82545,0.82575,5.60,1.00
2009.03.16 07:33:22.152,0.82545,0.82575,2.40,1.00
2009.03.16 07:33:22.380,0.82545,0.82575,1.00,1.00
2009.03.16 07:33:23.460,0.82545,0.82575,1.00,3.20
2009.03.16 07:33:23.850,0.8254,0.82575,3.00,3.20
2009.03.16 07:33:25.080,0.8255,0.82575,1.00,1.00
2009.03.16 07:33:25.499,0.82545,0.8257,3.00,1.20
2009.03.16 07:33:26.129,0.82545,0.82565,1.00,1.00
2009.03.16 07:33:26.299,0.8254,0.82565,3.00,1.00
2009.03.16 07:33:26.469,0.8254,0.82565,1.00,1.00
2009.03.16 07:33:26.709,0.8254,0.8257,1.00,1.20
2009.03.16 07:33:26.939,0.82545,0.8257,1.00,1.20
2009.03.16 07:33:30.078,0.82545,0.82575,1.00,1.00
2009.03.16 07:33:32.328,0.82545,0.82575,2.40,1.00
2009.03.16 07:33:32.498,0.82545,0.82575,5.60,1.00
2009.03.16 07:33:32.788,0.8255,0.82575,2.60,1.00
2009.03.16 07:33:33.827,0.82545,0.82575,3.00,3.20
2009.03.16 07:33:34.258,0.82545,0.82575,3.00,1.00
2009.03.16 07:33:36.707,0.82545,0.82575,2.60,3.20
2009.03.16 07:33:37.936,0.82545,0.8257,2.60,1.00
2009.03.16 07:33:38.056,0.82545,0.8257,2.60,1.20
2009.03.16 07:33:38.226,0.82545,0.8257,2.60,3.20
2009.03.16 07:33:39.216,0.82545,0.8257,2.60,1.20
2009.03.16 07:33:39.746,0.82545,0.8257,2.60,3.20
2009.03.16 07:33:39.966,0.82545,0.8257,2.60,1.20
2009.03.16 07:33:41.875,0.8254,0.82565,3.00,1.00
2009.03.16 07:33:42.165,0.8254,0.82565,2.60,1.00
2009.03.16 07:33:42.925,0.8255,0.82565,1.00,1.00
2009.03.16 07:33:43.105,0.8255,0.8257,1.00,1.20
2009.03.16 07:33:43.275,0.82545,0.8257,3.00,1.20
2009.03.16 07:33:43.455,0.82545,0.8257,2.60,1.20
2009.03.16 07:33:44.155,0.82545,0.8257,4.60,1.00
2009.03.16 07:33:44.615,0.8255,0.82575,2.60,1.00
2009.03.16 07:33:47.794,0.8255,0.82575,2.60,3.20
2009.03.16 07:33:47.974,0.82545,0.8257,4.60,1.00
2009.03.16 07:33:50.083,0.8255,0.8257,2.60,1.20
2009.03.16 07:33:51.284,0.8255,0.8257,3.00,1.20
2009.03.16 07:33:51.803,0.82555,0.82575,2.60,1.00
2009.03.16 07:34:00.121,0.82565,0.82585,2.60,1.00
2009.03.16 07:34:01.101,0.82565,0.8259,2.60,3.20
2009.03.16 07:34:01.261,0.82565,0.82585,2.60,1.00
2009.03.16 07:34:01.561,0.8257,0.82595,2.60,3.20
2009.03.16 07:34:01.841,0.8257,0.82595,2.60,1.60
2009.03.16 07:34:01.961,0.82575,0.82595,2.60,1.00
2009.03.16 07:34:02.310,0.82575,0.82605,2.60,4.00
2009.03.16 07:34:02.590,0.82575,0.82605,2.60,3.20
2009.03.16 07:34:02.831,0.8258,0.8261,2.60,2.60
2009.03.16 07:34:03.330,0.82575,0.82605,10.60,3.20
2009.03.16 07:34:03.610,0.82575,0.82605,2.60,3.20
2009.03.16 07:34:05.080,0.82575,0.82605,2.60,4.00
2009.03.16 07:34:05.590,0.8257,0.826,2.60,3.20
2009.03.16 07:34:06.909,0.8257,0.82595,2.60,2.60
2009.03.16 07:34:07.309,0.82565,0.82595,3.00,1.00
2009.03.16 07:34:07.479,0.8257,0.82595,2.60,2.60
2009.03.16 07:34:07.709,0.8257,0.826,2.60,3.20
2009.03.16 07:34:09.749,0.8257,0.826,2.60,2.60
2009.03.16 07:34:09.988,0.82565,0.826,11.00,3.20
2009.03.16 07:34:10.329,0.82565,0.826,3.00,2.60
2009.03.16 07:34:10.778,0.82565,0.826,3.00,3.20
2009.03.16 07:34:11.068,0.82565,0.82595,2.60,2.60
2009.03.16 07:34:13.228,0.8256,0.8259,3.00,3.20
2009.03.16 07:34:13.568,0.8256,0.8259,2.60,3.20
2009.03.16 07:34:14.437,0.8256,0.8259,3.00,2.60
2009.03.16 07:34:15.368,0.8256,0.8259,2.60,2.60
2009.03.16 07:34:15.797,0.82565,0.826,1.00,3.20
2009.03.16 07:34:16.877,0.8256,0.82595,3.00,2.60
2009.03.16 07:34:21.446,0.8256,0.8259,3.00,2.60
2009.03.16 07:34:22.026,0.8256,0.8259,2.60,2.60
2009.03.16 07:34:23.675,0.8257,0.8259,2.60,2.60
2009.03.16 07:34:24.025,0.8257,0.82595,2.60,2.60
2009.03.16 07:34:24.805,0.82575,0.826,2.60,3.20
2009.03.16 07:34:30.644,0.8257,0.82595,3.00,1.00
2009.03.16 07:34:30.883,0.8257,0.82595,2.60,1.00
2009.03.16 07:34:31.433,0.82575,0.82595,1.00,1.00
2009.03.16 07:34:34.762,0.82575,0.82595,3.00,1.00
2009.03.16 07:34:34.943,0.8258,0.826,1.00,1.20
2009.03.16 07:34:35.172,0.82575,0.826,3.00,1.20
2009.03.16 07:34:37.152,0.82575,0.826,3.00,1.20
2009.03.16 07:34:37.272,0.82575,0.82595,3.00,1.00
2009.03.16 07:34:37.922,0.82575,0.826,3.00,2.00
2009.03.16 07:34:38.212,0.82575,0.826,3.00,1.20
2009.03.16 07:34:39.402,0.82575,0.826,3.00,2.00
2009.03.16 07:34:39.521,0.82575,0.82595,3.00,1.00
2009.03.16 07:34:39.701,0.82575,0.82595,2.60,1.00
2009.03.16 07:34:39.881,0.8257,0.8259,3.20,1.20
2009.03.16 07:34:40.051,0.8256,0.8259,3.00,1.20
2009.03.16 07:34:40.221,0.8256,0.8259,2.60,3.20
2009.03.16 07:34:47.250,0.82555,0.82585,3.00,1.00
2009.03.16 07:34:48.509,0.8256,0.8259,2.60,3.20
2009.03.16 07:34:48.739,0.8256,0.82585,2.60,2.60
2009.03.16 07:34:49.989,0.82565,0.82585,4.80,2.60
2009.03.16 07:34:50.109,0.82565,0.8259,5.20,1.20
2009.03.16 07:34:50.229,0.8258,0.8259,2.60,1.00
2009.03.16 07:34:50.389,0.8258,0.826,2.60,3.20
2009.03.16 07:34:50.499,0.82575,0.82595,4.20,1.00
2009.03.16 07:34:50.659,0.82575,0.82595,2.60,1.00
2009.03.16 07:34:50.889,0.82575,0.82595,2.60,3.20
2009.03.16 07:34:51.248,0.82575,0.82595,2.60,1.00
2009.03.16 07:34:52.039,0.82565,0.82585,4.60,1.00
2009.03.16 07:34:52.148,0.82565,0.82585,3.00,1.00
2009.03.16 07:34:52.378,0.82565,0.8259,2.60,3.20
2009.03.16 07:34:53.798,0.82565,0.82585,2.60,2.60
2009.03.16 07:34:54.198,0.82565,0.8259,2.60,3.20
2009.03.16 07:34:54.658,0.8256,0.82585,2.60,1.00
2009.03.16 07:34:54.887,0.8256,0.82585,2.60,3.20
2009.03.16 07:34:56.387,0.82565,0.82585,2.60,2.60
2009.03.16 07:34:56.677,0.82565,0.8259,2.60,3.20
2009.03.16 07:34:58.227,0.82565,0.8259,2.60,4.80
2009.03.16 07:34:58.447,0.82565,0.82585,2.60,1.00
2009.03.16 07:34:59.107,0.82565,0.8259,2.60,4.80
2009.03.16 07:34:59.217,0.82565,0.8259,2.60,3.20
2009.03.16 07:34:59.856,0.82565,0.8259,2.60,1.20
2009.03.16 07:35:00.317,0.82565,0.8259,3.00,1.00
2009.03.16 07:35:00.487,0.8257,0.82595,2.60,1.00
2009.03.16 07:35:00.976,0.82575,0.82595,2.60,2.60
2009.03.16 07:35:01.257,0.8257,0.82595,2.60,3.20
2009.03.16 07:35:01.586,0.82575,0.82595,2.60,1.00
2009.03.16 07:35:01.926,0.82575,0.826,2.60,3.20
2009.03.16 07:35:02.686,0.8257,0.82595,2.60,1.00
2009.03.16 07:35:03.846,0.8257,0.8259,2.60,1.00
2009.03.16 07:35:04.025,0.82565,0.82585,3.00,1.00
2009.03.16 07:35:04.246,0.82565,0.82585,2.60,1.00
2009.03.16 07:35:06.355,0.8256,0.8258,2.60,1.20
2009.03.16 07:35:06.595,0.8256,0.8258,3.00,1.20
2009.03.16 07:35:06.865,0.82565,0.82585,2.60,2.00
2009.03.16 07:35:07.335,0.82565,0.82585,2.60,1.20
2009.03.16 07:35:07.635,0.82565,0.82585,2.60,1.00
2009.03.16 07:35:08.095,0.82565,0.82585,2.60,2.00
2009.03.16 07:35:08.345,0.8256,0.8258,3.00,1.20
2009.03.16 07:35:09.384,0.8256,0.82575,2.60,1.60
2009.03.16 07:35:09.674,0.82555,0.82575,2.60,4.20
2009.03.16 07:35:09.954,0.82555,0.82575,2.60,2.60
2009.03.16 07:35:10.244,0.82555,0.8258,2.60,1.20
2009.03.16 07:35:10.824,0.8255,0.82575,3.00,1.00
2009.03.16 07:35:11.114,0.8255,0.82575,2.60,1.00
2009.03.16 07:35:12.094,0.8255,0.8257,2.60,1.00
2009.03.16 07:35:12.323,0.8255,0.8257,2.60,1.20
2009.03.16 07:35:12.724,0.8255,0.82565,2.60,1.60
2009.03.16 07:35:13.003,0.8253,0.82555,5.00,1.00
2009.03.16 07:35:13.293,0.82535,0.82555,2.60,1.00
2009.03.16 07:35:13.523,0.8254,0.8256,2.60,1.20
2009.03.16 07:35:13.873,0.8255,0.8256,1.00,1.20
2009.03.16 07:35:14.273,0.8255,0.8257,1.00,4.40
2009.03.16 07:35:14.563,0.8255,0.82575,2.60,4.00
2009.03.16 07:35:14.883,0.82545,0.8257,3.00,1.20
2009.03.16 07:35:15.173,0.82545,0.8257,2.60,1.20
2009.03.16 07:35:15.463,0.82545,0.8257,3.00,1.20
2009.03.16 07:35:15.633,0.82545,0.8257,2.60,1.20
2009.03.16 07:35:15.863,0.8255,0.82575,2.60,2.60
2009.03.16 07:35:16.093,0.8255,0.8258,2.60,4.80
2009.03.16 07:35:17.112,0.8255,0.82575,2.60,1.60
2009.03.16 07:35:17.282,0.8255,0.8257,2.60,1.60
2009.03.16 07:35:17.402,0.8255,0.82565,2.60,2.60
2009.03.16 07:35:17.582,0.82545,0.82575,3.00,4.80
2009.03.16 07:35:17.812,0.8255,0.82575,1.00,2.00
2009.03.16 07:35:20.951,0.8254,0.8257,2.60,3.20
2009.03.16 07:35:21.231,0.82545,0.82565,2.60,2.60
2009.03.16 07:35:21.581,0.8254,0.8257,2.60,3.20
2009.03.16 07:35:21.991,0.8254,0.82565,2.60,2.60
2009.03.16 07:35:22.222,0.8254,0.8257,2.60,3.20
2009.03.16 07:35:23.071,0.8254,0.8257,3.00,3.20
2009.03.16 07:35:23.531,0.8254,0.82565,2.60,2.60
2009.03.16 07:35:23.761,0.82545,0.82565,2.60,2.60
2009.03.16 07:35:23.991,0.82545,0.8257,2.60,3.20
2009.03.16 07:35:25.310,0.82535,0.8256,11.00,1.00
2009.03.16 07:35:25.430,0.82535,0.8256,2.60,1.20
2009.03.16 07:35:25.610,0.82535,0.8256,2.60,3.20
2009.03.16 07:35:26.140,0.8253,0.82555,2.60,1.00
2009.03.16 07:35:26.430,0.8253,0.82555,3.00,1.00
2009.03.16 07:35:27.080,0.8252,0.82545,3.00,1.00
2009.03.16 07:35:27.360,0.82525,0.8255,2.60,1.20
2009.03.16 07:35:27.540,0.8252,0.82545,3.00,1.00
2009.03.16 07:35:27.720,0.8252,0.82545,2.60,1.00
2009.03.16 07:35:28.390,0.82525,0.8255,2.60,1.00
2009.03.16 07:35:29.080,0.82525,0.8255,2.60,2.60
2009.03.16 07:35:29.240,0.8252,0.82555,2.00,2.60
2009.03.16 07:35:29.419,0.82525,0.82555,2.60,2.60
2009.03.16 07:35:29.589,0.82525,0.8255,2.60,2.60
2009.03.16 07:35:29.819,0.82525,0.82555,3.00,2.60
2009.03.16 07:35:30.169,0.82525,0.8255,2.60,2.60
2009.03.16 07:35:30.339,0.82515,0.8255,12.60,3.20
2009.03.16 07:35:30.619,0.82515,0.8255,3.00,3.20
2009.03.16 07:35:31.799,0.82525,0.8255,2.60,3.20
2009.03.16 07:35:32.269,0.82525,0.82545,2.60,2.60
2009.03.16 07:35:32.329,0.82515,0.8254,2.60,1.20
2009.03.16 07:35:32.619,0.8251,0.82535,3.00,1.00
2009.03.16 07:35:32.738,0.8251,0.82535,2.60,1.00
2009.03.16 07:35:33.619,0.82515,0.8254,2.60,3.20
2009.03.16 07:35:33.788,0.8251,0.82535,3.00,1.00
2009.03.16 07:35:34.198,0.8251,0.82535,2.60,1.00
2009.03.16 07:35:34.419,0.8251,0.82535,3.00,1.00
2009.03.16 07:35:34.698,0.82515,0.8254,2.60,1.20
2009.03.16 07:35:42.106,0.82525,0.82545,2.60,2.60
2009.03.16 07:35:42.506,0.82525,0.8255,2.60,2.60
2009.03.16 07:35:42.736,0.82525,0.8256,3.00,3.20
2009.03.16 07:35:43.186,0.8253,0.8256,1.00,3.20
2009.03.16 07:35:43.416,0.8253,0.8256,1.00,2.60
2009.03.16 07:35:43.706,0.8253,0.82565,1.00,3.20
2009.03.16 07:35:43.986,0.8253,0.82565,1.00,4.80
2009.03.16 07:35:44.266,0.8253,0.8255,2.60,1.00
2009.03.16 07:35:44.666,0.8253,0.82555,3.00,1.00
2009.03.16 07:35:47.555,0.8253,0.8255,2.00,1.00
2009.03.16 07:35:47.725,0.82525,0.8255,2.00,1.00
2009.03.16 07:35:47.965,0.82525,0.8255,1.00,1.20
2009.03.16 07:35:49.755,0.82535,0.8256,2.60,3.20
2009.03.16 07:35:50.054,0.82525,0.82545,1.00,1.00
2009.03.16 07:35:50.284,0.8252,0.8254,5.60,1.00
2009.03.16 07:35:50.685,0.8252,0.8255,5.60,1.20
2009.03.16 07:35:51.014,0.82515,0.8255,3.00,3.20
2009.03.16 07:35:51.304,0.8252,0.8255,2.40,1.20
2009.03.16 07:35:51.664,0.8252,0.8255,5.60,1.20
2009.03.16 07:35:52.924,0.8252,0.82535,5.60,1.00
2009.03.16 07:35:52.984,0.8252,0.82535,5.20,1.00
2009.03.16 07:35:53.214,0.82515,0.82535,1.00,1.00
2009.03.16 07:35:53.483,0.82515,0.82545,1.00,4.80
2009.03.16 07:35:53.663,0.82515,0.8255,5.60,3.20
2009.03.16 07:35:56.053,0.8253,0.8256,5.20,1.00
2009.03.16 07:35:56.343,0.8253,0.82545,5.60,1.00
2009.03.16 07:35:56.803,0.82525,0.82555,1.00,9.00
2009.03.16 07:35:57.033,0.8251,0.82545,1.00,3.20
2009.03.16 07:35:57.262,0.82525,0.82555,1.00,12.00
2009.03.16 07:35:57.493,0.82525,0.82555,1.00,3.20
2009.03.16 07:35:57.726,0.8252,0.82555,1.00,3.20
2009.03.16 07:35:57.943,0.82515,0.8255,1.00,2.60
2009.03.16 07:35:58.582,0.82515,0.82545,1.00,1.00
2009.03.16 07:35:58.762,0.8251,0.82545,3.00,3.20
2009.03.16 07:35:58.982,0.82515,0.82545,1.00,3.20
2009.03.16 07:36:01.432,0.8251,0.82545,3.00,3.20
2009.03.16 07:36:01.772,0.82515,0.82545,2.60,3.20
2009.03.16 07:36:02.051,0.82515,0.82545,3.00,1.00
2009.03.16 07:36:06.990,0.8252,0.82545,1.00,1.00
2009.03.16 07:36:07.270,0.8252,0.8254,1.00,1.00
2009.03.16 07:36:07.431,0.82515,0.8254,5.60,1.20
2009.03.16 07:36:07.670,0.82515,0.8254,1.00,1.20
2009.03.16 07:36:09.750,0.82515,0.82545,3.00,4.00
2009.03.16 07:36:09.930,0.82515,0.82545,3.00,1.00
2009.03.16 07:36:10.390,0.82515,0.82545,3.00,3.20
2009.03.16 07:36:11.079,0.82515,0.82545,2.60,3.20
2009.03.16 07:36:11.719,0.8252,0.82545,2.60,2.60
2009.03.16 07:36:12.249,0.8252,0.8255,2.60,2.60
2009.03.16 07:36:12.429,0.8252,0.82555,3.00,3.20
2009.03.16 07:36:14.519,0.8252,0.8255,3.00,2.60
2009.03.16 07:36:15.149,0.8252,0.8255,3.00,3.20
2009.03.16 07:36:15.388,0.8252,0.82545,2.60,2.60
2009.03.16 07:36:15.568,0.8252,0.8255,2.60,3.20
2009.03.16 07:36:16.328,0.8252,0.82545,2.60,2.60
2009.03.16 07:36:18.437,0.8252,0.8255,2.60,2.60
2009.03.16 07:36:18.998,0.8252,0.82545,2.60,2.60
2009.03.16 07:36:19.357,0.8252,0.8255,2.60,3.20
2009.03.16 07:36:19.567,0.8252,0.8255,2.60,2.60
2009.03.16 07:36:20.317,0.8251,0.82545,3.00,2.60
2009.03.16 07:36:22.447,0.82515,0.82545,2.60,2.60
2009.03.16 07:36:22.686,0.82515,0.82545,4.20,2.60
2009.03.16 07:36:22.916,0.82525,0.82545,2.60,2.60
2009.03.16 07:36:23.216,0.82525,0.82555,2.60,2.60
2009.03.16 07:36:25.806,0.8252,0.82555,4.20,2.60
2009.03.16 07:36:25.916,0.8252,0.8255,3.00,2.60
2009.03.16 07:36:27.465,0.8252,0.82555,3.00,2.60
2009.03.16 07:36:27.635,0.82525,0.82555,2.60,2.60
2009.03.16 07:36:27.925,0.8252,0.8255,3.00,2.60
2009.03.16 07:36:28.095,0.8252,0.82555,3.00,2.60
2009.03.16 07:36:28.215,0.82525,0.82555,2.60,2.60
2009.03.16 07:36:28.385,0.82525,0.82555,3.00,2.60
2009.03.16 07:36:28.795,0.82535,0.8257,1.00,2.60
2009.03.16 07:36:30.664,0.82535,0.8257,3.00,2.60
2009.03.16 07:36:30.884,0.8254,0.82575,1.00,2.60
2009.03.16 07:36:33.694,0.8254,0.82575,3.00,2.60
2009.03.16 07:36:34.764,0.8254,0.82575,1.00,2.60
2009.03.16 07:36:36.973,0.8254,0.82575,5.60,2.60
2009.03.16 07:36:37.193,0.82545,0.8258,1.00,2.60
2009.03.16 07:36:38.553,0.82545,0.8258,3.00,2.60
2009.03.16 07:36:38.713,0.82545,0.8258,1.00,2.60
2009.03.16 07:36:40.102,0.82545,0.82575,1.00,2.60
2009.03.16 07:36:41.242,0.8254,0.82575,5.60,2.60
2009.03.16 07:36:41.802,0.8254,0.82575,1.00,2.60
2009.03.16 07:36:43.951,0.82545,0.82575,1.00,2.60
2009.03.16 07:36:44.461,0.82545,0.8258,1.00,2.60
2009.03.16 07:36:46.651,0.8255,0.8258,1.00,2.60
2009.03.16 07:36:46.921,0.8255,0.82585,3.00,2.60
2009.03.16 07:36:47.150,0.82555,0.82585,2.60,2.60
2009.03.16 07:36:49.960,0.82555,0.82585,3.00,2.60
2009.03.16 07:36:50.530,0.82555,0.8259,3.00,3.20
2009.03.16 07:36:51.100,0.8256,0.8259,1.00,3.20
2009.03.16 07:36:51.390,0.8256,0.8259,3.60,3.20
2009.03.16 07:36:51.620,0.82565,0.8259,1.00,1.20
2009.03.16 07:36:51.950,0.8257,0.8259,1.00,1.20
2009.03.16 07:36:52.239,0.8257,0.82595,1.00,1.60
2009.03.16 07:36:52.809,0.8257,0.826,1.00,3.20
2009.03.16 07:36:53.030,0.82565,0.826,3.60,3.20
2009.03.16 07:36:53.269,0.82575,0.826,1.00,1.20
2009.03.16 07:36:53.599,0.8258,0.826,1.00,1.20
2009.03.16 07:36:55.169,0.8258,0.826,1.00,2.00
2009.03.16 07:36:55.499,0.82575,0.8259,1.00,1.00
2009.03.16 07:36:56.188,0.8257,0.8259,1.00,1.00
2009.03.16 07:36:56.528,0.8256,0.8259,5.60,1.00
2009.03.16 07:36:57.038,0.82565,0.8259,1.00,1.00
2009.03.16 07:36:58.898,0.8256,0.8259,1.00,3.20
2009.03.16 07:36:59.237,0.8256,0.82585,1.00,1.00
2009.03.16 07:37:00.787,0.82555,0.82585,3.00,1.00
2009.03.16 07:37:01.297,0.8256,0.82585,1.00,1.00
2009.03.16 07:37:01.637,0.82555,0.82585,3.00,1.00
2009.03.16 07:37:02.067,0.8256,0.8259,3.00,1.20
2009.03.16 07:37:02.927,0.8256,0.8259,2.60,3.20
2009.03.16 07:37:03.107,0.8256,0.82585,2.60,2.60
2009.03.16 07:37:03.337,0.8256,0.82585,2.60,3.20
2009.03.16 07:37:03.677,0.8256,0.82585,2.60,1.60
2009.03.16 07:37:03.787,0.82565,0.82585,2.60,2.00
2009.03.16 07:37:04.766,0.8256,0.8258,2.60,1.00
2009.03.16 07:37:05.106,0.8256,0.8258,2.60,1.20
2009.03.16 07:37:06.956,0.82565,0.82585,2.60,2.00
2009.03.16 07:37:07.766,0.8256,0.82585,2.60,1.00
2009.03.16 07:37:08.065,0.8256,0.82585,2.60,3.20
2009.03.16 07:37:08.246,0.82555,0.8258,2.60,1.20
2009.03.16 07:37:08.366,0.82555,0.8258,2.60,3.20
2009.03.16 07:37:10.135,0.82555,0.8258,2.60,4.80
2009.03.16 07:37:10.365,0.82555,0.82575,2.60,1.00
2009.03.16 07:37:11.415,0.82555,0.82575,2.60,3.20
2009.03.16 07:37:11.695,0.82555,0.82575,2.60,1.00
2009.03.16 07:37:12.365,0.82555,0.8258,2.60,6.40
2009.03.16 07:37:12.484,0.82555,0.8258,2.60,3.80
2009.03.16 07:37:15.484,0.8256,0.8258,2.60,3.80
2009.03.16 07:37:18.133,0.8256,0.8258,2.60,2.00
2009.03.16 07:37:19.683,0.8256,0.8258,2.60,4.80
2009.03.16 07:37:20.173,0.8256,0.8258,2.60,2.00
2009.03.16 07:37:20.404,0.8256,0.8258,2.60,1.60
2009.03.16 07:37:20.862,0.82565,0.8258,2.60,1.60
2009.03.16 07:37:21.042,0.8256,0.8258,2.60,1.60
2009.03.16 07:37:21.972,0.82565,0.8258,2.60,1.60
2009.03.16 07:37:23.272,0.82565,0.82585,2.60,2.80
2009.03.16 07:37:23.622,0.82565,0.82585,2.60,2.00
2009.03.16 07:37:25.951,0.82565,0.82585,2.60,1.60
2009.03.16 07:37:26.451,0.82565,0.82585,3.00,1.60
2009.03.16 07:37:26.681,0.82565,0.82585,2.60,1.60
2009.03.16 07:37:26.921,0.8258,0.82595,2.60,4.20
2009.03.16 07:37:27.151,0.8258,0.826,2.60,1.60
2009.03.16 07:37:27.431,0.8258,0.826,3.00,1.60
2009.03.16 07:37:27.711,0.8258,0.826,3.00,1.00
2009.03.16 07:37:28.001,0.82585,0.82615,2.60,3.20
2009.03.16 07:37:28.800,0.82585,0.82615,3.00,3.20
2009.03.16 07:37:31.000,0.82585,0.82615,2.60,3.20
2009.03.16 07:37:31.570,0.82585,0.82615,3.00,3.20
2009.03.16 07:37:32.220,0.8259,0.82615,1.00,1.00
2009.03.16 07:37:32.910,0.82585,0.82615,3.00,1.00
2009.03.16 07:37:35.299,0.82585,0.82615,3.00,3.20
2009.03.16 07:37:35.809,0.82585,0.82615,2.60,3.20
2009.03.16 07:37:36.458,0.82585,0.8261,2.60,2.60
2009.03.16 07:37:38.648,0.8258,0.8261,2.60,3.20
2009.03.16 07:37:38.818,0.8258,0.82605,2.60,2.60
2009.03.16 07:37:40.228,0.8258,0.8261,3.00,1.20
2009.03.16 07:37:40.518,0.8259,0.82615,2.60,4.80
2009.03.16 07:37:40.807,0.8259,0.8261,1.40,1.00
2009.03.16 07:37:41.047,0.8258,0.82605,2.60,2.60
2009.03.16 07:37:42.757,0.82585,0.82605,2.60,2.60
2009.03.16 07:37:42.977,0.82585,0.8261,2.60,2.60
2009.03.16 07:37:45.617,0.82585,0.82605,2.60,2.60
2009.03.16 07:37:45.796,0.8258,0.82605,2.60,2.60
2009.03.16 07:37:48.266,0.8258,0.82605,2.60,3.20
2009.03.16 07:37:49.526,0.82585,0.82615,2.60,2.60
2009.03.16 07:37:51.365,0.8258,0.82605,3.00,4.80
2009.03.16 07:37:52.065,0.8258,0.82605,2.60,3.20
2009.03.16 07:37:53.185,0.82585,0.82605,2.60,2.60
2009.03.16 07:37:53.464,0.82585,0.8261,2.60,2.60
2009.03.16 07:37:53.754,0.82585,0.8261,4.20,2.60
2009.03.16 07:37:53.865,0.826,0.8261,2.60,2.60
2009.03.16 07:37:53.924,0.826,0.82615,2.60,2.60
2009.03.16 07:37:54.104,0.82595,0.82625,2.60,7.60
2009.03.16 07:37:54.274,0.82595,0.8262,2.60,3.20
2009.03.16 07:37:54.714,0.82595,0.8261,2.60,1.60
2009.03.16 07:37:54.824,0.8259,0.8261,2.60,2.00
2009.03.16 07:37:55.084,0.82595,0.8261,2.60,1.60
2009.03.16 07:37:55.594,0.826,0.82615,2.60,4.80
2009.03.16 07:37:56.044,0.826,0.8262,2.60,3.20
2009.03.16 07:37:56.384,0.826,0.8262,2.60,2.60
2009.03.16 07:37:56.554,0.82595,0.8262,2.60,3.20
2009.03.16 07:37:56.724,0.82595,0.8262,2.60,1.20
2009.03.16 07:37:56.944,0.82595,0.8262,3.00,1.20
2009.03.16 07:37:57.603,0.82595,0.8262,2.60,3.20
2009.03.16 07:37:57.903,0.826,0.82625,2.60,3.20
2009.03.16 07:37:58.583,0.826,0.8262,2.60,4.80
2009.03.16 07:37:58.753,0.82595,0.82615,4.20,2.00
2009.03.16 07:37:59.053,0.82595,0.82615,2.60,2.00
2009.03.16 07:38:00.693,0.82595,0.82615,2.60,4.80
2009.03.16 07:38:01.722,0.82595,0.82615,2.60,6.40
2009.03.16 07:38:02.353,0.8259,0.8261,2.60,2.00
2009.03.16 07:38:03.432,0.8259,0.82605,2.60,1.60
2009.03.16 07:38:03.492,0.82585,0.82605,2.60,2.00
2009.03.16 07:38:05.632,0.82585,0.82605,2.60,4.80
2009.03.16 07:38:05.972,0.82585,0.82605,2.60,2.00
2009.03.16 07:38:06.321,0.82585,0.82605,2.60,4.80
2009.03.16 07:38:08.351,0.82585,0.82605,2.60,4.20
2009.03.16 07:38:08.751,0.82585,0.82605,2.60,1.60
2009.03.16 07:38:08.861,0.82585,0.8261,2.60,3.20
2009.03.16 07:38:08.921,0.82585,0.8261,4.20,3.20
2009.03.16 07:38:09.031,0.8259,0.8261,2.60,3.20
2009.03.16 07:38:09.301,0.82585,0.8261,3.00,1.20
2009.03.16 07:38:09.521,0.82585,0.82605,2.60,1.60
2009.03.16 07:38:09.751,0.82585,0.82605,2.60,2.00
2009.03.16 07:38:10.041,0.82585,0.82605,2.60,4.80
2009.03.16 07:38:10.800,0.8258,0.82605,2.60,4.80
2009.03.16 07:38:11.020,0.82575,0.826,2.60,3.20
2009.03.16 07:38:11.260,0.82575,0.82595,2.60,1.00
2009.03.16 07:38:11.530,0.82575,0.826,2.60,1.20
2009.03.16 07:38:11.920,0.82575,0.826,4.20,1.20
2009.03.16 07:38:12.040,0.8258,0.82605,2.60,3.20
2009.03.16 07:38:12.330,0.8258,0.82605,2.60,2.60
2009.03.16 07:38:12.730,0.8258,0.8261,2.60,3.20
2009.03.16 07:38:13.090,0.8258,0.82605,2.60,3.20
2009.03.16 07:38:13.450,0.8258,0.82605,2.60,1.00
2009.03.16 07:38:13.680,0.8258,0.8261,2.60,3.20
2009.03.16 07:38:13.970,0.8259,0.8261,1.40,3.20
2009.03.16 07:38:14.330,0.82595,0.8262,2.60,3.80
2009.03.16 07:38:14.569,0.82595,0.8262,2.60,2.60
2009.03.16 07:38:15.419,0.8259,0.82615,2.60,3.20
2009.03.16 07:38:15.699,0.8259,0.82615,3.00,1.00
2009.03.16 07:38:16.269,0.8259,0.8262,3.00,1.20
2009.03.16 07:38:16.869,0.82595,0.82625,2.60,2.00
2009.03.16 07:38:16.979,0.82595,0.82625,2.60,1.00
2009.03.16 07:38:17.089,0.82595,0.82625,2.60,3.20
2009.03.16 07:38:17.379,0.82595,0.82625,3.00,1.00
2009.03.16 07:38:18.168,0.8259,0.8262,4.20,1.20
2009.03.16 07:38:18.508,0.8259,0.8262,3.00,1.20
2009.03.16 07:38:18.689,0.82595,0.8262,2.60,1.20
2009.03.16 07:38:18.799,0.82595,0.8262,3.00,1.20
2009.03.16 07:38:18.978,0.826,0.8262,2.60,1.20
2009.03.16 07:38:19.088,0.826,0.8262,3.00,1.20
2009.03.16 07:38:19.248,0.82605,0.82625,2.60,2.40
2009.03.16 07:38:19.598,0.82595,0.8262,3.00,1.20
2009.03.16 07:38:19.828,0.82595,0.8262,4.60,1.20
2009.03.16 07:38:20.058,0.826,0.8262,2.60,1.20
2009.03.16 07:38:20.288,0.826,0.8262,3.00,1.20
2009.03.16 07:38:20.518,0.82605,0.8262,2.60,1.00
2009.03.16 07:38:20.758,0.82605,0.82625,2.60,1.00
2009.03.16 07:38:21.558,0.82605,0.82625,3.00,1.00
2009.03.16 07:38:22.068,0.82605,0.8263,3.00,2.40
2009.03.16 07:38:22.238,0.8261,0.8264,2.60,5.20
2009.03.16 07:38:22.517,0.82605,0.82635,4.60,1.00
2009.03.16 07:38:22.678,0.82605,0.82635,3.00,1.00
2009.03.16 07:38:23.427,0.82605,0.8263,1.00,1.00
2009.03.16 07:38:23.537,0.82605,0.8263,1.00,1.20
2009.03.16 07:38:24.387,0.82605,0.82635,3.00,3.40
2009.03.16 07:38:24.617,0.82605,0.82635,3.00,2.60
2009.03.16 07:38:24.837,0.82605,0.82635,3.00,1.60
2009.03.16 07:38:25.137,0.8261,0.8263,1.00,1.00
2009.03.16 07:38:25.477,0.82605,0.82635,3.00,1.00
2009.03.16 07:38:25.867,0.826,0.8263,3.00,1.20
2009.03.16 07:38:26.157,0.82605,0.8263,1.00,1.20
2009.03.16 07:38:26.516,0.826,0.8263,3.00,1.20
2009.03.16 07:38:26.846,0.826,0.8263,2.60,3.20
2009.03.16 07:38:27.476,0.82605,0.8263,2.60,3.20
2009.03.16 07:38:27.936,0.82605,0.8263,2.60,1.00
2009.03.16 07:38:28.766,0.8261,0.82635,2.60,2.60
2009.03.16 07:38:29.556,0.8261,0.82625,2.60,2.60
2009.03.16 07:38:29.836,0.8261,0.82635,2.60,2.60
2009.03.16 07:38:31.205,0.8261,0.8263,2.60,2.60
2009.03.16 07:38:31.535,0.82605,0.8263,2.60,3.20
2009.03.16 07:38:35.534,0.82605,0.8263,2.60,4.80
2009.03.16 07:38:37.884,0.8261,0.8263,2.60,3.20
2009.03.16 07:38:38.114,0.82605,0.82625,4.20,1.00
2009.03.16 07:38:38.344,0.82605,0.82625,2.60,1.00
2009.03.16 07:38:44.672,0.82605,0.8263,2.60,3.20
2009.03.16 07:38:45.062,0.8261,0.8263,1.00,4.40
2009.03.16 07:38:45.472,0.8261,0.82635,2.60,3.20
2009.03.16 07:38:46.572,0.8261,0.82625,2.60,2.60
2009.03.16 07:38:46.862,0.82605,0.82625,2.60,2.60
2009.03.16 07:38:47.142,0.82605,0.8263,2.60,3.20
2009.03.16 07:38:52.080,0.8263,0.8265,3.00,1.20
2009.03.16 07:38:52.340,0.8263,0.8265,2.60,1.20
2009.03.16 07:38:53.830,0.82625,0.82645,3.00,1.00
2009.03.16 07:38:54.110,0.82625,0.82645,2.60,6.80
2009.03.16 07:38:54.170,0.8262,0.82645,2.60,8.60
2009.03.16 07:38:54.350,0.8262,0.82645,2.60,9.40
2009.03.16 07:38:54.410,0.82615,0.82635,3.00,1.20
2009.03.16 07:38:54.530,0.82615,0.82635,4.60,1.00
2009.03.16 07:38:54.870,0.8263,0.82645,2.60,1.60
2009.03.16 07:38:55.210,0.8262,0.8264,2.60,1.00
2009.03.16 07:38:55.550,0.82625,0.82645,2.60,4.20
2009.03.16 07:38:55.769,0.82625,0.82645,2.60,1.60
2009.03.16 07:38:55.989,0.82625,0.82645,2.60,4.20
2009.03.16 07:38:56.389,0.82625,0.82645,2.60,1.60
2009.03.16 07:38:58.069,0.82625,0.82645,2.60,2.00
2009.03.16 07:38:59.009,0.82625,0.82645,2.60,4.80
2009.03.16 07:38:59.238,0.82615,0.82635,3.00,2.00
2009.03.16 07:38:59.569,0.82615,0.82635,2.60,2.00
2009.03.16 07:39:00.458,0.8261,0.8263,2.60,1.00
2009.03.16 07:39:01.138,0.8261,0.8263,2.60,1.20
2009.03.16 07:39:01.488,0.8261,0.8263,2.60,2.00
2009.03.16 07:39:02.238,0.82605,0.82625,3.00,1.20
2009.03.16 07:39:02.418,0.82605,0.82625,2.60,2.00
2009.03.16 07:39:03.348,0.82605,0.8263,2.60,6.40
2009.03.16 07:39:03.527,0.82605,0.8263,2.60,3.80
2009.03.16 07:39:04.637,0.8261,0.8263,2.60,3.80
2009.03.16 07:39:04.987,0.8261,0.8263,2.60,2.80
2009.03.16 07:39:05.207,0.8261,0.82625,2.60,1.60
2009.03.16 07:39:05.587,0.826,0.82625,3.00,2.00
2009.03.16 07:39:05.867,0.82605,0.82625,2.60,1.60
2009.03.16 07:39:06.447,0.82605,0.82625,2.60,4.20
2009.03.16 07:39:06.727,0.82605,0.82625,2.60,1.60
2009.03.16 07:39:07.577,0.826,0.82625,2.60,2.00
2009.03.16 07:39:08.366,0.82605,0.82625,2.60,1.60
2009.03.16 07:39:11.186,0.826,0.82625,2.60,2.00
2009.03.16 07:39:11.596,0.82605,0.82625,2.60,2.00
2009.03.16 07:39:18.124,0.826,0.82625,3.00,2.00
2009.03.16 07:39:18.534,0.826,0.82625,2.60,2.00
2009.03.16 07:39:19.314,0.82605,0.82625,2.60,2.00
2009.03.16 07:39:21.373,0.82605,0.8263,2.60,2.60
2009.03.16 07:39:21.553,0.82605,0.82635,2.60,3.20
2009.03.16 07:39:21.943,0.82605,0.82635,2.60,5.20
2009.03.16 07:39:23.033,0.82605,0.8263,2.60,2.60
2009.03.16 07:39:23.153,0.82605,0.82635,2.60,5.20
2009.03.16 07:39:23.433,0.82605,0.8263,2.60,2.60
2009.03.16 07:39:23.893,0.82605,0.82635,2.60,5.20
2009.03.16 07:39:26.122,0.826,0.8262,2.60,1.00
2009.03.16 07:39:26.462,0.826,0.82625,2.60,6.40
2009.03.16 07:39:26.792,0.82595,0.82625,4.60,6.40
2009.03.16 07:39:27.082,0.826,0.82625,2.60,3.20
2009.03.16 07:39:27.262,0.82605,0.8263,2.60,4.20
2009.03.16 07:39:27.432,0.826,0.8263,3.00,2.00
2009.03.16 07:39:27.882,0.826,0.8263,2.60,4.80
2009.03.16 07:39:32.361,0.82605,0.8263,2.60,3.20
2009.03.16 07:39:33.050,0.82605,0.8263,2.60,5.20
2009.03.16 07:39:33.980,0.82605,0.82625,2.60,2.60
2009.03.16 07:39:34.260,0.82605,0.82625,2.60,3.20
2009.03.16 07:39:34.550,0.82605,0.82625,2.60,6.40
2009.03.16 07:39:47.787,0.826,0.8262,2.60,2.80
2009.03.16 07:39:47.967,0.82595,0.82615,2.60,1.20
2009.03.16 07:39:48.257,0.826,0.8262,2.60,4.80
2009.03.16 07:39:48.836,0.826,0.8262,2.60,2.00
2009.03.16 07:39:49.656,0.826,0.82615,2.60,1.60
2009.03.16 07:39:49.776,0.82595,0.82615,2.60,2.00
2009.03.16 07:39:50.016,0.82595,0.8261,2.60,1.60
2009.03.16 07:39:50.356,0.8259,0.8261,2.60,1.60
2009.03.16 07:39:52.226,0.8259,0.82605,2.60,1.60
2009.03.16 07:39:52.336,0.82585,0.82605,2.60,1.60
2009.03.16 07:39:53.016,0.8258,0.82605,2.60,6.00
2009.03.16 07:39:53.236,0.8258,0.826,2.60,3.80
2009.03.16 07:39:54.855,0.82575,0.82595,2.60,1.00
2009.03.16 07:39:55.015,0.82575,0.82595,4.20,1.00
2009.03.16 07:39:55.125,0.8258,0.826,2.60,6.40
2009.03.16 07:39:55.345,0.8258,0.826,2.60,3.80
2009.03.16 07:39:56.745,0.82575,0.82595,2.60,1.00
2009.03.16 07:39:57.255,0.82575,0.82595,2.60,2.00
2009.03.16 07:40:00.374,0.8258,0.82595,2.60,1.60
2009.03.16 07:40:00.494,0.8258,0.826,2.60,7.20
2009.03.16 07:40:00.674,0.8258,0.826,2.60,6.40
2009.03.16 07:40:00.734,0.8258,0.826,2.60,3.80
2009.03.16 07:40:06.472,0.82575,0.82595,2.60,1.20
2009.03.16 07:40:06.812,0.8257,0.82595,2.60,1.00
2009.03.16 07:40:07.042,0.82565,0.82595,2.60,3.20
2009.03.16 07:40:07.722,0.8257,0.82595,2.60,2.60
2009.03.16 07:40:08.052,0.8258,0.82595,1.40,2.60
2009.03.16 07:40:08.342,0.8258,0.8261,2.60,10.20
2009.03.16 07:40:08.462,0.8258,0.8261,2.60,2.60
2009.03.16 07:40:08.732,0.82585,0.82615,1.00,3.60
2009.03.16 07:40:08.852,0.8258,0.82615,3.00,6.40
2009.03.16 07:40:10.361,0.82585,0.82615,1.00,2.60
2009.03.16 07:40:10.862,0.82585,0.8262,1.00,6.80
2009.03.16 07:40:10.981,0.8258,0.8261,3.00,1.20
2009.03.16 07:40:12.721,0.82585,0.82615,2.60,6.20
2009.03.16 07:40:12.941,0.82585,0.82615,3.00,5.80
2009.03.16 07:40:13.121,0.82585,0.82615,4.60,4.80
2009.03.16 07:40:13.351,0.82595,0.8262,2.60,2.60
2009.03.16 07:40:13.521,0.8259,0.8262,3.00,1.20
2009.03.16 07:40:13.810,0.8259,0.82615,3.00,1.00
2009.03.16 07:40:13.981,0.82595,0.82615,1.00,2.00
2009.03.16 07:40:14.280,0.8259,0.82615,3.00,2.00
2009.03.16 07:40:14.570,0.82595,0.82615,1.00,2.00
2009.03.16 07:40:14.850,0.82595,0.82615,2.60,2.00
2009.03.16 07:40:15.650,0.82595,0.82615,7.40,1.20
2009.03.16 07:40:15.880,0.826,0.8262,3.00,2.00
2009.03.16 07:40:16.100,0.826,0.82615,3.00,1.60
2009.03.16 07:40:16.380,0.826,0.82615,2.60,1.60
2009.03.16 07:40:16.680,0.826,0.8262,2.60,4.60
2009.03.16 07:40:16.960,0.826,0.8262,2.60,3.80
2009.03.16 07:40:17.910,0.826,0.8262,2.60,3.20
2009.03.16 07:40:18.079,0.8259,0.8262,5.60,1.20
2009.03.16 07:40:18.260,0.8259,0.8262,5.60,2.00
2009.03.16 07:40:18.429,0.8259,0.8262,5.60,1.60
2009.03.16 07:40:18.599,0.8259,0.82625,5.60,14.80
2009.03.16 07:40:19.689,0.8259,0.82625,5.60,6.80
2009.03.16 07:40:20.009,0.8259,0.82625,7.20,6.80
2009.03.16 07:40:20.189,0.8259,0.82625,7.20,5.20
2009.03.16 07:40:20.349,0.8259,0.82625,7.20,3.20
2009.03.16 07:40:20.529,0.826,0.82625,2.60,2.60
2009.03.16 07:40:20.649,0.826,0.82635,3.00,3.20
2009.03.16 07:40:20.939,0.8261,0.82635,2.60,2.60
2009.03.16 07:40:21.059,0.82605,0.82635,2.60,2.60
2009.03.16 07:40:21.569,0.82605,0.8264,3.00,6.80
2009.03.16 07:40:22.599,0.82605,0.82635,3.00,1.60
2009.03.16 07:40:22.948,0.82605,0.82635,2.60,4.80
2009.03.16 07:40:23.288,0.82605,0.82635,2.60,3.20
2009.03.16 07:40:23.668,0.82605,0.8263,2.60,2.60
2009.03.16 07:40:23.848,0.82605,0.82635,2.60,3.20
2009.03.16 07:40:25.638,0.82605,0.8263,2.60,2.60
2009.03.16 07:40:26.638,0.8261,0.8263,2.60,2.60
2009.03.16 07:40:27.227,0.8261,0.82635,2.60,2.60
2009.03.16 07:40:31.346,0.82605,0.82635,2.60,3.20
2009.03.16 07:40:31.516,0.82605,0.8263,2.60,2.60
2009.03.16 07:40:32.306,0.82605,0.82635,2.60,3.20
2009.03.16 07:40:33.656,0.8261,0.82635,2.60,2.60
2009.03.16 07:40:33.826,0.8261,0.8264,2.60,5.20
2009.03.16 07:40:36.485,0.82605,0.82625,4.60,1.00
2009.03.16 07:40:36.775,0.82605,0.8262,3.00,1.00
2009.03.16 07:40:36.935,0.8261,0.8262,2.60,1.00
2009.03.16 07:40:37.225,0.82605,0.8263,2.60,2.60
2009.03.16 07:40:37.465,0.82605,0.82635,3.00,2.60
2009.03.16 07:40:37.845,0.82605,0.82635,3.60,3.20
2009.03.16 07:40:38.295,0.8261,0.82635,2.60,2.60
2009.03.16 07:40:38.594,0.8261,0.8264,3.00,2.60
2009.03.16 07:40:38.904,0.82605,0.82635,3.60,3.20
2009.03.16 07:40:39.125,0.826,0.82635,4.20,3.20
2009.03.16 07:40:39.574,0.8261,0.82635,1.00,8.40
2009.03.16 07:40:39.794,0.82605,0.82635,4.20,11.20
2009.03.16 07:40:40.094,0.82605,0.82635,4.20,3.20
2009.03.16 07:40:40.374,0.82605,0.82635,3.60,3.20
2009.03.16 07:40:41.344,0.8261,0.82635,3.60,2.60
2009.03.16 07:40:41.734,0.8261,0.8264,3.60,2.60
2009.03.16 07:40:42.034,0.8261,0.82645,4.20,2.60
2009.03.16 07:40:44.643,0.8261,0.8264,4.20,1.00
2009.03.16 07:40:44.763,0.8261,0.8264,4.20,1.20
2009.03.16 07:40:46.703,0.8261,0.8264,3.60,3.20
2009.03.16 07:40:46.932,0.82605,0.82635,7.00,1.00
2009.03.16 07:40:47.103,0.8261,0.82635,1.20,1.00
2009.03.16 07:40:47.383,0.82615,0.8264,2.60,1.20
2009.03.16 07:40:47.782,0.82615,0.8264,3.00,1.20
2009.03.16 07:40:48.462,0.8262,0.8264,1.00,1.20
2009.03.16 07:40:48.743,0.8262,0.8265,1.00,1.20
2009.03.16 07:40:49.142,0.8262,0.8265,3.60,1.20
2009.03.16 07:40:49.252,0.8262,0.8265,5.60,1.20
2009.03.16 07:40:50.042,0.8262,0.8265,2.40,4.40
2009.03.16 07:40:50.222,0.82615,0.8265,3.00,3.20
2009.03.16 07:40:51.431,0.82615,0.82635,3.00,1.60
2009.03.16 07:40:51.821,0.826,0.8263,2.60,1.20
2009.03.16 07:40:51.991,0.82615,0.82635,2.60,3.40
2009.03.16 07:40:52.491,0.82615,0.82635,2.60,1.00
2009.03.16 07:40:52.841,0.8261,0.82635,2.40,1.00
2009.03.16 07:40:53.521,0.8261,0.82635,1.00,1.00
2009.03.16 07:40:54.271,0.82615,0.8263,1.00,1.20
2009.03.16 07:40:54.501,0.8261,0.8263,5.60,1.20
2009.03.16 07:40:54.781,0.82605,0.8263,3.00,1.20
2009.03.16 07:40:54.991,0.8261,0.8263,1.00,1.20
2009.03.16 07:40:55.910,0.82605,0.8263,3.00,1.20
2009.03.16 07:40:56.190,0.8261,0.8263,1.00,1.20
2009.03.16 07:40:56.480,0.8261,0.8263,1.00,1.00
2009.03.16 07:40:56.720,0.8261,0.82635,1.00,1.00
2009.03.16 07:40:59.389,0.8261,0.82635,3.60,1.00
2009.03.16 07:40:59.550,0.8261,0.82635,5.60,1.00
2009.03.16 07:41:00.069,0.8261,0.82635,1.00,1.00
2009.03.16 07:41:06.398,0.8261,0.82635,3.00,9.20
2009.03.16 07:41:06.568,0.8261,0.82635,3.00,1.60
2009.03.16 07:41:06.738,0.8261,0.82635,3.00,1.00
2009.03.16 07:41:07.198,0.8261,0.8264,3.00,2.40
2009.03.16 07:41:12.236,0.8263,0.82655,2.00,1.00
2009.03.16 07:41:12.416,0.8263,0.82655,1.00,1.00
2009.03.16 07:41:12.647,0.82625,0.82655,3.00,1.00
2009.03.16 07:41:13.166,0.8263,0.82655,1.00,1.00
2009.03.16 07:41:13.396,0.82625,0.82655,3.00,1.00
2009.03.16 07:41:13.626,0.82625,0.82645,3.00,1.00
2009.03.16 07:41:13.906,0.82625,0.82645,2.60,1.00
2009.03.16 07:41:15.975,0.82625,0.8265,2.60,1.60
2009.03.16 07:41:16.265,0.82625,0.8265,3.00,1.60
2009.03.16 07:41:16.725,0.8263,0.8265,1.00,1.60
2009.03.16 07:41:17.375,0.82625,0.8265,2.60,1.60
2009.03.16 07:41:17.715,0.8262,0.82645,3.00,1.00
2009.03.16 07:41:18.115,0.8262,0.8264,2.60,1.20
2009.03.16 07:41:18.285,0.82615,0.8264,2.40,1.20
2009.03.16 07:41:18.615,0.82615,0.8264,3.00,1.20
2009.03.16 07:41:19.005,0.8261,0.8264,3.00,1.20
2009.03.16 07:41:19.405,0.8261,0.82635,3.00,1.00
2009.03.16 07:41:20.125,0.8261,0.82635,4.20,1.00
2009.03.16 07:41:20.575,0.8261,0.82635,2.60,1.00
2009.03.16 07:41:20.925,0.8261,0.8264,2.60,3.20
2009.03.16 07:41:21.644,0.8261,0.82635,2.60,1.00
2009.03.16 07:41:21.914,0.8261,0.8263,1.00,1.20
2009.03.16 07:41:22.214,0.82615,0.8263,2.60,1.20
2009.03.16 07:41:22.864,0.82615,0.8264,2.60,1.20
2009.03.16 07:41:23.094,0.8262,0.8264,2.60,1.20
2009.03.16 07:41:23.374,0.8262,0.82645,2.60,1.00
2009.03.16 07:41:24.244,0.82615,0.82645,3.00,1.00
2009.03.16 07:41:24.423,0.82615,0.82645,2.60,3.20
2009.03.16 07:41:24.713,0.82615,0.82645,2.60,12.00
2009.03.16 07:41:24.984,0.8261,0.82635,2.60,1.00
2009.03.16 07:41:25.923,0.8261,0.8264,3.00,4.80
2009.03.16 07:41:26.173,0.8261,0.8264,3.00,1.60
2009.03.16 07:41:26.393,0.82615,0.82645,2.60,3.20
2009.03.16 07:41:26.634,0.82615,0.82645,2.60,2.60
2009.03.16 07:41:27.223,0.82615,0.8265,3.00,5.20
2009.03.16 07:41:27.742,0.82615,0.8265,3.00,3.20
2009.03.16 07:41:28.883,0.82615,0.82645,3.00,2.60
2009.03.16 07:41:29.982,0.82615,0.8265,3.00,3.20
2009.03.16 07:41:30.212,0.82625,0.8265,2.60,2.60
2009.03.16 07:41:30.504,0.82625,0.82655,2.60,6.20
2009.03.16 07:41:31.302,0.82625,0.82645,2.60,1.00
2009.03.16 07:41:31.592,0.82615,0.82645,3.00,1.00
2009.03.16 07:41:31.942,0.82625,0.82645,2.60,2.00
2009.03.16 07:41:32.111,0.82615,0.8264,3.00,1.20
2009.03.16 07:41:32.391,0.8261,0.82635,3.00,1.00
2009.03.16 07:41:32.971,0.8262,0.82635,2.60,1.00
2009.03.16 07:41:34.451,0.8261,0.82635,3.00,1.00
2009.03.16 07:41:34.741,0.8262,0.82635,2.60,1.00
2009.03.16 07:41:35.251,0.8261,0.82635,3.00,1.00
2009.03.16 07:41:36.401,0.8262,0.82635,2.60,1.00
2009.03.16 07:41:37.501,0.8262,0.82635,2.60,2.00
2009.03.16 07:41:37.730,0.8261,0.8263,3.00,2.00
2009.03.16 07:41:37.850,0.82605,0.82625,5.60,1.00
2009.03.16 07:41:38.010,0.82605,0.82625,3.60,1.00
2009.03.16 07:41:38.360,0.82605,0.82625,1.00,1.00
2009.03.16 07:41:38.710,0.8261,0.8263,2.60,2.60
2009.03.16 07:41:39.060,0.82595,0.8262,11.00,1.20
2009.03.16 07:41:39.230,0.826,0.8262,2.60,1.00
2009.03.16 07:41:39.410,0.826,0.8263,2.60,3.20
2009.03.16 07:41:39.650,0.826,0.8263,3.00,2.40
2009.03.16 07:41:39.830,0.826,0.8263,3.00,1.20
2009.03.16 07:41:42.409,0.82605,0.82635,1.00,4.80
2009.03.16 07:41:42.629,0.82605,0.82635,1.00,1.60
2009.03.16 07:41:42.799,0.82605,0.8264,3.00,6.80
2009.03.16 07:41:43.709,0.8261,0.8264,2.60,5.20
2009.03.16 07:41:44.988,0.82605,0.82635,3.00,1.00
2009.03.16 07:41:45.508,0.82605,0.82635,2.60,3.20
2009.03.16 07:41:45.978,0.8261,0.8264,2.60,3.20
2009.03.16 07:41:48.568,0.82605,0.82635,3.00,1.00
2009.03.16 07:41:48.797,0.82605,0.82635,2.60,3.20
2009.03.16 07:41:50.817,0.8261,0.82635,2.60,2.60
2009.03.16 07:41:50.987,0.8261,0.8264,2.60,3.20
2009.03.16 07:41:51.668,0.82605,0.8264,4.60,3.20
2009.03.16 07:41:51.847,0.82605,0.8264,1.00,3.20
2009.03.16 07:41:52.027,0.82605,0.82635,1.00,2.60
2009.03.16 07:41:52.207,0.82605,0.8263,1.00,1.00
2009.03.16 07:41:52.496,0.82605,0.8263,3.00,1.20
2009.03.16 07:41:52.896,0.82605,0.8263,2.60,1.20
2009.03.16 07:41:53.196,0.826,0.8263,3.00,3.20
2009.03.16 07:41:53.376,0.826,0.8263,2.60,3.20
2009.03.16 07:41:53.496,0.82595,0.82625,4.20,1.00
2009.03.16 07:41:53.846,0.826,0.8263,2.60,3.20
2009.03.16 07:41:55.296,0.82595,0.82625,4.60,1.00
2009.03.16 07:41:55.476,0.82595,0.82625,2.60,3.20
2009.03.16 07:41:56.006,0.82595,0.82625,2.60,2.60
2009.03.16 07:41:56.166,0.82595,0.8263,3.00,3.20
2009.03.16 07:41:56.846,0.8261,0.8263,2.60,2.60
2009.03.16 07:41:57.085,0.82595,0.8263,5.80,3.20
2009.03.16 07:41:57.315,0.82605,0.82625,1.00,1.00
2009.03.16 07:41:57.707,0.82595,0.82625,3.00,1.00
2009.03.16 07:41:58.095,0.82595,0.82625,2.60,3.20
2009.03.16 07:42:01.275,0.82595,0.82625,2.60,2.60
2009.03.16 07:42:01.564,0.82605,0.8263,2.60,3.20
2009.03.16 07:42:01.894,0.826,0.8263,3.00,2.40
2009.03.16 07:42:02.225,0.82605,0.8263,2.60,3.20
2009.03.16 07:42:02.504,0.82605,0.8263,2.60,2.40
2009.03.16 07:42:03.684,0.82605,0.82625,2.60,1.00
2009.03.16 07:42:08.653,0.8261,0.82625,2.60,1.00
2009.03.16 07:42:09.053,0.82615,0.82635,2.60,2.60
2009.03.16 07:42:09.393,0.82615,0.82635,2.60,3.20
2009.03.16 07:42:09.623,0.82615,0.82635,2.60,1.00
2009.03.16 07:42:10.312,0.8262,0.8264,2.60,2.60
2009.03.16 07:42:10.672,0.8262,0.82645,2.60,2.60
2009.03.16 07:42:11.002,0.82625,0.82645,2.60,2.60
2009.03.16 07:42:11.572,0.82625,0.8265,2.60,2.60
2009.03.16 07:42:12.372,0.8262,0.82645,2.60,3.60
2009.03.16 07:42:12.672,0.8262,0.82645,2.60,3.20
2009.03.16 07:42:12.973,0.82615,0.82645,3.60,1.00
2009.03.16 07:42:13.312,0.82615,0.82645,1.00,1.00
2009.03.16 07:42:14.931,0.82615,0.82645,1.00,3.20
2009.03.16 07:42:15.671,0.8261,0.82645,3.00,3.20
2009.03.16 07:42:16.011,0.8261,0.8264,3.00,2.60
2009.03.16 07:42:16.481,0.8261,0.82625,3.00,1.00
2009.03.16 07:42:16.721,0.8261,0.82625,2.60,1.00
2009.03.16 07:42:16.951,0.8261,0.82625,3.00,1.00
2009.03.16 07:42:17.131,0.82615,0.8263,2.60,1.20
2009.03.16 07:42:17.660,0.8261,0.82625,2.60,1.00
2009.03.16 07:42:19.030,0.8261,0.8263,3.00,1.20
2009.03.16 07:42:19.260,0.8261,0.82625,3.00,1.00
2009.03.16 07:42:19.890,0.82615,0.8263,2.60,1.20
2009.03.16 07:42:20.120,0.82615,0.8263,3.00,4.00
2009.03.16 07:42:20.290,0.82615,0.8263,3.00,1.20
2009.03.16 07:42:20.520,0.82615,0.8263,2.60,1.20
2009.03.16 07:42:20.750,0.8262,0.8264,2.60,1.60
2009.03.16 07:42:21.370,0.82615,0.8264,3.00,1.60
2009.03.16 07:42:21.600,0.8262,0.82645,2.60,2.60
2009.03.16 07:42:21.889,0.8262,0.8264,2.60,1.20
2009.03.16 07:42:22.179,0.8262,0.8264,3.00,1.20
2009.03.16 07:42:22.479,0.82625,0.8265,3.00,1.00
2009.03.16 07:42:22.759,0.82625,0.8265,3.00,1.20
2009.03.16 07:42:23.109,0.82625,0.82655,3.00,1.00
2009.03.16 07:42:23.809,0.82635,0.82655,1.00,1.00
2009.03.16 07:42:24.599,0.82635,0.8265,1.00,1.20
2009.03.16 07:42:24.879,0.82625,0.8265,5.60,1.20
2009.03.16 07:42:25.359,0.8262,0.8265,2.60,3.20
2009.03.16 07:42:25.529,0.8262,0.82645,2.60,2.60
2009.03.16 07:42:25.818,0.8262,0.82645,2.60,3.20
2009.03.16 07:42:26.168,0.8262,0.8264,2.60,1.00
2009.03.16 07:42:26.508,0.8262,0.8264,2.60,1.20
2009.03.16 07:42:27.078,0.82625,0.8265,2.60,3.20
2009.03.16 07:42:27.248,0.82625,0.8265,3.00,5.60
2009.03.16 07:42:27.488,0.82625,0.8265,3.00,1.20
2009.03.16 07:42:27.658,0.82625,0.82645,1.00,1.00
2009.03.16 07:42:28.058,0.8262,0.82645,3.00,1.00
2009.03.16 07:42:31.107,0.82625,0.8265,3.00,1.20
2009.03.16 07:42:31.277,0.82625,0.8265,4.60,1.00
2009.03.16 07:42:31.507,0.8263,0.82655,2.60,1.20
2009.03.16 07:42:31.787,0.82625,0.8265,3.00,1.20
2009.03.16 07:42:40.455,0.8263,0.82655,2.60,3.20
2009.03.16 07:42:40.736,0.8263,0.82655,2.60,1.00
2009.03.16 07:42:42.075,0.82625,0.82645,5.60,1.00
2009.03.16 07:42:42.314,0.82625,0.82645,1.00,1.00
2009.03.16 07:42:42.545,0.82625,0.8265,1.00,1.20
2009.03.16 07:42:42.655,0.8262,0.8265,3.00,1.20
2009.03.16 07:42:44.374,0.8262,0.8265,4.60,1.20
2009.03.16 07:42:44.944,0.8263,0.82655,2.60,2.60
2009.03.16 07:42:45.284,0.8263,0.8266,2.60,5.20
2009.03.16 07:42:45.574,0.8263,0.82655,2.60,2.60
2009.03.16 07:42:45.974,0.8262,0.82645,3.00,1.00
2009.03.16 07:42:46.273,0.8262,0.8265,2.60,2.60
2009.03.16 07:42:46.574,0.8262,0.82655,3.00,5.20
2009.03.16 07:42:47.503,0.8262,0.82655,3.00,6.20
2009.03.16 07:42:47.793,0.8262,0.8265,2.60,2.60
2009.03.16 07:42:48.173,0.82625,0.82655,3.00,4.80
2009.03.16 07:42:48.413,0.82625,0.82655,3.00,1.00
2009.03.16 07:42:48.583,0.82625,0.82655,2.60,3.20
2009.03.16 07:42:49.463,0.8262,0.8265,2.60,3.20
2009.03.16 07:42:49.813,0.82625,0.8265,2.60,2.60
2009.03.16 07:42:50.093,0.82625,0.82655,2.60,3.20
2009.03.16 07:42:50.902,0.8263,0.82655,2.60,2.60
2009.03.16 07:42:51.912,0.82625,0.82655,2.60,3.20
2009.03.16 07:42:56.141,0.8263,0.82655,2.60,2.60
2009.03.16 07:42:56.311,0.82635,0.8265,2.60,2.60
2009.03.16 07:42:56.541,0.8263,0.8265,2.60,3.20
2009.03.16 07:42:56.851,0.82635,0.8265,2.60,1.00
2009.03.16 07:42:57.201,0.82635,0.82655,2.60,1.00
2009.03.16 07:43:00.400,0.8263,0.8265,3.00,1.20
2009.03.16 07:43:00.620,0.82635,0.82655,2.60,1.00
2009.03.16 07:43:01.840,0.8263,0.8265,3.00,1.00
2009.03.16 07:43:02.010,0.8263,0.8265,3.00,1.20
2009.03.16 07:43:03.799,0.8263,0.82645,3.00,1.00
2009.03.16 07:43:04.199,0.8263,0.8265,3.00,1.20
2009.03.16 07:43:04.439,0.8263,0.8265,3.00,1.00
2009.03.16 07:43:04.679,0.82635,0.8265,1.00,1.00
2009.03.16 07:43:04.899,0.82645,0.82665,2.60,1.00
2009.03.16 07:43:06.349,0.82645,0.8266,2.60,1.20
2009.03.16 07:43:11.278,0.82645,0.82665,2.60,1.00
2009.03.16 07:43:11.507,0.8265,0.82665,2.60,1.00
2009.03.16 07:43:11.737,0.8266,0.8267,2.60,1.60
2009.03.16 07:43:14.787,0.8265,0.8267,2.60,1.60
2009.03.16 07:43:15.077,0.8265,0.8267,2.60,1.20
2009.03.16 07:43:16.187,0.82645,0.8267,3.00,1.20
2009.03.16 07:43:18.386,0.82645,0.8266,2.60,1.00
2009.03.16 07:43:18.506,0.8264,0.8266,1.00,1.20
2009.03.16 07:43:18.946,0.82635,0.8266,2.60,1.20
2009.03.16 07:43:19.176,0.8264,0.82655,1.00,1.00
2009.03.16 07:43:19.456,0.82635,0.82655,1.00,1.00
2009.03.16 07:43:19.816,0.82625,0.82655,3.00,4.80
2009.03.16 07:43:20.566,0.82625,0.8265,2.60,2.60
2009.03.16 07:43:20.975,0.82625,0.8265,2.60,1.20
2009.03.16 07:43:21.265,0.82625,0.8265,2.60,3.20
2009.03.16 07:43:21.615,0.82625,0.8265,2.60,1.00
2009.03.16 07:43:21.905,0.82635,0.8266,2.60,2.60
2009.03.16 07:43:22.545,0.82635,0.82655,2.60,1.00
2009.03.16 07:43:22.835,0.82635,0.82665,2.60,4.80
2009.03.16 07:43:29.233,0.8264,0.8266,2.60,2.40
2009.03.16 07:43:29.683,0.8264,0.8266,2.60,1.20
2009.03.16 07:43:33.302,0.82645,0.82665,2.60,2.00
2009.03.16 07:43:33.652,0.82645,0.82665,2.60,1.60
2009.03.16 07:43:33.762,0.82645,0.82665,2.60,3.20
2009.03.16 07:43:33.932,0.8265,0.8267,2.60,3.20
2009.03.16 07:43:34.272,0.8265,0.8267,2.60,2.60
2009.03.16 07:43:34.502,0.82645,0.82665,4.20,1.00
2009.03.16 07:43:34.732,0.82645,0.82665,2.60,1.00
2009.03.16 07:43:34.902,0.8265,0.82665,2.60,1.00
2009.03.16 07:43:35.122,0.8266,0.82675,2.60,2.60
2009.03.16 07:43:35.462,0.82655,0.82675,2.60,1.00
2009.03.16 07:43:35.802,0.8265,0.82675,3.60,3.20
2009.03.16 07:43:36.272,0.82645,0.82675,3.00,3.20
2009.03.16 07:43:36.622,0.82645,0.82675,2.60,3.20
2009.03.16 07:43:41.190,0.82645,0.82675,2.60,4.00
2009.03.16 07:43:41.410,0.82645,0.8267,2.60,3.20
2009.03.16 07:43:41.790,0.82645,0.8267,2.60,4.00
2009.03.16 07:43:41.970,0.82645,0.8267,2.60,3.20
2009.03.16 07:43:43.070,0.8264,0.82665,2.60,1.00
2009.03.16 07:43:43.300,0.82645,0.82665,2.60,2.60
2009.03.16 07:43:43.650,0.82645,0.8267,2.60,3.20
2009.03.16 07:43:46.969,0.8264,0.8266,2.60,1.00
2009.03.16 07:43:47.189,0.8264,0.8266,2.60,1.20
2009.03.16 07:43:48.159,0.82645,0.82665,2.60,1.00
2009.03.16 07:43:51.628,0.8265,0.8267,2.60,3.20
2009.03.16 07:43:51.858,0.8265,0.82675,2.60,10.40
2009.03.16 07:43:52.198,0.82645,0.82665,2.60,1.00
2009.03.16 07:43:53.208,0.8265,0.82675,2.60,10.40
2009.03.16 07:43:53.567,0.82645,0.82665,4.20,1.00
2009.03.16 07:43:53.857,0.8264,0.8266,3.00,1.20
2009.03.16 07:43:54.237,0.82645,0.82665,2.60,1.00
2009.03.16 07:43:54.517,0.8264,0.8266,3.00,1.00
2009.03.16 07:43:54.807,0.8264,0.8266,3.00,1.20
2009.03.16 07:43:56.127,0.8264,0.82655,2.40,1.00
2009.03.16 07:43:56.307,0.82635,0.82655,3.00,1.00
2009.03.16 07:43:56.946,0.8264,0.8266,3.00,2.40
2009.03.16 07:43:57.127,0.8264,0.8266,3.00,1.20
2009.03.16 07:44:00.276,0.8264,0.8266,3.60,1.20
2009.03.16 07:44:00.606,0.82645,0.8266,7.40,1.00
2009.03.16 07:44:00.966,0.82645,0.8267,6.20,1.20
2009.03.16 07:44:01.206,0.82645,0.8267,1.00,1.20
2009.03.16 07:44:01.436,0.8264,0.8267,3.60,3.20
2009.03.16 07:44:01.905,0.8264,0.8267,4.20,3.20
2009.03.16 07:44:04.215,0.8264,0.8267,5.80,3.20
2009.03.16 07:44:04.325,0.82645,0.8267,2.60,3.20
2009.03.16 07:44:04.715,0.82645,0.82665,2.60,2.60
2009.03.16 07:44:04.835,0.82645,0.82665,2.60,3.20
2009.03.16 07:44:05.535,0.8265,0.82665,2.60,2.60
2009.03.16 07:44:05.874,0.82655,0.8267,2.60,3.20
2009.03.16 07:44:06.214,0.82655,0.8267,2.60,2.60
2009.03.16 07:44:06.554,0.82655,0.82675,2.60,3.20
2009.03.16 07:44:07.584,0.8266,0.82675,2.60,2.60
2009.03.16 07:44:07.814,0.82655,0.82675,2.60,1.00
2009.03.16 07:44:08.094,0.8265,0.82675,2.60,3.20
2009.03.16 07:44:08.554,0.82645,0.82665,4.20,1.00
2009.03.16 07:44:08.724,0.82645,0.82665,2.60,3.20
2009.03.16 07:44:11.693,0.82645,0.82665,2.60,1.00
2009.03.16 07:44:32.858,0.8264,0.82665,3.00,1.00
2009.03.16 07:44:33.138,0.8264,0.8266,2.40,1.20
2009.03.16 07:44:33.368,0.82635,0.8266,3.00,1.20
2009.03.16 07:44:35.617,0.8264,0.82665,2.60,1.00
2009.03.16 07:44:35.847,0.8264,0.82665,3.00,1.00
2009.03.16 07:44:36.137,0.82645,0.82665,1.00,1.00
2009.03.16 07:44:36.377,0.82645,0.82665,5.60,1.00
2009.03.16 07:44:36.607,0.82645,0.8267,1.00,1.20
2009.03.16 07:44:36.947,0.8264,0.8267,3.00,1.20
2009.03.16 07:44:37.587,0.82635,0.82665,4.20,1.00
2009.03.16 07:44:37.757,0.82635,0.82665,3.00,3.20
2009.03.16 07:44:38.717,0.82635,0.82665,2.60,3.20
2009.03.16 07:44:41.526,0.8264,0.82665,2.60,2.60
2009.03.16 07:44:41.766,0.8264,0.8267,2.60,3.20
2009.03.16 07:44:41.826,0.82645,0.8267,2.60,2.60
2009.03.16 07:44:42.335,0.82645,0.82675,2.60,3.20
2009.03.16 07:44:45.175,0.82645,0.82675,3.00,1.00
2009.03.16 07:44:51.833,0.82645,0.8267,5.60,1.20
2009.03.16 07:44:52.353,0.82645,0.8267,2.40,1.20
2009.03.16 07:44:52.703,0.8264,0.8267,3.00,1.20
2009.03.16 07:44:54.732,0.82645,0.8267,3.00,1.20
2009.03.16 07:44:55.062,0.8265,0.8267,1.00,1.20
2009.03.16 07:44:55.282,0.8265,0.8267,3.00,1.20
2009.03.16 07:44:55.453,0.82655,0.8267,2.60,1.00
2009.03.16 07:44:55.783,0.82655,0.82675,2.60,1.00
2009.03.16 07:44:57.182,0.82655,0.82675,2.60,2.00
2009.03.16 07:44:57.412,0.82655,0.82675,2.60,1.00
2009.03.16 07:45:03.560,0.8266,0.8268,2.60,4.00
2009.03.16 07:45:03.840,0.8266,0.8268,2.60,3.20
2009.03.16 07:45:04.080,0.8266,0.8268,2.60,4.00
2009.03.16 07:45:05.010,0.8266,0.82685,2.60,4.00
2009.03.16 07:45:05.180,0.8266,0.82685,2.60,3.20
2009.03.16 07:45:05.410,0.8266,0.82685,2.60,2.60
2009.03.16 07:45:05.750,0.82655,0.82685,2.60,3.20
2009.03.16 07:45:06.210,0.8265,0.8268,3.00,3.20
2009.03.16 07:45:06.800,0.8265,0.8267,1.00,1.20
2009.03.16 07:45:07.080,0.8265,0.8267,2.60,1.20
2009.03.16 07:45:19.827,0.8265,0.8267,2.60,2.40
2009.03.16 07:45:19.936,0.8265,0.8267,2.60,4.00
2009.03.16 07:45:20.267,0.82655,0.82675,2.60,4.00
2009.03.16 07:45:20.556,0.82655,0.82675,2.60,3.20
2009.03.16 07:45:31.024,0.82665,0.8268,4.20,1.60
2009.03.16 07:45:31.314,0.8268,0.82685,2.60,2.40
2009.03.16 07:45:31.664,0.8268,0.827,2.60,3.20
2009.03.16 07:45:32.184,0.82675,0.82695,3.00,1.00
2009.03.16 07:45:32.625,0.82675,0.82695,2.60,1.00
2009.03.16 07:45:33.123,0.82675,0.8269,2.60,1.00
2009.03.16 07:45:33.443,0.8267,0.8269,2.60,1.20
2009.03.16 07:45:33.724,0.82665,0.82685,4.60,1.00
2009.03.16 07:45:34.073,0.8267,0.8269,2.60,2.60
2009.03.16 07:45:34.473,0.8267,0.8269,2.60,3.40
2009.03.16 07:45:34.713,0.8267,0.8269,2.60,1.00
2009.03.16 07:45:34.973,0.8267,0.8269,2.60,1.20
2009.03.16 07:45:36.443,0.82665,0.82685,2.60,1.00
2009.03.16 07:45:37.502,0.82665,0.82685,2.60,2.00
2009.03.16 07:45:39.471,0.82665,0.82685,2.60,1.00
2009.03.16 07:45:40.192,0.82665,0.8268,2.60,1.00
2009.03.16 07:45:40.311,0.8266,0.8268,3.00,1.20
2009.03.16 07:45:40.831,0.8266,0.82675,2.60,1.60
2009.03.16 07:45:41.251,0.8266,0.8268,2.60,1.20
2009.03.16 07:45:44.771,0.8265,0.8268,4.20,1.20
2009.03.16 07:45:45.280,0.8265,0.8268,4.20,3.20
2009.03.16 07:45:45.560,0.8266,0.8268,2.60,1.20
2009.03.16 07:45:45.780,0.8266,0.8268,3.00,1.20
2009.03.16 07:45:46.120,0.8266,0.8268,2.60,1.20
2009.03.16 07:45:46.470,0.8266,0.8268,3.00,1.20
2009.03.16 07:45:47.060,0.8266,0.8268,2.60,1.20
2009.03.16 07:45:47.470,0.8266,0.8268,3.00,1.20
2009.03.16 07:45:50.719,0.8266,0.82695,3.00,3.20
2009.03.16 07:45:51.139,0.82665,0.82695,1.00,1.00
2009.03.16 07:45:56.548,0.82665,0.8269,1.00,1.00
2009.03.16 07:45:56.728,0.8266,0.8269,1.00,1.20
2009.03.16 07:45:57.617,0.8266,0.8269,5.60,1.20
2009.03.16 07:45:57.797,0.82665,0.8269,1.00,1.20
2009.03.16 07:45:58.147,0.82665,0.8269,5.60,1.20
2009.03.16 07:46:02.866,0.82665,0.827,4.20,4.80
2009.03.16 07:46:03.436,0.8267,0.827,1.00,2.00
2009.03.16 07:46:03.616,0.8267,0.827,1.00,1.20
2009.03.16 07:46:03.836,0.82675,0.82705,1.00,4.80
2009.03.16 07:46:03.956,0.82675,0.82695,1.00,1.00
2009.03.16 07:46:04.186,0.8267,0.82695,1.00,1.00
2009.03.16 07:46:05.415,0.82665,0.82695,3.00,1.00
2009.03.16 07:46:05.696,0.8267,0.82695,1.00,1.00
2009.03.16 07:46:06.835,0.82665,0.82695,5.60,1.00
2009.03.16 07:46:07.295,0.8266,0.82695,3.00,11.20
2009.03.16 07:46:08.735,0.8266,0.8269,5.60,1.00
2009.03.16 07:46:09.085,0.8266,0.8269,3.00,1.00
2009.03.16 07:46:09.434,0.8266,0.82685,3.00,1.00
2009.03.16 07:46:09.614,0.82665,0.82685,1.00,1.00
2009.03.16 07:46:09.835,0.8266,0.82685,3.00,1.00
2009.03.16 07:46:10.694,0.8266,0.8268,1.00,1.20
2009.03.16 07:46:10.925,0.82655,0.8268,2.60,1.20
2009.03.16 07:46:11.994,0.8265,0.8267,3.00,1.20
2009.03.16 07:46:12.344,0.82655,0.82675,2.60,2.60
2009.03.16 07:46:12.794,0.82655,0.82675,2.60,1.00
2009.03.16 07:46:13.074,0.82655,0.8268,2.60,1.00
2009.03.16 07:46:13.374,0.82655,0.8268,3.00,1.20
2009.03.16 07:46:13.603,0.8265,0.82685,4.00,3.20
2009.03.16 07:46:13.933,0.8265,0.82685,1.00,3.20
2009.03.16 07:46:14.163,0.8265,0.8268,1.00,1.00
2009.03.16 07:46:14.393,0.8265,0.82675,1.00,1.00
2009.03.16 07:46:14.673,0.82645,0.82675,5.60,1.00
2009.03.16 07:46:14.913,0.8265,0.82675,1.00,1.00
2009.03.16 07:46:15.093,0.82645,0.82675,3.60,1.00
2009.03.16 07:46:15.313,0.82645,0.82675,5.60,1.00
2009.03.16 07:46:15.543,0.8265,0.82675,1.00,1.00
2009.03.16 07:46:16.323,0.8265,0.82675,5.60,1.00
2009.03.16 07:46:16.673,0.8265,0.8267,5.60,1.00
2009.03.16 07:46:17.013,0.82645,0.82675,1.00,4.00
2009.03.16 07:46:17.343,0.8265,0.8267,1.00,1.00
2009.03.16 07:46:17.572,0.8264,0.8267,4.20,1.20
2009.03.16 07:46:17.832,0.82645,0.8267,2.60,1.20
2009.03.16 07:46:18.235,0.82645,0.8267,3.00,1.20
2009.03.16 07:46:18.582,0.82645,0.8267,1.00,1.20
2009.03.16 07:46:19.622,0.8264,0.8266,3.00,1.00
2009.03.16 07:46:21.211,0.82645,0.8266,1.60,1.00
2009.03.16 07:46:21.501,0.8265,0.8268,1.60,4.20
2009.03.16 07:46:21.794,0.8265,0.8268,1.60,2.60
2009.03.16 07:46:22.121,0.8266,0.82695,5.60,4.80
2009.03.16 07:46:22.342,0.8266,0.82695,1.00,2.60
2009.03.16 07:46:22.671,0.82665,0.827,1.00,4.80
2009.03.16 07:46:23.011,0.82665,0.827,1.00,6.40
2009.03.16 07:46:23.281,0.8266,0.82695,1.00,2.60
2009.03.16 07:46:23.961,0.8266,0.82695,5.60,4.20
2009.03.16 07:46:24.311,0.8266,0.82695,2.80,2.60
2009.03.16 07:46:24.422,0.8266,0.82695,6.00,2.60
2009.03.16 07:46:24.591,0.8266,0.82695,4.20,2.60
2009.03.16 07:46:24.931,0.82665,0.827,1.00,3.20
2009.03.16 07:46:25.261,0.82665,0.82695,1.00,1.00
2009.03.16 07:46:25.710,0.82665,0.82695,5.80,2.60
2009.03.16 07:46:26.451,0.8267,0.827,2.40,4.40
2009.03.16 07:46:26.800,0.8267,0.827,2.40,1.20
2009.03.16 07:46:28.480,0.8267,0.82705,3.00,4.00
2009.03.16 07:46:28.600,0.8267,0.82705,3.00,3.20
2009.03.16 07:46:28.710,0.82675,0.82705,1.60,3.20
2009.03.16 07:46:28.820,0.82675,0.82705,4.20,2.60
2009.03.16 07:46:28.940,0.8268,0.8271,1.00,3.20
2009.03.16 07:46:29.270,0.8268,0.8271,1.00,2.40
2009.03.16 07:46:29.440,0.8268,0.8271,1.00,3.20
2009.03.16 07:46:29.600,0.8268,0.8271,4.60,2.60
2009.03.16 07:46:29.829,0.8268,0.82715,3.00,3.20
2009.03.16 07:46:30.109,0.82685,0.82715,1.00,5.20
2009.03.16 07:46:30.339,0.8268,0.82715,3.00,5.20
2009.03.16 07:46:30.909,0.82685,0.82715,3.00,1.00
2009.03.16 07:46:31.129,0.8269,0.82715,1.00,1.00
2009.03.16 07:46:32.119,0.82685,0.82715,5.60,1.00
2009.03.16 07:46:32.519,0.82685,0.8271,5.60,1.20
2009.03.16 07:46:32.859,0.82685,0.8271,1.00,1.20
2009.03.16 07:46:33.409,0.8268,0.8271,5.60,1.20
2009.03.16 07:46:33.639,0.82685,0.82715,1.00,1.00
2009.03.16 07:46:33.919,0.82685,0.82715,5.60,1.00
2009.03.16 07:46:34.088,0.82685,0.8272,5.60,5.20
2009.03.16 07:46:34.209,0.82685,0.8272,3.00,5.20
2009.03.16 07:46:34.568,0.82685,0.82715,3.00,1.00
2009.03.16 07:46:34.728,0.8269,0.82715,1.00,1.00
2009.03.16 07:46:34.958,0.8269,0.8271,1.00,1.00
2009.03.16 07:46:35.188,0.8269,0.8271,1.00,1.20
2009.03.16 07:46:35.478,0.82685,0.8271,1.00,1.20
2009.03.16 07:46:37.458,0.82685,0.8271,3.00,1.20
2009.03.16 07:46:37.628,0.82685,0.8271,3.60,1.20
2009.03.16 07:46:37.797,0.82685,0.8271,1.00,1.20
2009.03.16 07:46:38.767,0.82685,0.8271,5.60,1.20
2009.03.16 07:46:40.567,0.82685,0.82715,3.00,1.00
2009.03.16 07:46:40.977,0.8269,0.82715,1.00,1.00
2009.03.16 07:46:42.696,0.8269,0.8271,5.60,1.20
2009.03.16 07:46:43.026,0.82695,0.82715,2.60,1.00
2009.03.16 07:46:43.336,0.8269,0.82715,3.00,1.00
2009.03.16 07:46:44.046,0.82695,0.82715,2.60,1.00
2009.03.16 07:46:44.717,0.82695,0.82715,3.00,1.00
2009.03.16 07:46:44.896,0.82695,0.82715,2.60,1.00
2009.03.16 07:46:45.356,0.82695,0.82715,4.20,1.00
2009.03.16 07:46:45.706,0.82705,0.82725,2.60,3.20
2009.03.16 07:46:46.056,0.82695,0.8272,2.60,1.20
2009.03.16 07:46:46.446,0.827,0.8272,2.60,1.20
2009.03.16 07:46:47.086,0.82695,0.8272,4.60,1.20
2009.03.16 07:46:47.325,0.82705,0.82725,2.60,1.00
2009.03.16 07:46:47.555,0.82695,0.8272,9.40,1.00
2009.03.16 07:46:47.735,0.827,0.8272,2.60,1.20
2009.03.16 07:46:48.555,0.82695,0.82715,2.60,1.00
2009.03.16 07:46:49.395,0.8269,0.827,1.00,1.00
2009.03.16 07:46:50.035,0.8268,0.827,3.00,2.80
2009.03.16 07:46:50.335,0.8268,0.82695,1.00,1.00
2009.03.16 07:46:50.565,0.8268,0.827,1.00,1.20
2009.03.16 07:46:51.534,0.82675,0.827,1.00,1.20
2009.03.16 07:46:52.864,0.82675,0.827,3.00,1.20
2009.03.16 07:46:53.024,0.82675,0.82695,3.00,1.00
2009.03.16 07:46:53.354,0.82675,0.82695,2.60,1.00
2009.03.16 07:46:53.934,0.8267,0.8269,3.00,1.00
2009.03.16 07:46:54.173,0.8267,0.8269,2.60,1.20
2009.03.16 07:46:54.904,0.82675,0.82695,2.60,1.00
2009.03.16 07:46:55.083,0.82675,0.827,2.60,3.20
2009.03.16 07:46:55.543,0.82675,0.827,3.00,1.20
2009.03.16 07:46:55.823,0.8268,0.827,2.60,1.20
2009.03.16 07:46:57.123,0.8268,0.827,3.00,1.20
2009.03.16 07:46:57.514,0.8268,0.827,2.60,1.20
2009.03.16 07:46:57.743,0.8268,0.827,3.00,1.20
2009.03.16 07:46:58.203,0.8268,0.827,2.60,1.20
2009.03.16 07:46:59.802,0.82685,0.827,2.60,1.00
2009.03.16 07:47:00.032,0.82685,0.82705,2.60,1.00
2009.03.16 07:47:00.252,0.82685,0.827,2.60,1.00
2009.03.16 07:47:00.812,0.82685,0.82705,2.60,1.00
2009.03.16 07:47:01.852,0.82695,0.82715,2.60,3.20
2009.03.16 07:47:02.202,0.82695,0.82715,2.60,1.00
2009.03.16 07:47:11.240,0.827,0.8272,2.60,1.20
2009.03.16 07:47:12.439,0.82695,0.82715,2.60,1.00
2009.03.16 07:47:13.859,0.827,0.8272,2.60,1.20
2009.03.16 07:47:14.259,0.82695,0.82715,2.60,1.00
2009.03.16 07:47:17.618,0.82705,0.82725,2.60,4.80
2009.03.16 07:47:17.788,0.827,0.8272,2.60,1.20
2009.03.16 07:47:17.948,0.82695,0.82715,7.40,1.00
2009.03.16 07:47:18.129,0.82695,0.82715,2.60,1.00
2009.03.16 07:47:19.597,0.827,0.8272,2.60,1.20
2009.03.16 07:47:20.127,0.82695,0.8272,3.00,1.20
2009.03.16 07:47:20.487,0.82695,0.8272,2.60,1.20
2009.03.16 07:47:21.047,0.82695,0.82725,2.60,3.20
2009.03.16 07:47:21.327,0.82695,0.82725,3.00,1.00
2009.03.16 07:47:21.707,0.827,0.82725,1.00,1.00
2009.03.16 07:47:21.997,0.82705,0.82725,1.00,1.00
2009.03.16 07:47:22.277,0.827,0.82725,2.60,3.20
2009.03.16 07:47:22.517,0.82705,0.82725,1.00,1.00
2009.03.16 07:47:22.878,0.82705,0.8272,1.00,1.20
2009.03.16 07:47:23.277,0.82695,0.8272,1.00,1.20
2009.03.16 07:47:23.567,0.8269,0.82715,3.00,1.00
2009.03.16 07:47:24.816,0.82695,0.82715,1.00,1.00
2009.03.16 07:47:25.036,0.827,0.8272,2.60,1.20
2009.03.16 07:47:25.986,0.82695,0.8272,3.00,1.20
2009.03.16 07:47:27.386,0.82695,0.82715,3.00,1.00
2009.03.16 07:47:27.606,0.8269,0.8271,5.20,1.00
2009.03.16 07:47:27.836,0.8269,0.8271,3.60,1.20
2009.03.16 07:47:28.076,0.8269,0.8271,1.00,1.20
2009.03.16 07:47:29.025,0.82695,0.82715,1.00,1.00
2009.03.16 07:47:32.884,0.827,0.8272,2.60,2.40
2009.03.16 07:47:33.524,0.82695,0.8272,3.00,2.40
2009.03.16 07:47:34.404,0.82695,0.82715,3.00,1.00
2009.03.16 07:47:34.744,0.8269,0.8271,7.20,1.00
2009.03.16 07:47:34.854,0.8269,0.8271,5.60,1.20
2009.03.16 07:47:35.204,0.8269,0.8271,1.00,1.20
2009.03.16 07:47:35.494,0.8269,0.8271,3.00,1.00
2009.03.16 07:47:35.613,0.8269,0.82715,3.00,1.00
2009.03.16 07:47:36.473,0.8269,0.82715,2.60,1.00
2009.03.16 07:47:36.753,0.8269,0.82715,1.00,1.00
2009.03.16 07:47:37.363,0.8269,0.82705,1.00,1.00
2009.03.16 07:47:37.733,0.8269,0.82715,1.00,1.00
2009.03.16 07:47:38.073,0.8268,0.827,3.00,1.20
2009.03.16 07:47:39.622,0.82685,0.82705,2.60,1.00
2009.03.16 07:47:39.733,0.8269,0.8271,2.60,1.20
2009.03.16 07:47:46.431,0.82685,0.82705,2.60,1.00
2009.03.16 07:47:48.031,0.82685,0.82705,3.00,1.00
2009.03.16 07:47:48.720,0.82685,0.8271,3.00,1.20
2009.03.16 07:47:49.210,0.82685,0.8271,4.60,1.20
2009.03.16 07:47:49.440,0.8269,0.82715,2.60,1.00
2009.03.16 07:47:49.720,0.8269,0.82715,3.00,1.00
2009.03.16 07:47:52.070,0.82695,0.82715,2.00,1.00
2009.03.16 07:47:52.420,0.827,0.8272,3.00,1.20
2009.03.16 07:47:52.660,0.827,0.8272,2.60,1.20
2009.03.16 07:47:53.299,0.827,0.8272,2.60,1.00
2009.03.16 07:47:53.539,0.827,0.82725,3.00,1.00
2009.03.16 07:47:54.509,0.82705,0.8273,2.60,2.40
2009.03.16 07:47:54.669,0.82705,0.8273,2.60,1.20
2009.03.16 07:47:54.849,0.8272,0.8273,1.40,1.00
2009.03.16 07:47:55.019,0.8272,0.82735,1.40,3.20
2009.03.16 07:47:55.189,0.82715,0.82735,2.60,2.60
2009.03.16 07:47:55.689,0.82715,0.8274,2.60,5.60
2009.03.16 07:47:55.989,0.8272,0.82745,2.60,1.00
2009.03.16 07:47:57.568,0.8272,0.82745,3.00,1.00
2009.03.16 07:47:58.278,0.82715,0.82735,1.00,1.00
2009.03.16 07:47:58.458,0.82715,0.82735,5.60,1.00
2009.03.16 07:47:58.738,0.82715,0.82735,3.60,1.00
2009.03.16 07:47:58.908,0.82715,0.82735,1.00,1.00
2009.03.16 07:47:59.148,0.8272,0.82735,1.00,1.00
2009.03.16 07:47:59.978,0.8271,0.82735,3.00,1.00
2009.03.16 07:48:00.188,0.82715,0.82735,1.00,1.00
2009.03.16 07:48:00.478,0.82715,0.8274,3.00,1.20
2009.03.16 07:48:00.818,0.8272,0.8274,1.00,1.20
2009.03.16 07:48:01.118,0.82725,0.8274,1.00,1.00
2009.03.16 07:48:01.457,0.82725,0.82745,1.00,1.00
2009.03.16 07:48:01.807,0.82725,0.8275,3.00,1.80
2009.03.16 07:48:02.148,0.82735,0.82755,1.00,1.00
2009.03.16 07:48:02.777,0.8273,0.82755,1.00,1.00
2009.03.16 07:48:03.387,0.8273,0.82755,3.00,1.00
2009.03.16 07:48:03.737,0.8273,0.8275,3.00,1.20
2009.03.16 07:48:04.727,0.82735,0.8275,2.60,1.00
2009.03.16 07:48:04.997,0.82735,0.82755,2.60,1.00
2009.03.16 07:48:08.596,0.8274,0.8276,2.60,2.40
2009.03.16 07:48:09.126,0.82735,0.82755,3.60,1.00
2009.03.16 07:48:09.456,0.82735,0.82755,4.60,1.00
2009.03.16 07:48:09.695,0.8273,0.82755,3.00,1.00
2009.03.16 07:48:10.135,0.8273,0.8274,1.00,1.20
2009.03.16 07:48:10.365,0.8273,0.82745,1.00,1.00
2009.03.16 07:48:10.535,0.8272,0.82745,2.60,1.00
2009.03.16 07:48:10.985,0.8272,0.82745,5.60,1.00
2009.03.16 07:48:11.485,0.8272,0.82745,1.00,1.00
2009.03.16 07:48:11.825,0.8272,0.82745,3.60,1.00
2009.03.16 07:48:12.275,0.82715,0.82745,4.20,1.00
2009.03.16 07:48:12.625,0.8272,0.8275,4.20,3.20
2009.03.16 07:48:12.845,0.8272,0.8274,6.80,1.20
2009.03.16 07:48:13.065,0.8272,0.8274,7.20,1.00
2009.03.16 07:48:13.364,0.8272,0.82745,3.00,1.00
2009.03.16 07:48:14.625,0.8272,0.82745,2.60,3.20
2009.03.16 07:48:14.964,0.8272,0.82745,2.60,4.00
2009.03.16 07:48:15.224,0.82715,0.82735,2.60,1.00
2009.03.16 07:48:15.334,0.8271,0.8273,3.00,1.20
2009.03.16 07:48:15.574,0.8271,0.8273,2.60,1.20
2009.03.16 07:48:17.374,0.8272,0.82735,2.60,2.60
2009.03.16 07:48:17.664,0.82705,0.8272,3.00,1.00
2009.03.16 07:48:17.833,0.827,0.82705,3.10,1.00
2009.03.16 07:48:18.183,0.82695,0.82705,4.40,1.00
2009.03.16 07:48:18.533,0.827,0.8271,1.00,1.20
2009.03.16 07:48:19.473,0.8271,0.82715,1.00,1.70
2009.03.16 07:48:19.713,0.8271,0.82715,1.00,1.60
2009.03.16 07:48:19.953,0.82705,0.82715,1.00,1.00
2009.03.16 07:48:20.293,0.827,0.8272,2.60,2.60
2009.03.16 07:48:20.463,0.827,0.8272,2.60,1.20
2009.03.16 07:48:20.913,0.827,0.8272,2.60,2.40
2009.03.16 07:48:23.003,0.82695,0.82715,2.60,1.00
2009.03.16 07:48:24.042,0.82685,0.8271,1.00,1.20
2009.03.16 07:48:24.512,0.82685,0.8271,1.00,1.00
2009.03.16 07:48:24.751,0.827,0.8272,2.60,3.20
2009.03.16 07:48:25.032,0.827,0.8272,2.60,6.60
2009.03.16 07:48:25.143,0.827,0.82725,2.60,7.20
2009.03.16 07:48:25.261,0.827,0.82725,2.60,6.40
2009.03.16 07:48:25.492,0.827,0.82725,2.60,5.20
2009.03.16 07:48:26.581,0.827,0.82725,2.60,2.60
2009.03.16 07:48:28.081,0.827,0.8272,2.60,1.60
2009.03.16 07:48:28.361,0.827,0.8272,2.60,2.40
2009.03.16 07:48:35.169,0.82705,0.8272,2.60,1.00
2009.03.16 07:48:35.459,0.82705,0.82725,2.60,1.00
2009.03.16 07:48:36.659,0.827,0.8272,3.00,1.00
2009.03.16 07:48:37.049,0.827,0.8272,2.60,1.20
2009.03.16 07:48:37.349,0.827,0.82725,3.00,1.00
2009.03.16 07:48:37.879,0.82705,0.8273,2.60,2.40
2009.03.16 07:48:38.299,0.82705,0.8273,3.00,2.40
2009.03.16 07:48:38.528,0.82705,0.8273,2.60,1.20
2009.03.16 07:48:38.749,0.82705,0.8273,3.00,1.20
2009.03.16 07:48:39.218,0.82705,0.8273,2.60,1.20
2009.03.16 07:48:39.448,0.82705,0.8273,2.60,2.40
2009.03.16 07:48:41.178,0.82705,0.8273,3.00,2.40
2009.03.16 07:48:41.738,0.82705,0.8273,2.60,2.40
2009.03.16 07:48:42.248,0.82705,0.8273,2.60,1.20
2009.03.16 07:48:50.905,0.8271,0.8273,2.60,1.20
2009.03.16 07:48:51.565,0.8271,0.8273,2.60,3.20
2009.03.16 07:48:51.955,0.82705,0.82725,2.60,1.00
2009.03.16 07:48:55.125,0.827,0.8272,2.60,1.20
2009.03.16 07:49:03.772,0.827,0.8272,2.60,1.20
2009.03.16 07:49:06.642,0.827,0.8272,2.60,2.80
2009.03.16 07:49:07.022,0.8271,0.8273,2.60,2.00
2009.03.16 07:49:07.421,0.82695,0.8272,2.60,1.00
2009.03.16 07:49:08.491,0.8269,0.82715,3.00,1.00
2009.03.16 07:49:08.771,0.8269,0.82715,1.00,1.00
2009.03.16 07:49:09.411,0.82695,0.82715,2.60,2.00
2009.03.16 07:49:09.841,0.8269,0.82715,3.00,2.60
2009.03.16 07:49:10.051,0.82695,0.82715,3.00,1.00
2009.03.16 07:49:10.211,0.82695,0.82715,2.60,1.00
2009.03.16 07:49:10.850,0.82695,0.82715,2.60,6.40
2009.03.16 07:49:11.142,0.82685,0.8271,2.60,2.60
2009.03.16 07:49:12.680,0.8268,0.82705,4.20,2.60
2009.03.16 07:49:14.590,0.8268,0.82705,2.60,3.40
2009.03.16 07:49:15.050,0.8268,0.82705,2.60,4.80
2009.03.16 07:49:15.339,0.82675,0.827,1.00,1.00
2009.03.16 07:49:15.450,0.82675,0.82695,1.00,1.00
2009.03.16 07:49:15.899,0.82675,0.8269,1.00,1.20
2009.03.16 07:49:16.299,0.82665,0.8269,3.00,1.20
2009.03.16 07:49:16.639,0.82665,0.8269,2.60,3.20
2009.03.16 07:49:16.979,0.8266,0.82685,3.00,1.00
2009.03.16 07:49:17.679,0.8266,0.82685,2.60,4.80
2009.03.16 07:49:18.082,0.8266,0.82685,2.60,1.00
2009.03.16 07:49:18.359,0.82655,0.8268,3.00,1.00
2009.03.16 07:49:18.699,0.82655,0.8268,2.60,1.20
2009.03.16 07:49:19.979,0.8266,0.8268,2.60,1.20
2009.03.16 07:49:20.918,0.8266,0.8268,2.60,2.80
2009.03.16 07:49:21.208,0.8266,0.8268,2.60,4.00
2009.03.16 07:49:21.688,0.82655,0.8268,2.60,1.20
2009.03.16 07:49:21.968,0.8266,0.8268,2.60,1.20
2009.03.16 07:49:22.254,0.8266,0.8268,3.00,1.20
2009.03.16 07:49:24.547,0.82665,0.8268,2.60,1.00
2009.03.16 07:49:24.667,0.82665,0.82685,2.60,3.20
2009.03.16 07:49:25.127,0.82665,0.82685,3.00,3.20
2009.03.16 07:49:26.517,0.82675,0.82685,1.00,3.20
2009.03.16 07:49:26.678,0.82675,0.82685,1.00,1.00
2009.03.16 07:49:26.847,0.82665,0.8269,3.00,2.00
2009.03.16 07:49:27.017,0.8267,0.8269,1.00,1.00
2009.03.16 07:49:27.856,0.82675,0.82695,3.00,2.00
2009.03.16 07:49:28.876,0.82675,0.82695,3.00,2.80
2009.03.16 07:49:29.056,0.82675,0.8269,1.00,1.20
2009.03.16 07:49:29.516,0.82675,0.82685,1.00,1.00
2009.03.16 07:49:29.806,0.8267,0.82685,3.00,1.00
2009.03.16 07:49:30.036,0.82675,0.82685,1.00,1.00
2009.03.16 07:49:30.156,0.8267,0.82685,3.00,1.00
2009.03.16 07:49:32.496,0.8267,0.82685,2.60,1.00
2009.03.16 07:49:32.825,0.82665,0.82685,2.60,1.00
2009.03.16 07:49:36.015,0.82665,0.82685,4.20,1.60
2009.03.16 07:49:36.304,0.8267,0.82685,2.60,1.00
2009.03.16 07:49:39.514,0.82665,0.82685,4.60,1.00
2009.03.16 07:49:39.624,0.82665,0.82685,3.00,1.00
2009.03.16 07:49:39.863,0.82665,0.82685,2.60,1.00
2009.03.16 07:49:41.703,0.8267,0.82685,2.60,1.00
2009.03.16 07:49:44.403,0.82665,0.82685,4.60,1.00
2009.03.16 07:49:44.633,0.8267,0.8269,2.60,2.80
2009.03.16 07:49:44.802,0.8267,0.8269,2.60,1.20
2009.03.16 07:49:45.942,0.82675,0.82695,3.60,2.60
2009.03.16 07:49:46.172,0.82675,0.827,5.20,2.60
2009.03.16 07:49:46.514,0.82685,0.827,2.60,2.60
2009.03.16 07:49:46.872,0.82685,0.82705,2.60,2.60
2009.03.16 07:49:47.162,0.8269,0.82705,2.60,2.60
2009.03.16 07:49:47.512,0.82685,0.82705,2.60,2.60
2009.03.16 07:49:47.872,0.82695,0.82705,2.60,2.60
2009.03.16 07:49:48.551,0.82705,0.8271,2.60,2.60
2009.03.16 07:49:48.851,0.827,0.8271,2.60,2.60
2009.03.16 07:49:49.471,0.827,0.8272,2.60,3.20
2009.03.16 07:49:50.111,0.82705,0.8272,2.60,2.60
2009.03.16 07:49:50.412,0.8271,0.82725,2.60,2.60
2009.03.16 07:49:51.711,0.8271,0.8273,2.60,1.20
2009.03.16 07:49:52.960,0.8271,0.8273,2.60,4.00
2009.03.16 07:49:53.540,0.82715,0.82735,2.60,3.20
2009.03.16 07:49:53.840,0.82715,0.8273,2.60,1.00
2009.03.16 07:49:54.140,0.8271,0.8273,3.00,1.20
2009.03.16 07:49:54.430,0.82705,0.82725,3.00,1.00
2009.03.16 07:49:59.009,0.82705,0.82725,2.60,1.00
2009.03.16 07:49:59.879,0.82705,0.82725,3.00,1.00
2009.03.16 07:50:01.048,0.82725,0.82735,2.60,3.40
2009.03.16 07:50:01.388,0.82725,0.82735,2.60,2.60
2009.03.16 07:50:01.778,0.82725,0.82745,2.60,3.20
2009.03.16 07:50:02.878,0.82725,0.82745,2.60,1.00
2009.03.16 07:50:03.478,0.8272,0.8274,3.00,1.20
2009.03.16 07:50:03.768,0.8272,0.8274,2.60,1.20
2009.03.16 07:50:04.038,0.82715,0.82735,3.00,1.00
2009.03.16 07:50:04.608,0.82715,0.8274,3.00,1.20
2009.03.16 07:50:05.537,0.82715,0.8273,3.00,1.00
2009.03.16 07:50:05.797,0.82715,0.8273,2.60,1.00
2009.03.16 07:50:05.967,0.8271,0.8273,3.00,1.20
2009.03.16 07:50:06.317,0.82715,0.8274,2.60,2.40
2009.03.16 07:50:06.587,0.82715,0.8274,2.60,1.20
2009.03.16 07:50:06.817,0.8271,0.8273,3.00,1.20
2009.03.16 07:50:07.107,0.8271,0.8273,2.60,1.20
2009.03.16 07:50:09.486,0.82705,0.82725,3.00,1.00
2009.03.16 07:50:11.786,0.8271,0.8273,2.60,1.20
2009.03.16 07:50:11.955,0.82705,0.82725,3.00,1.00
2009.03.16 07:50:13.625,0.82705,0.82725,2.60,1.00
2009.03.16 07:50:15.015,0.82705,0.82725,5.20,3.20
2009.03.16 07:50:15.125,0.82715,0.82735,2.60,3.80
2009.03.16 07:50:15.445,0.82715,0.82735,2.60,2.60
2009.03.16 07:50:15.775,0.82715,0.8274,2.60,4.00
2009.03.16 07:50:16.485,0.82715,0.8274,3.00,4.00
2009.03.16 07:50:16.725,0.8272,0.8274,2.60,4.00
2009.03.16 07:50:16.894,0.8272,0.8274,2.60,1.20
2009.03.16 07:50:17.404,0.82715,0.82735,3.00,1.00
2009.03.16 07:50:17.694,0.8272,0.8274,2.60,1.20
2009.03.16 07:50:18.254,0.8272,0.8274,3.00,1.20
2009.03.16 07:50:19.114,0.82735,0.82755,2.60,3.20
2009.03.16 07:50:19.834,0.8273,0.82755,2.60,3.20
2009.03.16 07:50:20.064,0.8273,0.8275,2.60,3.20
2009.03.16 07:50:20.514,0.8273,0.8275,3.00,1.20
2009.03.16 07:50:20.914,0.82735,0.8275,1.00,1.20
2009.03.16 07:50:21.323,0.8273,0.8275,2.60,1.20
2009.03.16 07:50:22.413,0.8273,0.8275,2.60,2.00
2009.03.16 07:50:22.823,0.8273,0.8275,2.60,4.00
2009.03.16 07:50:22.943,0.8273,0.8275,2.60,1.20
2009.03.16 07:50:24.823,0.8273,0.8275,2.60,1.00
2009.03.16 07:50:24.993,0.8273,0.8275,3.00,1.00
2009.03.16 07:50:25.222,0.8273,0.8275,2.60,1.00
2009.03.16 07:50:25.393,0.8273,0.8275,3.00,1.00
2009.03.16 07:50:25.622,0.8273,0.8275,3.00,1.20
2009.03.16 07:50:25.902,0.8273,0.8275,2.00,1.20
2009.03.16 07:50:26.012,0.8273,0.8275,1.00,1.20
2009.03.16 07:50:26.532,0.82725,0.8275,1.00,2.00
2009.03.16 07:50:26.812,0.82725,0.82745,1.00,1.00
2009.03.16 07:50:27.912,0.82725,0.82745,3.60,1.00
2009.03.16 07:50:28.252,0.82725,0.82745,5.60,1.00
2009.03.16 07:50:28.542,0.82725,0.8274,5.60,1.20
2009.03.16 07:50:28.762,0.82725,0.8274,3.60,1.20
2009.03.16 07:50:28.882,0.8272,0.8274,5.60,1.20
2009.03.16 07:50:32.791,0.82725,0.8274,2.60,1.00
2009.03.16 07:50:32.901,0.82725,0.82745,7.80,1.00
2009.03.16 07:50:33.241,0.82725,0.82745,5.20,1.00
2009.03.16 07:50:33.521,0.82725,0.82745,1.00,1.00
2009.03.16 07:50:35.030,0.82725,0.8275,3.00,1.20
2009.03.16 07:50:35.090,0.8273,0.8275,1.00,1.20
2009.03.16 07:50:37.000,0.8273,0.8275,3.00,1.00
2009.03.16 07:50:37.179,0.8273,0.8276,3.00,2.00
2009.03.16 07:50:37.599,0.82735,0.82765,1.00,4.80
2009.03.16 07:50:40.369,0.8273,0.82765,3.00,4.80
2009.03.16 07:50:44.618,0.8273,0.82765,3.00,6.80
2009.03.16 07:50:46.547,0.8273,0.82765,3.00,7.80
2009.03.16 07:50:46.657,0.8273,0.8276,1.00,1.20
2009.03.16 07:50:46.777,0.8273,0.8276,5.60,2.00
2009.03.16 07:50:47.317,0.8273,0.8276,1.00,4.40
2009.03.16 07:50:47.667,0.8274,0.8276,1.00,1.00
2009.03.16 07:50:48.057,0.8274,0.8277,1.00,1.20
2009.03.16 07:50:48.397,0.8276,0.8277,2.00,2.60
2009.03.16 07:50:48.757,0.8276,0.8277,2.60,2.60
2009.03.16 07:50:49.217,0.8277,0.828,2.60,4.70
2009.03.16 07:50:49.507,0.8277,0.82775,2.60,2.60
2009.03.16 07:50:49.746,0.8277,0.82775,3.60,2.60
2009.03.16 07:50:49.977,0.82775,0.82785,2.60,12.00
2009.03.16 07:50:50.427,0.82775,0.8278,2.60,2.60
2009.03.16 07:50:50.706,0.82765,0.8278,5.20,2.60
2009.03.16 07:50:51.007,0.8277,0.8279,2.60,2.60
2009.03.16 07:50:51.566,0.8277,0.828,2.60,3.20
2009.03.16 07:50:51.856,0.8277,0.8279,2.60,2.60
2009.03.16 07:50:52.146,0.82775,0.8279,2.60,2.60
2009.03.16 07:50:52.426,0.82775,0.82795,2.60,2.60
2009.03.16 07:50:52.776,0.8277,0.828,3.00,1.00
2009.03.16 07:50:53.076,0.8277,0.828,3.00,1.20
2009.03.16 07:50:53.416,0.8277,0.82795,4.60,1.00
2009.03.16 07:50:53.646,0.8278,0.82805,2.60,3.20
2009.03.16 07:50:53.926,0.82775,0.828,10.60,3.20
2009.03.16 07:50:54.206,0.82775,0.828,2.60,2.60
2009.03.16 07:50:54.486,0.82775,0.8281,4.60,3.20
2009.03.16 07:50:54.726,0.82775,0.8281,5.80,2.60
2009.03.16 07:50:55.006,0.82785,0.82815,5.20,3.20
2009.03.16 07:50:55.285,0.8278,0.82815,3.00,3.20
2009.03.16 07:50:55.575,0.8279,0.8281,6.80,2.60
2009.03.16 07:50:55.817,0.82785,0.8281,7.80,2.60
2009.03.16 07:50:56.165,0.828,0.8281,2.60,2.60
2009.03.16 07:50:57.085,0.82805,0.8281,2.60,2.60
2009.03.16 07:50:57.665,0.82805,0.82825,2.60,3.20
2009.03.16 07:50:58.924,0.82805,0.8282,2.60,2.60
2009.03.16 07:50:59.544,0.82805,0.82825,2.60,3.20
2009.03.16 07:51:01.974,0.82815,0.82835,3.00,1.00
2009.03.16 07:51:02.554,0.8282,0.82835,1.00,1.00
2009.03.16 07:51:02.833,0.82815,0.82835,2.60,1.00
2009.03.16 07:51:03.063,0.8281,0.82835,3.00,1.00
2009.03.16 07:51:03.293,0.8281,0.82835,2.60,1.00
2009.03.16 07:51:03.584,0.8281,0.82835,2.60,3.20
2009.03.16 07:51:04.033,0.8282,0.82835,2.60,2.60
2009.03.16 07:51:04.273,0.8282,0.8284,2.60,3.20
2009.03.16 07:51:05.303,0.82815,0.8283,4.20,1.00
2009.03.16 07:51:05.513,0.82815,0.8283,2.60,1.00
2009.03.16 07:51:05.963,0.82815,0.8283,2.60,1.20
2009.03.16 07:51:06.253,0.8281,0.8283,2.60,1.20
2009.03.16 07:51:06.473,0.8281,0.8283,2.60,3.20
2009.03.16 07:51:06.693,0.8281,0.8283,2.60,1.20
2009.03.16 07:51:07.722,0.82805,0.82825,2.60,1.00
2009.03.16 07:51:08.472,0.82805,0.82825,2.60,3.20
2009.03.16 07:51:08.642,0.8281,0.8282,1.40,1.00
2009.03.16 07:51:08.932,0.8281,0.82825,2.60,2.60
2009.03.16 07:51:09.162,0.82805,0.82825,2.60,1.00
2009.03.16 07:51:09.672,0.82805,0.8281,2.60,1.00
2009.03.16 07:51:09.912,0.8279,0.8281,4.20,1.20
2009.03.16 07:51:10.032,0.8279,0.8281,2.60,1.20
2009.03.16 07:51:10.562,0.8279,0.82805,2.60,1.00
2009.03.16 07:51:10.931,0.8279,0.8281,2.60,3.20
2009.03.16 07:51:11.261,0.82785,0.82805,6.00,1.00
2009.03.16 07:51:11.601,0.828,0.8284,2.60,4.80
2009.03.16 07:51:11.951,0.8281,0.8284,2.60,2.60
2009.03.16 07:51:12.351,0.82815,0.8284,2.60,2.60
2009.03.16 07:51:12.681,0.8281,0.8283,3.60,2.60
2009.03.16 07:51:12.921,0.82815,0.82825,2.60,2.60
2009.03.16 07:51:13.141,0.82815,0.8283,2.60,2.60
2009.03.16 07:51:13.481,0.82815,0.82835,2.60,2.60
2009.03.16 07:51:14.301,0.82815,0.82835,4.20,2.60
2009.03.16 07:51:14.471,0.82825,0.82845,2.60,1.00
2009.03.16 07:51:14.701,0.82825,0.82845,2.60,3.20
2009.03.16 07:51:15.041,0.8282,0.82835,4.20,1.00
2009.03.16 07:51:15.151,0.82825,0.82845,2.60,3.20
2009.03.16 07:51:15.320,0.82825,0.82845,2.60,1.00
2009.03.16 07:51:15.880,0.82825,0.82845,3.00,1.00
2009.03.16 07:51:16.740,0.82825,0.82845,2.60,1.00
2009.03.16 07:51:17.310,0.82825,0.8285,2.60,1.20
2009.03.16 07:51:17.940,0.82835,0.82855,2.60,1.00
2009.03.16 07:51:18.180,0.82835,0.8286,2.60,2.40
2009.03.16 07:51:18.690,0.82835,0.8286,3.00,1.20
2009.03.16 07:51:18.910,0.82835,0.8286,2.60,1.20
2009.03.16 07:51:19.190,0.82835,0.8286,4.20,1.20
2009.03.16 07:51:19.489,0.82835,0.82855,8.80,1.00
2009.03.16 07:51:19.820,0.82835,0.8285,1.00,1.20
2009.03.16 07:51:20.060,0.8283,0.82855,2.60,3.20
2009.03.16 07:51:20.280,0.8283,0.82855,2.60,4.80
2009.03.16 07:51:20.509,0.8283,0.82855,2.60,1.00
2009.03.16 07:51:20.859,0.82825,0.82845,12.60,1.00
2009.03.16 07:51:21.149,0.82825,0.82855,4.60,2.60
2009.03.16 07:51:21.429,0.82835,0.8286,2.60,3.20
2009.03.16 07:51:21.769,0.82835,0.8286,2.60,2.40
2009.03.16 07:51:22.869,0.82835,0.8286,2.60,5.20
2009.03.16 07:51:23.219,0.82825,0.82855,4.20,3.20
2009.03.16 07:51:24.438,0.82825,0.82855,4.60,1.00
2009.03.16 07:51:24.948,0.82835,0.82855,2.60,1.00
2009.03.16 07:51:26.458,0.8283,0.8285,2.60,1.00
2009.03.16 07:51:30.897,0.82825,0.8285,2.60,2.40
2009.03.16 07:51:31.287,0.82825,0.8285,2.60,3.20
2009.03.16 07:51:33.446,0.82825,0.8285,3.00,2.40
2009.03.16 07:51:33.666,0.82825,0.8285,4.60,1.60
2009.03.16 07:51:33.836,0.8283,0.8285,2.60,4.80
2009.03.16 07:51:34.006,0.8283,0.8285,2.60,3.20
2009.03.16 07:51:34.116,0.8283,0.8285,2.60,1.60
2009.03.16 07:51:34.406,0.82825,0.8285,4.20,1.60
2009.03.16 07:51:34.696,0.82825,0.8285,2.60,3.20
2009.03.16 07:51:35.555,0.82825,0.8285,2.60,2.40
2009.03.16 07:51:36.145,0.82825,0.8285,2.60,3.20
2009.03.16 07:51:36.445,0.8283,0.8285,2.60,3.20
2009.03.16 07:51:36.725,0.8283,0.82845,2.60,2.60
2009.03.16 07:51:37.225,0.8283,0.8285,2.60,3.20
2009.03.16 07:51:37.565,0.8283,0.82845,2.60,2.60
2009.03.16 07:51:40.434,0.82825,0.82845,4.20,2.60
2009.03.16 07:51:40.605,0.82825,0.82845,2.60,2.60
2009.03.16 07:51:41.464,0.8282,0.82845,2.60,3.20
2009.03.16 07:51:41.744,0.82825,0.8284,2.60,2.60
2009.03.16 07:51:42.194,0.82825,0.82845,2.60,2.60
2009.03.16 07:51:42.534,0.82825,0.8285,2.60,3.20
2009.03.16 07:51:43.444,0.82825,0.8285,2.60,2.40
2009.03.16 07:51:44.423,0.8283,0.82855,2.60,6.20
2009.03.16 07:51:44.593,0.8283,0.82855,2.60,5.20
2009.03.16 07:51:45.423,0.8283,0.82855,2.60,6.20
2009.03.16 07:51:45.943,0.82825,0.8285,2.60,2.40
2009.03.16 07:51:46.173,0.8282,0.8285,2.00,2.40
2009.03.16 07:51:46.453,0.8283,0.8285,1.40,1.60
2009.03.16 07:51:46.513,0.82825,0.82855,2.00,5.20
2009.03.16 07:51:46.813,0.82825,0.8285,1.00,2.40
2009.03.16 07:51:47.033,0.8282,0.8285,4.00,2.40
2009.03.16 07:51:47.143,0.82825,0.8285,1.20,2.40
2009.03.16 07:51:47.872,0.82825,0.8285,1.20,3.20
2009.03.16 07:51:48.223,0.82825,0.8285,1.60,2.40
2009.03.16 07:51:48.503,0.82825,0.8285,1.60,3.20
2009.03.16 07:51:48.722,0.82825,0.8285,1.60,2.60
2009.03.16 07:51:49.022,0.8282,0.82845,2.00,1.00
2009.03.16 07:51:49.252,0.8282,0.82845,2.60,3.20
2009.03.16 07:51:49.462,0.8282,0.82845,2.60,1.00
2009.03.16 07:51:50.502,0.82825,0.8285,2.60,3.40
2009.03.16 07:51:50.723,0.82825,0.8285,2.60,2.40
2009.03.16 07:51:51.751,0.82825,0.8285,3.00,2.40
2009.03.16 07:51:52.311,0.82825,0.8285,2.60,3.20
2009.03.16 07:51:53.221,0.8283,0.8285,2.60,3.20
2009.03.16 07:51:53.451,0.8283,0.8285,2.60,1.20
2009.03.16 07:51:53.741,0.82835,0.82855,2.60,1.00
2009.03.16 07:51:55.641,0.8283,0.8285,2.60,1.20
2009.03.16 07:51:57.370,0.82825,0.8285,3.00,1.20
2009.03.16 07:52:02.529,0.82825,0.8285,2.60,2.40
2009.03.16 07:52:04.669,0.82825,0.8285,3.00,2.40
2009.03.16 07:52:05.139,0.82825,0.8285,2.60,2.40
2009.03.16 07:52:05.998,0.8283,0.82855,2.60,4.00
2009.03.16 07:52:06.218,0.82835,0.82855,5.60,1.00
2009.03.16 07:52:06.498,0.8283,0.82855,2.60,1.00
2009.03.16 07:52:06.848,0.82825,0.8285,3.00,1.20
2009.03.16 07:52:10.297,0.8283,0.8285,2.60,1.20
2009.03.16 07:52:15.006,0.8283,0.82855,2.60,3.20
2009.03.16 07:52:15.406,0.8283,0.82855,2.60,1.00
2009.03.16 07:52:15.636,0.8283,0.8285,2.60,1.00
2009.03.16 07:52:16.156,0.8283,0.8285,2.60,1.20
2009.03.16 07:52:18.455,0.82835,0.82855,2.60,1.00
2009.03.16 07:52:19.335,0.8283,0.8285,3.00,1.20
2009.03.16 07:52:20.035,0.8283,0.8285,2.60,1.20
2009.03.16 07:52:20.265,0.8283,0.8285,2.60,1.00
2009.03.16 07:52:20.555,0.82835,0.82855,2.60,1.00
2009.03.16 07:52:21.864,0.8283,0.8285,3.00,1.20
2009.03.16 07:52:23.284,0.8283,0.82835,2.00,1.00
2009.03.16 07:52:23.644,0.8283,0.82835,1.00,1.00
2009.03.16 07:52:23.874,0.8282,0.82835,2.60,1.00
2009.03.16 07:52:25.623,0.8282,0.8284,2.60,2.40
2009.03.16 07:52:26.723,0.8282,0.8284,2.60,1.20
2009.03.16 07:52:26.993,0.8282,0.8284,2.60,1.00
2009.03.16 07:52:27.273,0.82825,0.82845,2.60,1.00
2009.03.16 07:52:27.553,0.8282,0.8284,2.60,1.00
2009.03.16 07:52:28.073,0.8282,0.8284,3.00,1.00
2009.03.16 07:52:28.363,0.8282,0.8284,2.60,1.20
2009.03.16 07:52:28.653,0.8282,0.8284,3.00,1.20
2009.03.16 07:52:28.823,0.82825,0.8284,2.60,1.00
2009.03.16 07:52:28.993,0.82825,0.82845,2.60,1.00
2009.03.16 07:52:30.152,0.8283,0.8285,2.60,2.00
2009.03.16 07:52:30.602,0.82825,0.8284,1.00,1.00
2009.03.16 07:52:30.763,0.8282,0.8284,3.00,1.00
2009.03.16 07:52:31.002,0.8282,0.8284,2.60,1.00
2009.03.16 07:52:31.232,0.82815,0.82835,3.00,1.00
2009.03.16 07:52:31.632,0.8282,0.8284,2.60,3.20
2009.03.16 07:52:31.972,0.8282,0.82845,2.60,3.20
2009.03.16 07:52:32.322,0.82825,0.82845,2.60,2.60
2009.03.16 07:52:33.472,0.82825,0.8285,2.60,3.20
2009.03.16 07:52:33.821,0.82825,0.8285,2.60,1.20
2009.03.16 07:52:37.681,0.8282,0.8284,3.00,1.00
2009.03.16 07:52:37.910,0.82825,0.82845,2.60,1.00
2009.03.16 07:52:38.420,0.8282,0.8284,2.60,1.00
2009.03.16 07:52:38.660,0.8282,0.8284,3.00,1.00
2009.03.16 07:52:42.019,0.8284,0.8286,2.60,2.00
2009.03.16 07:52:42.249,0.8284,0.82855,1.40,1.00
2009.03.16 07:52:42.649,0.8283,0.82855,5.60,1.00
2009.03.16 07:52:42.989,0.8283,0.8286,3.00,1.20
2009.03.16 07:52:43.269,0.8283,0.82855,1.00,1.00
2009.03.16 07:52:43.969,0.82825,0.82855,3.00,1.00
2009.03.16 07:52:44.369,0.82825,0.8285,3.00,1.00
2009.03.16 07:52:44.599,0.8283,0.8285,2.60,1.20
2009.03.16 07:52:44.819,0.82825,0.8285,4.60,1.20
2009.03.16 07:52:44.999,0.82825,0.8285,2.60,1.20
2009.03.16 07:52:45.409,0.82825,0.8285,2.60,3.20
2009.03.16 07:52:45.929,0.82825,0.8285,2.60,1.20
2009.03.16 07:52:47.408,0.8283,0.8285,2.60,1.20
2009.03.16 07:52:47.588,0.8282,0.8284,2.60,1.00
2009.03.16 07:52:48.718,0.82825,0.8285,2.60,4.80
2009.03.16 07:52:48.898,0.8283,0.8285,3.00,2.00
2009.03.16 07:52:50.477,0.82835,0.8285,2.60,1.60
2009.03.16 07:52:50.597,0.8283,0.8285,3.00,1.20
2009.03.16 07:52:50.877,0.8283,0.8285,3.00,1.00
2009.03.16 07:52:51.087,0.8283,0.8285,3.00,1.20
2009.03.16 07:52:51.367,0.8283,0.8285,2.60,1.20
2009.03.16 07:52:52.057,0.82825,0.8285,3.00,1.20
2009.03.16 07:52:52.387,0.82835,0.82855,2.60,3.20
2009.03.16 07:52:52.787,0.82835,0.82855,2.60,1.00
2009.03.16 07:52:53.756,0.82835,0.8285,2.60,1.00
2009.03.16 07:52:53.877,0.8283,0.8285,3.00,1.20
2009.03.16 07:52:54.037,0.8283,0.8285,2.60,1.00
2009.03.16 07:52:54.386,0.8283,0.8285,3.00,1.20
2009.03.16 07:52:54.506,0.8283,0.8285,2.00,1.20
2009.03.16 07:52:54.666,0.82825,0.8285,3.00,1.20
2009.03.16 07:52:54.786,0.8283,0.8285,1.00,1.20
2009.03.16 07:52:55.016,0.82825,0.8285,2.60,1.20
2009.03.16 07:52:55.356,0.8282,0.8284,3.00,1.00
2009.03.16 07:52:55.746,0.82825,0.8284,3.60,1.00
2009.03.16 07:52:55.976,0.8283,0.8285,2.60,1.20
2009.03.16 07:52:57.036,0.8283,0.8285,2.60,1.20
2009.03.16 07:52:57.895,0.8283,0.8285,2.60,1.00
2009.03.16 07:52:58.185,0.82825,0.8285,3.00,1.20
2009.03.16 07:52:59.595,0.8283,0.8285,3.60,1.20
2009.03.16 07:52:59.765,0.82835,0.8285,3.20,1.20
2009.03.16 07:52:59.945,0.82835,0.82855,2.60,1.20
2009.03.16 07:53:00.115,0.82835,0.82855,2.60,3.20
2009.03.16 07:53:00.335,0.82825,0.8285,3.00,1.20
2009.03.16 07:53:00.735,0.82835,0.8285,2.60,1.00
2009.03.16 07:53:00.845,0.82835,0.82855,2.60,1.20
2009.03.16 07:53:01.025,0.82835,0.82855,2.60,4.00
2009.03.16 07:53:01.395,0.82835,0.8285,2.60,1.60
2009.03.16 07:53:01.725,0.8283,0.8285,2.60,2.00
2009.03.16 07:53:01.895,0.82825,0.82845,3.00,1.00
2009.03.16 07:53:02.474,0.8283,0.82845,3.60,1.00
2009.03.16 07:53:02.824,0.82835,0.82855,2.60,1.00
2009.03.16 07:53:03.184,0.82835,0.82855,3.00,1.00
2009.03.16 07:53:03.424,0.82835,0.8285,3.60,1.20
2009.03.16 07:53:03.704,0.82825,0.8285,4.20,1.20
2009.03.16 07:53:03.984,0.8283,0.8285,7.20,1.20
2009.03.16 07:53:04.344,0.82825,0.8285,6.20,1.20
2009.03.16 07:53:04.564,0.82825,0.8285,3.00,1.20
2009.03.16 07:53:04.794,0.8283,0.8285,2.60,1.00
2009.03.16 07:53:06.154,0.82835,0.82855,2.60,1.00
2009.03.16 07:53:06.854,0.8283,0.8285,2.60,1.20
2009.03.16 07:53:06.963,0.8283,0.8285,3.00,1.20
2009.03.16 07:53:08.053,0.8283,0.8285,2.60,1.20
2009.03.16 07:53:09.763,0.82835,0.82855,2.60,1.00
2009.03.16 07:53:12.172,0.8284,0.82855,1.00,1.00
2009.03.16 07:53:12.342,0.82835,0.82855,2.60,1.00
2009.03.16 07:53:12.512,0.8284,0.8286,2.60,4.20
2009.03.16 07:53:13.002,0.8284,0.8286,2.60,2.00
2009.03.16 07:53:13.592,0.8284,0.8286,3.00,2.00
2009.03.16 07:53:14.044,0.8284,0.8286,2.60,2.00
2009.03.16 07:53:14.841,0.82835,0.82855,2.60,1.00
2009.03.16 07:53:15.822,0.8283,0.8285,2.60,1.20
2009.03.16 07:53:18.441,0.8283,0.8285,2.60,1.00
2009.03.16 07:53:18.791,0.8283,0.82855,2.60,3.20
2009.03.16 07:53:19.181,0.8283,0.82855,3.00,1.00
2009.03.16 07:53:19.410,0.8285,0.8286,2.60,1.60
2009.03.16 07:53:19.930,0.82835,0.82855,2.60,1.00
2009.03.16 07:53:22.700,0.82845,0.8286,2.60,1.60
2009.03.16 07:53:23.309,0.8284,0.8286,2.60,2.00
2009.03.16 07:53:23.589,0.82835,0.82855,2.60,1.00
2009.03.16 07:53:24.109,0.8284,0.8286,2.60,2.00
2009.03.16 07:53:25.659,0.8284,0.82845,1.40,1.00
2009.03.16 07:53:25.849,0.8283,0.82845,7.20,1.00
2009.03.16 07:53:25.960,0.8283,0.82845,1.00,1.00
2009.03.16 07:53:26.359,0.8282,0.82845,3.00,1.00
2009.03.16 07:53:26.479,0.8283,0.8285,2.60,1.20
2009.03.16 07:53:26.808,0.8283,0.8285,2.60,1.20
2009.03.16 07:53:27.938,0.82825,0.8285,4.20,1.20
2009.03.16 07:53:28.258,0.82825,0.8285,3.00,1.20
2009.03.16 07:53:28.898,0.82825,0.8285,2.60,1.20
2009.03.16 07:53:29.918,0.8282,0.82845,3.00,1.00
2009.03.16 07:53:30.448,0.82825,0.8285,2.60,3.20
2009.03.16 07:53:30.748,0.82825,0.8285,2.60,1.20
2009.03.16 07:53:32.697,0.82825,0.8285,2.60,2.00
2009.03.16 07:53:32.867,0.82815,0.82845,3.00,1.00
2009.03.16 07:53:33.327,0.82815,0.82845,2.60,3.20
2009.03.16 07:53:33.837,0.8282,0.82845,3.60,1.00
2009.03.16 07:53:35.066,0.82825,0.82845,2.60,1.00
2009.03.16 07:53:37.076,0.8283,0.82845,1.00,1.00
2009.03.16 07:53:37.316,0.8283,0.8285,2.60,1.20
2009.03.16 07:53:38.506,0.8282,0.82845,3.00,1.00
2009.03.16 07:53:38.786,0.8282,0.82845,2.60,1.00
2009.03.16 07:53:39.375,0.82815,0.8284,2.60,1.20
2009.03.16 07:53:39.986,0.8282,0.8284,2.60,1.00
2009.03.16 07:53:40.265,0.82825,0.82845,3.00,1.00
2009.03.16 07:53:40.555,0.8283,0.8285,2.60,2.00
2009.03.16 07:53:40.845,0.82825,0.82845,2.60,1.00
2009.03.16 07:53:41.245,0.8282,0.8284,5.20,1.00
2009.03.16 07:53:41.485,0.8282,0.82845,2.60,1.00
2009.03.16 07:53:41.875,0.8282,0.8284,2.60,1.20
2009.03.16 07:53:42.215,0.82825,0.82845,2.60,1.00
2009.03.16 07:53:42.565,0.82825,0.82845,4.20,1.00
2009.03.16 07:53:42.795,0.82825,0.82845,2.60,1.00
2009.03.16 07:53:49.033,0.8283,0.8285,2.60,2.40
2009.03.16 07:53:49.273,0.8283,0.82855,2.60,1.00
2009.03.16 07:53:49.493,0.8283,0.82855,3.00,1.00
2009.03.16 07:53:49.903,0.8283,0.8285,2.60,1.00
2009.03.16 07:53:50.083,0.8283,0.82855,2.60,1.00
2009.03.16 07:53:50.263,0.82825,0.8284,3.00,2.00
2009.03.16 07:53:50.613,0.8283,0.8285,3.00,1.20
2009.03.16 07:53:50.783,0.8283,0.82845,2.00,1.00
2009.03.16 07:53:50.963,0.8283,0.8285,2.60,1.20
2009.03.16 07:53:51.542,0.82825,0.8284,2.60,1.00
2009.03.16 07:53:53.612,0.8282,0.8284,2.60,1.20
2009.03.16 07:53:54.252,0.82825,0.8284,2.60,1.20
2009.03.16 07:53:54.652,0.82825,0.8284,2.60,2.00
2009.03.16 07:53:54.772,0.8282,0.8284,2.60,2.00
2009.03.16 07:53:57.421,0.8282,0.8284,2.60,3.20
2009.03.16 07:53:57.721,0.8282,0.8284,2.60,2.00
2009.03.16 07:53:58.071,0.82815,0.82835,1.00,1.00
2009.03.16 07:53:58.411,0.8281,0.82835,5.60,1.00
2009.03.16 07:53:58.751,0.82805,0.82835,3.00,1.00
2009.03.16 07:53:59.291,0.8281,0.82835,3.60,1.00
2009.03.16 07:53:59.511,0.8281,0.82835,7.20,1.00
2009.03.16 07:53:59.731,0.82815,0.82835,3.20,1.00
2009.03.16 07:53:59.961,0.82805,0.82835,4.60,1.00
2009.03.16 07:54:00.231,0.828,0.8283,3.60,1.20
2009.03.16 07:54:00.470,0.828,0.8283,1.00,1.20
2009.03.16 07:54:00.740,0.828,0.8282,1.00,1.20
2009.03.16 07:54:00.970,0.82795,0.8282,3.00,1.00
2009.03.16 07:54:01.190,0.828,0.82825,1.00,1.00
2009.03.16 07:54:02.610,0.828,0.82815,1.00,1.00
2009.03.16 07:54:04.089,0.828,0.8282,2.00,1.20
2009.03.16 07:54:04.330,0.828,0.8282,3.60,1.20
2009.03.16 07:54:04.680,0.828,0.82825,3.00,1.00
2009.03.16 07:54:05.070,0.828,0.82825,2.60,1.00
2009.03.16 07:54:05.189,0.828,0.82825,2.60,2.00
2009.03.16 07:54:05.359,0.82795,0.8282,4.60,1.00
2009.03.16 07:54:05.469,0.82795,0.8282,3.00,1.20
2009.03.16 07:54:05.589,0.828,0.8282,2.40,1.20
2009.03.16 07:54:05.709,0.828,0.8282,5.60,1.20
2009.03.16 07:54:06.069,0.82795,0.8282,3.00,1.20
2009.03.16 07:54:09.148,0.82795,0.82815,3.00,1.00
2009.03.16 07:54:09.488,0.82795,0.82815,2.60,1.00
2009.03.16 07:54:10.658,0.82795,0.82815,3.00,1.00
2009.03.16 07:54:11.118,0.828,0.8281,1.60,1.20
2009.03.16 07:54:11.178,0.82795,0.8281,1.00,1.20
2009.03.16 07:54:11.548,0.82795,0.8281,2.00,1.20
2009.03.16 07:54:11.718,0.82795,0.8281,3.60,1.20
2009.03.16 07:54:11.888,0.8279,0.8281,3.00,1.20
2009.03.16 07:54:12.228,0.82795,0.82815,2.60,2.00
2009.03.16 07:54:15.097,0.82795,0.8282,2.60,1.20
2009.03.16 07:54:15.267,0.82795,0.8282,3.00,1.20
2009.03.16 07:54:15.507,0.82795,0.8282,2.60,1.20
2009.03.16 07:54:15.967,0.82795,0.8282,3.00,1.20
2009.03.16 07:54:16.817,0.82795,0.82815,2.60,2.60
2009.03.16 07:54:17.097,0.82795,0.8282,3.00,5.60
2009.03.16 07:54:17.326,0.82795,0.8282,3.00,1.20
2009.03.16 07:54:18.986,0.828,0.82825,2.60,4.00
2009.03.16 07:54:19.216,0.828,0.82825,2.60,3.20
2009.03.16 07:54:19.386,0.828,0.82825,2.60,1.00
2009.03.16 07:54:19.796,0.82805,0.82825,2.60,1.00
2009.03.16 07:54:21.196,0.82805,0.8283,2.60,2.40
2009.03.16 07:54:21.595,0.82805,0.8283,2.60,1.20
2009.03.16 07:54:22.385,0.82805,0.8283,2.60,3.20
2009.03.16 07:54:22.835,0.82805,0.8283,3.00,1.20
2009.03.16 07:54:25.324,0.82805,0.8283,9.40,1.00
2009.03.16 07:54:25.494,0.82805,0.8283,3.00,1.20
2009.03.16 07:54:25.674,0.82805,0.82825,3.00,1.00
2009.03.16 07:54:27.014,0.82805,0.8283,3.00,1.20
2009.03.16 07:54:27.594,0.8281,0.8283,1.00,1.20
2009.03.16 07:54:28.884,0.8281,0.8283,3.00,1.20
2009.03.16 07:54:29.063,0.8281,0.8283,3.00,1.00
2009.03.16 07:54:29.693,0.8281,0.8283,2.00,1.20
2009.03.16 07:54:29.933,0.8281,0.8283,1.00,1.20
2009.03.16 07:54:30.223,0.82815,0.8283,3.20,1.20
2009.03.16 07:54:30.463,0.8281,0.8283,1.00,1.20
2009.03.16 07:54:30.683,0.8281,0.8283,3.60,1.20
2009.03.16 07:54:31.843,0.82805,0.8283,3.00,1.20
2009.03.16 07:54:34.592,0.82805,0.82835,3.00,1.00
2009.03.16 07:54:34.762,0.8281,0.82835,1.00,1.00
2009.03.16 07:54:35.432,0.82805,0.82835,3.00,2.60
2009.03.16 07:54:35.662,0.8281,0.8283,2.00,1.00
2009.03.16 07:54:35.832,0.8281,0.8283,5.20,1.00
2009.03.16 07:54:36.112,0.82805,0.8283,1.00,1.20
2009.03.16 07:54:36.902,0.82805,0.8283,5.60,1.20
2009.03.16 07:54:37.831,0.82805,0.8283,7.20,1.20
2009.03.16 07:54:38.042,0.8281,0.8283,1.00,1.00
2009.03.16 07:54:38.391,0.8281,0.82835,1.00,2.00
2009.03.16 07:54:38.681,0.82805,0.82825,5.60,1.00
2009.03.16 07:54:38.961,0.82805,0.82825,7.20,1.00
2009.03.16 07:54:39.253,0.82805,0.82825,1.00,1.00
2009.03.16 07:54:39.611,0.828,0.8283,3.00,2.00
2009.03.16 07:54:39.951,0.82805,0.82835,2.60,3.20
2009.03.16 07:54:40.281,0.8281,0.82835,3.00,1.00
2009.03.16 07:54:40.451,0.8281,0.8284,3.00,3.20
2009.03.16 07:54:40.731,0.82815,0.8284,1.00,2.40
2009.03.16 07:54:40.960,0.8281,0.82835,3.00,1.00
2009.03.16 07:54:41.200,0.8281,0.82835,2.40,1.00
2009.03.16 07:54:41.441,0.8281,0.82835,1.00,1.00
2009.03.16 07:54:41.781,0.8281,0.82835,3.00,1.00
2009.03.16 07:54:42.370,0.82815,0.82835,1.00,1.00
2009.03.16 07:54:42.660,0.8281,0.82835,2.60,1.00
2009.03.16 07:54:43.010,0.8281,0.82835,3.00,1.00
2009.03.16 07:54:43.900,0.8281,0.8284,3.00,3.20
2009.03.16 07:54:44.130,0.8281,0.8284,3.00,2.40
2009.03.16 07:54:44.420,0.8281,0.82835,2.60,1.00
2009.03.16 07:54:44.760,0.82805,0.8283,3.00,1.00
2009.03.16 07:54:45.040,0.82805,0.8283,3.00,1.20
2009.03.16 07:54:45.199,0.82805,0.82825,3.00,1.00
2009.03.16 07:54:45.420,0.82805,0.82825,2.60,1.00
2009.03.16 07:54:45.640,0.8281,0.8283,2.60,1.20
2009.03.16 07:54:45.930,0.8281,0.8283,2.60,3.20
2009.03.16 07:54:46.279,0.828,0.82825,3.00,1.00
2009.03.16 07:54:46.619,0.82805,0.82835,3.00,2.80
2009.03.16 07:54:46.919,0.82805,0.82825,1.00,1.00
2009.03.16 07:54:47.279,0.82805,0.82835,1.00,2.00
2009.03.16 07:54:47.919,0.82805,0.82835,2.40,2.00
2009.03.16 07:54:48.329,0.828,0.8283,7.20,2.00
2009.03.16 07:54:48.559,0.828,0.8283,1.00,2.00
2009.03.16 07:54:49.139,0.828,0.82825,1.00,1.20
2009.03.16 07:54:49.419,0.82805,0.8282,1.00,1.60
2009.03.16 07:54:49.868,0.82795,0.8283,1.00,4.80
2009.03.16 07:54:50.208,0.82795,0.8283,3.00,4.80
2009.03.16 07:54:50.549,0.828,0.8283,1.00,2.00
2009.03.16 07:54:51.158,0.82795,0.8283,5.60,4.80
2009.03.16 07:54:51.388,0.828,0.8282,1.00,1.60
2009.03.16 07:54:51.738,0.82795,0.8283,3.00,3.20
2009.03.16 07:54:52.148,0.82795,0.8283,4.20,2.60
2009.03.16 07:54:52.428,0.828,0.82835,5.60,4.80
2009.03.16 07:54:52.718,0.828,0.82835,3.00,4.20
2009.03.16 07:54:52.998,0.82805,0.82835,5.60,1.60
2009.03.16 07:54:53.648,0.82805,0.82835,1.00,2.00
2009.03.16 07:54:54.047,0.828,0.82835,5.60,4.80
2009.03.16 07:54:54.557,0.828,0.82835,3.00,4.80
2009.03.16 07:54:55.627,0.82805,0.82835,2.60,4.20
2009.03.16 07:54:55.687,0.82805,0.82835,2.60,2.60
2009.03.16 07:54:55.967,0.82805,0.82835,3.00,1.60
2009.03.16 07:54:56.137,0.82805,0.8284,3.60,6.80
2009.03.16 07:54:56.247,0.8281,0.8284,1.00,6.80
2009.03.16 07:54:56.417,0.8281,0.8284,1.00,4.80
2009.03.16 07:54:56.937,0.8281,0.82835,1.00,1.60
2009.03.16 07:54:57.347,0.8281,0.82835,1.00,2.00
2009.03.16 07:54:57.687,0.82805,0.82835,3.00,2.00
2009.03.16 07:54:57.967,0.8281,0.82835,1.00,1.20
2009.03.16 07:54:58.196,0.8281,0.82835,3.00,1.20
2009.03.16 07:54:58.466,0.8281,0.82835,2.60,1.00
2009.03.16 07:54:59.127,0.8281,0.82835,3.00,1.00
2009.03.16 07:55:00.006,0.82815,0.82835,1.00,1.00
2009.03.16 07:55:00.236,0.82815,0.82835,1.00,2.00
2009.03.16 07:55:00.847,0.8281,0.82835,5.60,2.00
2009.03.16 07:55:01.706,0.82805,0.82835,3.00,2.00
2009.03.16 07:55:01.935,0.8281,0.82835,2.60,1.20
2009.03.16 07:55:02.216,0.8281,0.82835,2.60,1.00
2009.03.16 07:55:02.506,0.82815,0.8284,2.60,3.20
2009.03.16 07:55:02.745,0.8282,0.82845,2.60,3.20
2009.03.16 07:55:03.055,0.8282,0.82845,3.00,1.00
2009.03.16 07:55:07.124,0.82815,0.8284,2.60,1.20
2009.03.16 07:55:07.874,0.8281,0.8284,2.60,4.80
2009.03.16 07:55:08.964,0.82805,0.8283,1.00,2.00
2009.03.16 07:55:09.394,0.828,0.8282,2.00,1.20
2009.03.16 07:55:09.624,0.82795,0.8282,3.00,1.20
2009.03.16 07:55:12.013,0.82785,0.82815,9.40,1.00
2009.03.16 07:55:12.403,0.8279,0.82815,5.60,1.00
2009.03.16 07:55:12.623,0.828,0.8282,1.00,1.20
2009.03.16 07:55:12.963,0.82795,0.82815,3.00,1.00
2009.03.16 07:55:13.673,0.82795,0.82815,2.60,1.00
2009.03.16 07:55:14.053,0.8279,0.82815,3.00,1.00
2009.03.16 07:55:14.713,0.82795,0.82815,1.00,1.00
2009.03.16 07:55:14.993,0.8279,0.82815,3.00,1.00
2009.03.16 07:55:15.572,0.828,0.8282,1.40,3.20
2009.03.16 07:55:15.792,0.8279,0.82815,2.60,3.20
2009.03.16 07:55:16.252,0.828,0.8282,2.60,4.80
2009.03.16 07:55:16.562,0.8279,0.82815,3.00,1.60
2009.03.16 07:55:16.742,0.82805,0.8282,2.40,1.00
2009.03.16 07:55:17.082,0.828,0.8282,2.60,1.00
2009.03.16 07:55:17.522,0.828,0.8282,2.60,3.20
2009.03.16 07:55:17.852,0.8279,0.82815,2.60,3.20
2009.03.16 07:55:18.192,0.8279,0.82815,2.60,2.60
2009.03.16 07:55:18.541,0.8279,0.82815,2.60,3.20
2009.03.16 07:55:18.872,0.8279,0.82815,2.60,2.60
2009.03.16 07:55:19.152,0.828,0.82815,2.60,2.60
2009.03.16 07:55:19.372,0.8279,0.8282,2.60,3.20
2009.03.16 07:55:20.051,0.8279,0.8282,2.60,4.80
2009.03.16 07:55:20.871,0.82785,0.8282,3.00,4.80
2009.03.16 07:55:21.651,0.8279,0.8282,1.00,2.00
2009.03.16 07:55:21.871,0.8279,0.8282,3.00,2.00
2009.03.16 07:55:22.201,0.8279,0.8282,3.00,1.20
2009.03.16 07:55:22.481,0.828,0.8282,2.60,1.00
2009.03.16 07:55:22.950,0.8279,0.8282,3.00,3.20
2009.03.16 07:55:23.180,0.8279,0.8282,2.60,3.20
2009.03.16 07:55:24.290,0.8279,0.82815,2.60,1.00
2009.03.16 07:55:24.750,0.8279,0.82815,3.00,1.00
2009.03.16 07:55:25.440,0.82795,0.8282,2.60,4.80
2009.03.16 07:55:25.660,0.8279,0.82815,3.00,1.00
2009.03.16 07:55:26.240,0.82795,0.8282,2.60,4.80
2009.03.16 07:55:26.399,0.8279,0.82815,2.60,1.00
2009.03.16 07:55:26.560,0.82795,0.8282,2.60,3.20
2009.03.16 07:55:27.140,0.82795,0.8282,2.60,2.40
2009.03.16 07:55:27.539,0.8279,0.82815,2.60,1.00
2009.03.16 07:55:27.880,0.8279,0.8281,3.00,1.00
2009.03.16 07:55:28.259,0.82795,0.82815,2.60,1.00
2009.03.16 07:55:28.599,0.828,0.8282,2.60,2.00
2009.03.16 07:55:29.189,0.828,0.8282,1.40,1.00
2009.03.16 07:55:29.479,0.82795,0.8282,1.00,2.00
2009.03.16 07:55:29.709,0.8279,0.82825,3.00,5.00
2009.03.16 07:55:29.999,0.8279,0.82825,3.00,4.20
2009.03.16 07:55:30.748,0.8279,0.82815,3.00,1.00
2009.03.16 07:55:30.918,0.8279,0.82815,4.20,1.00
2009.03.16 07:55:31.028,0.82795,0.8282,2.60,2.00
2009.03.16 07:55:31.608,0.82795,0.8281,1.00,1.20
2009.03.16 07:55:31.780,0.8279,0.82815,4.20,2.40
2009.03.16 07:55:32.068,0.8279,0.8282,4.20,3.20
2009.03.16 07:55:32.349,0.82795,0.82825,1.40,1.60
2009.03.16 07:55:32.578,0.82795,0.82825,4.20,1.60
2009.03.16 07:55:33.028,0.828,0.8283,3.00,2.60
2009.03.16 07:55:33.418,0.8281,0.8284,1.00,7.60
2009.03.16 07:55:33.828,0.82805,0.8283,1.00,2.00
2009.03.16 07:55:34.298,0.82795,0.8283,4.20,4.80
2009.03.16 07:55:35.797,0.82805,0.8283,2.60,2.60
2009.03.16 07:55:36.017,0.82805,0.82835,3.00,2.00
2009.03.16 07:55:36.308,0.82805,0.8283,1.00,2.00
2009.03.16 07:55:36.427,0.82795,0.8283,3.00,4.80
2009.03.16 07:55:36.777,0.82795,0.82825,5.60,1.60
2009.03.16 07:55:37.137,0.8279,0.82825,3.00,4.20
2009.03.16 07:55:37.477,0.82785,0.82815,2.80,1.60
2009.03.16 07:55:37.817,0.82785,0.82815,1.80,1.60
2009.03.16 07:55:38.157,0.82785,0.8282,1.00,5.60
2009.03.16 07:55:38.497,0.82785,0.8282,4.20,4.20
2009.03.16 07:55:39.916,0.82795,0.8282,2.60,2.60
2009.03.16 07:55:40.086,0.82795,0.8283,3.00,3.20
2009.03.16 07:55:40.826,0.82795,0.8283,1.00,4.80
2009.03.16 07:55:41.276,0.8279,0.82825,4.20,2.60
2009.03.16 07:55:42.736,0.8279,0.82825,8.00,3.20
2009.03.16 07:55:44.286,0.8279,0.82815,7.00,1.60
2009.03.16 07:55:44.345,0.8279,0.82815,5.60,1.60
2009.03.16 07:55:44.456,0.8279,0.82815,1.00,1.60
2009.03.16 07:55:45.365,0.82785,0.82815,8.00,1.60
2009.03.16 07:55:46.795,0.8279,0.82815,1.00,1.60
2009.03.16 07:55:47.645,0.8279,0.8282,1.40,4.00
2009.03.16 07:55:47.934,0.8279,0.82825,8.00,4.80
2009.03.16 07:55:48.264,0.82795,0.82825,2.00,4.80
2009.03.16 07:55:48.614,0.82795,0.82825,5.60,1.60
2009.03.16 07:55:53.223,0.82795,0.8282,1.80,1.60
2009.03.16 07:55:53.523,0.82785,0.8282,4.60,4.80
2009.03.16 07:55:53.743,0.82785,0.8282,3.00,4.80
2009.03.16 07:55:56.023,0.8279,0.82825,3.00,6.80
2009.03.16 07:55:56.682,0.8279,0.8282,2.60,2.60
2009.03.16 07:55:57.042,0.8279,0.82825,3.00,4.80
2009.03.16 07:55:57.272,0.82795,0.82825,3.00,1.00
2009.03.16 07:55:57.692,0.82795,0.8282,2.60,2.60
2009.03.16 07:55:58.632,0.828,0.8282,2.60,2.60
2009.03.16 07:55:58.983,0.828,0.82825,2.60,2.60
2009.03.16 07:55:59.651,0.82805,0.82825,2.60,2.60
2009.03.16 07:56:00.502,0.8281,0.82825,2.60,2.60
2009.03.16 07:56:00.791,0.828,0.82825,2.60,2.60
2009.03.16 07:56:00.851,0.828,0.82835,3.00,3.20
2009.03.16 07:56:01.151,0.828,0.82825,2.60,2.60
2009.03.16 07:56:01.211,0.8281,0.82825,2.60,2.60
2009.03.16 07:56:01.391,0.8281,0.82835,2.60,5.20
2009.03.16 07:56:01.681,0.8281,0.82835,2.60,6.20
2009.03.16 07:56:02.011,0.82795,0.82825,7.40,3.20
2009.03.16 07:56:02.361,0.82795,0.8282,2.60,2.60
2009.03.16 07:56:04.900,0.82795,0.82815,2.60,1.00
2009.03.16 07:56:05.070,0.82795,0.82815,2.60,3.20
2009.03.16 07:56:06.031,0.82795,0.82815,2.60,4.80
2009.03.16 07:56:06.190,0.8279,0.8281,2.60,1.20
2009.03.16 07:56:06.301,0.82785,0.82815,2.60,5.60
2009.03.16 07:56:06.580,0.82785,0.82815,2.60,4.80
2009.03.16 07:56:06.800,0.82785,0.82805,2.60,2.60
2009.03.16 07:56:07.490,0.82785,0.82815,2.60,6.80
2009.03.16 07:56:08.139,0.8278,0.82805,2.60,1.00
2009.03.16 07:56:08.479,0.82785,0.82805,2.60,2.00
2009.03.16 07:56:08.800,0.82785,0.82805,2.60,1.20
2009.03.16 07:56:11.708,0.82785,0.82805,2.60,3.20
2009.03.16 07:56:14.068,0.8278,0.82805,2.60,3.20
2009.03.16 07:56:15.248,0.8278,0.82805,2.60,1.20
2009.03.16 07:56:19.767,0.8278,0.828,2.60,1.00
2009.03.16 07:56:19.947,0.82775,0.828,1.00,1.20
2009.03.16 07:56:20.117,0.82775,0.82805,1.00,1.00
2009.03.16 07:56:20.347,0.8277,0.828,3.00,1.20
2009.03.16 07:56:20.587,0.8277,0.82795,2.60,1.00
2009.03.16 07:56:20.767,0.8277,0.82795,2.60,2.00
2009.03.16 07:56:21.216,0.8277,0.82795,2.60,4.80
2009.03.16 07:56:22.306,0.8277,0.82795,3.00,2.00
2009.03.16 07:56:22.596,0.8277,0.82795,2.60,2.00
2009.03.16 07:56:22.656,0.82765,0.8279,3.00,1.20
2009.03.16 07:56:23.506,0.82765,0.8279,2.60,1.20
2009.03.16 07:56:24.755,0.82765,0.8279,2.60,3.20
2009.03.16 07:56:27.015,0.82765,0.8279,2.60,5.20
2009.03.16 07:56:27.346,0.82755,0.8278,3.00,1.20
2009.03.16 07:56:27.405,0.82755,0.8278,2.60,1.20
2009.03.16 07:56:27.875,0.82755,0.8278,3.00,1.20
2009.03.16 07:56:28.225,0.8276,0.8278,2.60,3.20
2009.03.16 07:56:29.384,0.8276,0.8278,2.60,2.40
2009.03.16 07:56:29.614,0.8276,0.8278,2.60,2.60
2009.03.16 07:56:29.944,0.82745,0.8277,5.80,3.20
2009.03.16 07:56:30.184,0.8275,0.8277,2.60,1.20
2009.03.16 07:56:31.024,0.82755,0.82775,2.60,1.00
2009.03.16 07:56:31.974,0.8275,0.8277,2.60,1.20
2009.03.16 07:56:34.014,0.8275,0.8277,3.00,1.20
2009.03.16 07:56:34.123,0.8275,0.8277,2.60,1.20
2009.03.16 07:56:37.992,0.82755,0.82775,2.60,4.00
2009.03.16 07:56:38.112,0.82755,0.82775,2.60,1.00
2009.03.16 07:56:38.512,0.8276,0.82775,2.60,2.60
2009.03.16 07:56:38.812,0.82755,0.8278,2.60,1.20
2009.03.16 07:56:39.102,0.82755,0.8278,2.60,3.20
2009.03.16 07:56:39.692,0.82755,0.82765,2.60,1.00
2009.03.16 07:56:39.852,0.82745,0.8276,2.00,1.00
2009.03.16 07:56:40.022,0.82745,0.8276,1.60,1.00
2009.03.16 07:56:40.412,0.82745,0.8276,2.00,1.00
2009.03.16 07:56:40.572,0.82745,0.8276,1.60,1.00
2009.03.16 07:56:43.911,0.82745,0.8276,1.60,1.20
2009.03.16 07:56:44.081,0.82745,0.82755,1.60,1.00
2009.03.16 07:56:56.008,0.8275,0.8277,2.60,2.60
2009.03.16 07:56:56.128,0.8275,0.82775,2.60,3.20
2009.03.16 07:56:56.288,0.82755,0.82775,2.60,2.60
2009.03.16 07:56:56.458,0.82755,0.8278,2.60,5.60
2009.03.16 07:56:56.568,0.8275,0.82775,3.00,1.00
2009.03.16 07:56:57.138,0.8275,0.82775,2.60,1.00
2009.03.16 07:56:57.487,0.82755,0.82775,2.60,1.00
2009.03.16 07:56:57.837,0.82765,0.8278,2.60,3.20
2009.03.16 07:56:58.167,0.8276,0.8278,2.60,2.60
2009.03.16 07:56:58.457,0.8276,0.82785,2.60,3.20
2009.03.16 07:56:59.027,0.8276,0.8278,2.60,2.60
2009.03.16 07:57:03.586,0.8276,0.82785,2.60,3.20
2009.03.16 07:57:03.986,0.82755,0.82785,2.60,3.20
2009.03.16 07:57:04.336,0.82755,0.82785,2.60,2.60
2009.03.16 07:57:04.626,0.82755,0.82785,2.60,4.20
2009.03.16 07:57:04.916,0.82755,0.82785,2.60,4.80
2009.03.16 07:57:05.716,0.82755,0.82785,2.60,3.20
2009.03.16 07:57:05.836,0.8276,0.82785,2.60,3.20
2009.03.16 07:57:09.835,0.8276,0.82775,2.60,2.60
2009.03.16 07:57:10.145,0.8276,0.82785,2.60,3.20
2009.03.16 07:57:11.434,0.82755,0.8278,4.20,1.00
2009.03.16 07:57:11.724,0.82755,0.8278,2.60,3.20
2009.03.16 07:57:19.692,0.8276,0.8278,2.60,3.20
2009.03.16 07:57:20.042,0.8276,0.8278,2.60,5.60
2009.03.16 07:57:20.212,0.8276,0.8278,2.60,1.20
2009.03.16 07:57:28.700,0.8276,0.8278,2.60,2.40
2009.03.16 07:57:28.991,0.8276,0.8278,2.60,5.60
2009.03.16 07:57:29.570,0.8276,0.8278,2.60,1.20
2009.03.16 07:57:29.740,0.82755,0.82775,4.20,1.00
2009.03.16 07:57:29.910,0.82755,0.82775,2.60,1.00
2009.03.16 07:57:34.419,0.8276,0.8278,2.60,1.20
2009.03.16 07:57:34.839,0.82755,0.82775,2.60,1.00
2009.03.16 07:57:35.068,0.8276,0.8278,2.60,1.20
2009.03.16 07:57:35.298,0.82755,0.82775,4.20,1.00
2009.03.16 07:57:35.399,0.82755,0.82775,2.60,1.00
2009.03.16 07:57:39.287,0.8276,0.8278,2.60,3.20
2009.03.16 07:57:39.797,0.8276,0.8278,2.60,1.20
2009.03.16 07:57:42.027,0.82765,0.82785,2.60,3.20
2009.03.16 07:57:42.317,0.82765,0.82785,2.60,1.00
2009.03.16 07:57:42.897,0.8276,0.8278,2.60,1.20
2009.03.16 07:57:49.155,0.82765,0.82785,2.60,3.20
2009.03.16 07:57:49.375,0.82765,0.82785,2.60,1.00
2009.03.16 07:57:51.775,0.82765,0.82785,2.60,3.20
2009.03.16 07:57:53.124,0.8277,0.82785,2.60,2.60
2009.03.16 07:57:53.235,0.8277,0.8279,2.60,3.20
2009.03.16 07:57:53.354,0.8277,0.82785,2.60,2.60
2009.03.16 07:57:53.474,0.8277,0.8279,2.60,3.20
2009.03.16 07:57:53.934,0.8277,0.8279,2.60,1.20
2009.03.16 07:57:58.013,0.82775,0.82795,2.60,1.00
2009.03.16 07:57:58.303,0.8277,0.82795,2.60,1.00
2009.03.16 07:57:58.533,0.8277,0.82795,2.60,3.20
2009.03.16 07:57:59.912,0.8277,0.8279,2.60,2.60
2009.03.16 07:58:04.931,0.8277,0.8279,2.60,3.20
2009.03.16 07:58:11.250,0.8277,0.82785,2.60,2.60
2009.03.16 07:58:11.770,0.82765,0.82785,2.60,3.20
2009.03.16 07:58:12.290,0.8277,0.82785,2.60,2.60
2009.03.16 07:58:12.580,0.8277,0.8279,2.60,2.60
2009.03.16 07:58:13.139,0.82765,0.8279,2.60,3.20
2009.03.16 07:58:13.599,0.82765,0.82785,2.60,2.60
2009.03.16 07:58:14.389,0.82765,0.8279,2.60,3.20
2009.03.16 07:58:16.479,0.82765,0.82785,2.60,2.60
2009.03.16 07:58:17.058,0.8276,0.82785,2.60,3.20
2009.03.16 07:58:17.918,0.8276,0.8278,2.60,2.60
2009.03.16 07:58:19.358,0.8276,0.8278,2.60,3.20
2009.03.16 07:58:19.818,0.82755,0.82775,2.60,3.20
2009.03.16 07:58:20.448,0.82755,0.82775,2.60,1.00
2009.03.16 07:58:21.377,0.82755,0.82775,7.40,1.00
2009.03.16 07:58:21.547,0.82765,0.82785,2.60,2.60
2009.03.16 07:58:21.827,0.8276,0.8278,2.60,1.20
2009.03.16 07:58:22.107,0.8275,0.8278,4.20,1.20
2009.03.16 07:58:22.447,0.8275,0.8278,4.20,4.40
2009.03.16 07:58:22.727,0.82755,0.8278,2.60,3.20
2009.03.16 07:58:24.106,0.8275,0.8278,2.60,3.20
2009.03.16 07:58:24.616,0.8275,0.82775,2.60,3.20
2009.03.16 07:58:28.176,0.82755,0.8277,2.60,2.60
2009.03.16 07:58:28.556,0.82755,0.82775,2.60,3.20
2009.03.16 07:58:28.946,0.8275,0.8277,2.60,1.20
2009.03.16 07:58:29.356,0.82745,0.82765,2.60,1.00
2009.03.16 07:58:29.645,0.8274,0.8276,2.60,1.00
2009.03.16 07:58:30.405,0.82745,0.82765,2.60,1.00
2009.03.16 07:58:30.695,0.8274,0.82755,1.00,1.00
2009.03.16 07:58:30.915,0.8274,0.82755,3.60,1.00
2009.03.16 07:58:31.085,0.82735,0.82755,2.60,1.00
2009.03.16 07:58:31.315,0.8274,0.8276,2.60,1.00
2009.03.16 07:58:31.535,0.8274,0.82765,2.60,3.20
2009.03.16 07:58:32.097,0.8274,0.82765,2.60,2.60
2009.03.16 07:58:33.564,0.82735,0.82765,2.60,3.20
2009.03.16 07:58:34.414,0.82735,0.8276,2.60,2.60
2009.03.16 07:58:34.884,0.82735,0.8276,2.60,3.20
2009.03.16 07:58:36.274,0.82735,0.82755,2.60,2.60
2009.03.16 07:58:39.583,0.8274,0.82755,2.60,2.60
2009.03.16 07:58:41.414,0.8274,0.8276,2.60,2.60
2009.03.16 07:58:42.372,0.82745,0.8277,2.60,3.20
2009.03.16 07:58:43.102,0.82745,0.8277,2.60,4.80
2009.03.16 07:58:43.162,0.8274,0.82765,2.60,1.00
2009.03.16 07:58:43.532,0.8274,0.82765,2.60,3.60
2009.03.16 07:58:43.762,0.8274,0.82765,2.60,1.00
2009.03.16 07:58:43.932,0.8274,0.82765,2.60,3.20
2009.03.16 07:58:45.831,0.8274,0.82765,2.60,2.60
2009.03.16 07:58:45.891,0.8274,0.8277,3.00,5.60
2009.03.16 07:58:45.952,0.8275,0.82775,2.60,3.40
2009.03.16 07:58:48.121,0.82745,0.82765,2.60,2.60
2009.03.16 07:58:48.930,0.82745,0.82775,2.60,5.20
2009.03.16 07:58:49.270,0.8274,0.8277,2.60,3.20
2009.03.16 07:58:50.710,0.82745,0.8277,1.00,1.00
2009.03.16 07:58:51.100,0.82735,0.82765,2.60,3.20
2009.03.16 07:58:53.699,0.82735,0.82765,3.00,1.00
2009.03.16 07:58:55.249,0.82735,0.82765,8.20,1.00
2009.03.16 07:58:55.419,0.8275,0.82765,1.00,1.00
2009.03.16 07:58:55.599,0.82735,0.82765,8.20,1.00
2009.03.16 07:58:55.709,0.82735,0.82765,3.00,1.00
2009.03.16 07:58:56.519,0.82735,0.82765,2.60,3.20
2009.03.16 07:58:56.919,0.82745,0.82765,2.60,3.20
2009.03.16 07:58:57.199,0.82745,0.82765,2.60,1.00
2009.03.16 07:59:01.128,0.82735,0.82765,4.20,1.00
2009.03.16 07:59:01.297,0.82735,0.82765,3.00,1.00
2009.03.16 07:59:02.287,0.82735,0.82765,3.00,3.20
2009.03.16 07:59:02.687,0.82745,0.82765,2.60,3.20
2009.03.16 07:59:02.797,0.8274,0.82765,1.00,1.00
2009.03.16 07:59:03.097,0.82735,0.82765,3.00,1.00
2009.03.16 07:59:03.597,0.82735,0.82765,3.00,3.20
2009.03.16 07:59:04.117,0.8274,0.82765,1.00,1.00
2009.03.16 07:59:04.387,0.82745,0.82765,2.60,1.00
2009.03.16 07:59:04.617,0.82745,0.82765,3.00,1.00
2009.03.16 07:59:05.107,0.82745,0.82765,2.60,1.00
2009.03.16 07:59:06.056,0.8275,0.8277,2.60,1.20
2009.03.16 07:59:07.946,0.8275,0.82775,2.60,3.20
2009.03.16 07:59:11.205,0.8275,0.82775,2.60,2.60
2009.03.16 07:59:11.485,0.8275,0.8277,2.60,1.00
2009.03.16 07:59:11.655,0.8275,0.8277,2.60,1.20
2009.03.16 07:59:12.165,0.8275,0.82775,2.60,2.60
2009.03.16 07:59:12.555,0.8275,0.82775,2.60,3.20
2009.03.16 07:59:20.123,0.8275,0.82775,2.60,2.60
2009.03.16 07:59:20.463,0.82745,0.82775,4.20,2.60
2009.03.16 07:59:20.813,0.82745,0.8277,2.60,2.60
2009.03.16 07:59:21.613,0.82745,0.82775,3.00,2.60
2009.03.16 07:59:21.903,0.82745,0.82765,2.60,2.60
2009.03.16 07:59:22.253,0.82745,0.82765,2.60,3.20
2009.03.16 07:59:22.473,0.82735,0.82765,3.00,3.20
2009.03.16 07:59:22.982,0.82735,0.8276,2.60,3.20
2009.03.16 07:59:23.332,0.8274,0.8276,2.60,2.60
2009.03.16 07:59:23.672,0.8274,0.8276,2.60,4.80
2009.03.16 07:59:23.952,0.8273,0.8274,2.60,2.60
2009.03.16 07:59:24.302,0.8273,0.8275,2.60,3.20
2009.03.16 07:59:25.002,0.8273,0.8275,2.60,1.20
2009.03.16 07:59:25.352,0.8273,0.8275,2.60,3.20
2009.03.16 07:59:25.632,0.8273,0.8275,2.60,2.60
2009.03.16 07:59:25.982,0.8273,0.82755,2.60,3.20
2009.03.16 07:59:26.501,0.8273,0.82755,2.60,1.00
2009.03.16 07:59:26.832,0.82735,0.8276,2.60,5.20
2009.03.16 07:59:29.001,0.8273,0.82755,2.60,1.60
2009.03.16 07:59:29.231,0.8273,0.82755,2.60,4.80
2009.03.16 07:59:29.471,0.82735,0.8276,2.60,5.20
2009.03.16 07:59:30.901,0.82735,0.8276,2.60,3.20
2009.03.16 07:59:34.429,0.82735,0.8276,2.60,2.60
2009.03.16 07:59:35.100,0.82735,0.82755,2.60,2.60
2009.03.16 07:59:35.329,0.82735,0.82765,2.60,3.20
2009.03.16 07:59:36.929,0.82735,0.8276,2.60,2.60
2009.03.16 07:59:38.819,0.82735,0.82755,2.60,2.60
2009.03.16 07:59:39.348,0.82735,0.82755,2.60,3.20
2009.03.16 07:59:39.638,0.82735,0.82755,2.60,1.00
2009.03.16 07:59:39.868,0.82735,0.8276,2.60,3.20
2009.03.16 07:59:50.026,0.8273,0.82755,2.60,1.00
2009.03.16 07:59:50.196,0.8273,0.82755,2.60,3.20
2009.03.16 07:59:51.865,0.8273,0.82755,2.60,1.00
2009.03.16 07:59:52.305,0.82735,0.8276,2.60,3.20
2009.03.16 07:59:53.845,0.8273,0.82755,3.00,1.00
2009.03.16 07:59:53.955,0.82735,0.82765,2.60,4.00
2009.03.16 07:59:54.225,0.82735,0.8276,3.00,1.00
2009.03.16 07:59:54.345,0.8274,0.8277,2.60,5.20
2009.03.16 07:59:58.054,0.82735,0.82745,3.60,1.00
2009.03.16 07:59:58.214,0.82735,0.82745,1.00,1.00
2009.03.16 07:59:58.434,0.8273,0.82745,2.60,1.00
2009.03.16 07:59:59.283,0.82725,0.82745,7.40,1.00
