2007.05.03 05:00:22.028,0.9905,0.9907,0.80,16.00
2007.05.03 05:00:37.181,0.9904,0.99065,16.00,12.00
2007.05.03 05:00:42.149,0.9904,0.99065,16.80,12.00
2007.05.03 05:00:42.793,0.9904,0.9906,12.80,4.00
2007.05.03 05:00:42.842,0.9904,0.9906,0.80,16.00
2007.05.03 05:00:48.437,0.99035,0.9906,12.80,16.00
2007.05.03 05:00:50.863,0.99035,0.9906,16.80,12.00
2007.05.03 05:00:50.967,0.9903,0.99065,24.00,12.00
2007.05.03 05:00:51.890,0.9904,0.9906,4.00,4.00
2007.05.03 05:00:52.006,0.9904,0.9906,0.80,16.00
2007.05.03 05:00:55.430,0.99035,0.9906,16.80,12.00
2007.05.03 05:00:55.539,0.9904,0.99065,0.70,12.00
2007.05.03 05:00:55.595,0.9903,0.99065,24.00,12.00
2007.05.03 05:00:56.122,0.9903,0.9906,24.00,4.00
2007.05.03 05:00:56.147,0.99035,0.9906,15.20,16.00
2007.05.03 05:00:56.508,0.99035,0.9906,12.80,16.00
2007.05.03 05:01:14.869,0.9904,0.9906,0.50,12.00
2007.05.03 05:01:14.888,0.9903,0.99065,21.60,12.00
2007.05.03 05:01:15.496,0.9903,0.9907,38.40,19.20
2007.05.03 05:01:17.815,0.9904,0.99065,17.60,0.60
2007.05.03 05:01:17.897,0.9904,0.9907,18.40,16.80
2007.05.03 05:01:18.022,0.9904,0.9907,19.20,16.80
2007.05.03 05:01:18.152,0.9904,0.9908,19.20,24.00
2007.05.03 05:01:18.931,0.9904,0.99065,18.40,0.70
2007.05.03 05:01:18.942,0.9904,0.99065,17.60,0.60
2007.05.03 05:01:18.967,0.9904,0.99065,16.80,0.60
2007.05.03 05:01:20.188,0.9904,0.9907,17.60,16.80
2007.05.03 05:01:20.200,0.9904,0.9907,18.40,16.80
2007.05.03 05:01:20.370,0.9904,0.99065,19.20,0.60
2007.05.03 05:01:20.407,0.9904,0.9908,19.20,24.00
2007.05.03 05:01:20.917,0.9904,0.9908,18.40,24.00
2007.05.03 05:01:20.955,0.9904,0.99065,17.60,0.50
2007.05.03 05:01:20.963,0.9904,0.99065,16.80,0.60
2007.05.03 05:01:21.983,0.9904,0.9907,17.60,16.80
2007.05.03 05:01:21.988,0.9904,0.9907,18.40,16.80
2007.05.03 05:01:22.710,0.9904,0.99065,17.60,0.50
2007.05.03 05:01:22.747,0.9904,0.99065,16.80,0.50
2007.05.03 05:01:30.640,0.9904,0.99065,16.80,12.80
2007.05.03 05:01:30.830,0.9904,0.99065,12.80,16.80
2007.05.03 05:01:30.893,0.9904,0.9907,0.80,19.20
2007.05.03 05:01:31.247,0.9904,0.9907,4.80,19.20
2007.05.03 05:01:31.352,0.9904,0.99065,16.80,12.80
2007.05.03 05:01:32.183,0.9904,0.9907,16.80,16.80
2007.05.03 05:02:12.281,0.9904,0.99065,4.80,12.00
2007.05.03 05:02:12.475,0.9904,0.99065,0.80,12.00
2007.05.03 05:02:14.340,0.9904,0.9906,0.80,12.00
2007.05.03 05:02:14.368,0.9904,0.9908,0.80,23.90
2007.05.03 05:02:14.671,0.9904,0.9906,0.80,16.00
2007.05.03 05:02:16.517,0.9904,0.9908,0.80,4.00
2007.05.03 05:02:16.622,0.9904,0.9908,0.80,3.20
2007.05.03 05:02:16.694,0.9904,0.9906,0.80,12.00
2007.05.03 05:02:16.732,0.99035,0.9906,12.80,12.00
2007.05.03 05:02:16.873,0.99035,0.99065,12.80,12.00
2007.05.03 05:02:17.916,0.9903,0.99065,24.00,12.00
2007.05.03 05:02:18.416,0.9903,0.9907,24.00,16.00
2007.05.03 05:02:18.459,0.9903,0.9907,24.00,16.00
2007.05.03 05:02:18.478,0.9903,0.9907,24.00,16.00
2007.05.03 05:02:19.397,0.9903,0.99065,24.00,12.00
2007.05.03 05:02:56.240,0.9904,0.9907,19.20,16.00
2007.05.03 05:03:12.732,0.9905,0.9907,0.80,16.00
2007.05.03 05:03:24.290,0.9905,0.9907,0.80,16.80
2007.05.03 05:03:24.426,0.9905,0.99065,0.80,12.00
2007.05.03 05:03:45.823,0.9905,0.9907,0.80,16.80
2007.05.03 05:03:46.285,0.9905,0.99065,0.80,12.00
2007.05.03 05:03:59.620,0.9904,0.99065,19.20,12.00
2007.05.03 05:03:59.738,0.9904,0.99065,16.80,12.00
2007.05.03 05:04:08.781,0.9904,0.9906,12.80,4.00
2007.05.03 05:04:08.929,0.9904,0.9906,0.80,16.00
2007.05.03 05:04:16.221,0.9904,0.9907,0.80,16.80
2007.05.03 05:04:17.041,0.9904,0.9906,0.80,16.00
2007.05.03 05:04:22.654,0.9903,0.99055,19.20,0.50
2007.05.03 05:04:22.894,0.99035,0.9906,12.00,0.70
2007.05.03 05:04:23.127,0.9903,0.99055,19.20,0.50
2007.05.03 05:04:28.330,0.9904,0.9906,0.80,16.80
2007.05.03 05:04:33.282,0.9904,0.9906,0.80,16.80
2007.05.03 05:04:33.453,0.9904,0.9905,0.80,0.70
2007.05.03 05:04:34.359,0.9903,0.9908,0.80,34.20
2007.05.03 05:04:35.924,0.9903,0.9906,4.80,35.10
2007.05.03 05:04:35.949,0.9903,0.9906,16.80,35.10
2007.05.03 05:04:39.366,0.9903,0.9905,0.80,0.60
2007.05.03 05:04:39.433,0.9903,0.9906,0.80,16.80
2007.05.03 05:04:40.138,0.9903,0.9906,12.80,16.00
2007.05.03 05:04:43.039,0.9903,0.9906,0.80,16.00
2007.05.03 05:04:44.712,0.9903,0.99055,12.80,0.90
2007.05.03 05:04:47.317,0.9903,0.9905,0.80,12.00
2007.05.03 05:04:52.604,0.9903,0.9905,0.80,16.00
2007.05.03 05:04:55.693,0.9904,0.9905,0.80,16.00
2007.05.03 05:04:55.838,0.9904,0.9905,0.80,12.00
2007.05.03 05:04:55.987,0.9904,0.9906,0.80,16.80
2007.05.03 05:04:56.204,0.9904,0.9905,0.80,12.00
2007.05.03 05:04:56.220,0.9904,0.9905,0.80,16.00
2007.05.03 05:05:01.688,0.9903,0.9905,3.20,16.00
2007.05.03 05:05:01.835,0.9903,0.9905,0.80,16.00
2007.05.03 05:05:14.278,0.9903,0.9905,0.80,16.80
2007.05.03 05:05:15.262,0.9903,0.9904,0.80,12.00
2007.05.03 05:05:16.322,0.9903,0.9905,0.80,16.00
2007.05.03 05:05:19.594,0.9903,0.9905,0.80,0.50
2007.05.03 05:05:24.211,0.99025,0.9905,12.00,0.70
2007.05.03 05:05:24.726,0.9902,0.9905,21.60,16.00
2007.05.03 05:05:24.990,0.9902,0.9905,20.80,16.00
2007.05.03 05:05:25.120,0.9902,0.9905,20.00,16.00
2007.05.03 05:05:25.537,0.9902,0.9905,17.60,16.00
2007.05.03 05:05:26.586,0.9902,0.99045,12.80,16.00
2007.05.03 05:05:26.627,0.9902,0.9905,0.80,16.80
2007.05.03 05:05:28.150,0.99015,0.9905,12.00,16.80
2007.05.03 05:05:29.355,0.99015,0.9904,12.00,0.90
2007.05.03 05:05:30.892,0.99015,0.9905,12.00,16.80
2007.05.03 05:05:32.908,0.99015,0.9905,12.00,16.80
2007.05.03 05:05:37.823,0.9902,0.9904,4.00,0.70
2007.05.03 05:05:37.965,0.9902,0.99045,16.00,0.80
2007.05.03 05:05:46.599,0.9902,0.9905,16.80,16.00
2007.05.03 05:05:54.494,0.9902,0.99045,12.80,12.00
2007.05.03 05:05:54.713,0.9902,0.99045,0.80,12.00
2007.05.03 05:05:57.106,0.9902,0.9904,0.80,12.00
2007.05.03 05:05:58.273,0.9902,0.99045,12.80,12.00
2007.05.03 05:05:59.155,0.9902,0.99045,16.80,12.00
2007.05.03 05:06:00.682,0.9902,0.99045,12.80,12.00
2007.05.03 05:06:00.837,0.9902,0.99045,0.80,12.00
2007.05.03 05:06:05.551,0.9902,0.99045,4.80,12.00
2007.05.03 05:06:05.606,0.9902,0.99045,16.80,12.00
2007.05.03 05:06:16.789,0.9903,0.99045,2.40,12.00
2007.05.03 05:06:16.826,0.9904,0.99045,0.80,12.00
2007.05.03 05:06:17.140,0.9904,0.9905,0.80,16.00
2007.05.03 05:06:17.938,0.9904,0.9905,0.80,0.60
2007.05.03 05:06:20.149,0.9904,0.9905,0.80,16.00
2007.05.03 05:06:23.716,0.9904,0.9905,0.80,0.50
2007.05.03 05:07:00.301,0.98987,0.99017,6.90,4.80
2007.05.03 05:07:00.817,0.98989,0.99019,15.20,12.00
2007.05.03 05:07:00.840,0.98994,0.99024,16.80,16.80
2007.05.03 05:07:00.844,0.98997,0.99027,16.80,16.80
2007.05.03 05:07:01.106,0.98998,0.99028,15.20,12.00
2007.05.03 05:07:20.466,0.98994,0.99034,2.90,19.20
2007.05.03 05:07:20.691,0.98995,0.9903,43.10,7.20
2007.05.03 05:07:24.199,0.98994,0.99034,45.50,4.80
2007.05.03 05:07:24.261,0.98994,0.99034,4.80,16.80
2007.05.03 05:07:24.662,0.99,0.9903,16.80,16.80
2007.05.03 05:07:24.886,0.99,0.9903,16.80,19.20
2007.05.03 05:07:25.067,0.98999,0.99029,16.80,19.20
2007.05.03 05:07:25.102,0.98995,0.99025,16.80,16.80
2007.05.03 05:07:25.124,0.98991,0.99021,45.50,4.80
2007.05.03 05:07:28.674,0.98992,0.99017,43.10,7.20
2007.05.03 05:07:36.151,0.98993,0.99018,45.50,4.80
2007.05.03 05:07:36.213,0.98998,0.99023,0.80,12.00
2007.05.03 05:07:36.234,0.98998,0.99028,19.20,16.80
2007.05.03 05:07:38.084,0.98999,0.99029,4.80,12.00
2007.05.03 05:07:38.395,0.98998,0.99028,3.10,16.80
2007.05.03 05:07:39.225,0.98998,0.99028,5.20,4.80
2007.05.03 05:07:39.807,0.98999,0.99029,4.80,19.20
2007.05.03 05:07:40.943,0.98997,0.99027,3.10,16.80
2007.05.03 05:07:41.689,0.98998,0.99028,15.20,12.00
2007.05.03 05:07:44.830,0.99,0.9903,0.80,12.00
2007.05.03 05:07:45.815,0.99004,0.99034,6.90,4.80
2007.05.03 05:07:56.217,0.99009,0.99039,4.80,19.20
2007.05.03 05:07:56.309,0.99011,0.99041,45.50,4.80
2007.05.03 05:08:00.743,0.9904,0.9905,0.80,4.00
2007.05.03 05:08:00.876,0.9904,0.99055,0.80,12.00
2007.05.03 05:08:01.832,0.9903,0.99055,16.80,12.00
2007.05.03 05:08:06.713,0.9904,0.99055,0.80,12.00
2007.05.03 05:08:07.661,0.9903,0.9905,16.80,0.80
2007.05.03 05:08:09.696,0.9903,0.99055,16.80,12.00
2007.05.03 05:08:09.814,0.9903,0.99055,12.80,12.00
2007.05.03 05:08:10.113,0.9903,0.99055,16.80,12.00
2007.05.03 05:08:12.706,0.9904,0.99055,0.80,12.00
2007.05.03 05:08:17.818,0.9903,0.99055,18.40,12.00
2007.05.03 05:08:17.874,0.9903,0.99055,19.20,12.00
2007.05.03 05:08:17.920,0.9903,0.99055,20.00,12.00
2007.05.03 05:08:20.191,0.99035,0.9906,12.00,0.80
2007.05.03 05:08:22.836,0.99035,0.9905,12.00,4.00
2007.05.03 05:08:22.919,0.9903,0.9905,3.20,16.00
2007.05.03 05:08:23.165,0.9903,0.9905,2.40,16.00
2007.05.03 05:08:23.189,0.9903,0.99045,2.40,12.00
2007.05.03 05:08:23.450,0.9902,0.99045,16.80,12.00
2007.05.03 05:08:23.864,0.9902,0.99045,12.00,12.00
2007.05.03 05:08:23.916,0.99015,0.9904,12.00,12.00
2007.05.03 05:08:27.997,0.9902,0.99045,12.00,12.00
2007.05.03 05:08:28.221,0.99015,0.9904,12.00,12.00
2007.05.03 05:08:32.306,0.99015,0.99045,12.00,12.00
2007.05.03 05:08:32.437,0.9902,0.99045,0.80,12.00
2007.05.03 05:08:32.819,0.9902,0.9905,12.80,16.80
2007.05.03 05:08:32.883,0.9902,0.9907,16.80,24.70
2007.05.03 05:08:33.241,0.9902,0.9904,16.80,0.80
2007.05.03 05:08:33.465,0.9902,0.9904,12.80,4.80
2007.05.03 05:08:33.548,0.9902,0.9904,0.80,16.80
2007.05.03 05:08:38.078,0.9902,0.9904,0.80,12.80
2007.05.03 05:08:38.173,0.9902,0.9904,12.80,0.80
2007.05.03 05:08:38.266,0.9902,0.99045,12.00,12.00
2007.05.03 05:08:38.561,0.9901,0.99045,21.60,12.00
2007.05.03 05:08:38.574,0.9901,0.99045,21.60,12.00
2007.05.03 05:08:38.632,0.9901,0.99045,21.60,12.00
2007.05.03 05:08:38.738,0.9902,0.99045,21.60,12.00
2007.05.03 05:08:38.856,0.9902,0.9906,21.60,4.00
2007.05.03 05:08:38.924,0.9902,0.99055,22.40,12.00
2007.05.03 05:08:39.339,0.9903,0.99055,4.40,12.00
2007.05.03 05:08:52.380,0.9903,0.9906,16.80,16.00
2007.05.03 05:08:56.430,0.9903,0.9906,16.80,35.10
2007.05.03 05:09:32.623,0.9903,0.99055,16.80,12.00
2007.05.03 05:09:37.616,0.99035,0.9906,12.00,35.10
2007.05.03 05:09:59.696,0.99035,0.9906,12.00,16.00
2007.05.03 05:09:59.887,0.9904,0.9906,4.00,12.00
2007.05.03 05:10:27.123,0.9904,0.99065,12.80,12.00
2007.05.03 05:11:05.605,0.9904,0.99065,12.00,12.00
2007.05.03 05:11:16.616,0.9904,0.99065,12.80,12.00
2007.05.03 05:11:22.702,0.9904,0.99065,12.00,12.00
2007.05.03 05:11:31.778,0.9904,0.9906,12.00,4.00
2007.05.03 05:11:31.921,0.99035,0.9906,12.00,16.00
2007.05.03 05:11:32.165,0.9904,0.9906,12.00,4.00
2007.05.03 05:11:32.329,0.9904,0.99065,12.00,12.00
2007.05.03 05:11:48.172,0.99035,0.99065,12.00,12.00
2007.05.03 05:12:13.713,0.99035,0.9906,12.00,0.80
2007.05.03 05:12:13.809,0.99035,0.9906,12.00,4.80
2007.05.03 05:12:13.821,0.99035,0.9906,12.00,16.80
2007.05.03 05:12:14.208,0.99035,0.9906,12.00,12.80
2007.05.03 05:12:14.289,0.9904,0.9906,12.00,0.80
2007.05.03 05:12:16.594,0.9904,0.99065,12.00,12.00
2007.05.03 05:12:29.691,0.9904,0.9906,12.00,0.80
2007.05.03 05:12:29.824,0.99035,0.9906,12.00,12.80
2007.05.03 05:12:29.847,0.99035,0.9906,12.00,16.80
2007.05.03 05:12:30.192,0.99035,0.9906,12.00,12.80
2007.05.03 05:12:30.307,0.9904,0.9906,12.00,0.80
2007.05.03 05:12:30.592,0.9904,0.99065,12.00,12.00
2007.05.03 05:12:31.102,0.99035,0.99065,12.00,12.00
2007.05.03 05:12:31.356,0.9904,0.99065,12.00,12.00
2007.05.03 05:12:32.673,0.9904,0.99065,12.80,12.00
2007.05.03 05:12:39.048,0.9904,0.99065,6.40,12.00
2007.05.03 05:13:55.807,0.9904,0.9906,12.80,4.00
2007.05.03 05:13:55.911,0.9904,0.9906,0.80,16.00
2007.05.03 05:14:14.236,0.9904,0.99055,0.80,12.00
2007.05.03 05:14:16.504,0.9904,0.9906,0.80,16.00
2007.05.03 05:14:22.322,0.9904,0.99055,0.80,12.00
2007.05.03 05:14:26.483,0.9904,0.9906,0.80,16.00
2007.05.03 05:14:32.181,0.99025,0.9906,12.00,16.00
2007.05.03 05:14:40.783,0.9903,0.9906,0.80,16.00
2007.05.03 05:14:45.634,0.99025,0.9906,12.80,28.00
2007.05.03 05:14:46.689,0.9902,0.9906,21.60,16.00
2007.05.03 05:14:59.696,0.9903,0.9905,4.40,0.80
2007.05.03 05:14:59.954,0.9902,0.9905,19.20,12.80
2007.05.03 05:15:06.756,0.9902,0.9905,19.20,16.80
2007.05.03 05:15:07.055,0.9902,0.9905,19.20,12.80
2007.05.03 05:15:14.694,0.9902,0.9905,31.20,12.80
2007.05.03 05:15:25.263,0.9902,0.9905,19.20,16.80
2007.05.03 05:15:36.812,0.9902,0.9905,19.20,16.00
2007.05.03 05:16:16.852,0.9903,0.9905,4.00,12.00
2007.05.03 05:16:16.912,0.9903,0.99055,16.00,12.00
2007.05.03 05:16:23.394,0.99035,0.9906,12.00,16.00
2007.05.03 05:16:34.145,0.99035,0.9906,12.00,16.80
2007.05.03 05:16:40.316,0.9903,0.9906,16.00,16.80
2007.05.03 05:16:56.101,0.9903,0.9906,16.00,16.00
2007.05.03 05:16:57.375,0.9902,0.99055,24.00,12.00
2007.05.03 05:16:58.140,0.9903,0.9906,16.80,16.00
2007.05.03 05:16:59.867,0.9901,0.9905,38.30,4.00
2007.05.03 05:16:59.908,0.99025,0.9905,2.80,16.00
2007.05.03 05:17:00.366,0.9903,0.9905,0.60,12.00
2007.05.03 05:17:00.393,0.99035,0.9906,1.90,16.00
2007.05.03 05:17:02.955,0.9903,0.99055,3.50,12.00
2007.05.03 05:17:05.812,0.9903,0.99055,3.20,12.00
2007.05.03 05:17:06.209,0.9903,0.99055,6.10,12.00
2007.05.03 05:17:07.586,0.9902,0.99055,21.60,12.00
2007.05.03 05:17:08.323,0.9903,0.9906,16.80,16.80
2007.05.03 05:17:12.060,0.9903,0.99055,16.80,12.00
2007.05.03 05:17:13.131,0.9903,0.99055,16.00,12.00
2007.05.03 05:17:19.095,0.9903,0.9906,16.00,16.00
2007.05.03 05:17:19.217,0.99035,0.9906,12.00,16.00
2007.05.03 05:17:22.497,0.99035,0.9906,12.00,0.60
2007.05.03 05:17:38.819,0.99035,0.9907,12.00,19.20
2007.05.03 05:17:38.822,0.99035,0.99065,12.00,0.70
2007.05.03 05:17:41.322,0.9904,0.9907,12.00,19.20
2007.05.03 05:17:41.430,0.9904,0.9907,16.00,19.20
2007.05.03 05:17:44.077,0.9904,0.99065,12.80,0.60
2007.05.03 05:17:44.160,0.9904,0.99065,12.80,12.80
2007.05.03 05:17:48.582,0.9903,0.99065,21.60,13.60
2007.05.03 05:17:54.208,0.9904,0.9906,4.30,0.80
2007.05.03 05:17:58.102,0.9903,0.9906,21.60,0.80
2007.05.03 05:18:04.670,0.9904,0.9906,0.80,0.80
2007.05.03 05:18:07.494,0.9904,0.9906,5.30,0.80
2007.05.03 05:18:33.387,0.9904,0.9906,12.80,4.80
2007.05.03 05:18:33.425,0.9904,0.9906,0.80,16.80
2007.05.03 05:18:36.248,0.9904,0.9906,0.80,12.80
2007.05.03 05:18:36.435,0.9904,0.9906,12.80,0.80
2007.05.03 05:18:37.122,0.9904,0.9906,16.80,0.80
2007.05.03 05:18:46.898,0.9904,0.9906,7.60,0.80
2007.05.03 05:18:57.305,0.9903,0.9906,24.00,0.80
2007.05.03 05:19:16.828,0.9904,0.9906,16.80,0.80
2007.05.03 05:19:23.731,0.9904,0.9906,12.80,0.80
2007.05.03 05:19:24.048,0.9904,0.9906,12.80,4.80
2007.05.03 05:19:24.245,0.9904,0.9906,0.80,16.80
2007.05.03 05:19:40.000,0.9904,0.99055,0.80,12.00
2007.05.03 05:19:42.496,0.9904,0.9906,0.80,16.80
2007.05.03 05:19:43.043,0.9904,0.99055,0.80,12.00
2007.05.03 05:19:44.304,0.9904,0.9906,0.80,16.80
2007.05.03 05:19:46.335,0.9904,0.9906,4.80,12.80
2007.05.03 05:19:46.370,0.9904,0.9906,16.80,0.80
2007.05.03 05:19:47.713,0.9904,0.9906,12.80,0.80
2007.05.03 05:19:49.086,0.9903,0.9906,21.60,0.80
2007.05.03 05:19:55.291,0.9904,0.9906,6.40,0.80
2007.05.03 05:19:56.205,0.9904,0.9906,2.50,0.80
2007.05.03 05:20:24.385,0.9904,0.9906,12.80,4.80
2007.05.03 05:20:24.446,0.9904,0.9906,0.80,16.80
2007.05.03 05:20:25.634,0.9904,0.9907,0.80,19.20
2007.05.03 05:21:05.873,0.9904,0.9906,0.80,4.80
2007.05.03 05:21:05.964,0.9904,0.9906,0.80,0.80
2007.05.03 05:21:06.333,0.9904,0.9906,12.80,0.80
2007.05.03 05:21:40.058,0.9904,0.9906,16.80,0.80
2007.05.03 05:21:40.598,0.9904,0.9906,19.20,0.80
2007.05.03 05:22:06.535,0.9904,0.9906,16.80,0.80
2007.05.03 05:22:07.556,0.99045,0.9906,12.00,0.80
2007.05.03 05:22:08.067,0.9904,0.9906,16.80,0.80
2007.05.03 05:22:11.914,0.9904,0.9906,4.80,12.80
2007.05.03 05:22:11.972,0.9904,0.9906,0.80,16.80
2007.05.03 05:22:12.141,0.9904,0.9906,12.80,4.80
2007.05.03 05:22:12.270,0.9904,0.9906,16.80,0.80
2007.05.03 05:22:18.757,0.99045,0.9906,12.00,0.80
2007.05.03 05:22:18.764,0.9905,0.9907,0.80,16.80
2007.05.03 05:22:22.073,0.9905,0.99065,0.80,12.00
2007.05.03 05:22:22.181,0.9905,0.9907,0.80,16.80
2007.05.03 05:22:29.908,0.9905,0.9908,0.80,24.00
2007.05.03 05:22:30.392,0.9905,0.9907,0.80,16.80
2007.05.03 05:22:36.617,0.9904,0.99065,18.40,0.70
2007.05.03 05:22:36.931,0.9906,0.9907,0.80,16.00
2007.05.03 05:22:37.040,0.9906,0.9907,0.80,0.60
2007.05.03 05:22:37.124,0.9905,0.9908,3.20,21.60
2007.05.03 05:22:37.267,0.9905,0.9907,0.80,0.70
2007.05.03 05:22:38.272,0.9905,0.9907,0.80,16.80
2007.05.03 05:22:39.336,0.9906,0.9907,0.80,16.00
2007.05.03 05:22:40.695,0.9906,0.9908,0.80,21.60
2007.05.03 05:22:40.865,0.9905,0.9908,3.20,20.80
2007.05.03 05:22:40.978,0.9905,0.9908,0.80,23.20
2007.05.03 05:22:47.966,0.9905,0.9908,0.80,24.80
2007.05.03 05:22:48.129,0.9905,0.9908,0.80,25.60
2007.05.03 05:22:48.372,0.9905,0.9908,0.80,24.80
2007.05.03 05:22:48.663,0.9905,0.9907,0.80,0.70
2007.05.03 05:22:49.235,0.99045,0.9908,12.00,21.60
2007.05.03 05:22:50.051,0.9904,0.9907,16.80,16.00
2007.05.03 05:22:50.234,0.9906,0.99065,0.80,0.50
2007.05.03 05:22:51.014,0.9906,0.9907,0.80,16.00
2007.05.03 05:22:55.082,0.9906,0.9907,0.80,12.00
2007.05.03 05:22:58.112,0.9905,0.9907,0.80,12.80
2007.05.03 05:22:58.341,0.9905,0.9907,0.80,16.80
2007.05.03 05:22:59.436,0.9905,0.9907,0.80,12.80
2007.05.03 05:23:25.643,0.99045,0.9907,12.00,12.80
2007.05.03 05:23:27.879,0.9904,0.9907,20.80,12.80
2007.05.03 05:23:27.927,0.9904,0.9907,20.00,16.80
2007.05.03 05:23:28.006,0.9904,0.9907,19.20,16.80
2007.05.03 05:23:28.197,0.9904,0.9907,18.40,16.80
2007.05.03 05:23:29.148,0.99045,0.9907,12.00,16.80
2007.05.03 05:23:29.169,0.9905,0.9907,0.80,16.80
2007.05.03 05:23:54.310,0.9905,0.9907,0.80,12.80
2007.05.03 05:23:58.041,0.9905,0.9907,4.80,12.80
2007.05.03 05:23:58.209,0.9905,0.9907,16.80,0.80
2007.05.03 05:23:58.223,0.9906,0.99075,0.80,12.00
2007.05.03 05:24:01.161,0.9906,0.9908,12.80,0.80
2007.05.03 05:24:01.228,0.9906,0.99085,12.80,12.00
2007.05.03 05:24:01.419,0.9906,0.99085,16.80,12.00
2007.05.03 05:24:02.356,0.9906,0.9908,12.80,4.00
2007.05.03 05:24:02.499,0.9906,0.9908,0.80,16.00
2007.05.03 05:24:02.652,0.9906,0.9908,0.80,16.00
2007.05.03 05:24:03.101,0.9906,0.9908,0.80,16.80
2007.05.03 05:24:06.212,0.99055,0.9908,16.80,12.80
2007.05.03 05:24:06.246,0.9906,0.9908,5.60,0.80
2007.05.03 05:24:06.706,0.9905,0.99085,19.20,12.00
2007.05.03 05:24:07.216,0.9906,0.9908,4.30,0.80
2007.05.03 05:24:07.761,0.9905,0.9908,21.60,4.80
2007.05.03 05:24:07.783,0.9906,0.9908,0.80,16.80
2007.05.03 05:24:19.702,0.9905,0.99075,3.20,12.00
2007.05.03 05:24:23.778,0.9906,0.9908,0.80,18.40
2007.05.03 05:24:23.875,0.9906,0.9908,0.80,17.60
2007.05.03 05:24:24.039,0.99055,0.9908,12.80,16.80
2007.05.03 05:24:26.082,0.9905,0.99075,19.20,12.00
2007.05.03 05:24:26.189,0.9904,0.9907,24.00,0.80
2007.05.03 05:24:26.296,0.9905,0.9907,5.90,0.80
2007.05.03 05:24:27.244,0.9904,0.99075,24.00,12.00
2007.05.03 05:24:36.735,0.9906,0.9908,4.00,12.80
2007.05.03 05:24:36.812,0.99055,0.9908,12.00,16.80
2007.05.03 05:24:44.129,0.99055,0.9908,12.00,12.80
2007.05.03 05:24:44.130,0.99055,0.9908,12.00,0.80
2007.05.03 05:24:44.509,0.9906,0.9908,4.00,0.80
2007.05.03 05:24:44.656,0.9906,0.9908,16.00,0.80
2007.05.03 05:24:47.859,0.9906,0.9908,12.00,4.80
2007.05.03 05:24:47.872,0.9906,0.99085,12.00,16.80
2007.05.03 05:24:47.976,0.99055,0.9908,12.00,0.80
2007.05.03 05:24:49.963,0.9905,0.9909,19.20,21.60
2007.05.03 05:24:50.176,0.99055,0.9908,12.00,0.70
2007.05.03 05:24:52.032,0.9905,0.99075,16.80,0.50
2007.05.03 05:24:55.041,0.9906,0.9908,4.00,14.40
2007.05.03 05:24:55.082,0.9906,0.9908,16.00,0.90
2007.05.03 05:24:55.456,0.9906,0.991,16.00,47.90
2007.05.03 05:24:57.631,0.9907,0.991,0.80,43.10
2007.05.03 05:24:57.876,0.9907,0.99085,0.80,0.50
2007.05.03 05:25:00.615,0.9906,0.99085,16.80,0.50
2007.05.03 05:25:02.691,0.9906,0.99085,16.00,12.80
2007.05.03 05:25:03.203,0.9906,0.9909,16.00,21.60
2007.05.03 05:25:04.666,0.9906,0.9908,16.00,0.80
2007.05.03 05:25:04.771,0.9906,0.9908,12.00,0.80
2007.05.03 05:25:04.987,0.9905,0.9908,16.80,16.80
2007.05.03 05:25:05.197,0.9906,0.99085,12.00,16.80
2007.05.03 05:25:05.282,0.9906,0.9908,16.00,0.80
2007.05.03 05:25:08.916,0.9906,0.9908,0.50,0.80
2007.05.03 05:25:09.382,0.9905,0.99085,19.20,12.80
2007.05.03 05:25:26.710,0.9906,0.9909,16.80,21.60
2007.05.03 05:25:26.782,0.9906,0.9909,19.20,19.20
2007.05.03 05:25:27.194,0.9906,0.9908,19.20,0.80
2007.05.03 05:25:27.337,0.9906,0.9908,4.90,0.80
2007.05.03 05:25:36.691,0.9906,0.9909,16.80,21.60
2007.05.03 05:25:36.798,0.9906,0.9909,19.20,19.20
2007.05.03 05:25:38.550,0.9907,0.99085,0.80,12.00
2007.05.03 05:25:38.707,0.9906,0.9908,16.80,0.80
2007.05.03 05:25:38.971,0.9906,0.9908,17.60,0.80
2007.05.03 05:25:39.077,0.9907,0.9908,4.00,0.80
2007.05.03 05:25:39.206,0.9907,0.99085,4.80,12.00
2007.05.03 05:25:39.385,0.9907,0.9909,16.80,3.20
2007.05.03 05:25:39.519,0.9907,0.9909,16.80,0.80
2007.05.03 05:25:40.524,0.9907,0.9909,12.80,0.80
2007.05.03 05:25:40.551,0.9907,0.9909,0.80,0.80
2007.05.03 05:25:41.237,0.9907,0.9909,0.80,4.80
2007.05.03 05:25:41.413,0.9907,0.99085,0.80,12.00
2007.05.03 05:25:45.168,0.9906,0.99085,16.80,12.00
2007.05.03 05:25:48.160,0.9906,0.9908,16.80,0.80
2007.05.03 05:26:03.189,0.9906,0.99085,16.80,12.00
2007.05.03 05:26:14.904,0.99065,0.9909,12.00,0.80
2007.05.03 05:26:15.603,0.99065,0.9909,12.00,12.80
2007.05.03 05:26:15.697,0.99065,0.9909,12.00,16.80
2007.05.03 05:26:17.223,0.9906,0.99085,16.00,12.00
2007.05.03 05:26:21.787,0.9906,0.99085,16.80,12.00
2007.05.03 05:26:30.882,0.9906,0.9908,4.80,12.00
2007.05.03 05:26:30.967,0.9906,0.9908,0.80,12.00
2007.05.03 05:26:36.355,0.9906,0.9907,0.80,4.00
2007.05.03 05:26:36.518,0.9906,0.9909,0.80,23.90
2007.05.03 05:26:37.003,0.9906,0.9907,0.80,16.00
2007.05.03 05:26:38.344,0.9905,0.9907,3.20,16.00
2007.05.03 05:26:40.864,0.99055,0.9907,12.80,4.00
2007.05.03 05:26:40.883,0.9906,0.9908,0.80,16.80
2007.05.03 05:26:41.434,0.99055,0.9908,12.80,12.80
2007.05.03 05:26:41.591,0.9906,0.9908,0.80,12.00
2007.05.03 05:26:41.826,0.99055,0.99085,12.80,12.00
2007.05.03 05:26:47.684,0.99055,0.9908,12.80,0.80
2007.05.03 05:26:47.920,0.99055,0.9908,12.80,4.80
2007.05.03 05:26:47.942,0.99055,0.9908,12.80,16.80
2007.05.03 05:26:48.212,0.9906,0.9908,0.80,12.80
2007.05.03 05:26:48.667,0.99055,0.9908,12.80,0.80
2007.05.03 05:26:53.897,0.9906,0.9908,0.70,0.80
2007.05.03 05:26:54.051,0.9905,0.9908,21.60,0.80
2007.05.03 05:26:54.172,0.9905,0.9908,21.60,0.80
2007.05.03 05:26:54.255,0.99055,0.9908,12.80,0.80
2007.05.03 05:26:54.771,0.9906,0.9908,0.80,12.80
2007.05.03 05:26:54.801,0.9906,0.9908,0.80,16.80
2007.05.03 05:26:58.304,0.9905,0.9908,19.20,12.80
2007.05.03 05:26:59.093,0.9906,0.9908,0.80,0.80
2007.05.03 05:27:01.371,0.99055,0.9908,12.80,12.80
2007.05.03 05:27:02.878,0.99055,0.9908,12.80,0.80
2007.05.03 05:27:21.694,0.9906,0.9908,12.80,0.80
2007.05.03 05:27:21.830,0.9906,0.9908,16.80,0.80
2007.05.03 05:27:22.428,0.9905,0.9908,21.60,0.80
2007.05.03 05:27:23.659,0.9905,0.9908,21.60,0.80
2007.05.03 05:27:23.755,0.9907,0.99085,0.80,12.00
2007.05.03 05:27:24.482,0.99065,0.9909,12.80,16.80
2007.05.03 05:27:25.205,0.9907,0.9909,0.80,16.00
2007.05.03 05:27:25.709,0.9907,0.9909,0.80,16.80
2007.05.03 05:27:40.643,0.9906,0.9908,16.80,0.80
2007.05.03 05:27:40.797,0.9905,0.9908,21.60,0.80
2007.05.03 05:27:41.162,0.9906,0.99085,19.20,12.00
2007.05.03 05:27:41.757,0.9906,0.9909,19.20,16.80
2007.05.03 05:27:43.839,0.9907,0.9909,0.80,16.00
2007.05.03 05:27:44.316,0.9906,0.9908,7.20,12.00
2007.05.03 05:27:44.362,0.9907,0.991,0.80,29.50
2007.05.03 05:27:44.446,0.9906,0.991,3.20,27.10
2007.05.03 05:27:44.847,0.9907,0.9908,0.80,6.40
2007.05.03 05:27:44.860,0.9906,0.9908,19.20,2.40
2007.05.03 05:27:45.588,0.9907,0.99085,0.80,12.00
2007.05.03 05:27:50.464,0.9907,0.9909,0.80,19.20
2007.05.03 05:27:50.555,0.9907,0.9909,0.80,15.20
2007.05.03 05:27:50.592,0.9907,0.9909,0.80,12.80
2007.05.03 05:27:51.155,0.9907,0.9909,0.80,12.00
2007.05.03 05:27:51.891,0.9907,0.9909,0.80,16.00
2007.05.03 05:28:01.375,0.9907,0.9909,0.80,16.80
2007.05.03 05:28:01.393,0.9907,0.99085,0.80,12.00
2007.05.03 05:28:10.049,0.9907,0.991,0.80,24.00
2007.05.03 05:28:10.866,0.9907,0.991,0.80,21.60
2007.05.03 05:28:16.400,0.9907,0.9909,12.80,0.80
2007.05.03 05:29:00.072,0.9907,0.9909,12.80,0.80
2007.05.03 05:29:02.805,0.9907,0.9909,16.80,0.80
2007.05.03 05:29:16.046,0.9907,0.9909,12.80,0.80
2007.05.03 05:29:23.449,0.9907,0.9909,16.80,0.80
2007.05.03 05:29:31.225,0.9907,0.99095,16.80,12.00
2007.05.03 05:29:32.879,0.9907,0.9909,4.80,12.00
2007.05.03 05:29:32.988,0.9907,0.9909,0.80,16.00
2007.05.03 05:29:33.267,0.9907,0.991,0.80,18.40
2007.05.03 05:29:33.684,0.9906,0.991,21.60,19.20
2007.05.03 05:29:36.145,0.9906,0.99085,20.80,0.80
2007.05.03 05:29:36.326,0.9906,0.99085,20.00,0.80
2007.05.03 05:29:36.527,0.9906,0.99085,17.60,0.90
2007.05.03 05:29:39.318,0.9907,0.9909,0.80,16.00
2007.05.03 05:29:39.502,0.9907,0.991,0.80,40.70
2007.05.03 05:29:39.708,0.9907,0.9909,0.80,18.40
2007.05.03 05:29:49.311,0.9907,0.9908,0.80,0.60
2007.05.03 05:29:49.385,0.9907,0.9909,0.80,19.20
2007.05.03 05:29:50.981,0.9907,0.9908,0.80,0.60
2007.05.03 05:29:54.174,0.9907,0.9909,0.80,19.20
2007.05.03 05:29:56.215,0.9907,0.9909,0.80,19.20
2007.05.03 05:29:57.750,0.9907,0.9909,0.80,19.20
2007.05.03 05:30:02.845,0.9907,0.9909,0.80,16.80
2007.05.03 05:30:11.476,0.9907,0.9909,0.80,19.20
2007.05.03 05:30:17.777,0.9907,0.9909,0.80,15.20
2007.05.03 05:30:27.460,0.9907,0.9909,12.80,3.20
2007.05.03 05:30:29.076,0.9907,0.9909,0.80,15.20
2007.05.03 05:30:31.539,0.9907,0.9909,0.80,12.80
2007.05.03 05:30:32.082,0.9907,0.9909,12.80,0.80
2007.05.03 05:30:33.500,0.9906,0.9909,19.20,0.80
2007.05.03 05:30:39.953,0.9906,0.9909,21.60,4.80
2007.05.03 05:30:39.959,0.9907,0.99085,0.80,12.00
2007.05.03 05:30:44.034,0.9906,0.99085,21.60,12.00
2007.05.03 05:30:57.012,0.9907,0.9909,0.80,18.40
2007.05.03 05:30:57.223,0.9906,0.99085,19.20,12.00
2007.05.03 05:31:03.559,0.9907,0.9909,0.80,18.40
2007.05.03 05:31:06.128,0.9907,0.991,0.80,21.60
2007.05.03 05:31:08.659,0.9907,0.991,0.80,20.00
2007.05.03 05:31:14.816,0.9907,0.991,0.80,21.60
2007.05.03 05:31:20.592,0.99065,0.991,12.80,38.40
2007.05.03 05:31:22.429,0.99065,0.991,12.80,19.20
2007.05.03 05:31:47.222,0.9907,0.9909,3.20,16.00
2007.05.03 05:32:12.226,0.9907,0.9909,0.80,16.80
2007.05.03 05:32:21.835,0.9907,0.991,0.80,19.20
2007.05.03 05:32:53.878,0.9907,0.9909,12.80,4.80
2007.05.03 05:32:53.969,0.9907,0.9909,12.80,0.80
2007.05.03 05:32:54.054,0.9907,0.9909,16.80,0.80
2007.05.03 05:32:54.327,0.9908,0.99095,0.80,12.00
2007.05.03 05:32:56.895,0.9908,0.991,0.80,19.20
2007.05.03 05:32:57.454,0.9908,0.991,0.80,16.80
2007.05.03 05:32:59.950,0.9908,0.99095,0.80,12.00
2007.05.03 05:33:00.174,0.9908,0.991,0.80,16.80
2007.05.03 05:33:06.045,0.9908,0.99095,0.80,12.00
2007.05.03 05:33:06.319,0.9907,0.99095,16.80,12.00
2007.05.03 05:33:13.956,0.99075,0.991,12.00,16.00
2007.05.03 05:33:19.531,0.9907,0.99095,16.80,12.00
2007.05.03 05:33:24.254,0.9907,0.99095,12.80,12.00
2007.05.03 05:33:24.347,0.9907,0.9909,0.80,12.00
2007.05.03 05:33:29.095,0.9907,0.9909,0.80,12.00
2007.05.03 05:33:30.644,0.99065,0.9909,3.40,12.00
2007.05.03 05:33:30.960,0.9907,0.99095,12.80,12.00
2007.05.03 05:33:39.118,0.99075,0.991,12.80,16.80
2007.05.03 05:33:40.375,0.99075,0.991,16.80,12.80
2007.05.03 05:33:40.382,0.9907,0.991,20.00,0.80
2007.05.03 05:33:40.908,0.9908,0.991,1.00,12.80
2007.05.03 05:33:40.925,0.99075,0.991,12.80,16.80
2007.05.03 05:33:41.206,0.99075,0.991,12.80,16.00
2007.05.03 05:33:41.373,0.9907,0.991,19.20,4.00
2007.05.03 05:33:41.395,0.9908,0.99105,2.00,12.00
2007.05.03 05:33:44.184,0.9907,0.991,19.20,0.80
2007.05.03 05:33:44.373,0.9908,0.991,1.00,0.80
2007.05.03 05:33:45.028,0.9908,0.991,1.40,0.80
2007.05.03 05:33:46.005,0.99075,0.991,16.80,12.80
2007.05.03 05:33:46.148,0.99075,0.991,12.80,16.80
2007.05.03 05:33:51.145,0.99075,0.9911,13.60,24.00
2007.05.03 05:34:02.332,0.9909,0.991,0.80,0.50
2007.05.03 05:34:05.321,0.9909,0.991,0.80,0.90
2007.05.03 05:34:05.350,0.9909,0.9911,0.80,21.60
2007.05.03 05:34:32.757,0.9908,0.991,16.80,0.80
2007.05.03 05:34:34.985,0.9908,0.991,12.80,0.80
2007.05.03 05:34:35.006,0.9908,0.991,0.80,0.80
2007.05.03 05:34:36.355,0.9908,0.99105,0.80,12.80
2007.05.03 05:34:38.826,0.9908,0.99105,12.80,12.80
2007.05.03 05:34:38.835,0.9908,0.9911,12.00,18.40
2007.05.03 05:34:39.684,0.9909,0.99105,0.80,0.50
2007.05.03 05:34:39.839,0.9909,0.9912,0.80,21.60
2007.05.03 05:34:41.304,0.9909,0.9912,0.80,24.00
2007.05.03 05:34:52.215,0.9908,0.9912,16.00,24.00
2007.05.03 05:34:52.355,0.9908,0.9911,4.00,19.20
2007.05.03 05:34:52.623,0.99075,0.99105,12.00,0.70
2007.05.03 05:34:54.336,0.99075,0.9911,12.00,19.20
2007.05.03 05:34:54.402,0.99075,0.9911,12.00,19.20
2007.05.03 05:34:55.711,0.9908,0.991,0.80,0.70
2007.05.03 05:35:31.772,0.9909,0.991,0.80,16.00
2007.05.03 05:35:31.850,0.9909,0.991,0.80,12.00
2007.05.03 05:35:31.938,0.9909,0.99105,0.80,12.00
2007.05.03 05:35:35.220,0.9909,0.9911,0.80,19.20
2007.05.03 05:35:38.136,0.9909,0.99105,0.80,12.00
2007.05.03 05:35:41.598,0.9908,0.99105,19.20,12.00
2007.05.03 05:35:48.498,0.9908,0.9911,19.20,19.20
2007.05.03 05:35:49.720,0.9908,0.99105,19.20,12.00
2007.05.03 05:35:52.566,0.9909,0.9911,0.80,19.20
2007.05.03 05:36:00.867,0.9909,0.9911,0.80,0.60
2007.05.03 05:36:07.808,0.9908,0.9911,19.20,19.20
2007.05.03 05:36:23.511,0.9909,0.9911,0.80,19.20
2007.05.03 05:36:23.607,0.9909,0.9911,0.80,19.20
2007.05.03 05:36:24.035,0.9909,0.991,0.80,0.50
2007.05.03 05:36:25.542,0.9909,0.991,0.80,0.60
2007.05.03 05:36:25.551,0.9908,0.9911,3.20,19.20
2007.05.03 05:37:06.024,0.9909,0.991,0.80,4.00
2007.05.03 05:37:06.245,0.9909,0.991,0.80,16.00
2007.05.03 05:37:23.686,0.9908,0.9912,3.20,4.80
2007.05.03 05:37:23.789,0.9908,0.991,0.80,16.80
2007.05.03 05:37:24.405,0.9908,0.991,0.80,0.70
2007.05.03 05:37:29.182,0.9908,0.99095,0.80,0.90
2007.05.03 05:37:31.955,0.9908,0.991,0.80,0.90
2007.05.03 05:37:45.156,0.99075,0.991,12.00,0.90
2007.05.03 05:38:25.055,0.9907,0.99095,16.80,12.00
2007.05.03 05:38:26.071,0.99075,0.991,12.00,16.80
2007.05.03 05:38:59.075,0.9907,0.99095,16.80,12.00
2007.05.03 05:39:08.073,0.9907,0.991,16.80,16.80
2007.05.03 05:39:08.969,0.99075,0.991,12.00,16.80
2007.05.03 05:39:10.294,0.9907,0.991,16.80,16.80
2007.05.03 05:39:11.052,0.99075,0.991,12.00,16.80
2007.05.03 05:39:12.169,0.9908,0.991,0.80,16.80
2007.05.03 05:39:14.170,0.99075,0.991,12.00,16.80
2007.05.03 05:39:15.703,0.99075,0.9909,12.00,0.80
2007.05.03 05:39:15.847,0.9907,0.9909,16.80,0.80
2007.05.03 05:39:16.236,0.9907,0.99095,16.80,12.00
2007.05.03 05:39:16.875,0.99075,0.991,12.00,16.80
2007.05.03 05:39:19.373,0.9907,0.991,16.80,16.80
2007.05.03 05:39:23.679,0.9908,0.991,0.80,16.80
2007.05.03 05:39:29.897,0.9908,0.991,0.80,16.80
2007.05.03 05:39:43.399,0.99075,0.991,12.80,4.80
2007.05.03 05:39:43.491,0.9908,0.991,0.80,0.80
2007.05.03 05:39:43.500,0.9907,0.991,19.20,0.80
2007.05.03 05:39:43.808,0.99085,0.991,0.50,0.80
2007.05.03 05:39:44.072,0.9908,0.991,2.80,0.80
2007.05.03 05:39:47.935,0.9908,0.991,0.90,0.80
2007.05.03 05:39:50.009,0.99085,0.991,0.80,0.80
2007.05.03 05:39:55.148,0.9909,0.9911,0.80,0.80
2007.05.03 05:39:57.769,0.9909,0.9911,0.80,0.80
2007.05.03 05:39:57.844,0.99085,0.9912,12.80,24.00
2007.05.03 05:39:58.534,0.9909,0.9911,0.80,0.60
2007.05.03 05:40:01.149,0.9909,0.9911,0.80,0.80
2007.05.03 05:40:01.330,0.9909,0.99105,0.80,0.80
2007.05.03 05:40:01.348,0.9908,0.991,18.40,0.80
2007.05.03 05:40:02.359,0.9908,0.99105,13.60,16.80
2007.05.03 05:40:02.377,0.9908,0.991,1.60,16.80
2007.05.03 05:40:02.411,0.9908,0.991,0.80,16.80
2007.05.03 05:40:02.645,0.9907,0.991,19.20,16.80
2007.05.03 05:40:02.920,0.9907,0.991,7.20,16.80
2007.05.03 05:40:02.991,0.9907,0.991,3.20,16.80
2007.05.03 05:40:03.101,0.9908,0.991,4.00,12.80
2007.05.03 05:40:03.193,0.9908,0.99105,16.00,12.80
2007.05.03 05:40:03.380,0.9908,0.9911,16.80,21.60
2007.05.03 05:40:22.211,0.9908,0.99105,17.60,12.80
2007.05.03 05:40:22.296,0.9908,0.99105,18.40,12.80
2007.05.03 05:40:22.400,0.9908,0.991,19.20,0.80
2007.05.03 05:40:22.502,0.99085,0.9911,12.00,19.20
2007.05.03 05:40:34.433,0.9909,0.9911,12.00,3.20
2007.05.03 05:40:34.458,0.9909,0.9911,16.00,3.20
2007.05.03 05:40:34.940,0.9909,0.9911,16.80,3.20
2007.05.03 05:40:35.071,0.9909,0.991,17.60,0.80
2007.05.03 05:40:35.104,0.9909,0.9911,18.40,3.20
2007.05.03 05:40:35.187,0.99095,0.9911,12.00,3.20
2007.05.03 05:40:35.237,0.99095,0.9912,12.00,19.20
2007.05.03 05:40:36.280,0.9909,0.99115,18.40,12.80
2007.05.03 05:40:36.507,0.9909,0.9911,16.00,0.80
2007.05.03 05:40:36.907,0.9909,0.9911,16.80,0.80
2007.05.03 05:40:36.945,0.9909,0.99115,17.60,12.80
2007.05.03 05:40:37.034,0.99095,0.9912,12.00,19.20
2007.05.03 05:40:38.477,0.9909,0.99115,4.00,12.80
2007.05.03 05:40:38.609,0.99085,0.99115,12.00,12.80
2007.05.03 05:40:38.922,0.99085,0.99115,12.00,16.80
2007.05.03 05:40:39.031,0.99085,0.9911,12.00,0.50
2007.05.03 05:40:41.593,0.99085,0.991,12.00,0.80
2007.05.03 05:40:41.848,0.9908,0.991,18.40,0.80
2007.05.03 05:40:45.166,0.9908,0.991,16.80,0.80
2007.05.03 05:40:45.859,0.9907,0.991,19.20,0.80
2007.05.03 05:40:47.825,0.9907,0.991,22.40,0.80
2007.05.03 05:40:47.898,0.99085,0.991,3.70,0.80
2007.05.03 05:40:54.877,0.9907,0.991,24.00,0.80
2007.05.03 05:40:54.879,0.9907,0.991,21.60,0.80
2007.05.03 05:40:59.827,0.9908,0.991,16.80,0.80
2007.05.03 05:41:00.335,0.9907,0.991,21.60,0.80
2007.05.03 05:41:03.398,0.9908,0.991,18.40,0.80
2007.05.03 05:41:03.790,0.9909,0.991,1.70,0.80
2007.05.03 05:41:03.937,0.9908,0.991,20.80,0.80
2007.05.03 05:41:04.086,0.9908,0.991,20.80,0.80
2007.05.03 05:41:04.138,0.9908,0.991,20.80,0.80
2007.05.03 05:41:04.986,0.9909,0.991,1.00,0.80
2007.05.03 05:41:06.415,0.9908,0.991,20.80,0.80
2007.05.03 05:41:08.769,0.99085,0.9909,1.40,0.80
2007.05.03 05:41:09.502,0.99075,0.9909,19.20,0.80
2007.05.03 05:41:09.529,0.99075,0.9909,16.80,0.80
2007.05.03 05:41:09.595,0.9907,0.9909,18.40,0.80
2007.05.03 05:41:11.238,0.99075,0.991,3.40,16.80
2007.05.03 05:41:11.321,0.99075,0.991,16.00,12.80
2007.05.03 05:41:11.340,0.9907,0.991,19.20,0.80
2007.05.03 05:41:14.732,0.9908,0.99105,16.00,12.00
2007.05.03 05:41:14.855,0.9908,0.9909,4.00,0.80
2007.05.03 05:41:14.899,0.99075,0.9909,12.00,0.80
2007.05.03 05:41:30.913,0.9907,0.9909,19.20,0.80
2007.05.03 05:41:31.471,0.9907,0.9909,16.80,0.80
2007.05.03 05:41:35.873,0.9907,0.9909,12.80,0.80
2007.05.03 05:41:36.027,0.9907,0.9909,0.80,12.80
2007.05.03 05:41:36.206,0.9907,0.9909,0.80,0.80
2007.05.03 05:41:45.782,0.9907,0.9909,4.80,0.80
2007.05.03 05:41:45.855,0.9907,0.9909,16.80,0.80
2007.05.03 05:41:47.743,0.9907,0.99095,16.80,12.80
2007.05.03 05:41:47.840,0.9907,0.99095,17.60,12.80
2007.05.03 05:41:47.900,0.99075,0.991,12.00,19.20
2007.05.03 05:41:54.673,0.99075,0.9911,12.00,21.60
2007.05.03 05:41:57.158,0.99075,0.9909,12.00,0.80
2007.05.03 05:42:07.211,0.99075,0.9909,12.00,0.80
2007.05.03 05:42:09.746,0.9907,0.99095,17.60,12.80
2007.05.03 05:42:09.769,0.9907,0.99095,16.80,12.80
2007.05.03 05:42:11.917,0.9907,0.9909,12.80,0.60
2007.05.03 05:42:12.005,0.9907,0.991,0.80,19.20
2007.05.03 05:42:15.763,0.9908,0.9909,0.80,0.50
2007.05.03 05:42:16.408,0.9908,0.99095,0.80,16.00
2007.05.03 05:42:16.457,0.9908,0.99095,0.80,0.70
2007.05.03 05:42:17.153,0.9908,0.9911,0.80,21.60
2007.05.03 05:42:21.735,0.9908,0.99095,0.80,0.90
2007.05.03 05:42:23.275,0.9907,0.991,0.80,16.80
2007.05.03 05:42:26.306,0.9907,0.99095,0.80,16.00
2007.05.03 05:42:26.326,0.9907,0.991,0.80,16.80
2007.05.03 05:42:28.881,0.9907,0.991,0.80,16.80
2007.05.03 05:42:28.940,0.9907,0.991,0.80,16.80
2007.05.03 05:42:30.002,0.9907,0.99095,0.80,16.00
2007.05.03 05:42:30.007,0.9907,0.99085,0.80,0.60
2007.05.03 05:42:33.747,0.9906,0.9908,18.40,0.80
2007.05.03 05:42:33.903,0.9906,0.9908,16.00,0.80
2007.05.03 05:42:34.218,0.9906,0.99085,16.00,0.90
2007.05.03 05:42:36.004,0.9906,0.99085,12.00,12.00
2007.05.03 05:42:36.091,0.99055,0.99085,12.00,12.00
2007.05.03 05:42:38.552,0.99055,0.9908,12.00,4.00
2007.05.03 05:42:38.593,0.99055,0.991,12.00,24.70
2007.05.03 05:42:38.852,0.9906,0.9908,0.80,16.80
2007.05.03 05:42:40.847,0.9906,0.9908,0.80,4.80
2007.05.03 05:42:40.963,0.9906,0.99085,0.80,12.00
2007.05.03 05:42:44.035,0.9906,0.9908,0.80,12.00
2007.05.03 05:42:45.500,0.9906,0.9908,0.80,16.00
2007.05.03 05:42:50.129,0.99055,0.9908,12.80,16.00
2007.05.03 05:43:01.096,0.9906,0.9907,0.80,4.00
2007.05.03 05:43:01.231,0.9905,0.9909,3.20,3.20
2007.05.03 05:43:07.591,0.9906,0.9907,0.80,12.00
2007.05.03 05:43:07.985,0.9905,0.9908,21.60,16.00
2007.05.03 05:43:11.026,0.9906,0.9908,0.80,16.00
2007.05.03 05:43:13.175,0.99055,0.9909,12.80,16.80
2007.05.03 05:43:16.551,0.99055,0.9909,15.20,16.80
2007.05.03 05:43:17.550,0.99055,0.9909,12.80,16.80
2007.05.03 05:43:19.694,0.9906,0.9909,0.80,16.80
2007.05.03 05:43:22.698,0.99055,0.9909,12.00,16.00
2007.05.03 05:43:23.683,0.9906,0.9909,12.00,16.00
2007.05.03 05:43:23.695,0.9903,0.99085,23.90,0.60
2007.05.03 05:43:24.008,0.9906,0.9908,12.00,0.50
2007.05.03 05:43:24.138,0.99055,0.9911,12.00,23.80
2007.05.03 05:43:24.656,0.9905,0.9908,4.00,16.00
2007.05.03 05:43:24.747,0.99045,0.991,12.00,19.90
2007.05.03 05:43:25.393,0.9905,0.9908,4.00,16.00
2007.05.03 05:43:25.446,0.9905,0.9908,16.00,16.00
2007.05.03 05:43:26.406,0.9905,0.9908,12.00,16.00
2007.05.03 05:43:26.440,0.99045,0.9908,12.00,16.00
2007.05.03 05:43:26.989,0.9906,0.9908,0.80,16.00
2007.05.03 05:43:27.001,0.9906,0.9909,0.80,16.80
2007.05.03 05:43:27.798,0.9906,0.99075,0.80,0.90
2007.05.03 05:43:28.063,0.9906,0.9908,0.80,0.60
2007.05.03 05:43:28.671,0.9903,0.9907,23.90,0.80
2007.05.03 05:43:29.263,0.99055,0.9907,12.00,0.80
2007.05.03 05:43:30.926,0.9904,0.9908,4.80,16.80
2007.05.03 05:43:31.052,0.99045,0.9911,12.00,26.30
2007.05.03 05:43:31.128,0.9905,0.9911,0.80,26.30
2007.05.03 05:43:31.667,0.99045,0.9911,12.00,26.30
2007.05.03 05:43:32.866,0.9905,0.9908,12.00,16.80
2007.05.03 05:43:32.886,0.9905,0.9908,16.00,16.80
2007.05.03 05:43:33.535,0.99055,0.9907,12.00,0.80
2007.05.03 05:43:34.844,0.9905,0.99075,16.00,12.80
2007.05.03 05:43:38.168,0.9903,0.9908,23.90,16.00
2007.05.03 05:43:38.892,0.9905,0.99075,12.80,16.00
2007.05.03 05:43:38.907,0.9905,0.9908,0.80,16.80
2007.05.03 05:43:40.244,0.99045,0.9907,12.00,16.00
2007.05.03 05:43:46.540,0.9904,0.99065,16.00,12.00
2007.05.03 05:43:46.735,0.9905,0.99065,0.80,12.00
2007.05.03 05:43:52.525,0.9905,0.9909,0.80,19.10
2007.05.03 05:43:52.528,0.9905,0.991,0.80,23.90
2007.05.03 05:43:54.685,0.99045,0.9907,12.00,16.00
2007.05.03 05:43:54.919,0.9906,0.9907,0.80,4.00
2007.05.03 05:43:54.946,0.9906,0.99075,0.80,12.00
2007.05.03 05:43:55.693,0.9903,0.9907,23.90,0.80
2007.05.03 05:43:56.329,0.9903,0.9907,19.10,0.80
2007.05.03 05:43:57.416,0.9905,0.9907,12.80,4.80
2007.05.03 05:43:57.601,0.9905,0.991,0.80,23.90
2007.05.03 05:44:00.427,0.99045,0.991,12.80,23.90
2007.05.03 05:44:01.192,0.9904,0.991,16.00,23.90
2007.05.03 05:44:06.344,0.9904,0.9907,16.00,4.00
2007.05.03 05:44:06.347,0.9902,0.99075,23.80,12.00
2007.05.03 05:44:06.683,0.9904,0.9907,16.00,4.00
2007.05.03 05:44:06.721,0.9904,0.99075,16.00,12.00
2007.05.03 05:44:06.796,0.9904,0.9907,16.00,12.00
2007.05.03 05:44:06.830,0.9904,0.99075,16.00,12.00
2007.05.03 05:44:06.880,0.9904,0.9907,16.00,4.00
2007.05.03 05:44:07.055,0.9904,0.991,16.00,23.90
2007.05.03 05:44:08.251,0.9904,0.991,1.50,23.90
2007.05.03 05:44:08.312,0.9901,0.991,26.30,19.10
2007.05.03 05:44:11.972,0.9904,0.991,0.60,19.10
2007.05.03 05:44:12.775,0.9902,0.991,27.10,19.10
2007.05.03 05:44:13.802,0.9902,0.991,31.10,23.10
2007.05.03 05:44:15.778,0.9901,0.9908,31.10,19.90
2007.05.03 05:44:16.509,0.9901,0.9908,28.70,19.90
2007.05.03 05:44:16.539,0.9901,0.9908,28.70,19.90
2007.05.03 05:44:20.315,0.9901,0.9908,27.10,23.90
2007.05.03 05:44:21.886,0.9902,0.991,24.70,21.50
2007.05.03 05:44:22.088,0.9903,0.991,8.10,22.30
2007.05.03 05:44:22.407,0.9902,0.9909,28.70,0.80
2007.05.03 05:44:23.202,0.9903,0.9909,28.70,0.80
2007.05.03 05:44:23.717,0.9903,0.9909,4.80,19.90
2007.05.03 05:44:24.138,0.9902,0.9909,28.70,19.90
2007.05.03 05:44:24.370,0.9902,0.9909,24.70,19.90
2007.05.03 05:44:30.710,0.9902,0.9909,23.90,23.90
2007.05.03 05:44:31.304,0.9901,0.9908,28.70,19.10
2007.05.03 05:44:31.501,0.9899,0.9908,2.40,19.10
2007.05.03 05:44:34.845,0.9901,0.9907,0.80,19.10
2007.05.03 05:44:46.223,0.9901,0.9907,0.80,23.90
2007.05.03 05:44:46.746,0.9901,0.9908,24.70,23.90
2007.05.03 05:44:47.251,0.9902,0.9908,0.80,23.90
2007.05.03 05:44:48.808,0.99,0.9907,23.10,23.90
2007.05.03 05:44:49.868,0.99,0.9908,4.00,4.00
2007.05.03 05:44:50.528,0.99,0.9908,6.40,4.00
2007.05.03 05:44:50.761,0.9902,0.9909,0.80,4.80
2007.05.03 05:44:51.277,0.9902,0.9908,0.80,19.10
2007.05.03 05:44:51.795,0.99,0.9907,25.50,23.90
2007.05.03 05:44:52.577,0.99,0.9907,23.10,23.90
2007.05.03 05:45:01.301,0.9903,0.9908,19.90,4.00
2007.05.03 05:45:01.383,0.9903,0.9909,19.90,6.40
2007.05.03 05:45:02.039,0.9903,0.9909,19.90,2.40
2007.05.03 05:45:02.043,0.9903,0.991,19.90,24.70
2007.05.03 05:45:02.205,0.9903,0.991,19.10,23.90
2007.05.03 05:45:03.276,0.9903,0.9911,4.80,4.80
2007.05.03 05:45:03.590,0.9903,0.9911,4.80,7.20
2007.05.03 05:45:03.789,0.9903,0.9909,0.80,23.90
2007.05.03 05:45:04.190,0.9901,0.9909,25.50,23.90
2007.05.03 05:45:04.385,0.9902,0.991,4.00,27.90
2007.05.03 05:45:04.706,0.9905,0.991,19.10,4.00
2007.05.03 05:45:05.341,0.9905,0.9911,19.10,2.40
2007.05.03 05:45:05.434,0.9905,0.9912,19.10,23.90
2007.05.03 05:45:06.143,0.9905,0.9912,5.40,23.90
2007.05.03 05:45:06.243,0.9905,0.9913,27.80,27.90
2007.05.03 05:45:06.337,0.9906,0.9913,23.80,4.00
2007.05.03 05:45:06.820,0.9907,0.9913,23.80,4.00
2007.05.03 05:45:07.230,0.9907,0.9914,27.80,2.40
2007.05.03 05:45:07.793,0.9908,0.9915,9.90,23.90
2007.05.03 05:45:07.807,0.9906,0.9916,6.40,6.40
2007.05.03 05:45:08.046,0.9906,0.9916,0.70,2.40
2007.05.03 05:45:08.688,0.991,0.9916,9.50,2.40
2007.05.03 05:45:09.278,0.9909,0.9916,27.80,2.40
2007.05.03 05:45:09.418,0.991,0.9918,27.80,27.90
2007.05.03 05:45:10.299,0.9911,0.9918,19.90,27.90
2007.05.03 05:45:11.255,0.9911,0.9918,23.80,4.00
2007.05.03 05:45:11.770,0.9912,0.9918,23.80,4.00
2007.05.03 05:45:12.061,0.9912,0.9919,23.80,6.40
2007.05.03 05:45:12.269,0.9912,0.9919,23.80,6.40
2007.05.03 05:45:12.793,0.991,0.9919,27.90,30.30
2007.05.03 05:45:13.194,0.9911,0.9924,27.80,23.90
2007.05.03 05:45:13.337,0.9911,0.9924,1.10,23.90
2007.05.03 05:45:13.747,0.9911,0.9919,2.00,30.30
2007.05.03 05:45:14.202,0.9914,0.9921,8.20,23.90
2007.05.03 05:45:15.191,0.9913,0.9919,0.80,31.10
2007.05.03 05:45:15.308,0.9913,0.9919,19.90,7.20
2007.05.03 05:45:15.735,0.9914,0.9919,0.80,3.20
2007.05.03 05:45:16.269,0.9911,0.9919,27.80,26.30
2007.05.03 05:45:16.589,0.9912,0.9919,4.70,23.90
2007.05.03 05:45:17.199,0.9911,0.9919,28.60,24.70
2007.05.03 05:45:18.757,0.9911,0.9918,26.30,23.90
2007.05.03 05:45:19.742,0.9911,0.9918,24.60,4.00
2007.05.03 05:45:21.732,0.9912,0.992,0.80,2.40
2007.05.03 05:45:22.150,0.9911,0.9917,19.90,4.00
2007.05.03 05:45:22.751,0.9911,0.9918,19.90,31.10
2007.05.03 05:45:23.510,0.9912,0.9918,0.80,28.70
2007.05.03 05:45:23.514,0.9911,0.9917,19.90,4.00
2007.05.03 05:45:23.701,0.9911,0.9917,9.60,4.00
2007.05.03 05:45:24.106,0.991,0.9918,27.80,27.90
2007.05.03 05:45:24.226,0.9909,0.9916,26.30,23.90
2007.05.03 05:45:25.862,0.9908,0.9916,31.00,23.90
2007.05.03 05:45:28.230,0.9908,0.9915,28.60,0.80
2007.05.03 05:45:29.273,0.9908,0.9915,23.90,24.70
2007.05.03 05:45:32.244,0.9908,0.9914,19.90,0.80
2007.05.03 05:45:34.840,0.9908,0.9914,19.90,4.80
2007.05.03 05:45:35.113,0.9908,0.9913,6.80,0.80
2007.05.03 05:45:35.813,0.9907,0.9913,19.10,0.80
2007.05.03 05:45:36.191,0.9906,0.9913,23.90,24.70
2007.05.03 05:45:37.830,0.9908,0.9913,0.80,4.80
2007.05.03 05:45:38.642,0.9908,0.9913,0.80,0.80
2007.05.03 05:45:39.187,0.9908,0.9914,0.80,31.10
2007.05.03 05:45:41.166,0.9906,0.9913,23.90,4.00
2007.05.03 05:45:42.293,0.9907,0.9914,23.90,7.20
2007.05.03 05:45:43.219,0.9906,0.9917,4.00,23.90
2007.05.03 05:45:43.315,0.9907,0.9914,4.00,3.20
2007.05.03 05:45:43.853,0.9907,0.9914,27.90,3.20
2007.05.03 05:45:44.203,0.9907,0.9914,27.90,2.40
2007.05.03 05:45:44.383,0.9909,0.9914,0.80,2.40
2007.05.03 05:45:44.451,0.9909,0.9915,0.80,4.80
2007.05.03 05:45:44.735,0.9908,0.9915,23.90,4.80
2007.05.03 05:45:45.057,0.9908,0.9915,23.90,0.80
2007.05.03 05:45:47.906,0.9908,0.9915,35.90,0.80
2007.05.03 05:45:48.776,0.9908,0.9915,12.00,28.70
2007.05.03 05:45:48.863,0.99075,0.9915,12.00,40.70
2007.05.03 05:45:51.259,0.9908,0.9915,23.90,12.00
2007.05.03 05:45:52.079,0.9909,0.9915,19.10,12.00
2007.05.03 05:45:52.163,0.9909,0.9916,31.10,26.30
2007.05.03 05:45:52.283,0.9911,0.9916,0.80,2.40
2007.05.03 05:45:52.526,0.9911,0.99165,0.80,12.00
2007.05.03 05:45:53.732,0.9909,0.9916,31.10,23.90
2007.05.03 05:45:53.931,0.9909,0.9916,19.10,35.90
2007.05.03 05:45:54.947,0.9909,0.9916,19.10,38.30
2007.05.03 05:45:58.773,0.9911,0.99165,19.90,12.00
2007.05.03 05:45:58.802,0.9911,0.99165,0.80,12.00
2007.05.03 05:45:59.262,0.991,0.99165,19.90,12.00
2007.05.03 05:45:59.279,0.991,0.9919,19.90,2.40
2007.05.03 05:45:59.310,0.9911,0.9916,0.80,0.80
2007.05.03 05:46:07.301,0.991,0.9917,19.90,43.10
2007.05.03 05:46:09.318,0.9912,0.9917,0.80,19.20
2007.05.03 05:46:11.337,0.9911,0.9917,31.90,7.20
2007.05.03 05:46:11.599,0.9912,0.9917,0.80,2.40
2007.05.03 05:46:11.645,0.9911,0.9918,35.90,24.70
2007.05.03 05:46:11.706,0.9912,0.9918,9.60,0.80
2007.05.03 05:46:13.675,0.9912,0.99185,2.80,12.00
2007.05.03 05:46:16.529,0.9912,0.9917,0.80,2.40
2007.05.03 05:46:17.127,0.9911,0.9917,23.90,14.40
2007.05.03 05:46:17.297,0.9911,0.9917,19.90,18.40
2007.05.03 05:46:17.541,0.9911,0.9917,19.90,16.00
2007.05.03 05:46:17.862,0.9911,0.9917,24.60,16.00
2007.05.03 05:46:18.278,0.9911,0.9919,24.60,27.10
2007.05.03 05:46:18.363,0.9911,0.9919,23.80,26.30
2007.05.03 05:46:18.570,0.9912,0.9919,5.50,23.90
2007.05.03 05:46:18.881,0.9911,0.9919,24.60,24.70
2007.05.03 05:46:19.794,0.99115,0.9919,31.90,36.70
2007.05.03 05:46:19.843,0.9912,0.9918,24.60,0.80
2007.05.03 05:46:20.187,0.9912,0.9919,24.60,16.80
2007.05.03 05:46:21.925,0.9912,0.9919,31.00,12.80
2007.05.03 05:46:21.984,0.9912,0.9919,43.00,0.80
2007.05.03 05:46:22.782,0.9913,0.9918,8.20,0.80
2007.05.03 05:46:23.771,0.9913,0.9918,1.70,0.80
2007.05.03 05:46:23.790,0.99115,0.9918,31.90,0.80
2007.05.03 05:46:24.523,0.99115,0.9918,31.90,1.60
2007.05.03 05:46:24.546,0.99115,0.9918,31.90,2.40
2007.05.03 05:46:24.564,0.9912,0.9918,9.80,3.20
2007.05.03 05:46:27.211,0.9912,0.9918,5.70,2.40
2007.05.03 05:46:27.824,0.9913,0.9918,1.60,2.40
2007.05.03 05:46:28.765,0.9913,0.9917,3.20,0.80
2007.05.03 05:46:28.831,0.9913,0.9917,3.20,1.60
2007.05.03 05:46:29.009,0.9914,0.9917,0.80,2.40
2007.05.03 05:46:31.226,0.9912,0.9919,22.30,35.90
2007.05.03 05:46:31.349,0.9912,0.9917,22.30,1.60
2007.05.03 05:46:31.356,0.9913,0.9917,1.30,0.80
2007.05.03 05:46:31.407,0.9913,0.9918,1.20,1.60
2007.05.03 05:46:31.640,0.9913,0.9918,0.60,2.40
2007.05.03 05:46:32.165,0.9912,0.9918,22.30,3.20
2007.05.03 05:46:34.752,0.9912,0.9918,27.10,2.40
2007.05.03 05:46:36.686,0.9912,0.9918,43.10,2.40
2007.05.03 05:46:40.755,0.9913,0.9918,3.20,2.40
2007.05.03 05:46:43.869,0.9913,0.99195,2.40,12.00
2007.05.03 05:46:43.877,0.9913,0.9917,1.60,0.80
2007.05.03 05:46:43.956,0.9911,0.9917,27.90,1.60
2007.05.03 05:46:43.994,0.9912,0.9917,1.10,2.40
2007.05.03 05:46:44.157,0.9911,0.9917,23.90,1.60
2007.05.03 05:46:44.291,0.9911,0.9917,32.60,1.60
2007.05.03 05:46:44.343,0.9911,0.9917,32.60,0.80
2007.05.03 05:46:44.374,0.9912,0.9919,1.90,25.50
2007.05.03 05:46:44.546,0.9912,0.9919,8.50,26.30
2007.05.03 05:46:44.586,0.99115,0.9919,37.50,38.30
2007.05.03 05:46:44.852,0.9913,0.9918,1.60,0.80
2007.05.03 05:46:44.891,0.9914,0.9918,0.80,1.60
2007.05.03 05:46:44.922,0.9913,0.9918,3.20,2.40
2007.05.03 05:46:49.274,0.9912,0.9918,23.10,2.40
2007.05.03 05:46:49.369,0.99115,0.9918,34.30,2.40
2007.05.03 05:46:49.893,0.9913,0.9918,0.80,2.40
2007.05.03 05:46:49.980,0.9913,0.9918,0.50,2.40
2007.05.03 05:46:50.068,0.9913,0.9918,1.40,2.40
2007.05.03 05:46:51.736,0.9912,0.9918,22.30,2.40
2007.05.03 05:46:53.743,0.9912,0.9918,38.30,2.40
2007.05.03 05:46:54.216,0.9912,0.9918,38.30,2.40
2007.05.03 05:46:55.137,0.9913,0.9918,3.20,1.60
2007.05.03 05:46:55.240,0.9913,0.9918,3.20,0.80
2007.05.03 05:46:55.255,0.9913,0.9918,22.30,0.80
2007.05.03 05:46:55.320,0.9913,0.9919,22.30,2.40
2007.05.03 05:46:55.433,0.9913,0.9919,22.30,1.60
2007.05.03 05:46:55.936,0.9913,0.9919,22.30,2.40
2007.05.03 05:46:57.212,0.9914,0.9919,19.10,2.40
2007.05.03 05:46:57.840,0.9915,0.9919,0.80,2.40
2007.05.03 05:46:58.035,0.9915,0.9919,1.60,2.40
2007.05.03 05:46:58.079,0.9915,0.9919,2.40,2.40
2007.05.03 05:46:58.245,0.9915,0.9919,3.20,2.40
2007.05.03 05:46:58.637,0.9915,0.9919,2.40,2.40
2007.05.03 05:46:58.660,0.9915,0.9919,1.60,2.40
2007.05.03 05:46:58.765,0.9915,0.9919,0.80,2.40
2007.05.03 05:46:58.853,0.99135,0.9919,12.00,26.30
2007.05.03 05:46:58.859,0.99135,0.9918,12.00,0.80
2007.05.03 05:46:58.991,0.99135,0.9918,12.00,1.60
2007.05.03 05:46:59.065,0.99135,0.9918,12.00,2.40
2007.05.03 05:46:59.169,0.99135,0.9918,12.00,1.60
2007.05.03 05:46:59.200,0.99135,0.9918,12.00,0.80
2007.05.03 05:46:59.342,0.99135,0.9919,12.00,26.30
2007.05.03 05:46:59.382,0.99135,0.9918,12.00,0.80
2007.05.03 05:46:59.460,0.99135,0.9918,12.00,1.60
2007.05.03 05:46:59.555,0.99135,0.9918,12.00,2.40
2007.05.03 05:46:59.574,0.99135,0.9918,12.00,1.60
2007.05.03 05:46:59.664,0.9913,0.9918,3.20,0.80
2007.05.03 05:46:59.825,0.9913,0.9919,3.20,26.30
2007.05.03 05:47:00.172,0.9914,0.9919,0.80,26.30
2007.05.03 05:47:00.205,0.9914,0.9919,1.60,26.30
2007.05.03 05:47:00.307,0.9914,0.9919,1.60,2.40
2007.05.03 05:47:00.463,0.9914,0.9919,2.40,2.40
2007.05.03 05:47:00.623,0.9914,0.9918,2.40,0.80
2007.05.03 05:47:00.748,0.9914,0.9918,22.30,0.80
2007.05.03 05:47:00.785,0.9914,0.9918,22.30,1.60
2007.05.03 05:47:00.843,0.9914,0.9918,22.30,2.40
2007.05.03 05:47:03.800,0.9914,0.9919,3.20,3.20
2007.05.03 05:47:03.820,0.9914,0.9918,3.20,0.80
2007.05.03 05:47:03.835,0.9914,0.9918,3.20,1.60
2007.05.03 05:47:03.997,0.9914,0.9918,3.20,2.40
2007.05.03 05:47:04.111,0.9914,0.9918,2.40,2.40
2007.05.03 05:47:04.129,0.9914,0.9918,1.60,2.40
2007.05.03 05:47:04.279,0.9914,0.9918,0.80,2.40
2007.05.03 05:47:04.644,0.9914,0.9918,0.80,1.60
2007.05.03 05:47:04.843,0.9914,0.9918,0.80,0.80
2007.05.03 05:47:04.891,0.9914,0.9919,0.80,27.10
2007.05.03 05:47:22.226,0.9913,0.9919,3.20,29.50
2007.05.03 05:47:22.347,0.9913,0.9919,3.20,27.10
2007.05.03 05:47:22.635,0.9913,0.9919,3.20,0.60
2007.05.03 05:47:23.271,0.9913,0.9919,3.20,29.50
2007.05.03 05:47:24.376,0.9913,0.99195,3.20,39.10
2007.05.03 05:47:25.192,0.9914,0.99195,0.80,39.10
2007.05.03 05:47:26.697,0.9914,0.99195,0.80,41.50
2007.05.03 05:47:26.827,0.9913,0.9918,3.20,0.80
2007.05.03 05:47:30.623,0.9913,0.9918,2.40,0.80
2007.05.03 05:47:36.194,0.9913,0.9918,1.60,0.80
2007.05.03 05:47:36.353,0.9913,0.9919,0.80,29.50
2007.05.03 05:47:36.395,0.9912,0.9918,24.70,0.80
2007.05.03 05:47:36.656,0.9912,0.9919,25.50,41.50
2007.05.03 05:47:40.323,0.9913,0.99185,0.80,12.80
2007.05.03 05:47:40.338,0.9913,0.9918,1.60,0.80
2007.05.03 05:47:40.471,0.9913,0.9918,2.40,0.80
2007.05.03 05:47:40.679,0.9913,0.99185,3.20,12.80
2007.05.03 05:47:42.777,0.9913,0.9918,2.40,0.80
2007.05.03 05:47:42.820,0.9913,0.9918,1.60,0.80
2007.05.03 05:47:42.877,0.9913,0.9919,0.80,29.50
2007.05.03 05:47:43.186,0.9912,0.9918,37.50,0.80
2007.05.03 05:47:43.220,0.9912,0.9918,36.70,0.80
2007.05.03 05:47:43.327,0.9912,0.9918,35.90,0.80
2007.05.03 05:47:43.539,0.9912,0.9918,35.90,3.20
2007.05.03 05:47:43.680,0.9912,0.9919,35.10,29.50
2007.05.03 05:47:44.282,0.9912,0.9919,16.00,29.50
2007.05.03 05:47:44.432,0.9912,0.9919,12.00,33.50
2007.05.03 05:47:44.589,0.9911,0.9918,38.30,0.70
2007.05.03 05:47:44.762,0.9911,0.9919,26.30,45.50
2007.05.03 05:47:45.798,0.9911,0.9919,26.30,46.30
2007.05.03 05:47:45.839,0.9911,0.9919,26.30,47.10
2007.05.03 05:47:46.758,0.9911,0.9917,3.20,0.80
2007.05.03 05:47:47.401,0.9911,0.99175,3.20,31.90
2007.05.03 05:47:48.491,0.9911,0.9918,3.20,46.20
2007.05.03 05:47:48.619,0.9911,0.9917,3.20,0.90
2007.05.03 05:47:50.343,0.9911,0.99175,3.20,39.10
2007.05.03 05:47:50.563,0.9911,0.99175,2.40,39.10
2007.05.03 05:47:50.658,0.9911,0.99175,1.60,39.10
2007.05.03 05:47:50.718,0.9911,0.99175,0.80,39.10
2007.05.03 05:47:53.187,0.9911,0.9916,0.80,19.10
2007.05.03 05:47:56.773,0.9911,0.9917,0.80,31.10
2007.05.03 05:47:57.290,0.9911,0.9917,19.90,3.20
2007.05.03 05:47:57.696,0.9912,0.9917,0.80,3.20
2007.05.03 05:48:00.691,0.9911,0.9917,22.30,3.20
2007.05.03 05:48:01.475,0.9911,0.9917,21.50,3.20
2007.05.03 05:48:01.564,0.9911,0.9917,20.70,3.20
2007.05.03 05:48:01.870,0.9911,0.9916,19.90,0.80
2007.05.03 05:48:01.897,0.9911,0.9916,19.90,1.60
2007.05.03 05:48:01.904,0.9911,0.9916,19.90,2.40
2007.05.03 05:48:02.940,0.9911,0.9916,20.70,2.40
2007.05.03 05:48:03.184,0.9911,0.9916,21.50,2.40
2007.05.03 05:48:05.645,0.9912,0.9916,0.80,2.40
2007.05.03 05:48:07.785,0.9911,0.9916,24.70,2.40
2007.05.03 05:48:07.831,0.9911,0.9916,22.30,2.40
2007.05.03 05:48:08.259,0.9912,0.9916,19.10,2.40
2007.05.03 05:48:08.773,0.9911,0.9916,22.30,2.40
2007.05.03 05:48:12.274,0.9911,0.9916,22.30,2.40
2007.05.03 05:48:17.156,0.9911,0.9916,21.50,2.40
2007.05.03 05:48:17.270,0.9911,0.9916,20.70,2.40
2007.05.03 05:48:18.808,0.9911,0.9917,20.70,9.60
2007.05.03 05:48:20.916,0.9911,0.9916,21.50,0.70
2007.05.03 05:48:20.948,0.9911,0.9916,22.30,0.50
2007.05.03 05:48:26.164,0.9912,0.9916,19.10,0.60
2007.05.03 05:48:30.463,0.9912,0.9917,19.90,4.00
2007.05.03 05:48:30.574,0.9912,0.9917,20.70,4.00
2007.05.03 05:48:30.651,0.9912,0.9917,21.50,2.40
2007.05.03 05:48:30.785,0.9912,0.9916,20.70,0.80
2007.05.03 05:48:30.791,0.9912,0.9917,19.90,0.70
2007.05.03 05:48:30.892,0.9912,0.9918,19.90,3.20
2007.05.03 05:48:31.082,0.9912,0.9918,20.70,3.20
2007.05.03 05:48:31.099,0.9912,0.9918,21.50,3.20
2007.05.03 05:48:32.855,0.9912,0.9918,20.70,3.20
2007.05.03 05:48:32.899,0.9912,0.9917,19.90,0.70
2007.05.03 05:48:34.159,0.9912,0.9918,19.10,3.20
2007.05.03 05:48:34.277,0.9912,0.9918,19.10,3.20
2007.05.03 05:48:34.301,0.9912,0.9919,19.10,44.70
2007.05.03 05:48:34.525,0.9912,0.9918,19.10,0.80
2007.05.03 05:48:34.806,0.9912,0.9919,19.90,45.50
2007.05.03 05:48:35.226,0.9912,0.9918,20.70,0.70
2007.05.03 05:48:36.887,0.9912,0.9917,20.70,0.80
2007.05.03 05:48:36.961,0.9912,0.9918,22.30,4.80
2007.05.03 05:48:36.971,0.9912,0.9918,22.30,5.60
2007.05.03 05:48:37.056,0.9912,0.9917,22.30,3.20
2007.05.03 05:48:37.189,0.9912,0.9917,22.30,4.00
2007.05.03 05:48:37.268,0.9912,0.9917,22.30,4.80
2007.05.03 05:48:37.980,0.9912,0.9916,21.50,0.50
2007.05.03 05:48:38.163,0.9913,0.9916,0.80,0.80
2007.05.03 05:48:38.215,0.9913,0.9917,0.80,3.20
2007.05.03 05:48:38.305,0.9913,0.9916,19.90,0.80
2007.05.03 05:48:38.540,0.9913,0.9918,19.90,5.60
2007.05.03 05:48:38.754,0.9913,0.9917,19.90,0.90
2007.05.03 05:48:38.824,0.9913,0.9918,19.90,2.40
2007.05.03 05:48:38.923,0.9913,0.99185,19.90,12.80
2007.05.03 05:48:39.016,0.9913,0.99185,19.90,13.60
2007.05.03 05:48:39.030,0.9913,0.9918,19.90,0.50
2007.05.03 05:48:39.218,0.9913,0.99185,19.90,15.20
2007.05.03 05:48:39.236,0.9913,0.99185,4.80,15.20
2007.05.03 05:48:39.500,0.99135,0.9919,12.00,31.90
2007.05.03 05:48:39.651,0.9913,0.9916,4.80,0.60
2007.05.03 05:48:39.737,0.99145,0.9918,12.00,19.20
2007.05.03 05:48:44.458,0.99145,0.9917,12.00,0.80
2007.05.03 05:48:44.503,0.9915,0.99175,12.00,0.60
2007.05.03 05:48:46.055,0.99145,0.9918,12.00,18.40
2007.05.03 05:48:47.090,0.9915,0.99175,12.00,12.00
2007.05.03 05:48:47.440,0.9915,0.9917,12.00,4.00
2007.05.03 05:48:47.559,0.9914,0.99165,18.40,12.00
2007.05.03 05:48:47.867,0.9914,0.99165,17.60,12.00
2007.05.03 05:48:47.921,0.9914,0.99165,16.80,12.00
2007.05.03 05:48:47.967,0.9914,0.9917,16.80,16.00
2007.05.03 05:48:47.990,0.9914,0.99165,16.00,0.80
2007.05.03 05:48:48.161,0.9914,0.99165,12.00,0.90
2007.05.03 05:48:48.211,0.9914,0.99165,12.80,0.70
2007.05.03 05:48:48.631,0.9914,0.99165,0.80,0.90
2007.05.03 05:48:49.037,0.9914,0.9917,4.80,16.00
2007.05.03 05:48:49.084,0.99145,0.9917,12.00,0.60
2007.05.03 05:48:52.986,0.9912,0.9918,22.30,19.20
2007.05.03 05:48:53.612,0.9912,0.99165,22.30,0.80
2007.05.03 05:48:54.810,0.9914,0.9916,12.00,0.70
2007.05.03 05:48:54.959,0.99135,0.9917,12.00,17.60
2007.05.03 05:48:55.626,0.9914,0.9916,4.00,0.50
2007.05.03 05:48:55.755,0.9912,0.9917,22.30,16.80
2007.05.03 05:48:55.965,0.9914,0.99165,16.00,0.90
2007.05.03 05:49:01.627,0.9914,0.9916,4.00,0.90
2007.05.03 05:49:01.879,0.9912,0.99165,21.50,0.50
2007.05.03 05:49:01.901,0.9912,0.9916,21.50,0.80
2007.05.03 05:49:01.944,0.9912,0.9916,2.40,0.90
2007.05.03 05:49:02.158,0.9912,0.9916,2.40,0.60
2007.05.03 05:49:02.529,0.9912,0.9916,3.20,0.90
2007.05.03 05:49:02.552,0.9914,0.99165,16.00,13.60
2007.05.03 05:49:02.673,0.9914,0.9916,16.00,0.80
2007.05.03 05:49:02.745,0.9914,0.99165,16.00,0.90
2007.05.03 05:49:08.950,0.9915,0.9919,4.00,7.20
2007.05.03 05:49:09.020,0.99155,0.9918,12.00,0.60
2007.05.03 05:49:09.778,0.9916,0.99185,12.00,18.40
2007.05.03 05:49:09.785,0.9916,0.9918,12.00,0.90
2007.05.03 05:49:10.186,0.9916,0.9918,12.00,0.60
2007.05.03 05:49:10.254,0.9916,0.99185,12.00,12.80
2007.05.03 05:49:10.372,0.9916,0.99185,12.00,0.70
2007.05.03 05:49:14.322,0.9914,0.9919,26.30,15.20
2007.05.03 05:49:14.367,0.99145,0.992,12.00,5.60
2007.05.03 05:49:14.836,0.9915,0.992,4.00,9.60
2007.05.03 05:49:14.860,0.9916,0.9919,12.00,19.20
2007.05.03 05:49:15.591,0.9914,0.99185,22.30,12.00
2007.05.03 05:49:16.832,0.9916,0.99185,16.00,12.00
2007.05.03 05:49:18.264,0.99165,0.9919,12.00,18.40
2007.05.03 05:49:19.152,0.99165,0.9919,12.00,0.60
2007.05.03 05:49:19.900,0.99165,0.992,12.00,18.40
2007.05.03 05:49:19.944,0.99165,0.992,12.00,18.40
2007.05.03 05:49:20.049,0.9917,0.992,4.00,18.40
2007.05.03 05:49:20.202,0.9915,0.992,22.30,19.20
2007.05.03 05:49:28.841,0.9917,0.99195,12.00,16.00
2007.05.03 05:49:29.420,0.99165,0.992,12.00,19.20
2007.05.03 05:49:32.520,0.9916,0.992,16.00,19.20
2007.05.03 05:49:33.951,0.99165,0.992,12.00,19.20
2007.05.03 05:49:34.379,0.99165,0.992,12.00,19.20
2007.05.03 05:49:34.467,0.9917,0.992,12.00,19.20
2007.05.03 05:49:34.924,0.9917,0.9919,12.00,0.60
2007.05.03 05:49:34.981,0.99165,0.992,12.00,19.20
2007.05.03 05:49:36.882,0.9914,0.9919,22.30,16.00
2007.05.03 05:49:37.787,0.9914,0.992,22.30,19.20
2007.05.03 05:49:38.825,0.9914,0.9919,22.30,0.80
2007.05.03 05:49:38.941,0.9914,0.992,22.30,20.80
2007.05.03 05:49:39.071,0.9916,0.9919,5.60,17.60
2007.05.03 05:49:39.104,0.9916,0.9918,4.80,0.60
2007.05.03 05:49:39.267,0.99155,0.9919,12.00,18.40
2007.05.03 05:49:39.832,0.99155,0.9919,12.00,16.80
2007.05.03 05:49:39.834,0.9916,0.9919,12.00,16.00
2007.05.03 05:49:39.993,0.9914,0.99185,3.20,0.50
2007.05.03 05:49:44.118,0.9914,0.9919,23.90,16.00
2007.05.03 05:49:44.372,0.9916,0.9919,16.80,16.00
2007.05.03 05:49:44.404,0.99165,0.992,12.00,18.40
2007.05.03 05:49:47.264,0.9916,0.99185,16.00,0.50
2007.05.03 05:49:49.508,0.9916,0.9919,16.00,16.00
2007.05.03 05:49:51.278,0.9916,0.9919,16.80,16.00
2007.05.03 05:49:51.370,0.99165,0.9919,12.00,16.00
2007.05.03 05:49:51.976,0.9917,0.9919,4.00,12.00
2007.05.03 05:49:52.143,0.9917,0.99195,16.00,12.00
2007.05.03 05:49:53.616,0.9917,0.99195,12.00,12.00
2007.05.03 05:49:53.621,0.99165,0.99195,12.00,12.00
2007.05.03 05:49:54.110,0.9916,0.992,16.00,6.40
2007.05.03 05:49:54.147,0.9916,0.99185,16.00,12.00
2007.05.03 05:50:02.595,0.9916,0.9919,16.00,16.00
2007.05.03 05:50:05.712,0.9914,0.9919,22.30,16.00
2007.05.03 05:50:05.852,0.9914,0.99185,22.30,12.00
2007.05.03 05:50:10.205,0.99165,0.9919,12.00,16.00
2007.05.03 05:50:11.559,0.9916,0.9919,16.00,16.00
2007.05.03 05:50:12.388,0.9916,0.992,16.00,18.40
2007.05.03 05:50:12.757,0.99165,0.992,12.00,18.40
2007.05.03 05:50:17.347,0.9916,0.992,16.00,19.20
2007.05.03 05:50:19.591,0.9916,0.99185,16.00,0.70
2007.05.03 05:50:22.147,0.9916,0.99185,12.00,16.00
2007.05.03 05:50:22.183,0.99155,0.9921,12.00,29.50
2007.05.03 05:50:22.685,0.9916,0.9918,12.00,0.50
2007.05.03 05:50:22.787,0.9916,0.99185,12.00,0.50
2007.05.03 05:50:24.500,0.99155,0.99185,12.00,0.60
2007.05.03 05:50:25.655,0.99155,0.9918,12.00,0.50
2007.05.03 05:50:25.864,0.99155,0.9921,12.00,29.50
2007.05.03 05:50:26.649,0.99155,0.9918,12.00,0.90
2007.05.03 05:50:26.813,0.99155,0.9919,12.00,16.00
2007.05.03 05:50:30.360,0.9916,0.9919,12.00,16.00
2007.05.03 05:50:32.337,0.9916,0.9918,12.00,0.50
2007.05.03 05:50:32.450,0.99155,0.9921,12.00,29.50
2007.05.03 05:50:32.853,0.99155,0.9918,12.00,0.70
2007.05.03 05:50:32.956,0.9916,0.9919,12.00,16.00
2007.05.03 05:50:33.586,0.9916,0.99185,12.00,16.00
2007.05.03 05:50:33.677,0.99155,0.9921,12.00,29.40
2007.05.03 05:50:35.811,0.9915,0.99175,16.00,0.90
2007.05.03 05:50:39.353,0.9915,0.9918,4.00,16.00
2007.05.03 05:50:39.368,0.9915,0.9918,0.80,16.00
2007.05.03 05:50:39.830,0.99155,0.9919,12.00,18.40
2007.05.03 05:50:43.923,0.99155,0.9918,12.00,12.00
2007.05.03 05:50:47.292,0.9916,0.9918,4.00,12.00
2007.05.03 05:50:47.495,0.9916,0.99185,16.00,12.00
2007.05.03 05:50:52.128,0.9916,0.99185,16.80,12.00
2007.05.03 05:50:52.224,0.9916,0.99185,17.60,12.00
2007.05.03 05:50:52.428,0.9916,0.99185,16.80,12.00
2007.05.03 05:50:52.709,0.9916,0.99185,16.00,12.00
2007.05.03 05:50:52.896,0.9916,0.99185,16.80,12.00
2007.05.03 05:50:52.980,0.9916,0.9919,16.80,17.60
2007.05.03 05:50:53.139,0.9916,0.9919,16.00,17.60
2007.05.03 05:50:53.454,0.9916,0.9919,16.00,18.40
2007.05.03 05:50:54.674,0.9916,0.99185,16.00,12.00
2007.05.03 05:50:54.765,0.9916,0.99185,16.80,12.00
2007.05.03 05:50:55.280,0.9916,0.99185,16.00,12.00
2007.05.03 05:50:57.216,0.99165,0.9919,12.00,16.80
2007.05.03 05:50:57.218,0.99165,0.9919,12.00,16.00
2007.05.03 05:51:01.001,0.9916,0.99185,16.00,12.00
2007.05.03 05:51:03.345,0.99165,0.9919,12.00,16.00
2007.05.03 05:51:04.097,0.99165,0.9919,12.00,4.00
2007.05.03 05:51:04.136,0.99165,0.99195,12.00,12.00
2007.05.03 05:51:05.856,0.99165,0.9919,12.00,12.00
2007.05.03 05:51:05.896,0.99165,0.9919,12.00,16.00
2007.05.03 05:51:07.876,0.99165,0.9919,12.00,12.00
2007.05.03 05:51:07.909,0.99165,0.99195,12.00,12.00
2007.05.03 05:51:08.902,0.99165,0.9919,12.00,4.00
2007.05.03 05:51:08.912,0.99165,0.9919,12.00,16.00
2007.05.03 05:51:11.866,0.99165,0.9919,12.00,0.50
2007.05.03 05:51:12.969,0.9917,0.9919,12.00,0.90
2007.05.03 05:51:13.135,0.9917,0.992,12.00,18.40
2007.05.03 05:51:14.863,0.9917,0.99195,16.00,0.60
2007.05.03 05:51:19.095,0.99175,0.992,12.00,0.50
2007.05.03 05:51:25.460,0.9915,0.9921,21.50,19.20
2007.05.03 05:51:25.818,0.9915,0.9921,22.30,19.20
2007.05.03 05:51:25.926,0.9917,0.9921,16.00,18.40
2007.05.03 05:51:25.956,0.99175,0.9921,12.00,18.40
2007.05.03 05:51:40.864,0.99175,0.9923,12.00,27.10
2007.05.03 05:51:41.484,0.99175,0.9921,12.00,16.00
2007.05.03 05:51:41.523,0.99175,0.9921,12.00,16.00
2007.05.03 05:51:42.215,0.9918,0.9921,4.00,16.00
2007.05.03 05:51:42.255,0.9918,0.9922,16.00,18.40
2007.05.03 05:51:45.330,0.9918,0.9921,16.00,0.50
2007.05.03 05:51:45.829,0.99185,0.9922,12.00,18.40
2007.05.03 05:51:47.972,0.9918,0.9921,16.00,0.50
2007.05.03 05:51:48.410,0.99185,0.9922,12.00,21.60
2007.05.03 05:51:54.721,0.9919,0.9922,12.00,21.60
2007.05.03 05:51:54.765,0.9919,0.99215,16.00,0.60
2007.05.03 05:51:57.472,0.9919,0.9922,12.00,16.80
2007.05.03 05:51:57.561,0.99185,0.99215,12.00,0.60
2007.05.03 05:51:58.967,0.99185,0.99215,12.00,12.80
2007.05.03 05:51:59.152,0.99185,0.9921,12.00,0.50
2007.05.03 05:51:59.168,0.99185,0.9921,12.00,0.50
2007.05.03 05:51:59.922,0.99185,0.99215,12.00,13.60
2007.05.03 05:51:59.987,0.99185,0.99215,12.00,12.80
2007.05.03 05:52:00.010,0.99185,0.99215,12.00,13.60
2007.05.03 05:52:00.059,0.99185,0.9921,12.00,0.80
2007.05.03 05:52:00.227,0.99185,0.9921,12.00,0.70
2007.05.03 05:52:00.273,0.99185,0.99215,12.00,14.40
2007.05.03 05:52:00.527,0.99185,0.99215,12.00,16.80
2007.05.03 05:52:00.656,0.99185,0.99215,12.00,17.60
2007.05.03 05:52:00.968,0.9918,0.992,4.00,12.80
2007.05.03 05:52:01.093,0.9917,0.992,16.00,14.40
2007.05.03 05:52:03.295,0.99175,0.992,12.00,20.80
2007.05.03 05:52:03.429,0.99175,0.992,12.00,20.00
2007.05.03 05:52:03.581,0.99175,0.992,12.00,19.20
2007.05.03 05:52:03.617,0.99175,0.9922,12.00,3.20
2007.05.03 05:52:04.478,0.99175,0.992,12.00,16.00
2007.05.03 05:52:05.682,0.99175,0.992,12.00,18.40
2007.05.03 05:52:05.998,0.9918,0.992,4.00,14.40
2007.05.03 05:52:06.057,0.9918,0.992,16.00,2.40
2007.05.03 05:52:06.491,0.9918,0.99205,16.00,12.00
2007.05.03 05:52:11.051,0.9918,0.99205,12.00,12.00
2007.05.03 05:52:11.135,0.99175,0.992,12.00,12.00
2007.05.03 05:52:11.914,0.9918,0.99205,12.00,12.00
2007.05.03 05:52:11.981,0.9918,0.99205,16.00,12.00
2007.05.03 05:52:14.460,0.9918,0.9921,16.00,16.00
2007.05.03 05:52:16.441,0.9918,0.9921,18.40,16.00
2007.05.03 05:52:16.664,0.9919,0.9921,4.00,12.00
2007.05.03 05:52:16.804,0.9919,0.99215,16.00,12.00
2007.05.03 05:52:19.344,0.99195,0.9922,12.00,16.00
2007.05.03 05:52:20.612,0.9919,0.99215,16.00,12.00
2007.05.03 05:52:21.792,0.9917,0.99215,5.60,12.00
2007.05.03 05:52:21.965,0.9919,0.99215,12.00,12.00
2007.05.03 05:52:22.026,0.99185,0.9921,12.00,12.00
2007.05.03 05:52:22.380,0.9918,0.9921,16.00,12.00
2007.05.03 05:52:23.215,0.9918,0.9921,7.50,12.00
2007.05.03 05:52:23.257,0.9918,0.9921,3.10,16.00
2007.05.03 05:52:23.656,0.9918,0.9921,16.80,16.00
2007.05.03 05:52:24.172,0.99185,0.9921,5.40,12.00
2007.05.03 05:52:24.194,0.9919,0.99215,1.60,12.00
2007.05.03 05:52:26.948,0.9919,0.99215,3.80,12.00
2007.05.03 05:52:35.523,0.9918,0.99215,21.60,12.00
2007.05.03 05:52:35.928,0.9918,0.99215,22.40,12.00
2007.05.03 05:52:35.935,0.9918,0.99215,22.40,12.00
2007.05.03 05:52:36.178,0.9919,0.9922,20.00,4.00
2007.05.03 05:52:36.330,0.9919,0.99225,20.80,12.00
2007.05.03 05:52:36.825,0.992,0.99225,2.40,12.00
2007.05.03 05:52:36.936,0.992,0.9923,0.80,16.00
2007.05.03 05:52:37.151,0.9919,0.9923,19.20,16.00
2007.05.03 05:52:37.959,0.9919,0.99225,19.20,12.00
2007.05.03 05:52:40.373,0.99195,0.99225,14.40,12.00
2007.05.03 05:52:40.386,0.9919,0.99225,16.80,12.00
2007.05.03 05:52:41.020,0.99195,0.9922,3.10,12.00
2007.05.03 05:52:41.867,0.99195,0.9922,2.50,16.00
2007.05.03 05:52:48.943,0.9919,0.9922,16.80,4.00
2007.05.03 05:52:48.950,0.992,0.99225,3.80,12.00
2007.05.03 05:52:49.952,0.99205,0.9923,10.40,16.80
2007.05.03 05:52:49.982,0.99205,0.9923,10.40,16.00
2007.05.03 05:52:51.196,0.992,0.99225,14.40,12.00
2007.05.03 05:52:54.844,0.992,0.99225,10.40,12.00
2007.05.03 05:52:55.351,0.992,0.99225,14.40,12.00
2007.05.03 05:52:57.309,0.992,0.9923,14.40,16.80
2007.05.03 05:52:58.293,0.99205,0.9923,10.40,16.80
2007.05.03 05:52:58.857,0.992,0.9923,14.40,16.80
2007.05.03 05:52:59.835,0.992,0.99225,14.40,12.00
2007.05.03 05:53:06.400,0.992,0.99225,10.40,12.00
2007.05.03 05:53:06.517,0.99195,0.9922,10.40,12.00
2007.05.03 05:53:08.993,0.99195,0.9922,10.40,16.00
2007.05.03 05:53:10.812,0.99195,0.9922,10.40,12.00
2007.05.03 05:53:11.221,0.99195,0.9922,10.40,16.00
2007.05.03 05:53:12.093,0.9919,0.99215,16.80,12.00
2007.05.03 05:53:12.388,0.9919,0.99215,12.80,12.00
2007.05.03 05:53:12.524,0.9919,0.99215,10.40,12.00
2007.05.03 05:53:15.535,0.9919,0.9922,10.40,16.00
2007.05.03 05:53:17.145,0.9919,0.9922,14.40,16.00
2007.05.03 05:53:19.290,0.9919,0.9922,10.40,18.40
2007.05.03 05:53:22.602,0.9919,0.99215,14.40,0.70
2007.05.03 05:53:24.494,0.9919,0.9922,16.80,16.00
2007.05.03 05:53:25.600,0.9919,0.99215,14.40,0.60
2007.05.03 05:53:26.581,0.9919,0.99215,16.80,0.90
2007.05.03 05:53:26.874,0.9919,0.9922,17.60,16.00
2007.05.03 05:53:26.990,0.9919,0.9922,18.40,16.00
2007.05.03 05:53:27.486,0.992,0.9923,4.00,0.90
2007.05.03 05:53:27.555,0.992,0.9923,14.40,19.20
2007.05.03 05:53:28.203,0.992,0.9922,10.40,0.50
2007.05.03 05:53:28.231,0.99195,0.9923,10.40,19.20
2007.05.03 05:53:28.820,0.992,0.9923,0.80,18.40
2007.05.03 05:53:28.953,0.992,0.9922,1.60,0.80
2007.05.03 05:53:29.027,0.992,0.9922,2.40,0.50
2007.05.03 05:53:29.231,0.992,0.9923,1.60,19.20
2007.05.03 05:53:29.245,0.992,0.9922,0.80,0.90
2007.05.03 05:53:29.551,0.99195,0.9922,10.40,0.80
2007.05.03 05:53:29.892,0.992,0.9922,0.80,0.50
2007.05.03 05:53:30.084,0.992,0.9922,1.60,0.60
2007.05.03 05:53:30.191,0.992,0.9923,2.40,16.80
2007.05.03 05:53:30.297,0.99205,0.9923,10.40,16.80
2007.05.03 05:53:30.507,0.99205,0.9923,10.40,0.80
2007.05.03 05:53:32.088,0.99205,0.9924,10.40,20.80
2007.05.03 05:53:32.291,0.99205,0.9924,10.40,21.60
2007.05.03 05:53:33.257,0.9919,0.9922,6.40,0.50
2007.05.03 05:53:33.293,0.99195,0.9923,10.40,19.20
2007.05.03 05:53:33.842,0.9917,0.99215,3.20,0.80
2007.05.03 05:53:34.530,0.9919,0.9922,14.40,16.00
2007.05.03 05:53:34.863,0.99195,0.9922,10.40,0.80
2007.05.03 05:53:35.089,0.9918,0.9921,6.40,0.70
2007.05.03 05:53:35.098,0.99185,0.9924,10.40,31.90
2007.05.03 05:53:35.497,0.99185,0.9921,10.40,0.90
2007.05.03 05:53:38.828,0.992,0.99225,10.40,16.00
2007.05.03 05:53:39.007,0.99195,0.9923,10.40,19.20
2007.05.03 05:53:40.777,0.992,0.99225,10.40,16.00
2007.05.03 05:53:40.809,0.992,0.99225,14.40,0.60
2007.05.03 05:53:43.048,0.992,0.99225,10.40,16.00
2007.05.03 05:53:43.179,0.99195,0.9923,10.40,19.20
2007.05.03 05:53:44.190,0.9919,0.9921,6.40,12.00
2007.05.03 05:53:44.195,0.9919,0.9923,2.40,27.10
2007.05.03 05:53:44.489,0.99185,0.9921,10.40,16.00
2007.05.03 05:53:46.651,0.99185,0.9921,10.40,16.80
2007.05.03 05:53:46.751,0.99185,0.9921,10.40,16.00
2007.05.03 05:53:47.016,0.9918,0.99205,14.40,12.00
2007.05.03 05:53:47.457,0.9916,0.99205,4.80,12.00
2007.05.03 05:53:47.853,0.9916,0.99205,4.00,12.00
2007.05.03 05:53:47.961,0.9916,0.99205,4.80,12.00
2007.05.03 05:53:49.045,0.9916,0.99205,23.90,12.00
2007.05.03 05:53:49.073,0.9916,0.99205,23.10,12.00
2007.05.03 05:53:49.223,0.9916,0.99205,22.30,12.00
2007.05.03 05:53:49.307,0.9916,0.99205,23.10,12.00
2007.05.03 05:53:49.433,0.9916,0.99205,23.90,12.00
2007.05.03 05:53:49.564,0.9918,0.99205,14.40,12.00
2007.05.03 05:53:54.347,0.9918,0.992,10.40,4.00
2007.05.03 05:53:54.405,0.9917,0.99195,16.80,12.00
2007.05.03 05:53:54.507,0.9917,0.99195,14.40,12.00
2007.05.03 05:53:58.413,0.9917,0.99195,10.40,12.00
2007.05.03 05:53:58.419,0.99165,0.99195,10.40,12.00
2007.05.03 05:53:59.751,0.9917,0.99195,0.80,12.00
2007.05.03 05:54:01.203,0.9917,0.99195,4.80,12.00
2007.05.03 05:54:01.239,0.9917,0.99195,15.20,12.00
2007.05.03 05:54:04.771,0.9917,0.99195,16.00,12.00
2007.05.03 05:54:04.840,0.9917,0.99195,16.80,12.00
2007.05.03 05:54:05.108,0.9917,0.99195,17.60,12.00
2007.05.03 05:54:05.835,0.9917,0.9919,13.60,4.00
2007.05.03 05:54:05.844,0.9917,0.9919,3.20,16.00
2007.05.03 05:54:06.187,0.9917,0.9919,2.40,16.00
2007.05.03 05:54:07.572,0.9917,0.9919,1.60,16.00
2007.05.03 05:54:07.758,0.9917,0.9919,0.80,16.00
2007.05.03 05:54:07.798,0.99165,0.9919,11.20,16.00
2007.05.03 05:54:07.856,0.9916,0.9919,17.60,16.00
2007.05.03 05:54:08.743,0.9917,0.9919,2.40,12.00
2007.05.03 05:54:08.961,0.9916,0.99195,17.60,12.00
2007.05.03 05:54:09.164,0.99165,0.9919,14.40,12.00
2007.05.03 05:54:09.279,0.9916,0.9919,17.60,16.00
2007.05.03 05:54:09.661,0.99165,0.9919,5.00,12.00
2007.05.03 05:54:09.663,0.9916,0.99195,17.60,12.00
2007.05.03 05:54:09.954,0.9916,0.99195,19.20,12.00
2007.05.03 05:54:09.974,0.9916,0.99195,20.00,12.00
2007.05.03 05:54:10.489,0.9916,0.99195,20.00,12.00
2007.05.03 05:54:10.661,0.9916,0.99195,20.00,12.00
2007.05.03 05:54:11.433,0.99165,0.99195,14.40,12.00
2007.05.03 05:54:11.473,0.9917,0.99195,1.90,12.00
2007.05.03 05:54:11.955,0.9917,0.99195,1.90,12.00
2007.05.03 05:54:12.043,0.9916,0.99195,20.00,12.00
2007.05.03 05:54:15.005,0.9917,0.99195,5.30,12.00
2007.05.03 05:54:15.019,0.9917,0.99195,5.50,12.00
2007.05.03 05:54:16.337,0.9917,0.992,5.90,16.00
2007.05.03 05:54:17.569,0.9916,0.992,39.10,16.00
2007.05.03 05:54:18.546,0.9916,0.992,39.10,16.00
2007.05.03 05:54:20.401,0.9916,0.99195,20.00,12.00
2007.05.03 05:54:21.039,0.9916,0.99195,20.00,12.00
2007.05.03 05:54:21.125,0.9916,0.99195,20.00,12.00
2007.05.03 05:54:21.628,0.9917,0.99195,0.80,12.00
2007.05.03 05:54:21.764,0.9917,0.99195,1.00,12.00
2007.05.03 05:54:22.882,0.9917,0.9919,1.70,4.00
2007.05.03 05:54:22.942,0.99165,0.9921,1.80,5.60
2007.05.03 05:54:24.574,0.9916,0.9919,36.70,16.00
2007.05.03 05:54:24.843,0.9916,0.992,47.10,18.40
2007.05.03 05:54:24.949,0.9916,0.99185,0.60,0.90
2007.05.03 05:54:25.206,0.9916,0.992,32.70,18.40
2007.05.03 05:54:27.144,0.99165,0.992,11.20,18.40
2007.05.03 05:54:27.646,0.9917,0.9919,0.80,0.60
2007.05.03 05:54:29.180,0.9915,0.992,48.60,18.40
2007.05.03 05:54:30.818,0.9916,0.992,37.50,18.40
2007.05.03 05:54:30.907,0.9916,0.992,38.30,18.40
2007.05.03 05:54:30.949,0.9916,0.992,39.10,18.40
2007.05.03 05:54:31.552,0.99165,0.9922,12.80,10.40
2007.05.03 05:54:31.679,0.9917,0.9921,0.70,0.50
2007.05.03 05:54:31.855,0.9916,0.9922,39.90,10.40
2007.05.03 05:54:31.858,0.9916,0.9921,0.70,0.80
2007.05.03 05:54:32.456,0.9915,0.992,48.60,18.40
2007.05.03 05:54:32.706,0.9916,0.992,39.10,18.40
2007.05.03 05:54:34.355,0.9916,0.9919,0.60,0.60
2007.05.03 05:54:34.684,0.9916,0.992,36.70,18.40
2007.05.03 05:54:34.861,0.9916,0.992,39.90,18.40
2007.05.03 05:54:34.902,0.99165,0.992,12.80,18.40
2007.05.03 05:54:34.974,0.9917,0.9919,0.70,0.70
2007.05.03 05:54:35.531,0.99165,0.9922,13.60,8.00
2007.05.03 05:54:40.229,0.9917,0.9922,2.40,8.00
2007.05.03 05:54:40.246,0.9917,0.9921,1.60,0.80
2007.05.03 05:54:40.341,0.9917,0.9921,0.80,0.80
2007.05.03 05:54:41.941,0.9917,0.9922,1.60,8.00
2007.05.03 05:54:41.944,0.9917,0.9921,2.40,0.70
2007.05.03 05:54:42.004,0.9917,0.9922,3.20,8.00
2007.05.03 05:54:46.515,0.9917,0.992,3.20,18.40
2007.05.03 05:54:50.580,0.9917,0.9922,3.20,8.00
2007.05.03 05:54:51.200,0.9918,0.9922,4.00,12.00
2007.05.03 05:54:51.341,0.9918,0.9921,14.40,20.80
2007.05.03 05:54:55.334,0.9916,0.99205,28.70,12.00
2007.05.03 05:54:55.547,0.99165,0.9921,10.40,4.80
2007.05.03 05:54:56.062,0.99165,0.9921,10.40,5.60
2007.05.03 05:54:56.151,0.99165,0.9921,10.40,9.60
2007.05.03 05:54:56.256,0.99165,0.9921,10.40,8.80
2007.05.03 05:54:56.333,0.9916,0.99205,22.30,12.00
2007.05.03 05:54:56.770,0.9918,0.992,10.40,4.00
2007.05.03 05:54:56.804,0.99175,0.992,10.40,16.00
2007.05.03 05:54:59.323,0.9918,0.992,4.00,12.00
2007.05.03 05:54:59.336,0.9916,0.99205,22.30,12.00
2007.05.03 05:54:59.481,0.9918,0.99205,14.40,12.00
2007.05.03 05:55:00.057,0.9918,0.99205,10.40,12.00
2007.05.03 05:55:00.083,0.99175,0.99205,10.40,12.00
2007.05.03 05:55:05.875,0.9918,0.99205,4.00,12.00
2007.05.03 05:55:05.955,0.9918,0.9921,14.40,16.80
2007.05.03 05:55:06.489,0.9918,0.99205,14.40,12.00
2007.05.03 05:55:08.326,0.9918,0.99205,10.40,12.00
2007.05.03 05:55:08.493,0.99175,0.99205,10.40,12.00
2007.05.03 05:55:10.018,0.99175,0.992,10.40,4.00
2007.05.03 05:55:10.069,0.99175,0.992,10.40,16.00
2007.05.03 05:55:14.859,0.9917,0.99195,16.80,12.00
2007.05.03 05:55:15.571,0.9917,0.99195,14.40,12.00
2007.05.03 05:55:20.859,0.9917,0.99195,10.40,12.00
2007.05.03 05:55:20.919,0.99165,0.99195,10.40,12.00
2007.05.03 05:55:24.991,0.99165,0.99195,10.40,0.90
2007.05.03 05:55:26.148,0.99165,0.9919,10.40,0.70
2007.05.03 05:55:26.305,0.9916,0.9919,17.60,0.50
2007.05.03 05:55:26.488,0.9916,0.9922,20.00,34.30
2007.05.03 05:55:27.057,0.99165,0.9922,10.40,34.30
2007.05.03 05:55:27.570,0.9917,0.992,4.00,16.00
2007.05.03 05:55:27.608,0.9917,0.99195,14.40,0.80
2007.05.03 05:55:28.074,0.99175,0.992,10.40,0.90
2007.05.03 05:55:29.099,0.9917,0.99195,14.40,0.80
2007.05.03 05:55:31.505,0.9917,0.992,16.80,16.00
2007.05.03 05:55:31.970,0.9917,0.99195,17.60,0.50
2007.05.03 05:55:32.016,0.9917,0.99195,18.40,0.90
2007.05.03 05:55:32.142,0.9918,0.9922,4.00,12.80
2007.05.03 05:55:32.221,0.9918,0.9921,14.40,0.50
2007.05.03 05:55:32.390,0.9918,0.9922,14.40,26.40
2007.05.03 05:55:33.153,0.9918,0.9921,10.40,0.50
2007.05.03 05:55:33.226,0.99175,0.9921,10.40,19.20
2007.05.03 05:55:34.956,0.99175,0.99205,10.40,16.00
2007.05.03 05:55:35.032,0.9917,0.992,16.80,16.00
2007.05.03 05:55:35.583,0.9917,0.992,14.40,16.00
2007.05.03 05:55:38.082,0.99175,0.99205,10.40,16.00
2007.05.03 05:55:38.122,0.99175,0.99205,10.40,0.50
2007.05.03 05:55:38.239,0.99175,0.99205,10.40,31.10
2007.05.03 05:55:38.615,0.9917,0.992,14.40,31.10
2007.05.03 05:55:39.881,0.9917,0.9919,10.40,0.80
2007.05.03 05:55:39.899,0.99165,0.992,10.40,20.80
2007.05.03 05:55:41.934,0.9917,0.99195,10.40,16.00
2007.05.03 05:55:41.953,0.9917,0.99195,14.40,0.80
2007.05.03 05:55:44.573,0.9917,0.9921,14.40,21.60
2007.05.03 05:55:46.289,0.9918,0.992,10.40,0.50
2007.05.03 05:55:46.374,0.9916,0.9921,29.50,19.20
2007.05.03 05:55:46.467,0.9918,0.9921,14.40,16.80
2007.05.03 05:55:47.787,0.9918,0.9921,4.00,18.40
2007.05.03 05:55:47.837,0.99175,0.9921,10.40,16.80
2007.05.03 05:55:48.351,0.99175,0.9923,10.40,31.90
2007.05.03 05:55:49.372,0.99175,0.992,10.40,0.70
2007.05.03 05:55:49.411,0.99175,0.9921,10.40,16.00
2007.05.03 05:55:49.776,0.99175,0.992,10.40,0.60
2007.05.03 05:55:49.862,0.99175,0.992,10.40,0.90
2007.05.03 05:55:50.123,0.9917,0.9921,17.60,18.40
2007.05.03 05:55:51.639,0.9917,0.9921,15.20,20.80
2007.05.03 05:55:58.019,0.99175,0.992,10.40,16.00
2007.05.03 05:55:58.687,0.9918,0.992,0.80,16.00
2007.05.03 05:56:00.766,0.9918,0.992,4.80,12.00
2007.05.03 05:56:00.797,0.9918,0.99205,15.20,12.00
2007.05.03 05:56:02.834,0.9918,0.99205,16.00,12.00
2007.05.03 05:56:02.883,0.99185,0.9921,10.40,16.00
2007.05.03 05:56:14.037,0.99185,0.9921,10.40,12.00
2007.05.03 05:56:14.558,0.99185,0.9921,10.40,16.00
2007.05.03 05:56:21.821,0.9919,0.9921,4.80,12.00
2007.05.03 05:56:21.981,0.99195,0.9922,10.40,18.40
2007.05.03 05:56:22.248,0.99195,0.9922,10.40,0.60
2007.05.03 05:56:22.463,0.99195,0.9923,10.40,21.60
2007.05.03 05:56:23.899,0.992,0.9922,4.00,0.60
2007.05.03 05:56:24.057,0.992,0.99225,14.40,0.90
2007.05.03 05:56:25.287,0.99205,0.9923,10.40,0.60
2007.05.03 05:56:26.040,0.992,0.99225,14.40,0.80
2007.05.03 05:56:26.315,0.992,0.9923,4.00,16.00
2007.05.03 05:56:26.357,0.99195,0.99225,10.40,0.50
2007.05.03 05:56:30.946,0.99195,0.9925,10.40,35.90
2007.05.03 05:56:30.960,0.9921,0.9925,4.00,35.90
2007.05.03 05:56:31.120,0.9921,0.9925,4.00,35.90
2007.05.03 05:56:31.188,0.9921,0.99235,14.40,0.70
2007.05.03 05:56:31.466,0.9919,0.99235,2.40,0.90
2007.05.03 05:56:31.723,0.9919,0.9923,2.40,0.70
2007.05.03 05:56:31.914,0.9921,0.99235,10.40,35.90
2007.05.03 05:56:31.966,0.9921,0.9923,10.40,0.70
2007.05.03 05:56:32.038,0.99205,0.9924,10.40,47.80
2007.05.03 05:56:32.575,0.99205,0.9923,10.40,0.70
2007.05.03 05:56:33.728,0.992,0.9923,4.00,0.50
2007.05.03 05:56:33.785,0.9919,0.9922,14.40,16.00
2007.05.03 05:56:36.383,0.9919,0.9922,10.40,18.40
2007.05.03 05:56:36.410,0.99185,0.9922,10.40,18.40
2007.05.03 05:56:38.918,0.99185,0.9921,10.40,0.80
2007.05.03 05:56:39.144,0.9918,0.9921,15.20,16.00
2007.05.03 05:56:39.620,0.9918,0.9922,15.20,20.80
2007.05.03 05:56:44.428,0.9918,0.9921,15.20,0.90
2007.05.03 05:56:44.496,0.9919,0.9922,10.40,18.40
2007.05.03 05:56:44.604,0.9919,0.99215,14.40,0.90
2007.05.03 05:56:45.209,0.9919,0.9923,14.40,20.00
2007.05.03 05:56:46.217,0.9919,0.9922,14.40,16.00
2007.05.03 05:56:53.846,0.9919,0.9921,4.00,12.00
2007.05.03 05:56:53.881,0.99185,0.9923,10.40,28.70
2007.05.03 05:56:54.199,0.99185,0.9921,10.40,12.00
2007.05.03 05:57:01.541,0.9919,0.9921,2.40,12.00
2007.05.03 05:57:01.743,0.9919,0.99215,12.80,12.00
2007.05.03 05:57:01.753,0.9919,0.99215,16.80,12.00
2007.05.03 05:57:10.504,0.9918,0.99215,20.00,12.00
2007.05.03 05:57:30.307,0.9919,0.9922,16.80,16.00
2007.05.03 05:57:34.540,0.9919,0.9922,16.80,12.00
2007.05.03 05:57:34.604,0.992,0.99225,3.10,12.00
2007.05.03 05:57:34.746,0.9921,0.9924,2.40,26.30
2007.05.03 05:57:34.898,0.9918,0.99235,5.60,12.00
2007.05.03 05:57:35.305,0.9919,0.9923,1.20,0.80
2007.05.03 05:57:35.314,0.9919,0.9923,1.20,1.60
2007.05.03 05:57:35.493,0.9919,0.9923,1.00,2.40
2007.05.03 05:57:36.329,0.992,0.9923,14.40,6.40
2007.05.03 05:57:36.412,0.9919,0.99225,17.60,12.00
2007.05.03 05:57:37.857,0.992,0.9922,3.30,4.00
2007.05.03 05:57:37.944,0.9919,0.9922,14.40,16.00
2007.05.03 05:57:40.383,0.992,0.9922,4.00,12.00
2007.05.03 05:57:40.441,0.9918,0.99225,3.20,12.00
2007.05.03 05:57:40.901,0.9918,0.99225,4.00,12.00
2007.05.03 05:57:40.992,0.9918,0.99225,4.80,12.00
2007.05.03 05:57:46.611,0.992,0.99225,14.40,12.00
2007.05.03 05:57:46.893,0.9921,0.99225,0.80,12.00
2007.05.03 05:57:47.021,0.9921,0.99225,1.60,12.00
2007.05.03 05:57:47.052,0.9921,0.99225,2.40,12.00
2007.05.03 05:57:47.152,0.9921,0.9923,2.40,4.00
2007.05.03 05:57:47.157,0.9921,0.99235,1.60,12.00
2007.05.03 05:57:47.291,0.9921,0.99235,0.80,12.00
2007.05.03 05:57:47.369,0.99205,0.99235,10.40,12.00
2007.05.03 05:57:47.630,0.9921,0.99235,10.40,12.00
2007.05.03 05:57:47.659,0.9921,0.99235,14.40,12.00
2007.05.03 05:57:49.033,0.9922,0.99235,4.00,12.00
2007.05.03 05:57:49.096,0.992,0.9924,4.80,0.80
2007.05.03 05:57:49.317,0.9922,0.9924,10.40,4.80
2007.05.03 05:57:49.644,0.99215,0.9924,10.40,16.80
2007.05.03 05:57:51.411,0.992,0.9924,8.00,16.80
2007.05.03 05:57:51.421,0.99205,0.99235,10.40,12.00
2007.05.03 05:57:51.634,0.99205,0.9923,10.40,12.00
2007.05.03 05:57:51.688,0.99205,0.9923,10.40,16.00
2007.05.03 05:57:52.939,0.9921,0.9923,4.00,12.00
2007.05.03 05:57:52.961,0.9919,0.99235,4.00,12.00
2007.05.03 05:57:53.116,0.9919,0.99235,4.80,12.00
2007.05.03 05:57:53.524,0.9921,0.99235,14.40,12.00
2007.05.03 05:57:54.678,0.9921,0.9923,14.40,0.80
2007.05.03 05:57:55.202,0.9921,0.99235,14.40,12.00
2007.05.03 05:57:56.474,0.9921,0.99235,16.80,12.00
2007.05.03 05:57:57.160,0.99215,0.9924,10.40,16.80
2007.05.03 05:57:57.799,0.99215,0.9924,1.00,16.80
2007.05.03 05:57:58.139,0.992,0.99235,19.20,12.00
2007.05.03 05:57:58.856,0.9921,0.9924,1.10,16.00
2007.05.03 05:57:59.331,0.9922,0.9924,1.20,12.00
2007.05.03 05:57:59.511,0.9921,0.99245,16.80,12.00
2007.05.03 05:58:00.691,0.9919,0.99245,32.60,12.00
2007.05.03 05:58:01.582,0.9921,0.9924,14.40,4.00
2007.05.03 05:58:01.668,0.992,0.99235,15.20,12.00
2007.05.03 05:58:04.557,0.992,0.99235,18.40,12.00
2007.05.03 05:58:04.579,0.9921,0.99235,1.50,12.00
2007.05.03 05:58:04.935,0.9918,0.99235,29.50,12.00
2007.05.03 05:58:05.214,0.99215,0.9924,2.90,0.80
2007.05.03 05:58:05.240,0.99215,0.99245,0.70,12.00
2007.05.03 05:58:10.691,0.9922,0.99245,2.10,12.00
2007.05.03 05:58:10.900,0.9922,0.99245,0.70,12.00
2007.05.03 05:58:11.724,0.9921,0.9925,19.20,16.80
2007.05.03 05:58:14.165,0.99225,0.9925,4.30,16.80
2007.05.03 05:58:14.207,0.99225,0.9925,4.80,12.80
2007.05.03 05:58:14.863,0.9922,0.9925,16.00,16.80
2007.05.03 05:58:14.974,0.9922,0.9925,6.90,16.80
2007.05.03 05:58:15.478,0.9922,0.9925,2.90,19.20
2007.05.03 05:58:15.959,0.9922,0.9925,3.60,15.20
2007.05.03 05:58:15.969,0.99225,0.9925,4.00,15.20
2007.05.03 05:58:16.498,0.9922,0.9925,16.80,12.80
2007.05.03 05:58:16.843,0.99225,0.9925,0.60,0.80
2007.05.03 05:58:17.982,0.9922,0.99255,16.80,12.80
2007.05.03 05:58:18.002,0.9922,0.99255,16.80,12.80
2007.05.03 05:58:21.949,0.9922,0.99255,16.80,12.80
2007.05.03 05:58:22.044,0.99225,0.9925,0.60,0.80
2007.05.03 05:58:22.254,0.99225,0.9925,0.60,0.60
2007.05.03 05:58:24.932,0.99225,0.9926,14.40,21.60
2007.05.03 05:58:25.010,0.9923,0.99255,0.50,0.50
2007.05.03 05:58:31.810,0.9923,0.9926,4.00,17.60
2007.05.03 05:58:31.825,0.9923,0.9925,0.80,0.80
2007.05.03 05:58:31.919,0.9923,0.9925,1.60,0.50
2007.05.03 05:58:32.022,0.99235,0.9927,10.40,24.00
2007.05.03 05:58:34.889,0.99235,0.9926,10.40,0.70
2007.05.03 05:58:34.978,0.99235,0.9926,10.40,0.90
2007.05.03 05:58:35.009,0.99235,0.9926,10.40,0.50
2007.05.03 05:58:35.086,0.9923,0.9926,16.80,19.20
2007.05.03 05:58:35.798,0.9923,0.9926,16.00,38.30
2007.05.03 05:58:35.847,0.9923,0.99255,15.20,0.60
2007.05.03 05:58:35.876,0.9923,0.9926,14.40,38.30
2007.05.03 05:58:36.070,0.9923,0.9926,4.00,38.30
2007.05.03 05:58:36.095,0.99225,0.9926,10.40,38.30
2007.05.03 05:58:37.380,0.9922,0.9926,16.80,40.70
2007.05.03 05:58:38.933,0.9922,0.9926,16.00,43.10
2007.05.03 05:58:38.965,0.9922,0.9925,15.20,0.50
2007.05.03 05:58:39.479,0.9922,0.9925,15.20,0.80
2007.05.03 05:58:39.504,0.9922,0.9926,14.40,40.70
2007.05.03 05:58:39.798,0.9922,0.9925,14.40,18.40
2007.05.03 05:58:40.221,0.9922,0.9925,14.00,18.40
2007.05.03 05:58:42.217,0.9922,0.9925,14.40,16.00
2007.05.03 05:58:42.257,0.99225,0.9926,10.40,21.60
2007.05.03 05:58:49.608,0.9922,0.99245,14.40,12.00
2007.05.03 05:58:53.889,0.9922,0.99245,10.40,12.00
2007.05.03 05:58:54.004,0.99215,0.99245,10.40,12.00
2007.05.03 05:58:54.384,0.9922,0.99245,4.00,12.00
2007.05.03 05:58:54.490,0.9922,0.99245,14.40,12.00
2007.05.03 05:59:13.311,0.9922,0.9924,4.00,12.00
2007.05.03 05:59:13.400,0.9921,0.9924,14.40,16.00
2007.05.03 05:59:16.303,0.9921,0.99235,14.40,12.00
2007.05.03 05:59:17.500,0.9921,0.99235,15.20,12.00
2007.05.03 05:59:18.257,0.9921,0.9924,15.20,16.00
2007.05.03 05:59:19.111,0.992,0.9924,17.60,16.00
2007.05.03 05:59:19.663,0.992,0.99235,39.10,12.00
2007.05.03 05:59:21.362,0.9921,0.9924,7.10,16.00
2007.05.03 05:59:21.969,0.9921,0.9924,4.60,16.00
2007.05.03 05:59:22.054,0.992,0.99235,17.60,12.00
2007.05.03 05:59:22.769,0.9921,0.9923,4.90,4.00
2007.05.03 05:59:22.806,0.99205,0.9925,11.20,4.00
2007.05.03 05:59:23.011,0.99205,0.9925,11.20,3.20
2007.05.03 05:59:23.048,0.99205,0.9925,11.20,2.40
2007.05.03 05:59:23.182,0.99205,0.9923,15.20,12.00
2007.05.03 05:59:23.287,0.9921,0.9924,15.20,16.00
2007.05.03 05:59:23.598,0.9921,0.9926,17.60,24.70
2007.05.03 05:59:23.795,0.9921,0.9924,17.60,4.00
2007.05.03 05:59:23.800,0.9921,0.99245,17.60,12.00
2007.05.03 05:59:24.016,0.9921,0.9924,17.60,12.00
2007.05.03 05:59:24.021,0.9921,0.9926,17.60,5.60
2007.05.03 05:59:24.528,0.9921,0.9924,15.20,16.00
2007.05.03 05:59:24.884,0.99215,0.9923,3.70,4.00
2007.05.03 05:59:24.892,0.99205,0.9925,11.20,4.80
2007.05.03 05:59:25.167,0.99205,0.9925,3.80,4.80
2007.05.03 05:59:25.274,0.992,0.9925,17.60,23.90
2007.05.03 05:59:26.450,0.992,0.9923,15.20,16.00
2007.05.03 05:59:30.528,0.992,0.9925,17.60,23.90
2007.05.03 05:59:35.375,0.9921,0.9923,1.30,12.00
2007.05.03 05:59:35.534,0.9921,0.99235,7.10,12.00
2007.05.03 05:59:36.325,0.9921,0.9924,14.40,16.00
2007.05.03 05:59:36.924,0.9922,0.9924,1.50,12.00
2007.05.03 05:59:37.085,0.992,0.99245,8.50,12.00
2007.05.03 05:59:42.934,0.99215,0.9924,14.40,12.00
2007.05.03 05:59:43.012,0.9921,0.9924,14.40,16.00
2007.05.03 05:59:49.395,0.9922,0.9924,4.00,12.00
2007.05.03 05:59:49.422,0.9922,0.99245,14.40,12.00
2007.05.03 05:59:49.868,0.9922,0.9925,14.40,16.80
2007.05.03 05:59:51.909,0.9922,0.99245,4.00,12.00
2007.05.03 05:59:52.181,0.99215,0.99245,10.40,12.00
2007.05.03 05:59:53.540,0.9922,0.99245,4.00,12.00
2007.05.03 05:59:53.603,0.9922,0.9925,14.40,16.00
2007.05.03 05:59:55.928,0.9922,0.9925,10.40,16.00
2007.05.03 05:59:55.958,0.99215,0.99245,10.40,12.00
2007.05.03 05:59:56.535,0.99215,0.9924,10.40,4.00
2007.05.03 05:59:56.702,0.99215,0.9924,10.40,16.00
2007.05.03 05:59:56.943,0.99215,0.9924,10.40,12.00
2007.05.03 05:59:56.974,0.99215,0.99245,10.40,12.00
2007.05.03 05:59:57.348,0.99215,0.9925,10.40,18.40
2007.05.03 05:59:57.668,0.9922,0.9925,4.00,16.00
2007.05.03 05:59:57.747,0.9922,0.9926,14.40,40.70
2007.05.03 05:59:59.847,0.9922,0.9926,14.40,43.10
2007.05.03 05:59:59.998,0.9922,0.9925,14.40,16.80
