2014.11.04 09:00:01.088,1.17887,1.17903,1.19,1.37
2014.11.04 09:00:01.594,1.17886,1.17898,1.19,1.37
2014.11.04 09:00:01.698,1.17884,1.17897,1.25,1.37
2014.11.04 09:00:01.799,1.1788,1.17897,1.69,2.25
2014.11.04 09:00:01.901,1.17881,1.17898,1.25,1.87
2014.11.04 09:00:02.154,1.1788,1.17897,1.19,1.37
2014.11.04 09:00:02.337,1.17878,1.17895,1.50,1.00
2014.11.04 09:00:02.843,1.17879,1.17896,1.00,1.69
2014.11.04 09:00:03.199,1.17879,1.17896,1.25,1.50
2014.11.04 09:00:03.604,1.17881,1.17893,1.00,1.37
2014.11.04 09:00:04.009,1.17881,1.17897,1.00,1.37
2014.11.04 09:00:04.162,1.17883,1.17898,1.00,1.37
2014.11.04 09:00:04.618,1.17882,1.17897,1.00,1.87
2014.11.04 09:00:04.669,1.1788,1.17893,1.25,1.00
2014.11.04 09:00:04.973,1.17884,1.17894,1.00,1.00
2014.11.04 09:00:05.024,1.17884,1.17899,2.25,4.76
2014.11.04 09:00:05.126,1.17885,1.17899,1.00,1.00
2014.11.04 09:00:05.658,1.17884,1.179,1.69,1.50
2014.11.04 09:00:05.963,1.17882,1.17899,1.69,1.00
2014.11.04 09:00:06.570,1.17883,1.17899,1.00,1.50
2014.11.04 09:00:06.945,1.17882,1.17898,1.25,1.37
2014.11.04 09:00:07.210,1.17882,1.17898,1.25,1.37
2014.11.04 09:00:07.312,1.17884,1.17898,1.00,1.37
2014.11.04 09:00:07.819,1.17883,1.17898,1.00,1.87
2014.11.04 09:00:08.601,1.17882,1.17898,1.69,1.87
2014.11.04 09:00:08.854,1.17881,1.17898,1.25,2.25
2014.11.04 09:00:09.006,1.17881,1.17897,1.25,1.87
2014.11.04 09:00:09.221,1.17879,1.17895,4.84,1.50
2014.11.04 09:00:10.112,1.17879,1.17894,4.46,1.00
2014.11.04 09:00:10.314,1.17879,1.17892,4.84,1.37
2014.11.04 09:00:10.366,1.17878,1.17892,1.69,1.37
2014.11.04 09:00:10.417,1.17878,1.17892,1.25,1.12
2014.11.04 09:00:10.519,1.17881,1.17894,1.00,1.37
2014.11.04 09:00:10.620,1.17877,1.17892,1.50,1.12
2014.11.04 09:00:10.671,1.17877,1.17892,2.44,1.12
2014.11.04 09:00:10.823,1.17882,1.17897,1.00,1.25
2014.11.04 09:00:10.874,1.17884,1.17899,1.00,1.37
2014.11.04 09:00:11.383,1.17885,1.17901,1.00,1.87
2014.11.04 09:00:11.738,1.17883,1.17897,1.00,1.00
2014.11.04 09:00:12.143,1.17883,1.17897,1.00,1.37
2014.11.04 09:00:12.346,1.17878,1.17893,1.00,1.12
2014.11.04 09:00:12.498,1.1788,1.17894,1.00,1.37
2014.11.04 09:00:12.954,1.17878,1.17895,1.25,1.12
2014.11.04 09:00:13.208,1.17879,1.17897,1.19,1.37
2014.11.04 09:00:13.513,1.17882,1.17896,1.00,1.37
2014.11.04 09:00:13.817,1.17882,1.17896,1.00,1.37
2014.11.04 09:00:14.122,1.17883,1.17897,2.44,1.00
2014.11.04 09:00:14.172,1.17884,1.17899,1.19,1.87
2014.11.04 09:00:14.274,1.17885,1.179,3.94,1.00
2014.11.04 09:00:14.325,1.17885,1.17902,3.94,1.00
2014.11.04 09:00:14.628,1.17884,1.17901,1.25,2.44
2014.11.04 09:00:14.680,1.17886,1.17901,1.50,2.44
2014.11.04 09:00:14.883,1.17886,1.17903,3.19,1.69
2014.11.04 09:00:15.035,1.17888,1.17904,1.00,1.31
2014.11.04 09:00:15.450,1.1789,1.17905,1.00,2.06
2014.11.04 09:00:15.956,1.17889,1.17905,1.00,1.87
2014.11.04 09:00:16.259,1.17889,1.17904,1.00,1.50
2014.11.04 09:00:16.830,1.17887,1.17904,2.44,1.75
2014.11.04 09:00:16.932,1.17889,1.17904,1.25,1.37
2014.11.04 09:00:17.465,1.17889,1.17904,1.25,2.25
2014.11.04 09:00:17.971,1.17888,1.17904,1.69,2.25
2014.11.04 09:00:18.941,1.17888,1.17903,1.00,3.00
2014.11.04 09:00:19.093,1.17883,1.17899,4.20,1.37
2014.11.04 09:00:19.144,1.17883,1.17899,1.50,1.87
2014.11.04 09:00:19.470,1.1789,1.179,1.00,1.00
2014.11.04 09:00:19.573,1.17891,1.17907,3.45,2.62
2014.11.04 09:00:19.675,1.17893,1.17909,1.00,3.56
2014.11.04 09:00:19.979,1.17897,1.17907,1.00,1.12
2014.11.04 09:00:20.080,1.17892,1.17907,1.00,1.12
2014.11.04 09:00:20.183,1.17892,1.17904,1.00,1.00
2014.11.04 09:00:20.285,1.17889,1.17904,1.25,1.00
2014.11.04 09:00:20.793,1.17889,1.17905,1.69,1.12
2014.11.04 09:00:21.309,1.17889,1.17904,1.50,1.00
2014.11.04 09:00:21.362,1.17889,1.17904,1.50,1.50
2014.11.04 09:00:22.862,1.17889,1.17904,1.00,1.37
2014.11.04 09:00:23.685,1.17889,1.17904,1.25,2.25
2014.11.04 09:00:24.595,1.17887,1.17904,2.44,1.87
2014.11.04 09:00:25.502,1.17887,1.17903,3.19,1.37
2014.11.04 09:00:27.420,1.17888,1.17904,1.19,1.37
2014.11.04 09:00:27.521,1.17887,1.17903,3.19,1.37
2014.11.04 09:00:28.834,1.17887,1.17904,2.44,1.50
2014.11.04 09:00:29.328,1.17887,1.17904,2.44,1.87
2014.11.04 09:00:29.429,1.17887,1.17904,2.81,1.12
2014.11.04 09:00:29.480,1.1789,1.17904,1.19,1.12
2014.11.04 09:00:29.784,1.17894,1.1791,4.39,1.75
2014.11.04 09:00:30.140,1.17894,1.1791,3.64,1.37
2014.11.04 09:00:30.241,1.17896,1.1791,1.25,1.00
2014.11.04 09:00:30.445,1.17896,1.17912,1.69,2.06
2014.11.04 09:00:30.546,1.17898,1.17912,2.44,1.12
2014.11.04 09:00:31.060,1.17897,1.17913,1.69,1.75
2014.11.04 09:00:31.263,1.17895,1.17909,1.00,1.87
2014.11.04 09:00:31.771,1.17892,1.17908,3.19,1.87
2014.11.04 09:00:32.592,1.17892,1.17907,1.69,1.37
2014.11.04 09:00:33.114,1.17892,1.17907,1.69,1.37
2014.11.04 09:00:33.625,1.17892,1.17906,1.19,1.37
2014.11.04 09:00:33.777,1.17892,1.17906,1.19,1.37
2014.11.04 09:00:34.081,1.17892,1.17906,1.19,1.50
2014.11.04 09:00:34.597,1.17891,1.17906,1.25,1.50
2014.11.04 09:00:35.278,1.17891,1.17906,1.25,1.75
2014.11.04 09:00:35.983,1.17891,1.17906,1.00,1.37
2014.11.04 09:00:36.034,1.17895,1.17908,1.50,2.25
2014.11.04 09:00:36.085,1.17895,1.17908,1.50,1.87
2014.11.04 09:00:36.621,1.17894,1.17909,3.19,2.25
2014.11.04 09:00:37.183,1.17894,1.17909,3.19,2.25
2014.11.04 09:00:37.360,1.17894,1.17909,2.44,1.87
2014.11.04 09:00:37.412,1.17895,1.17909,1.19,1.37
2014.11.04 09:00:37.869,1.17896,1.17912,1.69,2.25
2014.11.04 09:00:38.467,1.17896,1.17912,1.69,1.87
2014.11.04 09:00:38.518,1.17896,1.17912,1.25,1.37
2014.11.04 09:00:39.077,1.17896,1.17913,1.25,1.50
2014.11.04 09:00:39.592,1.17895,1.17913,3.94,1.50
2014.11.04 09:00:40.145,1.17896,1.17914,2.25,4.69
2014.11.04 09:00:40.679,1.17896,1.17914,1.19,4.69
2014.11.04 09:00:41.925,1.17895,1.17912,4.69,1.50
2014.11.04 09:00:42.693,1.17896,1.17914,2.44,4.69
2014.11.04 09:00:42.996,1.17896,1.17912,1.50,3.00
2014.11.04 09:00:43.494,1.17894,1.17909,1.25,1.37
2014.11.04 09:00:44.233,1.17892,1.17908,2.44,1.87
2014.11.04 09:00:45.515,1.17892,1.17906,1.69,1.37
2014.11.04 09:00:45.717,1.1789,1.17905,3.19,1.37
2014.11.04 09:00:46.707,1.1789,1.17903,1.19,1.37
2014.11.04 09:00:47.805,1.1789,1.17903,1.25,1.37
2014.11.04 09:00:50.537,1.1789,1.17904,1.00,1.37
2014.11.04 09:00:50.845,1.17889,1.17903,1.00,1.75
2014.11.04 09:00:51.149,1.17887,1.17902,1.19,1.12
2014.11.04 09:00:52.302,1.17888,1.17903,1.25,3.07
2014.11.04 09:00:53.788,1.17888,1.17904,1.00,3.94
2014.11.04 09:00:54.092,1.17888,1.17903,1.00,1.37
2014.11.04 09:00:54.950,1.17887,1.17903,1.00,2.62
2014.11.04 09:00:55.308,1.17889,1.17903,1.00,1.00
2014.11.04 09:00:55.562,1.17891,1.17906,1.69,1.00
2014.11.04 09:00:55.663,1.17891,1.17908,1.69,3.19
2014.11.04 09:00:55.815,1.17891,1.17908,1.69,4.31
2014.11.04 09:00:56.169,1.17889,1.17904,1.00,1.12
2014.11.04 09:00:56.725,1.17888,1.17902,1.50,1.00
2014.11.04 09:00:57.047,1.1789,1.17903,1.50,1.00
2014.11.04 09:00:57.149,1.17888,1.17903,1.50,1.00
2014.11.04 09:00:57.301,1.17886,1.17903,1.25,1.00
2014.11.04 09:00:58.049,1.17886,1.17903,1.69,1.00
2014.11.04 09:00:58.201,1.17887,1.17903,1.69,1.37
2014.11.04 09:00:59.503,1.17887,1.17904,1.31,1.87
2014.11.04 09:00:59.554,1.17887,1.17904,2.06,1.87
2014.11.04 09:00:59.706,1.17889,1.17905,1.25,1.87
2014.11.04 09:01:00.033,1.17889,1.17904,1.25,1.37
2014.11.04 09:01:00.539,1.17888,1.17904,1.00,2.81
2014.11.04 09:01:01.065,1.17886,1.17902,1.19,1.37
2014.11.04 09:01:01.638,1.17886,1.17902,1.12,1.62
2014.11.04 09:01:02.437,1.17886,1.17902,1.12,1.25
2014.11.04 09:01:04.341,1.17886,1.17903,1.25,4.31
2014.11.04 09:01:04.866,1.17885,1.17903,2.81,2.62
2014.11.04 09:01:05.427,1.17885,1.17903,2.06,2.81
2014.11.04 09:01:05.968,1.17885,1.17901,1.00,1.37
2014.11.04 09:01:07.145,1.17884,1.17901,2.81,1.37
2014.11.04 09:01:08.070,1.17884,1.17901,2.81,1.12
2014.11.04 09:01:09.606,1.17884,1.17901,3.56,1.12
2014.11.04 09:01:10.163,1.17887,1.17902,1.00,1.00
2014.11.04 09:01:10.668,1.17887,1.17903,1.00,2.62
2014.11.04 09:01:11.175,1.17888,1.17904,1.00,2.62
2014.11.04 09:01:11.479,1.17885,1.17901,1.31,1.37
2014.11.04 09:01:13.268,1.17885,1.17901,1.25,1.37
2014.11.04 09:01:13.774,1.17884,1.179,3.19,1.37
2014.11.04 09:01:13.825,1.17884,1.179,3.19,1.12
2014.11.04 09:01:14.436,1.17883,1.17899,1.25,1.00
2014.11.04 09:01:14.790,1.17885,1.17898,1.00,1.00
2014.11.04 09:01:14.891,1.17883,1.17898,2.25,1.00
2014.11.04 09:01:14.993,1.17883,1.179,2.25,1.69
2014.11.04 09:01:15.314,1.17883,1.17899,1.12,1.37
2014.11.04 09:01:15.618,1.17883,1.17899,1.00,1.50
2014.11.04 09:01:15.871,1.17881,1.17896,1.00,1.87
2014.11.04 09:01:17.831,1.17881,1.17896,1.00,1.37
2014.11.04 09:01:18.035,1.17879,1.17895,1.00,1.62
2014.11.04 09:01:18.541,1.17878,1.17893,1.00,1.12
2014.11.04 09:01:18.855,1.17878,1.17894,1.00,2.62
2014.11.04 09:01:19.268,1.17876,1.17893,1.50,1.37
2014.11.04 09:01:19.370,1.17876,1.17893,1.00,1.50
2014.11.04 09:01:19.888,1.17876,1.17893,1.00,1.87
2014.11.04 09:01:23.991,1.17877,1.17893,1.00,1.62
2014.11.04 09:01:26.890,1.17876,1.17888,1.00,1.37
2014.11.04 09:01:27.043,1.17874,1.17888,2.44,1.37
2014.11.04 09:01:27.572,1.17875,1.17888,1.00,1.37
2014.11.04 09:01:28.188,1.17875,1.17888,1.00,1.37
2014.11.04 09:01:28.341,1.1787,1.17886,3.56,1.37
2014.11.04 09:01:28.492,1.1787,1.17886,1.31,1.62
2014.11.04 09:01:28.998,1.1787,1.17884,1.25,1.37
2014.11.04 09:01:30.162,1.1787,1.17882,1.00,1.00
2014.11.04 09:01:30.621,1.17869,1.17884,1.00,1.69
2014.11.04 09:01:31.134,1.17868,1.17883,1.00,1.62
2014.11.04 09:01:31.671,1.17867,1.1788,1.00,1.00
2014.11.04 09:01:32.756,1.17867,1.1788,1.00,1.37
2014.11.04 09:01:33.961,1.17867,1.17879,1.00,1.37
2014.11.04 09:01:34.063,1.17865,1.17878,1.00,1.87
2014.11.04 09:01:34.165,1.17863,1.17878,1.00,1.87
2014.11.04 09:01:35.566,1.17864,1.17876,1.00,1.37
2014.11.04 09:01:35.669,1.17864,1.17876,1.50,1.12
2014.11.04 09:01:36.344,1.17864,1.17878,1.00,1.37
2014.11.04 09:01:36.885,1.17863,1.1787,1.00,1.00
2014.11.04 09:01:36.998,1.17859,1.1787,1.00,1.00
2014.11.04 09:01:37.508,1.17856,1.17871,2.81,1.00
2014.11.04 09:01:38.061,1.17857,1.17871,1.56,1.00
2014.11.04 09:01:38.701,1.17857,1.17871,1.19,1.37
2014.11.04 09:01:38.752,1.17856,1.17871,1.25,1.37
2014.11.04 09:01:39.551,1.1786,1.17869,1.00,1.00
2014.11.04 09:01:39.653,1.17863,1.17874,1.00,1.00
2014.11.04 09:01:39.857,1.17862,1.17876,1.25,1.12
2014.11.04 09:01:40.061,1.17858,1.17876,1.69,1.00
2014.11.04 09:01:40.315,1.17858,1.17873,1.19,1.00
2014.11.04 09:01:40.416,1.17857,1.17875,1.69,1.50
2014.11.04 09:01:40.518,1.17857,1.17873,1.69,1.00
2014.11.04 09:01:40.968,1.17857,1.17875,1.69,1.50
2014.11.04 09:01:41.422,1.17857,1.17875,1.19,1.87
2014.11.04 09:01:41.827,1.17857,1.17873,1.25,1.37
2014.11.04 09:01:42.159,1.17859,1.17874,1.25,1.87
2014.11.04 09:01:42.312,1.17861,1.17874,1.00,1.50
2014.11.04 09:01:42.617,1.17862,1.17877,1.19,1.50
2014.11.04 09:01:43.179,1.17862,1.17874,1.19,1.00
2014.11.04 09:01:43.280,1.17862,1.17877,1.19,1.00
2014.11.04 09:01:45.052,1.17861,1.17877,1.19,2.62
2014.11.04 09:01:45.254,1.17859,1.17875,1.50,1.75
2014.11.04 09:01:45.851,1.17857,1.17874,2.06,1.87
2014.11.04 09:01:47.455,1.17859,1.17874,2.06,1.12
2014.11.04 09:01:47.860,1.1786,1.17876,1.69,1.12
2014.11.04 09:01:47.947,1.1786,1.17876,2.06,1.00
2014.11.04 09:01:48.101,1.17863,1.17879,1.56,1.50
2014.11.04 09:01:48.609,1.17864,1.1788,1.31,2.62
2014.11.04 09:01:49.159,1.17864,1.1788,1.31,2.62
2014.11.04 09:01:49.672,1.17864,1.1788,1.25,2.62
2014.11.04 09:01:49.875,1.17862,1.1788,1.25,4.31
2014.11.04 09:01:50.194,1.1786,1.17875,1.69,1.00
2014.11.04 09:01:50.702,1.1786,1.17876,1.19,1.50
2014.11.04 09:01:51.208,1.17861,1.17877,1.69,1.69
2014.11.04 09:01:52.192,1.17861,1.17877,1.25,1.87
2014.11.04 09:01:52.496,1.17859,1.17873,1.00,1.00
2014.11.04 09:01:53.012,1.17857,1.17875,4.12,2.06
2014.11.04 09:01:53.333,1.17858,1.17875,1.31,1.12
2014.11.04 09:01:54.183,1.17859,1.17875,1.25,1.31
2014.11.04 09:01:55.436,1.17858,1.17875,1.31,1.12
2014.11.04 09:01:56.415,1.17858,1.17875,2.06,1.31
2014.11.04 09:01:56.821,1.17861,1.17876,1.00,2.32
2014.11.04 09:01:58.029,1.17861,1.17878,1.12,2.81
2014.11.04 09:01:58.434,1.17863,1.17878,1.00,1.31
2014.11.04 09:01:58.738,1.17863,1.17879,1.00,2.06
2014.11.04 09:01:59.912,1.17863,1.17879,1.00,2.06
2014.11.04 09:02:00.344,1.17866,1.17879,1.00,1.12
2014.11.04 09:02:00.851,1.17866,1.17881,1.50,1.37
2014.11.04 09:02:01.368,1.17866,1.17881,1.50,1.37
2014.11.04 09:02:01.933,1.17867,1.17881,1.50,1.37
2014.11.04 09:02:02.321,1.17867,1.17881,1.00,1.00
2014.11.04 09:02:02.823,1.17867,1.17885,2.89,1.87
2014.11.04 09:02:03.127,1.17868,1.17885,1.25,1.50
2014.11.04 09:02:03.634,1.17867,1.17885,1.50,2.25
2014.11.04 09:02:04.239,1.17867,1.17885,1.87,2.62
2014.11.04 09:02:04.751,1.17867,1.17885,2.06,2.62
2014.11.04 09:02:06.495,1.1787,1.17885,1.00,1.37
2014.11.04 09:02:09.806,1.1787,1.17885,1.00,1.37
2014.11.04 09:02:09.907,1.17868,1.17884,1.00,1.37
2014.11.04 09:02:10.447,1.17868,1.17883,1.00,1.37
2014.11.04 09:02:10.984,1.17867,1.17883,2.25,1.37
2014.11.04 09:02:22.134,1.17867,1.17883,2.06,1.37
2014.11.04 09:02:23.739,1.17867,1.17883,3.82,1.00
2014.11.04 09:02:23.959,1.17869,1.17883,1.00,2.62
2014.11.04 09:02:24.213,1.17869,1.17885,1.00,1.50
2014.11.04 09:02:24.467,1.17871,1.17885,1.00,1.00
2014.11.04 09:02:24.973,1.17872,1.17887,1.00,1.50
2014.11.04 09:02:25.479,1.17873,1.17887,1.00,1.00
2014.11.04 09:02:25.985,1.17874,1.17888,1.00,1.12
2014.11.04 09:02:26.188,1.17874,1.17888,1.00,1.37
2014.11.04 09:02:26.600,1.17872,1.17888,1.50,3.37
2014.11.04 09:02:27.124,1.17873,1.17886,1.00,1.37
2014.11.04 09:02:27.674,1.17873,1.17886,1.00,1.37
2014.11.04 09:02:28.493,1.17872,1.17886,1.00,1.37
2014.11.04 09:02:29.576,1.17869,1.17886,1.69,1.37
2014.11.04 09:02:30.093,1.17871,1.17886,1.00,1.87
2014.11.04 09:02:30.195,1.17871,1.17886,1.00,1.87
2014.11.04 09:02:30.713,1.17872,1.17886,1.00,1.87
2014.11.04 09:02:32.875,1.17871,1.17886,1.00,1.87
2014.11.04 09:02:32.977,1.17873,1.17886,1.00,1.37
2014.11.04 09:02:33.028,1.17873,1.17887,1.00,1.37
2014.11.04 09:02:33.535,1.17874,1.17887,1.00,1.37
2014.11.04 09:02:34.329,1.17872,1.17887,1.50,1.37
2014.11.04 09:02:35.726,1.17872,1.17887,1.50,1.37
2014.11.04 09:02:36.802,1.17872,1.17887,1.50,1.50
2014.11.04 09:02:37.574,1.17871,1.17887,2.44,1.37
2014.11.04 09:02:38.120,1.17871,1.17887,2.25,1.37
2014.11.04 09:02:38.229,1.17871,1.17887,2.25,1.12
2014.11.04 09:02:38.432,1.17872,1.17889,1.37,1.87
2014.11.04 09:02:38.951,1.17871,1.17889,3.37,1.37
2014.11.04 09:02:39.467,1.17871,1.17888,3.00,1.37
2014.11.04 09:02:40.344,1.17871,1.17889,4.31,1.37
2014.11.04 09:02:44.353,1.17872,1.17889,1.25,1.12
2014.11.04 09:02:44.404,1.17874,1.17889,1.50,1.12
2014.11.04 09:02:44.708,1.17879,1.17893,1.00,3.37
2014.11.04 09:02:44.809,1.17877,1.17892,1.00,1.37
2014.11.04 09:02:45.063,1.17874,1.17889,1.50,1.00
2014.11.04 09:02:45.265,1.17873,1.17887,1.00,1.00
2014.11.04 09:02:45.417,1.17873,1.1789,1.25,1.00
2014.11.04 09:02:45.943,1.17873,1.17891,2.44,2.62
2014.11.04 09:02:45.995,1.17875,1.17891,1.00,1.87
2014.11.04 09:02:46.325,1.17875,1.17891,1.00,1.87
2014.11.04 09:02:46.637,1.17875,1.17891,1.00,1.87
2014.11.04 09:02:46.972,1.17877,1.17891,1.00,1.87
2014.11.04 09:02:47.834,1.17877,1.17891,1.00,1.87
2014.11.04 09:02:48.037,1.17877,1.1789,1.00,1.37
2014.11.04 09:02:48.189,1.17875,1.1789,1.00,1.37
2014.11.04 09:02:48.543,1.17875,1.17889,1.00,1.37
2014.11.04 09:02:50.343,1.17875,1.17889,1.00,1.00
2014.11.04 09:02:50.849,1.17875,1.17888,1.00,1.00
2014.11.04 09:02:52.029,1.17877,1.17888,1.00,1.00
2014.11.04 09:02:52.080,1.17877,1.1789,1.12,1.00
2014.11.04 09:02:52.622,1.17875,1.1789,1.37,1.00
2014.11.04 09:02:53.127,1.17877,1.1789,1.00,1.00
2014.11.04 09:02:53.881,1.17877,1.17891,1.00,1.50
2014.11.04 09:02:55.512,1.17875,1.17891,1.62,1.50
2014.11.04 09:02:56.042,1.17875,1.17891,2.81,1.00
2014.11.04 09:02:56.449,1.17877,1.17891,1.00,1.00
2014.11.04 09:02:58.307,1.17877,1.17891,1.62,1.00
2014.11.04 09:02:58.561,1.17881,1.17896,2.44,1.00
2014.11.04 09:02:58.814,1.1788,1.17894,1.25,1.00
2014.11.04 09:02:59.017,1.17878,1.17893,1.00,2.25
2014.11.04 09:02:59.221,1.17878,1.1789,1.00,1.00
2014.11.04 09:02:59.323,1.17876,1.1789,1.00,1.00
2014.11.04 09:03:00.440,1.17876,1.1789,1.37,1.00
2014.11.04 09:03:00.888,1.17877,1.17893,1.31,1.00
2014.11.04 09:03:01.415,1.17878,1.17894,1.50,1.12
2014.11.04 09:03:01.923,1.17878,1.17894,3.19,1.00
2014.11.04 09:03:02.837,1.17878,1.17894,1.87,1.00
2014.11.04 09:03:03.343,1.17879,1.17894,1.12,1.00
2014.11.04 09:03:03.860,1.17879,1.17893,1.37,1.00
2014.11.04 09:03:04.425,1.17879,1.17895,1.37,2.62
2014.11.04 09:03:09.661,1.17882,1.17895,1.87,1.00
2014.11.04 09:03:09.813,1.17884,1.17897,1.69,1.50
2014.11.04 09:03:10.590,1.17884,1.179,1.69,1.00
2014.11.04 09:03:10.641,1.17886,1.179,1.00,1.00
2014.11.04 09:03:10.896,1.17889,1.17906,1.19,2.25
2014.11.04 09:03:11.568,1.1789,1.17906,2.06,1.37
2014.11.04 09:03:12.077,1.1789,1.17906,2.06,1.37
2014.11.04 09:03:12.609,1.1789,1.17906,1.69,1.00
2014.11.04 09:03:13.115,1.17891,1.17906,1.00,1.12
2014.11.04 09:03:13.166,1.17891,1.17906,1.00,2.62
2014.11.04 09:03:13.471,1.17889,1.17904,1.00,1.87
2014.11.04 09:03:13.572,1.17889,1.17903,1.00,1.87
2014.11.04 09:03:13.826,1.17885,1.17901,2.06,1.87
2014.11.04 09:03:13.978,1.17887,1.17901,1.00,1.87
2014.11.04 09:03:14.709,1.17887,1.17901,1.00,2.62
2014.11.04 09:03:14.861,1.17884,1.17899,1.69,1.37
2014.11.04 09:03:14.912,1.17884,1.17899,1.00,1.87
2014.11.04 09:03:15.418,1.17884,1.17897,1.00,1.37
2014.11.04 09:03:16.025,1.17884,1.17899,1.25,1.37
2014.11.04 09:03:16.694,1.17884,1.17899,1.25,1.37
2014.11.04 09:03:18.523,1.17884,1.17899,1.25,1.37
2014.11.04 09:03:19.609,1.17884,1.17899,1.00,1.37
2014.11.04 09:03:20.209,1.17884,1.179,1.50,1.87
2014.11.04 09:03:20.725,1.17884,1.179,1.69,1.87
2014.11.04 09:03:22.104,1.17885,1.179,1.00,1.37
2014.11.04 09:03:23.718,1.17885,1.179,1.00,1.37
2014.11.04 09:03:24.428,1.17885,1.179,1.00,1.37
2014.11.04 09:03:24.873,1.17887,1.17901,1.12,1.50
2014.11.04 09:03:24.925,1.17889,1.17901,1.00,1.00
2014.11.04 09:03:24.976,1.17889,1.17904,1.12,1.00
2014.11.04 09:03:25.027,1.17892,1.17904,1.00,1.00
2014.11.04 09:03:25.331,1.17895,1.17907,1.00,1.87
2014.11.04 09:03:25.382,1.17895,1.17908,1.00,1.87
2014.11.04 09:03:25.585,1.17895,1.1791,1.50,2.25
2014.11.04 09:03:25.889,1.17897,1.1791,1.00,1.37
2014.11.04 09:03:26.862,1.17897,1.17908,1.00,1.37
2014.11.04 09:03:27.066,1.17897,1.17908,1.00,1.00
2014.11.04 09:03:27.167,1.17898,1.17914,1.69,1.87
2014.11.04 09:03:27.269,1.179,1.17914,1.00,1.50
2014.11.04 09:03:27.787,1.17899,1.17914,1.69,1.50
2014.11.04 09:03:28.110,1.17899,1.17912,1.69,1.37
2014.11.04 09:03:28.319,1.17897,1.17912,1.00,2.25
2014.11.04 09:03:28.825,1.17897,1.17912,1.69,1.37
2014.11.04 09:03:30.541,1.17897,1.17912,1.25,1.37
2014.11.04 09:03:30.693,1.17899,1.17914,1.00,3.07
2014.11.04 09:03:30.999,1.17904,1.17918,1.50,1.87
2014.11.04 09:03:31.303,1.17901,1.17914,1.00,1.87
2014.11.04 09:03:31.354,1.17899,1.17911,1.00,1.37
2014.11.04 09:03:31.405,1.17896,1.17911,2.44,1.00
2014.11.04 09:03:31.456,1.17897,1.17913,1.25,1.50
2014.11.04 09:03:31.760,1.17897,1.17913,1.00,1.69
2014.11.04 09:03:32.013,1.17895,1.1791,1.00,1.25
2014.11.04 09:03:32.115,1.17894,1.17906,1.00,1.00
2014.11.04 09:03:32.318,1.17891,1.17908,1.50,1.87
2014.11.04 09:03:32.842,1.17892,1.17908,1.00,2.25
2014.11.04 09:03:33.297,1.17894,1.17906,1.00,1.00
2014.11.04 09:03:33.828,1.17894,1.17907,1.00,1.75
2014.11.04 09:03:33.929,1.17894,1.17907,1.12,1.00
2014.11.04 09:03:33.980,1.17894,1.17909,1.12,1.00
2014.11.04 09:03:34.082,1.17896,1.1791,1.50,1.95
2014.11.04 09:03:34.134,1.17896,1.17912,1.50,1.00
2014.11.04 09:03:34.235,1.17898,1.17913,1.00,2.70
2014.11.04 09:03:34.337,1.17896,1.17913,2.25,3.45
2014.11.04 09:03:34.439,1.17896,1.1791,1.50,4.27
2014.11.04 09:03:34.542,1.17894,1.17909,1.25,1.00
2014.11.04 09:03:34.644,1.17894,1.17907,1.25,1.00
2014.11.04 09:03:34.745,1.17894,1.17909,1.25,1.00
2014.11.04 09:03:34.847,1.17894,1.17912,1.25,1.00
2014.11.04 09:03:34.897,1.17896,1.17912,1.00,1.00
2014.11.04 09:03:35.404,1.17896,1.17913,1.50,5.02
2014.11.04 09:03:35.709,1.17896,1.17911,1.50,1.00
2014.11.04 09:03:36.021,1.17898,1.17909,1.00,2.32
2014.11.04 09:03:36.943,1.17898,1.17909,1.50,2.32
2014.11.04 09:03:39.364,1.179,1.17913,1.00,6.71
2014.11.04 09:03:39.672,1.179,1.17913,1.00,7.84
2014.11.04 09:03:39.824,1.17897,1.17911,1.50,1.87
2014.11.04 09:03:40.334,1.17895,1.17908,1.00,2.32
2014.11.04 09:03:40.935,1.17894,1.17907,1.00,1.50
2014.11.04 09:03:41.239,1.17896,1.1791,1.00,1.62
2014.11.04 09:03:41.745,1.17896,1.1791,1.50,1.31
2014.11.04 09:03:44.340,1.17896,1.17912,1.50,3.82
2014.11.04 09:03:44.645,1.17896,1.17909,1.50,1.00
2014.11.04 09:03:45.181,1.17896,1.17911,1.50,1.12
2014.11.04 09:03:46.064,1.17896,1.1791,1.50,1.00
2014.11.04 09:03:48.470,1.17896,1.1791,1.50,1.37
2014.11.04 09:03:49.479,1.17897,1.17911,1.25,1.37
2014.11.04 09:03:49.682,1.17896,1.1791,3.94,1.50
2014.11.04 09:03:49.834,1.17893,1.17905,1.00,1.12
2014.11.04 09:03:49.936,1.1789,1.17905,3.19,1.37
2014.11.04 09:03:50.568,1.1789,1.17904,1.69,1.37
2014.11.04 09:03:50.674,1.17891,1.17904,1.19,1.37
2014.11.04 09:03:51.221,1.17892,1.17904,1.00,1.37
2014.11.04 09:03:51.793,1.17892,1.17904,1.00,1.12
2014.11.04 09:03:52.072,1.1789,1.17904,1.25,1.12
2014.11.04 09:03:52.771,1.17891,1.17904,1.19,1.12
2014.11.04 09:03:54.639,1.17892,1.17906,1.31,1.00
2014.11.04 09:03:54.690,1.17895,1.17906,1.25,1.00
2014.11.04 09:03:54.995,1.17895,1.17903,1.19,1.00
2014.11.04 09:03:55.096,1.17894,1.17903,1.00,1.00
2014.11.04 09:03:55.198,1.1789,1.17903,1.69,1.00
2014.11.04 09:03:55.714,1.17889,1.17903,1.69,1.00
2014.11.04 09:03:56.229,1.17889,1.17904,2.06,1.00
2014.11.04 09:03:57.290,1.17891,1.17904,1.19,1.00
2014.11.04 09:03:57.831,1.17893,1.17907,1.31,1.00
2014.11.04 09:03:57.933,1.17894,1.1791,1.12,1.87
2014.11.04 09:03:57.984,1.17896,1.17911,1.25,1.37
2014.11.04 09:03:59.636,1.17896,1.17912,1.69,1.87
2014.11.04 09:04:00.148,1.17896,1.17912,1.69,1.37
2014.11.04 09:04:00.636,1.17896,1.17912,2.06,1.37
2014.11.04 09:04:01.164,1.17896,1.17913,1.31,2.62
2014.11.04 09:04:01.874,1.17897,1.17913,1.00,2.62
2014.11.04 09:04:02.406,1.17897,1.17913,1.00,2.62
2014.11.04 09:04:02.507,1.17897,1.17913,1.00,2.62
2014.11.04 09:04:04.770,1.17897,1.17911,1.25,1.00
2014.11.04 09:04:05.332,1.17897,1.17911,1.00,1.37
2014.11.04 09:04:05.854,1.17897,1.17911,1.00,1.00
2014.11.04 09:04:06.970,1.17898,1.17913,1.37,1.00
2014.11.04 09:04:12.181,1.17899,1.17915,1.25,2.62
2014.11.04 09:04:13.259,1.17899,1.17913,1.00,1.87
2014.11.04 09:04:13.563,1.17896,1.17909,1.00,2.62
2014.11.04 09:04:13.614,1.17894,1.17908,1.00,1.37
2014.11.04 09:04:13.665,1.17891,1.17908,1.50,2.25
2014.11.04 09:04:13.767,1.17893,1.17908,1.00,1.50
2014.11.04 09:04:14.072,1.17896,1.17908,1.25,1.00
2014.11.04 09:04:14.325,1.17891,1.17904,1.25,1.00
2014.11.04 09:04:15.146,1.17892,1.17906,1.00,1.50
2014.11.04 09:04:15.248,1.17892,1.17908,1.00,2.25
2014.11.04 09:04:15.451,1.17892,1.17908,2.25,1.87
2014.11.04 09:04:15.705,1.1789,1.17906,2.62,1.62
2014.11.04 09:04:16.227,1.1789,1.17904,1.00,1.12
2014.11.04 09:04:22.779,1.1789,1.17904,1.00,1.37
2014.11.04 09:04:23.799,1.1789,1.17904,1.00,1.37
2014.11.04 09:04:28.242,1.17888,1.17901,1.00,1.12
2014.11.04 09:04:30.213,1.17888,1.17902,1.00,1.12
2014.11.04 09:04:30.718,1.17887,1.17902,1.00,1.37
2014.11.04 09:04:31.563,1.17887,1.17902,1.00,1.12
2014.11.04 09:04:33.540,1.17887,1.17902,1.00,1.37
2014.11.04 09:04:35.235,1.17887,1.17902,1.00,1.37
2014.11.04 09:04:35.388,1.17885,1.17901,3.94,1.37
2014.11.04 09:04:35.439,1.17885,1.17901,2.44,1.75
2014.11.04 09:04:35.642,1.1788,1.17896,1.50,1.87
2014.11.04 09:04:36.148,1.1788,1.17896,1.50,2.62
2014.11.04 09:04:36.691,1.1788,1.17896,1.00,2.06
2014.11.04 09:04:41.871,1.17878,1.17895,1.12,1.37
2014.11.04 09:04:41.922,1.17878,1.17895,2.06,1.37
2014.11.04 09:04:42.608,1.17879,1.17895,1.69,1.37
2014.11.04 09:04:47.148,1.17879,1.17896,1.50,1.87
2014.11.04 09:04:48.953,1.17879,1.17896,1.87,1.87
2014.11.04 09:04:49.106,1.1788,1.17896,1.62,1.00
2014.11.04 09:04:49.258,1.17885,1.17898,1.12,1.00
2014.11.04 09:04:49.309,1.17885,1.179,1.87,1.12
2014.11.04 09:04:49.360,1.17887,1.17901,1.00,1.62
2014.11.04 09:04:50.711,1.17887,1.17903,1.00,4.31
2014.11.04 09:04:51.221,1.17886,1.17901,1.00,1.87
2014.11.04 09:04:51.322,1.17886,1.17901,1.00,1.69
2014.11.04 09:04:51.526,1.17884,1.179,1.00,3.94
2014.11.04 09:04:52.068,1.17884,1.17898,1.00,1.00
2014.11.04 09:04:52.220,1.17885,1.17898,1.00,1.37
2014.11.04 09:04:52.735,1.17884,1.17899,1.00,1.62
2014.11.04 09:04:53.228,1.17884,1.17898,1.00,1.12
2014.11.04 09:04:53.532,1.17887,1.17902,1.50,1.87
2014.11.04 09:04:54.341,1.17887,1.17902,1.00,1.37
2014.11.04 09:04:55.851,1.17887,1.17898,1.00,1.00
2014.11.04 09:04:56.094,1.17887,1.17902,1.00,1.37
2014.11.04 09:04:56.145,1.17887,1.17902,1.00,1.00
2014.11.04 09:04:56.450,1.17887,1.17901,1.00,1.37
2014.11.04 09:05:00.128,1.17886,1.17902,1.87,1.37
2014.11.04 09:05:00.180,1.17886,1.17902,1.87,1.12
2014.11.04 09:05:00.231,1.17889,1.17903,1.00,1.87
2014.11.04 09:05:00.535,1.17889,1.17903,1.00,1.87
2014.11.04 09:05:03.104,1.17889,1.17903,1.00,1.37
2014.11.04 09:05:05.117,1.17889,1.17903,1.00,1.50
2014.11.04 09:05:05.627,1.17889,1.17903,1.37,1.00
2014.11.04 09:05:06.159,1.17889,1.17906,1.62,2.62
2014.11.04 09:05:06.955,1.17889,1.17906,1.25,2.62
2014.11.04 09:05:08.205,1.17889,1.17903,1.00,1.12
2014.11.04 09:05:08.358,1.17887,1.17904,1.50,1.37
2014.11.04 09:05:08.460,1.17889,1.17904,1.00,1.37
2014.11.04 09:05:08.976,1.17889,1.17903,1.00,1.50
2014.11.04 09:05:09.482,1.1789,1.17904,1.00,1.12
2014.11.04 09:05:09.897,1.1789,1.17906,1.12,1.87
2014.11.04 09:05:09.998,1.17892,1.17907,1.50,2.62
2014.11.04 09:05:10.251,1.17895,1.1791,3.37,1.00
2014.11.04 09:05:10.353,1.17897,1.17912,1.00,1.87
2014.11.04 09:05:11.031,1.17896,1.17912,1.25,1.87
2014.11.04 09:05:11.538,1.17896,1.17912,1.25,1.87
2014.11.04 09:05:12.151,1.17895,1.1791,1.69,1.37
2014.11.04 09:05:12.455,1.17896,1.17911,1.00,1.87
2014.11.04 09:05:12.986,1.17897,1.17912,1.00,1.62
2014.11.04 09:05:13.420,1.17897,1.17913,2.06,1.87
2014.11.04 09:05:13.957,1.17897,1.17913,1.69,1.87
2014.11.04 09:05:14.505,1.17896,1.17912,1.50,1.37
2014.11.04 09:05:14.556,1.17896,1.17912,1.00,1.50
2014.11.04 09:05:14.860,1.17893,1.17907,1.19,1.00
2014.11.04 09:05:15.402,1.17893,1.17908,2.44,1.00
2014.11.04 09:05:15.706,1.17893,1.17908,1.19,1.37
2014.11.04 09:05:15.966,1.17892,1.17908,1.25,1.12
2014.11.04 09:05:16.168,1.17895,1.1791,1.25,1.87
2014.11.04 09:05:16.687,1.17896,1.17912,1.00,2.62
2014.11.04 09:05:17.677,1.17896,1.17912,1.00,2.62
2014.11.04 09:05:18.212,1.17896,1.17911,1.00,1.12
2014.11.04 09:05:20.010,1.17897,1.17912,1.00,1.37
2014.11.04 09:05:20.379,1.17897,1.17912,1.00,1.37
2014.11.04 09:05:20.684,1.17893,1.1791,1.50,1.62
2014.11.04 09:05:21.190,1.17894,1.17909,1.50,2.62
2014.11.04 09:05:22.637,1.17894,1.17909,1.37,1.12
2014.11.04 09:05:24.651,1.17894,1.17909,1.00,1.87
2014.11.04 09:05:25.006,1.17897,1.17909,1.00,1.37
2014.11.04 09:05:25.512,1.17898,1.17909,1.00,1.00
2014.11.04 09:05:26.854,1.17896,1.17909,1.00,1.00
2014.11.04 09:05:27.478,1.17897,1.17909,1.00,1.00
2014.11.04 09:05:28.018,1.17897,1.17909,1.00,1.87
2014.11.04 09:05:28.538,1.17897,1.17909,1.00,1.00
2014.11.04 09:05:28.741,1.17896,1.17911,1.25,1.12
2014.11.04 09:05:30.169,1.17896,1.17911,1.00,1.37
2014.11.04 09:05:30.615,1.17898,1.17913,1.87,2.06
2014.11.04 09:05:30.666,1.17898,1.17913,1.87,2.06
2014.11.04 09:05:30.717,1.17902,1.17913,1.00,2.06
2014.11.04 09:05:30.768,1.17902,1.17913,1.00,2.06
2014.11.04 09:05:31.274,1.17901,1.17914,1.50,1.37
2014.11.04 09:05:31.780,1.179,1.17913,1.00,1.00
2014.11.04 09:05:32.286,1.179,1.17916,1.00,2.06
2014.11.04 09:05:32.827,1.17899,1.17916,1.25,2.06
2014.11.04 09:05:33.339,1.17899,1.17913,2.44,1.00
2014.11.04 09:05:33.903,1.179,1.17913,1.00,1.12
2014.11.04 09:05:34.571,1.179,1.17913,1.00,1.37
2014.11.04 09:05:35.094,1.17898,1.17913,1.50,1.37
2014.11.04 09:05:35.196,1.17898,1.17913,1.50,1.87
2014.11.04 09:05:35.693,1.17898,1.17913,1.00,1.87
2014.11.04 09:05:36.165,1.17898,1.17913,1.00,2.06
2014.11.04 09:05:37.657,1.17898,1.17913,1.00,3.56
2014.11.04 09:05:37.859,1.17898,1.17913,1.87,3.19
2014.11.04 09:05:38.114,1.17904,1.17917,1.50,1.62
2014.11.04 09:05:38.644,1.17904,1.17918,1.50,1.69
2014.11.04 09:05:38.950,1.17906,1.17918,1.00,1.19
2014.11.04 09:05:39.166,1.17904,1.17918,1.50,1.00
2014.11.04 09:05:39.482,1.17904,1.17918,1.50,1.37
2014.11.04 09:05:39.988,1.17904,1.17918,1.50,1.37
2014.11.04 09:05:41.014,1.17904,1.17918,1.50,1.37
2014.11.04 09:05:42.003,1.17904,1.1792,1.87,2.06
2014.11.04 09:05:42.836,1.17906,1.1792,1.00,1.37
2014.11.04 09:05:44.369,1.17904,1.17919,1.12,1.37
2014.11.04 09:05:44.834,1.17904,1.17916,1.00,1.50
2014.11.04 09:05:45.037,1.17902,1.17916,1.00,1.87
2014.11.04 09:05:45.552,1.17901,1.17916,2.81,1.87
2014.11.04 09:05:46.789,1.17902,1.17917,1.00,2.62
2014.11.04 09:05:48.120,1.17902,1.17917,1.12,2.62
2014.11.04 09:05:48.324,1.17904,1.17918,1.00,1.87
2014.11.04 09:05:48.628,1.17902,1.17919,1.87,1.37
2014.11.04 09:05:48.881,1.17902,1.17919,1.50,1.62
2014.11.04 09:05:49.393,1.17902,1.17919,1.87,1.62
2014.11.04 09:05:50.922,1.17902,1.17918,1.50,1.37
2014.11.04 09:05:51.135,1.17902,1.17918,1.50,1.37
2014.11.04 09:05:51.929,1.17903,1.17918,1.00,1.37
2014.11.04 09:05:52.524,1.17904,1.17918,1.00,1.37
2014.11.04 09:05:53.033,1.17904,1.17918,1.00,1.37
2014.11.04 09:05:55.363,1.17904,1.17918,1.00,1.62
2014.11.04 09:05:55.872,1.17903,1.17918,1.50,1.62
2014.11.04 09:06:00.965,1.17903,1.17919,1.00,1.56
2014.11.04 09:06:03.698,1.17903,1.17919,1.00,2.06
2014.11.04 09:06:05.062,1.17903,1.1792,1.00,2.44
2014.11.04 09:06:05.468,1.17904,1.17917,1.00,1.75
2014.11.04 09:06:05.620,1.17899,1.17914,1.25,2.70
2014.11.04 09:06:06.127,1.17898,1.17913,1.25,1.50
2014.11.04 09:06:06.377,1.17898,1.17913,1.00,2.06
2014.11.04 09:06:06.913,1.17898,1.17913,1.00,2.06
2014.11.04 09:06:08.676,1.17898,1.17914,1.00,4.01
2014.11.04 09:06:09.925,1.17898,1.17913,1.00,1.62
2014.11.04 09:06:10.461,1.17898,1.17913,1.00,1.50
2014.11.04 09:06:10.563,1.17896,1.17913,1.00,1.37
2014.11.04 09:06:10.614,1.17896,1.17913,1.00,1.37
2014.11.04 09:06:11.223,1.17896,1.17913,1.00,2.81
2014.11.04 09:06:11.776,1.17896,1.17912,1.00,1.37
2014.11.04 09:06:14.368,1.17897,1.17913,1.00,3.56
2014.11.04 09:06:18.041,1.17897,1.17912,1.00,1.37
2014.11.04 09:06:18.589,1.17897,1.17912,1.00,1.37
2014.11.04 09:06:20.181,1.17897,1.17913,1.87,2.44
2014.11.04 09:06:21.252,1.17898,1.17913,1.00,1.87
2014.11.04 09:06:21.454,1.17901,1.17913,1.00,1.87
2014.11.04 09:06:22.838,1.17898,1.17913,1.00,1.87
2014.11.04 09:06:23.361,1.17898,1.17913,1.00,1.87
2014.11.04 09:06:23.741,1.179,1.17913,1.00,1.87
2014.11.04 09:06:23.943,1.17898,1.17913,1.00,1.87
2014.11.04 09:06:25.450,1.17898,1.17913,1.00,1.00
2014.11.04 09:06:29.146,1.17898,1.17913,1.00,2.06
2014.11.04 09:06:30.568,1.17898,1.17914,1.00,2.06
2014.11.04 09:06:30.872,1.17901,1.17915,1.12,1.50
2014.11.04 09:06:31.176,1.17903,1.17916,1.00,1.00
2014.11.04 09:06:31.706,1.17903,1.17917,1.00,1.31
2014.11.04 09:06:33.201,1.17904,1.17917,1.00,1.12
2014.11.04 09:06:38.271,1.17903,1.17917,1.50,1.00
2014.11.04 09:06:38.786,1.17904,1.17917,1.00,1.00
2014.11.04 09:06:39.344,1.17904,1.1792,1.87,2.81
2014.11.04 09:06:39.855,1.17905,1.1792,1.00,1.87
2014.11.04 09:06:40.376,1.17904,1.1792,1.31,2.62
2014.11.04 09:06:40.889,1.17904,1.1792,1.37,2.25
2014.11.04 09:06:50.282,1.17904,1.1792,1.12,1.50
2014.11.04 09:06:50.383,1.17904,1.17918,1.12,1.00
2014.11.04 09:06:53.700,1.17904,1.17918,1.00,1.37
2014.11.04 09:06:54.206,1.17903,1.17918,1.25,1.37
2014.11.04 09:06:55.366,1.17903,1.17918,1.00,1.37
2014.11.04 09:06:55.872,1.17903,1.17918,1.00,1.50
2014.11.04 09:06:56.254,1.17901,1.17916,1.50,1.37
2014.11.04 09:06:56.884,1.17901,1.17913,1.00,1.37
2014.11.04 09:06:57.390,1.179,1.17912,1.00,1.37
2014.11.04 09:06:57.936,1.179,1.17912,1.00,1.12
2014.11.04 09:06:58.315,1.179,1.17912,1.00,1.37
2014.11.04 09:06:58.417,1.17898,1.17913,1.00,1.50
2014.11.04 09:06:58.620,1.17895,1.17913,3.19,2.62
2014.11.04 09:06:59.378,1.17895,1.17912,2.44,1.00
2014.11.04 09:06:59.885,1.17895,1.17912,1.69,1.50
2014.11.04 09:07:00.594,1.17895,1.17912,1.50,1.50
2014.11.04 09:07:01.311,1.17895,1.17912,1.50,2.25
2014.11.04 09:07:01.852,1.17894,1.1791,1.00,1.87
2014.11.04 09:07:02.488,1.17895,1.17911,1.00,1.37
2014.11.04 09:07:03.475,1.17893,1.17909,1.25,3.37
2014.11.04 09:07:06.402,1.17893,1.17909,1.00,2.62
2014.11.04 09:07:09.341,1.17893,1.17909,1.00,2.62
2014.11.04 09:07:09.493,1.17896,1.17909,1.50,2.62
2014.11.04 09:07:09.544,1.17896,1.17909,1.50,1.12
2014.11.04 09:07:10.058,1.17895,1.17909,1.00,1.87
2014.11.04 09:07:10.626,1.17895,1.17909,1.00,1.87
2014.11.04 09:07:18.572,1.17893,1.17908,2.06,1.00
2014.11.04 09:07:23.384,1.17893,1.17908,2.06,1.00
2014.11.04 09:07:23.916,1.17893,1.17908,1.31,1.87
2014.11.04 09:07:24.452,1.17893,1.17908,1.31,1.50
2014.11.04 09:07:24.969,1.17893,1.17908,2.81,1.87
2014.11.04 09:07:30.143,1.17893,1.17908,1.00,1.87
2014.11.04 09:07:30.681,1.17894,1.17907,1.00,1.37
2014.11.04 09:07:30.783,1.17894,1.17907,1.00,1.12
2014.11.04 09:07:30.884,1.17894,1.17907,1.00,1.37
2014.11.04 09:07:30.986,1.17891,1.17907,1.31,1.12
2014.11.04 09:07:31.291,1.1789,1.17908,2.81,1.37
2014.11.04 09:07:31.876,1.17892,1.17908,1.62,1.12
2014.11.04 09:07:32.534,1.17891,1.17907,1.56,1.00
2014.11.04 09:07:33.365,1.17891,1.17907,1.69,1.37
2014.11.04 09:07:33.669,1.17889,1.17904,1.69,1.37
2014.11.04 09:07:33.720,1.17889,1.17903,1.00,1.37
2014.11.04 09:07:34.253,1.17889,1.17903,1.00,1.00
2014.11.04 09:07:34.771,1.17888,1.17903,1.25,1.50
2014.11.04 09:07:35.437,1.17887,1.17903,1.25,2.44
2014.11.04 09:07:35.488,1.17887,1.17901,2.06,1.00
2014.11.04 09:07:36.004,1.17889,1.17903,1.50,1.37
2014.11.04 09:07:37.534,1.17888,1.17902,1.31,1.12
2014.11.04 09:07:37.838,1.17887,1.179,1.31,1.00
2014.11.04 09:07:39.322,1.17887,1.17899,1.69,1.00
2014.11.04 09:07:39.626,1.17886,1.17899,1.50,1.37
2014.11.04 09:07:40.165,1.17883,1.17897,3.94,1.00
2014.11.04 09:07:40.623,1.17883,1.17898,1.31,1.00
2014.11.04 09:07:41.129,1.17883,1.179,1.31,3.37
2014.11.04 09:07:41.230,1.17885,1.179,1.00,2.62
2014.11.04 09:07:41.741,1.17886,1.17901,1.50,3.37
2014.11.04 09:07:42.251,1.17886,1.17899,1.00,1.00
2014.11.04 09:07:45.040,1.17886,1.179,1.00,1.12
2014.11.04 09:07:45.587,1.17885,1.179,1.25,1.37
2014.11.04 09:07:46.910,1.17885,1.179,1.00,1.12
2014.11.04 09:07:48.663,1.17885,1.179,1.37,1.00
2014.11.04 09:07:49.050,1.17886,1.17901,1.25,1.37
2014.11.04 09:07:49.151,1.17883,1.17899,1.19,1.37
2014.11.04 09:07:49.657,1.17883,1.17899,2.06,1.12
2014.11.04 09:07:50.421,1.17883,1.17899,2.06,1.12
2014.11.04 09:07:51.332,1.17885,1.17899,2.06,1.00
2014.11.04 09:07:51.535,1.17886,1.17901,1.19,1.00
2014.11.04 09:07:52.094,1.17887,1.17903,1.19,2.25
2014.11.04 09:07:52.602,1.17887,1.17904,1.69,1.00
2014.11.04 09:07:53.119,1.17887,1.17904,2.06,1.37
2014.11.04 09:07:53.671,1.17887,1.17904,1.69,1.37
2014.11.04 09:07:54.076,1.17887,1.17902,1.62,1.00
2014.11.04 09:07:54.177,1.17887,1.17902,1.62,1.00
2014.11.04 09:07:54.442,1.17887,1.17899,1.12,1.00
2014.11.04 09:07:54.544,1.17886,1.17902,1.37,1.25
2014.11.04 09:07:55.051,1.17887,1.17902,1.62,1.00
2014.11.04 09:07:55.405,1.17887,1.17901,1.00,1.37
2014.11.04 09:07:55.608,1.17889,1.17902,1.12,1.00
2014.11.04 09:07:56.115,1.17887,1.17902,1.62,1.00
2014.11.04 09:07:56.704,1.17887,1.17902,1.56,1.00
2014.11.04 09:07:56.854,1.17889,1.17902,1.87,1.00
2014.11.04 09:07:57.361,1.17887,1.17902,2.06,1.00
2014.11.04 09:07:57.564,1.17885,1.17899,1.87,1.12
2014.11.04 09:07:57.666,1.17883,1.17899,2.06,1.12
2014.11.04 09:07:57.818,1.17883,1.17897,1.69,1.00
2014.11.04 09:07:58.344,1.17883,1.17897,1.62,1.00
2014.11.04 09:07:59.606,1.17883,1.17897,1.56,1.00
2014.11.04 09:08:00.050,1.17885,1.17901,1.62,1.37
2014.11.04 09:08:00.101,1.17885,1.17901,2.06,1.00
2014.11.04 09:08:00.407,1.17889,1.17903,2.06,1.00
2014.11.04 09:08:00.829,1.17889,1.17903,1.25,1.00
2014.11.04 09:08:01.335,1.17889,1.17902,1.25,1.00
2014.11.04 09:08:05.435,1.17889,1.17904,1.00,2.62
2014.11.04 09:08:05.537,1.17891,1.17903,1.50,1.00
2014.11.04 09:08:06.027,1.17889,1.17903,1.00,1.50
2014.11.04 09:08:08.219,1.17889,1.17904,1.00,1.87
2014.11.04 09:08:09.434,1.17889,1.17904,1.62,1.50
2014.11.04 09:08:09.739,1.17889,1.17906,2.81,2.81
2014.11.04 09:08:09.941,1.17889,1.17904,1.87,1.50
2014.11.04 09:08:10.448,1.17889,1.17903,1.50,1.37
2014.11.04 09:08:10.627,1.17887,1.17901,1.25,1.00
2014.11.04 09:08:11.138,1.17886,1.179,1.69,1.00
2014.11.04 09:08:11.494,1.17884,1.17898,1.00,1.00
2014.11.04 09:08:11.696,1.17882,1.17898,1.69,1.00
2014.11.04 09:08:11.918,1.17882,1.17896,1.25,1.00
2014.11.04 09:08:12.373,1.17881,1.17898,4.01,1.00
2014.11.04 09:08:12.910,1.17881,1.17898,4.01,1.37
2014.11.04 09:08:13.429,1.17881,1.17898,4.01,1.37
2014.11.04 09:08:14.184,1.1788,1.17896,2.06,1.00
2014.11.04 09:08:16.097,1.1788,1.17896,2.06,1.00
2014.11.04 09:08:17.640,1.17881,1.17898,2.51,1.87
2014.11.04 09:08:20.577,1.17882,1.17898,1.87,1.50
2014.11.04 09:08:20.883,1.17885,1.17899,1.87,1.00
2014.11.04 09:08:21.289,1.17886,1.179,1.87,1.00
2014.11.04 09:08:21.492,1.17887,1.17902,1.00,1.50
2014.11.04 09:08:21.997,1.17886,1.17902,4.95,1.00
2014.11.04 09:08:22.324,1.17887,1.17903,1.62,1.00
2014.11.04 09:08:22.842,1.17888,1.17903,1.87,1.12
2014.11.04 09:08:24.590,1.17888,1.17903,2.06,1.37
2014.11.04 09:08:26.090,1.17888,1.17902,1.69,1.37
2014.11.04 09:08:26.598,1.17888,1.17902,1.19,1.12
2014.11.04 09:08:27.104,1.17888,1.17903,1.56,1.50
2014.11.04 09:08:28.713,1.17888,1.17903,1.37,2.25
2014.11.04 09:08:31.907,1.17888,1.17903,1.62,1.12
2014.11.04 09:08:32.453,1.17888,1.17902,1.62,1.00
2014.11.04 09:08:32.991,1.17888,1.17902,1.25,1.00
2014.11.04 09:08:36.403,1.17888,1.17903,1.00,1.50
2014.11.04 09:08:45.180,1.17888,1.17902,1.50,1.00
2014.11.04 09:08:46.557,1.17888,1.17902,1.87,1.00
2014.11.04 09:08:46.608,1.1789,1.17904,1.37,1.50
2014.11.04 09:08:46.710,1.17893,1.17904,1.00,1.50
2014.11.04 09:08:46.811,1.17893,1.17907,1.12,1.00
2014.11.04 09:08:46.862,1.17895,1.17907,1.00,1.00
2014.11.04 09:08:46.914,1.17895,1.17909,1.50,1.00
2014.11.04 09:08:46.965,1.17895,1.17911,1.50,3.00
2014.11.04 09:08:47.805,1.17896,1.17911,1.00,1.50
2014.11.04 09:08:48.426,1.17896,1.17911,1.00,1.87
2014.11.04 09:08:50.458,1.17896,1.17911,1.69,1.87
2014.11.04 09:08:50.610,1.17894,1.17909,1.00,1.62
2014.11.04 09:08:50.661,1.17894,1.17909,1.00,2.06
2014.11.04 09:08:50.772,1.17891,1.17908,1.00,1.37
2014.11.04 09:08:50.873,1.1789,1.17906,1.00,2.06
2014.11.04 09:08:50.975,1.17889,1.17905,1.00,1.12
2014.11.04 09:08:51.076,1.17887,1.17905,2.44,1.87
2014.11.04 09:08:51.734,1.17887,1.17905,2.81,2.62
2014.11.04 09:08:56.484,1.17887,1.17903,1.00,1.87
2014.11.04 09:08:57.016,1.17885,1.17902,1.69,1.37
2014.11.04 09:08:57.532,1.17885,1.17902,1.50,1.37
2014.11.04 09:09:00.574,1.17885,1.17902,1.50,2.25
2014.11.04 09:09:01.765,1.17885,1.17899,1.00,1.37
2014.11.04 09:09:02.505,1.17885,1.17901,1.00,1.37
2014.11.04 09:09:02.835,1.17882,1.17898,1.19,1.37
2014.11.04 09:09:03.494,1.17882,1.17898,1.00,1.87
2014.11.04 09:09:03.837,1.17882,1.17898,1.00,3.00
2014.11.04 09:09:12.271,1.17882,1.17898,1.00,1.87
2014.11.04 09:09:13.116,1.17882,1.17898,1.00,1.50
2014.11.04 09:09:14.775,1.17882,1.17898,1.00,1.37
2014.11.04 09:09:16.083,1.17882,1.17898,1.00,1.37
2014.11.04 09:09:16.588,1.17881,1.17896,1.25,1.37
2014.11.04 09:09:17.102,1.17881,1.17896,1.50,1.37
2014.11.04 09:09:17.714,1.17881,1.17896,1.50,1.37
2014.11.04 09:09:17.994,1.17881,1.17896,1.00,1.37
2014.11.04 09:09:18.502,1.1788,1.17895,1.00,1.37
2014.11.04 09:09:19.028,1.1788,1.17896,1.00,2.25
2014.11.04 09:09:19.130,1.1788,1.17896,1.00,1.87
2014.11.04 09:09:21.150,1.17882,1.17896,1.00,2.06
2014.11.04 09:09:21.251,1.1788,1.17896,1.00,2.06
2014.11.04 09:09:21.519,1.1788,1.17896,1.00,2.06
2014.11.04 09:09:22.037,1.17879,1.17895,1.69,1.37
2014.11.04 09:09:22.877,1.17879,1.17895,1.69,1.87
2014.11.04 09:09:23.724,1.17879,1.17895,2.06,1.87
2014.11.04 09:09:24.131,1.17881,1.17895,1.62,1.00
2014.11.04 09:09:24.233,1.1788,1.17894,1.37,1.00
2014.11.04 09:09:24.770,1.1788,1.17897,1.37,2.62
2014.11.04 09:09:25.294,1.1788,1.17896,1.00,2.62
2014.11.04 09:09:25.800,1.1788,1.17896,1.37,2.62
2014.11.04 09:09:30.102,1.17881,1.17897,1.00,1.87
2014.11.04 09:09:30.605,1.1788,1.17897,1.69,2.62
2014.11.04 09:09:31.372,1.17879,1.17896,1.31,1.37
2014.11.04 09:09:32.400,1.17879,1.17896,1.31,1.62
2014.11.04 09:09:32.938,1.17879,1.17896,1.25,1.62
2014.11.04 09:09:33.457,1.17879,1.17896,1.19,1.37
2014.11.04 09:09:33.963,1.17879,1.17896,1.19,1.87
2014.11.04 09:09:34.471,1.1788,1.17896,1.69,1.37
2014.11.04 09:09:35.103,1.17881,1.17896,1.00,1.37
2014.11.04 09:09:36.616,1.17881,1.17896,1.00,1.12
2014.11.04 09:09:37.121,1.17882,1.17896,1.00,1.12
2014.11.04 09:09:38.579,1.17882,1.17896,1.00,1.37
2014.11.04 09:09:39.585,1.17882,1.17896,1.00,1.37
2014.11.04 09:09:39.737,1.1788,1.17896,2.25,1.37
2014.11.04 09:09:39.989,1.1788,1.17896,2.25,1.50
2014.11.04 09:09:40.519,1.17879,1.17895,1.50,1.87
2014.11.04 09:09:40.824,1.17877,1.1789,1.00,2.25
2014.11.04 09:09:41.078,1.17874,1.17888,1.50,1.50
2014.11.04 09:09:41.938,1.17874,1.17889,1.00,1.75
2014.11.04 09:09:42.040,1.17872,1.17887,1.00,2.25
2014.11.04 09:09:42.574,1.17871,1.17887,1.00,2.25
2014.11.04 09:09:43.134,1.17871,1.17887,1.00,2.06
2014.11.04 09:09:43.641,1.17872,1.17888,1.50,1.94
2014.11.04 09:09:44.918,1.17872,1.17888,1.50,1.62
2014.11.04 09:09:45.754,1.17872,1.17888,1.50,1.37
2014.11.04 09:09:47.957,1.17873,1.17888,1.00,1.37
2014.11.04 09:09:48.646,1.17873,1.17888,1.00,1.37
2014.11.04 09:09:58.590,1.17873,1.17888,3.19,1.37
2014.11.04 09:09:58.895,1.17877,1.17891,1.00,1.69
2014.11.04 09:09:59.115,1.17877,1.17892,1.00,1.56
2014.11.04 09:09:59.321,1.17877,1.17893,1.25,2.81
2014.11.04 09:09:59.474,1.17877,1.17893,1.69,1.87
2014.11.04 09:09:59.864,1.17878,1.17895,1.19,3.19
2014.11.04 09:09:59.916,1.17877,1.17894,3.19,1.12
2014.11.04 09:10:00.017,1.17877,1.17893,1.25,1.25
2014.11.04 09:10:00.426,1.17877,1.17893,1.25,2.44
2014.11.04 09:10:03.715,1.17878,1.17893,1.00,2.44
2014.11.04 09:10:04.263,1.17878,1.17893,1.00,2.44
2014.11.04 09:10:05.228,1.17878,1.17891,1.00,1.75
2014.11.04 09:10:05.279,1.17875,1.17891,1.69,2.25
2014.11.04 09:10:05.791,1.17874,1.1789,1.69,1.69
2014.11.04 09:10:06.299,1.17873,1.17888,1.00,1.37
2014.11.04 09:10:06.806,1.17873,1.17889,1.37,1.25
2014.11.04 09:10:07.008,1.17877,1.17891,1.00,1.37
2014.11.04 09:10:07.262,1.17875,1.17891,1.25,1.37
2014.11.04 09:10:07.800,1.17875,1.17891,1.25,1.37
2014.11.04 09:10:08.454,1.17875,1.17891,1.25,1.37
2014.11.04 09:10:10.054,1.17875,1.17891,1.37,1.37
2014.11.04 09:10:11.718,1.17875,1.17891,1.00,1.00
2014.11.04 09:10:11.820,1.17876,1.17891,1.19,1.00
2014.11.04 09:10:11.973,1.17877,1.17894,2.06,2.44
2014.11.04 09:10:12.076,1.17878,1.17894,2.81,1.00
2014.11.04 09:10:12.430,1.1788,1.17897,2.81,1.87
2014.11.04 09:10:13.341,1.17881,1.17897,1.69,1.87
2014.11.04 09:10:13.852,1.17881,1.17897,2.06,2.62
2014.11.04 09:10:15.240,1.17879,1.17896,5.81,1.37
2014.11.04 09:10:15.751,1.17879,1.17896,5.06,1.37
2014.11.04 09:10:16.475,1.17879,1.17896,5.81,1.37
2014.11.04 09:10:17.093,1.17879,1.17896,5.81,1.37
2014.11.04 09:10:17.766,1.17879,1.17896,4.31,1.37
2014.11.04 09:10:18.176,1.1788,1.17895,1.00,1.37
2014.11.04 09:10:18.477,1.17877,1.17893,1.00,1.87
2014.11.04 09:10:18.882,1.17877,1.17891,1.37,1.00
2014.11.04 09:10:18.984,1.1788,1.17893,1.00,1.00
2014.11.04 09:10:19.163,1.1788,1.17895,1.00,1.87
2014.11.04 09:10:19.670,1.17881,1.17897,1.50,5.40
2014.11.04 09:10:19.977,1.17881,1.17896,1.50,1.37
2014.11.04 09:10:20.595,1.17881,1.17897,1.50,1.87
2014.11.04 09:10:23.813,1.1788,1.17896,2.62,1.37
2014.11.04 09:10:25.891,1.1788,1.17897,2.44,1.87
2014.11.04 09:10:26.144,1.17878,1.17893,1.00,1.87
2014.11.04 09:10:26.347,1.17876,1.17891,2.62,1.00
2014.11.04 09:10:26.876,1.17876,1.17892,2.62,2.62
2014.11.04 09:10:27.028,1.17876,1.17892,4.12,2.25
2014.11.04 09:10:27.685,1.17876,1.17892,3.37,1.50
2014.11.04 09:10:29.737,1.17876,1.17892,2.44,1.50
2014.11.04 09:10:29.889,1.1788,1.17894,2.32,1.00
2014.11.04 09:10:29.990,1.1788,1.17897,2.32,2.62
2014.11.04 09:10:30.779,1.17881,1.17897,2.06,1.87
2014.11.04 09:10:31.796,1.17881,1.17897,1.31,2.62
2014.11.04 09:10:32.308,1.17882,1.17897,1.50,1.50
2014.11.04 09:10:33.700,1.17881,1.17897,3.56,1.87
2014.11.04 09:10:38.705,1.17882,1.17897,1.00,1.12
2014.11.04 09:10:39.212,1.17881,1.17897,2.06,1.12
2014.11.04 09:10:39.867,1.17881,1.17897,2.06,1.12
2014.11.04 09:10:41.439,1.17881,1.17897,2.81,1.00
2014.11.04 09:10:41.541,1.17885,1.17897,1.00,1.00
2014.11.04 09:10:42.082,1.17884,1.179,1.50,1.87
2014.11.04 09:10:42.285,1.17882,1.179,3.37,1.87
2014.11.04 09:10:42.832,1.17882,1.179,3.56,1.87
2014.11.04 09:10:43.528,1.17882,1.179,3.19,2.25
2014.11.04 09:10:43.991,1.17882,1.179,4.69,1.87
2014.11.04 09:10:44.627,1.17882,1.179,5.06,1.87
2014.11.04 09:10:45.677,1.17882,1.17899,5.06,1.37
2014.11.04 09:10:45.880,1.17882,1.17899,3.56,1.37
2014.11.04 09:10:46.182,1.17885,1.17898,1.00,1.00
2014.11.04 09:10:46.695,1.17883,1.17899,1.12,1.87
2014.11.04 09:10:47.018,1.17883,1.17899,1.12,2.62
2014.11.04 09:10:50.903,1.17883,1.17899,1.37,1.00
2014.11.04 09:10:51.446,1.17883,1.17899,2.81,1.87
2014.11.04 09:10:52.073,1.17883,1.17899,1.25,1.87
2014.11.04 09:10:53.406,1.17883,1.17899,1.19,1.37
2014.11.04 09:10:55.088,1.17883,1.17899,1.12,1.87
2014.11.04 09:10:56.090,1.17883,1.17899,3.26,1.87
2014.11.04 09:10:56.449,1.17883,1.17899,3.26,1.87
2014.11.04 09:10:56.968,1.17883,1.17899,1.25,2.62
2014.11.04 09:11:00.114,1.17883,1.17899,1.25,1.87
2014.11.04 09:11:03.315,1.17883,1.17899,2.44,1.87
2014.11.04 09:11:03.856,1.17886,1.17899,1.50,1.87
2014.11.04 09:11:04.261,1.17883,1.17899,2.25,1.87
2014.11.04 09:11:04.653,1.17883,1.17899,2.25,1.87
2014.11.04 09:11:04.957,1.17883,1.17898,1.50,1.75
2014.11.04 09:11:05.059,1.17881,1.17897,1.00,1.75
2014.11.04 09:11:05.160,1.17879,1.17895,1.50,2.25
2014.11.04 09:11:05.414,1.17879,1.17893,1.00,1.69
2014.11.04 09:11:05.515,1.17877,1.17893,2.25,1.69
2014.11.04 09:11:05.617,1.17877,1.1789,3.00,1.00
2014.11.04 09:11:06.162,1.17877,1.1789,3.56,1.00
2014.11.04 09:11:06.840,1.17877,1.17893,1.87,1.62
2014.11.04 09:11:09.332,1.17877,1.17893,1.50,1.37
2014.11.04 09:11:09.535,1.17877,1.17891,1.00,1.00
2014.11.04 09:11:09.687,1.17879,1.17891,1.00,1.00
2014.11.04 09:11:09.738,1.17879,1.17894,1.00,1.00
2014.11.04 09:11:10.244,1.17879,1.17895,1.50,1.00
2014.11.04 09:11:10.710,1.17883,1.17896,1.00,1.00
2014.11.04 09:11:10.811,1.17883,1.17898,1.00,1.00
2014.11.04 09:11:11.014,1.17885,1.17898,1.00,1.00
2014.11.04 09:11:11.570,1.17885,1.179,1.00,1.00
2014.11.04 09:11:11.894,1.17884,1.179,1.62,1.00
2014.11.04 09:11:12.148,1.17888,1.17903,1.56,1.12
2014.11.04 09:11:12.452,1.17888,1.17902,1.00,1.62
2014.11.04 09:11:12.959,1.17886,1.17902,1.87,1.31
2014.11.04 09:11:13.549,1.17886,1.17902,1.50,1.00
2014.11.04 09:11:14.683,1.17886,1.17902,1.87,1.37
2014.11.04 09:11:14.987,1.17889,1.17904,1.37,1.25
2014.11.04 09:11:15.291,1.17887,1.17902,1.50,1.00
2014.11.04 09:11:15.443,1.17888,1.17902,1.69,1.00
2014.11.04 09:11:15.596,1.17889,1.17904,1.25,1.00
2014.11.04 09:11:15.748,1.1789,1.17906,2.25,1.00
2014.11.04 09:11:15.799,1.1789,1.17904,2.25,1.00
2014.11.04 09:11:15.909,1.1789,1.17906,2.25,1.00
2014.11.04 09:11:16.914,1.1789,1.17906,2.62,1.00
2014.11.04 09:11:17.421,1.1789,1.17906,2.81,1.12
2014.11.04 09:11:18.079,1.1789,1.17906,2.81,1.00
2014.11.04 09:11:18.664,1.1789,1.17906,2.81,1.00
2014.11.04 09:11:19.184,1.1789,1.17906,2.81,1.00
2014.11.04 09:11:20.203,1.1789,1.17906,2.62,1.00
2014.11.04 09:11:20.709,1.1789,1.17906,2.62,1.12
2014.11.04 09:11:21.226,1.1789,1.17906,2.62,1.00
2014.11.04 09:11:23.214,1.1789,1.17906,2.44,1.37
2014.11.04 09:11:23.366,1.1789,1.17902,1.25,1.00
2014.11.04 09:11:23.552,1.17888,1.17902,1.50,1.00
2014.11.04 09:11:23.754,1.17887,1.17901,1.00,1.37
2014.11.04 09:11:24.260,1.17885,1.17902,1.69,1.00
2014.11.04 09:11:24.617,1.17888,1.17902,1.00,1.00
2014.11.04 09:11:24.668,1.17889,1.17904,1.00,1.25
2014.11.04 09:11:24.720,1.17889,1.17906,1.00,1.25
2014.11.04 09:11:25.226,1.1789,1.17906,1.50,1.25
2014.11.04 09:11:25.530,1.1789,1.17906,5.44,1.00
2014.11.04 09:11:25.581,1.17891,1.17908,1.69,1.00
2014.11.04 09:11:26.113,1.17892,1.17907,1.69,1.00
2014.11.04 09:11:26.644,1.17892,1.17907,2.06,1.00
2014.11.04 09:11:27.404,1.17892,1.17908,3.56,1.50
2014.11.04 09:11:28.039,1.17892,1.17908,3.56,1.50
2014.11.04 09:11:28.343,1.17896,1.1791,1.75,1.00
2014.11.04 09:11:28.547,1.17902,1.17915,1.00,1.95
2014.11.04 09:11:28.598,1.17902,1.17918,1.00,1.50
2014.11.04 09:11:28.649,1.17902,1.17916,1.00,1.00
2014.11.04 09:11:29.156,1.17902,1.17915,1.50,1.00
2014.11.04 09:11:29.359,1.17899,1.17913,1.00,1.50
2014.11.04 09:11:29.512,1.17897,1.17913,1.00,1.50
2014.11.04 09:11:30.031,1.17898,1.17912,2.25,1.00
2014.11.04 09:11:30.184,1.17898,1.1791,1.87,1.00
2014.11.04 09:11:30.473,1.17898,1.17912,1.12,1.00
2014.11.04 09:11:31.588,1.17898,1.17914,1.12,2.25
2014.11.04 09:11:33.153,1.17898,1.17912,1.12,1.00
2014.11.04 09:11:33.355,1.17898,1.17914,1.37,2.25
2014.11.04 09:11:33.407,1.17898,1.17914,1.37,2.25
2014.11.04 09:11:33.710,1.179,1.17916,1.87,2.25
2014.11.04 09:11:34.115,1.17903,1.17917,1.00,1.12
2014.11.04 09:11:34.536,1.17904,1.17918,1.00,1.37
2014.11.04 09:11:34.688,1.17901,1.17916,1.00,3.07
2014.11.04 09:11:35.192,1.179,1.17914,1.00,1.37
2014.11.04 09:11:35.604,1.17902,1.17916,1.50,1.50
2014.11.04 09:11:35.908,1.17904,1.17918,1.00,1.37
2014.11.04 09:11:39.315,1.17902,1.17918,4.12,1.37
2014.11.04 09:11:39.672,1.17904,1.17919,1.87,2.70
2014.11.04 09:11:39.875,1.17905,1.17921,1.12,1.87
2014.11.04 09:11:39.977,1.17905,1.1792,1.37,1.00
2014.11.04 09:11:41.957,1.17906,1.17922,1.87,1.00
2014.11.04 09:11:42.499,1.17907,1.17924,1.87,5.32
2014.11.04 09:11:43.047,1.17907,1.17924,1.87,4.57
2014.11.04 09:11:43.364,1.17907,1.17923,1.00,1.37
2014.11.04 09:11:43.833,1.17907,1.17919,1.00,1.00
2014.11.04 09:11:44.967,1.17907,1.17921,1.00,1.87
2014.11.04 09:11:45.790,1.17907,1.17921,1.00,1.87
2014.11.04 09:11:45.892,1.17906,1.17919,1.00,1.37
2014.11.04 09:11:46.215,1.17906,1.17918,1.69,1.00
2014.11.04 09:11:46.468,1.17905,1.17916,1.00,1.00
2014.11.04 09:11:47.044,1.17904,1.17918,1.00,1.00
2014.11.04 09:11:47.351,1.17904,1.1792,1.00,1.00
2014.11.04 09:11:47.866,1.17904,1.1792,1.56,1.37
2014.11.04 09:11:48.528,1.17903,1.1792,3.56,1.12
2014.11.04 09:11:48.782,1.17903,1.17918,2.81,1.00
2014.11.04 09:11:50.032,1.17904,1.17918,1.12,1.00
2014.11.04 09:11:50.134,1.17904,1.1792,1.12,2.06
2014.11.04 09:11:50.336,1.17904,1.17918,1.25,1.12
2014.11.04 09:11:50.641,1.17903,1.17918,1.56,1.00
2014.11.04 09:11:50.743,1.17905,1.1792,1.37,2.62
2014.11.04 09:11:52.439,1.17905,1.1792,1.00,1.87
2014.11.04 09:11:52.744,1.17904,1.17918,1.12,1.00
2014.11.04 09:11:53.613,1.17903,1.17918,2.81,1.00
2014.11.04 09:11:55.200,1.17903,1.17918,2.81,1.00
2014.11.04 09:11:55.643,1.17903,1.17918,2.06,1.00
2014.11.04 09:11:56.162,1.17902,1.17917,4.31,1.00
2014.11.04 09:11:56.691,1.17904,1.17917,1.00,1.00
2014.11.04 09:11:57.707,1.17904,1.17917,2.81,1.00
2014.11.04 09:11:58.220,1.17904,1.17917,2.25,1.00
2014.11.04 09:11:58.322,1.17904,1.17916,1.50,1.37
2014.11.04 09:11:58.475,1.179,1.17913,1.12,1.00
2014.11.04 09:11:58.981,1.17899,1.17914,1.00,1.00
2014.11.04 09:11:59.662,1.17899,1.17914,1.37,1.12
2014.11.04 09:12:00.183,1.17899,1.17914,1.12,1.00
2014.11.04 09:12:00.235,1.17899,1.17914,1.37,1.00
2014.11.04 09:12:00.640,1.17899,1.17912,1.37,1.00
2014.11.04 09:12:00.844,1.17902,1.17917,1.00,1.00
2014.11.04 09:12:01.249,1.17904,1.17917,1.00,1.00
2014.11.04 09:12:02.258,1.17904,1.17917,1.00,1.37
2014.11.04 09:12:02.309,1.17901,1.17917,2.25,1.37
2014.11.04 09:12:02.461,1.179,1.17913,1.50,3.07
2014.11.04 09:12:02.563,1.179,1.17913,1.50,3.82
2014.11.04 09:12:02.716,1.179,1.17911,1.50,1.00
2014.11.04 09:12:03.645,1.17896,1.17911,1.50,1.69
2014.11.04 09:12:04.232,1.17895,1.17911,1.00,2.06
2014.11.04 09:12:06.395,1.17895,1.17911,1.31,1.87
2014.11.04 09:12:07.648,1.17895,1.17911,1.00,1.87
2014.11.04 09:12:10.758,1.17895,1.17909,1.00,1.00
2014.11.04 09:12:11.264,1.17895,1.17909,1.00,1.37
2014.11.04 09:12:11.670,1.17896,1.17911,1.00,1.56
2014.11.04 09:12:13.063,1.17896,1.17912,1.00,5.51
2014.11.04 09:12:13.183,1.17896,1.17912,1.12,5.51
2014.11.04 09:12:13.386,1.17896,1.17912,1.37,2.06
2014.11.04 09:12:13.729,1.17897,1.17912,1.87,1.00
2014.11.04 09:12:14.269,1.17898,1.17913,1.37,1.50
2014.11.04 09:12:14.885,1.17898,1.17913,1.25,1.87
2014.11.04 09:12:15.404,1.17896,1.17911,2.44,1.37
2014.11.04 09:12:15.608,1.17896,1.1791,1.69,1.37
2014.11.04 09:12:16.146,1.17896,1.1791,1.31,1.00
2014.11.04 09:12:16.210,1.17896,1.1791,1.62,1.00
2014.11.04 09:12:16.717,1.17898,1.1791,1.37,1.00
2014.11.04 09:12:16.993,1.17896,1.1791,1.19,1.00
2014.11.04 09:12:18.881,1.17897,1.17913,2.62,2.62
2014.11.04 09:12:24.420,1.17897,1.17913,2.81,2.25
2014.11.04 09:12:26.514,1.17897,1.17913,2.44,2.25
2014.11.04 09:12:26.615,1.17897,1.17913,2.44,2.62
2014.11.04 09:12:26.717,1.17897,1.17912,2.06,1.00
2014.11.04 09:12:26.818,1.17898,1.17912,1.37,1.00
2014.11.04 09:12:27.021,1.17897,1.17913,1.25,1.50
2014.11.04 09:12:27.072,1.17899,1.17913,1.00,1.00
2014.11.04 09:12:27.394,1.17901,1.17916,1.50,1.00
2014.11.04 09:12:27.598,1.179,1.17918,3.19,2.25
2014.11.04 09:12:27.751,1.17902,1.17919,2.06,1.37
2014.11.04 09:12:28.284,1.17903,1.17919,1.00,1.87
2014.11.04 09:12:29.740,1.17903,1.17919,1.00,1.87
2014.11.04 09:12:30.353,1.17903,1.17918,1.37,1.12
2014.11.04 09:12:33.216,1.17903,1.17917,1.19,1.00
2014.11.04 09:12:33.317,1.17902,1.17916,1.87,1.12
2014.11.04 09:12:35.291,1.17902,1.17913,1.50,1.00
2014.11.04 09:12:35.494,1.17902,1.17916,2.62,1.00
2014.11.04 09:12:36.006,1.17901,1.17916,1.37,1.00
2014.11.04 09:12:36.825,1.17902,1.17917,1.87,1.00
2014.11.04 09:12:36.876,1.17907,1.17917,1.50,1.00
2014.11.04 09:12:36.977,1.17907,1.1792,1.87,1.50
2014.11.04 09:12:37.331,1.17907,1.17922,4.12,1.50
2014.11.04 09:12:37.383,1.17907,1.17922,4.12,1.50
2014.11.04 09:12:37.788,1.17909,1.17924,1.00,1.00
2014.11.04 09:12:38.142,1.1791,1.17926,1.00,1.00
2014.11.04 09:12:38.554,1.1791,1.17926,2.62,1.95
2014.11.04 09:12:38.655,1.17913,1.17928,1.00,3.19
2014.11.04 09:12:38.757,1.17917,1.17928,1.00,2.25
2014.11.04 09:12:38.858,1.17917,1.17933,1.00,1.25
2014.11.04 09:12:38.909,1.17919,1.17933,1.00,1.00
2014.11.04 09:12:39.214,1.17922,1.17936,1.00,1.00
2014.11.04 09:12:39.829,1.17923,1.17936,1.00,1.00
2014.11.04 09:12:40.032,1.17924,1.17938,1.00,1.00
2014.11.04 09:12:40.227,1.17927,1.17939,1.00,1.00
2014.11.04 09:12:40.496,1.17925,1.1794,1.50,1.00
2014.11.04 09:12:41.681,1.17926,1.17942,1.50,1.25
2014.11.04 09:12:44.776,1.17926,1.17942,1.37,1.31
2014.11.04 09:12:45.909,1.17927,1.17943,1.12,1.50
2014.11.04 09:12:47.372,1.17927,1.17943,1.37,1.50
2014.11.04 09:12:48.714,1.17927,1.17943,1.37,2.25
2014.11.04 09:12:49.219,1.17931,1.17943,1.00,1.00
2014.11.04 09:12:49.644,1.17931,1.17945,1.37,1.50
2014.11.04 09:12:49.898,1.17931,1.17945,1.37,1.00
2014.11.04 09:12:49.999,1.17932,1.17945,1.00,1.00
2014.11.04 09:12:50.152,1.17933,1.17947,1.00,1.00
2014.11.04 09:12:50.304,1.17935,1.17947,1.00,1.00
2014.11.04 09:12:50.812,1.17934,1.17947,1.00,1.00
2014.11.04 09:12:51.398,1.17934,1.17947,1.37,1.00
2014.11.04 09:12:52.002,1.17934,1.17947,1.12,1.00
2014.11.04 09:12:52.509,1.17934,1.17948,1.00,1.00
2014.11.04 09:12:53.148,1.17934,1.1795,1.00,1.00
2014.11.04 09:12:53.351,1.17936,1.17949,1.95,1.00
2014.11.04 09:12:53.656,1.17937,1.17951,1.00,1.25
2014.11.04 09:12:54.195,1.17938,1.17953,1.00,2.06
2014.11.04 09:12:54.464,1.17938,1.17953,1.00,1.12
2014.11.04 09:12:55.029,1.17938,1.17953,1.37,1.12
2014.11.04 09:12:56.738,1.17938,1.17953,1.12,1.31
2014.11.04 09:13:01.744,1.17939,1.17954,1.00,1.19
2014.11.04 09:13:02.600,1.17939,1.17955,1.00,3.56
2014.11.04 09:13:02.702,1.17937,1.17952,1.00,1.37
2014.11.04 09:13:03.225,1.17936,1.17952,1.50,1.37
2014.11.04 09:13:03.479,1.17938,1.17953,1.50,2.25
2014.11.04 09:13:03.580,1.1794,1.17953,1.00,2.25
2014.11.04 09:13:03.682,1.17938,1.17954,1.00,1.50
2014.11.04 09:13:04.209,1.17938,1.17953,1.00,1.25
2014.11.04 09:13:04.618,1.17938,1.17951,1.00,1.00
2014.11.04 09:13:04.872,1.17936,1.1795,1.00,1.00
2014.11.04 09:13:05.125,1.17939,1.17952,1.00,1.00
2014.11.04 09:13:05.667,1.17939,1.17953,1.00,1.00
2014.11.04 09:13:06.186,1.17938,1.17953,1.00,1.00
2014.11.04 09:13:06.699,1.17937,1.17953,1.87,1.87
2014.11.04 09:13:07.003,1.1794,1.17953,1.00,1.00
2014.11.04 09:13:07.308,1.17944,1.17957,1.00,1.62
2014.11.04 09:13:07.561,1.17943,1.17959,1.00,1.19
2014.11.04 09:13:07.713,1.17942,1.1796,1.25,1.69
2014.11.04 09:13:07.764,1.17945,1.1796,1.00,1.19
2014.11.04 09:13:07.916,1.17946,1.17961,1.00,1.50
2014.11.04 09:13:08.069,1.17945,1.17959,1.00,1.50
2014.11.04 09:13:08.323,1.17939,1.17957,4.50,1.50
2014.11.04 09:13:08.532,1.17941,1.17957,1.00,1.00
2014.11.04 09:13:09.563,1.17941,1.17958,1.50,2.44
2014.11.04 09:13:10.840,1.17941,1.17956,1.50,1.50
2014.11.04 09:13:11.043,1.17941,1.17957,1.50,2.06
2014.11.04 09:13:11.548,1.1794,1.17955,1.00,1.37
2014.11.04 09:13:11.954,1.1794,1.17956,1.00,2.06
2014.11.04 09:13:12.056,1.17941,1.17956,1.00,1.12
2014.11.04 09:13:12.106,1.17943,1.17956,1.50,1.12
2014.11.04 09:13:12.410,1.17945,1.1796,1.00,1.37
2014.11.04 09:13:13.877,1.17945,1.17961,1.00,6.64
2014.11.04 09:13:14.332,1.17943,1.17959,1.00,5.70
2014.11.04 09:13:22.487,1.17944,1.17956,1.00,1.37
2014.11.04 09:13:23.350,1.17943,1.17956,1.00,1.37
2014.11.04 09:13:25.788,1.17942,1.17956,1.00,1.37
2014.11.04 09:13:26.318,1.17941,1.17957,2.25,1.87
2014.11.04 09:13:26.975,1.17941,1.17957,1.00,2.62
2014.11.04 09:13:27.489,1.1794,1.17956,2.25,1.37
2014.11.04 09:13:28.103,1.1794,1.17956,1.00,1.37
2014.11.04 09:13:29.384,1.1794,1.17956,1.00,1.62
2014.11.04 09:13:29.485,1.1794,1.17956,1.00,1.62
2014.11.04 09:13:31.631,1.17941,1.17956,1.50,1.37
2014.11.04 09:13:35.295,1.17941,1.17957,1.50,2.62
2014.11.04 09:13:35.447,1.17941,1.17957,1.50,1.87
2014.11.04 09:13:35.548,1.17941,1.17957,1.12,1.50
2014.11.04 09:13:35.650,1.17943,1.17957,1.69,1.00
2014.11.04 09:13:35.949,1.17946,1.1796,1.00,1.12
2014.11.04 09:13:36.458,1.17947,1.17962,1.50,1.00
2014.11.04 09:13:36.509,1.1795,1.17962,1.00,1.00
2014.11.04 09:13:36.561,1.1795,1.17964,1.00,1.00
2014.11.04 09:13:36.687,1.17952,1.17966,1.00,1.00
2014.11.04 09:13:36.940,1.17953,1.17968,1.00,2.25
2014.11.04 09:13:37.447,1.17954,1.17967,1.50,1.00
2014.11.04 09:13:37.600,1.17952,1.17967,1.50,1.00
2014.11.04 09:13:38.108,1.17951,1.17967,1.00,1.50
2014.11.04 09:13:38.462,1.17951,1.17967,1.00,1.87
2014.11.04 09:13:40.099,1.17951,1.17966,1.00,1.62
2014.11.04 09:13:40.650,1.17951,1.17966,1.00,1.62
2014.11.04 09:13:41.069,1.17949,1.17966,2.25,1.62
2014.11.04 09:13:41.577,1.1795,1.17966,1.50,1.62
2014.11.04 09:13:42.183,1.17949,1.17966,1.69,1.37
2014.11.04 09:13:42.567,1.17949,1.17966,1.69,1.00
2014.11.04 09:13:42.720,1.17949,1.17963,1.25,1.37
2014.11.04 09:13:42.873,1.17945,1.17962,2.44,1.37
2014.11.04 09:13:43.328,1.17945,1.17961,1.25,1.37
2014.11.04 09:13:43.874,1.17945,1.17959,1.00,1.12
2014.11.04 09:13:44.382,1.17945,1.17959,1.00,1.37
2014.11.04 09:13:44.535,1.17945,1.17959,1.00,1.37
2014.11.04 09:13:44.813,1.17943,1.17955,1.00,1.12
2014.11.04 09:13:45.366,1.17944,1.17955,1.50,1.00
2014.11.04 09:13:45.417,1.17944,1.17958,1.50,1.00
2014.11.04 09:13:45.934,1.17943,1.17958,2.62,1.00
2014.11.04 09:13:46.719,1.17944,1.17958,1.50,1.00
2014.11.04 09:13:48.585,1.17943,1.17958,1.12,1.00
2014.11.04 09:13:50.012,1.17944,1.17958,1.50,1.00
2014.11.04 09:13:50.521,1.17944,1.17957,1.50,1.00
2014.11.04 09:13:51.042,1.17943,1.17957,2.62,1.00
2014.11.04 09:13:52.221,1.17943,1.17957,1.00,1.37
2014.11.04 09:13:52.569,1.17941,1.17955,2.44,1.37
2014.11.04 09:13:52.671,1.1794,1.17954,3.00,1.37
2014.11.04 09:13:53.177,1.17941,1.17953,1.00,1.12
2014.11.04 09:13:55.062,1.17941,1.17954,1.00,1.00
2014.11.04 09:13:58.261,1.17941,1.17955,1.00,1.00
2014.11.04 09:13:59.572,1.17941,1.17955,1.00,1.37
2014.11.04 09:14:00.079,1.17941,1.17957,2.25,3.37
2014.11.04 09:14:00.283,1.17942,1.17957,1.00,3.37
2014.11.04 09:14:00.494,1.17941,1.17955,1.50,1.12
2014.11.04 09:14:00.799,1.17937,1.17951,1.00,1.00
2014.11.04 09:14:01.002,1.17933,1.17951,2.44,3.45
2014.11.04 09:14:01.103,1.17933,1.17948,1.69,1.00
2014.11.04 09:14:01.529,1.17937,1.17947,1.50,1.00
2014.11.04 09:14:01.682,1.17937,1.17949,1.50,1.00
2014.11.04 09:14:01.783,1.17933,1.17949,2.25,1.50
2014.11.04 09:14:02.223,1.17933,1.17949,2.25,1.37
2014.11.04 09:14:02.749,1.17935,1.17949,1.50,1.37
2014.11.04 09:14:03.207,1.17933,1.1795,1.69,3.00
2014.11.04 09:14:03.728,1.17933,1.1795,1.00,3.00
2014.11.04 09:14:04.013,1.17933,1.1795,1.00,1.87
2014.11.04 09:14:04.562,1.17933,1.1795,1.50,1.87
2014.11.04 09:14:05.072,1.17933,1.17949,1.25,1.37
2014.11.04 09:14:05.225,1.17933,1.17949,1.25,1.37
2014.11.04 09:14:09.946,1.17932,1.17949,2.44,2.62
2014.11.04 09:14:12.437,1.17933,1.17949,1.25,3.37
2014.11.04 09:14:12.949,1.17933,1.17948,1.25,1.37
2014.11.04 09:14:15.685,1.17933,1.17948,1.00,1.37
2014.11.04 09:14:15.888,1.17933,1.17947,1.00,1.25
2014.11.04 09:14:15.990,1.17931,1.17944,2.25,1.00
2014.11.04 09:14:16.294,1.1793,1.17946,1.69,1.00
2014.11.04 09:14:16.548,1.17931,1.17944,1.25,1.00
2014.11.04 09:14:16.873,1.17931,1.17947,1.00,3.00
2014.11.04 09:14:17.382,1.17932,1.17948,1.50,1.87
2014.11.04 09:14:17.884,1.17931,1.17946,1.19,1.50
2014.11.04 09:14:18.091,1.17927,1.17943,2.44,1.50
2014.11.04 09:14:18.900,1.17927,1.17943,1.50,1.00
2014.11.04 09:14:19.260,1.17931,1.17945,1.00,1.37
2014.11.04 09:14:19.311,1.17931,1.17945,1.00,1.37
2014.11.04 09:14:19.514,1.17931,1.17946,1.00,1.00
2014.11.04 09:14:19.716,1.17933,1.17949,1.50,1.50
2014.11.04 09:14:20.386,1.17934,1.17949,1.00,2.25
2014.11.04 09:14:22.029,1.17934,1.17949,1.00,1.87
2014.11.04 09:14:22.489,1.17932,1.17949,1.12,1.87
2014.11.04 09:14:22.590,1.17934,1.17949,1.00,1.87
2014.11.04 09:14:23.102,1.17933,1.17949,1.00,1.37
2014.11.04 09:14:25.166,1.17933,1.17948,1.00,1.87
2014.11.04 09:14:25.677,1.17933,1.17948,1.00,1.87
2014.11.04 09:14:26.184,1.17933,1.17945,1.00,1.00
2014.11.04 09:14:26.661,1.1793,1.17945,2.25,1.12
2014.11.04 09:14:28.312,1.17932,1.17945,1.00,1.00
2014.11.04 09:14:29.397,1.1793,1.17945,1.50,1.00
2014.11.04 09:14:29.499,1.17935,1.17945,1.00,1.00
2014.11.04 09:14:29.600,1.17936,1.17947,1.00,1.00
2014.11.04 09:14:29.702,1.17936,1.1795,1.00,1.56
2014.11.04 09:14:30.184,1.17934,1.1795,1.25,1.87
2014.11.04 09:14:30.595,1.17935,1.17951,1.50,1.37
2014.11.04 09:14:30.697,1.17937,1.17951,1.00,1.12
2014.11.04 09:14:31.002,1.17937,1.17949,1.00,1.00
2014.11.04 09:14:31.053,1.17933,1.17948,1.00,1.00
2014.11.04 09:14:31.883,1.17933,1.17946,1.00,1.25
2014.11.04 09:14:31.934,1.1793,1.17944,2.25,1.00
2014.11.04 09:14:32.456,1.17928,1.17944,2.44,1.50
2014.11.04 09:14:32.964,1.17928,1.17944,2.81,1.37
2014.11.04 09:14:34.798,1.17928,1.17944,2.81,1.37
2014.11.04 09:14:35.784,1.17929,1.17945,1.19,4.57
2014.11.04 09:14:35.835,1.17931,1.17945,1.00,3.45
2014.11.04 09:14:36.038,1.17933,1.17946,1.00,1.00
2014.11.04 09:14:36.543,1.17933,1.17947,1.19,1.00
2014.11.04 09:14:37.021,1.17931,1.17947,2.81,1.00
2014.11.04 09:14:37.072,1.17931,1.17945,2.06,1.00
2014.11.04 09:14:38.070,1.17931,1.17947,2.81,1.00
2014.11.04 09:14:38.171,1.17931,1.17947,2.81,1.00
2014.11.04 09:14:40.239,1.17931,1.17947,2.62,1.00
2014.11.04 09:14:40.543,1.17935,1.17949,1.50,1.50
2014.11.04 09:14:41.054,1.17933,1.1795,4.12,2.25
2014.11.04 09:14:41.557,1.17933,1.17949,1.87,1.00
2014.11.04 09:14:41.861,1.17933,1.17947,1.87,1.00
2014.11.04 09:14:42.114,1.17933,1.1795,1.87,1.87
2014.11.04 09:14:43.320,1.17933,1.17948,2.06,1.00
2014.11.04 09:14:44.389,1.17933,1.17946,1.12,1.00
2014.11.04 09:14:45.405,1.17932,1.17946,1.25,1.00
2014.11.04 09:14:46.049,1.17933,1.17946,1.00,1.00
2014.11.04 09:14:46.554,1.17933,1.17947,1.00,1.12
2014.11.04 09:14:50.269,1.17933,1.17947,1.00,1.37
2014.11.04 09:14:50.573,1.17932,1.17944,1.00,1.00
2014.11.04 09:14:51.092,1.1793,1.17944,2.81,1.00
2014.11.04 09:14:52.314,1.1793,1.17944,2.06,1.00
2014.11.04 09:14:53.574,1.1793,1.17944,2.06,1.00
2014.11.04 09:14:54.095,1.1793,1.17944,1.69,1.00
2014.11.04 09:14:55.389,1.1793,1.17945,1.69,1.37
2014.11.04 09:14:55.592,1.17927,1.17942,2.44,1.00
2014.11.04 09:14:55.693,1.17924,1.1794,1.69,1.00
2014.11.04 09:14:56.334,1.17923,1.1794,2.44,1.50
2014.11.04 09:14:56.590,1.17923,1.1794,2.81,1.87
2014.11.04 09:14:56.902,1.17923,1.1794,2.81,1.87
2014.11.04 09:14:57.417,1.17923,1.17939,3.56,1.00
2014.11.04 09:14:58.385,1.17923,1.17939,3.56,1.00
2014.11.04 09:14:58.689,1.17923,1.17937,2.81,1.00
2014.11.04 09:14:58.809,1.17923,1.17939,2.81,1.00
2014.11.04 09:14:59.321,1.17923,1.1794,2.81,1.12
2014.11.04 09:14:59.729,1.17923,1.1794,2.81,1.12
2014.11.04 09:14:59.988,1.17923,1.1794,2.81,1.00
2014.11.04 09:15:00.297,1.17923,1.1794,3.19,1.00
2014.11.04 09:15:00.550,1.17927,1.17943,1.12,1.12
2014.11.04 09:15:00.601,1.17927,1.17943,1.00,1.37
2014.11.04 09:15:01.196,1.17926,1.17942,3.00,1.37
2014.11.04 09:15:01.540,1.17928,1.17943,1.31,1.00
2014.11.04 09:15:01.845,1.17931,1.17945,1.00,1.50
2014.11.04 09:15:02.303,1.17929,1.17944,2.25,1.00
2014.11.04 09:15:02.760,1.17928,1.17942,1.50,1.00
2014.11.04 09:15:03.266,1.17929,1.17942,1.00,1.00
2014.11.04 09:15:03.641,1.17929,1.17944,1.00,2.70
2014.11.04 09:15:03.946,1.17929,1.17943,1.00,1.37
2014.11.04 09:15:04.049,1.17926,1.17941,2.25,1.37
2014.11.04 09:15:04.252,1.17924,1.17938,1.25,1.37
2014.11.04 09:15:05.971,1.17924,1.17938,1.19,1.37
2014.11.04 09:15:07.121,1.17924,1.1794,1.25,1.37
2014.11.04 09:15:07.679,1.17924,1.1794,1.25,1.37
2014.11.04 09:15:07.983,1.17926,1.17941,1.12,1.37
2014.11.04 09:15:08.034,1.17926,1.17941,2.62,1.37
2014.11.04 09:15:08.238,1.17929,1.17941,1.00,1.12
2014.11.04 09:15:08.924,1.17929,1.17943,1.00,1.62
2014.11.04 09:15:09.279,1.17929,1.17945,1.00,1.37
2014.11.04 09:15:09.788,1.17929,1.17945,1.50,1.37
2014.11.04 09:15:12.191,1.17929,1.17944,1.50,1.37
2014.11.04 09:15:12.394,1.17927,1.17943,2.25,1.87
2014.11.04 09:15:12.907,1.17927,1.17941,1.00,1.87
2014.11.04 09:15:13.514,1.17924,1.17938,2.89,1.12
2014.11.04 09:15:14.026,1.17923,1.17939,1.69,1.00
2014.11.04 09:15:14.544,1.17924,1.17939,1.37,1.00
2014.11.04 09:15:15.517,1.17924,1.17939,1.37,1.00
2014.11.04 09:15:17.806,1.17924,1.1794,2.06,1.00
2014.11.04 09:15:18.117,1.17924,1.17942,2.06,2.06
2014.11.04 09:15:18.219,1.17926,1.17941,2.51,1.00
2014.11.04 09:15:18.270,1.17929,1.17943,1.87,1.00
2014.11.04 09:15:18.372,1.17932,1.17943,1.25,1.00
2014.11.04 09:15:18.474,1.17932,1.17947,1.69,1.00
2014.11.04 09:15:18.576,1.17935,1.17949,1.19,1.50
2014.11.04 09:15:19.083,1.17935,1.1795,1.69,1.00
2014.11.04 09:15:19.389,1.17935,1.17948,1.00,1.00
2014.11.04 09:15:19.895,1.17934,1.17949,1.00,1.12
2014.11.04 09:15:20.510,1.17934,1.17951,1.50,1.37
2014.11.04 09:15:21.023,1.17935,1.17951,1.00,1.37
2014.11.04 09:15:21.540,1.17935,1.17949,1.00,1.00
2014.11.04 09:15:22.107,1.17935,1.17951,1.00,1.37
2014.11.04 09:15:22.651,1.17935,1.17951,1.00,1.87
2014.11.04 09:15:22.853,1.17933,1.17949,1.00,1.37
2014.11.04 09:15:23.359,1.17933,1.17949,1.87,1.12
2014.11.04 09:15:23.582,1.17933,1.17949,1.50,1.37
2014.11.04 09:15:23.886,1.17933,1.17948,1.50,1.37
2014.11.04 09:15:24.399,1.17933,1.17948,1.00,1.87
2014.11.04 09:15:24.936,1.17933,1.17945,1.00,1.00
2014.11.04 09:15:25.089,1.17929,1.17942,1.25,1.00
2014.11.04 09:15:25.210,1.17926,1.1794,1.69,1.00
2014.11.04 09:15:25.717,1.17926,1.17941,1.25,1.00
2014.11.04 09:15:26.477,1.17926,1.17942,2.44,1.00
2014.11.04 09:15:27.034,1.17927,1.17942,1.69,1.00
2014.11.04 09:15:27.570,1.17928,1.17942,1.12,1.00
2014.11.04 09:15:28.243,1.17928,1.17942,1.00,1.37
2014.11.04 09:15:30.514,1.17926,1.17943,3.19,1.87
2014.11.04 09:15:31.059,1.17926,1.17943,2.44,1.87
2014.11.04 09:15:31.673,1.17926,1.17943,2.44,1.87
2014.11.04 09:15:32.635,1.17926,1.17942,2.44,1.37
2014.11.04 09:15:33.654,1.17926,1.17942,2.44,1.37
2014.11.04 09:15:35.626,1.17926,1.17941,2.44,1.37
2014.11.04 09:15:36.959,1.17926,1.17941,2.81,1.37
2014.11.04 09:15:37.542,1.17926,1.17941,2.81,1.12
2014.11.04 09:15:39.379,1.17926,1.17941,2.81,1.00
2014.11.04 09:15:39.902,1.17926,1.17943,2.81,1.87
2014.11.04 09:15:40.673,1.17926,1.17943,2.81,1.87
2014.11.04 09:15:41.656,1.17926,1.17943,3.56,2.62
2014.11.04 09:15:44.712,1.17926,1.17943,2.81,2.62
2014.11.04 09:15:47.389,1.17926,1.17942,2.44,1.37
2014.11.04 09:15:47.692,1.17926,1.17942,2.44,1.37
2014.11.04 09:15:48.333,1.17926,1.17942,2.44,1.37
2014.11.04 09:15:49.061,1.17926,1.17942,2.81,1.37
2014.11.04 09:15:49.595,1.17927,1.17941,1.00,1.12
2014.11.04 09:15:49.899,1.17926,1.1794,1.69,1.37
2014.11.04 09:15:51.610,1.17926,1.1794,1.00,1.87
2014.11.04 09:15:52.643,1.17926,1.1794,1.00,1.37
2014.11.04 09:15:54.356,1.17925,1.1794,1.19,1.12
2014.11.04 09:15:54.712,1.17926,1.17942,1.31,1.00
2014.11.04 09:15:55.233,1.17926,1.17942,1.19,1.87
2014.11.04 09:15:55.868,1.17926,1.17942,1.19,1.87
2014.11.04 09:15:57.248,1.17926,1.17942,1.19,1.87
2014.11.04 09:15:57.552,1.17926,1.17942,3.56,1.50
2014.11.04 09:15:57.704,1.17929,1.17943,1.19,1.50
2014.11.04 09:15:58.013,1.17928,1.17942,1.69,1.00
2014.11.04 09:15:58.114,1.17928,1.17944,1.69,1.00
2014.11.04 09:15:58.636,1.17928,1.17943,3.94,1.00
2014.11.04 09:15:58.940,1.17929,1.17946,1.25,2.25
2014.11.04 09:15:59.143,1.17931,1.17947,1.69,1.00
2014.11.04 09:15:59.447,1.17931,1.17945,1.19,1.00
2014.11.04 09:15:59.751,1.1793,1.17943,1.19,1.00
2014.11.04 09:16:00.351,1.17929,1.17943,1.69,1.00
2014.11.04 09:16:00.863,1.17929,1.17943,2.06,1.00
2014.11.04 09:16:01.413,1.17929,1.17944,1.25,1.37
2014.11.04 09:16:01.942,1.17929,1.17944,1.31,1.87
2014.11.04 09:16:02.454,1.17929,1.17943,1.25,1.12
2014.11.04 09:16:02.911,1.17928,1.17946,2.81,2.62
2014.11.04 09:16:03.063,1.17929,1.17946,1.19,1.87
2014.11.04 09:16:03.945,1.17931,1.17946,1.62,1.50
2014.11.04 09:16:04.251,1.17933,1.17949,2.06,1.12
2014.11.04 09:16:04.757,1.17936,1.17948,1.00,1.00
2014.11.04 09:16:06.785,1.17934,1.17948,1.25,1.00
2014.11.04 09:16:07.343,1.17934,1.17948,1.25,1.37
2014.11.04 09:16:07.860,1.17933,1.17944,1.00,1.00
2014.11.04 09:16:08.166,1.1793,1.17945,2.06,1.00
2014.11.04 09:16:08.880,1.1793,1.17945,2.06,1.12
2014.11.04 09:16:09.918,1.1793,1.17947,1.69,1.87
2014.11.04 09:16:10.427,1.1793,1.17947,1.69,1.87
2014.11.04 09:16:10.732,1.17931,1.17948,2.44,2.62
2014.11.04 09:16:11.720,1.17932,1.17947,2.44,1.12
2014.11.04 09:16:12.184,1.17932,1.17946,1.25,1.37
2014.11.04 09:16:12.691,1.17931,1.17945,1.00,1.12
2014.11.04 09:16:13.252,1.17931,1.17944,1.00,1.37
2014.11.04 09:16:13.376,1.17931,1.17944,1.00,1.12
2014.11.04 09:16:13.733,1.17929,1.17944,1.69,1.12
2014.11.04 09:16:14.452,1.17929,1.17942,1.69,1.00
2014.11.04 09:16:15.316,1.17929,1.17944,2.44,1.12
2014.11.04 09:16:15.520,1.1793,1.17946,1.25,1.00
2014.11.04 09:16:15.773,1.17931,1.17946,2.25,1.37
2014.11.04 09:16:15.904,1.17931,1.17946,2.25,1.12
2014.11.04 09:16:16.006,1.17933,1.17945,1.00,1.00
2014.11.04 09:16:17.311,1.17933,1.17946,1.00,1.37
2014.11.04 09:16:18.837,1.17933,1.17945,1.00,1.12
2014.11.04 09:16:19.191,1.17933,1.17945,1.62,1.00
2014.11.04 09:16:19.293,1.17933,1.17948,1.62,1.00
2014.11.04 09:16:19.445,1.17937,1.17948,1.00,1.00
2014.11.04 09:16:19.496,1.17937,1.17952,1.00,1.69
2014.11.04 09:16:19.547,1.17937,1.17952,1.00,1.00
2014.11.04 09:16:19.750,1.17938,1.1795,1.25,1.00
2014.11.04 09:16:19.853,1.1794,1.17955,1.25,1.00
2014.11.04 09:16:19.925,1.1794,1.17957,1.00,3.37
2014.11.04 09:16:19.977,1.17941,1.17953,1.00,1.00
2014.11.04 09:16:20.195,1.17937,1.17954,1.50,3.00
2014.11.04 09:16:20.297,1.17937,1.17951,1.50,1.50
2014.11.04 09:16:20.978,1.17937,1.17953,2.25,3.00
2014.11.04 09:16:21.499,1.17938,1.17953,1.00,2.25
2014.11.04 09:16:23.120,1.17939,1.17953,1.00,1.00
2014.11.04 09:16:23.625,1.17938,1.17953,1.25,1.37
2014.11.04 09:16:23.727,1.17938,1.17954,1.25,1.87
2014.11.04 09:16:23.828,1.17937,1.17952,1.19,1.00
2014.11.04 09:16:23.938,1.17936,1.17952,1.25,1.00
2014.11.04 09:16:24.040,1.17936,1.17949,1.25,1.00
2014.11.04 09:16:24.495,1.17936,1.17953,1.69,1.50
2014.11.04 09:16:24.798,1.17936,1.17949,1.69,1.00
2014.11.04 09:16:25.001,1.17936,1.17952,1.50,1.00
2014.11.04 09:16:26.435,1.17936,1.17952,1.50,1.37
2014.11.04 09:16:26.969,1.17936,1.17952,1.50,1.37
2014.11.04 09:16:27.126,1.17935,1.17952,1.25,1.37
2014.11.04 09:16:27.229,1.17935,1.17948,1.00,1.00
2014.11.04 09:16:27.381,1.17933,1.17948,1.00,1.00
2014.11.04 09:16:27.887,1.17932,1.17949,1.69,1.00
2014.11.04 09:16:28.316,1.17932,1.17948,1.69,1.37
2014.11.04 09:16:28.620,1.17932,1.17948,1.00,1.37
2014.11.04 09:16:29.128,1.17932,1.17948,1.00,1.50
2014.11.04 09:16:29.179,1.1793,1.17948,2.25,1.50
2014.11.04 09:16:29.535,1.17928,1.17943,1.50,1.37
2014.11.04 09:16:31.740,1.17928,1.17946,1.00,1.87
2014.11.04 09:16:32.294,1.17927,1.17944,1.12,1.37
2014.11.04 09:16:32.800,1.17928,1.17944,1.69,1.00
2014.11.04 09:16:36.368,1.17928,1.17945,1.00,1.12
2014.11.04 09:16:36.825,1.17928,1.17946,1.00,1.37
2014.11.04 09:16:37.129,1.17927,1.17943,1.00,1.37
2014.11.04 09:16:37.668,1.17927,1.17943,1.00,1.87
2014.11.04 09:16:38.959,1.17927,1.17943,1.00,2.62
2014.11.04 09:16:40.739,1.17927,1.17943,1.00,2.25
2014.11.04 09:16:40.841,1.17933,1.17945,1.95,1.00
2014.11.04 09:16:40.942,1.17931,1.17947,1.37,1.00
2014.11.04 09:16:41.044,1.17932,1.17949,1.87,1.87
2014.11.04 09:16:41.146,1.17932,1.17948,3.82,1.00
2014.11.04 09:16:41.653,1.17935,1.1795,1.00,1.00
2014.11.04 09:16:41.855,1.17935,1.17952,1.50,2.25
2014.11.04 09:16:42.334,1.17937,1.17952,1.00,1.50
2014.11.04 09:16:42.738,1.17937,1.17952,1.00,1.37
2014.11.04 09:16:46.557,1.17937,1.1795,1.00,1.37
2014.11.04 09:16:46.761,1.17937,1.17952,1.00,1.62
2014.11.04 09:16:47.023,1.17937,1.17949,1.00,1.00
2014.11.04 09:16:47.329,1.17937,1.17953,1.00,2.06
2014.11.04 09:16:47.482,1.17937,1.17952,1.00,1.62
2014.11.04 09:16:47.787,1.17935,1.17947,1.00,1.50
2014.11.04 09:16:47.837,1.17932,1.17947,1.25,1.50
2014.11.04 09:16:48.062,1.17934,1.17948,1.00,1.00
2014.11.04 09:16:48.468,1.17934,1.17949,1.00,1.87
2014.11.04 09:16:49.193,1.17934,1.17949,1.00,1.37
2014.11.04 09:16:49.679,1.17937,1.17949,1.00,1.00
2014.11.04 09:16:49.730,1.17937,1.17951,1.00,1.00
2014.11.04 09:16:49.885,1.17938,1.17953,3.82,1.12
2014.11.04 09:16:50.191,1.17939,1.17953,1.62,1.00
2014.11.04 09:16:50.344,1.1794,1.17957,1.37,1.87
2014.11.04 09:16:50.547,1.17943,1.17957,1.00,1.87
2014.11.04 09:16:51.104,1.17943,1.17955,1.00,1.00
2014.11.04 09:16:52.363,1.17943,1.17955,1.00,1.37
2014.11.04 09:16:53.359,1.17943,1.17956,1.00,1.37
2014.11.04 09:16:54.762,1.17943,1.17957,1.00,1.87
2014.11.04 09:16:56.471,1.17943,1.17956,1.00,1.37
2014.11.04 09:16:56.623,1.17941,1.17952,1.25,1.37
2014.11.04 09:16:56.674,1.17941,1.17952,1.00,1.87
2014.11.04 09:16:56.724,1.17939,1.17952,1.00,1.87
2014.11.04 09:16:56.877,1.17939,1.17952,1.00,1.00
2014.11.04 09:16:56.928,1.17939,1.17954,1.00,3.45
2014.11.04 09:16:56.979,1.17937,1.17954,2.44,1.50
2014.11.04 09:16:57.080,1.17939,1.17954,1.00,1.50
2014.11.04 09:16:57.384,1.17942,1.17955,1.00,1.50
2014.11.04 09:16:57.690,1.17942,1.17951,1.00,1.00
2014.11.04 09:16:58.983,1.17942,1.17952,1.00,1.00
2014.11.04 09:16:59.491,1.17941,1.17952,1.00,1.00
2014.11.04 09:17:00.117,1.17941,1.17953,1.00,1.12
2014.11.04 09:17:00.624,1.17941,1.17951,1.00,1.00
2014.11.04 09:17:02.297,1.17941,1.17949,1.00,1.37
2014.11.04 09:17:02.550,1.17934,1.17944,1.50,1.00
2014.11.04 09:17:03.055,1.17933,1.17944,1.00,1.37
2014.11.04 09:17:03.106,1.17931,1.17944,1.50,1.37
2014.11.04 09:17:03.410,1.17935,1.17948,1.00,1.00
2014.11.04 09:17:03.512,1.17933,1.17946,1.00,1.12
2014.11.04 09:17:03.816,1.17933,1.17946,1.00,1.37
2014.11.04 09:17:03.968,1.17931,1.17944,1.25,1.12
2014.11.04 09:17:04.392,1.17931,1.17947,2.62,1.00
2014.11.04 09:17:04.494,1.17936,1.1795,1.00,1.50
2014.11.04 09:17:04.595,1.17939,1.17953,1.00,1.00
2014.11.04 09:17:04.899,1.1794,1.17951,1.50,1.00
2014.11.04 09:17:04.950,1.1794,1.17953,1.50,1.00
2014.11.04 09:17:05.154,1.17941,1.17957,1.50,1.37
2014.11.04 09:17:05.356,1.17941,1.17954,1.00,1.00
2014.11.04 09:17:08.230,1.17941,1.17954,1.31,1.00
2014.11.04 09:17:10.339,1.17941,1.17957,2.06,1.37
2014.11.04 09:17:11.048,1.17941,1.17955,1.19,1.37
2014.11.04 09:17:11.360,1.17941,1.17952,1.00,1.37
2014.11.04 09:17:12.233,1.17939,1.17951,1.00,1.00
2014.11.04 09:17:16.063,1.17939,1.17952,1.00,1.00
2014.11.04 09:17:16.576,1.17939,1.17951,1.00,1.00
2014.11.04 09:17:16.880,1.17941,1.1795,1.00,1.00
2014.11.04 09:17:16.931,1.17941,1.17955,1.00,1.00
2014.11.04 09:17:17.474,1.1794,1.17954,1.00,1.00
2014.11.04 09:17:17.575,1.1794,1.17952,1.00,1.00
2014.11.04 09:17:17.879,1.17938,1.1795,1.50,1.00
2014.11.04 09:17:18.082,1.17935,1.17948,1.25,1.00
2014.11.04 09:17:18.915,1.17934,1.17947,1.69,1.00
2014.11.04 09:17:19.492,1.17934,1.17947,1.69,1.00
2014.11.04 09:17:20.634,1.17934,1.17947,1.50,1.37
2014.11.04 09:17:20.937,1.17932,1.17942,1.50,1.00
2014.11.04 09:17:21.451,1.17931,1.17944,1.00,1.00
2014.11.04 09:17:21.604,1.17929,1.17943,1.25,1.00
2014.11.04 09:17:21.654,1.17932,1.17944,1.00,1.00
2014.11.04 09:17:24.393,1.17932,1.17945,1.50,1.00
2014.11.04 09:17:26.726,1.17932,1.17946,1.69,1.12
2014.11.04 09:17:27.080,1.17933,1.17948,1.50,1.12
2014.11.04 09:17:27.952,1.17934,1.17948,1.00,1.00
2014.11.04 09:17:30.105,1.17934,1.17949,1.00,1.12
2014.11.04 09:17:30.207,1.17934,1.17947,1.00,1.00
2014.11.04 09:17:31.099,1.17934,1.17947,1.00,1.37
2014.11.04 09:17:31.403,1.17932,1.17943,1.50,1.00
2014.11.04 09:17:31.706,1.17931,1.17945,1.25,1.00
2014.11.04 09:17:31.909,1.17932,1.17949,1.00,3.94
2014.11.04 09:17:31.960,1.17934,1.17949,1.00,3.94
2014.11.04 09:17:32.494,1.17935,1.17949,1.00,1.00
2014.11.04 09:17:36.105,1.17935,1.17949,1.00,1.37
2014.11.04 09:17:39.410,1.17935,1.1795,1.00,1.87
2014.11.04 09:17:39.512,1.17935,1.17948,1.00,1.37
2014.11.04 09:17:39.766,1.17932,1.17947,1.19,1.37
2014.11.04 09:17:39.919,1.17931,1.17947,1.56,1.00
2014.11.04 09:17:39.970,1.17931,1.17945,1.56,1.00
2014.11.04 09:17:40.072,1.17931,1.17948,2.06,1.50
2014.11.04 09:17:40.633,1.17933,1.17947,1.00,1.00
2014.11.04 09:17:41.161,1.17933,1.17948,1.12,1.12
2014.11.04 09:17:41.728,1.17934,1.17948,1.25,1.12
2014.11.04 09:17:43.296,1.17934,1.17946,1.25,1.00
2014.11.04 09:17:45.341,1.17934,1.17949,1.00,1.00
2014.11.04 09:17:45.443,1.17934,1.17949,1.37,1.00
2014.11.04 09:17:45.747,1.1794,1.17956,1.00,1.12
2014.11.04 09:17:45.899,1.17942,1.17956,2.44,1.00
2014.11.04 09:17:45.950,1.17942,1.17959,3.19,2.25
2014.11.04 09:17:46.461,1.17944,1.17958,1.12,1.00
2014.11.04 09:17:46.512,1.17944,1.17958,1.37,1.00
2014.11.04 09:17:46.664,1.17945,1.1796,1.69,1.00
2014.11.04 09:17:47.172,1.17947,1.17961,1.00,1.50
2014.11.04 09:17:47.982,1.17947,1.17962,1.00,1.50
2014.11.04 09:17:48.235,1.17947,1.17961,1.00,1.37
2014.11.04 09:17:48.741,1.17946,1.17962,1.00,2.06
2014.11.04 09:17:49.270,1.17946,1.17958,1.00,1.12
2014.11.04 09:17:51.059,1.17944,1.17959,1.19,1.37
2014.11.04 09:17:51.581,1.17943,1.17959,2.06,1.37
2014.11.04 09:17:52.398,1.17943,1.17957,1.69,1.00
2014.11.04 09:17:52.776,1.17942,1.17956,3.19,1.87
2014.11.04 09:17:53.316,1.17942,1.17956,3.19,1.50
2014.11.04 09:17:53.841,1.17942,1.17956,2.25,2.25
2014.11.04 09:17:54.356,1.17942,1.17956,2.62,2.25
2014.11.04 09:17:54.567,1.17942,1.17956,2.62,2.25
2014.11.04 09:17:54.668,1.17942,1.17956,2.62,1.50
2014.11.04 09:17:56.057,1.17942,1.17956,2.81,1.50
2014.11.04 09:18:03.013,1.17943,1.17957,1.37,1.50
2014.11.04 09:18:03.518,1.17944,1.17958,1.37,1.00
2014.11.04 09:18:04.021,1.17944,1.17958,1.00,1.00
2014.11.04 09:18:04.382,1.17943,1.17956,1.19,1.37
2014.11.04 09:18:04.704,1.17938,1.17951,2.06,1.00
2014.11.04 09:18:05.212,1.17938,1.17952,2.06,1.50
2014.11.04 09:18:05.567,1.17938,1.17952,1.00,1.50
2014.11.04 09:18:05.618,1.17938,1.1795,1.00,1.00
2014.11.04 09:18:05.669,1.17936,1.1795,1.00,1.00
2014.11.04 09:18:06.180,1.17934,1.1795,2.06,1.00
2014.11.04 09:18:06.615,1.17934,1.1795,2.06,1.00
2014.11.04 09:18:07.128,1.17935,1.1795,1.87,1.00
2014.11.04 09:18:07.574,1.17935,1.17948,1.87,1.00
2014.11.04 09:18:07.786,1.17937,1.17952,3.07,1.00
2014.11.04 09:18:07.837,1.17937,1.17952,3.26,1.50
2014.11.04 09:18:08.039,1.1794,1.17956,3.07,1.50
2014.11.04 09:18:08.141,1.17943,1.17956,2.44,1.00
2014.11.04 09:18:08.243,1.17944,1.1796,1.62,1.00
2014.11.04 09:18:10.833,1.17945,1.1796,1.37,1.50
2014.11.04 09:18:11.350,1.17945,1.17961,3.00,1.00
2014.11.04 09:18:11.973,1.17945,1.17961,3.56,1.00
2014.11.04 09:18:14.172,1.17945,1.17962,3.56,1.00
2014.11.04 09:18:14.698,1.17948,1.17962,1.37,1.00
2014.11.04 09:18:15.204,1.17948,1.17962,1.37,1.00
2014.11.04 09:18:15.562,1.17948,1.17962,1.37,1.00
2014.11.04 09:18:17.196,1.17948,1.17964,2.06,1.50
2014.11.04 09:18:17.730,1.17948,1.17963,2.06,1.00
2014.11.04 09:18:19.459,1.17948,1.17961,2.06,1.00
2014.11.04 09:18:20.687,1.17948,1.17962,1.87,1.50
2014.11.04 09:18:26.017,1.17948,1.17962,1.87,1.00
2014.11.04 09:18:26.321,1.17948,1.17962,1.87,1.00
2014.11.04 09:18:26.372,1.17948,1.17964,1.87,1.00
2014.11.04 09:18:26.727,1.1795,1.17964,5.89,1.00
2014.11.04 09:18:26.778,1.1795,1.17966,6.64,2.25
2014.11.04 09:18:26.930,1.17953,1.17968,2.32,1.00
2014.11.04 09:18:28.528,1.17954,1.17967,1.00,1.00
2014.11.04 09:18:28.680,1.17952,1.17966,2.62,1.00
2014.11.04 09:18:28.831,1.17952,1.17967,1.37,1.50
2014.11.04 09:18:29.337,1.17952,1.17968,1.37,1.00
2014.11.04 09:18:29.864,1.17953,1.17969,1.56,1.00
2014.11.04 09:18:30.373,1.17953,1.1797,2.81,1.12
2014.11.04 09:18:30.781,1.17953,1.17968,1.56,1.00
2014.11.04 09:18:31.289,1.17952,1.17969,2.81,1.12
2014.11.04 09:18:31.846,1.17952,1.17968,1.62,1.50
2014.11.04 09:18:32.048,1.17952,1.17968,1.62,1.50
2014.11.04 09:18:32.200,1.17952,1.17965,1.25,1.00
2014.11.04 09:18:32.402,1.1795,1.17964,1.50,1.00
2014.11.04 09:18:33.069,1.1795,1.17964,1.00,1.37
2014.11.04 09:18:33.583,1.17947,1.17962,6.71,1.00
2014.11.04 09:18:34.088,1.17947,1.17963,1.87,1.37
2014.11.04 09:18:34.618,1.17947,1.17963,1.37,1.00
2014.11.04 09:18:35.179,1.17947,1.17962,1.62,1.00
2014.11.04 09:18:35.695,1.17946,1.17961,1.56,1.00
2014.11.04 09:18:36.257,1.17946,1.17961,1.00,1.37
2014.11.04 09:18:36.787,1.17944,1.1796,1.00,1.12
2014.11.04 09:18:37.330,1.17943,1.1796,1.31,1.12
2014.11.04 09:18:37.588,1.17943,1.17957,1.69,1.00
2014.11.04 09:18:37.895,1.17941,1.17954,1.00,1.87
2014.11.04 09:18:37.997,1.17937,1.17952,2.44,1.00
2014.11.04 09:18:38.992,1.17937,1.17952,1.25,1.50
2014.11.04 09:18:39.704,1.17937,1.1795,1.25,1.00
2014.11.04 09:18:40.478,1.17937,1.17948,1.00,1.00
2014.11.04 09:18:40.579,1.17935,1.17948,1.00,1.50
2014.11.04 09:18:40.684,1.17933,1.17944,1.00,1.00
2014.11.04 09:18:41.230,1.1793,1.17944,1.69,1.00
2014.11.04 09:18:41.815,1.1793,1.17944,1.25,1.00
2014.11.04 09:18:45.550,1.1793,1.17945,1.25,1.00
2014.11.04 09:18:45.702,1.17931,1.17947,1.19,1.00
2014.11.04 09:18:46.057,1.17933,1.17949,1.00,1.00
2014.11.04 09:18:46.574,1.17933,1.17948,1.00,1.00
2014.11.04 09:18:47.116,1.17933,1.17948,1.69,1.00
2014.11.04 09:18:47.909,1.17933,1.17948,1.25,1.00
2014.11.04 09:18:48.616,1.17933,1.17947,1.25,1.00
2014.11.04 09:18:49.383,1.17932,1.17946,1.69,1.00
2014.11.04 09:18:49.906,1.17932,1.17946,1.50,1.00
2014.11.04 09:18:51.874,1.17932,1.17946,1.50,1.37
2014.11.04 09:18:52.078,1.17932,1.17946,1.00,1.37
2014.11.04 09:18:52.180,1.1793,1.17942,1.00,1.00
2014.11.04 09:18:52.535,1.17927,1.17941,1.25,1.00
2014.11.04 09:18:53.968,1.17927,1.17941,1.00,1.37
2014.11.04 09:18:54.423,1.17926,1.17939,1.00,1.37
2014.11.04 09:18:54.754,1.17926,1.17937,1.00,1.37
2014.11.04 09:18:55.263,1.17926,1.17937,1.00,1.00
2014.11.04 09:18:57.330,1.17926,1.17937,1.00,1.37
2014.11.04 09:18:57.483,1.17924,1.17937,1.50,1.00
2014.11.04 09:18:58.207,1.17924,1.17939,1.00,1.00
2014.11.04 09:18:58.561,1.17925,1.17942,1.00,1.87
2014.11.04 09:18:58.663,1.17927,1.17942,1.00,1.37
2014.11.04 09:18:59.341,1.17926,1.17943,1.69,1.37
2014.11.04 09:19:00.235,1.17926,1.17943,2.25,1.62
2014.11.04 09:19:00.541,1.17925,1.17938,1.00,1.62
2014.11.04 09:19:00.592,1.17921,1.17938,1.00,2.06
2014.11.04 09:19:00.642,1.17921,1.17938,1.50,2.06
2014.11.04 09:19:00.846,1.17923,1.17939,1.00,4.39
2014.11.04 09:19:01.781,1.17923,1.17939,1.50,2.44
2014.11.04 09:19:02.089,1.17923,1.17937,1.00,1.00
2014.11.04 09:19:06.166,1.17923,1.17937,3.82,1.00
2014.11.04 09:19:06.217,1.17923,1.17941,6.07,1.50
2014.11.04 09:19:06.369,1.17925,1.17941,3.26,1.00
2014.11.04 09:19:06.876,1.17925,1.17939,2.70,1.12
2014.11.04 09:19:07.382,1.17924,1.17938,1.50,1.00
2014.11.04 09:19:08.976,1.17924,1.17936,1.50,1.00
2014.11.04 09:19:09.510,1.17923,1.17936,2.25,1.00
2014.11.04 09:19:11.077,1.17923,1.17938,2.25,1.50
2014.11.04 09:19:14.805,1.17925,1.1794,2.62,1.00
2014.11.04 09:19:15.262,1.17924,1.17938,1.00,1.00
2014.11.04 09:19:15.767,1.17923,1.17938,3.19,1.00
2014.11.04 09:19:20.196,1.17923,1.17938,1.69,1.00
2014.11.04 09:19:24.240,1.17923,1.17938,1.19,1.37
2014.11.04 09:19:24.777,1.17923,1.17938,1.00,1.87
2014.11.04 09:19:25.436,1.17923,1.17938,1.37,1.50
2014.11.04 09:19:25.538,1.17926,1.17938,1.50,1.00
2014.11.04 09:19:25.589,1.17926,1.1794,1.50,1.25
2014.11.04 09:19:26.095,1.17927,1.1794,1.00,1.00
2014.11.04 09:19:28.223,1.17927,1.17938,1.50,1.00
2014.11.04 09:19:32.107,1.17924,1.17938,3.94,1.00
2014.11.04 09:19:32.453,1.17927,1.17938,1.00,1.00
2014.11.04 09:19:36.331,1.17924,1.17938,1.69,1.00
2014.11.04 09:19:36.838,1.17927,1.17938,1.00,1.00
2014.11.04 09:19:38.612,1.17924,1.17938,2.44,1.00
2014.11.04 09:19:39.705,1.17924,1.17938,2.81,1.00
2014.11.04 09:19:40.596,1.17924,1.17938,2.81,1.00
2014.11.04 09:19:41.131,1.17924,1.17938,2.81,1.00
2014.11.04 09:19:42.263,1.17927,1.17938,1.00,1.00
2014.11.04 09:19:42.969,1.17924,1.17938,2.06,1.00
2014.11.04 09:19:43.070,1.17927,1.17938,1.00,1.00
2014.11.04 09:19:43.222,1.17927,1.17942,1.00,1.37
2014.11.04 09:19:43.729,1.17928,1.17942,1.00,1.62
2014.11.04 09:19:44.033,1.17926,1.17937,1.00,1.31
2014.11.04 09:19:44.139,1.17924,1.17937,1.00,1.31
2014.11.04 09:19:44.293,1.17924,1.17935,1.00,1.00
2014.11.04 09:19:44.396,1.17924,1.17937,1.00,1.25
2014.11.04 09:19:45.154,1.17924,1.17938,1.50,1.12
2014.11.04 09:19:45.660,1.17924,1.17937,1.50,1.00
2014.11.04 09:19:46.195,1.17924,1.17938,1.50,1.12
2014.11.04 09:19:46.348,1.17927,1.17939,1.00,1.00
2014.11.04 09:19:46.449,1.17927,1.17942,1.00,1.37
2014.11.04 09:19:46.601,1.17925,1.17943,2.44,1.56
2014.11.04 09:19:46.958,1.17925,1.17942,1.50,1.56
2014.11.04 09:19:48.022,1.17925,1.17936,1.00,1.00
2014.11.04 09:19:49.339,1.17925,1.17934,1.00,1.00
2014.11.04 09:19:49.860,1.17925,1.17935,1.00,1.00
2014.11.04 09:19:50.427,1.17925,1.17937,1.00,1.00
2014.11.04 09:19:50.478,1.17923,1.17937,1.00,1.12
2014.11.04 09:19:50.825,1.17921,1.17934,1.69,1.12
2014.11.04 09:19:50.978,1.17919,1.17933,1.25,1.00
2014.11.04 09:19:51.232,1.1792,1.17936,2.25,1.00
2014.11.04 09:19:51.437,1.17922,1.17936,1.00,1.00
2014.11.04 09:19:51.690,1.17922,1.17938,1.00,1.00
2014.11.04 09:19:52.202,1.17922,1.1794,2.25,2.44
2014.11.04 09:19:52.254,1.17922,1.1794,2.62,2.44
2014.11.04 09:19:52.355,1.17923,1.1794,2.81,1.50
2014.11.04 09:19:52.558,1.17922,1.1794,2.44,1.00
2014.11.04 09:19:52.660,1.17924,1.1794,1.37,1.00
2014.11.04 09:19:53.042,1.17926,1.17943,3.00,1.50
2014.11.04 09:19:53.143,1.17928,1.17943,1.00,1.00
2014.11.04 09:19:53.194,1.17928,1.17946,1.50,2.25
2014.11.04 09:19:53.245,1.1793,1.17946,1.00,1.69
2014.11.04 09:19:54.057,1.1793,1.17944,1.00,1.00
2014.11.04 09:19:54.563,1.1793,1.17944,1.00,1.19
2014.11.04 09:19:54.817,1.17927,1.17943,4.76,1.25
2014.11.04 09:19:55.327,1.17927,1.17942,4.01,1.00
2014.11.04 09:19:56.192,1.17927,1.17942,3.82,1.00
2014.11.04 09:19:56.404,1.17927,1.17942,4.57,1.00
2014.11.04 09:20:00.239,1.17927,1.17943,3.82,1.69
2014.11.04 09:20:00.752,1.17927,1.17943,1.87,1.69
2014.11.04 09:20:01.828,1.17927,1.17943,1.50,1.87
2014.11.04 09:20:02.133,1.17927,1.17941,1.25,1.00
2014.11.04 09:20:02.437,1.17926,1.17939,1.12,1.00
2014.11.04 09:20:02.954,1.17925,1.17939,1.87,1.00
2014.11.04 09:20:03.487,1.17925,1.1794,1.87,1.00
2014.11.04 09:20:03.996,1.17925,1.1794,1.87,1.00
2014.11.04 09:20:06.813,1.17923,1.1794,1.87,1.50
2014.11.04 09:20:07.433,1.17923,1.17939,2.81,1.00
2014.11.04 09:20:08.174,1.17923,1.1794,3.56,1.69
2014.11.04 09:20:10.248,1.17923,1.1794,3.56,1.87
2014.11.04 09:20:10.653,1.17922,1.17937,1.69,1.37
2014.11.04 09:20:11.184,1.17922,1.17937,1.50,1.37
2014.11.04 09:20:12.539,1.17922,1.17934,1.50,1.37
2014.11.04 09:20:12.742,1.17912,1.1793,1.00,1.37
2014.11.04 09:20:13.046,1.1791,1.17927,2.25,1.00
2014.11.04 09:20:13.097,1.1791,1.17925,2.25,1.00
2014.11.04 09:20:13.402,1.17908,1.17925,3.00,1.69
2014.11.04 09:20:13.555,1.17909,1.17922,1.50,1.00
2014.11.04 09:20:13.760,1.17909,1.17924,1.50,3.64
2014.11.04 09:20:14.318,1.17908,1.17922,1.00,1.00
2014.11.04 09:20:14.622,1.17904,1.17916,1.50,1.00
2014.11.04 09:20:15.160,1.17904,1.17915,1.00,1.00
2014.11.04 09:20:15.394,1.17902,1.17915,2.25,1.00
2014.11.04 09:20:16.521,1.17902,1.17914,1.00,1.00
2014.11.04 09:20:16.623,1.179,1.17914,1.00,1.25
2014.11.04 09:20:16.826,1.17898,1.17913,3.00,1.00
2014.11.04 09:20:16.978,1.17896,1.17911,3.00,1.00
2014.11.04 09:20:17.231,1.17892,1.17909,1.12,1.69
2014.11.04 09:20:17.636,1.17892,1.17904,1.50,1.25
2014.11.04 09:20:17.941,1.17889,1.17903,1.00,1.19
2014.11.04 09:20:18.143,1.1789,1.17906,1.00,2.89
2014.11.04 09:20:18.497,1.1789,1.17903,1.00,1.00
2014.11.04 09:20:18.700,1.17886,1.17903,3.00,1.00
2014.11.04 09:20:19.206,1.17887,1.17904,1.00,2.44
2014.11.04 09:20:20.582,1.17888,1.17903,1.87,1.00
2014.11.04 09:20:20.734,1.17888,1.17905,2.06,1.25
2014.11.04 09:20:21.443,1.17888,1.17905,3.19,1.62
2014.11.04 09:20:21.595,1.17886,1.17904,4.12,2.06
2014.11.04 09:20:22.478,1.17886,1.17903,2.62,1.31
2014.11.04 09:20:23.582,1.17888,1.17904,1.12,1.00
2014.11.04 09:20:24.088,1.17889,1.17905,1.00,1.25
2014.11.04 09:20:24.617,1.17889,1.17905,1.37,1.00
2014.11.04 09:20:26.753,1.17889,1.17905,1.31,1.25
2014.11.04 09:20:27.209,1.17889,1.17903,1.00,1.12
2014.11.04 09:20:27.513,1.17886,1.17901,1.00,2.44
2014.11.04 09:20:28.755,1.17885,1.17901,1.50,2.44
2014.11.04 09:20:29.275,1.17885,1.17901,1.50,3.19
2014.11.04 09:20:29.678,1.17884,1.17899,1.00,1.56
2014.11.04 09:20:29.931,1.17879,1.17895,1.50,1.69
2014.11.04 09:20:30.449,1.17878,1.17894,1.00,2.06
2014.11.04 09:20:30.752,1.17878,1.17892,1.00,1.00
2014.11.04 09:20:30.803,1.17876,1.17892,1.50,1.00
2014.11.04 09:20:30.905,1.17882,1.17891,1.00,1.00
2014.11.04 09:20:30.956,1.17882,1.17893,1.00,1.00
2014.11.04 09:20:31.006,1.17884,1.17893,1.50,1.00
2014.11.04 09:20:31.057,1.17884,1.17897,1.50,1.69
2014.11.04 09:20:31.286,1.17884,1.17899,1.50,1.00
2014.11.04 09:20:31.440,1.17882,1.17899,1.50,1.19
2014.11.04 09:20:31.959,1.17883,1.17898,1.50,1.25
2014.11.04 09:20:32.573,1.17882,1.17898,1.00,1.25
2014.11.04 09:20:33.080,1.17881,1.17898,4.50,1.25
2014.11.04 09:20:33.196,1.17886,1.17898,1.00,1.25
2014.11.04 09:20:33.735,1.17883,1.17897,1.87,1.25
2014.11.04 09:20:34.919,1.17882,1.17896,1.50,1.25
2014.11.04 09:20:35.021,1.17881,1.17893,1.00,1.00
2014.11.04 09:20:35.174,1.17877,1.17893,1.37,1.50
2014.11.04 09:20:35.225,1.17877,1.17889,1.37,1.00
2014.11.04 09:20:35.732,1.17877,1.17889,1.00,1.25
2014.11.04 09:20:36.289,1.17881,1.17889,1.00,1.69
2014.11.04 09:20:36.856,1.17877,1.17889,1.37,1.00
2014.11.04 09:20:36.958,1.17882,1.1789,1.00,1.00
2014.11.04 09:20:37.211,1.17882,1.17892,1.12,1.50
2014.11.04 09:20:37.313,1.17882,1.17896,1.00,1.69
2014.11.04 09:20:37.819,1.17882,1.17898,2.25,1.19
2014.11.04 09:20:38.357,1.17883,1.17898,1.00,1.19
2014.11.04 09:20:38.883,1.17882,1.17899,1.87,1.69
2014.11.04 09:20:39.383,1.17887,1.17899,1.00,1.69
2014.11.04 09:20:39.694,1.17882,1.17899,1.37,1.69
2014.11.04 09:20:39.745,1.17882,1.17896,1.37,1.25
2014.11.04 09:20:40.072,1.17886,1.17896,1.00,1.25
2014.11.04 09:20:40.123,1.17882,1.17894,1.87,1.19
2014.11.04 09:20:40.276,1.17879,1.17894,1.37,1.19
2014.11.04 09:20:40.785,1.17879,1.17894,1.37,1.69
2014.11.04 09:20:41.301,1.17879,1.17894,1.37,1.69
2014.11.04 09:20:41.940,1.17877,1.17893,3.37,1.19
2014.11.04 09:20:42.462,1.17879,1.17894,1.12,1.69
2014.11.04 09:20:42.774,1.17881,1.17894,1.00,1.69
2014.11.04 09:20:43.836,1.17878,1.17894,1.37,1.69
2014.11.04 09:20:44.172,1.17876,1.17891,4.12,1.19
2014.11.04 09:20:44.475,1.17877,1.17888,1.12,1.25
2014.11.04 09:20:44.527,1.17877,1.17891,1.12,1.69
2014.11.04 09:20:45.065,1.17877,1.17888,1.00,1.25
2014.11.04 09:20:45.319,1.17873,1.17888,1.37,1.25
2014.11.04 09:20:45.841,1.17873,1.17888,1.37,1.19
2014.11.04 09:20:46.652,1.17871,1.17885,1.87,1.25
2014.11.04 09:20:46.804,1.17872,1.17887,1.12,1.19
2014.11.04 09:20:48.671,1.17871,1.17885,2.62,1.25
2014.11.04 09:20:49.670,1.17871,1.17887,1.87,1.19
2014.11.04 09:20:50.749,1.17871,1.17885,1.87,1.19
2014.11.04 09:20:52.508,1.17871,1.17885,1.87,1.19
2014.11.04 09:20:52.660,1.17871,1.17886,1.37,1.25
2014.11.04 09:20:53.015,1.17872,1.17886,1.37,1.25
2014.11.04 09:20:53.320,1.17872,1.17887,1.00,1.69
2014.11.04 09:20:53.826,1.17871,1.17885,1.00,1.25
2014.11.04 09:20:53.927,1.17868,1.17884,1.00,1.00
2014.11.04 09:20:54.571,1.17868,1.17884,1.37,1.25
2014.11.04 09:20:55.848,1.17868,1.17884,1.37,1.25
2014.11.04 09:20:56.353,1.17869,1.17885,3.07,1.19
2014.11.04 09:20:56.919,1.17872,1.17888,3.45,1.19
2014.11.04 09:20:57.426,1.17871,1.17886,1.50,1.25
2014.11.04 09:20:57.932,1.17872,1.17887,3.00,1.25
2014.11.04 09:20:58.084,1.17875,1.17887,1.50,1.25
2014.11.04 09:20:58.337,1.17875,1.1789,1.50,2.44
2014.11.04 09:20:58.590,1.17874,1.1789,2.62,1.69
2014.11.04 09:20:58.691,1.17876,1.1789,1.12,1.69
2014.11.04 09:20:59.218,1.17874,1.1789,3.37,1.69
2014.11.04 09:20:59.722,1.17874,1.1789,1.37,1.25
2014.11.04 09:21:00.198,1.17873,1.1789,2.25,1.69
2014.11.04 09:21:00.997,1.17875,1.1789,1.37,1.00
2014.11.04 09:21:01.693,1.17875,1.17889,1.37,1.19
2014.11.04 09:21:02.112,1.17872,1.17887,1.37,1.69
2014.11.04 09:21:03.107,1.17872,1.17887,1.87,1.25
2014.11.04 09:21:03.430,1.17872,1.17886,1.37,1.19
2014.11.04 09:21:03.744,1.17868,1.17882,2.25,1.25
2014.11.04 09:21:04.292,1.17868,1.17883,2.62,1.69
2014.11.04 09:21:04.801,1.17872,1.17883,1.12,1.00
2014.11.04 09:21:07.471,1.1787,1.17884,1.37,1.00
2014.11.04 09:21:07.984,1.1787,1.17884,1.37,1.00
2014.11.04 09:21:08.527,1.1787,1.17884,1.37,1.00
2014.11.04 09:21:09.347,1.1787,1.17884,1.50,1.00
2014.11.04 09:21:09.879,1.17872,1.17884,1.37,1.00
2014.11.04 09:21:10.183,1.17882,1.17886,1.12,1.00
2014.11.04 09:21:10.336,1.17882,1.17891,1.12,1.50
2014.11.04 09:21:10.842,1.17879,1.17891,1.37,1.00
2014.11.04 09:21:12.707,1.17877,1.17891,1.50,1.50
2014.11.04 09:21:12.757,1.17876,1.17891,1.75,1.00
2014.11.04 09:21:13.046,1.17877,1.17891,1.50,1.25
2014.11.04 09:21:15.172,1.17877,1.1789,1.50,1.00
2014.11.04 09:21:15.374,1.17875,1.17889,1.50,1.00
2014.11.04 09:21:15.577,1.17872,1.17888,3.75,1.19
2014.11.04 09:21:15.960,1.17872,1.17886,1.12,3.64
2014.11.04 09:21:16.065,1.17872,1.17885,1.12,3.19
2014.11.04 09:21:16.370,1.17869,1.17883,1.37,2.44
2014.11.04 09:21:17.101,1.1787,1.17884,1.37,2.44
2014.11.04 09:21:17.406,1.17871,1.17885,1.75,1.25
2014.11.04 09:21:18.184,1.17871,1.17885,1.37,1.25
2014.11.04 09:21:19.177,1.17872,1.17885,1.37,1.19
2014.11.04 09:21:19.745,1.17876,1.17885,1.00,3.19
2014.11.04 09:21:20.266,1.17871,1.17884,1.37,1.25
2014.11.04 09:21:22.173,1.17872,1.17885,1.37,1.69
2014.11.04 09:21:24.005,1.17876,1.17885,1.00,1.25
2014.11.04 09:21:24.467,1.17872,1.17885,1.37,3.19
2014.11.04 09:21:24.619,1.17872,1.17881,1.00,1.19
2014.11.04 09:21:24.923,1.17867,1.17879,1.37,1.00
2014.11.04 09:21:25.025,1.17871,1.17879,1.00,1.00
2014.11.04 09:21:25.227,1.17867,1.17879,1.37,1.00
2014.11.04 09:21:26.615,1.17866,1.17881,1.37,1.69
2014.11.04 09:21:26.818,1.17867,1.17883,1.87,2.44
2014.11.04 09:21:27.122,1.17871,1.17883,1.00,1.19
2014.11.04 09:21:29.106,1.17871,1.17884,1.00,1.00
2014.11.04 09:21:29.616,1.17869,1.17886,3.07,2.81
2014.11.04 09:21:30.136,1.17872,1.17886,1.00,1.69
2014.11.04 09:21:30.749,1.17871,1.17887,1.00,1.19
2014.11.04 09:21:31.506,1.17871,1.17888,1.12,3.19
2014.11.04 09:21:32.050,1.1787,1.17888,2.06,2.81
2014.11.04 09:21:32.556,1.17871,1.17888,1.37,1.69
2014.11.04 09:21:34.792,1.17873,1.17888,1.37,1.69
2014.11.04 09:21:35.111,1.17874,1.17888,1.37,1.25
2014.11.04 09:21:35.567,1.17873,1.17889,1.00,1.31
2014.11.04 09:21:36.073,1.17872,1.17889,1.12,3.26
2014.11.04 09:21:36.427,1.17876,1.17888,1.50,1.00
2014.11.04 09:21:36.781,1.17873,1.17888,1.00,1.00
2014.11.04 09:21:37.395,1.17872,1.17888,1.12,1.69
2014.11.04 09:21:37.756,1.17872,1.17888,1.37,1.69
2014.11.04 09:21:38.079,1.17872,1.17888,1.37,1.25
2014.11.04 09:21:38.392,1.17872,1.17887,1.37,1.19
2014.11.04 09:21:38.898,1.17872,1.17887,1.37,1.19
2014.11.04 09:21:39.202,1.17876,1.17889,1.37,1.69
2014.11.04 09:21:39.303,1.17875,1.17889,1.00,1.25
2014.11.04 09:21:39.354,1.17876,1.17888,1.00,1.19
2014.11.04 09:21:39.658,1.17881,1.17892,1.00,1.25
2014.11.04 09:21:39.760,1.17877,1.17892,1.00,2.44
2014.11.04 09:21:40.082,1.17875,1.17891,1.69,1.25
2014.11.04 09:21:40.285,1.17877,1.17892,1.00,1.00
2014.11.04 09:21:40.590,1.17877,1.1789,1.00,1.00
2014.11.04 09:21:40.945,1.17876,1.17887,1.00,1.00
2014.11.04 09:21:41.047,1.17876,1.17889,1.00,1.25
2014.11.04 09:21:41.098,1.17872,1.17889,1.62,1.25
2014.11.04 09:21:41.301,1.17876,1.17889,1.00,1.25
2014.11.04 09:21:41.402,1.17874,1.17889,1.00,1.25
2014.11.04 09:21:41.605,1.17873,1.17888,1.12,1.19
2014.11.04 09:21:42.486,1.17872,1.17889,1.87,1.25
2014.11.04 09:21:42.638,1.17872,1.17889,1.87,1.25
2014.11.04 09:21:42.942,1.17875,1.17891,1.37,2.44
2014.11.04 09:21:43.397,1.17872,1.17887,2.81,1.00
2014.11.04 09:21:43.700,1.17876,1.17889,1.37,1.00
2014.11.04 09:21:43.751,1.17876,1.17889,1.37,1.00
2014.11.04 09:21:44.055,1.17875,1.17889,1.00,1.00
2014.11.04 09:21:44.207,1.17873,1.17889,2.44,1.00
2014.11.04 09:21:44.754,1.17874,1.1789,1.00,2.44
2014.11.04 09:21:44.806,1.17876,1.1789,1.00,3.19
2014.11.04 09:21:45.331,1.17875,1.1789,1.00,3.19
2014.11.04 09:21:45.687,1.17875,1.1789,1.37,1.69
2014.11.04 09:21:45.893,1.17875,1.1789,1.37,1.69
2014.11.04 09:21:46.408,1.17877,1.17891,1.37,1.69
2014.11.04 09:21:47.015,1.17876,1.17892,2.62,1.25
2014.11.04 09:21:47.218,1.17878,1.17892,1.37,1.25
2014.11.04 09:21:47.522,1.17881,1.17895,1.87,1.00
2014.11.04 09:21:48.063,1.17882,1.17897,1.00,1.69
2014.11.04 09:21:48.589,1.17882,1.17897,1.00,1.25
2014.11.04 09:21:49.005,1.17882,1.17897,1.37,1.25
2014.11.04 09:21:49.410,1.17882,1.17897,1.12,1.25
2014.11.04 09:21:49.613,1.17881,1.17897,1.75,1.25
2014.11.04 09:21:49.916,1.17882,1.17898,1.37,1.00
2014.11.04 09:21:50.527,1.17882,1.17898,1.37,1.00
2014.11.04 09:21:50.629,1.17882,1.17898,1.37,1.00
2014.11.04 09:21:50.983,1.17882,1.17896,1.37,1.00
2014.11.04 09:21:51.945,1.17882,1.17896,1.37,1.25
2014.11.04 09:21:52.659,1.17882,1.17896,1.37,1.69
2014.11.04 09:21:53.809,1.17882,1.17897,1.37,1.69
2014.11.04 09:21:55.149,1.17882,1.17898,1.37,1.19
2014.11.04 09:21:55.461,1.1788,1.17895,1.37,1.00
2014.11.04 09:21:55.775,1.1788,1.17893,1.37,1.25
2014.11.04 09:21:56.206,1.1788,1.17894,1.50,1.69
2014.11.04 09:21:56.713,1.1788,1.17896,3.00,1.25
2014.11.04 09:21:58.077,1.1788,1.17896,2.25,1.00
2014.11.04 09:21:58.600,1.1788,1.17896,2.25,1.00
2014.11.04 09:21:59.106,1.17882,1.17896,1.37,1.00
2014.11.04 09:22:02.404,1.17881,1.17897,2.25,1.69
2014.11.04 09:22:02.974,1.17881,1.17897,1.50,1.25
2014.11.04 09:22:03.385,1.17881,1.17897,1.37,1.25
2014.11.04 09:22:03.907,1.17885,1.17898,1.12,1.00
2014.11.04 09:22:04.827,1.17887,1.179,1.00,1.25
2014.11.04 09:22:04.929,1.17887,1.17902,1.50,2.06
2014.11.04 09:22:04.980,1.17887,1.179,1.00,1.69
2014.11.04 09:22:05.509,1.17886,1.17899,1.12,1.25
2014.11.04 09:22:05.863,1.17886,1.17899,1.12,3.64
2014.11.04 09:22:06.533,1.17881,1.17898,1.37,1.69
2014.11.04 09:22:06.838,1.17881,1.17894,1.37,1.00
2014.11.04 09:22:07.627,1.17882,1.17894,1.50,1.00
2014.11.04 09:22:07.678,1.17882,1.17897,2.25,1.00
2014.11.04 09:22:08.134,1.17882,1.17897,1.50,1.69
2014.11.04 09:22:08.336,1.17884,1.17898,1.00,1.00
2014.11.04 09:22:08.842,1.17883,1.17898,1.00,1.00
2014.11.04 09:22:09.146,1.17887,1.17902,1.37,1.50
2014.11.04 09:22:09.657,1.17887,1.17901,1.37,2.25
2014.11.04 09:22:10.192,1.17887,1.179,1.37,1.00
2014.11.04 09:22:10.694,1.17887,1.179,1.37,1.00
2014.11.04 09:22:10.898,1.17891,1.17904,1.00,1.19
2014.11.04 09:22:11.405,1.17891,1.17904,1.00,1.00
2014.11.04 09:22:11.675,1.17891,1.17902,1.37,1.00
2014.11.04 09:22:12.697,1.17887,1.17902,3.00,1.00
2014.11.04 09:22:12.950,1.17888,1.17904,1.50,1.50
2014.11.04 09:22:13.113,1.17888,1.17904,1.75,1.00
2014.11.04 09:22:13.647,1.17888,1.17905,2.44,1.50
2014.11.04 09:22:13.950,1.17893,1.17908,2.25,1.00
2014.11.04 09:22:14.206,1.17893,1.17908,1.00,1.00
2014.11.04 09:22:14.712,1.17892,1.17907,1.12,1.00
2014.11.04 09:22:15.598,1.17891,1.17905,1.87,1.00
2014.11.04 09:22:16.209,1.17891,1.17905,3.00,1.00
2014.11.04 09:22:16.260,1.17893,1.17907,1.75,1.00
2014.11.04 09:22:16.311,1.17893,1.17907,1.37,1.00
2014.11.04 09:22:16.362,1.17892,1.17909,1.87,2.89
2014.11.04 09:22:16.413,1.17892,1.17909,1.87,2.89
2014.11.04 09:22:16.464,1.17892,1.17907,1.37,1.00
2014.11.04 09:22:16.515,1.17892,1.17907,1.12,1.12
2014.11.04 09:22:16.718,1.17889,1.17905,2.06,1.50
2014.11.04 09:22:17.231,1.17889,1.17905,1.56,1.50
2014.11.04 09:22:17.747,1.17889,1.17904,1.37,1.00
2014.11.04 09:22:18.249,1.17889,1.17904,1.37,1.00
2014.11.04 09:22:18.837,1.17889,1.17904,1.37,1.00
2014.11.04 09:22:19.688,1.17889,1.17902,1.37,1.00
2014.11.04 09:22:20.171,1.17892,1.17902,1.00,1.00
2014.11.04 09:22:20.221,1.17892,1.17904,1.00,1.00
2014.11.04 09:22:21.079,1.17892,1.17902,1.00,1.00
2014.11.04 09:22:21.232,1.17889,1.17902,1.37,1.00
2014.11.04 09:22:21.464,1.17889,1.17902,1.37,1.00
2014.11.04 09:22:21.964,1.17889,1.17905,1.37,1.69
2014.11.04 09:22:22.486,1.17889,1.17903,1.37,1.00
2014.11.04 09:22:24.831,1.17888,1.17902,1.62,1.00
2014.11.04 09:22:25.439,1.17888,1.17901,1.37,1.00
2014.11.04 09:22:27.812,1.17886,1.17901,2.25,1.00
2014.11.04 09:22:28.920,1.17886,1.179,1.87,1.00
2014.11.04 09:22:29.021,1.17886,1.17898,1.37,1.00
2014.11.04 09:22:30.712,1.17883,1.17899,1.37,3.45
2014.11.04 09:22:31.886,1.17883,1.17898,1.37,1.00
2014.11.04 09:22:32.556,1.17885,1.17897,1.75,1.00
2014.11.04 09:22:32.906,1.17886,1.17902,4.50,1.00
2014.11.04 09:22:33.513,1.17887,1.17903,3.00,1.50
2014.11.04 09:22:34.755,1.17887,1.17902,2.25,1.00
2014.11.04 09:22:38.332,1.17886,1.17902,2.44,1.00
2014.11.04 09:22:38.636,1.17888,1.17904,1.87,1.69
2014.11.04 09:22:38.738,1.17888,1.17902,1.37,1.00
2014.11.04 09:22:39.043,1.17888,1.17902,1.37,1.00
2014.11.04 09:22:39.475,1.17887,1.17902,1.69,1.50
2014.11.04 09:22:40.050,1.17887,1.17902,1.37,2.44
2014.11.04 09:22:40.152,1.17887,1.17902,1.50,2.44
2014.11.04 09:22:40.665,1.17889,1.17904,1.37,1.00
2014.11.04 09:22:43.008,1.17889,1.17902,1.37,1.50
2014.11.04 09:22:43.514,1.17886,1.17902,2.25,2.25
2014.11.04 09:22:44.698,1.17887,1.17902,1.37,2.25
2014.11.04 09:22:45.126,1.17887,1.17902,1.37,2.62
2014.11.04 09:22:45.228,1.17887,1.179,1.37,1.00
2014.11.04 09:22:45.531,1.17882,1.17899,1.87,2.25
2014.11.04 09:22:45.582,1.17882,1.17893,1.87,1.00
2014.11.04 09:22:45.887,1.17882,1.17895,1.50,1.00
2014.11.04 09:22:45.938,1.17882,1.17895,1.37,1.00
2014.11.04 09:22:45.989,1.17882,1.17893,1.37,1.00
2014.11.04 09:22:46.040,1.17882,1.17893,1.12,1.00
2014.11.04 09:22:46.141,1.17882,1.17895,1.12,1.50
2014.11.04 09:22:46.729,1.17881,1.17895,1.37,1.50
2014.11.04 09:22:48.337,1.17881,1.17895,1.37,1.50
2014.11.04 09:22:48.540,1.17877,1.17892,3.19,1.00
2014.11.04 09:22:49.056,1.17877,1.17893,3.19,1.00
2014.11.04 09:22:49.513,1.17877,1.17895,3.94,1.50
2014.11.04 09:22:50.393,1.17878,1.17896,2.44,1.50
2014.11.04 09:22:50.704,1.17878,1.17894,2.44,1.00
2014.11.04 09:22:52.769,1.17881,1.17894,1.50,1.00
2014.11.04 09:22:53.456,1.17878,1.17896,3.94,1.00
2014.11.04 09:22:54.167,1.1788,1.17896,2.00,1.00
2014.11.04 09:22:54.673,1.17881,1.17896,2.25,1.00
2014.11.04 09:22:54.982,1.17884,1.17896,1.75,1.00
2014.11.04 09:22:55.084,1.17888,1.17899,1.37,1.00
2014.11.04 09:22:55.185,1.17888,1.179,2.06,1.00
2014.11.04 09:22:55.236,1.17888,1.17903,2.06,1.50
2014.11.04 09:22:55.766,1.17889,1.17904,1.12,1.50
2014.11.04 09:22:55.817,1.17889,1.17902,1.12,1.50
2014.11.04 09:22:56.122,1.17891,1.17904,1.37,1.00
2014.11.04 09:22:56.426,1.17891,1.17906,2.25,1.00
2014.11.04 09:22:56.962,1.17891,1.17906,2.25,1.00
2014.11.04 09:22:57.579,1.17891,1.17906,1.00,1.00
2014.11.04 09:22:57.630,1.17891,1.17904,1.00,1.00
2014.11.04 09:22:57.934,1.17891,1.17906,1.37,1.00
2014.11.04 09:22:58.476,1.17891,1.17906,2.25,1.00
2014.11.04 09:22:59.293,1.17891,1.17906,1.37,1.00
2014.11.04 09:22:59.448,1.17891,1.17906,1.37,2.44
2014.11.04 09:22:59.976,1.17891,1.17907,1.37,3.94
2014.11.04 09:23:00.483,1.17891,1.17907,1.37,3.94
2014.11.04 09:23:00.686,1.17891,1.17906,1.50,1.50
2014.11.04 09:23:01.532,1.17891,1.17907,1.50,2.25
2014.11.04 09:23:01.836,1.17891,1.17906,3.75,1.00
2014.11.04 09:23:02.567,1.17895,1.17906,1.00,1.00
2014.11.04 09:23:03.024,1.17894,1.17908,1.12,1.00
2014.11.04 09:23:03.075,1.17897,1.17908,1.00,1.00
2014.11.04 09:23:03.227,1.17897,1.17913,2.25,1.00
2014.11.04 09:23:03.328,1.17897,1.1791,1.50,1.00
2014.11.04 09:23:05.214,1.17897,1.1791,1.37,1.00
2014.11.04 09:23:05.720,1.17896,1.1791,2.25,1.00
2014.11.04 09:23:05.974,1.17897,1.17911,1.12,1.00
2014.11.04 09:23:06.076,1.17897,1.17914,1.87,3.94
2014.11.04 09:23:06.417,1.17896,1.1791,2.25,1.00
2014.11.04 09:23:06.927,1.17896,1.17911,1.37,1.00
2014.11.04 09:23:07.130,1.17897,1.17913,3.37,2.25
2014.11.04 09:23:07.232,1.17899,1.17912,1.00,1.50
2014.11.04 09:23:07.536,1.17902,1.17914,1.00,2.25
2014.11.04 09:23:07.587,1.17899,1.17914,1.25,2.25
2014.11.04 09:23:07.643,1.17901,1.17914,1.00,2.25
2014.11.04 09:23:07.845,1.17899,1.17913,1.69,1.00
2014.11.04 09:23:08.081,1.17899,1.17913,2.44,1.00
2014.11.04 09:23:08.182,1.17899,1.17913,3.19,1.00
2014.11.04 09:23:08.283,1.17899,1.17913,1.31,1.00
2014.11.04 09:23:08.536,1.17898,1.1791,1.00,1.00
2014.11.04 09:23:08.739,1.17897,1.17913,1.00,2.25
2014.11.04 09:23:08.790,1.17899,1.17913,1.00,1.50
2014.11.04 09:23:09.295,1.17899,1.17912,1.00,1.00
2014.11.04 09:23:09.599,1.17899,1.17914,1.00,1.00
2014.11.04 09:23:09.902,1.17899,1.17914,2.00,1.00
2014.11.04 09:23:11.162,1.17899,1.17917,3.00,6.19
2014.11.04 09:23:11.529,1.17902,1.17917,1.12,1.19
2014.11.04 09:23:12.036,1.17901,1.17916,1.37,1.25
2014.11.04 09:23:12.567,1.17902,1.17916,1.37,1.00
2014.11.04 09:23:13.193,1.179,1.17916,1.37,1.00
2014.11.04 09:23:14.334,1.179,1.17916,1.37,1.25
2014.11.04 09:23:16.004,1.17901,1.17917,1.37,2.44
2014.11.04 09:23:16.529,1.17901,1.17917,2.25,2.44
2014.11.04 09:23:18.622,1.17901,1.17917,1.87,3.75
2014.11.04 09:23:19.134,1.17901,1.17917,2.25,3.75
2014.11.04 09:23:20.298,1.17901,1.17914,2.25,1.00
2014.11.04 09:23:21.838,1.17902,1.17914,1.50,1.00
2014.11.04 09:23:22.245,1.17899,1.17914,3.56,1.00
2014.11.04 09:23:23.649,1.17899,1.17914,3.19,1.00
2014.11.04 09:23:23.954,1.17899,1.17914,1.87,1.00
2014.11.04 09:23:24.006,1.17899,1.17912,1.37,1.00
2014.11.04 09:23:24.825,1.17897,1.17912,2.00,1.00
2014.11.04 09:23:28.751,1.17897,1.17912,1.62,1.00
2014.11.04 09:23:29.726,1.17899,1.17912,1.37,1.00
2014.11.04 09:23:30.232,1.17899,1.17913,1.37,1.00
2014.11.04 09:23:31.234,1.17899,1.17913,1.37,1.00
2014.11.04 09:23:31.854,1.17899,1.17913,1.37,1.00
2014.11.04 09:23:32.360,1.17897,1.17913,2.44,1.00
2014.11.04 09:23:36.078,1.179,1.17913,1.37,1.00
2014.11.04 09:23:36.771,1.179,1.17912,1.37,1.50
2014.11.04 09:23:37.277,1.17898,1.17911,1.37,1.00
2014.11.04 09:23:37.782,1.17898,1.17911,1.69,1.00
2014.11.04 09:23:37.884,1.17898,1.17913,1.69,1.00
2014.11.04 09:23:38.430,1.17898,1.17914,1.69,1.00
2014.11.04 09:23:40.185,1.17897,1.17913,2.06,1.50
2014.11.04 09:23:40.439,1.17897,1.1791,1.62,1.00
2014.11.04 09:23:40.490,1.17897,1.1791,1.31,1.00
2014.11.04 09:23:42.387,1.17896,1.1791,1.56,1.00
2014.11.04 09:23:42.742,1.17896,1.17912,1.56,1.00
2014.11.04 09:23:42.893,1.17897,1.17912,1.37,1.00
2014.11.04 09:23:45.888,1.17895,1.17912,3.19,1.00
2014.11.04 09:23:45.990,1.17895,1.17912,1.50,1.37
2014.11.04 09:23:46.093,1.17895,1.17907,1.00,1.37
2014.11.04 09:23:46.194,1.17892,1.17905,1.00,1.00
2014.11.04 09:23:46.245,1.17892,1.17903,1.00,1.00
2014.11.04 09:23:46.614,1.17888,1.17902,2.81,1.00
2014.11.04 09:23:46.919,1.17886,1.17902,2.06,1.00
2014.11.04 09:23:47.020,1.17885,1.179,2.06,1.00
2014.11.04 09:23:47.324,1.17884,1.17898,3.56,1.00
2014.11.04 09:23:47.376,1.17884,1.17898,2.06,1.00
2014.11.04 09:23:48.179,1.17884,1.17898,1.25,1.00
2014.11.04 09:23:48.280,1.17881,1.17898,1.87,1.87
2014.11.04 09:23:48.382,1.17879,1.17896,2.06,1.87
2014.11.04 09:23:48.888,1.17878,1.17894,1.56,1.00
2014.11.04 09:23:50.683,1.17878,1.17894,1.62,1.00
2014.11.04 09:23:51.185,1.17877,1.17894,2.06,1.00
2014.11.04 09:23:51.288,1.17877,1.17894,3.19,1.00
2014.11.04 09:23:51.794,1.17881,1.17895,1.12,1.50
2014.11.04 09:23:52.917,1.17881,1.17895,1.37,1.50
2014.11.04 09:23:53.221,1.17886,1.17897,1.12,1.00
2014.11.04 09:23:53.373,1.17886,1.179,1.37,3.00
2014.11.04 09:23:53.576,1.17888,1.17901,1.37,1.00
2014.11.04 09:23:53.779,1.17888,1.17902,1.12,2.25
2014.11.04 09:23:54.362,1.17887,1.179,3.56,1.00
2014.11.04 09:23:56.199,1.17887,1.179,1.00,1.00
2014.11.04 09:23:56.503,1.17886,1.17898,1.87,1.00
2014.11.04 09:23:59.204,1.17885,1.17901,3.19,1.00
2014.11.04 09:23:59.305,1.17887,1.17901,1.37,1.00
2014.11.04 09:23:59.821,1.17887,1.179,1.37,1.00
2014.11.04 09:24:00.127,1.17886,1.17902,2.06,1.00
2014.11.04 09:24:00.230,1.17886,1.17902,3.94,1.00
2014.11.04 09:24:02.288,1.17888,1.17903,1.87,1.00
2014.11.04 09:24:02.744,1.1789,1.17904,1.62,1.00
2014.11.04 09:24:03.259,1.1789,1.17904,1.62,1.00
2014.11.04 09:24:05.230,1.1789,1.17904,2.06,1.00
2014.11.04 09:24:05.535,1.17889,1.17903,1.56,1.00
2014.11.04 09:24:06.054,1.17889,1.17903,1.56,1.00
2014.11.04 09:24:10.500,1.17888,1.17902,1.50,1.37
2014.11.04 09:24:11.006,1.17887,1.17901,1.12,1.00
2014.11.04 09:24:11.689,1.17887,1.17901,1.37,1.00
2014.11.04 09:24:11.790,1.17887,1.17903,1.37,1.69
2014.11.04 09:24:12.094,1.17888,1.17905,1.37,1.50
2014.11.04 09:24:13.579,1.17889,1.17905,1.62,1.00
2014.11.04 09:24:13.731,1.17888,1.17903,1.56,1.00
2014.11.04 09:24:13.934,1.17888,1.17903,1.12,1.00
2014.11.04 09:24:14.086,1.17888,1.17901,1.00,1.12
2014.11.04 09:24:14.391,1.17883,1.17898,1.62,1.00
2014.11.04 09:24:15.161,1.17883,1.179,2.06,1.00
2014.11.04 09:24:15.530,1.17885,1.179,1.37,1.00
2014.11.04 09:24:18.606,1.17886,1.179,1.37,1.00
2014.11.04 09:24:18.901,1.17886,1.179,1.37,1.00
2014.11.04 09:24:22.313,1.17887,1.179,1.37,1.00
2014.11.04 09:24:22.840,1.17887,1.179,1.12,1.00
2014.11.04 09:24:23.830,1.17886,1.179,1.12,1.00
2014.11.04 09:24:24.033,1.17884,1.17895,1.00,1.12
2014.11.04 09:24:24.135,1.17881,1.17894,1.00,1.00
2014.11.04 09:24:24.186,1.17879,1.17892,1.31,1.00
2014.11.04 09:24:25.036,1.17879,1.17892,1.37,1.00
2014.11.04 09:24:26.844,1.17879,1.17892,1.12,1.00
2014.11.04 09:24:27.148,1.17876,1.1789,1.31,1.00
2014.11.04 09:24:28.062,1.17876,1.1789,1.00,1.00
2014.11.04 09:24:28.825,1.17876,1.1789,1.37,1.00
2014.11.04 09:24:29.623,1.17876,1.1789,1.00,1.00
2014.11.04 09:24:29.929,1.17874,1.17888,2.06,1.00
2014.11.04 09:24:33.653,1.17874,1.1789,1.37,1.25
2014.11.04 09:24:34.205,1.17874,1.1789,1.87,1.25
2014.11.04 09:24:34.656,1.17874,1.1789,3.00,1.00
2014.11.04 09:24:34.859,1.17876,1.1789,1.37,1.00
2014.11.04 09:24:35.064,1.17876,1.17891,1.37,1.00
2014.11.04 09:24:37.893,1.17878,1.17891,2.25,1.00
2014.11.04 09:24:37.944,1.17878,1.17894,2.25,2.25
2014.11.04 09:24:38.449,1.1788,1.17895,1.37,1.00
2014.11.04 09:24:38.827,1.1788,1.17896,1.37,2.25
2014.11.04 09:24:39.660,1.17878,1.17896,2.81,2.44
2014.11.04 09:24:43.275,1.17878,1.17896,4.31,1.50
2014.11.04 09:24:43.795,1.17878,1.17895,2.62,1.50
2014.11.04 09:24:43.896,1.17879,1.17893,1.37,1.00
2014.11.04 09:24:44.049,1.17879,1.17895,2.25,2.62
2014.11.04 09:24:44.150,1.17881,1.17894,1.00,1.00
2014.11.04 09:24:44.252,1.17879,1.17894,1.25,1.00
2014.11.04 09:24:44.764,1.17879,1.17894,1.00,2.44
2014.11.04 09:24:45.349,1.17879,1.17894,1.37,2.44
2014.11.04 09:24:45.653,1.17881,1.17894,1.50,2.25
2014.11.04 09:24:45.754,1.17881,1.17894,1.37,2.25
2014.11.04 09:24:45.957,1.17881,1.17896,1.37,1.00
2014.11.04 09:24:46.008,1.17881,1.17896,1.00,1.00
2014.11.04 09:24:46.109,1.17879,1.17896,1.69,1.00
2014.11.04 09:24:46.616,1.17879,1.17895,1.25,3.00
2014.11.04 09:24:47.224,1.17879,1.17895,1.62,3.75
2014.11.04 09:24:47.732,1.17879,1.17895,1.62,3.37
2014.11.04 09:24:48.360,1.17879,1.17894,1.37,1.87
2014.11.04 09:24:48.869,1.17879,1.17895,1.12,3.56
2014.11.04 09:24:49.261,1.17879,1.17895,1.12,1.12
2014.11.04 09:24:49.817,1.17878,1.17894,1.37,1.50
2014.11.04 09:24:50.368,1.17877,1.17895,1.87,1.37
2014.11.04 09:24:50.880,1.17876,1.17893,2.81,1.50
2014.11.04 09:24:51.319,1.17876,1.17893,2.62,1.50
2014.11.04 09:24:51.420,1.17876,1.17893,2.62,1.87
2014.11.04 09:24:53.248,1.17876,1.17893,1.37,1.12
2014.11.04 09:24:56.374,1.17876,1.17893,1.37,2.81
2014.11.04 09:24:57.750,1.17876,1.17892,1.12,1.87
2014.11.04 09:24:59.074,1.17875,1.17891,1.62,2.25
2014.11.04 09:24:59.277,1.17876,1.17893,3.37,2.25
2014.11.04 09:24:59.378,1.17882,1.17893,1.00,2.25
2014.11.04 09:24:59.884,1.17882,1.17894,1.00,2.44
2014.11.04 09:25:00.046,1.17878,1.17894,1.37,2.44
2014.11.04 09:25:00.554,1.17878,1.17894,1.37,2.44
2014.11.04 09:25:01.141,1.17878,1.17893,1.37,1.50
2014.11.04 09:25:01.952,1.17878,1.17894,1.37,2.44
2014.11.04 09:25:03.914,1.17878,1.17892,2.06,1.50
2014.11.04 09:25:04.437,1.17877,1.17893,1.37,2.25
2014.11.04 09:25:04.952,1.17877,1.17893,1.37,2.62
2014.11.04 09:25:05.487,1.17877,1.17893,1.37,1.31
2014.11.04 09:25:06.012,1.17877,1.17893,1.37,2.81
2014.11.04 09:25:06.316,1.17875,1.17891,1.87,1.87
2014.11.04 09:25:06.866,1.17875,1.17891,1.87,1.87
2014.11.04 09:25:07.276,1.17875,1.17891,2.44,1.50
2014.11.04 09:25:07.378,1.17876,1.17893,2.81,1.87
2014.11.04 09:25:07.595,1.17876,1.17893,2.44,1.50
2014.11.04 09:25:08.108,1.17877,1.17893,2.81,1.00
2014.11.04 09:25:14.599,1.17877,1.17893,2.81,2.25
2014.11.04 09:25:15.110,1.17876,1.17892,1.56,1.12
2014.11.04 09:25:16.611,1.17876,1.17892,1.56,1.00
2014.11.04 09:25:17.137,1.17877,1.17893,2.81,1.50
2014.11.04 09:25:20.787,1.17877,1.17892,2.06,1.50
2014.11.04 09:25:21.300,1.17877,1.17893,2.06,2.25
2014.11.04 09:25:21.834,1.17877,1.17893,2.06,3.00
2014.11.04 09:25:22.225,1.17877,1.17891,1.69,1.00
2014.11.04 09:25:22.528,1.17881,1.17896,1.50,2.06
2014.11.04 09:25:22.731,1.17879,1.17895,1.12,1.00
2014.11.04 09:25:22.984,1.17881,1.17897,1.00,3.19
2014.11.04 09:25:23.498,1.17881,1.17894,1.00,1.00
2014.11.04 09:25:23.549,1.17878,1.17894,1.25,1.00
2014.11.04 09:25:23.651,1.17877,1.17892,2.06,1.50
2014.11.04 09:25:24.173,1.17877,1.17891,2.06,1.00
2014.11.04 09:25:24.557,1.17878,1.17891,1.37,1.00
2014.11.04 09:25:24.658,1.17878,1.17894,1.37,1.00
2014.11.04 09:25:25.016,1.17878,1.17894,1.87,1.00
2014.11.04 09:25:26.081,1.17878,1.17891,1.37,1.00
2014.11.04 09:25:26.448,1.17878,1.17894,1.37,1.50
2014.11.04 09:25:26.651,1.17882,1.17895,1.00,1.50
2014.11.04 09:25:26.965,1.1788,1.17896,1.12,1.50
2014.11.04 09:25:27.067,1.17879,1.17894,1.37,1.00
2014.11.04 09:25:27.219,1.17881,1.17897,1.37,1.69
2014.11.04 09:25:27.271,1.17881,1.17895,1.37,1.50
2014.11.04 09:25:27.777,1.17882,1.17896,1.37,1.25
2014.11.04 09:25:28.081,1.17879,1.17894,1.37,1.00
2014.11.04 09:25:29.748,1.17879,1.17894,1.37,1.00
2014.11.04 09:25:30.687,1.17881,1.17894,1.37,1.00
2014.11.04 09:25:30.992,1.17885,1.179,1.00,1.00
2014.11.04 09:25:31.447,1.17882,1.179,3.37,1.37
2014.11.04 09:25:31.952,1.17882,1.17897,1.00,1.00
2014.11.04 09:25:32.155,1.17884,1.179,1.00,3.56
2014.11.04 09:25:32.357,1.17884,1.179,1.00,2.06
2014.11.04 09:25:33.094,1.17884,1.179,1.37,1.50
2014.11.04 09:25:33.348,1.17886,1.17902,1.12,1.00
2014.11.04 09:25:33.399,1.17886,1.17902,1.87,1.00
2014.11.04 09:25:33.500,1.17888,1.17904,1.37,1.00
2014.11.04 09:25:36.041,1.17887,1.17902,1.37,1.50
2014.11.04 09:25:36.193,1.17887,1.17902,1.12,1.00
2014.11.04 09:25:37.380,1.17886,1.17902,1.62,1.00
2014.11.04 09:25:37.533,1.17887,1.17904,1.62,2.25
2014.11.04 09:25:37.635,1.17889,1.17902,1.00,1.00
2014.11.04 09:25:37.938,1.17889,1.17903,1.37,1.00
2014.11.04 09:25:38.641,1.1789,1.17906,1.87,1.12
2014.11.04 09:25:39.149,1.1789,1.17905,2.62,1.00
2014.11.04 09:25:39.754,1.1789,1.17907,2.06,1.12
2014.11.04 09:25:39.805,1.1789,1.17907,2.44,1.37
2014.11.04 09:25:40.109,1.17888,1.17899,1.00,1.50
2014.11.04 09:25:40.211,1.17881,1.17897,2.44,1.00
2014.11.04 09:25:40.413,1.17881,1.17894,1.19,1.00
2014.11.04 09:25:40.616,1.17876,1.17889,1.50,1.00
2014.11.04 09:25:40.717,1.17873,1.17889,2.44,1.00
2014.11.04 09:25:40.768,1.17873,1.17887,1.25,1.00
2014.11.04 09:25:41.072,1.17867,1.17879,1.50,1.00
2014.11.04 09:25:41.287,1.17863,1.17878,2.25,1.00
2014.11.04 09:25:41.389,1.17863,1.17876,1.00,1.00
2014.11.04 09:25:41.541,1.17861,1.17876,1.00,1.00
2014.11.04 09:25:42.047,1.17862,1.17877,1.00,1.00
2014.11.04 09:25:42.301,1.17862,1.17876,1.00,1.37
2014.11.04 09:25:42.607,1.1786,1.17874,1.69,1.37
2014.11.04 09:25:44.703,1.1786,1.17875,1.00,1.00
2014.11.04 09:25:44.854,1.1786,1.17875,1.75,1.00
2014.11.04 09:25:45.384,1.17862,1.17875,1.00,1.37
2014.11.04 09:25:45.839,1.1786,1.17875,1.00,1.00
2014.11.04 09:25:45.890,1.1786,1.1787,1.00,1.00
2014.11.04 09:25:45.941,1.17857,1.1787,1.50,1.00
2014.11.04 09:25:46.043,1.17855,1.1787,1.00,1.00
2014.11.04 09:25:46.144,1.17852,1.17869,1.69,1.00
2014.11.04 09:25:46.245,1.17852,1.17866,1.69,1.00
2014.11.04 09:25:46.751,1.17852,1.17864,1.25,1.00
2014.11.04 09:25:46.903,1.17853,1.17868,1.00,1.00
2014.11.04 09:25:47.414,1.17853,1.17869,1.50,1.87
2014.11.04 09:25:47.905,1.17854,1.17867,1.12,1.37
2014.11.04 09:25:48.411,1.17854,1.17866,1.00,1.37
2014.11.04 09:25:48.462,1.17852,1.17866,1.69,1.37
2014.11.04 09:25:48.513,1.17853,1.1787,1.00,5.81
2014.11.04 09:25:48.615,1.17854,1.1787,1.00,2.25
2014.11.04 09:25:48.665,1.17854,1.17868,1.00,1.00
2014.11.04 09:25:48.868,1.17856,1.17871,1.25,1.87
2014.11.04 09:25:48.919,1.17858,1.17871,1.00,1.12
2014.11.04 09:25:49.437,1.17859,1.17874,1.00,5.59
2014.11.04 09:25:49.640,1.17859,1.17872,1.00,1.00
2014.11.04 09:25:50.166,1.17858,1.17871,1.00,1.00
2014.11.04 09:25:50.933,1.17858,1.17871,1.00,1.37
2014.11.04 09:25:51.459,1.17858,1.17872,1.00,1.00
2014.11.04 09:25:51.510,1.1786,1.17874,1.00,5.02
2014.11.04 09:25:52.016,1.1786,1.17873,1.00,1.00
2014.11.04 09:25:52.322,1.17858,1.17872,1.00,1.37
2014.11.04 09:25:52.525,1.17854,1.1787,3.19,1.37
2014.11.04 09:25:53.211,1.17854,1.1787,1.69,1.87
2014.11.04 09:25:53.896,1.17854,1.17869,1.69,1.00
2014.11.04 09:25:54.440,1.17854,1.17869,1.69,1.12
2014.11.04 09:25:55.217,1.17854,1.1787,2.81,1.00
2014.11.04 09:25:55.420,1.17859,1.17874,1.12,1.00
2014.11.04 09:25:55.472,1.17862,1.17876,1.00,1.87
2014.11.04 09:25:55.523,1.17862,1.17878,1.00,1.00
2014.11.04 09:25:56.049,1.17863,1.17878,1.00,1.00
2014.11.04 09:25:56.561,1.17863,1.17879,1.00,1.87
2014.11.04 09:25:58.165,1.17863,1.17875,1.00,1.37
2014.11.04 09:25:58.419,1.17856,1.17868,1.00,1.12
2014.11.04 09:25:58.672,1.17854,1.17868,1.00,1.37
2014.11.04 09:25:59.182,1.17853,1.1787,1.69,1.25
2014.11.04 09:25:59.233,1.17855,1.1787,1.00,1.00
2014.11.04 09:25:59.284,1.17855,1.17872,1.00,1.69
2014.11.04 09:25:59.465,1.17857,1.17872,1.69,1.00
2014.11.04 09:25:59.517,1.17859,1.17874,1.69,1.00
2014.11.04 09:26:00.023,1.1786,1.17875,1.00,1.00
2014.11.04 09:26:00.125,1.17864,1.17876,1.00,1.50
2014.11.04 09:26:00.227,1.17865,1.17879,1.00,1.00
2014.11.04 09:26:00.278,1.17865,1.17881,1.00,1.00
2014.11.04 09:26:00.379,1.17866,1.17883,1.69,1.95
2014.11.04 09:26:01.340,1.17866,1.17884,1.69,1.87
2014.11.04 09:26:01.882,1.17866,1.17884,1.69,2.62
2014.11.04 09:26:02.835,1.17866,1.17884,1.69,2.62
2014.11.04 09:26:03.139,1.17864,1.1788,2.06,1.00
2014.11.04 09:26:03.444,1.17867,1.17881,1.00,1.12
2014.11.04 09:26:03.979,1.17866,1.17882,1.00,1.31
2014.11.04 09:26:04.921,1.17867,1.17884,1.00,2.81
2014.11.04 09:26:05.400,1.17868,1.17881,1.00,1.37
2014.11.04 09:26:05.451,1.17866,1.17879,1.50,1.00
2014.11.04 09:26:05.552,1.17867,1.17881,1.00,4.01
2014.11.04 09:26:05.685,1.17866,1.17878,1.00,1.00
2014.11.04 09:26:05.789,1.17863,1.17878,3.00,1.00
2014.11.04 09:26:06.093,1.17861,1.17876,3.19,1.00
2014.11.04 09:26:06.636,1.17862,1.17875,1.25,1.00
2014.11.04 09:26:07.153,1.17861,1.17875,1.50,1.00
2014.11.04 09:26:08.399,1.17863,1.17877,1.12,1.00
2014.11.04 09:26:08.601,1.17868,1.17884,1.00,1.25
2014.11.04 09:26:08.956,1.17869,1.17882,1.00,1.00
2014.11.04 09:26:09.006,1.17867,1.17882,1.00,1.00
2014.11.04 09:26:09.057,1.17867,1.17877,1.00,1.00
2014.11.04 09:26:09.159,1.17865,1.17877,1.00,1.00
2014.11.04 09:26:09.210,1.17863,1.17877,1.00,1.00
2014.11.04 09:26:09.716,1.17864,1.17877,1.00,1.50
2014.11.04 09:26:10.171,1.17864,1.17881,5.51,2.25
2014.11.04 09:26:10.222,1.17865,1.17881,1.62,3.00
2014.11.04 09:26:10.475,1.1787,1.17884,1.00,1.12
2014.11.04 09:26:11.031,1.1787,1.17886,1.00,3.75
2014.11.04 09:26:11.335,1.1787,1.17886,1.00,4.12
2014.11.04 09:26:11.437,1.17868,1.17884,1.00,1.12
2014.11.04 09:26:11.488,1.17868,1.17882,1.00,1.00
2014.11.04 09:26:12.376,1.17868,1.17884,1.00,1.00
2014.11.04 09:26:13.049,1.17868,1.17884,1.37,1.00
2014.11.04 09:26:13.151,1.17868,1.17885,1.37,1.69
2014.11.04 09:26:13.353,1.17868,1.17884,2.81,1.00
2014.11.04 09:26:13.556,1.17869,1.17887,1.31,2.81
2014.11.04 09:26:14.075,1.17872,1.17888,1.00,2.25
2014.11.04 09:26:14.329,1.17873,1.1789,1.00,1.00
2014.11.04 09:26:14.755,1.17873,1.17891,2.44,1.87
2014.11.04 09:26:15.782,1.17873,1.17891,3.00,1.62
2014.11.04 09:26:15.884,1.17873,1.1789,3.00,1.37
2014.11.04 09:26:16.153,1.17873,1.1789,3.00,1.12
2014.11.04 09:26:16.685,1.17873,1.1789,3.00,1.37
2014.11.04 09:26:17.493,1.17873,1.17889,1.50,1.87
2014.11.04 09:26:18.205,1.17873,1.17889,1.50,1.87
2014.11.04 09:26:18.714,1.17872,1.17887,2.25,1.37
2014.11.04 09:26:19.022,1.17873,1.17887,1.00,1.87
2014.11.04 09:26:19.802,1.17873,1.17886,1.00,1.00
2014.11.04 09:26:20.006,1.17872,1.17886,1.50,1.37
2014.11.04 09:26:20.312,1.1787,1.17885,1.00,1.37
2014.11.04 09:26:21.030,1.1787,1.17885,1.00,1.87
2014.11.04 09:26:21.338,1.17868,1.17885,2.81,1.87
2014.11.04 09:26:22.252,1.1787,1.17883,1.00,1.12
2014.11.04 09:26:22.456,1.17868,1.17883,1.69,1.12
2014.11.04 09:26:22.963,1.17869,1.17884,1.00,1.37
2014.11.04 09:26:23.355,1.17871,1.17884,1.00,1.37
2014.11.04 09:26:23.924,1.17871,1.17883,1.00,1.37
2014.11.04 09:26:24.327,1.17869,1.17883,1.00,1.37
2014.11.04 09:26:24.843,1.17868,1.17883,1.69,1.87
2014.11.04 09:26:25.504,1.17868,1.17882,1.00,1.37
2014.11.04 09:26:25.936,1.17868,1.17882,1.00,1.12
2014.11.04 09:26:26.608,1.17868,1.17884,1.00,1.37
2014.11.04 09:26:28.661,1.17868,1.17884,1.00,1.12
2014.11.04 09:26:28.763,1.17867,1.17881,1.00,1.37
2014.11.04 09:26:28.969,1.17865,1.17878,1.50,1.87
2014.11.04 09:26:29.173,1.17865,1.1788,1.50,1.00
2014.11.04 09:26:29.224,1.17868,1.17881,1.00,1.50
2014.11.04 09:26:29.326,1.1787,1.17886,1.00,2.25
2014.11.04 09:26:29.529,1.17872,1.17887,1.00,3.00
2014.11.04 09:26:30.070,1.17872,1.17886,1.00,1.50
2014.11.04 09:26:30.222,1.1787,1.17886,1.25,3.00
2014.11.04 09:26:31.614,1.17871,1.17886,1.37,3.37
2014.11.04 09:26:32.168,1.17871,1.17886,1.12,3.37
2014.11.04 09:26:32.674,1.17871,1.17886,2.81,3.37
2014.11.04 09:26:34.010,1.17871,1.17886,1.19,1.37
2014.11.04 09:26:34.531,1.17871,1.17886,1.00,1.37
2014.11.04 09:26:35.205,1.17871,1.17884,1.50,1.37
2014.11.04 09:26:35.510,1.17866,1.17878,1.50,1.37
2014.11.04 09:26:36.041,1.17865,1.17877,1.00,1.12
2014.11.04 09:26:36.142,1.17864,1.17879,1.00,1.00
2014.11.04 09:26:36.446,1.17864,1.17877,1.00,1.00
2014.11.04 09:26:36.806,1.17863,1.17877,1.00,1.50
2014.11.04 09:26:37.715,1.17863,1.17878,1.00,1.87
2014.11.04 09:26:38.271,1.17862,1.17877,2.25,1.37
2014.11.04 09:26:38.628,1.17862,1.17877,2.25,1.50
2014.11.04 09:26:39.379,1.17863,1.17877,1.00,1.50
2014.11.04 09:26:39.531,1.17863,1.17877,1.00,1.00
2014.11.04 09:26:39.582,1.17865,1.17877,1.00,1.00
2014.11.04 09:26:41.956,1.17865,1.1788,1.00,3.00
2014.11.04 09:26:42.362,1.17864,1.17876,1.00,1.37
2014.11.04 09:26:42.514,1.17862,1.17875,1.50,1.37
2014.11.04 09:26:42.666,1.1786,1.17875,2.25,1.50
2014.11.04 09:26:43.222,1.17862,1.17875,1.00,1.50
2014.11.04 09:26:43.374,1.17862,1.17875,1.00,2.62
2014.11.04 09:26:43.426,1.1786,1.17875,1.87,2.62
2014.11.04 09:26:43.983,1.17858,1.17874,1.25,1.87
2014.11.04 09:26:44.775,1.17856,1.17868,2.44,1.50
2014.11.04 09:26:44.826,1.17856,1.17868,1.50,1.50
2014.11.04 09:26:45.079,1.17853,1.17869,1.19,3.75
2014.11.04 09:26:45.130,1.17852,1.17867,3.19,1.37
2014.11.04 09:26:45.182,1.17852,1.17867,1.19,1.00
2014.11.04 09:26:45.232,1.17851,1.17865,2.25,1.00
2014.11.04 09:26:45.485,1.17849,1.17865,1.00,1.50
2014.11.04 09:26:45.986,1.17849,1.17865,1.00,1.87
2014.11.04 09:26:46.189,1.17847,1.17862,3.19,1.00
2014.11.04 09:26:46.543,1.17846,1.1786,1.50,1.00
2014.11.04 09:26:47.100,1.17846,1.17859,1.00,1.00
2014.11.04 09:26:47.654,1.17845,1.17859,1.25,1.00
2014.11.04 09:26:48.168,1.17846,1.17859,1.00,1.00
2014.11.04 09:26:48.320,1.17847,1.17862,1.00,1.00
2014.11.04 09:26:48.867,1.17846,1.17862,2.44,1.00
2014.11.04 09:26:49.374,1.17847,1.17862,1.00,1.00
2014.11.04 09:26:49.901,1.17847,1.17861,1.00,1.00
2014.11.04 09:26:50.356,1.17848,1.17861,1.00,1.37
2014.11.04 09:26:50.713,1.17845,1.17858,1.00,1.12
2014.11.04 09:26:50.865,1.17842,1.17857,1.19,1.37
2014.11.04 09:26:51.067,1.17842,1.17857,1.00,1.37
2014.11.04 09:26:51.726,1.17842,1.17857,2.25,1.12
2014.11.04 09:26:52.231,1.17843,1.17857,1.00,1.37
2014.11.04 09:26:52.434,1.17843,1.1786,1.00,2.06
2014.11.04 09:26:52.485,1.17846,1.1786,1.00,1.87
2014.11.04 09:26:53.558,1.17846,1.1786,1.00,1.37
2014.11.04 09:26:53.761,1.17844,1.17858,1.00,1.87
2014.11.04 09:26:53.812,1.17842,1.17858,1.00,1.87
2014.11.04 09:26:54.340,1.17842,1.17856,1.00,1.00
2014.11.04 09:26:54.593,1.17842,1.17858,1.00,1.12
2014.11.04 09:26:55.269,1.17843,1.1786,1.19,2.62
2014.11.04 09:26:55.775,1.17846,1.17861,1.00,1.87
2014.11.04 09:26:56.306,1.17845,1.1786,1.25,1.37
2014.11.04 09:26:56.610,1.17843,1.17857,1.50,1.00
2014.11.04 09:26:57.297,1.17843,1.17857,1.00,1.37
2014.11.04 09:26:57.398,1.17842,1.17854,1.00,1.00
2014.11.04 09:26:57.449,1.1784,1.17854,1.00,1.00
2014.11.04 09:26:57.500,1.1784,1.17856,1.00,1.50
2014.11.04 09:26:57.703,1.17839,1.17854,2.44,1.00
2014.11.04 09:26:57.804,1.17839,1.17856,2.44,1.50
2014.11.04 09:26:58.007,1.17841,1.17856,1.00,1.00
2014.11.04 09:26:58.108,1.17839,1.17856,1.50,1.50
2014.11.04 09:26:58.260,1.17839,1.17854,1.00,1.00
2014.11.04 09:26:58.564,1.17837,1.17853,1.50,1.37
2014.11.04 09:26:58.869,1.1784,1.17852,1.00,1.37
2014.11.04 09:26:59.173,1.17838,1.17851,1.00,1.00
2014.11.04 09:26:59.224,1.17838,1.17849,1.00,1.00
2014.11.04 09:26:59.426,1.17834,1.17849,1.00,1.00
2014.11.04 09:26:59.528,1.17837,1.17848,1.50,1.00
2014.11.04 09:26:59.630,1.17837,1.1785,1.50,1.00
2014.11.04 09:26:59.681,1.17837,1.17847,1.50,1.00
2014.11.04 09:26:59.951,1.17833,1.17847,2.44,1.00
2014.11.04 09:27:00.002,1.17839,1.17848,1.50,1.00
2014.11.04 09:27:00.053,1.17839,1.1785,1.50,1.00
2014.11.04 09:27:00.105,1.17839,1.17848,1.50,1.00
2014.11.04 09:27:00.308,1.17833,1.17848,1.25,1.50
2014.11.04 09:27:00.510,1.17838,1.17848,1.50,1.00
2014.11.04 09:27:00.561,1.17838,1.1785,1.50,1.25
2014.11.04 09:27:00.765,1.17838,1.17848,1.50,1.00
2014.11.04 09:27:00.867,1.17836,1.17848,1.00,1.00
2014.11.04 09:27:01.070,1.17838,1.17848,1.50,1.00
2014.11.04 09:27:01.323,1.17838,1.1785,1.50,1.00
2014.11.04 09:27:01.425,1.17836,1.17849,1.50,1.00
2014.11.04 09:27:01.526,1.17834,1.17849,1.25,1.00
2014.11.04 09:27:01.577,1.17834,1.17847,1.00,1.00
2014.11.04 09:27:01.881,1.17836,1.17849,1.50,1.00
2014.11.04 09:27:02.084,1.17834,1.17848,1.00,1.50
2014.11.04 09:27:02.287,1.17837,1.17847,1.50,1.00
2014.11.04 09:27:02.388,1.17837,1.17849,1.50,1.00
2014.11.04 09:27:02.591,1.17834,1.17848,1.00,1.00
2014.11.04 09:27:03.098,1.17834,1.17849,1.25,1.00
2014.11.04 09:27:03.607,1.17834,1.17848,1.25,1.00
2014.11.04 09:27:04.452,1.17835,1.17848,1.00,1.00
2014.11.04 09:27:04.503,1.17836,1.1785,1.69,1.00
2014.11.04 09:27:04.679,1.17839,1.17857,3.00,1.37
2014.11.04 09:27:04.734,1.17839,1.17857,4.50,1.37
2014.11.04 09:27:04.936,1.17843,1.17857,1.00,1.37
2014.11.04 09:27:05.918,1.17842,1.17857,1.00,1.87
2014.11.04 09:27:06.288,1.17842,1.17857,1.25,1.87
2014.11.04 09:27:06.389,1.17841,1.17856,1.69,1.37
2014.11.04 09:27:07.102,1.17841,1.17856,1.25,1.37
2014.11.04 09:27:08.780,1.17841,1.17856,1.00,1.37
2014.11.04 09:27:09.479,1.17841,1.17856,1.00,1.12
2014.11.04 09:27:11.616,1.17843,1.17856,1.95,1.00
2014.11.04 09:27:12.137,1.17843,1.17858,2.14,1.00
2014.11.04 09:27:12.239,1.17843,1.1786,2.14,2.62
2014.11.04 09:27:12.342,1.17844,1.17861,1.19,1.37
2014.11.04 09:27:12.494,1.17846,1.17862,1.95,1.12
2014.11.04 09:27:12.748,1.17849,1.17864,1.95,1.00
2014.11.04 09:27:12.951,1.1785,1.17866,1.25,1.00
2014.11.04 09:27:13.588,1.17849,1.17866,3.64,1.87
2014.11.04 09:27:13.941,1.17849,1.17862,1.00,1.37
2014.11.04 09:27:14.069,1.17845,1.17861,1.00,1.62
2014.11.04 09:27:14.171,1.17843,1.17861,1.69,2.06
2014.11.04 09:27:14.626,1.17843,1.17859,1.00,1.92
2014.11.04 09:27:15.132,1.17841,1.17856,1.69,1.42
2014.11.04 09:27:15.436,1.1784,1.17854,1.50,1.37
2014.11.04 09:27:15.740,1.17838,1.17852,1.50,1.37
2014.11.04 09:27:15.943,1.17838,1.17852,1.00,1.25
2014.11.04 09:27:15.994,1.17836,1.1785,1.00,1.00
2014.11.04 09:27:16.502,1.17836,1.17849,1.50,1.00
2014.11.04 09:27:16.755,1.17836,1.17851,1.00,1.00
2014.11.04 09:27:17.262,1.17837,1.17851,1.00,1.00
2014.11.04 09:27:17.426,1.17837,1.17851,1.00,1.37
2014.11.04 09:27:19.859,1.17837,1.17851,1.50,1.37
2014.11.04 09:27:20.384,1.17837,1.17851,1.00,1.12
2014.11.04 09:27:20.486,1.1784,1.17855,1.00,1.87
2014.11.04 09:27:20.588,1.17842,1.17855,1.69,1.37
2014.11.04 09:27:20.892,1.17844,1.17857,2.44,1.37
2014.11.04 09:27:21.464,1.17843,1.17857,1.69,1.37
2014.11.04 09:27:21.768,1.17843,1.17857,1.69,1.37
2014.11.04 09:27:22.309,1.17844,1.17859,1.69,1.37
2014.11.04 09:27:24.565,1.17844,1.17859,1.69,1.37
2014.11.04 09:27:25.076,1.17844,1.17859,1.69,1.37
2014.11.04 09:27:25.380,1.17844,1.17859,1.69,1.37
2014.11.04 09:27:26.975,1.17844,1.17857,1.69,1.37
2014.11.04 09:27:27.280,1.17842,1.17855,1.50,1.37
2014.11.04 09:27:27.381,1.17842,1.17853,1.50,1.00
2014.11.04 09:27:27.533,1.17842,1.17855,1.50,1.00
2014.11.04 09:27:27.634,1.17842,1.17857,2.25,1.12
2014.11.04 09:27:27.787,1.17843,1.17856,1.19,1.00
2014.11.04 09:27:28.295,1.17843,1.17858,1.19,1.37
2014.11.04 09:27:28.802,1.17842,1.17858,3.19,1.50
2014.11.04 09:27:29.324,1.17842,1.17858,3.94,1.50
2014.11.04 09:27:29.684,1.17842,1.17858,3.94,1.37
2014.11.04 09:27:30.202,1.17843,1.17859,1.69,1.37
2014.11.04 09:27:30.701,1.17846,1.17863,1.00,1.87
2014.11.04 09:27:31.004,1.17851,1.17867,1.25,2.25
2014.11.04 09:27:31.526,1.17852,1.17868,1.00,1.50
2014.11.04 09:27:34.229,1.17852,1.17868,1.69,1.50
2014.11.04 09:27:34.815,1.17853,1.17871,2.44,3.19
2014.11.04 09:27:35.069,1.17856,1.17871,1.00,1.69
2014.11.04 09:27:36.132,1.17856,1.17867,1.00,1.37
2014.11.04 09:27:36.437,1.17855,1.17867,1.00,1.75
2014.11.04 09:27:36.488,1.17853,1.17867,2.25,1.75
2014.11.04 09:27:37.005,1.17853,1.17867,1.00,1.50
2014.11.04 09:27:38.023,1.17853,1.17867,1.00,1.37
2014.11.04 09:27:38.594,1.17853,1.17867,1.00,1.50
2014.11.04 09:27:39.534,1.17853,1.17867,1.00,1.37
2014.11.04 09:27:41.428,1.17853,1.17867,1.00,1.75
2014.11.04 09:27:41.682,1.17849,1.17864,3.19,1.37
2014.11.04 09:27:41.733,1.17849,1.17865,3.19,1.37
2014.11.04 09:27:42.038,1.17849,1.17863,2.25,1.37
2014.11.04 09:27:42.365,1.17849,1.17861,1.00,1.37
2014.11.04 09:27:42.873,1.17849,1.17861,1.00,1.37
2014.11.04 09:27:44.176,1.17846,1.17861,1.00,1.37
2014.11.04 09:27:44.705,1.17846,1.17861,1.00,1.37
2014.11.04 09:27:45.212,1.17846,1.17861,1.00,1.37
2014.11.04 09:27:47.276,1.17846,1.17861,1.00,1.00
2014.11.04 09:27:47.378,1.17846,1.17862,1.50,1.37
2014.11.04 09:27:47.898,1.17846,1.1786,1.00,1.37
2014.11.04 09:27:48.861,1.17846,1.1786,1.00,1.37
2014.11.04 09:27:50.099,1.17846,1.17859,1.00,1.37
2014.11.04 09:27:50.615,1.17846,1.17861,1.00,1.37
2014.11.04 09:27:51.104,1.17846,1.17861,1.00,1.12
2014.11.04 09:27:51.408,1.17847,1.17863,3.45,1.87
2014.11.04 09:27:51.611,1.1785,1.17863,1.00,1.37
2014.11.04 09:27:52.116,1.17851,1.17867,1.00,1.87
2014.11.04 09:27:52.642,1.17852,1.17867,1.50,1.87
2014.11.04 09:27:52.996,1.17851,1.17865,1.00,1.37
2014.11.04 09:27:53.511,1.17851,1.17865,1.00,1.37
2014.11.04 09:27:54.020,1.17851,1.17865,1.25,1.37
2014.11.04 09:27:55.595,1.17851,1.17865,1.00,1.50
2014.11.04 09:27:56.927,1.17851,1.17865,1.00,1.37
2014.11.04 09:27:57.719,1.17851,1.17865,1.00,1.50
2014.11.04 09:27:57.825,1.17851,1.17865,1.00,1.37
2014.11.04 09:27:58.353,1.1785,1.17865,1.25,1.37
2014.11.04 09:27:58.504,1.1785,1.17865,1.25,1.00
2014.11.04 09:27:58.606,1.1785,1.17866,1.25,3.75
2014.11.04 09:27:58.708,1.1785,1.17863,1.00,1.00
2014.11.04 09:27:59.491,1.1785,1.17863,1.00,1.37
2014.11.04 09:27:59.997,1.1785,1.17864,1.00,1.12
2014.11.04 09:28:01.010,1.1785,1.17866,1.50,1.87
2014.11.04 09:28:01.314,1.17852,1.17866,1.37,1.00
2014.11.04 09:28:01.618,1.17855,1.17868,1.69,1.00
2014.11.04 09:28:02.124,1.17855,1.17871,1.69,1.37
2014.11.04 09:28:02.604,1.17855,1.17871,1.50,1.37
2014.11.04 09:28:03.111,1.17853,1.17869,1.19,1.37
2014.11.04 09:28:03.627,1.17853,1.17869,1.25,1.37
2014.11.04 09:28:04.277,1.17853,1.17869,1.25,1.37
2014.11.04 09:28:05.728,1.17853,1.17869,1.25,1.37
2014.11.04 09:28:07.159,1.17853,1.17869,1.25,1.37
2014.11.04 09:28:09.970,1.17853,1.17869,1.25,1.37
2014.11.04 09:28:10.273,1.17853,1.17869,1.25,1.87
2014.11.04 09:28:12.149,1.17852,1.17869,1.00,1.37
2014.11.04 09:28:15.144,1.17852,1.17869,1.00,1.37
2014.11.04 09:28:15.246,1.17852,1.17869,1.37,1.37
2014.11.04 09:28:15.449,1.17853,1.1787,2.32,1.00
2014.11.04 09:28:15.967,1.17856,1.17871,1.00,1.87
2014.11.04 09:28:16.749,1.17856,1.17871,1.25,1.87
2014.11.04 09:28:17.353,1.17856,1.17871,1.25,2.25
2014.11.04 09:28:17.506,1.17854,1.17866,1.00,1.37
2014.11.04 09:28:17.658,1.17852,1.17866,1.25,1.00
2014.11.04 09:28:20.274,1.17851,1.17866,1.50,1.00
2014.11.04 09:28:21.084,1.17851,1.17866,1.00,1.37
2014.11.04 09:28:21.387,1.17854,1.17866,1.50,1.00
2014.11.04 09:28:21.640,1.17852,1.17867,1.00,1.00
2014.11.04 09:28:22.158,1.17852,1.17869,1.19,1.87
2014.11.04 09:28:24.367,1.17852,1.17869,2.06,1.87
2014.11.04 09:28:26.902,1.17852,1.17869,2.06,1.87
2014.11.04 09:28:28.581,1.17852,1.17869,3.56,1.37
2014.11.04 09:28:28.632,1.17857,1.1787,1.12,1.12
2014.11.04 09:28:28.835,1.1786,1.17873,1.00,2.62
2014.11.04 09:28:29.404,1.1786,1.17873,1.00,1.87
2014.11.04 09:28:29.546,1.1786,1.17873,1.00,1.87
2014.11.04 09:28:29.649,1.1786,1.17873,1.00,1.87
2014.11.04 09:28:29.700,1.17862,1.17876,1.00,1.62
2014.11.04 09:28:30.211,1.17862,1.17877,1.00,3.94
2014.11.04 09:28:30.262,1.17862,1.17877,1.00,2.81
2014.11.04 09:28:30.795,1.17863,1.17877,1.00,2.06
2014.11.04 09:28:32.061,1.17863,1.17876,1.00,1.37
2014.11.04 09:28:32.278,1.17864,1.17876,1.00,1.37
2014.11.04 09:28:32.431,1.17864,1.17878,1.00,1.50
2014.11.04 09:28:32.702,1.17862,1.17876,1.00,1.37
2014.11.04 09:28:33.460,1.17862,1.17873,1.00,1.37
2014.11.04 09:28:33.766,1.17862,1.17874,1.00,1.00
2014.11.04 09:28:34.388,1.17862,1.17874,1.00,1.37
2014.11.04 09:28:35.568,1.17862,1.17874,1.00,1.37
2014.11.04 09:28:35.670,1.17862,1.17875,1.00,1.75
2014.11.04 09:28:35.874,1.17859,1.17872,1.00,2.62
2014.11.04 09:28:36.665,1.17859,1.17868,1.00,1.00
2014.11.04 09:28:36.817,1.17862,1.17868,1.00,1.00
2014.11.04 09:28:36.868,1.17862,1.17871,1.00,1.95
2014.11.04 09:28:36.919,1.17864,1.17874,1.00,1.50
2014.11.04 09:28:36.970,1.17868,1.17874,1.00,1.50
2014.11.04 09:28:37.021,1.17868,1.17881,1.00,1.00
2014.11.04 09:28:37.072,1.17872,1.17883,1.00,3.00
2014.11.04 09:28:37.224,1.17873,1.17885,1.00,1.00
2014.11.04 09:28:37.325,1.17876,1.17885,1.00,1.00
2014.11.04 09:28:37.629,1.17876,1.17887,1.00,1.00
2014.11.04 09:28:38.746,1.17876,1.17888,1.00,1.50
2014.11.04 09:28:38.898,1.17876,1.17888,1.00,1.37
2014.11.04 09:28:40.118,1.17876,1.17888,1.00,1.37
2014.11.04 09:28:40.948,1.17876,1.17888,1.00,1.37
2014.11.04 09:28:41.050,1.17875,1.17888,1.00,1.37
2014.11.04 09:28:41.943,1.17875,1.17889,1.00,2.32
2014.11.04 09:28:42.045,1.17875,1.17889,1.00,2.32
2014.11.04 09:28:42.550,1.17874,1.17886,1.00,1.50
2014.11.04 09:28:43.613,1.17874,1.17887,1.00,1.87
2014.11.04 09:28:46.165,1.17874,1.17888,1.00,2.62
2014.11.04 09:28:47.891,1.17874,1.17889,1.87,1.95
2014.11.04 09:28:48.195,1.17878,1.1789,1.00,1.62
2014.11.04 09:28:48.549,1.17876,1.17893,1.50,1.69
2014.11.04 09:28:49.787,1.17876,1.17893,1.50,2.81
2014.11.04 09:28:49.838,1.17879,1.17893,1.00,2.81
2014.11.04 09:28:49.888,1.17879,1.17893,1.00,1.62
2014.11.04 09:28:50.192,1.17882,1.17896,1.00,2.06
2014.11.04 09:28:50.699,1.17881,1.17895,1.00,2.62
2014.11.04 09:28:50.749,1.17879,1.17895,3.00,2.62
2014.11.04 09:28:51.306,1.17881,1.17895,1.00,1.37
2014.11.04 09:28:51.617,1.17879,1.17893,1.12,1.12
2014.11.04 09:28:51.934,1.17878,1.17892,1.50,1.87
2014.11.04 09:28:52.339,1.17876,1.1789,1.50,1.12
2014.11.04 09:28:52.657,1.17876,1.1789,1.50,1.37
2014.11.04 09:28:53.182,1.17876,1.1789,1.50,1.37
2014.11.04 09:28:53.691,1.17876,1.1789,1.50,1.00
2014.11.04 09:28:54.211,1.17876,1.17891,1.50,1.12
2014.11.04 09:28:54.719,1.17876,1.17891,1.50,1.37
2014.11.04 09:28:55.767,1.17877,1.17891,1.00,1.37
2014.11.04 09:28:56.299,1.17876,1.17892,1.50,1.87
2014.11.04 09:28:56.614,1.17876,1.17892,1.50,1.87
2014.11.04 09:28:57.131,1.17876,1.17892,1.50,1.87
2014.11.04 09:28:57.637,1.17876,1.17893,2.25,1.87
2014.11.04 09:28:57.688,1.17878,1.17893,1.00,1.12
2014.11.04 09:28:57.991,1.17881,1.17894,1.00,1.37
2014.11.04 09:28:58.654,1.17881,1.17894,1.00,1.37
2014.11.04 09:29:01.760,1.17881,1.17893,1.00,1.50
2014.11.04 09:29:02.022,1.17881,1.17893,1.00,1.37
2014.11.04 09:29:02.275,1.17879,1.17893,1.00,1.00
2014.11.04 09:29:02.809,1.17879,1.17894,1.00,1.50
2014.11.04 09:29:03.352,1.17879,1.17892,1.00,1.00
2014.11.04 09:29:04.080,1.17879,1.17892,1.00,1.37
2014.11.04 09:29:06.718,1.17879,1.17894,1.00,2.25
2014.11.04 09:29:06.920,1.17879,1.17892,1.00,1.37
2014.11.04 09:29:07.698,1.17879,1.17892,1.00,1.37
2014.11.04 09:29:08.831,1.17879,1.17894,1.00,2.06
2014.11.04 09:29:10.011,1.17879,1.17894,1.00,2.06
2014.11.04 09:29:10.215,1.17879,1.17894,1.00,2.44
2014.11.04 09:29:10.730,1.17878,1.17894,1.50,5.89
2014.11.04 09:29:11.191,1.1788,1.17893,1.00,3.45
2014.11.04 09:29:11.242,1.1788,1.17893,1.00,3.07
2014.11.04 09:29:11.793,1.1788,1.17893,1.00,3.07
2014.11.04 09:29:15.240,1.1788,1.17893,1.00,3.64
2014.11.04 09:29:15.786,1.17879,1.17891,1.00,1.37
2014.11.04 09:29:16.637,1.17879,1.17893,1.00,3.64
2014.11.04 09:29:17.758,1.17879,1.17891,1.00,1.87
2014.11.04 09:29:17.860,1.17879,1.17889,1.00,1.37
2014.11.04 09:29:17.911,1.17876,1.17889,1.00,1.37
2014.11.04 09:29:17.962,1.17876,1.17886,1.50,1.37
2014.11.04 09:29:18.064,1.17872,1.17884,1.50,1.37
2014.11.04 09:29:18.166,1.17869,1.17884,1.00,1.00
2014.11.04 09:29:18.268,1.17868,1.17881,1.50,1.00
2014.11.04 09:29:18.573,1.17866,1.17879,1.50,1.00
2014.11.04 09:29:18.826,1.17864,1.1788,2.25,1.00
2014.11.04 09:29:19.689,1.17864,1.17879,1.50,1.37
2014.11.04 09:29:22.779,1.17864,1.17879,1.50,1.50
2014.11.04 09:29:22.952,1.17862,1.17876,1.50,1.37
2014.11.04 09:29:23.461,1.17862,1.17879,1.25,3.07
2014.11.04 09:29:23.969,1.17863,1.17879,1.50,2.32
2014.11.04 09:29:24.230,1.17863,1.17879,1.50,2.32
2014.11.04 09:29:24.826,1.17863,1.17879,1.50,2.32
2014.11.04 09:29:25.338,1.17864,1.17879,1.00,3.07
2014.11.04 09:29:27.212,1.17863,1.17879,1.00,1.37
2014.11.04 09:29:28.457,1.17863,1.17876,1.00,1.37
2014.11.04 09:29:28.659,1.17861,1.17876,1.00,2.62
2014.11.04 09:29:28.862,1.17861,1.17876,1.00,1.37
2014.11.04 09:29:29.215,1.17863,1.17876,1.00,1.37
2014.11.04 09:29:30.135,1.17863,1.17878,1.00,1.37
2014.11.04 09:29:30.664,1.17863,1.17876,1.00,1.37
2014.11.04 09:29:30.998,1.17862,1.1787,1.00,1.37
2014.11.04 09:29:31.049,1.17862,1.1787,1.00,1.00
2014.11.04 09:29:31.100,1.17854,1.1787,3.19,1.00
2014.11.04 09:29:31.151,1.17854,1.17868,3.19,1.00
2014.11.04 09:29:31.202,1.17854,1.17868,1.50,1.00
2014.11.04 09:29:32.281,1.17854,1.17868,1.00,1.37
2014.11.04 09:29:33.063,1.17854,1.17868,1.50,1.37
2014.11.04 09:29:33.476,1.17854,1.17871,2.44,2.62
2014.11.04 09:29:33.679,1.17857,1.17872,1.00,1.37
2014.11.04 09:29:35.012,1.17857,1.17872,1.00,1.37
2014.11.04 09:29:37.602,1.17857,1.17872,1.25,1.37
2014.11.04 09:29:38.103,1.17858,1.17873,1.00,2.25
2014.11.04 09:29:38.517,1.17858,1.1787,1.00,1.75
2014.11.04 09:29:38.669,1.17855,1.17869,2.25,2.25
2014.11.04 09:29:38.821,1.17853,1.17869,1.00,1.37
2014.11.04 09:29:39.129,1.17853,1.17869,1.00,1.75
2014.11.04 09:29:39.658,1.17854,1.17869,1.50,1.75
2014.11.04 09:29:40.165,1.17853,1.17869,1.50,1.50
2014.11.04 09:29:40.685,1.17853,1.17868,1.50,1.50
2014.11.04 09:29:40.941,1.17852,1.17869,3.75,1.87
2014.11.04 09:29:41.459,1.17853,1.1787,3.75,2.06
2014.11.04 09:29:41.967,1.17854,1.1787,1.50,1.37
2014.11.04 09:29:42.185,1.17854,1.1787,1.50,1.37
2014.11.04 09:29:42.287,1.17854,1.1787,1.50,1.37
2014.11.04 09:29:42.389,1.17854,1.1787,1.50,1.37
2014.11.04 09:29:43.556,1.17855,1.1787,1.00,1.37
2014.11.04 09:29:44.283,1.17855,1.1787,1.00,1.37
2014.11.04 09:29:44.384,1.17856,1.17873,1.00,2.06
2014.11.04 09:29:44.588,1.17858,1.17875,1.00,1.62
2014.11.04 09:29:44.891,1.17861,1.17875,1.00,1.00
2014.11.04 09:29:45.415,1.17861,1.17877,1.00,1.87
2014.11.04 09:29:46.780,1.17862,1.17878,1.00,1.37
2014.11.04 09:29:47.287,1.17863,1.1788,1.50,1.87
2014.11.04 09:29:47.593,1.17863,1.1788,1.50,3.75
2014.11.04 09:29:48.210,1.17863,1.17877,1.50,1.37
2014.11.04 09:29:50.629,1.17863,1.17876,1.50,1.00
2014.11.04 09:29:51.116,1.17863,1.17878,1.00,1.12
2014.11.04 09:29:51.622,1.17863,1.17878,1.00,1.37
2014.11.04 09:29:52.128,1.17863,1.17875,1.00,1.00
2014.11.04 09:29:52.655,1.17863,1.17877,1.00,1.37
2014.11.04 09:29:53.472,1.17863,1.17877,1.00,1.12
2014.11.04 09:29:54.792,1.17863,1.17877,1.00,1.37
2014.11.04 09:29:55.549,1.17863,1.17877,1.00,1.12
2014.11.04 09:30:00.045,1.17863,1.17876,1.00,1.00
2014.11.04 09:30:00.350,1.1786,1.17871,1.69,1.00
2014.11.04 09:30:00.401,1.17858,1.17871,3.75,1.00
2014.11.04 09:30:00.453,1.17858,1.17874,1.50,1.50
2014.11.04 09:30:00.504,1.17858,1.17872,1.00,1.00
2014.11.04 09:30:00.555,1.17856,1.17872,1.25,1.00
2014.11.04 09:30:00.606,1.17856,1.17868,1.25,1.00
2014.11.04 09:30:00.707,1.17858,1.17872,1.00,1.00
2014.11.04 09:30:00.861,1.17856,1.17869,3.19,1.00
2014.11.04 09:30:01.194,1.17856,1.17863,1.00,1.00
2014.11.04 09:30:01.502,1.17851,1.17859,1.00,1.50
2014.11.04 09:30:01.768,1.17848,1.17858,1.00,1.00
2014.11.04 09:30:01.920,1.17848,1.17857,1.00,1.37
2014.11.04 09:30:02.022,1.17843,1.17854,1.00,1.00
2014.11.04 09:30:02.125,1.17841,1.17855,1.00,1.00
2014.11.04 09:30:02.632,1.17841,1.17853,1.00,1.00
2014.11.04 09:30:03.153,1.17841,1.17852,1.00,1.00
2014.11.04 09:30:03.258,1.17841,1.17854,1.50,1.00
2014.11.04 09:30:03.361,1.17841,1.17856,1.50,1.31
2014.11.04 09:30:03.617,1.17841,1.17851,1.00,1.00
2014.11.04 09:30:03.668,1.17839,1.17851,1.00,1.00
2014.11.04 09:30:03.720,1.17839,1.17854,2.25,1.00
2014.11.04 09:30:03.872,1.1784,1.17854,1.19,1.00
2014.11.04 09:30:03.926,1.1784,1.17858,1.19,4.57
2014.11.04 09:30:04.434,1.17842,1.17858,1.50,3.07
2014.11.04 09:30:04.891,1.17841,1.17852,1.50,1.00
2014.11.04 09:30:04.993,1.17838,1.17852,1.50,1.87
2014.11.04 09:30:05.044,1.17835,1.17852,1.00,1.87
2014.11.04 09:30:05.268,1.17841,1.17854,1.50,1.37
2014.11.04 09:30:05.472,1.17837,1.17853,2.25,1.37
2014.11.04 09:30:05.979,1.17837,1.17849,1.50,1.00
2014.11.04 09:30:06.486,1.17837,1.17848,1.50,1.00
2014.11.04 09:30:06.588,1.17837,1.17851,1.50,1.37
2014.11.04 09:30:06.993,1.17838,1.17854,1.50,3.19
2014.11.04 09:30:07.225,1.17838,1.17854,1.50,2.81
2014.11.04 09:30:07.408,1.17838,1.17854,1.50,2.44
2014.11.04 09:30:07.914,1.17838,1.17854,1.50,2.44
2014.11.04 09:30:08.067,1.17838,1.17854,1.50,2.81
2014.11.04 09:30:08.168,1.17836,1.17854,1.00,3.56
2014.11.04 09:30:08.219,1.17834,1.17851,1.19,1.00
2014.11.04 09:30:08.523,1.17831,1.1785,1.69,3.00
2014.11.04 09:30:08.624,1.17828,1.17848,4.69,3.26
2014.11.04 09:30:09.131,1.17827,1.17844,4.69,1.00
2014.11.04 09:30:09.486,1.17828,1.17844,1.69,1.37
2014.11.04 09:30:09.790,1.17827,1.17842,1.19,1.37
2014.11.04 09:30:10.173,1.17827,1.17844,2.44,1.37
2014.11.04 09:30:10.707,1.17828,1.17847,1.00,2.44
2014.11.04 09:30:11.418,1.17828,1.17847,1.00,2.06
2014.11.04 09:30:11.823,1.1783,1.17847,1.50,2.44
2014.11.04 09:30:12.127,1.17827,1.17842,1.69,1.37
2014.11.04 09:30:13.890,1.17827,1.17843,2.44,1.50
2014.11.04 09:30:14.193,1.17827,1.17844,1.69,2.44
2014.11.04 09:30:14.728,1.17827,1.17844,1.69,2.00
2014.11.04 09:30:15.233,1.17827,1.17844,1.50,2.44
2014.11.04 09:30:15.537,1.17827,1.17844,1.50,2.44
2014.11.04 09:30:15.841,1.17827,1.17843,1.50,1.50
2014.11.04 09:30:16.766,1.17828,1.17842,1.50,1.37
2014.11.04 09:30:17.753,1.17827,1.17843,1.50,1.69
2014.11.04 09:30:18.266,1.17828,1.17842,1.50,1.50
2014.11.04 09:30:18.421,1.17828,1.17842,1.50,1.75
2014.11.04 09:30:18.725,1.17824,1.17839,1.69,1.75
2014.11.04 09:30:18.827,1.17822,1.17839,1.69,2.25
2014.11.04 09:30:19.156,1.17822,1.17839,1.25,2.25
2014.11.04 09:30:19.681,1.17822,1.17838,1.69,1.75
2014.11.04 09:30:20.714,1.17818,1.17837,1.25,2.25
2014.11.04 09:30:21.313,1.17817,1.17836,3.94,1.75
2014.11.04 09:30:21.753,1.17817,1.17833,2.44,1.00
2014.11.04 09:30:21.905,1.17822,1.17832,1.50,1.00
2014.11.04 09:30:21.956,1.17822,1.17836,1.50,1.37
2014.11.04 09:30:22.260,1.17822,1.17836,1.50,1.12
2014.11.04 09:30:22.361,1.17824,1.17836,1.50,1.12
2014.11.04 09:30:22.666,1.17827,1.1784,1.50,1.37
2014.11.04 09:30:23.183,1.17828,1.17842,1.50,1.37
2014.11.04 09:30:23.405,1.17828,1.17842,1.50,1.37
2014.11.04 09:30:23.912,1.17827,1.17842,1.50,1.37
2014.11.04 09:30:24.588,1.17828,1.17842,1.50,1.37
2014.11.04 09:30:24.692,1.17837,1.17842,1.50,1.00
2014.11.04 09:30:24.743,1.17837,1.17848,1.50,2.25
2014.11.04 09:30:24.844,1.17836,1.17852,1.50,1.00
2014.11.04 09:30:25.364,1.17835,1.17851,2.25,1.00
2014.11.04 09:30:25.719,1.17835,1.17851,2.25,1.37
2014.11.04 09:30:26.023,1.17835,1.1785,1.50,1.75
2014.11.04 09:30:26.327,1.17835,1.17847,1.50,1.00
2014.11.04 09:30:26.682,1.17835,1.17845,1.50,1.00
2014.11.04 09:30:26.834,1.17835,1.17847,1.50,1.00
2014.11.04 09:30:26.885,1.17832,1.17847,1.00,1.00
2014.11.04 09:30:26.936,1.17832,1.17849,1.00,1.12
2014.11.04 09:30:27.128,1.17831,1.17847,1.00,2.89
2014.11.04 09:30:27.230,1.17828,1.17846,1.50,1.50
2014.11.04 09:30:27.483,1.17827,1.17844,2.25,1.00
2014.11.04 09:30:28.016,1.17828,1.17844,1.50,1.37
2014.11.04 09:30:28.526,1.17829,1.17844,2.25,1.37
2014.11.04 09:30:29.068,1.17829,1.17844,2.25,1.37
2014.11.04 09:30:29.602,1.17829,1.17842,1.25,1.12
2014.11.04 09:30:29.703,1.17827,1.17842,1.00,1.12
2014.11.04 09:30:29.754,1.17827,1.17842,1.00,1.37
2014.11.04 09:30:30.527,1.17828,1.17841,1.50,1.37
2014.11.04 09:30:30.984,1.17828,1.17843,1.50,1.37
2014.11.04 09:30:31.085,1.17828,1.17843,1.50,1.37
2014.11.04 09:30:31.262,1.17826,1.17843,2.44,1.37
2014.11.04 09:30:31.768,1.17826,1.17841,2.44,1.37
2014.11.04 09:30:31.819,1.17828,1.17841,1.50,1.37
2014.11.04 09:30:32.123,1.17828,1.17841,1.50,2.25
2014.11.04 09:30:32.174,1.17826,1.17841,2.44,1.37
2014.11.04 09:30:32.377,1.17826,1.17841,1.69,1.00
2014.11.04 09:30:32.478,1.17828,1.17841,1.50,1.00
2014.11.04 09:30:32.833,1.17826,1.17841,1.69,1.00
2014.11.04 09:30:33.365,1.17826,1.17842,1.69,1.00
2014.11.04 09:30:33.819,1.17826,1.17841,1.69,1.37
2014.11.04 09:30:34.368,1.17826,1.17841,1.69,1.37
2014.11.04 09:30:34.882,1.17827,1.17841,1.50,1.37
2014.11.04 09:30:34.934,1.17827,1.17839,1.50,1.00
2014.11.04 09:30:35.036,1.17825,1.17839,1.50,1.37
2014.11.04 09:30:35.090,1.17825,1.17835,1.50,1.00
2014.11.04 09:30:35.417,1.17823,1.17835,1.50,1.37
2014.11.04 09:30:35.518,1.17823,1.17835,1.50,1.00
2014.11.04 09:30:35.623,1.17818,1.17835,1.19,1.00
2014.11.04 09:30:35.932,1.17818,1.17833,3.19,1.00
2014.11.04 09:30:36.236,1.17821,1.17834,1.50,1.12
2014.11.04 09:30:37.802,1.17822,1.17837,1.00,1.37
2014.11.04 09:30:37.853,1.17822,1.17837,1.12,1.00
2014.11.04 09:30:37.904,1.17826,1.17837,1.50,1.00
2014.11.04 09:30:37.955,1.17826,1.17843,1.50,1.00
2014.11.04 09:30:38.159,1.17825,1.17841,4.39,1.00
2014.11.04 09:30:38.209,1.17824,1.17841,1.19,1.00
2014.11.04 09:30:38.311,1.17823,1.17841,3.00,2.06
2014.11.04 09:30:38.362,1.17823,1.17839,3.00,1.00
2014.11.04 09:30:38.665,1.17824,1.17837,1.00,1.50
2014.11.04 09:30:39.087,1.17824,1.17837,1.00,1.87
2014.11.04 09:30:39.598,1.17823,1.17837,1.00,1.87
2014.11.04 09:30:40.188,1.17823,1.17837,1.00,1.87
2014.11.04 09:30:40.999,1.17823,1.17837,1.00,1.87
2014.11.04 09:30:41.202,1.17821,1.17836,2.25,1.37
2014.11.04 09:30:42.833,1.1782,1.17836,1.69,1.87
2014.11.04 09:30:43.363,1.1782,1.17836,1.50,1.87
2014.11.04 09:30:43.869,1.17821,1.17836,1.50,1.87
2014.11.04 09:30:45.808,1.17819,1.17836,4.95,1.87
2014.11.04 09:30:46.276,1.17821,1.17836,1.50,1.87
2014.11.04 09:30:46.795,1.1782,1.17836,1.50,1.37
2014.11.04 09:30:47.332,1.1782,1.17837,2.25,1.37
2014.11.04 09:30:48.927,1.1782,1.17835,1.69,1.12
2014.11.04 09:30:49.267,1.17821,1.17835,1.50,1.37
2014.11.04 09:30:49.786,1.1782,1.17835,2.44,1.37
2014.11.04 09:30:50.296,1.17821,1.17835,1.50,1.37
2014.11.04 09:30:50.805,1.1782,1.17835,1.25,1.37
2014.11.04 09:30:53.566,1.17822,1.17835,1.00,1.37
2014.11.04 09:30:53.703,1.17819,1.17835,4.39,1.37
2014.11.04 09:30:54.108,1.17819,1.17835,3.64,1.12
2014.11.04 09:30:55.179,1.17821,1.17835,1.00,1.00
2014.11.04 09:30:55.687,1.17821,1.17836,3.07,1.00
2014.11.04 09:30:55.890,1.17823,1.17839,1.00,1.50
2014.11.04 09:30:56.195,1.17825,1.17839,1.00,1.00
2014.11.04 09:30:56.246,1.17825,1.17842,1.00,1.69
2014.11.04 09:30:56.775,1.17826,1.17842,1.00,1.25
2014.11.04 09:30:57.302,1.17826,1.17842,1.00,1.37
2014.11.04 09:30:57.816,1.17826,1.17842,1.87,1.00
2014.11.04 09:30:58.070,1.17828,1.17842,1.00,1.00
2014.11.04 09:30:59.096,1.17828,1.17844,1.00,1.37
2014.11.04 09:30:59.652,1.17828,1.17844,1.25,1.12
2014.11.04 09:30:59.980,1.17833,1.17844,1.00,1.00
2014.11.04 09:31:00.082,1.17833,1.17847,1.50,1.00
2014.11.04 09:31:00.184,1.17833,1.17849,1.50,1.00
2014.11.04 09:31:00.692,1.17834,1.17849,1.50,1.00
2014.11.04 09:31:01.202,1.17833,1.17849,1.50,1.12
2014.11.04 09:31:02.177,1.17833,1.17849,1.69,1.37
2014.11.04 09:31:02.703,1.17834,1.17847,1.00,1.00
2014.11.04 09:31:02.805,1.17835,1.17849,1.00,1.12
2014.11.04 09:31:02.857,1.17835,1.17852,1.00,1.50
2014.11.04 09:31:03.385,1.17834,1.1785,2.25,1.37
2014.11.04 09:31:05.094,1.17833,1.17849,1.00,1.37
2014.11.04 09:31:05.600,1.17832,1.17848,1.25,1.00
2014.11.04 09:31:05.804,1.1783,1.17848,1.00,1.69
2014.11.04 09:31:05.906,1.17828,1.17846,1.69,1.00
2014.11.04 09:31:06.210,1.17831,1.17846,1.00,1.19
2014.11.04 09:31:06.463,1.17828,1.17845,1.50,1.25
2014.11.04 09:31:06.666,1.17828,1.17843,1.00,1.00
2014.11.04 09:31:06.717,1.17826,1.17842,1.00,2.70
2014.11.04 09:31:07.887,1.17824,1.17841,1.50,1.19
2014.11.04 09:31:08.190,1.17824,1.1784,1.00,1.62
2014.11.04 09:31:08.695,1.17824,1.1784,1.00,1.62
2014.11.04 09:31:10.014,1.17824,1.1784,1.00,1.50
2014.11.04 09:31:10.345,1.17824,1.1784,1.00,1.87
2014.11.04 09:31:10.448,1.17822,1.17838,2.81,1.37
2014.11.04 09:31:10.956,1.17823,1.1784,1.00,1.37
2014.11.04 09:31:12.109,1.17823,1.17839,1.00,1.56
2014.11.04 09:31:12.627,1.17822,1.17839,1.00,1.62
2014.11.04 09:31:12.984,1.17825,1.17839,1.00,1.62
2014.11.04 09:31:13.137,1.17827,1.17841,1.00,1.12
2014.11.04 09:31:13.239,1.17827,1.17843,1.00,2.81
2014.11.04 09:31:13.393,1.17825,1.17841,1.50,2.06
2014.11.04 09:31:13.444,1.17825,1.1784,1.50,2.00
2014.11.04 09:31:13.673,1.17822,1.17838,3.75,2.06
2014.11.04 09:31:14.045,1.1782,1.17834,2.25,1.00
2014.11.04 09:31:14.551,1.17819,1.17834,1.50,1.00
2014.11.04 09:31:15.461,1.17819,1.17833,1.00,1.12
2014.11.04 09:31:15.512,1.17817,1.17833,3.00,1.12
2014.11.04 09:31:15.917,1.17819,1.17833,1.00,1.00
2014.11.04 09:31:16.018,1.17817,1.17833,3.19,1.00
2014.11.04 09:31:16.221,1.17819,1.17835,1.00,1.62
2014.11.04 09:31:16.525,1.17821,1.17837,1.00,2.44
2014.11.04 09:31:17.031,1.17821,1.17835,1.00,1.25
2014.11.04 09:31:17.335,1.17817,1.17833,1.00,1.69
2014.11.04 09:31:17.865,1.17817,1.17833,1.50,2.06
2014.11.04 09:31:18.376,1.17816,1.17833,1.00,1.56
2014.11.04 09:31:18.884,1.17817,1.17833,1.00,1.56
2014.11.04 09:31:19.362,1.17816,1.17833,1.00,2.06
2014.11.04 09:31:19.566,1.17816,1.17834,1.00,3.19
2014.11.04 09:31:19.973,1.17816,1.17832,1.50,1.50
2014.11.04 09:31:20.474,1.17815,1.17831,1.00,2.44
2014.11.04 09:31:21.014,1.17814,1.17831,1.00,1.56
2014.11.04 09:31:21.324,1.17813,1.17829,1.00,2.06
2014.11.04 09:31:22.206,1.17812,1.17828,1.00,1.56
2014.11.04 09:31:22.611,1.17812,1.17828,1.00,1.56
2014.11.04 09:31:22.712,1.17814,1.17829,1.00,1.37
2014.11.04 09:31:23.118,1.17814,1.1783,1.00,1.69
2014.11.04 09:31:23.523,1.17814,1.1783,1.50,1.62
2014.11.04 09:31:23.624,1.17814,1.1783,1.50,1.62
2014.11.04 09:31:23.842,1.17814,1.1783,1.50,1.37
2014.11.04 09:31:25.107,1.17814,1.1783,1.00,1.69
2014.11.04 09:31:25.309,1.17816,1.17831,1.00,2.81
2014.11.04 09:31:25.462,1.17818,1.17832,1.00,2.06
2014.11.04 09:31:25.766,1.17816,1.17831,1.50,1.69
2014.11.04 09:31:26.130,1.17814,1.17829,1.00,1.37
2014.11.04 09:31:27.656,1.17814,1.1783,1.00,1.56
2014.11.04 09:31:28.466,1.17814,1.1783,1.50,1.37
2014.11.04 09:31:29.416,1.17814,1.17829,1.50,1.37
2014.11.04 09:31:30.249,1.17814,1.17829,1.50,1.37
2014.11.04 09:31:33.469,1.17814,1.17829,1.00,1.69
2014.11.04 09:31:33.622,1.17812,1.17824,1.00,1.12
2014.11.04 09:31:34.155,1.17811,1.17824,1.50,1.00
2014.11.04 09:31:34.676,1.17811,1.17824,1.50,1.19
2014.11.04 09:31:34.727,1.17809,1.17824,1.50,1.69
2014.11.04 09:31:35.959,1.17809,1.17824,1.00,2.06
2014.11.04 09:31:38.265,1.17809,1.17823,1.00,1.00
2014.11.04 09:31:40.234,1.1781,1.17824,1.00,2.06
2014.11.04 09:31:40.747,1.1781,1.17824,1.00,1.87
2014.11.04 09:31:41.257,1.1781,1.17823,1.00,1.00
2014.11.04 09:31:42.207,1.1781,1.17824,1.00,1.87
2014.11.04 09:31:42.526,1.17808,1.17824,3.75,1.50
2014.11.04 09:31:42.576,1.17808,1.17824,3.75,1.87
2014.11.04 09:31:42.779,1.17808,1.17824,2.25,2.81
2014.11.04 09:31:43.287,1.17809,1.17823,1.00,1.62
2014.11.04 09:31:43.793,1.17809,1.17823,1.50,1.25
2014.11.04 09:31:44.299,1.17808,1.17823,1.50,1.25
2014.11.04 09:31:45.845,1.17808,1.17825,1.69,2.06
2014.11.04 09:31:46.625,1.17808,1.17823,1.69,1.00
2014.11.04 09:31:46.727,1.17808,1.17821,1.00,1.37
2014.11.04 09:31:46.930,1.17802,1.17818,2.25,1.37
2014.11.04 09:31:47.032,1.17801,1.17818,1.00,2.62
2014.11.04 09:31:47.336,1.178,1.1781,2.25,1.00
2014.11.04 09:31:47.437,1.17798,1.1781,1.00,1.25
2014.11.04 09:31:47.589,1.17796,1.1781,1.00,1.25
2014.11.04 09:31:47.792,1.17796,1.17808,1.00,1.00
2014.11.04 09:31:47.894,1.17796,1.1781,1.00,1.50
2014.11.04 09:31:47.961,1.17794,1.17808,1.00,1.00
2014.11.04 09:31:48.167,1.1779,1.17806,4.95,1.00
2014.11.04 09:31:49.277,1.1779,1.17806,1.00,2.06
2014.11.04 09:31:49.585,1.17789,1.17805,1.50,1.37
2014.11.04 09:31:49.686,1.17787,1.17802,2.70,1.12
2014.11.04 09:31:49.891,1.17786,1.178,1.50,1.37
2014.11.04 09:31:50.413,1.17786,1.178,1.00,1.37
2014.11.04 09:31:50.567,1.17786,1.178,1.00,1.00
2014.11.04 09:31:50.669,1.17789,1.17805,1.00,2.14
2014.11.04 09:31:50.720,1.17789,1.17806,1.69,1.00
2014.11.04 09:31:51.036,1.17795,1.17809,1.00,1.00
2014.11.04 09:31:51.550,1.17794,1.1781,2.25,1.00
2014.11.04 09:31:51.853,1.17794,1.17808,1.00,1.00
2014.11.04 09:31:52.209,1.17799,1.1781,1.00,1.19
2014.11.04 09:31:52.665,1.17797,1.1781,1.00,1.19
2014.11.04 09:31:52.716,1.17797,1.17812,1.00,1.19
2014.11.04 09:31:52.767,1.17799,1.17812,1.00,1.19
2014.11.04 09:31:53.275,1.17799,1.17812,1.00,1.56
2014.11.04 09:31:53.630,1.17797,1.1781,1.00,1.37
2014.11.04 09:31:54.399,1.17795,1.1781,1.00,1.37
2014.11.04 09:31:54.653,1.17793,1.17807,1.25,1.00
2014.11.04 09:31:54.957,1.17792,1.17805,1.00,1.00
2014.11.04 09:31:55.170,1.17792,1.17807,1.00,1.87
2014.11.04 09:31:56.391,1.17792,1.17807,1.00,2.06
2014.11.04 09:31:56.493,1.1779,1.17803,2.70,1.00
2014.11.04 09:31:56.998,1.1779,1.17804,4.39,1.00
2014.11.04 09:31:58.466,1.1779,1.17806,4.20,1.50
2014.11.04 09:31:58.972,1.17791,1.17806,1.25,1.37
2014.11.04 09:31:59.491,1.17791,1.17806,1.25,1.00
2014.11.04 09:32:01.619,1.17792,1.17806,1.50,1.00
2014.11.04 09:32:01.771,1.17794,1.1781,1.00,1.50
2014.11.04 09:32:02.084,1.17797,1.1781,1.00,1.00
2014.11.04 09:32:02.540,1.17797,1.17813,1.00,1.37
2014.11.04 09:32:03.148,1.17797,1.17813,1.00,1.50
2014.11.04 09:32:03.654,1.17797,1.17811,1.00,1.00
2014.11.04 09:32:04.063,1.17796,1.1781,1.00,1.37
2014.11.04 09:32:04.216,1.17794,1.17808,1.50,1.00
2014.11.04 09:32:04.318,1.17792,1.17808,2.70,1.12
2014.11.04 09:32:04.622,1.17792,1.17805,1.95,1.00
2014.11.04 09:32:04.774,1.1779,1.17805,1.25,1.50
2014.11.04 09:32:05.280,1.17789,1.17805,1.00,1.50
2014.11.04 09:32:05.936,1.17787,1.17805,1.69,1.50
2014.11.04 09:32:05.987,1.17787,1.17805,1.69,1.87
2014.11.04 09:32:06.308,1.17785,1.17803,4.39,1.62
2014.11.04 09:32:06.815,1.17786,1.17804,1.25,2.06
2014.11.04 09:32:08.163,1.17788,1.17804,1.00,1.87
2014.11.04 09:32:08.264,1.17784,1.17798,1.00,1.00
2014.11.04 09:32:08.518,1.17781,1.17799,1.50,2.06
2014.11.04 09:32:08.721,1.17783,1.17798,1.00,1.00
2014.11.04 09:32:09.025,1.17782,1.17796,1.00,1.00
2014.11.04 09:32:09.278,1.17782,1.17798,1.50,1.00
2014.11.04 09:32:09.785,1.17782,1.17798,2.25,1.37
2014.11.04 09:32:09.988,1.17783,1.17798,1.19,1.00
2014.11.04 09:32:10.291,1.17788,1.17806,1.00,1.62
2014.11.04 09:32:10.342,1.17788,1.17805,1.50,1.00
2014.11.04 09:32:11.049,1.17788,1.17805,1.00,1.37
2014.11.04 09:32:11.555,1.17788,1.17803,1.00,1.37
2014.11.04 09:32:12.093,1.17787,1.17803,1.00,2.06
2014.11.04 09:32:12.643,1.17787,1.17803,1.00,1.62
2014.11.04 09:32:12.795,1.17789,1.17804,1.00,1.12
2014.11.04 09:32:12.896,1.17791,1.17807,1.00,2.62
2014.11.04 09:32:13.200,1.17788,1.17802,1.00,1.00
2014.11.04 09:32:14.604,1.17789,1.17802,1.00,1.00
2014.11.04 09:32:15.303,1.1779,1.17803,1.50,1.12
2014.11.04 09:32:15.610,1.17788,1.17799,1.00,1.00
2014.11.04 09:32:16.067,1.17787,1.17801,1.62,1.00
2014.11.04 09:32:16.270,1.17788,1.17804,1.00,1.00
2014.11.04 09:32:16.775,1.17788,1.17803,2.25,1.00
2014.11.04 09:32:17.181,1.1779,1.17804,1.00,1.00
2014.11.04 09:32:17.283,1.17791,1.17808,1.00,1.69
2014.11.04 09:32:17.334,1.17793,1.17808,1.19,1.50
2014.11.04 09:32:18.269,1.17795,1.17809,1.00,1.00
2014.11.04 09:32:18.774,1.17795,1.1781,1.19,1.00
2014.11.04 09:32:19.078,1.17795,1.17807,1.19,1.00
2014.11.04 09:32:19.230,1.17792,1.17805,1.00,1.00
2014.11.04 09:32:19.433,1.17793,1.17807,1.00,1.00
2014.11.04 09:32:19.484,1.17795,1.17807,1.00,1.00
2014.11.04 09:32:19.990,1.17795,1.17809,1.00,1.37
2014.11.04 09:32:20.597,1.17795,1.17809,1.00,1.87
2014.11.04 09:32:20.799,1.17792,1.17808,2.06,1.12
2014.11.04 09:32:21.322,1.17792,1.17808,2.06,1.12
2014.11.04 09:32:22.740,1.17792,1.17807,1.50,1.00
2014.11.04 09:32:22.892,1.17792,1.17805,1.50,1.00
2014.11.04 09:32:26.203,1.17792,1.17806,1.50,1.00
2014.11.04 09:32:26.709,1.17793,1.17806,1.00,1.00
2014.11.04 09:32:27.215,1.17792,1.17806,1.00,1.37
2014.11.04 09:32:27.367,1.17792,1.17809,1.50,1.25
2014.11.04 09:32:27.418,1.17794,1.17809,1.00,1.25
2014.11.04 09:32:27.571,1.17796,1.17812,1.00,1.00
2014.11.04 09:32:27.621,1.17798,1.17813,1.00,1.00
2014.11.04 09:32:29.006,1.17798,1.17814,1.00,1.50
2014.11.04 09:32:29.542,1.17798,1.17813,1.12,1.00
2014.11.04 09:32:30.052,1.17799,1.17814,1.00,1.25
2014.11.04 09:32:30.374,1.17796,1.17808,1.00,1.12
2014.11.04 09:32:30.476,1.17794,1.17807,1.00,1.00
2014.11.04 09:32:31.023,1.17793,1.17808,1.25,1.00
2014.11.04 09:32:31.178,1.17795,1.17809,1.00,1.00
2014.11.04 09:32:31.280,1.17795,1.17811,1.00,1.00
2014.11.04 09:32:31.584,1.17797,1.17811,1.00,1.00
2014.11.04 09:32:31.890,1.17795,1.17809,1.00,1.00
2014.11.04 09:32:32.397,1.17795,1.1781,1.00,1.00
2014.11.04 09:32:32.718,1.17795,1.17808,1.00,1.00
2014.11.04 09:32:33.185,1.17796,1.1781,1.00,1.00
2014.11.04 09:32:33.391,1.17796,1.1781,1.00,1.37
2014.11.04 09:32:33.704,1.17796,1.1781,1.00,1.12
2014.11.04 09:32:33.958,1.17796,1.17807,1.00,1.00
2014.11.04 09:32:34.841,1.17796,1.17806,1.00,1.00
2014.11.04 09:32:34.892,1.17794,1.17806,1.00,1.00
2014.11.04 09:32:35.296,1.17792,1.17803,1.00,1.00
2014.11.04 09:32:35.448,1.17788,1.17803,1.69,1.00
2014.11.04 09:32:35.752,1.1779,1.17805,1.00,1.00
2014.11.04 09:32:36.258,1.1779,1.17804,1.00,1.00
2014.11.04 09:32:36.764,1.17789,1.17804,1.00,1.87
2014.11.04 09:32:38.952,1.1779,1.17804,1.00,1.00
2014.11.04 09:32:39.358,1.1779,1.17806,1.00,1.12
2014.11.04 09:32:39.713,1.1779,1.17804,1.00,1.00
2014.11.04 09:32:40.220,1.17791,1.17804,1.25,1.00
2014.11.04 09:32:40.271,1.17792,1.17807,1.00,1.00
2014.11.04 09:32:40.789,1.17791,1.17806,1.00,1.12
2014.11.04 09:32:40.941,1.17792,1.17806,1.00,1.62
2014.11.04 09:32:41.460,1.17791,1.17804,1.50,1.12
2014.11.04 09:32:41.966,1.17792,1.17807,1.00,1.56
2014.11.04 09:32:42.486,1.17791,1.17805,1.00,1.00
2014.11.04 09:32:42.795,1.1779,1.17803,1.00,1.00
2014.11.04 09:32:43.124,1.1779,1.17806,1.00,1.69
2014.11.04 09:32:43.656,1.1779,1.17805,1.00,1.00
2014.11.04 09:32:43.861,1.1779,1.17805,1.00,1.37
2014.11.04 09:32:44.530,1.17788,1.17805,1.00,1.37
2014.11.04 09:32:44.733,1.17788,1.17804,1.00,1.37
2014.11.04 09:32:45.273,1.17788,1.17804,1.00,1.37
2014.11.04 09:32:45.475,1.17788,1.17803,1.00,1.12
2014.11.04 09:32:45.780,1.17784,1.17801,1.50,1.00
2014.11.04 09:32:45.882,1.17784,1.17799,1.00,1.00
2014.11.04 09:32:46.404,1.17785,1.17799,1.50,1.25
2014.11.04 09:32:46.972,1.17785,1.17801,1.25,1.50
2014.11.04 09:32:47.073,1.17785,1.17801,1.25,1.87
2014.11.04 09:32:47.174,1.17785,1.17801,1.69,1.12
2014.11.04 09:32:47.579,1.17787,1.17802,2.62,1.69
2014.11.04 09:32:47.630,1.17788,1.17804,1.00,3.37
2014.11.04 09:32:47.731,1.1779,1.17803,1.00,1.00
2014.11.04 09:32:47.833,1.1779,1.17807,1.00,4.31
2014.11.04 09:32:48.262,1.17792,1.17807,1.00,2.44
2014.11.04 09:32:48.364,1.17792,1.17807,1.00,1.50
2014.11.04 09:32:48.669,1.17791,1.17804,1.00,1.00
2014.11.04 09:32:48.872,1.17791,1.17806,1.00,1.00
2014.11.04 09:32:49.379,1.1779,1.17806,1.00,1.50
2014.11.04 09:32:49.481,1.17789,1.17804,1.00,1.00
2014.11.04 09:32:49.785,1.17787,1.17803,1.00,1.00
2014.11.04 09:32:49.836,1.17787,1.17799,1.00,1.50
2014.11.04 09:32:49.887,1.17784,1.17799,1.00,1.50
2014.11.04 09:32:50.040,1.17784,1.17797,1.00,1.00
2014.11.04 09:32:50.141,1.17784,1.17799,1.00,1.00
2014.11.04 09:32:50.344,1.17786,1.178,1.00,1.00
2014.11.04 09:32:50.497,1.17788,1.17805,1.00,2.44
2014.11.04 09:32:50.548,1.17789,1.17805,1.95,1.50
2014.11.04 09:32:50.599,1.17791,1.17805,1.00,1.00
2014.11.04 09:32:51.125,1.17791,1.17806,1.50,1.00
2014.11.04 09:32:51.697,1.17791,1.17806,1.50,1.37
2014.11.04 09:32:52.388,1.17791,1.17803,1.00,1.37
2014.11.04 09:32:52.490,1.17788,1.17804,2.44,1.87
2014.11.04 09:32:52.592,1.1779,1.17805,1.00,1.00
2014.11.04 09:32:53.098,1.17791,1.17806,1.00,1.37
2014.11.04 09:32:53.996,1.17791,1.17806,1.00,1.00
2014.11.04 09:32:55.075,1.1779,1.17804,1.50,1.37
2014.11.04 09:32:55.277,1.17784,1.178,1.50,1.37
2014.11.04 09:32:55.481,1.17782,1.17798,1.00,1.12
2014.11.04 09:32:58.193,1.17783,1.17798,1.00,1.12
2014.11.04 09:32:58.817,1.17784,1.17798,3.07,1.00
2014.11.04 09:32:58.868,1.17784,1.178,4.01,1.00
2014.11.04 09:32:58.970,1.17788,1.17801,1.00,1.00
2014.11.04 09:32:59.122,1.17788,1.17804,1.50,1.87
2014.11.04 09:32:59.810,1.17788,1.17804,1.50,1.87
2014.11.04 09:33:00.328,1.17788,1.17804,1.69,1.12
2014.11.04 09:33:01.402,1.17788,1.17804,1.69,1.37
2014.11.04 09:33:02.105,1.17788,1.17804,1.50,1.12
2014.11.04 09:33:02.383,1.1779,1.17805,1.00,1.12
2014.11.04 09:33:03.679,1.1779,1.17805,1.00,1.37
2014.11.04 09:33:04.041,1.17789,1.178,1.00,1.00
2014.11.04 09:33:04.802,1.17791,1.178,1.00,1.00
2014.11.04 09:33:05.005,1.17787,1.17799,1.00,1.00
2014.11.04 09:33:05.308,1.1779,1.17798,1.00,1.00
2014.11.04 09:33:05.359,1.1779,1.17801,1.00,1.00
2014.11.04 09:33:05.883,1.1779,1.17802,1.00,1.00
2014.11.04 09:33:06.404,1.17789,1.17802,1.00,1.00
2014.11.04 09:33:06.623,1.17791,1.17802,1.00,1.00
2014.11.04 09:33:06.777,1.17788,1.17802,1.50,1.00
2014.11.04 09:33:06.930,1.17788,1.17802,1.50,2.62
2014.11.04 09:33:07.133,1.17782,1.17798,1.69,1.50
2014.11.04 09:33:07.640,1.17782,1.17795,1.00,1.00
2014.11.04 09:33:08.315,1.17782,1.17798,1.25,1.00
2014.11.04 09:33:08.367,1.17785,1.17798,1.00,1.00
2014.11.04 09:33:08.674,1.17783,1.17794,1.19,1.00
2014.11.04 09:33:09.204,1.17782,1.17798,1.25,1.25
2014.11.04 09:33:09.616,1.17784,1.17798,1.00,1.25
2014.11.04 09:33:10.433,1.17784,1.17798,1.00,1.37
2014.11.04 09:33:10.944,1.17784,1.17796,1.00,1.00
2014.11.04 09:33:11.248,1.17783,1.17794,1.50,1.12
2014.11.04 09:33:11.602,1.17783,1.17794,1.00,1.37
2014.11.04 09:33:11.653,1.1778,1.17793,2.44,1.37
2014.11.04 09:33:11.907,1.1778,1.17794,3.19,1.00
2014.11.04 09:33:12.436,1.1778,1.17795,3.56,1.12
2014.11.04 09:33:12.692,1.17783,1.17797,1.00,1.37
2014.11.04 09:33:13.260,1.17782,1.17797,2.44,1.37
2014.11.04 09:33:14.022,1.17782,1.17797,1.25,1.37
2014.11.04 09:33:14.326,1.17782,1.17797,2.44,1.37
2014.11.04 09:33:14.445,1.17783,1.17797,1.00,1.37
2014.11.04 09:33:15.152,1.17783,1.17793,1.00,1.00
2014.11.04 09:33:15.659,1.17783,1.17794,2.44,1.00
2014.11.04 09:33:16.167,1.17782,1.17797,2.44,1.87
2014.11.04 09:33:16.552,1.17782,1.17796,1.00,1.37
2014.11.04 09:33:16.705,1.1778,1.17796,3.19,1.37
2014.11.04 09:33:17.263,1.1778,1.17796,1.50,2.44
2014.11.04 09:33:17.770,1.17781,1.17796,1.00,1.00
2014.11.04 09:33:18.175,1.1778,1.17795,1.00,1.37
2014.11.04 09:33:18.693,1.1778,1.17793,2.25,1.87
2014.11.04 09:33:19.672,1.1778,1.17793,1.00,1.37
2014.11.04 09:33:20.188,1.17779,1.17793,1.50,1.37
2014.11.04 09:33:20.493,1.17778,1.17791,1.00,1.37
2014.11.04 09:33:20.747,1.17771,1.17786,1.00,1.37
2014.11.04 09:33:21.274,1.17771,1.17786,2.44,1.37
2014.11.04 09:33:21.793,1.17776,1.17786,1.50,1.00
2014.11.04 09:33:21.844,1.17776,1.17788,1.50,1.00
2014.11.04 09:33:21.945,1.17776,1.17791,1.50,1.87
2014.11.04 09:33:22.483,1.17776,1.17791,1.50,1.37
2014.11.04 09:33:23.014,1.17775,1.17791,3.19,1.37
2014.11.04 09:33:23.861,1.17776,1.17791,1.50,1.37
2014.11.04 09:33:24.350,1.17776,1.17791,1.50,1.12
2014.11.04 09:33:24.451,1.17776,1.17791,1.50,1.37
2014.11.04 09:33:24.553,1.17776,1.17791,1.50,1.12
2014.11.04 09:33:25.103,1.17775,1.17791,3.00,1.37
2014.11.04 09:33:25.634,1.17776,1.17791,1.50,1.12
2014.11.04 09:33:26.140,1.17775,1.17791,3.94,1.12
2014.11.04 09:33:26.682,1.17776,1.17791,1.00,1.12
2014.11.04 09:33:27.797,1.17776,1.17791,1.00,1.37
2014.11.04 09:33:28.413,1.17776,1.17791,1.00,1.12
2014.11.04 09:33:29.546,1.17775,1.17791,3.94,1.00
2014.11.04 09:33:30.055,1.17775,1.17791,3.19,1.87
2014.11.04 09:33:31.090,1.17775,1.1779,1.25,1.12
2014.11.04 09:33:31.864,1.17776,1.17792,1.00,1.87
2014.11.04 09:33:32.560,1.17776,1.17792,1.50,1.87
2014.11.04 09:33:32.713,1.17778,1.17794,3.00,1.87
2014.11.04 09:33:33.168,1.17779,1.17794,1.50,1.00
2014.11.04 09:33:33.269,1.1778,1.17797,2.44,2.70
2014.11.04 09:33:33.371,1.17784,1.17799,1.50,1.50
2014.11.04 09:33:33.889,1.17785,1.17798,1.50,1.00
2014.11.04 09:33:34.605,1.17785,1.17801,3.00,1.00
2014.11.04 09:33:35.106,1.17785,1.17801,3.37,1.12
2014.11.04 09:33:35.780,1.17785,1.17801,2.25,1.37
2014.11.04 09:33:35.932,1.17783,1.17797,3.37,1.00
2014.11.04 09:33:36.084,1.17787,1.178,1.50,1.31
2014.11.04 09:33:36.286,1.17786,1.17803,2.25,1.50
2014.11.04 09:33:36.337,1.17786,1.178,2.44,1.00
2014.11.04 09:33:36.691,1.17786,1.17797,1.00,1.00
2014.11.04 09:33:36.844,1.17783,1.17796,1.00,1.00
2014.11.04 09:33:36.974,1.17781,1.17793,1.69,1.00
2014.11.04 09:33:37.076,1.17779,1.17793,1.25,1.00
2014.11.04 09:33:37.127,1.17779,1.17791,1.25,1.00
2014.11.04 09:33:37.686,1.17779,1.17793,1.00,1.50
2014.11.04 09:33:38.103,1.17778,1.1779,1.00,1.37
2014.11.04 09:33:38.356,1.17774,1.17786,1.00,1.00
2014.11.04 09:33:38.560,1.17774,1.17788,1.12,1.00
2014.11.04 09:33:38.864,1.17774,1.1779,1.19,1.00
2014.11.04 09:33:39.639,1.17774,1.17788,1.50,1.50
2014.11.04 09:33:40.095,1.17773,1.17786,2.44,1.00
2014.11.04 09:33:40.752,1.17773,1.1779,1.69,1.87
2014.11.04 09:33:40.905,1.17775,1.17791,1.69,1.87
2014.11.04 09:33:41.209,1.17772,1.17789,3.94,1.00
2014.11.04 09:33:41.462,1.17771,1.17787,1.69,1.00
2014.11.04 09:33:41.564,1.17771,1.17786,1.00,1.00
2014.11.04 09:33:42.065,1.17771,1.17787,1.00,1.00
2014.11.04 09:33:42.622,1.17771,1.17787,1.00,1.37
2014.11.04 09:33:42.825,1.17769,1.17786,3.00,2.06
2014.11.04 09:33:43.362,1.1777,1.17784,1.50,1.00
2014.11.04 09:33:43.413,1.17768,1.17784,1.00,1.50
2014.11.04 09:33:43.515,1.17766,1.17783,3.19,1.00
2014.11.04 09:33:44.274,1.17766,1.17783,1.00,1.87
2014.11.04 09:33:44.579,1.17764,1.1778,3.00,1.12
2014.11.04 09:33:44.732,1.17763,1.17778,1.00,1.00
2014.11.04 09:33:44.834,1.1776,1.17776,3.00,1.00
2014.11.04 09:33:45.355,1.17761,1.17776,1.50,1.00
2014.11.04 09:33:45.406,1.17763,1.17776,1.50,1.00
2014.11.04 09:33:45.608,1.17763,1.17778,1.50,1.25
2014.11.04 09:33:46.134,1.17764,1.17777,1.00,1.00
2014.11.04 09:33:46.288,1.17768,1.1778,1.00,1.00
2014.11.04 09:33:46.339,1.17768,1.17782,1.00,1.00
2014.11.04 09:33:46.389,1.1777,1.17783,1.00,1.25
2014.11.04 09:33:46.794,1.17768,1.17784,1.50,1.19
2014.11.04 09:33:46.979,1.17769,1.17785,1.00,1.25
2014.11.04 09:33:47.182,1.17772,1.17787,1.00,1.19
2014.11.04 09:33:47.795,1.17773,1.17787,1.00,1.31
2014.11.04 09:33:48.099,1.17774,1.17787,1.50,1.56
2014.11.04 09:33:48.608,1.1777,1.17784,1.50,1.56
2014.11.04 09:33:49.152,1.1777,1.17784,1.50,1.56
2014.11.04 09:33:49.664,1.17769,1.17784,1.50,2.06
2014.11.04 09:33:50.183,1.17769,1.17784,1.50,2.06
2014.11.04 09:33:50.436,1.1777,1.17784,1.50,1.69
2014.11.04 09:33:50.639,1.17772,1.17787,1.00,2.81
2014.11.04 09:33:50.897,1.17772,1.17784,1.00,1.69
2014.11.04 09:33:51.100,1.17768,1.17781,2.25,1.25
2014.11.04 09:33:51.505,1.17768,1.17781,2.25,1.69
2014.11.04 09:33:52.222,1.17768,1.17781,1.00,1.62
2014.11.04 09:33:52.426,1.17768,1.17782,1.00,2.81
2014.11.04 09:33:52.628,1.17768,1.17782,1.00,3.19
2014.11.04 09:33:53.546,1.17768,1.17781,1.00,1.62
2014.11.04 09:33:54.054,1.17768,1.17781,1.00,1.62
2014.11.04 09:33:54.579,1.17768,1.17781,1.00,1.37
2014.11.04 09:33:55.084,1.17768,1.17782,1.00,3.64
2014.11.04 09:33:56.249,1.17768,1.1778,1.00,1.50
2014.11.04 09:33:56.758,1.17768,1.1778,1.00,1.75
2014.11.04 09:33:57.877,1.17768,1.1778,1.00,1.50
2014.11.04 09:33:58.113,1.17764,1.17778,1.00,2.25
2014.11.04 09:33:58.265,1.17763,1.17778,1.00,1.87
2014.11.04 09:33:58.316,1.17765,1.17778,1.50,1.87
2014.11.04 09:33:58.587,1.17765,1.1778,1.50,2.81
2014.11.04 09:33:58.638,1.17769,1.1778,1.50,1.62
2014.11.04 09:33:58.953,1.17767,1.17782,1.00,1.69
2014.11.04 09:33:59.498,1.17766,1.17779,1.50,1.87
2014.11.04 09:33:59.802,1.17766,1.17779,1.50,1.87
2014.11.04 09:34:00.348,1.17765,1.17779,1.50,1.87
2014.11.04 09:34:00.915,1.17765,1.17779,1.50,2.25
2014.11.04 09:34:01.425,1.17764,1.17779,3.00,1.69
2014.11.04 09:34:02.203,1.17764,1.17779,3.19,1.75
2014.11.04 09:34:02.919,1.17764,1.17779,3.00,1.37
2014.11.04 09:34:03.324,1.17766,1.17781,1.00,3.26
2014.11.04 09:34:03.425,1.17767,1.17781,1.00,1.62
2014.11.04 09:34:03.624,1.17769,1.17783,1.50,1.37
2014.11.04 09:34:03.980,1.17767,1.17783,2.25,2.62
2014.11.04 09:34:04.081,1.17767,1.1778,1.00,1.00
2014.11.04 09:34:04.234,1.17764,1.17781,1.50,1.50
2014.11.04 09:34:04.740,1.17766,1.17781,1.00,3.90
2014.11.04 09:34:05.063,1.17769,1.17784,3.00,2.32
2014.11.04 09:34:05.578,1.17767,1.17782,1.69,1.00
2014.11.04 09:34:06.085,1.17768,1.17784,2.25,2.06
2014.11.04 09:34:06.490,1.17768,1.17784,2.25,1.62
2014.11.04 09:34:06.592,1.17768,1.17784,2.25,1.62
2014.11.04 09:34:07.226,1.17769,1.17784,1.50,1.62
2014.11.04 09:34:08.761,1.17769,1.17784,1.50,2.06
2014.11.04 09:34:08.964,1.17773,1.17783,1.50,1.37
2014.11.04 09:34:09.599,1.17772,1.17784,1.50,1.37
2014.11.04 09:34:09.964,1.17772,1.17785,1.50,1.37
2014.11.04 09:34:10.588,1.17771,1.17785,1.50,1.37
2014.11.04 09:34:11.014,1.17771,1.17783,1.50,1.37
2014.11.04 09:34:11.295,1.17769,1.17783,1.50,1.56
2014.11.04 09:34:11.613,1.17769,1.17782,1.50,1.12
2014.11.04 09:34:11.717,1.17769,1.17782,1.50,1.37
2014.11.04 09:34:11.920,1.17769,1.17781,1.50,1.00
2014.11.04 09:34:12.127,1.1777,1.17786,1.00,1.37
2014.11.04 09:34:12.178,1.17775,1.17786,1.50,1.37
2014.11.04 09:34:12.280,1.17771,1.17786,1.00,1.37
2014.11.04 09:34:12.794,1.17771,1.17785,1.00,1.37
2014.11.04 09:34:12.896,1.17768,1.17783,4.20,1.37
2014.11.04 09:34:13.101,1.17769,1.17786,1.00,1.37
2014.11.04 09:34:13.202,1.17769,1.17782,2.06,1.00
2014.11.04 09:34:13.305,1.17773,1.17789,1.00,2.81
2014.11.04 09:34:13.559,1.17775,1.17787,1.00,1.00
2014.11.04 09:34:14.065,1.17776,1.17788,1.50,1.12
2014.11.04 09:34:14.217,1.17776,1.1779,1.50,1.50
2014.11.04 09:34:14.268,1.17774,1.1779,3.00,1.00
2014.11.04 09:34:14.319,1.17776,1.17792,1.00,1.69
2014.11.04 09:34:14.825,1.17777,1.17792,1.50,1.25
2014.11.04 09:34:15.344,1.17777,1.17793,3.00,2.06
2014.11.04 09:34:15.862,1.17777,1.17794,3.00,1.62
2014.11.04 09:34:16.165,1.17777,1.17795,4.12,2.44
2014.11.04 09:34:16.697,1.17779,1.17795,1.50,2.06
2014.11.04 09:34:17.224,1.1778,1.17795,1.00,2.06
2014.11.04 09:34:18.399,1.1778,1.17795,1.00,1.69
2014.11.04 09:34:18.936,1.1778,1.17795,1.00,2.44
2014.11.04 09:34:19.451,1.17779,1.17795,1.00,2.44
2014.11.04 09:34:19.798,1.17779,1.17793,1.00,2.00
2014.11.04 09:34:19.950,1.17775,1.17786,2.25,1.37
2014.11.04 09:34:20.001,1.17775,1.17786,2.25,1.37
2014.11.04 09:34:20.052,1.17772,1.17785,1.50,1.12
2014.11.04 09:34:20.154,1.17774,1.17786,1.00,1.37
2014.11.04 09:34:20.306,1.17774,1.17786,1.00,1.00
2014.11.04 09:34:20.508,1.17772,1.17785,2.25,1.00
2014.11.04 09:34:20.610,1.17772,1.17783,2.25,1.00
2014.11.04 09:34:20.914,1.17769,1.17784,3.00,1.25
2014.11.04 09:34:21.016,1.17769,1.17782,1.50,1.00
2014.11.04 09:34:21.551,1.17769,1.17781,1.00,1.00
2014.11.04 09:34:22.571,1.17769,1.17781,1.00,1.62
2014.11.04 09:34:22.976,1.17768,1.17781,1.00,2.00
2014.11.04 09:34:23.361,1.17765,1.17778,1.00,1.37
2014.11.04 09:34:23.463,1.17764,1.17779,1.50,2.25
2014.11.04 09:34:23.565,1.17764,1.17779,2.25,2.25
2014.11.04 09:34:23.667,1.17764,1.17777,1.50,1.12
2014.11.04 09:34:23.718,1.17762,1.17777,1.00,3.07
2014.11.04 09:34:23.770,1.17762,1.17773,1.00,1.19
2014.11.04 09:34:23.822,1.17759,1.17773,2.25,1.19
2014.11.04 09:34:24.177,1.17762,1.17774,1.50,1.50
2014.11.04 09:34:24.279,1.1776,1.17773,1.50,1.00
2014.11.04 09:34:24.533,1.17757,1.17772,1.00,1.12
2014.11.04 09:34:24.584,1.17756,1.17769,1.50,1.00
2014.11.04 09:34:24.787,1.17751,1.17766,2.25,1.25
2014.11.04 09:34:25.164,1.17751,1.17764,2.25,1.19
2014.11.04 09:34:25.265,1.17751,1.17765,2.25,1.25
2014.11.04 09:34:25.418,1.17751,1.17763,2.25,1.00
2014.11.04 09:34:25.722,1.17752,1.17766,1.69,1.37
2014.11.04 09:34:25.823,1.17755,1.17768,1.50,1.37
2014.11.04 09:34:26.228,1.17755,1.17769,2.25,1.00
2014.11.04 09:34:26.743,1.17756,1.17769,1.50,1.00
2014.11.04 09:34:26.845,1.17754,1.17769,1.00,1.00
2014.11.04 09:34:27.050,1.17756,1.17769,1.50,1.00
2014.11.04 09:34:27.101,1.17757,1.17773,1.00,1.62
2014.11.04 09:34:27.630,1.17757,1.17769,1.00,1.37
2014.11.04 09:34:28.186,1.17756,1.17767,1.50,1.12
2014.11.04 09:34:28.491,1.1775,1.17763,3.00,2.06
2014.11.04 09:34:28.542,1.1775,1.17763,3.00,2.06
2014.11.04 09:34:28.997,1.1775,1.17764,2.25,1.50
2014.11.04 09:34:29.351,1.1775,1.17764,1.00,1.62
2014.11.04 09:34:29.402,1.17747,1.17762,2.25,1.12
2014.11.04 09:34:29.504,1.17749,1.17763,1.00,1.12
2014.11.04 09:34:29.960,1.17752,1.17764,1.00,1.00
2014.11.04 09:34:30.264,1.17757,1.17771,1.00,1.62
2014.11.04 09:34:32.444,1.17757,1.17773,2.25,4.31
2014.11.04 09:34:32.545,1.17763,1.17773,1.50,3.94
2014.11.04 09:34:32.647,1.17763,1.17773,1.50,2.44
2014.11.04 09:34:32.748,1.17759,1.17773,1.00,1.19
2014.11.04 09:34:32.800,1.17759,1.17769,1.00,1.00
2014.11.04 09:34:32.901,1.17759,1.17772,1.00,1.19
2014.11.04 09:34:33.004,1.17758,1.17769,1.50,1.25
2014.11.04 09:34:33.156,1.17756,1.17769,1.00,1.69
2014.11.04 09:34:33.663,1.17755,1.17769,1.00,1.25
2014.11.04 09:34:33.867,1.17755,1.17769,1.00,1.37
2014.11.04 09:34:34.462,1.17755,1.17768,1.00,1.37
2014.11.04 09:34:34.999,1.17755,1.17768,1.00,1.37
2014.11.04 09:34:35.363,1.17755,1.17769,2.25,1.25
2014.11.04 09:34:35.668,1.17756,1.17773,2.25,1.50
2014.11.04 09:34:35.719,1.17761,1.17773,1.50,1.50
2014.11.04 09:34:36.074,1.17759,1.17773,1.00,1.00
2014.11.04 09:34:36.583,1.17758,1.17773,1.50,2.06
2014.11.04 09:34:37.088,1.17758,1.17774,1.50,3.56
2014.11.04 09:34:37.875,1.17758,1.17773,1.50,2.06
2014.11.04 09:34:38.180,1.17758,1.17773,1.00,2.44
2014.11.04 09:34:38.333,1.17756,1.17772,2.25,2.44
2014.11.04 09:34:38.907,1.17758,1.17772,1.00,2.44
2014.11.04 09:34:38.958,1.17758,1.17772,1.00,2.06
2014.11.04 09:34:39.635,1.17758,1.17772,1.00,2.06
2014.11.04 09:34:39.789,1.17758,1.17772,1.00,2.06
2014.11.04 09:34:40.351,1.17759,1.17771,1.00,2.44
2014.11.04 09:34:40.858,1.17759,1.17772,1.00,1.31
2014.11.04 09:34:41.874,1.17759,1.17773,1.00,2.81
2014.11.04 09:34:42.026,1.17759,1.17773,1.00,3.56
2014.11.04 09:34:42.129,1.17759,1.17773,2.62,3.19
2014.11.04 09:34:42.281,1.1776,1.17776,2.62,2.81
2014.11.04 09:34:42.333,1.17763,1.17778,1.00,2.81
2014.11.04 09:34:42.839,1.17763,1.17778,1.00,2.44
2014.11.04 09:34:43.402,1.17764,1.17778,1.00,2.44
2014.11.04 09:34:43.908,1.17765,1.17779,2.25,1.31
2014.11.04 09:34:51.757,1.17765,1.1778,1.00,1.62
2014.11.04 09:34:52.162,1.17765,1.1778,1.50,1.37
2014.11.04 09:34:54.668,1.17765,1.1778,1.50,1.37
2014.11.04 09:34:55.277,1.17763,1.17779,3.19,1.37
2014.11.04 09:34:55.378,1.17763,1.17779,2.25,1.37
2014.11.04 09:34:55.913,1.17765,1.17781,1.00,2.06
2014.11.04 09:34:56.015,1.17765,1.17781,1.69,1.12
2014.11.04 09:34:56.330,1.17766,1.17782,1.00,1.87
2014.11.04 09:34:57.190,1.17766,1.17783,1.00,4.31
2014.11.04 09:34:57.241,1.17766,1.17783,1.00,4.31
2014.11.04 09:34:57.444,1.17766,1.17783,1.25,2.81
2014.11.04 09:34:57.989,1.17766,1.17783,1.25,2.81
2014.11.04 09:34:58.802,1.17766,1.17783,1.62,2.25
2014.11.04 09:34:59.107,1.17773,1.1779,2.62,1.37
2014.11.04 09:34:59.209,1.17776,1.17791,1.00,1.37
2014.11.04 09:34:59.436,1.17776,1.17792,1.00,3.37
2014.11.04 09:34:59.977,1.17776,1.17792,1.00,1.87
2014.11.04 09:35:00.484,1.17776,1.17792,1.00,1.87
2014.11.04 09:35:00.990,1.17776,1.17792,1.00,2.62
2014.11.04 09:35:01.446,1.17776,1.17792,2.06,1.50
2014.11.04 09:35:01.952,1.17779,1.17792,1.12,1.00
2014.11.04 09:35:02.482,1.17778,1.17792,1.31,1.00
2014.11.04 09:35:03.074,1.17778,1.17796,1.31,4.57
2014.11.04 09:35:03.850,1.17778,1.17796,2.81,1.87
2014.11.04 09:35:04.464,1.17778,1.17796,2.81,1.87
2014.11.04 09:35:04.616,1.17781,1.17797,1.00,2.62
2014.11.04 09:35:04.819,1.17782,1.17794,1.00,1.00
2014.11.04 09:35:05.131,1.17782,1.17797,1.00,1.87
2014.11.04 09:35:05.285,1.17782,1.17797,1.00,1.87
2014.11.04 09:35:06.203,1.17782,1.17797,1.69,1.37
2014.11.04 09:35:06.942,1.17784,1.17797,1.00,1.37
2014.11.04 09:35:09.381,1.17784,1.17797,1.00,1.00
2014.11.04 09:35:09.587,1.17784,1.17799,1.50,2.25
2014.11.04 09:35:09.689,1.17784,1.17801,3.94,1.00
2014.11.04 09:35:10.202,1.17786,1.17801,1.00,1.50
2014.11.04 09:35:10.404,1.17786,1.17799,1.00,1.00
2014.11.04 09:35:10.606,1.17784,1.17799,2.44,1.00
2014.11.04 09:35:10.658,1.17785,1.17801,1.25,1.50
2014.11.04 09:35:10.759,1.17784,1.17799,1.19,1.00
2014.11.04 09:35:11.316,1.17784,1.17798,1.19,1.00
2014.11.04 09:35:11.834,1.17784,1.17799,1.00,1.00
2014.11.04 09:35:12.739,1.17784,1.17796,1.00,1.00
2014.11.04 09:35:12.994,1.17778,1.17794,1.00,1.69
2014.11.04 09:35:13.297,1.17776,1.17793,1.50,1.25
2014.11.04 09:35:13.812,1.17776,1.17792,1.00,1.00
2014.11.04 09:35:14.095,1.17778,1.17793,1.00,1.00
2014.11.04 09:35:14.401,1.17777,1.17793,1.50,1.87
2014.11.04 09:35:16.038,1.17777,1.17788,1.50,1.00
2014.11.04 09:35:16.291,1.17774,1.17789,1.50,1.37
2014.11.04 09:35:16.495,1.17776,1.17791,1.00,1.37
2014.11.04 09:35:16.925,1.17776,1.17788,1.00,1.37
2014.11.04 09:35:17.495,1.17776,1.1779,1.00,1.62
2014.11.04 09:35:17.597,1.17774,1.17791,1.00,1.56
2014.11.04 09:35:17.699,1.17777,1.17789,1.50,1.12
2014.11.04 09:35:17.902,1.17777,1.17793,2.89,1.50
2014.11.04 09:35:17.953,1.1778,1.17793,1.00,1.00
2014.11.04 09:35:18.459,1.1778,1.17796,1.50,2.25
2014.11.04 09:35:18.915,1.17782,1.17798,1.00,3.56
2014.11.04 09:35:21.884,1.17781,1.17797,1.00,1.87
2014.11.04 09:35:22.389,1.1778,1.17798,1.50,4.31
2014.11.04 09:35:22.693,1.1778,1.17793,1.50,1.00
2014.11.04 09:35:24.493,1.1778,1.17796,1.50,1.87
2014.11.04 09:35:25.000,1.1778,1.17795,1.50,1.00
2014.11.04 09:35:26.546,1.1778,1.17796,1.87,1.25
2014.11.04 09:35:26.850,1.17781,1.17797,1.62,1.12
2014.11.04 09:35:27.374,1.17783,1.17798,1.00,2.89
2014.11.04 09:35:28.773,1.17783,1.17798,1.00,3.82
2014.11.04 09:35:29.076,1.17783,1.17797,1.00,1.37
2014.11.04 09:35:29.582,1.17781,1.17797,1.19,3.37
2014.11.04 09:35:30.087,1.17783,1.17797,1.00,1.87
2014.11.04 09:35:30.691,1.17782,1.17797,1.00,1.87
2014.11.04 09:35:31.235,1.17782,1.17798,1.00,3.64
2014.11.04 09:35:31.499,1.17782,1.17798,1.00,3.07
2014.11.04 09:35:31.875,1.1778,1.17798,1.69,3.45
2014.11.04 09:35:31.926,1.1778,1.17798,1.69,3.07
2014.11.04 09:35:32.229,1.17781,1.17798,1.00,2.32
2014.11.04 09:35:32.746,1.17782,1.17798,1.25,1.37
2014.11.04 09:35:33.255,1.17781,1.17797,1.00,1.62
2014.11.04 09:35:33.559,1.17784,1.17795,1.00,1.00
2014.11.04 09:35:33.660,1.17786,1.17798,1.50,1.00
2014.11.04 09:35:33.761,1.17784,1.17798,1.00,1.00
2014.11.04 09:35:33.863,1.17784,1.17793,1.00,1.00
2014.11.04 09:35:34.223,1.17781,1.17793,1.19,1.00
2014.11.04 09:35:34.963,1.17784,1.17793,1.00,1.00
2014.11.04 09:35:35.065,1.17782,1.17793,1.12,1.00
2014.11.04 09:35:35.217,1.17782,1.17795,1.00,1.00
2014.11.04 09:35:35.268,1.17782,1.17797,1.00,1.00
2014.11.04 09:35:35.318,1.17785,1.17798,1.00,1.12
2014.11.04 09:35:35.826,1.17784,1.17799,1.50,1.69
2014.11.04 09:35:35.978,1.17781,1.17798,1.00,1.25
2014.11.04 09:35:36.028,1.17781,1.17793,1.00,1.00
2014.11.04 09:35:36.282,1.17781,1.17797,1.00,3.45
2014.11.04 09:35:36.383,1.17781,1.17795,1.00,1.00
2014.11.04 09:35:37.086,1.17781,1.17796,1.00,1.12
2014.11.04 09:35:37.418,1.17785,1.178,1.00,1.00
2014.11.04 09:35:37.722,1.17784,1.17798,1.00,1.00
2014.11.04 09:35:38.127,1.17784,1.17793,1.00,1.00
2014.11.04 09:35:38.228,1.17784,1.17798,1.00,1.00
2014.11.04 09:35:38.279,1.17781,1.17798,2.44,1.25
2014.11.04 09:35:38.380,1.17782,1.17796,1.00,1.00
2014.11.04 09:35:38.734,1.17778,1.17795,1.19,2.70
2014.11.04 09:35:39.246,1.17778,1.17794,1.19,1.00
2014.11.04 09:35:39.690,1.17781,1.17795,1.00,1.00
2014.11.04 09:35:39.843,1.17782,1.17797,1.00,1.00
2014.11.04 09:35:40.349,1.17783,1.17797,1.00,1.00
2014.11.04 09:35:41.266,1.17785,1.17797,1.00,1.00
2014.11.04 09:35:41.469,1.17787,1.17801,1.00,1.25
2014.11.04 09:35:41.597,1.17789,1.17801,1.00,1.00
2014.11.04 09:35:42.177,1.17788,1.17801,1.00,1.00
2014.11.04 09:35:43.330,1.17788,1.178,1.00,1.00
2014.11.04 09:35:43.381,1.17786,1.178,1.87,1.00
2014.11.04 09:35:43.908,1.17786,1.17801,2.62,1.00
2014.11.04 09:35:43.959,1.17786,1.17801,2.62,1.00
2014.11.04 09:35:44.111,1.17792,1.17806,1.00,1.00
2014.11.04 09:35:44.415,1.1779,1.17806,1.00,1.00
2014.11.04 09:35:45.205,1.1779,1.17807,1.00,1.87
2014.11.04 09:35:46.314,1.17789,1.17806,1.00,1.50
2014.11.04 09:35:46.621,1.17789,1.17802,1.00,1.00
2014.11.04 09:35:48.416,1.17789,1.17804,1.00,1.12
2014.11.04 09:35:48.719,1.17789,1.17802,1.00,1.00
2014.11.04 09:35:49.828,1.17789,1.17803,2.25,1.12
2014.11.04 09:35:49.930,1.17789,1.17805,2.62,1.31
2014.11.04 09:35:50.284,1.17792,1.17808,1.00,1.00
2014.11.04 09:35:52.988,1.17792,1.17804,1.00,1.00
2014.11.04 09:35:53.449,1.17792,1.17807,1.00,1.25
2014.11.04 09:35:57.924,1.17792,1.17808,1.00,4.31
2014.11.04 09:35:58.193,1.1779,1.17805,1.00,1.37
2014.11.04 09:35:58.498,1.17787,1.17801,1.00,1.25
2014.11.04 09:35:58.549,1.17785,1.17801,1.00,1.25
2014.11.04 09:35:59.055,1.17786,1.17804,2.25,2.06
2014.11.04 09:35:59.561,1.17787,1.17804,3.07,1.69
2014.11.04 09:36:00.121,1.17787,1.17804,3.26,1.50
2014.11.04 09:36:00.944,1.17787,1.17804,1.12,1.69
2014.11.04 09:36:01.924,1.17787,1.17804,1.12,2.25
2014.11.04 09:36:07.358,1.17787,1.17804,2.06,1.69
2014.11.04 09:36:07.885,1.17787,1.17803,2.06,1.00
2014.11.04 09:36:08.949,1.17787,1.17804,1.87,1.25
2014.11.04 09:36:09.535,1.17787,1.17804,1.87,1.25
2014.11.04 09:36:11.171,1.17787,1.17804,2.06,1.25
2014.11.04 09:36:11.273,1.17787,1.17804,2.06,1.25
2014.11.04 09:36:11.475,1.17788,1.17803,1.87,1.00
2014.11.04 09:36:11.981,1.1779,1.17803,1.37,1.00
2014.11.04 09:36:12.234,1.17791,1.17807,1.87,1.19
2014.11.04 09:36:12.285,1.17791,1.17808,1.87,1.00
2014.11.04 09:36:12.336,1.17793,1.17808,1.00,1.00
2014.11.04 09:36:12.851,1.17793,1.17809,1.50,1.69
2014.11.04 09:36:13.360,1.17793,1.17807,1.00,1.00
2014.11.04 09:36:13.462,1.17791,1.17807,1.00,1.69
2014.11.04 09:36:13.563,1.17794,1.17809,1.00,2.44
2014.11.04 09:36:13.917,1.17796,1.17809,1.00,1.25
2014.11.04 09:36:14.451,1.17796,1.1781,1.00,1.00
2014.11.04 09:36:15.468,1.17798,1.1781,1.00,1.00
2014.11.04 09:36:15.570,1.17795,1.17811,1.31,1.50
2014.11.04 09:36:16.179,1.17795,1.17811,2.06,1.00
2014.11.04 09:36:18.387,1.17795,1.17811,2.06,1.00
2014.11.04 09:36:20.038,1.17795,1.17811,3.56,1.00
2014.11.04 09:36:22.011,1.17795,1.17811,1.69,2.06
2014.11.04 09:36:22.062,1.17795,1.17809,1.69,1.00
2014.11.04 09:36:22.265,1.17792,1.17807,1.25,1.00
2014.11.04 09:36:22.367,1.17794,1.17807,1.00,1.00
2014.11.04 09:36:22.468,1.17794,1.17809,1.00,1.25
2014.11.04 09:36:22.671,1.17795,1.17813,1.12,3.94
2014.11.04 09:36:22.823,1.17797,1.17812,1.00,1.25
2014.11.04 09:36:22.925,1.17795,1.17811,1.00,1.00
2014.11.04 09:36:23.026,1.17795,1.1781,1.00,1.69
2014.11.04 09:36:23.532,1.17795,1.17808,1.00,1.00
2014.11.04 09:36:28.065,1.17795,1.1781,1.00,1.19
2014.11.04 09:36:28.573,1.17794,1.17808,1.00,1.00
2014.11.04 09:36:29.096,1.17792,1.17807,1.12,1.50
2014.11.04 09:36:29.399,1.1779,1.178,3.64,1.50
2014.11.04 09:36:29.501,1.17789,1.17805,3.37,1.00
2014.11.04 09:36:30.010,1.17789,1.17804,1.00,1.00
2014.11.04 09:36:30.608,1.17789,1.17802,1.12,1.00
2014.11.04 09:36:31.115,1.17789,1.17803,1.00,1.00
2014.11.04 09:36:31.620,1.17789,1.17802,1.00,1.00
2014.11.04 09:36:32.332,1.17789,1.17801,1.00,1.00
2014.11.04 09:36:32.840,1.17789,1.178,1.00,1.00
2014.11.04 09:36:33.564,1.17789,1.17801,1.00,1.00
2014.11.04 09:36:33.716,1.17787,1.17801,1.00,1.25
2014.11.04 09:36:33.767,1.17787,1.17799,1.00,1.00
2014.11.04 09:36:34.122,1.17785,1.17798,1.00,1.00
2014.11.04 09:36:34.224,1.17783,1.17798,1.69,1.50
2014.11.04 09:36:34.747,1.17783,1.17797,1.25,1.00
2014.11.04 09:36:35.282,1.17782,1.17797,2.62,1.00
2014.11.04 09:36:35.546,1.17782,1.17797,2.62,1.00
2014.11.04 09:36:36.084,1.17782,1.17798,2.62,1.25
2014.11.04 09:36:36.347,1.17782,1.17798,2.25,1.00
2014.11.04 09:36:36.397,1.17782,1.17796,2.25,1.00
2014.11.04 09:36:36.816,1.17784,1.178,1.37,3.94
2014.11.04 09:36:37.120,1.17788,1.17804,1.37,1.50
2014.11.04 09:36:37.529,1.17788,1.17802,2.32,1.00
2014.11.04 09:36:37.782,1.17786,1.17801,1.50,1.00
2014.11.04 09:36:37.985,1.17785,1.17799,1.37,1.00
2014.11.04 09:36:38.570,1.17784,1.17799,3.07,1.00
2014.11.04 09:36:38.889,1.17789,1.17801,4.27,1.00
2014.11.04 09:36:38.991,1.17788,1.17804,3.82,1.00
2014.11.04 09:36:39.092,1.1779,1.17806,1.37,1.00
2014.11.04 09:36:39.396,1.1779,1.17804,1.00,1.00
2014.11.04 09:36:39.902,1.17789,1.17804,1.00,1.50
2014.11.04 09:36:40.361,1.17788,1.17802,1.50,1.00
2014.11.04 09:36:41.979,1.17785,1.17802,3.56,1.00
2014.11.04 09:36:42.489,1.17787,1.17802,2.06,1.00
2014.11.04 09:36:43.012,1.17787,1.17803,1.87,4.20
2014.11.04 09:36:44.962,1.17788,1.17803,1.50,3.45
2014.11.04 09:36:45.266,1.17792,1.17807,1.37,1.25
2014.11.04 09:36:46.291,1.17792,1.17807,2.62,1.19
2014.11.04 09:36:46.804,1.17792,1.17807,1.50,1.69
2014.11.04 09:36:47.508,1.17792,1.17804,1.00,1.00
2014.11.04 09:36:47.559,1.1779,1.17804,1.87,1.00
2014.11.04 09:36:48.064,1.1779,1.17804,1.37,1.00
2014.11.04 09:36:48.576,1.1779,1.17804,1.37,1.00
2014.11.04 09:36:49.278,1.1779,1.17804,1.00,1.00
2014.11.04 09:36:49.380,1.1779,1.17804,1.75,1.00
2014.11.04 09:36:49.482,1.1779,1.17806,1.37,1.00
2014.11.04 09:36:49.635,1.17792,1.17804,1.87,1.00
2014.11.04 09:36:50.141,1.17791,1.17804,1.37,1.00
2014.11.04 09:36:50.668,1.17789,1.17804,2.81,1.00
2014.11.04 09:36:50.988,1.17789,1.17804,1.69,1.50
2014.11.04 09:36:51.039,1.17789,1.17802,1.50,1.00
2014.11.04 09:36:51.544,1.17788,1.17804,2.06,1.00
2014.11.04 09:36:52.321,1.17789,1.17804,1.56,1.00
2014.11.04 09:36:54.128,1.17789,1.17805,1.37,1.00
2014.11.04 09:36:54.894,1.1779,1.17806,1.62,1.69
2014.11.04 09:36:56.156,1.17791,1.17805,1.12,1.00
2014.11.04 09:36:56.207,1.17791,1.178,1.00,1.50
2014.11.04 09:36:56.258,1.17789,1.178,1.00,1.50
2014.11.04 09:36:56.461,1.17788,1.17798,1.37,1.00
2014.11.04 09:36:56.715,1.17787,1.17799,1.37,1.00
2014.11.04 09:36:56.766,1.17787,1.17797,1.37,1.00
2014.11.04 09:36:57.272,1.17787,1.17798,1.37,1.00
2014.11.04 09:36:57.750,1.17787,1.178,1.37,1.00
2014.11.04 09:36:58.266,1.17787,1.17799,1.12,1.00
2014.11.04 09:36:58.621,1.17785,1.17801,1.37,1.00
2014.11.04 09:36:58.839,1.17785,1.17798,1.12,1.00
2014.11.04 09:36:59.851,1.17786,1.178,1.12,1.25
2014.11.04 09:37:00.003,1.17788,1.17801,1.00,1.19
2014.11.04 09:37:00.504,1.17787,1.17801,1.00,1.25
2014.11.04 09:37:00.808,1.17787,1.17801,1.37,1.00
2014.11.04 09:37:01.061,1.17787,1.17803,1.37,1.50
2014.11.04 09:37:01.112,1.17787,1.17803,1.00,1.50
2014.11.04 09:37:01.265,1.17787,1.17801,1.00,1.00
2014.11.04 09:37:01.837,1.17788,1.17801,1.00,1.00
2014.11.04 09:37:01.938,1.17788,1.17804,1.00,2.44
2014.11.04 09:37:03.265,1.17788,1.17801,1.00,1.00
2014.11.04 09:37:03.572,1.17787,1.17799,1.12,1.00
2014.11.04 09:37:04.077,1.17785,1.178,1.37,1.25
2014.11.04 09:37:06.346,1.17786,1.178,1.62,1.00
2014.11.04 09:37:09.238,1.17784,1.178,2.06,1.00
2014.11.04 09:37:09.932,1.17784,1.17799,1.37,1.00
2014.11.04 09:37:10.507,1.17783,1.17798,2.06,1.00
2014.11.04 09:37:11.343,1.17783,1.17798,1.87,1.50
2014.11.04 09:37:11.495,1.17782,1.17797,1.12,3.64
2014.11.04 09:37:11.799,1.1778,1.17795,1.50,1.00
2014.11.04 09:37:11.901,1.17782,1.17797,1.37,3.64
2014.11.04 09:37:12.053,1.17782,1.17796,1.00,1.00
2014.11.04 09:37:12.576,1.17782,1.17797,1.00,3.64
2014.11.04 09:37:13.048,1.17782,1.17797,1.37,2.89
2014.11.04 09:37:13.353,1.17781,1.17796,2.44,1.00
2014.11.04 09:37:13.455,1.17784,1.17798,1.50,1.00
2014.11.04 09:37:13.505,1.17786,1.17799,1.00,1.25
2014.11.04 09:37:13.657,1.17786,1.17802,1.25,1.69
2014.11.04 09:37:13.861,1.17784,1.178,4.69,1.00
2014.11.04 09:37:13.912,1.17784,1.178,1.00,1.00
2014.11.04 09:37:14.452,1.17784,1.17799,1.25,1.00
2014.11.04 09:37:15.738,1.17784,1.17799,1.19,1.00
2014.11.04 09:37:16.582,1.17784,1.178,1.56,1.00
2014.11.04 09:37:17.775,1.17785,1.178,2.44,1.00
2014.11.04 09:37:17.927,1.17787,1.17802,1.62,1.50
2014.11.04 09:37:18.503,1.17787,1.17802,2.25,1.50
2014.11.04 09:37:18.706,1.17789,1.17803,1.12,1.00
2014.11.04 09:37:18.807,1.1779,1.17805,1.00,2.70
2014.11.04 09:37:18.909,1.17791,1.17807,1.00,1.00
2014.11.04 09:37:19.578,1.17791,1.17807,1.37,1.00
2014.11.04 09:37:20.386,1.1779,1.17807,2.06,1.50
2014.11.04 09:37:20.920,1.1779,1.17806,2.06,1.00
2014.11.04 09:37:21.073,1.1779,1.17805,1.62,1.00
2014.11.04 09:37:21.174,1.17788,1.17805,3.75,1.00
2014.11.04 09:37:21.681,1.17788,1.17806,1.50,1.50
2014.11.04 09:37:22.729,1.17788,1.17805,2.25,1.00
2014.11.04 09:37:23.304,1.1779,1.17805,1.50,1.00
2014.11.04 09:37:23.405,1.1779,1.17807,1.87,1.25
2014.11.04 09:37:23.941,1.17792,1.17808,1.37,1.50
2014.11.04 09:37:25.325,1.17792,1.17808,1.56,1.00
2014.11.04 09:37:25.376,1.17792,1.17806,1.56,1.00
2014.11.04 09:37:25.680,1.17791,1.17806,1.69,1.00
2014.11.04 09:37:26.911,1.1779,1.17808,3.19,1.50
2014.11.04 09:37:28.425,1.17792,1.17808,1.69,1.50
2014.11.04 09:37:28.555,1.17794,1.17809,1.56,1.00
2014.11.04 09:37:28.606,1.17791,1.17807,3.45,1.50
2014.11.04 09:37:29.011,1.1779,1.17805,5.06,1.00
2014.11.04 09:37:29.468,1.17789,1.17803,2.06,1.00
2014.11.04 09:37:29.569,1.17791,1.17806,1.37,1.25
2014.11.04 09:37:29.824,1.17792,1.17808,2.62,1.00
2014.11.04 09:37:30.437,1.17792,1.17806,1.12,1.00
2014.11.04 09:37:30.770,1.17788,1.17803,1.37,1.50
2014.11.04 09:37:31.125,1.17788,1.17801,1.37,1.00
2014.11.04 09:37:31.514,1.17788,1.17801,1.37,1.00
2014.11.04 09:37:31.717,1.17788,1.17801,1.37,1.00
2014.11.04 09:37:32.121,1.17786,1.17802,1.37,3.19
2014.11.04 09:37:32.425,1.17784,1.178,1.87,1.50
2014.11.04 09:37:32.527,1.17782,1.17796,1.87,1.00
2014.11.04 09:37:32.679,1.17779,1.17795,1.25,2.25
2014.11.04 09:37:32.781,1.17777,1.17793,3.00,1.00
2014.11.04 09:37:33.287,1.17778,1.17792,2.70,1.00
2014.11.04 09:37:33.338,1.1778,1.17797,1.25,1.00
2014.11.04 09:37:33.541,1.17782,1.17797,1.00,1.00
2014.11.04 09:37:34.047,1.17781,1.17797,1.00,1.00
2014.11.04 09:37:34.631,1.17781,1.17797,1.37,1.00
2014.11.04 09:37:36.186,1.17781,1.17798,1.37,2.25
2014.11.04 09:37:37.013,1.17781,1.17798,1.37,2.25
2014.11.04 09:37:37.527,1.17781,1.17798,1.37,2.25
2014.11.04 09:37:38.214,1.17781,1.17798,1.00,2.44
2014.11.04 09:37:38.417,1.17781,1.17798,2.25,2.44
2014.11.04 09:37:38.670,1.17786,1.178,1.37,1.00
2014.11.04 09:37:38.771,1.17786,1.17802,1.87,1.87
2014.11.04 09:37:42.664,1.17785,1.17802,1.37,4.39
2014.11.04 09:37:43.270,1.17784,1.17801,1.37,1.25
2014.11.04 09:37:43.946,1.17784,1.17801,1.37,1.00
2014.11.04 09:37:44.470,1.17784,1.17801,1.37,1.00
2014.11.04 09:37:45.836,1.17784,1.17799,1.37,1.00
2014.11.04 09:37:46.342,1.17784,1.17798,1.37,1.00
2014.11.04 09:37:46.855,1.17784,1.17798,1.37,1.00
2014.11.04 09:37:47.650,1.17784,1.17798,1.00,1.00
2014.11.04 09:37:48.212,1.17784,1.17797,1.00,1.00
2014.11.04 09:37:48.722,1.17784,1.17798,1.00,1.50
2014.11.04 09:37:49.026,1.17784,1.17795,1.12,1.00
2014.11.04 09:37:49.553,1.1778,1.17795,2.06,1.00
2014.11.04 09:37:52.268,1.1778,1.17795,1.37,1.00
2014.11.04 09:37:53.160,1.1778,1.17795,1.00,1.00
2014.11.04 09:37:53.370,1.1778,1.17796,2.44,1.00
2014.11.04 09:37:53.573,1.17784,1.17799,1.37,1.00
2014.11.04 09:37:54.366,1.17785,1.17799,1.62,1.00
2014.11.04 09:37:59.580,1.17784,1.17799,1.37,1.00
2014.11.04 09:37:59.682,1.17783,1.17799,5.06,1.00
2014.11.04 09:38:00.190,1.17783,1.178,2.81,1.00
2014.11.04 09:38:00.900,1.17786,1.178,1.37,1.00
2014.11.04 09:38:01.052,1.17786,1.17802,1.37,1.00
2014.11.04 09:38:01.566,1.17787,1.17802,1.37,1.00
2014.11.04 09:38:05.405,1.17785,1.17802,2.06,1.50
2014.11.04 09:38:05.557,1.17785,1.17799,1.37,1.00
2014.11.04 09:38:05.861,1.17783,1.17797,1.56,1.00
2014.11.04 09:38:06.224,1.17783,1.17799,3.56,1.00
2014.11.04 09:38:08.756,1.17783,1.178,3.00,1.00
2014.11.04 09:38:09.112,1.17783,1.178,1.75,1.00
2014.11.04 09:38:10.203,1.17784,1.178,1.50,1.00
2014.11.04 09:38:10.607,1.17784,1.178,2.25,1.50
2014.11.04 09:38:13.487,1.17784,1.178,3.00,1.50
2014.11.04 09:38:17.119,1.17784,1.178,3.00,1.00
2014.11.04 09:38:20.304,1.17784,1.178,3.00,1.00
2014.11.04 09:38:20.816,1.17785,1.178,1.50,1.00
2014.11.04 09:38:23.321,1.17784,1.178,1.69,1.00
2014.11.04 09:38:28.143,1.17784,1.178,2.81,1.00
2014.11.04 09:38:31.359,1.17784,1.178,1.12,1.00
2014.11.04 09:38:31.563,1.17783,1.178,2.06,1.00
2014.11.04 09:38:35.668,1.17783,1.178,2.25,1.00
2014.11.04 09:38:49.808,1.17787,1.178,1.37,1.00
2014.11.04 09:38:54.181,1.17787,1.178,1.37,1.00
2014.11.04 09:39:00.135,1.17787,1.178,1.37,1.00
2014.11.04 09:39:01.410,1.17787,1.178,1.37,1.00
2014.11.04 09:39:04.002,1.17787,1.178,1.37,1.00
2014.11.04 09:39:04.406,1.17791,1.17802,1.37,1.00
2014.11.04 09:39:04.559,1.17791,1.17805,1.50,1.00
2014.11.04 09:39:04.711,1.17791,1.17805,1.00,1.00
2014.11.04 09:39:05.216,1.17792,1.17805,1.00,1.00
2014.11.04 09:39:06.009,1.17792,1.17805,1.37,1.00
2014.11.04 09:39:06.541,1.17792,1.17805,1.37,1.00
2014.11.04 09:39:07.814,1.17792,1.17804,1.37,1.25
2014.11.04 09:39:07.866,1.1779,1.17804,1.12,1.69
2014.11.04 09:39:08.018,1.1779,1.17802,1.37,1.00
2014.11.04 09:39:08.378,1.17786,1.17801,1.37,1.00
2014.11.04 09:39:08.914,1.17786,1.17801,1.00,1.00
2014.11.04 09:39:09.584,1.17786,1.178,1.00,1.00
2014.11.04 09:39:10.181,1.17786,1.178,1.37,1.00
2014.11.04 09:39:10.435,1.17786,1.17802,1.37,1.00
2014.11.04 09:39:10.991,1.17786,1.17802,2.25,1.00
2014.11.04 09:39:11.252,1.17786,1.17802,1.87,1.00
2014.11.04 09:39:11.761,1.17786,1.17802,1.87,1.00
2014.11.04 09:39:14.961,1.17787,1.17802,1.37,1.00
2014.11.04 09:39:18.690,1.17787,1.17802,1.37,1.00
2014.11.04 09:39:18.997,1.1779,1.17802,1.37,1.00
2014.11.04 09:39:19.149,1.1779,1.17805,1.37,2.44
2014.11.04 09:39:19.588,1.1779,1.17805,1.37,2.25
2014.11.04 09:39:20.701,1.17792,1.17806,1.37,1.00
2014.11.04 09:39:24.728,1.17791,1.17806,1.87,1.50
2014.11.04 09:39:26.109,1.17791,1.17806,1.87,1.50
2014.11.04 09:39:29.018,1.17789,1.17805,1.87,1.00
2014.11.04 09:39:32.325,1.17789,1.17805,1.87,1.00
2014.11.04 09:39:32.628,1.17791,1.17806,1.37,1.50
2014.11.04 09:39:33.144,1.17791,1.17806,1.37,1.50
2014.11.04 09:39:33.716,1.17789,1.17807,7.95,1.00
2014.11.04 09:39:35.286,1.17792,1.17809,1.87,2.44
2014.11.04 09:39:35.804,1.17792,1.17809,1.87,2.44
2014.11.04 09:39:38.868,1.17792,1.17809,1.37,5.89
2014.11.04 09:39:39.071,1.17792,1.17807,1.37,1.00
2014.11.04 09:39:39.581,1.17792,1.17806,1.37,1.00
2014.11.04 09:39:42.521,1.1779,1.17806,1.37,3.00
2014.11.04 09:39:44.300,1.17792,1.17806,1.37,1.00
2014.11.04 09:39:45.528,1.17796,1.17807,1.12,2.44
2014.11.04 09:39:46.033,1.17796,1.17807,1.00,1.69
2014.11.04 09:39:46.337,1.17797,1.17808,2.25,3.45
2014.11.04 09:39:46.540,1.17801,1.17811,1.00,1.00
2014.11.04 09:39:46.693,1.178,1.17814,1.00,1.50
2014.11.04 09:39:46.845,1.17801,1.17814,1.37,1.00
2014.11.04 09:39:46.997,1.17801,1.17816,1.37,1.00
2014.11.04 09:39:47.521,1.17801,1.17817,1.37,3.45
2014.11.04 09:39:47.832,1.17801,1.17817,1.37,3.45
2014.11.04 09:39:50.868,1.17801,1.17817,1.37,3.45
2014.11.04 09:39:51.385,1.17802,1.17817,1.37,1.00
2014.11.04 09:39:52.578,1.178,1.17817,1.50,1.00
2014.11.04 09:39:53.173,1.17802,1.17818,3.45,1.25
2014.11.04 09:39:53.274,1.17804,1.1782,1.37,1.50
2014.11.04 09:39:53.426,1.17806,1.17817,1.37,1.00
2014.11.04 09:39:53.528,1.17809,1.17819,1.00,1.00
2014.11.04 09:39:53.758,1.17806,1.17821,1.00,1.60
2014.11.04 09:39:53.960,1.17807,1.17821,1.00,1.60
2014.11.04 09:39:54.191,1.17807,1.17821,1.00,1.60
2014.11.04 09:39:54.293,1.17807,1.17821,1.00,1.60
2014.11.04 09:39:54.951,1.17807,1.17816,1.00,1.00
2014.11.04 09:39:55.155,1.17807,1.17819,1.12,1.00
2014.11.04 09:39:55.509,1.17807,1.17822,1.12,1.69
2014.11.04 09:39:56.089,1.17807,1.17823,1.37,1.00
2014.11.04 09:39:56.140,1.17808,1.17825,1.87,4.20
2014.11.04 09:39:56.293,1.17813,1.17826,1.00,1.25
2014.11.04 09:39:57.623,1.17813,1.17825,1.00,1.37
2014.11.04 09:39:57.927,1.17808,1.17818,1.00,1.00
2014.11.04 09:39:58.584,1.17808,1.1782,1.00,1.00
2014.11.04 09:39:59.092,1.17809,1.1782,1.00,1.00
2014.11.04 09:39:59.396,1.17811,1.17821,1.00,1.00
2014.11.04 09:39:59.447,1.17811,1.17823,1.00,1.00
2014.11.04 09:40:00.468,1.17811,1.17825,1.00,1.50
2014.11.04 09:40:02.231,1.17812,1.17825,1.00,1.00
2014.11.04 09:40:02.742,1.17813,1.17827,1.12,1.00
2014.11.04 09:40:04.638,1.17813,1.17828,1.37,1.19
2014.11.04 09:40:05.153,1.17813,1.17828,1.37,1.19
2014.11.04 09:40:05.664,1.17813,1.17826,1.37,1.00
2014.11.04 09:40:06.708,1.17813,1.17826,1.37,1.00
2014.11.04 09:40:06.759,1.17813,1.17828,1.37,1.69
2014.11.04 09:40:08.148,1.17813,1.17827,1.37,1.00
2014.11.04 09:40:08.302,1.17812,1.17822,1.00,1.00
2014.11.04 09:40:08.809,1.1781,1.17821,1.37,1.00
2014.11.04 09:40:11.572,1.1781,1.17824,1.37,1.69
2014.11.04 09:40:11.745,1.1781,1.17822,1.37,1.00
2014.11.04 09:40:12.247,1.17812,1.17823,1.12,1.00
2014.11.04 09:40:15.253,1.17812,1.17823,1.37,1.00
2014.11.04 09:40:15.556,1.17813,1.17825,1.12,1.00
2014.11.04 09:40:16.101,1.17813,1.17824,1.00,1.00
2014.11.04 09:40:19.169,1.17813,1.17826,1.00,2.89
2014.11.04 09:40:19.675,1.17813,1.17827,1.37,2.44
2014.11.04 09:40:21.040,1.17815,1.17827,1.00,1.50
2014.11.04 09:40:21.679,1.17815,1.17827,1.37,1.00
2014.11.04 09:40:21.847,1.17816,1.17823,1.00,1.50
2014.11.04 09:40:21.948,1.17812,1.17828,1.00,2.44
2014.11.04 09:40:22.176,1.17814,1.17829,1.00,1.50
2014.11.04 09:40:22.277,1.17816,1.1783,1.00,4.84
2014.11.04 09:40:23.143,1.17814,1.1783,1.50,4.84
2014.11.04 09:40:23.686,1.17814,1.17831,1.50,2.44
2014.11.04 09:40:24.218,1.17814,1.17831,1.50,3.94
2014.11.04 09:40:24.694,1.17814,1.17831,1.87,3.94
2014.11.04 09:40:25.218,1.17814,1.17831,1.87,3.75
2014.11.04 09:40:25.544,1.17814,1.17831,1.87,3.75
2014.11.04 09:40:26.110,1.17814,1.17831,1.87,2.25
2014.11.04 09:40:28.414,1.17814,1.17831,1.87,2.44
2014.11.04 09:40:28.769,1.17814,1.17831,2.25,3.19
2014.11.04 09:40:29.148,1.17815,1.17831,1.87,2.25
2014.11.04 09:40:29.250,1.17815,1.17831,1.87,2.25
2014.11.04 09:40:29.672,1.17815,1.17831,1.87,1.00
2014.11.04 09:40:30.193,1.17815,1.17831,1.87,2.25
2014.11.04 09:40:30.546,1.17815,1.17831,1.87,2.25
2014.11.04 09:40:33.067,1.17815,1.17831,1.87,2.25
2014.11.04 09:40:34.591,1.17815,1.17831,1.87,1.00
2014.11.04 09:40:35.097,1.17815,1.17831,1.12,4.57
2014.11.04 09:40:35.953,1.17815,1.17829,1.12,1.00
2014.11.04 09:40:37.256,1.17815,1.1783,1.12,1.31
2014.11.04 09:40:37.838,1.17815,1.1783,1.12,1.31
2014.11.04 09:40:39.302,1.17815,1.1783,1.12,1.31
2014.11.04 09:40:40.508,1.17815,1.1783,1.00,1.37
2014.11.04 09:40:41.014,1.17815,1.17827,1.00,1.50
2014.11.04 09:40:41.564,1.17815,1.17828,1.00,4.20
2014.11.04 09:40:42.089,1.17815,1.17828,1.00,4.39
2014.11.04 09:40:44.177,1.17815,1.17828,1.00,4.76
2014.11.04 09:40:44.689,1.17815,1.17827,1.00,1.50
2014.11.04 09:40:47.892,1.17815,1.17828,1.00,4.57
2014.11.04 09:40:48.987,1.17815,1.17827,1.00,1.50
2014.11.04 09:40:49.587,1.17815,1.17826,1.00,1.00
2014.11.04 09:40:49.689,1.17813,1.17829,1.37,3.94
2014.11.04 09:40:49.892,1.17814,1.17829,1.37,2.25
2014.11.04 09:40:50.410,1.17813,1.17829,1.87,2.25
2014.11.04 09:40:50.937,1.17813,1.17829,1.12,3.37
2014.11.04 09:40:51.724,1.17813,1.17829,1.00,3.56
2014.11.04 09:40:52.248,1.17813,1.17827,1.00,2.62
2014.11.04 09:40:54.774,1.17813,1.17827,1.12,2.44
2014.11.04 09:40:56.973,1.17813,1.17827,1.37,2.44
2014.11.04 09:40:57.480,1.17813,1.17827,1.00,1.56
2014.11.04 09:40:59.100,1.17813,1.17826,1.37,1.50
2014.11.04 09:40:59.606,1.17813,1.17827,1.37,1.00
2014.11.04 09:41:00.815,1.17813,1.17827,1.12,1.25
2014.11.04 09:41:01.678,1.17813,1.17827,1.37,1.00
2014.11.04 09:41:01.796,1.17813,1.17827,1.00,1.12
2014.11.04 09:41:01.847,1.17813,1.17825,1.00,1.00
2014.11.04 09:41:02.153,1.17806,1.17818,1.00,1.25
2014.11.04 09:41:02.305,1.178,1.17813,1.87,1.00
2014.11.04 09:41:02.407,1.17798,1.1781,1.00,1.00
2014.11.04 09:41:02.559,1.17794,1.17811,1.00,1.69
2014.11.04 09:41:02.660,1.17797,1.1781,1.00,1.25
2014.11.04 09:41:02.914,1.17795,1.1781,1.00,1.19
2014.11.04 09:41:02.965,1.17797,1.17811,1.00,1.19
2014.11.04 09:41:03.117,1.17795,1.17811,1.00,2.44
2014.11.04 09:41:03.219,1.17793,1.17809,1.12,1.19
2014.11.04 09:41:03.909,1.17792,1.17809,1.00,1.19
2014.11.04 09:41:04.265,1.17791,1.17805,1.50,1.00
2014.11.04 09:41:05.031,1.17791,1.17805,1.87,1.00
2014.11.04 09:41:05.689,1.17793,1.17806,1.12,1.00
2014.11.04 09:41:06.435,1.17792,1.17806,1.37,1.00
2014.11.04 09:41:07.910,1.17792,1.17808,1.37,1.69
2014.11.04 09:41:08.431,1.17792,1.17808,1.37,1.69
2014.11.04 09:41:09.659,1.17792,1.17808,1.37,1.00
2014.11.04 09:41:09.760,1.17792,1.17804,1.00,1.00
2014.11.04 09:41:09.989,1.17789,1.17805,1.00,3.94
2014.11.04 09:41:10.041,1.17787,1.17802,1.50,1.00
2014.11.04 09:41:10.550,1.17786,1.17801,1.50,1.00
2014.11.04 09:41:11.066,1.17787,1.17803,1.00,1.50
2014.11.04 09:41:11.940,1.17787,1.17803,1.00,3.56
2014.11.04 09:41:12.955,1.17787,1.17803,1.00,2.81
2014.11.04 09:41:13.561,1.17787,1.17803,1.37,2.44
2014.11.04 09:41:13.662,1.1779,1.17803,1.12,1.69
2014.11.04 09:41:14.168,1.1779,1.17805,1.00,2.06
2014.11.04 09:41:14.674,1.1779,1.17805,1.00,3.56
2014.11.04 09:41:16.461,1.17788,1.17804,1.87,1.19
2014.11.04 09:41:17.490,1.17789,1.17805,1.50,1.69
2014.11.04 09:41:17.591,1.17791,1.17805,1.37,1.25
2014.11.04 09:41:17.794,1.17791,1.17807,3.00,1.00
2014.11.04 09:41:18.025,1.17795,1.17809,1.37,1.00
2014.11.04 09:41:18.076,1.17797,1.17811,1.00,1.31
2014.11.04 09:41:18.585,1.17796,1.17811,1.00,1.25
2014.11.04 09:41:19.143,1.17796,1.1781,1.00,1.00
2014.11.04 09:41:19.713,1.17794,1.17811,1.37,2.81
2014.11.04 09:41:21.304,1.17795,1.17811,1.37,1.69
2014.11.04 09:41:21.810,1.17797,1.17811,1.12,1.25
2014.11.04 09:41:23.612,1.17796,1.17811,1.87,1.00
2014.11.04 09:41:24.120,1.17799,1.17812,1.00,1.25
2014.11.04 09:41:24.659,1.17798,1.17812,1.12,1.00
2014.11.04 09:41:27.528,1.17798,1.17812,1.37,1.50
2014.11.04 09:41:28.323,1.17798,1.17812,1.37,1.00
2014.11.04 09:41:28.938,1.17799,1.17814,1.37,1.69
2014.11.04 09:41:29.498,1.17799,1.17814,1.37,1.50
2014.11.04 09:41:30.011,1.178,1.17814,1.37,1.50
2014.11.04 09:41:31.232,1.178,1.17814,1.12,1.50
2014.11.04 09:41:31.935,1.178,1.17814,1.37,1.50
2014.11.04 09:41:32.369,1.178,1.17814,1.12,2.25
2014.11.04 09:41:38.918,1.178,1.17814,1.00,2.06
2014.11.04 09:41:39.020,1.178,1.17811,1.00,1.31
2014.11.04 09:41:39.071,1.17795,1.17809,1.00,1.00
2014.11.04 09:41:39.173,1.17792,1.17808,1.87,3.19
2014.11.04 09:41:39.224,1.17792,1.17807,1.12,1.19
2014.11.04 09:41:39.730,1.17791,1.17806,1.37,1.25
2014.11.04 09:41:40.815,1.17793,1.17806,1.37,1.00
2014.11.04 09:41:43.384,1.17793,1.17806,1.00,1.25
2014.11.04 09:41:43.688,1.17789,1.17805,1.37,1.00
2014.11.04 09:41:46.891,1.17789,1.17805,1.37,1.25
2014.11.04 09:41:50.109,1.17789,1.17805,1.50,1.00
2014.11.04 09:41:50.435,1.17795,1.17809,1.37,1.00
2014.11.04 09:41:50.487,1.17796,1.17811,1.37,1.25
2014.11.04 09:41:50.589,1.17799,1.17813,1.00,2.25
2014.11.04 09:41:50.741,1.17799,1.17815,1.50,2.25
2014.11.04 09:41:51.095,1.17798,1.17812,1.00,1.00
2014.11.04 09:41:51.501,1.17798,1.17809,1.00,1.50
2014.11.04 09:41:51.604,1.17796,1.17809,1.00,1.50
2014.11.04 09:41:53.307,1.17796,1.17809,1.37,1.00
2014.11.04 09:41:53.560,1.17797,1.17811,1.37,1.00
2014.11.04 09:41:53.662,1.17801,1.17813,1.00,2.25
2014.11.04 09:41:53.814,1.17795,1.17811,1.00,1.00
2014.11.04 09:41:54.016,1.17797,1.1781,1.00,1.00
2014.11.04 09:41:54.354,1.17795,1.17811,2.25,1.00
2014.11.04 09:41:54.760,1.17795,1.17809,2.25,1.00
2014.11.04 09:41:55.281,1.17794,1.17809,1.50,1.00
2014.11.04 09:41:55.585,1.17796,1.17809,1.00,1.00
2014.11.04 09:41:56.456,1.17795,1.17809,1.00,1.00
2014.11.04 09:41:57.074,1.17795,1.17808,1.00,1.00
2014.11.04 09:41:57.585,1.17793,1.17809,1.62,1.00
2014.11.04 09:41:59.946,1.17794,1.17809,1.00,1.37
2014.11.04 09:42:00.047,1.17792,1.17808,1.25,1.12
2014.11.04 09:42:00.149,1.17792,1.17806,1.00,1.50
2014.11.04 09:42:00.656,1.17791,1.17807,1.37,1.50
2014.11.04 09:42:01.238,1.17791,1.17807,1.12,1.50
2014.11.04 09:42:02.349,1.1779,1.17807,1.12,1.50
2014.11.04 09:42:02.652,1.17789,1.17805,1.37,1.50
2014.11.04 09:42:02.754,1.17789,1.17807,1.37,4.50
2014.11.04 09:42:04.366,1.17792,1.17807,1.00,2.25
2014.11.04 09:42:07.280,1.17792,1.17807,1.37,2.25
2014.11.04 09:42:14.576,1.17793,1.17807,1.37,1.50
2014.11.04 09:42:14.935,1.17797,1.17807,1.00,1.00
2014.11.04 09:42:14.987,1.17797,1.17809,1.00,1.50
2014.11.04 09:42:15.240,1.17795,1.17809,1.00,1.50
2014.11.04 09:42:15.393,1.17794,1.17807,1.12,1.50
2014.11.04 09:42:16.257,1.17794,1.17809,1.12,1.50
2014.11.04 09:42:19.755,1.17794,1.17809,1.37,2.81
2014.11.04 09:42:20.104,1.17791,1.17807,2.06,1.00
2014.11.04 09:42:21.185,1.17791,1.17807,2.62,1.00
2014.11.04 09:42:21.977,1.17791,1.17809,2.06,3.56
2014.11.04 09:42:22.280,1.17791,1.17808,1.62,1.12
2014.11.04 09:42:22.812,1.17794,1.17809,1.00,2.25
2014.11.04 09:42:23.115,1.17792,1.17807,1.00,1.00
2014.11.04 09:42:23.166,1.17793,1.17809,1.00,1.69
2014.11.04 09:42:23.268,1.17794,1.17807,1.00,1.00
2014.11.04 09:42:23.520,1.17795,1.17809,1.00,2.89
2014.11.04 09:42:23.622,1.17793,1.17809,2.25,2.89
2014.11.04 09:42:23.824,1.17792,1.17807,1.69,1.00
2014.11.04 09:42:24.361,1.17791,1.17808,2.06,1.87
2014.11.04 09:42:24.884,1.17791,1.17807,1.12,2.32
2014.11.04 09:42:25.609,1.17791,1.17807,1.00,3.07
2014.11.04 09:42:25.915,1.17786,1.17801,1.25,2.32
2014.11.04 09:42:26.432,1.17786,1.17798,1.25,1.00
2014.11.04 09:42:26.786,1.17786,1.17798,1.62,1.00
2014.11.04 09:42:26.938,1.17786,1.17803,1.62,1.25
2014.11.04 09:42:27.445,1.17788,1.17804,1.31,2.70
2014.11.04 09:42:27.496,1.17788,1.17804,1.62,2.70
2014.11.04 09:42:27.901,1.17787,1.17804,2.06,1.00
2014.11.04 09:42:28.104,1.1779,1.17804,2.06,1.00
2014.11.04 09:42:28.256,1.1779,1.17804,1.25,1.37
2014.11.04 09:42:28.387,1.1779,1.17806,1.25,1.37
2014.11.04 09:42:28.692,1.1779,1.17808,2.44,2.25
2014.11.04 09:42:28.997,1.17792,1.17806,1.25,2.25
2014.11.04 09:42:29.199,1.17788,1.17804,1.25,1.00
2014.11.04 09:42:29.705,1.17787,1.17804,1.69,1.37
2014.11.04 09:42:30.256,1.17787,1.17804,2.06,1.12
2014.11.04 09:42:30.994,1.17787,1.17804,2.44,1.37
2014.11.04 09:42:31.501,1.17787,1.17801,1.19,1.37
2014.11.04 09:42:31.806,1.17782,1.17798,3.00,1.37
2014.11.04 09:42:31.958,1.17783,1.17797,1.00,1.12
2014.11.04 09:42:32.205,1.17783,1.17799,1.87,1.12
2014.11.04 09:42:32.713,1.17784,1.178,1.37,1.12
2014.11.04 09:42:34.347,1.17784,1.178,1.37,1.00
2014.11.04 09:42:34.871,1.17786,1.17801,1.62,1.00
2014.11.04 09:42:35.378,1.17786,1.17801,2.06,1.00
2014.11.04 09:42:35.708,1.17786,1.17804,2.81,1.87
2014.11.04 09:42:38.331,1.17786,1.17804,2.81,1.87
2014.11.04 09:42:45.930,1.17786,1.17804,2.81,1.87
2014.11.04 09:42:46.636,1.17786,1.17804,2.81,1.87
2014.11.04 09:42:47.185,1.17786,1.17804,2.81,1.87
2014.11.04 09:42:47.490,1.17786,1.17802,2.81,1.00
2014.11.04 09:42:48.150,1.17786,1.17802,1.87,1.00
2014.11.04 09:42:49.269,1.17787,1.17804,1.12,3.37
2014.11.04 09:42:50.496,1.17787,1.17804,3.56,3.37
2014.11.04 09:42:50.700,1.17791,1.17804,1.00,1.37
2014.11.04 09:42:50.801,1.17787,1.17804,1.00,1.87
2014.11.04 09:42:51.256,1.17786,1.17802,1.69,1.37
2014.11.04 09:42:51.895,1.17787,1.17803,1.00,1.37
2014.11.04 09:42:55.074,1.17787,1.178,1.00,1.37
2014.11.04 09:42:55.582,1.17787,1.178,1.00,1.12
2014.11.04 09:42:57.823,1.17786,1.17801,1.00,1.37
2014.11.04 09:42:58.592,1.17787,1.17802,1.00,1.12
2014.11.04 09:42:59.099,1.17787,1.17802,1.37,1.00
2014.11.04 09:42:59.614,1.17787,1.17803,1.00,1.12
2014.11.04 09:43:00.428,1.17787,1.17803,1.00,1.37
2014.11.04 09:43:00.969,1.17787,1.17803,1.00,1.37
2014.11.04 09:43:01.222,1.17784,1.17802,1.69,2.62
2014.11.04 09:43:01.738,1.17784,1.17802,1.87,2.62
2014.11.04 09:43:04.262,1.17784,1.17802,1.50,2.06
2014.11.04 09:43:04.565,1.17785,1.17799,1.00,1.37
2014.11.04 09:43:04.718,1.17781,1.17799,1.12,4.76
2014.11.04 09:43:05.263,1.17781,1.17797,1.12,1.00
2014.11.04 09:43:05.680,1.17781,1.17797,1.50,1.00
2014.11.04 09:43:05.832,1.17781,1.17799,3.82,1.50
2014.11.04 09:43:06.035,1.17787,1.17801,1.00,1.87
2014.11.04 09:43:06.455,1.17785,1.17801,1.00,1.87
2014.11.04 09:43:07.105,1.17785,1.17801,1.00,1.87
2014.11.04 09:43:07.640,1.17785,1.17801,1.00,1.87
2014.11.04 09:43:08.988,1.17787,1.17801,1.00,1.87
2014.11.04 09:43:09.533,1.17787,1.178,1.00,1.87
2014.11.04 09:43:10.200,1.17787,1.178,1.00,1.87
2014.11.04 09:43:10.757,1.17786,1.178,1.00,1.37
2014.11.04 09:43:11.012,1.17786,1.17801,1.00,1.50
2014.11.04 09:43:11.317,1.17786,1.17803,1.00,1.69
2014.11.04 09:43:11.418,1.17789,1.17803,1.00,1.00
2014.11.04 09:43:11.570,1.17789,1.17805,1.00,2.25
2014.11.04 09:43:12.657,1.17789,1.17805,1.37,1.50
2014.11.04 09:43:13.164,1.17789,1.17805,1.37,1.50
2014.11.04 09:43:13.772,1.1779,1.17806,1.37,1.12
2014.11.04 09:43:14.278,1.17792,1.17807,1.00,1.00
2014.11.04 09:43:14.819,1.17792,1.17807,1.00,1.37
2014.11.04 09:43:15.441,1.17792,1.17807,1.12,1.12
2014.11.04 09:43:17.433,1.17794,1.17807,1.00,1.12
2014.11.04 09:43:17.890,1.1779,1.17807,1.25,1.37
2014.11.04 09:43:19.495,1.1779,1.17806,1.00,1.31
2014.11.04 09:43:19.700,1.1779,1.17806,1.00,1.62
2014.11.04 09:43:20.240,1.1779,1.17806,1.50,1.62
2014.11.04 09:43:20.443,1.17787,1.17806,2.81,2.06
2014.11.04 09:43:20.950,1.17788,1.17805,1.19,1.37
2014.11.04 09:43:22.105,1.1779,1.17806,1.00,2.06
2014.11.04 09:43:22.657,1.17791,1.17806,1.00,2.06
2014.11.04 09:43:22.977,1.17792,1.17806,1.00,1.87
2014.11.04 09:43:23.028,1.17792,1.17806,2.62,1.50
2014.11.04 09:43:23.232,1.17795,1.17808,1.12,1.00
2014.11.04 09:43:23.335,1.17796,1.17811,1.00,2.62
2014.11.04 09:43:23.840,1.17795,1.17811,1.87,1.87
2014.11.04 09:43:24.364,1.17796,1.17811,1.00,1.87
2014.11.04 09:43:25.737,1.17795,1.17811,1.12,1.87
2014.11.04 09:43:26.316,1.17795,1.17811,1.00,1.87
2014.11.04 09:43:27.920,1.17795,1.17811,1.00,2.81
2014.11.04 09:43:28.134,1.17795,1.17807,1.00,1.00
2014.11.04 09:43:28.438,1.17795,1.17808,1.00,3.26
2014.11.04 09:43:28.743,1.17791,1.178,1.00,1.00
2014.11.04 09:43:28.844,1.17789,1.17801,1.00,1.00
2014.11.04 09:43:29.053,1.17789,1.17799,1.00,1.00
2014.11.04 09:43:29.172,1.17787,1.17799,1.00,1.00
2014.11.04 09:43:34.608,1.17788,1.17799,1.00,1.00
2014.11.04 09:43:34.659,1.17795,1.17804,1.50,2.25
2014.11.04 09:43:34.760,1.17795,1.17804,1.00,1.37
2014.11.04 09:43:34.811,1.17795,1.17804,1.00,1.12
2014.11.04 09:43:34.963,1.17793,1.17807,1.00,1.87
2014.11.04 09:43:35.014,1.17793,1.17808,1.00,1.50
2014.11.04 09:43:35.539,1.17792,1.17806,1.00,2.25
2014.11.04 09:43:35.590,1.1779,1.17806,1.50,2.25
2014.11.04 09:43:35.640,1.1779,1.17802,1.50,1.00
2014.11.04 09:43:35.793,1.17788,1.17802,1.00,1.00
2014.11.04 09:43:35.945,1.17788,1.178,1.00,1.00
2014.11.04 09:43:37.823,1.17787,1.17799,1.50,1.37
2014.11.04 09:43:37.924,1.17785,1.17797,1.69,1.12
2014.11.04 09:43:38.126,1.17788,1.17798,1.00,1.00
2014.11.04 09:43:38.647,1.17788,1.17799,1.00,1.00
2014.11.04 09:43:38.698,1.17788,1.17802,1.00,1.69
2014.11.04 09:43:38.750,1.17788,1.17803,1.37,1.87
2014.11.04 09:43:39.270,1.1779,1.17803,1.00,1.37
2014.11.04 09:43:41.943,1.1779,1.17803,1.00,1.37
2014.11.04 09:43:42.095,1.17788,1.17801,1.00,1.37
2014.11.04 09:43:42.556,1.17789,1.17802,1.00,1.00
2014.11.04 09:43:43.748,1.17791,1.17802,1.00,1.00
2014.11.04 09:43:44.284,1.1779,1.17801,1.00,1.00
2014.11.04 09:43:47.004,1.1779,1.17802,1.00,1.37
2014.11.04 09:43:47.156,1.17786,1.17799,1.00,1.12
2014.11.04 09:43:47.258,1.17788,1.17799,1.00,1.00
2014.11.04 09:43:48.297,1.17788,1.17801,1.50,1.00
2014.11.04 09:43:48.399,1.17788,1.17801,1.12,1.00
2014.11.04 09:43:48.854,1.17786,1.17802,1.12,1.12
2014.11.04 09:43:49.392,1.17787,1.17798,1.00,1.00
2014.11.04 09:43:49.494,1.17784,1.17799,2.25,1.00
2014.11.04 09:43:49.596,1.17787,1.178,1.00,1.87
2014.11.04 09:43:50.112,1.17786,1.17799,1.00,1.12
2014.11.04 09:43:51.670,1.17787,1.17799,1.00,1.12
2014.11.04 09:43:52.905,1.17787,1.17798,1.00,1.12
2014.11.04 09:43:53.450,1.17787,1.17798,1.00,1.37
2014.11.04 09:43:53.970,1.17787,1.17798,1.00,1.12
2014.11.04 09:43:54.879,1.17785,1.17798,1.50,1.00
2014.11.04 09:43:54.930,1.17785,1.17798,1.50,1.37
2014.11.04 09:43:55.234,1.17782,1.17794,1.00,1.37
2014.11.04 09:43:55.815,1.17781,1.17794,1.00,1.37
2014.11.04 09:43:57.250,1.17781,1.17794,1.00,1.37
2014.11.04 09:43:59.241,1.17781,1.17794,1.00,1.12
2014.11.04 09:44:00.127,1.17781,1.17794,1.00,1.37
2014.11.04 09:44:00.724,1.17781,1.17794,1.00,1.37
2014.11.04 09:44:01.244,1.1778,1.17794,1.50,1.37
2014.11.04 09:44:01.650,1.1778,1.17793,1.00,1.12
2014.11.04 09:44:02.194,1.17781,1.17795,1.00,1.37
2014.11.04 09:44:04.213,1.17782,1.17796,1.00,2.06
2014.11.04 09:44:04.718,1.17782,1.17796,1.00,1.37
2014.11.04 09:44:05.633,1.17782,1.17796,1.00,1.37
2014.11.04 09:44:06.643,1.17782,1.17796,1.12,1.12
2014.11.04 09:44:06.745,1.17784,1.17797,1.00,1.87
2014.11.04 09:44:07.644,1.17782,1.17796,1.00,1.00
2014.11.04 09:44:07.746,1.17783,1.17794,1.00,1.00
2014.11.04 09:44:08.051,1.17781,1.17791,1.00,1.00
2014.11.04 09:44:08.355,1.17781,1.17789,1.00,1.00
2014.11.04 09:44:08.883,1.17781,1.17788,1.00,1.00
2014.11.04 09:44:09.188,1.17781,1.17793,1.00,2.62
2014.11.04 09:44:09.290,1.17785,1.17793,1.00,1.50
2014.11.04 09:44:09.341,1.17785,1.17796,1.00,2.62
2014.11.04 09:44:09.594,1.17788,1.17795,1.00,1.00
2014.11.04 09:44:09.645,1.17788,1.17797,1.00,1.12
2014.11.04 09:44:10.147,1.17788,1.17797,1.00,1.37
2014.11.04 09:44:10.662,1.17787,1.17797,1.00,1.37
2014.11.04 09:44:10.814,1.17785,1.17797,1.00,1.37
2014.11.04 09:44:11.348,1.17785,1.17797,1.00,1.37
2014.11.04 09:44:11.550,1.17785,1.17797,1.00,1.37
2014.11.04 09:44:11.853,1.17785,1.17796,1.00,1.50
2014.11.04 09:44:11.904,1.17782,1.17793,1.00,1.37
2014.11.04 09:44:11.955,1.17782,1.17793,1.00,1.37
2014.11.04 09:44:12.157,1.17781,1.17794,1.00,1.62
2014.11.04 09:44:12.208,1.17779,1.17794,1.00,1.62
2014.11.04 09:44:12.259,1.17776,1.17794,1.69,1.62
2014.11.04 09:44:12.765,1.17776,1.17794,2.81,1.62
2014.11.04 09:44:13.119,1.1778,1.17794,1.00,2.81
2014.11.04 09:44:13.652,1.1778,1.17794,1.00,1.62
2014.11.04 09:44:13.703,1.1778,1.17794,1.00,1.31
2014.11.04 09:44:14.150,1.17783,1.17796,1.00,1.87
2014.11.04 09:44:14.355,1.17784,1.17798,1.50,1.87
2014.11.04 09:44:14.508,1.17784,1.17799,1.00,1.00
2014.11.04 09:44:14.662,1.17787,1.17799,1.00,1.00
2014.11.04 09:44:15.580,1.17787,1.17799,1.00,1.37
2014.11.04 09:44:17.196,1.17787,1.17801,1.00,2.81
2014.11.04 09:44:17.298,1.17787,1.17801,1.00,2.81
2014.11.04 09:44:17.400,1.17785,1.17801,1.12,2.81
2014.11.04 09:44:17.501,1.17787,1.17801,1.00,1.31
2014.11.04 09:44:17.807,1.17787,1.17801,1.00,1.56
2014.11.04 09:44:18.010,1.17788,1.17801,1.00,1.12
2014.11.04 09:44:18.111,1.17789,1.17801,1.00,1.37
2014.11.04 09:44:18.717,1.17789,1.17801,1.00,1.12
2014.11.04 09:44:18.988,1.17791,1.17801,1.00,1.37
2014.11.04 09:44:19.190,1.17788,1.17801,1.00,1.12
2014.11.04 09:44:21.500,1.17788,1.17801,1.37,1.00
2014.11.04 09:44:21.805,1.17787,1.17805,2.25,1.62
2014.11.04 09:44:21.907,1.17789,1.17804,1.12,1.37
2014.11.04 09:44:22.434,1.17789,1.17804,1.00,1.00
2014.11.04 09:44:22.738,1.17794,1.17809,1.00,3.56
2014.11.04 09:44:23.261,1.17795,1.17809,1.00,1.62
2014.11.04 09:44:23.465,1.17793,1.17809,1.00,2.06
2014.11.04 09:44:23.819,1.17794,1.17811,1.87,2.81
2014.11.04 09:44:23.970,1.17796,1.17811,1.00,1.31
2014.11.04 09:44:24.966,1.17796,1.17814,1.50,5.06
2014.11.04 09:44:25.816,1.17796,1.17812,1.50,1.37
2014.11.04 09:44:25.917,1.17796,1.17812,1.87,1.12
2014.11.04 09:44:26.019,1.17796,1.17812,1.00,2.62
2014.11.04 09:44:26.779,1.17794,1.1781,1.00,2.44
2014.11.04 09:44:27.117,1.17794,1.17808,1.00,1.00
2014.11.04 09:44:27.699,1.17794,1.17808,1.00,1.37
2014.11.04 09:44:28.003,1.17794,1.17808,1.00,1.37
2014.11.04 09:44:28.808,1.17794,1.17809,1.00,3.19
2014.11.04 09:44:28.909,1.17794,1.17809,1.00,2.81
2014.11.04 09:44:29.551,1.17794,1.17809,1.00,2.81
2014.11.04 09:44:31.927,1.17794,1.17808,1.00,1.56
2014.11.04 09:44:32.386,1.17792,1.17809,1.00,2.81
2014.11.04 09:44:32.647,1.17792,1.17808,1.00,1.62
2014.11.04 09:44:32.852,1.17792,1.17808,1.00,1.62
2014.11.04 09:44:33.112,1.17792,1.17808,1.00,1.62
2014.11.04 09:44:33.415,1.17792,1.17808,1.00,1.62
2014.11.04 09:44:33.466,1.17794,1.17808,1.00,1.62
2014.11.04 09:44:33.823,1.17795,1.17809,2.32,1.19
2014.11.04 09:44:33.925,1.17797,1.17809,3.07,1.00
2014.11.04 09:44:33.976,1.17799,1.1781,1.00,1.00
2014.11.04 09:44:34.028,1.17803,1.17815,1.00,1.00
2014.11.04 09:44:34.231,1.17801,1.17812,1.00,1.00
2014.11.04 09:44:34.333,1.17796,1.17812,1.00,2.25
2014.11.04 09:44:34.485,1.17796,1.17811,1.00,1.69
2014.11.04 09:44:34.891,1.17796,1.17809,1.00,1.69
2014.11.04 09:44:35.114,1.17794,1.17808,1.00,1.25
2014.11.04 09:44:35.728,1.17794,1.17808,1.00,2.06
2014.11.04 09:44:36.235,1.17794,1.17808,1.00,2.06
2014.11.04 09:44:36.336,1.17794,1.17808,1.00,1.56
2014.11.04 09:44:36.437,1.17796,1.17808,1.00,1.00
2014.11.04 09:44:36.663,1.17799,1.17811,1.00,1.00
2014.11.04 09:44:36.968,1.17801,1.17813,1.00,1.12
2014.11.04 09:44:38.482,1.17801,1.17814,1.00,1.12
2014.11.04 09:44:38.953,1.17799,1.17814,1.00,1.37
2014.11.04 09:44:39.487,1.17797,1.17813,1.87,1.37
2014.11.04 09:44:39.740,1.17798,1.17815,1.37,2.06
2014.11.04 09:44:39.843,1.17798,1.17815,1.37,2.06
2014.11.04 09:44:39.945,1.17798,1.17815,1.37,2.06
2014.11.04 09:44:40.450,1.17799,1.17815,1.12,1.12
2014.11.04 09:44:41.538,1.17799,1.17815,1.37,1.25
2014.11.04 09:44:44.455,1.17799,1.17815,1.12,1.12
2014.11.04 09:44:45.972,1.17799,1.17815,1.00,1.62
2014.11.04 09:44:46.477,1.17797,1.17814,1.00,1.62
2014.11.04 09:44:46.882,1.17796,1.17812,1.12,2.62
2014.11.04 09:44:46.984,1.17796,1.17812,1.12,2.62
2014.11.04 09:44:47.498,1.17796,1.17812,1.00,2.62
2014.11.04 09:44:48.012,1.17794,1.1781,1.87,1.00
2014.11.04 09:44:48.772,1.17794,1.17811,2.62,1.12
2014.11.04 09:44:50.157,1.17794,1.17811,2.62,1.00
2014.11.04 09:44:50.663,1.17794,1.17811,2.62,1.12
2014.11.04 09:44:58.068,1.17795,1.17811,1.37,1.50
2014.11.04 09:44:58.472,1.17795,1.17811,1.12,1.87
2014.11.04 09:45:00.205,1.17795,1.17811,1.37,1.87
2014.11.04 09:45:00.509,1.17795,1.1781,1.00,1.37
2014.11.04 09:45:00.711,1.17795,1.17808,1.00,1.00
2014.11.04 09:45:00.762,1.17793,1.17809,1.12,5.59
2014.11.04 09:45:01.295,1.17794,1.1781,1.00,2.25
2014.11.04 09:45:01.652,1.17794,1.17808,1.00,1.00
2014.11.04 09:45:01.906,1.17797,1.17812,1.00,1.69
2014.11.04 09:45:02.412,1.17795,1.17811,1.25,3.00
2014.11.04 09:45:02.919,1.17794,1.1781,1.00,1.69
2014.11.04 09:45:02.970,1.17792,1.1781,1.69,2.81
2014.11.04 09:45:03.072,1.17792,1.17809,1.69,1.87
2014.11.04 09:45:03.527,1.17791,1.17806,1.37,1.25
2014.11.04 09:45:03.903,1.17795,1.17809,1.69,1.00
2014.11.04 09:45:03.954,1.17797,1.17811,1.00,1.00
2014.11.04 09:45:04.005,1.17797,1.17814,1.00,1.69
2014.11.04 09:45:04.258,1.17797,1.17811,1.00,1.00
2014.11.04 09:45:04.851,1.17797,1.17813,1.00,2.89
2014.11.04 09:45:05.214,1.17796,1.17813,1.50,3.26
2014.11.04 09:45:05.518,1.17796,1.17813,1.50,3.64
2014.11.04 09:45:06.227,1.17796,1.17809,1.00,1.37
2014.11.04 09:45:06.841,1.17796,1.17809,1.00,1.00
2014.11.04 09:45:07.353,1.17796,1.17809,1.00,1.37
2014.11.04 09:45:07.889,1.17796,1.17812,1.12,1.19
2014.11.04 09:45:08.041,1.17796,1.17813,1.00,1.00
2014.11.04 09:45:08.142,1.17796,1.17811,1.00,1.00
2014.11.04 09:45:08.647,1.17796,1.17812,1.00,1.00
2014.11.04 09:45:08.698,1.17796,1.17814,1.00,2.44
2014.11.04 09:45:08.854,1.17797,1.17814,1.37,2.81
2014.11.04 09:45:09.392,1.17797,1.17814,1.37,2.62
2014.11.04 09:45:09.948,1.17797,1.17814,1.37,2.62
2014.11.04 09:45:10.463,1.17798,1.17812,1.12,1.12
2014.11.04 09:45:11.893,1.17798,1.17813,1.00,1.00
2014.11.04 09:45:13.358,1.17798,1.17813,1.37,1.00
2014.11.04 09:45:13.611,1.17802,1.17818,1.00,3.56
2014.11.04 09:45:13.713,1.17804,1.17819,1.00,1.69
2014.11.04 09:45:14.016,1.17806,1.17817,1.00,1.00
2014.11.04 09:45:14.168,1.17804,1.17819,1.00,1.19
2014.11.04 09:45:14.472,1.17804,1.1782,1.00,2.06
2014.11.04 09:45:15.698,1.17804,1.17813,1.00,1.00
2014.11.04 09:45:15.800,1.17802,1.17813,1.00,1.37
2014.11.04 09:45:16.002,1.17799,1.17812,1.50,1.00
2014.11.04 09:45:16.255,1.17799,1.17814,1.50,1.00
2014.11.04 09:45:16.357,1.17803,1.17816,1.00,1.25
2014.11.04 09:45:16.863,1.17804,1.17817,1.00,1.00
2014.11.04 09:45:17.378,1.17804,1.17818,1.12,1.25
2014.11.04 09:45:17.894,1.17804,1.1782,1.12,1.87
2014.11.04 09:45:18.313,1.17804,1.17819,1.00,1.37
2014.11.04 09:45:18.768,1.17801,1.17816,1.00,1.50
2014.11.04 09:45:18.869,1.17799,1.17815,2.06,1.00
2014.11.04 09:45:19.389,1.17799,1.17814,2.06,1.00
2014.11.04 09:45:20.490,1.17799,1.17814,1.69,1.00
2014.11.04 09:45:20.695,1.17799,1.17814,1.69,1.37
2014.11.04 09:45:21.000,1.17798,1.1781,1.00,1.00
2014.11.04 09:45:21.101,1.17798,1.17813,1.00,1.00
2014.11.04 09:45:22.087,1.17799,1.17814,1.00,1.00
2014.11.04 09:45:23.629,1.17799,1.17814,1.12,1.87
2014.11.04 09:45:24.335,1.17799,1.17814,1.37,2.06
2014.11.04 09:45:25.547,1.17799,1.17814,1.12,1.69
2014.11.04 09:45:26.054,1.17799,1.17814,1.00,2.06
2014.11.04 09:45:26.258,1.17802,1.17814,1.00,2.06
2014.11.04 09:45:30.713,1.17802,1.17813,1.00,1.00
2014.11.04 09:45:33.190,1.17803,1.17813,1.00,1.00
2014.11.04 09:45:33.706,1.17803,1.17816,1.00,1.62
2014.11.04 09:45:34.009,1.17806,1.17817,1.00,1.37
2014.11.04 09:45:36.726,1.17803,1.17818,1.00,1.87
2014.11.04 09:45:36.828,1.17802,1.17817,1.50,1.37
2014.11.04 09:45:37.131,1.17802,1.17817,1.50,1.50
2014.11.04 09:45:38.454,1.17803,1.17817,1.00,1.37
2014.11.04 09:45:40.532,1.17802,1.17816,1.50,1.12
2014.11.04 09:45:41.038,1.17802,1.17819,2.62,1.62
2014.11.04 09:45:41.573,1.17804,1.1782,1.12,3.56
2014.11.04 09:45:42.088,1.17803,1.1782,1.50,3.37
2014.11.04 09:45:42.601,1.17804,1.1782,1.00,3.37
2014.11.04 09:45:43.132,1.17803,1.1782,1.50,2.62
2014.11.04 09:45:49.383,1.17803,1.1782,1.37,2.62
2014.11.04 09:45:49.908,1.17802,1.17819,4.12,1.00
2014.11.04 09:45:50.010,1.17804,1.17818,1.37,1.00
2014.11.04 09:45:50.234,1.17804,1.1782,1.37,2.62
2014.11.04 09:45:50.689,1.17804,1.1782,1.12,2.62
2014.11.04 09:45:53.273,1.17804,1.17819,1.12,1.00
2014.11.04 09:45:53.952,1.17806,1.1782,1.00,1.87
2014.11.04 09:45:56.123,1.17806,1.1782,1.00,1.00
2014.11.04 09:45:56.427,1.17804,1.17818,1.25,1.37
2014.11.04 09:45:56.935,1.17803,1.17817,1.00,1.37
2014.11.04 09:46:01.715,1.17803,1.17816,1.00,1.50
2014.11.04 09:46:02.019,1.17799,1.17813,1.00,1.37
2014.11.04 09:46:02.525,1.17798,1.1781,1.00,1.12
2014.11.04 09:46:02.710,1.17798,1.1781,1.00,1.37
2014.11.04 09:46:02.928,1.17798,1.1781,1.00,1.12
2014.11.04 09:46:11.691,1.17798,1.17811,1.00,1.12
2014.11.04 09:46:14.631,1.17795,1.17813,1.37,2.62
2014.11.04 09:46:14.784,1.17795,1.17811,1.00,1.37
2014.11.04 09:46:17.304,1.17795,1.17811,1.00,1.25
2014.11.04 09:46:17.406,1.17798,1.17812,1.00,1.37
2014.11.04 09:46:17.932,1.17798,1.17812,1.00,1.00
2014.11.04 09:46:18.447,1.17798,1.17813,1.00,2.25
2014.11.04 09:46:18.903,1.17798,1.17813,1.00,3.37
2014.11.04 09:46:19.208,1.17798,1.17812,1.00,1.12
2014.11.04 09:46:20.145,1.17796,1.17811,1.00,1.50
2014.11.04 09:46:22.979,1.17796,1.1781,1.00,1.37
2014.11.04 09:46:24.907,1.17796,1.1781,1.00,1.37
2014.11.04 09:46:29.933,1.17796,1.17809,1.00,1.87
2014.11.04 09:46:30.034,1.17796,1.17809,1.00,1.00
2014.11.04 09:46:30.253,1.17793,1.1781,2.25,1.37
2014.11.04 09:46:32.414,1.17793,1.1781,1.00,1.62
2014.11.04 09:46:33.307,1.17793,1.1781,1.00,1.37
2014.11.04 09:46:33.415,1.17793,1.17809,1.00,1.37
2014.11.04 09:46:33.669,1.17795,1.17808,1.00,1.25
2014.11.04 09:46:33.871,1.17794,1.17808,1.00,2.81
2014.11.04 09:46:34.151,1.17791,1.17805,1.00,1.12
2014.11.04 09:46:34.656,1.17791,1.17807,1.00,1.19
2014.11.04 09:46:35.179,1.17791,1.17807,1.00,1.00
2014.11.04 09:46:35.689,1.17792,1.17808,1.00,2.06
2014.11.04 09:46:35.842,1.17792,1.17805,2.25,1.00
2014.11.04 09:46:36.044,1.17787,1.17803,1.50,1.00
2014.11.04 09:46:36.233,1.17791,1.17802,1.00,1.00
2014.11.04 09:46:36.336,1.17791,1.17806,1.00,1.37
2014.11.04 09:46:36.437,1.17793,1.17806,1.00,1.37
2014.11.04 09:46:36.944,1.17792,1.17804,1.00,1.00
2014.11.04 09:46:36.995,1.1779,1.17804,1.00,1.00
2014.11.04 09:46:37.147,1.17789,1.17803,1.00,1.37
2014.11.04 09:46:37.451,1.1779,1.17805,1.00,1.87
2014.11.04 09:46:37.756,1.1779,1.17805,1.62,1.00
2014.11.04 09:46:37.857,1.1779,1.17806,2.81,1.37
2014.11.04 09:46:38.264,1.1779,1.17806,1.69,1.50
2014.11.04 09:46:38.466,1.1779,1.17804,1.25,1.37
2014.11.04 09:46:38.517,1.17788,1.17804,3.00,2.81
2014.11.04 09:46:38.720,1.17788,1.17804,2.44,1.00
2014.11.04 09:46:38.771,1.17791,1.17805,1.00,1.25
2014.11.04 09:46:39.075,1.17789,1.17806,1.50,2.44
2014.11.04 09:46:39.598,1.17788,1.17804,1.50,1.69
2014.11.04 09:46:39.649,1.17788,1.17804,1.50,2.44
2014.11.04 09:46:40.054,1.17786,1.17802,1.00,1.87
2014.11.04 09:46:41.046,1.17786,1.17802,1.00,2.44
2014.11.04 09:46:41.300,1.17788,1.17802,1.00,1.87
2014.11.04 09:46:41.604,1.17784,1.17801,1.50,1.37
2014.11.04 09:46:42.110,1.17784,1.17799,1.50,1.37
2014.11.04 09:46:42.836,1.17784,1.17798,1.50,1.37
2014.11.04 09:46:46.093,1.17784,1.17798,1.50,1.00
2014.11.04 09:46:46.145,1.17788,1.17798,1.00,1.00
2014.11.04 09:46:46.452,1.17788,1.17799,1.00,1.37
2014.11.04 09:46:46.857,1.17788,1.17801,1.00,1.37
2014.11.04 09:46:46.958,1.17787,1.17801,1.12,1.12
2014.11.04 09:46:47.009,1.17791,1.17801,1.00,1.12
2014.11.04 09:46:47.060,1.17791,1.17804,1.00,1.50
2014.11.04 09:46:47.313,1.17793,1.17806,1.00,2.25
2014.11.04 09:46:47.566,1.17791,1.17806,1.00,2.25
2014.11.04 09:46:47.617,1.17791,1.17804,1.00,1.00
2014.11.04 09:46:47.769,1.17789,1.17804,1.00,1.19
2014.11.04 09:46:47.870,1.17792,1.17805,1.00,1.19
2014.11.04 09:46:48.073,1.17789,1.17802,1.00,1.12
2014.11.04 09:46:48.175,1.17789,1.178,1.00,1.00
2014.11.04 09:46:48.226,1.17785,1.178,2.25,1.00
2014.11.04 09:46:48.276,1.17785,1.17799,1.50,1.62
2014.11.04 09:46:48.809,1.17786,1.17797,1.00,1.00
2014.11.04 09:46:49.323,1.17787,1.17797,1.00,1.00
2014.11.04 09:46:50.162,1.17785,1.17797,1.00,1.00
2014.11.04 09:46:50.739,1.17785,1.178,1.00,1.00
2014.11.04 09:46:50.790,1.17785,1.178,1.00,1.37
2014.11.04 09:46:51.306,1.17784,1.17799,1.00,1.37
2014.11.04 09:46:51.815,1.17785,1.178,1.00,1.37
2014.11.04 09:46:51.865,1.17785,1.178,1.00,1.37
2014.11.04 09:46:51.967,1.17788,1.17801,1.00,1.50
2014.11.04 09:46:52.579,1.17788,1.17801,1.00,1.37
2014.11.04 09:46:53.093,1.17788,1.17801,1.00,1.75
2014.11.04 09:46:53.598,1.17784,1.178,1.69,1.37
2014.11.04 09:46:54.422,1.17784,1.17798,1.50,1.37
2014.11.04 09:46:55.130,1.17781,1.17797,3.19,1.37
2014.11.04 09:46:55.698,1.17781,1.17796,1.69,1.75
2014.11.04 09:46:55.800,1.17781,1.17793,1.50,1.00
2014.11.04 09:46:55.902,1.17779,1.17795,1.50,1.87
2014.11.04 09:46:56.437,1.17776,1.17794,1.00,2.81
2014.11.04 09:46:56.792,1.17775,1.17788,1.00,1.00
2014.11.04 09:46:56.995,1.17769,1.17786,3.00,1.37
2014.11.04 09:46:57.450,1.17767,1.17783,2.44,1.12
2014.11.04 09:46:58.079,1.17766,1.17784,1.50,1.87
2014.11.04 09:46:58.514,1.17766,1.17784,2.25,2.25
2014.11.04 09:46:58.818,1.17765,1.17778,1.00,1.37
2014.11.04 09:46:58.970,1.1776,1.17778,1.50,1.87
2014.11.04 09:46:59.486,1.17759,1.17775,1.00,2.06
2014.11.04 09:47:00.031,1.17759,1.17774,1.00,2.06
2014.11.04 09:47:00.082,1.17757,1.17774,1.00,2.06
2014.11.04 09:47:00.184,1.1776,1.17774,1.00,1.37
2014.11.04 09:47:00.406,1.17757,1.17774,1.00,1.50
2014.11.04 09:47:00.457,1.17757,1.17774,1.00,1.87
2014.11.04 09:47:00.559,1.17755,1.17771,1.50,1.87
2014.11.04 09:47:01.096,1.17754,1.17769,1.00,1.37
2014.11.04 09:47:01.199,1.17754,1.17767,1.00,1.37
2014.11.04 09:47:01.300,1.17751,1.17766,1.00,1.87
2014.11.04 09:47:01.757,1.17752,1.17766,1.00,1.25
2014.11.04 09:47:01.960,1.17752,1.17768,1.00,2.44
2014.11.04 09:47:02.490,1.17753,1.17769,1.00,1.31
2014.11.04 09:47:02.772,1.17751,1.17766,1.12,1.00
2014.11.04 09:47:02.824,1.17751,1.17765,1.00,1.56
2014.11.04 09:47:02.926,1.17749,1.17765,1.00,1.56
2014.11.04 09:47:05.126,1.17749,1.17763,1.00,1.19
2014.11.04 09:47:06.583,1.17747,1.17763,1.50,1.56
2014.11.04 09:47:07.203,1.17747,1.17761,1.50,1.00
2014.11.04 09:47:07.507,1.17747,1.17763,1.37,2.44
2014.11.04 09:47:07.709,1.17747,1.17763,1.00,1.69
2014.11.04 09:47:08.215,1.17747,1.17763,1.00,1.69
2014.11.04 09:47:09.317,1.17747,1.17763,1.12,1.69
2014.11.04 09:47:10.940,1.17746,1.17762,2.62,1.62
2014.11.04 09:47:11.475,1.17746,1.17764,3.94,1.00
2014.11.04 09:47:12.182,1.17747,1.17764,1.95,1.50
2014.11.04 09:47:12.233,1.17746,1.17761,1.50,1.00
2014.11.04 09:47:13.366,1.17746,1.17763,1.00,1.69
2014.11.04 09:47:14.659,1.17745,1.17762,1.00,1.87
2014.11.04 09:47:15.159,1.17747,1.17762,1.00,2.06
2014.11.04 09:47:15.696,1.17747,1.17761,1.00,1.37
2014.11.04 09:47:16.293,1.17747,1.17762,1.00,1.62
2014.11.04 09:47:16.648,1.17745,1.17762,1.00,2.06
2014.11.04 09:47:16.699,1.17745,1.17762,1.00,2.44
2014.11.04 09:47:17.104,1.17745,1.17762,1.00,2.81
2014.11.04 09:47:17.155,1.17745,1.17759,1.00,1.00
2014.11.04 09:47:17.307,1.17743,1.17759,1.00,1.00
2014.11.04 09:47:17.814,1.17743,1.17758,1.00,1.25
2014.11.04 09:47:18.319,1.17743,1.17758,1.00,1.62
2014.11.04 09:47:21.804,1.17746,1.17759,1.00,1.00
2014.11.04 09:47:22.108,1.17748,1.17765,1.12,2.44
2014.11.04 09:47:22.159,1.1775,1.17765,1.00,2.44
2014.11.04 09:47:22.666,1.17749,1.17765,1.00,1.25
2014.11.04 09:47:22.767,1.17746,1.17764,5.14,1.00
2014.11.04 09:47:22.952,1.17746,1.17762,3.45,1.25
2014.11.04 09:47:23.306,1.17747,1.17764,2.25,1.25
2014.11.04 09:47:23.357,1.17749,1.17765,1.00,1.69
2014.11.04 09:47:23.931,1.17749,1.17766,1.69,1.25
2014.11.04 09:47:24.032,1.17751,1.17768,1.25,5.14
2014.11.04 09:47:24.336,1.17752,1.17768,1.50,2.81
2014.11.04 09:47:27.257,1.17752,1.17767,1.00,1.62
2014.11.04 09:47:27.460,1.17749,1.17764,1.00,2.62
2014.11.04 09:47:27.662,1.17746,1.17764,4.31,2.62
2014.11.04 09:47:28.432,1.17746,1.17764,4.12,1.62
2014.11.04 09:47:30.554,1.17747,1.17763,2.06,1.00
2014.11.04 09:47:31.060,1.17748,1.17764,1.31,1.37
2014.11.04 09:47:32.970,1.17748,1.17764,1.37,1.69
2014.11.04 09:47:33.173,1.17749,1.17766,1.62,1.12
2014.11.04 09:47:33.375,1.17751,1.17764,1.37,1.00
2014.11.04 09:47:34.233,1.17751,1.17766,1.37,1.00
2014.11.04 09:47:34.736,1.17751,1.17766,1.00,1.00
2014.11.04 09:47:35.254,1.17751,1.17766,1.00,1.37
2014.11.04 09:47:35.768,1.1775,1.17765,1.25,1.37
2014.11.04 09:47:35.819,1.1775,1.17763,1.25,1.37
2014.11.04 09:47:36.330,1.1775,1.17763,1.00,1.00
2014.11.04 09:47:36.635,1.1775,1.17761,1.00,1.00
2014.11.04 09:47:36.804,1.1775,1.17763,1.00,1.00
2014.11.04 09:47:37.108,1.1775,1.17763,1.00,1.37
2014.11.04 09:47:37.944,1.1775,1.17761,1.00,1.00
2014.11.04 09:47:38.494,1.17749,1.17763,1.00,1.37
2014.11.04 09:47:38.646,1.17749,1.17763,1.00,1.12
2014.11.04 09:47:38.748,1.17749,1.17762,1.00,1.37
2014.11.04 09:47:40.262,1.17749,1.17762,1.00,1.12
2014.11.04 09:47:40.567,1.17751,1.17764,1.00,1.37
2014.11.04 09:47:40.668,1.17749,1.17763,1.00,2.25
2014.11.04 09:47:40.770,1.17751,1.17762,1.00,1.00
2014.11.04 09:47:41.073,1.17751,1.17765,1.00,1.00
2014.11.04 09:47:41.175,1.17751,1.17762,1.00,1.00
2014.11.04 09:47:41.226,1.17747,1.17762,1.25,1.00
2014.11.04 09:47:41.631,1.17747,1.1776,1.00,1.00
2014.11.04 09:47:41.682,1.17745,1.1776,1.69,1.00
2014.11.04 09:47:41.783,1.17747,1.1776,1.00,1.00
2014.11.04 09:47:42.730,1.17747,1.17757,1.00,1.00
2014.11.04 09:47:42.883,1.17744,1.17757,1.12,1.00
2014.11.04 09:47:43.961,1.17747,1.17757,1.00,1.00
2014.11.04 09:47:44.995,1.17744,1.17757,1.12,1.00
2014.11.04 09:47:45.349,1.17744,1.1776,1.12,1.00
2014.11.04 09:47:47.499,1.17743,1.17759,1.12,1.00
2014.11.04 09:47:47.968,1.17746,1.1776,1.00,1.50
2014.11.04 09:47:48.272,1.17752,1.17767,1.37,1.12
2014.11.04 09:47:48.811,1.17752,1.17766,1.37,1.00
2014.11.04 09:47:49.351,1.17752,1.17767,1.37,1.00
2014.11.04 09:47:49.903,1.17752,1.17766,1.37,1.00
2014.11.04 09:47:50.916,1.17754,1.17766,1.37,1.00
2014.11.04 09:47:50.967,1.17754,1.1777,1.37,2.25
2014.11.04 09:47:51.018,1.17755,1.1777,1.12,1.37
2014.11.04 09:47:51.341,1.17752,1.17766,1.37,1.37
2014.11.04 09:47:53.536,1.17752,1.17765,1.37,1.00
2014.11.04 09:47:54.627,1.17752,1.17764,1.37,1.00
2014.11.04 09:47:55.153,1.17752,1.17765,1.37,1.00
2014.11.04 09:47:55.860,1.17752,1.17765,1.00,1.00
2014.11.04 09:47:56.366,1.1775,1.17765,1.62,1.00
2014.11.04 09:47:56.895,1.1775,1.17765,1.62,1.00
2014.11.04 09:47:57.665,1.1775,1.17764,1.37,1.00
2014.11.04 09:47:58.135,1.1775,1.17766,1.37,1.00
2014.11.04 09:47:58.694,1.1775,1.17765,1.62,1.00
2014.11.04 09:47:59.654,1.1775,1.17766,1.37,1.00
2014.11.04 09:47:59.907,1.1775,1.17764,1.37,1.00
2014.11.04 09:48:00.639,1.1775,1.17765,1.37,1.00
2014.11.04 09:48:00.966,1.1775,1.17763,1.56,1.00
2014.11.04 09:48:01.673,1.17752,1.17763,1.00,1.00
2014.11.04 09:48:01.976,1.17752,1.17768,2.81,1.50
2014.11.04 09:48:02.482,1.17753,1.17767,1.62,1.00
2014.11.04 09:48:02.836,1.17752,1.17765,3.56,1.00
2014.11.04 09:48:03.338,1.17752,1.17767,2.62,1.00
2014.11.04 09:48:03.391,1.17756,1.17771,1.00,1.00
2014.11.04 09:48:03.800,1.17754,1.17771,1.25,1.37
2014.11.04 09:48:03.902,1.17752,1.17767,2.70,2.62
2014.11.04 09:48:04.106,1.1775,1.17766,1.00,1.87
2014.11.04 09:48:04.157,1.1775,1.17763,1.00,1.00
2014.11.04 09:48:04.311,1.1775,1.17766,1.00,1.50
2014.11.04 09:48:04.413,1.17754,1.17767,1.00,1.69
2014.11.04 09:48:04.514,1.17754,1.1777,1.00,3.19
2014.11.04 09:48:04.825,1.17753,1.17765,1.00,1.00
2014.11.04 09:48:05.594,1.17753,1.17764,1.00,1.00
2014.11.04 09:48:05.949,1.17752,1.17767,1.87,1.00
2014.11.04 09:48:06.454,1.17752,1.17767,1.87,1.00
2014.11.04 09:48:06.986,1.17752,1.17768,2.06,1.50
2014.11.04 09:48:07.828,1.17752,1.17768,2.06,1.00
2014.11.04 09:48:08.093,1.17752,1.17768,2.06,1.00
2014.11.04 09:48:08.245,1.17752,1.17766,1.50,1.00
2014.11.04 09:48:08.566,1.17752,1.17766,1.50,1.37
2014.11.04 09:48:08.617,1.17752,1.17766,1.00,1.00
2014.11.04 09:48:08.795,1.17751,1.17766,1.25,1.37
2014.11.04 09:48:08.897,1.17749,1.17765,1.50,1.37
2014.11.04 09:48:08.947,1.17748,1.17761,1.00,1.00
2014.11.04 09:48:09.455,1.17749,1.17761,1.00,1.00
2014.11.04 09:48:09.999,1.17748,1.17761,1.00,1.00
2014.11.04 09:48:10.826,1.17746,1.17761,1.87,1.00
2014.11.04 09:48:10.929,1.17746,1.17759,2.62,1.00
2014.11.04 09:48:11.443,1.17746,1.1776,1.50,1.00
2014.11.04 09:48:11.956,1.17746,1.17761,1.50,1.00
2014.11.04 09:48:12.339,1.17746,1.17761,2.06,1.00
2014.11.04 09:48:12.815,1.1775,1.17761,1.87,1.00
2014.11.04 09:48:12.866,1.1775,1.17763,1.87,1.00
2014.11.04 09:48:14.080,1.1775,1.17762,1.12,1.00
2014.11.04 09:48:14.587,1.1775,1.17762,1.37,1.00
2014.11.04 09:48:15.113,1.17752,1.17763,1.00,1.00
2014.11.04 09:48:16.718,1.17752,1.17764,1.00,1.00
2014.11.04 09:48:16.785,1.1775,1.17764,1.50,1.00
2014.11.04 09:48:17.301,1.1775,1.17763,1.00,1.00
2014.11.04 09:48:18.071,1.1775,1.17764,1.00,1.50
2014.11.04 09:48:18.403,1.1775,1.17761,1.00,1.00
2014.11.04 09:48:18.944,1.1775,1.1776,1.00,1.00
2014.11.04 09:48:19.454,1.1775,1.17759,1.00,1.00
2014.11.04 09:48:20.493,1.17748,1.1776,1.00,1.00
2014.11.04 09:48:21.033,1.17748,1.17759,1.00,1.00
2014.11.04 09:48:21.539,1.17748,1.1776,1.00,1.00
2014.11.04 09:48:23.789,1.17751,1.1776,1.00,1.00
2014.11.04 09:48:23.941,1.17748,1.17761,2.44,1.00
2014.11.04 09:48:24.043,1.1775,1.17761,1.37,1.00
2014.11.04 09:48:24.346,1.17751,1.17763,1.37,1.00
2014.11.04 09:48:25.281,1.17751,1.17763,1.37,1.00
2014.11.04 09:48:25.332,1.1775,1.17761,1.37,1.00
2014.11.04 09:48:25.383,1.1775,1.17761,1.37,1.00
2014.11.04 09:48:25.927,1.1775,1.17761,1.00,1.00
2014.11.04 09:48:27.744,1.1775,1.17759,1.00,1.00
2014.11.04 09:48:27.997,1.17748,1.17758,1.00,1.00
2014.11.04 09:48:28.200,1.17745,1.17755,1.25,1.00
2014.11.04 09:48:28.504,1.17742,1.17752,1.00,1.00
2014.11.04 09:48:28.657,1.1774,1.17752,1.50,1.00
2014.11.04 09:48:30.091,1.1774,1.17752,1.87,1.00
2014.11.04 09:48:30.601,1.17742,1.17752,1.00,1.00
2014.11.04 09:48:30.652,1.17744,1.17752,1.50,1.00
2014.11.04 09:48:30.753,1.17743,1.17754,2.25,1.00
2014.11.04 09:48:31.265,1.17744,1.17757,1.50,1.12
2014.11.04 09:48:31.822,1.17744,1.17755,1.50,1.00
2014.11.04 09:48:32.354,1.17743,1.17755,2.25,1.00
2014.11.04 09:48:32.919,1.17744,1.17755,1.50,1.00
2014.11.04 09:48:33.791,1.17743,1.17755,2.25,1.00
2014.11.04 09:48:35.047,1.17744,1.17756,1.50,1.00
2014.11.04 09:48:35.148,1.17744,1.17761,1.62,2.62
2014.11.04 09:48:35.654,1.17746,1.17761,1.37,1.00
2014.11.04 09:48:36.019,1.17746,1.17758,1.12,1.00
2014.11.04 09:48:36.582,1.17747,1.17757,1.50,1.00
2014.11.04 09:48:36.886,1.17745,1.17755,1.00,1.00
2014.11.04 09:48:37.400,1.17742,1.17756,4.31,1.00
2014.11.04 09:48:38.109,1.17742,1.17756,3.37,1.00
2014.11.04 09:48:39.106,1.17741,1.17756,1.87,1.00
2014.11.04 09:48:39.208,1.17744,1.17756,1.50,1.00
2014.11.04 09:48:39.309,1.17745,1.17759,1.12,1.00
2014.11.04 09:48:39.411,1.17747,1.17761,1.00,1.87
2014.11.04 09:48:39.916,1.17747,1.1776,1.00,1.12
2014.11.04 09:48:40.423,1.17747,1.17761,1.00,1.00
2014.11.04 09:48:40.575,1.1775,1.17765,1.00,1.50
2014.11.04 09:48:40.906,1.1775,1.17762,1.00,1.00
2014.11.04 09:48:41.059,1.1775,1.17764,1.00,1.00
2014.11.04 09:48:41.262,1.17748,1.1776,1.00,1.00
2014.11.04 09:48:41.548,1.17742,1.17756,3.75,1.12
2014.11.04 09:48:41.601,1.17742,1.1776,3.00,1.69
2014.11.04 09:48:41.652,1.17745,1.17758,1.50,1.95
2014.11.04 09:48:41.754,1.17745,1.1776,2.25,1.00
2014.11.04 09:48:41.855,1.17746,1.17762,1.00,1.00
2014.11.04 09:48:42.058,1.17746,1.17758,1.00,1.00
2014.11.04 09:48:42.211,1.17742,1.17757,1.00,1.50
2014.11.04 09:48:42.262,1.17742,1.17754,1.00,1.00
2014.11.04 09:48:42.516,1.17738,1.17754,1.00,2.44
2014.11.04 09:48:42.769,1.17736,1.17752,1.50,1.00
2014.11.04 09:48:43.073,1.17736,1.1775,1.50,1.00
2014.11.04 09:48:44.025,1.17736,1.17749,1.00,1.00
2014.11.04 09:48:44.486,1.17736,1.17745,1.00,1.00
2014.11.04 09:48:44.538,1.17732,1.17745,1.00,1.00
2014.11.04 09:48:44.692,1.17732,1.17743,1.00,1.00
2014.11.04 09:48:44.946,1.1773,1.17742,1.50,1.00
2014.11.04 09:48:45.098,1.17728,1.17742,1.00,1.00
2014.11.04 09:48:45.199,1.17727,1.17741,1.00,1.87
2014.11.04 09:48:45.352,1.17726,1.17741,1.00,1.00
2014.11.04 09:48:45.403,1.17726,1.17738,1.00,1.00
2014.11.04 09:48:45.506,1.17729,1.17744,1.00,1.25
2014.11.04 09:48:45.910,1.17729,1.17742,1.00,1.00
2014.11.04 09:48:46.265,1.17726,1.17742,1.50,1.00
2014.11.04 09:48:46.468,1.17725,1.1774,1.00,1.00
2014.11.04 09:48:46.771,1.17725,1.17738,1.00,1.00
2014.11.04 09:48:46.982,1.17723,1.17737,1.00,1.00
2014.11.04 09:48:47.083,1.17722,1.17737,1.50,1.69
2014.11.04 09:48:47.287,1.17718,1.17734,3.19,1.87
2014.11.04 09:48:47.439,1.17717,1.17732,3.00,1.00
2014.11.04 09:48:47.793,1.17717,1.1773,1.00,1.00
2014.11.04 09:48:48.046,1.17715,1.17729,1.00,1.12
2014.11.04 09:48:48.098,1.17715,1.17727,1.00,1.00
2014.11.04 09:48:48.149,1.17713,1.17727,1.00,1.00
2014.11.04 09:48:48.329,1.17711,1.17727,3.37,1.00
2014.11.04 09:48:48.532,1.17711,1.17725,3.37,1.00
2014.11.04 09:48:49.045,1.17712,1.17724,1.00,1.00
2014.11.04 09:48:49.197,1.17712,1.17726,1.00,1.00
2014.11.04 09:48:49.700,1.17711,1.17726,1.69,1.00
2014.11.04 09:48:50.193,1.17711,1.17728,1.50,1.69
2014.11.04 09:48:50.496,1.17712,1.17729,1.00,3.26
2014.11.04 09:48:51.016,1.17711,1.17728,1.31,1.62
2014.11.04 09:48:51.475,1.17711,1.17729,1.69,1.95
2014.11.04 09:48:51.989,1.17712,1.1773,1.00,1.25
2014.11.04 09:48:52.506,1.17712,1.1773,1.19,1.25
2014.11.04 09:48:52.822,1.17711,1.17727,3.19,1.00
2014.11.04 09:48:53.075,1.17711,1.17726,1.00,1.12
2014.11.04 09:48:53.176,1.1771,1.17724,1.31,1.00
2014.11.04 09:48:53.277,1.1771,1.17726,2.06,1.00
2014.11.04 09:48:53.790,1.1771,1.17726,1.25,1.37
2014.11.04 09:48:54.328,1.1771,1.17726,1.25,1.00
2014.11.04 09:48:54.682,1.17709,1.17725,1.50,1.37
2014.11.04 09:48:55.188,1.17708,1.17724,1.31,1.50
2014.11.04 09:48:55.495,1.17707,1.17724,4.31,1.50
2014.11.04 09:48:56.012,1.17708,1.17724,1.12,1.37
2014.11.04 09:48:56.727,1.1771,1.17726,1.00,2.81
2014.11.04 09:48:57.233,1.1771,1.17726,1.00,2.06
2014.11.04 09:48:57.740,1.17711,1.17723,1.50,1.37
2014.11.04 09:48:57.842,1.1771,1.17723,1.00,1.00
2014.11.04 09:48:58.197,1.17708,1.17723,1.00,1.00
2014.11.04 09:48:58.248,1.1771,1.17725,1.00,1.50
2014.11.04 09:48:58.753,1.17709,1.17725,1.69,1.00
2014.11.04 09:48:59.563,1.1771,1.17727,1.12,1.62
2014.11.04 09:48:59.765,1.1771,1.17728,1.19,2.70
2014.11.04 09:49:00.273,1.17712,1.17729,1.69,1.50
2014.11.04 09:49:00.627,1.17713,1.17732,1.25,1.50
2014.11.04 09:49:00.678,1.17715,1.17732,1.95,1.50
2014.11.04 09:49:00.881,1.17715,1.17734,6.15,1.69
2014.11.04 09:49:01.424,1.17715,1.17733,7.84,1.00
2014.11.04 09:49:01.632,1.17715,1.17733,7.46,1.12
2014.11.04 09:49:02.088,1.17715,1.17731,5.96,1.00
2014.11.04 09:49:02.762,1.17715,1.1773,2.06,1.00
2014.11.04 09:49:02.875,1.17715,1.17733,3.56,1.87
2014.11.04 09:49:03.078,1.17717,1.1773,1.00,1.37
2014.11.04 09:49:03.180,1.17715,1.17729,1.00,1.12
2014.11.04 09:49:03.282,1.17712,1.17724,1.00,1.00
2014.11.04 09:49:03.384,1.1771,1.17723,1.00,1.00
2014.11.04 09:49:03.436,1.17708,1.17723,1.00,1.25
2014.11.04 09:49:03.979,1.17707,1.17723,1.00,1.62
2014.11.04 09:49:04.080,1.17704,1.17722,1.00,1.12
2014.11.04 09:49:04.182,1.17704,1.17719,1.00,1.00
2014.11.04 09:49:04.283,1.17704,1.17721,1.00,1.00
2014.11.04 09:49:04.487,1.17703,1.17718,1.50,1.00
2014.11.04 09:49:04.791,1.17703,1.17718,1.00,3.37
2014.11.04 09:49:04.842,1.17699,1.17715,1.00,1.50
2014.11.04 09:49:04.893,1.17696,1.17715,1.00,1.50
2014.11.04 09:49:04.945,1.17695,1.1771,1.00,1.00
2014.11.04 09:49:05.076,1.17692,1.17709,1.69,1.12
2014.11.04 09:49:05.379,1.17696,1.17711,1.00,1.62
2014.11.04 09:49:05.481,1.17696,1.17712,1.00,2.89
2014.11.04 09:49:05.685,1.17694,1.17711,1.00,1.25
2014.11.04 09:49:05.938,1.17696,1.17711,1.00,1.25
2014.11.04 09:49:06.445,1.17696,1.1771,1.00,1.37
2014.11.04 09:49:07.562,1.17695,1.17708,1.00,1.12
2014.11.04 09:49:07.967,1.17695,1.17709,1.00,1.37
2014.11.04 09:49:08.484,1.17694,1.17709,1.25,1.37
2014.11.04 09:49:08.893,1.17694,1.17709,1.25,1.12
2014.11.04 09:49:08.995,1.17694,1.17709,1.00,1.62
2014.11.04 09:49:09.601,1.17694,1.17709,1.00,1.62
2014.11.04 09:49:10.406,1.17694,1.17707,1.00,1.75
2014.11.04 09:49:10.467,1.17689,1.17703,1.00,1.00
2014.11.04 09:49:10.518,1.17689,1.17702,1.00,1.19
2014.11.04 09:49:10.569,1.17686,1.17702,1.00,1.19
2014.11.04 09:49:10.923,1.17685,1.17698,1.00,1.00
2014.11.04 09:49:11.328,1.17682,1.17697,1.69,1.00
2014.11.04 09:49:11.379,1.17682,1.17695,1.69,1.00
2014.11.04 09:49:11.885,1.17681,1.17697,1.31,1.00
2014.11.04 09:49:11.986,1.17687,1.17698,1.00,1.00
2014.11.04 09:49:12.189,1.17685,1.17698,1.25,1.00
2014.11.04 09:49:12.240,1.17685,1.17704,1.25,2.06
2014.11.04 09:49:12.392,1.17685,1.17704,1.19,1.87
2014.11.04 09:49:12.695,1.17685,1.17702,1.69,1.00
2014.11.04 09:49:12.746,1.17685,1.17704,2.81,1.12
2014.11.04 09:49:13.269,1.17685,1.17703,2.44,1.00
2014.11.04 09:49:13.421,1.17687,1.17704,1.19,1.87
2014.11.04 09:49:13.573,1.17687,1.17706,3.56,3.00
2014.11.04 09:49:13.877,1.17687,1.17703,1.69,1.00
2014.11.04 09:49:14.080,1.17689,1.17705,1.25,1.00
2014.11.04 09:49:14.501,1.17691,1.17706,1.00,2.51
2014.11.04 09:49:14.805,1.17688,1.17705,1.69,1.50
2014.11.04 09:49:15.008,1.17688,1.17704,1.25,1.87
2014.11.04 09:49:15.177,1.17691,1.17703,1.00,1.00
2014.11.04 09:49:15.330,1.17691,1.17706,1.00,1.31
2014.11.04 09:49:15.534,1.17692,1.17708,1.00,1.25
2014.11.04 09:49:15.789,1.17692,1.17706,1.00,1.00
2014.11.04 09:49:17.336,1.17692,1.17704,1.00,1.00
2014.11.04 09:49:17.640,1.17691,1.17703,1.00,1.37
2014.11.04 09:49:17.741,1.17687,1.17702,1.69,1.12
2014.11.04 09:49:17.994,1.17688,1.17704,1.00,1.50
2014.11.04 09:49:18.400,1.17687,1.177,1.31,1.00
2014.11.04 09:49:18.552,1.17688,1.17704,1.19,1.87
2014.11.04 09:49:18.754,1.1769,1.17703,1.00,1.37
2014.11.04 09:49:19.159,1.17689,1.17703,1.00,1.87
2014.11.04 09:49:19.210,1.17689,1.17699,1.00,1.00
2014.11.04 09:49:19.614,1.17688,1.17704,1.00,1.87
2014.11.04 09:49:21.006,1.17687,1.17702,1.00,2.32
2014.11.04 09:49:21.209,1.17689,1.17702,1.00,1.12
2014.11.04 09:49:21.868,1.17689,1.17704,1.00,1.12
2014.11.04 09:49:22.374,1.17689,1.17704,1.19,1.12
2014.11.04 09:49:22.947,1.17689,1.17705,1.19,5.02
2014.11.04 09:49:23.267,1.1769,1.17704,1.00,1.37
2014.11.04 09:49:23.318,1.17688,1.17702,1.00,2.32
2014.11.04 09:49:23.369,1.17685,1.17701,2.44,1.00
2014.11.04 09:49:23.673,1.17686,1.17703,1.69,3.45
2014.11.04 09:49:24.086,1.17688,1.17702,1.25,1.37
2014.11.04 09:49:24.562,1.17688,1.17703,1.25,1.12
2014.11.04 09:49:24.664,1.17689,1.17703,1.19,1.12
2014.11.04 09:49:25.385,1.17689,1.17705,1.19,1.37
2014.11.04 09:49:25.638,1.17687,1.17703,1.69,3.07
2014.11.04 09:49:26.700,1.17686,1.17702,1.69,1.37
2014.11.04 09:49:26.903,1.17683,1.17698,2.06,1.12
2014.11.04 09:49:27.440,1.17683,1.17699,1.12,1.62
2014.11.04 09:49:27.943,1.17683,1.17698,1.00,1.31
2014.11.04 09:49:28.095,1.17683,1.177,1.87,1.56
2014.11.04 09:49:28.247,1.17686,1.177,1.00,1.31
2014.11.04 09:49:28.298,1.17686,1.17702,1.00,1.12
2014.11.04 09:49:28.400,1.17687,1.17702,1.37,1.00
2014.11.04 09:49:28.552,1.17691,1.17705,1.00,1.00
2014.11.04 09:49:28.603,1.17688,1.17705,1.00,1.69
2014.11.04 09:49:28.654,1.17688,1.17703,1.00,1.00
2014.11.04 09:49:28.706,1.17686,1.17703,1.69,1.00
2014.11.04 09:49:28.959,1.17686,1.17701,1.00,1.00
2014.11.04 09:49:29.465,1.17685,1.177,1.00,1.25
2014.11.04 09:49:30.294,1.17685,1.177,1.00,3.56
2014.11.04 09:49:30.799,1.17685,1.177,1.00,2.06
2014.11.04 09:49:31.893,1.17684,1.177,1.00,2.06
2014.11.04 09:49:32.401,1.17683,1.17699,1.00,1.37
2014.11.04 09:49:37.181,1.17684,1.17699,1.50,1.37
2014.11.04 09:49:38.517,1.17683,1.17699,1.00,1.37
2014.11.04 09:49:39.062,1.17684,1.17699,1.50,1.12
2014.11.04 09:49:39.567,1.17683,1.17698,1.31,1.00
2014.11.04 09:49:40.411,1.17683,1.17697,1.00,1.00
2014.11.04 09:49:40.972,1.17682,1.17697,1.25,1.12
2014.11.04 09:49:41.506,1.17683,1.17698,2.81,1.12
2014.11.04 09:49:43.470,1.17683,1.177,4.01,1.00
2014.11.04 09:49:43.724,1.17688,1.17704,1.00,1.31
2014.11.04 09:49:43.877,1.17692,1.17705,1.00,1.87
2014.11.04 09:49:44.389,1.17692,1.17704,1.00,2.06
2014.11.04 09:49:44.441,1.17689,1.17701,1.00,1.25
2014.11.04 09:49:44.492,1.17689,1.17699,1.00,1.37
2014.11.04 09:49:44.543,1.17686,1.17698,1.00,1.62
2014.11.04 09:49:44.595,1.17685,1.17698,1.00,1.25
2014.11.04 09:49:44.646,1.17685,1.17691,1.00,1.25
2014.11.04 09:49:44.748,1.17681,1.17694,2.70,2.44
2014.11.04 09:49:44.954,1.17681,1.17691,1.95,1.19
2014.11.04 09:49:45.005,1.17677,1.17691,3.90,1.19
2014.11.04 09:49:45.481,1.17677,1.17692,3.90,1.00
2014.11.04 09:49:46.378,1.17676,1.17692,1.00,1.00
2014.11.04 09:49:46.884,1.17675,1.17692,1.87,2.06
2014.11.04 09:49:47.388,1.17676,1.17692,1.00,3.19
2014.11.04 09:49:47.541,1.17674,1.17689,1.00,2.81
2014.11.04 09:49:47.694,1.17672,1.17687,1.12,2.06
2014.11.04 09:49:47.795,1.17672,1.17686,1.37,1.19
2014.11.04 09:49:47.947,1.17678,1.17689,1.00,1.19
2014.11.04 09:49:47.999,1.17678,1.17691,1.00,1.00
2014.11.04 09:49:48.101,1.1768,1.17693,1.00,1.25
2014.11.04 09:49:48.423,1.17683,1.17696,1.00,2.44
2014.11.04 09:49:48.929,1.17684,1.17696,1.00,2.44
2014.11.04 09:49:49.598,1.17682,1.17695,1.00,2.81
2014.11.04 09:49:49.801,1.17679,1.17693,1.00,2.81
2014.11.04 09:49:50.106,1.17679,1.1769,1.00,1.25
2014.11.04 09:49:50.157,1.17676,1.1769,3.00,1.25
2014.11.04 09:49:50.208,1.17676,1.17692,1.00,1.25
2014.11.04 09:49:50.310,1.17677,1.1769,1.00,2.44
2014.11.04 09:49:50.462,1.17678,1.17692,1.95,1.25
2014.11.04 09:49:51.878,1.1768,1.17692,1.00,1.25
2014.11.04 09:49:52.031,1.1768,1.17695,1.50,2.81
2014.11.04 09:49:52.545,1.1768,1.17695,1.00,2.81
2014.11.04 09:49:53.051,1.17679,1.17693,1.00,1.31
2014.11.04 09:49:53.313,1.17678,1.17692,1.95,1.31
2014.11.04 09:49:53.617,1.1768,1.17694,1.00,1.19
2014.11.04 09:49:53.819,1.17683,1.17698,1.00,1.69
2014.11.04 09:49:53.971,1.17685,1.17701,1.00,1.69
2014.11.04 09:49:54.022,1.17685,1.17699,1.00,1.50
2014.11.04 09:49:54.123,1.17688,1.17704,1.00,1.87
2014.11.04 09:49:54.174,1.1769,1.17704,1.00,1.00
2014.11.04 09:49:54.377,1.17691,1.17707,1.95,2.44
2014.11.04 09:49:54.592,1.17689,1.17706,2.70,1.25
2014.11.04 09:49:54.745,1.17692,1.17707,1.00,1.50
2014.11.04 09:49:55.264,1.17693,1.17708,1.00,2.44
2014.11.04 09:49:55.625,1.17691,1.17705,1.00,1.19
2014.11.04 09:49:56.037,1.17693,1.17705,1.00,1.19
2014.11.04 09:49:56.505,1.17691,1.17705,1.00,1.19
2014.11.04 09:49:56.606,1.17693,1.17705,1.00,1.19
2014.11.04 09:49:56.708,1.17691,1.17705,1.00,2.44
2014.11.04 09:49:56.810,1.17688,1.17704,1.00,3.64
2014.11.04 09:49:56.860,1.17687,1.177,1.00,1.00
2014.11.04 09:49:57.168,1.1769,1.17702,1.00,1.19
2014.11.04 09:49:57.476,1.17692,1.17702,1.00,1.19
2014.11.04 09:49:57.628,1.17692,1.17704,1.00,1.00
2014.11.04 09:49:58.143,1.17695,1.17706,1.00,3.45
2014.11.04 09:49:58.295,1.17695,1.17709,1.00,1.19
2014.11.04 09:49:58.802,1.17697,1.17709,1.00,1.19
2014.11.04 09:49:59.365,1.17697,1.17709,1.00,1.00
2014.11.04 09:49:59.913,1.17698,1.17709,1.00,1.00
2014.11.04 09:50:00.267,1.17697,1.17711,1.00,1.12
2014.11.04 09:50:00.521,1.17698,1.17713,3.37,1.00
2014.11.04 09:50:00.572,1.17701,1.17716,1.00,2.32
2014.11.04 09:50:00.876,1.17703,1.17719,1.00,1.62
2014.11.04 09:50:01.438,1.17703,1.17719,1.00,1.62
2014.11.04 09:50:01.540,1.17701,1.17719,1.00,1.37
2014.11.04 09:50:01.946,1.17702,1.1772,1.00,2.62
2014.11.04 09:50:02.452,1.17702,1.1772,2.25,2.62
2014.11.04 09:50:02.756,1.17706,1.1772,1.00,1.37
2014.11.04 09:50:03.731,1.17705,1.1772,1.00,1.37
2014.11.04 09:50:03.833,1.17708,1.1772,1.00,1.00
2014.11.04 09:50:04.137,1.17708,1.17721,1.00,1.75
2014.11.04 09:50:04.188,1.17705,1.17721,1.95,1.94
2014.11.04 09:50:04.289,1.17705,1.17722,1.95,2.81
2014.11.04 09:50:04.947,1.17705,1.17721,1.95,1.94
2014.11.04 09:50:05.150,1.17703,1.17721,1.95,1.94
2014.11.04 09:50:05.689,1.17704,1.17721,1.00,2.44
2014.11.04 09:50:05.790,1.17702,1.1772,1.00,1.69
2014.11.04 09:50:06.145,1.17701,1.1772,1.25,2.44
2014.11.04 09:50:06.650,1.17702,1.17718,1.00,1.37
2014.11.04 09:50:07.338,1.17702,1.17718,1.00,1.87
2014.11.04 09:50:07.641,1.17701,1.17718,1.00,2.44
2014.11.04 09:50:07.742,1.17699,1.17718,1.50,3.19
2014.11.04 09:50:08.251,1.17699,1.17718,1.50,3.94
2014.11.04 09:50:08.447,1.17699,1.17717,1.50,1.75
2014.11.04 09:50:08.550,1.17699,1.17717,1.50,1.75
2014.11.04 09:50:08.651,1.17699,1.17717,1.50,1.50
2014.11.04 09:50:09.058,1.17699,1.17718,1.69,1.87
2014.11.04 09:50:10.040,1.17699,1.17718,1.50,3.75
2014.11.04 09:50:10.553,1.177,1.17718,1.00,3.75
2014.11.04 09:50:10.741,1.177,1.17718,1.00,3.37
2014.11.04 09:50:10.843,1.177,1.17718,1.50,3.75
2014.11.04 09:50:11.335,1.177,1.17717,1.50,1.37
2014.11.04 09:50:11.853,1.17701,1.17718,1.00,2.06
2014.11.04 09:50:12.374,1.177,1.17717,1.00,1.37
2014.11.04 09:50:14.061,1.177,1.17717,1.00,2.62
2014.11.04 09:50:14.163,1.177,1.17716,1.00,1.37
2014.11.04 09:50:14.475,1.17702,1.17718,1.00,1.62
2014.11.04 09:50:14.781,1.17704,1.17718,1.00,1.62
2014.11.04 09:50:15.086,1.17702,1.17718,1.00,1.62
2014.11.04 09:50:15.629,1.17702,1.17717,1.00,1.37
2014.11.04 09:50:16.112,1.17701,1.17716,1.00,2.00
2014.11.04 09:50:16.214,1.17699,1.17717,1.00,1.56
2014.11.04 09:50:16.421,1.17699,1.17716,1.50,1.69
2014.11.04 09:50:16.938,1.17699,1.17717,1.50,2.44
2014.11.04 09:50:17.466,1.17699,1.17715,1.00,1.75
2014.11.04 09:50:17.517,1.177,1.17715,1.00,1.37
2014.11.04 09:50:17.720,1.17701,1.17716,1.00,1.69
2014.11.04 09:50:18.226,1.177,1.17716,1.00,1.75
2014.11.04 09:50:19.137,1.177,1.17716,1.00,2.44
2014.11.04 09:50:19.678,1.17699,1.17714,1.00,1.50
2014.11.04 09:50:20.923,1.17698,1.17714,1.00,2.25
2014.11.04 09:50:21.176,1.17688,1.17704,1.00,1.00
2014.11.04 09:50:21.227,1.17688,1.17704,1.00,1.69
2014.11.04 09:50:21.531,1.17691,1.17703,1.00,1.19
2014.11.04 09:50:21.633,1.17689,1.17704,1.50,1.69
2014.11.04 09:50:21.735,1.17687,1.17704,1.00,1.69
2014.11.04 09:50:21.836,1.1769,1.17704,1.00,1.69
2014.11.04 09:50:22.190,1.17689,1.17707,1.50,1.69
2014.11.04 09:50:22.241,1.17689,1.17705,1.00,1.00
2014.11.04 09:50:22.747,1.1769,1.17706,1.00,1.25
2014.11.04 09:50:22.899,1.17688,1.17705,1.00,1.00
2014.11.04 09:50:22.950,1.17689,1.17703,1.00,1.00
2014.11.04 09:50:23.471,1.17688,1.17703,1.00,1.00
2014.11.04 09:50:23.978,1.17688,1.17703,1.00,1.19
2014.11.04 09:50:24.283,1.17688,1.17702,1.00,1.56
2014.11.04 09:50:24.384,1.17686,1.17702,1.50,1.56
2014.11.04 09:50:25.079,1.17686,1.17702,1.00,1.69
2014.11.04 09:50:25.586,1.17685,1.17702,2.25,3.19
2014.11.04 09:50:25.893,1.17679,1.17692,1.00,1.56
2014.11.04 09:50:25.944,1.17676,1.17691,1.50,1.25
2014.11.04 09:50:26.045,1.17675,1.17688,1.50,1.19
2014.11.04 09:50:27.143,1.17675,1.17692,1.00,3.56
2014.11.04 09:50:27.366,1.17675,1.17689,1.00,1.37
2014.11.04 09:50:27.938,1.17675,1.17683,1.00,1.00
2014.11.04 09:50:28.156,1.17675,1.1769,1.00,1.56
2014.11.04 09:50:28.260,1.17675,1.1769,1.00,1.56
2014.11.04 09:50:28.515,1.17673,1.17689,1.00,1.62
2014.11.04 09:50:28.566,1.17672,1.17687,1.50,2.81
2014.11.04 09:50:29.085,1.17672,1.17687,1.00,2.81
2014.11.04 09:50:29.419,1.1767,1.17685,1.50,1.25
2014.11.04 09:50:29.622,1.17673,1.17687,1.00,1.19
2014.11.04 09:50:29.775,1.17673,1.17688,1.00,1.25
2014.11.04 09:50:30.282,1.17674,1.17688,1.00,1.25
2014.11.04 09:50:30.919,1.17673,1.1769,1.50,1.69
2014.11.04 09:50:31.071,1.17671,1.1769,1.50,1.69
2014.11.04 09:50:31.223,1.17673,1.1769,1.00,2.44
2014.11.04 09:50:31.426,1.17671,1.1769,1.50,1.69
2014.11.04 09:50:31.477,1.17671,1.1769,1.50,2.06
2014.11.04 09:50:32.292,1.17672,1.17687,1.00,1.56
2014.11.04 09:50:32.801,1.17673,1.17689,1.00,1.56
2014.11.04 09:50:33.105,1.17675,1.1769,1.00,2.06
2014.11.04 09:50:33.515,1.17673,1.1769,1.00,1.69
2014.11.04 09:50:34.041,1.17672,1.17688,4.95,1.37
2014.11.04 09:50:34.496,1.17672,1.17688,1.00,1.00
2014.11.04 09:50:34.598,1.17673,1.17691,1.00,2.44
2014.11.04 09:50:35.140,1.17674,1.17691,1.50,1.69
2014.11.04 09:50:35.263,1.17674,1.17691,1.50,2.06
2014.11.04 09:50:35.415,1.17674,1.17691,1.87,2.06
2014.11.04 09:50:35.933,1.17675,1.17691,1.00,1.37
2014.11.04 09:50:36.034,1.17677,1.17691,1.00,1.37
2014.11.04 09:50:36.551,1.17677,1.17691,1.00,2.62
2014.11.04 09:50:36.704,1.17676,1.17691,1.00,2.62
2014.11.04 09:50:36.805,1.17674,1.17691,1.00,2.62
2014.11.04 09:50:36.907,1.17674,1.17691,1.00,3.56
2014.11.04 09:50:37.416,1.17675,1.17689,1.50,1.00
2014.11.04 09:50:37.721,1.17679,1.17694,1.00,2.44
2014.11.04 09:50:38.300,1.17676,1.17693,1.50,4.84
2014.11.04 09:50:38.553,1.17678,1.17692,1.00,1.25
2014.11.04 09:50:38.655,1.17678,1.17694,1.00,1.00
2014.11.04 09:50:38.757,1.1768,1.17695,1.00,1.25
2014.11.04 09:50:39.671,1.1768,1.17696,1.00,2.06
2014.11.04 09:50:40.076,1.1768,1.17697,2.62,1.31
2014.11.04 09:50:40.178,1.17683,1.17698,2.25,2.62
2014.11.04 09:50:40.280,1.17685,1.177,1.00,2.06
2014.11.04 09:50:40.483,1.17685,1.177,1.00,1.19
2014.11.04 09:50:40.989,1.17686,1.177,1.00,1.19
2014.11.04 09:50:41.495,1.17685,1.177,1.50,1.56
2014.11.04 09:50:42.002,1.17686,1.17701,1.00,1.56
2014.11.04 09:50:42.508,1.17685,1.17702,1.50,7.76
2014.11.04 09:50:42.873,1.17685,1.17702,1.50,8.14
2014.11.04 09:50:43.570,1.17685,1.17702,1.50,6.64
2014.11.04 09:50:43.673,1.17685,1.17702,1.50,6.26
2014.11.04 09:50:44.281,1.17685,1.17701,1.00,2.06
2014.11.04 09:50:44.384,1.17685,1.17701,1.00,2.06
2014.11.04 09:50:44.434,1.17683,1.17701,1.00,2.06
2014.11.04 09:50:44.485,1.17683,1.17699,1.00,3.19
2014.11.04 09:50:44.537,1.17681,1.17697,2.25,1.62
2014.11.04 09:50:44.742,1.17679,1.17696,1.00,1.37
2014.11.04 09:50:44.793,1.1768,1.17697,2.25,5.96
2014.11.04 09:50:45.336,1.17682,1.17697,1.00,1.19
2014.11.04 09:50:45.792,1.1768,1.17697,1.00,1.69
2014.11.04 09:50:45.995,1.17678,1.17695,1.69,1.25
2014.11.04 09:50:46.096,1.17678,1.17695,1.69,1.62
2014.11.04 09:50:48.203,1.17678,1.17693,1.00,1.12
2014.11.04 09:50:49.537,1.1768,1.17693,1.00,1.12
2014.11.04 09:50:49.840,1.1768,1.17696,1.00,3.26
2014.11.04 09:50:50.043,1.1768,1.17695,1.00,1.37
2014.11.04 09:50:50.498,1.17678,1.17694,1.00,1.62
2014.11.04 09:50:51.037,1.17678,1.17693,1.00,1.37
2014.11.04 09:50:51.139,1.17678,1.17693,1.00,1.37
2014.11.04 09:50:52.243,1.17678,1.17693,1.00,1.37
2014.11.04 09:50:52.763,1.17677,1.17693,1.00,1.62
2014.11.04 09:50:56.617,1.17677,1.17692,1.25,1.37
2014.11.04 09:50:57.149,1.17677,1.17692,1.25,1.37
2014.11.04 09:50:57.669,1.17677,1.17692,1.00,1.37
2014.11.04 09:50:57.823,1.17677,1.17692,1.00,1.00
2014.11.04 09:50:57.975,1.17678,1.17694,1.50,1.00
2014.11.04 09:50:58.481,1.17677,1.17695,1.25,1.50
2014.11.04 09:50:58.734,1.17677,1.17693,1.25,1.50
2014.11.04 09:51:00.127,1.17677,1.17693,1.00,1.75
2014.11.04 09:51:00.632,1.17677,1.17693,1.00,1.50
2014.11.04 09:51:01.270,1.17677,1.17693,1.00,2.00
2014.11.04 09:51:01.843,1.17677,1.17693,1.00,2.00
2014.11.04 09:51:02.451,1.17677,1.17692,1.00,1.50
2014.11.04 09:51:02.755,1.17678,1.17692,1.00,1.37
2014.11.04 09:51:06.879,1.17681,1.17694,1.50,1.00
2014.11.04 09:51:06.981,1.17678,1.17694,3.45,1.37
2014.11.04 09:51:07.488,1.17678,1.17694,1.00,2.44
2014.11.04 09:51:07.798,1.17681,1.17695,1.00,1.37
2014.11.04 09:51:08.108,1.17679,1.17695,1.00,1.50
2014.11.04 09:51:08.159,1.17679,1.17695,1.00,2.00
2014.11.04 09:51:08.777,1.17679,1.17693,1.00,1.37
2014.11.04 09:51:10.088,1.17679,1.17694,1.00,3.19
2014.11.04 09:51:11.177,1.17679,1.17694,1.00,2.81
2014.11.04 09:51:13.088,1.17679,1.17694,1.00,3.37
2014.11.04 09:51:14.155,1.17679,1.17694,1.00,2.62
2014.11.04 09:51:14.758,1.17679,1.17693,1.00,1.37
2014.11.04 09:51:14.860,1.17679,1.17694,1.00,1.75
2014.11.04 09:51:14.962,1.1768,1.17695,1.00,2.25
2014.11.04 09:51:15.164,1.17678,1.17695,1.00,1.75
2014.11.04 09:51:15.265,1.1768,1.17695,1.00,2.25
2014.11.04 09:51:15.670,1.1768,1.17693,1.00,1.75
2014.11.04 09:51:15.912,1.17681,1.17695,1.00,1.50
2014.11.04 09:51:16.417,1.17681,1.17695,1.00,1.37
2014.11.04 09:51:16.999,1.17681,1.17695,1.00,1.37
2014.11.04 09:51:17.566,1.17681,1.17695,1.00,1.37
2014.11.04 09:51:18.078,1.17682,1.17697,1.00,1.37
2014.11.04 09:51:18.282,1.17682,1.17698,1.00,1.37
2014.11.04 09:51:18.383,1.17684,1.17697,1.00,1.37
2014.11.04 09:51:18.486,1.17684,1.17698,1.00,1.00
2014.11.04 09:51:18.689,1.17685,1.17701,1.00,1.31
2014.11.04 09:51:18.992,1.17685,1.17699,1.00,1.00
2014.11.04 09:51:19.245,1.17685,1.17702,1.00,3.56
2014.11.04 09:51:19.599,1.17684,1.177,1.00,1.69
2014.11.04 09:51:19.701,1.17682,1.17699,1.00,1.69
2014.11.04 09:51:20.217,1.17681,1.17698,1.50,1.25
2014.11.04 09:51:20.738,1.1768,1.17697,2.25,1.00
2014.11.04 09:51:21.246,1.1768,1.17696,2.25,1.00
2014.11.04 09:51:21.602,1.1768,1.17697,1.50,2.25
2014.11.04 09:51:22.162,1.1768,1.17697,1.69,2.06
2014.11.04 09:51:22.517,1.17682,1.17697,1.50,2.06
2014.11.04 09:51:23.299,1.17681,1.17698,1.00,1.87
2014.11.04 09:51:23.401,1.17682,1.17698,1.50,2.62
2014.11.04 09:51:23.503,1.17683,1.17698,1.69,1.37
2014.11.04 09:51:24.035,1.17685,1.17699,1.00,1.37
2014.11.04 09:51:24.584,1.17685,1.17699,1.25,1.37
2014.11.04 09:51:26.635,1.17685,1.17699,1.00,1.37
2014.11.04 09:51:27.400,1.17685,1.17702,1.00,2.81
2014.11.04 09:51:27.716,1.17687,1.17702,1.00,2.81
2014.11.04 09:51:27.817,1.17688,1.17702,1.00,2.81
2014.11.04 09:51:27.919,1.1769,1.17702,1.00,1.37
2014.11.04 09:51:28.121,1.1769,1.17704,1.00,2.06
2014.11.04 09:51:29.493,1.1769,1.17705,1.87,1.37
2014.11.04 09:51:30.395,1.1769,1.17705,1.87,1.37
2014.11.04 09:51:30.997,1.1769,1.17705,1.12,1.37
2014.11.04 09:51:31.509,1.1769,1.17705,1.87,1.37
2014.11.04 09:51:31.841,1.1769,1.17705,1.87,1.00
2014.11.04 09:51:31.892,1.1769,1.17703,1.87,1.00
2014.11.04 09:51:32.195,1.17689,1.17702,1.00,1.62
2014.11.04 09:51:32.347,1.17687,1.17703,1.00,1.37
2014.11.04 09:51:32.551,1.17689,1.17702,1.00,1.50
2014.11.04 09:51:33.057,1.1769,1.17702,1.00,1.50
2014.11.04 09:51:33.514,1.17689,1.17703,1.00,1.37
2014.11.04 09:51:34.038,1.17689,1.17704,1.00,2.25
2014.11.04 09:51:35.612,1.17689,1.17705,1.00,2.44
2014.11.04 09:51:35.815,1.17689,1.17704,1.00,1.37
2014.11.04 09:51:35.916,1.1769,1.17706,1.50,1.62
2014.11.04 09:51:36.150,1.17693,1.17708,1.00,1.37
2014.11.04 09:51:36.454,1.17695,1.17709,1.00,3.00
2014.11.04 09:51:37.066,1.17695,1.17705,1.00,1.56
2014.11.04 09:51:37.201,1.17691,1.17705,1.00,2.06
2014.11.04 09:51:37.252,1.17691,1.17703,1.00,1.87
2014.11.04 09:51:37.355,1.17691,1.17703,1.50,1.00
2014.11.04 09:51:37.559,1.17692,1.17708,1.00,1.00
2014.11.04 09:51:38.065,1.17693,1.17707,1.00,1.69
2014.11.04 09:51:38.167,1.17695,1.17708,1.00,1.00
2014.11.04 09:51:38.673,1.17695,1.1771,1.00,1.50
2014.11.04 09:51:39.210,1.17694,1.17709,1.00,1.69
2014.11.04 09:51:39.312,1.17694,1.17709,1.00,2.44
2014.11.04 09:51:39.615,1.17694,1.17709,1.00,3.94
2014.11.04 09:51:40.543,1.17694,1.17708,1.00,1.62
2014.11.04 09:51:40.948,1.17694,1.17708,1.00,3.19
2014.11.04 09:51:40.999,1.17692,1.17707,1.00,1.37
2014.11.04 09:51:41.353,1.1769,1.17707,4.39,1.56
2014.11.04 09:51:41.454,1.17695,1.17708,1.00,1.00
2014.11.04 09:51:41.657,1.17691,1.17705,1.50,1.00
2014.11.04 09:51:41.962,1.17692,1.17703,1.00,1.00
2014.11.04 09:51:42.077,1.17691,1.17708,1.00,3.19
2014.11.04 09:51:42.127,1.17691,1.17706,1.00,1.69
2014.11.04 09:51:42.636,1.17692,1.17704,1.00,1.00
2014.11.04 09:51:42.889,1.17688,1.17703,1.00,3.00
2014.11.04 09:51:43.193,1.17686,1.17703,1.00,3.19
2014.11.04 09:51:43.244,1.17686,1.17701,1.00,1.00
2014.11.04 09:51:43.736,1.17686,1.17701,1.00,1.37
2014.11.04 09:51:44.505,1.17688,1.17701,1.50,1.37
2014.11.04 09:51:44.607,1.17688,1.17703,1.50,1.12
2014.11.04 09:51:44.658,1.17692,1.17705,1.00,1.87
2014.11.04 09:51:44.709,1.17692,1.17705,1.00,1.00
2014.11.04 09:51:44.810,1.17693,1.17707,1.00,1.25
2014.11.04 09:51:45.343,1.17692,1.17707,1.00,1.69
2014.11.04 09:51:45.849,1.17692,1.17707,1.00,1.19
2014.11.04 09:51:46.376,1.17691,1.17707,1.00,1.19
2014.11.04 09:51:46.887,1.17691,1.17707,1.00,1.25
2014.11.04 09:51:46.989,1.17691,1.17707,1.00,2.00
2014.11.04 09:51:47.498,1.1769,1.17707,1.00,1.94
2014.11.04 09:51:48.264,1.17689,1.17707,2.25,2.44
2014.11.04 09:51:48.316,1.17689,1.17707,2.25,2.44
2014.11.04 09:51:48.417,1.17689,1.17707,1.50,2.81
2014.11.04 09:51:48.519,1.17689,1.17703,1.00,1.31
2014.11.04 09:51:48.621,1.17687,1.17703,1.00,1.31
2014.11.04 09:51:48.981,1.17685,1.177,1.00,1.50
2014.11.04 09:51:49.500,1.17685,1.17702,1.00,1.69
2014.11.04 09:51:49.753,1.17686,1.17699,1.00,1.00
2014.11.04 09:51:50.267,1.17686,1.17698,1.00,1.00
2014.11.04 09:51:50.780,1.17687,1.17702,1.00,2.06
2014.11.04 09:51:50.831,1.17687,1.17702,1.00,2.06
2014.11.04 09:51:51.077,1.17683,1.177,1.50,1.50
2014.11.04 09:51:51.129,1.17681,1.17697,1.50,1.37
2014.11.04 09:51:51.588,1.17685,1.177,1.00,1.37
2014.11.04 09:51:51.639,1.17685,1.177,1.00,1.12
2014.11.04 09:51:51.743,1.17686,1.17702,1.00,2.62
2014.11.04 09:51:51.946,1.17684,1.17701,1.69,1.00
2014.11.04 09:51:52.529,1.17684,1.17701,1.00,1.75
2014.11.04 09:51:54.611,1.17684,1.17701,1.00,2.06
2014.11.04 09:51:54.764,1.17689,1.17702,1.00,1.87
2014.11.04 09:51:55.070,1.17691,1.17704,1.00,1.69
2014.11.04 09:51:55.121,1.17691,1.17705,1.00,2.06
2014.11.04 09:51:55.629,1.1769,1.17701,1.00,1.00
2014.11.04 09:51:56.550,1.1769,1.17701,1.00,1.75
2014.11.04 09:51:57.063,1.17683,1.17701,2.25,3.94
2014.11.04 09:51:57.581,1.17683,1.17698,1.50,1.37
2014.11.04 09:51:57.785,1.17681,1.17698,1.25,1.37
2014.11.04 09:51:58.453,1.17681,1.177,3.00,1.87
2014.11.04 09:51:58.507,1.17685,1.177,1.00,1.37
2014.11.04 09:51:58.912,1.17687,1.17702,1.00,1.50
2014.11.04 09:51:59.064,1.17691,1.17703,1.00,1.00
2014.11.04 09:51:59.216,1.17691,1.17705,1.00,1.00
2014.11.04 09:52:00.217,1.17691,1.17706,1.00,1.50
2014.11.04 09:52:00.992,1.17691,1.17706,1.00,1.75
2014.11.04 09:52:01.095,1.17691,1.17706,1.00,1.37
2014.11.04 09:52:01.400,1.17692,1.17706,1.00,1.37
2014.11.04 09:52:03.897,1.17692,1.17709,2.70,1.37
2014.11.04 09:52:03.999,1.17692,1.17709,4.20,1.87
2014.11.04 09:52:04.101,1.17693,1.17708,1.00,2.25
2014.11.04 09:52:04.253,1.17695,1.17709,1.00,1.25
2014.11.04 09:52:04.569,1.17698,1.17711,1.00,1.37
2014.11.04 09:52:04.987,1.17696,1.17711,1.00,1.37
2014.11.04 09:52:05.513,1.17695,1.1771,1.00,1.12
2014.11.04 09:52:05.887,1.17697,1.17711,1.00,1.87
2014.11.04 09:52:07.151,1.17697,1.17711,1.00,1.75
2014.11.04 09:52:07.253,1.17697,1.17711,1.00,2.06
2014.11.04 09:52:07.304,1.17694,1.1771,1.00,2.06
2014.11.04 09:52:07.355,1.17694,1.1771,1.00,1.87
2014.11.04 09:52:07.457,1.17694,1.17711,1.50,1.00
2014.11.04 09:52:07.710,1.17696,1.17712,1.00,1.00
2014.11.04 09:52:07.812,1.17697,1.17714,1.00,2.44
2014.11.04 09:52:07.863,1.17699,1.17714,1.00,1.69
2014.11.04 09:52:08.369,1.177,1.17713,1.00,1.00
2014.11.04 09:52:08.964,1.177,1.17713,1.00,1.37
2014.11.04 09:52:10.170,1.177,1.17715,1.00,3.19
2014.11.04 09:52:11.003,1.177,1.17715,1.00,2.06
2014.11.04 09:52:11.461,1.17703,1.17715,1.00,1.62
2014.11.04 09:52:12.005,1.17702,1.17715,1.00,1.62
2014.11.04 09:52:12.382,1.17701,1.17715,1.00,1.62
2014.11.04 09:52:14.230,1.17702,1.17715,1.00,1.37
2014.11.04 09:52:14.585,1.17701,1.17716,1.00,2.81
2014.11.04 09:52:15.428,1.177,1.17715,1.00,1.37
2014.11.04 09:52:15.581,1.177,1.17715,1.00,1.37
2014.11.04 09:52:19.127,1.177,1.17713,1.00,1.37
2014.11.04 09:52:19.228,1.17701,1.17715,1.00,1.87
2014.11.04 09:52:19.330,1.17702,1.17716,1.00,2.25
2014.11.04 09:52:19.534,1.177,1.17716,1.00,2.62
2014.11.04 09:52:20.044,1.177,1.17714,1.00,1.37
2014.11.04 09:52:20.628,1.17699,1.17714,1.00,1.37
2014.11.04 09:52:21.150,1.17701,1.17714,1.00,1.37
2014.11.04 09:52:22.449,1.17698,1.17715,1.00,1.75
2014.11.04 09:52:22.601,1.17695,1.1771,1.69,1.87
2014.11.04 09:52:22.652,1.17695,1.1771,1.25,1.87
2014.11.04 09:52:22.755,1.17692,1.1771,1.00,2.62
2014.11.04 09:52:22.958,1.17694,1.17709,3.45,1.00
2014.11.04 09:52:23.261,1.17692,1.17709,1.50,1.00
2014.11.04 09:52:23.804,1.17692,1.17708,1.00,1.50
2014.11.04 09:52:24.792,1.17692,1.17708,1.00,1.87
2014.11.04 09:52:25.251,1.17695,1.1771,1.50,2.44
2014.11.04 09:52:25.453,1.17693,1.1771,1.00,2.06
2014.11.04 09:52:26.690,1.17693,1.1771,1.00,1.62
2014.11.04 09:52:26.949,1.17693,1.1771,1.00,3.19
2014.11.04 09:52:27.254,1.17694,1.1771,1.00,3.37
2014.11.04 09:52:27.558,1.17694,1.1771,1.00,3.37
2014.11.04 09:52:28.064,1.17693,1.17709,1.50,1.37
2014.11.04 09:52:28.367,1.17696,1.17708,1.00,1.37
2014.11.04 09:52:28.519,1.17694,1.17709,1.00,1.87
2014.11.04 09:52:29.025,1.17694,1.17709,1.00,1.87
2014.11.04 09:52:29.177,1.17694,1.17709,1.00,3.37
2014.11.04 09:52:30.419,1.17694,1.17709,1.00,1.69
2014.11.04 09:52:30.765,1.17696,1.1771,1.00,2.44
2014.11.04 09:52:30.867,1.17705,1.17716,1.00,1.00
2014.11.04 09:52:30.969,1.17705,1.17718,1.00,1.12
2014.11.04 09:52:31.019,1.17705,1.17714,1.00,1.00
2014.11.04 09:52:31.121,1.17704,1.17718,1.00,1.12
2014.11.04 09:52:31.837,1.17705,1.17718,1.00,1.37
2014.11.04 09:52:32.040,1.17706,1.1772,1.00,1.87
2014.11.04 09:52:32.570,1.17705,1.17719,1.00,1.37
2014.11.04 09:52:32.824,1.17707,1.17719,1.25,1.00
2014.11.04 09:52:32.875,1.17707,1.17723,1.25,3.07
2014.11.04 09:52:33.027,1.17707,1.17723,1.00,3.26
2014.11.04 09:52:33.130,1.17706,1.17723,1.00,1.25
2014.11.04 09:52:33.484,1.17708,1.17724,1.00,1.00
2014.11.04 09:52:34.041,1.17708,1.17723,1.00,1.00
2014.11.04 09:52:34.345,1.17709,1.17721,1.00,1.50
2014.11.04 09:52:34.598,1.17706,1.17722,1.50,1.12
2014.11.04 09:52:34.801,1.17704,1.17721,2.25,1.50
2014.11.04 09:52:34.956,1.17704,1.17719,2.25,1.00
2014.11.04 09:52:35.484,1.17705,1.17721,1.00,1.69
2014.11.04 09:52:35.788,1.17705,1.17719,1.00,1.37
2014.11.04 09:52:36.092,1.17704,1.17718,1.00,1.75
2014.11.04 09:52:36.143,1.17702,1.17718,1.00,1.94
2014.11.04 09:52:36.194,1.17702,1.17718,1.00,2.44
2014.11.04 09:52:36.295,1.177,1.17716,1.00,3.00
2014.11.04 09:52:36.600,1.17699,1.17713,1.25,1.00
2014.11.04 09:52:36.652,1.17698,1.17715,1.50,1.25
2014.11.04 09:52:36.703,1.177,1.17713,1.00,1.00
2014.11.04 09:52:37.008,1.17702,1.17713,1.00,1.00
2014.11.04 09:52:37.059,1.17702,1.17719,1.00,3.56
2014.11.04 09:52:38.075,1.17704,1.17718,1.00,1.37
2014.11.04 09:52:38.610,1.17705,1.17721,1.00,3.00
2014.11.04 09:52:38.711,1.17705,1.17721,1.00,1.87
2014.11.04 09:52:38.814,1.17706,1.17721,1.00,1.00
2014.11.04 09:52:39.322,1.17705,1.17721,1.00,1.00
2014.11.04 09:52:39.424,1.17705,1.17711,1.00,1.00
2014.11.04 09:52:39.526,1.17703,1.17714,1.50,2.70
2014.11.04 09:52:39.577,1.17703,1.17711,1.50,1.00
2014.11.04 09:52:39.729,1.17698,1.17713,1.00,1.00
2014.11.04 09:52:39.881,1.177,1.17713,1.00,1.00
2014.11.04 09:52:40.414,1.17696,1.17711,1.00,1.00
2014.11.04 09:52:40.933,1.17697,1.17711,1.00,1.00
2014.11.04 09:52:41.034,1.17697,1.17713,1.00,1.50
2014.11.04 09:52:41.648,1.17697,1.17713,2.25,1.87
2014.11.04 09:52:42.426,1.17697,1.17713,1.50,1.87
2014.11.04 09:52:42.628,1.17695,1.17709,1.69,1.37
2014.11.04 09:52:43.437,1.17694,1.1771,1.19,1.37
2014.11.04 09:52:43.589,1.17693,1.17709,3.94,1.37
2014.11.04 09:52:44.061,1.17695,1.17712,1.50,1.62
2014.11.04 09:52:44.112,1.17697,1.17712,1.00,1.25
2014.11.04 09:52:45.084,1.17695,1.17712,3.19,1.87
2014.11.04 09:52:45.769,1.17695,1.17711,2.44,1.37
2014.11.04 09:52:45.972,1.17695,1.1771,1.50,1.31
2014.11.04 09:52:46.124,1.17699,1.17711,1.25,1.00
2014.11.04 09:52:46.175,1.17699,1.17713,1.25,1.00
2014.11.04 09:52:46.342,1.17699,1.17716,2.44,1.00
2014.11.04 09:52:46.713,1.17699,1.17715,1.00,1.19
2014.11.04 09:52:46.814,1.17697,1.17714,1.50,4.39
2014.11.04 09:52:46.865,1.17697,1.17711,1.50,1.00
2014.11.04 09:52:47.372,1.17695,1.17711,1.69,1.50
2014.11.04 09:52:47.838,1.17698,1.17712,1.25,1.00
2014.11.04 09:52:48.808,1.17697,1.17712,1.00,1.00
2014.11.04 09:52:49.262,1.17697,1.17712,1.00,1.50
2014.11.04 09:52:50.811,1.17697,1.17713,1.69,1.87
2014.11.04 09:52:51.165,1.17697,1.17712,1.25,1.75
2014.11.04 09:52:51.469,1.17693,1.17703,1.00,1.37
2014.11.04 09:52:51.571,1.17689,1.17703,1.00,1.37
2014.11.04 09:52:52.084,1.17688,1.17703,1.69,1.12
2014.11.04 09:52:52.235,1.17688,1.17705,1.69,1.50
2014.11.04 09:52:53.481,1.17687,1.17704,2.44,1.00
2014.11.04 09:52:53.532,1.17687,1.17704,2.44,1.50
2014.11.04 09:52:54.042,1.17687,1.17703,1.69,1.37
2014.11.04 09:52:55.511,1.17687,1.17703,1.69,1.37
2014.11.04 09:52:56.037,1.17687,1.17703,1.50,1.37
2014.11.04 09:52:56.397,1.17687,1.17705,1.50,2.06
2014.11.04 09:52:56.903,1.17687,1.17705,1.87,2.06
2014.11.04 09:52:57.611,1.17687,1.17705,1.69,2.06
2014.11.04 09:52:58.117,1.17687,1.17703,1.25,1.37
2014.11.04 09:52:58.752,1.17687,1.17703,1.25,1.37
2014.11.04 09:52:59.337,1.17687,1.17703,1.31,1.12
2014.11.04 09:52:59.745,1.17689,1.17704,1.00,1.00
2014.11.04 09:53:00.054,1.17697,1.1771,1.50,1.00
2014.11.04 09:53:00.105,1.17697,1.17713,1.00,1.31
2014.11.04 09:53:00.156,1.17697,1.17711,1.00,2.14
2014.11.04 09:53:00.207,1.17695,1.17711,2.25,2.14
2014.11.04 09:53:00.258,1.17694,1.17708,1.00,1.00
2014.11.04 09:53:00.309,1.17692,1.17708,2.25,1.00
2014.11.04 09:53:00.816,1.17691,1.17708,1.00,6.52
2014.11.04 09:53:00.918,1.17691,1.17703,1.00,1.00
2014.11.04 09:53:01.019,1.17693,1.17708,1.50,6.52
2014.11.04 09:53:01.577,1.1769,1.17707,1.25,3.07
2014.11.04 09:53:01.982,1.17692,1.17708,1.00,1.37
2014.11.04 09:53:02.286,1.17688,1.17705,1.69,1.69
2014.11.04 09:53:04.558,1.17689,1.17705,1.00,2.06
2014.11.04 09:53:04.781,1.17689,1.17705,1.00,2.06
2014.11.04 09:53:04.933,1.17692,1.17705,1.00,1.00
2014.11.04 09:53:05.490,1.17691,1.17706,1.69,1.37
2014.11.04 09:53:05.855,1.17689,1.17706,1.69,1.37
2014.11.04 09:53:05.907,1.17689,1.17705,1.25,2.25
2014.11.04 09:53:06.211,1.17687,1.17702,1.50,1.62
2014.11.04 09:53:06.729,1.17686,1.17702,1.00,1.62
2014.11.04 09:53:07.238,1.17686,1.17703,2.25,1.56
2014.11.04 09:53:08.412,1.17686,1.17703,2.81,1.37
2014.11.04 09:53:09.019,1.17687,1.17703,1.69,1.87
2014.11.04 09:53:09.566,1.17686,1.17703,2.25,2.06
2014.11.04 09:53:09.913,1.17689,1.17703,1.00,1.37
2014.11.04 09:53:10.217,1.17691,1.17708,3.00,2.81
2014.11.04 09:53:10.318,1.17692,1.17709,1.00,1.50
2014.11.04 09:53:10.828,1.17693,1.1771,1.50,1.25
2014.11.04 09:53:10.929,1.17693,1.17709,1.50,1.37
2014.11.04 09:53:11.233,1.17691,1.17704,1.50,1.37
2014.11.04 09:53:11.335,1.17689,1.17703,1.00,1.00
2014.11.04 09:53:11.436,1.17687,1.17704,1.69,1.25
2014.11.04 09:53:11.942,1.17688,1.17706,1.00,2.44
2014.11.04 09:53:12.296,1.17688,1.177,1.00,1.00
2014.11.04 09:53:12.398,1.17687,1.17703,1.69,1.00
2014.11.04 09:53:12.577,1.17687,1.17701,1.25,1.00
2014.11.04 09:53:12.730,1.17685,1.17701,1.00,1.25
2014.11.04 09:53:12.780,1.17685,1.17698,1.00,1.00
2014.11.04 09:53:12.932,1.17685,1.17701,1.00,1.25
2014.11.04 09:53:13.034,1.17685,1.17698,1.00,1.00
2014.11.04 09:53:13.476,1.17685,1.17701,1.00,1.69
2014.11.04 09:53:13.622,1.17685,1.17699,1.00,1.00
2014.11.04 09:53:13.946,1.17685,1.177,1.00,1.50
2014.11.04 09:53:14.635,1.17685,1.17701,1.00,2.44
2014.11.04 09:53:15.141,1.17684,1.17699,1.00,1.37
2014.11.04 09:53:15.985,1.17684,1.17698,1.69,1.37
2014.11.04 09:53:16.293,1.17684,1.17699,1.69,1.50
2014.11.04 09:53:16.787,1.17684,1.17698,1.00,2.70
2014.11.04 09:53:16.838,1.17681,1.17698,1.50,3.45
2014.11.04 09:53:17.343,1.17682,1.17698,2.25,2.25
2014.11.04 09:53:17.597,1.17686,1.17699,1.00,2.25
2014.11.04 09:53:17.649,1.17686,1.17699,1.00,1.87
2014.11.04 09:53:17.701,1.17684,1.17699,1.00,1.87
2014.11.04 09:53:18.681,1.17684,1.17699,1.25,3.00
2014.11.04 09:53:19.865,1.17684,1.17698,1.00,2.25
2014.11.04 09:53:20.018,1.17682,1.17698,1.25,1.75
2014.11.04 09:53:20.170,1.17682,1.17697,1.25,1.37
2014.11.04 09:53:21.349,1.17683,1.17697,1.00,1.37
2014.11.04 09:53:21.616,1.17683,1.17699,1.00,2.81
2014.11.04 09:53:21.667,1.17685,1.17699,1.00,2.62
2014.11.04 09:53:21.971,1.17685,1.17699,1.00,1.50
2014.11.04 09:53:22.485,1.17685,1.17698,1.00,1.37
2014.11.04 09:53:23.378,1.17685,1.17698,1.00,1.37
2014.11.04 09:53:23.818,1.17685,1.17698,1.00,1.37
2014.11.04 09:53:24.599,1.17685,1.17699,1.00,1.87
2014.11.04 09:53:24.701,1.17685,1.17699,1.00,2.25
2014.11.04 09:53:24.752,1.17683,1.17699,1.69,2.25
2014.11.04 09:53:24.803,1.17683,1.17699,1.69,1.87
2014.11.04 09:53:25.410,1.17683,1.17695,1.25,1.00
2014.11.04 09:53:25.923,1.17683,1.17698,1.25,1.37
2014.11.04 09:53:26.329,1.17683,1.17698,1.25,2.25
2014.11.04 09:53:27.017,1.17683,1.17698,1.25,1.87
2014.11.04 09:53:28.216,1.17683,1.17698,1.00,2.25
2014.11.04 09:53:28.571,1.17679,1.17693,1.19,3.07
2014.11.04 09:53:28.777,1.17678,1.17693,1.25,1.87
2014.11.04 09:53:29.706,1.17677,1.17691,2.44,1.37
2014.11.04 09:53:29.807,1.17676,1.17691,1.69,1.12
2014.11.04 09:53:29.858,1.17676,1.17689,1.69,1.00
2014.11.04 09:53:29.960,1.17676,1.17691,3.19,1.12
2014.11.04 09:53:30.162,1.1768,1.17694,1.50,2.62
2014.11.04 09:53:31.362,1.1768,1.17693,1.00,1.37
2014.11.04 09:53:31.825,1.17679,1.17694,1.25,1.37
2014.11.04 09:53:32.348,1.1768,1.17694,3.00,1.37
2014.11.04 09:53:33.744,1.1768,1.17693,1.69,1.37
2014.11.04 09:53:34.265,1.1768,1.17693,1.69,1.37
2014.11.04 09:53:35.176,1.17681,1.17693,1.00,1.37
2014.11.04 09:53:35.694,1.1768,1.17693,1.69,1.37
2014.11.04 09:53:36.207,1.1768,1.17693,1.69,1.37
2014.11.04 09:53:37.265,1.17682,1.17693,1.00,1.37
2014.11.04 09:53:37.793,1.1768,1.17694,1.69,1.37
2014.11.04 09:53:37.945,1.17681,1.17693,1.25,1.37
2014.11.04 09:53:38.471,1.1768,1.17694,1.19,1.37
2014.11.04 09:53:39.337,1.1768,1.17694,1.69,1.37
2014.11.04 09:53:39.540,1.17682,1.17697,1.00,1.87
2014.11.04 09:53:40.045,1.17682,1.17698,1.00,2.06
2014.11.04 09:53:40.547,1.17682,1.17698,2.25,2.81
2014.11.04 09:53:40.648,1.17682,1.17698,1.00,3.19
2014.11.04 09:53:40.951,1.17682,1.17694,1.00,1.00
2014.11.04 09:53:41.155,1.17682,1.17694,1.00,1.37
2014.11.04 09:53:41.510,1.1768,1.17693,2.25,1.37
2014.11.04 09:53:42.015,1.17679,1.17693,1.50,1.37
2014.11.04 09:53:42.521,1.17678,1.17692,3.94,1.37
2014.11.04 09:53:42.712,1.17678,1.17692,3.19,1.37
2014.11.04 09:53:43.259,1.17678,1.17693,2.44,1.37
2014.11.04 09:53:43.360,1.17678,1.17693,2.44,1.00
2014.11.04 09:53:43.411,1.17678,1.17694,2.25,1.00
2014.11.04 09:53:43.462,1.1768,1.17694,1.50,1.00
2014.11.04 09:53:44.538,1.1768,1.17694,1.25,1.37
2014.11.04 09:53:44.640,1.1768,1.17693,1.00,1.00
2014.11.04 09:53:44.741,1.1768,1.17695,1.19,1.12
2014.11.04 09:53:44.842,1.17684,1.17695,1.95,1.00
2014.11.04 09:53:44.893,1.17684,1.17698,1.95,1.00
2014.11.04 09:53:44.995,1.17686,1.17699,1.00,1.50
2014.11.04 09:53:45.097,1.17688,1.17703,1.19,1.00
2014.11.04 09:53:45.278,1.17689,1.17706,1.25,1.37
2014.11.04 09:53:45.430,1.1769,1.17706,1.19,1.37
2014.11.04 09:53:45.937,1.1769,1.17706,1.25,1.37
2014.11.04 09:53:46.353,1.1769,1.17706,1.25,1.37
2014.11.04 09:53:46.555,1.1769,1.17708,1.25,3.56
2014.11.04 09:53:47.061,1.1769,1.17706,1.25,1.12
2014.11.04 09:53:51.076,1.1769,1.17708,2.06,2.62
2014.11.04 09:53:51.260,1.17692,1.17708,1.00,1.87
2014.11.04 09:53:51.464,1.17692,1.17709,2.25,1.62
2014.11.04 09:53:51.768,1.17691,1.17707,1.00,1.50
2014.11.04 09:53:52.493,1.17691,1.17707,1.00,2.00
2014.11.04 09:53:52.646,1.17689,1.17706,3.19,1.75
2014.11.04 09:53:52.899,1.17691,1.17706,1.00,1.75
2014.11.04 09:53:53.001,1.17691,1.17706,1.00,1.37
2014.11.04 09:53:53.517,1.17691,1.17707,1.00,2.00
2014.11.04 09:53:53.771,1.17689,1.17705,2.25,1.37
2014.11.04 09:53:54.277,1.17689,1.17705,2.25,1.37
2014.11.04 09:53:54.462,1.17689,1.17705,2.25,1.37
2014.11.04 09:53:54.665,1.17692,1.17707,1.00,1.37
2014.11.04 09:53:54.993,1.1769,1.17707,1.00,3.37
2014.11.04 09:53:55.576,1.17689,1.17705,1.50,1.37
2014.11.04 09:53:57.418,1.17689,1.17705,1.00,2.44
2014.11.04 09:53:57.948,1.17689,1.17705,1.00,2.25
2014.11.04 09:53:58.179,1.17689,1.17705,1.00,1.50
2014.11.04 09:53:58.381,1.17694,1.17708,1.00,4.12
2014.11.04 09:53:58.483,1.17692,1.17708,2.70,1.87
2014.11.04 09:53:58.534,1.17692,1.17704,2.70,1.00
2014.11.04 09:53:58.940,1.1769,1.17704,1.00,1.00
2014.11.04 09:53:59.395,1.1769,1.17706,1.25,1.00
2014.11.04 09:53:59.446,1.17693,1.17708,1.00,3.37
2014.11.04 09:53:59.954,1.17694,1.17709,1.50,1.00
2014.11.04 09:54:00.056,1.17692,1.17709,1.69,2.25
2014.11.04 09:54:00.158,1.17692,1.17703,1.25,1.00
2014.11.04 09:54:00.260,1.17692,1.17708,1.50,1.25
2014.11.04 09:54:00.883,1.17692,1.17708,1.00,1.62
2014.11.04 09:54:01.406,1.17691,1.17706,1.00,1.37
2014.11.04 09:54:01.914,1.17691,1.17708,1.12,1.87
2014.11.04 09:54:01.965,1.17691,1.17708,2.06,1.87
2014.11.04 09:54:02.269,1.17689,1.17704,1.50,1.50
2014.11.04 09:54:02.573,1.17686,1.17702,1.69,1.00
2014.11.04 09:54:02.878,1.17685,1.177,1.25,1.50
2014.11.04 09:54:03.183,1.17683,1.17698,4.20,1.00
2014.11.04 09:54:03.930,1.17683,1.17698,1.00,1.87
2014.11.04 09:54:04.466,1.17683,1.17697,1.00,1.37
2014.11.04 09:54:04.619,1.17681,1.17695,1.00,1.37
2014.11.04 09:54:04.720,1.17679,1.17695,7.09,1.37
2014.11.04 09:54:04.974,1.17681,1.17695,1.00,1.37
2014.11.04 09:54:05.277,1.17679,1.17692,1.00,1.37
2014.11.04 09:54:05.784,1.17678,1.17694,1.00,1.37
2014.11.04 09:54:06.442,1.17677,1.17694,1.00,3.75
2014.11.04 09:54:06.898,1.17677,1.17693,1.00,1.37
2014.11.04 09:54:07.404,1.17677,1.17693,1.00,1.87
2014.11.04 09:54:07.606,1.17677,1.17691,1.00,1.50
2014.11.04 09:54:08.011,1.17676,1.17689,1.00,3.00
2014.11.04 09:54:08.163,1.17674,1.1769,1.25,1.75
2014.11.04 09:54:08.417,1.17672,1.1769,3.00,2.44
2014.11.04 09:54:08.821,1.17674,1.17691,1.00,3.19
2014.11.04 09:54:09.496,1.17677,1.17688,1.00,1.37
2014.11.04 09:54:09.547,1.17677,1.17688,1.00,1.00
2014.11.04 09:54:09.598,1.17677,1.17691,1.00,1.31
2014.11.04 09:54:09.750,1.17677,1.17689,1.00,1.00
2014.11.04 09:54:10.054,1.17673,1.17688,1.00,2.25
2014.11.04 09:54:10.257,1.1767,1.17686,1.50,1.37
2014.11.04 09:54:11.841,1.17671,1.17686,1.00,1.37
2014.11.04 09:54:12.916,1.17671,1.17686,1.00,1.37
2014.11.04 09:54:16.035,1.17671,1.17685,1.00,1.12
2014.11.04 09:54:16.571,1.1767,1.17684,1.00,1.12
2014.11.04 09:54:16.977,1.1767,1.17681,1.00,1.00
2014.11.04 09:54:17.397,1.1767,1.17683,1.00,1.00
2014.11.04 09:54:24.529,1.1767,1.17685,1.00,1.00
2014.11.04 09:54:24.682,1.17672,1.17685,1.00,1.12
2014.11.04 09:54:26.304,1.17672,1.17684,1.00,1.00
2014.11.04 09:54:26.879,1.17672,1.17685,1.00,1.12
2014.11.04 09:54:27.392,1.17673,1.17685,1.00,1.00
2014.11.04 09:54:28.064,1.17673,1.17686,1.00,1.00
2014.11.04 09:54:28.974,1.17673,1.17686,1.00,1.37
2014.11.04 09:54:34.422,1.17673,1.17686,1.00,1.12
2014.11.04 09:54:35.539,1.17675,1.17686,1.00,1.12
2014.11.04 09:54:36.045,1.17676,1.17688,1.00,1.37
2014.11.04 09:54:36.882,1.17676,1.17689,1.00,1.37
2014.11.04 09:54:37.493,1.17676,1.17689,1.00,1.37
2014.11.04 09:54:37.544,1.17674,1.17689,1.25,1.37
2014.11.04 09:54:37.696,1.17674,1.17689,1.25,1.37
2014.11.04 09:54:37.799,1.17674,1.17688,1.25,1.37
2014.11.04 09:54:38.001,1.17674,1.17689,1.00,1.37
2014.11.04 09:54:38.103,1.17674,1.17685,1.00,1.37
2014.11.04 09:54:38.255,1.1767,1.17685,2.25,1.00
2014.11.04 09:54:38.306,1.1767,1.17683,1.00,1.00
2014.11.04 09:54:38.408,1.1767,1.17686,1.00,2.32
2014.11.04 09:54:39.168,1.17671,1.17688,1.00,1.87
2014.11.04 09:54:39.320,1.17671,1.17686,1.00,1.50
2014.11.04 09:54:39.848,1.1767,1.17686,1.69,1.50
2014.11.04 09:54:40.455,1.1767,1.17686,1.25,2.25
2014.11.04 09:54:40.997,1.17671,1.17683,1.00,1.37
2014.11.04 09:54:41.507,1.17668,1.17683,1.00,2.62
2014.11.04 09:54:41.660,1.17666,1.17683,1.25,3.00
2014.11.04 09:54:42.167,1.17666,1.17682,1.00,1.69
2014.11.04 09:54:42.824,1.17666,1.17682,1.50,2.00
2014.11.04 09:54:43.426,1.17666,1.17682,1.50,2.06
2014.11.04 09:54:43.477,1.17668,1.17682,1.50,1.62
2014.11.04 09:54:43.528,1.17668,1.17682,1.50,1.37
2014.11.04 09:54:44.034,1.17669,1.17683,1.00,2.62
2014.11.04 09:54:44.439,1.17669,1.17683,1.00,1.12
2014.11.04 09:54:44.946,1.17668,1.17687,4.76,4.31
2014.11.04 09:54:47.483,1.1767,1.17687,1.00,4.50
2014.11.04 09:54:48.351,1.1767,1.17687,1.25,4.50
2014.11.04 09:54:48.453,1.17668,1.17685,2.70,2.25
2014.11.04 09:54:48.656,1.17666,1.17682,2.44,1.50
2014.11.04 09:54:49.062,1.17665,1.17681,1.69,1.00
2014.11.04 09:54:49.214,1.17668,1.17682,1.00,1.00
2014.11.04 09:54:49.265,1.17668,1.17685,1.25,1.12
2014.11.04 09:54:49.316,1.1767,1.17685,1.00,1.12
2014.11.04 09:54:49.598,1.17671,1.17687,2.44,2.25
2014.11.04 09:54:49.650,1.17674,1.17687,1.25,1.50
2014.11.04 09:54:49.853,1.17672,1.17688,1.00,1.50
2014.11.04 09:54:50.268,1.17669,1.17682,1.50,1.00
2014.11.04 09:54:50.471,1.17667,1.17682,1.50,3.00
2014.11.04 09:54:50.523,1.17666,1.17679,1.00,1.00
2014.11.04 09:54:50.826,1.17663,1.17673,1.00,1.00
2014.11.04 09:54:50.877,1.1766,1.17673,1.69,1.00
2014.11.04 09:54:51.384,1.17659,1.17672,1.00,1.50
2014.11.04 09:54:51.507,1.17659,1.17674,1.69,1.00
2014.11.04 09:54:51.661,1.17659,1.17673,1.25,1.00
2014.11.04 09:54:52.573,1.17659,1.17672,1.00,1.00
2014.11.04 09:54:52.624,1.17659,1.17672,1.00,1.37
2014.11.04 09:54:52.726,1.17659,1.17671,1.00,1.37
2014.11.04 09:54:52.827,1.17659,1.1767,1.00,1.37
2014.11.04 09:54:53.030,1.17654,1.17666,1.00,1.50
2014.11.04 09:54:53.081,1.17651,1.17666,1.00,1.50
2014.11.04 09:54:53.283,1.17651,1.17663,1.00,1.00
2014.11.04 09:54:53.518,1.17648,1.17661,1.00,1.00
2014.11.04 09:54:53.569,1.17644,1.17658,2.25,1.00
2014.11.04 09:54:53.620,1.17644,1.17655,1.50,1.00
2014.11.04 09:54:53.976,1.17644,1.17651,1.00,1.00
2014.11.04 09:54:54.128,1.17638,1.17651,1.25,1.00
2014.11.04 09:54:54.279,1.17638,1.17651,1.69,1.00
2014.11.04 09:54:54.634,1.17638,1.17653,1.69,1.00
2014.11.04 09:54:54.888,1.17641,1.17654,1.19,1.00
2014.11.04 09:54:54.939,1.17641,1.17656,1.19,1.00
2014.11.04 09:54:55.628,1.17644,1.17656,1.00,1.00
2014.11.04 09:54:55.933,1.17651,1.17662,1.00,1.00
2014.11.04 09:54:56.035,1.17652,1.17664,1.50,1.00
2014.11.04 09:54:56.674,1.17652,1.17667,1.00,1.00
2014.11.04 09:54:57.236,1.17652,1.17666,1.62,1.00
2014.11.04 09:54:57.742,1.17653,1.17666,1.87,1.00
2014.11.04 09:54:58.046,1.1765,1.17664,4.01,1.00
2014.11.04 09:54:58.349,1.17653,1.17666,1.50,1.00
2014.11.04 09:54:58.856,1.17653,1.17665,1.69,1.00
2014.11.04 09:54:59.361,1.17651,1.17664,2.44,1.00
2014.11.04 09:54:59.867,1.17651,1.17665,2.44,1.00
2014.11.04 09:55:00.019,1.17651,1.17665,1.50,1.00
2014.11.04 09:55:00.120,1.17651,1.17663,1.50,1.00
2014.11.04 09:55:00.778,1.1765,1.17663,1.69,1.12
2014.11.04 09:55:02.085,1.1765,1.17664,1.69,1.00
2014.11.04 09:55:02.454,1.1765,1.17663,1.69,1.37
2014.11.04 09:55:02.961,1.17649,1.17663,1.00,1.00
2014.11.04 09:55:03.272,1.1765,1.17664,1.19,1.50
2014.11.04 09:55:04.133,1.1765,1.17664,1.25,1.50
2014.11.04 09:55:06.638,1.1765,1.17664,1.00,1.37
2014.11.04 09:55:06.942,1.17643,1.17655,1.00,1.00
2014.11.04 09:55:07.245,1.17642,1.17653,1.50,1.00
2014.11.04 09:55:07.549,1.17639,1.17649,1.00,1.00
2014.11.04 09:55:07.600,1.17637,1.17649,1.00,1.50
2014.11.04 09:55:08.106,1.17635,1.17648,1.19,1.00
2014.11.04 09:55:08.158,1.17633,1.17649,1.69,1.00
2014.11.04 09:55:08.360,1.17635,1.17648,1.00,1.00
2014.11.04 09:55:08.411,1.17635,1.17651,1.00,1.00
2014.11.04 09:55:08.867,1.17634,1.17649,3.64,1.00
2014.11.04 09:55:09.171,1.17631,1.17643,1.31,1.00
2014.11.04 09:55:09.745,1.17629,1.17644,2.06,1.00
2014.11.04 09:55:10.290,1.17632,1.17643,1.00,1.00
2014.11.04 09:55:10.836,1.17631,1.17643,1.31,1.00
2014.11.04 09:55:11.360,1.17631,1.17645,1.31,1.37
2014.11.04 09:55:11.873,1.1763,1.17643,1.56,1.00
2014.11.04 09:55:12.691,1.17629,1.17643,1.62,1.37
2014.11.04 09:55:12.742,1.17629,1.17643,1.31,1.37
2014.11.04 09:55:12.998,1.17631,1.17643,1.00,1.37
2014.11.04 09:55:13.149,1.17628,1.17643,2.89,1.37
2014.11.04 09:55:13.613,1.17628,1.17643,2.51,1.37
2014.11.04 09:55:13.819,1.17625,1.17637,1.37,1.00
2014.11.04 09:55:13.870,1.17624,1.17637,2.70,1.00
2014.11.04 09:55:13.921,1.17621,1.17637,3.26,1.00
2014.11.04 09:55:14.124,1.17624,1.17639,1.00,1.00
2014.11.04 09:55:14.429,1.17625,1.17641,1.19,1.00
2014.11.04 09:55:14.480,1.17624,1.17641,3.64,1.25
2014.11.04 09:55:14.531,1.17624,1.17639,2.89,1.00
2014.11.04 09:55:15.038,1.17624,1.1764,2.89,1.50
2014.11.04 09:55:15.364,1.17626,1.17639,2.89,1.00
2014.11.04 09:55:15.414,1.17627,1.17643,2.14,1.00
2014.11.04 09:55:15.516,1.1763,1.17646,1.00,1.37
2014.11.04 09:55:15.719,1.17612,1.17631,1.50,3.90
2014.11.04 09:55:15.770,1.17612,1.17629,1.00,1.00
2014.11.04 09:55:16.023,1.17612,1.17631,1.00,1.50
2014.11.04 09:55:16.074,1.17615,1.17631,1.00,1.00
2014.11.04 09:55:16.227,1.17616,1.17633,1.00,1.50
2014.11.04 09:55:16.528,1.17613,1.17632,1.69,1.50
2014.11.04 09:55:16.984,1.17613,1.1763,1.69,1.00
2014.11.04 09:55:17.288,1.17611,1.17628,2.44,1.50
2014.11.04 09:55:17.793,1.17614,1.17628,1.00,1.00
2014.11.04 09:55:18.097,1.1762,1.17634,1.19,1.00
2014.11.04 09:55:18.199,1.17618,1.17639,1.19,2.81
2014.11.04 09:55:18.300,1.17619,1.17638,1.19,2.62
2014.11.04 09:55:18.604,1.17624,1.17643,1.19,1.37
2014.11.04 09:55:18.655,1.17624,1.17639,1.19,1.00
2014.11.04 09:55:18.807,1.17621,1.17638,1.69,1.00
2014.11.04 09:55:18.959,1.17621,1.17634,1.19,1.00
2014.11.04 09:55:19.010,1.17619,1.17634,1.19,1.00
2014.11.04 09:55:19.111,1.17618,1.17636,2.44,1.00
2014.11.04 09:55:19.649,1.17619,1.17635,1.25,1.00
2014.11.04 09:55:20.206,1.17618,1.17637,2.81,1.12
2014.11.04 09:55:20.358,1.1762,1.17636,2.06,1.00
2014.11.04 09:55:20.409,1.17621,1.17638,1.56,1.00
2014.11.04 09:55:20.510,1.17621,1.1764,2.06,1.12
2014.11.04 09:55:20.562,1.17624,1.1764,1.00,1.00
2014.11.04 09:55:20.613,1.17624,1.17642,1.69,1.00
2014.11.04 09:55:20.715,1.17625,1.17642,1.19,1.00
2014.11.04 09:55:20.817,1.17624,1.17642,1.19,1.00
2014.11.04 09:55:21.070,1.17624,1.1764,1.19,1.00
2014.11.04 09:55:21.708,1.17624,1.17642,1.19,1.37
2014.11.04 09:55:22.209,1.17624,1.17638,1.19,1.37
2014.11.04 09:55:22.616,1.17623,1.17642,1.00,1.37
2014.11.04 09:55:22.971,1.17622,1.17643,1.69,4.01
2014.11.04 09:55:23.182,1.17623,1.17643,1.95,2.44
2014.11.04 09:55:23.717,1.17623,1.1764,2.14,1.37
2014.11.04 09:55:24.242,1.17623,1.17641,3.64,1.37
2014.11.04 09:55:24.753,1.17623,1.17639,2.14,1.37
2014.11.04 09:55:25.366,1.17623,1.17639,2.14,1.37
2014.11.04 09:55:26.083,1.17622,1.1764,3.19,1.50
2014.11.04 09:55:26.286,1.17622,1.17637,1.00,2.00
2014.11.04 09:55:26.438,1.17621,1.17632,1.00,1.00
2014.11.04 09:55:26.489,1.17613,1.17632,1.50,1.00
2014.11.04 09:55:26.692,1.17611,1.17629,2.25,1.00
2014.11.04 09:55:26.997,1.17612,1.17624,1.00,1.00
2014.11.04 09:55:27.048,1.17609,1.17623,1.00,1.25
2014.11.04 09:55:27.150,1.17606,1.17624,2.44,2.44
2014.11.04 09:55:27.657,1.17609,1.17623,1.00,1.00
2014.11.04 09:55:27.938,1.17606,1.17623,2.89,1.00
2014.11.04 09:55:28.199,1.17606,1.17622,2.89,1.37
2014.11.04 09:55:28.250,1.17602,1.17617,1.00,1.00
2014.11.04 09:55:28.402,1.17599,1.17617,1.00,2.70
2014.11.04 09:55:28.555,1.17599,1.17613,1.00,1.95
2014.11.04 09:55:28.845,1.17591,1.17609,2.25,1.25
2014.11.04 09:55:28.947,1.17592,1.17611,2.44,1.50
2014.11.04 09:55:29.251,1.17594,1.17614,3.19,1.25
2014.11.04 09:55:29.758,1.17597,1.17615,1.00,1.69
2014.11.04 09:55:30.064,1.17597,1.17613,1.69,1.00
2014.11.04 09:55:30.216,1.17599,1.17616,1.25,1.37
2014.11.04 09:55:30.369,1.17595,1.1761,1.00,1.00
2014.11.04 09:55:30.471,1.17592,1.17611,1.00,1.37
2014.11.04 09:55:30.523,1.17591,1.17611,1.69,2.25
2014.11.04 09:55:30.676,1.17591,1.17609,3.64,1.00
2014.11.04 09:55:30.778,1.1759,1.17608,1.00,1.25
2014.11.04 09:55:30.829,1.17588,1.17609,5.14,4.31
2014.11.04 09:55:30.880,1.17588,1.17606,1.00,1.25
2014.11.04 09:55:30.931,1.17585,1.17605,1.95,1.00
2014.11.04 09:55:31.184,1.17584,1.17602,2.70,1.19
2014.11.04 09:55:31.235,1.17582,1.17602,1.31,1.19
2014.11.04 09:55:31.960,1.17582,1.176,2.06,1.25
2014.11.04 09:55:32.062,1.17583,1.176,1.50,1.25
2014.11.04 09:55:32.113,1.17583,1.17595,1.25,1.00
2014.11.04 09:55:32.367,1.17573,1.17587,1.00,1.00
2014.11.04 09:55:32.419,1.17568,1.17587,1.00,1.69
2014.11.04 09:55:32.470,1.17565,1.17583,1.25,1.95
2014.11.04 09:55:32.775,1.17555,1.17574,3.64,1.00
2014.11.04 09:55:32.928,1.17553,1.17576,1.50,1.69
2014.11.04 09:55:32.979,1.17556,1.17576,1.00,1.19
2014.11.04 09:55:33.284,1.17558,1.17573,1.00,1.00
2014.11.04 09:55:33.589,1.17563,1.17577,1.00,1.00
2014.11.04 09:55:33.640,1.17561,1.17579,1.00,1.00
2014.11.04 09:55:33.737,1.17561,1.17579,1.69,1.00
2014.11.04 09:55:34.059,1.17564,1.17582,1.19,2.62
2014.11.04 09:55:34.313,1.17555,1.17574,1.19,1.00
2014.11.04 09:55:34.516,1.17554,1.17574,1.25,1.50
2014.11.04 09:55:34.618,1.17554,1.17571,2.89,1.00
2014.11.04 09:55:34.719,1.17554,1.17573,2.14,1.00
2014.11.04 09:55:35.276,1.17553,1.17573,3.45,1.00
2014.11.04 09:55:35.428,1.17555,1.17573,1.19,1.00
2014.11.04 09:55:35.733,1.17565,1.17583,1.00,1.00
2014.11.04 09:55:36.036,1.17563,1.17584,1.69,1.12
2014.11.04 09:55:36.096,1.17567,1.17584,1.00,1.12
2014.11.04 09:55:37.158,1.17569,1.17584,1.00,1.00
2014.11.04 09:55:37.260,1.17569,1.17587,1.00,1.00
2014.11.04 09:55:37.412,1.17567,1.17587,1.50,1.00
2014.11.04 09:55:37.463,1.17571,1.17587,1.00,1.50
2014.11.04 09:55:37.788,1.17572,1.1759,1.00,1.50
2014.11.04 09:55:37.839,1.17576,1.1759,1.00,1.00
2014.11.04 09:55:37.890,1.17578,1.17593,1.00,1.00
2014.11.04 09:55:38.044,1.17575,1.17594,2.81,1.00
2014.11.04 09:55:38.145,1.17579,1.17593,1.00,1.00
2014.11.04 09:55:38.248,1.17577,1.17592,1.50,1.00
2014.11.04 09:55:38.450,1.17577,1.17594,1.50,1.00
2014.11.04 09:55:38.501,1.17577,1.17596,1.50,1.00
2014.11.04 09:55:38.602,1.17577,1.17598,1.50,2.25
2014.11.04 09:55:38.704,1.1758,1.17598,1.00,1.50
2014.11.04 09:55:39.110,1.17577,1.17595,1.69,1.00
2014.11.04 09:55:39.161,1.17577,1.17594,1.00,1.00
2014.11.04 09:55:39.212,1.17574,1.17594,3.45,1.00
2014.11.04 09:55:39.264,1.17574,1.17588,1.00,1.00
2014.11.04 09:55:39.551,1.17573,1.1759,1.00,1.00
2014.11.04 09:55:39.804,1.17573,1.17592,3.07,1.50
2014.11.04 09:55:39.956,1.17576,1.17593,1.00,1.00
2014.11.04 09:55:40.059,1.17577,1.17596,2.70,1.00
2014.11.04 09:55:40.261,1.17579,1.17597,1.00,1.00
2014.11.04 09:55:40.566,1.17577,1.17593,1.95,1.00
2014.11.04 09:55:40.667,1.17575,1.17594,1.25,1.00
2014.11.04 09:55:41.257,1.17574,1.17594,2.14,1.37
2014.11.04 09:55:41.611,1.17577,1.17593,1.50,1.37
2014.11.04 09:55:41.965,1.17577,1.17594,1.50,1.12
2014.11.04 09:55:42.067,1.17577,1.17594,2.44,1.12
2014.11.04 09:55:42.471,1.17579,1.17596,1.19,1.37
2014.11.04 09:55:42.775,1.17579,1.17594,1.19,1.37
2014.11.04 09:55:42.979,1.1758,1.17597,1.56,1.37
2014.11.04 09:55:43.485,1.17583,1.176,1.19,1.50
2014.11.04 09:55:43.687,1.17581,1.176,2.06,1.50
2014.11.04 09:55:44.237,1.17581,1.176,1.56,1.87
2014.11.04 09:55:44.397,1.17581,1.176,1.56,1.50
2014.11.04 09:55:44.499,1.17581,1.176,1.19,1.75
2014.11.04 09:55:44.904,1.17579,1.17593,1.00,1.37
2014.11.04 09:55:45.006,1.17578,1.17596,1.00,2.25
2014.11.04 09:55:45.411,1.17577,1.17593,1.00,1.00
2014.11.04 09:55:45.645,1.17577,1.17595,1.25,1.00
2014.11.04 09:55:46.505,1.17576,1.17595,1.19,1.50
2014.11.04 09:55:46.808,1.17576,1.17595,1.19,1.37
2014.11.04 09:55:47.318,1.17576,1.17595,1.25,1.37
2014.11.04 09:55:47.369,1.17574,1.17595,3.94,2.25
2014.11.04 09:55:47.674,1.17574,1.17594,1.25,3.19
2014.11.04 09:55:47.837,1.17573,1.17594,2.89,4.69
2014.11.04 09:55:47.889,1.17573,1.17591,2.89,1.50
2014.11.04 09:55:48.042,1.1757,1.17589,1.50,2.25
2014.11.04 09:55:48.195,1.17572,1.17589,1.00,1.69
2014.11.04 09:55:48.347,1.17569,1.17588,1.00,1.62
2014.11.04 09:55:48.500,1.17572,1.17589,1.25,1.50
2014.11.04 09:55:48.805,1.17571,1.17589,1.00,1.31
2014.11.04 09:55:48.907,1.17571,1.17586,1.00,1.00
2014.11.04 09:55:49.414,1.17571,1.17585,1.00,1.00
2014.11.04 09:55:49.465,1.17571,1.17587,1.00,1.00
2014.11.04 09:55:50.300,1.17571,1.17588,1.00,2.44
2014.11.04 09:55:50.705,1.17569,1.17588,1.50,2.44
2014.11.04 09:55:50.806,1.17569,1.17583,1.00,1.12
2014.11.04 09:55:51.008,1.17569,1.17588,1.00,2.44
2014.11.04 09:55:51.523,1.17568,1.17588,1.95,2.44
2014.11.04 09:55:51.910,1.1757,1.17588,1.00,2.44
2014.11.04 09:55:52.216,1.17568,1.17584,2.70,1.37
2014.11.04 09:55:52.521,1.17568,1.17584,4.20,1.00
2014.11.04 09:55:53.033,1.17568,1.17583,3.45,1.00
2014.11.04 09:55:53.557,1.17568,1.17584,3.45,1.37
2014.11.04 09:55:53.608,1.17568,1.17588,4.76,2.06
2014.11.04 09:55:53.709,1.17575,1.17588,1.50,1.00
2014.11.04 09:55:53.812,1.17577,1.17592,2.25,1.19
2014.11.04 09:55:53.863,1.17578,1.17594,1.00,1.50
2014.11.04 09:55:54.015,1.1758,1.17594,1.00,1.00
2014.11.04 09:55:54.168,1.17584,1.17599,1.00,1.00
2014.11.04 09:55:54.675,1.17585,1.17598,1.00,1.00
2014.11.04 09:55:54.726,1.17585,1.17603,1.00,3.75
2014.11.04 09:55:55.131,1.17585,1.17598,1.00,1.00
2014.11.04 09:55:55.283,1.17585,1.17602,1.00,1.87
2014.11.04 09:55:55.435,1.17585,1.17602,1.00,1.87
2014.11.04 09:55:55.944,1.17584,1.17602,2.44,1.87
2014.11.04 09:55:56.966,1.17584,1.17603,2.44,1.37
2014.11.04 09:55:57.068,1.17583,1.176,3.19,1.75
2014.11.04 09:55:57.321,1.17582,1.176,1.19,3.45
2014.11.04 09:55:58.044,1.17581,1.17598,1.00,1.75
2014.11.04 09:55:58.365,1.17581,1.17598,1.00,1.37
2014.11.04 09:55:59.173,1.17581,1.176,1.25,4.20
2014.11.04 09:55:59.708,1.17581,1.176,2.44,3.82
2014.11.04 09:56:00.031,1.17581,1.176,3.56,3.82
2014.11.04 09:56:00.543,1.17582,1.17601,1.19,1.62
2014.11.04 09:56:00.797,1.17584,1.17603,1.87,2.81
2014.11.04 09:56:01.000,1.17586,1.17603,1.00,1.37
2014.11.04 09:56:01.506,1.17587,1.17604,1.00,1.62
2014.11.04 09:56:01.761,1.17589,1.17606,1.25,1.12
2014.11.04 09:56:01.812,1.17589,1.17608,1.25,3.19
2014.11.04 09:56:02.336,1.1759,1.17608,1.00,1.69
2014.11.04 09:56:02.849,1.1759,1.17609,1.00,3.19
2014.11.04 09:56:03.357,1.1759,1.17609,1.00,2.81
2014.11.04 09:56:03.892,1.1759,1.17608,1.25,1.62
2014.11.04 09:56:05.324,1.1759,1.17609,1.00,3.19
2014.11.04 09:56:06.140,1.1759,1.17609,1.25,2.44
2014.11.04 09:56:06.242,1.1759,1.17609,1.25,2.06
2014.11.04 09:56:06.406,1.17592,1.1761,1.87,2.06
2014.11.04 09:56:06.662,1.17596,1.17613,1.69,1.00
2014.11.04 09:56:06.815,1.17598,1.17616,1.00,1.19
2014.11.04 09:56:06.917,1.17599,1.17617,1.00,1.12
2014.11.04 09:56:07.423,1.176,1.17619,2.70,2.06
2014.11.04 09:56:07.576,1.17601,1.17613,1.00,1.00
2014.11.04 09:56:07.729,1.17598,1.17613,1.95,1.00
2014.11.04 09:56:07.936,1.176,1.17614,1.00,1.00
2014.11.04 09:56:08.037,1.176,1.17616,1.00,1.00
2014.11.04 09:56:08.089,1.17601,1.17616,1.87,1.00
2014.11.04 09:56:08.292,1.17603,1.17619,1.95,1.00
2014.11.04 09:56:08.366,1.17604,1.17621,1.00,1.00
2014.11.04 09:56:08.418,1.17606,1.17622,1.95,2.25
2014.11.04 09:56:08.673,1.17606,1.17624,2.89,1.00
2014.11.04 09:56:08.724,1.17608,1.17625,1.00,2.44
2014.11.04 09:56:08.926,1.17606,1.17625,4.39,3.94
2014.11.04 09:56:09.180,1.17608,1.17625,1.00,1.69
2014.11.04 09:56:09.485,1.17608,1.17623,1.00,1.19
2014.11.04 09:56:09.587,1.17606,1.17624,1.00,1.69
2014.11.04 09:56:09.638,1.17606,1.17625,1.69,1.69
2014.11.04 09:56:09.739,1.17607,1.17623,1.19,1.00
2014.11.04 09:56:09.891,1.17612,1.17628,1.00,1.25
2014.11.04 09:56:10.043,1.17617,1.17631,1.00,1.12
2014.11.04 09:56:10.094,1.17617,1.17633,1.00,2.25
2014.11.04 09:56:10.597,1.17618,1.17633,1.00,1.00
2014.11.04 09:56:10.806,1.17619,1.17629,1.00,1.50
2014.11.04 09:56:10.908,1.17618,1.17633,1.00,2.44
2014.11.04 09:56:11.010,1.17618,1.17634,1.00,1.50
2014.11.04 09:56:11.382,1.17617,1.17636,1.25,1.00
2014.11.04 09:56:11.433,1.17617,1.17634,1.25,1.00
2014.11.04 09:56:11.687,1.17619,1.17638,1.25,1.50
2014.11.04 09:56:11.890,1.1762,1.17634,2.70,1.00
2014.11.04 09:56:11.991,1.1762,1.17638,2.70,2.25
2014.11.04 09:56:12.537,1.17618,1.17638,2.44,2.25
2014.11.04 09:56:12.588,1.17618,1.17638,1.69,3.19
2014.11.04 09:56:12.892,1.17623,1.17639,1.12,1.25
2014.11.04 09:56:13.197,1.17625,1.17638,1.00,1.00
2014.11.04 09:56:13.300,1.17625,1.17643,1.00,1.37
2014.11.04 09:56:13.512,1.17625,1.17643,1.00,1.50
2014.11.04 09:56:13.715,1.17623,1.17639,1.00,1.00
2014.11.04 09:56:13.918,1.17621,1.17638,2.25,1.00
2014.11.04 09:56:13.969,1.17621,1.17641,1.50,1.25
2014.11.04 09:56:14.121,1.17621,1.17639,1.00,1.00
2014.11.04 09:56:14.225,1.17622,1.17641,1.00,2.44
2014.11.04 09:56:14.285,1.17622,1.17639,1.00,1.00
2014.11.04 09:56:14.598,1.17622,1.17638,1.00,1.37
2014.11.04 09:56:14.700,1.1762,1.17639,4.20,2.81
2014.11.04 09:56:15.106,1.17619,1.17633,2.70,1.50
2014.11.04 09:56:15.308,1.17614,1.17631,1.00,1.25
2014.11.04 09:56:15.461,1.17618,1.17633,1.00,1.19
2014.11.04 09:56:15.512,1.17618,1.17633,1.00,1.25
2014.11.04 09:56:15.563,1.17616,1.17633,1.69,1.25
2014.11.04 09:56:16.019,1.17614,1.17634,4.50,2.81
2014.11.04 09:56:17.246,1.17615,1.17634,1.00,2.81
2014.11.04 09:56:17.479,1.17616,1.17633,1.37,1.00
2014.11.04 09:56:17.985,1.17617,1.17636,1.00,4.31
2014.11.04 09:56:18.137,1.17615,1.17636,3.82,5.81
2014.11.04 09:56:18.667,1.17615,1.17634,1.31,5.51
2014.11.04 09:56:19.165,1.17621,1.17634,1.50,1.69
2014.11.04 09:56:19.216,1.17621,1.17635,1.50,2.44
2014.11.04 09:56:19.267,1.17619,1.17635,1.50,2.06
2014.11.04 09:56:19.783,1.1762,1.17635,1.50,1.31
2014.11.04 09:56:19.935,1.17623,1.17635,1.50,1.19
2014.11.04 09:56:20.036,1.17621,1.17637,1.00,1.56
2014.11.04 09:56:20.137,1.17621,1.17638,1.00,2.81
2014.11.04 09:56:20.543,1.17619,1.17635,2.62,1.19
2014.11.04 09:56:21.050,1.17618,1.17635,1.50,1.19
2014.11.04 09:56:21.303,1.1762,1.17637,1.00,1.25
2014.11.04 09:56:21.556,1.17621,1.17639,2.25,1.00
2014.11.04 09:56:21.607,1.17625,1.17639,1.00,1.00
2014.11.04 09:56:21.658,1.17627,1.17643,1.00,1.50
2014.11.04 09:56:22.164,1.17628,1.17644,1.25,1.00
2014.11.04 09:56:22.436,1.17626,1.17639,5.14,1.00
2014.11.04 09:56:22.487,1.17626,1.17639,3.64,1.00
2014.11.04 09:56:22.943,1.17625,1.17641,1.56,1.00
2014.11.04 09:56:23.449,1.17627,1.17642,1.00,1.00
2014.11.04 09:56:23.500,1.17625,1.17642,1.31,1.00
2014.11.04 09:56:23.651,1.17627,1.17642,1.00,1.12
2014.11.04 09:56:24.177,1.17627,1.17643,1.00,1.00
2014.11.04 09:56:25.104,1.17625,1.17643,2.06,1.62
2014.11.04 09:56:25.510,1.17624,1.1764,1.25,1.50
2014.11.04 09:56:25.915,1.17624,1.1764,1.19,1.50
2014.11.04 09:56:26.220,1.17623,1.17635,1.00,1.00
2014.11.04 09:56:26.271,1.1762,1.17637,1.25,1.50
2014.11.04 09:56:26.372,1.17621,1.17638,1.69,1.00
2014.11.04 09:56:26.678,1.17616,1.17629,1.50,1.00
2014.11.04 09:56:26.931,1.17619,1.17635,1.00,1.69
2014.11.04 09:56:26.982,1.17619,1.17636,1.00,1.00
2014.11.04 09:56:27.033,1.17621,1.17637,1.00,1.12
2014.11.04 09:56:27.540,1.17622,1.17638,1.95,1.25
2014.11.04 09:56:27.591,1.1762,1.17638,1.00,1.25
2014.11.04 09:56:27.693,1.17619,1.17635,1.50,1.00
2014.11.04 09:56:27.997,1.17625,1.17636,1.00,1.19
2014.11.04 09:56:28.098,1.17623,1.17637,1.00,1.69
2014.11.04 09:56:28.770,1.17621,1.17637,1.25,1.95
2014.11.04 09:56:28.821,1.17622,1.1764,1.00,3.64
2014.11.04 09:56:28.922,1.17622,1.17637,1.00,1.00
2014.11.04 09:56:29.226,1.17619,1.17637,1.50,1.69
2014.11.04 09:56:29.429,1.17621,1.17638,1.00,4.01
2014.11.04 09:56:29.611,1.17622,1.17638,1.00,1.00
2014.11.04 09:56:29.662,1.1762,1.17636,1.19,1.00
2014.11.04 09:56:30.168,1.17622,1.17636,1.00,1.00
2014.11.04 09:56:30.684,1.17622,1.17637,1.00,1.00
2014.11.04 09:56:30.854,1.17622,1.17639,1.00,1.25
2014.11.04 09:56:31.357,1.17622,1.17639,1.37,1.25
2014.11.04 09:56:31.762,1.17624,1.17641,1.37,1.25
2014.11.04 09:56:31.914,1.17625,1.17643,2.06,1.00
2014.11.04 09:56:32.588,1.17626,1.17644,2.06,2.44
2014.11.04 09:56:32.891,1.17626,1.17644,1.00,3.56
2014.11.04 09:56:33.195,1.17622,1.17639,1.19,1.00
2014.11.04 09:56:33.448,1.17625,1.17643,1.19,1.50
2014.11.04 09:56:33.500,1.17627,1.17642,1.19,1.00
2014.11.04 09:56:33.703,1.17632,1.17648,1.00,2.25
2014.11.04 09:56:34.209,1.17633,1.17648,1.00,1.00
2014.11.04 09:56:34.548,1.17633,1.17644,1.00,1.00
2014.11.04 09:56:34.650,1.17633,1.17648,1.00,1.69
2014.11.04 09:56:35.158,1.17633,1.17648,2.25,1.62
2014.11.04 09:56:35.588,1.17639,1.17649,1.00,1.19
2014.11.04 09:56:35.640,1.17639,1.17652,1.00,1.00
2014.11.04 09:56:35.741,1.17639,1.17655,1.00,1.00
2014.11.04 09:56:35.843,1.17642,1.17656,1.00,1.00
2014.11.04 09:56:35.894,1.17642,1.17658,1.00,1.50
2014.11.04 09:56:36.541,1.17642,1.17657,1.00,1.00
2014.11.04 09:56:37.055,1.17642,1.17659,1.00,2.06
2014.11.04 09:56:37.156,1.1764,1.17659,1.25,2.06
2014.11.04 09:56:37.886,1.17642,1.17657,1.00,1.31
2014.11.04 09:56:38.190,1.17644,1.17658,1.00,1.62
2014.11.04 09:56:38.734,1.17644,1.17658,1.19,1.37
2014.11.04 09:56:38.987,1.17643,1.17659,1.00,2.06
2014.11.04 09:56:39.140,1.17646,1.17659,1.00,1.12
2014.11.04 09:56:39.444,1.17644,1.17659,1.50,1.37
2014.11.04 09:56:39.950,1.17644,1.17658,1.00,1.56
2014.11.04 09:56:40.051,1.17643,1.17658,1.00,2.06
2014.11.04 09:56:41.333,1.17642,1.1766,1.00,2.44
2014.11.04 09:56:42.261,1.17642,1.1766,1.00,2.44
2014.11.04 09:56:42.788,1.17642,1.1766,1.00,2.44
2014.11.04 09:56:43.396,1.17643,1.17658,1.00,1.56
2014.11.04 09:56:43.918,1.17643,1.17658,1.00,1.56
2014.11.04 09:56:44.164,1.17643,1.17659,1.00,2.06
2014.11.04 09:56:44.696,1.17644,1.17661,1.00,2.06
2014.11.04 09:56:45.157,1.17644,1.1766,1.12,1.12
2014.11.04 09:56:45.511,1.17644,1.17658,1.12,1.00
2014.11.04 09:56:45.816,1.1764,1.17656,1.00,1.37
2014.11.04 09:56:45.867,1.1764,1.17655,1.00,1.00
2014.11.04 09:56:46.322,1.17644,1.17655,1.50,1.19
2014.11.04 09:56:46.424,1.17639,1.17655,3.00,1.00
2014.11.04 09:56:46.626,1.17639,1.17652,2.25,1.00
2014.11.04 09:56:46.778,1.17637,1.17654,1.00,2.06
2014.11.04 09:56:46.829,1.17635,1.17654,1.00,2.06
2014.11.04 09:56:47.337,1.17634,1.1765,1.69,1.00
2014.11.04 09:56:47.691,1.17633,1.17649,1.00,1.50
2014.11.04 09:56:48.772,1.17633,1.17649,1.00,1.75
2014.11.04 09:56:48.873,1.17633,1.17649,1.00,1.37
2014.11.04 09:56:48.924,1.17631,1.17649,1.25,1.37
2014.11.04 09:56:49.178,1.1763,1.17645,4.65,2.81
2014.11.04 09:56:49.685,1.1763,1.17644,1.50,1.56
2014.11.04 09:56:50.193,1.1763,1.17646,1.50,3.19
2014.11.04 09:56:50.627,1.1763,1.17644,1.00,2.81
2014.11.04 09:56:50.679,1.17628,1.17643,1.00,2.81
2014.11.04 09:56:51.014,1.17631,1.17643,1.00,1.56
2014.11.04 09:56:51.520,1.1763,1.17643,1.00,1.69
2014.11.04 09:56:51.976,1.17628,1.17642,1.00,1.56
2014.11.04 09:56:52.433,1.17627,1.17642,1.00,3.19
2014.11.04 09:56:52.893,1.17625,1.1764,1.50,1.62
2014.11.04 09:56:54.303,1.17625,1.17639,1.00,1.69
2014.11.04 09:56:54.506,1.17622,1.17639,1.00,3.19
2014.11.04 09:56:55.441,1.17623,1.17636,1.50,1.37
2014.11.04 09:56:55.948,1.17623,1.1764,2.25,1.50
2014.11.04 09:56:55.999,1.17626,1.1764,1.00,1.37
2014.11.04 09:56:56.521,1.17626,1.17642,1.00,2.06
2014.11.04 09:56:56.572,1.17623,1.17642,3.00,2.06
2014.11.04 09:56:56.724,1.17623,1.1764,3.19,1.37
2014.11.04 09:56:57.029,1.17623,1.17636,1.00,1.75
2014.11.04 09:56:57.080,1.17621,1.17636,2.25,1.75
2014.11.04 09:56:57.183,1.17619,1.17634,1.00,1.50
2014.11.04 09:56:57.688,1.17618,1.17631,1.50,1.19
2014.11.04 09:56:58.303,1.17617,1.17631,1.00,1.00
2014.11.04 09:56:59.910,1.17615,1.17631,1.00,1.00
2014.11.04 09:56:59.960,1.17615,1.17631,1.00,1.75
2014.11.04 09:57:00.214,1.17613,1.17628,1.00,1.62
2014.11.04 09:57:00.417,1.17612,1.17625,1.00,1.19
2014.11.04 09:57:00.725,1.17612,1.17627,1.00,1.56
2014.11.04 09:57:01.826,1.17612,1.17631,1.50,1.19
2014.11.04 09:57:01.928,1.17613,1.17632,1.00,1.31
2014.11.04 09:57:01.980,1.17616,1.17633,1.00,5.51
2014.11.04 09:57:02.437,1.17614,1.17632,1.69,1.31
2014.11.04 09:57:02.690,1.17616,1.17631,1.00,1.00
2014.11.04 09:57:03.196,1.17616,1.17632,1.50,2.06
2014.11.04 09:57:03.705,1.17615,1.17632,1.50,2.06
2014.11.04 09:57:04.059,1.17614,1.17632,1.69,2.00
2014.11.04 09:57:04.363,1.17616,1.17631,1.00,1.50
2014.11.04 09:57:04.464,1.17614,1.17632,1.25,2.00
2014.11.04 09:57:05.769,1.17614,1.17632,1.00,1.56
2014.11.04 09:57:05.871,1.17616,1.1763,1.00,1.37
2014.11.04 09:57:06.377,1.17616,1.17632,1.25,1.62
2014.11.04 09:57:06.858,1.17616,1.17632,2.44,1.69
2014.11.04 09:57:07.365,1.17616,1.17632,1.25,2.00
2014.11.04 09:57:08.238,1.17616,1.17629,1.25,1.37
2014.11.04 09:57:08.448,1.17616,1.17629,1.25,1.37
2014.11.04 09:57:08.967,1.17617,1.17632,1.00,1.69
2014.11.04 09:57:09.483,1.17616,1.17632,1.50,1.50
2014.11.04 09:57:10.203,1.17617,1.17632,1.00,1.69
2014.11.04 09:57:10.363,1.17617,1.17632,1.00,1.62
2014.11.04 09:57:10.674,1.17616,1.17632,1.25,1.62
2014.11.04 09:57:11.288,1.17616,1.17632,1.25,2.00
2014.11.04 09:57:11.541,1.17614,1.1763,1.69,2.44
2014.11.04 09:57:12.585,1.17614,1.17629,1.25,1.50
2014.11.04 09:57:12.740,1.17612,1.17628,1.50,1.37
2014.11.04 09:57:13.273,1.17611,1.1763,2.44,5.59
2014.11.04 09:57:13.840,1.17612,1.1763,1.00,5.59
2014.11.04 09:57:16.887,1.17611,1.17628,1.69,2.06
2014.11.04 09:57:17.456,1.17612,1.17626,1.00,1.37
2014.11.04 09:57:17.835,1.17611,1.17628,1.25,1.94
2014.11.04 09:57:18.038,1.1761,1.17628,2.44,1.56
2014.11.04 09:57:18.241,1.1761,1.17624,1.00,2.00
2014.11.04 09:57:18.293,1.17608,1.17623,2.25,1.50
2014.11.04 09:57:18.344,1.17608,1.17622,1.50,1.25
2014.11.04 09:57:18.395,1.17606,1.17622,1.00,1.69
2014.11.04 09:57:18.497,1.17604,1.17622,1.25,6.34
2014.11.04 09:57:19.124,1.17603,1.17621,1.69,1.00
2014.11.04 09:57:19.226,1.17607,1.17621,1.00,1.00
2014.11.04 09:57:19.327,1.17603,1.17621,1.69,1.00
2014.11.04 09:57:19.663,1.17603,1.1762,1.31,1.37
2014.11.04 09:57:20.170,1.17604,1.17622,1.12,6.71
2014.11.04 09:57:20.496,1.17607,1.17622,1.00,6.71
2014.11.04 09:57:20.648,1.17604,1.17622,1.12,6.71
2014.11.04 09:57:20.772,1.17606,1.17622,1.00,6.71
2014.11.04 09:57:21.484,1.17606,1.17622,1.00,6.71
2014.11.04 09:57:21.788,1.17611,1.17627,1.00,1.00
2014.11.04 09:57:21.940,1.1761,1.17625,1.25,1.50
2014.11.04 09:57:22.593,1.1761,1.17627,1.25,1.00
2014.11.04 09:57:22.694,1.17612,1.17629,1.00,2.44
2014.11.04 09:57:23.007,1.17614,1.17628,1.00,1.00
2014.11.04 09:57:23.331,1.17617,1.17632,1.00,1.19
2014.11.04 09:57:23.686,1.17616,1.17633,1.19,1.00
2014.11.04 09:57:24.193,1.17616,1.17634,2.44,1.25
2014.11.04 09:57:24.625,1.17616,1.17635,1.25,4.31
2014.11.04 09:57:24.803,1.17617,1.17635,1.62,3.75
2014.11.04 09:57:24.905,1.17622,1.17634,1.87,1.00
2014.11.04 09:57:25.007,1.17625,1.17637,1.00,1.00
2014.11.04 09:57:25.108,1.17627,1.17643,1.00,1.00
2014.11.04 09:57:25.159,1.17627,1.17645,2.25,1.00
2014.11.04 09:57:25.312,1.17626,1.17642,1.50,1.25
2014.11.04 09:57:25.617,1.17628,1.17643,1.50,1.69
2014.11.04 09:57:25.820,1.17625,1.17643,4.95,3.19
2014.11.04 09:57:26.332,1.17625,1.17643,3.45,4.69
2014.11.04 09:57:26.955,1.17625,1.17641,1.50,1.62
2014.11.04 09:57:27.310,1.17627,1.17644,1.19,3.00
2014.11.04 09:57:27.416,1.17626,1.17644,1.25,7.39
2014.11.04 09:57:27.820,1.17624,1.17641,1.00,1.62
2014.11.04 09:57:28.412,1.17622,1.1764,1.69,1.37
2014.11.04 09:57:30.466,1.17622,1.17637,1.19,1.37
2014.11.04 09:57:30.568,1.1762,1.17635,1.00,1.37
2014.11.04 09:57:30.670,1.17619,1.17635,1.00,1.62
2014.11.04 09:57:31.287,1.17619,1.17633,1.00,1.87
2014.11.04 09:57:31.591,1.17617,1.17626,1.00,1.00
2014.11.04 09:57:31.693,1.17612,1.17627,1.00,1.00
2014.11.04 09:57:31.745,1.17612,1.17626,1.00,1.19
2014.11.04 09:57:31.796,1.1761,1.17626,1.12,1.19
2014.11.04 09:57:31.847,1.1761,1.17627,1.12,1.25
2014.11.04 09:57:31.948,1.17611,1.17627,1.00,1.19
2014.11.04 09:57:32.454,1.1761,1.17624,1.00,1.00
2014.11.04 09:57:32.788,1.17604,1.17616,1.00,1.00
2014.11.04 09:57:32.890,1.17602,1.17617,1.00,1.00
2014.11.04 09:57:32.941,1.17599,1.17617,1.50,1.00
2014.11.04 09:57:33.042,1.17602,1.17618,1.50,1.25
2014.11.04 09:57:33.347,1.17604,1.1762,1.50,1.62
2014.11.04 09:57:33.853,1.17603,1.1762,2.25,1.62
2014.11.04 09:57:34.157,1.17603,1.17619,2.62,1.37
2014.11.04 09:57:34.940,1.17604,1.17619,1.50,1.37
2014.11.04 09:57:35.453,1.17604,1.17619,1.50,1.12
2014.11.04 09:57:36.818,1.17604,1.1762,1.50,1.87
2014.11.04 09:57:37.325,1.17604,1.17619,1.25,1.37
2014.11.04 09:57:37.838,1.17604,1.1762,3.19,3.00
2014.11.04 09:57:38.092,1.17601,1.17618,1.00,1.37
2014.11.04 09:57:38.143,1.17603,1.17618,1.50,1.37
2014.11.04 09:57:38.497,1.17605,1.1762,1.00,1.37
2014.11.04 09:57:38.548,1.17605,1.1762,1.87,1.00
2014.11.04 09:57:38.599,1.17607,1.17623,1.00,3.37
2014.11.04 09:57:38.915,1.17609,1.17623,2.70,1.00
2014.11.04 09:57:38.966,1.17609,1.17625,1.00,1.00
2014.11.04 09:57:39.371,1.17609,1.17623,1.00,1.00
2014.11.04 09:57:39.879,1.17608,1.17623,1.00,1.50
2014.11.04 09:57:40.183,1.17606,1.17623,1.19,1.87
2014.11.04 09:57:40.691,1.17606,1.17622,1.00,1.37
2014.11.04 09:57:41.459,1.17606,1.17622,1.00,1.37
2014.11.04 09:57:41.712,1.17607,1.17624,1.87,2.62
2014.11.04 09:57:41.763,1.17607,1.17624,1.50,1.87
2014.11.04 09:57:42.175,1.1761,1.17624,1.50,2.44
2014.11.04 09:57:42.428,1.17607,1.17624,1.00,3.94
2014.11.04 09:57:42.769,1.17608,1.17623,1.87,1.00
2014.11.04 09:57:42.846,1.17611,1.17625,1.50,1.00
2014.11.04 09:57:42.897,1.17611,1.17627,2.25,1.00
2014.11.04 09:57:43.202,1.17609,1.17626,1.50,2.25
2014.11.04 09:57:44.065,1.17609,1.17626,1.37,1.87
2014.11.04 09:57:45.317,1.17608,1.17624,1.25,1.87
2014.11.04 09:57:45.622,1.17605,1.1762,2.62,1.00
2014.11.04 09:57:45.824,1.17606,1.17619,1.00,1.37
2014.11.04 09:57:45.875,1.17603,1.17619,1.19,1.87
2014.11.04 09:57:45.926,1.17603,1.17619,1.00,3.19
2014.11.04 09:57:46.334,1.17601,1.17617,1.00,1.62
2014.11.04 09:57:46.385,1.176,1.17617,1.00,1.69
2014.11.04 09:57:46.907,1.176,1.17614,1.00,2.00
2014.11.04 09:57:47.112,1.17596,1.17612,1.00,1.37
2014.11.04 09:57:47.163,1.17594,1.17612,3.19,2.62
2014.11.04 09:57:47.675,1.17595,1.17612,1.00,1.87
2014.11.04 09:57:48.236,1.17594,1.17612,3.19,1.37
2014.11.04 09:57:48.438,1.176,1.1761,1.50,1.37
2014.11.04 09:57:48.792,1.17596,1.17612,1.19,1.37
2014.11.04 09:57:49.142,1.17595,1.17612,1.25,2.06
2014.11.04 09:57:49.395,1.17597,1.17611,1.00,1.62
2014.11.04 09:57:51.239,1.17597,1.17612,1.00,2.06
2014.11.04 09:57:52.263,1.17597,1.17612,1.00,1.62
2014.11.04 09:57:53.431,1.17597,1.17612,1.00,1.37
2014.11.04 09:57:53.971,1.17596,1.17612,2.81,1.37
2014.11.04 09:57:54.612,1.17597,1.17612,1.50,1.37
2014.11.04 09:57:55.216,1.17596,1.17612,2.81,1.37
2014.11.04 09:57:55.722,1.17597,1.17615,1.50,1.62
2014.11.04 09:57:57.057,1.17597,1.17614,1.87,1.62
2014.11.04 09:57:57.568,1.17597,1.17615,1.50,3.56
2014.11.04 09:57:57.669,1.17597,1.17615,1.50,3.37
2014.11.04 09:57:58.161,1.17597,1.17615,1.50,1.87
2014.11.04 09:57:58.541,1.17599,1.17615,1.00,1.87
2014.11.04 09:57:59.065,1.17598,1.17615,1.00,2.06
2014.11.04 09:57:59.570,1.17597,1.17615,1.50,3.56
2014.11.04 09:58:00.169,1.17598,1.17615,1.00,1.87
2014.11.04 09:58:00.473,1.17597,1.17613,1.00,1.69
2014.11.04 09:58:00.524,1.17595,1.17612,1.50,1.62
2014.11.04 09:58:00.777,1.17595,1.17612,3.45,1.25
2014.11.04 09:58:00.828,1.17597,1.17612,1.00,1.25
2014.11.04 09:58:01.132,1.17599,1.17614,1.50,1.50
2014.11.04 09:58:01.645,1.176,1.17613,1.12,1.00
2014.11.04 09:58:02.161,1.17599,1.17614,1.37,2.25
2014.11.04 09:58:02.477,1.17598,1.17612,1.00,1.50
2014.11.04 09:58:02.984,1.17597,1.17614,1.12,3.56
2014.11.04 09:58:03.186,1.17596,1.17614,1.87,4.31
2014.11.04 09:58:03.997,1.17597,1.17615,2.25,3.19
2014.11.04 09:58:04.048,1.17599,1.17615,1.00,2.44
2014.11.04 09:58:04.149,1.17597,1.17615,3.00,2.44
2014.11.04 09:58:04.251,1.17599,1.17614,1.00,1.00
2014.11.04 09:58:04.759,1.17599,1.17615,1.00,1.25
2014.11.04 09:58:05.781,1.17598,1.17615,1.00,1.87
2014.11.04 09:58:06.293,1.17597,1.17614,1.87,2.25
2014.11.04 09:58:07.565,1.17597,1.17614,1.87,1.69
2014.11.04 09:58:07.990,1.17597,1.17611,1.12,1.00
2014.11.04 09:58:08.492,1.17595,1.17612,1.31,1.00
2014.11.04 09:58:09.015,1.17595,1.17612,1.12,1.12
2014.11.04 09:58:09.536,1.17596,1.17615,1.12,4.76
2014.11.04 09:58:09.840,1.17598,1.17615,1.12,2.62
2014.11.04 09:58:10.356,1.17599,1.17615,1.00,1.87
2014.11.04 09:58:12.450,1.17599,1.17616,1.00,3.56
2014.11.04 09:58:12.837,1.17601,1.17616,1.00,1.62
2014.11.04 09:58:13.344,1.17601,1.17616,1.00,1.25
2014.11.04 09:58:13.657,1.17604,1.17618,1.00,1.00
2014.11.04 09:58:14.163,1.17603,1.17619,2.70,1.25
2014.11.04 09:58:14.670,1.17602,1.17618,1.00,1.50
2014.11.04 09:58:15.202,1.17603,1.17618,1.00,1.00
2014.11.04 09:58:15.304,1.17603,1.1762,1.00,1.25
2014.11.04 09:58:15.810,1.17604,1.1762,1.00,1.12
2014.11.04 09:58:16.820,1.17603,1.1762,1.50,1.12
2014.11.04 09:58:17.707,1.17603,1.1762,1.87,1.12
2014.11.04 09:58:18.113,1.17606,1.1762,1.37,1.00
2014.11.04 09:58:18.417,1.17614,1.17628,1.00,1.00
2014.11.04 09:58:18.519,1.17615,1.17632,1.00,1.00
2014.11.04 09:58:18.571,1.17617,1.17632,1.00,1.50
2014.11.04 09:58:19.027,1.17619,1.17632,1.00,2.25
2014.11.04 09:58:19.548,1.1762,1.17632,1.00,1.50
2014.11.04 09:58:20.110,1.17619,1.17632,1.00,1.50
2014.11.04 09:58:20.380,1.17619,1.17636,1.37,1.25
2014.11.04 09:58:20.431,1.17622,1.17636,1.00,1.25
2014.11.04 09:58:20.937,1.17622,1.17635,1.00,1.00
2014.11.04 09:58:21.344,1.1762,1.17634,1.50,1.50
2014.11.04 09:58:21.446,1.1762,1.1763,1.00,1.50
2014.11.04 09:58:21.902,1.1762,1.17635,1.00,1.00
2014.11.04 09:58:22.105,1.17621,1.17633,1.12,1.00
2014.11.04 09:58:22.308,1.17621,1.17636,1.37,1.00
2014.11.04 09:58:22.713,1.17623,1.17638,1.00,1.31
2014.11.04 09:58:23.245,1.17623,1.17637,1.00,1.50
2014.11.04 09:58:23.777,1.17623,1.17637,1.00,1.87
2014.11.04 09:58:23.879,1.17623,1.17638,1.00,1.87
2014.11.04 09:58:24.082,1.17625,1.17638,1.00,1.50
2014.11.04 09:58:24.385,1.17625,1.17641,1.00,1.25
2014.11.04 09:58:24.486,1.17628,1.17641,1.00,1.25
2014.11.04 09:58:24.840,1.17625,1.17642,1.50,1.50
2014.11.04 09:58:24.942,1.17627,1.17642,1.00,1.00
2014.11.04 09:58:25.195,1.17627,1.17644,1.00,2.25
2014.11.04 09:58:25.500,1.17627,1.17646,4.01,1.31
2014.11.04 09:58:25.708,1.17628,1.17643,1.00,1.00
2014.11.04 09:58:26.182,1.17628,1.17646,1.00,1.31
2014.11.04 09:58:26.588,1.17628,1.17644,1.00,1.00
2014.11.04 09:58:26.943,1.17626,1.17639,1.56,1.50
2014.11.04 09:58:27.156,1.17626,1.17641,1.37,1.00
2014.11.04 09:58:27.727,1.17626,1.17641,1.37,1.00
2014.11.04 09:58:29.018,1.17625,1.17641,1.37,1.00
2014.11.04 09:58:29.425,1.17626,1.17643,1.37,1.00
2014.11.04 09:58:29.782,1.17629,1.17646,1.12,2.06
2014.11.04 09:58:29.833,1.17629,1.17643,1.12,1.50
2014.11.04 09:58:30.340,1.17629,1.17643,1.37,1.50
2014.11.04 09:58:30.702,1.17629,1.17645,1.37,1.87
2014.11.04 09:58:31.572,1.17628,1.17645,1.87,1.87
2014.11.04 09:58:32.153,1.17628,1.17646,1.50,3.00
2014.11.04 09:58:32.457,1.17624,1.17639,1.12,1.87
2014.11.04 09:58:32.962,1.17622,1.17638,1.37,1.69
2014.11.04 09:58:33.290,1.17622,1.17638,1.75,1.69
2014.11.04 09:58:34.278,1.17627,1.17642,1.37,3.19
2014.11.04 09:58:34.381,1.1763,1.17642,2.32,1.00
2014.11.04 09:58:34.483,1.17631,1.17644,1.00,1.50
2014.11.04 09:58:34.635,1.17631,1.17646,3.07,1.12
2014.11.04 09:58:34.737,1.17634,1.17647,1.00,1.12
2014.11.04 09:58:34.838,1.17632,1.17649,1.50,1.69
2014.11.04 09:58:35.346,1.17631,1.17648,3.45,1.50
2014.11.04 09:58:35.499,1.17632,1.17648,1.19,1.50
2014.11.04 09:58:36.030,1.17632,1.17648,1.00,1.69
2014.11.04 09:58:36.401,1.1763,1.17641,1.19,1.50
2014.11.04 09:58:36.502,1.17628,1.17641,1.50,1.50
2014.11.04 09:58:36.705,1.17629,1.17641,2.32,1.50
2014.11.04 09:58:36.756,1.17629,1.17644,2.32,1.00
2014.11.04 09:58:36.807,1.17629,1.17647,2.70,1.69
2014.11.04 09:58:37.112,1.17628,1.17646,1.00,2.44
2014.11.04 09:58:37.630,1.17629,1.17646,1.50,1.19
2014.11.04 09:58:37.814,1.17631,1.17649,2.06,2.44
2014.11.04 09:58:37.867,1.17633,1.17649,1.00,1.69
2014.11.04 09:58:37.918,1.17634,1.17651,1.00,1.62
2014.11.04 09:58:38.424,1.17635,1.17652,1.50,1.19
2014.11.04 09:58:38.728,1.17636,1.17647,1.00,1.50
2014.11.04 09:58:38.830,1.17635,1.1765,1.00,1.69
2014.11.04 09:58:39.032,1.17632,1.1765,1.00,1.19
2014.11.04 09:58:39.185,1.17632,1.1765,1.37,1.56
2014.11.04 09:58:39.692,1.17634,1.1765,1.37,1.31
2014.11.04 09:58:40.199,1.17634,1.1765,1.37,1.00
2014.11.04 09:58:40.763,1.17635,1.17652,1.37,1.19
2014.11.04 09:58:41.067,1.1764,1.17653,1.00,1.00
2014.11.04 09:58:41.126,1.17642,1.17657,1.00,1.00
2014.11.04 09:58:41.227,1.17645,1.1766,1.00,1.50
2014.11.04 09:58:41.733,1.17645,1.17661,2.70,2.25
2014.11.04 09:58:42.188,1.17645,1.17661,3.07,1.00
2014.11.04 09:58:42.544,1.17649,1.17662,1.00,1.00
2014.11.04 09:58:43.049,1.17649,1.17663,1.95,1.00
2014.11.04 09:58:43.201,1.17652,1.17667,1.95,1.69
2014.11.04 09:58:43.353,1.17654,1.17667,1.95,1.69
2014.11.04 09:58:43.657,1.17651,1.17667,1.00,1.25
2014.11.04 09:58:43.960,1.17652,1.17669,1.95,2.44
2014.11.04 09:58:45.242,1.17655,1.1767,1.95,1.25
2014.11.04 09:58:45.546,1.17657,1.17674,1.00,1.00
2014.11.04 09:58:45.648,1.17659,1.17674,1.95,1.69
2014.11.04 09:58:45.951,1.17655,1.17669,1.00,1.00
2014.11.04 09:58:46.154,1.17663,1.17678,1.95,1.25
2014.11.04 09:58:46.560,1.17664,1.17682,2.25,1.19
2014.11.04 09:58:47.016,1.17666,1.17682,1.00,1.19
2014.11.04 09:58:47.544,1.17665,1.17682,1.50,1.19
2014.11.04 09:58:47.847,1.17665,1.17682,1.87,1.19
2014.11.04 09:58:47.999,1.17664,1.17678,2.25,1.00
2014.11.04 09:58:48.253,1.17661,1.17678,1.00,1.00
2014.11.04 09:58:48.354,1.17664,1.17678,1.12,1.00
2014.11.04 09:58:48.455,1.17664,1.17681,1.62,1.00
2014.11.04 09:58:48.608,1.17667,1.17682,1.00,1.25
2014.11.04 09:58:48.861,1.17668,1.17684,1.00,1.50
2014.11.04 09:58:49.368,1.17669,1.17687,1.00,1.50
2014.11.04 09:58:49.924,1.17669,1.17683,1.00,1.00
2014.11.04 09:58:50.126,1.1767,1.17687,1.12,1.50
2014.11.04 09:58:50.177,1.1767,1.17686,1.12,1.19
2014.11.04 09:58:50.481,1.1767,1.17688,2.25,1.69
2014.11.04 09:58:51.427,1.1767,1.17689,2.25,5.59
2014.11.04 09:58:51.579,1.1767,1.17683,1.00,1.00
2014.11.04 09:58:51.731,1.17668,1.17684,1.00,3.37
2014.11.04 09:58:51.782,1.17665,1.17679,1.00,1.00
2014.11.04 09:58:51.992,1.17663,1.17678,1.00,1.00
2014.11.04 09:58:52.094,1.17663,1.17674,1.00,1.25
2014.11.04 09:58:52.195,1.17659,1.17674,1.00,1.25
2014.11.04 09:58:52.550,1.17657,1.17674,1.00,1.69
2014.11.04 09:58:53.059,1.17657,1.17674,1.00,1.69
2014.11.04 09:58:53.237,1.17657,1.17673,1.37,1.25
2014.11.04 09:58:53.553,1.17657,1.17673,1.00,1.69
2014.11.04 09:58:54.071,1.17656,1.17673,1.00,2.44
2014.11.04 09:58:54.586,1.17656,1.17673,1.00,3.19
2014.11.04 09:58:56.233,1.17656,1.17673,1.37,2.44
2014.11.04 09:58:56.587,1.17657,1.17674,1.00,3.94
2014.11.04 09:58:57.131,1.17654,1.17674,3.45,3.94
2014.11.04 09:58:57.256,1.17654,1.17671,2.70,1.00
2014.11.04 09:58:57.560,1.17654,1.17669,2.32,1.00
2014.11.04 09:58:58.082,1.17654,1.1767,2.32,1.00
2014.11.04 09:58:58.284,1.17654,1.17672,3.45,1.25
2014.11.04 09:58:58.805,1.17654,1.17671,2.70,1.00
2014.11.04 09:58:59.331,1.17654,1.17672,2.70,1.25
2014.11.04 09:58:59.846,1.17653,1.17671,2.00,1.25
2014.11.04 09:59:00.129,1.17653,1.17666,1.00,1.00
2014.11.04 09:59:00.635,1.17652,1.17666,1.00,1.25
2014.11.04 09:59:01.242,1.17651,1.17667,1.37,1.00
2014.11.04 09:59:01.753,1.1765,1.17668,1.37,1.00
2014.11.04 09:59:02.271,1.1765,1.1767,2.62,5.14
2014.11.04 09:59:02.671,1.1765,1.17667,1.87,1.00
2014.11.04 09:59:03.029,1.1765,1.1767,1.87,4.39
2014.11.04 09:59:03.232,1.1765,1.1767,4.95,2.81
2014.11.04 09:59:03.334,1.17652,1.17668,1.00,2.25
2014.11.04 09:59:03.436,1.17649,1.17667,1.25,1.00
2014.11.04 09:59:03.942,1.17649,1.17668,1.25,1.50
2014.11.04 09:59:04.246,1.17649,1.17668,1.62,1.50
2014.11.04 09:59:04.550,1.1765,1.17668,1.50,1.00
2014.11.04 09:59:05.056,1.17651,1.17669,1.37,1.25
2014.11.04 09:59:05.158,1.17651,1.17669,1.37,1.25
2014.11.04 09:59:05.462,1.17649,1.17667,2.06,1.00
2014.11.04 09:59:05.513,1.17649,1.17663,1.62,1.50
2014.11.04 09:59:05.564,1.17649,1.17663,1.00,2.62
2014.11.04 09:59:05.717,1.17647,1.17662,1.00,3.64
2014.11.04 09:59:05.768,1.17643,1.17662,1.87,3.64
2014.11.04 09:59:06.274,1.17643,1.17662,4.01,1.19
2014.11.04 09:59:06.528,1.17645,1.17664,1.69,1.50
2014.11.04 09:59:06.630,1.17648,1.17664,1.00,1.00
2014.11.04 09:59:06.732,1.17645,1.17663,1.69,2.25
2014.11.04 09:59:07.250,1.17645,1.17663,1.69,2.44
2014.11.04 09:59:07.660,1.17649,1.17663,1.00,1.50
2014.11.04 09:59:07.914,1.17648,1.17666,1.69,1.69
2014.11.04 09:59:08.233,1.17648,1.17665,2.44,1.50
2014.11.04 09:59:08.335,1.17648,1.17665,1.00,2.25
2014.11.04 09:59:08.894,1.1765,1.17667,1.00,1.25
2014.11.04 09:59:09.208,1.17644,1.1766,1.12,1.50
2014.11.04 09:59:09.618,1.17646,1.1766,1.95,1.50
2014.11.04 09:59:09.914,1.17646,1.17663,2.70,1.00
2014.11.04 09:59:10.218,1.17644,1.17659,1.56,1.00
2014.11.04 09:59:10.521,1.17643,1.1766,1.37,1.00
2014.11.04 09:59:10.825,1.17645,1.17661,1.50,1.00
2014.11.04 09:59:10.977,1.17645,1.17658,1.50,2.25
2014.11.04 09:59:11.130,1.17642,1.17657,1.25,1.50
2014.11.04 09:59:11.254,1.17639,1.17658,1.69,1.69
2014.11.04 09:59:11.509,1.17639,1.17654,1.25,1.00
2014.11.04 09:59:12.016,1.17637,1.17653,1.37,1.00
2014.11.04 09:59:12.320,1.17632,1.17646,1.00,1.00
2014.11.04 09:59:12.422,1.1763,1.17648,1.50,2.89
2014.11.04 09:59:12.777,1.17632,1.1765,1.00,1.69
2014.11.04 09:59:13.254,1.1763,1.17648,1.50,1.00
2014.11.04 09:59:13.363,1.17632,1.17648,1.00,1.00
2014.11.04 09:59:13.623,1.17632,1.1765,1.00,1.00
2014.11.04 09:59:13.999,1.1763,1.1765,2.44,1.50
2014.11.04 09:59:14.050,1.1763,1.1765,2.81,1.87
2014.11.04 09:59:14.202,1.1763,1.1765,2.06,1.50
2014.11.04 09:59:14.304,1.17633,1.17649,2.06,1.00
2014.11.04 09:59:14.406,1.17634,1.17652,1.25,3.00
2014.11.04 09:59:14.507,1.17637,1.17652,1.19,1.00
2014.11.04 09:59:14.761,1.1764,1.17657,1.19,1.00
2014.11.04 09:59:14.813,1.17642,1.17658,1.19,1.00
2014.11.04 09:59:15.117,1.17646,1.17662,1.00,1.00
2014.11.04 09:59:15.168,1.17646,1.17659,1.00,1.50
2014.11.04 09:59:15.218,1.17642,1.17659,1.69,1.50
2014.11.04 09:59:15.725,1.17643,1.17659,1.19,1.50
2014.11.04 09:59:15.928,1.17645,1.17661,1.25,2.25
2014.11.04 09:59:15.979,1.17643,1.17661,4.84,2.25
2014.11.04 09:59:16.081,1.17645,1.17661,2.14,1.50
2014.11.04 09:59:16.486,1.17648,1.17662,1.37,1.50
2014.11.04 09:59:16.993,1.17648,1.17663,1.00,1.00
2014.11.04 09:59:17.043,1.17647,1.17665,1.00,1.69
2014.11.04 09:59:17.408,1.17647,1.17663,1.00,1.00
2014.11.04 09:59:17.991,1.17647,1.17662,1.00,1.00
2014.11.04 09:59:18.497,1.17647,1.17663,1.00,1.00
2014.11.04 09:59:18.801,1.17645,1.17663,1.87,1.50
2014.11.04 09:59:19.165,1.17646,1.17663,1.37,1.50
2014.11.04 09:59:19.216,1.17646,1.17661,1.37,1.25
2014.11.04 09:59:20.002,1.17645,1.17663,1.37,1.69
2014.11.04 09:59:20.299,1.17645,1.17663,2.06,1.69
2014.11.04 09:59:20.464,1.17648,1.17664,3.19,1.50
2014.11.04 09:59:20.566,1.17652,1.17668,2.32,1.00
2014.11.04 09:59:20.668,1.17652,1.1767,4.95,1.00
2014.11.04 09:59:20.719,1.17652,1.1767,3.82,1.00
2014.11.04 09:59:20.922,1.17655,1.17672,1.00,1.00
2014.11.04 09:59:21.304,1.17658,1.17672,1.00,1.00
2014.11.04 09:59:22.126,1.17656,1.17672,1.69,1.00
2014.11.04 09:59:22.481,1.17656,1.17672,2.06,2.25
2014.11.04 09:59:22.734,1.17661,1.17677,1.12,1.69
2014.11.04 09:59:22.988,1.17661,1.17679,1.62,2.44
2014.11.04 09:59:23.039,1.17664,1.17679,1.00,1.69
2014.11.04 09:59:23.254,1.1766,1.17678,1.69,1.00
2014.11.04 09:59:23.711,1.17659,1.17676,1.31,1.00
2014.11.04 09:59:24.016,1.1766,1.17673,1.12,1.00
2014.11.04 09:59:24.067,1.1766,1.17677,1.12,1.25
2014.11.04 09:59:24.220,1.17657,1.17676,2.06,1.12
2014.11.04 09:59:24.624,1.17657,1.17674,1.37,1.00
2014.11.04 09:59:25.131,1.17657,1.17675,1.87,1.00
2014.11.04 09:59:25.691,1.17657,1.17676,1.87,1.50
2014.11.04 09:59:25.995,1.17657,1.17676,1.87,1.50
2014.11.04 09:59:26.315,1.17657,1.17674,1.87,1.00
2014.11.04 09:59:26.841,1.17658,1.17675,1.37,1.00
2014.11.04 09:59:27.354,1.17658,1.17674,1.87,1.00
2014.11.04 09:59:27.686,1.17658,1.1767,1.00,1.00
2014.11.04 09:59:28.234,1.17657,1.17669,1.00,1.00
2014.11.04 09:59:28.487,1.17657,1.17671,1.12,1.00
2014.11.04 09:59:28.742,1.17657,1.17671,1.37,1.00
2014.11.04 09:59:29.725,1.17657,1.17671,1.37,1.00
2014.11.04 09:59:29.826,1.17654,1.17671,2.06,1.00
2014.11.04 09:59:30.231,1.17657,1.17671,1.00,1.00
2014.11.04 09:59:30.738,1.17655,1.17672,4.76,1.00
2014.11.04 09:59:31.095,1.17655,1.17669,4.39,1.00
2014.11.04 09:59:31.197,1.17655,1.17668,2.70,1.00
2014.11.04 09:59:31.456,1.17657,1.17672,1.00,1.00
2014.11.04 09:59:31.710,1.17655,1.17672,1.95,1.00
2014.11.04 09:59:32.255,1.17656,1.17671,4.65,1.00
2014.11.04 09:59:32.877,1.17658,1.17671,1.00,1.00
2014.11.04 09:59:32.979,1.17658,1.17673,3.07,1.00
2014.11.04 09:59:33.082,1.17658,1.17677,4.01,2.81
2014.11.04 09:59:33.662,1.17661,1.17678,4.09,1.87
2014.11.04 09:59:33.763,1.17661,1.17678,4.09,1.87
2014.11.04 09:59:34.610,1.17661,1.17678,4.46,1.37
2014.11.04 09:59:35.117,1.17662,1.17678,1.95,1.12
2014.11.04 09:59:35.648,1.1766,1.17678,2.06,1.00
2014.11.04 09:59:36.191,1.1766,1.17678,2.81,1.00
2014.11.04 09:59:36.741,1.1766,1.17679,2.81,1.25
2014.11.04 09:59:37.220,1.17662,1.1768,3.00,1.00
2014.11.04 09:59:37.422,1.17663,1.17684,4.76,2.25
2014.11.04 09:59:37.524,1.17663,1.17683,5.14,1.00
2014.11.04 09:59:37.574,1.17663,1.1768,5.14,1.00
2014.11.04 09:59:38.318,1.17665,1.1768,1.62,1.00
2014.11.04 09:59:38.631,1.17665,1.1768,1.25,1.12
2014.11.04 09:59:38.682,1.17665,1.17676,1.00,1.00
2014.11.04 09:59:38.935,1.17659,1.17673,1.00,1.00
2014.11.04 09:59:39.455,1.17659,1.17673,1.19,1.00
2014.11.04 09:59:39.981,1.17659,1.17672,1.37,3.90
2014.11.04 09:59:40.436,1.17659,1.17673,1.37,1.00
2014.11.04 09:59:40.740,1.17659,1.17674,1.50,1.00
2014.11.04 09:59:41.259,1.17662,1.17676,1.87,1.00
2014.11.04 09:59:41.808,1.17661,1.17677,1.87,1.00
2014.11.04 09:59:42.345,1.17661,1.17675,2.06,1.00
2014.11.04 09:59:42.649,1.1766,1.17675,2.44,1.00
2014.11.04 09:59:42.701,1.17663,1.17678,1.37,1.00
2014.11.04 09:59:42.954,1.17663,1.17679,1.95,1.00
2014.11.04 09:59:43.106,1.17662,1.17677,1.50,1.00
2014.11.04 09:59:43.465,1.17662,1.17675,1.00,1.00
2014.11.04 09:59:44.050,1.17661,1.17675,2.14,1.00
2014.11.04 09:59:44.573,1.17662,1.17674,1.00,1.00
2014.11.04 09:59:44.889,1.17659,1.17673,1.31,1.00
2014.11.04 09:59:47.492,1.17659,1.17673,1.37,1.00
2014.11.04 09:59:47.543,1.1766,1.17671,2.06,1.00
2014.11.04 09:59:47.644,1.17661,1.17673,1.25,1.00
2014.11.04 09:59:48.150,1.17657,1.17672,1.19,1.00
2014.11.04 09:59:48.201,1.17662,1.17673,1.50,1.00
2014.11.04 09:59:48.303,1.1766,1.17673,1.00,1.00
2014.11.04 09:59:48.505,1.17661,1.1767,1.00,1.00
2014.11.04 09:59:48.607,1.1766,1.17673,1.50,1.00
2014.11.04 09:59:49.013,1.17663,1.17673,1.00,1.00
2014.11.04 09:59:49.064,1.17663,1.17676,1.00,1.00
2014.11.04 09:59:49.422,1.17661,1.17676,1.00,1.00
2014.11.04 09:59:49.523,1.1766,1.17674,1.00,1.00
2014.11.04 09:59:50.024,1.1766,1.17673,1.00,1.00
2014.11.04 09:59:50.227,1.17658,1.17673,1.25,1.00
2014.11.04 09:59:50.531,1.17656,1.17672,1.00,1.00
2014.11.04 09:59:51.038,1.17655,1.17672,1.69,1.00
2014.11.04 09:59:51.584,1.17656,1.17673,2.25,1.00
2014.11.04 09:59:51.686,1.17659,1.17674,1.00,1.00
2014.11.04 09:59:51.839,1.17659,1.17676,1.00,1.00
2014.11.04 09:59:52.041,1.17661,1.17677,1.50,1.00
2014.11.04 09:59:52.815,1.17662,1.17677,1.00,1.00
2014.11.04 09:59:53.322,1.17663,1.17681,1.00,1.00
2014.11.04 09:59:54.421,1.17664,1.17681,4.65,1.00
2014.11.04 09:59:54.472,1.17667,1.17681,1.00,1.00
2014.11.04 09:59:54.523,1.17667,1.17683,1.00,1.00
2014.11.04 09:59:54.675,1.17666,1.17686,2.25,1.00
2014.11.04 09:59:54.828,1.17668,1.17685,1.00,1.00
2014.11.04 09:59:55.334,1.17666,1.17684,2.25,1.50
2014.11.04 09:59:55.587,1.17667,1.17682,1.50,1.00
2014.11.04 09:59:55.863,1.17667,1.17685,1.00,1.50
2014.11.04 09:59:57.902,1.17668,1.17685,1.00,1.00
2014.11.04 09:59:57.954,1.1767,1.17685,1.00,1.00
2014.11.04 09:59:58.157,1.17676,1.17693,1.00,1.00
2014.11.04 09:59:58.209,1.17676,1.17689,1.00,1.00
2014.11.04 09:59:58.362,1.17674,1.17689,1.50,1.50
2014.11.04 09:59:58.616,1.17672,1.17688,1.00,1.00
2014.11.04 09:59:58.667,1.17672,1.17685,1.00,1.00
2014.11.04 09:59:59.309,1.17672,1.17682,1.00,1.00
2014.11.04 09:59:59.361,1.1767,1.17682,1.50,1.00
2014.11.04 09:59:59.412,1.1767,1.17679,1.00,1.00
2014.11.04 09:59:59.513,1.17667,1.17677,1.50,1.00
2014.11.04 09:59:59.767,1.17664,1.17677,3.00,1.00
2014.11.04 09:59:59.970,1.17664,1.1768,2.25,1.00
