2014.11.03 14:00:00.988,1.18047,1.18063,1.00,1.00
2014.11.03 14:00:01.393,1.18054,1.18063,1.50,1.50
2014.11.03 14:00:01.545,1.1805,1.18066,1.69,1.50
2014.11.03 14:00:01.849,1.18052,1.18067,1.00,1.00
2014.11.03 14:00:02.391,1.18052,1.18068,1.00,1.00
2014.11.03 14:00:02.748,1.18052,1.18065,1.00,1.00
2014.11.03 14:00:02.951,1.1805,1.18065,1.50,1.00
2014.11.03 14:00:03.002,1.1805,1.18063,1.00,1.00
2014.11.03 14:00:03.305,1.1805,1.18061,1.00,1.00
2014.11.03 14:00:03.407,1.18051,1.18064,1.50,1.00
2014.11.03 14:00:03.913,1.1805,1.18064,1.00,1.00
2014.11.03 14:00:04.680,1.1805,1.18066,1.00,1.00
2014.11.03 14:00:06.536,1.1805,1.18064,1.00,1.00
2014.11.03 14:00:07.552,1.1805,1.18066,1.00,1.00
2014.11.03 14:00:10.259,1.1805,1.18067,3.00,1.00
2014.11.03 14:00:10.310,1.18052,1.18068,2.25,1.00
2014.11.03 14:00:11.861,1.18051,1.18068,2.25,1.00
2014.11.03 14:00:12.399,1.18052,1.18068,1.50,1.00
2014.11.03 14:00:12.950,1.18051,1.18068,2.25,1.50
2014.11.03 14:00:13.773,1.18051,1.18067,1.00,1.00
2014.11.03 14:00:14.308,1.18052,1.18068,1.50,6.34
2014.11.03 14:00:14.814,1.18051,1.18068,1.00,1.50
2014.11.03 14:00:16.122,1.18051,1.18067,1.00,1.00
2014.11.03 14:00:17.018,1.18051,1.18068,1.25,2.25
2014.11.03 14:00:17.573,1.18051,1.18068,1.19,1.00
2014.11.03 14:00:18.621,1.18051,1.18068,1.25,1.00
2014.11.03 14:00:20.805,1.18056,1.18068,1.00,1.50
2014.11.03 14:00:21.313,1.18057,1.18069,1.00,1.00
2014.11.03 14:00:22.767,1.18056,1.18069,1.00,1.00
2014.11.03 14:00:22.868,1.18056,1.18073,1.00,5.29
2014.11.03 14:00:26.409,1.18058,1.18072,1.00,1.60
2014.11.03 14:00:26.510,1.18058,1.18074,1.50,2.44
2014.11.03 14:00:26.763,1.1806,1.18073,1.50,1.50
2014.11.03 14:00:26.965,1.18056,1.18074,3.19,2.70
2014.11.03 14:00:27.168,1.18056,1.18072,1.00,1.00
2014.11.03 14:00:29.211,1.18056,1.18069,1.00,1.00
2014.11.03 14:00:29.364,1.18054,1.18071,3.00,1.25
2014.11.03 14:00:29.465,1.18054,1.18069,2.25,1.00
2014.11.03 14:00:29.516,1.18052,1.18069,3.19,1.00
2014.11.03 14:00:30.022,1.18051,1.18069,1.35,1.00
2014.11.03 14:00:30.708,1.18051,1.18067,1.35,1.00
2014.11.03 14:00:31.016,1.1805,1.18062,1.00,1.00
2014.11.03 14:00:31.372,1.18045,1.18061,1.00,1.00
2014.11.03 14:00:31.838,1.18042,1.18061,2.25,1.50
2014.11.03 14:00:32.330,1.18042,1.18059,2.25,1.00
2014.11.03 14:00:33.104,1.18042,1.1806,1.69,1.25
2014.11.03 14:00:33.461,1.18042,1.18058,1.69,1.00
2014.11.03 14:00:35.294,1.18042,1.18059,1.00,2.44
2014.11.03 14:00:36.756,1.18042,1.18059,1.00,2.44
2014.11.03 14:00:39.602,1.18042,1.18057,1.00,2.44
2014.11.03 14:00:40.108,1.18041,1.18058,1.50,1.19
2014.11.03 14:00:40.628,1.18042,1.18058,1.00,1.19
2014.11.03 14:00:41.142,1.18042,1.18057,1.00,2.44
2014.11.03 14:00:43.080,1.18042,1.18058,1.50,1.19
2014.11.03 14:00:44.128,1.18042,1.18056,1.50,1.19
2014.11.03 14:00:45.087,1.18042,1.18057,1.50,2.44
2014.11.03 14:00:46.114,1.18042,1.18056,1.00,2.44
2014.11.03 14:00:47.130,1.18042,1.18057,1.00,2.44
2014.11.03 14:00:48.106,1.18042,1.18056,1.00,1.19
2014.11.03 14:00:49.404,1.18042,1.18056,1.00,1.25
2014.11.03 14:00:50.439,1.18042,1.18056,1.50,1.19
2014.11.03 14:00:51.107,1.18042,1.18056,1.50,1.25
2014.11.03 14:00:52.800,1.18043,1.18056,1.00,1.25
2014.11.03 14:00:53.157,1.18043,1.18058,1.00,1.25
2014.11.03 14:00:54.150,1.18043,1.18057,1.00,1.19
2014.11.03 14:00:54.461,1.18043,1.18058,1.00,1.25
2014.11.03 14:00:56.534,1.18042,1.18059,1.50,1.69
2014.11.03 14:00:57.041,1.18042,1.18057,1.00,1.25
2014.11.03 14:00:57.555,1.18042,1.18055,1.00,1.19
2014.11.03 14:00:58.061,1.18041,1.18055,1.50,1.19
2014.11.03 14:00:58.365,1.18044,1.18056,1.00,1.19
2014.11.03 14:00:58.871,1.18044,1.18055,1.00,1.19
2014.11.03 14:00:58.942,1.18042,1.18055,1.50,1.19
2014.11.03 14:00:59.043,1.18042,1.18053,1.50,1.19
2014.11.03 14:00:59.146,1.1804,1.18054,1.50,1.25
2014.11.03 14:00:59.655,1.1804,1.18053,1.00,1.00
2014.11.03 14:01:00.161,1.18039,1.18053,1.00,1.69
2014.11.03 14:01:01.164,1.18039,1.18054,1.00,1.69
2014.11.03 14:01:01.367,1.18041,1.18054,1.00,1.00
2014.11.03 14:01:01.418,1.18041,1.18057,1.00,1.69
2014.11.03 14:01:01.925,1.18042,1.18055,1.50,1.25
2014.11.03 14:01:02.545,1.18042,1.18054,1.50,1.00
2014.11.03 14:01:03.601,1.18044,1.18054,1.00,1.00
2014.11.03 14:01:03.753,1.18044,1.18058,3.45,1.00
2014.11.03 14:01:04.259,1.18043,1.18059,1.50,1.19
2014.11.03 14:01:04.613,1.18042,1.18054,1.00,1.00
2014.11.03 14:01:04.715,1.18039,1.18054,1.00,1.00
2014.11.03 14:01:04.816,1.18041,1.18054,1.00,1.00
2014.11.03 14:01:05.272,1.18043,1.18055,1.00,1.25
2014.11.03 14:01:05.374,1.1804,1.18054,1.00,1.19
2014.11.03 14:01:05.728,1.18036,1.18054,2.10,2.44
2014.11.03 14:01:06.248,1.18036,1.18054,2.25,2.44
2014.11.03 14:01:06.924,1.18036,1.18053,3.00,1.19
2014.11.03 14:01:07.081,1.18036,1.1805,1.50,1.19
2014.11.03 14:01:07.488,1.18034,1.18049,1.00,1.25
2014.11.03 14:01:07.804,1.18034,1.18047,1.00,1.19
2014.11.03 14:01:08.211,1.18034,1.18049,1.00,1.19
2014.11.03 14:01:08.314,1.18035,1.1805,1.00,1.00
2014.11.03 14:01:08.365,1.18037,1.18052,1.00,1.19
2014.11.03 14:01:10.775,1.18037,1.1805,1.50,1.00
2014.11.03 14:01:11.001,1.18033,1.18049,1.00,1.69
2014.11.03 14:01:11.825,1.18033,1.18047,1.00,1.25
2014.11.03 14:01:12.331,1.18032,1.18046,1.50,1.00
2014.11.03 14:01:12.838,1.18031,1.18046,1.00,1.69
2014.11.03 14:01:13.808,1.18031,1.18044,1.00,2.44
2014.11.03 14:01:14.544,1.18028,1.18042,1.00,1.25
2014.11.03 14:01:15.076,1.18028,1.18044,1.00,1.69
2014.11.03 14:01:15.582,1.18028,1.18044,1.50,1.25
2014.11.03 14:01:15.804,1.18028,1.18042,1.00,1.00
2014.11.03 14:01:16.311,1.18028,1.18042,1.00,1.19
2014.11.03 14:01:17.233,1.18028,1.18041,1.00,2.44
2014.11.03 14:01:17.637,1.18027,1.18039,1.00,1.19
2014.11.03 14:01:17.789,1.18025,1.18038,1.00,3.19
2014.11.03 14:01:17.840,1.18025,1.18037,1.00,2.44
2014.11.03 14:01:18.043,1.18023,1.18038,1.50,1.19
2014.11.03 14:01:18.458,1.18024,1.18039,1.50,1.00
2014.11.03 14:01:18.661,1.18026,1.18041,1.00,1.69
2014.11.03 14:01:19.192,1.18027,1.18041,1.00,1.00
2014.11.03 14:01:19.738,1.18027,1.18042,1.50,1.25
2014.11.03 14:01:20.093,1.18027,1.18041,1.00,1.69
2014.11.03 14:01:20.599,1.18026,1.18039,1.00,1.25
2014.11.03 14:01:21.156,1.18026,1.1804,1.00,1.25
2014.11.03 14:01:21.662,1.18025,1.1804,1.00,1.25
2014.11.03 14:01:22.067,1.18024,1.18038,1.00,1.25
2014.11.03 14:01:22.780,1.18024,1.18038,1.00,1.19
2014.11.03 14:01:23.198,1.1802,1.18032,1.00,1.19
2014.11.03 14:01:23.400,1.18018,1.18031,1.00,1.19
2014.11.03 14:01:23.755,1.18015,1.1803,2.25,2.44
2014.11.03 14:01:23.805,1.18015,1.18028,2.25,2.44
2014.11.03 14:01:23.958,1.18009,1.18026,1.00,1.25
2014.11.03 14:01:24.010,1.18009,1.18024,1.00,1.25
2014.11.03 14:01:24.516,1.18009,1.18025,1.00,1.25
2014.11.03 14:01:24.835,1.18011,1.18025,1.00,1.25
2014.11.03 14:01:25.357,1.18012,1.18026,1.00,1.25
2014.11.03 14:01:25.662,1.18012,1.18024,1.00,1.69
2014.11.03 14:01:25.713,1.18009,1.18023,1.50,2.44
2014.11.03 14:01:26.220,1.18007,1.18023,2.85,2.44
2014.11.03 14:01:26.726,1.18009,1.18024,1.00,3.19
2014.11.03 14:01:27.691,1.18009,1.18022,1.00,1.19
2014.11.03 14:01:27.793,1.18007,1.18022,1.50,1.19
2014.11.03 14:01:27.895,1.18006,1.1802,1.00,1.19
2014.11.03 14:01:28.790,1.18006,1.18019,1.00,1.19
2014.11.03 14:01:29.320,1.18006,1.1802,1.00,1.19
2014.11.03 14:01:29.933,1.18005,1.1802,1.00,1.19
2014.11.03 14:01:33.004,1.18005,1.18019,1.00,1.19
2014.11.03 14:01:33.537,1.18006,1.18021,1.19,1.00
2014.11.03 14:01:34.848,1.18007,1.18021,1.19,1.00
2014.11.03 14:01:35.380,1.18007,1.18022,1.19,1.00
2014.11.03 14:01:36.393,1.18007,1.18023,1.19,1.00
2014.11.03 14:01:36.899,1.18006,1.18022,2.44,2.25
2014.11.03 14:01:38.422,1.18007,1.18022,1.19,2.25
2014.11.03 14:01:38.959,1.18007,1.18021,1.19,1.00
2014.11.03 14:01:39.464,1.18006,1.18021,1.69,1.00
2014.11.03 14:01:40.471,1.18009,1.18021,1.19,1.00
2014.11.03 14:01:41.353,1.18008,1.18021,1.25,1.00
2014.11.03 14:01:42.123,1.18008,1.18022,1.25,1.00
2014.11.03 14:01:42.645,1.18008,1.18022,1.19,1.00
2014.11.03 14:01:43.163,1.18009,1.18022,2.44,1.00
2014.11.03 14:01:43.316,1.18009,1.18024,2.44,1.50
2014.11.03 14:01:43.366,1.18012,1.18024,1.19,1.00
2014.11.03 14:01:43.569,1.18012,1.18028,2.89,1.00
2014.11.03 14:01:43.672,1.18013,1.1803,2.29,1.00
2014.11.03 14:01:43.773,1.18017,1.1803,2.44,1.00
2014.11.03 14:01:43.976,1.18015,1.18029,1.69,1.00
2014.11.03 14:01:44.128,1.18014,1.18026,1.19,1.00
2014.11.03 14:01:44.281,1.18012,1.18025,2.44,1.00
2014.11.03 14:01:45.292,1.18012,1.18025,1.25,1.00
2014.11.03 14:01:45.985,1.18011,1.18029,1.69,2.25
2014.11.03 14:01:46.086,1.18013,1.18029,1.69,1.50
2014.11.03 14:01:46.391,1.18017,1.1803,1.19,2.25
2014.11.03 14:01:46.594,1.18015,1.18029,1.19,1.00
2014.11.03 14:01:46.747,1.18015,1.18026,1.19,1.00
2014.11.03 14:01:47.103,1.18013,1.18026,1.19,1.00
2014.11.03 14:01:47.155,1.18013,1.18023,1.19,1.00
2014.11.03 14:01:47.257,1.18013,1.18026,1.19,1.00
2014.11.03 14:01:47.308,1.18011,1.18025,1.19,1.00
2014.11.03 14:01:47.865,1.18011,1.18024,1.19,1.00
2014.11.03 14:01:48.373,1.18011,1.18024,1.69,1.00
2014.11.03 14:01:48.425,1.18011,1.18026,1.69,1.50
2014.11.03 14:01:48.931,1.18011,1.18025,1.19,1.00
2014.11.03 14:01:48.982,1.18011,1.18023,1.19,1.00
2014.11.03 14:01:49.134,1.18009,1.18023,1.25,1.00
2014.11.03 14:01:49.605,1.18009,1.18025,1.25,1.00
2014.11.03 14:01:49.966,1.18007,1.18023,2.44,1.00
2014.11.03 14:01:50.675,1.18007,1.18024,2.44,1.00
2014.11.03 14:01:50.979,1.1801,1.18021,1.19,1.00
2014.11.03 14:01:51.838,1.18008,1.18021,2.44,1.00
2014.11.03 14:01:52.153,1.18006,1.18019,1.19,1.00
2014.11.03 14:01:52.356,1.18006,1.18021,1.19,1.00
2014.11.03 14:01:52.609,1.1801,1.18021,1.25,1.00
2014.11.03 14:01:52.812,1.1801,1.18024,1.25,1.50
2014.11.03 14:01:53.672,1.1801,1.18023,1.25,1.00
2014.11.03 14:01:54.178,1.1801,1.18023,1.19,1.00
2014.11.03 14:01:54.431,1.1801,1.18025,1.19,2.25
2014.11.03 14:01:54.939,1.18011,1.18024,1.25,1.00
2014.11.03 14:01:55.446,1.18011,1.18023,1.25,1.00
2014.11.03 14:01:55.952,1.18009,1.18022,2.44,1.00
2014.11.03 14:01:57.166,1.18008,1.18022,1.19,1.00
2014.11.03 14:01:57.282,1.18008,1.18018,1.19,1.00
2014.11.03 14:01:57.737,1.18008,1.18022,1.19,1.00
2014.11.03 14:01:57.838,1.18008,1.18018,1.19,1.00
2014.11.03 14:01:57.939,1.18008,1.18022,1.19,1.00
2014.11.03 14:01:58.445,1.18009,1.18022,2.44,2.25
2014.11.03 14:01:59.125,1.18008,1.18022,2.44,2.25
2014.11.03 14:02:01.182,1.18008,1.18022,1.25,1.00
2014.11.03 14:02:01.333,1.18009,1.18022,1.19,1.00
2014.11.03 14:02:01.961,1.18011,1.18023,2.44,1.50
2014.11.03 14:02:02.164,1.18014,1.18028,2.44,2.25
2014.11.03 14:02:02.265,1.18014,1.18026,2.44,1.00
2014.11.03 14:02:02.569,1.18017,1.18028,1.19,1.00
2014.11.03 14:02:03.360,1.18018,1.18028,1.19,1.00
2014.11.03 14:02:03.664,1.18016,1.18028,1.25,1.00
2014.11.03 14:02:04.263,1.18014,1.18028,2.44,1.00
2014.11.03 14:02:04.364,1.18013,1.18026,1.19,1.00
2014.11.03 14:02:04.668,1.18011,1.18024,2.44,1.00
2014.11.03 14:02:04.922,1.18011,1.18026,2.44,1.00
2014.11.03 14:02:05.074,1.18014,1.18026,1.25,1.00
2014.11.03 14:02:05.377,1.18014,1.18029,1.25,1.50
2014.11.03 14:02:05.681,1.18016,1.18029,1.25,1.50
2014.11.03 14:02:06.103,1.18017,1.18029,1.19,1.00
2014.11.03 14:02:06.407,1.18015,1.18029,1.50,1.00
2014.11.03 14:02:06.458,1.18015,1.18023,1.00,1.00
2014.11.03 14:02:06.964,1.18013,1.18024,1.69,1.00
2014.11.03 14:02:07.333,1.18014,1.18027,2.44,1.00
2014.11.03 14:02:07.537,1.18017,1.18027,1.00,1.00
2014.11.03 14:02:08.045,1.18017,1.18028,1.00,1.00
2014.11.03 14:02:08.754,1.18015,1.18025,1.69,1.00
2014.11.03 14:02:09.261,1.18015,1.18024,1.25,1.00
2014.11.03 14:02:09.413,1.18016,1.18027,1.19,1.00
2014.11.03 14:02:09.515,1.18018,1.18027,1.19,1.00
2014.11.03 14:02:09.667,1.18018,1.18029,1.19,1.00
2014.11.03 14:02:09.920,1.18017,1.18029,1.00,1.00
2014.11.03 14:02:10.325,1.18019,1.18033,1.25,1.50
2014.11.03 14:02:10.935,1.18019,1.18032,1.25,1.00
2014.11.03 14:02:11.402,1.18023,1.18034,1.25,1.00
2014.11.03 14:02:11.453,1.18023,1.18036,1.25,1.00
2014.11.03 14:02:11.910,1.18025,1.18037,1.25,1.00
2014.11.03 14:02:12.290,1.18025,1.18039,1.25,2.25
2014.11.03 14:02:12.946,1.18023,1.18039,1.19,2.25
2014.11.03 14:02:13.148,1.18022,1.18037,2.44,1.00
2014.11.03 14:02:13.682,1.18022,1.18037,1.50,1.00
2014.11.03 14:02:16.673,1.18025,1.18039,1.00,1.00
2014.11.03 14:02:16.775,1.18025,1.18041,1.00,1.50
2014.11.03 14:02:16.877,1.18023,1.1804,1.50,1.50
2014.11.03 14:02:17.424,1.18023,1.18039,1.00,1.50
2014.11.03 14:02:17.954,1.18022,1.18039,1.05,1.50
2014.11.03 14:02:20.031,1.18022,1.18039,1.54,1.50
2014.11.03 14:02:21.759,1.18022,1.18041,1.54,2.25
2014.11.03 14:02:22.437,1.18022,1.18041,2.29,1.50
2014.11.03 14:02:23.041,1.18024,1.18042,1.00,3.94
2014.11.03 14:02:23.567,1.18023,1.18042,2.44,3.94
2014.11.03 14:02:23.893,1.18026,1.18042,1.00,3.19
2014.11.03 14:02:29.335,1.18027,1.18042,1.00,1.00
2014.11.03 14:02:29.813,1.18027,1.18039,1.00,1.00
2014.11.03 14:02:29.864,1.18025,1.18039,1.54,1.00
2014.11.03 14:02:30.370,1.18024,1.18038,2.29,1.00
2014.11.03 14:02:30.472,1.18024,1.18042,2.29,2.44
2014.11.03 14:02:30.977,1.18023,1.18041,3.04,1.00
2014.11.03 14:02:32.231,1.18023,1.18038,1.19,1.00
2014.11.03 14:02:32.333,1.18022,1.18037,1.50,1.00
2014.11.03 14:02:32.638,1.18023,1.18037,3.30,1.00
2014.11.03 14:02:32.841,1.18024,1.18039,6.19,1.00
2014.11.03 14:02:33.347,1.18025,1.1804,1.00,1.00
2014.11.03 14:02:33.524,1.18025,1.18042,1.35,1.00
2014.11.03 14:02:33.727,1.18026,1.18043,2.44,1.50
2014.11.03 14:02:34.030,1.18031,1.18045,1.00,1.00
2014.11.03 14:02:34.082,1.18032,1.18048,1.00,1.25
2014.11.03 14:02:34.588,1.18031,1.18048,1.50,1.25
2014.11.03 14:02:34.942,1.18033,1.18048,2.44,1.00
2014.11.03 14:02:35.145,1.18036,1.18052,1.25,1.00
2014.11.03 14:02:35.661,1.18037,1.18053,2.70,1.00
2014.11.03 14:02:36.167,1.18036,1.18054,2.25,1.00
2014.11.03 14:02:36.697,1.18037,1.18054,1.00,1.00
2014.11.03 14:02:37.058,1.1804,1.18054,1.00,1.00
2014.11.03 14:02:37.587,1.18039,1.18054,1.00,1.00
2014.11.03 14:02:39.748,1.18036,1.18054,4.69,1.00
2014.11.03 14:02:40.254,1.18036,1.18052,3.00,1.60
2014.11.03 14:02:40.558,1.18034,1.18047,1.00,1.00
2014.11.03 14:02:40.762,1.1803,1.18047,1.19,1.50
2014.11.03 14:02:43.679,1.1803,1.18047,1.50,1.50
2014.11.03 14:02:44.186,1.18031,1.18048,1.00,1.50
2014.11.03 14:02:44.696,1.18031,1.18048,1.19,1.69
2014.11.03 14:02:45.159,1.1803,1.18048,1.69,3.94
2014.11.03 14:02:45.261,1.1803,1.18045,1.69,1.50
2014.11.03 14:02:45.801,1.1803,1.18044,1.25,1.00
2014.11.03 14:02:46.166,1.1803,1.18042,1.00,1.00
2014.11.03 14:02:46.672,1.1803,1.18043,1.00,1.00
2014.11.03 14:02:46.875,1.1803,1.18045,1.00,1.50
2014.11.03 14:02:46.977,1.18032,1.18045,1.00,1.50
2014.11.03 14:02:47.381,1.18031,1.18047,1.00,1.00
2014.11.03 14:02:48.507,1.18029,1.18047,2.44,1.50
2014.11.03 14:02:48.608,1.18029,1.18045,1.50,1.00
2014.11.03 14:02:48.913,1.18026,1.18042,1.00,1.00
2014.11.03 14:02:49.455,1.18025,1.18041,1.00,3.00
2014.11.03 14:02:49.810,1.18023,1.1804,1.50,1.00
2014.11.03 14:02:50.186,1.18023,1.18038,1.00,1.00
2014.11.03 14:02:51.096,1.18021,1.18038,2.10,3.00
2014.11.03 14:02:51.197,1.18021,1.18034,1.00,1.00
2014.11.03 14:02:51.249,1.18019,1.18034,1.00,1.00
2014.11.03 14:02:51.554,1.18019,1.18032,1.00,1.00
2014.11.03 14:02:51.859,1.18022,1.18034,1.00,1.50
2014.11.03 14:02:52.365,1.18021,1.18035,1.50,1.00
2014.11.03 14:02:52.881,1.18021,1.18036,1.50,1.00
2014.11.03 14:02:54.068,1.18022,1.18036,1.00,1.00
2014.11.03 14:02:54.834,1.18023,1.18036,1.00,1.00
2014.11.03 14:02:55.037,1.18021,1.18036,1.69,1.00
2014.11.03 14:02:55.568,1.18022,1.18036,1.00,1.00
2014.11.03 14:02:55.982,1.18019,1.18036,1.00,1.00
2014.11.03 14:02:56.033,1.18019,1.18033,1.00,1.00
2014.11.03 14:02:56.337,1.18018,1.1803,1.50,1.00
2014.11.03 14:02:56.642,1.1802,1.18034,1.25,1.00
2014.11.03 14:02:56.846,1.18018,1.18034,1.00,1.00
2014.11.03 14:02:57.099,1.18017,1.18032,1.00,1.95
2014.11.03 14:02:57.150,1.18015,1.18032,1.69,2.70
2014.11.03 14:02:57.685,1.18015,1.18033,1.25,2.25
2014.11.03 14:02:57.802,1.18015,1.18031,1.25,1.00
2014.11.03 14:02:58.308,1.18015,1.1803,1.00,1.00
2014.11.03 14:02:59.547,1.18016,1.1803,1.00,1.00
2014.11.03 14:03:00.093,1.18016,1.18031,1.00,1.00
2014.11.03 14:03:08.556,1.18017,1.18031,1.00,1.00
2014.11.03 14:03:09.368,1.18018,1.18033,1.00,1.50
2014.11.03 14:03:09.469,1.18021,1.18035,1.00,1.00
2014.11.03 14:03:09.734,1.18022,1.18038,1.00,3.00
2014.11.03 14:03:10.782,1.18022,1.18038,1.37,2.25
2014.11.03 14:03:11.620,1.18021,1.18036,2.06,1.00
2014.11.03 14:03:12.033,1.18021,1.18038,1.56,3.00
2014.11.03 14:03:12.850,1.18022,1.18038,1.56,2.25
2014.11.03 14:03:13.104,1.18022,1.18035,1.19,1.00
2014.11.03 14:03:13.155,1.18021,1.18035,1.00,1.00
2014.11.03 14:03:13.408,1.18019,1.18034,1.00,1.00
2014.11.03 14:03:13.963,1.18018,1.18034,1.50,1.00
2014.11.03 14:03:14.419,1.18016,1.18033,2.25,1.00
2014.11.03 14:03:14.925,1.18017,1.18033,1.00,1.00
2014.11.03 14:03:15.546,1.18018,1.18035,1.95,2.25
2014.11.03 14:03:15.628,1.18021,1.18036,1.00,2.25
2014.11.03 14:03:16.184,1.18021,1.18037,1.00,1.69
2014.11.03 14:03:17.547,1.1802,1.18037,1.69,1.50
2014.11.03 14:03:18.530,1.1802,1.18037,1.19,1.50
2014.11.03 14:03:20.575,1.1802,1.18037,1.25,1.50
2014.11.03 14:03:22.451,1.18019,1.18035,1.00,1.00
2014.11.03 14:03:22.757,1.18015,1.18028,1.00,1.00
2014.11.03 14:03:23.263,1.18014,1.18028,1.00,2.25
2014.11.03 14:03:23.668,1.18011,1.18026,1.50,1.25
2014.11.03 14:03:24.680,1.18011,1.18026,1.19,1.00
2014.11.03 14:03:24.883,1.18011,1.18028,1.19,1.25
2014.11.03 14:03:25.339,1.1801,1.18025,2.44,1.00
2014.11.03 14:03:25.892,1.1801,1.18025,1.69,1.00
2014.11.03 14:03:26.403,1.1801,1.18025,1.50,2.70
2014.11.03 14:03:27.516,1.1801,1.18023,1.25,1.00
2014.11.03 14:03:28.184,1.1801,1.18026,1.19,1.00
2014.11.03 14:03:29.176,1.1801,1.18026,1.25,1.00
2014.11.03 14:03:30.904,1.18012,1.18026,1.00,1.00
2014.11.03 14:03:31.409,1.18012,1.18026,1.69,1.00
2014.11.03 14:03:31.711,1.18012,1.18028,1.19,1.00
2014.11.03 14:03:31.913,1.18015,1.1803,1.00,1.25
2014.11.03 14:03:32.419,1.18014,1.1803,3.19,1.00
2014.11.03 14:03:33.243,1.18014,1.18032,3.94,1.50
2014.11.03 14:03:37.157,1.18014,1.18032,2.44,1.50
2014.11.03 14:03:37.360,1.18016,1.18032,1.00,1.00
2014.11.03 14:03:38.539,1.18016,1.18032,1.00,4.69
2014.11.03 14:03:38.590,1.18014,1.18032,1.50,3.94
2014.11.03 14:03:39.096,1.18014,1.18029,1.00,1.00
2014.11.03 14:03:40.461,1.18017,1.18029,1.00,1.00
2014.11.03 14:03:40.563,1.18014,1.18029,1.00,1.00
2014.11.03 14:03:41.075,1.18014,1.1803,1.00,1.50
2014.11.03 14:03:43.171,1.18014,1.18028,1.00,1.00
2014.11.03 14:03:43.222,1.18012,1.18027,1.69,1.00
2014.11.03 14:03:43.273,1.18012,1.18024,1.00,1.00
2014.11.03 14:03:43.374,1.1801,1.18024,1.00,1.00
2014.11.03 14:03:43.576,1.18008,1.18025,1.00,1.95
2014.11.03 14:03:44.144,1.18008,1.18023,1.00,1.00
2014.11.03 14:03:46.093,1.18007,1.18023,1.00,1.00
2014.11.03 14:03:46.598,1.18006,1.18023,2.10,1.00
2014.11.03 14:03:47.848,1.18007,1.18023,1.00,1.00
2014.11.03 14:03:48.595,1.18012,1.18023,1.00,1.50
2014.11.03 14:03:48.697,1.18008,1.18023,1.00,1.00
2014.11.03 14:03:48.953,1.18009,1.18027,1.00,3.19
2014.11.03 14:03:49.106,1.18009,1.18027,3.94,3.75
2014.11.03 14:03:49.411,1.18013,1.18029,1.25,2.44
2014.11.03 14:03:51.374,1.18013,1.18027,1.69,1.00
2014.11.03 14:03:52.946,1.18013,1.18027,1.19,1.00
2014.11.03 14:03:53.502,1.18013,1.18029,1.19,1.00
2014.11.03 14:03:54.012,1.18013,1.1803,2.25,4.39
2014.11.03 14:03:54.165,1.18012,1.18028,1.50,1.00
2014.11.03 14:03:54.671,1.18011,1.18028,1.50,1.00
2014.11.03 14:03:55.177,1.18012,1.18027,1.25,1.00
2014.11.03 14:03:55.697,1.18011,1.18028,1.69,1.50
2014.11.03 14:03:56.025,1.18012,1.18026,1.00,1.00
2014.11.03 14:03:56.483,1.18011,1.18028,1.25,4.20
2014.11.03 14:03:57.350,1.1801,1.18028,1.00,1.50
2014.11.03 14:03:58.036,1.18012,1.18028,1.00,1.00
2014.11.03 14:03:59.859,1.1801,1.18028,1.69,2.25
2014.11.03 14:03:59.961,1.1801,1.18026,1.69,1.00
2014.11.03 14:04:00.264,1.18007,1.18023,1.50,1.00
2014.11.03 14:04:00.618,1.18007,1.18021,1.50,1.00
2014.11.03 14:04:01.280,1.18008,1.18023,1.50,2.25
2014.11.03 14:04:01.382,1.1801,1.18023,1.00,1.50
2014.11.03 14:04:01.535,1.1801,1.18026,3.00,1.00
2014.11.03 14:04:01.638,1.1801,1.18028,5.70,1.00
2014.11.03 14:04:02.140,1.18011,1.18027,1.00,1.00
2014.11.03 14:04:02.960,1.1801,1.18027,1.50,1.50
2014.11.03 14:04:03.270,1.18013,1.18027,1.50,2.25
2014.11.03 14:04:03.862,1.18013,1.18026,1.50,1.00
2014.11.03 14:04:04.467,1.1801,1.18026,1.50,1.00
2014.11.03 14:04:04.973,1.18011,1.18027,1.50,1.00
2014.11.03 14:04:05.731,1.18011,1.18028,2.25,2.25
2014.11.03 14:04:07.542,1.18011,1.18027,1.69,1.50
2014.11.03 14:04:08.083,1.1801,1.18027,1.00,1.00
2014.11.03 14:04:08.717,1.1801,1.18027,1.00,1.19
2014.11.03 14:04:09.704,1.1801,1.18027,1.00,1.00
2014.11.03 14:04:10.641,1.1801,1.18028,1.00,3.19
2014.11.03 14:04:11.415,1.18012,1.18028,1.00,3.19
2014.11.03 14:04:11.922,1.18013,1.18028,1.00,2.25
2014.11.03 14:04:12.175,1.18008,1.18025,1.69,1.00
2014.11.03 14:04:12.530,1.1801,1.18026,1.69,1.00
2014.11.03 14:04:13.037,1.18011,1.18027,1.50,1.00
2014.11.03 14:04:13.342,1.18013,1.18027,1.00,1.00
2014.11.03 14:04:14.074,1.18013,1.18029,1.00,1.69
2014.11.03 14:04:14.580,1.18013,1.1803,1.00,2.25
2014.11.03 14:04:16.577,1.18014,1.1803,2.25,1.00
2014.11.03 14:04:17.901,1.18013,1.1803,1.50,3.45
2014.11.03 14:04:17.952,1.18013,1.18028,1.50,1.00
2014.11.03 14:04:18.560,1.18012,1.18028,1.25,1.00
2014.11.03 14:04:20.093,1.18012,1.18026,1.00,1.00
2014.11.03 14:04:20.397,1.18011,1.18023,1.00,1.50
2014.11.03 14:04:20.549,1.18007,1.18021,1.50,1.00
2014.11.03 14:04:20.650,1.18005,1.18021,1.50,1.00
2014.11.03 14:04:21.292,1.18004,1.18021,3.75,1.00
2014.11.03 14:04:22.863,1.18004,1.18022,3.00,1.00
2014.11.03 14:04:23.065,1.18004,1.18024,3.00,3.45
2014.11.03 14:04:23.116,1.18007,1.18024,1.00,3.45
2014.11.03 14:04:24.288,1.18008,1.18025,1.00,2.25
2014.11.03 14:04:24.795,1.18011,1.18026,3.90,1.50
2014.11.03 14:04:25.201,1.18009,1.18025,3.64,1.00
2014.11.03 14:04:25.622,1.18009,1.18027,4.39,1.00
2014.11.03 14:04:27.465,1.18009,1.18024,1.00,1.00
2014.11.03 14:04:27.566,1.18007,1.18024,2.44,3.75
2014.11.03 14:04:27.719,1.18006,1.18019,1.00,1.00
2014.11.03 14:04:27.871,1.18004,1.1802,1.00,1.50
2014.11.03 14:04:28.383,1.18004,1.18019,1.00,1.00
2014.11.03 14:04:28.771,1.18002,1.18019,1.25,1.50
2014.11.03 14:04:28.924,1.18002,1.18016,1.50,2.14
2014.11.03 14:04:29.026,1.18,1.18015,1.00,3.00
2014.11.03 14:04:29.127,1.17997,1.18014,1.00,1.00
2014.11.03 14:04:29.229,1.18,1.18014,1.00,1.00
2014.11.03 14:04:29.535,1.18002,1.18015,1.00,1.00
2014.11.03 14:04:29.688,1.18002,1.18017,1.00,1.00
2014.11.03 14:04:30.693,1.18002,1.18016,1.50,1.00
2014.11.03 14:04:35.391,1.18002,1.18017,1.50,1.00
2014.11.03 14:04:38.633,1.18002,1.18018,1.50,1.00
2014.11.03 14:04:40.705,1.18003,1.18018,1.00,1.00
2014.11.03 14:04:40.908,1.18004,1.18021,1.50,1.50
2014.11.03 14:04:42.560,1.18004,1.1802,1.50,1.00
2014.11.03 14:04:42.864,1.18006,1.18019,1.95,1.00
2014.11.03 14:04:43.068,1.18003,1.18019,1.00,1.00
2014.11.03 14:04:43.119,1.18005,1.18019,1.00,1.00
2014.11.03 14:04:43.221,1.18007,1.18023,1.50,2.44
2014.11.03 14:04:43.324,1.18007,1.18021,1.00,1.50
2014.11.03 14:04:43.426,1.18007,1.18023,2.25,1.25
2014.11.03 14:04:43.527,1.18009,1.18023,1.00,1.00
2014.11.03 14:04:44.215,1.18009,1.18024,1.00,1.00
2014.11.03 14:04:44.520,1.1801,1.18026,2.70,1.69
2014.11.03 14:04:45.986,1.18009,1.18025,1.00,1.50
2014.11.03 14:04:47.503,1.1801,1.18025,1.00,1.50
2014.11.03 14:04:48.054,1.18009,1.18025,1.50,1.50
2014.11.03 14:04:49.052,1.18011,1.18025,1.60,1.50
2014.11.03 14:04:49.356,1.18016,1.18028,1.00,1.00
2014.11.03 14:04:49.881,1.18015,1.18028,1.00,1.00
2014.11.03 14:04:52.794,1.18015,1.18029,1.00,1.50
2014.11.03 14:04:55.376,1.18015,1.18027,1.00,1.50
2014.11.03 14:04:55.427,1.18012,1.18027,1.50,1.50
2014.11.03 14:04:55.528,1.18012,1.18029,1.00,1.35
2014.11.03 14:04:56.086,1.18013,1.18029,1.00,1.35
2014.11.03 14:04:56.632,1.18014,1.18029,1.00,1.00
2014.11.03 14:04:56.734,1.18017,1.18032,1.00,1.00
2014.11.03 14:04:56.885,1.18017,1.18036,2.25,1.69
2014.11.03 14:04:57.391,1.1802,1.18036,1.00,1.00
2014.11.03 14:04:57.695,1.18022,1.18036,1.95,1.00
2014.11.03 14:04:57.898,1.18022,1.18039,2.70,2.44
2014.11.03 14:04:57.949,1.18022,1.18037,1.95,1.00
2014.11.03 14:04:58.282,1.18022,1.18035,1.95,1.00
2014.11.03 14:04:59.300,1.1802,1.18035,2.70,1.00
2014.11.03 14:04:59.973,1.1802,1.18036,1.00,1.00
2014.11.03 14:05:00.319,1.1802,1.18038,2.25,1.69
2014.11.03 14:05:00.588,1.18022,1.18038,1.00,2.44
2014.11.03 14:05:01.111,1.18023,1.1804,1.00,1.19
2014.11.03 14:05:01.734,1.18023,1.1804,1.00,1.00
2014.11.03 14:05:03.715,1.18023,1.18038,1.00,1.00
2014.11.03 14:05:04.221,1.18022,1.18038,1.00,1.50
2014.11.03 14:05:08.042,1.18022,1.18033,1.00,1.00
2014.11.03 14:05:08.195,1.18019,1.18033,1.00,1.00
2014.11.03 14:05:09.432,1.18019,1.18034,1.00,1.00
2014.11.03 14:05:10.700,1.18018,1.18034,1.00,1.00
2014.11.03 14:05:10.905,1.18016,1.18033,2.25,2.25
2014.11.03 14:05:11.362,1.18016,1.18031,1.00,1.00
2014.11.03 14:05:11.887,1.18017,1.18031,1.00,1.00
2014.11.03 14:05:12.876,1.18017,1.18029,1.00,1.50
2014.11.03 14:05:13.029,1.18014,1.18029,1.00,1.50
2014.11.03 14:05:13.080,1.18012,1.18029,2.25,2.25
2014.11.03 14:05:14.941,1.18016,1.18029,1.00,1.00
2014.11.03 14:05:15.719,1.18012,1.18029,1.50,1.50
2014.11.03 14:05:16.222,1.18012,1.18028,1.50,1.50
2014.11.03 14:05:16.476,1.18017,1.18028,1.00,1.50
2014.11.03 14:05:16.790,1.18012,1.18028,1.50,1.50
2014.11.03 14:05:17.499,1.18012,1.18029,1.00,2.25
2014.11.03 14:05:18.007,1.18012,1.18028,1.00,2.25
2014.11.03 14:05:18.058,1.18012,1.18025,1.00,1.95
2014.11.03 14:05:19.438,1.18012,1.18024,1.00,1.00
2014.11.03 14:05:20.360,1.18011,1.18024,1.00,1.00
2014.11.03 14:05:20.867,1.1801,1.18023,1.00,1.00
2014.11.03 14:05:21.516,1.1801,1.18024,1.00,1.50
2014.11.03 14:05:23.814,1.18011,1.18024,1.00,1.50
2014.11.03 14:05:25.880,1.18012,1.18024,1.00,1.50
2014.11.03 14:05:27.212,1.18013,1.18022,1.00,1.50
2014.11.03 14:05:27.314,1.18008,1.18024,1.50,1.00
2014.11.03 14:05:27.821,1.18009,1.18024,1.00,1.95
2014.11.03 14:05:28.185,1.18011,1.18024,1.00,1.95
2014.11.03 14:05:32.833,1.18008,1.18023,1.00,1.00
2014.11.03 14:05:32.935,1.18008,1.18021,1.00,1.50
2014.11.03 14:05:33.441,1.18008,1.18023,1.00,3.75
2014.11.03 14:05:33.846,1.18007,1.1802,1.00,1.00
2014.11.03 14:05:34.365,1.18008,1.18021,1.00,1.00
2014.11.03 14:05:34.915,1.18008,1.18022,1.00,1.50
2014.11.03 14:05:36.102,1.18009,1.18022,1.00,1.50
2014.11.03 14:05:36.412,1.18009,1.1802,1.00,1.00
2014.11.03 14:05:36.718,1.18002,1.1801,1.00,1.00
2014.11.03 14:05:36.896,1.17996,1.18012,1.00,1.50
2014.11.03 14:05:38.464,1.17994,1.18012,2.25,1.50
2014.11.03 14:05:38.723,1.17997,1.18012,1.00,1.50
2014.11.03 14:05:40.440,1.17994,1.18012,3.19,1.50
2014.11.03 14:05:40.693,1.18002,1.18012,1.00,2.25
2014.11.03 14:05:40.795,1.17996,1.18012,2.70,1.00
2014.11.03 14:05:42.116,1.17997,1.18012,1.00,4.20
2014.11.03 14:05:42.662,1.17996,1.18012,1.00,4.20
2014.11.03 14:05:42.865,1.17994,1.18012,2.25,3.45
2014.11.03 14:05:43.017,1.17994,1.18008,1.50,1.00
2014.11.03 14:05:43.349,1.17997,1.18008,1.00,1.00
2014.11.03 14:05:43.674,1.17994,1.18008,1.00,1.00
2014.11.03 14:05:46.176,1.17993,1.18008,1.00,1.00
2014.11.03 14:05:47.865,1.17993,1.18007,1.00,1.50
2014.11.03 14:05:48.473,1.17996,1.18007,1.00,1.50
2014.11.03 14:05:48.726,1.17993,1.18008,1.00,1.00
2014.11.03 14:05:48.929,1.17994,1.18011,1.00,1.00
2014.11.03 14:05:49.082,1.17996,1.18011,1.00,1.00
2014.11.03 14:05:49.588,1.17997,1.18011,1.00,1.00
2014.11.03 14:05:50.245,1.17997,1.18012,1.00,1.00
2014.11.03 14:05:50.766,1.17998,1.18013,1.00,2.25
2014.11.03 14:05:51.275,1.17997,1.18012,1.00,2.25
2014.11.03 14:05:51.732,1.18,1.18013,1.00,1.00
2014.11.03 14:05:51.782,1.18,1.18015,1.00,3.00
2014.11.03 14:05:52.172,1.17998,1.18015,1.00,3.00
2014.11.03 14:05:52.715,1.17998,1.18014,1.00,1.50
2014.11.03 14:05:53.805,1.18,1.18014,1.00,1.50
2014.11.03 14:05:54.113,1.17997,1.1801,1.25,1.00
2014.11.03 14:05:54.620,1.17997,1.18011,1.25,1.00
2014.11.03 14:05:55.395,1.17999,1.18011,1.00,1.00
2014.11.03 14:05:55.547,1.18002,1.18015,1.00,2.25
2014.11.03 14:05:55.649,1.18003,1.18018,3.45,1.00
2014.11.03 14:05:55.700,1.18005,1.1802,1.50,1.50
2014.11.03 14:05:56.004,1.1801,1.18025,1.00,3.45
2014.11.03 14:05:56.530,1.1801,1.18026,1.00,1.00
2014.11.03 14:05:57.068,1.18009,1.18025,1.25,1.00
2014.11.03 14:05:57.879,1.18009,1.18026,1.00,1.00
2014.11.03 14:05:58.572,1.18009,1.18025,1.00,1.00
2014.11.03 14:05:59.310,1.18009,1.18026,1.25,1.00
2014.11.03 14:05:59.972,1.18011,1.18026,1.00,1.00
2014.11.03 14:06:00.494,1.18011,1.18027,1.50,1.00
2014.11.03 14:06:01.321,1.18011,1.18026,1.00,1.00
2014.11.03 14:06:01.625,1.18007,1.18022,1.00,1.95
2014.11.03 14:06:02.132,1.18008,1.18024,1.00,1.25
2014.11.03 14:06:02.234,1.18008,1.18022,1.00,1.50
2014.11.03 14:06:02.592,1.18008,1.18025,2.25,2.25
2014.11.03 14:06:02.643,1.18009,1.18025,1.19,1.50
2014.11.03 14:06:02.947,1.18015,1.18029,1.00,3.00
2014.11.03 14:06:03.251,1.18012,1.18027,1.00,1.00
2014.11.03 14:06:03.757,1.18012,1.18028,1.00,1.00
2014.11.03 14:06:04.618,1.18012,1.18029,1.00,1.50
2014.11.03 14:06:05.138,1.18013,1.18029,1.00,1.50
2014.11.03 14:06:05.672,1.18013,1.18028,1.00,1.00
2014.11.03 14:06:07.150,1.18013,1.18029,1.00,1.00
2014.11.03 14:06:07.745,1.18017,1.18029,1.00,1.00
2014.11.03 14:06:07.846,1.18013,1.18029,1.50,1.00
2014.11.03 14:06:07.949,1.18013,1.18031,1.50,1.25
2014.11.03 14:06:08.423,1.18015,1.18031,1.00,1.25
2014.11.03 14:06:08.728,1.18017,1.18032,1.00,1.25
2014.11.03 14:06:09.235,1.18015,1.1803,1.69,1.00
2014.11.03 14:06:09.286,1.18015,1.18029,1.00,1.00
2014.11.03 14:06:09.439,1.18015,1.18026,1.00,1.50
2014.11.03 14:06:09.540,1.18015,1.18028,1.00,1.50
2014.11.03 14:06:09.642,1.18012,1.18028,1.69,1.00
2014.11.03 14:06:09.946,1.18014,1.18029,1.00,1.50
2014.11.03 14:06:10.453,1.18014,1.1803,1.00,2.25
2014.11.03 14:06:10.757,1.18016,1.18031,2.44,1.50
2014.11.03 14:06:11.263,1.18016,1.18032,2.44,1.00
2014.11.03 14:06:11.770,1.18017,1.18033,2.70,1.00
2014.11.03 14:06:12.073,1.18018,1.18034,1.69,1.00
2014.11.03 14:06:12.377,1.18018,1.18032,2.44,1.00
2014.11.03 14:06:12.760,1.18021,1.18032,1.00,1.00
2014.11.03 14:06:12.979,1.18021,1.18034,1.00,1.00
2014.11.03 14:06:13.764,1.1802,1.18034,1.50,1.00
2014.11.03 14:06:13.815,1.18022,1.18034,1.00,1.00
2014.11.03 14:06:13.917,1.1802,1.18033,1.00,2.25
2014.11.03 14:06:13.968,1.1802,1.18031,1.00,1.00
2014.11.03 14:06:14.777,1.18018,1.18031,1.00,1.00
2014.11.03 14:06:15.543,1.18017,1.18031,1.50,1.00
2014.11.03 14:06:16.094,1.18016,1.18031,2.25,1.00
2014.11.03 14:06:16.867,1.18015,1.18031,3.19,1.00
2014.11.03 14:06:17.071,1.18013,1.18027,1.00,1.00
2014.11.03 14:06:17.274,1.18011,1.18027,1.00,1.50
2014.11.03 14:06:17.528,1.18014,1.18028,1.00,1.00
2014.11.03 14:06:17.832,1.18017,1.18029,1.00,1.00
2014.11.03 14:06:17.984,1.18014,1.1803,1.00,1.69
2014.11.03 14:06:18.741,1.18014,1.18029,1.50,1.00
2014.11.03 14:06:19.096,1.18012,1.18028,1.00,2.44
2014.11.03 14:06:19.197,1.18012,1.18027,1.50,1.19
2014.11.03 14:06:19.406,1.18012,1.18028,1.00,3.19
2014.11.03 14:06:19.660,1.18012,1.18026,1.00,1.00
2014.11.03 14:06:21.721,1.18016,1.18026,1.00,1.00
2014.11.03 14:06:21.772,1.18016,1.18028,1.00,1.25
2014.11.03 14:06:21.974,1.18017,1.1803,1.00,1.00
2014.11.03 14:06:22.696,1.18016,1.1803,1.00,1.00
2014.11.03 14:06:23.202,1.18017,1.1803,1.00,1.00
2014.11.03 14:06:23.507,1.18017,1.18027,1.00,1.50
2014.11.03 14:06:24.013,1.18016,1.18027,1.00,3.37
2014.11.03 14:06:24.267,1.18012,1.18025,1.00,1.00
2014.11.03 14:06:24.369,1.18017,1.18024,1.00,1.50
2014.11.03 14:06:24.471,1.18012,1.18025,1.00,1.19
2014.11.03 14:06:24.522,1.18012,1.18028,1.50,2.70
2014.11.03 14:06:24.624,1.18014,1.18028,1.00,1.50
2014.11.03 14:06:24.928,1.18016,1.18029,1.00,1.00
2014.11.03 14:06:25.296,1.18017,1.18027,1.00,1.00
2014.11.03 14:06:25.549,1.18012,1.18027,1.00,1.50
2014.11.03 14:06:25.853,1.18014,1.18027,1.00,1.00
2014.11.03 14:06:26.326,1.18016,1.18027,1.00,1.00
2014.11.03 14:06:26.427,1.18014,1.18027,1.00,1.00
2014.11.03 14:06:26.884,1.18017,1.18027,1.00,2.25
2014.11.03 14:06:26.985,1.18014,1.18027,1.00,1.50
2014.11.03 14:06:27.037,1.18012,1.18027,1.00,1.50
2014.11.03 14:06:27.138,1.18012,1.18024,1.00,1.00
2014.11.03 14:06:27.452,1.18009,1.18023,1.00,1.00
2014.11.03 14:06:27.655,1.18007,1.18023,1.00,1.50
2014.11.03 14:06:29.451,1.18006,1.18023,1.50,3.45
2014.11.03 14:06:30.551,1.18007,1.18023,1.50,2.70
2014.11.03 14:06:31.683,1.1801,1.18023,1.00,1.95
2014.11.03 14:06:31.988,1.18013,1.18026,1.00,1.00
2014.11.03 14:06:32.292,1.18013,1.18028,1.50,2.25
2014.11.03 14:06:32.495,1.18014,1.1803,1.00,1.50
2014.11.03 14:06:33.004,1.18015,1.18031,1.00,1.00
2014.11.03 14:06:36.381,1.18015,1.18032,1.50,1.00
2014.11.03 14:06:39.623,1.18017,1.18032,1.00,1.00
2014.11.03 14:06:41.204,1.18016,1.18032,1.00,1.00
2014.11.03 14:06:41.614,1.18013,1.18031,1.00,4.20
2014.11.03 14:06:41.867,1.18013,1.18029,1.00,1.00
2014.11.03 14:06:42.274,1.18015,1.18029,1.00,1.00
2014.11.03 14:06:42.325,1.18016,1.18032,1.00,2.25
2014.11.03 14:06:42.528,1.18017,1.18034,1.00,1.25
2014.11.03 14:06:42.950,1.18021,1.18035,1.00,1.00
2014.11.03 14:06:43.255,1.18023,1.18036,1.00,2.25
2014.11.03 14:06:43.478,1.18021,1.18036,1.00,2.25
2014.11.03 14:06:44.852,1.18021,1.18037,1.50,1.00
2014.11.03 14:06:45.711,1.18024,1.18037,1.00,1.00
2014.11.03 14:06:45.863,1.18024,1.1804,1.00,1.25
2014.11.03 14:06:47.950,1.18025,1.18042,1.00,1.00
2014.11.03 14:06:48.456,1.18025,1.18043,1.50,4.20
2014.11.03 14:06:49.359,1.18025,1.18043,3.60,4.20
2014.11.03 14:06:49.410,1.18029,1.18043,1.00,4.20
2014.11.03 14:06:49.613,1.18032,1.18047,1.00,1.00
2014.11.03 14:06:49.714,1.18033,1.18049,1.00,3.90
2014.11.03 14:06:49.868,1.18036,1.1805,1.50,1.00
2014.11.03 14:06:50.020,1.18037,1.18053,1.00,1.00
2014.11.03 14:06:50.121,1.18037,1.18055,1.00,5.70
2014.11.03 14:06:51.025,1.18038,1.18055,1.00,3.00
2014.11.03 14:06:52.260,1.18039,1.18055,1.00,1.50
2014.11.03 14:06:52.412,1.18041,1.18057,1.00,1.00
2014.11.03 14:06:52.565,1.18042,1.18059,1.00,1.50
2014.11.03 14:06:52.746,1.18046,1.18059,1.00,1.00
2014.11.03 14:06:52.950,1.18046,1.18061,1.00,1.25
2014.11.03 14:06:53.211,1.18044,1.18061,1.50,1.25
2014.11.03 14:06:53.313,1.18046,1.18061,1.00,1.25
2014.11.03 14:06:53.820,1.18049,1.18063,1.00,1.00
2014.11.03 14:06:54.326,1.18049,1.18066,1.00,3.19
2014.11.03 14:06:54.529,1.18049,1.18067,1.00,2.44
2014.11.03 14:06:54.581,1.18047,1.18067,5.14,2.44
2014.11.03 14:06:54.654,1.1805,1.18067,1.00,1.69
2014.11.03 14:06:55.163,1.18051,1.18067,1.00,1.50
2014.11.03 14:06:55.315,1.18051,1.18069,1.50,4.99
2014.11.03 14:06:55.671,1.18053,1.18069,1.00,5.14
2014.11.03 14:06:55.880,1.1805,1.18069,4.20,3.19
2014.11.03 14:06:56.092,1.18052,1.18069,1.00,1.69
2014.11.03 14:06:56.397,1.18054,1.18069,1.00,1.50
2014.11.03 14:06:56.711,1.18054,1.18071,1.00,1.25
2014.11.03 14:06:56.761,1.18056,1.18071,1.00,1.25
2014.11.03 14:06:57.269,1.18055,1.1807,1.00,1.00
2014.11.03 14:06:57.573,1.18055,1.1807,1.00,1.19
2014.11.03 14:06:58.049,1.18053,1.18069,1.00,1.19
2014.11.03 14:06:58.553,1.18052,1.18067,1.00,1.00
2014.11.03 14:06:59.070,1.18052,1.18069,1.00,1.69
2014.11.03 14:06:59.777,1.18052,1.18066,1.00,1.00
2014.11.03 14:06:59.980,1.18052,1.18068,1.00,1.00
2014.11.03 14:07:00.486,1.18054,1.1807,1.00,1.69
2014.11.03 14:07:00.798,1.1805,1.18061,1.00,1.50
2014.11.03 14:07:00.850,1.18047,1.18061,1.00,2.25
2014.11.03 14:07:01.255,1.18045,1.1806,1.00,1.69
2014.11.03 14:07:01.357,1.18045,1.1806,1.00,1.00
2014.11.03 14:07:01.863,1.18045,1.18059,1.00,1.00
2014.11.03 14:07:02.782,1.18045,1.1806,1.00,1.50
2014.11.03 14:07:03.328,1.18044,1.1806,1.00,1.00
2014.11.03 14:07:03.783,1.18046,1.18061,1.00,1.25
2014.11.03 14:07:04.188,1.18044,1.18062,1.50,1.19
2014.11.03 14:07:05.484,1.18043,1.18061,1.00,1.69
2014.11.03 14:07:06.781,1.18042,1.18059,1.00,1.25
2014.11.03 14:07:07.286,1.18042,1.18058,1.00,1.00
2014.11.03 14:07:08.726,1.18042,1.18057,1.00,1.00
2014.11.03 14:07:09.255,1.18043,1.18057,1.00,1.00
2014.11.03 14:07:09.761,1.18042,1.18057,1.00,1.00
2014.11.03 14:07:10.267,1.18041,1.18057,1.50,1.00
2014.11.03 14:07:11.659,1.18042,1.18057,1.00,1.00
2014.11.03 14:07:11.862,1.18046,1.18063,1.00,1.00
2014.11.03 14:07:12.368,1.18046,1.18064,3.94,2.25
2014.11.03 14:07:13.607,1.18047,1.18065,4.20,1.50
2014.11.03 14:07:14.911,1.18047,1.18062,2.70,1.00
2014.11.03 14:07:15.214,1.18046,1.18059,1.00,1.00
2014.11.03 14:07:15.417,1.18043,1.18059,1.00,1.00
2014.11.03 14:07:15.519,1.18046,1.18059,1.00,1.00
2014.11.03 14:07:15.873,1.18041,1.18058,2.25,1.00
2014.11.03 14:07:16.440,1.18042,1.18058,1.00,1.00
2014.11.03 14:07:16.968,1.18041,1.18056,2.25,2.10
2014.11.03 14:07:17.172,1.18035,1.1805,1.00,1.00
2014.11.03 14:07:17.223,1.18035,1.18048,1.00,1.00
2014.11.03 14:07:17.630,1.18037,1.18047,1.00,1.00
2014.11.03 14:07:17.833,1.18031,1.18045,1.00,1.19
2014.11.03 14:07:17.934,1.18029,1.18045,1.00,1.19
2014.11.03 14:07:18.457,1.18028,1.18043,1.00,1.00
2014.11.03 14:07:18.561,1.18026,1.18043,1.50,1.00
2014.11.03 14:07:19.077,1.18026,1.18042,1.50,1.00
2014.11.03 14:07:19.598,1.18027,1.18042,1.00,1.50
2014.11.03 14:07:20.267,1.18027,1.18041,1.00,1.00
2014.11.03 14:07:20.570,1.18026,1.18043,1.00,1.25
2014.11.03 14:07:20.932,1.18026,1.18041,1.00,1.00
2014.11.03 14:07:22.149,1.18027,1.18041,1.00,1.00
2014.11.03 14:07:22.907,1.18027,1.18041,1.00,2.62
2014.11.03 14:07:23.977,1.18023,1.1804,2.14,1.37
2014.11.03 14:07:24.482,1.18022,1.1804,3.19,1.62
2014.11.03 14:07:25.007,1.18022,1.1804,3.19,1.62
2014.11.03 14:07:26.177,1.18024,1.1804,1.00,2.06
2014.11.03 14:07:27.197,1.18021,1.18039,3.19,1.56
2014.11.03 14:07:27.715,1.18022,1.18037,1.25,1.00
2014.11.03 14:07:28.035,1.18021,1.18035,2.25,1.00
2014.11.03 14:07:28.340,1.18021,1.18033,1.00,1.00
2014.11.03 14:07:28.492,1.18017,1.18033,1.00,1.19
2014.11.03 14:07:28.821,1.18015,1.18033,2.25,1.19
2014.11.03 14:07:29.337,1.18015,1.18031,1.00,1.25
2014.11.03 14:07:29.846,1.18014,1.18031,1.25,1.25
2014.11.03 14:07:29.948,1.18017,1.18031,1.00,1.25
2014.11.03 14:07:30.687,1.18015,1.18031,1.00,2.44
2014.11.03 14:07:30.930,1.18013,1.1803,1.50,1.87
2014.11.03 14:07:31.458,1.18012,1.18028,1.25,1.00
2014.11.03 14:07:32.353,1.18011,1.18028,1.69,1.00
2014.11.03 14:07:32.897,1.18011,1.18028,1.69,1.19
2014.11.03 14:07:33.238,1.18011,1.18027,1.50,1.97
2014.11.03 14:07:34.148,1.18008,1.18025,1.69,1.25
2014.11.03 14:07:34.250,1.18011,1.18024,1.00,1.00
2014.11.03 14:07:34.453,1.18008,1.18023,1.00,1.00
2014.11.03 14:07:34.555,1.18006,1.18023,1.69,1.50
2014.11.03 14:07:34.657,1.18007,1.18023,1.00,2.81
2014.11.03 14:07:34.759,1.18007,1.18023,1.00,2.44
2014.11.03 14:07:34.860,1.18007,1.18021,1.00,1.00
2014.11.03 14:07:35.164,1.18007,1.18019,1.00,1.25
2014.11.03 14:07:35.569,1.18003,1.18019,1.00,1.25
2014.11.03 14:07:36.095,1.18002,1.18019,1.00,1.25
2014.11.03 14:07:36.197,1.18007,1.18019,1.00,1.62
2014.11.03 14:07:36.298,1.18002,1.18018,1.00,1.12
2014.11.03 14:07:36.804,1.18002,1.18017,1.00,1.00
2014.11.03 14:07:36.922,1.18002,1.18019,1.00,1.25
2014.11.03 14:07:37.178,1.18007,1.18021,1.00,1.00
2014.11.03 14:07:37.685,1.18008,1.18023,1.00,1.25
2014.11.03 14:07:37.888,1.18012,1.18023,1.00,1.25
2014.11.03 14:07:38.058,1.18008,1.18023,1.00,1.25
2014.11.03 14:07:38.564,1.18007,1.18025,3.19,1.69
2014.11.03 14:07:39.071,1.1801,1.18025,1.00,1.00
2014.11.03 14:07:39.122,1.1801,1.18027,1.00,2.25
2014.11.03 14:07:39.173,1.18016,1.18027,1.00,1.00
2014.11.03 14:07:39.275,1.18014,1.18027,1.00,1.00
2014.11.03 14:07:39.326,1.18014,1.18031,1.19,1.00
2014.11.03 14:07:39.377,1.18018,1.18031,1.00,1.00
2014.11.03 14:07:39.528,1.18018,1.18034,1.19,1.00
2014.11.03 14:07:39.882,1.1802,1.18036,1.00,1.50
2014.11.03 14:07:40.469,1.1802,1.18036,1.00,1.69
2014.11.03 14:07:41.144,1.1802,1.18036,1.00,1.69
2014.11.03 14:07:41.626,1.1802,1.18031,1.00,1.00
2014.11.03 14:07:41.677,1.18016,1.18031,1.00,1.00
2014.11.03 14:07:41.880,1.18017,1.18028,1.00,1.00
2014.11.03 14:07:42.068,1.18017,1.18034,1.00,2.29
2014.11.03 14:07:42.220,1.18017,1.18034,1.00,1.35
2014.11.03 14:07:42.271,1.18022,1.18034,1.00,1.35
2014.11.03 14:07:42.374,1.18017,1.18035,1.95,1.60
2014.11.03 14:07:42.475,1.18019,1.18036,1.00,1.50
2014.11.03 14:07:42.787,1.1802,1.18038,1.95,1.50
2014.11.03 14:07:45.500,1.18019,1.18038,3.45,1.50
2014.11.03 14:07:45.551,1.18019,1.18033,1.00,1.00
2014.11.03 14:07:45.755,1.18017,1.18033,2.25,1.00
2014.11.03 14:07:46.261,1.18017,1.18034,1.50,3.19
2014.11.03 14:07:46.463,1.18017,1.18032,1.50,1.00
2014.11.03 14:07:47.071,1.18017,1.18031,1.00,1.00
2014.11.03 14:07:47.502,1.18017,1.18034,1.00,2.44
2014.11.03 14:07:49.580,1.18016,1.18031,1.00,1.60
2014.11.03 14:07:49.833,1.18014,1.18032,1.00,4.54
2014.11.03 14:07:50.490,1.18013,1.18032,1.50,4.54
2014.11.03 14:07:50.995,1.18013,1.18029,1.00,1.00
2014.11.03 14:07:52.121,1.18013,1.18028,1.00,1.00
2014.11.03 14:07:53.145,1.18012,1.18028,3.00,1.00
2014.11.03 14:07:53.247,1.18016,1.18028,1.00,1.00
2014.11.03 14:07:53.348,1.18012,1.18028,2.25,1.00
2014.11.03 14:07:54.818,1.18012,1.18024,1.00,1.00
2014.11.03 14:07:54.920,1.1801,1.18024,1.00,1.00
2014.11.03 14:07:55.427,1.18009,1.18025,1.00,1.25
2014.11.03 14:07:55.580,1.18012,1.18025,1.00,1.25
2014.11.03 14:07:55.883,1.18009,1.18025,1.50,1.25
2014.11.03 14:07:57.283,1.18007,1.18025,2.25,1.50
2014.11.03 14:07:59.020,1.18008,1.18025,1.00,1.50
2014.11.03 14:07:59.476,1.1801,1.18027,1.00,1.50
2014.11.03 14:08:00.371,1.18011,1.18027,1.00,2.25
2014.11.03 14:08:00.472,1.18009,1.18027,1.00,2.25
2014.11.03 14:08:00.725,1.18008,1.18023,1.00,1.00
2014.11.03 14:08:01.787,1.18008,1.18022,1.00,1.50
2014.11.03 14:08:02.343,1.18009,1.18022,1.00,1.50
2014.11.03 14:08:02.848,1.18008,1.18023,1.00,1.50
2014.11.03 14:08:03.101,1.18004,1.18022,1.00,1.35
2014.11.03 14:08:03.152,1.18007,1.18022,1.00,1.35
2014.11.03 14:08:03.405,1.18005,1.18023,1.00,2.10
2014.11.03 14:08:03.607,1.18004,1.1802,1.50,1.00
2014.11.03 14:08:04.317,1.18004,1.18021,1.00,1.00
2014.11.03 14:08:04.621,1.18007,1.18022,1.00,2.25
2014.11.03 14:08:04.953,1.18011,1.18026,1.00,1.50
2014.11.03 14:08:05.168,1.18008,1.18027,1.50,1.50
2014.11.03 14:08:05.624,1.18008,1.18024,1.50,1.00
2014.11.03 14:08:05.928,1.18007,1.18022,1.50,1.00
2014.11.03 14:08:06.231,1.18008,1.18024,1.00,1.50
2014.11.03 14:08:06.282,1.1801,1.18024,1.00,1.50
2014.11.03 14:08:06.333,1.1801,1.18026,1.00,1.25
2014.11.03 14:08:06.851,1.18011,1.18026,1.00,1.00
2014.11.03 14:08:07.370,1.18011,1.18025,1.00,1.00
2014.11.03 14:08:07.886,1.18012,1.18026,1.00,1.00
2014.11.03 14:08:09.328,1.18012,1.18023,1.00,1.50
2014.11.03 14:08:09.379,1.18009,1.18023,1.00,1.50
2014.11.03 14:08:09.886,1.18008,1.18024,1.00,2.44
2014.11.03 14:08:10.411,1.18008,1.18023,1.00,1.50
2014.11.03 14:08:10.564,1.18006,1.18022,1.00,1.69
2014.11.03 14:08:10.868,1.18003,1.18017,1.00,1.00
2014.11.03 14:08:11.237,1.18005,1.18017,1.00,1.00
2014.11.03 14:08:11.540,1.1801,1.18021,1.00,1.00
2014.11.03 14:08:11.844,1.1801,1.18024,1.00,2.44
2014.11.03 14:08:14.404,1.1801,1.18024,1.00,2.44
2014.11.03 14:08:14.996,1.18007,1.18023,1.50,2.44
2014.11.03 14:08:15.100,1.18006,1.1802,1.00,1.95
2014.11.03 14:08:15.152,1.18004,1.18019,1.00,1.50
2014.11.03 14:08:15.254,1.18002,1.18019,1.25,1.50
2014.11.03 14:08:15.355,1.18006,1.18019,1.00,1.00
2014.11.03 14:08:16.197,1.18007,1.18019,1.00,1.00
2014.11.03 14:08:16.299,1.18007,1.18022,1.00,4.20
2014.11.03 14:08:16.400,1.18009,1.18023,1.00,1.00
2014.11.03 14:08:16.603,1.18007,1.18024,1.50,1.50
2014.11.03 14:08:17.118,1.18008,1.18024,1.00,1.00
2014.11.03 14:08:17.473,1.18011,1.18024,1.00,1.00
2014.11.03 14:08:17.524,1.18011,1.18026,1.00,1.25
2014.11.03 14:08:17.627,1.18013,1.18026,1.00,1.00
2014.11.03 14:08:17.679,1.18013,1.18028,1.50,1.00
2014.11.03 14:08:18.557,1.18012,1.18028,1.00,1.50
2014.11.03 14:08:19.221,1.18013,1.18028,1.00,1.00
2014.11.03 14:08:20.268,1.18013,1.18029,1.00,2.44
2014.11.03 14:08:20.781,1.18013,1.18028,1.00,1.50
2014.11.03 14:08:21.137,1.18013,1.18028,1.00,1.69
2014.11.03 14:08:21.391,1.18012,1.18028,1.25,2.25
2014.11.03 14:08:21.442,1.18016,1.18028,1.00,2.25
2014.11.03 14:08:21.493,1.18016,1.18031,1.00,1.25
2014.11.03 14:08:21.747,1.18014,1.18031,3.19,1.00
2014.11.03 14:08:21.798,1.18016,1.18033,1.95,2.29
2014.11.03 14:08:22.103,1.18017,1.18031,1.50,1.00
2014.11.03 14:08:22.509,1.18016,1.18029,1.95,1.00
2014.11.03 14:08:22.915,1.18014,1.1803,3.00,1.00
2014.11.03 14:08:24.216,1.18017,1.1803,1.00,1.00
2014.11.03 14:08:24.267,1.18017,1.18032,1.00,1.69
2014.11.03 14:08:24.773,1.18018,1.18032,1.00,1.69
2014.11.03 14:08:25.510,1.18019,1.18032,1.00,1.50
2014.11.03 14:08:25.662,1.1802,1.18034,1.00,1.50
2014.11.03 14:08:25.931,1.1802,1.18036,1.00,1.00
2014.11.03 14:08:26.134,1.18017,1.18033,3.64,1.00
2014.11.03 14:08:27.011,1.18017,1.18035,3.45,1.69
2014.11.03 14:08:28.209,1.18019,1.18035,1.00,1.69
2014.11.03 14:08:28.722,1.18018,1.18035,1.00,1.69
2014.11.03 14:08:29.251,1.18018,1.18035,1.00,1.19
2014.11.03 14:08:29.875,1.18018,1.18035,1.00,1.50
2014.11.03 14:08:30.381,1.18018,1.18034,1.00,1.00
2014.11.03 14:08:30.959,1.18018,1.18035,1.00,3.19
2014.11.03 14:08:31.880,1.18018,1.18034,1.00,1.00
2014.11.03 14:08:33.498,1.18017,1.18032,1.00,1.00
2014.11.03 14:08:35.912,1.18017,1.18033,3.45,1.00
2014.11.03 14:08:36.216,1.1802,1.18033,1.95,1.00
2014.11.03 14:08:38.664,1.1802,1.18035,1.95,1.00
2014.11.03 14:08:39.378,1.18022,1.18035,1.95,1.00
2014.11.03 14:08:39.429,1.18023,1.18038,2.70,1.00
2014.11.03 14:08:39.480,1.18023,1.1804,2.70,1.50
2014.11.03 14:08:39.531,1.18026,1.18041,1.00,1.00
2014.11.03 14:08:40.043,1.18026,1.18042,1.00,1.25
2014.11.03 14:08:40.582,1.18025,1.18042,3.00,1.25
2014.11.03 14:08:41.337,1.18027,1.18042,1.00,1.50
2014.11.03 14:08:44.876,1.18026,1.18042,1.00,1.00
2014.11.03 14:08:45.404,1.18025,1.18043,4.39,1.50
2014.11.03 14:08:45.708,1.18031,1.18043,1.00,1.00
2014.11.03 14:08:46.164,1.18029,1.18044,1.00,1.00
2014.11.03 14:08:46.670,1.18028,1.18044,1.00,1.00
2014.11.03 14:08:48.489,1.18031,1.18045,1.00,1.69
2014.11.03 14:08:48.590,1.18031,1.18047,1.00,1.50
2014.11.03 14:08:49.229,1.18034,1.18047,1.50,1.50
2014.11.03 14:08:49.382,1.18034,1.1805,1.50,1.00
2014.11.03 14:08:49.578,1.18037,1.18051,1.00,1.25
2014.11.03 14:08:50.107,1.18036,1.18052,1.50,1.19
2014.11.03 14:08:50.566,1.18036,1.18054,1.00,4.20
2014.11.03 14:08:51.056,1.18036,1.18053,2.25,3.60
2014.11.03 14:08:51.586,1.18034,1.18052,3.00,2.85
2014.11.03 14:08:51.988,1.18037,1.18052,1.00,2.85
2014.11.03 14:08:54.982,1.18034,1.18051,1.50,1.54
2014.11.03 14:08:55.134,1.18033,1.18049,2.44,1.00
2014.11.03 14:08:55.455,1.18034,1.18051,1.00,1.54
2014.11.03 14:08:55.961,1.18035,1.18052,1.00,2.29
2014.11.03 14:08:56.466,1.18036,1.18052,1.00,2.29
2014.11.03 14:08:57.741,1.18037,1.18052,1.00,2.10
2014.11.03 14:08:58.254,1.18036,1.18052,1.00,1.50
2014.11.03 14:08:58.760,1.18036,1.18051,1.00,1.00
2014.11.03 14:08:59.261,1.18035,1.18051,1.00,1.00
2014.11.03 14:08:59.667,1.18034,1.18049,1.00,1.00
2014.11.03 14:08:59.920,1.18032,1.18049,1.50,1.00
2014.11.03 14:09:00.565,1.18033,1.18049,1.00,1.00
2014.11.03 14:09:01.098,1.18032,1.18049,1.50,1.00
2014.11.03 14:09:01.656,1.18033,1.18049,1.00,1.00
2014.11.03 14:09:05.876,1.18034,1.18049,1.00,1.00
2014.11.03 14:09:07.422,1.18033,1.18049,1.00,1.00
2014.11.03 14:09:07.473,1.18032,1.18047,1.50,1.00
2014.11.03 14:09:07.878,1.18028,1.18046,1.50,1.50
2014.11.03 14:09:08.384,1.18029,1.18046,1.69,1.50
2014.11.03 14:09:08.435,1.18031,1.18046,1.00,1.50
2014.11.03 14:09:08.588,1.18031,1.18048,1.50,2.25
2014.11.03 14:09:09.093,1.18032,1.18048,1.00,2.25
2014.11.03 14:09:09.635,1.18032,1.18047,1.00,1.00
2014.11.03 14:09:10.244,1.18032,1.18044,1.00,1.00
2014.11.03 14:09:10.396,1.1803,1.18044,1.00,1.00
2014.11.03 14:09:10.656,1.18026,1.18043,3.00,1.00
2014.11.03 14:09:11.120,1.18025,1.18041,1.00,1.00
2014.11.03 14:09:11.423,1.18023,1.18035,1.00,1.00
2014.11.03 14:09:11.728,1.18018,1.18033,1.00,1.00
2014.11.03 14:09:12.234,1.18017,1.18031,1.00,1.00
2014.11.03 14:09:12.984,1.18016,1.18031,1.50,1.50
2014.11.03 14:09:14.490,1.18016,1.1803,1.50,1.00
2014.11.03 14:09:14.996,1.18021,1.18029,1.00,1.00
2014.11.03 14:09:15.249,1.18017,1.18033,1.00,1.00
2014.11.03 14:09:15.604,1.1802,1.18032,1.00,1.00
2014.11.03 14:09:15.656,1.1802,1.18035,1.00,1.00
2014.11.03 14:09:16.162,1.18021,1.18036,1.50,1.00
2014.11.03 14:09:16.681,1.18022,1.18037,1.00,1.25
2014.11.03 14:09:17.210,1.18021,1.18037,2.25,1.00
2014.11.03 14:09:17.617,1.18019,1.18035,1.25,1.00
2014.11.03 14:09:20.499,1.18021,1.18035,1.00,1.00
2014.11.03 14:09:20.702,1.1802,1.18037,1.00,2.25
2014.11.03 14:09:20.854,1.18022,1.18037,1.00,1.50
2014.11.03 14:09:21.209,1.18021,1.18035,1.00,1.00
2014.11.03 14:09:21.728,1.18022,1.18035,1.50,1.00
2014.11.03 14:09:22.348,1.18021,1.18036,1.50,1.25
2014.11.03 14:09:23.033,1.18022,1.18036,1.00,1.19
2014.11.03 14:09:23.540,1.18021,1.18035,1.00,2.44
2014.11.03 14:09:24.451,1.18018,1.18032,1.00,1.25
2014.11.03 14:09:25.320,1.18017,1.18032,1.00,1.25
2014.11.03 14:09:25.677,1.18017,1.18032,1.00,1.69
2014.11.03 14:09:26.411,1.18016,1.1803,1.50,1.25
2014.11.03 14:09:26.889,1.18014,1.1803,1.00,1.25
2014.11.03 14:09:27.460,1.18014,1.18029,1.00,1.19
2014.11.03 14:09:27.964,1.18016,1.18029,1.00,1.19
2014.11.03 14:09:28.168,1.18017,1.1803,1.00,1.00
2014.11.03 14:09:28.269,1.18019,1.18032,1.00,2.44
2014.11.03 14:09:29.058,1.18019,1.18034,1.00,1.69
2014.11.03 14:09:29.575,1.18019,1.18033,1.00,1.00
2014.11.03 14:09:30.103,1.18019,1.18034,1.00,1.00
2014.11.03 14:09:30.457,1.18019,1.18036,1.50,1.25
2014.11.03 14:09:30.862,1.18021,1.18037,1.00,1.50
2014.11.03 14:09:31.369,1.18022,1.18037,1.00,2.89
2014.11.03 14:09:31.682,1.18026,1.18037,1.00,2.70
2014.11.03 14:09:31.835,1.18021,1.18037,1.00,2.70
2014.11.03 14:09:32.194,1.18026,1.18037,1.00,2.70
2014.11.03 14:09:32.953,1.18026,1.1804,1.00,1.00
2014.11.03 14:09:35.683,1.18027,1.1804,1.00,1.00
2014.11.03 14:09:35.885,1.18027,1.18042,1.00,1.00
2014.11.03 14:09:36.899,1.18026,1.18042,1.00,1.00
2014.11.03 14:09:41.414,1.18026,1.18041,1.00,1.00
2014.11.03 14:09:41.620,1.18024,1.18041,1.00,3.45
2014.11.03 14:09:41.722,1.18027,1.18041,1.00,2.70
2014.11.03 14:09:41.942,1.18023,1.18041,1.50,2.25
2014.11.03 14:09:42.299,1.18023,1.18039,1.00,1.00
2014.11.03 14:09:42.603,1.18018,1.18033,1.50,1.50
2014.11.03 14:09:42.907,1.18016,1.1803,1.00,1.50
2014.11.03 14:09:43.059,1.18012,1.1803,3.00,1.50
2014.11.03 14:09:43.217,1.18017,1.1803,1.00,1.50
2014.11.03 14:09:43.486,1.18012,1.1803,2.25,1.50
2014.11.03 14:09:43.999,1.18012,1.18029,1.00,1.00
2014.11.03 14:09:45.014,1.18016,1.18029,1.00,1.00
2014.11.03 14:09:45.166,1.18013,1.18029,1.00,1.00
2014.11.03 14:09:45.695,1.18012,1.18028,1.00,1.50
2014.11.03 14:09:47.550,1.18012,1.18027,1.00,1.00
2014.11.03 14:09:48.135,1.18011,1.18028,1.69,2.25
2014.11.03 14:09:48.890,1.18012,1.18028,1.00,1.00
2014.11.03 14:09:49.517,1.18013,1.18028,1.00,1.00
2014.11.03 14:09:50.025,1.18012,1.18027,1.00,1.50
2014.11.03 14:09:50.867,1.18012,1.18028,1.50,1.00
2014.11.03 14:09:51.419,1.18011,1.18028,3.00,1.25
2014.11.03 14:09:53.202,1.18012,1.18028,1.00,1.00
2014.11.03 14:09:56.145,1.18017,1.18028,1.00,1.00
2014.11.03 14:09:56.345,1.18012,1.18028,3.00,1.00
2014.11.03 14:09:58.042,1.18016,1.18028,1.00,1.00
2014.11.03 14:09:58.144,1.18017,1.18032,1.00,1.00
2014.11.03 14:09:58.775,1.18016,1.18033,1.50,1.25
2014.11.03 14:09:58.826,1.18018,1.18033,1.00,1.25
2014.11.03 14:09:59.130,1.18017,1.18031,1.00,1.00
2014.11.03 14:09:59.498,1.18016,1.18029,1.00,1.00
2014.11.03 14:09:59.609,1.18012,1.18029,2.44,1.00
2014.11.03 14:09:59.775,1.18016,1.18029,1.00,1.00
2014.11.03 14:09:59.974,1.18012,1.18029,1.69,1.00
2014.11.03 14:10:00.241,1.18017,1.18029,1.00,1.00
2014.11.03 14:10:00.444,1.18012,1.18029,1.69,1.00
2014.11.03 14:10:00.545,1.18016,1.18029,1.00,1.00
2014.11.03 14:10:00.647,1.18012,1.18029,2.44,1.00
2014.11.03 14:10:01.415,1.18016,1.18029,1.00,1.00
2014.11.03 14:10:01.724,1.18017,1.18027,1.00,1.00
2014.11.03 14:10:01.775,1.18012,1.18027,1.50,1.00
2014.11.03 14:10:01.876,1.18017,1.18026,1.00,1.00
2014.11.03 14:10:02.444,1.18016,1.18026,1.00,2.25
2014.11.03 14:10:02.951,1.18016,1.18027,1.00,1.00
2014.11.03 14:10:03.457,1.18016,1.18028,1.00,3.19
2014.11.03 14:10:03.637,1.18013,1.18028,1.00,3.19
2014.11.03 14:10:03.738,1.18016,1.18028,1.00,3.00
2014.11.03 14:10:04.203,1.18022,1.18028,1.00,1.50
2014.11.03 14:10:04.356,1.18022,1.18031,1.00,1.00
2014.11.03 14:10:04.894,1.18022,1.18032,1.00,1.50
2014.11.03 14:10:06.189,1.18021,1.18032,1.00,1.50
2014.11.03 14:10:07.516,1.18019,1.18032,1.00,1.50
2014.11.03 14:10:08.041,1.18019,1.18033,1.00,1.50
2014.11.03 14:10:08.410,1.18016,1.18033,2.25,2.89
2014.11.03 14:10:08.563,1.18016,1.18031,1.50,1.00
2014.11.03 14:10:10.271,1.18018,1.18031,1.00,1.00
2014.11.03 14:10:10.574,1.1802,1.18032,1.00,1.50
2014.11.03 14:10:10.878,1.18022,1.18033,1.00,1.50
2014.11.03 14:10:13.231,1.1802,1.18033,1.00,1.50
2014.11.03 14:10:13.810,1.18021,1.18033,1.00,1.50
2014.11.03 14:10:15.867,1.1802,1.18033,1.00,1.50
2014.11.03 14:10:17.651,1.18021,1.18033,1.00,1.50
2014.11.03 14:10:18.355,1.18021,1.18035,1.00,1.00
2014.11.03 14:10:21.053,1.18022,1.18035,1.00,1.00
2014.11.03 14:10:21.104,1.18022,1.18037,1.00,1.50
2014.11.03 14:10:23.161,1.18025,1.18037,1.00,1.00
2014.11.03 14:10:23.363,1.18022,1.18036,1.00,1.50
2014.11.03 14:10:23.908,1.18021,1.18037,1.00,3.00
2014.11.03 14:10:24.264,1.18023,1.18037,1.00,3.00
2014.11.03 14:10:24.776,1.18024,1.18038,1.00,1.50
2014.11.03 14:10:25.245,1.18026,1.18038,1.00,1.50
2014.11.03 14:10:25.591,1.18026,1.18041,1.00,2.25
2014.11.03 14:10:28.657,1.18026,1.18042,1.50,1.50
2014.11.03 14:10:28.759,1.18028,1.18043,1.00,1.00
2014.11.03 14:10:28.911,1.18028,1.18045,1.00,1.00
2014.11.03 14:10:29.417,1.18028,1.18046,1.50,1.69
2014.11.03 14:10:29.670,1.18032,1.18046,1.00,1.69
2014.11.03 14:10:30.176,1.18036,1.18046,1.00,1.50
2014.11.03 14:10:30.328,1.18035,1.18048,1.00,1.00
2014.11.03 14:10:30.834,1.18035,1.18049,1.00,1.00
2014.11.03 14:10:30.885,1.18033,1.18049,1.50,1.00
2014.11.03 14:10:32.375,1.18033,1.18049,1.00,1.19
2014.11.03 14:10:32.876,1.18033,1.18047,1.00,1.87
2014.11.03 14:10:32.927,1.18031,1.18047,1.50,1.50
2014.11.03 14:10:33.079,1.18033,1.18047,1.00,1.50
2014.11.03 14:10:33.584,1.18033,1.18049,1.00,1.19
2014.11.03 14:10:34.011,1.18031,1.18048,2.25,1.19
2014.11.03 14:10:34.516,1.18032,1.18047,1.00,1.25
2014.11.03 14:10:34.770,1.18032,1.18045,1.50,1.00
2014.11.03 14:10:35.588,1.18032,1.18044,1.00,1.00
2014.11.03 14:10:35.892,1.18028,1.18039,1.00,1.50
2014.11.03 14:10:36.095,1.18024,1.1804,1.00,3.45
2014.11.03 14:10:36.684,1.18027,1.18039,1.00,1.00
2014.11.03 14:10:37.223,1.18027,1.18038,1.00,1.00
2014.11.03 14:10:37.325,1.18024,1.18038,1.00,1.00
2014.11.03 14:10:37.854,1.18024,1.18037,1.00,1.00
2014.11.03 14:10:38.599,1.18024,1.18035,1.00,1.00
2014.11.03 14:10:39.821,1.18024,1.18034,1.00,1.00
2014.11.03 14:10:40.075,1.18022,1.18036,1.50,2.44
2014.11.03 14:10:40.278,1.18024,1.18036,1.00,1.00
2014.11.03 14:10:41.125,1.18024,1.18037,1.00,1.00
2014.11.03 14:10:41.429,1.18027,1.18038,1.00,1.00
2014.11.03 14:10:41.582,1.18025,1.18039,1.00,1.00
2014.11.03 14:10:42.039,1.18022,1.18039,1.50,1.00
2014.11.03 14:10:42.454,1.18024,1.18039,1.00,3.45
2014.11.03 14:10:43.484,1.18023,1.18039,1.00,3.00
2014.11.03 14:10:44.244,1.18023,1.18038,1.00,1.00
2014.11.03 14:10:44.748,1.18023,1.18039,1.00,2.25
2014.11.03 14:10:45.362,1.18023,1.18038,1.00,1.00
2014.11.03 14:10:45.666,1.1802,1.18034,1.00,1.50
2014.11.03 14:10:46.300,1.18021,1.18035,1.35,1.50
2014.11.03 14:10:46.554,1.18027,1.18042,1.50,1.50
2014.11.03 14:10:46.706,1.18031,1.18043,1.00,1.00
2014.11.03 14:10:46.807,1.18033,1.18046,1.00,1.50
2014.11.03 14:10:46.858,1.18035,1.18044,1.00,1.00
2014.11.03 14:10:46.959,1.18035,1.18047,1.00,1.00
2014.11.03 14:10:47.314,1.18033,1.18048,1.00,1.25
2014.11.03 14:10:47.467,1.18035,1.18048,1.00,1.25
2014.11.03 14:10:48.074,1.18035,1.18047,1.00,1.00
2014.11.03 14:10:48.378,1.18035,1.18049,1.00,2.44
2014.11.03 14:10:48.732,1.18034,1.18044,1.00,1.00
2014.11.03 14:10:49.036,1.18031,1.18041,1.00,1.00
2014.11.03 14:10:49.748,1.18029,1.18043,1.50,2.25
2014.11.03 14:10:51.521,1.18031,1.18043,1.00,1.50
2014.11.03 14:10:51.623,1.18031,1.18045,1.00,1.50
2014.11.03 14:10:51.724,1.18031,1.18043,1.00,1.00
2014.11.03 14:10:52.530,1.1803,1.18043,1.00,1.00
2014.11.03 14:10:52.835,1.18031,1.1804,1.00,1.00
2014.11.03 14:10:52.937,1.18027,1.18039,1.00,1.00
2014.11.03 14:10:53.139,1.18027,1.18037,1.00,1.00
2014.11.03 14:10:54.475,1.18026,1.18037,1.00,1.00
2014.11.03 14:10:56.774,1.18027,1.18037,1.00,1.00
2014.11.03 14:10:57.374,1.18026,1.18037,1.00,1.00
2014.11.03 14:10:57.931,1.18027,1.18038,1.00,1.00
2014.11.03 14:10:58.184,1.18027,1.1804,1.00,1.25
2014.11.03 14:10:58.729,1.18027,1.1804,1.00,1.19
2014.11.03 14:10:58.881,1.18025,1.1804,1.35,1.19
2014.11.03 14:10:59.502,1.18026,1.1804,1.00,1.25
2014.11.03 14:11:00.114,1.18027,1.18041,1.00,1.19
2014.11.03 14:11:00.663,1.18026,1.18041,1.00,1.19
2014.11.03 14:11:01.183,1.18027,1.18041,1.00,1.19
2014.11.03 14:11:01.724,1.18026,1.18041,1.00,1.25
2014.11.03 14:11:02.515,1.18027,1.18041,1.00,1.00
2014.11.03 14:11:02.866,1.18025,1.18041,1.35,1.00
2014.11.03 14:11:02.917,1.18025,1.18039,1.00,1.00
2014.11.03 14:11:03.018,1.18025,1.18041,1.00,1.00
2014.11.03 14:11:03.221,1.18025,1.18039,1.00,1.00
2014.11.03 14:11:03.734,1.18025,1.1804,1.00,2.25
2014.11.03 14:11:04.614,1.18027,1.1804,1.00,1.00
2014.11.03 14:11:05.139,1.18026,1.1804,1.00,1.00
2014.11.03 14:11:06.957,1.18026,1.18041,1.00,1.00
2014.11.03 14:11:07.461,1.18026,1.18042,1.00,1.69
2014.11.03 14:11:08.435,1.18024,1.18042,1.00,1.69
2014.11.03 14:11:08.789,1.18027,1.18042,1.00,1.69
2014.11.03 14:11:09.093,1.18023,1.18038,2.25,1.00
2014.11.03 14:11:09.397,1.18023,1.18035,1.00,1.00
2014.11.03 14:11:09.498,1.18018,1.18035,1.50,1.00
2014.11.03 14:11:09.549,1.18018,1.18035,1.00,1.69
2014.11.03 14:11:10.095,1.18017,1.18033,1.00,1.69
2014.11.03 14:11:12.293,1.18021,1.18033,1.00,1.00
2014.11.03 14:11:12.394,1.18021,1.18036,1.00,3.94
2014.11.03 14:11:12.849,1.18018,1.18035,1.00,1.00
2014.11.03 14:11:13.203,1.18021,1.18036,1.00,1.69
2014.11.03 14:11:13.523,1.18019,1.18036,1.50,1.00
2014.11.03 14:11:17.896,1.18021,1.18036,1.00,1.00
2014.11.03 14:11:20.468,1.18019,1.18037,1.50,1.50
2014.11.03 14:11:20.569,1.18021,1.18037,1.00,1.00
2014.11.03 14:11:20.874,1.18019,1.18037,1.50,1.00
2014.11.03 14:11:21.127,1.18022,1.18037,1.00,1.00
2014.11.03 14:11:21.682,1.18019,1.18037,1.69,1.00
2014.11.03 14:11:22.187,1.18019,1.18038,1.69,1.50
2014.11.03 14:11:22.551,1.18022,1.18038,1.00,1.50
2014.11.03 14:11:23.090,1.1802,1.18038,1.00,1.50
2014.11.03 14:11:23.633,1.18021,1.18038,1.00,1.50
2014.11.03 14:11:24.139,1.18022,1.18038,1.00,1.50
2014.11.03 14:11:24.397,1.18025,1.18038,1.00,1.50
2014.11.03 14:11:24.549,1.18025,1.1804,1.00,1.00
2014.11.03 14:11:25.054,1.18025,1.18041,1.00,1.00
2014.11.03 14:11:25.206,1.18025,1.18039,1.00,1.00
2014.11.03 14:11:25.874,1.18025,1.18038,1.00,1.00
2014.11.03 14:11:26.043,1.18021,1.18037,1.00,2.14
2014.11.03 14:11:26.094,1.18019,1.18035,2.25,1.50
2014.11.03 14:11:26.449,1.18019,1.18032,1.00,1.00
2014.11.03 14:11:26.601,1.18017,1.18032,1.00,1.50
2014.11.03 14:11:26.653,1.18015,1.18032,1.50,3.75
2014.11.03 14:11:26.704,1.18014,1.1803,1.50,1.00
2014.11.03 14:11:27.244,1.18014,1.18029,1.00,1.00
2014.11.03 14:11:27.558,1.18014,1.18025,1.00,1.00
2014.11.03 14:11:29.137,1.18016,1.18025,1.00,1.00
2014.11.03 14:11:29.339,1.18016,1.1803,1.50,1.00
2014.11.03 14:11:29.880,1.18015,1.18029,1.00,1.50
2014.11.03 14:11:34.171,1.18015,1.18027,1.00,1.00
2014.11.03 14:11:34.272,1.18015,1.18029,1.00,1.00
2014.11.03 14:11:34.627,1.18014,1.18027,1.00,1.00
2014.11.03 14:11:34.931,1.18012,1.18024,1.00,1.00
2014.11.03 14:11:34.982,1.18007,1.18023,1.00,1.00
2014.11.03 14:11:35.337,1.18007,1.1802,1.00,1.00
2014.11.03 14:11:35.641,1.18007,1.18022,3.00,2.25
2014.11.03 14:11:36.158,1.18006,1.18021,1.50,1.00
2014.11.03 14:11:36.665,1.18007,1.18019,1.00,1.00
2014.11.03 14:11:36.767,1.18007,1.18021,1.00,1.50
2014.11.03 14:11:37.301,1.18006,1.18021,1.00,1.50
2014.11.03 14:11:39.589,1.18007,1.18021,1.00,1.00
2014.11.03 14:11:40.112,1.18006,1.18021,1.50,1.00
2014.11.03 14:11:40.625,1.18006,1.18022,1.00,2.25
2014.11.03 14:11:41.481,1.18005,1.18022,1.50,2.25
2014.11.03 14:11:41.734,1.18005,1.1802,3.00,1.00
2014.11.03 14:11:42.761,1.18006,1.18022,1.00,1.00
2014.11.03 14:11:43.268,1.18007,1.18023,1.00,1.00
2014.11.03 14:11:43.776,1.18008,1.18023,1.50,1.00
2014.11.03 14:11:45.320,1.18009,1.18026,1.25,1.50
2014.11.03 14:11:45.623,1.18011,1.18021,1.00,1.00
2014.11.03 14:11:46.213,1.1801,1.1802,1.00,1.00
2014.11.03 14:11:46.720,1.18008,1.18018,1.19,1.00
2014.11.03 14:11:46.873,1.18007,1.18018,1.69,1.00
2014.11.03 14:11:47.025,1.18006,1.18016,2.25,1.00
2014.11.03 14:11:47.177,1.18004,1.18015,1.69,1.00
2014.11.03 14:11:47.278,1.18002,1.18017,2.44,1.50
2014.11.03 14:11:47.329,1.18002,1.18017,1.50,1.50
2014.11.03 14:11:47.481,1.18002,1.18015,2.25,1.00
2014.11.03 14:11:48.491,1.18002,1.18016,1.50,1.00
2014.11.03 14:11:49.006,1.18002,1.18017,1.50,1.50
2014.11.03 14:11:49.365,1.18001,1.18015,3.75,1.00
2014.11.03 14:11:49.671,1.18002,1.18013,1.00,1.00
2014.11.03 14:11:50.391,1.17999,1.18013,1.00,1.50
2014.11.03 14:11:50.917,1.17998,1.18013,1.00,1.00
2014.11.03 14:11:51.122,1.17998,1.18009,1.00,1.00
2014.11.03 14:11:51.635,1.17998,1.1801,1.00,1.00
2014.11.03 14:11:53.060,1.18001,1.1801,1.00,1.00
2014.11.03 14:11:53.111,1.18001,1.18013,1.00,1.00
2014.11.03 14:11:53.213,1.18002,1.18015,1.00,1.00
2014.11.03 14:11:53.314,1.18004,1.18017,1.00,1.00
2014.11.03 14:11:53.630,1.18006,1.1802,1.00,1.00
2014.11.03 14:11:54.189,1.18006,1.18019,2.44,1.00
2014.11.03 14:11:54.705,1.18006,1.18019,2.44,1.00
2014.11.03 14:11:57.507,1.18007,1.18018,1.25,1.00
2014.11.03 14:11:58.829,1.18006,1.18017,1.69,1.00
2014.11.03 14:11:59.140,1.18006,1.18019,1.69,1.00
2014.11.03 14:11:59.667,1.18007,1.18019,1.00,1.00
2014.11.03 14:12:00.584,1.18006,1.18019,2.44,1.00
2014.11.03 14:12:02.553,1.18007,1.18019,1.00,1.00
2014.11.03 14:12:09.392,1.18007,1.18017,1.00,1.00
2014.11.03 14:12:10.693,1.18007,1.18016,1.00,1.00
2014.11.03 14:12:11.199,1.18006,1.18016,1.50,1.00
2014.11.03 14:12:12.695,1.18006,1.18017,1.00,1.00
2014.11.03 14:12:15.464,1.18007,1.18017,1.00,1.00
2014.11.03 14:12:15.989,1.18006,1.18017,3.00,1.00
2014.11.03 14:12:17.065,1.18006,1.18016,3.00,1.00
2014.11.03 14:12:20.060,1.18007,1.18016,1.00,1.00
2014.11.03 14:12:22.405,1.18006,1.18016,3.19,1.00
2014.11.03 14:12:22.710,1.18012,1.18021,1.00,1.00
2014.11.03 14:12:23.038,1.18009,1.18021,1.25,1.00
2014.11.03 14:12:23.241,1.18009,1.18019,1.00,1.00
2014.11.03 14:12:23.753,1.18008,1.18019,2.25,1.00
2014.11.03 14:12:26.791,1.18011,1.18019,1.00,1.00
2014.11.03 14:12:27.460,1.18008,1.18019,2.25,1.00
2014.11.03 14:12:28.732,1.18012,1.18019,1.00,1.00
2014.11.03 14:12:31.299,1.18008,1.18019,2.25,1.00
2014.11.03 14:12:33.931,1.18012,1.18019,1.00,1.00
2014.11.03 14:12:34.794,1.18008,1.18019,2.25,1.00
2014.11.03 14:12:37.763,1.18008,1.18018,2.25,1.00
2014.11.03 14:12:39.632,1.18012,1.18018,1.00,1.00
2014.11.03 14:12:41.063,1.18008,1.18018,2.25,1.00
2014.11.03 14:12:59.486,1.18005,1.18018,1.00,1.00
2014.11.03 14:12:59.537,1.18005,1.18016,1.00,1.00
2014.11.03 14:13:00.064,1.18004,1.18016,1.00,1.00
2014.11.03 14:13:05.401,1.18006,1.18016,1.00,1.00
2014.11.03 14:13:06.457,1.18006,1.18014,1.00,1.00
2014.11.03 14:13:06.508,1.18002,1.18014,1.00,1.00
2014.11.03 14:13:06.862,1.17999,1.18014,1.50,1.00
2014.11.03 14:13:07.014,1.17999,1.18012,1.50,1.00
2014.11.03 14:13:07.555,1.17999,1.18014,2.10,1.00
2014.11.03 14:13:07.606,1.18002,1.18014,1.00,1.00
2014.11.03 14:13:07.809,1.18003,1.18017,1.00,1.00
2014.11.03 14:13:08.753,1.18005,1.18017,1.95,1.00
2014.11.03 14:13:08.855,1.18003,1.18017,5.14,1.00
2014.11.03 14:13:09.424,1.18003,1.18014,1.50,1.00
2014.11.03 14:13:09.728,1.18002,1.18007,1.00,1.00
2014.11.03 14:13:09.880,1.18002,1.18009,1.00,1.00
2014.11.03 14:13:09.982,1.17996,1.18009,2.25,1.00
2014.11.03 14:13:10.084,1.17996,1.18007,1.00,1.00
2014.11.03 14:13:14.285,1.17996,1.18006,1.00,1.00
2014.11.03 14:13:14.336,1.17993,1.18006,1.50,1.00
2014.11.03 14:13:14.844,1.17993,1.18007,1.50,1.00
2014.11.03 14:13:15.394,1.17993,1.18009,2.25,1.50
2014.11.03 14:13:15.446,1.17996,1.18009,1.00,1.50
2014.11.03 14:13:15.752,1.17996,1.18007,1.50,1.00
2014.11.03 14:13:16.106,1.17999,1.18007,1.50,1.00
2014.11.03 14:13:16.157,1.17999,1.1801,1.50,1.00
2014.11.03 14:13:17.707,1.17999,1.18013,1.50,1.00
2014.11.03 14:13:17.759,1.18002,1.18013,1.00,1.00
2014.11.03 14:13:18.321,1.18001,1.18012,1.00,1.00
2014.11.03 14:13:18.765,1.18002,1.18014,1.50,1.50
2014.11.03 14:13:18.866,1.18004,1.18014,1.95,1.00
2014.11.03 14:13:18.917,1.18004,1.18017,1.95,1.50
2014.11.03 14:13:19.427,1.18005,1.18018,2.44,1.00
2014.11.03 14:13:21.085,1.18005,1.18017,1.00,1.00
2014.11.03 14:13:21.186,1.18003,1.18017,1.69,1.00
2014.11.03 14:13:22.070,1.18003,1.18014,1.50,1.00
2014.11.03 14:13:25.037,1.18007,1.18015,1.00,1.00
2014.11.03 14:13:25.602,1.18006,1.18018,1.00,1.00
2014.11.03 14:13:25.905,1.18004,1.18017,1.50,1.00
2014.11.03 14:13:26.057,1.18004,1.18015,1.00,1.00
2014.11.03 14:13:26.108,1.18002,1.18015,2.44,1.00
2014.11.03 14:13:28.153,1.18002,1.18011,1.00,1.00
2014.11.03 14:13:28.204,1.18,1.18011,1.00,1.00
2014.11.03 14:13:28.560,1.18002,1.18011,1.00,1.00
2014.11.03 14:13:28.713,1.18002,1.18015,1.50,1.00
2014.11.03 14:13:29.218,1.18002,1.18016,1.50,1.00
2014.11.03 14:13:29.370,1.18002,1.18018,1.50,1.00
2014.11.03 14:13:29.421,1.18004,1.18018,1.50,1.00
2014.11.03 14:13:30.614,1.18003,1.18018,1.25,1.00
2014.11.03 14:13:31.127,1.18004,1.18018,1.50,1.00
2014.11.03 14:13:31.636,1.18005,1.18018,1.50,1.00
2014.11.03 14:13:31.941,1.18003,1.18018,1.00,1.00
2014.11.03 14:13:31.992,1.18003,1.18015,1.00,1.00
2014.11.03 14:13:36.806,1.18003,1.18013,1.00,1.00
2014.11.03 14:13:37.011,1.18001,1.18013,2.44,1.00
2014.11.03 14:13:37.540,1.18002,1.18013,1.00,1.00
2014.11.03 14:13:38.923,1.18002,1.18015,1.00,1.00
2014.11.03 14:13:39.441,1.18007,1.18015,1.00,1.00
2014.11.03 14:13:39.542,1.18004,1.18017,1.50,1.00
2014.11.03 14:13:39.745,1.18003,1.18015,2.25,1.00
2014.11.03 14:13:39.847,1.18,1.18014,2.25,1.00
2014.11.03 14:13:40.100,1.18,1.18009,1.00,1.00
2014.11.03 14:13:40.302,1.17997,1.18008,1.00,1.00
2014.11.03 14:13:40.505,1.17997,1.18012,1.00,1.50
2014.11.03 14:13:41.522,1.17997,1.1801,2.25,1.00
2014.11.03 14:13:41.623,1.17997,1.18012,2.25,1.00
2014.11.03 14:13:41.724,1.18001,1.18012,1.00,1.00
2014.11.03 14:13:41.977,1.17997,1.18013,1.50,1.00
2014.11.03 14:13:42.485,1.17997,1.18011,1.50,1.00
2014.11.03 14:13:42.637,1.17996,1.18014,3.00,1.50
2014.11.03 14:13:43.442,1.17998,1.18014,1.00,1.87
2014.11.03 14:13:43.857,1.18002,1.18018,1.69,1.12
2014.11.03 14:13:44.379,1.18002,1.18019,1.19,1.00
2014.11.03 14:13:45.770,1.18002,1.18019,1.00,1.50
2014.11.03 14:13:46.255,1.18007,1.18019,1.00,1.50
2014.11.03 14:13:46.358,1.18002,1.18019,1.00,1.50
2014.11.03 14:13:46.865,1.18002,1.18019,1.69,1.87
2014.11.03 14:13:47.661,1.18007,1.18019,1.00,1.87
2014.11.03 14:13:49.729,1.18007,1.1802,1.00,1.19
2014.11.03 14:13:50.084,1.18007,1.18016,1.00,1.12
2014.11.03 14:13:50.590,1.18007,1.18015,1.00,1.00
2014.11.03 14:13:51.421,1.18001,1.18015,1.50,1.00
2014.11.03 14:13:53.100,1.18002,1.18015,1.00,1.50
2014.11.03 14:13:53.646,1.18002,1.18015,1.00,1.69
2014.11.03 14:13:53.953,1.18,1.18015,1.00,1.69
2014.11.03 14:13:54.472,1.17998,1.18015,2.10,1.69
2014.11.03 14:13:55.562,1.17998,1.18013,1.35,1.19
2014.11.03 14:13:56.067,1.17997,1.18013,1.00,1.19
2014.11.03 14:13:56.505,1.17996,1.18011,1.00,2.44
2014.11.03 14:13:57.011,1.17996,1.18009,1.00,1.00
2014.11.03 14:13:58.481,1.17996,1.18009,1.50,1.19
2014.11.03 14:14:00.447,1.17994,1.18008,1.00,1.69
2014.11.03 14:14:00.650,1.17997,1.18008,1.00,1.69
2014.11.03 14:14:00.763,1.17993,1.18008,1.00,1.69
2014.11.03 14:14:03.039,1.17992,1.18008,2.25,1.50
2014.11.03 14:14:03.293,1.17991,1.18006,1.50,1.00
2014.11.03 14:14:03.598,1.17988,1.18004,2.25,1.00
2014.11.03 14:14:03.650,1.17992,1.18006,1.00,1.50
2014.11.03 14:14:03.853,1.17988,1.18004,1.50,1.00
2014.11.03 14:14:03.955,1.17988,1.18,1.00,1.00
2014.11.03 14:14:04.057,1.17986,1.17999,1.50,1.00
2014.11.03 14:14:04.158,1.17982,1.17999,2.25,1.00
2014.11.03 14:14:04.833,1.17982,1.17997,1.00,1.00
2014.11.03 14:14:07.240,1.17986,1.17997,1.00,1.00
2014.11.03 14:14:07.595,1.17982,1.17998,1.50,1.00
2014.11.03 14:14:08.101,1.17982,1.17999,1.50,1.25
2014.11.03 14:14:12.477,1.17982,1.17999,1.50,1.69
2014.11.03 14:14:13.157,1.17982,1.17996,1.50,1.00
2014.11.03 14:14:13.410,1.17978,1.17996,1.50,1.50
2014.11.03 14:14:14.522,1.17978,1.17994,1.50,1.00
2014.11.03 14:14:19.116,1.17978,1.17993,1.00,1.00
2014.11.03 14:14:21.404,1.17976,1.17993,1.00,1.00
2014.11.03 14:14:22.524,1.17977,1.17993,1.00,1.00
2014.11.03 14:14:26.501,1.17976,1.17993,1.50,1.00
2014.11.03 14:14:28.289,1.17977,1.17993,1.00,1.00
2014.11.03 14:14:28.495,1.17981,1.17993,1.00,1.00
2014.11.03 14:14:28.697,1.17976,1.17993,1.50,1.00
2014.11.03 14:14:28.849,1.17982,1.17993,1.00,1.00
2014.11.03 14:14:31.232,1.17982,1.17994,1.00,1.00
2014.11.03 14:14:31.998,1.1798,1.17994,1.00,1.00
2014.11.03 14:14:32.520,1.17979,1.17994,1.00,1.00
2014.11.03 14:14:36.847,1.17979,1.17996,1.00,1.25
2014.11.03 14:14:37.376,1.17979,1.17995,1.50,1.00
2014.11.03 14:14:37.528,1.17982,1.17995,1.00,1.00
2014.11.03 14:14:37.949,1.17979,1.17996,1.50,1.00
2014.11.03 14:14:38.453,1.1798,1.17997,1.00,1.69
2014.11.03 14:14:39.255,1.1798,1.17997,1.00,1.69
2014.11.03 14:14:40.064,1.17982,1.17997,1.00,1.69
2014.11.03 14:14:40.566,1.17982,1.17997,1.00,1.69
2014.11.03 14:14:42.063,1.1798,1.17997,1.00,1.69
2014.11.03 14:14:42.165,1.17982,1.17997,1.00,1.69
2014.11.03 14:14:43.324,1.17984,1.17998,1.00,1.00
2014.11.03 14:14:43.631,1.17986,1.18001,1.00,1.69
2014.11.03 14:14:43.935,1.17986,1.18002,1.00,1.69
2014.11.03 14:14:44.874,1.17986,1.18001,1.00,1.19
2014.11.03 14:14:45.385,1.17986,1.18001,1.00,1.69
2014.11.03 14:14:45.537,1.17986,1.17999,1.00,1.00
2014.11.03 14:14:45.740,1.17982,1.18,1.50,2.44
2014.11.03 14:14:48.651,1.17982,1.17998,1.00,1.69
2014.11.03 14:14:50.703,1.17982,1.17996,1.50,1.19
2014.11.03 14:14:51.584,1.1798,1.17995,1.00,1.19
2014.11.03 14:14:51.686,1.1798,1.17996,1.00,1.69
2014.11.03 14:14:51.736,1.17982,1.17996,1.00,1.69
2014.11.03 14:14:52.243,1.17981,1.17996,1.00,1.19
2014.11.03 14:14:52.920,1.1798,1.17996,1.00,1.19
2014.11.03 14:14:54.257,1.17981,1.17996,1.00,1.19
2014.11.03 14:14:54.775,1.17982,1.17995,1.00,1.25
2014.11.03 14:14:54.916,1.1798,1.17995,1.00,1.25
2014.11.03 14:14:55.441,1.1798,1.17996,1.00,2.29
2014.11.03 14:14:55.795,1.1798,1.17997,1.00,1.19
2014.11.03 14:14:56.886,1.17981,1.17998,1.50,2.44
2014.11.03 14:14:56.937,1.17983,1.17998,1.50,1.69
2014.11.03 14:14:56.988,1.17983,1.17999,2.25,1.50
2014.11.03 14:14:57.190,1.17985,1.18,1.00,1.25
2014.11.03 14:14:57.291,1.17982,1.17999,6.45,1.00
2014.11.03 14:14:57.810,1.17982,1.17999,2.25,1.69
2014.11.03 14:14:58.516,1.17982,1.17999,2.25,1.25
2014.11.03 14:14:59.017,1.17982,1.17998,1.50,1.50
2014.11.03 14:14:59.848,1.17986,1.17999,1.00,1.25
2014.11.03 14:15:00.102,1.17982,1.17998,2.25,1.00
2014.11.03 14:15:00.615,1.17982,1.17998,2.25,1.19
2014.11.03 14:15:01.512,1.17982,1.17999,2.25,1.69
2014.11.03 14:15:02.470,1.17982,1.17997,1.69,1.00
2014.11.03 14:15:02.571,1.17982,1.18,1.69,2.44
2014.11.03 14:15:02.774,1.17984,1.17999,1.00,1.25
2014.11.03 14:15:03.710,1.17984,1.17998,1.00,1.00
2014.11.03 14:15:04.216,1.17984,1.17996,1.00,1.00
2014.11.03 14:15:04.519,1.17991,1.18002,1.00,1.00
2014.11.03 14:15:04.570,1.17991,1.18004,1.00,1.00
2014.11.03 14:15:04.722,1.17989,1.18006,3.45,1.69
2014.11.03 14:15:04.950,1.17991,1.18006,1.00,1.69
2014.11.03 14:15:05.673,1.17989,1.18006,2.70,3.19
2014.11.03 14:15:06.599,1.17992,1.18006,1.00,3.19
2014.11.03 14:15:06.700,1.17989,1.18006,2.70,3.19
2014.11.03 14:15:09.395,1.17989,1.18004,1.00,1.00
2014.11.03 14:15:09.910,1.17989,1.18003,1.00,1.00
2014.11.03 14:15:10.062,1.17989,1.18005,1.00,1.54
2014.11.03 14:15:10.828,1.17989,1.18004,1.00,1.00
2014.11.03 14:15:11.391,1.17992,1.18004,1.00,1.00
2014.11.03 14:15:12.103,1.17992,1.18005,1.00,1.35
2014.11.03 14:15:12.715,1.17991,1.18007,2.70,2.25
2014.11.03 14:15:13.280,1.17991,1.18006,1.00,1.25
2014.11.03 14:15:13.790,1.17991,1.18005,1.00,1.00
2014.11.03 14:15:13.994,1.17988,1.18005,1.50,2.29
2014.11.03 14:15:14.146,1.17991,1.18004,1.00,1.00
2014.11.03 14:15:14.928,1.17987,1.18004,3.00,1.00
2014.11.03 14:15:15.283,1.17991,1.18005,1.00,3.79
2014.11.03 14:15:15.384,1.17987,1.18005,1.50,3.79
2014.11.03 14:15:15.581,1.17987,1.18003,1.50,1.00
2014.11.03 14:15:16.235,1.17992,1.18003,1.00,1.00
2014.11.03 14:15:17.786,1.17991,1.18004,1.00,1.19
2014.11.03 14:15:18.145,1.17987,1.18003,1.50,1.25
2014.11.03 14:15:18.677,1.17987,1.18002,1.50,1.00
2014.11.03 14:15:24.242,1.17989,1.18002,1.00,1.00
2014.11.03 14:15:24.343,1.17989,1.18004,1.00,1.69
2014.11.03 14:15:24.853,1.17989,1.18003,1.00,1.00
2014.11.03 14:15:25.384,1.17989,1.18004,1.00,2.25
2014.11.03 14:15:26.753,1.17992,1.18004,1.00,2.25
2014.11.03 14:15:26.906,1.17996,1.18009,1.00,1.50
2014.11.03 14:15:27.310,1.17996,1.18012,1.00,3.94
2014.11.03 14:15:28.018,1.17997,1.18011,1.00,1.25
2014.11.03 14:15:28.524,1.17996,1.18011,1.00,1.69
2014.11.03 14:15:28.895,1.17995,1.18009,1.00,1.00
2014.11.03 14:15:29.201,1.17997,1.18011,1.00,1.25
2014.11.03 14:15:29.777,1.17996,1.18011,1.00,1.25
2014.11.03 14:15:30.865,1.17995,1.18011,1.00,1.25
2014.11.03 14:15:31.170,1.17993,1.18008,1.00,1.69
2014.11.03 14:15:31.474,1.17996,1.18009,1.00,1.25
2014.11.03 14:15:31.754,1.17996,1.18011,1.00,1.50
2014.11.03 14:15:32.266,1.17997,1.18011,1.00,1.50
2014.11.03 14:15:32.801,1.17996,1.18011,2.25,1.69
2014.11.03 14:15:32.852,1.18001,1.18011,1.00,1.69
2014.11.03 14:15:33.055,1.18001,1.18014,1.00,1.00
2014.11.03 14:15:33.106,1.17997,1.18014,3.00,1.00
2014.11.03 14:15:33.631,1.18001,1.18014,1.00,1.00
2014.11.03 14:15:36.008,1.18001,1.18015,1.00,1.00
2014.11.03 14:15:36.160,1.18003,1.18018,1.00,1.00
2014.11.03 14:15:36.678,1.18002,1.18018,1.00,1.50
2014.11.03 14:15:38.335,1.18001,1.18018,2.25,1.50
2014.11.03 14:15:39.253,1.18002,1.18018,1.00,2.25
2014.11.03 14:15:40.678,1.18001,1.18018,2.25,2.44
2014.11.03 14:15:42.003,1.18002,1.18018,1.00,2.25
2014.11.03 14:15:42.307,1.18004,1.18019,1.00,1.00
2014.11.03 14:15:42.510,1.18004,1.18021,1.00,1.00
2014.11.03 14:15:43.061,1.18004,1.18021,1.19,1.50
2014.11.03 14:15:43.883,1.18006,1.18021,1.00,1.25
2014.11.03 14:15:43.985,1.18003,1.18019,1.50,1.19
2014.11.03 14:15:44.512,1.18002,1.18016,1.00,1.00
2014.11.03 14:15:45.052,1.18003,1.18016,1.00,1.00
2014.11.03 14:15:45.358,1.18001,1.18016,1.50,1.00
2014.11.03 14:15:45.898,1.18001,1.18018,1.50,1.69
2014.11.03 14:15:46.108,1.18003,1.18018,1.00,1.50
2014.11.03 14:15:46.634,1.18003,1.18019,1.00,1.00
2014.11.03 14:15:46.943,1.18011,1.18022,1.00,1.00
2014.11.03 14:15:46.994,1.18013,1.18025,1.00,1.00
2014.11.03 14:15:47.046,1.18013,1.18028,1.00,1.50
2014.11.03 14:15:47.436,1.18013,1.18026,1.00,1.00
2014.11.03 14:15:47.690,1.18009,1.18026,1.00,2.44
2014.11.03 14:15:47.842,1.18009,1.18021,1.00,1.00
2014.11.03 14:15:47.994,1.18005,1.1802,1.00,1.00
2014.11.03 14:15:48.198,1.18007,1.18022,1.50,1.35
2014.11.03 14:15:49.503,1.18007,1.18023,1.50,1.00
2014.11.03 14:15:49.961,1.18007,1.1802,1.50,1.00
2014.11.03 14:15:50.275,1.18007,1.18017,1.00,1.00
2014.11.03 14:15:50.531,1.18007,1.18019,1.00,1.00
2014.11.03 14:15:50.788,1.18007,1.18021,1.00,1.00
2014.11.03 14:15:51.314,1.18007,1.1802,1.00,1.00
2014.11.03 14:15:51.805,1.18007,1.18017,1.00,1.00
2014.11.03 14:15:52.074,1.18007,1.18019,1.00,1.50
2014.11.03 14:15:52.278,1.18003,1.18019,1.50,1.00
2014.11.03 14:15:53.614,1.18002,1.18019,1.69,1.00
2014.11.03 14:15:54.929,1.18007,1.18019,1.00,1.00
2014.11.03 14:15:55.415,1.18006,1.18017,1.00,1.50
2014.11.03 14:15:55.821,1.18007,1.1802,1.00,1.00
2014.11.03 14:15:57.313,1.18007,1.18021,1.00,1.00
2014.11.03 14:15:57.825,1.18008,1.18022,1.00,1.00
2014.11.03 14:15:59.539,1.18009,1.18022,1.00,1.00
2014.11.03 14:15:59.641,1.18009,1.18024,1.00,1.00
2014.11.03 14:15:59.894,1.18012,1.18024,1.00,1.00
2014.11.03 14:16:00.046,1.18009,1.18024,1.00,1.00
2014.11.03 14:16:00.271,1.18009,1.18022,1.00,1.00
2014.11.03 14:16:00.727,1.18009,1.18025,1.35,1.69
2014.11.03 14:16:00.778,1.18012,1.18025,1.00,1.50
2014.11.03 14:16:01.111,1.18016,1.1803,1.00,1.00
2014.11.03 14:16:01.162,1.18016,1.18027,1.00,1.00
2014.11.03 14:16:01.365,1.18012,1.18027,1.69,1.00
2014.11.03 14:16:01.416,1.18012,1.18029,1.69,1.50
2014.11.03 14:16:01.894,1.18012,1.18027,4.20,1.00
2014.11.03 14:16:02.409,1.18013,1.18028,1.50,1.00
2014.11.03 14:16:02.918,1.18012,1.18028,2.25,2.25
2014.11.03 14:16:05.442,1.18012,1.1803,3.00,1.50
2014.11.03 14:16:05.493,1.18014,1.1803,1.00,1.00
2014.11.03 14:16:05.999,1.18013,1.1803,2.70,1.00
2014.11.03 14:16:06.506,1.18013,1.18028,1.00,1.00
2014.11.03 14:16:07.028,1.18012,1.18028,1.50,1.00
2014.11.03 14:16:09.783,1.18015,1.18029,1.00,1.19
2014.11.03 14:16:10.327,1.18014,1.18026,1.50,1.00
2014.11.03 14:16:10.833,1.18014,1.18027,1.00,1.00
2014.11.03 14:16:11.344,1.18013,1.18026,1.00,1.25
2014.11.03 14:16:11.648,1.1801,1.18022,1.00,1.00
2014.11.03 14:16:12.757,1.18011,1.18022,1.00,1.00
2014.11.03 14:16:12.961,1.18012,1.18026,1.50,1.00
2014.11.03 14:16:13.012,1.18014,1.18026,1.00,1.00
2014.11.03 14:16:13.063,1.18014,1.18028,1.00,1.00
2014.11.03 14:16:13.114,1.18017,1.18028,1.00,1.00
2014.11.03 14:16:13.621,1.18016,1.18029,1.50,1.00
2014.11.03 14:16:14.435,1.18017,1.18029,1.00,1.00
2014.11.03 14:16:14.751,1.18019,1.18031,1.00,1.00
2014.11.03 14:16:15.157,1.18022,1.18035,1.00,1.50
2014.11.03 14:16:15.311,1.18021,1.18038,1.50,1.50
2014.11.03 14:16:15.362,1.18026,1.18038,1.00,1.00
2014.11.03 14:16:15.413,1.18026,1.1804,1.00,1.50
2014.11.03 14:16:15.515,1.18027,1.18044,2.25,1.00
2014.11.03 14:16:15.718,1.18031,1.18045,1.00,1.25
2014.11.03 14:16:15.819,1.18029,1.18045,1.00,1.00
2014.11.03 14:16:17.472,1.18029,1.18046,1.50,3.00
2014.11.03 14:16:22.202,1.18029,1.18047,3.00,3.75
2014.11.03 14:16:22.455,1.18031,1.18047,1.00,3.75
2014.11.03 14:16:22.979,1.18031,1.18046,1.00,1.50
2014.11.03 14:16:23.811,1.18031,1.18047,1.00,2.25
2014.11.03 14:16:24.588,1.18031,1.18046,1.00,1.50
2014.11.03 14:16:26.070,1.18032,1.18046,1.00,1.00
2014.11.03 14:16:26.593,1.18032,1.18047,1.00,1.00
2014.11.03 14:16:26.897,1.18036,1.18047,1.00,1.00
2014.11.03 14:16:27.200,1.18032,1.18048,1.00,1.50
2014.11.03 14:16:27.302,1.18036,1.18048,1.00,1.50
2014.11.03 14:16:27.475,1.18036,1.1805,1.00,1.50
2014.11.03 14:16:27.528,1.18032,1.1805,1.00,3.45
2014.11.03 14:16:27.733,1.18033,1.18047,1.00,1.00
2014.11.03 14:16:27.835,1.18035,1.1805,1.00,1.50
2014.11.03 14:16:27.988,1.18037,1.1805,1.00,1.50
2014.11.03 14:16:28.399,1.18035,1.1805,1.00,1.00
2014.11.03 14:16:28.501,1.18037,1.1805,1.00,1.00
2014.11.03 14:16:28.754,1.18034,1.1805,1.00,1.00
2014.11.03 14:16:29.291,1.18033,1.1805,1.00,1.00
2014.11.03 14:16:29.730,1.18041,1.1805,1.00,1.00
2014.11.03 14:16:29.831,1.18037,1.18055,4.20,1.00
2014.11.03 14:16:29.933,1.18041,1.18056,1.00,1.69
2014.11.03 14:16:30.491,1.18042,1.18056,1.00,1.25
2014.11.03 14:16:30.694,1.18042,1.18058,1.00,1.00
2014.11.03 14:16:31.200,1.18041,1.18058,1.50,1.00
2014.11.03 14:16:35.529,1.18042,1.18058,1.00,1.00
2014.11.03 14:16:36.210,1.18042,1.18056,1.00,1.00
2014.11.03 14:16:36.732,1.18041,1.18056,1.50,1.00
2014.11.03 14:16:37.039,1.18041,1.18054,1.50,1.00
2014.11.03 14:16:37.841,1.18042,1.18054,1.00,1.00
2014.11.03 14:16:42.240,1.18041,1.18054,1.50,1.00
2014.11.03 14:16:42.889,1.18041,1.18055,1.50,1.00
2014.11.03 14:16:43.192,1.18043,1.18055,1.00,1.00
2014.11.03 14:16:43.709,1.18043,1.18056,1.00,1.00
2014.11.03 14:16:45.728,1.18043,1.18055,1.00,1.00
2014.11.03 14:16:46.088,1.18043,1.18057,1.00,1.00
2014.11.03 14:16:46.291,1.18044,1.18055,1.00,1.00
2014.11.03 14:16:46.443,1.18042,1.18055,1.50,1.00
2014.11.03 14:16:46.545,1.18041,1.18052,1.50,1.00
2014.11.03 14:16:46.848,1.18047,1.18055,1.00,1.50
2014.11.03 14:16:46.899,1.18042,1.18055,1.00,1.50
2014.11.03 14:16:47.437,1.18047,1.18055,1.00,1.00
2014.11.03 14:16:47.538,1.18042,1.18055,1.00,1.00
2014.11.03 14:16:47.640,1.18046,1.18055,1.00,1.00
2014.11.03 14:16:48.162,1.18047,1.18056,1.00,1.00
2014.11.03 14:16:48.769,1.18046,1.18056,1.00,1.00
2014.11.03 14:16:49.609,1.18047,1.18056,1.00,1.00
2014.11.03 14:16:50.954,1.18043,1.18056,1.00,1.00
2014.11.03 14:16:51.058,1.18047,1.18056,1.00,1.00
2014.11.03 14:16:51.593,1.18047,1.18057,1.00,1.00
2014.11.03 14:16:53.021,1.18043,1.18057,1.00,1.00
2014.11.03 14:16:55.328,1.18046,1.18057,1.00,1.00
2014.11.03 14:16:55.768,1.18043,1.18057,1.50,1.00
2014.11.03 14:16:56.660,1.18043,1.18058,1.00,1.00
2014.11.03 14:16:57.888,1.18044,1.18058,1.00,1.00
2014.11.03 14:16:57.990,1.18042,1.18058,1.50,1.00
2014.11.03 14:16:58.143,1.18042,1.18056,1.00,1.50
2014.11.03 14:16:58.658,1.18041,1.18056,1.00,2.25
2014.11.03 14:16:59.169,1.18039,1.18056,1.19,1.00
2014.11.03 14:16:59.633,1.18038,1.18056,1.50,1.50
2014.11.03 14:16:59.735,1.18038,1.18053,1.50,1.00
2014.11.03 14:17:00.211,1.18036,1.18053,1.69,1.50
2014.11.03 14:17:00.517,1.18036,1.18051,1.69,1.00
2014.11.03 14:17:01.541,1.18037,1.18051,1.00,1.50
2014.11.03 14:17:02.480,1.18035,1.18051,1.00,1.69
2014.11.03 14:17:02.834,1.18033,1.1805,1.00,1.19
2014.11.03 14:17:03.291,1.18032,1.18046,1.50,1.50
2014.11.03 14:17:03.816,1.18032,1.18045,1.00,1.00
2014.11.03 14:17:04.256,1.18036,1.18045,1.00,1.00
2014.11.03 14:17:04.358,1.18037,1.18047,1.00,1.00
2014.11.03 14:17:04.818,1.18037,1.18049,1.00,3.75
2014.11.03 14:17:05.339,1.18037,1.18048,1.00,1.50
2014.11.03 14:17:05.920,1.18032,1.18048,1.00,1.50
2014.11.03 14:17:06.218,1.18036,1.18048,1.00,1.50
2014.11.03 14:17:06.774,1.18032,1.18048,1.50,1.00
2014.11.03 14:17:09.010,1.18032,1.18047,1.00,1.00
2014.11.03 14:17:09.528,1.18031,1.18047,1.50,1.00
2014.11.03 14:17:10.501,1.18032,1.18047,1.00,1.00
2014.11.03 14:17:10.603,1.18033,1.1805,1.00,2.25
2014.11.03 14:17:10.654,1.18036,1.1805,1.00,2.25
2014.11.03 14:17:11.185,1.18036,1.18051,1.00,1.69
2014.11.03 14:17:11.948,1.18035,1.18051,1.00,1.50
2014.11.03 14:17:12.049,1.18033,1.1805,1.69,1.00
2014.11.03 14:17:12.563,1.18033,1.18049,1.25,1.50
2014.11.03 14:17:13.602,1.18033,1.18048,1.00,1.00
2014.11.03 14:17:14.109,1.18034,1.18048,1.00,1.00
2014.11.03 14:17:16.771,1.18033,1.18048,1.00,1.50
2014.11.03 14:17:16.822,1.18033,1.18045,1.00,1.00
2014.11.03 14:17:18.329,1.18031,1.18045,1.50,1.00
2014.11.03 14:17:19.446,1.18029,1.18045,1.00,1.00
2014.11.03 14:17:20.277,1.1803,1.18045,1.00,1.00
2014.11.03 14:17:21.204,1.18031,1.18045,1.00,1.00
2014.11.03 14:17:21.716,1.18032,1.18045,1.00,1.00
2014.11.03 14:17:22.730,1.18031,1.18044,1.50,1.00
2014.11.03 14:17:23.311,1.18031,1.18045,1.50,1.00
2014.11.03 14:17:28.381,1.1803,1.18044,1.00,1.00
2014.11.03 14:17:28.583,1.18031,1.18041,1.00,1.00
2014.11.03 14:17:28.685,1.18027,1.18041,1.50,1.00
2014.11.03 14:17:29.866,1.18028,1.18041,1.50,1.00
2014.11.03 14:17:29.917,1.18032,1.18043,1.00,1.50
2014.11.03 14:17:30.170,1.18032,1.18046,1.00,1.00
2014.11.03 14:17:30.221,1.18031,1.18044,1.00,1.00
2014.11.03 14:17:30.676,1.18028,1.18043,2.44,1.00
2014.11.03 14:17:31.180,1.18028,1.18042,1.25,1.00
2014.11.03 14:17:31.231,1.18028,1.18044,1.25,1.00
2014.11.03 14:17:31.793,1.18028,1.18043,1.00,1.00
2014.11.03 14:17:34.056,1.18032,1.18043,1.00,1.00
2014.11.03 14:17:34.412,1.18029,1.18044,1.00,1.00
2014.11.03 14:17:34.931,1.18029,1.18043,1.00,1.00
2014.11.03 14:17:35.456,1.18029,1.18044,1.00,1.50
2014.11.03 14:17:36.176,1.18031,1.18044,1.00,1.00
2014.11.03 14:17:36.357,1.18029,1.18044,1.50,1.00
2014.11.03 14:17:37.065,1.18032,1.18044,1.00,1.00
2014.11.03 14:17:37.269,1.18029,1.18042,1.00,1.00
2014.11.03 14:17:38.908,1.18029,1.18044,1.00,1.50
2014.11.03 14:17:39.442,1.18029,1.18043,1.00,1.00
2014.11.03 14:17:39.696,1.18027,1.18043,1.25,2.25
2014.11.03 14:17:39.798,1.18026,1.18039,1.50,1.00
2014.11.03 14:17:40.304,1.18026,1.1804,1.25,1.00
2014.11.03 14:17:40.608,1.18031,1.18039,1.00,1.00
2014.11.03 14:17:40.659,1.18028,1.18039,1.69,1.00
2014.11.03 14:17:40.710,1.18028,1.18042,2.89,1.00
2014.11.03 14:17:40.761,1.18031,1.18043,1.00,1.00
2014.11.03 14:17:40.913,1.1803,1.18045,1.50,1.50
2014.11.03 14:17:41.116,1.18029,1.18043,1.00,1.00
2014.11.03 14:17:42.478,1.18029,1.18042,1.50,1.00
2014.11.03 14:17:42.782,1.18026,1.18038,1.00,1.00
2014.11.03 14:17:42.884,1.18026,1.18042,1.00,1.00
2014.11.03 14:17:42.986,1.18026,1.18039,1.00,1.00
2014.11.03 14:17:44.071,1.18023,1.18039,1.50,1.50
2014.11.03 14:17:44.598,1.18022,1.18039,1.69,1.00
2014.11.03 14:17:44.649,1.18022,1.18037,1.69,1.00
2014.11.03 14:17:45.154,1.18022,1.18036,1.00,1.00
2014.11.03 14:17:45.422,1.18022,1.18038,1.00,1.00
2014.11.03 14:17:46.401,1.18022,1.18037,1.00,1.00
2014.11.03 14:17:46.856,1.18022,1.18034,1.00,1.00
2014.11.03 14:17:47.515,1.18019,1.18034,1.25,1.00
2014.11.03 14:17:47.720,1.18021,1.18036,1.00,2.25
2014.11.03 14:17:48.226,1.18021,1.18037,1.69,1.00
2014.11.03 14:17:48.531,1.18023,1.1804,1.50,1.50
2014.11.03 14:17:50.276,1.18023,1.18038,1.00,1.00
2014.11.03 14:17:50.798,1.18024,1.18038,1.00,1.00
2014.11.03 14:17:51.057,1.18024,1.1804,1.00,1.25
2014.11.03 14:17:51.443,1.18027,1.1804,1.00,1.25
2014.11.03 14:17:51.696,1.18022,1.18037,1.00,1.00
2014.11.03 14:17:51.798,1.18026,1.18037,1.00,1.00
2014.11.03 14:17:51.900,1.18022,1.18037,1.50,1.00
2014.11.03 14:17:52.001,1.18026,1.18037,1.00,1.00
2014.11.03 14:17:52.103,1.18022,1.18037,1.00,1.00
2014.11.03 14:17:52.309,1.18026,1.18036,1.00,1.00
2014.11.03 14:17:52.462,1.18022,1.18036,1.50,1.00
2014.11.03 14:17:52.563,1.18026,1.18036,1.00,1.00
2014.11.03 14:17:52.888,1.18022,1.18036,1.00,1.00
2014.11.03 14:17:53.192,1.18021,1.18038,2.44,1.50
2014.11.03 14:17:53.708,1.18023,1.18038,1.25,1.00
2014.11.03 14:17:58.539,1.18023,1.18038,1.00,1.37
2014.11.03 14:17:58.641,1.18023,1.18035,1.00,1.00
2014.11.03 14:17:58.848,1.18019,1.18032,1.00,1.00
2014.11.03 14:17:59.101,1.18017,1.18032,1.50,1.00
2014.11.03 14:17:59.152,1.18022,1.18032,1.00,1.00
2014.11.03 14:17:59.305,1.18022,1.18034,1.00,1.00
2014.11.03 14:17:59.609,1.18021,1.18032,1.00,1.00
2014.11.03 14:18:00.238,1.18016,1.18032,5.70,1.00
2014.11.03 14:18:00.391,1.18016,1.1803,3.00,1.00
2014.11.03 14:18:00.899,1.18017,1.1803,1.00,1.00
2014.11.03 14:18:01.207,1.18016,1.18028,1.00,1.00
2014.11.03 14:18:01.612,1.18015,1.18032,1.00,1.50
2014.11.03 14:18:01.865,1.18017,1.18032,1.00,1.00
2014.11.03 14:18:01.916,1.18017,1.18034,1.00,1.50
2014.11.03 14:18:02.321,1.18015,1.18034,2.70,2.25
2014.11.03 14:18:02.826,1.18016,1.18034,1.00,2.25
2014.11.03 14:18:03.180,1.18018,1.18034,1.00,1.50
2014.11.03 14:18:03.692,1.18018,1.18033,1.00,1.00
2014.11.03 14:18:04.082,1.18021,1.18033,1.00,1.00
2014.11.03 14:18:04.539,1.18018,1.18033,1.00,1.00
2014.11.03 14:18:04.691,1.18018,1.18035,2.25,1.00
2014.11.03 14:18:04.742,1.18022,1.18035,1.95,1.00
2014.11.03 14:18:04.843,1.1802,1.18035,1.95,1.50
2014.11.03 14:18:04.894,1.18018,1.18035,3.45,1.50
2014.11.03 14:18:05.442,1.18018,1.18034,3.45,1.00
2014.11.03 14:18:06.880,1.18018,1.18035,3.64,1.00
2014.11.03 14:18:07.397,1.18019,1.18034,1.50,1.00
2014.11.03 14:18:08.623,1.18019,1.18035,1.50,1.00
2014.11.03 14:18:08.977,1.18019,1.18032,1.00,1.00
2014.11.03 14:18:09.390,1.18019,1.1803,1.00,1.00
2014.11.03 14:18:09.492,1.18017,1.18032,1.50,1.00
2014.11.03 14:18:10.669,1.18018,1.18032,1.00,1.00
2014.11.03 14:18:11.834,1.18018,1.18034,1.00,2.25
2014.11.03 14:18:14.866,1.18019,1.18034,1.00,2.25
2014.11.03 14:18:14.968,1.18022,1.18034,1.00,1.50
2014.11.03 14:18:15.070,1.18023,1.18038,1.00,1.00
2014.11.03 14:18:15.222,1.18021,1.18035,1.50,1.00
2014.11.03 14:18:15.678,1.18019,1.18035,1.00,2.25
2014.11.03 14:18:15.963,1.18019,1.18033,1.00,1.00
2014.11.03 14:18:16.065,1.18019,1.18035,1.00,3.00
2014.11.03 14:18:16.320,1.18022,1.18035,1.00,3.00
2014.11.03 14:18:16.826,1.18022,1.18036,1.00,1.50
2014.11.03 14:18:17.080,1.1802,1.18035,1.00,1.00
2014.11.03 14:18:17.384,1.18018,1.18035,3.00,1.00
2014.11.03 14:18:18.032,1.18018,1.18035,3.19,1.00
2014.11.03 14:18:18.567,1.18018,1.18036,3.94,1.50
2014.11.03 14:18:18.618,1.18018,1.18033,3.94,1.00
2014.11.03 14:18:18.923,1.18016,1.18028,1.00,1.69
2014.11.03 14:18:19.024,1.18012,1.18027,1.00,1.00
2014.11.03 14:18:19.278,1.18008,1.18026,1.00,2.70
2014.11.03 14:18:19.329,1.18007,1.18023,3.00,1.00
2014.11.03 14:18:19.582,1.18007,1.18025,1.50,2.25
2014.11.03 14:18:20.088,1.18007,1.18024,1.50,1.00
2014.11.03 14:18:20.596,1.18008,1.18024,1.00,1.00
2014.11.03 14:18:21.912,1.18012,1.18025,1.00,1.00
2014.11.03 14:18:22.014,1.18011,1.18027,1.00,1.50
2014.11.03 14:18:22.267,1.18009,1.18027,2.25,1.50
2014.11.03 14:18:22.368,1.18011,1.18027,1.00,1.00
2014.11.03 14:18:22.860,1.18009,1.18026,1.00,1.00
2014.11.03 14:18:23.530,1.18009,1.18025,1.50,1.00
2014.11.03 14:18:24.257,1.18009,1.18024,1.50,1.00
2014.11.03 14:18:24.562,1.18007,1.18024,2.25,1.00
2014.11.03 14:18:25.070,1.18007,1.18025,3.00,1.50
2014.11.03 14:18:27.166,1.18006,1.18023,3.94,1.00
2014.11.03 14:18:27.679,1.18006,1.18023,3.00,1.50
2014.11.03 14:18:28.187,1.18007,1.18023,1.00,1.00
2014.11.03 14:18:29.993,1.18007,1.18022,1.00,1.00
2014.11.03 14:18:30.499,1.18008,1.18023,1.00,1.50
2014.11.03 14:18:31.006,1.18009,1.18023,1.50,1.00
2014.11.03 14:18:31.395,1.18014,1.18028,1.00,1.00
2014.11.03 14:18:31.497,1.18012,1.18028,1.00,1.69
2014.11.03 14:18:31.599,1.1801,1.18026,1.00,1.00
2014.11.03 14:18:32.923,1.18011,1.18026,1.00,1.50
2014.11.03 14:18:33.130,1.18011,1.18024,1.00,1.00
2014.11.03 14:18:34.019,1.1801,1.18024,1.00,1.00
2014.11.03 14:18:34.525,1.18011,1.18024,1.00,1.50
2014.11.03 14:18:38.328,1.18011,1.18025,1.00,1.54
2014.11.03 14:18:39.986,1.18011,1.18026,1.00,2.25
2014.11.03 14:18:40.502,1.1801,1.18026,1.00,2.25
2014.11.03 14:18:41.120,1.1801,1.18024,1.00,3.90
2014.11.03 14:18:41.425,1.18003,1.18014,1.00,1.00
2014.11.03 14:18:41.476,1.18,1.18015,1.00,1.00
2014.11.03 14:18:41.982,1.18,1.18015,1.00,1.60
2014.11.03 14:18:42.516,1.18,1.18015,1.00,1.00
2014.11.03 14:18:42.719,1.18002,1.18015,1.00,1.00
2014.11.03 14:18:42.821,1.18,1.18015,1.00,1.00
2014.11.03 14:18:45.757,1.18,1.18013,1.00,1.35
2014.11.03 14:18:46.162,1.18001,1.18015,1.00,1.00
2014.11.03 14:18:46.314,1.18003,1.18016,1.00,1.00
2014.11.03 14:18:46.636,1.18001,1.18014,1.00,1.00
2014.11.03 14:18:47.395,1.18,1.18015,1.00,1.35
2014.11.03 14:18:47.664,1.17995,1.18011,1.00,1.00
2014.11.03 14:18:48.172,1.17996,1.18011,1.50,1.50
2014.11.03 14:18:48.711,1.17997,1.18011,1.50,1.00
2014.11.03 14:18:49.420,1.17998,1.18011,1.00,1.00
2014.11.03 14:18:49.725,1.17998,1.18013,3.00,1.00
2014.11.03 14:18:50.263,1.17999,1.18012,1.00,1.00
2014.11.03 14:18:50.466,1.17998,1.1801,1.00,1.00
2014.11.03 14:18:50.670,1.17998,1.18012,1.00,1.00
2014.11.03 14:18:50.823,1.18,1.18014,1.50,1.00
2014.11.03 14:18:50.925,1.18,1.18016,1.00,1.50
2014.11.03 14:18:53.414,1.18001,1.18016,1.50,1.00
2014.11.03 14:18:53.465,1.18003,1.18018,1.00,1.00
2014.11.03 14:18:53.669,1.18004,1.1802,1.50,1.00
2014.11.03 14:18:54.992,1.18004,1.18019,1.50,1.00
2014.11.03 14:18:55.499,1.18005,1.1802,1.00,1.00
2014.11.03 14:18:56.266,1.18005,1.18023,1.00,1.19
2014.11.03 14:18:56.796,1.18005,1.18023,1.00,2.25
2014.11.03 14:19:01.557,1.18005,1.18023,2.29,1.00
2014.11.03 14:19:01.862,1.18011,1.1803,3.94,1.35
2014.11.03 14:19:02.513,1.18013,1.18031,1.00,4.35
2014.11.03 14:19:03.133,1.18012,1.18031,1.69,5.85
2014.11.03 14:19:04.429,1.18012,1.18029,2.25,1.00
2014.11.03 14:19:05.095,1.18012,1.1803,1.50,1.35
2014.11.03 14:19:05.607,1.18011,1.18031,4.69,3.60
2014.11.03 14:19:05.999,1.18013,1.18031,1.00,3.60
2014.11.03 14:19:07.376,1.18015,1.18031,1.00,2.85
2014.11.03 14:19:08.176,1.18014,1.18031,1.00,2.85
2014.11.03 14:19:08.845,1.18015,1.18031,1.95,2.85
2014.11.03 14:19:09.099,1.18017,1.18033,1.50,1.00
2014.11.03 14:19:09.505,1.18017,1.18035,3.75,1.25
2014.11.03 14:19:09.557,1.1802,1.18035,1.00,1.25
2014.11.03 14:19:10.704,1.18021,1.18035,1.00,1.00
2014.11.03 14:19:10.857,1.18021,1.18037,1.00,1.00
2014.11.03 14:19:10.958,1.18023,1.18037,1.00,1.00
2014.11.03 14:19:11.476,1.18023,1.18038,1.00,1.00
2014.11.03 14:19:13.166,1.18023,1.18039,1.00,3.79
2014.11.03 14:19:13.855,1.18023,1.18038,1.00,1.50
2014.11.03 14:19:14.465,1.18023,1.18039,1.00,5.29
2014.11.03 14:19:15.539,1.18023,1.18038,1.00,1.50
2014.11.03 14:19:15.590,1.1802,1.18038,2.44,1.50
2014.11.03 14:19:16.188,1.18021,1.18039,1.25,6.04
2014.11.03 14:19:16.340,1.18021,1.18037,1.25,1.00
2014.11.03 14:19:16.645,1.18019,1.18034,1.00,1.00
2014.11.03 14:19:16.798,1.18016,1.18032,1.00,1.00
2014.11.03 14:19:17.152,1.18017,1.1803,1.00,1.00
2014.11.03 14:19:18.386,1.18015,1.1803,1.50,1.00
2014.11.03 14:19:18.740,1.18013,1.18029,1.00,1.00
2014.11.03 14:19:18.791,1.18012,1.18026,1.50,2.10
2014.11.03 14:19:19.146,1.18008,1.18024,1.50,1.00
2014.11.03 14:19:19.248,1.18008,1.18022,1.00,1.00
2014.11.03 14:19:19.782,1.18006,1.18022,1.00,1.00
2014.11.03 14:19:19.883,1.18004,1.18022,1.69,1.00
2014.11.03 14:19:20.414,1.18004,1.18021,1.25,1.50
2014.11.03 14:19:20.997,1.18007,1.18021,1.00,1.00
2014.11.03 14:19:21.657,1.18006,1.18021,1.50,1.00
2014.11.03 14:19:22.331,1.18006,1.18022,1.00,2.25
2014.11.03 14:19:22.635,1.18006,1.18019,1.00,1.00
2014.11.03 14:19:22.869,1.18004,1.18019,1.50,1.00
2014.11.03 14:19:22.970,1.18007,1.18019,1.00,1.00
2014.11.03 14:19:23.325,1.18004,1.18019,1.00,1.00
2014.11.03 14:19:23.528,1.18006,1.1802,1.00,1.00
2014.11.03 14:19:23.579,1.18006,1.18022,1.00,2.44
2014.11.03 14:19:24.836,1.18007,1.18022,1.00,1.00
2014.11.03 14:19:27.028,1.18007,1.1802,1.00,1.00
2014.11.03 14:19:27.078,1.18005,1.1802,1.50,1.00
2014.11.03 14:19:27.180,1.18007,1.1802,1.00,1.00
2014.11.03 14:19:27.382,1.18007,1.18022,1.00,1.50
2014.11.03 14:19:27.484,1.18005,1.18019,1.00,1.50
2014.11.03 14:19:28.029,1.18004,1.1802,1.00,1.50
2014.11.03 14:19:28.615,1.18004,1.18019,1.00,1.00
2014.11.03 14:19:28.949,1.18004,1.18017,1.00,1.00
2014.11.03 14:19:29.114,1.18002,1.18017,1.00,1.00
2014.11.03 14:19:30.119,1.18001,1.18017,2.25,1.00
2014.11.03 14:19:30.624,1.18001,1.18018,1.50,1.50
2014.11.03 14:19:31.171,1.18002,1.18018,1.00,1.50
2014.11.03 14:19:31.322,1.18004,1.18018,1.00,1.50
2014.11.03 14:19:31.474,1.18002,1.18018,1.50,1.50
2014.11.03 14:19:35.145,1.18002,1.18019,1.00,1.50
2014.11.03 14:19:35.399,1.18004,1.18019,1.00,1.00
2014.11.03 14:19:35.501,1.18004,1.18022,1.50,2.85
2014.11.03 14:19:36.647,1.18003,1.18021,1.00,3.04
2014.11.03 14:19:39.407,1.18003,1.18021,1.00,3.04
2014.11.03 14:19:40.805,1.18002,1.18021,1.69,3.04
2014.11.03 14:19:41.220,1.18002,1.18018,1.25,1.00
2014.11.03 14:19:41.765,1.18001,1.18016,1.00,1.00
2014.11.03 14:19:43.166,1.18001,1.18017,1.00,2.10
2014.11.03 14:19:43.682,1.18001,1.18016,1.00,1.00
2014.11.03 14:19:43.935,1.17999,1.18015,2.25,1.00
2014.11.03 14:19:45.492,1.18,1.18015,1.35,1.00
2014.11.03 14:19:45.543,1.18003,1.18015,1.00,1.00
2014.11.03 14:19:45.796,1.18005,1.1802,1.00,1.00
2014.11.03 14:19:46.374,1.18005,1.18022,1.00,1.50
2014.11.03 14:19:48.244,1.18004,1.18018,1.00,2.10
2014.11.03 14:19:48.497,1.18001,1.18015,1.00,1.00
2014.11.03 14:19:49.018,1.18001,1.18016,1.00,1.50
2014.11.03 14:19:49.333,1.17999,1.18016,1.00,1.50
2014.11.03 14:19:49.897,1.17999,1.18015,1.00,1.00
2014.11.03 14:19:50.438,1.17999,1.18016,1.00,1.50
2014.11.03 14:19:51.262,1.18,1.18016,2.70,1.00
2014.11.03 14:19:51.364,1.18002,1.18017,1.50,1.50
2014.11.03 14:19:51.516,1.18004,1.1802,1.00,1.00
2014.11.03 14:19:52.591,1.18005,1.1802,1.50,1.00
2014.11.03 14:19:52.759,1.18006,1.18023,1.25,1.50
2014.11.03 14:19:53.280,1.18005,1.18022,1.19,1.00
2014.11.03 14:19:53.534,1.18003,1.18022,2.25,1.00
2014.11.03 14:19:54.040,1.18004,1.18022,1.00,1.00
2014.11.03 14:19:54.506,1.18007,1.18022,1.00,1.00
2014.11.03 14:19:55.024,1.18008,1.18022,1.00,1.00
2014.11.03 14:19:56.046,1.18006,1.18022,1.00,1.00
2014.11.03 14:19:58.708,1.18006,1.18023,1.00,2.44
2014.11.03 14:19:59.222,1.18006,1.18022,1.00,1.00
2014.11.03 14:20:01.170,1.18006,1.18021,1.00,1.00
2014.11.03 14:20:01.677,1.18006,1.18022,1.00,1.00
2014.11.03 14:20:05.640,1.18009,1.18022,1.95,1.00
2014.11.03 14:20:05.741,1.1801,1.18024,2.70,1.00
2014.11.03 14:20:05.894,1.1801,1.18027,4.20,1.00
2014.11.03 14:20:06.046,1.1801,1.18022,3.45,1.00
2014.11.03 14:20:06.198,1.18007,1.18021,1.50,1.00
2014.11.03 14:20:06.990,1.18007,1.18019,1.00,1.00
2014.11.03 14:20:07.293,1.18007,1.18017,1.00,1.00
2014.11.03 14:20:07.345,1.18004,1.18017,3.00,1.00
2014.11.03 14:20:07.750,1.18004,1.18014,1.00,1.00
2014.11.03 14:20:07.953,1.18001,1.18014,1.00,1.00
2014.11.03 14:20:08.004,1.17999,1.18014,2.25,2.85
2014.11.03 14:20:08.527,1.17998,1.18013,1.00,1.35
2014.11.03 14:20:09.402,1.17998,1.18012,1.00,1.50
2014.11.03 14:20:09.908,1.17998,1.18013,1.00,1.35
2014.11.03 14:20:11.266,1.17998,1.18012,1.00,1.00
2014.11.03 14:20:11.468,1.17997,1.1801,1.50,1.00
2014.11.03 14:20:11.943,1.18001,1.1801,1.00,1.00
2014.11.03 14:20:12.045,1.17996,1.18013,2.25,1.00
2014.11.03 14:20:12.147,1.17998,1.18012,1.00,1.00
2014.11.03 14:20:13.378,1.17998,1.18011,1.00,2.85
2014.11.03 14:20:13.913,1.17997,1.1801,1.00,2.47
2014.11.03 14:20:14.166,1.17995,1.1801,1.00,1.72
2014.11.03 14:20:14.319,1.17995,1.18011,1.00,1.00
2014.11.03 14:20:14.369,1.17997,1.18011,1.00,1.00
2014.11.03 14:20:15.143,1.17996,1.1801,1.00,1.00
2014.11.03 14:20:16.888,1.17995,1.1801,1.50,1.00
2014.11.03 14:20:17.198,1.17996,1.18013,1.69,2.10
2014.11.03 14:20:17.704,1.17995,1.18011,1.00,1.00
2014.11.03 14:20:17.856,1.17997,1.18011,1.00,1.00
2014.11.03 14:20:18.059,1.18002,1.18018,1.00,1.00
2014.11.03 14:20:18.567,1.18002,1.18017,1.50,1.00
2014.11.03 14:20:18.618,1.18002,1.18015,1.50,1.00
2014.11.03 14:20:18.997,1.18002,1.18012,1.00,1.00
2014.11.03 14:20:19.503,1.18001,1.18012,1.00,1.00
2014.11.03 14:20:20.010,1.18002,1.18012,1.00,1.00
2014.11.03 14:20:20.061,1.18002,1.18016,1.00,1.00
2014.11.03 14:20:20.466,1.18004,1.18017,1.00,1.50
2014.11.03 14:20:21.011,1.18006,1.1802,1.50,1.00
2014.11.03 14:20:21.723,1.18006,1.18019,1.00,1.00
2014.11.03 14:20:21.927,1.18004,1.18019,1.00,1.00
2014.11.03 14:20:22.130,1.18001,1.18016,2.25,1.00
2014.11.03 14:20:23.066,1.18002,1.18016,1.00,1.00
2014.11.03 14:20:24.546,1.18002,1.18017,1.00,1.00
2014.11.03 14:20:25.079,1.18001,1.18018,1.00,1.50
2014.11.03 14:20:25.586,1.18001,1.18018,1.00,3.19
2014.11.03 14:20:26.092,1.18001,1.18016,1.00,1.00
2014.11.03 14:20:26.598,1.18001,1.18017,1.00,1.69
2014.11.03 14:20:27.519,1.17998,1.18017,3.00,2.44
2014.11.03 14:20:27.777,1.17998,1.18013,3.00,1.00
2014.11.03 14:20:27.992,1.17998,1.18017,3.00,2.44
2014.11.03 14:20:28.094,1.17998,1.18013,3.00,1.00
2014.11.03 14:20:28.550,1.17994,1.1801,1.69,1.00
2014.11.03 14:20:28.651,1.17993,1.18009,1.50,2.44
2014.11.03 14:20:29.157,1.17992,1.18009,1.50,3.94
2014.11.03 14:20:29.706,1.17992,1.18009,2.25,3.19
2014.11.03 14:20:30.430,1.17993,1.18009,1.00,3.19
2014.11.03 14:20:30.531,1.17991,1.18009,2.25,2.29
2014.11.03 14:20:30.582,1.17991,1.18006,1.50,1.25
2014.11.03 14:20:30.785,1.17989,1.18006,1.50,3.19
2014.11.03 14:20:31.621,1.17988,1.18005,2.25,1.00
2014.11.03 14:20:32.165,1.17989,1.18005,1.00,1.00
2014.11.03 14:20:32.831,1.17989,1.18004,1.00,1.00
2014.11.03 14:20:34.170,1.1799,1.18004,1.00,1.00
2014.11.03 14:20:37.535,1.1799,1.18005,1.00,1.00
2014.11.03 14:20:38.295,1.1799,1.18006,1.00,1.50
2014.11.03 14:20:38.650,1.17992,1.18007,1.00,1.00
2014.11.03 14:20:39.156,1.17991,1.18007,1.00,1.00
2014.11.03 14:20:42.161,1.17992,1.18007,1.00,2.10
2014.11.03 14:20:43.291,1.17994,1.18007,1.00,1.00
2014.11.03 14:20:43.393,1.17995,1.18009,1.00,1.00
2014.11.03 14:20:43.916,1.17994,1.1801,1.50,1.50
2014.11.03 14:20:44.474,1.17995,1.1801,1.00,1.69
2014.11.03 14:20:44.627,1.17997,1.1801,1.00,1.00
2014.11.03 14:20:44.678,1.17997,1.18013,1.00,1.00
2014.11.03 14:20:45.033,1.18,1.18012,1.00,1.00
2014.11.03 14:20:46.612,1.18,1.18014,1.00,1.00
2014.11.03 14:20:47.006,1.17997,1.18014,1.00,1.00
2014.11.03 14:20:49.756,1.17999,1.18014,1.00,1.50
2014.11.03 14:20:49.858,1.17997,1.18014,1.00,1.50
2014.11.03 14:20:50.347,1.17997,1.18012,1.00,1.00
2014.11.03 14:20:51.506,1.17998,1.18012,1.00,1.00
2014.11.03 14:20:52.008,1.17997,1.18012,1.00,1.00
2014.11.03 14:20:52.522,1.17998,1.18012,1.00,1.00
2014.11.03 14:20:53.039,1.17997,1.18013,1.50,1.50
2014.11.03 14:20:56.068,1.17997,1.18014,1.00,1.50
2014.11.03 14:20:56.688,1.18002,1.18014,1.00,1.50
2014.11.03 14:20:57.355,1.17997,1.18014,3.75,1.00
2014.11.03 14:20:57.716,1.18001,1.18014,1.00,1.00
2014.11.03 14:20:58.218,1.18001,1.18015,1.50,1.00
2014.11.03 14:20:59.557,1.18002,1.18015,1.00,1.00
2014.11.03 14:21:01.362,1.18002,1.18017,1.00,2.85
2014.11.03 14:21:01.982,1.18003,1.18017,1.00,2.10
2014.11.03 14:21:07.135,1.18002,1.18017,1.00,2.10
2014.11.03 14:21:07.502,1.18,1.18017,1.00,2.85
2014.11.03 14:21:08.016,1.18001,1.18017,1.00,2.10
2014.11.03 14:21:09.580,1.18002,1.18017,1.00,2.10
2014.11.03 14:21:12.680,1.18003,1.18017,1.00,2.10
2014.11.03 14:21:14.785,1.18003,1.18018,1.00,1.50
2014.11.03 14:21:16.610,1.18002,1.18018,1.00,1.69
2014.11.03 14:21:18.364,1.18002,1.18017,1.00,1.00
2014.11.03 14:21:19.050,1.18002,1.18016,1.00,1.00
2014.11.03 14:21:19.573,1.18002,1.18015,1.00,1.00
2014.11.03 14:21:19.883,1.17999,1.18015,1.00,1.00
2014.11.03 14:21:20.711,1.17999,1.18014,1.00,1.00
2014.11.03 14:21:21.218,1.18002,1.18015,1.00,1.50
2014.11.03 14:21:21.880,1.17998,1.18015,1.00,1.69
2014.11.03 14:21:23.262,1.17998,1.18014,1.00,1.00
2014.11.03 14:21:24.425,1.17998,1.18013,1.00,1.00
2014.11.03 14:21:24.886,1.17998,1.18012,1.00,2.10
2014.11.03 14:21:24.937,1.17996,1.18012,1.50,3.04
2014.11.03 14:21:25.191,1.17996,1.18012,1.50,1.00
2014.11.03 14:21:25.704,1.17996,1.18013,3.00,1.00
2014.11.03 14:21:26.260,1.17997,1.18015,1.00,2.10
2014.11.03 14:21:27.964,1.17996,1.18015,1.69,1.50
2014.11.03 14:21:28.424,1.17998,1.18015,1.00,1.00
2014.11.03 14:21:32.028,1.17999,1.18015,1.95,1.00
2014.11.03 14:21:32.332,1.18004,1.18016,1.95,1.00
2014.11.03 14:21:32.636,1.18006,1.18016,1.95,1.00
2014.11.03 14:21:32.738,1.18008,1.18021,1.00,1.00
2014.11.03 14:21:33.043,1.18006,1.18021,2.70,1.00
2014.11.03 14:21:33.666,1.18008,1.18021,1.00,1.00
2014.11.03 14:21:33.969,1.18011,1.18021,1.00,1.00
2014.11.03 14:21:34.176,1.18011,1.18024,1.00,2.25
2014.11.03 14:21:34.691,1.18012,1.18023,1.00,1.00
2014.11.03 14:21:34.843,1.18012,1.18026,1.00,1.50
2014.11.03 14:21:35.371,1.18011,1.18025,1.00,1.00
2014.11.03 14:21:35.893,1.18012,1.18026,1.00,1.00
2014.11.03 14:21:36.399,1.18012,1.18025,1.00,1.00
2014.11.03 14:21:37.852,1.18012,1.18023,1.00,1.00
2014.11.03 14:21:38.358,1.18012,1.18024,1.00,1.00
2014.11.03 14:21:38.409,1.18012,1.18026,1.00,1.25
2014.11.03 14:21:38.864,1.18012,1.18024,1.00,1.00
2014.11.03 14:21:41.290,1.18007,1.18022,1.50,1.00
2014.11.03 14:21:42.060,1.18007,1.18021,1.00,1.00
2014.11.03 14:21:42.678,1.18006,1.1802,1.00,1.50
2014.11.03 14:21:43.218,1.18005,1.18021,1.95,1.00
2014.11.03 14:21:43.729,1.18004,1.18021,1.50,1.00
2014.11.03 14:21:45.045,1.18004,1.18022,2.25,1.50
2014.11.03 14:21:45.959,1.18005,1.18022,1.00,1.50
2014.11.03 14:21:46.263,1.18004,1.1802,1.00,1.00
2014.11.03 14:21:46.930,1.18004,1.18019,1.00,1.00
2014.11.03 14:21:47.439,1.18004,1.18018,1.00,1.00
2014.11.03 14:21:47.984,1.18003,1.18018,1.00,1.00
2014.11.03 14:21:48.289,1.18007,1.18019,1.00,1.50
2014.11.03 14:21:48.339,1.18003,1.18019,1.50,1.00
2014.11.03 14:21:49.156,1.18005,1.18019,1.00,1.00
2014.11.03 14:21:50.787,1.18006,1.18019,1.00,1.00
2014.11.03 14:21:50.888,1.18006,1.18021,1.00,1.00
2014.11.03 14:21:51.421,1.18006,1.18022,1.50,1.00
2014.11.03 14:21:51.940,1.18007,1.18022,1.00,1.00
2014.11.03 14:21:52.345,1.18002,1.18021,1.19,3.00
2014.11.03 14:21:52.548,1.18002,1.18018,1.69,1.00
2014.11.03 14:21:52.852,1.18006,1.18021,1.00,1.00
2014.11.03 14:21:53.383,1.18006,1.18022,1.50,1.25
2014.11.03 14:21:56.427,1.18007,1.18022,1.00,1.50
2014.11.03 14:21:59.104,1.18007,1.18023,1.00,2.25
2014.11.03 14:21:59.625,1.18006,1.18023,1.00,2.25
2014.11.03 14:21:59.929,1.18008,1.18023,1.00,2.25
2014.11.03 14:22:00.817,1.18007,1.18023,1.50,2.25
2014.11.03 14:22:01.070,1.18005,1.18023,1.50,3.75
2014.11.03 14:22:01.323,1.18005,1.18021,1.00,1.00
2014.11.03 14:22:01.564,1.18003,1.18021,1.69,1.50
2014.11.03 14:22:03.733,1.18003,1.18019,2.25,1.00
2014.11.03 14:22:04.850,1.18002,1.18019,1.25,3.45
2014.11.03 14:22:05.154,1.18001,1.18016,1.50,1.00
2014.11.03 14:22:05.525,1.18001,1.18018,1.50,1.50
2014.11.03 14:22:06.032,1.18001,1.18017,3.00,1.00
2014.11.03 14:22:06.582,1.18001,1.18018,3.00,1.00
2014.11.03 14:22:06.903,1.18001,1.18017,1.50,1.37
2014.11.03 14:22:07.055,1.17999,1.18014,1.00,1.12
2014.11.03 14:22:07.107,1.17997,1.18013,1.50,1.00
2014.11.03 14:22:07.158,1.18001,1.18013,1.00,1.50
2014.11.03 14:22:07.412,1.18,1.18016,1.00,1.00
2014.11.03 14:22:07.488,1.18002,1.18016,1.50,1.00
2014.11.03 14:22:08.450,1.18003,1.18016,1.00,1.00
2014.11.03 14:22:08.988,1.18002,1.18016,1.00,1.87
2014.11.03 14:22:09.512,1.18001,1.18016,1.00,1.87
2014.11.03 14:22:10.022,1.18001,1.18016,1.00,1.00
2014.11.03 14:22:10.225,1.17999,1.18016,1.50,1.00
2014.11.03 14:22:14.706,1.17999,1.18015,1.00,1.00
2014.11.03 14:22:14.963,1.18002,1.18016,1.00,1.00
2014.11.03 14:22:15.115,1.18001,1.18018,2.70,1.50
2014.11.03 14:22:15.621,1.18001,1.18017,1.00,2.25
2014.11.03 14:22:15.722,1.18001,1.18014,1.00,1.00
2014.11.03 14:22:16.263,1.18001,1.18012,1.00,1.00
2014.11.03 14:22:16.364,1.18001,1.18014,1.00,4.95
2014.11.03 14:22:16.466,1.17997,1.18014,1.00,5.70
2014.11.03 14:22:16.618,1.17996,1.18011,1.50,1.00
2014.11.03 14:22:16.921,1.17997,1.18007,1.00,1.00
2014.11.03 14:22:17.023,1.17993,1.18007,1.00,1.00
2014.11.03 14:22:17.538,1.17992,1.18007,1.00,1.00
2014.11.03 14:22:18.062,1.17992,1.18006,1.00,1.00
2014.11.03 14:22:18.164,1.17989,1.18006,1.00,1.00
2014.11.03 14:22:18.372,1.17991,1.18006,1.00,1.00
2014.11.03 14:22:18.575,1.17988,1.18005,3.64,1.00
2014.11.03 14:22:18.677,1.17992,1.18005,1.00,1.00
2014.11.03 14:22:19.259,1.17992,1.18003,1.00,1.00
2014.11.03 14:22:21.025,1.17992,1.18005,1.00,1.69
2014.11.03 14:22:22.264,1.17992,1.18003,1.00,1.00
2014.11.03 14:22:22.921,1.17992,1.18005,1.00,1.69
2014.11.03 14:22:23.479,1.17992,1.18007,1.00,1.50
2014.11.03 14:22:24.019,1.17991,1.18007,1.00,1.00
2014.11.03 14:22:24.404,1.17993,1.18007,1.00,1.00
2014.11.03 14:22:24.556,1.17994,1.18009,1.95,2.25
2014.11.03 14:22:24.708,1.17993,1.18011,2.44,3.00
2014.11.03 14:22:25.243,1.17993,1.1801,1.19,1.00
2014.11.03 14:22:25.780,1.17993,1.1801,1.50,1.00
2014.11.03 14:22:26.236,1.17993,1.18008,1.50,1.00
2014.11.03 14:22:26.540,1.17991,1.18006,1.00,1.00
2014.11.03 14:22:27.046,1.17992,1.18006,1.50,1.00
2014.11.03 14:22:27.552,1.17992,1.18005,1.50,1.00
2014.11.03 14:22:28.067,1.17991,1.18005,2.89,1.00
2014.11.03 14:22:28.570,1.17997,1.18005,1.00,1.00
2014.11.03 14:22:28.722,1.17992,1.18005,1.00,1.00
2014.11.03 14:22:29.243,1.17991,1.18006,2.70,1.00
2014.11.03 14:22:29.548,1.17991,1.18004,1.00,1.00
2014.11.03 14:22:29.651,1.17992,1.18006,1.00,1.50
2014.11.03 14:22:29.753,1.17992,1.18009,1.00,1.00
2014.11.03 14:22:30.271,1.17996,1.18009,1.00,1.00
2014.11.03 14:22:30.474,1.17992,1.18008,1.00,1.00
2014.11.03 14:22:30.979,1.17992,1.18005,1.00,1.00
2014.11.03 14:22:31.081,1.17992,1.18008,1.00,1.69
2014.11.03 14:22:31.805,1.17992,1.18008,1.00,1.25
2014.11.03 14:22:32.334,1.17996,1.18009,1.00,1.69
2014.11.03 14:22:32.789,1.17993,1.18009,1.00,1.69
2014.11.03 14:22:33.474,1.17991,1.18009,3.19,1.69
2014.11.03 14:22:34.067,1.17997,1.18009,1.00,1.00
2014.11.03 14:22:34.371,1.18002,1.18009,1.00,1.00
2014.11.03 14:22:34.473,1.17997,1.18009,1.50,1.00
2014.11.03 14:22:34.979,1.17997,1.1801,1.00,1.00
2014.11.03 14:22:35.673,1.17996,1.1801,1.00,1.00
2014.11.03 14:22:36.129,1.18001,1.1801,1.00,1.00
2014.11.03 14:22:36.794,1.18002,1.1801,1.00,1.00
2014.11.03 14:22:36.997,1.17996,1.18008,1.50,1.25
2014.11.03 14:22:37.148,1.17996,1.18005,1.00,1.00
2014.11.03 14:22:37.300,1.17997,1.18007,1.00,1.69
2014.11.03 14:22:37.351,1.17997,1.18005,1.00,1.00
2014.11.03 14:22:37.453,1.17992,1.18003,1.00,1.00
2014.11.03 14:22:37.905,1.17989,1.18003,1.50,1.50
2014.11.03 14:22:38.250,1.17992,1.18003,1.00,1.50
2014.11.03 14:22:38.757,1.17991,1.18002,1.00,1.00
2014.11.03 14:22:39.274,1.17991,1.18003,1.00,1.69
2014.11.03 14:22:39.898,1.17991,1.18002,1.00,1.00
2014.11.03 14:22:40.407,1.17991,1.18001,1.00,1.00
2014.11.03 14:22:40.953,1.17992,1.18001,1.00,1.00
2014.11.03 14:22:41.055,1.17992,1.18003,1.00,1.25
2014.11.03 14:22:41.258,1.17992,1.18007,1.50,1.00
2014.11.03 14:22:41.411,1.17992,1.18005,1.00,1.00
2014.11.03 14:22:41.513,1.17992,1.18007,1.00,1.00
2014.11.03 14:22:42.020,1.17991,1.18006,1.00,1.50
2014.11.03 14:22:42.275,1.17987,1.18005,1.50,1.00
2014.11.03 14:22:43.043,1.17992,1.18005,1.00,1.00
2014.11.03 14:22:43.396,1.17987,1.18005,3.00,1.25
2014.11.03 14:22:44.480,1.17992,1.18005,1.00,1.50
2014.11.03 14:22:44.632,1.17987,1.18005,3.00,1.50
2014.11.03 14:22:44.840,1.17991,1.18005,1.00,1.00
2014.11.03 14:22:44.941,1.17987,1.18005,2.25,3.60
2014.11.03 14:22:45.144,1.17986,1.18001,2.25,1.00
2014.11.03 14:22:46.818,1.17987,1.18001,1.00,1.00
2014.11.03 14:22:48.206,1.17987,1.18003,1.00,1.00
2014.11.03 14:22:48.747,1.17988,1.18004,1.00,1.00
2014.11.03 14:22:50.125,1.17988,1.18003,1.00,1.00
2014.11.03 14:22:50.639,1.17988,1.18004,1.00,1.00
2014.11.03 14:22:50.791,1.17992,1.18005,1.00,2.25
2014.11.03 14:22:51.904,1.17991,1.18005,1.00,1.00
2014.11.03 14:22:52.454,1.17991,1.18006,1.00,1.69
2014.11.03 14:22:53.528,1.17992,1.18006,1.00,1.00
2014.11.03 14:22:54.535,1.17991,1.18006,1.00,1.50
2014.11.03 14:22:54.789,1.17986,1.18002,3.00,1.00
2014.11.03 14:22:55.320,1.17987,1.18002,1.00,1.00
2014.11.03 14:22:55.421,1.17988,1.18004,1.00,1.00
2014.11.03 14:22:55.522,1.17991,1.18004,1.00,1.00
2014.11.03 14:22:55.725,1.17988,1.18004,1.00,1.00
2014.11.03 14:22:55.826,1.17988,1.18006,1.00,4.95
2014.11.03 14:22:55.928,1.17991,1.18006,1.00,4.95
2014.11.03 14:22:56.434,1.1799,1.18007,1.50,1.50
2014.11.03 14:22:56.739,1.17991,1.18005,1.00,1.95
2014.11.03 14:22:56.790,1.17991,1.18007,1.00,3.30
2014.11.03 14:22:56.892,1.17991,1.18005,1.00,1.50
2014.11.03 14:22:57.146,1.1799,1.18007,1.00,2.85
2014.11.03 14:22:57.651,1.17991,1.18006,1.00,1.00
2014.11.03 14:22:58.006,1.17994,1.18008,1.00,1.00
2014.11.03 14:22:58.310,1.17993,1.18006,1.00,1.00
2014.11.03 14:22:58.563,1.17987,1.18003,1.00,1.00
2014.11.03 14:22:58.715,1.17992,1.18003,1.00,1.00
2014.11.03 14:22:58.817,1.17987,1.18003,1.00,1.50
2014.11.03 14:22:59.323,1.17987,1.18004,1.50,1.50
2014.11.03 14:22:59.475,1.17987,1.18001,1.00,1.00
2014.11.03 14:22:59.895,1.17991,1.18,1.00,1.00
2014.11.03 14:23:00.048,1.17991,1.18002,1.00,1.50
2014.11.03 14:23:00.806,1.17987,1.18002,1.00,1.50
2014.11.03 14:23:01.008,1.17992,1.18002,1.00,1.50
2014.11.03 14:23:01.472,1.17986,1.18002,1.50,1.50
2014.11.03 14:23:01.776,1.17992,1.18002,1.00,1.50
2014.11.03 14:23:01.878,1.17986,1.18002,1.50,1.50
2014.11.03 14:23:02.242,1.17988,1.18002,1.00,1.50
2014.11.03 14:23:04.125,1.17987,1.18002,1.00,1.50
2014.11.03 14:23:04.684,1.17987,1.18,1.00,1.00
2014.11.03 14:23:04.987,1.17987,1.17997,1.00,1.00
2014.11.03 14:23:05.514,1.17987,1.17998,1.00,1.00
2014.11.03 14:23:06.034,1.17986,1.17998,1.00,1.00
2014.11.03 14:23:06.538,1.17985,1.17998,1.00,1.00
2014.11.03 14:23:07.076,1.17986,1.17999,1.00,1.00
2014.11.03 14:23:08.843,1.17986,1.18,1.00,1.25
2014.11.03 14:23:10.452,1.17987,1.18,1.00,1.00
2014.11.03 14:23:10.503,1.17987,1.18002,2.70,1.25
2014.11.03 14:23:10.605,1.1799,1.18003,1.95,2.25
2014.11.03 14:23:11.110,1.17991,1.18004,1.00,1.00
2014.11.03 14:23:11.568,1.17991,1.18007,1.00,3.00
2014.11.03 14:23:11.620,1.17991,1.18005,1.00,1.00
2014.11.03 14:23:12.126,1.17991,1.18004,1.00,1.00
2014.11.03 14:23:12.519,1.17993,1.18005,1.00,1.00
2014.11.03 14:23:12.823,1.17995,1.18005,1.00,1.00
2014.11.03 14:23:13.583,1.17995,1.18006,1.00,1.00
2014.11.03 14:23:13.866,1.17992,1.18004,1.00,1.00
2014.11.03 14:23:13.917,1.17992,1.18006,1.00,1.00
2014.11.03 14:23:14.019,1.17992,1.18004,1.00,1.00
2014.11.03 14:23:14.120,1.17992,1.18007,1.00,1.50
2014.11.03 14:23:14.424,1.17994,1.18008,1.00,2.25
2014.11.03 14:23:14.930,1.17995,1.18008,1.00,1.50
2014.11.03 14:23:15.234,1.17997,1.18008,1.00,1.50
2014.11.03 14:23:15.285,1.17992,1.18008,4.20,1.50
2014.11.03 14:23:15.691,1.17995,1.18008,1.00,1.50
2014.11.03 14:23:16.273,1.17995,1.18007,1.00,1.25
2014.11.03 14:23:16.787,1.17995,1.18004,1.00,1.00
2014.11.03 14:23:18.553,1.17993,1.18004,1.00,1.00
2014.11.03 14:23:22.617,1.17993,1.18006,1.00,1.00
2014.11.03 14:23:23.914,1.17993,1.18005,1.00,1.00
2014.11.03 14:23:24.818,1.17993,1.18006,1.00,1.00
2014.11.03 14:23:25.329,1.17993,1.18007,1.00,1.50
2014.11.03 14:23:29.131,1.17995,1.18007,1.00,1.00
2014.11.03 14:23:29.437,1.17995,1.18009,1.50,1.00
2014.11.03 14:23:29.944,1.17995,1.1801,1.00,2.10
2014.11.03 14:23:30.096,1.17995,1.18008,1.00,1.00
2014.11.03 14:23:31.118,1.17995,1.18008,1.00,1.69
2014.11.03 14:23:31.342,1.17993,1.18008,1.00,1.69
2014.11.03 14:23:31.443,1.17993,1.18005,1.00,1.00
2014.11.03 14:23:32.052,1.17993,1.18002,1.00,1.00
2014.11.03 14:23:32.555,1.17993,1.18003,1.00,1.00
2014.11.03 14:23:32.959,1.17993,1.18006,1.00,1.25
2014.11.03 14:23:33.936,1.17993,1.18007,1.00,1.50
2014.11.03 14:23:34.809,1.17993,1.18005,1.00,1.00
2014.11.03 14:23:35.491,1.17992,1.18005,5.40,1.50
2014.11.03 14:23:36.075,1.17992,1.18004,1.00,1.00
2014.11.03 14:23:36.177,1.1799,1.18004,1.00,1.50
2014.11.03 14:23:36.228,1.1799,1.18001,1.00,1.00
2014.11.03 14:23:36.534,1.17988,1.17997,1.00,1.00
2014.11.03 14:23:36.585,1.17985,1.17997,2.70,1.00
2014.11.03 14:23:37.653,1.17987,1.17997,1.00,1.00
2014.11.03 14:23:37.982,1.17987,1.17999,5.40,1.00
2014.11.03 14:23:38.084,1.17987,1.18001,5.40,1.00
2014.11.03 14:23:38.607,1.17987,1.18002,5.40,1.50
2014.11.03 14:23:38.961,1.17988,1.18005,1.00,3.00
2014.11.03 14:23:39.113,1.1799,1.18005,1.95,1.00
2014.11.03 14:23:41.418,1.17989,1.18005,2.70,1.50
2014.11.03 14:23:41.723,1.17989,1.18003,1.50,1.50
2014.11.03 14:23:42.283,1.17989,1.18002,1.50,1.00
2014.11.03 14:23:42.536,1.17989,1.18004,1.00,1.50
2014.11.03 14:23:43.087,1.17989,1.18003,1.00,1.00
2014.11.03 14:23:43.138,1.17991,1.18003,1.00,1.00
2014.11.03 14:23:43.391,1.17991,1.18005,1.00,2.44
2014.11.03 14:23:44.128,1.17989,1.18005,1.00,2.25
2014.11.03 14:23:44.656,1.1799,1.18005,1.50,1.50
2014.11.03 14:23:45.109,1.17992,1.18006,1.00,1.00
2014.11.03 14:23:45.210,1.1799,1.18006,1.00,1.00
2014.11.03 14:23:45.363,1.1799,1.18004,1.00,1.00
2014.11.03 14:23:45.515,1.17988,1.18004,1.00,1.69
2014.11.03 14:23:45.819,1.17991,1.18004,2.70,1.50
2014.11.03 14:23:46.160,1.17992,1.18007,1.69,1.00
2014.11.03 14:23:46.212,1.17995,1.18008,1.00,1.50
2014.11.03 14:23:46.315,1.17992,1.18008,2.25,3.00
2014.11.03 14:23:46.824,1.17992,1.18007,1.00,1.50
2014.11.03 14:23:47.493,1.17992,1.18008,1.00,2.44
2014.11.03 14:23:55.303,1.17992,1.18006,1.00,1.00
2014.11.03 14:24:03.890,1.17992,1.18005,1.00,1.00
2014.11.03 14:24:03.992,1.17992,1.18007,1.00,1.50
2014.11.03 14:24:06.602,1.17992,1.18008,1.50,3.00
2014.11.03 14:24:08.394,1.17992,1.18007,1.00,1.00
2014.11.03 14:24:10.513,1.17993,1.18007,1.00,1.50
2014.11.03 14:24:12.804,1.17992,1.18009,1.00,3.00
2014.11.03 14:24:13.320,1.17992,1.18008,1.00,1.00
2014.11.03 14:24:13.826,1.17993,1.18008,1.00,1.00
2014.11.03 14:24:17.800,1.17997,1.18008,1.00,1.00
2014.11.03 14:24:18.004,1.17996,1.18011,1.50,1.00
2014.11.03 14:24:20.824,1.17996,1.18009,1.00,1.00
2014.11.03 14:24:21.338,1.17996,1.18008,1.00,1.00
2014.11.03 14:24:23.900,1.17993,1.18008,3.45,1.00
2014.11.03 14:24:43.270,1.17993,1.18006,1.00,1.00
2014.11.03 14:24:43.964,1.17993,1.18007,1.00,1.00
2014.11.03 14:24:44.268,1.17995,1.18009,1.50,1.00
2014.11.03 14:24:44.318,1.17995,1.18011,1.50,1.50
2014.11.03 14:24:44.369,1.17997,1.18011,1.00,1.50
2014.11.03 14:24:44.875,1.17997,1.18013,1.50,1.19
2014.11.03 14:24:45.419,1.17997,1.18013,1.50,1.00
2014.11.03 14:24:48.232,1.17999,1.18013,1.00,1.00
2014.11.03 14:24:48.334,1.17997,1.18013,2.25,1.50
2014.11.03 14:24:48.845,1.17998,1.18013,1.00,1.50
2014.11.03 14:24:49.854,1.17997,1.18013,1.50,1.50
2014.11.03 14:24:49.955,1.17997,1.18009,1.50,1.00
2014.11.03 14:24:50.309,1.17997,1.18007,1.00,1.00
2014.11.03 14:24:51.170,1.17994,1.18007,1.00,1.00
2014.11.03 14:24:51.698,1.17994,1.18008,1.00,2.25
2014.11.03 14:24:51.956,1.17994,1.18006,1.00,1.00
2014.11.03 14:24:53.394,1.17991,1.18006,1.00,1.50
2014.11.03 14:24:54.107,1.17992,1.18006,1.00,1.50
2014.11.03 14:24:54.770,1.17992,1.18007,1.00,2.10
2014.11.03 14:24:55.276,1.17992,1.18006,1.00,1.00
2014.11.03 14:24:57.980,1.17993,1.18007,1.00,1.00
2014.11.03 14:24:58.503,1.17993,1.18008,1.00,1.50
2014.11.03 14:24:58.655,1.17997,1.18009,1.00,1.00
2014.11.03 14:24:58.706,1.17997,1.18011,1.00,1.00
2014.11.03 14:24:59.234,1.17997,1.18013,1.25,2.85
2014.11.03 14:25:00.343,1.17998,1.18013,1.00,1.85
2014.11.03 14:25:00.849,1.17997,1.18013,1.00,1.85
2014.11.03 14:25:02.206,1.17998,1.18013,1.00,1.60
2014.11.03 14:25:02.803,1.17998,1.18013,1.00,1.50
2014.11.03 14:25:03.164,1.18,1.18015,1.00,2.29
2014.11.03 14:25:03.730,1.18001,1.18015,1.00,1.54
2014.11.03 14:25:04.248,1.18001,1.18015,1.00,2.25
2014.11.03 14:25:04.522,1.17997,1.18012,1.50,1.50
2014.11.03 14:25:05.189,1.17997,1.18009,1.50,1.00
2014.11.03 14:25:12.749,1.17998,1.18009,1.00,1.00
2014.11.03 14:25:12.850,1.17998,1.18011,1.00,1.00
2014.11.03 14:25:12.901,1.18001,1.18012,1.00,1.00
2014.11.03 14:25:13.003,1.18001,1.18014,1.00,1.00
2014.11.03 14:25:13.913,1.18001,1.18015,1.00,2.25
2014.11.03 14:25:14.315,1.18004,1.18015,1.00,1.00
2014.11.03 14:25:14.841,1.18004,1.18016,1.50,1.00
2014.11.03 14:25:15.778,1.18007,1.18016,1.00,1.00
2014.11.03 14:25:15.879,1.18005,1.18016,1.00,1.00
2014.11.03 14:25:17.808,1.18005,1.18017,1.00,1.50
2014.11.03 14:25:18.319,1.18005,1.18018,1.00,1.50
2014.11.03 14:25:18.832,1.18004,1.18018,1.00,2.25
2014.11.03 14:25:18.984,1.18007,1.1802,1.00,1.00
2014.11.03 14:25:19.086,1.18005,1.1802,1.00,1.00
2014.11.03 14:25:19.289,1.18005,1.18018,1.00,1.00
2014.11.03 14:25:19.390,1.18002,1.18018,2.70,1.00
2014.11.03 14:25:19.593,1.18001,1.18016,1.50,1.00
2014.11.03 14:25:19.897,1.18006,1.18016,1.00,1.00
2014.11.03 14:25:19.999,1.18005,1.18018,1.00,1.00
2014.11.03 14:25:20.358,1.18004,1.18015,1.00,1.00
2014.11.03 14:25:20.865,1.18003,1.18015,1.00,1.00
2014.11.03 14:25:21.271,1.18001,1.18015,1.00,1.50
2014.11.03 14:25:21.497,1.18,1.18013,1.00,1.00
2014.11.03 14:25:21.998,1.18,1.18014,1.00,1.69
2014.11.03 14:25:22.623,1.17998,1.18014,1.50,1.69
2014.11.03 14:25:22.749,1.17998,1.18011,1.50,1.00
2014.11.03 14:25:24.521,1.17998,1.18012,1.50,1.00
2014.11.03 14:25:25.029,1.17998,1.18013,1.50,1.50
2014.11.03 14:25:26.104,1.17998,1.18014,1.50,1.50
2014.11.03 14:25:27.023,1.18001,1.18014,1.00,1.69
2014.11.03 14:25:27.328,1.18,1.18016,1.00,1.50
2014.11.03 14:25:27.380,1.18,1.18013,1.00,1.00
2014.11.03 14:25:27.684,1.17998,1.18013,1.50,2.44
2014.11.03 14:25:28.413,1.17998,1.18013,1.50,2.25
2014.11.03 14:25:28.877,1.18002,1.18013,1.50,2.25
2014.11.03 14:25:29.182,1.18003,1.18015,1.00,1.00
2014.11.03 14:25:29.338,1.18,1.18014,2.25,1.00
2014.11.03 14:25:29.542,1.17998,1.18013,1.00,1.00
2014.11.03 14:25:30.074,1.17999,1.18013,1.00,1.00
2014.11.03 14:25:30.600,1.18,1.18013,1.00,1.00
2014.11.03 14:25:31.056,1.18002,1.18014,1.00,1.00
2014.11.03 14:25:31.107,1.18002,1.18016,1.00,1.50
2014.11.03 14:25:31.158,1.18005,1.18016,1.00,1.00
2014.11.03 14:25:31.209,1.18005,1.18018,1.00,1.00
2014.11.03 14:25:31.715,1.18005,1.18019,1.00,1.00
2014.11.03 14:25:31.918,1.18004,1.18016,1.00,1.00
2014.11.03 14:25:32.272,1.18006,1.18016,1.00,1.00
2014.11.03 14:25:32.627,1.18003,1.18016,1.00,1.00
2014.11.03 14:25:32.779,1.18004,1.18019,1.00,1.50
2014.11.03 14:25:33.284,1.18005,1.18019,1.00,1.50
2014.11.03 14:25:33.694,1.18009,1.18019,1.00,1.00
2014.11.03 14:25:33.997,1.18011,1.18021,1.00,1.50
2014.11.03 14:25:34.301,1.18014,1.18022,1.00,1.00
2014.11.03 14:25:34.453,1.18016,1.18028,1.00,1.50
2014.11.03 14:25:34.516,1.18013,1.18027,1.00,1.00
2014.11.03 14:25:34.618,1.18011,1.18027,1.50,1.50
2014.11.03 14:25:35.103,1.18012,1.18028,1.37,2.44
2014.11.03 14:25:35.407,1.18015,1.18028,1.00,1.00
2014.11.03 14:25:35.942,1.18016,1.18028,1.00,1.50
2014.11.03 14:25:36.451,1.18016,1.18029,1.00,1.25
2014.11.03 14:25:36.832,1.18017,1.18026,1.12,1.00
2014.11.03 14:25:36.934,1.18015,1.18026,1.00,1.00
2014.11.03 14:25:37.846,1.18015,1.18027,1.00,1.00
2014.11.03 14:25:38.257,1.18014,1.18025,1.00,1.00
2014.11.03 14:25:39.834,1.18014,1.18026,1.00,1.00
2014.11.03 14:25:40.138,1.18013,1.18025,1.00,1.69
2014.11.03 14:25:40.240,1.18011,1.18025,1.00,1.19
2014.11.03 14:25:40.455,1.18009,1.18021,1.50,1.25
2014.11.03 14:25:40.961,1.18006,1.18023,1.50,2.89
2014.11.03 14:25:41.012,1.18006,1.1802,1.50,1.00
2014.11.03 14:25:41.114,1.18007,1.18024,1.00,3.94
2014.11.03 14:25:41.165,1.18009,1.18024,1.00,2.44
2014.11.03 14:25:41.725,1.18011,1.18024,1.00,1.25
2014.11.03 14:25:41.928,1.18012,1.18026,1.00,1.00
2014.11.03 14:25:42.030,1.18013,1.18028,1.50,1.35
2014.11.03 14:25:42.081,1.18015,1.18029,1.00,1.25
2014.11.03 14:25:42.385,1.18017,1.18031,1.00,1.19
2014.11.03 14:25:42.486,1.18017,1.18032,1.00,1.50
2014.11.03 14:25:42.556,1.18015,1.18032,1.00,1.50
2014.11.03 14:25:42.607,1.18013,1.18032,1.50,2.25
2014.11.03 14:25:42.659,1.18013,1.18029,1.50,1.00
2014.11.03 14:25:42.863,1.18014,1.18031,1.00,1.25
2014.11.03 14:25:42.965,1.18016,1.18031,1.00,1.00
2014.11.03 14:25:43.067,1.18016,1.18033,1.00,2.70
2014.11.03 14:25:44.170,1.18016,1.18031,1.00,1.00
2014.11.03 14:25:44.221,1.18014,1.1803,1.50,1.00
2014.11.03 14:25:44.424,1.18014,1.18028,1.00,1.00
2014.11.03 14:25:44.575,1.18014,1.18032,1.00,3.75
2014.11.03 14:25:44.627,1.18016,1.18032,1.00,3.00
2014.11.03 14:25:45.140,1.18017,1.18032,1.00,1.00
2014.11.03 14:25:45.496,1.18014,1.18031,1.50,1.50
2014.11.03 14:25:45.649,1.18013,1.18029,1.00,1.00
2014.11.03 14:25:46.036,1.18014,1.18031,1.00,1.50
2014.11.03 14:25:46.630,1.18017,1.18031,1.00,1.50
2014.11.03 14:25:47.136,1.18017,1.1803,1.00,1.50
2014.11.03 14:25:47.641,1.18017,1.18031,1.00,1.50
2014.11.03 14:25:48.685,1.18019,1.18031,1.00,1.50
2014.11.03 14:25:49.196,1.18019,1.18032,1.00,1.50
2014.11.03 14:25:50.365,1.18019,1.18034,1.00,1.25
2014.11.03 14:25:50.517,1.18019,1.18036,1.50,2.10
2014.11.03 14:25:50.669,1.18022,1.18036,1.00,1.00
2014.11.03 14:25:51.175,1.18024,1.18036,1.00,1.00
2014.11.03 14:25:51.277,1.18024,1.18039,1.50,2.10
2014.11.03 14:25:51.580,1.18023,1.18036,1.50,1.00
2014.11.03 14:25:51.682,1.18021,1.18036,1.00,1.00
2014.11.03 14:25:52.037,1.18022,1.18038,1.50,1.35
2014.11.03 14:25:52.341,1.18025,1.18039,1.00,1.00
2014.11.03 14:25:52.872,1.18026,1.1804,1.00,1.00
2014.11.03 14:25:56.539,1.18026,1.18041,1.50,1.50
2014.11.03 14:25:57.481,1.18026,1.1804,1.00,1.00
2014.11.03 14:25:58.590,1.18026,1.18041,1.00,1.50
2014.11.03 14:25:59.142,1.18026,1.1804,1.00,1.00
2014.11.03 14:25:59.447,1.18026,1.18038,1.00,1.00
2014.11.03 14:25:59.548,1.18024,1.18038,1.00,1.00
2014.11.03 14:25:59.650,1.18021,1.18038,1.50,1.50
2014.11.03 14:26:00.107,1.18022,1.1804,1.50,1.50
2014.11.03 14:26:00.260,1.18022,1.18038,1.00,1.00
2014.11.03 14:26:00.361,1.18022,1.1804,1.00,1.50
2014.11.03 14:26:00.902,1.18022,1.18039,1.50,1.00
2014.11.03 14:26:01.442,1.18022,1.1804,1.50,1.50
2014.11.03 14:26:02.053,1.18022,1.18037,1.00,1.00
2014.11.03 14:26:02.599,1.18021,1.18038,1.00,1.00
2014.11.03 14:26:04.547,1.18021,1.18037,1.00,1.00
2014.11.03 14:26:05.056,1.18021,1.18038,1.50,2.25
2014.11.03 14:26:06.073,1.18022,1.18038,1.00,1.50
2014.11.03 14:26:06.586,1.18021,1.18038,1.00,1.50
2014.11.03 14:26:07.933,1.18021,1.18037,1.00,1.00
2014.11.03 14:26:08.439,1.18021,1.18038,1.00,2.25
2014.11.03 14:26:09.443,1.18021,1.18037,1.00,1.00
2014.11.03 14:26:09.746,1.18021,1.18035,1.00,1.00
2014.11.03 14:26:10.396,1.18018,1.18035,1.00,1.00
2014.11.03 14:26:23.070,1.18018,1.18034,1.00,1.00
2014.11.03 14:26:26.156,1.18018,1.18035,1.50,1.00
2014.11.03 14:26:26.460,1.1802,1.18036,1.00,1.00
2014.11.03 14:26:26.926,1.18018,1.18036,1.50,1.00
2014.11.03 14:26:28.361,1.18018,1.18035,1.00,1.00
2014.11.03 14:26:33.592,1.18018,1.18031,1.00,1.00
2014.11.03 14:26:33.795,1.18015,1.1803,1.95,1.50
2014.11.03 14:26:33.846,1.18012,1.18028,2.70,1.00
2014.11.03 14:26:35.255,1.18015,1.18029,1.00,1.00
2014.11.03 14:26:35.761,1.18015,1.18028,1.00,1.00
2014.11.03 14:26:38.015,1.18015,1.18027,1.00,1.00
2014.11.03 14:26:38.546,1.18015,1.18028,1.00,1.50
2014.11.03 14:26:41.747,1.18012,1.18028,1.95,1.50
2014.11.03 14:26:42.665,1.18011,1.18028,1.50,2.25
2014.11.03 14:26:43.313,1.18012,1.18028,1.00,1.50
2014.11.03 14:26:47.153,1.18012,1.18027,1.00,1.00
2014.11.03 14:26:47.659,1.18012,1.18026,1.00,1.50
2014.11.03 14:26:50.678,1.18012,1.18027,1.50,1.25
2014.11.03 14:26:51.152,1.18014,1.18028,1.00,1.00
2014.11.03 14:26:51.304,1.18014,1.1803,1.00,1.69
2014.11.03 14:26:52.603,1.18014,1.18026,1.00,2.85
2014.11.03 14:26:52.705,1.18011,1.18024,1.00,1.30
2014.11.03 14:26:52.756,1.1801,1.18024,1.00,1.72
2014.11.03 14:26:52.807,1.18008,1.18023,1.50,1.37
2014.11.03 14:26:52.858,1.18007,1.18021,1.00,2.85
2014.11.03 14:26:53.385,1.18003,1.1802,1.00,2.29
2014.11.03 14:26:53.941,1.18003,1.18021,1.50,2.85
2014.11.03 14:26:54.245,1.18003,1.18022,3.45,3.94
2014.11.03 14:26:54.297,1.18006,1.18022,1.00,2.44
2014.11.03 14:26:54.701,1.18008,1.18022,1.00,1.50
2014.11.03 14:26:55.251,1.18007,1.18022,1.50,1.00
2014.11.03 14:26:55.966,1.18007,1.18023,1.00,1.35
2014.11.03 14:27:02.956,1.18006,1.18023,1.00,1.54
2014.11.03 14:27:03.481,1.18005,1.18023,3.19,1.54
2014.11.03 14:27:04.008,1.18005,1.18023,3.00,2.29
2014.11.03 14:27:04.573,1.18006,1.18023,1.00,2.29
2014.11.03 14:27:05.971,1.18006,1.18023,1.00,2.29
2014.11.03 14:27:06.282,1.18012,1.18023,1.00,2.29
2014.11.03 14:27:06.484,1.18007,1.18023,1.00,2.29
2014.11.03 14:27:06.993,1.18007,1.18023,1.00,1.54
2014.11.03 14:27:07.426,1.18007,1.18022,1.00,1.69
2014.11.03 14:27:08.382,1.18007,1.18021,1.00,1.69
2014.11.03 14:27:08.990,1.18006,1.18021,1.00,1.69
2014.11.03 14:27:09.541,1.18006,1.18021,1.00,1.19
2014.11.03 14:27:10.675,1.18007,1.1802,1.00,1.25
2014.11.03 14:27:11.261,1.18006,1.1802,1.00,1.25
2014.11.03 14:27:11.973,1.18006,1.1802,1.00,1.19
2014.11.03 14:27:12.561,1.18006,1.1802,1.00,1.25
2014.11.03 14:27:14.922,1.18005,1.1802,1.00,1.25
2014.11.03 14:27:16.051,1.18007,1.1802,1.00,1.25
2014.11.03 14:27:16.400,1.18002,1.18012,1.00,1.00
2014.11.03 14:27:16.501,1.18001,1.18015,1.00,1.87
2014.11.03 14:27:16.552,1.18001,1.18014,1.00,2.06
2014.11.03 14:27:16.604,1.17997,1.18014,1.50,2.44
2014.11.03 14:27:17.232,1.17998,1.18014,1.00,1.69
2014.11.03 14:27:17.546,1.17998,1.18014,1.00,1.00
2014.11.03 14:27:18.162,1.17998,1.18015,1.00,2.44
2014.11.03 14:27:18.213,1.18001,1.18015,1.00,1.69
2014.11.03 14:27:18.674,1.18002,1.18017,1.00,1.00
2014.11.03 14:27:19.477,1.18002,1.18018,1.00,2.25
2014.11.03 14:27:20.003,1.18002,1.18017,1.00,1.00
2014.11.03 14:27:27.176,1.18007,1.18017,1.00,1.00
2014.11.03 14:27:27.278,1.18006,1.18019,1.00,2.29
2014.11.03 14:27:27.989,1.18006,1.1802,1.00,1.00
2014.11.03 14:27:28.708,1.18006,1.18017,1.00,1.00
2014.11.03 14:27:28.911,1.18002,1.18017,1.50,1.00
2014.11.03 14:27:29.444,1.18001,1.18016,1.50,2.25
2014.11.03 14:27:29.995,1.18002,1.18016,1.00,1.69
2014.11.03 14:27:30.502,1.18001,1.18016,1.50,1.50
2014.11.03 14:27:32.681,1.18001,1.18018,2.25,1.54
2014.11.03 14:27:33.210,1.18006,1.18018,1.00,1.54
2014.11.03 14:27:33.671,1.18002,1.18017,1.00,1.00
2014.11.03 14:27:34.185,1.18002,1.18016,1.00,1.00
2014.11.03 14:27:38.309,1.18002,1.18017,1.00,1.50
2014.11.03 14:27:38.360,1.18006,1.18017,1.00,1.50
2014.11.03 14:27:38.461,1.18002,1.18017,1.00,1.50
2014.11.03 14:27:39.344,1.18002,1.18018,1.00,2.10
2014.11.03 14:27:42.689,1.18007,1.18018,1.00,2.29
2014.11.03 14:27:43.981,1.18006,1.18018,1.00,1.50
2014.11.03 14:27:45.064,1.18012,1.18018,1.00,1.00
2014.11.03 14:27:46.255,1.18012,1.18022,1.00,2.29
2014.11.03 14:27:46.306,1.18007,1.18022,1.00,1.54
2014.11.03 14:27:46.672,1.1801,1.18023,1.00,1.50
2014.11.03 14:27:49.545,1.18008,1.18023,1.00,1.60
2014.11.03 14:27:49.798,1.18004,1.18021,2.25,1.50
2014.11.03 14:27:50.109,1.18006,1.18021,1.00,1.00
2014.11.03 14:27:50.160,1.18006,1.18023,1.00,1.69
2014.11.03 14:27:50.842,1.18008,1.18023,1.00,1.00
2014.11.03 14:27:51.146,1.18013,1.18028,1.00,1.00
2014.11.03 14:27:51.654,1.18012,1.18028,1.50,1.69
2014.11.03 14:27:52.658,1.18014,1.1803,1.00,4.24
2014.11.03 14:27:53.169,1.18014,1.18029,1.00,1.05
2014.11.03 14:27:55.611,1.18016,1.1803,1.00,2.85
2014.11.03 14:27:56.138,1.18017,1.1803,1.00,1.00
2014.11.03 14:27:56.645,1.18017,1.18031,1.00,1.50
2014.11.03 14:27:59.783,1.18015,1.18031,1.95,1.00
2014.11.03 14:28:00.187,1.18015,1.18029,1.95,1.00
2014.11.03 14:28:01.446,1.18014,1.18029,1.00,1.35
2014.11.03 14:28:02.004,1.18013,1.18029,1.00,1.35
2014.11.03 14:28:02.307,1.18012,1.18027,1.00,1.00
2014.11.03 14:28:02.813,1.18011,1.18027,1.00,1.50
2014.11.03 14:28:03.358,1.18011,1.18027,1.00,1.69
2014.11.03 14:28:03.861,1.18011,1.18027,1.50,1.00
2014.11.03 14:28:04.427,1.18012,1.18029,1.50,2.85
2014.11.03 14:28:04.850,1.18015,1.18029,1.00,2.10
2014.11.03 14:28:08.670,1.18016,1.18029,1.50,1.00
2014.11.03 14:28:08.973,1.18018,1.18031,1.50,1.00
2014.11.03 14:28:09.074,1.18018,1.18033,1.50,2.25
2014.11.03 14:28:09.226,1.1802,1.18033,1.00,1.00
2014.11.03 14:28:11.023,1.1802,1.18035,1.50,1.69
2014.11.03 14:28:11.331,1.18022,1.18035,1.00,1.25
2014.11.03 14:28:14.250,1.18022,1.18036,1.00,1.00
2014.11.03 14:28:18.352,1.18023,1.18036,1.00,1.00
2014.11.03 14:28:21.749,1.18024,1.18036,1.00,1.00
2014.11.03 14:28:28.700,1.18023,1.18036,1.00,1.00
2014.11.03 14:28:29.992,1.18023,1.18037,1.00,1.25
2014.11.03 14:28:30.295,1.18023,1.18034,1.00,1.00
2014.11.03 14:28:31.345,1.18022,1.18034,1.00,1.00
2014.11.03 14:28:43.446,1.18023,1.18034,1.00,1.00
2014.11.03 14:28:44.021,1.18022,1.18034,1.50,1.00
2014.11.03 14:28:45.412,1.18022,1.18036,1.50,1.50
2014.11.03 14:28:53.205,1.18022,1.18034,2.25,1.00
2014.11.03 14:29:02.953,1.18021,1.18034,1.00,1.00
2014.11.03 14:29:03.459,1.1802,1.18033,1.00,1.00
2014.11.03 14:29:06.619,1.1802,1.18034,1.00,1.69
2014.11.03 14:29:07.789,1.18021,1.18034,1.00,1.69
2014.11.03 14:29:08.829,1.1802,1.18034,1.00,1.50
2014.11.03 14:29:09.373,1.1802,1.18033,1.00,1.00
2014.11.03 14:29:09.880,1.18021,1.18033,1.00,1.00
2014.11.03 14:29:10.568,1.1802,1.18033,1.00,1.00
2014.11.03 14:29:12.571,1.18021,1.18034,1.00,1.69
2014.11.03 14:29:13.147,1.1802,1.18035,1.00,1.69
2014.11.03 14:29:13.700,1.1802,1.18035,1.00,1.25
2014.11.03 14:29:14.206,1.18021,1.18035,1.00,1.25
2014.11.03 14:29:20.549,1.18022,1.18035,1.00,1.00
2014.11.03 14:29:23.045,1.18022,1.18035,1.00,1.69
2014.11.03 14:29:23.198,1.18022,1.18035,1.00,1.25
2014.11.03 14:29:23.704,1.18021,1.18035,1.00,1.25
2014.11.03 14:29:24.232,1.18021,1.18035,1.00,1.19
2014.11.03 14:29:24.923,1.18021,1.18035,1.00,1.00
2014.11.03 14:29:27.968,1.18022,1.18035,1.00,1.00
2014.11.03 14:29:28.070,1.18022,1.18037,1.00,1.69
2014.11.03 14:29:29.148,1.18021,1.18037,1.25,1.69
2014.11.03 14:29:29.655,1.18022,1.18037,1.00,1.69
2014.11.03 14:29:30.163,1.18021,1.18037,1.00,1.50
2014.11.03 14:29:30.671,1.18022,1.18037,1.00,1.50
2014.11.03 14:29:31.957,1.18022,1.18037,1.00,1.69
2014.11.03 14:29:32.656,1.18021,1.18037,1.25,2.44
2014.11.03 14:29:33.163,1.18021,1.18037,1.00,1.25
2014.11.03 14:29:33.695,1.18022,1.18037,1.00,1.25
2014.11.03 14:29:34.317,1.18021,1.18037,1.00,1.69
2014.11.03 14:29:36.077,1.18021,1.18037,1.00,1.69
2014.11.03 14:29:37.147,1.18021,1.18035,1.50,1.69
2014.11.03 14:29:37.868,1.18022,1.18035,1.00,1.69
2014.11.03 14:29:38.376,1.18022,1.18035,1.00,1.69
2014.11.03 14:29:39.261,1.18021,1.18035,1.50,1.69
2014.11.03 14:29:41.451,1.18022,1.18035,1.00,1.50
2014.11.03 14:29:42.009,1.18021,1.18035,1.00,1.50
2014.11.03 14:29:43.529,1.1802,1.18035,1.00,1.69
2014.11.03 14:29:44.505,1.1802,1.18033,1.00,1.69
2014.11.03 14:29:46.120,1.1802,1.18033,1.00,1.69
2014.11.03 14:29:46.374,1.18016,1.1803,1.00,1.25
2014.11.03 14:29:46.964,1.18013,1.1803,3.00,1.25
2014.11.03 14:29:47.628,1.18014,1.1803,1.00,1.25
2014.11.03 14:29:49.849,1.18013,1.1803,3.00,1.25
2014.11.03 14:29:51.021,1.18016,1.1803,1.00,1.00
2014.11.03 14:29:51.280,1.18014,1.18031,1.00,4.39
2014.11.03 14:29:51.483,1.18013,1.18028,1.69,1.00
2014.11.03 14:29:52.758,1.18013,1.18029,1.50,1.25
2014.11.03 14:29:54.774,1.18013,1.18029,1.50,1.69
2014.11.03 14:29:55.345,1.18013,1.18027,1.50,1.00
2014.11.03 14:29:55.648,1.18011,1.18025,1.00,1.50
2014.11.03 14:29:56.188,1.18011,1.18026,1.50,1.00
2014.11.03 14:29:56.701,1.18013,1.18026,1.00,1.00
2014.11.03 14:29:57.242,1.18012,1.18026,1.00,1.00
2014.11.03 14:30:00.077,1.1801,1.18026,1.50,1.00
2014.11.03 14:30:00.533,1.18012,1.18027,1.00,1.00
2014.11.03 14:30:01.048,1.18011,1.18027,1.00,1.00
2014.11.03 14:30:01.570,1.18012,1.18027,1.00,1.00
2014.11.03 14:30:02.133,1.18013,1.18027,1.00,1.00
2014.11.03 14:30:02.663,1.18014,1.18026,1.00,1.00
2014.11.03 14:30:02.815,1.18013,1.18028,1.00,2.44
2014.11.03 14:30:03.219,1.18015,1.18028,1.00,1.25
2014.11.03 14:30:06.511,1.18012,1.18028,1.00,1.25
2014.11.03 14:30:07.405,1.18012,1.18028,1.00,2.29
2014.11.03 14:30:07.456,1.18011,1.18026,1.00,1.37
2014.11.03 14:30:07.609,1.18006,1.18021,1.50,1.35
2014.11.03 14:30:07.711,1.18008,1.1802,1.00,1.00
2014.11.03 14:30:07.914,1.18006,1.18023,2.25,1.25
2014.11.03 14:30:08.320,1.18007,1.18021,1.00,1.00
2014.11.03 14:30:08.797,1.18007,1.18023,1.00,1.69
2014.11.03 14:30:09.659,1.18007,1.18024,1.50,2.25
2014.11.03 14:30:10.594,1.18006,1.18024,1.00,1.50
2014.11.03 14:30:11.113,1.18007,1.18023,1.50,1.00
2014.11.03 14:30:11.840,1.18006,1.18023,1.50,1.00
2014.11.03 14:30:16.510,1.18007,1.18023,1.00,1.50
2014.11.03 14:30:16.562,1.18009,1.18023,1.50,1.00
2014.11.03 14:30:16.714,1.18009,1.18025,2.25,4.39
2014.11.03 14:30:16.917,1.18009,1.18022,1.00,1.00
2014.11.03 14:30:17.524,1.18006,1.18021,1.50,1.95
2014.11.03 14:30:17.575,1.18006,1.18019,1.00,1.00
2014.11.03 14:30:18.081,1.18006,1.1802,1.00,1.00
2014.11.03 14:30:18.589,1.18006,1.18021,1.00,4.20
2014.11.03 14:30:20.913,1.18008,1.18021,1.00,3.45
2014.11.03 14:30:23.001,1.18007,1.18021,1.00,1.00
2014.11.03 14:30:23.515,1.18008,1.18021,1.00,1.00
2014.11.03 14:30:23.567,1.18006,1.18021,1.00,1.00
2014.11.03 14:30:23.970,1.18006,1.18019,1.00,1.00
2014.11.03 14:30:24.476,1.18005,1.18018,1.00,1.00
2014.11.03 14:30:25.390,1.18005,1.18017,1.00,1.00
2014.11.03 14:30:25.905,1.18005,1.18018,1.00,1.50
2014.11.03 14:30:26.430,1.18004,1.18018,1.50,1.50
2014.11.03 14:30:26.947,1.18005,1.18018,1.00,1.50
2014.11.03 14:30:28.461,1.18004,1.18018,1.00,1.50
2014.11.03 14:30:28.968,1.18005,1.18019,1.00,1.00
2014.11.03 14:30:31.225,1.18006,1.18019,1.00,1.00
2014.11.03 14:30:31.726,1.18006,1.1802,1.50,1.00
2014.11.03 14:30:33.089,1.18005,1.1802,2.25,1.00
2014.11.03 14:30:33.394,1.18007,1.1802,1.00,1.00
2014.11.03 14:30:33.647,1.18004,1.1802,1.25,1.00
2014.11.03 14:30:33.698,1.18007,1.1802,1.00,1.00
2014.11.03 14:30:34.016,1.18004,1.1802,1.50,1.00
2014.11.03 14:30:34.525,1.18005,1.1802,1.00,1.00
2014.11.03 14:30:35.035,1.18004,1.1802,1.50,1.00
2014.11.03 14:30:35.138,1.18006,1.1802,1.00,1.00
2014.11.03 14:30:37.167,1.18008,1.1802,1.00,1.00
2014.11.03 14:30:37.420,1.18008,1.18022,1.00,1.00
2014.11.03 14:30:38.381,1.18007,1.18022,1.50,1.00
2014.11.03 14:30:39.385,1.18007,1.18018,1.00,1.00
2014.11.03 14:30:39.537,1.18007,1.18021,2.25,1.50
2014.11.03 14:30:40.042,1.18007,1.18022,1.00,1.00
2014.11.03 14:30:40.094,1.18009,1.18022,1.95,1.00
2014.11.03 14:30:40.397,1.18011,1.18024,1.00,1.50
2014.11.03 14:30:40.600,1.18011,1.18027,1.00,1.00
2014.11.03 14:30:41.080,1.18013,1.18029,1.00,1.00
2014.11.03 14:30:41.384,1.18015,1.18031,1.00,1.00
2014.11.03 14:30:41.893,1.18015,1.18032,1.50,1.50
2014.11.03 14:30:42.663,1.18016,1.18032,1.00,1.69
2014.11.03 14:30:43.855,1.18015,1.18032,1.00,1.69
2014.11.03 14:30:44.417,1.18016,1.18032,1.00,1.69
2014.11.03 14:30:44.925,1.18015,1.18032,1.50,1.69
2014.11.03 14:30:45.233,1.18021,1.18033,1.00,1.00
2014.11.03 14:30:46.105,1.18021,1.18037,1.00,3.64
2014.11.03 14:30:46.611,1.1802,1.18036,1.00,4.20
2014.11.03 14:30:48.261,1.1802,1.18034,1.00,1.00
2014.11.03 14:30:48.838,1.1802,1.18035,1.00,1.00
2014.11.03 14:30:49.789,1.1802,1.18033,1.00,1.00
2014.11.03 14:30:50.025,1.1802,1.18036,1.50,2.25
2014.11.03 14:30:50.177,1.18023,1.18036,1.00,3.45
2014.11.03 14:30:50.380,1.18021,1.18037,1.00,4.20
2014.11.03 14:30:50.582,1.1802,1.18033,1.00,1.00
2014.11.03 14:30:51.089,1.1802,1.18034,1.00,1.00
2014.11.03 14:30:52.483,1.18018,1.18034,1.50,1.00
2014.11.03 14:30:52.989,1.18018,1.18033,1.00,2.89
2014.11.03 14:30:53.577,1.18018,1.18032,1.00,1.00
2014.11.03 14:30:56.852,1.18019,1.18032,1.00,1.00
2014.11.03 14:30:57.105,1.18021,1.18035,1.00,1.00
2014.11.03 14:30:57.206,1.18019,1.18034,1.00,1.00
2014.11.03 14:30:57.875,1.18019,1.18035,1.00,2.25
2014.11.03 14:30:58.957,1.18019,1.18034,1.00,1.00
2014.11.03 14:30:59.413,1.18021,1.18035,1.00,1.50
2014.11.03 14:31:06.001,1.18021,1.18034,1.00,1.00
2014.11.03 14:31:07.748,1.18021,1.18031,1.00,1.00
2014.11.03 14:31:07.900,1.18016,1.18029,1.00,1.00
2014.11.03 14:31:08.254,1.18016,1.18031,1.50,1.00
2014.11.03 14:31:08.305,1.18016,1.18033,1.50,2.25
2014.11.03 14:31:08.838,1.18017,1.18033,1.69,1.50
2014.11.03 14:31:09.182,1.18019,1.18033,1.00,1.50
2014.11.03 14:31:10.498,1.18019,1.18034,1.25,1.00
2014.11.03 14:31:11.006,1.18019,1.18035,1.25,1.00
2014.11.03 14:31:17.538,1.18019,1.18034,1.00,1.00
2014.11.03 14:31:17.854,1.18019,1.18032,1.00,1.00
2014.11.03 14:31:18.747,1.18019,1.18033,1.00,1.50
2014.11.03 14:31:19.114,1.18017,1.18033,1.50,1.50
2014.11.03 14:31:19.165,1.18017,1.18031,1.50,1.00
2014.11.03 14:31:19.469,1.18014,1.18025,1.00,1.50
2014.11.03 14:31:19.570,1.18011,1.18025,1.50,1.00
2014.11.03 14:31:19.621,1.18011,1.18021,1.50,1.00
2014.11.03 14:31:19.773,1.18009,1.18021,1.00,1.00
2014.11.03 14:31:20.670,1.18007,1.18021,1.50,1.00
2014.11.03 14:31:22.429,1.18005,1.18021,1.00,3.45
2014.11.03 14:31:22.480,1.18005,1.18019,1.00,1.00
2014.11.03 14:31:23.010,1.18006,1.1802,1.00,1.50
2014.11.03 14:31:23.939,1.18006,1.18021,1.00,3.45
2014.11.03 14:31:24.816,1.18007,1.18021,1.00,1.00
2014.11.03 14:31:24.869,1.18008,1.18023,1.50,1.50
2014.11.03 14:31:25.223,1.18008,1.18025,1.00,3.75
2014.11.03 14:31:25.730,1.1801,1.18025,1.00,1.00
2014.11.03 14:31:26.610,1.18012,1.18025,1.00,1.00
2014.11.03 14:31:27.129,1.18012,1.18024,1.00,1.50
2014.11.03 14:31:27.384,1.18009,1.18022,1.00,1.00
2014.11.03 14:31:27.914,1.1801,1.18022,1.00,1.00
2014.11.03 14:31:28.234,1.1801,1.18024,1.00,1.00
2014.11.03 14:31:28.335,1.18008,1.18024,1.00,1.00
2014.11.03 14:31:28.908,1.18006,1.18024,2.44,1.00
2014.11.03 14:31:31.842,1.18007,1.18025,3.94,1.00
2014.11.03 14:31:31.894,1.1801,1.18027,1.00,6.15
2014.11.03 14:31:32.300,1.1801,1.18024,1.00,1.00
2014.11.03 14:31:32.813,1.1801,1.18025,1.00,1.00
2014.11.03 14:31:36.620,1.18011,1.18025,1.00,1.00
2014.11.03 14:31:37.145,1.1801,1.18025,1.00,1.00
2014.11.03 14:31:38.476,1.1801,1.18023,1.00,1.00
2014.11.03 14:31:42.903,1.18007,1.18023,1.50,1.00
2014.11.03 14:31:42.955,1.18007,1.18021,1.00,1.00
2014.11.03 14:31:43.006,1.18005,1.18021,1.00,2.70
2014.11.03 14:31:43.057,1.18005,1.18019,1.00,1.00
2014.11.03 14:31:43.210,1.18003,1.18019,1.00,1.50
2014.11.03 14:31:43.312,1.18003,1.18017,1.00,1.50
2014.11.03 14:31:43.819,1.18003,1.18016,1.50,1.00
2014.11.03 14:31:44.124,1.18008,1.18019,1.00,1.50
2014.11.03 14:31:44.615,1.18006,1.1802,1.50,1.00
2014.11.03 14:31:44.767,1.18011,1.1802,1.50,1.00
2014.11.03 14:31:45.414,1.18006,1.1802,1.69,1.00
2014.11.03 14:31:50.402,1.18006,1.1802,1.00,3.60
2014.11.03 14:31:50.554,1.18001,1.18014,2.25,1.00
2014.11.03 14:31:50.707,1.17999,1.18014,1.00,1.00
2014.11.03 14:31:50.758,1.17999,1.18012,1.00,1.00
2014.11.03 14:31:52.517,1.18,1.18012,1.00,1.00
2014.11.03 14:31:53.308,1.18,1.18013,1.00,1.00
2014.11.03 14:31:54.406,1.17999,1.18013,2.44,1.00
2014.11.03 14:31:54.911,1.18,1.18013,1.00,1.00
2014.11.03 14:31:55.235,1.18,1.18011,1.00,1.00
2014.11.03 14:31:56.936,1.18,1.18012,1.00,1.00
2014.11.03 14:31:57.342,1.18001,1.18014,1.00,1.00
2014.11.03 14:31:57.596,1.18007,1.18014,1.00,1.00
2014.11.03 14:31:57.749,1.1801,1.1802,1.00,1.00
2014.11.03 14:31:57.851,1.1801,1.18022,1.00,1.00
2014.11.03 14:31:58.307,1.18011,1.18024,1.00,1.50
2014.11.03 14:32:00.326,1.18012,1.18024,1.00,1.50
2014.11.03 14:32:00.478,1.18015,1.18024,1.25,1.00
2014.11.03 14:32:00.530,1.18015,1.18029,2.89,1.00
2014.11.03 14:32:00.683,1.18019,1.1803,1.00,1.00
2014.11.03 14:32:00.885,1.18017,1.18031,1.00,1.50
2014.11.03 14:32:01.043,1.18019,1.18032,1.00,1.00
2014.11.03 14:32:01.246,1.18016,1.18032,1.25,1.50
2014.11.03 14:32:01.753,1.18017,1.18033,1.00,1.50
2014.11.03 14:32:01.906,1.18019,1.18033,1.00,1.00
2014.11.03 14:32:02.210,1.18022,1.18033,1.00,1.00
2014.11.03 14:32:02.867,1.1802,1.18033,1.00,1.00
2014.11.03 14:32:02.969,1.18019,1.1803,1.50,1.00
2014.11.03 14:32:03.121,1.18017,1.1803,1.25,1.00
2014.11.03 14:32:03.222,1.18017,1.18028,1.00,1.00
2014.11.03 14:32:06.060,1.18018,1.18028,1.00,1.00
2014.11.03 14:32:06.263,1.18019,1.1803,1.00,1.00
2014.11.03 14:32:06.562,1.18022,1.1803,1.00,1.00
2014.11.03 14:32:06.613,1.18019,1.1803,1.50,1.00
2014.11.03 14:32:06.766,1.18017,1.1803,1.50,1.00
2014.11.03 14:32:06.817,1.18017,1.18032,1.50,1.00
2014.11.03 14:32:06.868,1.1802,1.18032,1.00,1.00
2014.11.03 14:32:07.172,1.18022,1.18033,1.00,1.00
2014.11.03 14:32:07.628,1.18026,1.18035,1.00,1.00
2014.11.03 14:32:07.680,1.18026,1.18039,1.50,1.00
2014.11.03 14:32:07.781,1.18025,1.18041,1.00,1.50
2014.11.03 14:32:08.289,1.18024,1.18038,1.50,1.50
2014.11.03 14:32:08.391,1.18024,1.1804,1.00,1.00
2014.11.03 14:32:08.492,1.18026,1.18039,1.00,1.00
2014.11.03 14:32:08.644,1.18026,1.18041,1.00,2.25
2014.11.03 14:32:08.746,1.18026,1.18044,1.69,2.25
2014.11.03 14:32:08.798,1.18029,1.18044,1.00,1.50
2014.11.03 14:32:09.304,1.18028,1.18044,1.50,1.00
2014.11.03 14:32:09.608,1.18028,1.18042,1.50,1.00
2014.11.03 14:32:10.112,1.18028,1.18041,1.50,1.00
2014.11.03 14:32:11.245,1.18029,1.18041,1.00,1.00
2014.11.03 14:32:11.448,1.18028,1.18043,1.50,1.50
2014.11.03 14:32:11.550,1.18028,1.18041,1.50,1.00
2014.11.03 14:32:12.005,1.18029,1.18043,1.00,1.00
2014.11.03 14:32:13.558,1.18032,1.18043,1.00,1.00
2014.11.03 14:32:13.710,1.18032,1.18045,1.50,1.50
2014.11.03 14:32:14.619,1.18032,1.18044,1.00,1.00
2014.11.03 14:32:19.245,1.18032,1.18046,1.00,1.50
2014.11.03 14:32:21.579,1.18033,1.18046,1.00,1.50
2014.11.03 14:32:23.164,1.18033,1.18043,1.00,1.00
2014.11.03 14:32:23.266,1.1803,1.18042,1.00,1.50
2014.11.03 14:32:23.367,1.18027,1.18041,1.25,1.00
2014.11.03 14:32:24.734,1.18026,1.18041,2.44,1.00
2014.11.03 14:32:25.042,1.18028,1.18041,1.00,1.00
2014.11.03 14:32:27.928,1.18026,1.18041,2.44,1.00
2014.11.03 14:32:29.096,1.18027,1.18041,1.00,1.00
2014.11.03 14:32:29.628,1.18026,1.18041,1.25,1.00
2014.11.03 14:32:29.934,1.18027,1.18039,1.00,1.00
2014.11.03 14:32:30.336,1.18029,1.18039,1.00,1.00
2014.11.03 14:32:30.437,1.18029,1.18041,1.00,1.00
2014.11.03 14:32:31.702,1.18029,1.18042,1.00,1.50
2014.11.03 14:32:32.271,1.18028,1.18042,1.50,1.00
2014.11.03 14:32:32.373,1.18028,1.18038,1.00,1.00
2014.11.03 14:32:32.424,1.18026,1.18038,1.00,1.00
2014.11.03 14:32:35.994,1.18024,1.18038,1.00,1.00
2014.11.03 14:32:36.461,1.18022,1.18038,1.00,1.00
2014.11.03 14:32:36.764,1.18022,1.18036,1.00,1.00
2014.11.03 14:32:37.276,1.18022,1.18037,1.00,1.00
2014.11.03 14:32:42.438,1.18022,1.18036,1.00,1.00
2014.11.03 14:32:42.743,1.18019,1.18029,1.00,1.00
2014.11.03 14:32:42.946,1.18015,1.18029,1.00,1.00
2014.11.03 14:32:44.977,1.18015,1.18027,1.00,1.00
2014.11.03 14:32:45.841,1.18013,1.18027,1.00,1.00
2014.11.03 14:32:46.195,1.18012,1.18023,1.00,1.00
2014.11.03 14:32:46.709,1.18012,1.18024,1.00,1.00
2014.11.03 14:32:47.225,1.18011,1.18024,1.00,1.00
2014.11.03 14:32:47.732,1.1801,1.18024,1.00,1.00
2014.11.03 14:32:47.784,1.18008,1.18024,2.10,1.00
2014.11.03 14:32:50.437,1.18008,1.18023,1.50,1.00
2014.11.03 14:32:51.247,1.18008,1.18024,1.50,1.00
2014.11.03 14:32:51.501,1.18011,1.18024,1.00,1.00
2014.11.03 14:32:51.806,1.18011,1.18026,1.00,1.50
2014.11.03 14:32:51.907,1.18009,1.18026,1.00,1.00
2014.11.03 14:32:55.710,1.1801,1.18026,1.00,1.00
2014.11.03 14:32:56.072,1.18012,1.18026,1.00,1.00
2014.11.03 14:32:56.582,1.18011,1.18027,1.50,1.50
2014.11.03 14:32:56.887,1.18014,1.18028,1.00,1.00
2014.11.03 14:32:57.039,1.18011,1.18028,1.00,1.50
2014.11.03 14:32:57.393,1.18013,1.18028,1.00,1.50
2014.11.03 14:32:58.018,1.18011,1.18028,1.00,1.50
2014.11.03 14:32:58.885,1.18014,1.18028,1.00,1.50
2014.11.03 14:33:01.904,1.18015,1.18028,1.00,1.00
2014.11.03 14:33:02.305,1.18015,1.1803,1.00,1.50
2014.11.03 14:33:03.012,1.18015,1.18031,1.00,1.00
2014.11.03 14:33:03.518,1.18015,1.18032,1.00,2.25
2014.11.03 14:33:04.026,1.18015,1.18031,1.00,1.00
2014.11.03 14:33:04.398,1.18014,1.18029,1.50,1.50
2014.11.03 14:33:04.600,1.18014,1.18031,1.50,1.50
2014.11.03 14:33:05.125,1.18015,1.18032,1.00,1.50
2014.11.03 14:33:05.887,1.18016,1.18032,1.00,1.50
2014.11.03 14:33:06.039,1.18016,1.18034,1.00,3.00
2014.11.03 14:33:06.580,1.18016,1.1803,2.25,1.50
2014.11.03 14:33:07.090,1.18015,1.18031,2.25,1.00
2014.11.03 14:33:09.484,1.18015,1.1803,1.50,1.00
2014.11.03 14:33:10.015,1.18015,1.18031,1.50,1.00
2014.11.03 14:33:11.249,1.18016,1.18031,1.50,1.00
2014.11.03 14:33:11.553,1.18022,1.18035,1.00,1.00
2014.11.03 14:33:12.010,1.18022,1.18038,1.00,1.50
2014.11.03 14:33:12.516,1.18021,1.18038,3.00,1.00
2014.11.03 14:33:13.058,1.18021,1.18037,2.25,1.95
2014.11.03 14:33:13.210,1.18022,1.18039,1.50,3.00
2014.11.03 14:33:13.311,1.18024,1.18039,1.00,1.50
2014.11.03 14:33:13.868,1.18021,1.18037,4.35,1.00
2014.11.03 14:33:14.332,1.18023,1.18039,1.95,2.25
2014.11.03 14:33:14.484,1.18022,1.18037,1.35,1.00
2014.11.03 14:33:15.761,1.18021,1.18037,1.69,1.00
2014.11.03 14:33:16.174,1.18023,1.18039,1.00,1.00
2014.11.03 14:33:16.276,1.18021,1.18039,2.25,1.00
2014.11.03 14:33:17.977,1.18022,1.18039,1.00,1.00
2014.11.03 14:33:18.734,1.18022,1.18038,1.00,1.00
2014.11.03 14:33:19.261,1.18021,1.18038,3.00,1.00
2014.11.03 14:33:22.435,1.18021,1.18039,2.25,1.50
2014.11.03 14:33:22.937,1.18022,1.18039,1.50,1.50
2014.11.03 14:33:24.092,1.18022,1.18038,1.50,1.00
2014.11.03 14:33:24.295,1.18026,1.1804,1.00,1.50
2014.11.03 14:33:24.396,1.18026,1.18042,1.00,1.00
2014.11.03 14:33:24.650,1.18024,1.18039,1.87,1.00
2014.11.03 14:33:24.751,1.18024,1.18041,1.00,1.50
2014.11.03 14:33:25.004,1.18026,1.18042,1.00,2.25
2014.11.03 14:33:25.523,1.18026,1.18045,3.00,4.20
2014.11.03 14:33:26.048,1.18027,1.18045,1.00,1.00
2014.11.03 14:33:26.408,1.18026,1.18043,2.85,1.00
2014.11.03 14:33:26.934,1.18026,1.18042,1.50,1.00
2014.11.03 14:33:27.751,1.18025,1.18042,1.00,1.50
2014.11.03 14:33:28.063,1.18025,1.1804,1.00,1.00
2014.11.03 14:33:28.570,1.18025,1.18041,1.00,1.00
2014.11.03 14:33:31.166,1.18024,1.18039,1.50,1.00
2014.11.03 14:33:32.109,1.18022,1.18039,4.35,1.00
2014.11.03 14:33:33.024,1.18027,1.18039,1.00,1.50
2014.11.03 14:33:33.820,1.18022,1.18039,3.00,1.50
2014.11.03 14:33:34.326,1.18022,1.18038,1.50,1.00
2014.11.03 14:33:34.528,1.18022,1.18036,1.50,1.00
2014.11.03 14:33:34.731,1.18022,1.18038,1.00,1.00
2014.11.03 14:33:35.247,1.18022,1.18039,1.50,3.00
2014.11.03 14:33:36.232,1.18027,1.18039,1.00,1.69
2014.11.03 14:33:36.435,1.18024,1.1804,1.50,1.00
2014.11.03 14:33:36.537,1.18027,1.18042,1.00,1.50
2014.11.03 14:33:37.478,1.18026,1.18042,1.00,1.50
2014.11.03 14:33:39.245,1.18026,1.1804,1.00,1.00
2014.11.03 14:33:39.499,1.18024,1.1804,1.00,2.25
2014.11.03 14:33:40.033,1.18023,1.1804,1.00,1.50
2014.11.03 14:33:40.287,1.18026,1.18041,1.00,1.50
2014.11.03 14:33:40.389,1.18024,1.18042,2.25,1.50
2014.11.03 14:33:40.708,1.18021,1.18036,1.00,1.50
2014.11.03 14:33:40.763,1.18018,1.18036,4.50,1.00
2014.11.03 14:33:40.865,1.18021,1.18035,1.00,1.00
2014.11.03 14:33:41.371,1.18021,1.18036,1.00,1.00
2014.11.03 14:33:41.895,1.18022,1.18035,1.50,1.00
2014.11.03 14:33:42.250,1.18023,1.18037,1.50,1.00
2014.11.03 14:33:42.759,1.18022,1.18036,1.50,1.00
2014.11.03 14:33:43.316,1.18024,1.18036,1.00,1.00
2014.11.03 14:33:43.570,1.18022,1.18037,4.20,1.00
2014.11.03 14:33:43.722,1.18026,1.18037,1.00,1.00
2014.11.03 14:33:44.581,1.18022,1.18037,3.45,1.00
2014.11.03 14:33:44.682,1.18023,1.18039,1.00,1.00
2014.11.03 14:33:44.784,1.18021,1.18039,3.60,1.00
2014.11.03 14:33:44.886,1.18021,1.18037,1.50,1.00
2014.11.03 14:33:45.189,1.18019,1.18037,3.00,3.00
2014.11.03 14:33:45.291,1.18022,1.18038,1.00,1.50
2014.11.03 14:33:45.831,1.18022,1.18037,2.70,1.00
2014.11.03 14:33:46.354,1.18022,1.18038,2.70,1.00
2014.11.03 14:33:46.677,1.18026,1.18038,1.00,1.00
2014.11.03 14:33:46.778,1.18022,1.18038,4.20,1.00
2014.11.03 14:33:47.082,1.18022,1.18036,3.45,1.00
2014.11.03 14:33:47.629,1.18022,1.18037,2.70,1.00
2014.11.03 14:33:47.831,1.18022,1.18039,3.45,1.50
2014.11.03 14:33:48.358,1.18022,1.18038,2.70,1.00
2014.11.03 14:33:48.611,1.18025,1.18039,2.70,1.00
2014.11.03 14:33:48.764,1.18026,1.18041,1.50,1.00
2014.11.03 14:33:48.866,1.18028,1.18043,1.95,2.25
2014.11.03 14:33:49.068,1.18024,1.1804,1.00,1.50
2014.11.03 14:33:49.551,1.18026,1.1804,1.00,2.25
2014.11.03 14:33:50.058,1.18026,1.18042,1.00,2.25
2014.11.03 14:33:50.160,1.18026,1.1804,1.00,1.00
2014.11.03 14:33:50.363,1.18024,1.18039,1.00,1.50
2014.11.03 14:33:50.465,1.18023,1.18037,1.00,1.00
2014.11.03 14:33:50.920,1.18027,1.18036,1.00,1.00
2014.11.03 14:33:51.224,1.18027,1.1804,1.00,1.50
2014.11.03 14:33:53.767,1.18027,1.18039,1.00,1.00
2014.11.03 14:33:53.868,1.18027,1.18041,1.00,1.00
2014.11.03 14:33:53.970,1.18024,1.18041,1.50,1.00
2014.11.03 14:33:54.476,1.18025,1.18042,1.00,1.00
2014.11.03 14:33:55.001,1.18026,1.18041,1.00,1.00
2014.11.03 14:33:55.776,1.18026,1.18039,1.00,1.00
2014.11.03 14:33:56.315,1.18026,1.18038,1.00,1.00
2014.11.03 14:33:56.514,1.18027,1.18043,1.00,1.50
2014.11.03 14:33:56.767,1.18026,1.18041,1.69,1.00
2014.11.03 14:33:57.268,1.18026,1.1804,1.25,1.50
2014.11.03 14:33:57.579,1.18026,1.18038,1.00,1.00
2014.11.03 14:33:57.630,1.18027,1.1804,1.00,1.00
2014.11.03 14:33:58.139,1.18026,1.1804,1.00,1.00
2014.11.03 14:33:58.191,1.18027,1.18037,1.00,1.00
2014.11.03 14:33:58.294,1.18027,1.1804,1.00,1.00
2014.11.03 14:34:00.208,1.18027,1.18038,1.00,1.00
2014.11.03 14:34:00.614,1.18023,1.18037,1.50,1.50
2014.11.03 14:34:03.094,1.18027,1.18037,1.00,1.00
2014.11.03 14:34:04.474,1.18027,1.1804,1.00,1.25
2014.11.03 14:34:05.446,1.18026,1.1804,1.00,1.00
2014.11.03 14:34:06.362,1.18026,1.18039,2.25,1.00
2014.11.03 14:34:06.463,1.18027,1.18042,1.00,2.06
2014.11.03 14:34:06.514,1.18027,1.18039,1.00,2.25
2014.11.03 14:34:06.565,1.18022,1.18039,1.50,3.00
2014.11.03 14:34:06.616,1.18022,1.18036,1.50,1.00
2014.11.03 14:34:06.920,1.18022,1.18033,1.00,1.00
2014.11.03 14:34:07.173,1.18019,1.18033,1.50,1.00
2014.11.03 14:34:12.521,1.18019,1.18032,1.00,1.00
2014.11.03 14:34:12.572,1.18021,1.18032,1.00,1.00
2014.11.03 14:34:12.624,1.18021,1.18034,1.00,1.00
2014.11.03 14:34:12.777,1.18018,1.18035,1.50,1.50
2014.11.03 14:34:13.320,1.18017,1.18034,2.44,1.00
2014.11.03 14:34:13.934,1.18017,1.18034,1.69,1.00
2014.11.03 14:34:14.248,1.18021,1.18034,1.00,1.00
2014.11.03 14:34:14.349,1.18017,1.18034,1.25,1.00
2014.11.03 14:34:14.552,1.18022,1.18034,1.00,1.00
2014.11.03 14:34:15.007,1.18019,1.18034,1.50,1.00
2014.11.03 14:34:15.318,1.18022,1.18035,1.00,1.00
2014.11.03 14:34:15.470,1.18022,1.18037,1.00,1.00
2014.11.03 14:34:16.005,1.18023,1.18037,1.50,1.00
2014.11.03 14:34:16.394,1.18021,1.18037,2.25,1.00
2014.11.03 14:34:16.921,1.18022,1.18037,1.00,1.00
2014.11.03 14:34:17.438,1.18023,1.18037,1.00,1.00
2014.11.03 14:34:18.581,1.18021,1.18037,1.00,1.00
2014.11.03 14:34:18.632,1.1802,1.18034,2.25,1.50
2014.11.03 14:34:18.785,1.18017,1.18032,1.00,1.00
2014.11.03 14:34:18.836,1.18019,1.18032,1.00,1.00
2014.11.03 14:34:19.241,1.18019,1.18034,1.00,1.50
2014.11.03 14:34:19.890,1.18019,1.18032,1.00,1.00
2014.11.03 14:34:19.941,1.18017,1.18032,1.00,3.00
2014.11.03 14:34:20.314,1.18017,1.18034,1.50,2.25
2014.11.03 14:34:20.781,1.18016,1.18031,1.00,1.00
2014.11.03 14:34:20.934,1.18011,1.18028,6.64,1.50
2014.11.03 14:34:20.985,1.18011,1.18026,2.25,1.00
2014.11.03 14:34:21.489,1.18012,1.18026,1.00,1.00
2014.11.03 14:34:21.995,1.18011,1.18026,1.00,1.00
2014.11.03 14:34:22.501,1.1801,1.18026,1.00,1.00
2014.11.03 14:34:24.043,1.18012,1.18026,1.00,1.00
2014.11.03 14:34:25.434,1.18011,1.18026,1.00,1.00
2014.11.03 14:34:25.971,1.18012,1.18026,1.00,1.00
2014.11.03 14:34:27.420,1.18011,1.18026,1.00,1.00
2014.11.03 14:34:27.944,1.18012,1.18026,1.00,1.00
2014.11.03 14:34:30.083,1.18011,1.18026,1.00,1.00
2014.11.03 14:34:30.742,1.1801,1.18026,2.44,1.00
2014.11.03 14:34:31.046,1.18012,1.18026,1.95,1.00
2014.11.03 14:34:35.999,1.18014,1.18026,1.00,1.00
2014.11.03 14:34:36.526,1.18014,1.18027,1.00,1.00
2014.11.03 14:34:36.730,1.18011,1.18025,1.00,1.50
2014.11.03 14:34:36.781,1.18008,1.18025,1.69,1.50
2014.11.03 14:34:36.984,1.18011,1.18024,1.00,1.00
2014.11.03 14:34:37.136,1.18008,1.18024,3.19,1.00
2014.11.03 14:34:37.645,1.18008,1.18023,1.00,1.00
2014.11.03 14:34:41.610,1.18007,1.18023,1.00,1.50
2014.11.03 14:34:43.078,1.18011,1.18023,1.00,1.50
2014.11.03 14:34:43.398,1.18008,1.18023,1.00,1.00
2014.11.03 14:34:43.499,1.18011,1.18023,1.00,1.00
2014.11.03 14:34:43.702,1.18008,1.18023,1.00,1.00
2014.11.03 14:34:43.806,1.18011,1.18023,1.00,1.00
2014.11.03 14:34:43.958,1.18008,1.18023,1.00,1.00
2014.11.03 14:34:44.506,1.18007,1.18023,2.25,1.00
2014.11.03 14:34:45.335,1.18008,1.18023,1.00,1.00
2014.11.03 14:34:45.875,1.18007,1.18024,2.25,1.00
2014.11.03 14:34:47.436,1.18008,1.18024,1.00,1.00
2014.11.03 14:34:47.791,1.18011,1.18025,1.00,3.00
2014.11.03 14:34:48.247,1.18014,1.18025,1.00,1.00
2014.11.03 14:34:48.551,1.18022,1.18029,1.00,1.00
2014.11.03 14:34:48.652,1.18022,1.18035,1.00,1.00
2014.11.03 14:34:50.408,1.18019,1.18035,1.00,1.50
2014.11.03 14:34:50.560,1.18022,1.18034,1.00,1.00
2014.11.03 14:34:50.662,1.18019,1.18035,1.00,1.00
2014.11.03 14:34:51.203,1.18019,1.18034,1.00,1.00
2014.11.03 14:34:51.737,1.18022,1.18034,1.00,1.00
2014.11.03 14:34:51.849,1.18019,1.18034,1.00,1.00
2014.11.03 14:34:52.717,1.18022,1.18034,1.00,1.00
2014.11.03 14:34:53.070,1.18019,1.18034,1.00,1.00
2014.11.03 14:34:53.172,1.18021,1.18034,1.00,1.00
2014.11.03 14:34:53.375,1.18019,1.18034,1.00,1.00
2014.11.03 14:34:55.634,1.18019,1.18031,1.00,1.95
2014.11.03 14:34:55.837,1.18014,1.18027,1.00,1.00
2014.11.03 14:34:55.989,1.18012,1.18027,1.00,1.50
2014.11.03 14:34:56.510,1.18013,1.18029,1.69,1.50
2014.11.03 14:34:56.713,1.18016,1.18032,1.00,1.50
2014.11.03 14:34:57.781,1.18017,1.18032,1.00,1.00
2014.11.03 14:34:57.934,1.18018,1.18034,1.95,2.25
2014.11.03 14:34:58.433,1.18021,1.18034,1.00,1.00
2014.11.03 14:34:58.585,1.18019,1.18036,1.50,1.69
2014.11.03 14:34:59.142,1.1802,1.18036,1.00,1.00
2014.11.03 14:34:59.998,1.18021,1.18036,1.00,1.00
2014.11.03 14:35:00.608,1.1802,1.18036,1.25,1.00
2014.11.03 14:35:00.993,1.18022,1.18036,1.00,1.00
2014.11.03 14:35:01.094,1.1802,1.18036,1.25,1.00
2014.11.03 14:35:01.629,1.1802,1.18035,1.00,1.00
2014.11.03 14:35:01.730,1.18018,1.18036,4.20,1.00
2014.11.03 14:35:01.831,1.1802,1.18037,1.50,1.00
2014.11.03 14:35:02.349,1.18021,1.18037,1.00,1.00
2014.11.03 14:35:02.861,1.18021,1.18038,1.50,1.50
2014.11.03 14:35:03.414,1.18022,1.18037,1.00,1.00
2014.11.03 14:35:04.071,1.18021,1.18037,1.00,1.00
2014.11.03 14:35:04.829,1.1802,1.18037,3.64,1.50
2014.11.03 14:35:05.133,1.18022,1.18037,1.00,1.50
2014.11.03 14:35:05.291,1.1802,1.18037,4.39,1.50
2014.11.03 14:35:05.914,1.18021,1.18037,1.00,1.50
2014.11.03 14:35:06.429,1.1802,1.18037,3.45,1.50
2014.11.03 14:35:06.480,1.18022,1.18037,1.00,1.50
2014.11.03 14:35:08.353,1.1802,1.18036,1.00,1.00
2014.11.03 14:35:08.902,1.18019,1.18036,1.69,1.00
2014.11.03 14:35:09.339,1.18021,1.18036,1.00,1.00
2014.11.03 14:35:09.441,1.18019,1.18036,1.25,1.00
2014.11.03 14:35:09.897,1.18019,1.18034,1.00,1.00
2014.11.03 14:35:10.203,1.18017,1.18031,1.50,1.00
2014.11.03 14:35:10.406,1.18018,1.18033,1.00,1.50
2014.11.03 14:35:10.912,1.18019,1.18033,1.00,1.00
2014.11.03 14:35:11.512,1.18018,1.18033,1.50,1.00
2014.11.03 14:35:12.108,1.18022,1.18033,1.00,1.00
2014.11.03 14:35:12.877,1.18018,1.18033,1.69,1.00
2014.11.03 14:35:13.538,1.18022,1.18033,1.00,1.00
2014.11.03 14:35:13.842,1.18017,1.18031,1.00,1.00
2014.11.03 14:35:14.004,1.18022,1.18031,1.00,1.00
2014.11.03 14:35:14.763,1.18016,1.18031,5.14,1.00
2014.11.03 14:35:14.865,1.18022,1.18031,1.00,1.00
2014.11.03 14:35:14.916,1.18022,1.18033,1.00,1.50
2014.11.03 14:35:16.122,1.18022,1.18034,1.00,3.00
2014.11.03 14:35:17.945,1.18018,1.18034,1.00,2.25
2014.11.03 14:35:18.148,1.18021,1.18034,1.00,2.25
2014.11.03 14:35:19.934,1.18018,1.18034,1.00,1.50
2014.11.03 14:35:20.565,1.18017,1.18034,4.69,1.50
2014.11.03 14:35:21.081,1.18017,1.18034,4.69,1.50
2014.11.03 14:35:22.220,1.18018,1.18033,2.89,1.00
2014.11.03 14:35:22.371,1.1802,1.18033,1.95,1.00
2014.11.03 14:35:22.574,1.18021,1.18037,2.25,1.00
2014.11.03 14:35:22.726,1.18021,1.18039,3.94,2.25
2014.11.03 14:35:24.109,1.18022,1.18039,1.00,1.00
2014.11.03 14:35:24.626,1.18021,1.18039,4.69,1.00
2014.11.03 14:35:24.933,1.18023,1.18039,1.19,1.00
2014.11.03 14:35:25.449,1.18024,1.18039,1.19,1.00
2014.11.03 14:35:25.897,1.18027,1.18039,1.00,1.00
2014.11.03 14:35:26.622,1.18026,1.18039,1.25,1.00
2014.11.03 14:35:26.928,1.18023,1.18039,1.69,2.25
2014.11.03 14:35:27.030,1.18025,1.18039,1.19,2.25
2014.11.03 14:35:27.856,1.18024,1.18039,1.19,2.25
2014.11.03 14:35:28.715,1.18027,1.18039,1.00,2.25
2014.11.03 14:35:28.817,1.18024,1.18039,1.19,2.25
2014.11.03 14:35:29.476,1.18025,1.18039,1.19,1.50
2014.11.03 14:35:29.830,1.18026,1.18041,1.50,1.50
2014.11.03 14:35:30.033,1.18026,1.18043,2.44,1.00
2014.11.03 14:35:30.703,1.18026,1.18043,1.69,2.10
2014.11.03 14:35:30.755,1.18026,1.18039,1.50,1.00
2014.11.03 14:35:30.907,1.18024,1.18039,1.50,1.50
2014.11.03 14:35:31.337,1.18023,1.18036,1.25,1.00
2014.11.03 14:35:32.442,1.18022,1.18036,3.19,1.00
2014.11.03 14:35:32.936,1.18026,1.18037,1.00,1.00
2014.11.03 14:35:32.987,1.18027,1.18039,1.00,1.00
2014.11.03 14:35:33.089,1.18028,1.18039,1.19,1.00
2014.11.03 14:35:33.312,1.18026,1.18042,1.00,1.00
2014.11.03 14:35:33.363,1.18024,1.18042,4.39,1.00
2014.11.03 14:35:33.616,1.18026,1.18041,1.00,1.00
2014.11.03 14:35:37.033,1.18027,1.18041,1.00,1.00
2014.11.03 14:35:37.546,1.18026,1.18041,1.25,1.00
2014.11.03 14:35:38.007,1.18028,1.18041,1.25,1.00
2014.11.03 14:35:38.687,1.18027,1.18039,1.00,1.00
2014.11.03 14:35:39.220,1.18026,1.18039,1.50,1.00
2014.11.03 14:35:43.399,1.18027,1.18039,1.00,1.00
2014.11.03 14:35:43.450,1.18027,1.18041,1.00,1.00
2014.11.03 14:35:43.501,1.1803,1.18041,1.00,1.00
2014.11.03 14:35:43.602,1.18028,1.18041,1.00,1.00
2014.11.03 14:35:43.653,1.18028,1.18043,1.00,1.00
2014.11.03 14:35:43.705,1.1803,1.18043,1.00,1.00
2014.11.03 14:35:44.212,1.1803,1.18044,1.00,1.50
2014.11.03 14:35:44.726,1.18029,1.18044,1.00,1.50
2014.11.03 14:35:46.962,1.18032,1.18044,1.00,1.50
2014.11.03 14:35:47.492,1.18029,1.18044,1.00,1.50
2014.11.03 14:35:48.226,1.18027,1.18044,2.44,1.50
2014.11.03 14:35:48.632,1.18031,1.18044,2.10,1.00
2014.11.03 14:35:48.733,1.18032,1.18046,1.60,1.50
2014.11.03 14:35:48.947,1.18037,1.18046,1.00,1.00
2014.11.03 14:35:48.998,1.18037,1.18048,1.00,1.95
2014.11.03 14:35:49.049,1.18032,1.18046,1.69,1.50
2014.11.03 14:35:49.252,1.18029,1.18046,1.25,1.50
2014.11.03 14:35:49.303,1.18032,1.18045,1.00,1.00
2014.11.03 14:35:49.506,1.18028,1.18043,1.69,1.00
2014.11.03 14:35:49.708,1.18032,1.18043,1.00,1.00
2014.11.03 14:35:49.809,1.18028,1.18044,2.44,1.00
2014.11.03 14:35:49.860,1.18028,1.18046,2.44,2.44
2014.11.03 14:35:49.911,1.18028,1.18044,1.69,1.00
2014.11.03 14:35:50.240,1.18027,1.18042,1.00,1.00
2014.11.03 14:35:50.700,1.18024,1.18042,3.00,2.25
2014.11.03 14:35:50.751,1.18024,1.18042,3.94,2.25
2014.11.03 14:35:51.055,1.18024,1.18039,1.69,1.00
2014.11.03 14:35:51.106,1.18024,1.18041,2.44,1.00
2014.11.03 14:35:51.258,1.18027,1.18041,1.00,1.00
2014.11.03 14:35:51.359,1.18025,1.18042,1.50,2.25
2014.11.03 14:35:51.613,1.18027,1.18042,1.00,2.25
2014.11.03 14:35:52.197,1.18026,1.18042,2.44,1.00
2014.11.03 14:35:52.703,1.18027,1.18043,1.00,1.00
2014.11.03 14:35:53.006,1.18025,1.18038,1.00,1.00
2014.11.03 14:35:53.512,1.18024,1.18038,1.00,1.00
2014.11.03 14:35:53.816,1.18025,1.1804,1.50,1.50
2014.11.03 14:35:54.223,1.18023,1.1804,1.00,3.00
2014.11.03 14:35:54.425,1.18022,1.18038,1.50,1.00
2014.11.03 14:35:54.988,1.18023,1.18038,1.00,1.50
2014.11.03 14:35:55.292,1.18021,1.18037,1.00,1.00
2014.11.03 14:35:55.834,1.18022,1.18037,1.00,1.00
2014.11.03 14:35:56.191,1.18026,1.18039,1.00,2.25
2014.11.03 14:35:56.393,1.18023,1.18039,2.44,1.00
2014.11.03 14:35:56.495,1.18023,1.18034,1.69,1.00
2014.11.03 14:35:56.799,1.18022,1.18035,1.50,1.00
2014.11.03 14:35:57.619,1.18021,1.18035,3.75,1.00
2014.11.03 14:35:58.139,1.18022,1.18035,1.25,1.00
2014.11.03 14:35:58.652,1.18022,1.18034,1.25,1.00
2014.11.03 14:36:00.875,1.18023,1.18034,1.50,1.00
2014.11.03 14:36:01.230,1.18023,1.18036,1.50,1.00
2014.11.03 14:36:01.767,1.18022,1.18035,1.25,1.00
2014.11.03 14:36:01.818,1.18023,1.18035,1.19,1.00
2014.11.03 14:36:02.787,1.18022,1.18033,1.25,1.00
2014.11.03 14:36:04.223,1.18021,1.18033,2.44,1.00
2014.11.03 14:36:04.776,1.18022,1.18033,1.00,1.00
2014.11.03 14:36:05.284,1.1802,1.18033,1.19,1.00
2014.11.03 14:36:05.890,1.18018,1.18033,1.19,1.00
2014.11.03 14:36:06.608,1.18018,1.18033,1.25,1.00
2014.11.03 14:36:07.139,1.18017,1.18033,2.44,2.25
2014.11.03 14:36:07.505,1.18017,1.18031,1.69,1.00
2014.11.03 14:36:07.960,1.18015,1.1803,1.50,1.50
2014.11.03 14:36:08.472,1.18014,1.18028,1.00,1.00
2014.11.03 14:36:08.997,1.18014,1.18029,1.00,1.50
2014.11.03 14:36:09.555,1.18014,1.18028,1.00,1.00
2014.11.03 14:36:09.606,1.18012,1.18028,3.19,1.00
2014.11.03 14:36:09.707,1.18012,1.18025,2.44,1.00
2014.11.03 14:36:10.266,1.18009,1.18025,2.44,1.00
2014.11.03 14:36:10.569,1.18009,1.18022,1.50,1.00
2014.11.03 14:36:10.772,1.18003,1.18018,1.00,1.00
2014.11.03 14:36:10.925,1.18006,1.18018,1.00,1.00
2014.11.03 14:36:11.077,1.18003,1.18018,1.69,1.00
2014.11.03 14:36:11.738,1.18006,1.18018,1.00,1.00
2014.11.03 14:36:13.255,1.18004,1.18018,1.25,1.00
2014.11.03 14:36:13.356,1.18007,1.18018,1.00,1.00
2014.11.03 14:36:13.672,1.18004,1.18018,1.25,1.00
2014.11.03 14:36:14.042,1.18006,1.18018,1.00,1.00
2014.11.03 14:36:15.745,1.18006,1.18019,1.00,1.95
2014.11.03 14:36:15.796,1.18006,1.18021,1.00,1.50
2014.11.03 14:36:16.301,1.18006,1.18022,3.04,1.00
2014.11.03 14:36:16.857,1.18006,1.18022,3.04,1.00
2014.11.03 14:36:16.908,1.18012,1.18022,1.00,1.00
2014.11.03 14:36:17.009,1.18006,1.18022,3.04,1.00
2014.11.03 14:36:17.110,1.18012,1.18022,1.00,1.00
2014.11.03 14:36:17.212,1.18008,1.18024,1.25,1.00
2014.11.03 14:36:17.667,1.18011,1.18024,1.00,1.00
2014.11.03 14:36:17.978,1.18009,1.18024,1.00,1.00
2014.11.03 14:36:20.203,1.18012,1.18024,1.00,1.00
2014.11.03 14:36:20.896,1.18012,1.18023,1.00,1.00
2014.11.03 14:36:22.058,1.18008,1.18023,1.19,1.00
2014.11.03 14:36:22.260,1.18011,1.18025,1.00,1.50
2014.11.03 14:36:22.413,1.18009,1.18024,1.00,1.00
2014.11.03 14:36:22.616,1.18011,1.18023,1.00,1.00
2014.11.03 14:36:22.717,1.18011,1.18025,1.00,1.00
2014.11.03 14:36:23.223,1.18012,1.18025,1.00,1.00
2014.11.03 14:36:23.742,1.18011,1.18025,3.64,1.00
2014.11.03 14:36:23.894,1.18011,1.18025,1.50,1.00
2014.11.03 14:36:24.199,1.18013,1.18025,1.50,1.00
2014.11.03 14:36:24.933,1.18012,1.18025,1.25,1.00
2014.11.03 14:36:24.985,1.18012,1.18028,1.25,1.00
2014.11.03 14:36:25.488,1.18012,1.18028,1.69,1.00
2014.11.03 14:36:26.072,1.18012,1.18028,1.25,1.00
2014.11.03 14:36:27.074,1.1801,1.18028,3.19,1.00
2014.11.03 14:36:29.044,1.18012,1.18028,1.00,1.00
2014.11.03 14:36:29.565,1.18013,1.18028,3.00,1.00
2014.11.03 14:36:29.616,1.18015,1.1803,1.00,1.50
2014.11.03 14:36:30.130,1.18018,1.1803,1.00,1.00
2014.11.03 14:36:30.181,1.18018,1.18032,1.00,1.50
2014.11.03 14:36:30.592,1.1802,1.18032,1.00,1.00
2014.11.03 14:36:31.594,1.18019,1.18032,1.25,1.00
2014.11.03 14:36:33.251,1.18018,1.18028,1.25,1.00
2014.11.03 14:36:33.404,1.18015,1.18028,1.50,1.00
2014.11.03 14:36:33.606,1.18013,1.18028,1.25,1.50
2014.11.03 14:36:33.809,1.18012,1.18026,2.25,1.00
2014.11.03 14:36:34.476,1.18012,1.18028,1.00,1.50
2014.11.03 14:36:37.823,1.18012,1.18028,1.19,1.50
2014.11.03 14:36:38.018,1.18016,1.18028,1.00,1.50
2014.11.03 14:36:38.524,1.18017,1.18029,1.00,1.00
2014.11.03 14:36:38.998,1.18013,1.18029,3.19,1.00
2014.11.03 14:36:39.539,1.18013,1.18028,1.25,1.00
2014.11.03 14:36:40.426,1.18013,1.18029,3.19,1.00
2014.11.03 14:36:40.629,1.18015,1.1803,1.00,1.00
2014.11.03 14:36:40.959,1.18017,1.1803,1.50,1.00
2014.11.03 14:36:41.491,1.18017,1.1803,3.19,1.00
2014.11.03 14:36:41.593,1.18019,1.18032,1.00,1.00
2014.11.03 14:36:42.670,1.18018,1.18032,1.25,1.00
2014.11.03 14:36:43.179,1.18019,1.18032,1.00,1.00
2014.11.03 14:36:44.988,1.18017,1.18032,1.69,1.00
2014.11.03 14:36:45.039,1.18017,1.1803,1.69,1.00
2014.11.03 14:36:45.343,1.18017,1.18028,1.00,1.00
2014.11.03 14:36:45.395,1.18013,1.18028,3.19,1.00
2014.11.03 14:36:46.090,1.18016,1.18028,1.00,1.00
2014.11.03 14:36:46.395,1.18019,1.18029,1.00,1.00
2014.11.03 14:36:46.901,1.18019,1.18032,1.00,1.00
2014.11.03 14:36:47.637,1.18017,1.18032,1.19,1.00
2014.11.03 14:36:47.689,1.18016,1.18032,1.50,1.00
2014.11.03 14:36:48.093,1.18016,1.1803,1.50,1.50
2014.11.03 14:36:48.195,1.18014,1.18029,1.00,1.00
2014.11.03 14:36:48.347,1.18013,1.18024,1.00,1.00
2014.11.03 14:36:48.651,1.18022,1.18029,1.00,1.00
2014.11.03 14:36:48.702,1.18016,1.18029,1.00,1.00
2014.11.03 14:36:50.791,1.18014,1.18029,1.00,1.00
2014.11.03 14:36:50.978,1.18017,1.18029,1.00,1.00
2014.11.03 14:36:51.081,1.18014,1.18029,1.69,1.00
2014.11.03 14:36:51.284,1.18016,1.18027,1.00,1.00
2014.11.03 14:36:51.335,1.18012,1.18027,1.25,1.00
2014.11.03 14:36:51.491,1.18011,1.18025,1.69,1.00
2014.11.03 14:36:52.512,1.18011,1.18025,1.50,1.00
2014.11.03 14:36:53.018,1.18012,1.18025,1.00,1.00
2014.11.03 14:36:53.070,1.18013,1.18027,1.50,2.25
2014.11.03 14:36:53.222,1.18014,1.1803,1.50,2.25
2014.11.03 14:36:53.766,1.18014,1.18029,1.00,1.00
2014.11.03 14:36:54.279,1.18013,1.18029,1.00,1.00
2014.11.03 14:36:54.784,1.18014,1.18029,1.00,1.00
2014.11.03 14:36:55.283,1.18016,1.1803,1.00,1.50
2014.11.03 14:36:55.638,1.18016,1.18028,1.00,1.95
2014.11.03 14:36:55.739,1.18012,1.18027,2.44,1.00
2014.11.03 14:36:55.993,1.18016,1.18027,1.00,1.00
2014.11.03 14:36:56.044,1.18016,1.1803,1.00,1.50
2014.11.03 14:36:56.348,1.18018,1.18033,1.00,2.25
2014.11.03 14:36:57.546,1.18017,1.18033,1.50,1.50
2014.11.03 14:36:58.056,1.18018,1.18033,1.00,1.50
2014.11.03 14:37:00.203,1.18017,1.18033,3.00,1.50
2014.11.03 14:37:03.627,1.18017,1.18034,2.44,1.50
2014.11.03 14:37:03.678,1.18017,1.1803,2.44,1.60
2014.11.03 14:37:03.931,1.18013,1.18028,4.95,1.00
2014.11.03 14:37:04.084,1.18016,1.18028,1.00,1.00
2014.11.03 14:37:04.186,1.18013,1.18028,1.50,1.00
2014.11.03 14:37:04.390,1.18013,1.1803,1.00,1.00
2014.11.03 14:37:04.492,1.18015,1.1803,1.00,1.00
2014.11.03 14:37:04.846,1.18017,1.1803,1.00,1.00
2014.11.03 14:37:05.177,1.18017,1.18028,1.00,1.00
2014.11.03 14:37:05.640,1.18017,1.18031,1.00,1.00
2014.11.03 14:37:06.155,1.18017,1.18032,1.00,1.50
2014.11.03 14:37:06.257,1.18017,1.1803,1.00,1.00
2014.11.03 14:37:06.915,1.18015,1.1803,1.00,1.00
2014.11.03 14:37:07.441,1.18014,1.1803,1.00,1.50
2014.11.03 14:37:07.593,1.18013,1.18026,1.00,1.00
2014.11.03 14:37:07.695,1.18011,1.18026,2.44,1.00
2014.11.03 14:37:08.484,1.18011,1.18027,1.50,1.00
2014.11.03 14:37:08.998,1.18012,1.18027,1.69,1.00
2014.11.03 14:37:09.201,1.18012,1.18028,2.44,1.00
2014.11.03 14:37:09.505,1.18012,1.18028,1.69,1.00
2014.11.03 14:37:09.708,1.18011,1.18025,1.00,2.10
2014.11.03 14:37:09.860,1.18007,1.18019,1.00,1.00
2014.11.03 14:37:10.114,1.18005,1.18019,1.50,1.00
2014.11.03 14:37:10.367,1.18007,1.18019,1.00,1.00
2014.11.03 14:37:10.570,1.18003,1.18018,1.50,1.00
2014.11.03 14:37:10.722,1.18003,1.18018,1.50,1.60
2014.11.03 14:37:10.926,1.17998,1.18012,1.50,1.00
2014.11.03 14:37:11.028,1.17998,1.1801,1.00,1.00
2014.11.03 14:37:11.208,1.17995,1.1801,1.19,1.00
2014.11.03 14:37:11.614,1.17995,1.18008,1.00,1.00
2014.11.03 14:37:11.801,1.17992,1.18006,1.00,1.00
2014.11.03 14:37:11.902,1.17988,1.18006,4.20,1.00
2014.11.03 14:37:12.209,1.17987,1.18003,1.50,1.00
2014.11.03 14:37:12.515,1.17987,1.18,4.99,1.00
2014.11.03 14:37:12.567,1.17987,1.18004,4.99,1.50
2014.11.03 14:37:12.668,1.17989,1.18005,1.00,1.00
2014.11.03 14:37:12.973,1.17989,1.18002,1.00,1.00
2014.11.03 14:37:13.176,1.17987,1.18003,1.50,1.50
2014.11.03 14:37:13.687,1.17988,1.18004,1.00,1.50
2014.11.03 14:37:13.992,1.17987,1.18001,1.25,1.00
2014.11.03 14:37:14.498,1.17987,1.18,1.00,1.00
2014.11.03 14:37:15.333,1.17992,1.18,1.00,1.00
2014.11.03 14:37:15.384,1.17992,1.18002,1.00,1.00
2014.11.03 14:37:15.587,1.17991,1.18006,2.25,1.50
2014.11.03 14:37:15.637,1.17991,1.18004,2.25,1.00
2014.11.03 14:37:15.739,1.17991,1.18006,1.50,1.00
2014.11.03 14:37:15.840,1.17993,1.18006,1.00,1.00
2014.11.03 14:37:16.043,1.17993,1.18009,1.00,2.25
2014.11.03 14:37:16.398,1.17992,1.18002,1.00,1.00
2014.11.03 14:37:16.500,1.17992,1.18004,1.00,1.00
2014.11.03 14:37:16.551,1.17989,1.18004,1.00,1.00
2014.11.03 14:37:17.092,1.1799,1.18001,1.00,1.00
2014.11.03 14:37:17.145,1.17992,1.18006,1.00,1.00
2014.11.03 14:37:17.348,1.17992,1.18009,1.00,1.00
2014.11.03 14:37:17.720,1.17995,1.18009,1.50,1.00
2014.11.03 14:37:17.923,1.17996,1.18011,1.00,2.25
2014.11.03 14:37:18.430,1.17997,1.18011,1.00,1.00
2014.11.03 14:37:18.481,1.17997,1.18009,1.00,1.00
2014.11.03 14:37:18.532,1.17993,1.18009,1.87,1.00
2014.11.03 14:37:18.583,1.17993,1.18006,1.00,1.00
2014.11.03 14:37:18.685,1.17992,1.18008,2.44,1.00
2014.11.03 14:37:18.786,1.17997,1.18008,1.00,1.00
2014.11.03 14:37:18.837,1.17997,1.18011,1.00,2.25
2014.11.03 14:37:19.345,1.17996,1.18005,1.00,1.00
2014.11.03 14:37:19.598,1.17996,1.18009,1.00,1.00
2014.11.03 14:37:20.255,1.17996,1.1801,1.00,1.00
2014.11.03 14:37:20.357,1.17997,1.18012,1.00,1.00
2014.11.03 14:37:20.863,1.17996,1.18011,3.45,1.00
2014.11.03 14:37:21.015,1.17996,1.18009,3.45,1.00
2014.11.03 14:37:21.571,1.17996,1.18011,1.00,1.00
2014.11.03 14:37:22.078,1.17997,1.18011,1.00,1.00
2014.11.03 14:37:22.230,1.17997,1.18006,1.00,1.00
2014.11.03 14:37:22.483,1.17992,1.18004,2.25,1.00
2014.11.03 14:37:22.686,1.17992,1.18,1.00,1.00
2014.11.03 14:37:22.788,1.17992,1.18004,1.00,1.00
2014.11.03 14:37:22.889,1.1799,1.18004,1.50,1.00
2014.11.03 14:37:23.215,1.17988,1.18004,1.50,1.00
2014.11.03 14:37:24.100,1.17988,1.18003,1.00,1.00
2014.11.03 14:37:24.367,1.17992,1.18004,1.00,1.00
2014.11.03 14:37:24.621,1.17989,1.18004,1.00,1.00
2014.11.03 14:37:25.077,1.17987,1.18003,1.50,1.00
2014.11.03 14:37:25.128,1.17989,1.18003,1.00,1.00
2014.11.03 14:37:25.383,1.17992,1.18007,1.50,1.00
2014.11.03 14:37:25.535,1.17992,1.18005,2.25,1.00
2014.11.03 14:37:25.892,1.1799,1.18005,4.39,1.00
2014.11.03 14:37:26.044,1.17992,1.18005,1.00,1.00
2014.11.03 14:37:26.298,1.17993,1.18007,1.00,1.00
2014.11.03 14:37:26.703,1.17991,1.18006,2.25,1.00
2014.11.03 14:37:26.804,1.17993,1.18005,1.00,1.00
2014.11.03 14:37:26.957,1.17993,1.18008,1.00,1.00
2014.11.03 14:37:27.337,1.17994,1.18008,1.19,1.00
2014.11.03 14:37:27.642,1.17997,1.18008,1.00,1.00
2014.11.03 14:37:27.693,1.17994,1.18008,1.19,1.00
2014.11.03 14:37:27.795,1.17997,1.18008,1.00,1.00
2014.11.03 14:37:28.149,1.17997,1.18011,1.00,1.50
2014.11.03 14:37:28.251,1.18001,1.18011,1.00,1.00
2014.11.03 14:37:28.352,1.17999,1.18012,1.00,1.00
2014.11.03 14:37:28.454,1.17999,1.18015,1.00,2.44
2014.11.03 14:37:28.505,1.17999,1.18013,1.00,1.00
2014.11.03 14:37:29.010,1.17998,1.18013,1.00,1.00
2014.11.03 14:37:30.583,1.17998,1.18011,1.00,1.00
2014.11.03 14:37:30.684,1.17996,1.1801,3.19,1.00
2014.11.03 14:37:31.044,1.17994,1.1801,1.50,1.00
2014.11.03 14:37:31.149,1.17994,1.18008,1.50,1.00
2014.11.03 14:37:31.561,1.17996,1.18009,1.00,1.00
2014.11.03 14:37:31.715,1.17997,1.18012,1.00,1.25
2014.11.03 14:37:31.766,1.17994,1.18012,1.25,1.00
2014.11.03 14:37:32.020,1.17993,1.18008,1.25,1.00
2014.11.03 14:37:32.526,1.17992,1.18007,1.00,1.00
2014.11.03 14:37:33.032,1.17991,1.18006,1.00,3.00
2014.11.03 14:37:34.240,1.17992,1.18006,1.00,1.50
2014.11.03 14:37:34.442,1.17993,1.18011,1.19,2.25
2014.11.03 14:37:34.493,1.17997,1.18011,1.00,2.25
2014.11.03 14:37:35.023,1.17996,1.18011,1.00,1.00
2014.11.03 14:37:35.533,1.17997,1.18011,1.00,1.00
2014.11.03 14:37:35.736,1.17998,1.18014,1.69,1.00
2014.11.03 14:37:36.646,1.17998,1.18015,3.94,1.00
2014.11.03 14:37:36.848,1.18001,1.18015,1.00,1.00
2014.11.03 14:37:37.102,1.18001,1.18017,1.00,2.25
2014.11.03 14:37:37.154,1.18,1.18015,1.50,1.00
2014.11.03 14:37:37.470,1.17999,1.18012,1.25,1.00
2014.11.03 14:37:37.977,1.17998,1.18011,1.50,1.00
2014.11.03 14:37:38.440,1.17996,1.1801,2.25,1.00
2014.11.03 14:37:38.592,1.17995,1.18008,1.00,1.00
2014.11.03 14:37:39.097,1.17994,1.18008,1.00,1.50
2014.11.03 14:37:39.401,1.17994,1.18005,1.00,1.00
2014.11.03 14:37:39.806,1.17993,1.18008,1.00,2.25
2014.11.03 14:37:40.162,1.17994,1.1801,1.50,1.00
2014.11.03 14:37:40.213,1.17996,1.1801,1.00,1.00
2014.11.03 14:37:40.416,1.17994,1.18009,1.50,1.00
2014.11.03 14:37:40.619,1.17994,1.18012,3.00,1.00
2014.11.03 14:37:40.822,1.17994,1.18008,1.50,1.00
2014.11.03 14:37:41.075,1.17994,1.1801,1.50,1.00
2014.11.03 14:37:41.328,1.17997,1.1801,1.00,1.50
2014.11.03 14:37:41.429,1.17994,1.1801,1.50,1.50
2014.11.03 14:37:41.480,1.17995,1.18008,1.00,1.00
2014.11.03 14:37:41.885,1.17994,1.1801,1.50,1.00
2014.11.03 14:37:42.239,1.17994,1.18008,1.50,1.00
2014.11.03 14:37:42.543,1.17994,1.18005,1.50,1.00
2014.11.03 14:37:43.778,1.17995,1.18005,1.00,1.00
2014.11.03 14:37:43.965,1.17996,1.18007,1.00,1.00
2014.11.03 14:37:44.066,1.17994,1.18008,1.00,1.60
2014.11.03 14:37:44.117,1.17992,1.18002,1.00,1.00
2014.11.03 14:37:44.219,1.17987,1.18,1.00,1.00
2014.11.03 14:37:44.372,1.17987,1.17998,1.00,1.35
2014.11.03 14:37:44.677,1.17981,1.17993,1.00,1.00
2014.11.03 14:37:44.780,1.17981,1.17989,1.00,1.00
2014.11.03 14:37:44.982,1.17973,1.17985,2.25,1.00
2014.11.03 14:37:45.236,1.17974,1.17991,1.00,1.19
2014.11.03 14:37:45.287,1.17976,1.17991,1.95,1.19
2014.11.03 14:37:45.542,1.17976,1.17993,2.70,1.50
2014.11.03 14:37:45.746,1.17979,1.17995,1.50,1.00
2014.11.03 14:37:46.052,1.17982,1.17995,1.00,1.00
2014.11.03 14:37:46.153,1.17979,1.17995,1.00,1.00
2014.11.03 14:37:46.255,1.17982,1.17994,1.00,1.00
2014.11.03 14:37:46.863,1.17982,1.17997,2.70,1.00
2014.11.03 14:37:46.964,1.17984,1.18002,2.70,2.10
2014.11.03 14:37:47.066,1.17986,1.17998,1.00,1.00
2014.11.03 14:37:47.290,1.17984,1.17998,1.00,1.00
2014.11.03 14:37:47.392,1.17982,1.17996,2.25,1.00
2014.11.03 14:37:47.898,1.17984,1.17996,1.00,1.00
2014.11.03 14:37:48.100,1.17987,1.18003,2.25,1.50
2014.11.03 14:37:48.303,1.17987,1.18005,2.25,1.00
2014.11.03 14:37:48.354,1.17991,1.18005,1.00,1.00
2014.11.03 14:37:48.658,1.17997,1.18009,1.00,1.00
2014.11.03 14:37:49.082,1.17992,1.18007,2.70,1.00
2014.11.03 14:37:49.184,1.17992,1.18005,1.00,1.25
2014.11.03 14:37:49.695,1.17991,1.18005,1.00,1.25
2014.11.03 14:37:49.797,1.17987,1.18003,2.25,1.00
2014.11.03 14:37:49.898,1.17991,1.18003,1.00,1.00
2014.11.03 14:37:50.050,1.17992,1.18007,1.00,1.69
2014.11.03 14:37:50.101,1.17992,1.18007,1.00,1.00
2014.11.03 14:37:50.254,1.17992,1.18004,1.00,1.00
2014.11.03 14:37:50.707,1.17992,1.18004,1.00,1.37
2014.11.03 14:37:50.758,1.1799,1.18004,1.00,1.37
2014.11.03 14:37:50.859,1.17987,1.18002,1.25,1.00
2014.11.03 14:37:51.012,1.1799,1.18002,1.00,1.00
2014.11.03 14:37:51.114,1.17986,1.17999,1.00,1.00
2014.11.03 14:37:51.266,1.17991,1.18002,1.00,1.00
2014.11.03 14:37:51.368,1.17992,1.18006,1.00,1.19
2014.11.03 14:37:51.469,1.17988,1.18003,2.25,1.00
2014.11.03 14:37:51.572,1.17992,1.18003,1.00,1.00
2014.11.03 14:37:51.623,1.17992,1.18005,1.00,1.50
2014.11.03 14:37:51.674,1.17995,1.18005,1.00,1.00
2014.11.03 14:37:51.725,1.17995,1.18009,1.00,1.00
2014.11.03 14:37:51.878,1.17993,1.1801,1.50,1.69
2014.11.03 14:37:52.030,1.17991,1.18009,1.50,3.04
2014.11.03 14:37:52.132,1.1799,1.18005,1.00,1.00
2014.11.03 14:37:52.436,1.17993,1.18008,1.00,1.00
2014.11.03 14:37:53.018,1.17991,1.18005,1.00,1.00
2014.11.03 14:37:53.524,1.17992,1.18005,1.00,1.00
2014.11.03 14:37:53.778,1.17988,1.18003,2.25,1.00
2014.11.03 14:37:53.879,1.17987,1.17998,1.00,1.00
2014.11.03 14:37:54.356,1.17987,1.18,1.00,1.00
2014.11.03 14:37:55.217,1.17987,1.17998,1.00,1.00
2014.11.03 14:37:55.572,1.17983,1.17997,1.50,2.25
2014.11.03 14:37:55.884,1.17981,1.17997,1.50,1.50
2014.11.03 14:37:56.187,1.17984,1.17999,1.00,1.00
2014.11.03 14:37:56.542,1.17982,1.17998,1.50,1.50
2014.11.03 14:37:57.047,1.17981,1.17997,1.50,1.00
2014.11.03 14:37:57.949,1.1798,1.17997,1.00,1.50
2014.11.03 14:37:58.152,1.17983,1.17997,1.00,1.50
2014.11.03 14:37:58.458,1.17987,1.17998,1.00,1.00
2014.11.03 14:37:58.509,1.17986,1.18,2.70,1.00
2014.11.03 14:37:58.964,1.17984,1.17999,1.50,1.00
2014.11.03 14:37:59.066,1.17987,1.17999,1.00,1.00
2014.11.03 14:37:59.167,1.17983,1.17997,1.50,1.00
2014.11.03 14:37:59.730,1.17987,1.17997,1.00,1.00
2014.11.03 14:38:00.034,1.17987,1.17999,1.50,1.00
2014.11.03 14:38:00.135,1.17987,1.18002,2.25,1.00
2014.11.03 14:38:00.187,1.17987,1.18004,3.00,1.00
2014.11.03 14:38:00.238,1.17987,1.18004,7.09,1.00
2014.11.03 14:38:00.785,1.17988,1.18003,1.50,1.00
2014.11.03 14:38:00.937,1.17986,1.18003,1.50,1.00
2014.11.03 14:38:00.988,1.17988,1.18003,1.00,1.00
2014.11.03 14:38:01.191,1.17989,1.18005,1.50,1.00
2014.11.03 14:38:01.918,1.17989,1.18003,1.00,1.00
2014.11.03 14:38:02.222,1.17989,1.18007,2.10,3.19
2014.11.03 14:38:02.374,1.17989,1.18004,2.10,1.00
2014.11.03 14:38:02.577,1.17986,1.18002,1.00,1.00
2014.11.03 14:38:02.679,1.17986,1.18,1.00,1.00
2014.11.03 14:38:03.186,1.17986,1.17999,1.00,1.00
2014.11.03 14:38:03.661,1.17983,1.18,1.50,1.00
2014.11.03 14:38:03.712,1.17986,1.18,1.00,1.00
2014.11.03 14:38:04.015,1.17991,1.18003,1.00,1.00
2014.11.03 14:38:04.117,1.17991,1.18005,1.00,1.00
2014.11.03 14:38:04.269,1.17991,1.18007,1.25,1.00
2014.11.03 14:38:04.473,1.17992,1.18008,1.19,1.50
2014.11.03 14:38:05.561,1.17993,1.18009,1.50,1.00
2014.11.03 14:38:06.646,1.17996,1.18012,1.50,1.50
2014.11.03 14:38:07.152,1.17997,1.18011,1.00,1.00
2014.11.03 14:38:07.621,1.17999,1.18013,1.00,1.00
2014.11.03 14:38:07.724,1.17996,1.18012,5.89,1.00
2014.11.03 14:38:07.826,1.17995,1.18012,1.00,1.00
2014.11.03 14:38:07.877,1.17995,1.18008,1.00,1.00
2014.11.03 14:38:08.888,1.17995,1.1801,4.39,1.00
2014.11.03 14:38:08.939,1.17998,1.1801,1.95,1.00
2014.11.03 14:38:09.091,1.17998,1.18014,1.95,1.50
2014.11.03 14:38:09.255,1.18,1.18014,1.95,1.00
2014.11.03 14:38:09.763,1.18,1.18013,1.95,1.00
2014.11.03 14:38:10.281,1.17999,1.18012,1.00,1.00
2014.11.03 14:38:11.367,1.17999,1.18013,1.00,1.50
2014.11.03 14:38:11.671,1.17999,1.1801,1.00,1.00
2014.11.03 14:38:11.722,1.17996,1.18009,2.25,1.00
2014.11.03 14:38:12.278,1.17995,1.1801,1.50,1.00
2014.11.03 14:38:12.380,1.17997,1.18011,1.00,1.00
2014.11.03 14:38:12.481,1.17997,1.18013,1.00,1.69
2014.11.03 14:38:12.583,1.17996,1.18011,1.00,1.00
2014.11.03 14:38:12.735,1.17993,1.18011,2.44,2.25
2014.11.03 14:38:12.786,1.17993,1.18009,1.69,1.00
2014.11.03 14:38:13.651,1.17993,1.18009,1.50,1.25
2014.11.03 14:38:14.156,1.17993,1.18008,1.00,1.50
2014.11.03 14:38:15.356,1.17995,1.18008,1.00,1.50
2014.11.03 14:38:15.863,1.17995,1.18009,1.00,1.00
2014.11.03 14:38:16.372,1.17995,1.18008,1.00,1.00
2014.11.03 14:38:16.882,1.17992,1.18007,1.50,1.00
2014.11.03 14:38:17.749,1.17997,1.18007,1.00,1.00
2014.11.03 14:38:18.171,1.17997,1.18009,1.00,1.00
2014.11.03 14:38:18.425,1.17997,1.18012,1.50,1.00
2014.11.03 14:38:19.084,1.17997,1.18011,1.00,1.00
2014.11.03 14:38:19.185,1.17996,1.18009,1.00,1.00
2014.11.03 14:38:19.305,1.17994,1.18009,1.00,1.50
2014.11.03 14:38:19.813,1.17993,1.18008,1.00,1.00
2014.11.03 14:38:20.539,1.17993,1.18009,1.50,1.00
2014.11.03 14:38:20.842,1.17992,1.18007,2.25,1.00
2014.11.03 14:38:21.505,1.17991,1.18006,1.00,1.00
2014.11.03 14:38:22.012,1.17992,1.18006,1.00,1.50
2014.11.03 14:38:22.163,1.17989,1.18005,1.00,1.00
2014.11.03 14:38:22.265,1.17991,1.18005,1.00,1.00
2014.11.03 14:38:22.923,1.17989,1.18005,1.00,1.00
2014.11.03 14:38:23.631,1.17989,1.18004,1.00,1.00
2014.11.03 14:38:23.733,1.17988,1.18002,1.00,1.00
2014.11.03 14:38:23.935,1.17986,1.18002,1.50,1.00
2014.11.03 14:38:24.138,1.17986,1.18,1.50,1.00
2014.11.03 14:38:24.442,1.17991,1.18005,1.00,1.00
2014.11.03 14:38:24.493,1.17991,1.18007,1.00,1.00
2014.11.03 14:38:24.999,1.17991,1.18008,1.00,1.69
2014.11.03 14:38:25.692,1.17992,1.18008,1.00,1.00
2014.11.03 14:38:26.204,1.17992,1.18006,1.00,1.00
2014.11.03 14:38:26.670,1.17989,1.18006,1.69,1.00
2014.11.03 14:38:27.195,1.1799,1.18006,1.00,1.50
2014.11.03 14:38:27.249,1.1799,1.18003,1.00,1.00
2014.11.03 14:38:27.454,1.17987,1.18002,1.50,1.00
2014.11.03 14:38:27.558,1.17987,1.17998,1.00,1.00
2014.11.03 14:38:27.660,1.17982,1.17996,1.50,1.00
2014.11.03 14:38:27.870,1.17982,1.17998,1.50,2.25
2014.11.03 14:38:28.328,1.17983,1.17996,1.00,1.00
2014.11.03 14:38:28.429,1.17983,1.17998,1.00,1.00
2014.11.03 14:38:28.531,1.17983,1.18,1.00,1.50
2014.11.03 14:38:29.010,1.17983,1.17996,1.00,1.00
2014.11.03 14:38:29.322,1.17979,1.17994,4.69,1.00
2014.11.03 14:38:30.091,1.17981,1.17995,1.69,1.00
2014.11.03 14:38:30.610,1.1798,1.17995,1.50,1.00
2014.11.03 14:38:31.125,1.1798,1.17994,1.50,1.00
2014.11.03 14:38:32.338,1.17979,1.17994,2.44,1.00
2014.11.03 14:38:32.641,1.17981,1.17997,1.00,1.69
2014.11.03 14:38:32.996,1.17982,1.17995,1.50,1.00
2014.11.03 14:38:33.418,1.17987,1.17996,1.00,1.00
2014.11.03 14:38:33.621,1.17983,1.17996,1.00,1.00
2014.11.03 14:38:34.147,1.17982,1.17996,2.25,1.00
2014.11.03 14:38:34.654,1.17982,1.17995,1.50,1.00
2014.11.03 14:38:35.224,1.17982,1.17997,1.50,1.50
2014.11.03 14:38:36.073,1.17982,1.17996,1.00,1.00
2014.11.03 14:38:36.174,1.1798,1.17997,3.45,1.50
2014.11.03 14:38:36.278,1.17982,1.17997,1.00,1.50
2014.11.03 14:38:36.581,1.17981,1.17994,1.00,1.00
2014.11.03 14:38:36.986,1.1798,1.17992,1.00,1.00
2014.11.03 14:38:37.291,1.17977,1.17988,1.19,1.00
2014.11.03 14:38:37.544,1.17972,1.17983,2.25,1.00
2014.11.03 14:38:37.797,1.1797,1.17983,1.00,1.00
2014.11.03 14:38:37.849,1.1797,1.17981,1.00,1.00
2014.11.03 14:38:38.383,1.17969,1.17981,1.00,1.00
2014.11.03 14:38:38.487,1.17969,1.17983,1.00,1.00
2014.11.03 14:38:38.741,1.17972,1.17985,1.95,1.00
2014.11.03 14:38:39.046,1.17974,1.17988,1.00,1.00
2014.11.03 14:38:39.148,1.17971,1.17983,1.87,1.00
2014.11.03 14:38:39.402,1.17967,1.17983,1.19,1.50
2014.11.03 14:38:39.706,1.17967,1.17981,1.19,1.00
2014.11.03 14:38:39.807,1.17966,1.17983,1.69,1.50
2014.11.03 14:38:40.485,1.17967,1.17983,1.25,1.50
2014.11.03 14:38:40.993,1.17968,1.17984,2.70,1.00
2014.11.03 14:38:41.149,1.17971,1.17985,1.95,1.00
2014.11.03 14:38:41.353,1.17973,1.17988,1.00,1.50
2014.11.03 14:38:42.136,1.17973,1.17989,2.70,1.00
2014.11.03 14:38:42.237,1.17977,1.17989,1.00,1.50
2014.11.03 14:38:42.339,1.17973,1.17989,2.70,2.25
2014.11.03 14:38:42.592,1.17973,1.17986,1.00,1.00
2014.11.03 14:38:42.896,1.17971,1.17984,2.70,1.00
2014.11.03 14:38:43.262,1.17971,1.17986,1.95,1.50
2014.11.03 14:38:44.245,1.1797,1.17985,3.45,1.00
2014.11.03 14:38:44.781,1.1797,1.17986,1.50,1.50
2014.11.03 14:38:45.322,1.1797,1.17985,1.00,1.00
2014.11.03 14:38:45.828,1.1797,1.17986,1.00,1.00
2014.11.03 14:38:46.333,1.1797,1.17985,1.00,1.00
2014.11.03 14:38:47.945,1.1797,1.17987,1.00,1.00
2014.11.03 14:38:48.480,1.1797,1.17985,1.00,1.00
2014.11.03 14:38:48.991,1.17968,1.17985,5.14,1.00
2014.11.03 14:38:49.694,1.17971,1.17986,1.00,1.00
2014.11.03 14:38:49.897,1.17972,1.1799,1.00,3.19
2014.11.03 14:38:49.999,1.17971,1.17988,2.89,1.00
2014.11.03 14:38:50.252,1.17973,1.17992,2.44,3.00
2014.11.03 14:38:50.759,1.17973,1.17992,2.25,2.10
2014.11.03 14:38:51.264,1.17973,1.1799,1.00,3.00
2014.11.03 14:38:51.315,1.17973,1.17988,1.00,1.00
2014.11.03 14:38:51.569,1.17974,1.1799,1.00,1.00
2014.11.03 14:38:52.328,1.17975,1.1799,1.00,1.50
2014.11.03 14:38:52.889,1.17976,1.1799,1.00,1.50
2014.11.03 14:38:53.293,1.17979,1.17991,1.00,1.00
2014.11.03 14:38:53.618,1.17982,1.17994,1.00,1.00
2014.11.03 14:38:54.390,1.17984,1.17994,1.00,1.00
2014.11.03 14:38:54.542,1.17982,1.17994,1.00,1.00
2014.11.03 14:38:54.643,1.17982,1.17997,1.00,1.00
2014.11.03 14:38:55.160,1.17982,1.17998,1.00,1.69
2014.11.03 14:38:55.850,1.17982,1.17998,1.00,1.69
2014.11.03 14:38:57.076,1.17981,1.17996,1.00,1.00
2014.11.03 14:38:57.621,1.17981,1.17995,1.50,1.00
2014.11.03 14:38:58.146,1.17981,1.17994,3.00,1.00
2014.11.03 14:38:58.197,1.17986,1.17994,1.00,1.00
2014.11.03 14:38:58.551,1.17982,1.17998,1.00,1.50
2014.11.03 14:38:58.602,1.17984,1.17998,1.00,1.50
2014.11.03 14:38:58.906,1.17992,1.17998,1.00,1.00
2014.11.03 14:38:58.956,1.17986,1.17998,1.00,1.00
2014.11.03 14:38:59.210,1.17987,1.18001,1.00,1.00
2014.11.03 14:38:59.729,1.17987,1.18002,1.50,1.00
2014.11.03 14:39:00.042,1.17987,1.18004,1.50,1.00
2014.11.03 14:39:01.128,1.17987,1.18002,1.50,1.00
2014.11.03 14:39:01.454,1.17992,1.18003,1.00,1.00
2014.11.03 14:39:01.707,1.17987,1.18003,1.00,1.50
2014.11.03 14:39:01.961,1.17992,1.18003,1.00,1.50
2014.11.03 14:39:02.293,1.17987,1.18002,1.50,1.00
2014.11.03 14:39:02.395,1.17992,1.18001,1.00,1.00
2014.11.03 14:39:02.497,1.17986,1.17999,2.25,1.00
2014.11.03 14:39:02.549,1.17986,1.18001,2.25,1.00
2014.11.03 14:39:02.904,1.17991,1.17999,1.00,1.00
2014.11.03 14:39:03.578,1.17986,1.17999,1.00,1.00
2014.11.03 14:39:04.085,1.17987,1.17998,1.00,1.00
2014.11.03 14:39:05.184,1.17987,1.17999,1.00,1.00
2014.11.03 14:39:06.419,1.17986,1.17999,1.00,1.00
2014.11.03 14:39:07.703,1.17986,1.17996,1.00,1.00
2014.11.03 14:39:08.058,1.17987,1.17998,1.00,1.00
2014.11.03 14:39:08.413,1.17982,1.17996,1.50,1.00
2014.11.03 14:39:08.666,1.17986,1.17999,1.00,1.00
2014.11.03 14:39:09.173,1.17986,1.18,1.00,1.00
2014.11.03 14:39:09.964,1.17984,1.18,1.35,1.00
2014.11.03 14:39:10.422,1.17987,1.18,1.00,1.00
2014.11.03 14:39:10.833,1.17984,1.18,1.35,1.00
2014.11.03 14:39:11.394,1.17986,1.18,1.00,1.00
2014.11.03 14:39:11.571,1.17986,1.18002,1.00,1.00
2014.11.03 14:39:11.824,1.17992,1.18002,1.00,1.00
2014.11.03 14:39:11.926,1.17992,1.18004,1.00,1.50
2014.11.03 14:39:12.483,1.17992,1.18005,1.00,1.00
2014.11.03 14:39:12.585,1.17992,1.18007,2.25,1.25
2014.11.03 14:39:12.686,1.17992,1.1801,2.25,3.00
2014.11.03 14:39:12.921,1.17997,1.1801,1.00,3.00
2014.11.03 14:39:13.275,1.17994,1.1801,1.00,1.00
2014.11.03 14:39:13.589,1.17996,1.18011,1.00,1.00
2014.11.03 14:39:13.893,1.17996,1.18007,1.00,1.00
2014.11.03 14:39:13.944,1.17992,1.18006,2.25,1.00
2014.11.03 14:39:14.147,1.17992,1.18004,1.00,1.00
2014.11.03 14:39:14.654,1.17991,1.18005,1.00,1.50
2014.11.03 14:39:16.344,1.17992,1.18005,1.00,1.00
2014.11.03 14:39:16.446,1.17992,1.18007,1.00,1.00
2014.11.03 14:39:16.651,1.17997,1.18008,1.00,1.00
2014.11.03 14:39:16.958,1.17996,1.18011,1.19,1.00
2014.11.03 14:39:17.009,1.18002,1.18011,1.00,1.00
2014.11.03 14:39:17.686,1.17998,1.18011,1.00,1.00
2014.11.03 14:39:17.838,1.17998,1.18013,1.00,1.00
2014.11.03 14:39:17.941,1.17998,1.18011,1.00,1.00
2014.11.03 14:39:18.095,1.17996,1.18011,1.69,1.00
2014.11.03 14:39:18.612,1.17996,1.18012,1.50,1.00
2014.11.03 14:39:19.603,1.17997,1.18012,1.00,1.00
2014.11.03 14:39:20.128,1.17996,1.18012,2.25,1.00
2014.11.03 14:39:20.771,1.17997,1.18012,1.00,1.00
2014.11.03 14:39:21.076,1.18001,1.18012,1.00,1.00
2014.11.03 14:39:22.611,1.17999,1.18012,1.50,1.00
2014.11.03 14:39:23.117,1.17998,1.18012,1.00,1.00
2014.11.03 14:39:23.487,1.18001,1.18012,1.00,1.00
2014.11.03 14:39:24.502,1.18002,1.18012,1.00,1.00
2014.11.03 14:39:24.806,1.17997,1.18011,1.00,1.00
2014.11.03 14:39:25.312,1.17997,1.1801,1.00,1.00
2014.11.03 14:39:26.517,1.17997,1.18008,1.00,1.50
2014.11.03 14:39:26.568,1.17993,1.18008,1.00,1.50
2014.11.03 14:39:26.669,1.17995,1.18007,1.50,1.00
2014.11.03 14:39:26.771,1.17993,1.18007,1.00,1.00
2014.11.03 14:39:26.923,1.17996,1.18006,1.00,1.00
2014.11.03 14:39:27.655,1.17993,1.18007,2.25,1.00
2014.11.03 14:39:27.908,1.17997,1.18006,1.00,1.00
2014.11.03 14:39:28.437,1.17997,1.18007,1.00,1.00
2014.11.03 14:39:29.006,1.17992,1.18007,1.50,1.00
2014.11.03 14:39:29.158,1.17992,1.18004,1.50,1.00
2014.11.03 14:39:29.462,1.17992,1.18002,1.00,1.00
2014.11.03 14:39:29.968,1.17992,1.18003,1.00,1.00
2014.11.03 14:39:30.271,1.17992,1.18006,1.00,1.00
2014.11.03 14:39:30.777,1.17993,1.18006,1.50,1.00
2014.11.03 14:39:31.284,1.1799,1.18005,1.00,1.00
2014.11.03 14:39:31.978,1.17991,1.18005,1.00,1.00
2014.11.03 14:39:34.483,1.17992,1.18005,1.00,1.00
2014.11.03 14:39:35.063,1.17991,1.18005,1.00,1.00
2014.11.03 14:39:36.799,1.17991,1.18005,1.00,1.19
2014.11.03 14:39:37.458,1.17987,1.18005,2.25,2.44
2014.11.03 14:39:37.685,1.17992,1.18005,1.00,2.44
2014.11.03 14:39:38.775,1.17992,1.18005,1.00,1.50
2014.11.03 14:39:40.115,1.17991,1.18005,1.00,1.25
2014.11.03 14:39:40.318,1.17992,1.18007,1.50,1.50
2014.11.03 14:39:40.707,1.17992,1.18003,1.00,1.00
2014.11.03 14:39:41.062,1.17991,1.18005,1.00,1.50
2014.11.03 14:39:41.474,1.17992,1.18007,1.00,1.00
2014.11.03 14:39:41.980,1.17991,1.18008,2.25,1.00
2014.11.03 14:39:42.504,1.17997,1.1801,1.00,1.50
2014.11.03 14:39:44.039,1.17996,1.1801,1.00,1.69
2014.11.03 14:39:44.292,1.17993,1.1801,1.50,1.25
2014.11.03 14:39:44.877,1.17993,1.18008,1.00,1.00
2014.11.03 14:39:45.330,1.17993,1.1801,1.00,1.69
2014.11.03 14:39:45.482,1.17997,1.1801,1.00,1.69
2014.11.03 14:39:45.737,1.17993,1.1801,2.25,1.25
2014.11.03 14:39:45.846,1.17997,1.1801,1.00,1.00
2014.11.03 14:39:45.947,1.17993,1.1801,1.00,1.00
2014.11.03 14:39:46.457,1.17993,1.18009,1.00,2.25
2014.11.03 14:39:46.508,1.17993,1.18007,1.00,1.00
2014.11.03 14:39:46.609,1.17992,1.18009,1.50,3.19
2014.11.03 14:39:46.660,1.17991,1.18007,3.00,1.00
2014.11.03 14:39:47.165,1.17991,1.18006,1.00,1.50
2014.11.03 14:39:48.899,1.17989,1.18004,1.50,1.00
2014.11.03 14:39:49.642,1.17989,1.18006,1.50,1.25
2014.11.03 14:39:49.745,1.1799,1.18003,1.95,1.00
2014.11.03 14:39:49.847,1.17991,1.18006,1.00,2.44
2014.11.03 14:39:49.897,1.17988,1.18003,1.00,1.00
2014.11.03 14:39:50.202,1.17991,1.18003,1.00,1.00
2014.11.03 14:39:50.404,1.17991,1.18005,1.00,1.00
2014.11.03 14:39:50.556,1.17989,1.18005,1.00,1.00
2014.11.03 14:39:51.074,1.17987,1.18004,1.69,1.00
2014.11.03 14:39:51.705,1.17989,1.18004,1.00,1.00
2014.11.03 14:39:53.070,1.17989,1.18004,1.37,1.00
2014.11.03 14:39:53.374,1.1799,1.18006,1.72,1.00
2014.11.03 14:39:53.909,1.17992,1.18007,1.37,1.00
2014.11.03 14:39:54.660,1.17992,1.18007,1.37,1.00
2014.11.03 14:39:55.066,1.17991,1.18007,1.12,1.37
2014.11.03 14:39:55.270,1.1799,1.18005,2.10,1.37
2014.11.03 14:39:55.371,1.1799,1.18005,1.00,1.12
2014.11.03 14:39:55.473,1.1799,1.18003,1.00,1.00
2014.11.03 14:39:55.980,1.17989,1.18004,1.00,1.00
2014.11.03 14:39:56.472,1.17989,1.18001,1.00,1.00
2014.11.03 14:39:58.526,1.17989,1.18003,1.00,1.00
2014.11.03 14:39:58.628,1.17992,1.18003,1.00,1.00
2014.11.03 14:39:58.730,1.17989,1.18003,1.00,1.00
2014.11.03 14:39:59.702,1.17989,1.18005,1.00,1.87
2014.11.03 14:39:59.803,1.17991,1.18005,1.37,2.25
2014.11.03 14:40:00.111,1.17993,1.18009,1.72,1.50
2014.11.03 14:40:00.213,1.17995,1.18008,1.31,1.00
2014.11.03 14:40:00.315,1.17995,1.18011,1.56,1.37
2014.11.03 14:40:00.845,1.17995,1.18005,1.00,1.00
2014.11.03 14:40:00.896,1.17993,1.18005,2.10,1.00
2014.11.03 14:40:01.200,1.17993,1.18008,1.60,1.00
2014.11.03 14:40:01.456,1.17997,1.18009,1.00,1.00
2014.11.03 14:40:01.710,1.17994,1.18007,1.35,1.00
2014.11.03 14:40:02.014,1.17997,1.18008,1.37,1.00
2014.11.03 14:40:02.065,1.17997,1.18012,1.37,1.00
2014.11.03 14:40:02.268,1.17997,1.18014,1.37,1.50
2014.11.03 14:40:02.826,1.17997,1.18014,3.00,1.00
2014.11.03 14:40:03.073,1.18002,1.18016,1.12,1.87
2014.11.03 14:40:03.581,1.18,1.18016,1.87,1.00
2014.11.03 14:40:04.138,1.18002,1.18016,1.37,1.00
2014.11.03 14:40:04.350,1.18002,1.18016,1.12,1.00
2014.11.03 14:40:04.858,1.18002,1.18016,1.37,1.00
2014.11.03 14:40:05.011,1.18001,1.18016,1.87,1.00
2014.11.03 14:40:05.536,1.18001,1.18016,1.37,1.00
2014.11.03 14:40:05.587,1.18001,1.18014,1.37,1.00
2014.11.03 14:40:06.317,1.18001,1.18014,1.12,1.00
2014.11.03 14:40:06.877,1.18001,1.18013,1.00,1.00
2014.11.03 14:40:07.385,1.17997,1.18013,3.22,1.00
2014.11.03 14:40:07.638,1.17997,1.18013,1.12,1.87
2014.11.03 14:40:07.740,1.17997,1.18013,1.12,1.87
2014.11.03 14:40:07.791,1.17997,1.18009,1.12,1.00
2014.11.03 14:40:08.094,1.18002,1.18013,1.00,1.00
2014.11.03 14:40:08.867,1.18002,1.18014,1.12,1.00
2014.11.03 14:40:09.374,1.18002,1.18015,1.12,1.00
2014.11.03 14:40:09.852,1.18003,1.18015,1.67,1.00
2014.11.03 14:40:10.157,1.18007,1.18022,1.37,3.37
2014.11.03 14:40:10.663,1.18006,1.18021,1.37,1.00
2014.11.03 14:40:11.197,1.18006,1.18021,1.37,1.00
2014.11.03 14:40:12.064,1.18006,1.18021,1.37,1.00
2014.11.03 14:40:12.165,1.18006,1.18021,1.37,1.50
2014.11.03 14:40:12.317,1.18005,1.18019,1.37,1.00
2014.11.03 14:40:14.485,1.18004,1.1802,4.27,1.00
2014.11.03 14:40:14.789,1.18008,1.18022,5.40,1.00
2014.11.03 14:40:15.043,1.18012,1.18025,2.32,1.00
2014.11.03 14:40:15.346,1.18012,1.18026,2.32,1.00
2014.11.03 14:40:16.125,1.1801,1.18024,1.37,1.00
2014.11.03 14:40:16.637,1.1801,1.18023,1.37,1.00
2014.11.03 14:40:17.150,1.1801,1.18024,1.37,1.00
2014.11.03 14:40:17.662,1.1801,1.18025,1.37,1.00
2014.11.03 14:40:17.850,1.1801,1.18025,1.37,1.00
2014.11.03 14:40:19.167,1.1801,1.18025,1.37,1.00
2014.11.03 14:40:19.794,1.18009,1.18025,1.87,1.12
2014.11.03 14:40:19.955,1.18007,1.18022,2.62,1.37
2014.11.03 14:40:20.300,1.18005,1.18019,1.37,1.00
2014.11.03 14:40:20.660,1.18007,1.1802,1.87,1.00
2014.11.03 14:40:20.761,1.18007,1.18022,4.76,1.00
2014.11.03 14:40:21.217,1.18009,1.1802,1.00,1.00
2014.11.03 14:40:21.369,1.18006,1.1802,1.69,1.00
2014.11.03 14:40:22.208,1.18006,1.1802,1.37,1.00
2014.11.03 14:40:23.381,1.18005,1.18019,1.37,1.00
2014.11.03 14:40:24.184,1.18005,1.18019,1.37,1.00
2014.11.03 14:40:24.727,1.18004,1.18021,1.37,1.87
2014.11.03 14:40:24.778,1.18006,1.18021,1.87,1.00
2014.11.03 14:40:25.298,1.18007,1.18022,1.37,1.00
2014.11.03 14:40:25.602,1.18007,1.18025,2.44,1.50
2014.11.03 14:40:25.879,1.18009,1.18025,2.62,1.00
2014.11.03 14:40:26.625,1.18009,1.18025,2.62,1.00
2014.11.03 14:40:27.880,1.18011,1.18025,1.37,1.00
2014.11.03 14:40:28.227,1.18014,1.18027,1.37,1.00
2014.11.03 14:40:28.278,1.18014,1.18029,1.37,1.25
2014.11.03 14:40:28.430,1.18014,1.18029,1.12,1.62
2014.11.03 14:40:28.952,1.18014,1.18027,1.12,1.00
2014.11.03 14:40:29.465,1.18014,1.18027,1.37,1.00
2014.11.03 14:40:30.380,1.18017,1.18027,1.00,1.00
2014.11.03 14:40:30.539,1.18014,1.18027,1.00,1.00
2014.11.03 14:40:31.501,1.18017,1.18027,1.00,1.00
2014.11.03 14:40:31.856,1.18016,1.18033,5.14,1.00
2014.11.03 14:40:32.008,1.18018,1.18033,1.00,1.00
2014.11.03 14:40:32.211,1.18018,1.18035,1.95,1.00
2014.11.03 14:40:32.364,1.18022,1.18035,1.00,1.00
2014.11.03 14:40:32.800,1.18018,1.18035,1.95,1.00
2014.11.03 14:40:33.211,1.18018,1.18035,2.32,1.12
2014.11.03 14:40:34.025,1.18021,1.18035,1.37,1.00
2014.11.03 14:40:34.430,1.1802,1.18035,1.87,1.00
2014.11.03 14:40:34.633,1.18019,1.18033,1.37,1.00
2014.11.03 14:40:34.836,1.18022,1.18035,1.12,1.00
2014.11.03 14:40:35.139,1.18022,1.18035,1.37,1.00
2014.11.03 14:40:35.241,1.18022,1.18035,1.37,1.00
2014.11.03 14:40:35.758,1.18021,1.18036,1.37,1.00
2014.11.03 14:40:35.809,1.18021,1.18031,1.37,1.00
2014.11.03 14:40:35.925,1.18021,1.18033,1.37,1.00
2014.11.03 14:40:36.458,1.18021,1.18033,1.50,1.00
2014.11.03 14:40:36.611,1.18021,1.1803,1.87,1.00
2014.11.03 14:40:36.713,1.18021,1.18032,1.87,1.00
2014.11.03 14:40:37.016,1.18021,1.18032,1.87,1.00
2014.11.03 14:40:37.270,1.18023,1.18034,1.37,1.00
2014.11.03 14:40:37.445,1.18023,1.18034,1.37,1.00
2014.11.03 14:40:38.042,1.18023,1.18034,1.12,1.00
2014.11.03 14:40:38.118,1.18023,1.18034,1.37,1.00
2014.11.03 14:40:38.422,1.18023,1.18034,1.50,1.00
2014.11.03 14:40:38.524,1.18023,1.18034,1.37,1.00
2014.11.03 14:40:38.829,1.18027,1.18036,1.37,1.00
2014.11.03 14:40:38.931,1.18027,1.18039,1.37,1.00
2014.11.03 14:40:39.134,1.18025,1.18036,1.37,1.00
2014.11.03 14:40:39.539,1.18028,1.18036,1.37,1.00
2014.11.03 14:40:41.084,1.18028,1.18036,1.12,1.00
2014.11.03 14:40:41.338,1.18026,1.18041,1.56,1.00
2014.11.03 14:40:41.439,1.18026,1.18041,1.00,1.00
2014.11.03 14:40:41.542,1.18024,1.18036,3.56,1.00
2014.11.03 14:40:42.210,1.18024,1.18035,1.37,1.00
2014.11.03 14:40:42.620,1.18023,1.18036,1.12,1.00
2014.11.03 14:40:43.141,1.18027,1.18035,1.00,1.00
2014.11.03 14:40:43.690,1.18027,1.18034,1.00,1.00
2014.11.03 14:40:43.916,1.18022,1.18034,1.91,1.00
2014.11.03 14:40:44.251,1.18026,1.18034,1.00,1.00
2014.11.03 14:40:44.898,1.18022,1.18034,1.91,1.00
2014.11.03 14:40:45.631,1.18022,1.18037,1.31,1.00
2014.11.03 14:40:45.935,1.18022,1.18035,1.31,1.00
2014.11.03 14:40:46.289,1.18022,1.18032,1.00,1.00
2014.11.03 14:40:46.491,1.1802,1.18032,1.50,1.00
2014.11.03 14:40:47.065,1.18019,1.18032,1.87,1.00
2014.11.03 14:40:48.501,1.18019,1.18032,1.50,1.00
2014.11.03 14:40:48.604,1.18018,1.18031,1.87,1.00
2014.11.03 14:40:48.705,1.18021,1.18035,1.37,1.50
2014.11.03 14:40:48.807,1.18021,1.18036,1.25,1.00
2014.11.03 14:40:48.908,1.18023,1.18036,1.00,1.00
2014.11.03 14:40:49.060,1.1802,1.18034,1.00,1.00
2014.11.03 14:40:49.263,1.18019,1.18031,1.00,1.00
2014.11.03 14:40:49.366,1.1802,1.18033,2.10,1.00
2014.11.03 14:40:49.822,1.1802,1.1803,2.25,1.00
2014.11.03 14:40:49.977,1.18017,1.18028,2.32,1.00
2014.11.03 14:40:50.337,1.18018,1.18031,1.00,1.00
2014.11.03 14:40:50.490,1.18018,1.18029,1.00,1.00
2014.11.03 14:40:50.896,1.18016,1.18031,1.37,1.00
2014.11.03 14:40:51.098,1.18015,1.18027,4.95,1.00
2014.11.03 14:40:51.352,1.18015,1.18029,1.00,1.00
2014.11.03 14:40:51.656,1.18015,1.18027,1.00,1.00
2014.11.03 14:40:52.163,1.18014,1.18026,1.00,1.00
2014.11.03 14:40:52.770,1.18013,1.18025,1.00,1.37
2014.11.03 14:40:52.872,1.1801,1.18023,1.00,1.37
2014.11.03 14:40:52.973,1.18008,1.18021,1.00,1.12
2014.11.03 14:40:53.024,1.18006,1.18021,1.87,1.12
2014.11.03 14:40:53.278,1.18007,1.18022,1.87,1.00
2014.11.03 14:40:53.786,1.18007,1.18022,3.45,1.00
2014.11.03 14:40:54.525,1.18007,1.18021,2.32,1.12
2014.11.03 14:40:54.836,1.18007,1.18019,1.87,1.00
2014.11.03 14:40:55.091,1.18006,1.18019,3.75,1.00
2014.11.03 14:40:55.748,1.18007,1.18019,1.00,1.00
2014.11.03 14:40:55.799,1.18007,1.18019,1.37,1.00
2014.11.03 14:40:56.052,1.18011,1.18023,1.37,1.00
2014.11.03 14:40:56.699,1.18011,1.18023,1.12,1.00
2014.11.03 14:40:57.003,1.18007,1.18023,1.00,2.10
2014.11.03 14:40:57.054,1.18007,1.1802,1.00,1.00
2014.11.03 14:40:57.156,1.18003,1.18018,1.00,1.00
2014.11.03 14:40:57.308,1.17998,1.18014,3.19,1.00
2014.11.03 14:40:57.511,1.18001,1.18014,1.00,1.00
2014.11.03 14:40:58.040,1.18002,1.18014,1.00,1.00
2014.11.03 14:40:58.294,1.18004,1.18018,1.00,1.00
2014.11.03 14:40:58.504,1.18002,1.18018,1.50,1.00
2014.11.03 14:40:58.606,1.18001,1.18013,1.00,1.00
2014.11.03 14:40:58.974,1.18001,1.18013,1.37,1.00
2014.11.03 14:40:59.228,1.18,1.18013,1.37,1.00
2014.11.03 14:40:59.330,1.18,1.18013,1.37,1.00
2014.11.03 14:40:59.633,1.18,1.18013,1.37,1.00
2014.11.03 14:40:59.938,1.18,1.18013,1.00,1.00
2014.11.03 14:41:00.039,1.18002,1.18013,1.00,1.00
2014.11.03 14:41:00.468,1.18003,1.18019,1.95,1.00
2014.11.03 14:41:00.520,1.18005,1.18019,1.00,1.00
2014.11.03 14:41:01.049,1.18003,1.18017,4.57,1.00
2014.11.03 14:41:01.353,1.18003,1.18015,1.37,1.00
2014.11.03 14:41:01.993,1.18003,1.18017,1.37,1.00
2014.11.03 14:41:02.854,1.18003,1.18017,1.12,1.00
2014.11.03 14:41:02.955,1.18003,1.18017,1.00,1.37
2014.11.03 14:41:03.260,1.17994,1.1801,2.44,1.00
2014.11.03 14:41:03.413,1.17997,1.18009,1.95,1.00
2014.11.03 14:41:03.464,1.17997,1.18011,1.95,1.00
2014.11.03 14:41:03.566,1.17997,1.18013,1.95,1.69
2014.11.03 14:41:03.667,1.17997,1.1801,1.95,1.00
2014.11.03 14:41:03.718,1.17995,1.1801,1.50,1.00
2014.11.03 14:41:03.971,1.17992,1.18009,6.15,1.50
2014.11.03 14:41:04.894,1.17992,1.18009,1.00,1.87
2014.11.03 14:41:05.402,1.17992,1.18008,1.00,2.62
2014.11.03 14:41:05.903,1.17992,1.18008,1.00,1.37
2014.11.03 14:41:06.424,1.17992,1.18008,1.50,1.37
2014.11.03 14:41:06.978,1.17991,1.18008,1.87,1.37
2014.11.03 14:41:07.081,1.17991,1.18009,5.47,1.12
2014.11.03 14:41:07.182,1.17993,1.18009,2.06,1.50
2014.11.03 14:41:07.385,1.17994,1.18013,1.62,1.87
2014.11.03 14:41:07.486,1.17995,1.18013,1.00,1.50
2014.11.03 14:41:07.850,1.17997,1.18013,1.00,1.50
2014.11.03 14:41:08.182,1.17996,1.18008,1.87,1.00
2014.11.03 14:41:08.707,1.17995,1.18008,2.06,1.00
2014.11.03 14:41:09.417,1.17997,1.18008,1.00,1.00
2014.11.03 14:41:09.621,1.17993,1.18005,1.31,1.00
2014.11.03 14:41:09.672,1.17996,1.18005,1.50,1.00
2014.11.03 14:41:09.773,1.17991,1.18007,2.25,1.37
2014.11.03 14:41:09.976,1.17991,1.18005,1.50,1.37
2014.11.03 14:41:10.280,1.17987,1.18003,3.97,1.37
2014.11.03 14:41:11.029,1.17988,1.18,1.50,1.00
2014.11.03 14:41:11.536,1.17987,1.18,2.85,1.12
2014.11.03 14:41:12.042,1.17986,1.18,1.25,3.07
2014.11.03 14:41:12.144,1.17983,1.18,4.87,3.07
2014.11.03 14:41:12.397,1.17983,1.18,4.50,3.07
2014.11.03 14:41:12.626,1.17983,1.18,3.75,3.07
2014.11.03 14:41:12.728,1.17984,1.18,1.50,3.07
2014.11.03 14:41:12.831,1.17984,1.18,1.50,2.32
2014.11.03 14:41:13.115,1.17984,1.18001,1.50,3.45
2014.11.03 14:41:13.217,1.17984,1.18001,1.50,3.07
2014.11.03 14:41:13.587,1.17987,1.18,1.00,1.37
2014.11.03 14:41:13.689,1.17984,1.18,1.87,1.37
2014.11.03 14:41:14.210,1.17983,1.17999,3.75,1.37
2014.11.03 14:41:14.491,1.17983,1.17999,2.25,1.50
2014.11.03 14:41:14.795,1.17981,1.17996,1.00,1.37
2014.11.03 14:41:15.213,1.17981,1.17994,1.00,4.65
2014.11.03 14:41:15.265,1.17978,1.17994,1.00,4.65
2014.11.03 14:41:15.317,1.17977,1.17991,1.00,1.00
2014.11.03 14:41:15.419,1.17977,1.17993,1.00,2.06
2014.11.03 14:41:15.471,1.17974,1.17993,2.25,2.06
2014.11.03 14:41:15.674,1.17977,1.17992,1.00,1.00
2014.11.03 14:41:16.183,1.17976,1.17992,1.00,1.00
2014.11.03 14:41:16.803,1.17976,1.17992,1.37,1.00
2014.11.03 14:41:17.310,1.17976,1.17993,1.87,1.12
2014.11.03 14:41:17.615,1.17976,1.17993,1.87,1.37
2014.11.03 14:41:18.124,1.17977,1.17994,1.87,1.87
2014.11.03 14:41:18.658,1.17976,1.17995,5.06,3.82
2014.11.03 14:41:19.263,1.17977,1.17995,2.62,3.82
2014.11.03 14:41:20.248,1.17977,1.17995,1.25,3.82
2014.11.03 14:41:20.299,1.17981,1.17995,1.00,3.82
2014.11.03 14:41:20.709,1.17981,1.17995,1.00,4.20
2014.11.03 14:41:20.863,1.17977,1.17995,1.00,4.95
2014.11.03 14:41:21.439,1.17977,1.17992,1.00,1.37
2014.11.03 14:41:21.643,1.17976,1.17992,1.50,1.37
2014.11.03 14:41:22.181,1.17977,1.17992,1.00,1.37
2014.11.03 14:41:22.732,1.17977,1.17992,1.00,1.50
2014.11.03 14:41:23.267,1.17982,1.17992,1.00,2.25
2014.11.03 14:41:23.470,1.17977,1.17992,1.00,2.25
2014.11.03 14:41:23.672,1.17977,1.17992,1.00,1.87
2014.11.03 14:41:24.129,1.17977,1.17992,1.00,2.25
2014.11.03 14:41:24.483,1.17974,1.1799,1.50,1.87
2014.11.03 14:41:24.534,1.17974,1.1799,1.50,4.20
2014.11.03 14:41:24.789,1.17972,1.17988,1.00,4.27
2014.11.03 14:41:24.841,1.17971,1.17987,3.75,1.12
2014.11.03 14:41:24.993,1.17971,1.17985,1.00,1.00
2014.11.03 14:41:25.298,1.17969,1.17983,2.25,1.00
2014.11.03 14:41:25.619,1.17971,1.17985,1.00,1.25
2014.11.03 14:41:26.131,1.17972,1.17985,2.25,1.00
2014.11.03 14:41:26.666,1.17972,1.17985,2.25,1.37
2014.11.03 14:41:27.172,1.17973,1.17985,1.50,1.12
2014.11.03 14:41:27.855,1.17972,1.17986,2.25,1.37
2014.11.03 14:41:28.160,1.17971,1.17986,2.25,1.37
2014.11.03 14:41:29.070,1.17973,1.17984,1.50,1.37
2014.11.03 14:41:29.222,1.17966,1.17978,1.50,1.00
2014.11.03 14:41:29.454,1.17966,1.1798,1.00,1.00
2014.11.03 14:41:29.506,1.17966,1.17982,1.50,1.50
2014.11.03 14:41:29.557,1.17966,1.17979,1.50,1.00
2014.11.03 14:41:29.658,1.17964,1.1798,1.00,1.50
2014.11.03 14:41:29.710,1.17964,1.17978,1.00,1.00
2014.11.03 14:41:30.067,1.17966,1.17981,2.10,1.00
2014.11.03 14:41:30.372,1.17966,1.17976,2.10,1.00
2014.11.03 14:41:31.511,1.17966,1.17977,2.10,1.00
2014.11.03 14:41:32.035,1.17966,1.17979,2.10,1.37
2014.11.03 14:41:32.674,1.17966,1.17979,2.10,1.12
2014.11.03 14:41:33.787,1.17966,1.17979,2.10,1.37
2014.11.03 14:41:34.450,1.17966,1.17979,2.10,1.37
2014.11.03 14:41:34.993,1.17966,1.17977,2.10,1.37
2014.11.03 14:41:35.044,1.17962,1.17977,1.00,1.37
2014.11.03 14:41:35.398,1.17962,1.17978,1.60,1.37
2014.11.03 14:41:35.449,1.17965,1.17979,1.50,1.37
2014.11.03 14:41:35.753,1.17962,1.17978,2.85,1.37
2014.11.03 14:41:36.278,1.17962,1.17977,2.25,1.00
2014.11.03 14:41:36.799,1.17962,1.17977,1.00,1.37
2014.11.03 14:41:37.102,1.17962,1.17977,2.25,1.37
2014.11.03 14:41:37.616,1.17961,1.17975,1.00,1.37
2014.11.03 14:41:37.768,1.17962,1.17978,3.04,1.87
2014.11.03 14:41:37.819,1.17965,1.17978,1.00,1.87
2014.11.03 14:41:38.124,1.17963,1.17979,1.69,2.25
2014.11.03 14:41:38.479,1.17963,1.17978,1.69,1.12
2014.11.03 14:41:38.531,1.17962,1.17977,1.00,2.29
2014.11.03 14:41:38.857,1.17961,1.17978,1.69,2.06
2014.11.03 14:41:39.076,1.17961,1.17978,2.44,2.44
2014.11.03 14:41:39.807,1.17962,1.17978,1.50,2.44
2014.11.03 14:41:40.131,1.17961,1.17978,2.25,1.87
2014.11.03 14:41:40.299,1.17961,1.17979,3.00,2.06
2014.11.03 14:41:40.401,1.17963,1.17979,2.25,1.37
2014.11.03 14:41:40.717,1.17961,1.17978,1.00,3.19
2014.11.03 14:41:41.242,1.17961,1.17977,1.87,1.87
2014.11.03 14:41:42.003,1.17961,1.17978,2.25,1.37
2014.11.03 14:41:42.517,1.17962,1.17978,1.50,1.37
2014.11.03 14:41:43.336,1.17961,1.17978,2.25,1.37
2014.11.03 14:41:43.861,1.17962,1.17978,1.50,1.37
2014.11.03 14:41:44.629,1.17963,1.17978,1.00,1.37
2014.11.03 14:41:45.744,1.17962,1.17978,1.50,1.37
2014.11.03 14:41:46.472,1.17964,1.17978,1.00,1.37
2014.11.03 14:41:46.803,1.17963,1.17979,1.72,1.00
2014.11.03 14:41:46.957,1.17963,1.17979,1.35,1.37
2014.11.03 14:41:47.161,1.17962,1.17979,2.29,1.00
2014.11.03 14:41:47.467,1.17962,1.17978,1.50,1.19
2014.11.03 14:41:48.276,1.17964,1.17977,1.00,1.25
2014.11.03 14:41:48.378,1.17962,1.17977,1.00,1.25
2014.11.03 14:41:49.370,1.17962,1.17977,1.50,1.37
2014.11.03 14:41:49.960,1.17962,1.17977,2.25,1.37
2014.11.03 14:41:50.264,1.17963,1.17977,1.00,1.37
2014.11.03 14:41:50.873,1.17962,1.17977,2.25,1.37
2014.11.03 14:41:51.380,1.17962,1.17978,1.50,1.37
2014.11.03 14:41:53.485,1.17962,1.17978,1.69,1.62
2014.11.03 14:41:53.994,1.17963,1.17978,1.25,1.12
2014.11.03 14:41:54.507,1.17962,1.1798,1.50,2.06
2014.11.03 14:41:54.609,1.17963,1.17979,1.87,1.12
2014.11.03 14:41:55.090,1.17965,1.1798,1.00,1.12
2014.11.03 14:41:55.942,1.17966,1.17981,1.00,1.12
2014.11.03 14:41:56.247,1.17968,1.17982,1.00,1.37
2014.11.03 14:41:56.501,1.17966,1.17981,1.31,1.12
2014.11.03 14:41:56.602,1.17964,1.17981,8.21,1.00
2014.11.03 14:41:57.108,1.17966,1.17982,1.62,1.00
2014.11.03 14:41:58.125,1.17967,1.17982,1.37,1.00
2014.11.03 14:42:00.115,1.17966,1.17982,3.00,1.00
2014.11.03 14:42:01.446,1.17967,1.17984,2.06,1.00
2014.11.03 14:42:01.547,1.17967,1.17987,1.62,1.25
2014.11.03 14:42:04.945,1.17968,1.17987,3.00,1.69
2014.11.03 14:42:05.451,1.17968,1.17987,2.62,1.69
2014.11.03 14:42:07.864,1.17973,1.17987,1.87,2.25
2014.11.03 14:42:08.118,1.17974,1.1799,1.37,1.50
2014.11.03 14:42:08.629,1.17975,1.1799,2.85,1.25
2014.11.03 14:42:09.266,1.17975,1.17991,3.79,1.00
2014.11.03 14:42:09.941,1.17977,1.17991,1.00,1.00
2014.11.03 14:42:10.449,1.17979,1.17992,1.00,1.00
2014.11.03 14:42:10.602,1.17977,1.17992,1.00,1.00
2014.11.03 14:42:11.121,1.17975,1.17992,2.06,1.00
2014.11.03 14:42:11.505,1.17977,1.17993,3.22,1.00
2014.11.03 14:42:12.025,1.17978,1.17995,1.35,2.06
2014.11.03 14:42:12.430,1.17974,1.17993,1.69,3.37
2014.11.03 14:42:12.583,1.17977,1.17993,2.10,3.19
2014.11.03 14:42:12.837,1.17977,1.17995,3.60,4.20
2014.11.03 14:42:12.990,1.17979,1.17995,1.00,1.00
2014.11.03 14:42:13.344,1.17977,1.17996,5.10,1.25
2014.11.03 14:42:13.751,1.17979,1.17996,1.00,1.69
2014.11.03 14:42:14.641,1.17977,1.17996,5.85,1.69
2014.11.03 14:42:15.047,1.17978,1.17996,1.37,1.12
2014.11.03 14:42:15.552,1.17978,1.17996,1.35,1.12
2014.11.03 14:42:15.856,1.17978,1.17995,1.35,1.37
2014.11.03 14:42:16.160,1.17977,1.17995,1.50,1.87
2014.11.03 14:42:16.261,1.17974,1.17993,4.69,2.32
2014.11.03 14:42:16.565,1.17973,1.1799,1.00,2.32
2014.11.03 14:42:16.667,1.17973,1.1799,1.00,2.32
2014.11.03 14:42:17.201,1.17973,1.1799,1.00,1.87
2014.11.03 14:42:17.929,1.17972,1.17992,1.72,3.26
2014.11.03 14:42:20.396,1.17972,1.1799,3.41,1.00
2014.11.03 14:42:20.649,1.17973,1.1799,1.12,1.31
2014.11.03 14:42:21.134,1.1797,1.17986,2.81,1.00
2014.11.03 14:42:23.960,1.17971,1.17988,2.06,1.50
2014.11.03 14:42:24.506,1.17971,1.17988,2.06,1.50
2014.11.03 14:42:24.815,1.17975,1.17988,1.50,1.50
2014.11.03 14:42:25.157,1.17972,1.17989,2.06,1.00
2014.11.03 14:42:25.701,1.17971,1.17989,3.41,1.00
2014.11.03 14:42:27.733,1.17971,1.17989,2.47,1.00
2014.11.03 14:42:28.487,1.1797,1.17989,6.41,1.00
2014.11.03 14:42:32.013,1.17971,1.17986,2.47,1.00
2014.11.03 14:42:32.368,1.17972,1.17986,1.37,1.00
2014.11.03 14:42:32.926,1.17973,1.17988,1.37,1.00
2014.11.03 14:42:33.486,1.17973,1.17988,1.37,1.00
2014.11.03 14:42:34.020,1.17973,1.17988,1.37,1.00
2014.11.03 14:42:34.558,1.17973,1.17988,1.00,1.00
2014.11.03 14:42:35.061,1.17971,1.17988,1.91,1.00
2014.11.03 14:42:35.568,1.17972,1.17988,1.37,1.00
2014.11.03 14:42:36.486,1.17972,1.17988,1.12,1.50
2014.11.03 14:42:36.537,1.17974,1.17988,1.00,1.50
2014.11.03 14:42:36.844,1.17974,1.17986,1.00,1.00
2014.11.03 14:42:36.895,1.17972,1.17986,1.00,1.00
2014.11.03 14:42:36.997,1.17969,1.17986,3.22,1.00
2014.11.03 14:42:37.520,1.17969,1.17985,3.22,1.00
2014.11.03 14:42:37.722,1.17969,1.17987,1.12,2.62
2014.11.03 14:42:37.905,1.17969,1.17987,1.12,3.56
2014.11.03 14:42:38.825,1.17968,1.17985,3.07,1.25
2014.11.03 14:42:39.346,1.1797,1.17986,1.37,1.00
2014.11.03 14:42:39.650,1.1797,1.17986,1.37,1.00
2014.11.03 14:42:39.954,1.17974,1.17988,1.37,1.50
2014.11.03 14:42:40.617,1.17972,1.17988,1.37,1.00
2014.11.03 14:42:41.179,1.17975,1.17988,1.00,1.00
2014.11.03 14:42:42.145,1.17973,1.17988,1.37,1.00
2014.11.03 14:42:44.340,1.1797,1.17988,3.37,1.00
2014.11.03 14:42:44.542,1.1797,1.17986,2.62,1.00
2014.11.03 14:42:45.035,1.1797,1.17986,2.62,1.00
2014.11.03 14:42:45.136,1.1797,1.17986,1.87,1.00
2014.11.03 14:42:45.717,1.1797,1.17987,1.37,4.20
2014.11.03 14:42:46.272,1.1797,1.17987,1.37,2.25
2014.11.03 14:42:46.577,1.1797,1.17987,5.70,1.50
2014.11.03 14:42:47.093,1.17973,1.17988,2.47,1.69
2014.11.03 14:42:48.263,1.17973,1.17988,2.47,1.50
2014.11.03 14:42:49.078,1.17973,1.17988,2.47,1.50
2014.11.03 14:42:49.840,1.17973,1.17988,2.47,1.50
2014.11.03 14:42:51.447,1.17976,1.17988,1.50,1.00
2014.11.03 14:42:51.498,1.17976,1.1799,1.50,1.00
2014.11.03 14:42:51.751,1.17976,1.1799,1.50,1.37
2014.11.03 14:42:51.954,1.17973,1.17989,5.10,1.37
2014.11.03 14:42:52.157,1.17972,1.17989,1.50,4.76
2014.11.03 14:42:52.360,1.17972,1.17988,1.50,1.56
2014.11.03 14:42:52.410,1.1797,1.17986,3.60,1.37
2014.11.03 14:42:52.461,1.1797,1.17986,3.60,2.70
2014.11.03 14:42:52.765,1.17967,1.17984,2.25,1.19
2014.11.03 14:42:53.353,1.17968,1.17984,1.00,2.44
2014.11.03 14:42:54.100,1.17968,1.17984,1.00,1.87
2014.11.03 14:42:54.613,1.17968,1.17984,1.00,1.12
2014.11.03 14:42:55.361,1.17967,1.17984,1.00,1.12
2014.11.03 14:42:55.914,1.17967,1.17984,1.00,1.37
2014.11.03 14:42:57.836,1.17967,1.17984,1.37,1.00
2014.11.03 14:42:57.988,1.17971,1.17986,1.12,1.00
2014.11.03 14:42:58.242,1.17971,1.17986,1.00,1.37
2014.11.03 14:42:58.546,1.17968,1.17986,1.50,1.87
2014.11.03 14:42:59.052,1.17967,1.17984,2.85,1.37
2014.11.03 14:43:01.139,1.17967,1.17984,2.85,2.06
2014.11.03 14:43:02.776,1.17967,1.17984,3.22,1.87
2014.11.03 14:43:03.384,1.17968,1.17984,1.35,1.00
2014.11.03 14:43:09.356,1.17966,1.17984,1.87,3.00
2014.11.03 14:43:09.878,1.17966,1.17983,1.50,1.31
2014.11.03 14:43:11.644,1.17966,1.17982,1.00,1.12
2014.11.03 14:43:12.534,1.17967,1.17981,2.10,1.00
2014.11.03 14:43:12.737,1.17969,1.17984,1.50,2.25
2014.11.03 14:43:13.280,1.1797,1.17984,1.50,1.50
2014.11.03 14:43:13.331,1.17968,1.17984,2.10,1.50
2014.11.03 14:43:13.837,1.17968,1.17984,2.10,2.81
2014.11.03 14:43:14.344,1.17968,1.17984,2.85,1.87
2014.11.03 14:43:14.446,1.17969,1.17984,1.35,1.37
2014.11.03 14:43:14.548,1.17968,1.17984,4.35,1.37
2014.11.03 14:43:14.751,1.17967,1.17984,1.00,1.37
2014.11.03 14:43:15.266,1.17966,1.17982,1.50,1.37
2014.11.03 14:43:16.745,1.17965,1.17982,1.50,1.37
2014.11.03 14:43:17.461,1.17965,1.17982,1.87,1.12
2014.11.03 14:43:18.575,1.17965,1.17982,1.50,1.37
2014.11.03 14:43:18.778,1.17963,1.17982,4.35,1.69
2014.11.03 14:43:19.307,1.17961,1.17978,1.00,1.87
2014.11.03 14:43:19.908,1.17961,1.17978,1.00,1.12
2014.11.03 14:43:20.425,1.17962,1.17978,1.00,3.07
2014.11.03 14:43:20.679,1.17964,1.17978,2.10,1.00
2014.11.03 14:43:20.881,1.17964,1.1798,4.72,1.50
2014.11.03 14:43:20.932,1.17967,1.1798,1.50,1.50
2014.11.03 14:43:21.439,1.17967,1.1798,2.10,1.00
2014.11.03 14:43:22.434,1.17967,1.17983,2.10,1.31
2014.11.03 14:43:23.841,1.1797,1.17983,1.00,1.00
2014.11.03 14:43:23.994,1.17967,1.17983,1.87,1.00
2014.11.03 14:43:24.097,1.17967,1.17983,1.87,1.00
2014.11.03 14:43:24.301,1.17967,1.17983,1.87,1.50
2014.11.03 14:43:24.679,1.17966,1.17983,3.37,1.00
2014.11.03 14:43:24.932,1.17966,1.17983,1.87,1.00
2014.11.03 14:43:26.419,1.17967,1.17983,1.37,1.00
2014.11.03 14:43:26.622,1.17969,1.17986,1.87,1.69
2014.11.03 14:43:27.128,1.17969,1.17986,1.37,1.50
2014.11.03 14:43:27.500,1.17966,1.17984,3.37,1.00
2014.11.03 14:43:27.703,1.17966,1.17984,1.50,1.37
2014.11.03 14:43:28.462,1.17968,1.17984,1.00,1.12
2014.11.03 14:43:28.563,1.17966,1.17984,1.50,1.87
2014.11.03 14:43:29.224,1.17967,1.17984,1.00,1.87
2014.11.03 14:43:29.537,1.17967,1.17984,1.00,1.87
2014.11.03 14:43:30.055,1.17966,1.17983,1.00,3.37
2014.11.03 14:43:30.359,1.17967,1.17984,1.00,1.00
2014.11.03 14:43:30.774,1.17968,1.17984,1.87,1.00
2014.11.03 14:43:30.825,1.17968,1.17987,1.87,2.62
2014.11.03 14:43:30.926,1.17969,1.17984,1.87,1.00
2014.11.03 14:43:31.129,1.17971,1.17988,1.87,1.00
2014.11.03 14:43:31.180,1.17973,1.17988,1.37,1.00
2014.11.03 14:43:31.709,1.17972,1.17986,1.50,1.00
2014.11.03 14:43:31.761,1.17972,1.17988,2.25,1.25
2014.11.03 14:43:32.181,1.17975,1.17988,1.00,1.00
2014.11.03 14:43:32.233,1.17975,1.1799,1.00,1.00
2014.11.03 14:43:32.746,1.17974,1.1799,1.00,1.00
2014.11.03 14:43:32.914,1.17974,1.17992,1.50,1.12
2014.11.03 14:43:32.966,1.17977,1.17992,1.12,1.12
2014.11.03 14:43:33.355,1.17974,1.17992,2.25,1.00
2014.11.03 14:43:33.659,1.17978,1.17995,1.37,1.50
2014.11.03 14:43:33.964,1.17978,1.17996,1.12,2.06
2014.11.03 14:43:34.065,1.17977,1.17994,1.37,1.00
2014.11.03 14:43:34.603,1.17976,1.17993,1.87,1.00
2014.11.03 14:43:34.654,1.17976,1.17993,1.87,1.00
2014.11.03 14:43:34.756,1.17976,1.17993,1.00,1.37
2014.11.03 14:43:34.959,1.17973,1.17991,2.25,2.06
2014.11.03 14:43:35.061,1.17973,1.17988,1.00,1.00
2014.11.03 14:43:35.162,1.17971,1.17988,3.00,1.00
2014.11.03 14:43:35.391,1.17973,1.17989,1.00,5.59
2014.11.03 14:43:35.897,1.17972,1.1799,2.25,1.00
2014.11.03 14:43:36.202,1.17972,1.1799,2.62,1.12
2014.11.03 14:43:37.080,1.17972,1.1799,1.87,1.12
2014.11.03 14:43:37.300,1.17972,1.1799,2.62,1.00
2014.11.03 14:43:38.348,1.17976,1.1799,1.00,1.12
2014.11.03 14:43:38.702,1.17972,1.1799,1.50,1.37
2014.11.03 14:43:38.804,1.17977,1.1799,1.00,1.37
2014.11.03 14:43:38.933,1.17973,1.17991,1.12,1.37
2014.11.03 14:43:39.457,1.17973,1.17991,1.12,1.37
2014.11.03 14:43:39.712,1.17973,1.17991,1.00,2.10
2014.11.03 14:43:40.268,1.17971,1.17989,1.00,1.37
2014.11.03 14:43:40.772,1.17972,1.17989,1.00,1.87
2014.11.03 14:43:42.395,1.1797,1.17988,1.50,1.42
2014.11.03 14:43:42.901,1.17969,1.17989,3.45,2.22
2014.11.03 14:43:43.994,1.17969,1.17987,3.37,1.37
2014.11.03 14:43:44.620,1.17969,1.17987,1.00,1.56
2014.11.03 14:43:47.401,1.17969,1.17988,1.37,2.66
2014.11.03 14:43:47.941,1.17969,1.17988,1.12,2.66
2014.11.03 14:43:48.596,1.17969,1.17988,1.37,2.66
2014.11.03 14:43:49.119,1.17969,1.17987,1.00,1.62
2014.11.03 14:43:49.926,1.17969,1.17987,1.00,1.37
2014.11.03 14:43:50.793,1.17971,1.17988,1.00,1.56
2014.11.03 14:43:51.202,1.17969,1.17988,1.87,1.56
2014.11.03 14:43:51.777,1.17971,1.17988,1.00,1.62
2014.11.03 14:43:52.902,1.17971,1.17989,1.00,2.06
2014.11.03 14:43:53.430,1.17971,1.17989,1.00,1.56
2014.11.03 14:43:53.937,1.17971,1.17989,1.12,1.56
2014.11.03 14:43:54.448,1.17971,1.17989,1.00,1.56
2014.11.03 14:43:56.039,1.17971,1.17989,1.00,1.62
2014.11.03 14:43:56.675,1.17972,1.17985,1.00,2.10
2014.11.03 14:43:58.046,1.1797,1.17985,1.87,2.10
2014.11.03 14:43:58.350,1.17972,1.17989,3.75,2.10
2014.11.03 14:43:58.876,1.17972,1.17989,4.12,2.29
2014.11.03 14:43:59.230,1.17976,1.17989,2.32,2.10
2014.11.03 14:43:59.764,1.17976,1.17989,3.07,2.10
2014.11.03 14:44:00.118,1.17978,1.17994,1.37,2.44
2014.11.03 14:44:00.219,1.17978,1.1799,1.37,2.10
2014.11.03 14:44:01.265,1.17976,1.1799,6.45,2.10
2014.11.03 14:44:01.772,1.17982,1.1799,1.00,2.10
2014.11.03 14:44:02.252,1.17976,1.1799,6.26,2.10
2014.11.03 14:44:02.354,1.17976,1.1799,2.06,2.10
2014.11.03 14:44:02.405,1.17976,1.17992,2.06,1.35
2014.11.03 14:44:02.456,1.17976,1.17992,1.37,2.29
2014.11.03 14:44:03.266,1.17974,1.17992,1.87,1.69
2014.11.03 14:44:03.525,1.17974,1.17992,2.06,1.54
2014.11.03 14:44:03.880,1.17974,1.17992,2.44,1.54
2014.11.03 14:44:04.403,1.17976,1.17992,1.37,1.54
2014.11.03 14:44:04.909,1.17976,1.17992,1.87,1.05
2014.11.03 14:44:05.757,1.17977,1.17992,1.37,1.05
2014.11.03 14:44:06.061,1.17978,1.17994,3.45,1.25
2014.11.03 14:44:06.163,1.1798,1.17996,1.37,1.00
2014.11.03 14:44:06.264,1.17982,1.17996,3.07,1.00
2014.11.03 14:44:06.315,1.17984,1.17999,1.37,1.00
2014.11.03 14:44:06.366,1.17984,1.18001,2.70,1.54
2014.11.03 14:44:06.468,1.17984,1.17996,4.84,2.10
2014.11.03 14:44:08.485,1.17985,1.17992,1.00,2.10
2014.11.03 14:44:08.639,1.17983,1.17992,1.50,2.10
2014.11.03 14:44:08.690,1.17983,1.17996,1.00,2.10
2014.11.03 14:44:09.267,1.17984,1.17996,1.00,2.10
2014.11.03 14:44:09.470,1.17981,1.17995,2.25,2.10
2014.11.03 14:44:10.136,1.17981,1.17995,2.62,2.10
2014.11.03 14:44:10.643,1.17981,1.17995,2.62,2.10
2014.11.03 14:44:12.548,1.17981,1.17995,1.00,2.47
2014.11.03 14:44:12.958,1.1798,1.17994,1.00,1.37
2014.11.03 14:44:13.060,1.17978,1.17994,1.50,1.37
2014.11.03 14:44:13.475,1.17976,1.17992,3.75,1.00
2014.11.03 14:44:13.629,1.17976,1.17991,1.00,2.85
2014.11.03 14:44:14.354,1.17974,1.1799,2.25,1.30
2014.11.03 14:44:14.557,1.17977,1.1799,1.00,1.72
2014.11.03 14:44:14.911,1.17974,1.1799,1.50,1.72
2014.11.03 14:44:15.316,1.17976,1.17989,1.00,1.00
2014.11.03 14:44:15.590,1.17973,1.17988,1.50,1.37
2014.11.03 14:44:16.096,1.17972,1.17989,3.45,1.87
2014.11.03 14:44:18.565,1.17972,1.17988,1.50,1.00
2014.11.03 14:44:18.869,1.17977,1.17989,1.00,1.12
2014.11.03 14:44:19.072,1.17972,1.17989,2.62,1.12
2014.11.03 14:44:19.224,1.17972,1.17986,1.87,2.10
2014.11.03 14:44:22.407,1.17972,1.17986,1.50,2.47
2014.11.03 14:44:22.661,1.1797,1.17985,1.50,2.47
2014.11.03 14:44:23.168,1.17969,1.17987,1.00,1.37
2014.11.03 14:44:23.682,1.17968,1.17983,2.25,2.10
2014.11.03 14:44:24.220,1.1797,1.17986,1.00,1.37
2014.11.03 14:44:24.322,1.17968,1.17983,1.87,2.10
2014.11.03 14:44:24.777,1.17971,1.17983,1.00,2.47
2014.11.03 14:44:25.004,1.17968,1.17983,2.25,2.47
2014.11.03 14:44:26.335,1.17969,1.17983,1.00,2.10
2014.11.03 14:44:26.841,1.17968,1.17983,1.50,2.10
2014.11.03 14:44:27.702,1.1797,1.17983,2.62,2.10
2014.11.03 14:44:27.804,1.1797,1.17985,2.62,1.00
2014.11.03 14:44:28.006,1.17974,1.17987,1.50,2.85
2014.11.03 14:44:28.209,1.17975,1.1799,1.00,1.12
2014.11.03 14:44:29.557,1.17975,1.17991,1.00,3.22
2014.11.03 14:44:30.164,1.17977,1.17991,1.95,3.22
2014.11.03 14:44:30.569,1.17979,1.17991,1.95,2.47
2014.11.03 14:44:30.873,1.17981,1.17991,1.95,2.47
2014.11.03 14:44:31.287,1.17978,1.17992,1.00,1.37
2014.11.03 14:44:31.737,1.17978,1.17992,1.00,1.37
2014.11.03 14:44:32.249,1.17978,1.17992,1.00,1.37
2014.11.03 14:44:32.553,1.17978,1.17992,1.00,1.37
2014.11.03 14:44:33.130,1.17978,1.17992,1.00,1.37
2014.11.03 14:44:33.774,1.17978,1.17992,1.00,1.37
2014.11.03 14:44:34.374,1.17978,1.17992,1.00,1.37
2014.11.03 14:44:35.032,1.17978,1.17994,1.00,1.37
2014.11.03 14:44:35.083,1.1798,1.17994,1.95,1.37
2014.11.03 14:44:35.235,1.17981,1.17996,1.95,1.37
2014.11.03 14:44:35.538,1.17982,1.17999,1.00,1.87
2014.11.03 14:44:35.994,1.17982,1.17994,1.00,1.95
2014.11.03 14:44:36.095,1.1798,1.17994,1.00,5.77
2014.11.03 14:44:36.197,1.1798,1.1799,1.00,1.00
2014.11.03 14:44:36.298,1.17975,1.17989,1.00,1.00
2014.11.03 14:44:36.591,1.17974,1.17991,1.00,1.69
2014.11.03 14:44:37.097,1.17973,1.1799,1.00,1.00
2014.11.03 14:44:37.598,1.17974,1.1799,1.00,1.00
2014.11.03 14:44:37.649,1.17974,1.17988,1.00,1.00
2014.11.03 14:44:37.801,1.17974,1.1799,1.00,1.00
2014.11.03 14:44:37.852,1.17972,1.17989,2.25,1.00
2014.11.03 14:44:37.903,1.17975,1.17989,1.00,1.00
2014.11.03 14:44:38.005,1.17975,1.17991,1.00,3.64
2014.11.03 14:44:38.258,1.17977,1.17992,1.00,1.00
2014.11.03 14:44:38.663,1.17978,1.17996,3.19,1.00
2014.11.03 14:44:38.765,1.17982,1.17996,1.00,1.00
2014.11.03 14:44:39.069,1.17982,1.17998,1.50,2.44
2014.11.03 14:44:41.011,1.17982,1.17998,1.37,1.00
2014.11.03 14:44:42.054,1.17982,1.17997,1.37,1.00
2014.11.03 14:44:42.104,1.17982,1.17997,1.00,1.12
2014.11.03 14:44:42.610,1.17982,1.17998,1.12,1.00
2014.11.03 14:44:42.868,1.17982,1.17999,1.00,1.37
2014.11.03 14:44:43.176,1.17982,1.17999,1.00,1.12
2014.11.03 14:44:43.524,1.17984,1.18003,1.00,5.32
2014.11.03 14:44:43.626,1.17984,1.18001,1.00,1.00
2014.11.03 14:44:43.932,1.17987,1.18003,1.00,1.00
2014.11.03 14:44:44.439,1.17987,1.18004,1.50,1.00
2014.11.03 14:44:44.794,1.17988,1.18004,1.37,1.00
2014.11.03 14:44:45.101,1.17989,1.18006,1.00,1.95
2014.11.03 14:44:45.613,1.1799,1.18006,1.00,1.95
2014.11.03 14:44:46.130,1.1799,1.18007,2.25,1.00
2014.11.03 14:44:47.800,1.17992,1.18007,1.00,1.00
2014.11.03 14:44:48.002,1.1799,1.18007,2.25,1.00
2014.11.03 14:44:50.168,1.17989,1.18007,1.50,1.00
2014.11.03 14:44:50.556,1.17991,1.18007,1.00,1.50
2014.11.03 14:44:50.759,1.17989,1.18007,2.25,1.00
2014.11.03 14:44:51.265,1.17989,1.18006,1.00,1.00
2014.11.03 14:44:51.619,1.17987,1.18006,1.00,1.50
2014.11.03 14:44:52.308,1.17986,1.18006,2.25,2.25
2014.11.03 14:44:52.612,1.17986,1.18004,2.25,1.00
2014.11.03 14:44:53.073,1.17991,1.18005,1.00,1.00
2014.11.03 14:44:53.175,1.17989,1.18005,1.00,1.00
2014.11.03 14:44:53.280,1.17986,1.18005,1.50,1.50
2014.11.03 14:44:53.382,1.17986,1.18002,2.25,1.00
2014.11.03 14:44:53.686,1.17986,1.18004,1.00,1.50
2014.11.03 14:44:55.023,1.17985,1.18004,1.50,1.00
2014.11.03 14:44:55.176,1.17987,1.18004,1.00,1.00
2014.11.03 14:44:56.039,1.17986,1.18004,1.00,1.00
2014.11.03 14:44:57.176,1.17987,1.18004,1.00,1.00
2014.11.03 14:44:58.673,1.17988,1.18004,1.00,1.00
2014.11.03 14:45:00.340,1.17987,1.18004,1.00,1.50
2014.11.03 14:45:00.848,1.17986,1.18004,1.00,3.75
2014.11.03 14:45:01.102,1.17983,1.18003,2.25,2.25
2014.11.03 14:45:01.204,1.17983,1.18001,1.50,1.00
2014.11.03 14:45:01.511,1.17982,1.17996,1.00,1.00
2014.11.03 14:45:01.612,1.17979,1.17996,1.50,1.00
2014.11.03 14:45:02.220,1.17982,1.17996,1.00,1.50
2014.11.03 14:45:02.475,1.17977,1.17993,1.00,1.00
2014.11.03 14:45:02.778,1.17978,1.17995,1.00,1.00
2014.11.03 14:45:02.981,1.17976,1.17995,1.50,1.50
2014.11.03 14:45:03.213,1.17978,1.17995,1.00,1.00
2014.11.03 14:45:05.277,1.17978,1.17996,1.00,1.50
2014.11.03 14:45:05.581,1.17976,1.17996,1.50,2.25
2014.11.03 14:45:05.633,1.17982,1.17993,1.00,1.00
2014.11.03 14:45:05.740,1.17982,1.17996,1.00,1.00
2014.11.03 14:45:05.842,1.17979,1.17996,1.00,1.00
2014.11.03 14:45:05.944,1.17982,1.17997,1.00,1.50
2014.11.03 14:45:06.248,1.17982,1.17995,1.00,1.00
2014.11.03 14:45:06.581,1.17979,1.17995,1.00,1.00
2014.11.03 14:45:06.734,1.17982,1.17995,1.00,1.00
2014.11.03 14:45:07.047,1.17979,1.17996,1.00,1.00
2014.11.03 14:45:08.384,1.17982,1.17996,1.00,1.00
2014.11.03 14:45:08.909,1.17982,1.17997,1.00,1.50
2014.11.03 14:45:09.671,1.17981,1.17997,1.00,1.50
2014.11.03 14:45:10.665,1.17982,1.17997,1.00,1.50
2014.11.03 14:45:11.174,1.17981,1.17997,1.00,1.50
2014.11.03 14:45:11.677,1.17982,1.17997,1.00,1.50
2014.11.03 14:45:12.183,1.17984,1.17997,1.00,1.00
2014.11.03 14:45:12.233,1.17984,1.18,1.00,1.37
2014.11.03 14:45:12.437,1.17985,1.18,2.32,1.00
2014.11.03 14:45:12.747,1.17984,1.18003,1.87,1.37
2014.11.03 14:45:13.506,1.17983,1.17999,1.37,1.00
2014.11.03 14:45:13.608,1.17982,1.17997,1.87,1.00
2014.11.03 14:45:14.830,1.17982,1.17997,1.37,1.00
2014.11.03 14:45:15.345,1.17982,1.17997,1.37,1.00
2014.11.03 14:45:15.857,1.17982,1.17997,1.87,1.00
2014.11.03 14:45:15.959,1.17982,1.17997,2.25,1.12
2014.11.03 14:45:16.060,1.17982,1.17993,1.00,1.95
2014.11.03 14:45:16.365,1.17978,1.17988,1.37,1.00
2014.11.03 14:45:16.569,1.17978,1.17988,1.00,1.00
2014.11.03 14:45:17.190,1.17979,1.17988,1.50,1.00
2014.11.03 14:45:17.293,1.17981,1.17988,1.00,1.00
2014.11.03 14:45:18.005,1.17981,1.17993,1.50,1.00
2014.11.03 14:45:18.108,1.17981,1.17991,1.00,1.00
2014.11.03 14:45:18.209,1.1798,1.17997,1.00,1.12
2014.11.03 14:45:18.464,1.1798,1.17994,1.00,1.00
2014.11.03 14:45:18.616,1.17978,1.17993,1.00,1.95
2014.11.03 14:45:18.819,1.17978,1.17991,1.00,1.00
2014.11.03 14:45:19.325,1.17977,1.17991,1.37,1.00
2014.11.03 14:45:19.629,1.17977,1.17989,1.37,2.70
2014.11.03 14:45:20.468,1.17977,1.1799,1.87,1.00
2014.11.03 14:45:20.987,1.17978,1.17988,1.37,1.00
2014.11.03 14:45:21.088,1.17977,1.1799,2.62,1.00
2014.11.03 14:45:21.397,1.17977,1.1799,2.25,1.00
2014.11.03 14:45:21.549,1.17982,1.17992,1.37,1.50
2014.11.03 14:45:22.071,1.17982,1.17993,1.37,1.00
2014.11.03 14:45:22.578,1.17982,1.17993,1.00,1.00
2014.11.03 14:45:22.983,1.17979,1.17991,1.87,1.00
2014.11.03 14:45:23.116,1.17981,1.17993,1.00,1.00
2014.11.03 14:45:23.423,1.17982,1.17997,1.00,1.50
2014.11.03 14:45:23.832,1.17982,1.17997,1.37,1.50
2014.11.03 14:45:24.344,1.17987,1.17997,1.00,1.50
2014.11.03 14:45:24.850,1.17987,1.17996,1.00,1.00
2014.11.03 14:45:25.004,1.17982,1.17996,1.37,1.00
2014.11.03 14:45:25.156,1.17982,1.17994,1.37,1.00
2014.11.03 14:45:25.460,1.17987,1.17993,1.00,1.00
2014.11.03 14:45:26.439,1.17986,1.17993,1.00,1.00
2014.11.03 14:45:26.744,1.17982,1.17993,1.37,1.00
2014.11.03 14:45:26.845,1.17982,1.17993,1.12,1.00
2014.11.03 14:45:26.896,1.17982,1.17991,1.12,1.00
2014.11.03 14:45:27.522,1.17981,1.17991,1.12,1.00
2014.11.03 14:45:27.852,1.17977,1.17991,1.87,1.00
2014.11.03 14:45:27.954,1.17982,1.17991,1.00,1.50
2014.11.03 14:45:28.056,1.17976,1.17989,1.12,1.00
2014.11.03 14:45:28.158,1.17981,1.17988,1.00,1.00
2014.11.03 14:45:28.411,1.17976,1.17987,1.12,1.00
2014.11.03 14:45:28.918,1.17976,1.17988,1.00,1.00
2014.11.03 14:45:29.222,1.17976,1.17986,1.00,1.00
2014.11.03 14:45:29.324,1.17977,1.17988,1.00,1.95
2014.11.03 14:45:29.375,1.17982,1.17989,1.00,1.00
2014.11.03 14:45:29.477,1.17982,1.17993,1.00,1.50
2014.11.03 14:45:29.649,1.17982,1.17996,1.50,1.00
2014.11.03 14:45:29.700,1.17982,1.17999,1.69,1.50
2014.11.03 14:45:29.903,1.17983,1.17996,1.00,1.00
2014.11.03 14:45:30.207,1.17986,1.17992,1.00,1.00
2014.11.03 14:45:30.561,1.17986,1.17995,1.00,1.00
2014.11.03 14:45:30.764,1.17981,1.17997,1.87,1.00
2014.11.03 14:45:30.966,1.17987,1.17998,1.00,1.00
2014.11.03 14:45:31.271,1.17987,1.18,1.00,1.00
2014.11.03 14:45:32.182,1.17987,1.18,1.37,1.00
2014.11.03 14:45:32.335,1.17986,1.18002,1.37,3.75
2014.11.03 14:45:32.437,1.17986,1.18,1.37,1.00
2014.11.03 14:45:32.741,1.17986,1.17997,1.37,1.00
2014.11.03 14:45:33.283,1.17986,1.17997,1.00,1.00
2014.11.03 14:45:33.588,1.17984,1.17997,1.12,1.00
2014.11.03 14:45:34.117,1.17984,1.17997,1.37,1.00
2014.11.03 14:45:34.725,1.17987,1.17998,1.00,1.00
2014.11.03 14:45:34.826,1.17984,1.17998,1.37,1.00
2014.11.03 14:45:35.080,1.17984,1.17998,1.37,1.00
2014.11.03 14:45:35.383,1.17984,1.18,1.37,1.50
2014.11.03 14:45:35.893,1.17987,1.18,1.00,1.50
2014.11.03 14:45:37.367,1.17984,1.18,1.37,1.50
2014.11.03 14:45:37.723,1.17984,1.18002,1.50,1.50
2014.11.03 14:45:37.774,1.17987,1.18002,1.12,1.50
2014.11.03 14:45:38.321,1.17987,1.18001,1.00,1.00
2014.11.03 14:45:38.423,1.17986,1.17999,1.50,1.50
2014.11.03 14:45:38.676,1.17982,1.17996,1.00,1.00
2014.11.03 14:45:39.083,1.17987,1.17996,1.00,1.00
2014.11.03 14:45:39.236,1.17986,1.17998,1.00,1.00
2014.11.03 14:45:39.338,1.17987,1.18,1.00,1.00
2014.11.03 14:45:40.273,1.17986,1.18,1.50,1.00
2014.11.03 14:45:40.679,1.17987,1.17996,1.00,1.00
2014.11.03 14:45:41.085,1.17986,1.17998,1.00,1.00
2014.11.03 14:45:41.458,1.17987,1.18,1.12,1.00
2014.11.03 14:45:41.917,1.17986,1.18,1.37,1.00
2014.11.03 14:45:41.968,1.17986,1.18003,1.37,1.69
2014.11.03 14:45:42.171,1.17991,1.18003,1.00,1.50
2014.11.03 14:45:43.135,1.17988,1.18003,2.62,1.50
2014.11.03 14:45:44.063,1.17988,1.18003,1.87,2.25
2014.11.03 14:45:44.416,1.17988,1.18001,1.87,1.00
2014.11.03 14:45:45.041,1.17988,1.18001,1.87,1.00
2014.11.03 14:45:45.143,1.17988,1.18001,1.37,1.00
2014.11.03 14:45:45.194,1.17988,1.18003,1.37,1.50
2014.11.03 14:45:45.397,1.17987,1.18003,4.20,1.00
2014.11.03 14:45:46.094,1.17987,1.18003,1.00,1.87
2014.11.03 14:45:46.602,1.17987,1.18003,1.00,1.37
2014.11.03 14:45:46.906,1.17986,1.18001,1.00,3.56
2014.11.03 14:45:47.008,1.17981,1.17999,2.25,3.00
2014.11.03 14:45:47.364,1.17982,1.17992,1.00,1.00
2014.11.03 14:45:47.517,1.17981,1.17997,1.00,1.00
2014.11.03 14:45:48.056,1.17981,1.17996,2.25,1.00
2014.11.03 14:45:48.986,1.17982,1.17996,1.00,1.12
2014.11.03 14:45:49.552,1.17981,1.17996,1.00,1.00
2014.11.03 14:45:49.805,1.17981,1.17996,1.37,1.00
2014.11.03 14:45:50.150,1.17986,1.18,1.00,1.00
2014.11.03 14:45:50.353,1.17986,1.18002,2.25,1.00
2014.11.03 14:45:50.404,1.17988,1.18002,1.00,1.00
2014.11.03 14:45:50.709,1.17987,1.18,1.00,1.00
2014.11.03 14:45:50.962,1.17984,1.17998,1.00,1.00
2014.11.03 14:45:51.468,1.17983,1.17997,1.50,1.00
2014.11.03 14:45:51.823,1.17983,1.17997,1.87,1.00
2014.11.03 14:45:53.125,1.17984,1.17997,1.37,1.00
2014.11.03 14:45:53.327,1.17987,1.17999,1.37,1.00
2014.11.03 14:45:53.429,1.17987,1.18002,1.50,1.00
2014.11.03 14:45:53.480,1.17989,1.18002,1.00,1.00
2014.11.03 14:45:53.885,1.17987,1.18,2.25,1.00
2014.11.03 14:45:54.392,1.17987,1.17999,1.50,1.00
2014.11.03 14:45:54.899,1.17986,1.17999,1.87,1.00
2014.11.03 14:45:55.203,1.17987,1.17997,1.12,1.00
2014.11.03 14:45:55.508,1.17986,1.17994,1.37,1.00
2014.11.03 14:45:55.762,1.17984,1.17994,1.50,1.00
2014.11.03 14:45:55.813,1.17986,1.17994,1.00,1.00
2014.11.03 14:45:56.228,1.17984,1.17994,1.50,1.00
2014.11.03 14:45:56.736,1.17983,1.17995,1.12,1.00
2014.11.03 14:45:57.355,1.17983,1.17995,1.37,1.00
2014.11.03 14:45:57.861,1.17982,1.17996,1.37,1.00
2014.11.03 14:45:58.267,1.17982,1.17996,1.37,1.00
2014.11.03 14:45:58.486,1.17981,1.17996,1.87,1.00
2014.11.03 14:45:58.688,1.17981,1.17996,1.37,1.00
2014.11.03 14:45:59.296,1.17982,1.17996,1.37,1.00
2014.11.03 14:45:59.347,1.17982,1.17998,1.37,1.00
2014.11.03 14:45:59.701,1.17981,1.17999,5.70,1.00
2014.11.03 14:46:00.006,1.17981,1.17997,4.76,1.00
2014.11.03 14:46:00.310,1.17981,1.17994,4.57,1.00
2014.11.03 14:46:00.412,1.17981,1.17994,3.45,1.00
2014.11.03 14:46:00.564,1.17981,1.17992,1.50,1.00
2014.11.03 14:46:01.330,1.17981,1.17992,1.87,1.00
2014.11.03 14:46:03.001,1.17981,1.17992,1.00,1.00
2014.11.03 14:46:03.204,1.17979,1.17992,1.12,1.00
2014.11.03 14:46:03.256,1.17976,1.17988,5.25,1.00
2014.11.03 14:46:03.712,1.17979,1.17989,1.37,1.00
2014.11.03 14:46:03.864,1.17981,1.17991,1.12,1.00
2014.11.03 14:46:04.372,1.17979,1.17991,1.37,1.00
2014.11.03 14:46:04.878,1.17981,1.1799,1.37,1.00
2014.11.03 14:46:05.153,1.1798,1.1799,1.50,1.00
2014.11.03 14:46:05.204,1.17981,1.17995,1.00,1.00
2014.11.03 14:46:05.305,1.17992,1.17998,1.00,1.00
2014.11.03 14:46:05.407,1.17987,1.17998,1.00,1.00
2014.11.03 14:46:05.508,1.17991,1.17998,1.00,1.00
2014.11.03 14:46:05.964,1.17992,1.18001,1.00,1.00
2014.11.03 14:46:06.066,1.17991,1.18006,1.00,2.25
2014.11.03 14:46:06.523,1.17992,1.18001,1.00,1.00
2014.11.03 14:46:06.725,1.17992,1.18003,1.50,1.00
2014.11.03 14:46:06.928,1.17996,1.18004,1.00,1.00
2014.11.03 14:46:06.979,1.17996,1.18006,1.00,1.50
2014.11.03 14:46:07.182,1.17992,1.18002,1.00,1.00
2014.11.03 14:46:07.284,1.17991,1.18004,1.50,1.00
2014.11.03 14:46:07.385,1.17992,1.18001,1.00,1.00
2014.11.03 14:46:07.891,1.17992,1.18002,1.00,1.00
2014.11.03 14:46:08.198,1.17997,1.18007,1.00,1.00
2014.11.03 14:46:08.401,1.17995,1.18006,1.00,1.00
2014.11.03 14:46:08.502,1.17992,1.18007,1.50,1.00
2014.11.03 14:46:08.923,1.17992,1.18009,2.25,1.00
2014.11.03 14:46:09.028,1.17997,1.18008,1.00,1.00
2014.11.03 14:46:09.129,1.17994,1.18009,1.00,1.00
2014.11.03 14:46:09.382,1.17996,1.18011,1.00,1.00
2014.11.03 14:46:09.686,1.17994,1.18011,1.00,1.00
2014.11.03 14:46:09.939,1.17997,1.18011,1.00,1.00
2014.11.03 14:46:10.293,1.17994,1.18011,1.50,1.00
2014.11.03 14:46:10.394,1.17997,1.18011,1.12,1.00
2014.11.03 14:46:10.910,1.17993,1.18009,1.87,1.00
2014.11.03 14:46:11.012,1.17993,1.18009,1.50,1.00
2014.11.03 14:46:11.113,1.17997,1.18009,1.00,1.00
2014.11.03 14:46:11.903,1.17993,1.18009,1.00,1.00
2014.11.03 14:46:12.005,1.17993,1.18009,1.00,1.37
2014.11.03 14:46:12.310,1.17991,1.18006,1.12,1.12
2014.11.03 14:46:12.946,1.17991,1.18006,1.00,1.37
2014.11.03 14:46:13.733,1.17991,1.18006,1.00,1.12
2014.11.03 14:46:13.874,1.17991,1.18004,1.00,1.00
2014.11.03 14:46:14.178,1.17989,1.18004,1.50,1.00
2014.11.03 14:46:14.229,1.17991,1.18007,1.87,1.37
2014.11.03 14:46:14.331,1.17997,1.18008,1.00,1.37
2014.11.03 14:46:14.382,1.17997,1.18009,1.00,1.12
2014.11.03 14:46:14.585,1.17996,1.18011,1.00,1.50
2014.11.03 14:46:14.687,1.17997,1.18007,1.00,1.00
2014.11.03 14:46:14.788,1.17997,1.18009,1.00,1.00
2014.11.03 14:46:14.840,1.17997,1.18008,1.00,1.19
2014.11.03 14:46:15.043,1.17997,1.18009,1.00,2.06
2014.11.03 14:46:16.059,1.17996,1.18009,1.00,1.50
2014.11.03 14:46:16.882,1.17996,1.18008,1.87,1.00
2014.11.03 14:46:16.984,1.17995,1.18011,1.12,1.25
2014.11.03 14:46:17.187,1.17997,1.18011,1.00,1.00
2014.11.03 14:46:17.643,1.17994,1.18011,1.00,3.22
2014.11.03 14:46:18.174,1.17994,1.18011,1.00,4.16
2014.11.03 14:46:18.687,1.17994,1.1801,1.37,1.19
2014.11.03 14:46:18.991,1.17995,1.18011,1.12,2.47
2014.11.03 14:46:19.973,1.17994,1.18011,1.87,2.47
2014.11.03 14:46:20.518,1.17995,1.18012,2.70,1.87
2014.11.03 14:46:20.569,1.17996,1.18012,1.37,1.00
2014.11.03 14:46:20.873,1.17999,1.18012,1.00,1.00
2014.11.03 14:46:22.156,1.18,1.18014,1.00,1.00
2014.11.03 14:46:22.681,1.18,1.18016,1.12,2.06
2014.11.03 14:46:24.429,1.18,1.18016,1.87,1.00
2014.11.03 14:46:25.253,1.18,1.18016,1.87,1.50
2014.11.03 14:46:26.370,1.18,1.18017,1.87,1.35
2014.11.03 14:46:26.895,1.18,1.18016,1.87,1.12
2014.11.03 14:46:27.567,1.18,1.18018,1.50,4.16
2014.11.03 14:46:27.872,1.17996,1.18014,1.00,5.59
2014.11.03 14:46:27.923,1.17995,1.18012,3.00,1.25
2014.11.03 14:46:28.227,1.17993,1.18009,1.00,1.00
2014.11.03 14:46:28.685,1.17992,1.18007,1.00,1.95
2014.11.03 14:46:29.003,1.17994,1.18007,1.00,1.00
2014.11.03 14:46:30.199,1.17994,1.1801,1.37,3.49
2014.11.03 14:46:32.116,1.17997,1.18012,1.12,1.00
2014.11.03 14:46:32.167,1.17998,1.18014,1.00,1.00
2014.11.03 14:46:32.219,1.17998,1.18014,1.37,1.00
2014.11.03 14:46:32.522,1.18002,1.18014,1.00,1.00
2014.11.03 14:46:33.034,1.18001,1.18014,1.00,1.00
2014.11.03 14:46:33.491,1.18002,1.18017,1.12,1.00
2014.11.03 14:46:33.693,1.18007,1.18019,1.00,2.44
2014.11.03 14:46:33.997,1.18011,1.18019,1.00,1.50
2014.11.03 14:46:34.099,1.18007,1.1802,1.00,1.00
2014.11.03 14:46:34.150,1.18007,1.18023,1.00,1.69
2014.11.03 14:46:34.666,1.18006,1.18023,1.50,1.50
2014.11.03 14:46:35.219,1.18006,1.18022,1.00,1.00
2014.11.03 14:46:35.320,1.18006,1.18022,1.37,1.00
2014.11.03 14:46:35.422,1.18005,1.18022,1.87,1.62
2014.11.03 14:46:35.574,1.18007,1.18019,1.00,1.00
2014.11.03 14:46:36.011,1.18004,1.1802,1.50,1.50
2014.11.03 14:46:36.112,1.18006,1.18019,1.00,1.00
2014.11.03 14:46:36.417,1.18001,1.18016,1.50,1.00
2014.11.03 14:46:36.778,1.18007,1.18017,1.00,1.00
2014.11.03 14:46:36.980,1.18002,1.18017,1.50,1.00
2014.11.03 14:46:37.337,1.18001,1.18013,1.00,1.00
2014.11.03 14:46:37.439,1.17999,1.18013,1.00,1.00
2014.11.03 14:46:37.641,1.18001,1.18013,1.00,1.00
2014.11.03 14:46:38.098,1.17997,1.18012,2.25,3.45
2014.11.03 14:46:38.300,1.18001,1.18011,1.00,1.00
2014.11.03 14:46:38.452,1.18001,1.18015,1.00,2.62
2014.11.03 14:46:38.958,1.18002,1.18017,1.00,2.25
2014.11.03 14:46:39.313,1.18006,1.18018,1.00,1.54
2014.11.03 14:46:39.414,1.18002,1.18018,1.00,1.54
2014.11.03 14:46:39.667,1.18002,1.18018,1.37,1.54
2014.11.03 14:46:40.174,1.18002,1.18018,1.37,1.35
2014.11.03 14:46:41.301,1.18002,1.18018,1.87,1.00
2014.11.03 14:46:41.830,1.18002,1.18019,1.37,1.00
2014.11.03 14:46:41.881,1.18002,1.18019,1.37,1.00
2014.11.03 14:46:42.387,1.18002,1.18019,1.87,1.00
2014.11.03 14:46:43.112,1.18003,1.18019,2.32,1.00
2014.11.03 14:46:43.163,1.18007,1.18019,1.00,1.00
2014.11.03 14:46:43.365,1.18009,1.18024,1.00,1.00
2014.11.03 14:46:43.618,1.18012,1.18025,1.00,1.00
2014.11.03 14:46:44.143,1.18012,1.18025,1.87,1.00
2014.11.03 14:46:44.447,1.18012,1.18026,1.37,1.00
2014.11.03 14:46:44.767,1.18012,1.18028,1.37,1.00
2014.11.03 14:46:45.273,1.18012,1.18029,4.12,1.50
2014.11.03 14:46:45.779,1.18014,1.18029,1.37,1.00
2014.11.03 14:46:46.506,1.18012,1.18029,3.75,1.00
2014.11.03 14:46:47.923,1.18013,1.18029,1.75,1.00
2014.11.03 14:46:48.025,1.18014,1.18029,1.12,1.00
2014.11.03 14:46:48.076,1.18017,1.1803,1.00,1.00
2014.11.03 14:46:48.228,1.18017,1.18032,1.50,1.00
2014.11.03 14:46:48.532,1.18021,1.18034,1.00,1.00
2014.11.03 14:46:49.044,1.18019,1.18036,1.37,1.19
2014.11.03 14:46:49.551,1.18019,1.18036,1.37,1.00
2014.11.03 14:46:49.857,1.18021,1.18039,1.87,1.31
2014.11.03 14:46:50.384,1.18021,1.18039,1.87,1.62
2014.11.03 14:46:50.897,1.18021,1.18039,1.87,1.50
2014.11.03 14:46:51.202,1.18022,1.18035,1.37,1.50
2014.11.03 14:46:51.303,1.18022,1.18037,1.37,2.25
2014.11.03 14:46:51.556,1.18027,1.18038,1.00,3.45
2014.11.03 14:46:51.658,1.18024,1.18038,1.00,1.00
2014.11.03 14:46:51.709,1.18024,1.1804,1.50,1.00
2014.11.03 14:46:52.231,1.18024,1.18041,1.50,3.04
2014.11.03 14:46:52.434,1.18026,1.18041,1.00,2.29
2014.11.03 14:46:52.706,1.18024,1.1804,1.00,1.69
2014.11.03 14:46:52.909,1.18024,1.1804,1.37,2.06
2014.11.03 14:46:54.304,1.18023,1.18041,1.87,4.72
2014.11.03 14:46:54.815,1.18021,1.18029,1.00,1.50
2014.11.03 14:46:54.866,1.18018,1.18029,1.50,1.87
2014.11.03 14:46:54.968,1.18016,1.18031,1.37,1.87
2014.11.03 14:46:55.474,1.18015,1.18031,2.62,2.06
2014.11.03 14:46:55.627,1.18016,1.18031,1.00,3.94
2014.11.03 14:46:55.729,1.18014,1.18031,1.00,4.69
2014.11.03 14:46:56.033,1.18016,1.18029,1.00,1.69
2014.11.03 14:46:56.465,1.18014,1.1803,1.00,1.00
2014.11.03 14:46:56.567,1.18016,1.1803,1.00,1.00
2014.11.03 14:46:56.871,1.18011,1.18023,1.00,1.00
2014.11.03 14:46:56.974,1.18009,1.18022,1.00,1.25
2014.11.03 14:46:57.025,1.18006,1.18022,2.25,1.25
2014.11.03 14:46:57.127,1.1801,1.18024,1.00,1.19
2014.11.03 14:46:57.279,1.1801,1.18026,1.50,2.44
2014.11.03 14:46:57.805,1.18011,1.18026,1.00,1.69
2014.11.03 14:46:58.316,1.1801,1.18026,1.87,1.31
2014.11.03 14:46:58.520,1.18012,1.18026,1.00,1.37
2014.11.03 14:46:58.840,1.1801,1.18027,1.50,1.87
2014.11.03 14:47:00.005,1.1801,1.18023,1.00,1.00
2014.11.03 14:47:00.157,1.1801,1.18027,1.87,1.50
2014.11.03 14:47:00.462,1.18012,1.18023,1.00,1.00
2014.11.03 14:47:00.513,1.1801,1.18023,1.00,1.00
2014.11.03 14:47:00.564,1.1801,1.18022,1.00,1.19
2014.11.03 14:47:00.615,1.18006,1.18022,1.50,1.19
2014.11.03 14:47:00.869,1.18003,1.1802,1.50,1.25
2014.11.03 14:47:00.970,1.18003,1.18019,1.00,1.19
2014.11.03 14:47:01.333,1.18006,1.18019,1.00,1.19
2014.11.03 14:47:01.384,1.18006,1.1802,1.00,1.00
2014.11.03 14:47:01.586,1.18003,1.1802,1.00,1.00
2014.11.03 14:47:02.096,1.18003,1.18019,1.12,1.12
2014.11.03 14:47:02.262,1.18007,1.18019,1.00,1.12
2014.11.03 14:47:02.467,1.18003,1.18019,1.00,1.37
2014.11.03 14:47:03.666,1.18006,1.1802,1.00,3.26
2014.11.03 14:47:03.717,1.18006,1.1802,1.00,3.26
2014.11.03 14:47:04.008,1.18003,1.1802,1.00,4.01
2014.11.03 14:47:04.127,1.18007,1.1802,1.00,4.01
2014.11.03 14:47:04.430,1.18003,1.18019,1.00,1.00
2014.11.03 14:47:04.793,1.18005,1.18019,1.00,1.69
2014.11.03 14:47:05.516,1.18005,1.18019,1.37,1.25
2014.11.03 14:47:05.820,1.18011,1.18024,1.00,1.00
2014.11.03 14:47:06.125,1.18009,1.18024,1.00,1.50
2014.11.03 14:47:06.277,1.18009,1.18022,1.00,1.95
2014.11.03 14:47:06.581,1.18007,1.18021,1.00,1.00
2014.11.03 14:47:06.683,1.18006,1.18019,1.00,1.95
2014.11.03 14:47:07.190,1.18006,1.1802,1.00,1.00
2014.11.03 14:47:07.444,1.18004,1.18019,1.00,2.44
2014.11.03 14:47:07.596,1.18003,1.18017,1.00,1.50
2014.11.03 14:47:07.799,1.18003,1.1802,1.00,3.56
2014.11.03 14:47:08.408,1.18003,1.18018,1.50,1.00
2014.11.03 14:47:08.561,1.18003,1.18018,1.00,1.37
2014.11.03 14:47:09.245,1.18003,1.18017,1.00,1.87
2014.11.03 14:47:09.791,1.18003,1.18016,1.00,1.00
2014.11.03 14:47:11.004,1.18003,1.18015,1.00,1.00
2014.11.03 14:47:11.308,1.18003,1.18015,1.00,1.37
2014.11.03 14:47:11.411,1.18,1.1801,1.00,1.00
2014.11.03 14:47:11.462,1.18,1.18008,1.00,1.00
2014.11.03 14:47:11.514,1.17994,1.18008,1.50,1.00
2014.11.03 14:47:11.565,1.17994,1.18006,1.50,1.95
2014.11.03 14:47:11.869,1.17987,1.18002,2.25,1.50
2014.11.03 14:47:11.971,1.17989,1.18005,1.00,2.25
2014.11.03 14:47:12.022,1.17989,1.18001,1.00,1.00
2014.11.03 14:47:12.124,1.17989,1.18005,1.00,3.60
2014.11.03 14:47:12.175,1.17997,1.18005,1.00,3.00
2014.11.03 14:47:12.378,1.18002,1.18012,1.00,1.00
2014.11.03 14:47:12.531,1.18002,1.18015,1.00,1.00
2014.11.03 14:47:12.582,1.18001,1.18012,1.00,1.00
2014.11.03 14:47:12.685,1.18001,1.18015,1.50,1.00
2014.11.03 14:47:12.810,1.17999,1.18015,1.50,1.12
2014.11.03 14:47:13.115,1.17999,1.18013,1.00,1.00
2014.11.03 14:47:13.268,1.17997,1.18013,1.00,2.14
2014.11.03 14:47:13.777,1.17996,1.18011,1.50,2.70
2014.11.03 14:47:14.082,1.17994,1.18011,1.37,4.39
2014.11.03 14:47:14.183,1.17993,1.18009,1.00,1.25
2014.11.03 14:47:14.689,1.17996,1.18008,1.00,3.90
2014.11.03 14:47:14.869,1.17993,1.18008,1.12,3.90
2014.11.03 14:47:15.337,1.17992,1.18006,1.37,1.00
2014.11.03 14:47:15.590,1.17996,1.1801,1.00,2.25
2014.11.03 14:47:15.641,1.17991,1.1801,2.62,1.50
2014.11.03 14:47:15.894,1.17997,1.1801,1.00,1.50
2014.11.03 14:47:16.097,1.17994,1.1801,1.12,1.00
2014.11.03 14:47:16.148,1.17994,1.1801,1.37,1.00
2014.11.03 14:47:16.654,1.17994,1.1801,1.12,1.19
2014.11.03 14:47:16.773,1.17997,1.1801,1.00,1.19
2014.11.03 14:47:16.976,1.17994,1.1801,1.12,1.19
2014.11.03 14:47:17.490,1.17994,1.1801,1.00,2.70
2014.11.03 14:47:17.541,1.17996,1.18009,1.00,1.00
2014.11.03 14:47:17.642,1.17991,1.18009,3.37,1.00
2014.11.03 14:47:18.159,1.17991,1.1801,3.37,4.95
2014.11.03 14:47:18.376,1.17991,1.1801,3.37,5.14
2014.11.03 14:47:18.680,1.18001,1.18014,1.00,1.00
2014.11.03 14:47:18.731,1.17999,1.18014,1.00,1.00
2014.11.03 14:47:18.839,1.17997,1.18014,1.87,1.50
2014.11.03 14:47:18.991,1.17999,1.18014,1.00,2.70
2014.11.03 14:47:19.664,1.17997,1.18014,1.12,3.82
2014.11.03 14:47:19.715,1.17997,1.18012,1.12,1.00
2014.11.03 14:47:20.224,1.17996,1.18012,1.87,1.00
2014.11.03 14:47:20.925,1.17996,1.18013,1.87,3.00
2014.11.03 14:47:21.229,1.18,1.18013,1.00,1.00
2014.11.03 14:47:21.280,1.18,1.18015,1.00,1.50
2014.11.03 14:47:21.985,1.18001,1.18015,1.00,1.00
2014.11.03 14:47:22.962,1.18002,1.18015,1.00,1.87
2014.11.03 14:47:23.266,1.18003,1.18017,1.00,1.00
2014.11.03 14:47:23.468,1.18003,1.18019,1.00,1.00
2014.11.03 14:47:24.501,1.18003,1.18019,1.00,1.37
2014.11.03 14:47:25.017,1.18003,1.18018,1.00,1.50
2014.11.03 14:47:26.390,1.18003,1.18018,1.00,1.87
2014.11.03 14:47:26.492,1.18001,1.18015,2.25,1.12
2014.11.03 14:47:28.751,1.17999,1.18015,1.12,2.25
2014.11.03 14:47:29.263,1.17998,1.18015,1.12,2.25
2014.11.03 14:47:30.342,1.17997,1.18012,1.37,1.00
2014.11.03 14:47:30.545,1.17996,1.18012,2.62,1.25
2014.11.03 14:47:30.647,1.17996,1.18012,2.62,1.69
2014.11.03 14:47:31.566,1.17996,1.18013,1.37,3.56
2014.11.03 14:47:32.560,1.17997,1.18013,1.37,4.31
2014.11.03 14:47:33.066,1.17996,1.18012,1.37,1.25
2014.11.03 14:47:34.607,1.17999,1.18013,1.00,1.00
2014.11.03 14:47:35.140,1.17999,1.18014,1.37,1.00
2014.11.03 14:47:36.010,1.18002,1.18014,1.00,1.00
2014.11.03 14:47:36.568,1.18002,1.18014,1.37,1.00
2014.11.03 14:47:37.083,1.18,1.18014,1.37,1.00
2014.11.03 14:47:38.680,1.18001,1.18014,1.37,1.00
2014.11.03 14:47:38.781,1.18001,1.18017,1.87,2.44
2014.11.03 14:47:38.885,1.18001,1.18017,1.87,1.69
2014.11.03 14:47:39.297,1.18001,1.18017,1.00,1.62
2014.11.03 14:47:39.821,1.17998,1.18014,1.37,1.00
2014.11.03 14:47:40.360,1.17998,1.18014,1.37,1.69
2014.11.03 14:47:40.700,1.17998,1.18014,1.12,2.06
2014.11.03 14:47:41.228,1.17996,1.18012,1.37,2.14
2014.11.03 14:47:41.689,1.17996,1.18012,1.37,2.89
2014.11.03 14:47:41.841,1.17996,1.18014,1.87,2.25
2014.11.03 14:47:41.942,1.17997,1.18011,1.37,1.00
2014.11.03 14:47:42.247,1.18002,1.18014,1.37,1.50
2014.11.03 14:47:42.755,1.18002,1.18015,1.37,1.00
2014.11.03 14:47:43.266,1.18002,1.18016,1.37,1.50
2014.11.03 14:47:44.924,1.18001,1.18016,1.37,1.50
2014.11.03 14:47:45.492,1.18001,1.18016,1.50,1.50
2014.11.03 14:47:45.745,1.18006,1.18019,1.37,1.25
2014.11.03 14:47:45.897,1.18004,1.18015,1.00,1.00
2014.11.03 14:47:46.201,1.18007,1.18015,1.00,1.00
2014.11.03 14:47:46.252,1.18002,1.18017,1.12,1.00
2014.11.03 14:47:46.304,1.18002,1.18017,1.37,1.00
2014.11.03 14:47:46.624,1.18001,1.18017,2.25,1.00
2014.11.03 14:47:46.726,1.18001,1.18017,1.00,1.31
2014.11.03 14:47:46.828,1.17996,1.18015,3.00,1.00
2014.11.03 14:47:46.995,1.18001,1.18013,1.00,1.00
2014.11.03 14:47:47.050,1.18001,1.18015,1.00,1.95
2014.11.03 14:47:47.456,1.18002,1.18018,1.00,1.00
2014.11.03 14:47:47.966,1.18002,1.1802,1.00,1.25
2014.11.03 14:47:48.119,1.18003,1.18021,1.37,2.25
2014.11.03 14:47:48.626,1.18003,1.1802,1.37,1.00
2014.11.03 14:47:49.135,1.18007,1.18021,1.12,2.25
2014.11.03 14:47:49.438,1.18006,1.18018,1.00,1.00
2014.11.03 14:47:49.946,1.18007,1.18018,1.00,1.00
2014.11.03 14:47:50.202,1.18003,1.18015,1.00,1.00
2014.11.03 14:47:50.405,1.18007,1.18016,1.00,1.00
2014.11.03 14:47:50.659,1.18001,1.18017,1.50,1.00
2014.11.03 14:47:51.276,1.18002,1.18017,1.00,1.00
2014.11.03 14:47:51.330,1.18001,1.18017,1.87,1.00
2014.11.03 14:47:51.837,1.18001,1.18016,3.82,1.00
2014.11.03 14:47:52.647,1.18002,1.18016,1.12,1.00
2014.11.03 14:47:53.157,1.18002,1.18013,1.00,1.00
2014.11.03 14:47:53.411,1.17997,1.18013,1.87,1.87
2014.11.03 14:47:53.563,1.17997,1.18013,1.00,1.50
2014.11.03 14:47:53.816,1.18002,1.18013,1.00,1.00
2014.11.03 14:47:53.917,1.17997,1.18013,1.00,1.00
2014.11.03 14:47:54.179,1.18002,1.18014,1.00,1.25
2014.11.03 14:47:54.694,1.18002,1.18016,1.37,1.50
2014.11.03 14:47:56.652,1.17999,1.18016,1.75,1.50
2014.11.03 14:47:56.906,1.18002,1.18019,1.37,2.44
2014.11.03 14:47:57.434,1.18001,1.18016,1.87,1.00
2014.11.03 14:47:57.738,1.18001,1.18013,1.37,1.00
2014.11.03 14:47:59.865,1.17998,1.18013,1.75,1.00
2014.11.03 14:48:00.445,1.18001,1.18013,1.37,1.00
2014.11.03 14:48:00.853,1.17997,1.18013,1.87,1.00
2014.11.03 14:48:01.951,1.17997,1.18013,1.75,1.00
2014.11.03 14:48:02.952,1.17997,1.18014,2.44,1.00
2014.11.03 14:48:03.986,1.17997,1.18014,3.00,1.00
2014.11.03 14:48:04.289,1.18001,1.18017,1.87,1.50
2014.11.03 14:48:04.755,1.18002,1.18017,1.37,1.00
2014.11.03 14:48:05.268,1.18002,1.18017,1.12,1.50
2014.11.03 14:48:06.782,1.18002,1.18017,1.37,1.00
2014.11.03 14:48:06.985,1.18002,1.18017,1.12,1.00
2014.11.03 14:48:07.392,1.18002,1.18019,1.37,1.37
2014.11.03 14:48:10.277,1.18002,1.18019,1.37,1.50
2014.11.03 14:48:10.780,1.18002,1.18019,1.37,1.50
2014.11.03 14:48:11.325,1.18002,1.18019,1.37,1.87
2014.11.03 14:48:12.462,1.18001,1.18018,1.87,1.00
2014.11.03 14:48:12.766,1.18001,1.18016,1.87,1.00
2014.11.03 14:48:13.279,1.18001,1.18016,1.87,1.00
2014.11.03 14:48:13.835,1.18001,1.18016,1.87,1.50
2014.11.03 14:48:14.358,1.18001,1.18016,2.62,1.00
2014.11.03 14:48:15.316,1.18001,1.18016,2.62,1.00
2014.11.03 14:48:15.417,1.18001,1.18016,2.62,1.00
2014.11.03 14:48:16.350,1.18001,1.18016,1.87,1.00
2014.11.03 14:48:18.359,1.18001,1.18019,3.37,1.50
2014.11.03 14:48:18.866,1.18002,1.18019,2.06,1.00
2014.11.03 14:48:20.891,1.18004,1.1802,1.62,1.87
2014.11.03 14:48:23.100,1.18005,1.1802,1.56,1.00
2014.11.03 14:48:24.878,1.18004,1.1802,2.06,1.00
2014.11.03 14:48:25.797,1.18004,1.18019,1.37,1.00
2014.11.03 14:48:26.764,1.18002,1.18019,4.01,1.00
2014.11.03 14:48:27.275,1.18004,1.18018,1.00,1.37
2014.11.03 14:48:27.478,1.18002,1.18018,1.25,1.37
2014.11.03 14:48:28.085,1.18002,1.18016,1.25,1.37
2014.11.03 14:48:28.395,1.17997,1.18011,1.69,1.37
2014.11.03 14:48:28.699,1.17996,1.18009,1.69,1.37
2014.11.03 14:48:28.922,1.17996,1.18009,1.69,1.87
2014.11.03 14:48:29.495,1.17996,1.18011,1.25,1.87
2014.11.03 14:48:30.152,1.17996,1.18009,1.25,1.37
2014.11.03 14:48:30.531,1.17995,1.18009,1.25,1.50
2014.11.03 14:48:30.926,1.17994,1.18007,1.25,1.75
2014.11.03 14:48:31.141,1.17991,1.18003,1.00,2.32
2014.11.03 14:48:31.192,1.17988,1.18003,1.00,3.07
2014.11.03 14:48:31.349,1.17985,1.18001,1.00,1.00
2014.11.03 14:48:31.653,1.17983,1.18001,1.00,3.45
2014.11.03 14:48:31.705,1.17983,1.17998,1.00,1.00
2014.11.03 14:48:32.641,1.17983,1.17998,1.00,1.37
2014.11.03 14:48:35.543,1.17983,1.17998,1.00,1.37
2014.11.03 14:48:36.045,1.17985,1.17998,1.00,1.37
2014.11.03 14:48:36.653,1.17985,1.17998,1.00,4.20
2014.11.03 14:48:36.704,1.17982,1.17994,1.50,1.87
2014.11.03 14:48:36.755,1.17982,1.17994,1.00,3.82
2014.11.03 14:48:36.857,1.17973,1.17988,1.87,1.00
2014.11.03 14:48:36.958,1.17973,1.17988,1.37,1.00
2014.11.03 14:48:37.955,1.17975,1.17988,1.00,1.00
2014.11.03 14:48:38.357,1.17975,1.17988,1.50,1.00
2014.11.03 14:48:38.509,1.17975,1.17991,1.50,1.00
2014.11.03 14:48:38.661,1.17975,1.17992,1.37,1.00
2014.11.03 14:48:39.591,1.17974,1.17992,7.84,1.00
2014.11.03 14:48:40.180,1.17974,1.17992,7.46,1.00
2014.11.03 14:48:40.282,1.17974,1.17992,2.81,1.37
2014.11.03 14:48:41.379,1.17974,1.1799,1.12,1.37
2014.11.03 14:48:41.587,1.17974,1.1799,1.12,1.12
2014.11.03 14:48:42.541,1.17976,1.1799,1.00,1.12
2014.11.03 14:48:43.906,1.17976,1.17992,1.00,1.37
2014.11.03 14:48:44.459,1.17976,1.17992,1.00,1.37
2014.11.03 14:48:44.792,1.17976,1.17992,1.00,1.75
2014.11.03 14:48:44.843,1.17972,1.1799,3.19,1.50
2014.11.03 14:48:44.944,1.17972,1.1799,2.62,1.37
2014.11.03 14:48:46.931,1.17972,1.17986,1.00,1.87
2014.11.03 14:48:47.133,1.1797,1.17986,1.87,1.87
2014.11.03 14:48:47.387,1.17977,1.17986,1.00,1.50
2014.11.03 14:48:47.640,1.17977,1.17989,1.00,1.00
2014.11.03 14:48:47.744,1.17977,1.17991,1.00,1.50
2014.11.03 14:48:48.219,1.17977,1.17991,1.00,2.62
2014.11.03 14:48:48.321,1.17976,1.17991,1.00,2.25
2014.11.03 14:48:49.080,1.17975,1.17991,1.00,1.50
2014.11.03 14:48:50.143,1.17975,1.17991,1.37,1.12
2014.11.03 14:48:50.245,1.17975,1.17991,1.00,1.37
2014.11.03 14:48:50.599,1.17973,1.17989,1.50,1.50
2014.11.03 14:48:50.903,1.17975,1.17989,1.00,1.50
2014.11.03 14:48:51.365,1.17977,1.17989,1.00,1.00
2014.11.03 14:48:51.780,1.17975,1.17989,1.00,1.12
2014.11.03 14:48:54.976,1.17974,1.17989,1.50,1.12
2014.11.03 14:48:55.911,1.17974,1.17989,1.00,1.37
2014.11.03 14:48:56.722,1.17974,1.17989,1.00,2.62
2014.11.03 14:48:58.715,1.17975,1.17989,1.00,2.62
2014.11.03 14:48:58.817,1.1797,1.17986,1.50,1.87
2014.11.03 14:48:59.071,1.17968,1.17984,1.00,1.00
2014.11.03 14:48:59.577,1.17968,1.17983,1.00,1.00
2014.11.03 14:49:00.307,1.17968,1.17984,1.00,1.12
2014.11.03 14:49:01.166,1.17968,1.17984,1.37,1.00
2014.11.03 14:49:01.681,1.17969,1.17985,1.12,1.12
2014.11.03 14:49:03.133,1.17969,1.17985,1.00,1.37
2014.11.03 14:49:03.654,1.17969,1.17985,1.00,1.00
2014.11.03 14:49:04.060,1.17969,1.17985,1.00,1.37
2014.11.03 14:49:04.212,1.17967,1.17984,1.69,1.37
2014.11.03 14:49:04.768,1.17967,1.17983,1.25,1.37
2014.11.03 14:49:05.278,1.17966,1.17983,1.87,1.37
2014.11.03 14:49:05.790,1.17966,1.17983,1.00,3.07
2014.11.03 14:49:06.297,1.17966,1.17983,1.00,3.07
2014.11.03 14:49:06.449,1.1797,1.17983,2.10,2.70
2014.11.03 14:49:06.754,1.17974,1.17988,2.25,1.12
2014.11.03 14:49:06.906,1.17974,1.1799,1.00,1.00
2014.11.03 14:49:07.007,1.17974,1.17992,1.00,3.45
2014.11.03 14:49:07.109,1.17976,1.17992,1.00,3.45
2014.11.03 14:49:08.642,1.17977,1.17992,1.00,1.00
2014.11.03 14:49:09.785,1.17977,1.17992,1.00,1.37
2014.11.03 14:49:10.089,1.17976,1.17989,1.00,1.37
2014.11.03 14:49:10.192,1.17972,1.17989,1.37,1.12
2014.11.03 14:49:10.496,1.17976,1.17989,1.00,1.00
2014.11.03 14:49:11.305,1.17973,1.17989,1.72,1.00
2014.11.03 14:49:11.407,1.17976,1.17989,1.00,1.00
2014.11.03 14:49:11.711,1.17971,1.17987,2.44,1.00
2014.11.03 14:49:12.014,1.17974,1.17989,1.50,1.12
2014.11.03 14:49:12.318,1.17976,1.17991,1.00,1.37
2014.11.03 14:49:12.521,1.17976,1.17992,1.00,1.00
2014.11.03 14:49:13.048,1.17977,1.17992,1.50,1.37
2014.11.03 14:49:13.621,1.17976,1.17992,1.50,1.37
2014.11.03 14:49:14.077,1.17979,1.17992,1.00,1.00
2014.11.03 14:49:14.615,1.17978,1.17992,1.00,1.00
2014.11.03 14:49:15.126,1.17981,1.17992,1.00,1.12
2014.11.03 14:49:15.228,1.17978,1.17992,1.00,1.12
2014.11.03 14:49:16.150,1.17982,1.17992,1.00,1.00
2014.11.03 14:49:16.768,1.17982,1.17993,1.00,1.00
2014.11.03 14:49:17.022,1.1798,1.17993,1.12,1.00
2014.11.03 14:49:17.558,1.17981,1.17993,1.00,1.00
2014.11.03 14:49:18.803,1.17983,1.17993,1.00,1.00
2014.11.03 14:49:18.854,1.17983,1.17995,1.00,1.00
2014.11.03 14:49:19.006,1.17983,1.17998,1.50,1.00
2014.11.03 14:49:19.209,1.17983,1.17998,1.50,1.37
2014.11.03 14:49:19.715,1.17983,1.17998,1.00,1.12
2014.11.03 14:49:19.817,1.17982,1.17998,1.50,1.37
2014.11.03 14:49:20.323,1.17981,1.17998,4.50,1.37
2014.11.03 14:49:20.847,1.17982,1.17998,1.00,1.37
2014.11.03 14:49:21.362,1.17981,1.17998,2.44,1.37
2014.11.03 14:49:21.787,1.17981,1.17998,1.25,1.87
2014.11.03 14:49:22.295,1.17981,1.17995,1.00,1.12
2014.11.03 14:49:22.600,1.17979,1.17995,1.69,1.37
2014.11.03 14:49:23.005,1.17977,1.17993,3.00,2.32
2014.11.03 14:49:23.553,1.17977,1.17993,3.75,2.32
2014.11.03 14:49:23.921,1.17977,1.17993,3.00,2.32
2014.11.03 14:49:24.427,1.17976,1.17991,1.00,1.12
2014.11.03 14:49:24.795,1.17978,1.17991,1.00,1.12
2014.11.03 14:49:25.316,1.17979,1.17991,1.00,1.12
2014.11.03 14:49:25.623,1.17977,1.17991,1.00,3.45
2014.11.03 14:49:25.927,1.17974,1.17986,1.00,1.12
2014.11.03 14:49:26.029,1.17972,1.17986,1.00,1.37
2014.11.03 14:49:27.045,1.17972,1.17986,1.50,1.37
2014.11.03 14:49:27.556,1.17972,1.17986,1.00,1.37
2014.11.03 14:49:27.708,1.17972,1.17986,1.00,1.37
2014.11.03 14:49:28.216,1.17972,1.17986,1.00,1.37
2014.11.03 14:49:29.540,1.17972,1.17984,1.00,1.37
2014.11.03 14:49:30.108,1.17972,1.17984,1.00,1.12
2014.11.03 14:49:30.927,1.17972,1.17984,1.00,1.37
2014.11.03 14:49:31.079,1.17969,1.17984,1.00,1.37
2014.11.03 14:49:31.131,1.17969,1.17984,1.00,1.50
2014.11.03 14:49:31.254,1.17969,1.17982,1.00,1.95
2014.11.03 14:49:31.305,1.17967,1.17982,1.50,1.95
2014.11.03 14:49:32.467,1.17967,1.17982,2.25,3.07
2014.11.03 14:49:33.001,1.17967,1.1798,2.25,1.37
2014.11.03 14:49:34.387,1.17966,1.17978,1.00,1.12
2014.11.03 14:49:35.045,1.17966,1.17978,1.50,1.37
2014.11.03 14:49:35.506,1.17961,1.17977,2.44,2.32
2014.11.03 14:49:35.571,1.17967,1.17977,1.00,2.32
2014.11.03 14:49:36.499,1.17962,1.17976,1.50,1.37
2014.11.03 14:49:36.652,1.17963,1.17976,1.37,1.00
2014.11.03 14:49:36.804,1.17967,1.1798,1.00,1.00
2014.11.03 14:49:37.794,1.17966,1.1798,2.25,1.00
2014.11.03 14:49:38.098,1.17968,1.1798,1.00,1.00
2014.11.03 14:49:38.402,1.17971,1.1798,1.00,1.00
2014.11.03 14:49:38.453,1.17969,1.1798,1.50,1.12
2014.11.03 14:49:38.992,1.1797,1.1798,1.00,1.00
2014.11.03 14:49:39.764,1.17968,1.1798,1.50,1.00
2014.11.03 14:49:40.377,1.17968,1.1798,1.00,1.37
2014.11.03 14:49:40.581,1.17966,1.17977,1.50,1.00
2014.11.03 14:49:41.102,1.17965,1.17977,1.00,1.00
2014.11.03 14:49:42.508,1.17967,1.17977,1.00,1.00
2014.11.03 14:49:42.610,1.17967,1.17979,1.00,1.12
2014.11.03 14:49:42.661,1.17965,1.17979,1.00,1.12
2014.11.03 14:49:43.711,1.17966,1.17979,1.00,1.12
2014.11.03 14:49:44.255,1.17967,1.17979,2.25,1.00
2014.11.03 14:49:44.306,1.17967,1.17983,2.25,1.12
2014.11.03 14:49:44.358,1.1797,1.17983,1.50,1.12
2014.11.03 14:49:44.871,1.1797,1.17983,1.00,1.37
2014.11.03 14:49:47.060,1.1797,1.17986,1.50,7.65
2014.11.03 14:49:47.949,1.17971,1.17986,1.00,6.15
2014.11.03 14:49:48.505,1.17971,1.17986,1.00,5.77
2014.11.03 14:49:48.708,1.17972,1.17986,1.12,1.00
2014.11.03 14:49:48.911,1.17972,1.17989,1.50,1.00
2014.11.03 14:49:48.962,1.17974,1.17989,1.00,1.00
2014.11.03 14:49:49.306,1.17976,1.17989,1.00,1.00
2014.11.03 14:49:49.627,1.17974,1.17988,2.25,1.37
2014.11.03 14:49:49.930,1.17972,1.17988,1.69,3.07
2014.11.03 14:49:50.473,1.17972,1.17988,2.44,3.07
2014.11.03 14:49:50.896,1.17972,1.17988,1.50,3.45
2014.11.03 14:49:51.407,1.17972,1.17985,2.25,2.32
2014.11.03 14:49:52.701,1.17972,1.17985,1.50,2.32
2014.11.03 14:49:53.255,1.17972,1.17985,1.50,2.32
2014.11.03 14:49:53.510,1.17972,1.17985,1.00,2.32
2014.11.03 14:49:54.048,1.17972,1.17985,1.00,2.32
2014.11.03 14:49:55.717,1.17972,1.17985,1.00,2.32
2014.11.03 14:49:58.236,1.17971,1.17985,2.10,2.32
2014.11.03 14:49:58.489,1.17967,1.17982,3.00,1.37
2014.11.03 14:49:58.996,1.17967,1.17982,1.00,1.37
2014.11.03 14:49:59.680,1.17967,1.17982,1.00,1.12
2014.11.03 14:50:00.270,1.17967,1.17982,1.37,1.00
2014.11.03 14:50:00.372,1.1797,1.17983,1.12,1.00
2014.11.03 14:50:00.474,1.17973,1.17987,2.10,1.00
2014.11.03 14:50:00.626,1.17974,1.17991,2.25,1.00
2014.11.03 14:50:00.778,1.17976,1.17991,1.25,1.00
2014.11.03 14:50:01.307,1.17974,1.17991,2.25,1.50
2014.11.03 14:50:01.460,1.17974,1.17989,1.50,2.25
2014.11.03 14:50:01.767,1.17973,1.17987,1.00,2.70
2014.11.03 14:50:02.071,1.17973,1.17988,1.00,2.32
2014.11.03 14:50:02.528,1.17972,1.17987,1.87,1.00
2014.11.03 14:50:02.833,1.17972,1.17989,2.25,1.95
2014.11.03 14:50:02.985,1.17973,1.17984,1.00,1.00
2014.11.03 14:50:03.137,1.17971,1.17985,1.00,1.00
2014.11.03 14:50:03.256,1.17969,1.17985,1.00,1.00
2014.11.03 14:50:03.613,1.17969,1.17985,1.00,1.37
2014.11.03 14:50:03.765,1.17967,1.17985,2.25,1.37
2014.11.03 14:50:03.918,1.17966,1.17982,1.50,1.37
2014.11.03 14:50:04.019,1.17966,1.17982,1.50,1.37
2014.11.03 14:50:04.424,1.17966,1.17982,1.50,1.87
2014.11.03 14:50:04.526,1.17966,1.17982,3.00,1.50
2014.11.03 14:50:05.034,1.17969,1.17982,1.00,1.00
2014.11.03 14:50:05.270,1.17969,1.17984,2.10,1.00
2014.11.03 14:50:05.423,1.17966,1.17983,1.50,2.14
2014.11.03 14:50:05.474,1.17966,1.1798,1.50,1.00
2014.11.03 14:50:05.626,1.17968,1.17983,1.00,1.00
2014.11.03 14:50:05.829,1.1797,1.17983,1.00,1.00
2014.11.03 14:50:05.931,1.17968,1.17983,1.00,1.00
2014.11.03 14:50:06.286,1.17966,1.17983,3.00,1.00
2014.11.03 14:50:06.388,1.17968,1.17983,1.00,1.00
2014.11.03 14:50:06.895,1.17967,1.17982,1.00,1.50
2014.11.03 14:50:07.513,1.17967,1.17982,1.87,1.00
2014.11.03 14:50:07.717,1.17967,1.17984,2.62,1.00
2014.11.03 14:50:08.031,1.17967,1.17985,2.62,4.57
2014.11.03 14:50:08.424,1.17967,1.17985,2.25,4.20
2014.11.03 14:50:08.830,1.17971,1.17985,1.00,3.45
2014.11.03 14:50:09.343,1.17968,1.17985,2.47,1.50
2014.11.03 14:50:09.647,1.17972,1.17985,2.85,1.00
2014.11.03 14:50:09.748,1.17974,1.17988,1.35,1.00
2014.11.03 14:50:09.850,1.17974,1.17991,1.35,2.25
2014.11.03 14:50:10.423,1.17973,1.1799,1.50,1.00
2014.11.03 14:50:10.627,1.17973,1.1799,1.87,1.00
2014.11.03 14:50:10.932,1.17978,1.17994,1.00,1.50
2014.11.03 14:50:11.259,1.17978,1.17992,1.00,1.00
2014.11.03 14:50:11.718,1.17979,1.17994,1.00,1.50
2014.11.03 14:50:12.487,1.17978,1.17994,2.25,1.00
2014.11.03 14:50:12.995,1.17978,1.17993,1.87,1.00
2014.11.03 14:50:13.509,1.17978,1.17994,1.00,1.50
2014.11.03 14:50:13.712,1.1798,1.17992,1.00,1.00
2014.11.03 14:50:13.813,1.17978,1.17994,1.12,1.00
2014.11.03 14:50:14.320,1.17976,1.17993,1.37,1.00
2014.11.03 14:50:14.472,1.17976,1.17993,1.87,1.00
2014.11.03 14:50:14.979,1.17977,1.17993,1.37,1.00
2014.11.03 14:50:15.131,1.17977,1.17993,1.00,1.00
2014.11.03 14:50:15.612,1.17975,1.17992,1.50,1.00
2014.11.03 14:50:16.134,1.17974,1.17992,3.97,1.00
2014.11.03 14:50:16.244,1.17974,1.17992,3.97,1.37
2014.11.03 14:50:16.750,1.17977,1.17992,1.37,1.12
2014.11.03 14:50:17.356,1.17976,1.17992,1.00,1.00
2014.11.03 14:50:17.862,1.17975,1.17992,1.00,1.37
2014.11.03 14:50:18.368,1.17975,1.17992,1.00,1.37
2014.11.03 14:50:20.364,1.17975,1.17992,1.37,1.37
2014.11.03 14:50:20.672,1.17974,1.17991,3.22,3.82
2014.11.03 14:50:21.354,1.17974,1.17991,3.22,3.82
2014.11.03 14:50:21.708,1.17971,1.17987,1.87,1.00
2014.11.03 14:50:22.216,1.17972,1.17987,1.37,2.25
2014.11.03 14:50:22.993,1.17972,1.17988,1.37,2.25
2014.11.03 14:50:25.174,1.17972,1.17988,1.37,1.50
2014.11.03 14:50:25.905,1.17975,1.17988,1.42,1.00
2014.11.03 14:50:26.107,1.17976,1.17991,1.00,3.75
2014.11.03 14:50:26.615,1.17977,1.1799,1.00,1.00
2014.11.03 14:50:26.717,1.17977,1.17992,1.00,1.50
2014.11.03 14:50:26.768,1.17975,1.17991,1.25,1.00
2014.11.03 14:50:27.307,1.17975,1.17989,1.69,1.00
2014.11.03 14:50:28.093,1.17975,1.17989,1.87,1.00
2014.11.03 14:50:28.708,1.17975,1.17989,1.87,1.00
2014.11.03 14:50:30.311,1.17975,1.17989,1.37,1.00
2014.11.03 14:50:30.779,1.17975,1.17989,1.37,1.00
2014.11.03 14:50:31.127,1.17975,1.17989,1.87,1.00
2014.11.03 14:50:31.632,1.17975,1.17989,1.87,1.00
2014.11.03 14:50:31.683,1.17975,1.17991,1.87,1.37
2014.11.03 14:50:32.501,1.17975,1.17991,1.00,1.37
2014.11.03 14:50:33.291,1.17975,1.17986,1.00,1.00
2014.11.03 14:50:33.547,1.17972,1.17988,1.37,1.00
2014.11.03 14:50:33.598,1.17972,1.17989,1.00,1.00
2014.11.03 14:50:33.751,1.17974,1.1799,1.95,1.50
2014.11.03 14:50:34.056,1.17977,1.17993,1.50,1.00
2014.11.03 14:50:34.565,1.17977,1.17994,1.50,1.87
2014.11.03 14:50:35.128,1.17977,1.17993,2.25,1.00
2014.11.03 14:50:35.450,1.17977,1.17994,2.62,1.37
2014.11.03 14:50:35.754,1.17979,1.17994,1.37,1.00
2014.11.03 14:50:36.059,1.17982,1.17996,1.00,1.00
2014.11.03 14:50:36.262,1.1798,1.17996,1.00,1.00
2014.11.03 14:50:36.363,1.17982,1.17996,1.00,1.00
2014.11.03 14:50:36.827,1.17979,1.17996,1.50,1.50
2014.11.03 14:50:36.980,1.17981,1.17995,1.00,1.00
2014.11.03 14:50:37.081,1.17978,1.17995,1.00,1.50
2014.11.03 14:50:37.407,1.1798,1.17995,1.00,1.50
2014.11.03 14:50:37.914,1.17979,1.17995,1.50,1.95
2014.11.03 14:50:38.928,1.17979,1.17995,1.50,2.32
2014.11.03 14:50:40.027,1.17979,1.17995,1.50,2.32
2014.11.03 14:50:40.533,1.17979,1.17994,1.50,1.37
2014.11.03 14:50:41.042,1.17979,1.17994,1.50,1.00
2014.11.03 14:50:41.574,1.17979,1.17995,2.25,1.00
2014.11.03 14:50:42.119,1.17979,1.17995,2.62,1.00
2014.11.03 14:50:42.422,1.17979,1.17995,2.25,1.00
2014.11.03 14:50:43.740,1.17979,1.17995,3.37,1.12
2014.11.03 14:50:44.262,1.17979,1.17994,2.25,1.00
2014.11.03 14:50:45.073,1.17979,1.17994,2.62,1.00
2014.11.03 14:50:45.602,1.1798,1.17994,1.37,1.00
2014.11.03 14:50:45.957,1.1798,1.17993,1.00,1.00
2014.11.03 14:50:46.464,1.17979,1.17992,1.12,1.00
2014.11.03 14:50:46.997,1.17978,1.17992,1.00,1.00
2014.11.03 14:50:47.515,1.17977,1.17992,2.62,1.00
2014.11.03 14:50:48.045,1.17976,1.17991,1.35,1.00
2014.11.03 14:50:49.227,1.17976,1.17993,1.72,1.00
2014.11.03 14:50:49.279,1.17976,1.17993,1.72,1.00
2014.11.03 14:50:49.786,1.17977,1.17993,1.87,1.00
2014.11.03 14:50:50.459,1.17978,1.17994,1.37,1.00
2014.11.03 14:50:51.041,1.1798,1.17994,1.00,1.00
2014.11.03 14:50:51.197,1.17981,1.17998,1.62,1.00
2014.11.03 14:50:51.300,1.17986,1.17999,1.00,2.25
2014.11.03 14:50:52.160,1.17987,1.17999,1.00,1.00
2014.11.03 14:50:52.694,1.17987,1.18001,1.00,1.37
2014.11.03 14:50:53.222,1.17986,1.18001,1.00,1.37
2014.11.03 14:50:53.744,1.17986,1.18001,1.37,1.00
2014.11.03 14:50:54.100,1.17986,1.18001,1.87,1.00
2014.11.03 14:50:54.202,1.17986,1.18001,1.87,1.00
2014.11.03 14:50:54.720,1.17988,1.18001,1.12,1.00
2014.11.03 14:50:55.273,1.17988,1.18001,1.37,1.00
2014.11.03 14:50:55.806,1.17988,1.18001,1.87,1.00
2014.11.03 14:50:56.407,1.17988,1.18001,1.87,1.00
2014.11.03 14:50:58.047,1.17988,1.18003,1.87,1.00
2014.11.03 14:51:00.181,1.17988,1.18003,1.87,1.00
2014.11.03 14:51:00.692,1.17988,1.18004,1.87,1.00
2014.11.03 14:51:02.336,1.17988,1.18004,1.87,1.00
2014.11.03 14:51:03.509,1.17988,1.18004,1.87,1.00
2014.11.03 14:51:04.015,1.17989,1.18005,1.37,1.00
2014.11.03 14:51:04.535,1.17991,1.18005,1.12,1.00
2014.11.03 14:51:05.094,1.17989,1.18005,1.12,1.00
2014.11.03 14:51:05.297,1.17988,1.18003,1.87,1.00
2014.11.03 14:51:06.298,1.17988,1.18,1.00,1.00
2014.11.03 14:51:06.603,1.17984,1.18001,1.50,1.50
2014.11.03 14:51:06.705,1.17986,1.18002,1.00,1.00
2014.11.03 14:51:07.009,1.17986,1.18,1.50,1.00
2014.11.03 14:51:07.364,1.17983,1.18,2.25,1.00
2014.11.03 14:51:07.466,1.17985,1.18002,1.00,1.00
2014.11.03 14:51:07.770,1.17985,1.17999,1.00,1.00
2014.11.03 14:51:08.244,1.17985,1.18001,1.00,1.00
2014.11.03 14:51:09.009,1.17985,1.18001,1.37,1.00
2014.11.03 14:51:09.316,1.17987,1.18001,1.37,1.00
2014.11.03 14:51:09.833,1.17987,1.18001,1.37,1.00
2014.11.03 14:51:10.137,1.17987,1.18001,1.87,1.00
2014.11.03 14:51:10.654,1.17987,1.18002,1.87,1.00
2014.11.03 14:51:10.705,1.17987,1.18004,1.87,2.25
2014.11.03 14:51:11.116,1.17987,1.18004,1.87,1.50
2014.11.03 14:51:11.636,1.17987,1.18004,1.87,1.50
2014.11.03 14:51:12.673,1.17987,1.18004,1.87,3.37
2014.11.03 14:51:13.267,1.17987,1.18004,1.50,2.62
2014.11.03 14:51:13.813,1.17987,1.18003,1.50,1.00
2014.11.03 14:51:14.431,1.17987,1.18003,1.50,1.37
2014.11.03 14:51:14.583,1.17987,1.18003,1.87,1.00
2014.11.03 14:51:14.685,1.17987,1.18003,1.87,1.00
2014.11.03 14:51:15.269,1.17987,1.18003,1.00,1.37
2014.11.03 14:51:16.923,1.17987,1.18004,2.62,2.25
2014.11.03 14:51:17.388,1.17991,1.18004,1.00,1.50
2014.11.03 14:51:18.248,1.17987,1.18004,2.62,1.50
2014.11.03 14:51:18.489,1.17992,1.18004,1.00,1.00
2014.11.03 14:51:19.015,1.17987,1.18004,2.62,1.00
2014.11.03 14:51:19.184,1.17987,1.18004,2.62,1.50
2014.11.03 14:51:19.488,1.17988,1.18004,1.87,1.00
2014.11.03 14:51:20.019,1.17991,1.18005,1.37,1.00
2014.11.03 14:51:21.407,1.17991,1.18005,1.37,1.00
2014.11.03 14:51:21.933,1.17992,1.18006,1.37,1.50
2014.11.03 14:51:25.012,1.17991,1.18005,1.37,1.00
2014.11.03 14:51:25.063,1.17989,1.18005,1.87,1.00
2014.11.03 14:51:25.597,1.17991,1.18006,1.37,1.50
2014.11.03 14:51:26.102,1.17989,1.18005,1.37,1.00
2014.11.03 14:51:26.615,1.17987,1.18004,3.19,1.00
2014.11.03 14:51:27.140,1.17987,1.18003,3.19,1.00
2014.11.03 14:51:28.520,1.17991,1.18004,1.37,1.00
2014.11.03 14:51:28.734,1.17993,1.18008,1.00,1.00
2014.11.03 14:51:28.836,1.17992,1.18006,1.50,1.00
2014.11.03 14:51:29.039,1.17992,1.18009,1.69,1.12
2014.11.03 14:51:29.241,1.17993,1.18007,1.19,2.10
2014.11.03 14:51:29.444,1.17988,1.18001,1.00,1.00
2014.11.03 14:51:29.620,1.17987,1.18003,2.25,1.00
2014.11.03 14:51:30.693,1.17987,1.18003,3.37,1.12
2014.11.03 14:51:30.998,1.17987,1.18004,3.56,1.00
2014.11.03 14:51:31.200,1.17989,1.18005,1.00,1.50
2014.11.03 14:51:31.251,1.17989,1.18001,1.00,1.00
2014.11.03 14:51:31.303,1.17987,1.18001,1.50,1.00
2014.11.03 14:51:31.404,1.17989,1.18001,1.00,1.00
2014.11.03 14:51:31.680,1.17988,1.18003,1.00,1.50
2014.11.03 14:51:31.934,1.17988,1.18005,1.00,2.25
2014.11.03 14:51:32.443,1.17989,1.18005,1.00,1.50
2014.11.03 14:51:32.801,1.17992,1.18005,1.00,1.50
2014.11.03 14:51:33.325,1.17989,1.18005,1.00,1.50
2014.11.03 14:51:33.756,1.17991,1.18004,1.00,1.12
2014.11.03 14:51:34.262,1.17991,1.18005,1.00,1.37
2014.11.03 14:51:34.364,1.17991,1.18005,1.00,1.12
2014.11.03 14:51:34.797,1.17991,1.18005,1.00,1.87
2014.11.03 14:51:34.999,1.17986,1.18003,2.62,1.87
2014.11.03 14:51:37.712,1.17986,1.18001,2.62,1.00
2014.11.03 14:51:38.222,1.17987,1.18001,1.00,1.00
2014.11.03 14:51:40.295,1.17986,1.18001,2.62,1.00
2014.11.03 14:51:40.498,1.17986,1.18001,2.25,1.37
2014.11.03 14:51:40.701,1.17983,1.17999,2.25,2.32
2014.11.03 14:51:40.904,1.17981,1.17993,2.25,1.00
2014.11.03 14:51:41.410,1.17982,1.17993,1.00,1.00
2014.11.03 14:51:41.781,1.17979,1.17993,1.00,1.00
2014.11.03 14:51:42.291,1.17979,1.17993,1.37,1.00
2014.11.03 14:51:42.443,1.17979,1.17993,1.00,1.37
2014.11.03 14:51:42.591,1.17977,1.17993,1.00,1.37
2014.11.03 14:51:42.644,1.17977,1.17993,1.00,3.07
2014.11.03 14:51:43.686,1.17976,1.17993,1.87,3.07
2014.11.03 14:51:44.421,1.17976,1.17993,1.87,3.07
2014.11.03 14:51:44.776,1.17981,1.17993,1.00,3.07
2014.11.03 14:51:45.080,1.17982,1.17994,1.00,1.00
2014.11.03 14:51:45.131,1.17982,1.17991,1.00,1.00
2014.11.03 14:51:45.334,1.17977,1.17989,1.50,1.00
2014.11.03 14:51:45.849,1.17977,1.1799,1.00,3.45
2014.11.03 14:51:46.103,1.17976,1.17988,1.50,1.00
2014.11.03 14:51:46.609,1.17977,1.17988,1.00,1.00
2014.11.03 14:51:48.639,1.17976,1.17989,1.12,1.00
2014.11.03 14:51:48.944,1.17977,1.17993,2.25,1.50
2014.11.03 14:51:49.199,1.17976,1.17991,1.50,1.00
2014.11.03 14:51:49.504,1.17977,1.17989,1.00,1.00
2014.11.03 14:51:50.179,1.17977,1.17988,1.00,1.00
2014.11.03 14:51:50.280,1.17976,1.1799,1.00,1.69
2014.11.03 14:51:50.483,1.17973,1.17988,1.00,1.00
2014.11.03 14:51:51.007,1.17971,1.17988,2.44,1.50
2014.11.03 14:51:51.470,1.17971,1.17988,2.25,1.87
2014.11.03 14:51:51.833,1.17971,1.17983,1.00,1.00
2014.11.03 14:51:52.036,1.17968,1.17983,1.87,1.00
2014.11.03 14:51:52.137,1.17972,1.17983,1.00,1.00
2014.11.03 14:51:52.239,1.17968,1.17983,1.50,1.50
2014.11.03 14:51:52.558,1.17968,1.17981,1.00,1.00
2014.11.03 14:51:52.862,1.17966,1.17978,1.00,1.00
2014.11.03 14:51:53.571,1.17967,1.17977,1.00,1.00
2014.11.03 14:51:54.093,1.17967,1.17978,1.00,1.50
2014.11.03 14:51:54.549,1.17963,1.17978,1.37,1.00
2014.11.03 14:51:55.337,1.17963,1.1798,1.87,3.26
2014.11.03 14:51:55.847,1.17963,1.1798,1.87,1.00
2014.11.03 14:51:57.114,1.17965,1.17981,1.00,1.87
2014.11.03 14:51:57.428,1.17965,1.17979,1.00,1.00
2014.11.03 14:51:58.768,1.17966,1.17979,1.00,1.12
2014.11.03 14:51:58.870,1.17964,1.17979,1.12,1.12
2014.11.03 14:51:58.971,1.17964,1.17978,1.37,1.00
2014.11.03 14:51:59.073,1.17967,1.1798,1.00,1.00
2014.11.03 14:51:59.630,1.17966,1.1798,1.50,1.00
2014.11.03 14:51:59.732,1.17966,1.17983,1.50,2.25
2014.11.03 14:52:00.087,1.17967,1.17981,2.25,1.00
2014.11.03 14:52:00.290,1.17964,1.1798,1.00,1.00
2014.11.03 14:52:00.341,1.17962,1.17981,1.00,2.25
2014.11.03 14:52:00.594,1.17967,1.1798,1.00,1.00
2014.11.03 14:52:01.101,1.17967,1.17979,1.00,1.00
2014.11.03 14:52:01.152,1.17964,1.17979,1.00,1.00
2014.11.03 14:52:01.512,1.17967,1.17981,1.00,1.50
2014.11.03 14:52:02.028,1.17966,1.17982,1.00,1.50
2014.11.03 14:52:02.333,1.17966,1.1798,1.00,1.95
2014.11.03 14:52:02.485,1.17963,1.1798,1.50,2.70
2014.11.03 14:52:02.738,1.17962,1.17978,2.25,1.00
2014.11.03 14:52:03.584,1.17962,1.17978,2.25,1.37
2014.11.03 14:52:03.854,1.17962,1.17979,2.62,1.12
2014.11.03 14:52:03.906,1.17963,1.17981,1.00,2.62
2014.11.03 14:52:04.060,1.17965,1.17981,1.00,1.37
2014.11.03 14:52:04.574,1.17964,1.17982,1.87,1.87
2014.11.03 14:52:04.909,1.17966,1.17982,1.00,1.37
2014.11.03 14:52:05.398,1.17967,1.17982,1.50,1.12
2014.11.03 14:52:05.911,1.17967,1.17983,2.62,1.12
2014.11.03 14:52:06.012,1.17972,1.17983,1.00,1.12
2014.11.03 14:52:06.215,1.17968,1.17983,1.12,1.00
2014.11.03 14:52:06.317,1.17971,1.17983,1.00,1.00
2014.11.03 14:52:06.419,1.1797,1.17987,2.62,1.87
2014.11.03 14:52:07.003,1.17971,1.17987,1.50,1.37
2014.11.03 14:52:07.412,1.17971,1.17987,1.00,2.32
2014.11.03 14:52:07.565,1.17968,1.17985,1.00,3.07
2014.11.03 14:52:07.717,1.17966,1.17983,1.50,1.87
2014.11.03 14:52:07.819,1.17967,1.17982,1.00,1.37
2014.11.03 14:52:07.920,1.17967,1.17982,1.00,1.50
2014.11.03 14:52:08.022,1.17965,1.17982,1.00,1.50
2014.11.03 14:52:08.073,1.17967,1.17982,1.00,1.50
2014.11.03 14:52:09.053,1.17967,1.17982,1.00,1.87
2014.11.03 14:52:09.578,1.17966,1.17982,1.00,1.87
2014.11.03 14:52:10.107,1.17967,1.17982,1.00,1.87
2014.11.03 14:52:10.615,1.17967,1.17982,1.12,1.50
2014.11.03 14:52:10.919,1.17971,1.17987,1.00,2.62
2014.11.03 14:52:11.443,1.17971,1.17986,1.00,1.37
2014.11.03 14:52:11.950,1.17971,1.17986,1.00,1.37
2014.11.03 14:52:12.466,1.17972,1.17986,1.00,1.37
2014.11.03 14:52:12.875,1.17971,1.17986,1.50,1.12
2014.11.03 14:52:13.769,1.17971,1.17986,1.00,1.37
2014.11.03 14:52:13.890,1.17972,1.17985,1.00,1.37
2014.11.03 14:52:14.598,1.17969,1.17985,1.87,1.37
2014.11.03 14:52:15.955,1.17968,1.17985,2.62,1.37
2014.11.03 14:52:16.460,1.17971,1.17985,1.00,1.37
2014.11.03 14:52:16.878,1.17968,1.17982,1.12,1.12
2014.11.03 14:52:18.077,1.17971,1.17982,1.00,1.12
2014.11.03 14:52:18.435,1.17967,1.17981,1.00,1.12
2014.11.03 14:52:18.486,1.17966,1.17981,1.00,3.07
2014.11.03 14:52:18.992,1.17967,1.17977,1.37,1.00
2014.11.03 14:52:19.094,1.17967,1.1798,1.37,1.95
2014.11.03 14:52:19.196,1.17972,1.17982,1.00,1.12
2014.11.03 14:52:19.704,1.17971,1.17982,1.00,1.00
2014.11.03 14:52:20.287,1.17972,1.17982,1.00,1.00
2014.11.03 14:52:21.526,1.17969,1.17982,1.31,1.00
2014.11.03 14:52:22.872,1.17967,1.17982,2.81,1.12
2014.11.03 14:52:23.075,1.17966,1.1798,1.87,1.00
2014.11.03 14:52:23.378,1.17966,1.17977,1.87,1.00
2014.11.03 14:52:23.683,1.17966,1.17977,1.37,1.00
2014.11.03 14:52:24.293,1.17967,1.17977,1.12,1.00
2014.11.03 14:52:24.814,1.17966,1.17977,1.00,1.00
2014.11.03 14:52:25.589,1.17965,1.17977,1.37,1.00
2014.11.03 14:52:25.792,1.17966,1.1798,1.37,1.50
2014.11.03 14:52:26.300,1.17967,1.1798,1.37,1.00
2014.11.03 14:52:26.971,1.17967,1.17981,2.06,1.00
2014.11.03 14:52:27.022,1.17967,1.17983,2.81,1.87
2014.11.03 14:52:27.580,1.17968,1.17984,1.25,1.87
2014.11.03 14:52:27.909,1.17968,1.17984,2.06,1.00
2014.11.03 14:52:28.314,1.17973,1.17984,1.00,1.00
2014.11.03 14:52:28.365,1.17973,1.17986,1.00,1.50
2014.11.03 14:52:28.467,1.17977,1.17986,1.00,1.50
2014.11.03 14:52:28.669,1.17973,1.17986,1.00,1.00
2014.11.03 14:52:29.293,1.17973,1.17986,1.37,1.00
2014.11.03 14:52:29.446,1.17973,1.17988,1.87,1.00
2014.11.03 14:52:29.649,1.17975,1.1799,1.37,1.00
2014.11.03 14:52:29.700,1.17974,1.1799,1.25,1.37
2014.11.03 14:52:30.021,1.17976,1.1799,1.00,1.87
2014.11.03 14:52:30.123,1.17976,1.1799,1.00,1.50
2014.11.03 14:52:30.630,1.17977,1.17988,1.00,1.50
2014.11.03 14:52:30.681,1.17972,1.17988,1.50,1.50
2014.11.03 14:52:30.784,1.17977,1.17988,1.00,1.50
2014.11.03 14:52:31.291,1.17976,1.17989,1.00,1.00
2014.11.03 14:52:31.798,1.17976,1.17988,1.00,1.00
2014.11.03 14:52:32.128,1.17976,1.17985,1.00,1.37
2014.11.03 14:52:32.634,1.17976,1.17985,1.00,1.00
2014.11.03 14:52:32.837,1.17976,1.17988,1.00,1.37
2014.11.03 14:52:33.611,1.17976,1.17986,1.00,1.12
2014.11.03 14:52:33.714,1.17976,1.17984,1.00,1.00
2014.11.03 14:52:33.866,1.17977,1.17986,1.00,1.00
2014.11.03 14:52:33.937,1.17977,1.17984,1.00,1.00
2014.11.03 14:52:34.191,1.17977,1.17986,1.00,1.25
2014.11.03 14:52:34.403,1.17972,1.17986,1.37,1.25
2014.11.03 14:52:34.454,1.17972,1.17986,1.00,1.25
2014.11.03 14:52:34.505,1.17972,1.17984,1.00,1.00
2014.11.03 14:52:34.808,1.17976,1.17983,1.00,1.00
2014.11.03 14:52:35.516,1.17971,1.17983,1.00,1.00
2014.11.03 14:52:36.047,1.17971,1.17984,1.37,1.00
2014.11.03 14:52:36.199,1.17977,1.17984,1.00,1.00
2014.11.03 14:52:36.249,1.17977,1.17986,1.00,1.00
2014.11.03 14:52:37.180,1.17972,1.17986,1.12,1.00
2014.11.03 14:52:39.350,1.17972,1.17984,1.00,1.00
2014.11.03 14:52:40.226,1.17972,1.17986,1.12,1.00
2014.11.03 14:52:40.447,1.17976,1.17986,1.00,1.00
2014.11.03 14:52:41.642,1.17976,1.17984,1.00,1.00
2014.11.03 14:52:42.250,1.17972,1.17984,1.00,1.00
2014.11.03 14:52:42.655,1.17971,1.17981,1.00,1.00
2014.11.03 14:52:43.161,1.17971,1.1798,1.00,1.00
2014.11.03 14:52:43.949,1.17971,1.17981,1.12,1.00
2014.11.03 14:52:44.253,1.17977,1.17987,1.00,1.12
2014.11.03 14:52:46.176,1.17976,1.17987,1.00,1.12
2014.11.03 14:52:46.277,1.17973,1.17986,1.25,1.00
2014.11.03 14:52:50.333,1.17973,1.17985,1.00,1.00
2014.11.03 14:52:50.485,1.17972,1.1798,1.00,1.00
2014.11.03 14:52:51.769,1.17972,1.17986,1.50,1.00
2014.11.03 14:52:51.820,1.17974,1.17986,1.00,1.00
2014.11.03 14:52:53.195,1.17974,1.17984,1.00,1.00
2014.11.03 14:52:53.719,1.17976,1.17984,1.00,1.00
2014.11.03 14:52:53.770,1.17976,1.17989,1.50,1.00
2014.11.03 14:52:54.036,1.17979,1.17989,1.00,1.00
2014.11.03 14:52:54.138,1.17976,1.1799,1.50,1.87
2014.11.03 14:52:54.341,1.17979,1.17988,1.00,1.37
2014.11.03 14:52:54.493,1.17975,1.1799,1.25,1.37
2014.11.03 14:52:55.030,1.17976,1.17988,1.00,1.37
2014.11.03 14:52:55.235,1.17974,1.17988,1.00,1.37
2014.11.03 14:52:55.768,1.17975,1.17988,1.00,1.37
2014.11.03 14:52:56.044,1.17978,1.17988,1.00,1.00
2014.11.03 14:52:56.095,1.17978,1.1799,1.00,1.00
2014.11.03 14:52:56.146,1.17976,1.1799,3.60,1.00
2014.11.03 14:52:56.248,1.17979,1.17991,1.00,1.00
2014.11.03 14:52:56.298,1.17979,1.17993,3.45,1.00
2014.11.03 14:52:56.349,1.1798,1.17995,1.00,1.50
2014.11.03 14:52:56.400,1.17983,1.17997,1.50,2.25
2014.11.03 14:52:56.707,1.1798,1.17991,1.00,1.00
2014.11.03 14:52:56.860,1.17977,1.17993,2.44,1.00
2014.11.03 14:52:56.962,1.17977,1.17991,2.44,1.00
2014.11.03 14:52:57.266,1.17983,1.17995,1.00,1.00
2014.11.03 14:52:57.318,1.17983,1.17997,1.00,2.25
2014.11.03 14:52:57.829,1.17983,1.17998,1.00,1.50
2014.11.03 14:52:58.764,1.17983,1.17998,1.00,2.25
2014.11.03 14:52:58.866,1.17982,1.17997,1.50,1.12
2014.11.03 14:52:58.969,1.1798,1.17995,1.50,1.00
2014.11.03 14:52:59.275,1.17978,1.1799,1.00,1.00
2014.11.03 14:52:59.579,1.17977,1.17988,1.00,1.00
2014.11.03 14:52:59.832,1.17977,1.17991,1.00,1.00
2014.11.03 14:53:00.035,1.17975,1.1799,1.50,1.00
2014.11.03 14:53:00.541,1.17973,1.17991,1.69,2.25
2014.11.03 14:53:01.061,1.17975,1.17991,1.00,1.50
2014.11.03 14:53:01.608,1.17976,1.17991,1.00,1.87
2014.11.03 14:53:02.447,1.17975,1.17991,1.00,1.87
2014.11.03 14:53:02.994,1.17975,1.17991,1.00,1.87
2014.11.03 14:53:03.300,1.17978,1.17991,1.00,1.37
2014.11.03 14:53:03.820,1.17978,1.17991,1.00,1.00
2014.11.03 14:53:04.497,1.17979,1.17991,1.00,1.12
2014.11.03 14:53:05.081,1.17979,1.17991,1.00,1.37
2014.11.03 14:53:05.589,1.17979,1.17991,1.00,1.00
2014.11.03 14:53:06.104,1.17978,1.17991,1.25,1.00
2014.11.03 14:53:06.625,1.17978,1.17991,1.00,1.37
2014.11.03 14:53:07.498,1.17978,1.17991,1.00,1.37
2014.11.03 14:53:08.011,1.17978,1.17991,1.00,1.12
2014.11.03 14:53:08.530,1.17977,1.17991,1.50,1.37
2014.11.03 14:53:09.389,1.17977,1.17991,2.44,1.37
2014.11.03 14:53:09.912,1.17978,1.17991,2.25,1.37
2014.11.03 14:53:10.454,1.17977,1.17991,1.50,1.37
2014.11.03 14:53:11.592,1.17977,1.17991,2.25,1.00
2014.11.03 14:53:11.643,1.17979,1.17991,1.00,1.00
2014.11.03 14:53:11.949,1.17987,1.17998,1.00,1.00
2014.11.03 14:53:12.482,1.17987,1.17999,1.25,1.00
2014.11.03 14:53:12.998,1.17988,1.18,1.00,1.00
2014.11.03 14:53:14.505,1.17987,1.18,2.81,1.00
2014.11.03 14:53:15.315,1.17987,1.18,3.00,1.37
2014.11.03 14:53:15.619,1.17988,1.18003,1.19,1.37
2014.11.03 14:53:15.822,1.17988,1.18003,1.19,1.00
2014.11.03 14:53:16.078,1.1799,1.18,1.00,1.00
2014.11.03 14:53:16.148,1.17987,1.18,1.00,1.00
2014.11.03 14:53:16.656,1.17986,1.18002,2.89,1.00
2014.11.03 14:53:16.863,1.17988,1.18002,1.00,1.00
2014.11.03 14:53:17.481,1.17988,1.18002,1.00,1.37
2014.11.03 14:53:17.797,1.17987,1.17998,1.00,1.00
2014.11.03 14:53:18.308,1.17985,1.17999,1.50,1.12
2014.11.03 14:53:18.838,1.17985,1.17999,3.30,1.12
2014.11.03 14:53:18.889,1.1799,1.17999,1.00,1.00
2014.11.03 14:53:19.041,1.17991,1.18001,1.00,1.00
2014.11.03 14:53:19.193,1.17991,1.18003,1.87,1.00
2014.11.03 14:53:19.397,1.17991,1.18006,1.00,1.00
2014.11.03 14:53:19.852,1.17991,1.18002,1.00,1.00
2014.11.03 14:53:20.473,1.17991,1.18005,2.70,1.37
2014.11.03 14:53:20.575,1.17991,1.18003,1.00,1.12
2014.11.03 14:53:20.727,1.17992,1.18005,1.00,1.00
2014.11.03 14:53:21.081,1.17991,1.18007,1.50,3.37
2014.11.03 14:53:21.588,1.17991,1.18006,1.50,1.62
2014.11.03 14:53:22.046,1.17986,1.18003,4.39,1.50
2014.11.03 14:53:22.198,1.17991,1.18003,1.00,1.00
2014.11.03 14:53:22.350,1.17991,1.18005,1.00,1.50
2014.11.03 14:53:22.452,1.17993,1.18007,1.95,1.87
2014.11.03 14:53:22.857,1.17997,1.18008,1.00,1.00
2014.11.03 14:53:23.364,1.17996,1.18007,1.00,1.00
2014.11.03 14:53:23.902,1.17996,1.18007,1.37,1.00
2014.11.03 14:53:24.085,1.17997,1.18009,1.12,1.00
2014.11.03 14:53:24.137,1.17997,1.18013,1.37,1.00
2014.11.03 14:53:24.441,1.18002,1.18011,1.00,1.00
2014.11.03 14:53:24.593,1.18002,1.18013,1.00,1.50
2014.11.03 14:53:24.948,1.18002,1.18015,1.00,1.50
2014.11.03 14:53:25.455,1.18002,1.18014,1.00,1.00
2014.11.03 14:53:25.967,1.18002,1.18014,1.00,1.37
2014.11.03 14:53:26.360,1.18002,1.18015,1.19,1.87
2014.11.03 14:53:26.513,1.18001,1.18015,1.69,1.37
2014.11.03 14:53:26.563,1.18001,1.18016,1.00,1.37
2014.11.03 14:53:26.819,1.17998,1.18014,1.19,2.62
2014.11.03 14:53:26.870,1.17997,1.18014,1.50,2.62
2014.11.03 14:53:28.108,1.17996,1.1801,1.87,1.12
2014.11.03 14:53:28.617,1.17997,1.1801,1.00,1.00
2014.11.03 14:53:28.974,1.17997,1.1801,1.56,1.00
2014.11.03 14:53:29.076,1.17997,1.18013,5.96,1.50
2014.11.03 14:53:29.177,1.17999,1.18015,1.37,2.25
2014.11.03 14:53:30.108,1.18001,1.18015,1.00,1.00
2014.11.03 14:53:32.167,1.18001,1.18017,1.12,1.12
2014.11.03 14:53:32.678,1.18001,1.18018,1.37,1.50
2014.11.03 14:53:33.298,1.18002,1.18019,1.37,1.12
2014.11.03 14:53:34.387,1.18002,1.18019,1.37,1.12
2014.11.03 14:53:34.697,1.18002,1.18019,1.37,1.37
2014.11.03 14:53:35.102,1.18003,1.18019,1.37,1.00
2014.11.03 14:53:35.254,1.18002,1.18018,1.12,1.12
2014.11.03 14:53:35.508,1.18002,1.18018,1.37,1.12
2014.11.03 14:53:36.677,1.18002,1.18018,1.37,1.37
2014.11.03 14:53:38.926,1.18002,1.18018,1.00,1.37
2014.11.03 14:53:39.231,1.18001,1.18017,1.00,1.87
2014.11.03 14:53:39.738,1.18,1.18017,1.00,1.87
2014.11.03 14:53:40.945,1.17999,1.18017,1.12,1.87
2014.11.03 14:53:41.440,1.17999,1.18016,1.12,1.37
2014.11.03 14:53:41.592,1.17999,1.18016,1.37,1.37
2014.11.03 14:53:41.909,1.18001,1.18017,1.37,1.50
2014.11.03 14:53:42.062,1.18001,1.18015,1.37,1.00
2014.11.03 14:53:42.379,1.18,1.18013,1.00,1.00
2014.11.03 14:53:42.887,1.18001,1.18013,1.00,1.00
2014.11.03 14:53:43.193,1.18,1.1801,1.00,1.00
2014.11.03 14:53:43.497,1.18002,1.18013,1.00,1.00
2014.11.03 14:53:44.003,1.18001,1.18013,2.06,1.00
2014.11.03 14:53:44.054,1.18001,1.18016,2.06,1.00
2014.11.03 14:53:44.105,1.18003,1.18016,1.95,1.00
2014.11.03 14:53:44.156,1.18003,1.18021,3.45,1.50
2014.11.03 14:53:44.258,1.18003,1.18018,2.70,1.00
2014.11.03 14:53:45.228,1.18003,1.18017,2.89,1.00
2014.11.03 14:53:45.787,1.18003,1.18014,1.25,1.00
2014.11.03 14:53:47.159,1.18,1.18014,1.00,1.12
2014.11.03 14:53:47.362,1.17998,1.18014,1.12,1.00
2014.11.03 14:53:47.753,1.17998,1.18014,1.37,1.00
2014.11.03 14:53:48.058,1.17998,1.18014,1.00,1.00
2014.11.03 14:53:48.585,1.17999,1.18014,1.95,1.00
2014.11.03 14:53:49.095,1.17999,1.18014,2.32,1.00
2014.11.03 14:53:49.197,1.17999,1.18016,2.32,1.00
2014.11.03 14:53:49.869,1.17999,1.18016,3.07,1.37
2014.11.03 14:53:50.876,1.17999,1.18015,3.45,1.12
2014.11.03 14:53:51.900,1.17999,1.18015,3.82,1.00
2014.11.03 14:53:52.427,1.18,1.18017,1.00,1.87
2014.11.03 14:53:52.833,1.17999,1.18016,1.31,1.37
2014.11.03 14:53:53.137,1.17998,1.18013,1.00,2.62
2014.11.03 14:53:53.440,1.17995,1.18011,1.00,2.62
2014.11.03 14:53:53.767,1.17995,1.18007,1.00,1.00
2014.11.03 14:53:54.716,1.17995,1.18009,1.00,1.37
2014.11.03 14:53:55.238,1.17995,1.18008,1.00,1.37
2014.11.03 14:53:55.910,1.17995,1.18009,1.00,2.62
2014.11.03 14:53:56.113,1.17995,1.18009,1.00,2.62
2014.11.03 14:53:56.366,1.17999,1.18012,1.00,1.87
2014.11.03 14:53:57.429,1.17999,1.18015,1.50,2.25
2014.11.03 14:53:57.634,1.17999,1.18013,1.00,1.37
2014.11.03 14:53:57.736,1.17999,1.18013,1.00,1.37
2014.11.03 14:53:57.837,1.17996,1.18013,1.00,1.87
2014.11.03 14:53:58.040,1.17997,1.18015,1.00,3.45
2014.11.03 14:53:58.243,1.17996,1.18013,1.00,1.00
2014.11.03 14:53:59.236,1.17996,1.18013,1.00,1.37
2014.11.03 14:54:00.520,1.17997,1.18012,1.00,1.37
2014.11.03 14:54:00.976,1.17997,1.18013,1.37,1.87
2014.11.03 14:54:01.499,1.17997,1.18013,2.25,1.12
2014.11.03 14:54:01.551,1.17997,1.18013,2.25,1.37
2014.11.03 14:54:02.059,1.17996,1.18012,1.37,1.00
2014.11.03 14:54:02.432,1.17997,1.18014,1.50,1.50
2014.11.03 14:54:02.484,1.17997,1.18016,2.25,1.50
2014.11.03 14:54:02.535,1.17999,1.18017,1.50,1.50
2014.11.03 14:54:02.841,1.17999,1.18015,2.25,1.00
2014.11.03 14:54:03.297,1.17999,1.18015,2.25,1.37
2014.11.03 14:54:03.601,1.17999,1.1801,1.00,1.00
2014.11.03 14:54:03.753,1.17997,1.1801,1.00,1.00
2014.11.03 14:54:06.160,1.17998,1.18013,1.00,1.87
2014.11.03 14:54:06.703,1.17999,1.18015,1.00,1.87
2014.11.03 14:54:07.109,1.17999,1.18013,1.00,1.37
2014.11.03 14:54:07.603,1.17996,1.1801,1.00,1.00
2014.11.03 14:54:07.907,1.17998,1.18013,1.37,2.25
2014.11.03 14:54:08.010,1.17998,1.18014,1.00,1.50
2014.11.03 14:54:08.825,1.17999,1.18014,1.00,1.00
2014.11.03 14:54:10.203,1.17999,1.18015,1.50,1.37
2014.11.03 14:54:10.618,1.17999,1.18015,1.50,1.12
2014.11.03 14:54:11.547,1.17999,1.18015,1.50,1.37
2014.11.03 14:54:12.903,1.17999,1.18015,1.50,1.37
2014.11.03 14:54:13.906,1.17999,1.18015,1.50,1.37
2014.11.03 14:54:14.750,1.17999,1.18015,1.00,1.87
2014.11.03 14:54:15.055,1.18001,1.18015,1.37,1.00
2014.11.03 14:54:15.570,1.18001,1.18015,1.00,1.00
2014.11.03 14:54:16.110,1.18001,1.18015,1.37,1.00
2014.11.03 14:54:17.030,1.18001,1.18015,1.12,1.12
2014.11.03 14:54:17.769,1.18001,1.18015,1.00,1.37
2014.11.03 14:54:18.329,1.17999,1.18015,1.62,1.37
2014.11.03 14:54:18.867,1.17999,1.18015,1.25,1.37
2014.11.03 14:54:19.386,1.17998,1.18015,1.69,1.37
2014.11.03 14:54:20.398,1.17998,1.18015,1.69,1.37
2014.11.03 14:54:21.594,1.17999,1.18015,1.00,1.37
2014.11.03 14:54:24.197,1.17999,1.18015,1.00,1.50
2014.11.03 14:54:24.451,1.17997,1.18015,1.50,3.00
2014.11.03 14:54:25.236,1.17997,1.18014,1.00,1.37
2014.11.03 14:54:28.050,1.17997,1.18012,1.50,1.37
2014.11.03 14:54:28.355,1.17995,1.18007,1.00,1.37
2014.11.03 14:54:28.406,1.1799,1.18006,1.00,1.37
2014.11.03 14:54:28.914,1.17991,1.18008,1.12,1.87
2014.11.03 14:54:29.015,1.17995,1.18009,1.00,1.37
2014.11.03 14:54:29.522,1.17995,1.18011,1.00,3.00
2014.11.03 14:54:31.451,1.17993,1.18009,1.87,1.37
2014.11.03 14:54:31.553,1.17993,1.18005,1.00,1.00
2014.11.03 14:54:31.604,1.17989,1.18005,2.25,1.00
2014.11.03 14:54:31.756,1.17991,1.18007,1.00,1.00
2014.11.03 14:54:32.010,1.17991,1.18009,2.44,1.50
2014.11.03 14:54:32.213,1.17994,1.1801,1.00,1.00
2014.11.03 14:54:32.365,1.17991,1.18008,1.69,1.50
2014.11.03 14:54:33.663,1.17991,1.18008,1.50,1.87
2014.11.03 14:54:34.074,1.1799,1.18007,1.31,2.62
2014.11.03 14:54:34.387,1.1799,1.18006,1.00,1.37
2014.11.03 14:54:34.898,1.17989,1.18005,1.00,1.37
2014.11.03 14:54:34.999,1.17989,1.18005,1.00,1.37
2014.11.03 14:54:36.036,1.17989,1.18006,1.00,1.37
2014.11.03 14:54:36.820,1.17989,1.18006,1.37,1.12
2014.11.03 14:54:36.922,1.17989,1.18006,1.12,1.37
2014.11.03 14:54:37.023,1.17989,1.18006,2.25,1.37
2014.11.03 14:54:37.327,1.17991,1.18006,1.00,1.37
2014.11.03 14:54:37.920,1.1799,1.18006,1.00,1.87
2014.11.03 14:54:38.561,1.17989,1.18004,1.00,1.37
2014.11.03 14:54:38.916,1.17988,1.18003,1.50,1.00
2014.11.03 14:54:39.018,1.1799,1.18003,1.00,2.25
2014.11.03 14:54:39.121,1.17986,1.18002,1.00,1.37
2014.11.03 14:54:40.480,1.17987,1.18002,1.00,1.37
2014.11.03 14:54:41.546,1.17987,1.18002,1.37,1.00
2014.11.03 14:54:41.649,1.17988,1.18004,1.62,2.62
2014.11.03 14:54:41.852,1.1799,1.18004,3.26,1.00
2014.11.03 14:54:42.157,1.17988,1.18004,2.44,1.37
2014.11.03 14:54:43.502,1.17988,1.18004,1.00,1.37
2014.11.03 14:54:43.958,1.17986,1.18002,1.50,1.37
2014.11.03 14:54:44.110,1.17986,1.18002,1.87,1.12
2014.11.03 14:54:44.213,1.17986,1.18002,1.87,1.87
2014.11.03 14:54:44.514,1.17986,1.18002,1.50,2.25
2014.11.03 14:54:45.048,1.17986,1.18,1.00,1.37
2014.11.03 14:54:45.618,1.17986,1.18,1.00,1.37
2014.11.03 14:54:46.088,1.17986,1.18,1.00,1.72
2014.11.03 14:54:46.190,1.17985,1.17998,1.50,1.37
2014.11.03 14:54:46.545,1.17983,1.17999,1.00,2.06
2014.11.03 14:54:47.104,1.17983,1.17999,1.00,2.06
2014.11.03 14:54:47.798,1.17986,1.17999,1.00,1.37
2014.11.03 14:54:48.305,1.17986,1.17999,1.00,1.12
2014.11.03 14:54:48.811,1.17986,1.17999,1.00,1.37
2014.11.03 14:54:50.895,1.17985,1.17999,1.00,1.37
2014.11.03 14:54:51.416,1.17986,1.17999,1.00,1.37
2014.11.03 14:54:52.726,1.17984,1.17999,1.00,1.37
2014.11.03 14:54:53.232,1.17983,1.17999,2.06,1.12
2014.11.03 14:54:53.739,1.17986,1.18002,1.12,1.37
2014.11.03 14:54:54.178,1.17985,1.17998,1.00,1.12
2014.11.03 14:54:54.684,1.17985,1.18001,1.50,1.37
2014.11.03 14:54:54.887,1.17985,1.18001,1.00,1.37
2014.11.03 14:54:54.938,1.17988,1.18001,1.00,1.37
2014.11.03 14:54:54.990,1.17988,1.18002,1.00,1.69
2014.11.03 14:54:55.142,1.17989,1.18004,1.00,1.00
2014.11.03 14:54:55.194,1.17987,1.18004,1.50,1.00
2014.11.03 14:54:55.657,1.17987,1.18003,1.00,1.50
2014.11.03 14:54:56.573,1.17987,1.18003,1.50,2.06
2014.11.03 14:54:58.909,1.17987,1.18002,1.00,1.37
2014.11.03 14:54:58.960,1.17984,1.18002,2.44,1.87
2014.11.03 14:54:59.314,1.17984,1.18001,1.00,2.44
2014.11.03 14:54:59.417,1.17986,1.18001,1.00,1.00
2014.11.03 14:54:59.737,1.17989,1.18003,1.50,1.00
2014.11.03 14:54:59.990,1.1799,1.18005,1.00,1.87
2014.11.03 14:55:00.611,1.17989,1.18005,1.69,1.12
2014.11.03 14:55:01.345,1.17989,1.18005,2.25,1.37
2014.11.03 14:55:02.814,1.17989,1.18005,1.50,1.37
2014.11.03 14:55:04.146,1.17989,1.18005,1.87,1.37
2014.11.03 14:55:05.526,1.17989,1.18005,1.50,1.37
2014.11.03 14:55:06.545,1.17989,1.18005,1.50,1.37
2014.11.03 14:55:06.944,1.17989,1.18005,1.50,1.37
2014.11.03 14:55:07.046,1.17989,1.18005,1.50,1.37
2014.11.03 14:55:07.655,1.17989,1.18005,1.87,1.37
2014.11.03 14:55:07.757,1.17989,1.18005,1.50,3.07
2014.11.03 14:55:08.063,1.17985,1.18001,1.87,1.37
2014.11.03 14:55:08.278,1.17986,1.18002,1.00,1.00
2014.11.03 14:55:08.532,1.17989,1.18001,1.00,1.00
2014.11.03 14:55:08.862,1.17989,1.18004,1.00,2.25
2014.11.03 14:55:08.963,1.17988,1.18001,1.50,1.00
2014.11.03 14:55:09.117,1.17989,1.18004,1.00,1.50
2014.11.03 14:55:09.320,1.17986,1.18004,2.89,2.25
2014.11.03 14:55:09.523,1.17985,1.18001,2.44,1.00
2014.11.03 14:55:10.049,1.17987,1.18001,1.00,1.00
2014.11.03 14:55:10.353,1.17987,1.18001,1.00,1.87
2014.11.03 14:55:10.715,1.17988,1.18001,1.00,1.75
2014.11.03 14:55:10.817,1.17988,1.18,1.00,1.12
2014.11.03 14:55:11.340,1.17987,1.18,1.00,1.12
2014.11.03 14:55:11.710,1.17987,1.17999,1.00,1.37
2014.11.03 14:55:15.069,1.17987,1.18,1.00,1.50
2014.11.03 14:55:15.373,1.17983,1.17996,1.00,4.20
2014.11.03 14:55:15.424,1.17981,1.17996,1.50,4.95
2014.11.03 14:55:15.789,1.1798,1.17993,1.00,1.50
2014.11.03 14:55:16.295,1.1798,1.17993,1.00,2.62
2014.11.03 14:55:16.397,1.17979,1.17993,1.00,3.45
2014.11.03 14:55:16.915,1.17978,1.17993,1.00,1.00
2014.11.03 14:55:16.966,1.17976,1.17993,1.50,1.00
2014.11.03 14:55:17.676,1.17976,1.17993,1.00,1.37
2014.11.03 14:55:18.081,1.17976,1.17993,1.00,2.25
2014.11.03 14:55:18.594,1.17976,1.17993,1.00,1.87
2014.11.03 14:55:18.645,1.17978,1.17993,1.00,1.37
2014.11.03 14:55:18.957,1.17978,1.17993,1.50,1.37
2014.11.03 14:55:19.313,1.17978,1.17993,1.50,1.87
2014.11.03 14:55:19.848,1.17978,1.17993,1.50,1.37
2014.11.03 14:55:20.368,1.17978,1.17993,1.50,1.87
2014.11.03 14:55:20.737,1.17978,1.17993,1.50,1.87
2014.11.03 14:55:21.333,1.17978,1.17993,1.50,1.87
2014.11.03 14:55:21.537,1.17978,1.17993,1.87,1.50
2014.11.03 14:55:22.510,1.17978,1.1799,1.00,2.10
2014.11.03 14:55:22.775,1.17978,1.17993,1.00,1.50
2014.11.03 14:55:23.079,1.17979,1.17995,1.50,2.85
2014.11.03 14:55:23.587,1.1798,1.17995,1.00,1.35
2014.11.03 14:55:24.553,1.1798,1.17995,1.50,1.72
2014.11.03 14:55:25.061,1.17979,1.1799,1.00,2.10
2014.11.03 14:55:25.416,1.17977,1.1799,3.00,2.10
2014.11.03 14:55:25.619,1.17977,1.17986,1.50,2.10
2014.11.03 14:55:25.923,1.17975,1.17986,1.00,2.10
2014.11.03 14:55:26.434,1.17974,1.17986,1.00,2.10
2014.11.03 14:55:28.003,1.17973,1.17986,3.00,2.10
2014.11.03 14:55:28.610,1.17974,1.17986,1.00,2.10
2014.11.03 14:55:29.132,1.17973,1.17986,2.25,2.47
2014.11.03 14:55:29.589,1.17972,1.17985,2.25,1.42
2014.11.03 14:55:29.843,1.17968,1.17982,1.50,2.10
2014.11.03 14:55:30.096,1.17971,1.17985,1.00,2.29
2014.11.03 14:55:30.249,1.17973,1.17989,1.50,2.47
2014.11.03 14:55:30.452,1.17976,1.17989,1.00,2.10
2014.11.03 14:55:30.970,1.17975,1.17989,1.00,2.10
2014.11.03 14:55:31.425,1.17978,1.17989,1.00,2.10
2014.11.03 14:55:32.439,1.17976,1.17989,1.87,2.10
2014.11.03 14:55:33.098,1.17977,1.17989,1.00,2.10
2014.11.03 14:55:33.606,1.17977,1.17991,1.12,1.00
2014.11.03 14:55:34.113,1.17977,1.17992,1.12,1.00
2014.11.03 14:55:34.939,1.17977,1.17992,1.37,1.00
2014.11.03 14:55:36.548,1.17977,1.17992,1.00,1.12
2014.11.03 14:55:36.650,1.17977,1.1799,1.00,1.00
2014.11.03 14:55:37.173,1.17976,1.1799,1.00,1.00
2014.11.03 14:55:37.698,1.17976,1.17989,1.00,2.10
2014.11.03 14:55:38.153,1.17976,1.17989,1.00,2.47
2014.11.03 14:55:38.356,1.17975,1.17989,1.00,2.10
2014.11.03 14:55:38.859,1.17975,1.17991,1.00,1.91
2014.11.03 14:55:39.277,1.17975,1.17991,1.00,6.49
2014.11.03 14:55:42.280,1.17975,1.17991,1.00,6.30
2014.11.03 14:55:42.382,1.17975,1.17988,1.00,2.85
2014.11.03 14:55:42.536,1.17973,1.17987,1.00,1.30
2014.11.03 14:55:42.843,1.17975,1.17987,1.00,1.30
2014.11.03 14:55:43.706,1.17976,1.17987,1.00,1.30
2014.11.03 14:55:44.019,1.17976,1.17988,1.00,3.22
2014.11.03 14:55:44.896,1.17975,1.17988,1.00,3.22
2014.11.03 14:55:45.921,1.17975,1.17988,1.00,3.22
2014.11.03 14:55:46.998,1.17975,1.17988,1.00,3.97
2014.11.03 14:55:47.607,1.17975,1.17988,1.00,4.35
2014.11.03 14:55:48.332,1.17975,1.17987,1.00,1.67
2014.11.03 14:55:50.098,1.17975,1.17987,1.00,1.35
2014.11.03 14:55:50.601,1.17975,1.17987,1.00,1.67
2014.11.03 14:55:51.163,1.17975,1.17987,1.00,1.35
2014.11.03 14:55:51.421,1.17975,1.17988,1.00,4.35
2014.11.03 14:55:52.410,1.17975,1.17987,1.00,1.67
2014.11.03 14:55:53.035,1.17974,1.17987,1.00,1.67
2014.11.03 14:55:53.239,1.17974,1.17983,1.00,2.47
2014.11.03 14:55:53.290,1.1797,1.17983,1.00,2.47
2014.11.03 14:55:53.341,1.17967,1.17983,1.50,2.47
2014.11.03 14:55:53.949,1.17967,1.17982,1.50,1.37
2014.11.03 14:55:54.454,1.17969,1.17983,1.00,2.47
2014.11.03 14:55:54.960,1.1797,1.17985,1.00,1.37
2014.11.03 14:55:55.365,1.17968,1.17985,5.10,1.37
2014.11.03 14:55:57.508,1.17967,1.17983,1.50,1.50
2014.11.03 14:55:58.126,1.17967,1.17983,1.87,3.00
2014.11.03 14:55:59.059,1.17967,1.17983,1.00,1.37
2014.11.03 14:55:59.261,1.17966,1.17983,1.12,1.37
2014.11.03 14:55:59.616,1.17969,1.17983,1.00,1.37
2014.11.03 14:55:59.926,1.17973,1.17986,1.00,1.50
2014.11.03 14:56:00.027,1.17973,1.17986,1.00,1.37
2014.11.03 14:56:00.129,1.17973,1.17986,1.00,1.50
2014.11.03 14:56:01.276,1.17973,1.17986,1.00,1.37
2014.11.03 14:56:02.039,1.17973,1.17986,1.00,1.75
2014.11.03 14:56:02.192,1.17971,1.17986,2.10,2.25
2014.11.03 14:56:02.495,1.17968,1.17986,1.50,3.00
2014.11.03 14:56:03.029,1.17968,1.17985,1.50,1.75
2014.11.03 14:56:03.182,1.17968,1.17986,1.50,3.94
2014.11.03 14:56:03.979,1.17968,1.17986,1.50,2.06
2014.11.03 14:56:04.252,1.1797,1.17986,2.10,3.56
2014.11.03 14:56:04.682,1.17971,1.17986,1.30,1.62
2014.11.03 14:56:05.005,1.17973,1.17986,1.87,1.00
2014.11.03 14:56:05.309,1.17975,1.17988,1.00,1.37
2014.11.03 14:56:05.360,1.17975,1.17988,1.00,1.12
2014.11.03 14:56:05.883,1.17975,1.17988,1.00,1.37
2014.11.03 14:56:06.959,1.17975,1.17988,1.12,1.00
2014.11.03 14:56:07.471,1.17974,1.17992,2.25,3.82
2014.11.03 14:56:08.849,1.17975,1.17992,1.00,4.57
2014.11.03 14:56:08.900,1.17975,1.17992,1.00,4.95
2014.11.03 14:56:09.419,1.17975,1.17989,1.00,1.37
2014.11.03 14:56:09.930,1.17974,1.17989,2.85,1.37
2014.11.03 14:56:10.235,1.17975,1.17989,1.00,1.37
2014.11.03 14:56:10.543,1.17974,1.17988,1.00,2.25
2014.11.03 14:56:10.594,1.17973,1.17988,1.00,1.87
2014.11.03 14:56:10.645,1.17971,1.17986,1.00,1.00
2014.11.03 14:56:11.021,1.17971,1.17984,1.00,1.50
2014.11.03 14:56:11.072,1.17968,1.17984,3.04,1.50
2014.11.03 14:56:11.587,1.17968,1.17984,2.10,1.00
2014.11.03 14:56:11.638,1.17974,1.17985,2.10,1.00
2014.11.03 14:56:11.790,1.17976,1.17988,1.00,1.00
2014.11.03 14:56:11.992,1.17978,1.17988,1.00,1.00
2014.11.03 14:56:13.082,1.1798,1.17988,2.85,1.12
2014.11.03 14:56:13.284,1.17978,1.17992,1.00,1.87
2014.11.03 14:56:13.791,1.17977,1.17992,1.00,2.25
2014.11.03 14:56:14.246,1.17977,1.17991,1.00,1.75
2014.11.03 14:56:14.347,1.17977,1.17991,1.00,1.50
2014.11.03 14:56:14.857,1.17977,1.17991,1.00,1.37
2014.11.03 14:56:15.343,1.17976,1.17991,2.85,2.25
2014.11.03 14:56:15.748,1.17976,1.17991,2.10,4.12
2014.11.03 14:56:16.001,1.17976,1.17989,2.10,1.00
2014.11.03 14:56:16.507,1.17976,1.17989,2.10,1.37
2014.11.03 14:56:16.962,1.17976,1.17988,2.10,1.50
2014.11.03 14:56:17.468,1.17976,1.1799,2.10,3.00
2014.11.03 14:56:17.570,1.17976,1.17988,2.10,1.12
2014.11.03 14:56:18.229,1.17976,1.17989,2.10,1.37
2014.11.03 14:56:18.735,1.17976,1.17991,2.10,1.37
2014.11.03 14:56:19.157,1.17976,1.17991,2.10,1.37
2014.11.03 14:56:19.412,1.17978,1.17993,1.00,2.62
2014.11.03 14:56:20.091,1.17978,1.17992,1.00,1.00
2014.11.03 14:56:20.352,1.17978,1.17991,1.00,1.37
2014.11.03 14:56:20.555,1.17978,1.17991,1.00,1.37
2014.11.03 14:56:20.960,1.17979,1.17993,2.85,2.25
2014.11.03 14:56:21.187,1.17979,1.17993,2.85,1.12
2014.11.03 14:56:21.702,1.17979,1.17992,2.85,2.25
2014.11.03 14:56:22.006,1.17979,1.17991,2.85,1.87
2014.11.03 14:56:22.319,1.17979,1.17992,2.85,2.25
2014.11.03 14:56:22.882,1.17979,1.17992,2.85,2.25
2014.11.03 14:56:23.672,1.17979,1.17991,2.10,1.75
2014.11.03 14:56:23.976,1.17979,1.17992,2.10,3.37
2014.11.03 14:56:26.019,1.17979,1.17991,2.10,2.25
2014.11.03 14:56:26.222,1.17979,1.17991,2.10,1.37
2014.11.03 14:56:29.043,1.17979,1.17992,2.10,2.25
2014.11.03 14:56:30.117,1.17979,1.17992,2.10,3.75
2014.11.03 14:56:31.241,1.17979,1.1799,2.10,1.75
2014.11.03 14:56:31.343,1.17975,1.17989,2.85,1.00
2014.11.03 14:56:31.495,1.17975,1.17985,1.00,1.95
2014.11.03 14:56:31.598,1.17969,1.17985,2.85,3.82
2014.11.03 14:56:32.459,1.17971,1.17985,1.00,2.32
2014.11.03 14:56:32.560,1.17974,1.17985,2.10,2.32
2014.11.03 14:56:32.662,1.17971,1.17985,2.10,2.32
2014.11.03 14:56:32.865,1.17973,1.17985,2.10,1.95
2014.11.03 14:56:33.377,1.17973,1.17987,2.10,1.12
2014.11.03 14:56:37.034,1.17977,1.17987,1.00,1.00
2014.11.03 14:56:37.249,1.17973,1.17987,2.85,1.00
2014.11.03 14:56:37.350,1.17976,1.17987,1.00,1.00
2014.11.03 14:56:38.008,1.17973,1.17987,2.85,1.00
2014.11.03 14:56:39.215,1.17974,1.1799,1.72,1.50
2014.11.03 14:56:39.470,1.17977,1.1799,2.10,1.00
2014.11.03 14:56:39.672,1.17977,1.17992,2.47,1.87
2014.11.03 14:56:40.179,1.17976,1.17992,2.62,1.87
2014.11.03 14:56:40.684,1.17976,1.17992,1.87,1.87
2014.11.03 14:56:42.487,1.17976,1.17992,1.50,1.87
2014.11.03 14:56:42.791,1.17976,1.17992,1.00,1.87
2014.11.03 14:56:43.318,1.17976,1.17992,1.50,2.62
2014.11.03 14:56:43.994,1.17981,1.17992,2.10,1.87
2014.11.03 14:56:45.293,1.17981,1.17992,2.10,1.87
2014.11.03 14:56:46.264,1.17981,1.17992,2.10,1.87
2014.11.03 14:56:46.787,1.17981,1.17992,2.10,1.50
2014.11.03 14:56:48.058,1.17981,1.17992,2.10,1.87
2014.11.03 14:56:48.590,1.17981,1.17992,2.10,1.87
2014.11.03 14:56:49.037,1.17986,1.17992,2.10,1.50
2014.11.03 14:56:49.138,1.17982,1.17995,2.10,1.00
2014.11.03 14:56:49.311,1.17981,1.17995,1.00,2.32
2014.11.03 14:56:49.362,1.17979,1.17994,1.00,2.32
2014.11.03 14:56:49.414,1.17979,1.17994,1.00,1.95
2014.11.03 14:56:49.516,1.17977,1.17993,2.85,2.25
2014.11.03 14:56:50.035,1.17977,1.17993,3.04,1.50
2014.11.03 14:56:50.238,1.17977,1.17991,2.10,1.50
2014.11.03 14:56:50.744,1.17977,1.17991,2.10,1.37
2014.11.03 14:56:50.897,1.17977,1.17992,2.10,6.15
2014.11.03 14:56:51.321,1.17977,1.17991,2.10,1.37
2014.11.03 14:56:51.475,1.17972,1.17987,2.25,1.50
2014.11.03 14:56:51.577,1.17971,1.17985,1.00,1.95
2014.11.03 14:56:51.681,1.17969,1.17985,1.00,1.95
2014.11.03 14:56:51.732,1.17969,1.17982,1.00,1.00
2014.11.03 14:56:52.238,1.17968,1.17982,2.85,1.00
2014.11.03 14:56:52.592,1.17968,1.17982,2.10,1.37
2014.11.03 14:56:53.600,1.17968,1.17982,2.10,1.00
2014.11.03 14:56:54.433,1.17966,1.17982,1.50,1.37
2014.11.03 14:56:54.954,1.17966,1.17981,1.00,1.37
2014.11.03 14:56:55.005,1.17966,1.17981,1.00,1.37
2014.11.03 14:56:55.107,1.17966,1.17981,1.00,1.37
2014.11.03 14:56:55.642,1.17966,1.17981,1.00,1.37
2014.11.03 14:56:56.202,1.17965,1.17981,1.50,1.37
2014.11.03 14:56:56.711,1.17965,1.17979,1.00,2.32
2014.11.03 14:56:57.254,1.17965,1.17979,1.00,2.32
2014.11.03 14:56:58.123,1.17965,1.17979,1.00,2.32
2014.11.03 14:56:58.944,1.17965,1.17979,1.00,2.32
2014.11.03 14:56:59.045,1.17965,1.17979,1.00,2.32
2014.11.03 14:57:00.234,1.17965,1.1798,1.00,1.12
2014.11.03 14:57:00.762,1.17966,1.17981,1.00,1.87
2014.11.03 14:57:00.965,1.17966,1.17981,1.00,1.87
2014.11.03 14:57:01.480,1.17967,1.17981,1.00,1.87
2014.11.03 14:57:03.347,1.17967,1.17981,1.50,1.37
2014.11.03 14:57:03.854,1.17967,1.17983,1.50,1.37
2014.11.03 14:57:05.956,1.17967,1.17984,1.50,3.82
2014.11.03 14:57:06.261,1.17969,1.17983,1.00,1.37
2014.11.03 14:57:06.767,1.17968,1.17984,1.00,1.87
2014.11.03 14:57:07.273,1.17968,1.17984,1.00,1.87
2014.11.03 14:57:07.577,1.17968,1.17984,1.00,1.87
2014.11.03 14:57:08.276,1.17968,1.17984,1.00,1.87
2014.11.03 14:57:08.793,1.17968,1.17984,1.00,2.62
2014.11.03 14:57:09.405,1.17968,1.17984,1.00,2.62
2014.11.03 14:57:09.507,1.17968,1.17984,1.37,2.25
2014.11.03 14:57:09.610,1.17968,1.17984,1.87,1.50
2014.11.03 14:57:09.762,1.17971,1.17987,1.12,2.62
2014.11.03 14:57:09.813,1.17973,1.17987,1.00,1.37
2014.11.03 14:57:10.708,1.17973,1.17989,1.50,1.87
2014.11.03 14:57:11.831,1.17973,1.17989,1.50,2.25
2014.11.03 14:57:12.353,1.17972,1.17989,1.50,1.50
2014.11.03 14:57:14.320,1.17972,1.17988,1.50,1.87
2014.11.03 14:57:14.574,1.1797,1.17986,1.50,1.87
2014.11.03 14:57:14.776,1.17969,1.17982,1.50,1.00
2014.11.03 14:57:15.130,1.17967,1.17982,1.50,1.00
2014.11.03 14:57:18.186,1.17968,1.17985,1.00,1.00
2014.11.03 14:57:18.388,1.1797,1.17985,1.00,1.37
2014.11.03 14:57:19.309,1.17971,1.17985,1.00,1.37
2014.11.03 14:57:19.563,1.17971,1.17987,1.50,1.37
2014.11.03 14:57:20.086,1.17972,1.17988,2.25,1.37
2014.11.03 14:57:20.592,1.17973,1.17988,1.50,1.37
2014.11.03 14:57:22.765,1.17973,1.17988,1.50,1.37
2014.11.03 14:57:22.968,1.17973,1.17989,1.50,3.07
2014.11.03 14:57:23.019,1.17976,1.1799,1.00,1.37
2014.11.03 14:57:23.844,1.17976,1.1799,1.00,1.00
2014.11.03 14:57:24.149,1.17975,1.1799,1.37,1.00
2014.11.03 14:57:24.200,1.17975,1.17992,1.87,1.50
2014.11.03 14:57:24.251,1.1798,1.17992,1.00,1.00
2014.11.03 14:57:24.303,1.1798,1.17995,1.00,1.12
2014.11.03 14:57:24.859,1.1798,1.17996,2.25,1.00
2014.11.03 14:57:25.011,1.17983,1.17998,1.00,1.37
2014.11.03 14:57:26.097,1.17983,1.17998,1.50,1.87
2014.11.03 14:57:28.516,1.17983,1.17998,1.50,1.37
2014.11.03 14:57:30.280,1.17983,1.17996,1.00,1.12
2014.11.03 14:57:30.382,1.17983,1.17996,1.00,1.37
2014.11.03 14:57:30.686,1.17982,1.17992,1.00,1.00
2014.11.03 14:57:30.736,1.17979,1.17992,1.50,1.00
2014.11.03 14:57:31.258,1.17979,1.17993,1.50,1.00
2014.11.03 14:57:33.328,1.17979,1.17993,1.50,1.37
2014.11.03 14:57:33.430,1.17978,1.17993,1.50,1.37
2014.11.03 14:57:33.684,1.17976,1.17993,1.25,1.87
2014.11.03 14:57:34.206,1.17977,1.17993,1.00,1.87
2014.11.03 14:57:34.736,1.17976,1.17992,1.00,5.02
2014.11.03 14:57:35.255,1.17976,1.17992,1.00,5.02
2014.11.03 14:57:35.721,1.17975,1.17987,1.00,4.27
2014.11.03 14:57:35.924,1.17972,1.17986,1.00,1.37
2014.11.03 14:57:36.228,1.17972,1.17986,1.00,1.00
2014.11.03 14:57:36.437,1.1797,1.17985,1.50,1.00
2014.11.03 14:57:36.640,1.1797,1.17983,1.00,1.50
2014.11.03 14:57:36.691,1.17968,1.17983,1.50,1.50
2014.11.03 14:57:37.217,1.17968,1.17983,1.00,1.87
2014.11.03 14:57:37.318,1.17968,1.1798,1.00,1.95
2014.11.03 14:57:37.420,1.17966,1.1798,1.50,1.95
2014.11.03 14:57:37.926,1.17965,1.1798,1.50,2.70
2014.11.03 14:57:38.750,1.17965,1.1798,1.50,2.32
2014.11.03 14:57:39.054,1.17967,1.1798,1.00,2.32
2014.11.03 14:57:40.087,1.17967,1.17981,1.00,1.37
2014.11.03 14:57:40.748,1.17967,1.17981,1.00,1.12
2014.11.03 14:57:41.267,1.17966,1.17981,1.50,1.37
2014.11.03 14:57:41.773,1.17966,1.17981,1.50,1.37
2014.11.03 14:57:42.317,1.17966,1.17981,1.50,1.37
2014.11.03 14:57:42.368,1.17966,1.17981,1.50,1.37
2014.11.03 14:57:42.470,1.17966,1.17981,1.50,1.37
2014.11.03 14:57:43.509,1.17966,1.17981,1.50,1.37
2014.11.03 14:57:44.017,1.17966,1.17981,1.50,1.37
2014.11.03 14:57:45.125,1.17966,1.17981,1.50,1.37
2014.11.03 14:57:45.429,1.17966,1.17981,1.50,1.50
2014.11.03 14:57:45.953,1.17967,1.17981,1.00,1.50
2014.11.03 14:57:46.206,1.17965,1.17981,1.00,1.50
2014.11.03 14:57:46.712,1.17965,1.17981,1.00,1.37
2014.11.03 14:57:47.407,1.17965,1.17981,1.00,1.37
2014.11.03 14:57:48.706,1.17965,1.17981,1.00,1.37
2014.11.03 14:57:50.039,1.17965,1.17981,1.00,1.87
2014.11.03 14:57:50.343,1.17964,1.17981,1.50,1.87
2014.11.03 14:57:50.394,1.17967,1.17981,1.00,1.87
2014.11.03 14:57:50.916,1.17967,1.17981,2.25,1.37
2014.11.03 14:57:51.425,1.17967,1.17981,1.50,1.00
2014.11.03 14:57:51.931,1.17968,1.17981,1.00,1.00
2014.11.03 14:57:52.862,1.17968,1.17981,1.00,1.37
2014.11.03 14:57:53.267,1.17971,1.17981,1.00,1.00
2014.11.03 14:57:53.774,1.1797,1.17984,1.00,1.37
2014.11.03 14:57:55.270,1.17969,1.17984,1.00,1.37
2014.11.03 14:57:55.785,1.17969,1.17984,1.00,1.37
2014.11.03 14:57:58.245,1.17969,1.17984,1.00,1.37
2014.11.03 14:57:58.941,1.17969,1.17984,1.00,1.87
2014.11.03 14:57:59.043,1.17969,1.17984,1.00,1.87
2014.11.03 14:57:59.573,1.17969,1.17984,1.00,1.87
2014.11.03 14:58:00.180,1.17969,1.17984,1.00,1.87
2014.11.03 14:58:00.687,1.17969,1.17983,1.00,1.00
2014.11.03 14:58:01.367,1.17969,1.17983,1.00,1.37
2014.11.03 14:58:02.176,1.17969,1.17983,1.00,1.12
2014.11.03 14:58:02.581,1.17969,1.17983,1.00,1.37
2014.11.03 14:58:03.171,1.17969,1.17983,1.00,1.37
2014.11.03 14:58:03.476,1.17969,1.17983,1.00,1.37
2014.11.03 14:58:03.679,1.17968,1.17981,1.00,1.00
2014.11.03 14:58:03.831,1.17966,1.1798,1.50,1.00
2014.11.03 14:58:04.338,1.17965,1.1798,1.00,1.00
2014.11.03 14:58:04.389,1.17963,1.1798,2.25,1.00
2014.11.03 14:58:05.519,1.17963,1.1798,2.25,1.37
2014.11.03 14:58:06.713,1.17964,1.1798,1.00,1.37
2014.11.03 14:58:07.264,1.17964,1.1798,1.00,1.37
2014.11.03 14:58:07.925,1.17963,1.1798,2.25,1.37
2014.11.03 14:58:08.330,1.17966,1.1798,1.00,1.37
2014.11.03 14:58:11.409,1.17965,1.17982,1.00,1.50
2014.11.03 14:58:12.285,1.17965,1.17982,1.00,1.37
2014.11.03 14:58:12.589,1.17969,1.17982,1.00,1.12
2014.11.03 14:58:12.893,1.1797,1.17985,2.10,1.37
2014.11.03 14:58:12.944,1.17969,1.17985,1.00,1.37
2014.11.03 14:58:13.096,1.17968,1.17986,1.50,4.50
2014.11.03 14:58:13.626,1.17968,1.17986,1.00,5.70
2014.11.03 14:58:13.933,1.17968,1.17983,1.00,2.25
2014.11.03 14:58:13.984,1.17968,1.17983,1.00,1.37
2014.11.03 14:58:14.085,1.17967,1.17983,1.00,1.75
2014.11.03 14:58:14.186,1.17968,1.17983,1.00,1.37
2014.11.03 14:58:14.389,1.17966,1.17983,2.25,1.37
2014.11.03 14:58:16.175,1.17966,1.17983,2.25,1.50
2014.11.03 14:58:16.682,1.17966,1.17983,2.25,1.12
2014.11.03 14:58:17.315,1.17966,1.17983,1.50,1.75
2014.11.03 14:58:17.518,1.17966,1.17983,1.00,1.12
2014.11.03 14:58:17.720,1.17967,1.17983,1.00,1.50
2014.11.03 14:58:17.822,1.17967,1.17983,1.00,1.12
2014.11.03 14:58:17.923,1.17967,1.17983,1.00,3.45
2014.11.03 14:58:18.429,1.17967,1.17981,1.00,1.37
2014.11.03 14:58:20.829,1.17967,1.17981,1.00,2.62
2014.11.03 14:58:21.356,1.17966,1.17981,1.00,1.37
2014.11.03 14:58:22.655,1.17967,1.17981,1.00,1.87
2014.11.03 14:58:23.188,1.17966,1.17981,1.00,1.37
2014.11.03 14:58:23.557,1.17966,1.17981,1.00,1.87
2014.11.03 14:58:24.683,1.17966,1.17981,1.00,1.50
2014.11.03 14:58:24.785,1.17966,1.17981,1.00,1.37
2014.11.03 14:58:25.357,1.17966,1.17981,1.00,1.50
2014.11.03 14:58:27.864,1.17966,1.17981,1.00,3.82
2014.11.03 14:58:29.136,1.17966,1.17976,1.00,1.00
2014.11.03 14:58:29.480,1.17963,1.17976,2.25,2.32
2014.11.03 14:58:29.582,1.17964,1.17976,1.00,1.00
2014.11.03 14:58:30.096,1.17965,1.17979,1.00,1.37
2014.11.03 14:58:30.197,1.17965,1.17979,1.00,1.37
2014.11.03 14:58:30.349,1.17963,1.17979,1.00,1.37
2014.11.03 14:58:31.409,1.17963,1.17978,1.00,2.85
2014.11.03 14:58:32.008,1.17962,1.17976,1.00,1.37
2014.11.03 14:58:32.673,1.17962,1.17976,1.00,1.37
2014.11.03 14:58:32.976,1.17965,1.17976,1.00,1.37
2014.11.03 14:58:33.560,1.17963,1.17976,1.00,1.37
2014.11.03 14:58:35.127,1.17963,1.17976,1.00,1.37
2014.11.03 14:58:35.178,1.17965,1.17976,1.00,1.37
2014.11.03 14:58:35.683,1.17965,1.17976,1.00,1.00
2014.11.03 14:58:36.514,1.17965,1.17976,1.00,1.72
2014.11.03 14:58:36.717,1.17959,1.17976,1.50,1.72
2014.11.03 14:58:36.819,1.17962,1.17976,1.00,1.72
2014.11.03 14:58:37.124,1.17964,1.17978,1.00,2.10
2014.11.03 14:58:37.378,1.17964,1.1798,1.50,2.10
2014.11.03 14:58:37.842,1.17964,1.1798,1.50,1.72
2014.11.03 14:58:38.714,1.17964,1.1798,1.00,1.72
2014.11.03 14:58:39.221,1.17965,1.17981,1.00,3.86
2014.11.03 14:58:39.741,1.17965,1.17979,1.00,2.32
2014.11.03 14:58:40.045,1.17963,1.17979,1.00,3.07
2014.11.03 14:58:40.197,1.17961,1.17978,1.50,1.37
2014.11.03 14:58:40.729,1.17961,1.17978,1.50,1.37
2014.11.03 14:58:41.254,1.17961,1.17976,1.50,2.32
2014.11.03 14:58:41.559,1.17961,1.17976,1.00,4.27
2014.11.03 14:58:43.577,1.17961,1.17974,1.00,2.10
2014.11.03 14:58:43.830,1.17953,1.17969,1.50,1.97
2014.11.03 14:58:44.338,1.17953,1.17969,1.50,1.37
2014.11.03 14:58:44.490,1.17953,1.17969,1.50,1.00
2014.11.03 14:58:45.011,1.17952,1.17969,1.00,1.54
2014.11.03 14:58:45.423,1.17952,1.17968,1.00,1.62
2014.11.03 14:58:46.875,1.17954,1.17968,1.50,1.87
2014.11.03 14:58:47.796,1.17954,1.17968,1.00,1.87
2014.11.03 14:58:48.326,1.17954,1.17968,1.00,1.87
2014.11.03 14:58:51.209,1.17954,1.17968,1.50,1.37
2014.11.03 14:58:51.362,1.17952,1.17968,1.00,1.37
2014.11.03 14:58:51.880,1.17951,1.17968,1.50,1.37
2014.11.03 14:58:52.538,1.17951,1.17968,1.00,3.79
2014.11.03 14:58:53.045,1.1795,1.17967,1.00,3.82
2014.11.03 14:58:53.548,1.1795,1.17966,1.00,1.37
2014.11.03 14:58:54.005,1.17952,1.17966,1.00,1.62
2014.11.03 14:58:54.359,1.17949,1.17966,1.00,4.16
2014.11.03 14:58:54.950,1.17949,1.17965,1.00,1.37
2014.11.03 14:58:55.694,1.17949,1.17965,1.00,2.25
2014.11.03 14:58:55.748,1.17949,1.17965,1.00,1.87
2014.11.03 14:58:55.850,1.17949,1.17965,1.00,1.87
2014.11.03 14:58:56.155,1.17952,1.17966,2.70,2.44
2014.11.03 14:58:56.460,1.17943,1.17959,1.00,1.72
2014.11.03 14:58:56.867,1.17945,1.17958,1.00,1.00
2014.11.03 14:58:57.170,1.17946,1.1796,1.00,1.16
2014.11.03 14:58:57.693,1.17945,1.17961,1.00,2.29
2014.11.03 14:58:59.180,1.17945,1.17961,1.00,1.97
2014.11.03 14:58:59.511,1.17945,1.1796,1.00,2.10
2014.11.03 14:58:59.975,1.17945,1.1796,1.00,1.37
2014.11.03 14:59:00.178,1.17945,1.17961,1.00,1.87
2014.11.03 14:59:00.280,1.17945,1.17961,1.50,3.07
2014.11.03 14:59:00.332,1.17948,1.17961,1.00,1.12
2014.11.03 14:59:00.637,1.17948,1.17964,1.00,2.85
2014.11.03 14:59:00.789,1.17947,1.17964,1.50,1.87
2014.11.03 14:59:00.890,1.17947,1.17966,3.00,3.00
2014.11.03 14:59:01.194,1.17948,1.17966,2.10,1.87
2014.11.03 14:59:01.795,1.17949,1.17966,1.60,1.87
2014.11.03 14:59:01.897,1.17947,1.17966,1.00,1.50
2014.11.03 14:59:02.202,1.17948,1.17964,1.00,1.50
2014.11.03 14:59:03.413,1.17947,1.17964,1.00,1.50
2014.11.03 14:59:03.514,1.17947,1.17965,1.00,2.62
2014.11.03 14:59:03.616,1.17947,1.17965,2.85,3.75
2014.11.03 14:59:04.123,1.17949,1.17965,1.00,1.87
2014.11.03 14:59:04.225,1.17949,1.17965,1.00,3.00
2014.11.03 14:59:04.428,1.17949,1.17965,1.00,1.37
2014.11.03 14:59:04.934,1.17948,1.17966,3.60,3.00
2014.11.03 14:59:05.035,1.17948,1.17966,3.60,3.00
2014.11.03 14:59:05.560,1.17948,1.17963,1.50,1.50
2014.11.03 14:59:06.473,1.17948,1.17964,1.00,1.50
2014.11.03 14:59:06.778,1.1795,1.17965,1.00,1.75
2014.11.03 14:59:07.155,1.17951,1.17965,1.00,1.87
2014.11.03 14:59:07.358,1.17951,1.17966,1.00,2.62
2014.11.03 14:59:07.460,1.17951,1.17966,1.00,2.25
2014.11.03 14:59:07.511,1.17948,1.17966,1.50,2.25
2014.11.03 14:59:07.612,1.1795,1.17966,1.00,1.50
2014.11.03 14:59:07.917,1.17949,1.17966,1.00,3.00
2014.11.03 14:59:07.968,1.17947,1.17965,1.00,1.75
2014.11.03 14:59:08.670,1.17947,1.17965,1.00,2.25
2014.11.03 14:59:10.712,1.17947,1.17965,1.00,3.00
2014.11.03 14:59:10.915,1.17946,1.17963,2.25,2.25
2014.11.03 14:59:11.017,1.17946,1.17963,1.00,3.00
2014.11.03 14:59:11.525,1.17945,1.17961,1.00,1.87
2014.11.03 14:59:11.626,1.17945,1.17959,1.00,1.00
2014.11.03 14:59:11.829,1.17941,1.17956,1.00,1.95
2014.11.03 14:59:12.235,1.17939,1.17956,1.00,5.32
2014.11.03 14:59:12.539,1.17931,1.17947,1.00,2.70
2014.11.03 14:59:12.692,1.1793,1.17945,1.00,1.00
2014.11.03 14:59:15.410,1.17928,1.17945,1.00,1.37
2014.11.03 14:59:15.665,1.17928,1.17944,1.00,1.50
2014.11.03 14:59:15.768,1.17928,1.17941,1.00,1.00
2014.11.03 14:59:16.277,1.17928,1.17942,1.00,1.00
2014.11.03 14:59:17.257,1.17933,1.17942,2.10,1.00
2014.11.03 14:59:17.461,1.17933,1.17944,2.10,1.87
2014.11.03 14:59:18.487,1.17933,1.17946,2.10,2.25
2014.11.03 14:59:18.995,1.17939,1.17946,2.10,1.50
2014.11.03 14:59:19.256,1.17934,1.17946,1.50,1.12
2014.11.03 14:59:19.736,1.17934,1.17948,2.85,1.00
2014.11.03 14:59:20.245,1.17934,1.17949,2.85,1.00
2014.11.03 14:59:20.397,1.17934,1.17944,2.10,1.00
2014.11.03 14:59:20.550,1.17934,1.17946,2.10,1.00
2014.11.03 14:59:21.056,1.17934,1.17947,2.10,1.00
2014.11.03 14:59:21.361,1.17932,1.17949,1.50,1.56
2014.11.03 14:59:22.019,1.17932,1.17949,1.50,2.06
2014.11.03 14:59:22.323,1.17932,1.17949,3.60,2.06
2014.11.03 14:59:22.475,1.17936,1.17949,1.00,1.50
2014.11.03 14:59:22.780,1.17939,1.17952,2.10,1.00
2014.11.03 14:59:22.882,1.17939,1.17954,2.10,1.00
2014.11.03 14:59:23.186,1.17943,1.17955,2.10,1.00
2014.11.03 14:59:23.256,1.17943,1.17957,2.10,1.25
2014.11.03 14:59:23.813,1.17943,1.17956,2.10,1.00
2014.11.03 14:59:24.422,1.17943,1.17958,2.85,1.37
2014.11.03 14:59:25.034,1.17943,1.17959,2.10,4.31
2014.11.03 14:59:25.406,1.17943,1.17959,2.10,3.94
2014.11.03 14:59:26.321,1.17943,1.17959,2.10,1.62
2014.11.03 14:59:26.531,1.17943,1.17959,2.10,1.62
2014.11.03 14:59:26.632,1.17943,1.17959,2.10,1.62
2014.11.03 14:59:26.937,1.17943,1.17959,3.60,1.00
2014.11.03 14:59:27.039,1.17946,1.17961,2.10,6.34
2014.11.03 14:59:27.363,1.17956,1.17969,2.10,1.00
2014.11.03 14:59:27.415,1.17956,1.17972,2.10,1.00
2014.11.03 14:59:27.516,1.17957,1.17974,1.50,1.00
2014.11.03 14:59:27.567,1.17959,1.17975,1.00,1.00
2014.11.03 14:59:27.881,1.17961,1.17975,1.00,1.00
2014.11.03 14:59:28.401,1.17959,1.17975,1.60,1.00
2014.11.03 14:59:28.907,1.17961,1.17975,1.00,1.00
2014.11.03 14:59:29.745,1.1796,1.17975,1.35,1.37
2014.11.03 14:59:30.253,1.1796,1.17976,1.35,2.32
2014.11.03 14:59:30.456,1.17958,1.17976,1.00,2.32
2014.11.03 14:59:30.962,1.17957,1.17973,1.00,3.07
2014.11.03 14:59:31.165,1.17955,1.17973,2.25,2.32
2014.11.03 14:59:31.469,1.17955,1.17972,1.50,4.27
2014.11.03 14:59:31.975,1.17955,1.17972,1.50,4.27
2014.11.03 14:59:32.076,1.17955,1.17972,1.50,4.27
2014.11.03 14:59:32.178,1.17955,1.17972,1.50,4.27
2014.11.03 14:59:33.218,1.17955,1.17972,1.50,5.77
2014.11.03 14:59:33.524,1.17952,1.17963,1.00,1.95
2014.11.03 14:59:33.625,1.1795,1.17963,1.00,1.95
2014.11.03 14:59:33.828,1.17947,1.17963,1.00,1.95
2014.11.03 14:59:34.032,1.17946,1.1796,1.00,1.95
2014.11.03 14:59:34.084,1.17944,1.1796,1.00,1.95
2014.11.03 14:59:34.731,1.17945,1.17962,1.00,1.95
2014.11.03 14:59:35.260,1.17946,1.17962,1.00,1.95
2014.11.03 14:59:35.311,1.1795,1.17964,1.95,1.00
2014.11.03 14:59:35.412,1.17946,1.17964,2.70,1.00
2014.11.03 14:59:35.615,1.17949,1.17964,1.00,1.95
2014.11.03 14:59:35.818,1.17947,1.17964,1.00,1.95
2014.11.03 14:59:36.381,1.17947,1.17963,1.00,1.00
2014.11.03 14:59:36.585,1.17947,1.17968,4.65,1.50
2014.11.03 14:59:36.636,1.1795,1.17968,3.90,1.50
2014.11.03 14:59:36.686,1.17954,1.17974,1.50,1.50
2014.11.03 14:59:36.838,1.17954,1.17972,1.50,1.95
2014.11.03 14:59:37.042,1.17954,1.17974,3.45,1.50
2014.11.03 14:59:37.610,1.17954,1.17973,2.25,1.00
2014.11.03 14:59:37.712,1.17954,1.1797,1.00,2.70
2014.11.03 14:59:37.814,1.17952,1.1797,1.50,1.95
2014.11.03 14:59:38.016,1.17952,1.17968,1.50,1.95
2014.11.03 14:59:38.518,1.17951,1.17964,1.50,1.95
2014.11.03 14:59:39.025,1.1795,1.17964,1.00,1.95
2014.11.03 14:59:39.482,1.17951,1.17968,1.00,1.00
2014.11.03 14:59:39.937,1.17952,1.17971,1.50,1.50
2014.11.03 14:59:40.444,1.17953,1.17972,2.70,1.00
2014.11.03 14:59:40.749,1.17955,1.17974,1.00,1.00
2014.11.03 14:59:41.053,1.17958,1.17975,1.00,3.07
2014.11.03 14:59:41.561,1.1796,1.17975,1.00,1.95
2014.11.03 14:59:42.227,1.1796,1.17971,1.00,1.95
2014.11.03 14:59:42.633,1.17958,1.17971,1.50,1.95
2014.11.03 14:59:42.735,1.17958,1.17969,1.00,1.95
2014.11.03 14:59:43.266,1.17957,1.17968,1.00,1.95
2014.11.03 14:59:43.785,1.17956,1.17968,1.00,1.95
2014.11.03 14:59:44.371,1.17955,1.17968,1.00,1.95
2014.11.03 14:59:44.524,1.17953,1.17968,1.50,1.95
2014.11.03 14:59:45.031,1.17952,1.17968,1.00,1.95
2014.11.03 14:59:45.359,1.17952,1.17965,1.00,1.95
2014.11.03 14:59:45.511,1.17941,1.17965,3.90,3.90
2014.11.03 14:59:46.564,1.17941,1.17959,1.95,1.95
2014.11.03 14:59:46.615,1.17934,1.17959,1.00,1.95
2014.11.03 14:59:46.666,1.17934,1.17954,1.00,1.95
2014.11.03 14:59:46.717,1.17932,1.17954,1.00,1.95
2014.11.03 14:59:46.768,1.17934,1.17955,1.95,1.95
2014.11.03 14:59:46.920,1.17939,1.17961,4.65,1.00
2014.11.03 14:59:46.971,1.17939,1.17964,4.65,3.90
2014.11.03 14:59:47.174,1.17939,1.17959,2.70,1.95
2014.11.03 14:59:47.479,1.17935,1.17959,3.90,3.90
2014.11.03 14:59:48.271,1.17939,1.17959,1.95,1.95
2014.11.03 14:59:48.323,1.17939,1.17961,1.95,1.95
2014.11.03 14:59:49.365,1.17942,1.17962,1.95,1.95
2014.11.03 14:59:49.872,1.17942,1.17963,3.90,1.00
2014.11.03 14:59:50.206,1.17942,1.17961,1.95,1.95
2014.11.03 14:59:50.257,1.17939,1.17961,1.95,1.95
2014.11.03 14:59:50.360,1.17937,1.17959,1.95,1.95
2014.11.03 14:59:50.412,1.17935,1.17959,3.90,4.65
2014.11.03 14:59:50.463,1.17935,1.17955,1.95,1.95
2014.11.03 14:59:50.514,1.17932,1.17955,1.00,3.90
2014.11.03 14:59:50.667,1.17929,1.17954,3.90,1.00
2014.11.03 14:59:50.768,1.17929,1.17952,1.95,1.95
2014.11.03 14:59:51.276,1.1793,1.17952,1.00,3.90
2014.11.03 14:59:51.428,1.17928,1.17952,3.90,3.90
2014.11.03 14:59:51.634,1.1793,1.17952,1.00,3.90
2014.11.03 14:59:51.939,1.17932,1.17952,1.00,3.90
2014.11.03 14:59:51.990,1.17928,1.17951,2.70,1.95
2014.11.03 14:59:52.243,1.17932,1.17953,1.95,2.70
2014.11.03 14:59:52.549,1.17933,1.17955,1.95,4.20
2014.11.03 14:59:52.752,1.17935,1.17959,1.00,3.45
2014.11.03 14:59:53.308,1.17936,1.1796,1.00,1.95
2014.11.03 14:59:53.562,1.17934,1.17961,1.95,1.50
2014.11.03 14:59:53.613,1.17937,1.17963,1.00,1.95
2014.11.03 14:59:53.663,1.17937,1.17965,2.70,2.70
2014.11.03 14:59:53.766,1.17938,1.17961,1.95,1.95
2014.11.03 14:59:54.071,1.17936,1.17959,1.00,1.50
2014.11.03 14:59:54.273,1.17934,1.17959,2.70,1.00
2014.11.03 14:59:54.325,1.17934,1.17962,1.00,3.37
2014.11.03 14:59:54.680,1.17937,1.17962,1.95,1.00
2014.11.03 14:59:54.933,1.17934,1.17962,1.00,1.00
2014.11.03 14:59:55.255,1.17926,1.17952,1.00,1.00
2014.11.03 14:59:55.307,1.17922,1.17952,1.50,1.00
2014.11.03 14:59:55.527,1.17925,1.1797,1.00,1.00
2014.11.03 14:59:55.731,1.17923,1.17959,1.00,1.00
2014.11.03 14:59:56.277,1.17922,1.17959,1.00,1.00
2014.11.03 14:59:56.327,1.17923,1.1797,1.00,1.00
2014.11.03 14:59:56.731,1.17924,1.17968,1.00,1.00
2014.11.03 14:59:57.257,1.17924,1.17967,1.00,1.00
2014.11.03 14:59:57.510,1.17924,1.17972,1.00,1.00
2014.11.03 14:59:58.026,1.17929,1.17972,1.00,1.00
2014.11.03 14:59:58.329,1.17925,1.17968,1.00,1.00
2014.11.03 14:59:58.431,1.17925,1.17976,1.00,1.00
2014.11.03 14:59:58.789,1.17924,1.17973,1.00,1.00
2014.11.03 14:59:59.144,1.17923,1.17971,1.00,1.00
