2007.11.05 08:00:00.188,0.99195,0.99225,6.70,15.20
2007.11.05 08:00:00.443,0.99195,0.99225,6.70,15.20
2007.11.05 08:00:00.776,0.9919,0.9922,6.70,8.80
2007.11.05 08:00:01.311,0.99185,0.9922,6.70,8.80
2007.11.05 08:00:01.645,0.99185,0.99215,6.70,8.80
2007.11.05 08:00:01.858,0.99185,0.99215,6.70,8.80
2007.11.05 08:00:02.204,0.9918,0.99215,7.50,8.80
2007.11.05 08:00:03.202,0.9918,0.99215,7.50,8.80
2007.11.05 08:00:03.682,0.9918,0.99215,7.50,8.80
2007.11.05 08:00:03.896,0.99185,0.99215,6.70,2.40
2007.11.05 08:00:04.109,0.99185,0.99215,8.30,2.40
2007.11.05 08:00:04.488,0.9919,0.99215,6.70,2.40
2007.11.05 08:00:04.722,0.9919,0.99215,6.70,2.40
2007.11.05 08:00:05.041,0.9919,0.99215,6.70,2.40
2007.11.05 08:00:05.646,0.9919,0.99215,6.70,2.40
2007.11.05 08:00:05.970,0.9918,0.9921,6.70,8.80
2007.11.05 08:00:06.479,0.9918,0.9921,6.70,8.80
2007.11.05 08:00:06.980,0.9918,0.9921,6.70,8.80
2007.11.05 08:00:07.335,0.9918,0.99215,6.70,15.20
2007.11.05 08:00:07.655,0.9918,0.99215,7.50,12.80
2007.11.05 08:00:07.854,0.99185,0.99215,6.70,8.80
2007.11.05 08:00:08.335,0.99185,0.99215,6.70,8.80
2007.11.05 08:00:09.212,0.99185,0.99215,6.70,11.20
2007.11.05 08:00:09.600,0.99185,0.99215,6.70,11.20
2007.11.05 08:00:09.813,0.99185,0.99215,6.70,11.20
2007.11.05 08:00:10.146,0.99185,0.99215,7.50,8.80
2007.11.05 08:00:10.480,0.99185,0.9922,7.50,8.80
2007.11.05 08:00:10.814,0.9919,0.99225,6.70,15.20
2007.11.05 08:00:11.022,0.9919,0.99225,6.70,15.20
2007.11.05 08:00:12.706,0.9919,0.99225,6.70,15.20
2007.11.05 08:00:12.954,0.9919,0.99225,6.70,15.20
2007.11.05 08:00:13.231,0.9919,0.99225,6.70,16.00
2007.11.05 08:00:13.450,0.99185,0.99215,7.50,8.80
2007.11.05 08:00:14.609,0.99185,0.99215,7.50,8.80
2007.11.05 08:00:14.862,0.99185,0.99215,6.70,8.80
2007.11.05 08:00:15.195,0.9919,0.99225,6.70,15.20
2007.11.05 08:00:17.379,0.9919,0.99225,6.70,19.20
2007.11.05 08:00:17.797,0.9919,0.99225,6.70,19.20
2007.11.05 08:00:18.036,0.9919,0.9922,6.70,8.80
2007.11.05 08:00:18.269,0.9919,0.99215,6.70,2.40
2007.11.05 08:00:18.606,0.9919,0.99215,6.70,2.40
2007.11.05 08:00:18.840,0.9919,0.99225,6.70,16.00
2007.11.05 08:00:19.157,0.9919,0.99225,6.70,16.00
2007.11.05 08:00:19.444,0.99185,0.99215,6.70,11.20
2007.11.05 08:00:19.784,0.99185,0.99215,6.70,11.20
2007.11.05 08:00:20.072,0.99185,0.99215,6.70,8.80
2007.11.05 08:00:20.400,0.99185,0.99215,6.70,8.80
2007.11.05 08:00:20.728,0.99185,0.9922,6.70,8.80
2007.11.05 08:00:21.058,0.99185,0.99215,6.70,8.80
2007.11.05 08:00:21.262,0.99185,0.99215,6.70,11.20
2007.11.05 08:00:21.984,0.99185,0.99215,6.70,11.20
2007.11.05 08:00:22.611,0.99185,0.99215,6.70,11.20
2007.11.05 08:00:22.909,0.99185,0.99215,6.70,2.40
2007.11.05 08:00:23.208,0.9918,0.99215,6.70,11.20
2007.11.05 08:00:23.652,0.9918,0.99215,6.70,11.20
2007.11.05 08:00:23.972,0.9918,0.99215,6.70,11.20
2007.11.05 08:00:24.605,0.9918,0.99215,6.70,11.20
2007.11.05 08:00:25.007,0.9918,0.99215,6.70,11.20
2007.11.05 08:00:25.341,0.99175,0.9921,8.30,8.80
2007.11.05 08:00:26.197,0.99175,0.9921,8.30,8.80
2007.11.05 08:00:26.679,0.99175,0.99205,1.60,11.20
2007.11.05 08:00:26.914,0.99175,0.99205,1.60,11.20
2007.11.05 08:00:26.977,0.9917,0.99205,11.50,11.20
2007.11.05 08:00:27.112,0.9917,0.99205,9.90,11.20
2007.11.05 08:00:27.431,0.9917,0.99205,9.10,8.80
2007.11.05 08:00:27.749,0.9917,0.99205,7.50,2.40
2007.11.05 08:00:28.068,0.9918,0.99205,1.50,2.40
2007.11.05 08:00:28.297,0.99175,0.99205,2.00,2.40
2007.11.05 08:00:28.685,0.99165,0.99205,8.30,2.40
2007.11.05 08:00:29.076,0.99165,0.99205,8.30,2.40
2007.11.05 08:00:29.385,0.99165,0.99205,8.30,2.40
2007.11.05 08:00:29.668,0.9917,0.99205,7.50,10.40
2007.11.05 08:00:30.034,0.9917,0.992,0.80,8.80
2007.11.05 08:00:30.435,0.99165,0.992,4.10,8.80
2007.11.05 08:00:30.877,0.99175,0.99195,3.60,2.40
2007.11.05 08:00:31.209,0.99165,0.99195,8.30,2.40
2007.11.05 08:00:31.573,0.99175,0.99195,3.60,2.40
2007.11.05 08:00:31.781,0.99165,0.99195,8.30,6.40
2007.11.05 08:00:31.989,0.9917,0.99195,1.00,6.40
2007.11.05 08:00:32.197,0.99165,0.99195,3.20,6.40
2007.11.05 08:00:32.503,0.99165,0.99195,1.60,6.40
2007.11.05 08:00:32.793,0.99165,0.99185,2.20,2.40
2007.11.05 08:00:33.157,0.99155,0.99185,11.50,2.40
2007.11.05 08:00:33.411,0.99155,0.99195,10.70,6.40
2007.11.05 08:00:33.656,0.99155,0.99195,10.70,15.20
2007.11.05 08:00:34.167,0.99155,0.99195,10.70,15.20
2007.11.05 08:00:34.606,0.99155,0.99195,10.70,15.20
2007.11.05 08:00:34.865,0.99155,0.99185,8.30,2.40
2007.11.05 08:00:35.514,0.9916,0.99185,2.30,2.40
2007.11.05 08:00:35.847,0.99155,0.99185,10.70,2.40
2007.11.05 08:00:36.181,0.99165,0.99185,0.50,2.40
2007.11.05 08:00:36.773,0.99165,0.99185,1.10,2.40
2007.11.05 08:00:37.085,0.99165,0.99185,2.40,2.40
2007.11.05 08:00:37.303,0.99155,0.99185,10.70,2.40
2007.11.05 08:00:37.800,0.99155,0.99185,10.70,2.40
2007.11.05 08:00:38.068,0.99155,0.99185,12.30,2.40
2007.11.05 08:00:38.337,0.9916,0.99185,1.60,2.40
2007.11.05 08:00:38.660,0.9916,0.99185,1.60,2.40
2007.11.05 08:00:38.933,0.99165,0.99185,0.80,6.40
2007.11.05 08:00:39.207,0.99145,0.99185,8.30,15.20
2007.11.05 08:00:39.498,0.9915,0.99185,0.90,15.20
2007.11.05 08:00:39.805,0.9915,0.99185,1.20,15.20
2007.11.05 08:00:40.089,0.99145,0.9918,9.10,0.80
2007.11.05 08:00:40.374,0.99155,0.99185,0.80,19.20
2007.11.05 08:00:40.707,0.99155,0.9918,0.80,8.80
2007.11.05 08:00:41.059,0.9915,0.9918,7.50,8.80
2007.11.05 08:00:41.391,0.99145,0.9918,2.60,8.80
2007.11.05 08:00:41.646,0.9914,0.9918,9.10,9.60
2007.11.05 08:00:41.865,0.9914,0.99175,9.10,4.00
2007.11.05 08:00:42.799,0.9914,0.99175,8.30,12.80
2007.11.05 08:00:43.586,0.99145,0.99175,0.80,12.80
2007.11.05 08:00:43.845,0.9914,0.99175,8.30,12.80
2007.11.05 08:00:44.063,0.99145,0.99175,2.80,4.00
2007.11.05 08:00:44.281,0.99135,0.99175,12.30,15.20
2007.11.05 08:00:44.500,0.9914,0.99175,1.80,15.20
2007.11.05 08:00:44.779,0.99135,0.99175,7.50,17.60
2007.11.05 08:00:45.058,0.99125,0.9917,33.10,8.80
2007.11.05 08:00:45.337,0.99125,0.9917,33.10,8.80
2007.11.05 08:00:45.615,0.99125,0.99165,29.10,12.80
2007.11.05 08:00:45.948,0.99125,0.9917,33.10,8.80
2007.11.05 08:00:46.697,0.99135,0.99165,1.50,2.40
2007.11.05 08:00:47.206,0.99135,0.99165,2.90,2.40
2007.11.05 08:00:47.683,0.99125,0.99165,26.70,15.20
2007.11.05 08:00:48.224,0.99135,0.99165,2.70,6.40
2007.11.05 08:00:48.526,0.99125,0.99165,11.50,6.40
2007.11.05 08:00:48.904,0.99135,0.99165,3.10,2.40
2007.11.05 08:00:49.291,0.9914,0.99175,3.10,16.00
2007.11.05 08:00:49.626,0.9914,0.99175,0.80,16.00
2007.11.05 08:00:49.969,0.9914,0.9917,3.50,8.80
2007.11.05 08:00:50.286,0.99135,0.9917,7.50,8.80
2007.11.05 08:00:50.516,0.99135,0.99175,7.50,15.20
2007.11.05 08:00:50.854,0.99135,0.99175,7.50,15.20
2007.11.05 08:00:51.182,0.99135,0.99175,7.50,15.20
2007.11.05 08:00:51.514,0.99135,0.99175,8.30,15.20
2007.11.05 08:00:51.848,0.99135,0.99165,7.50,2.40
2007.11.05 08:00:52.099,0.9914,0.99165,3.50,2.40
2007.11.05 08:00:52.321,0.99135,0.99175,7.50,15.20
2007.11.05 08:00:52.627,0.9914,0.99175,2.50,15.20
2007.11.05 08:00:53.137,0.99135,0.99175,7.50,15.20
2007.11.05 08:00:53.446,0.99135,0.99175,7.50,15.20
2007.11.05 08:00:53.971,0.99135,0.99175,7.50,15.20
2007.11.05 08:00:54.602,0.9914,0.99175,3.30,15.20
2007.11.05 08:00:55.119,0.9914,0.99175,1.00,15.20
2007.11.05 08:00:55.432,0.9914,0.99175,6.70,15.20
2007.11.05 08:00:55.763,0.9914,0.99175,6.70,15.20
2007.11.05 08:00:56.096,0.99135,0.9917,7.50,8.80
2007.11.05 08:00:56.430,0.99135,0.99165,7.50,2.40
2007.11.05 08:00:56.762,0.99135,0.99165,7.50,2.40
2007.11.05 08:00:56.991,0.9913,0.99165,7.50,15.20
2007.11.05 08:00:57.218,0.9913,0.99165,6.70,12.80
2007.11.05 08:00:57.508,0.9913,0.99165,6.70,12.80
2007.11.05 08:00:57.827,0.9913,0.99165,6.70,15.20
2007.11.05 08:00:58.140,0.9913,0.99165,6.70,15.20
2007.11.05 08:00:58.453,0.9913,0.99165,6.70,15.20
2007.11.05 08:00:58.869,0.9913,0.99165,6.70,15.20
2007.11.05 08:00:59.089,0.9913,0.99165,6.70,15.20
2007.11.05 08:00:59.410,0.9913,0.99165,6.70,18.40
2007.11.05 08:00:59.692,0.9913,0.99165,6.70,18.40
2007.11.05 08:00:59.934,0.9913,0.9916,6.70,8.80
2007.11.05 08:01:00.268,0.99135,0.99165,6.70,16.00
2007.11.05 08:01:00.602,0.99135,0.99165,6.70,6.40
2007.11.05 08:01:00.935,0.99135,0.99165,6.70,8.80
2007.11.05 08:01:01.180,0.99135,0.99165,6.70,8.80
2007.11.05 08:01:01.409,0.99135,0.99165,6.70,8.80
2007.11.05 08:01:01.637,0.99125,0.9916,17.90,8.80
2007.11.05 08:01:01.864,0.9913,0.99165,6.70,12.80
2007.11.05 08:01:02.191,0.9913,0.99165,6.70,12.80
2007.11.05 08:01:02.479,0.9913,0.99165,6.70,15.20
2007.11.05 08:01:02.955,0.9913,0.99165,6.70,15.20
2007.11.05 08:01:03.199,0.99125,0.9916,6.70,8.80
2007.11.05 08:01:03.496,0.99125,0.9916,6.70,8.80
2007.11.05 08:01:03.562,0.99115,0.9916,17.90,8.80
2007.11.05 08:01:03.744,0.99115,0.99155,17.90,11.20
2007.11.05 08:01:03.988,0.9912,0.99155,1.80,12.80
2007.11.05 08:01:04.391,0.99115,0.99155,9.10,6.40
2007.11.05 08:01:04.712,0.99115,0.99155,9.10,6.40
2007.11.05 08:01:05.025,0.9912,0.99155,2.30,21.60
2007.11.05 08:01:05.359,0.99115,0.99155,8.30,12.80
2007.11.05 08:01:05.692,0.99115,0.9915,8.30,8.80
2007.11.05 08:01:06.025,0.99115,0.9915,8.30,8.80
2007.11.05 08:01:06.491,0.9911,0.9915,9.90,8.80
2007.11.05 08:01:06.720,0.9911,0.9915,9.90,8.80
2007.11.05 08:01:07.117,0.99115,0.99145,3.50,4.00
2007.11.05 08:01:07.396,0.9912,0.99145,0.80,4.00
2007.11.05 08:01:07.711,0.9912,0.99145,0.80,4.00
2007.11.05 08:01:07.989,0.99115,0.9915,2.70,8.80
2007.11.05 08:01:08.267,0.9912,0.9915,0.80,8.80
2007.11.05 08:01:08.552,0.99115,0.9915,9.10,8.80
2007.11.05 08:01:08.848,0.99115,0.9915,9.10,8.80
2007.11.05 08:01:09.132,0.99115,0.9915,8.30,8.80
2007.11.05 08:01:09.366,0.9911,0.99145,7.50,2.40
2007.11.05 08:01:09.600,0.99105,0.99145,19.50,11.20
2007.11.05 08:01:09.832,0.99105,0.99145,16.30,13.60
2007.11.05 08:01:10.065,0.99105,0.9914,8.30,8.80
2007.11.05 08:01:10.299,0.9911,0.9914,1.70,8.80
2007.11.05 08:01:10.632,0.9911,0.99145,1.30,15.20
2007.11.05 08:01:10.966,0.99105,0.99145,27.50,15.20
2007.11.05 08:01:11.300,0.9911,0.99145,9.10,4.00
2007.11.05 08:01:11.853,0.99115,0.99145,0.70,4.00
2007.11.05 08:01:12.602,0.9911,0.99145,9.10,4.00
2007.11.05 08:01:12.935,0.99115,0.9915,0.90,8.80
2007.11.05 08:01:13.273,0.9911,0.99145,8.30,2.40
2007.11.05 08:01:13.678,0.9911,0.99145,9.10,6.40
2007.11.05 08:01:13.904,0.99115,0.99145,2.90,6.40
2007.11.05 08:01:14.181,0.99115,0.99145,1.60,6.40
2007.11.05 08:01:14.581,0.99115,0.99145,0.50,6.40
2007.11.05 08:01:14.889,0.99115,0.99145,4.00,6.40
2007.11.05 08:01:15.197,0.9911,0.99145,9.10,6.40
2007.11.05 08:01:15.506,0.9911,0.99145,9.10,6.40
2007.11.05 08:01:15.839,0.99115,0.99145,3.60,4.00
2007.11.05 08:01:16.172,0.9911,0.99145,9.10,4.00
2007.11.05 08:01:16.568,0.99115,0.99145,2.90,4.00
2007.11.05 08:01:16.786,0.9911,0.9915,9.90,8.80
2007.11.05 08:01:17.192,0.9911,0.9915,9.90,8.80
2007.11.05 08:01:17.410,0.9911,0.9915,9.90,8.80
2007.11.05 08:01:17.915,0.9911,0.9915,9.90,8.80
2007.11.05 08:01:18.218,0.99115,0.9915,3.10,8.80
2007.11.05 08:01:18.554,0.9911,0.9915,9.90,8.80
2007.11.05 08:01:19.144,0.9911,0.9915,9.90,8.80
2007.11.05 08:01:19.351,0.9911,0.9915,9.90,8.80
2007.11.05 08:01:19.601,0.9911,0.9915,9.90,8.80
2007.11.05 08:01:19.994,0.9911,0.9915,12.30,8.80
2007.11.05 08:01:20.223,0.9911,0.9915,9.90,8.80
2007.11.05 08:01:21.024,0.9911,0.9915,9.90,8.80
2007.11.05 08:01:21.358,0.99115,0.9915,10.00,8.80
2007.11.05 08:01:21.716,0.99125,0.99155,3.10,17.60
2007.11.05 08:01:21.919,0.99115,0.99155,7.50,13.60
2007.11.05 08:01:22.123,0.9911,0.99155,8.30,14.40
2007.11.05 08:01:22.326,0.99115,0.99155,7.50,28.80
2007.11.05 08:01:22.529,0.99115,0.99155,7.50,28.80
2007.11.05 08:01:22.732,0.9911,0.9914,9.10,8.80
2007.11.05 08:01:23.139,0.99105,0.99135,25.60,8.80
2007.11.05 08:01:23.467,0.9911,0.99145,7.50,4.00
2007.11.05 08:01:23.795,0.99105,0.9915,17.90,8.80
2007.11.05 08:01:24.030,0.9912,0.99155,2.70,15.20
2007.11.05 08:01:24.575,0.9912,0.99155,2.00,15.20
2007.11.05 08:01:24.864,0.99115,0.99155,7.50,12.80
2007.11.05 08:01:25.186,0.99115,0.99155,7.50,12.80
2007.11.05 08:01:25.474,0.99125,0.99155,9.10,4.00
2007.11.05 08:01:25.762,0.9913,0.99155,3.60,4.00
2007.11.05 08:01:26.136,0.99125,0.99155,3.10,2.40
2007.11.05 08:01:26.470,0.99115,0.99165,29.10,19.20
2007.11.05 08:01:26.803,0.9913,0.9916,2.30,0.80
2007.11.05 08:01:27.002,0.99125,0.9916,2.80,9.60
2007.11.05 08:01:27.199,0.99125,0.9916,2.70,9.60
2007.11.05 08:01:27.397,0.99115,0.99155,7.50,11.20
2007.11.05 08:01:27.609,0.9912,0.99155,1.00,11.20
2007.11.05 08:01:27.917,0.99115,0.9915,6.70,8.80
2007.11.05 08:01:28.225,0.9911,0.9915,22.80,8.80
2007.11.05 08:01:28.625,0.99115,0.9916,21.10,8.80
2007.11.05 08:01:28.863,0.99115,0.9916,25.10,9.60
2007.11.05 08:01:29.257,0.99115,0.9916,27.50,9.60
2007.11.05 08:01:29.576,0.99115,0.9916,31.50,9.60
2007.11.05 08:01:29.906,0.99115,0.9916,31.50,9.60
2007.11.05 08:01:30.218,0.99115,0.9916,27.50,9.60
2007.11.05 08:01:30.548,0.99115,0.9916,27.50,9.60
2007.11.05 08:01:30.844,0.99125,0.9916,6.70,9.60
2007.11.05 08:01:31.193,0.99125,0.99155,6.70,8.80
2007.11.05 08:01:31.527,0.99125,0.99155,6.70,8.80
2007.11.05 08:01:31.619,0.99115,0.99155,27.50,8.80
2007.11.05 08:01:31.860,0.99125,0.9916,6.70,8.80
2007.11.05 08:01:32.275,0.99125,0.9916,6.70,8.80
2007.11.05 08:01:32.497,0.99125,0.9916,6.70,8.80
2007.11.05 08:01:32.724,0.99125,0.99155,7.50,4.00
2007.11.05 08:01:33.018,0.9913,0.99155,6.70,4.00
2007.11.05 08:01:33.311,0.9913,0.99155,6.70,4.00
2007.11.05 08:01:33.604,0.99135,0.99155,6.70,4.00
2007.11.05 08:01:33.898,0.99135,0.99165,6.70,6.40
2007.11.05 08:01:34.146,0.99135,0.99165,6.70,6.40
2007.11.05 08:01:34.608,0.99135,0.99165,6.70,6.40
2007.11.05 08:01:35.597,0.99135,0.99165,6.70,6.40
2007.11.05 08:01:35.930,0.99135,0.9917,6.70,8.80
2007.11.05 08:01:36.145,0.9914,0.9917,6.70,8.80
2007.11.05 08:01:36.467,0.9914,0.99175,6.70,13.60
2007.11.05 08:01:36.696,0.9914,0.99175,6.70,13.60
2007.11.05 08:01:36.905,0.99135,0.9917,6.70,8.80
2007.11.05 08:01:37.113,0.99135,0.9917,6.70,8.80
2007.11.05 08:01:37.436,0.99135,0.9917,6.70,8.80
2007.11.05 08:01:38.244,0.99135,0.9917,6.70,8.80
2007.11.05 08:01:38.556,0.99135,0.9917,6.70,8.80
2007.11.05 08:01:38.814,0.9914,0.9917,6.70,8.80
2007.11.05 08:01:39.114,0.9914,0.9917,6.70,8.80
2007.11.05 08:01:39.392,0.99135,0.9917,6.70,8.80
2007.11.05 08:01:39.636,0.9914,0.9917,6.70,8.80
2007.11.05 08:01:40.100,0.9914,0.9917,6.70,8.80
2007.11.05 08:01:40.434,0.99135,0.9917,6.70,8.80
2007.11.05 08:01:40.864,0.99135,0.9917,6.70,8.80
2007.11.05 08:01:41.199,0.99135,0.9917,7.50,8.80
2007.11.05 08:01:41.382,0.99135,0.9917,7.50,8.80
2007.11.05 08:01:41.567,0.99135,0.9917,7.50,8.80
2007.11.05 08:01:41.922,0.99135,0.9917,7.50,8.80
2007.11.05 08:01:42.262,0.99135,0.9917,7.50,8.80
2007.11.05 08:01:42.600,0.99135,0.99165,6.70,4.00
2007.11.05 08:01:42.934,0.99135,0.99165,9.90,4.00
2007.11.05 08:01:43.267,0.99145,0.99165,6.70,4.00
2007.11.05 08:01:43.555,0.99145,0.99165,6.70,4.00
2007.11.05 08:01:43.798,0.99145,0.99175,6.70,6.40
2007.11.05 08:01:44.042,0.99145,0.99175,7.50,6.40
2007.11.05 08:01:44.285,0.9915,0.99175,0.80,4.00
2007.11.05 08:01:44.555,0.9915,0.99175,0.80,4.00
2007.11.05 08:01:44.805,0.99145,0.99175,8.30,4.00
2007.11.05 08:01:45.212,0.99145,0.99175,8.30,4.00
2007.11.05 08:01:45.623,0.9915,0.99175,6.70,4.00
2007.11.05 08:01:45.956,0.9915,0.99185,6.70,15.20
2007.11.05 08:01:46.290,0.99155,0.99185,9.90,12.80
2007.11.05 08:01:46.477,0.9916,0.99185,6.70,4.00
2007.11.05 08:01:46.670,0.9916,0.99185,6.70,4.00
2007.11.05 08:01:46.858,0.9916,0.99195,6.70,16.80
2007.11.05 08:01:47.098,0.9916,0.99195,6.70,12.80
2007.11.05 08:01:47.341,0.9916,0.99195,6.70,12.80
2007.11.05 08:01:47.674,0.9916,0.99195,6.70,19.20
2007.11.05 08:01:48.040,0.9916,0.99195,6.70,19.20
2007.11.05 08:01:48.373,0.9916,0.99195,6.70,22.40
2007.11.05 08:01:48.706,0.99155,0.9919,6.70,8.80
2007.11.05 08:01:48.929,0.99155,0.99185,6.70,4.00
2007.11.05 08:01:49.229,0.99145,0.9918,11.50,8.80
2007.11.05 08:01:49.566,0.99145,0.9918,11.50,8.80
2007.11.05 08:01:49.901,0.99145,0.99175,6.70,4.00
2007.11.05 08:01:50.233,0.9914,0.99175,7.50,12.80
2007.11.05 08:01:50.683,0.9914,0.99175,8.30,12.80
2007.11.05 08:01:51.007,0.99145,0.99175,6.70,12.80
2007.11.05 08:01:51.396,0.99145,0.99175,6.70,12.80
2007.11.05 08:01:51.719,0.9915,0.99175,6.70,4.00
2007.11.05 08:01:51.968,0.9915,0.99175,6.70,4.00
2007.11.05 08:01:52.181,0.9915,0.99175,6.70,4.00
2007.11.05 08:01:52.396,0.99145,0.99175,6.70,10.40
2007.11.05 08:01:52.609,0.99135,0.9917,11.50,8.80
2007.11.05 08:01:52.942,0.99135,0.9917,6.70,8.80
2007.11.05 08:01:53.275,0.99135,0.9917,7.50,8.80
2007.11.05 08:01:53.847,0.99135,0.99165,7.50,4.00
2007.11.05 08:01:54.165,0.99135,0.99165,7.50,4.00
2007.11.05 08:01:54.373,0.99135,0.99165,10.70,4.00
2007.11.05 08:01:54.580,0.9914,0.99165,7.50,4.00
2007.11.05 08:01:54.859,0.99145,0.99175,6.70,4.00
2007.11.05 08:01:55.152,0.99145,0.99175,6.70,6.40
2007.11.05 08:01:55.431,0.99145,0.99175,6.70,6.40
2007.11.05 08:01:55.719,0.99145,0.99175,6.70,6.40
2007.11.05 08:01:56.051,0.9914,0.99175,7.50,19.20
2007.11.05 08:01:56.384,0.9914,0.99175,7.50,15.20
2007.11.05 08:01:56.818,0.9914,0.99175,7.50,15.20
2007.11.05 08:01:57.025,0.9914,0.99175,6.70,15.20
2007.11.05 08:01:57.246,0.9914,0.99165,6.70,2.40
2007.11.05 08:01:57.454,0.9914,0.99165,6.70,2.40
2007.11.05 08:01:57.672,0.9914,0.99165,6.70,6.40
2007.11.05 08:01:57.989,0.9914,0.99165,6.70,10.40
2007.11.05 08:01:58.303,0.9914,0.99165,6.70,10.40
2007.11.05 08:01:58.616,0.99135,0.99165,0.80,15.20
2007.11.05 08:01:58.929,0.99135,0.99155,8.30,4.00
2007.11.05 08:01:59.202,0.99135,0.99155,8.30,4.00
2007.11.05 08:01:59.476,0.9914,0.99155,0.80,6.40
2007.11.05 08:01:59.748,0.99135,0.99155,8.30,6.40
2007.11.05 08:02:00.081,0.99135,0.99155,7.50,6.40
2007.11.05 08:02:00.425,0.99135,0.99155,7.50,6.40
2007.11.05 08:02:00.758,0.99135,0.99145,0.80,4.00
2007.11.05 08:02:01.046,0.99125,0.99145,7.50,4.00
2007.11.05 08:02:01.369,0.99125,0.99145,7.50,4.00
2007.11.05 08:02:01.676,0.99125,0.99145,7.50,4.00
2007.11.05 08:02:01.884,0.99125,0.99155,7.50,4.00
2007.11.05 08:02:02.206,0.99125,0.99155,0.80,12.80
2007.11.05 08:02:02.529,0.99125,0.99155,7.50,6.40
2007.11.05 08:02:02.951,0.99125,0.99155,0.80,15.20
2007.11.05 08:02:03.196,0.9912,0.99155,6.70,15.20
2007.11.05 08:02:03.440,0.99125,0.99155,6.70,15.20
2007.11.05 08:02:03.683,0.9912,0.99155,6.70,15.20
2007.11.05 08:02:03.926,0.9912,0.99155,6.70,15.20
2007.11.05 08:02:04.180,0.99125,0.99155,6.70,6.40
2007.11.05 08:02:04.439,0.9912,0.99155,6.70,12.80
2007.11.05 08:02:04.692,0.9912,0.99155,6.70,8.80
2007.11.05 08:02:04.945,0.9912,0.99155,6.70,8.80
2007.11.05 08:02:05.278,0.99125,0.99155,6.70,8.80
2007.11.05 08:02:05.612,0.99125,0.99155,6.70,8.80
2007.11.05 08:02:05.945,0.9912,0.99155,6.70,8.80
2007.11.05 08:02:06.217,0.9912,0.99155,6.70,8.80
2007.11.05 08:02:06.456,0.9912,0.99155,6.70,8.80
2007.11.05 08:02:06.695,0.9912,0.99155,6.70,12.80
2007.11.05 08:02:06.932,0.99125,0.9915,0.80,8.80
2007.11.05 08:02:07.266,0.99125,0.99155,9.90,4.00
2007.11.05 08:02:07.615,0.99125,0.9916,13.90,8.80
2007.11.05 08:02:07.949,0.99125,0.9916,13.90,8.80
2007.11.05 08:02:08.662,0.99125,0.9916,13.90,8.80
2007.11.05 08:02:09.598,0.99125,0.9916,13.90,8.80
2007.11.05 08:02:09.846,0.99125,0.9916,11.50,8.80
2007.11.05 08:02:10.093,0.99125,0.9916,12.30,8.80
2007.11.05 08:02:10.426,0.99125,0.9916,14.70,8.80
2007.11.05 08:02:10.759,0.9913,0.99165,6.70,12.80
2007.11.05 08:02:11.093,0.9913,0.99165,6.70,12.80
2007.11.05 08:02:11.331,0.9913,0.99165,6.70,12.80
2007.11.05 08:02:11.570,0.9913,0.99165,7.50,12.80
2007.11.05 08:02:11.808,0.99135,0.9917,7.50,8.80
2007.11.05 08:02:11.846,0.9913,0.9917,8.30,8.80
2007.11.05 08:02:12.046,0.9913,0.9917,8.30,9.60
2007.11.05 08:02:12.314,0.9913,0.9917,8.30,10.40
2007.11.05 08:02:12.630,0.99135,0.99165,2.40,4.80
2007.11.05 08:02:12.898,0.99135,0.99165,3.20,4.80
2007.11.05 08:02:13.166,0.9913,0.99165,8.30,4.00
2007.11.05 08:02:13.404,0.99125,0.99165,12.30,10.40
2007.11.05 08:02:13.643,0.99125,0.9916,1.00,8.80
2007.11.05 08:02:14.366,0.9912,0.9916,9.90,8.80
2007.11.05 08:02:14.647,0.9912,0.9916,9.10,8.80
2007.11.05 08:02:14.915,0.9912,0.9916,9.10,8.80
2007.11.05 08:02:15.266,0.99115,0.9916,37.10,8.80
2007.11.05 08:02:15.601,0.99115,0.99155,31.60,8.80
2007.11.05 08:02:15.934,0.99125,0.99155,9.30,12.80
2007.11.05 08:02:16.127,0.99125,0.99155,10.80,12.80
2007.11.05 08:02:16.320,0.9912,0.99155,24.40,12.80
2007.11.05 08:02:16.513,0.9913,0.9916,0.80,0.80
2007.11.05 08:02:16.706,0.9913,0.99165,1.80,17.60
2007.11.05 08:02:17.695,0.9913,0.9916,0.90,8.80
2007.11.05 08:02:17.993,0.9913,0.99165,4.00,16.00
2007.11.05 08:02:18.291,0.9913,0.99165,8.30,13.60
2007.11.05 08:02:18.648,0.99135,0.99165,0.80,13.60
2007.11.05 08:02:18.907,0.99125,0.99165,14.70,4.00
2007.11.05 08:02:19.167,0.9913,0.99165,3.60,12.80
2007.11.05 08:02:19.475,0.9913,0.99165,0.50,12.80
2007.11.05 08:02:19.787,0.9913,0.99165,3.30,12.80
2007.11.05 08:02:20.100,0.9913,0.99165,3.20,12.80
2007.11.05 08:02:20.428,0.99135,0.99165,0.80,15.20
2007.11.05 08:02:20.756,0.99135,0.99165,0.80,12.80
2007.11.05 08:02:21.084,0.9913,0.99165,8.30,12.80
2007.11.05 08:02:21.398,0.99125,0.99165,23.50,15.20
2007.11.05 08:02:21.666,0.9913,0.99165,2.90,15.20
2007.11.05 08:02:21.910,0.99125,0.9916,24.40,8.80
2007.11.05 08:02:22.168,0.9913,0.9916,0.80,8.80
2007.11.05 08:02:22.401,0.9912,0.9916,25.20,8.80
2007.11.05 08:02:22.816,0.99125,0.99165,10.70,12.80
2007.11.05 08:02:23.092,0.99125,0.99165,10.70,12.80
2007.11.05 08:02:23.342,0.99125,0.99165,10.70,12.80
2007.11.05 08:02:23.710,0.99125,0.99165,14.70,12.80
2007.11.05 08:02:24.028,0.9913,0.99165,1.30,12.80
2007.11.05 08:02:24.346,0.99125,0.99165,18.70,12.80
2007.11.05 08:02:24.559,0.99125,0.99165,10.70,8.80
2007.11.05 08:02:24.808,0.99135,0.99165,3.20,8.80
2007.11.05 08:02:25.021,0.99135,0.9917,0.70,9.60
2007.11.05 08:02:25.235,0.99135,0.9916,3.10,0.80
2007.11.05 08:02:25.453,0.99135,0.9916,2.90,0.80
2007.11.05 08:02:25.785,0.99125,0.9916,0.90,9.60
2007.11.05 08:02:26.279,0.9912,0.9916,9.10,9.60
2007.11.05 08:02:26.611,0.9913,0.9916,0.80,9.60
2007.11.05 08:02:26.845,0.99125,0.9916,9.90,8.80
2007.11.05 08:02:27.078,0.99125,0.9916,7.50,8.80
2007.11.05 08:02:27.328,0.99125,0.99155,9.90,2.40
2007.11.05 08:02:27.561,0.9912,0.99155,9.10,11.20
2007.11.05 08:02:27.874,0.9912,0.99155,9.10,8.80
2007.11.05 08:02:28.442,0.9912,0.99155,9.90,8.80
2007.11.05 08:02:28.965,0.99115,0.99155,18.70,8.80
2007.11.05 08:02:29.611,0.99115,0.99155,18.70,8.80
2007.11.05 08:02:29.868,0.99125,0.99155,1.20,8.80
2007.11.05 08:02:30.197,0.9912,0.99155,9.10,8.80
2007.11.05 08:02:30.632,0.99125,0.9916,6.30,8.80
2007.11.05 08:02:31.761,0.99125,0.9916,4.00,8.80
2007.11.05 08:02:32.355,0.9912,0.99155,13.10,8.80
2007.11.05 08:02:32.678,0.9912,0.99155,10.70,8.80
2007.11.05 08:02:33.112,0.9912,0.99155,10.70,8.80
2007.11.05 08:02:33.658,0.9912,0.99155,2.00,8.80
2007.11.05 08:02:33.946,0.9912,0.99155,1.00,8.80
2007.11.05 08:02:34.199,0.99115,0.99155,18.70,8.80
2007.11.05 08:02:34.438,0.99125,0.99155,0.80,8.80
2007.11.05 08:02:34.676,0.9913,0.99155,0.80,8.80
2007.11.05 08:02:35.129,0.9913,0.99155,0.80,8.80
2007.11.05 08:02:35.637,0.99125,0.99155,8.30,8.80
2007.11.05 08:02:35.971,0.99125,0.9916,2.00,9.60
2007.11.05 08:02:36.305,0.9912,0.9916,8.30,8.80
2007.11.05 08:02:36.665,0.9912,0.9916,8.30,9.60
2007.11.05 08:02:36.878,0.99125,0.9916,2.30,9.60
2007.11.05 08:02:37.091,0.99125,0.9916,0.60,9.60
2007.11.05 08:02:37.304,0.99115,0.9916,15.50,9.60
2007.11.05 08:02:37.517,0.99125,0.9916,1.40,9.60
2007.11.05 08:02:37.730,0.9912,0.9916,9.10,8.80
2007.11.05 08:02:38.027,0.9912,0.9916,10.70,9.60
2007.11.05 08:02:38.326,0.9912,0.9916,8.30,10.40
2007.11.05 08:02:38.624,0.99125,0.9916,2.20,9.60
2007.11.05 08:02:38.904,0.99125,0.99155,9.90,2.40
2007.11.05 08:02:39.181,0.99125,0.99155,2.40,12.00
2007.11.05 08:02:39.459,0.99125,0.9915,2.40,9.60
2007.11.05 08:02:39.804,0.99115,0.9915,11.50,10.40
2007.11.05 08:02:40.043,0.99115,0.9915,10.70,9.60
2007.11.05 08:02:40.281,0.99115,0.9915,13.10,9.60
2007.11.05 08:02:40.521,0.9912,0.9915,6.70,9.60
2007.11.05 08:02:40.760,0.9912,0.9915,0.80,10.40
2007.11.05 08:02:41.100,0.99125,0.9915,0.80,9.60
2007.11.05 08:02:41.434,0.99125,0.9915,0.80,8.80
2007.11.05 08:02:41.767,0.9912,0.9915,6.70,8.80
2007.11.05 08:02:42.002,0.9912,0.9915,6.70,8.80
2007.11.05 08:02:42.219,0.99115,0.9915,11.50,9.60
2007.11.05 08:02:42.443,0.99115,0.9915,10.70,9.60
2007.11.05 08:02:42.677,0.99115,0.99145,6.70,4.00
2007.11.05 08:02:43.091,0.99115,0.99145,6.70,4.00
2007.11.05 08:02:43.349,0.99115,0.99145,9.10,4.00
2007.11.05 08:02:43.643,0.99115,0.9915,13.10,8.80
2007.11.05 08:02:44.301,0.99115,0.9915,13.10,8.80
2007.11.05 08:02:44.555,0.99115,0.9915,13.10,8.80
2007.11.05 08:02:44.807,0.99115,0.99145,10.70,8.80
2007.11.05 08:02:45.167,0.99115,0.99145,10.70,8.80
2007.11.05 08:02:45.499,0.99115,0.9915,10.70,8.80
2007.11.05 08:02:45.933,0.99115,0.99145,6.70,4.00
2007.11.05 08:02:46.168,0.9911,0.99145,6.70,12.80
2007.11.05 08:02:46.713,0.9911,0.99145,6.70,12.80
2007.11.05 08:02:47.937,0.9911,0.99145,6.70,0.80
2007.11.05 08:02:49.605,0.9911,0.99145,6.70,0.50
2007.11.05 08:02:49.929,0.9911,0.99145,6.70,0.60
2007.11.05 08:02:50.258,0.9911,0.99145,6.70,17.60
2007.11.05 08:02:50.587,0.99105,0.9914,7.50,0.60
2007.11.05 08:02:50.915,0.99105,0.99145,6.70,16.00
2007.11.05 08:02:51.123,0.99105,0.99145,6.70,20.80
2007.11.05 08:02:51.350,0.99105,0.99135,6.70,0.80
2007.11.05 08:02:51.559,0.99105,0.99135,6.70,0.70
2007.11.05 08:02:51.782,0.99105,0.99145,6.70,19.20
2007.11.05 08:02:52.078,0.99105,0.9914,7.50,0.70
2007.11.05 08:02:52.411,0.9911,0.99145,6.70,0.50
2007.11.05 08:02:52.960,0.9911,0.9915,6.70,16.80
2007.11.05 08:02:53.177,0.9911,0.9914,7.50,0.80
2007.11.05 08:02:53.583,0.9911,0.9914,7.50,0.70
2007.11.05 08:02:53.833,0.9911,0.99145,7.50,20.00
2007.11.05 08:02:54.052,0.9911,0.9914,0.80,12.80
2007.11.05 08:02:54.351,0.9911,0.99135,6.70,0.50
2007.11.05 08:02:54.702,0.9911,0.99145,6.70,15.20
2007.11.05 08:02:55.061,0.9911,0.99145,6.70,15.20
2007.11.05 08:02:56.506,0.9911,0.99145,6.70,14.40
2007.11.05 08:02:56.926,0.9911,0.9915,6.70,14.40
2007.11.05 08:02:57.238,0.9911,0.99155,7.50,21.60
2007.11.05 08:02:57.572,0.99115,0.99145,6.70,0.90
2007.11.05 08:02:58.426,0.99115,0.99145,6.70,0.80
2007.11.05 08:02:58.614,0.99115,0.9915,6.70,0.60
2007.11.05 08:02:59.085,0.99115,0.9915,6.70,0.90
2007.11.05 08:02:59.273,0.99115,0.99155,6.70,20.00
2007.11.05 08:02:59.538,0.99115,0.99155,7.50,20.00
2007.11.05 08:03:00.054,0.99115,0.9915,10.70,0.80
2007.11.05 08:03:00.677,0.99115,0.99155,4.00,22.40
2007.11.05 08:03:01.012,0.9911,0.99155,8.30,22.40
2007.11.05 08:03:01.325,0.9911,0.9915,6.70,13.60
2007.11.05 08:03:02.047,0.9911,0.99145,6.70,0.60
2007.11.05 08:03:02.326,0.99115,0.99145,2.40,0.70
2007.11.05 08:03:02.640,0.99115,0.9915,6.40,9.60
2007.11.05 08:03:02.879,0.99115,0.9915,13.10,0.60
2007.11.05 08:03:03.117,0.99115,0.99155,13.10,16.80
2007.11.05 08:03:03.603,0.99115,0.99155,13.10,16.80
2007.11.05 08:03:03.879,0.99115,0.9915,10.70,0.50
2007.11.05 08:03:04.558,0.99115,0.9915,6.70,14.40
2007.11.05 08:03:04.801,0.99115,0.99145,6.70,0.80
2007.11.05 08:03:05.221,0.99115,0.9915,6.70,14.40
2007.11.05 08:03:05.775,0.99115,0.9915,6.70,14.40
2007.11.05 08:03:06.296,0.99115,0.99145,6.70,0.50
2007.11.05 08:03:06.936,0.99115,0.9915,6.70,14.40
2007.11.05 08:03:07.559,0.99115,0.99145,6.70,0.90
2007.11.05 08:03:07.871,0.99115,0.9915,6.70,14.40
2007.11.05 08:03:08.391,0.99115,0.9915,6.70,14.40
2007.11.05 08:03:08.670,0.9911,0.9915,7.50,10.40
2007.11.05 08:03:08.924,0.9911,0.9915,7.50,10.40
2007.11.05 08:03:09.178,0.9911,0.99145,6.70,0.80
2007.11.05 08:03:09.440,0.99115,0.9915,9.10,0.90
2007.11.05 08:03:09.764,0.99115,0.99155,13.10,26.40
2007.11.05 08:03:10.275,0.99115,0.99155,13.10,26.40
2007.11.05 08:03:10.583,0.99115,0.99145,6.40,0.60
2007.11.05 08:03:11.134,0.99115,0.9915,6.40,10.40
2007.11.05 08:03:11.467,0.99115,0.99145,4.00,0.80
2007.11.05 08:03:11.800,0.99115,0.9915,6.70,0.50
2007.11.05 08:03:12.038,0.99115,0.9915,6.70,0.60
2007.11.05 08:03:12.565,0.99115,0.99155,6.70,36.00
2007.11.05 08:03:13.254,0.9911,0.9915,6.70,10.40
2007.11.05 08:03:13.561,0.9911,0.99145,6.70,0.50
2007.11.05 08:03:13.840,0.99115,0.9915,6.70,10.40
2007.11.05 08:03:14.120,0.99115,0.9915,6.70,10.40
2007.11.05 08:03:14.392,0.99115,0.99145,6.70,0.70
2007.11.05 08:03:14.665,0.99115,0.9915,6.70,35.20
2007.11.05 08:03:14.928,0.99115,0.99145,6.70,26.40
2007.11.05 08:03:15.191,0.99115,0.99145,6.70,26.40
2007.11.05 08:03:15.454,0.9911,0.9915,6.70,36.00
2007.11.05 08:03:15.719,0.9911,0.99145,6.70,0.50
2007.11.05 08:03:16.052,0.99105,0.99145,13.10,9.60
2007.11.05 08:03:16.385,0.9911,0.9915,6.70,12.00
2007.11.05 08:03:16.721,0.99105,0.99145,2.40,9.60
2007.11.05 08:03:16.950,0.99105,0.99145,2.40,9.60
2007.11.05 08:03:17.255,0.99105,0.99135,2.40,8.80
2007.11.05 08:03:17.469,0.9911,0.99145,6.70,18.40
2007.11.05 08:03:17.777,0.99115,0.99145,6.70,27.20
2007.11.05 08:03:18.212,0.9911,0.99145,6.70,29.60
2007.11.05 08:03:18.541,0.99105,0.99135,9.10,8.80
2007.11.05 08:03:18.869,0.9911,0.99145,6.70,31.20
2007.11.05 08:03:19.098,0.9911,0.99145,6.70,31.20
2007.11.05 08:03:19.327,0.99105,0.99135,6.70,8.80
2007.11.05 08:03:19.555,0.99105,0.9914,9.10,8.80
2007.11.05 08:03:19.783,0.99105,0.9914,9.10,8.80
2007.11.05 08:03:20.064,0.99105,0.9914,13.10,8.80
2007.11.05 08:03:20.397,0.99105,0.99135,13.10,8.80
2007.11.05 08:03:20.772,0.99105,0.99135,6.40,8.80
2007.11.05 08:03:21.106,0.99115,0.99135,0.80,8.80
2007.11.05 08:03:21.324,0.99115,0.99145,7.50,4.00
2007.11.05 08:03:21.635,0.99115,0.99145,7.50,4.00
2007.11.05 08:03:21.861,0.99115,0.99145,7.50,4.00
2007.11.05 08:03:22.170,0.99115,0.99145,6.70,4.00
2007.11.05 08:03:22.475,0.9912,0.99145,6.70,4.00
2007.11.05 08:03:22.799,0.99125,0.99145,6.70,4.00
2007.11.05 08:03:23.097,0.99125,0.99145,6.70,4.00
2007.11.05 08:03:23.355,0.99125,0.99145,6.70,4.00
2007.11.05 08:03:23.613,0.9912,0.9915,6.70,8.80
2007.11.05 08:03:23.871,0.9912,0.99155,6.70,16.00
2007.11.05 08:03:24.119,0.9912,0.99155,6.70,12.00
2007.11.05 08:03:24.551,0.9912,0.99155,6.70,12.00
2007.11.05 08:03:24.799,0.9912,0.99155,6.70,12.00
2007.11.05 08:03:25.688,0.9912,0.99155,6.70,12.00
2007.11.05 08:03:26.020,0.9912,0.99155,6.70,9.60
2007.11.05 08:03:26.213,0.99115,0.9915,6.70,8.80
2007.11.05 08:03:26.406,0.99115,0.9915,6.70,8.80
2007.11.05 08:03:26.599,0.99115,0.9915,6.70,8.80
2007.11.05 08:03:26.902,0.9911,0.99145,6.70,8.80
2007.11.05 08:03:27.236,0.99115,0.9915,6.70,8.80
2007.11.05 08:03:27.853,0.99115,0.9915,6.70,8.80
2007.11.05 08:03:28.152,0.9911,0.99145,6.70,8.80
2007.11.05 08:03:28.355,0.9911,0.99145,6.70,8.80
2007.11.05 08:03:28.571,0.9911,0.99145,6.70,8.80
2007.11.05 08:03:28.895,0.9911,0.99145,6.70,9.60
2007.11.05 08:03:29.158,0.9911,0.99145,6.70,9.60
2007.11.05 08:03:29.420,0.99115,0.99145,6.70,9.60
2007.11.05 08:03:30.737,0.99115,0.99145,6.70,9.60
2007.11.05 08:03:31.071,0.99115,0.9913,6.70,0.80
2007.11.05 08:03:31.303,0.99115,0.9913,6.70,0.80
2007.11.05 08:03:31.525,0.99105,0.9913,0.80,10.40
2007.11.05 08:03:31.755,0.991,0.99125,8.30,4.00
2007.11.05 08:03:32.050,0.991,0.99125,8.30,4.00
2007.11.05 08:03:32.378,0.99105,0.99125,0.80,4.00
2007.11.05 08:03:32.707,0.99095,0.99125,2.40,12.80
2007.11.05 08:03:33.088,0.99095,0.99125,2.40,12.80
2007.11.05 08:03:33.402,0.99095,0.99125,2.40,12.80
2007.11.05 08:03:33.818,0.99095,0.99125,2.40,12.80
2007.11.05 08:03:34.036,0.991,0.9913,6.70,8.80
2007.11.05 08:03:34.368,0.991,0.99135,6.70,15.20
2007.11.05 08:03:35.187,0.991,0.99135,6.70,15.20
2007.11.05 08:03:35.798,0.99095,0.99125,7.50,8.80
2007.11.05 08:03:36.107,0.99095,0.99125,9.10,8.80
2007.11.05 08:03:36.415,0.99095,0.99125,9.10,11.20
2007.11.05 08:03:36.653,0.99095,0.99125,3.20,11.20
2007.11.05 08:03:36.891,0.99095,0.99125,0.80,11.20
2007.11.05 08:03:37.146,0.99095,0.99125,0.80,11.20
2007.11.05 08:03:37.384,0.9909,0.99125,8.30,15.20
2007.11.05 08:03:37.693,0.9909,0.99125,8.30,15.20
2007.11.05 08:03:38.001,0.9909,0.99115,1.60,4.00
2007.11.05 08:03:38.309,0.9909,0.99115,1.60,4.00
2007.11.05 08:03:38.824,0.9909,0.99115,1.60,4.00
2007.11.05 08:03:39.092,0.9909,0.99115,1.60,4.00
2007.11.05 08:03:39.360,0.9909,0.99115,0.80,4.00
2007.11.05 08:03:39.668,0.9909,0.99115,1.60,4.00
2007.11.05 08:03:39.922,0.9909,0.99115,0.80,17.60
2007.11.05 08:03:40.175,0.9909,0.99115,0.80,21.60
2007.11.05 08:03:40.429,0.9909,0.99115,0.80,10.40
2007.11.05 08:03:40.764,0.9908,0.99115,7.50,19.20
2007.11.05 08:03:41.181,0.99075,0.99105,9.90,2.40
2007.11.05 08:03:41.519,0.99075,0.99105,7.50,8.80
2007.11.05 08:03:41.761,0.99075,0.99105,0.80,12.80
2007.11.05 08:03:41.964,0.99075,0.99105,0.80,15.20
2007.11.05 08:03:42.166,0.99075,0.991,0.80,8.80
2007.11.05 08:03:42.455,0.99075,0.991,0.80,8.80
2007.11.05 08:03:42.685,0.99075,0.991,0.80,8.80
2007.11.05 08:03:43.019,0.99075,0.99095,0.80,6.40
2007.11.05 08:03:43.352,0.99075,0.99095,3.20,4.00
2007.11.05 08:03:43.684,0.99075,0.99095,3.20,4.00
2007.11.05 08:03:43.928,0.99075,0.99105,7.50,15.20
2007.11.05 08:03:44.172,0.99075,0.99105,6.70,12.80
2007.11.05 08:03:44.414,0.99075,0.99105,9.10,12.80
2007.11.05 08:03:44.658,0.9908,0.99115,6.70,20.00
2007.11.05 08:03:44.991,0.9908,0.99115,6.70,20.00
2007.11.05 08:03:45.323,0.9908,0.99115,6.70,19.20
2007.11.05 08:03:45.657,0.9908,0.99115,6.70,15.20
2007.11.05 08:03:45.990,0.99075,0.9911,9.90,8.80
2007.11.05 08:03:46.314,0.9907,0.9911,12.30,8.80
2007.11.05 08:03:46.332,0.9908,0.9911,0.80,8.80
2007.11.05 08:03:46.665,0.9908,0.9911,0.80,8.80
2007.11.05 08:03:47.103,0.9908,0.9911,0.80,8.80
2007.11.05 08:03:47.336,0.9908,0.9911,3.50,8.80
2007.11.05 08:03:47.596,0.9908,0.99115,3.30,22.40
2007.11.05 08:03:47.828,0.99085,0.99115,0.60,20.00
2007.11.05 08:03:48.112,0.9908,0.99115,1.90,16.00
2007.11.05 08:03:48.395,0.9909,0.99105,0.80,8.80
2007.11.05 08:03:48.679,0.99085,0.99115,0.80,15.20
2007.11.05 08:03:48.938,0.9908,0.99115,9.90,15.20
2007.11.05 08:03:49.329,0.9908,0.99115,9.90,19.20
2007.11.05 08:03:49.588,0.9908,0.99115,9.90,19.20
2007.11.05 08:03:49.846,0.9908,0.9911,9.90,0.80
2007.11.05 08:03:50.138,0.9908,0.9911,2.20,1.60
2007.11.05 08:03:50.432,0.99075,0.9911,9.10,0.80
2007.11.05 08:03:51.010,0.99075,0.9911,9.10,0.80
2007.11.05 08:03:51.345,0.99075,0.9911,0.60,8.80
2007.11.05 08:03:51.746,0.9907,0.99105,7.50,12.80
2007.11.05 08:03:51.971,0.99065,0.99105,16.30,15.20
2007.11.05 08:03:52.366,0.99065,0.99105,12.30,15.20
2007.11.05 08:03:52.589,0.9907,0.99105,7.50,7.20
2007.11.05 08:03:52.850,0.9907,0.99105,7.50,7.20
2007.11.05 08:03:53.144,0.99065,0.991,12.30,0.80
2007.11.05 08:03:53.440,0.99065,0.991,12.30,10.40
2007.11.05 08:03:53.733,0.9906,0.99095,9.90,12.80
2007.11.05 08:03:53.953,0.9907,0.991,2.40,8.80
2007.11.05 08:03:54.438,0.9906,0.99095,7.50,8.80
2007.11.05 08:03:54.656,0.99065,0.991,3.70,8.80
2007.11.05 08:03:54.874,0.9906,0.991,7.50,8.80
2007.11.05 08:03:55.208,0.9906,0.991,7.50,8.80
2007.11.05 08:03:55.541,0.99065,0.991,1.50,8.80
2007.11.05 08:03:55.874,0.99075,0.99095,0.80,2.40
2007.11.05 08:03:56.093,0.99075,0.99095,0.80,11.20
2007.11.05 08:03:56.327,0.99065,0.99095,1.60,11.20
2007.11.05 08:03:56.607,0.99075,0.99095,0.80,15.20
2007.11.05 08:03:56.951,0.99075,0.99095,0.80,15.20
2007.11.05 08:03:57.275,0.9906,0.99095,8.30,6.40
2007.11.05 08:03:57.599,0.9906,0.99095,8.30,21.60
2007.11.05 08:03:57.923,0.99065,0.99085,7.50,4.00
2007.11.05 08:03:58.229,0.9906,0.99085,1.60,12.80
2007.11.05 08:03:58.551,0.9906,0.99085,0.80,12.80
2007.11.05 08:03:58.780,0.9905,0.99085,8.30,4.00
2007.11.05 08:03:59.043,0.99055,0.99085,1.30,4.00
2007.11.05 08:03:59.375,0.9905,0.99085,8.30,4.00
2007.11.05 08:03:59.768,0.9905,0.99085,8.30,4.00
2007.11.05 08:04:00.092,0.99045,0.99085,12.30,15.20
2007.11.05 08:04:00.426,0.9905,0.99085,3.40,17.60
2007.11.05 08:04:00.759,0.9905,0.99085,0.90,21.60
2007.11.05 08:04:01.249,0.99045,0.99085,9.90,16.80
2007.11.05 08:04:01.464,0.99055,0.99085,3.10,12.80
2007.11.05 08:04:01.675,0.99055,0.99085,3.10,12.80
2007.11.05 08:04:02.143,0.9905,0.99085,7.50,12.80
2007.11.05 08:04:02.469,0.9905,0.99085,7.50,12.80
2007.11.05 08:04:02.797,0.99055,0.99085,1.10,2.40
2007.11.05 08:04:03.125,0.9905,0.99085,0.50,15.20
2007.11.05 08:04:03.338,0.9904,0.99075,9.90,11.20
2007.11.05 08:04:03.613,0.9904,0.99075,8.30,11.20
2007.11.05 08:04:03.828,0.9904,0.99075,2.00,12.80
2007.11.05 08:04:04.041,0.9904,0.99075,1.80,16.80
2007.11.05 08:04:04.254,0.9903,0.9907,10.70,8.80
2007.11.05 08:04:04.567,0.9903,0.9907,12.30,8.80
2007.11.05 08:04:04.913,0.99035,0.9907,1.50,8.80
2007.11.05 08:04:05.226,0.99025,0.9907,38.70,8.80
2007.11.05 08:04:05.716,0.99035,0.9907,1.40,8.80
2007.11.05 08:04:06.281,0.99025,0.9907,29.90,8.80
2007.11.05 08:04:06.510,0.99035,0.9907,2.00,8.80
2007.11.05 08:04:06.737,0.9903,0.99065,7.50,11.20
2007.11.05 08:04:07.027,0.99025,0.9906,21.10,8.80
2007.11.05 08:04:07.255,0.99025,0.99065,9.90,6.40
2007.11.05 08:04:07.555,0.99025,0.9906,9.90,8.80
2007.11.05 08:04:07.826,0.99025,0.9906,9.90,8.80
2007.11.05 08:04:08.092,0.99025,0.99055,0.60,8.80
2007.11.05 08:04:08.355,0.9902,0.99055,8.30,8.80
2007.11.05 08:04:08.814,0.9902,0.99055,8.30,8.80
2007.11.05 08:04:09.098,0.9903,0.9906,2.40,8.80
2007.11.05 08:04:09.380,0.9902,0.9906,13.10,8.80
2007.11.05 08:04:09.658,0.99025,0.9906,4.90,8.80
2007.11.05 08:04:10.026,0.9902,0.9906,17.10,8.80
2007.11.05 08:04:10.299,0.99015,0.9906,17.90,8.80
2007.11.05 08:04:10.577,0.99025,0.9906,2.10,8.80
2007.11.05 08:04:10.912,0.99025,0.99055,0.70,8.80
2007.11.05 08:04:11.308,0.9902,0.99055,0.80,22.40
2007.11.05 08:04:11.642,0.99015,0.99055,13.90,22.40
2007.11.05 08:04:11.863,0.9901,0.99045,16.30,8.80
2007.11.05 08:04:12.127,0.99015,0.99045,2.70,8.80
2007.11.05 08:04:12.351,0.99015,0.99045,3.30,8.80
2007.11.05 08:04:12.577,0.99015,0.99055,13.90,28.80
2007.11.05 08:04:12.853,0.99015,0.99045,9.10,6.40
2007.11.05 08:04:13.165,0.9901,0.99045,9.90,15.20
2007.11.05 08:04:13.443,0.9901,0.9904,2.20,8.80
2007.11.05 08:04:13.609,0.9901,0.9904,0.60,8.80
2007.11.05 08:04:13.722,0.99,0.99035,13.90,8.80
2007.11.05 08:04:14.011,0.9901,0.99045,7.50,12.80
2007.11.05 08:04:14.400,0.99015,0.99045,0.80,12.80
2007.11.05 08:04:14.689,0.99015,0.99045,0.80,8.80
2007.11.05 08:04:15.005,0.99015,0.99045,0.80,8.80
2007.11.05 08:04:15.278,0.9901,0.99045,9.90,11.20
2007.11.05 08:04:15.582,0.9901,0.99045,9.90,11.20
2007.11.05 08:04:15.905,0.9901,0.99045,11.50,8.80
2007.11.05 08:04:16.229,0.99015,0.9905,9.90,8.80
2007.11.05 08:04:16.551,0.99015,0.9905,13.90,8.80
2007.11.05 08:04:16.876,0.99015,0.99055,13.10,23.20
2007.11.05 08:04:17.140,0.99015,0.99055,13.10,13.60
2007.11.05 08:04:17.403,0.99015,0.9906,17.10,8.80
2007.11.05 08:04:17.666,0.99015,0.9906,17.10,8.80
2007.11.05 08:04:17.995,0.9902,0.9905,9.60,8.80
2007.11.05 08:04:18.210,0.9902,0.9905,16.30,8.80
2007.11.05 08:04:18.425,0.99025,0.9906,18.70,8.80
2007.11.05 08:04:18.721,0.9903,0.9906,4.00,8.80
2007.11.05 08:04:19.054,0.9903,0.99065,12.30,8.80
2007.11.05 08:04:19.387,0.99045,0.99065,1.00,8.80
2007.11.05 08:04:19.721,0.9904,0.99065,3.20,8.80
2007.11.05 08:04:20.054,0.9904,0.9908,9.90,8.80
2007.11.05 08:04:20.387,0.9904,0.99075,9.90,8.80
2007.11.05 08:04:20.721,0.9904,0.99075,13.90,8.80
2007.11.05 08:04:21.054,0.9904,0.9908,28.40,8.80
2007.11.05 08:04:21.272,0.9905,0.99085,8.30,9.60
2007.11.05 08:04:21.490,0.9905,0.99085,9.10,9.60
2007.11.05 08:04:21.958,0.9905,0.99085,9.10,9.60
2007.11.05 08:04:22.673,0.9905,0.99085,9.10,0.80
2007.11.05 08:04:23.137,0.9905,0.99085,10.70,0.80
2007.11.05 08:04:23.421,0.9905,0.99085,10.70,0.80
2007.11.05 08:04:23.725,0.9905,0.99085,13.90,9.60
2007.11.05 08:04:23.963,0.9905,0.9909,13.90,8.80
2007.11.05 08:04:24.379,0.99055,0.9909,13.90,8.80
2007.11.05 08:04:24.682,0.99055,0.9909,3.30,8.80
2007.11.05 08:04:24.940,0.9905,0.99085,7.50,4.00
2007.11.05 08:04:25.274,0.9906,0.99085,0.80,12.80
2007.11.05 08:04:25.702,0.9905,0.99085,9.10,4.00
2007.11.05 08:04:26.035,0.99055,0.99085,2.00,8.80
2007.11.05 08:04:26.247,0.99055,0.99085,2.00,8.80
2007.11.05 08:04:26.628,0.99055,0.99085,0.80,8.80
2007.11.05 08:04:26.938,0.9905,0.99085,8.30,8.80
2007.11.05 08:04:27.257,0.9906,0.9909,0.80,8.80
2007.11.05 08:04:27.574,0.9906,0.99095,3.80,16.00
2007.11.05 08:04:27.892,0.9905,0.99095,9.10,12.00
2007.11.05 08:04:28.210,0.9905,0.99095,9.10,12.00
2007.11.05 08:04:28.989,0.9905,0.99095,9.10,14.40
2007.11.05 08:04:29.231,0.9905,0.99095,9.10,14.40
2007.11.05 08:04:29.434,0.99055,0.9909,3.00,8.80
2007.11.05 08:04:29.638,0.9905,0.9909,8.30,8.80
2007.11.05 08:04:29.885,0.9905,0.9909,8.30,8.80
2007.11.05 08:04:30.496,0.99055,0.9909,1.80,8.80
2007.11.05 08:04:30.830,0.99055,0.9909,2.80,8.80
2007.11.05 08:04:31.300,0.9905,0.9909,7.50,8.80
2007.11.05 08:04:31.513,0.9905,0.9909,11.50,8.80
2007.11.05 08:04:31.922,0.9905,0.9909,11.50,8.80
2007.11.05 08:04:32.135,0.99045,0.99085,19.50,8.80
2007.11.05 08:04:32.447,0.99045,0.9909,18.70,8.80
2007.11.05 08:04:32.972,0.99045,0.9909,14.70,8.80
2007.11.05 08:04:33.279,0.99055,0.9909,3.60,8.80
2007.11.05 08:04:33.503,0.99055,0.9909,3.50,8.80
2007.11.05 08:04:33.734,0.99055,0.9909,1.60,8.80
2007.11.05 08:04:34.227,0.99045,0.9909,28.30,8.80
2007.11.05 08:04:34.608,0.99055,0.9909,2.00,8.80
2007.11.05 08:04:34.906,0.99055,0.99085,3.20,2.40
2007.11.05 08:04:35.204,0.9904,0.9908,13.90,8.80
2007.11.05 08:04:35.635,0.9904,0.9908,13.90,8.80
2007.11.05 08:04:36.615,0.9904,0.9908,9.90,8.80
2007.11.05 08:04:36.905,0.9904,0.9908,9.90,8.80
2007.11.05 08:04:37.104,0.99045,0.9908,10.80,8.80
2007.11.05 08:04:37.302,0.9904,0.9908,16.30,8.80
2007.11.05 08:04:37.676,0.9904,0.9908,16.30,8.80
2007.11.05 08:04:37.994,0.99055,0.9909,6.50,8.80
2007.11.05 08:04:38.312,0.99055,0.99095,27.50,15.20
2007.11.05 08:04:38.600,0.99055,0.99095,31.50,15.20
2007.11.05 08:04:38.889,0.9906,0.99095,7.50,4.00
2007.11.05 08:04:39.178,0.99065,0.99095,3.10,4.00
2007.11.05 08:04:39.466,0.9906,0.99095,7.50,4.00
2007.11.05 08:04:39.709,0.9906,0.991,7.50,8.80
2007.11.05 08:04:40.390,0.9906,0.991,7.50,8.80
2007.11.05 08:04:40.723,0.99055,0.99095,17.90,11.20
2007.11.05 08:04:41.056,0.99055,0.99095,17.10,12.00
2007.11.05 08:04:41.389,0.99045,0.9909,21.10,8.80
2007.11.05 08:04:41.857,0.99045,0.9909,21.10,8.80
2007.11.05 08:04:42.047,0.99045,0.9909,34.70,8.80
2007.11.05 08:04:42.235,0.9905,0.9909,17.90,8.80
2007.11.05 08:04:42.423,0.9905,0.9909,20.30,8.80
2007.11.05 08:04:42.802,0.9906,0.99095,0.80,9.60
2007.11.05 08:04:43.134,0.9906,0.99095,2.90,8.80
2007.11.05 08:04:43.468,0.99065,0.99095,0.70,8.80
2007.11.05 08:04:43.702,0.99065,0.991,3.60,8.80
2007.11.05 08:04:43.934,0.99065,0.991,3.30,8.80
2007.11.05 08:04:44.168,0.99065,0.991,0.60,8.80
2007.11.05 08:04:44.401,0.99065,0.991,4.30,8.80
2007.11.05 08:04:44.689,0.99065,0.991,0.90,8.80
2007.11.05 08:04:44.978,0.99065,0.99095,2.20,8.80
2007.11.05 08:04:45.266,0.99055,0.9909,13.90,8.80
2007.11.05 08:04:45.555,0.9906,0.9909,1.60,8.80
2007.11.05 08:04:45.888,0.99065,0.991,2.20,8.80
2007.11.05 08:04:46.295,0.99055,0.991,18.70,8.80
2007.11.05 08:04:46.628,0.99055,0.99095,10.70,8.80
2007.11.05 08:04:46.872,0.9906,0.9909,0.80,8.80
2007.11.05 08:04:47.268,0.99055,0.99095,14.70,8.80
2007.11.05 08:04:47.511,0.99055,0.99095,14.70,8.80
2007.11.05 08:04:47.794,0.99065,0.991,2.50,8.80
2007.11.05 08:04:48.068,0.99065,0.991,1.30,8.80
2007.11.05 08:04:48.342,0.99065,0.99095,1.70,8.80
2007.11.05 08:04:48.697,0.9906,0.99095,7.50,8.80
2007.11.05 08:04:49.188,0.99055,0.99095,20.30,8.80
2007.11.05 08:04:49.481,0.99055,0.99095,20.30,8.80
2007.11.05 08:04:49.744,0.99055,0.99095,20.30,8.80
2007.11.05 08:04:50.021,0.9906,0.99095,2.60,8.80
2007.11.05 08:04:50.569,0.99055,0.99095,20.30,8.80
2007.11.05 08:04:51.637,0.99055,0.99095,17.90,11.20
2007.11.05 08:04:51.850,0.9906,0.9909,2.50,8.80
2007.11.05 08:04:52.090,0.99055,0.9909,0.80,8.80
2007.11.05 08:04:52.476,0.99055,0.9909,4.90,8.80
2007.11.05 08:04:52.770,0.9905,0.9909,7.50,8.80
2007.11.05 08:04:53.384,0.99055,0.9909,2.40,8.80
2007.11.05 08:04:53.676,0.99045,0.99095,28.30,18.40
2007.11.05 08:04:54.169,0.9906,0.99095,3.00,18.40
2007.11.05 08:04:54.603,0.9906,0.99095,3.10,18.40
2007.11.05 08:04:55.351,0.9906,0.99095,0.80,18.40
2007.11.05 08:04:55.653,0.99045,0.99095,28.30,18.40
2007.11.05 08:04:57.672,0.99045,0.99095,28.30,18.40
2007.11.05 08:04:57.981,0.99045,0.99095,28.30,18.40
2007.11.05 08:04:58.290,0.9904,0.99075,7.50,8.80
2007.11.05 08:04:58.598,0.9904,0.99075,2.20,8.80
2007.11.05 08:04:58.906,0.99035,0.99075,20.30,8.80
2007.11.05 08:04:59.163,0.9904,0.9908,7.50,8.80
2007.11.05 08:04:59.422,0.9904,0.9908,10.70,8.80
2007.11.05 08:04:59.680,0.9905,0.99085,3.30,16.00
2007.11.05 08:04:59.940,0.9904,0.99085,8.30,26.40
2007.11.05 08:05:00.348,0.9905,0.99085,3.30,26.40
2007.11.05 08:05:00.680,0.99035,0.99075,18.70,8.80
2007.11.05 08:05:01.013,0.99035,0.9907,3.30,8.80
2007.11.05 08:05:01.221,0.99035,0.99075,16.30,8.80
2007.11.05 08:05:01.487,0.9904,0.99075,1.90,8.80
2007.11.05 08:05:02.012,0.9904,0.99075,1.40,8.80
2007.11.05 08:05:02.311,0.9904,0.99075,1.20,8.80
2007.11.05 08:05:02.579,0.99035,0.99075,16.30,8.80
2007.11.05 08:05:02.847,0.99035,0.9908,17.10,8.80
2007.11.05 08:05:03.136,0.99045,0.9908,6.70,8.80
2007.11.05 08:05:03.424,0.99045,0.9908,6.70,8.80
2007.11.05 08:05:03.713,0.9904,0.99075,6.70,8.80
2007.11.05 08:05:04.000,0.9904,0.99075,6.70,8.80
2007.11.05 08:05:04.410,0.9904,0.99075,6.70,8.80
2007.11.05 08:05:04.828,0.9904,0.99075,6.70,8.80
2007.11.05 08:05:05.107,0.99045,0.99075,2.40,8.80
2007.11.05 08:05:05.440,0.9904,0.99075,6.70,8.80
2007.11.05 08:05:05.773,0.99045,0.99075,6.70,8.80
2007.11.05 08:05:06.582,0.99045,0.99075,6.70,8.80
2007.11.05 08:05:07.330,0.99045,0.9908,6.70,8.80
2007.11.05 08:05:07.568,0.99045,0.9908,7.50,8.80
2007.11.05 08:05:07.813,0.99045,0.9908,9.90,8.80
2007.11.05 08:05:08.569,0.99045,0.9908,9.90,8.80
2007.11.05 08:05:08.841,0.99045,0.9908,7.50,8.80
2007.11.05 08:05:09.114,0.99045,0.9908,6.70,8.80
2007.11.05 08:05:09.370,0.99045,0.9908,6.70,8.80
2007.11.05 08:05:09.614,0.99045,0.9908,6.70,8.80
2007.11.05 08:05:09.895,0.99045,0.9908,6.70,8.80
2007.11.05 08:05:10.235,0.9904,0.99075,8.30,11.20
2007.11.05 08:05:10.569,0.9904,0.99075,6.70,15.20
2007.11.05 08:05:10.902,0.99035,0.99065,3.20,8.80
2007.11.05 08:05:11.405,0.99035,0.99065,3.20,8.80
2007.11.05 08:05:11.633,0.99035,0.9907,11.50,8.80
2007.11.05 08:05:11.861,0.99035,0.9907,9.10,8.80
2007.11.05 08:05:12.089,0.9904,0.99075,6.70,15.20
2007.11.05 08:05:12.323,0.9904,0.99075,6.70,12.80
2007.11.05 08:05:12.965,0.9904,0.99075,7.50,12.80
2007.11.05 08:05:13.603,0.9904,0.99075,7.50,12.80
2007.11.05 08:05:13.804,0.9904,0.99075,7.50,8.80
2007.11.05 08:05:14.047,0.99045,0.9908,6.70,8.80
2007.11.05 08:05:14.250,0.99045,0.9908,9.10,8.80
2007.11.05 08:05:14.584,0.99045,0.9908,9.10,8.80
2007.11.05 08:05:14.918,0.9904,0.99075,6.70,8.80
2007.11.05 08:05:15.251,0.9904,0.99075,6.70,9.60
2007.11.05 08:05:15.584,0.9904,0.99075,6.70,9.60
2007.11.05 08:05:15.917,0.99035,0.99065,2.40,8.80
2007.11.05 08:05:16.250,0.99035,0.9907,9.10,8.80
2007.11.05 08:05:16.663,0.99035,0.99065,10.70,8.80
2007.11.05 08:05:16.886,0.99035,0.99065,10.70,8.80
2007.11.05 08:05:17.169,0.99035,0.99065,10.70,8.80
2007.11.05 08:05:17.718,0.99035,0.9907,6.70,8.80
2007.11.05 08:05:18.157,0.99035,0.9907,6.70,8.80
2007.11.05 08:05:18.440,0.9903,0.99065,6.70,8.80
2007.11.05 08:05:18.809,0.99035,0.9907,6.70,8.80
2007.11.05 08:05:19.057,0.99035,0.9907,6.70,8.80
2007.11.05 08:05:19.519,0.99035,0.9907,6.70,8.80
2007.11.05 08:05:19.768,0.99035,0.9907,6.70,8.80
2007.11.05 08:05:20.257,0.99035,0.9907,6.70,8.80
2007.11.05 08:05:20.505,0.9903,0.99065,6.70,8.80
2007.11.05 08:05:20.838,0.9903,0.99065,6.70,24.80
2007.11.05 08:05:21.183,0.99025,0.99055,12.30,8.80
2007.11.05 08:05:21.517,0.99035,0.99055,2.40,8.80
2007.11.05 08:05:21.720,0.99035,0.99065,9.10,2.40
2007.11.05 08:05:22.035,0.99035,0.99055,2.40,4.00
2007.11.05 08:05:22.345,0.99035,0.99055,2.40,4.00
2007.11.05 08:05:22.664,0.99035,0.99055,2.40,4.00
2007.11.05 08:05:22.988,0.99035,0.99055,2.40,8.80
2007.11.05 08:05:23.311,0.99035,0.99065,2.40,15.20
2007.11.05 08:05:23.788,0.99035,0.99065,2.40,15.20
2007.11.05 08:05:24.171,0.99035,0.99065,2.40,15.20
2007.11.05 08:05:24.599,0.99035,0.99065,2.40,15.20
2007.11.05 08:05:25.218,0.99035,0.99065,2.40,12.80
2007.11.05 08:05:25.534,0.99035,0.99065,2.40,12.80
2007.11.05 08:05:26.127,0.99035,0.99065,2.40,8.80
2007.11.05 08:05:26.494,0.99035,0.99065,2.40,8.80
2007.11.05 08:05:26.956,0.99035,0.99065,2.40,8.80
2007.11.05 08:05:27.174,0.99035,0.99065,3.20,8.80
2007.11.05 08:05:27.430,0.99035,0.99065,3.20,8.80
2007.11.05 08:05:27.773,0.99035,0.99065,3.20,8.80
2007.11.05 08:05:28.066,0.99035,0.99065,3.20,8.80
2007.11.05 08:05:28.395,0.99035,0.99065,3.20,8.80
2007.11.05 08:05:28.718,0.99035,0.99065,3.20,8.80
2007.11.05 08:05:29.206,0.99035,0.9907,9.90,8.80
2007.11.05 08:05:29.448,0.99035,0.9907,13.90,8.80
2007.11.05 08:05:29.692,0.99035,0.9907,13.90,8.80
2007.11.05 08:05:30.028,0.9904,0.99075,6.70,16.00
2007.11.05 08:05:30.651,0.9904,0.99075,6.70,16.00
2007.11.05 08:05:30.985,0.9904,0.99075,6.70,13.60
2007.11.05 08:05:31.652,0.9904,0.99075,6.70,13.60
2007.11.05 08:05:32.116,0.9904,0.99075,6.70,9.60
2007.11.05 08:05:32.434,0.9904,0.99075,6.70,10.40
2007.11.05 08:05:32.861,0.9904,0.99075,6.70,12.80
2007.11.05 08:05:33.136,0.9904,0.99075,6.70,12.80
2007.11.05 08:05:33.369,0.9904,0.99075,6.70,12.80
2007.11.05 08:05:33.622,0.9904,0.99075,6.70,12.80
2007.11.05 08:05:34.013,0.9904,0.99075,6.70,14.40
2007.11.05 08:05:34.353,0.9904,0.99075,6.70,13.60
2007.11.05 08:05:34.676,0.99045,0.99075,6.70,12.80
2007.11.05 08:05:34.974,0.99045,0.9908,12.30,8.80
2007.11.05 08:05:35.308,0.99045,0.99075,7.20,8.80
2007.11.05 08:05:35.915,0.9905,0.9908,0.80,8.80
2007.11.05 08:05:36.195,0.9905,0.99085,8.30,16.00
2007.11.05 08:05:36.602,0.9905,0.99085,8.30,16.00
2007.11.05 08:05:36.812,0.99055,0.99085,6.70,9.60
2007.11.05 08:05:37.020,0.99055,0.99085,6.70,9.60
2007.11.05 08:05:37.323,0.99055,0.99085,6.70,8.80
2007.11.05 08:05:38.179,0.99055,0.99085,6.70,8.80
2007.11.05 08:05:38.446,0.99055,0.99085,6.70,8.80
2007.11.05 08:05:38.811,0.99055,0.99085,6.70,8.80
2007.11.05 08:05:39.240,0.99055,0.99085,2.40,8.80
2007.11.05 08:05:39.489,0.99055,0.99085,2.40,8.80
2007.11.05 08:05:39.737,0.99055,0.99085,4.80,8.80
2007.11.05 08:05:39.985,0.99055,0.99085,11.50,8.80
2007.11.05 08:05:40.317,0.99055,0.99085,17.90,8.80
2007.11.05 08:05:40.659,0.99055,0.9909,13.10,8.80
2007.11.05 08:05:40.991,0.9906,0.99095,9.10,9.60
2007.11.05 08:05:41.226,0.9907,0.991,1.60,8.80
2007.11.05 08:05:41.458,0.9907,0.991,0.80,8.80
2007.11.05 08:05:41.693,0.99075,0.99105,6.70,16.80
2007.11.05 08:05:41.926,0.99075,0.99105,6.70,12.80
2007.11.05 08:05:42.190,0.99075,0.99105,6.70,12.80
2007.11.05 08:05:42.488,0.99065,0.991,9.10,8.80
2007.11.05 08:05:42.843,0.99065,0.99095,2.40,8.80
2007.11.05 08:05:43.154,0.99065,0.99095,2.40,8.80
2007.11.05 08:05:43.392,0.9906,0.99095,6.70,8.80
2007.11.05 08:05:43.927,0.9906,0.99095,6.70,8.80
2007.11.05 08:05:44.166,0.9906,0.99095,6.70,8.80
2007.11.05 08:05:44.527,0.9906,0.99095,6.70,8.80
2007.11.05 08:05:44.861,0.99065,0.99095,2.40,8.80
2007.11.05 08:05:45.382,0.99065,0.99095,2.40,8.80
2007.11.05 08:05:46.622,0.9907,0.99095,0.80,8.80
2007.11.05 08:05:46.851,0.9907,0.991,0.80,8.80
2007.11.05 08:05:47.079,0.9907,0.991,7.50,8.80
2007.11.05 08:05:47.357,0.99075,0.991,2.40,8.80
2007.11.05 08:05:47.678,0.99075,0.991,0.80,8.80
2007.11.05 08:05:47.962,0.99075,0.99105,7.50,8.80
2007.11.05 08:05:48.239,0.9908,0.9911,0.80,8.80
2007.11.05 08:05:48.569,0.9908,0.9911,0.80,8.80
2007.11.05 08:05:48.838,0.9908,0.9911,8.30,8.80
2007.11.05 08:05:49.106,0.9908,0.99115,9.10,15.20
2007.11.05 08:05:49.376,0.99085,0.99115,6.70,6.40
2007.11.05 08:05:49.662,0.99085,0.99115,2.40,12.80
2007.11.05 08:05:49.890,0.99085,0.99115,9.10,4.00
2007.11.05 08:05:50.123,0.99085,0.99115,9.10,4.00
2007.11.05 08:05:50.457,0.99095,0.99115,2.40,4.00
2007.11.05 08:05:50.843,0.99095,0.99115,9.10,4.00
2007.11.05 08:05:51.176,0.99095,0.99125,9.10,9.60
2007.11.05 08:05:51.318,0.99095,0.99125,9.10,0.80
2007.11.05 08:05:51.388,0.99095,0.99125,6.70,9.60
2007.11.05 08:05:51.669,0.991,0.99125,0.80,9.60
2007.11.05 08:05:51.906,0.991,0.99125,0.80,0.80
2007.11.05 08:05:52.120,0.991,0.99125,0.80,0.80
2007.11.05 08:05:52.454,0.99105,0.99125,2.40,8.80
2007.11.05 08:05:53.161,0.991,0.99135,8.30,16.00
2007.11.05 08:05:53.379,0.991,0.99135,8.30,16.00
2007.11.05 08:05:53.628,0.991,0.99135,8.30,15.20
2007.11.05 08:05:53.841,0.99105,0.99135,3.20,15.20
2007.11.05 08:05:54.107,0.99105,0.99135,2.40,13.60
2007.11.05 08:05:54.320,0.991,0.99135,7.50,16.00
2007.11.05 08:05:54.653,0.99105,0.99135,0.80,16.00
2007.11.05 08:05:54.986,0.99105,0.99125,3.20,2.40
2007.11.05 08:05:55.320,0.99105,0.99135,3.20,13.60
2007.11.05 08:05:55.662,0.99105,0.99135,3.20,13.60
2007.11.05 08:05:55.995,0.99105,0.99135,6.70,0.80
2007.11.05 08:05:56.328,0.991,0.99135,6.70,9.60
2007.11.05 08:05:56.621,0.991,0.99135,6.70,9.60
2007.11.05 08:05:56.855,0.991,0.99135,6.70,12.00
2007.11.05 08:05:57.149,0.991,0.99135,6.70,12.00
2007.11.05 08:05:57.382,0.99105,0.99135,16.00,8.80
2007.11.05 08:05:57.708,0.9911,0.99145,6.70,16.00
2007.11.05 08:05:58.031,0.9911,0.99145,6.70,16.00
2007.11.05 08:05:58.354,0.99115,0.9914,0.80,8.80
2007.11.05 08:05:58.612,0.9911,0.99145,6.70,16.00
2007.11.05 08:05:58.871,0.9911,0.99135,6.70,2.40
2007.11.05 08:05:59.148,0.9911,0.99135,6.70,2.40
2007.11.05 08:05:59.450,0.9911,0.99135,6.70,2.40
2007.11.05 08:05:59.707,0.99105,0.99135,9.10,6.40
2007.11.05 08:06:00.079,0.99105,0.99135,9.10,6.40
2007.11.05 08:06:00.336,0.99105,0.99135,2.40,15.20
2007.11.05 08:06:01.169,0.99105,0.99135,2.40,15.20
2007.11.05 08:06:01.504,0.991,0.99125,6.70,2.40
2007.11.05 08:06:01.799,0.991,0.99125,6.70,2.40
2007.11.05 08:06:01.997,0.99105,0.99135,6.70,6.40
2007.11.05 08:06:02.349,0.99105,0.99135,6.70,6.40
2007.11.05 08:06:02.638,0.99105,0.99135,6.70,6.40
2007.11.05 08:06:02.927,0.99105,0.99135,6.70,2.40
2007.11.05 08:06:03.377,0.99105,0.99135,6.70,2.40
2007.11.05 08:06:03.786,0.991,0.9913,6.70,8.80
2007.11.05 08:06:04.321,0.991,0.9913,6.70,8.80
2007.11.05 08:06:04.633,0.991,0.9913,6.70,8.80
2007.11.05 08:06:04.944,0.991,0.9913,6.70,8.80
2007.11.05 08:06:05.161,0.99105,0.99135,6.70,6.40
2007.11.05 08:06:05.460,0.99105,0.99135,6.70,6.40
2007.11.05 08:06:05.792,0.99105,0.99135,6.70,2.40
2007.11.05 08:06:06.500,0.99105,0.99135,6.70,2.40
2007.11.05 08:06:06.963,0.99105,0.99135,7.50,2.40
2007.11.05 08:06:07.198,0.99105,0.99135,7.50,2.40
2007.11.05 08:06:07.427,0.99105,0.99135,8.30,2.40
2007.11.05 08:06:07.695,0.99105,0.99135,8.30,6.40
2007.11.05 08:06:08.028,0.991,0.99135,6.70,15.20
2007.11.05 08:06:08.479,0.991,0.9913,6.70,8.80
2007.11.05 08:06:08.681,0.991,0.9913,6.70,8.80
2007.11.05 08:06:08.873,0.99095,0.99125,7.50,2.40
2007.11.05 08:06:09.152,0.99095,0.99125,7.50,11.20
2007.11.05 08:06:09.475,0.99095,0.99125,7.50,11.20
2007.11.05 08:06:09.668,0.99095,0.99125,9.90,15.20
2007.11.05 08:06:10.049,0.99095,0.99125,9.90,15.20
2007.11.05 08:06:10.383,0.99095,0.99125,9.90,15.20
2007.11.05 08:06:12.156,0.99095,0.99125,9.90,15.20
2007.11.05 08:06:12.360,0.99095,0.99125,9.90,8.80
2007.11.05 08:06:13.366,0.99095,0.99125,9.90,8.80
2007.11.05 08:06:13.700,0.99095,0.9913,9.90,8.80
2007.11.05 08:06:14.194,0.99095,0.9913,9.90,8.80
2007.11.05 08:06:14.626,0.99095,0.9913,9.90,8.80
2007.11.05 08:06:14.877,0.99095,0.9913,9.90,8.80
2007.11.05 08:06:17.754,0.99095,0.9913,9.90,8.80
2007.11.05 08:06:18.133,0.99095,0.9913,11.50,8.80
2007.11.05 08:06:18.466,0.991,0.99135,6.70,15.20
2007.11.05 08:06:18.853,0.991,0.99135,6.70,15.20
2007.11.05 08:06:19.114,0.991,0.99135,6.70,15.20
2007.11.05 08:06:19.338,0.99105,0.99135,9.10,4.00
2007.11.05 08:06:19.633,0.99105,0.99135,9.10,4.00
2007.11.05 08:06:19.857,0.9911,0.99135,6.70,4.00
2007.11.05 08:06:20.191,0.9911,0.99135,6.70,4.00
2007.11.05 08:06:20.524,0.9911,0.99135,6.70,4.00
2007.11.05 08:06:20.858,0.9911,0.99145,6.70,16.00
2007.11.05 08:06:21.214,0.9911,0.99145,6.70,15.20
2007.11.05 08:06:21.669,0.9911,0.99145,6.70,15.20
2007.11.05 08:06:22.171,0.9911,0.99145,6.70,12.80
2007.11.05 08:06:22.628,0.9911,0.99145,6.70,12.80
2007.11.05 08:06:22.956,0.9911,0.99145,6.70,8.80
2007.11.05 08:06:23.563,0.99115,0.9915,6.70,8.80
2007.11.05 08:06:24.149,0.99115,0.99145,6.70,4.00
2007.11.05 08:06:24.437,0.99115,0.99145,6.70,4.00
2007.11.05 08:06:24.725,0.99115,0.9915,6.70,8.80
2007.11.05 08:06:25.352,0.99115,0.9915,6.70,8.80
2007.11.05 08:06:27.234,0.99115,0.9915,9.10,8.80
2007.11.05 08:06:27.493,0.9912,0.99155,6.70,16.00
2007.11.05 08:06:27.751,0.9912,0.99155,6.70,16.80
2007.11.05 08:06:28.009,0.9912,0.9915,6.70,0.80
2007.11.05 08:06:28.267,0.9912,0.9915,6.70,1.60
2007.11.05 08:06:28.526,0.9912,0.9915,6.70,1.60
2007.11.05 08:06:28.902,0.9912,0.9915,6.70,1.60
2007.11.05 08:06:29.246,0.9912,0.9915,6.70,1.60
2007.11.05 08:06:29.519,0.9912,0.9915,6.70,0.80
2007.11.05 08:06:30.177,0.9912,0.99155,7.50,12.00
2007.11.05 08:06:30.511,0.99115,0.9915,17.10,8.80
2007.11.05 08:06:30.844,0.9912,0.9915,0.80,8.80
2007.11.05 08:06:31.202,0.9912,0.9915,7.50,8.80
2007.11.05 08:06:31.456,0.9912,0.9915,7.50,8.80
2007.11.05 08:06:31.679,0.99125,0.99155,6.70,8.80
2007.11.05 08:06:32.032,0.99125,0.9916,6.70,8.80
2007.11.05 08:06:32.388,0.99125,0.9916,6.70,8.80
2007.11.05 08:06:32.691,0.99125,0.99155,6.70,9.60
2007.11.05 08:06:33.028,0.99125,0.99155,6.70,0.80
2007.11.05 08:06:33.271,0.99125,0.99155,6.70,0.80
2007.11.05 08:06:33.480,0.99125,0.9916,9.10,8.80
2007.11.05 08:06:33.688,0.99125,0.9916,13.10,8.80
2007.11.05 08:06:34.015,0.99125,0.9916,15.50,8.80
2007.11.05 08:06:34.619,0.99125,0.9916,15.50,8.80
2007.11.05 08:06:34.953,0.9913,0.99165,6.70,8.80
2007.11.05 08:06:35.286,0.99135,0.99165,6.40,8.80
2007.11.05 08:06:35.684,0.99135,0.99165,6.40,8.80
2007.11.05 08:06:36.017,0.99145,0.9917,6.70,0.80
2007.11.05 08:06:36.373,0.99145,0.9917,6.70,0.80
2007.11.05 08:06:36.601,0.99145,0.99175,6.70,13.60
2007.11.05 08:06:36.829,0.9914,0.99175,6.70,16.00
2007.11.05 08:06:37.283,0.9914,0.99175,6.70,16.00
2007.11.05 08:06:37.617,0.9914,0.99175,6.70,16.00
2007.11.05 08:06:37.951,0.9914,0.99175,6.70,16.00
2007.11.05 08:06:38.283,0.99135,0.9917,13.10,8.80
2007.11.05 08:06:38.654,0.99135,0.9917,13.10,8.80
2007.11.05 08:06:39.164,0.99135,0.9917,13.10,8.80
2007.11.05 08:06:39.618,0.99135,0.9917,13.10,8.80
2007.11.05 08:06:39.901,0.9914,0.99175,6.70,15.20
2007.11.05 08:06:40.185,0.9914,0.99175,6.70,12.80
2007.11.05 08:06:40.707,0.9914,0.99175,6.70,12.80
2007.11.05 08:06:41.040,0.99135,0.9917,9.90,8.80
2007.11.05 08:06:41.373,0.99135,0.9917,9.90,9.60
2007.11.05 08:06:41.611,0.99135,0.9917,9.90,9.60
2007.11.05 08:06:41.839,0.99135,0.99165,7.50,11.20
2007.11.05 08:06:42.177,0.99135,0.99165,7.50,2.40
2007.11.05 08:06:42.405,0.99135,0.99165,9.90,2.40
2007.11.05 08:06:42.708,0.99135,0.99165,7.50,6.40
2007.11.05 08:06:43.010,0.99135,0.99165,6.70,6.40
2007.11.05 08:06:43.314,0.9913,0.9916,6.70,8.80
2007.11.05 08:06:43.594,0.9913,0.9916,6.70,8.80
2007.11.05 08:06:43.993,0.9913,0.9916,6.70,8.80
2007.11.05 08:06:44.314,0.9913,0.9916,6.70,8.80
2007.11.05 08:06:44.625,0.9913,0.9916,6.70,8.80
2007.11.05 08:06:44.943,0.9913,0.9916,6.70,8.80
2007.11.05 08:06:45.297,0.99125,0.9915,0.80,8.80
2007.11.05 08:06:45.665,0.99125,0.9915,0.80,8.80
2007.11.05 08:06:45.998,0.9912,0.99155,6.70,8.80
2007.11.05 08:06:46.395,0.99125,0.9916,7.50,8.80
2007.11.05 08:06:46.718,0.99125,0.9916,7.50,8.80
2007.11.05 08:06:47.150,0.99125,0.99155,7.50,2.40
2007.11.05 08:06:47.364,0.99125,0.99155,6.70,2.40
2007.11.05 08:06:47.652,0.9912,0.99155,6.70,11.20
2007.11.05 08:06:48.083,0.9912,0.99155,6.70,11.20
2007.11.05 08:06:48.371,0.9912,0.99155,6.70,13.60
2007.11.05 08:06:48.660,0.9912,0.9915,6.70,8.80
2007.11.05 08:06:48.929,0.9912,0.9915,6.70,8.80
2007.11.05 08:06:49.269,0.9912,0.9915,6.70,8.80
2007.11.05 08:06:49.538,0.9912,0.9915,6.70,8.80
2007.11.05 08:06:49.557,0.9912,0.99155,6.70,17.60
2007.11.05 08:06:49.806,0.9912,0.99155,6.70,12.80
2007.11.05 08:06:50.073,0.9912,0.99155,6.70,12.80
2007.11.05 08:06:50.631,0.99125,0.9916,6.70,8.80
2007.11.05 08:06:50.964,0.99125,0.9916,6.70,8.80
2007.11.05 08:06:51.298,0.99125,0.99155,6.70,2.40
2007.11.05 08:06:51.632,0.99125,0.99155,6.70,2.40
2007.11.05 08:06:51.820,0.99125,0.99155,6.70,6.40
2007.11.05 08:06:52.135,0.99125,0.99155,6.70,6.40
2007.11.05 08:06:52.340,0.9912,0.99155,6.70,15.20
2007.11.05 08:06:53.384,0.9912,0.99155,6.70,15.20
2007.11.05 08:06:53.769,0.9912,0.99155,6.70,15.20
2007.11.05 08:06:54.022,0.9912,0.99155,6.70,15.20
2007.11.05 08:06:54.213,0.9912,0.99155,6.70,15.20
2007.11.05 08:06:54.625,0.9912,0.99155,6.70,15.20
2007.11.05 08:06:54.963,0.9912,0.99145,6.70,4.00
2007.11.05 08:06:55.297,0.9912,0.99145,6.70,4.00
2007.11.05 08:06:55.629,0.9912,0.99155,6.70,17.60
2007.11.05 08:06:55.958,0.9912,0.99155,6.70,21.60
2007.11.05 08:06:56.286,0.9912,0.99155,6.70,21.60
2007.11.05 08:06:56.614,0.99115,0.99145,0.80,8.80
2007.11.05 08:06:56.923,0.99115,0.9915,7.50,8.80
2007.11.05 08:06:57.166,0.99115,0.9915,7.50,8.80
2007.11.05 08:06:57.652,0.99115,0.9915,7.50,8.80
2007.11.05 08:06:57.904,0.9912,0.9915,6.70,8.80
2007.11.05 08:06:58.205,0.9912,0.9915,6.70,8.80
2007.11.05 08:06:58.459,0.9912,0.9915,6.70,8.80
2007.11.05 08:06:58.712,0.9912,0.9915,6.70,8.80
2007.11.05 08:06:59.025,0.99125,0.99155,0.80,11.20
2007.11.05 08:06:59.338,0.9913,0.99165,6.70,15.20
2007.11.05 08:06:59.747,0.9913,0.99165,6.70,15.20
2007.11.05 08:07:00.275,0.9913,0.99165,6.70,15.20
2007.11.05 08:07:00.558,0.99125,0.9916,13.90,8.80
2007.11.05 08:07:00.978,0.9913,0.99165,6.70,16.00
2007.11.05 08:07:01.312,0.9913,0.99165,6.70,16.00
2007.11.05 08:07:01.733,0.9913,0.99165,6.70,13.60
2007.11.05 08:07:01.955,0.99125,0.9916,13.10,8.80
2007.11.05 08:07:02.225,0.99125,0.9916,13.10,8.80
2007.11.05 08:07:02.447,0.9913,0.99165,6.70,13.60
2007.11.05 08:07:02.669,0.9913,0.99165,6.70,9.60
2007.11.05 08:07:03.214,0.99125,0.9916,10.70,8.80
2007.11.05 08:07:03.741,0.99125,0.9916,10.70,8.80
2007.11.05 08:07:04.050,0.99125,0.9916,10.70,8.80
2007.11.05 08:07:04.237,0.99125,0.9916,6.70,8.80
2007.11.05 08:07:04.426,0.9913,0.99165,6.70,18.40
2007.11.05 08:07:04.666,0.9913,0.99165,6.70,18.40
2007.11.05 08:07:04.950,0.9913,0.99165,6.70,18.40
2007.11.05 08:07:05.581,0.9913,0.99165,6.70,18.40
2007.11.05 08:07:06.054,0.99125,0.9916,7.50,8.80
2007.11.05 08:07:06.377,0.99125,0.9916,7.50,8.80
2007.11.05 08:07:06.685,0.99125,0.9916,13.90,8.80
2007.11.05 08:07:07.149,0.9913,0.9916,6.70,8.80
2007.11.05 08:07:07.460,0.9913,0.9916,6.70,8.80
2007.11.05 08:07:07.967,0.9913,0.99165,6.70,11.20
2007.11.05 08:07:08.219,0.9913,0.99165,6.70,11.20
2007.11.05 08:07:08.473,0.9913,0.99165,6.70,11.20
2007.11.05 08:07:08.888,0.9913,0.99165,6.70,11.20
2007.11.05 08:07:09.304,0.9913,0.99165,6.70,11.20
2007.11.05 08:07:09.563,0.99125,0.9916,7.50,8.80
2007.11.05 08:07:09.882,0.99125,0.9916,9.90,8.80
2007.11.05 08:07:10.216,0.99125,0.9916,9.90,8.80
2007.11.05 08:07:10.551,0.99135,0.9916,2.40,8.80
2007.11.05 08:07:10.885,0.99135,0.99165,9.10,15.20
2007.11.05 08:07:11.180,0.99135,0.99165,9.10,12.80
2007.11.05 08:07:11.624,0.99135,0.99165,9.10,12.80
2007.11.05 08:07:11.846,0.99135,0.99165,6.70,4.00
2007.11.05 08:07:12.171,0.99135,0.99165,6.70,4.00
2007.11.05 08:07:12.474,0.99135,0.99165,6.70,4.00
2007.11.05 08:07:12.872,0.99135,0.99165,6.70,4.00
2007.11.05 08:07:13.176,0.99145,0.99165,6.70,4.00
2007.11.05 08:07:13.384,0.9914,0.99165,7.50,4.00
2007.11.05 08:07:13.593,0.9914,0.99165,7.50,4.00
2007.11.05 08:07:13.800,0.9914,0.99165,7.50,4.00
2007.11.05 08:07:14.049,0.99145,0.99165,6.70,4.00
2007.11.05 08:07:14.357,0.99135,0.99165,6.70,4.00
2007.11.05 08:07:14.723,0.99135,0.99165,6.70,4.00
2007.11.05 08:07:15.055,0.99135,0.99165,6.70,4.00
2007.11.05 08:07:15.383,0.99135,0.99165,6.70,4.00
2007.11.05 08:07:15.745,0.99135,0.99165,9.10,4.00
2007.11.05 08:07:16.090,0.99135,0.99165,9.10,4.00
2007.11.05 08:07:16.304,0.99145,0.99165,6.70,4.00
2007.11.05 08:07:16.629,0.9914,0.99165,6.70,4.00
2007.11.05 08:07:16.925,0.9914,0.99165,6.70,4.00
2007.11.05 08:07:17.138,0.9914,0.99165,6.70,4.00
2007.11.05 08:07:17.442,0.9914,0.99165,6.70,4.00
2007.11.05 08:07:18.171,0.9914,0.99165,6.70,4.00
2007.11.05 08:07:18.820,0.99135,0.99165,7.50,6.40
2007.11.05 08:07:19.221,0.99135,0.99165,7.50,6.40
2007.11.05 08:07:19.474,0.99135,0.99165,7.50,4.00
2007.11.05 08:07:19.727,0.99135,0.9917,7.50,8.80
2007.11.05 08:07:19.981,0.99135,0.9917,9.90,8.80
2007.11.05 08:07:20.263,0.99135,0.9917,9.90,8.80
2007.11.05 08:07:20.596,0.9914,0.99175,6.70,15.20
2007.11.05 08:07:20.934,0.99145,0.99175,6.70,12.80
2007.11.05 08:07:21.262,0.99145,0.99175,6.70,12.80
2007.11.05 08:07:21.505,0.9914,0.99175,6.70,12.80
2007.11.05 08:07:21.751,0.99145,0.99175,6.70,12.80
2007.11.05 08:07:21.992,0.99145,0.99175,6.70,15.20
2007.11.05 08:07:22.442,0.99145,0.99175,6.70,15.20
2007.11.05 08:07:23.271,0.99145,0.99175,6.70,15.20
2007.11.05 08:07:24.074,0.99145,0.99175,6.70,15.20
2007.11.05 08:07:24.357,0.99145,0.99175,6.70,15.20
2007.11.05 08:07:24.662,0.9914,0.9917,8.30,8.80
2007.11.05 08:07:24.950,0.9914,0.9917,8.30,8.80
2007.11.05 08:07:25.239,0.99145,0.9917,0.80,8.80
2007.11.05 08:07:25.572,0.99155,0.99175,2.40,4.00
2007.11.05 08:07:26.085,0.99155,0.99175,2.40,4.00
2007.11.05 08:07:26.517,0.99155,0.99185,2.40,15.20
2007.11.05 08:07:26.754,0.9915,0.99185,6.70,15.20
2007.11.05 08:07:27.003,0.9915,0.99185,6.70,15.20
2007.11.05 08:07:27.241,0.9915,0.99185,6.70,15.20
2007.11.05 08:07:27.479,0.99155,0.99185,2.40,15.20
2007.11.05 08:07:27.757,0.9915,0.99185,6.70,15.20
2007.11.05 08:07:28.054,0.9915,0.99185,6.70,15.20
2007.11.05 08:07:28.685,0.99145,0.9918,9.90,8.80
2007.11.05 08:07:29.207,0.99145,0.9918,9.90,8.80
2007.11.05 08:07:29.441,0.99155,0.9918,2.40,8.80
2007.11.05 08:07:29.825,0.99155,0.9918,2.40,8.80
2007.11.05 08:07:30.141,0.99155,0.9918,2.40,8.80
2007.11.05 08:07:30.443,0.9915,0.99185,6.70,15.20
2007.11.05 08:07:30.776,0.99155,0.99185,2.40,15.20
2007.11.05 08:07:30.914,0.99155,0.99195,2.40,20.80
2007.11.05 08:07:31.109,0.99155,0.99185,9.10,6.40
2007.11.05 08:07:31.705,0.99155,0.99185,9.10,6.40
2007.11.05 08:07:31.933,0.99155,0.99185,2.40,15.20
2007.11.05 08:07:32.166,0.9915,0.99185,6.70,15.20
2007.11.05 08:07:32.646,0.9915,0.99185,6.70,15.20
2007.11.05 08:07:32.936,0.9915,0.99175,6.70,4.00
2007.11.05 08:07:33.224,0.9915,0.99175,6.70,4.00
2007.11.05 08:07:33.582,0.9915,0.99175,7.50,4.00
2007.11.05 08:07:33.897,0.9915,0.99175,7.50,4.00
2007.11.05 08:07:34.618,0.9915,0.99175,7.50,4.00
2007.11.05 08:07:36.283,0.9915,0.99175,7.50,4.00
2007.11.05 08:07:37.373,0.9915,0.99175,6.70,4.00
2007.11.05 08:07:37.572,0.9915,0.99175,7.50,4.00
2007.11.05 08:07:37.905,0.9915,0.99175,6.70,4.00
2007.11.05 08:07:38.301,0.9915,0.99175,6.70,4.00
2007.11.05 08:07:38.634,0.9915,0.99175,6.70,4.00
2007.11.05 08:07:38.862,0.99155,0.99185,6.70,2.40
2007.11.05 08:07:39.096,0.99155,0.99185,6.70,2.40
2007.11.05 08:07:39.324,0.9915,0.99185,7.50,11.20
2007.11.05 08:07:39.620,0.9915,0.99185,7.50,11.20
2007.11.05 08:07:39.916,0.99155,0.99185,20.40,6.40
2007.11.05 08:07:40.228,0.99155,0.99185,20.40,6.40
2007.11.05 08:07:40.570,0.9915,0.99185,7.50,15.20
2007.11.05 08:07:40.901,0.99155,0.99185,13.60,15.20
2007.11.05 08:07:41.229,0.99155,0.99185,13.60,15.20
2007.11.05 08:07:41.557,0.9915,0.99185,7.50,15.20
2007.11.05 08:07:41.959,0.9915,0.99185,7.50,15.20
2007.11.05 08:07:42.201,0.99155,0.99185,15.20,15.20
2007.11.05 08:07:42.447,0.99155,0.99185,1.60,15.20
2007.11.05 08:07:42.697,0.99155,0.99185,9.90,6.40
2007.11.05 08:07:42.933,0.99155,0.99185,0.80,15.20
2007.11.05 08:07:43.221,0.99155,0.99185,0.80,15.20
2007.11.05 08:07:43.580,0.99155,0.99185,0.80,15.20
2007.11.05 08:07:44.010,0.99155,0.99185,0.80,15.20
2007.11.05 08:07:44.244,0.9915,0.99175,8.30,4.00
2007.11.05 08:07:44.477,0.9915,0.99175,6.70,4.00
2007.11.05 08:07:44.764,0.9915,0.99175,6.70,4.00
2007.11.05 08:07:45.054,0.99145,0.99175,9.90,4.00
2007.11.05 08:07:45.673,0.99145,0.99175,9.90,4.00
2007.11.05 08:07:46.007,0.99145,0.99175,7.50,4.00
2007.11.05 08:07:46.309,0.99145,0.99175,7.50,4.00
2007.11.05 08:07:47.148,0.99145,0.99175,7.50,4.00
2007.11.05 08:07:47.411,0.9915,0.99175,0.80,4.00
2007.11.05 08:07:47.940,0.9915,0.99175,0.80,4.00
2007.11.05 08:07:48.192,0.9915,0.99175,6.70,4.00
2007.11.05 08:07:48.446,0.9915,0.99175,6.70,4.00
2007.11.05 08:07:48.699,0.9915,0.99175,6.70,4.00
2007.11.05 08:07:48.952,0.99145,0.9918,9.10,8.80
2007.11.05 08:07:49.455,0.99145,0.9918,9.10,8.80
2007.11.05 08:07:49.717,0.99145,0.99175,9.10,4.00
2007.11.05 08:07:50.292,0.99145,0.99175,9.10,4.00
2007.11.05 08:07:50.630,0.99145,0.9918,9.10,8.80
2007.11.05 08:07:50.963,0.99155,0.9918,2.40,8.80
2007.11.05 08:07:51.410,0.99155,0.9918,2.40,8.80
2007.11.05 08:07:51.937,0.99155,0.9918,2.40,8.80
2007.11.05 08:07:52.169,0.99145,0.99175,8.00,8.80
2007.11.05 08:07:52.482,0.99155,0.99185,6.70,6.40
2007.11.05 08:07:52.838,0.9915,0.99175,7.50,4.00
2007.11.05 08:07:53.413,0.9915,0.99175,7.50,4.00
2007.11.05 08:07:53.641,0.9915,0.99175,6.70,4.00
2007.11.05 08:07:53.870,0.99155,0.99175,13.60,4.00
2007.11.05 08:07:54.210,0.9916,0.99175,6.70,4.00
2007.11.05 08:07:54.463,0.9916,0.99175,6.70,4.00
2007.11.05 08:07:54.721,0.99155,0.99175,9.10,4.00
2007.11.05 08:07:55.301,0.99155,0.99185,6.70,6.40
2007.11.05 08:07:55.921,0.99155,0.99185,6.70,6.40
2007.11.05 08:07:56.254,0.99155,0.99185,7.50,15.20
2007.11.05 08:07:56.554,0.99155,0.99185,7.50,15.20
2007.11.05 08:07:56.787,0.99155,0.99185,21.20,6.40
2007.11.05 08:07:57.030,0.99155,0.99185,21.20,6.40
2007.11.05 08:07:57.263,0.9916,0.99185,6.70,6.40
2007.11.05 08:07:57.592,0.9916,0.99185,6.70,6.40
2007.11.05 08:07:57.922,0.99155,0.99185,0.80,15.20
2007.11.05 08:07:58.251,0.99155,0.99185,9.10,15.20
2007.11.05 08:07:58.600,0.99155,0.99185,9.10,15.20
2007.11.05 08:07:58.965,0.99155,0.99185,9.10,15.20
2007.11.05 08:07:59.198,0.99155,0.99185,2.40,15.20
2007.11.05 08:07:59.537,0.9915,0.99185,6.70,15.20
2007.11.05 08:07:59.790,0.9915,0.99175,7.50,4.00
2007.11.05 08:08:00.226,0.9915,0.99175,6.70,4.00
2007.11.05 08:08:00.559,0.9915,0.99175,6.70,4.00
2007.11.05 08:08:00.893,0.9915,0.99175,6.70,4.00
2007.11.05 08:08:01.240,0.9915,0.99175,6.70,4.00
2007.11.05 08:08:01.604,0.9915,0.99185,6.70,15.20
2007.11.05 08:08:02.759,0.9915,0.99185,6.70,15.20
2007.11.05 08:08:03.053,0.9915,0.99185,6.70,12.80
2007.11.05 08:08:03.376,0.9915,0.99185,6.70,12.80
2007.11.05 08:08:03.655,0.9915,0.99185,6.70,12.80
2007.11.05 08:08:03.932,0.99145,0.9918,11.50,8.80
2007.11.05 08:08:04.325,0.99145,0.9918,11.50,8.80
2007.11.05 08:08:04.564,0.9915,0.99185,6.70,11.20
2007.11.05 08:08:06.408,0.9915,0.99185,6.70,15.20
2007.11.05 08:08:07.310,0.9915,0.99185,6.70,15.20
2007.11.05 08:08:08.146,0.9915,0.99185,7.50,15.20
2007.11.05 08:08:08.665,0.9915,0.99185,7.50,15.20
2007.11.05 08:08:08.850,0.99155,0.99185,13.60,15.20
2007.11.05 08:08:09.076,0.99155,0.99185,13.60,15.20
2007.11.05 08:08:09.258,0.9916,0.99185,6.70,4.00
2007.11.05 08:08:09.442,0.9916,0.99185,6.70,4.00
2007.11.05 08:08:09.693,0.9916,0.99195,6.70,20.00
2007.11.05 08:08:10.011,0.99165,0.99185,0.80,11.20
2007.11.05 08:08:10.330,0.99165,0.99185,0.80,8.80
2007.11.05 08:08:10.648,0.99165,0.99195,7.50,6.40
2007.11.05 08:08:10.981,0.99165,0.99195,9.90,6.40
2007.11.05 08:08:11.314,0.99165,0.99195,2.40,15.20
2007.11.05 08:08:11.698,0.9916,0.99185,6.70,2.40
2007.11.05 08:08:11.917,0.9916,0.99185,6.70,2.40
2007.11.05 08:08:12.135,0.9916,0.99185,6.70,2.40
2007.11.05 08:08:12.352,0.99155,0.99185,4.00,11.20
2007.11.05 08:08:12.581,0.99155,0.99185,4.00,11.20
2007.11.05 08:08:12.798,0.99155,0.99185,16.80,11.20
2007.11.05 08:08:13.131,0.99155,0.99185,13.60,15.20
2007.11.05 08:08:13.526,0.99155,0.99185,6.70,15.20
2007.11.05 08:08:13.937,0.99155,0.99185,6.70,15.20
2007.11.05 08:08:14.177,0.99155,0.99185,6.70,4.00
2007.11.05 08:08:14.569,0.99155,0.99185,6.70,6.40
2007.11.05 08:08:14.787,0.99155,0.99185,9.10,6.40
2007.11.05 08:08:15.120,0.99155,0.99185,9.10,6.40
2007.11.05 08:08:15.453,0.99155,0.99185,0.80,15.20
2007.11.05 08:08:15.786,0.9915,0.99175,7.50,4.00
2007.11.05 08:08:15.999,0.99155,0.99175,2.40,4.00
2007.11.05 08:08:16.212,0.9915,0.99175,1.60,4.00
2007.11.05 08:08:16.426,0.99155,0.99175,3.20,4.00
2007.11.05 08:08:16.641,0.99155,0.99175,3.20,4.00
2007.11.05 08:08:16.854,0.9915,0.99185,7.50,11.20
2007.11.05 08:08:17.203,0.99155,0.99185,2.40,11.20
2007.11.05 08:08:17.685,0.99155,0.99185,2.40,11.20
2007.11.05 08:08:18.018,0.9915,0.99185,8.30,11.20
2007.11.05 08:08:18.251,0.99155,0.99185,2.40,11.20
2007.11.05 08:08:18.484,0.99155,0.99185,2.40,11.20
2007.11.05 08:08:18.792,0.99155,0.99185,2.40,11.20
2007.11.05 08:08:19.024,0.9915,0.99185,8.30,15.20
2007.11.05 08:08:19.617,0.9915,0.99185,8.30,15.20
2007.11.05 08:08:20.000,0.9915,0.99185,8.30,15.20
2007.11.05 08:08:20.333,0.9915,0.99185,8.30,15.20
2007.11.05 08:08:20.668,0.9915,0.99175,9.10,4.00
2007.11.05 08:08:21.001,0.9916,0.99175,2.40,4.00
2007.11.05 08:08:21.247,0.99165,0.99175,0.80,4.00
2007.11.05 08:08:21.490,0.9917,0.99175,6.70,4.00
2007.11.05 08:08:21.770,0.9917,0.99195,6.70,6.40
2007.11.05 08:08:22.151,0.99165,0.99195,7.50,6.40
2007.11.05 08:08:22.455,0.99165,0.99195,7.50,4.00
2007.11.05 08:08:22.884,0.99165,0.99195,7.50,4.00
2007.11.05 08:08:23.509,0.99165,0.99195,7.50,4.00
2007.11.05 08:08:23.770,0.9917,0.99195,6.70,4.00
2007.11.05 08:08:24.055,0.9917,0.99195,6.70,4.00
2007.11.05 08:08:24.362,0.9917,0.99195,6.70,4.00
2007.11.05 08:08:24.814,0.9917,0.99195,6.70,4.00
2007.11.05 08:08:25.505,0.9917,0.99205,6.70,12.80
2007.11.05 08:08:26.125,0.9917,0.99205,6.70,12.80
2007.11.05 08:08:27.586,0.9917,0.99205,6.70,12.80
2007.11.05 08:08:27.894,0.9917,0.99205,6.70,15.20
2007.11.05 08:08:28.202,0.9917,0.99205,7.50,15.20
2007.11.05 08:08:28.392,0.99165,0.99205,13.10,15.20
2007.11.05 08:08:28.413,0.9917,0.99205,7.50,15.20
2007.11.05 08:08:28.717,0.9917,0.99205,7.50,15.20
2007.11.05 08:08:28.917,0.9917,0.99195,1.60,11.20
2007.11.05 08:08:29.136,0.9917,0.99195,1.60,11.20
2007.11.05 08:08:29.468,0.99165,0.99195,6.70,11.20
2007.11.05 08:08:29.987,0.99165,0.9919,2.40,8.80
2007.11.05 08:08:30.321,0.99165,0.9919,2.40,8.80
2007.11.05 08:08:30.732,0.99165,0.99185,2.40,8.80
2007.11.05 08:08:32.797,0.9916,0.99185,2.40,8.80
2007.11.05 08:08:33.213,0.9916,0.99185,2.40,8.80
2007.11.05 08:08:34.523,0.99165,0.99195,9.10,6.40
2007.11.05 08:08:34.771,0.99165,0.99195,2.40,15.20
2007.11.05 08:08:35.038,0.99165,0.99195,2.40,15.20
2007.11.05 08:08:35.349,0.99165,0.99195,2.40,15.20
2007.11.05 08:08:35.782,0.9916,0.9919,8.30,8.80
2007.11.05 08:08:36.116,0.9916,0.9919,6.70,8.80
2007.11.05 08:08:36.309,0.99155,0.99185,7.50,2.40
2007.11.05 08:08:36.691,0.99155,0.99185,7.50,2.40
2007.11.05 08:08:36.884,0.99155,0.99185,9.90,6.40
2007.11.05 08:08:37.077,0.99155,0.99185,9.10,6.40
2007.11.05 08:08:37.664,0.99155,0.99185,9.10,6.40
2007.11.05 08:08:38.037,0.99155,0.99185,2.40,15.20
2007.11.05 08:08:38.370,0.9915,0.99185,8.30,15.20
2007.11.05 08:08:38.578,0.9915,0.99185,7.50,15.20
2007.11.05 08:08:38.787,0.9915,0.99175,7.50,2.40
2007.11.05 08:08:38.995,0.99145,0.99175,9.90,2.40
2007.11.05 08:08:39.249,0.99145,0.99175,7.50,2.40
2007.11.05 08:08:39.625,0.99145,0.99175,7.50,2.40
2007.11.05 08:08:39.943,0.9914,0.99175,8.30,15.20
2007.11.05 08:08:40.261,0.9914,0.9917,6.70,8.80
2007.11.05 08:08:40.594,0.99135,0.9917,9.10,8.80
2007.11.05 08:08:41.103,0.99135,0.9917,9.10,8.80
2007.11.05 08:08:41.656,0.99135,0.99165,9.10,2.40
2007.11.05 08:08:41.927,0.99135,0.99165,9.10,2.40
2007.11.05 08:08:42.258,0.99135,0.99165,11.50,2.40
2007.11.05 08:08:42.561,0.99135,0.99165,11.50,2.40
2007.11.05 08:08:42.859,0.99135,0.99165,2.40,11.20
2007.11.05 08:08:43.157,0.99145,0.99165,0.80,15.20
2007.11.05 08:08:43.456,0.99145,0.99165,0.80,12.80
2007.11.05 08:08:43.710,0.99145,0.99165,3.20,8.80
2007.11.05 08:08:43.963,0.9914,0.9916,0.80,8.80
2007.11.05 08:08:44.215,0.99145,0.99175,6.70,16.00
2007.11.05 08:08:44.552,0.99135,0.9917,8.30,8.80
2007.11.05 08:08:44.808,0.99135,0.99165,8.30,2.40
2007.11.05 08:08:45.171,0.99135,0.99165,10.70,2.40
2007.11.05 08:08:45.466,0.99135,0.99165,1.60,11.20
2007.11.05 08:08:45.798,0.99135,0.99165,8.30,4.00
2007.11.05 08:08:46.132,0.99135,0.99165,6.70,4.00
2007.11.05 08:08:46.467,0.9913,0.99165,6.70,15.20
2007.11.05 08:08:46.951,0.9913,0.99165,6.70,15.20
2007.11.05 08:08:47.171,0.9913,0.9916,6.70,8.80
2007.11.05 08:08:47.559,0.9913,0.9916,6.70,8.80
2007.11.05 08:08:47.882,0.9913,0.9916,6.70,8.80
2007.11.05 08:08:48.205,0.9913,0.99165,6.70,8.80
2007.11.05 08:08:48.527,0.9913,0.9916,6.70,8.80
2007.11.05 08:08:48.830,0.9913,0.9916,6.70,8.80
2007.11.05 08:08:49.233,0.9913,0.9916,6.70,8.80
2007.11.05 08:08:49.436,0.9913,0.9916,6.70,8.80
2007.11.05 08:08:49.769,0.99125,0.99155,7.50,8.80
2007.11.05 08:08:50.150,0.99125,0.99155,7.50,8.80
2007.11.05 08:08:50.645,0.99125,0.9916,7.50,8.80
2007.11.05 08:08:50.947,0.99125,0.9916,9.90,8.80
2007.11.05 08:08:51.251,0.99125,0.9916,9.90,8.80
2007.11.05 08:08:51.615,0.99125,0.9916,9.90,8.80
2007.11.05 08:08:51.874,0.99125,0.9916,12.30,8.80
2007.11.05 08:08:52.132,0.99125,0.9916,17.90,8.80
2007.11.05 08:08:52.390,0.9913,0.99165,6.70,11.20
2007.11.05 08:08:52.730,0.9913,0.99165,6.70,11.20
2007.11.05 08:08:53.774,0.9913,0.99165,6.70,11.20
2007.11.05 08:08:54.016,0.9913,0.99165,6.70,8.80
2007.11.05 08:08:54.321,0.9913,0.99165,6.70,8.80
2007.11.05 08:08:54.530,0.99125,0.9916,17.90,8.80
2007.11.05 08:08:54.848,0.99135,0.9916,2.40,8.80
2007.11.05 08:08:55.168,0.9914,0.9917,6.70,8.80
2007.11.05 08:08:55.486,0.9914,0.9917,6.70,8.80
2007.11.05 08:08:55.832,0.9914,0.99175,6.70,9.60
2007.11.05 08:08:56.405,0.9914,0.99175,6.70,9.60
2007.11.05 08:08:56.769,0.9914,0.99175,6.70,9.60
2007.11.05 08:08:56.991,0.99145,0.99175,2.40,8.80
2007.11.05 08:08:57.215,0.9914,0.99175,8.30,8.80
2007.11.05 08:08:57.439,0.99145,0.99175,0.80,8.80
2007.11.05 08:08:58.241,0.9914,0.99175,8.30,8.80
2007.11.05 08:08:58.574,0.9914,0.99175,8.30,8.80
2007.11.05 08:08:58.908,0.9914,0.9917,6.70,8.80
2007.11.05 08:08:59.632,0.9914,0.9917,6.70,8.80
2007.11.05 08:08:59.953,0.9914,0.9917,6.70,8.80
2007.11.05 08:09:00.329,0.9914,0.99175,6.70,8.80
2007.11.05 08:09:00.602,0.9914,0.9917,8.30,8.80
2007.11.05 08:09:00.936,0.9914,0.9917,8.30,8.80
2007.11.05 08:09:01.268,0.9914,0.99175,8.30,8.80
2007.11.05 08:09:01.602,0.9915,0.99175,1.60,8.80
2007.11.05 08:09:01.825,0.9915,0.99175,0.80,8.80
2007.11.05 08:09:02.243,0.9914,0.99175,6.70,8.80
2007.11.05 08:09:02.894,0.9914,0.99175,6.70,8.80
2007.11.05 08:09:04.397,0.9914,0.99175,6.70,8.80
2007.11.05 08:09:04.635,0.9914,0.99175,6.70,8.80
2007.11.05 08:09:04.874,0.9914,0.99175,6.70,8.80
2007.11.05 08:09:05.207,0.9914,0.99175,7.50,8.80
2007.11.05 08:09:05.791,0.9914,0.99175,7.50,8.80
2007.11.05 08:09:06.000,0.9914,0.99175,8.30,8.80
2007.11.05 08:09:06.236,0.9914,0.99175,8.30,8.80
2007.11.05 08:09:06.504,0.99145,0.9918,13.10,8.80
2007.11.05 08:09:07.364,0.99145,0.9918,13.10,8.80
2007.11.05 08:09:07.618,0.99145,0.9918,13.10,8.80
2007.11.05 08:09:08.260,0.99145,0.9918,13.10,8.80
2007.11.05 08:09:08.503,0.99145,0.9918,13.10,8.80
2007.11.05 08:09:08.747,0.9915,0.9918,0.80,8.80
2007.11.05 08:09:09.104,0.9915,0.9918,1.60,8.80
2007.11.05 08:09:09.414,0.9915,0.9918,1.60,8.80
2007.11.05 08:09:10.239,0.9915,0.99185,8.30,28.00
2007.11.05 08:09:10.567,0.9915,0.99185,8.30,30.40
2007.11.05 08:09:10.896,0.9915,0.99185,9.10,16.80
2007.11.05 08:09:11.225,0.9915,0.99185,8.30,9.60
2007.11.05 08:09:11.444,0.9915,0.99185,8.30,8.80
2007.11.05 08:09:11.827,0.9915,0.99185,8.30,8.80
2007.11.05 08:09:12.632,0.9915,0.99185,8.30,8.80
2007.11.05 08:09:13.277,0.9915,0.99185,8.30,8.80
2007.11.05 08:09:13.480,0.9916,0.99185,0.80,8.80
2007.11.05 08:09:13.684,0.9916,0.99185,1.60,8.80
2007.11.05 08:09:13.887,0.9916,0.99185,1.60,8.80
2007.11.05 08:09:14.174,0.9916,0.99185,1.60,8.80
2007.11.05 08:09:14.497,0.9917,0.9919,0.80,8.80
2007.11.05 08:09:14.820,0.9917,0.99195,1.60,10.40
2007.11.05 08:09:15.142,0.9917,0.99195,1.60,9.60
2007.11.05 08:09:15.466,0.9917,0.99195,1.60,8.80
2007.11.05 08:09:15.800,0.99175,0.99205,0.80,13.60
2007.11.05 08:09:16.133,0.99175,0.99205,0.80,13.60
2007.11.05 08:09:16.471,0.99175,0.992,3.20,8.80
2007.11.05 08:09:16.694,0.99175,0.99205,4.80,9.60
2007.11.05 08:09:16.921,0.99175,0.99205,4.80,9.60
2007.11.05 08:09:17.143,0.99175,0.99205,4.00,9.60
2007.11.05 08:09:17.365,0.99175,0.99205,4.00,23.20
2007.11.05 08:09:17.649,0.9917,0.992,6.70,8.80
2007.11.05 08:09:17.932,0.99165,0.99195,4.80,8.80
2007.11.05 08:09:18.215,0.99165,0.992,12.30,8.80
2007.11.05 08:09:18.424,0.99165,0.992,16.30,8.80
2007.11.05 08:09:18.767,0.99165,0.992,16.30,8.80
2007.11.05 08:09:18.978,0.99165,0.992,16.30,8.80
2007.11.05 08:09:19.317,0.99165,0.992,16.30,8.80
2007.11.05 08:09:19.637,0.99165,0.992,16.30,8.80
2007.11.05 08:09:20.711,0.9917,0.99205,6.70,16.00
2007.11.05 08:09:21.043,0.9917,0.99205,6.70,25.60
2007.11.05 08:09:21.376,0.99165,0.992,11.50,8.80
2007.11.05 08:09:21.621,0.99165,0.992,11.50,8.80
2007.11.05 08:09:21.824,0.99165,0.992,12.30,8.80
2007.11.05 08:09:22.028,0.9917,0.992,0.80,8.80
2007.11.05 08:09:22.355,0.9917,0.992,0.80,8.80
2007.11.05 08:09:22.818,0.99175,0.992,0.80,8.80
2007.11.05 08:09:23.294,0.99175,0.992,0.80,8.80
2007.11.05 08:09:23.613,0.99165,0.992,16.30,8.80
2007.11.05 08:09:23.851,0.99165,0.992,13.90,8.80
2007.11.05 08:09:24.273,0.99165,0.992,13.90,8.80
2007.11.05 08:09:24.514,0.9917,0.99195,1.60,8.80
2007.11.05 08:09:24.909,0.9917,0.99195,1.60,8.80
2007.11.05 08:09:25.176,0.9916,0.99195,9.90,8.80
2007.11.05 08:09:25.445,0.99165,0.99195,2.40,8.80
2007.11.05 08:09:25.828,0.9917,0.99195,0.80,8.80
2007.11.05 08:09:26.331,0.9917,0.99195,1.60,8.80
2007.11.05 08:09:26.809,0.9917,0.99195,1.60,8.80
2007.11.05 08:09:27.165,0.9917,0.99195,1.60,12.80
2007.11.05 08:09:27.474,0.9917,0.99195,1.60,12.80
2007.11.05 08:09:27.784,0.9917,0.99195,0.70,12.80
2007.11.05 08:09:27.794,0.9917,0.99185,1.60,8.80
2007.11.05 08:09:28.112,0.9917,0.9919,0.80,8.80
2007.11.05 08:09:28.430,0.9917,0.9919,0.80,8.80
2007.11.05 08:09:28.749,0.9916,0.9919,9.10,8.80
2007.11.05 08:09:28.982,0.9916,0.99195,8.30,8.80
2007.11.05 08:09:29.229,0.9916,0.99195,8.30,8.80
2007.11.05 08:09:29.628,0.9916,0.99195,8.30,8.80
2007.11.05 08:09:29.895,0.9916,0.99195,8.30,8.80
2007.11.05 08:09:30.168,0.9916,0.99195,8.30,8.80
2007.11.05 08:09:30.477,0.9916,0.99195,8.30,8.80
2007.11.05 08:09:30.815,0.9916,0.99185,1.60,8.80
2007.11.05 08:09:31.247,0.9916,0.9919,8.30,2.40
2007.11.05 08:09:31.580,0.9916,0.9919,8.30,1.60
2007.11.05 08:09:31.788,0.9916,0.99185,1.60,8.80
2007.11.05 08:09:32.029,0.9916,0.99185,1.60,9.60
2007.11.05 08:09:32.241,0.9916,0.99185,1.60,12.00
2007.11.05 08:09:32.444,0.9916,0.99185,1.60,28.00
2007.11.05 08:09:32.762,0.99145,0.9918,13.10,9.60
2007.11.05 08:09:33.086,0.99145,0.9918,9.10,9.60
2007.11.05 08:09:33.405,0.99145,0.9918,9.10,9.60
2007.11.05 08:09:33.724,0.99145,0.99175,6.70,2.40
2007.11.05 08:09:33.976,0.99145,0.99175,6.70,2.40
2007.11.05 08:09:34.229,0.9914,0.9917,6.70,0.80
2007.11.05 08:09:34.483,0.9914,0.9917,6.70,8.80
2007.11.05 08:09:34.767,0.9914,0.9917,6.70,8.80
2007.11.05 08:09:35.164,0.9914,0.9917,6.70,8.80
2007.11.05 08:09:35.448,0.9914,0.99165,6.70,2.40
2007.11.05 08:09:35.737,0.9914,0.99165,6.70,2.40
2007.11.05 08:09:36.065,0.99135,0.99165,6.70,8.80
2007.11.05 08:09:36.638,0.99125,0.9916,7.50,8.80
2007.11.05 08:09:36.867,0.99125,0.99155,8.30,2.40
2007.11.05 08:09:37.256,0.99125,0.99155,1.60,11.20
2007.11.05 08:09:37.566,0.99125,0.99155,8.30,8.80
2007.11.05 08:09:37.803,0.99125,0.99155,8.30,8.80
2007.11.05 08:09:38.097,0.99125,0.99155,9.10,8.80
2007.11.05 08:09:38.398,0.9913,0.9916,0.80,8.80
2007.11.05 08:09:38.712,0.99125,0.9916,8.30,8.80
2007.11.05 08:09:39.004,0.99125,0.9916,8.30,8.80
2007.11.05 08:09:39.286,0.99125,0.99155,7.50,2.40
2007.11.05 08:09:39.628,0.99125,0.99155,7.50,2.40
2007.11.05 08:09:39.913,0.99125,0.9915,0.80,8.80
2007.11.05 08:09:40.262,0.99125,0.9915,0.80,8.80
2007.11.05 08:09:40.595,0.99125,0.99155,7.50,15.20
2007.11.05 08:09:40.928,0.9912,0.99155,6.70,8.80
2007.11.05 08:09:41.181,0.9912,0.9915,6.70,8.80
2007.11.05 08:09:41.731,0.9912,0.9915,6.70,8.80
2007.11.05 08:09:41.998,0.9912,0.99155,6.70,8.80
2007.11.05 08:09:42.266,0.9912,0.9915,6.70,8.80
2007.11.05 08:09:42.639,0.9912,0.9915,6.70,8.80
2007.11.05 08:09:42.907,0.99125,0.99155,6.70,8.80
2007.11.05 08:09:43.170,0.99125,0.9916,6.70,8.80
2007.11.05 08:09:43.433,0.99125,0.99155,2.40,8.80
2007.11.05 08:09:43.726,0.99125,0.99155,2.40,8.80
2007.11.05 08:09:44.360,0.99125,0.99155,2.40,8.80
2007.11.05 08:09:44.658,0.99125,0.9916,9.10,8.80
2007.11.05 08:09:44.956,0.99125,0.99155,9.10,8.80
2007.11.05 08:09:45.289,0.99125,0.99155,2.40,11.20
2007.11.05 08:09:45.622,0.99125,0.99155,2.40,12.00
2007.11.05 08:09:45.955,0.99125,0.9915,2.40,8.80
2007.11.05 08:09:46.193,0.99125,0.9915,9.10,0.80
2007.11.05 08:09:46.432,0.99125,0.9915,2.40,0.80
2007.11.05 08:09:46.716,0.99125,0.9915,2.40,0.80
2007.11.05 08:09:47.054,0.99125,0.99155,2.40,12.00
2007.11.05 08:09:47.327,0.99125,0.99155,2.40,12.00
2007.11.05 08:09:47.677,0.99125,0.99155,2.40,12.00
2007.11.05 08:09:47.831,0.99125,0.99165,2.40,34.40
2007.11.05 08:09:48.095,0.99125,0.99155,2.40,0.70
2007.11.05 08:09:48.334,0.9912,0.9916,6.70,15.20
2007.11.05 08:09:48.572,0.9912,0.9916,6.70,16.80
2007.11.05 08:09:48.813,0.99115,0.99155,7.50,12.00
2007.11.05 08:09:49.127,0.99115,0.99145,7.50,8.80
2007.11.05 08:09:49.455,0.99115,0.99145,0.80,8.80
2007.11.05 08:09:49.965,0.99115,0.99145,0.80,8.80
2007.11.05 08:09:50.294,0.99115,0.99145,0.80,8.80
2007.11.05 08:09:50.597,0.9911,0.99145,6.70,8.80
2007.11.05 08:09:50.900,0.9911,0.99145,6.70,8.80
2007.11.05 08:09:51.204,0.9911,0.99145,6.70,8.80
2007.11.05 08:09:51.507,0.9911,0.99145,6.70,8.80
2007.11.05 08:09:51.780,0.9911,0.99145,6.70,11.20
2007.11.05 08:09:52.050,0.9911,0.99145,7.50,11.20
2007.11.05 08:09:52.517,0.9911,0.99145,7.50,11.20
2007.11.05 08:09:52.791,0.9911,0.9914,7.50,8.80
2007.11.05 08:09:53.148,0.9911,0.9914,7.50,8.80
2007.11.05 08:09:53.421,0.9911,0.9914,7.50,8.80
2007.11.05 08:09:53.674,0.9911,0.9914,0.80,8.80
2007.11.05 08:09:54.022,0.99105,0.99135,0.80,8.80
2007.11.05 08:09:54.327,0.99105,0.99135,0.80,8.80
2007.11.05 08:09:54.580,0.99095,0.9913,10.70,8.80
2007.11.05 08:09:54.972,0.99095,0.9913,10.70,8.80
2007.11.05 08:09:55.275,0.99095,0.99125,4.00,8.80
2007.11.05 08:09:55.587,0.99095,0.99125,4.00,8.80
2007.11.05 08:09:55.922,0.99095,0.9913,10.70,8.80
2007.11.05 08:09:56.254,0.991,0.99135,6.70,8.80
2007.11.05 08:09:56.586,0.991,0.99135,6.70,8.80
2007.11.05 08:09:56.851,0.991,0.99135,6.70,8.80
2007.11.05 08:09:57.059,0.991,0.99135,6.70,8.80
2007.11.05 08:09:57.301,0.991,0.99135,6.70,8.80
2007.11.05 08:09:57.510,0.991,0.99135,6.70,8.80
2007.11.05 08:09:57.721,0.991,0.9913,6.70,8.80
2007.11.05 08:09:58.029,0.99105,0.99135,0.80,11.20
2007.11.05 08:09:58.337,0.991,0.9913,6.70,8.80
2007.11.05 08:09:58.646,0.99105,0.9914,9.10,8.80
2007.11.05 08:09:58.922,0.99105,0.9914,6.70,8.80
2007.11.05 08:09:59.194,0.99105,0.9914,11.50,8.80
2007.11.05 08:09:59.423,0.99105,0.9913,2.40,8.80
2007.11.05 08:10:00.246,0.99105,0.9914,9.10,8.80
2007.11.05 08:10:00.792,0.99105,0.9914,9.10,8.80
2007.11.05 08:10:01.125,0.99105,0.9914,11.50,8.80
2007.11.05 08:10:01.725,0.99105,0.9914,11.50,8.80
2007.11.05 08:10:02.408,0.99105,0.9914,9.10,8.80
2007.11.05 08:10:02.789,0.99105,0.9914,9.10,8.80
2007.11.05 08:10:03.113,0.99105,0.9914,9.10,8.80
2007.11.05 08:10:03.446,0.9911,0.99135,0.80,8.80
2007.11.05 08:10:03.779,0.99105,0.99135,5.60,8.80
2007.11.05 08:10:04.113,0.99105,0.9914,12.30,8.80
2007.11.05 08:10:04.338,0.99105,0.9914,11.50,8.80
2007.11.05 08:10:04.633,0.99105,0.9914,11.50,8.80
2007.11.05 08:10:04.852,0.99105,0.9914,11.50,8.80
2007.11.05 08:10:05.186,0.9911,0.99145,6.70,13.60
2007.11.05 08:10:05.519,0.9911,0.99145,6.70,13.60
2007.11.05 08:10:05.939,0.9911,0.99145,6.70,13.60
2007.11.05 08:10:06.421,0.9911,0.99145,6.70,13.60
2007.11.05 08:10:06.658,0.99105,0.9914,12.30,8.80
2007.11.05 08:10:07.047,0.9911,0.99145,6.70,9.60
2007.11.05 08:10:07.574,0.9911,0.99145,6.70,9.60
2007.11.05 08:10:07.871,0.99115,0.99145,4.00,9.60
2007.11.05 08:10:08.297,0.99115,0.99145,4.00,9.60
2007.11.05 08:10:08.553,0.9911,0.9914,6.70,8.80
2007.11.05 08:10:08.872,0.9911,0.9914,6.70,0.80
2007.11.05 08:10:08.967,0.9911,0.9914,6.70,8.80
2007.11.05 08:10:09.300,0.99115,0.99145,4.00,9.60
2007.11.05 08:10:09.753,0.99105,0.9914,19.50,8.80
2007.11.05 08:10:10.085,0.99115,0.9914,0.80,8.80
2007.11.05 08:10:10.418,0.99115,0.99145,0.80,8.80
2007.11.05 08:10:11.156,0.99115,0.99145,6.70,8.80
2007.11.05 08:10:11.369,0.99115,0.9915,6.70,8.80
2007.11.05 08:10:11.621,0.99115,0.9915,6.70,8.80
2007.11.05 08:10:11.834,0.99115,0.9915,6.70,8.80
2007.11.05 08:10:12.047,0.99115,0.9915,7.50,8.80
2007.11.05 08:10:12.370,0.99115,0.9915,10.70,8.80
2007.11.05 08:10:12.694,0.99115,0.9915,10.70,8.80
2007.11.05 08:10:13.017,0.99115,0.9915,6.70,8.80
2007.11.05 08:10:13.308,0.99115,0.9915,6.70,9.60
2007.11.05 08:10:13.566,0.9911,0.99145,7.50,8.80
2007.11.05 08:10:13.824,0.99115,0.9915,6.70,9.60
2007.11.05 08:10:14.083,0.9911,0.9914,6.70,8.80
2007.11.05 08:10:14.310,0.99115,0.9915,6.70,8.80
2007.11.05 08:10:14.539,0.99115,0.9915,6.70,8.80
2007.11.05 08:10:14.775,0.99115,0.9915,6.70,8.80
2007.11.05 08:10:15.330,0.99115,0.9915,6.70,8.80
2007.11.05 08:10:15.948,0.99115,0.9915,6.70,8.80
2007.11.05 08:10:16.281,0.99115,0.99145,6.70,0.80
2007.11.05 08:10:16.458,0.99115,0.99145,6.70,0.80
2007.11.05 08:10:16.645,0.99105,0.9914,12.30,8.80
2007.11.05 08:10:16.957,0.99105,0.9914,12.30,8.80
2007.11.05 08:10:17.305,0.99105,0.9914,12.30,8.80
2007.11.05 08:10:17.638,0.99105,0.9914,16.30,8.80
2007.11.05 08:10:17.993,0.99105,0.9914,16.30,8.80
2007.11.05 08:10:18.326,0.99105,0.9914,16.30,8.80
2007.11.05 08:10:18.669,0.99105,0.9914,12.30,8.80
2007.11.05 08:10:19.644,0.99105,0.9914,12.30,8.80
2007.11.05 08:10:20.754,0.99105,0.9914,12.30,8.80
2007.11.05 08:10:21.062,0.99115,0.9914,2.40,8.80
2007.11.05 08:10:21.347,0.99115,0.9914,2.40,8.80
2007.11.05 08:10:21.666,0.99115,0.9914,2.40,8.80
2007.11.05 08:10:21.903,0.99115,0.99145,2.40,9.60
2007.11.05 08:10:23.835,0.99115,0.99145,2.40,9.60
2007.11.05 08:10:24.063,0.99115,0.99145,2.40,9.60
2007.11.05 08:10:24.361,0.99115,0.9914,2.40,8.80
2007.11.05 08:10:24.662,0.99115,0.9914,2.40,8.80
2007.11.05 08:10:24.945,0.99105,0.9914,20.30,8.80
2007.11.05 08:10:26.523,0.99105,0.9914,20.30,8.80
2007.11.05 08:10:27.146,0.9911,0.99145,7.50,9.60
2007.11.05 08:10:27.380,0.9911,0.99145,7.50,9.60
2007.11.05 08:10:27.677,0.9911,0.99145,7.50,9.60
2007.11.05 08:10:28.005,0.99115,0.99145,13.10,8.80
2007.11.05 08:10:28.337,0.99115,0.9915,9.10,8.80
2007.11.05 08:10:28.721,0.99115,0.9915,9.10,8.80
2007.11.05 08:10:29.553,0.99115,0.9915,9.10,8.80
2007.11.05 08:10:29.792,0.99115,0.9915,9.10,8.80
2007.11.05 08:10:30.074,0.99115,0.9915,9.10,8.80
2007.11.05 08:10:30.314,0.99115,0.9915,12.30,8.80
2007.11.05 08:10:30.552,0.99115,0.9915,16.30,8.80
2007.11.05 08:10:30.885,0.99125,0.9916,6.70,10.40
2007.11.05 08:10:31.218,0.9912,0.99155,7.50,8.80
2007.11.05 08:10:31.624,0.9912,0.99155,7.50,8.80
2007.11.05 08:10:31.832,0.99125,0.9916,6.70,8.80
2007.11.05 08:10:32.566,0.99125,0.9916,6.70,8.80
2007.11.05 08:10:32.773,0.99125,0.99155,6.70,8.80
2007.11.05 08:10:33.037,0.9913,0.99165,7.50,18.40
2007.11.05 08:10:33.300,0.9913,0.99165,7.50,16.00
2007.11.05 08:10:33.611,0.9913,0.99165,6.70,16.00
2007.11.05 08:10:33.919,0.9913,0.99165,6.70,12.00
2007.11.05 08:10:34.201,0.9913,0.99165,6.70,12.00
2007.11.05 08:10:34.474,0.99125,0.9916,16.30,8.80
2007.11.05 08:10:34.766,0.99125,0.99155,13.90,8.80
2007.11.05 08:10:35.099,0.99125,0.9916,10.70,8.80
2007.11.05 08:10:35.697,0.99125,0.9916,8.30,8.80
2007.11.05 08:10:36.167,0.99125,0.9916,8.30,8.80
2007.11.05 08:10:36.380,0.99125,0.99155,10.70,8.80
2007.11.05 08:10:36.639,0.99125,0.99155,10.70,8.80
2007.11.05 08:10:37.046,0.99125,0.99155,10.70,8.80
2007.11.05 08:10:37.334,0.99125,0.9916,10.70,8.80
2007.11.05 08:10:37.680,0.99125,0.9916,9.90,8.80
2007.11.05 08:10:37.992,0.99125,0.9916,9.90,8.80
2007.11.05 08:10:38.262,0.99125,0.9916,9.90,8.80
2007.11.05 08:10:38.617,0.99125,0.9916,9.90,8.80
2007.11.05 08:10:38.880,0.9913,0.9916,1.60,8.80
2007.11.05 08:10:39.211,0.9913,0.9916,1.60,8.80
2007.11.05 08:10:39.464,0.9913,0.99165,8.30,12.80
2007.11.05 08:10:40.317,0.9913,0.99165,8.30,12.80
2007.11.05 08:10:40.651,0.9913,0.99165,7.50,8.80
2007.11.05 08:10:40.984,0.99135,0.9916,6.40,8.80
2007.11.05 08:10:41.351,0.99135,0.9916,2.40,8.80
2007.11.05 08:10:41.958,0.99135,0.9916,2.40,8.80
2007.11.05 08:10:42.222,0.99135,0.99165,2.40,8.80
2007.11.05 08:10:42.520,0.99135,0.9916,2.40,8.80
2007.11.05 08:10:42.783,0.99135,0.99165,4.80,8.80
2007.11.05 08:10:43.047,0.99135,0.99165,8.80,8.80
2007.11.05 08:10:43.346,0.9914,0.9917,6.70,8.80
2007.11.05 08:10:43.664,0.9914,0.9917,6.70,8.80
2007.11.05 08:10:43.962,0.99135,0.99165,13.10,8.80
2007.11.05 08:10:44.190,0.9914,0.9917,6.70,8.80
2007.11.05 08:10:44.419,0.9914,0.9917,6.70,8.80
2007.11.05 08:10:45.429,0.9914,0.9917,6.70,8.80
2007.11.05 08:10:45.761,0.9913,0.99165,8.30,8.80
2007.11.05 08:10:46.322,0.9913,0.99165,8.30,8.80
2007.11.05 08:10:46.648,0.9913,0.99165,8.30,8.80
2007.11.05 08:10:46.857,0.9913,0.99165,7.50,8.80
2007.11.05 08:10:47.064,0.9913,0.99165,7.50,8.80
2007.11.05 08:10:47.378,0.9913,0.99165,6.70,8.80
2007.11.05 08:10:47.692,0.9913,0.99165,6.70,8.80
2007.11.05 08:10:48.153,0.9913,0.99165,6.70,8.80
2007.11.05 08:10:48.423,0.9913,0.99165,6.70,8.80
2007.11.05 08:10:49.145,0.9913,0.99165,6.70,8.80
2007.11.05 08:10:49.639,0.9913,0.99165,6.70,8.80
2007.11.05 08:10:51.664,0.9913,0.99165,6.70,8.80
2007.11.05 08:10:51.857,0.9913,0.99165,6.70,8.80
2007.11.05 08:10:52.070,0.9913,0.99165,6.70,8.80
2007.11.05 08:10:52.238,0.9913,0.99165,6.70,11.20
2007.11.05 08:10:52.570,0.99125,0.9916,8.30,8.80
2007.11.05 08:10:52.902,0.99125,0.9916,8.30,8.80
2007.11.05 08:10:53.407,0.99125,0.9916,8.30,8.80
2007.11.05 08:10:53.630,0.99125,0.9916,7.50,8.80
2007.11.05 08:10:53.853,0.99125,0.9916,7.50,8.80
2007.11.05 08:10:54.076,0.99125,0.9916,7.50,8.80
2007.11.05 08:10:54.298,0.9913,0.99165,6.70,8.80
2007.11.05 08:10:54.646,0.9913,0.99165,6.70,8.80
2007.11.05 08:10:54.939,0.9913,0.99165,6.70,8.80
2007.11.05 08:10:55.203,0.9913,0.99165,2.40,8.80
2007.11.05 08:10:55.753,0.9913,0.99165,1.90,8.80
2007.11.05 08:10:56.086,0.99125,0.99165,10.70,8.80
2007.11.05 08:10:56.419,0.9913,0.99155,6.70,2.40
2007.11.05 08:10:56.624,0.9913,0.99155,6.70,2.40
2007.11.05 08:10:56.952,0.99125,0.9915,4.00,8.80
2007.11.05 08:10:57.153,0.99125,0.9915,4.00,8.80
2007.11.05 08:10:57.452,0.99135,0.9915,2.40,8.80
2007.11.05 08:10:57.751,0.99135,0.9916,2.40,8.80
2007.11.05 08:10:58.050,0.99135,0.99155,2.40,8.80
2007.11.05 08:10:58.361,0.99135,0.99155,4.80,8.80
2007.11.05 08:10:58.640,0.99135,0.9917,15.50,8.80
2007.11.05 08:10:58.984,0.99135,0.9917,15.50,8.80
2007.11.05 08:10:59.262,0.99135,0.9917,13.10,8.80
2007.11.05 08:10:59.489,0.99135,0.9917,17.10,8.80
2007.11.05 08:10:59.718,0.99135,0.9917,10.70,8.80
2007.11.05 08:10:59.947,0.9913,0.99165,9.90,8.80
2007.11.05 08:11:00.176,0.9913,0.99165,9.90,8.80
2007.11.05 08:11:00.615,0.9913,0.99165,8.30,8.80
2007.11.05 08:11:00.951,0.9913,0.99165,8.30,8.80
2007.11.05 08:11:01.686,0.9913,0.99165,8.30,8.80
2007.11.05 08:11:01.875,0.9913,0.99165,7.50,8.80
2007.11.05 08:11:02.211,0.9913,0.99165,6.70,8.80
2007.11.05 08:11:02.399,0.9913,0.99165,7.50,8.80
2007.11.05 08:11:02.784,0.9913,0.99165,8.30,8.80
2007.11.05 08:11:03.118,0.9913,0.99165,8.30,8.80
2007.11.05 08:11:03.451,0.9913,0.99165,7.50,8.80
2007.11.05 08:11:03.670,0.99125,0.9916,17.10,8.80
2007.11.05 08:11:03.943,0.99125,0.9916,17.10,8.80
2007.11.05 08:11:04.160,0.99125,0.9916,16.30,8.80
2007.11.05 08:11:04.477,0.99125,0.9916,16.30,8.80
2007.11.05 08:11:04.996,0.99125,0.9916,17.10,8.80
2007.11.05 08:11:05.319,0.99135,0.9916,2.40,8.80
2007.11.05 08:11:05.643,0.99135,0.9916,2.40,8.80
2007.11.05 08:11:05.972,0.99135,0.9916,2.40,8.80
2007.11.05 08:11:06.300,0.9913,0.9916,2.40,8.80
2007.11.05 08:11:06.628,0.99135,0.9917,7.50,8.80
2007.11.05 08:11:07.164,0.99135,0.9917,7.50,8.80
2007.11.05 08:11:07.387,0.99135,0.9917,7.50,8.80
2007.11.05 08:11:07.599,0.99135,0.9917,7.50,8.80
2007.11.05 08:11:08.006,0.99135,0.9917,9.10,8.80
2007.11.05 08:11:08.420,0.99135,0.9917,9.10,8.80
2007.11.05 08:11:08.747,0.99135,0.9917,9.10,8.80
2007.11.05 08:11:09.571,0.99135,0.9917,9.10,8.80
2007.11.05 08:11:10.195,0.99135,0.9917,9.10,8.80
2007.11.05 08:11:10.804,0.99135,0.99165,9.10,8.80
2007.11.05 08:11:11.221,0.99135,0.99165,9.10,8.80
2007.11.05 08:11:11.554,0.99135,0.9917,10.70,8.80
2007.11.05 08:11:11.887,0.99135,0.9917,10.70,8.80
2007.11.05 08:11:12.258,0.99135,0.9917,10.70,8.80
2007.11.05 08:11:12.501,0.9914,0.9917,0.80,8.80
2007.11.05 08:11:12.744,0.99135,0.9917,10.70,8.80
2007.11.05 08:11:13.316,0.99135,0.9917,10.70,8.80
2007.11.05 08:11:13.623,0.99135,0.99165,9.90,8.80
2007.11.05 08:11:13.898,0.99135,0.99165,9.90,8.80
2007.11.05 08:11:14.361,0.99135,0.99165,3.20,8.80
2007.11.05 08:11:14.645,0.99135,0.99165,3.20,8.80
2007.11.05 08:11:15.503,0.99135,0.9917,7.50,8.80
2007.11.05 08:11:15.909,0.99135,0.9917,7.50,8.80
2007.11.05 08:11:16.111,0.99135,0.9917,7.50,8.80
2007.11.05 08:11:16.305,0.9913,0.99165,9.10,8.80
2007.11.05 08:11:16.498,0.9913,0.99165,8.30,8.80
2007.11.05 08:11:16.805,0.9913,0.99165,6.70,8.80
2007.11.05 08:11:17.134,0.99125,0.9916,21.10,8.80
2007.11.05 08:11:17.462,0.99125,0.9916,14.70,8.80
2007.11.05 08:11:17.790,0.99125,0.9916,10.70,8.80
2007.11.05 08:11:18.376,0.99125,0.9916,14.70,8.80
2007.11.05 08:11:18.687,0.99125,0.9916,14.70,8.80
2007.11.05 08:11:18.911,0.99135,0.99165,9.10,8.80
2007.11.05 08:11:19.202,0.99135,0.99165,9.90,8.80
2007.11.05 08:11:19.563,0.99135,0.99165,9.90,8.80
2007.11.05 08:11:19.841,0.99135,0.99165,12.30,8.80
2007.11.05 08:11:20.174,0.99135,0.9917,16.30,8.80
2007.11.05 08:11:20.560,0.99135,0.9917,16.30,8.80
2007.11.05 08:11:20.894,0.99135,0.9917,12.30,8.80
2007.11.05 08:11:21.097,0.99135,0.9917,12.30,8.80
2007.11.05 08:11:21.303,0.99135,0.9917,9.10,8.80
2007.11.05 08:11:21.648,0.99135,0.9917,9.10,8.80
2007.11.05 08:11:21.850,0.99135,0.9917,9.10,8.80
2007.11.05 08:11:22.223,0.99135,0.99165,9.10,8.80
2007.11.05 08:11:23.131,0.99135,0.99165,11.50,8.80
2007.11.05 08:11:23.761,0.99135,0.99165,11.50,8.80
2007.11.05 08:11:23.954,0.99145,0.99175,2.40,12.80
2007.11.05 08:11:24.238,0.99145,0.99175,2.40,12.80
2007.11.05 08:11:24.552,0.99145,0.99165,2.40,8.80
2007.11.05 08:11:24.865,0.99145,0.99175,2.40,8.80
2007.11.05 08:11:25.200,0.9914,0.99175,9.90,8.80
2007.11.05 08:11:25.513,0.9914,0.9917,7.50,8.80
2007.11.05 08:11:25.826,0.9914,0.9917,6.70,8.80
2007.11.05 08:11:26.140,0.9914,0.9917,6.70,8.80
2007.11.05 08:11:26.645,0.9914,0.9917,6.70,8.80
2007.11.05 08:11:26.893,0.99135,0.99165,17.10,8.80
2007.11.05 08:11:27.685,0.99135,0.99165,17.10,8.80
2007.11.05 08:11:27.943,0.99135,0.99165,14.70,8.80
2007.11.05 08:11:28.201,0.99135,0.99165,14.70,8.80
2007.11.05 08:11:28.411,0.99135,0.99165,10.70,8.80
2007.11.05 08:11:28.725,0.99135,0.99165,10.70,8.80
2007.11.05 08:11:28.939,0.99125,0.9916,18.70,8.80
2007.11.05 08:11:29.351,0.9913,0.99165,6.70,8.80
2007.11.05 08:11:29.769,0.9913,0.99165,6.70,8.80
2007.11.05 08:11:30.092,0.99125,0.9916,13.90,8.80
2007.11.05 08:11:30.415,0.99125,0.9915,4.00,8.80
2007.11.05 08:11:30.748,0.9912,0.9915,7.50,8.80
2007.11.05 08:11:31.081,0.9912,0.9915,1.60,8.80
2007.11.05 08:11:31.416,0.9912,0.9915,2.40,8.80
2007.11.05 08:11:31.634,0.9913,0.99155,0.80,8.80
2007.11.05 08:11:31.852,0.9913,0.99155,1.60,8.80
2007.11.05 08:11:32.173,0.9913,0.99155,1.60,11.20
2007.11.05 08:11:32.391,0.9913,0.99155,0.80,11.20
2007.11.05 08:11:32.704,0.9912,0.9915,2.40,8.80
2007.11.05 08:11:33.016,0.9912,0.99155,7.50,13.60
2007.11.05 08:11:33.330,0.9912,0.99155,6.70,11.20
2007.11.05 08:11:33.565,0.9912,0.99155,6.70,11.20
2007.11.05 08:11:33.830,0.9912,0.9915,0.80,8.80
2007.11.05 08:11:34.046,0.9912,0.9915,1.60,8.80
2007.11.05 08:11:34.286,0.9912,0.9915,1.60,8.80
2007.11.05 08:11:34.589,0.9912,0.9915,1.60,8.80
2007.11.05 08:11:35.159,0.9912,0.9915,1.60,8.80
2007.11.05 08:11:35.456,0.9912,0.9915,1.60,8.80
2007.11.05 08:11:35.986,0.9912,0.9915,1.60,8.80
2007.11.05 08:11:37.368,0.9912,0.9915,1.60,8.80
2007.11.05 08:11:37.737,0.9912,0.9915,1.60,8.80
2007.11.05 08:11:38.050,0.99115,0.9915,6.70,8.80
2007.11.05 08:11:38.364,0.9912,0.9915,0.80,8.80
2007.11.05 08:11:38.677,0.9912,0.99145,1.60,4.00
2007.11.05 08:11:38.921,0.9912,0.99145,0.80,4.00
2007.11.05 08:11:39.253,0.9912,0.99145,0.80,4.00
2007.11.05 08:11:39.496,0.9911,0.9914,8.30,8.80
2007.11.05 08:11:39.756,0.9911,0.9914,8.30,8.80
2007.11.05 08:11:40.014,0.9911,0.9914,7.50,8.80
2007.11.05 08:11:40.273,0.9911,0.9914,6.70,8.80
2007.11.05 08:11:40.532,0.9911,0.9914,7.50,8.80
2007.11.05 08:11:40.865,0.9911,0.9914,8.30,8.80
2007.11.05 08:11:41.198,0.9911,0.9914,7.50,8.80
2007.11.05 08:11:41.639,0.99105,0.9914,16.30,8.80
2007.11.05 08:11:41.862,0.9912,0.9914,0.80,8.80
2007.11.05 08:11:42.086,0.9912,0.9914,1.60,8.80
2007.11.05 08:11:42.408,0.9912,0.99145,1.60,4.00
2007.11.05 08:11:42.631,0.9912,0.99145,1.60,13.60
2007.11.05 08:11:42.899,0.99115,0.99145,6.70,13.60
2007.11.05 08:11:43.432,0.99115,0.99145,6.70,13.60
2007.11.05 08:11:43.703,0.9911,0.9914,6.70,8.80
2007.11.05 08:11:43.985,0.9911,0.9914,6.70,8.80
2007.11.05 08:11:44.225,0.99105,0.9914,11.50,8.80
2007.11.05 08:11:44.464,0.99105,0.9914,15.50,8.80
2007.11.05 08:11:44.919,0.99105,0.99135,4.80,8.80
2007.11.05 08:11:45.212,0.99105,0.99135,4.80,8.80
2007.11.05 08:11:45.533,0.99105,0.99135,4.80,8.80
2007.11.05 08:11:45.843,0.99105,0.99135,4.80,8.80
2007.11.05 08:11:46.387,0.99105,0.99135,8.80,8.80
2007.11.05 08:11:48.229,0.99105,0.99135,6.40,8.80
2007.11.05 08:11:48.956,0.99105,0.99135,2.40,8.80
2007.11.05 08:11:49.647,0.99105,0.99135,2.40,8.80
2007.11.05 08:11:49.858,0.991,0.99135,6.70,11.20
2007.11.05 08:11:50.191,0.99105,0.9913,2.40,8.80
2007.11.05 08:11:50.525,0.99105,0.9913,2.40,8.80
2007.11.05 08:11:51.106,0.99105,0.99135,2.40,8.80
2007.11.05 08:11:51.319,0.99105,0.99135,2.40,8.80
2007.11.05 08:11:51.623,0.99105,0.99135,2.40,8.80
2007.11.05 08:11:51.723,0.991,0.99135,9.10,8.80
2007.11.05 08:11:51.837,0.99095,0.99135,14.70,8.80
2007.11.05 08:11:52.050,0.99095,0.9913,5.30,8.80
2007.11.05 08:11:52.324,0.9909,0.9913,15.50,8.80
2007.11.05 08:11:52.597,0.9909,0.99125,13.10,8.80
2007.11.05 08:11:53.192,0.99085,0.9913,21.10,8.80
2007.11.05 08:11:53.416,0.9909,0.99125,9.10,8.80
2007.11.05 08:11:53.655,0.99095,0.99125,1.40,8.80
2007.11.05 08:11:53.868,0.99095,0.9913,1.50,8.80
2007.11.05 08:11:54.142,0.9909,0.9913,7.50,8.80
2007.11.05 08:11:54.420,0.9909,0.9913,13.90,8.80
2007.11.05 08:11:54.755,0.9909,0.9913,13.90,8.80
2007.11.05 08:11:55.034,0.991,0.99135,2.50,9.60
2007.11.05 08:11:55.368,0.991,0.99135,9.10,8.80
2007.11.05 08:11:56.066,0.991,0.99135,9.10,8.80
2007.11.05 08:11:59.645,0.99105,0.99135,1.40,8.80
2007.11.05 08:12:03.860,0.991,0.99135,9.10,8.80
2007.11.05 08:12:04.169,0.99105,0.99135,0.60,8.80
2007.11.05 08:12:04.511,0.991,0.99135,9.10,8.80
2007.11.05 08:12:05.527,0.991,0.99135,9.10,8.80
2007.11.05 08:12:06.150,0.99105,0.99135,0.80,8.80
2007.11.05 08:12:06.480,0.991,0.99135,13.90,8.80
2007.11.05 08:12:07.297,0.991,0.9914,14.70,8.80
2007.11.05 08:12:07.639,0.99105,0.9914,1.10,8.80
2007.11.05 08:12:07.927,0.9911,0.9914,0.80,8.80
2007.11.05 08:12:08.217,0.9911,0.9914,0.90,8.80
2007.11.05 08:12:08.504,0.99105,0.9914,1.20,8.80
2007.11.05 08:12:08.794,0.99095,0.9914,20.30,8.80
2007.11.05 08:12:09.311,0.99095,0.9914,20.30,8.80
2007.11.05 08:12:09.529,0.99105,0.9913,0.80,8.80
2007.11.05 08:12:09.747,0.99105,0.99135,1.30,11.20
2007.11.05 08:12:10.208,0.99105,0.99135,3.20,8.80
2007.11.05 08:12:10.649,0.9911,0.99135,0.80,8.80
2007.11.05 08:12:11.089,0.9911,0.99135,0.80,8.80
2007.11.05 08:12:11.719,0.99105,0.99135,1.00,8.80
2007.11.05 08:12:11.926,0.99095,0.99135,36.30,8.80
2007.11.05 08:12:12.145,0.99105,0.99135,1.60,8.80
2007.11.05 08:12:12.339,0.99105,0.99135,1.80,8.80
2007.11.05 08:12:12.663,0.99095,0.99135,17.10,8.80
2007.11.05 08:12:13.174,0.99105,0.99145,9.10,16.00
2007.11.05 08:12:13.508,0.99105,0.9914,9.90,8.80
2007.11.05 08:12:13.981,0.99105,0.9914,9.90,8.80
2007.11.05 08:12:14.179,0.99105,0.9914,9.90,8.80
2007.11.05 08:12:14.640,0.9911,0.9914,2.60,8.80
2007.11.05 08:12:14.974,0.99105,0.99135,4.40,8.80
2007.11.05 08:12:15.374,0.991,0.99135,10.70,8.80
2007.11.05 08:12:15.877,0.991,0.99135,10.70,8.80
2007.11.05 08:12:16.510,0.991,0.99135,10.70,8.80
2007.11.05 08:12:17.035,0.991,0.99135,10.70,8.80
2007.11.05 08:12:17.218,0.99095,0.99135,15.50,8.80
2007.11.05 08:12:17.402,0.99095,0.99135,14.70,8.80
2007.11.05 08:12:17.665,0.99095,0.99135,14.70,8.80
2007.11.05 08:12:17.973,0.99085,0.99125,26.70,8.80
2007.11.05 08:12:18.280,0.99095,0.99125,2.70,8.80
2007.11.05 08:12:18.589,0.9909,0.99125,1.20,8.80
2007.11.05 08:12:18.999,0.9909,0.99125,1.50,8.80
2007.11.05 08:12:19.243,0.99095,0.99125,1.60,8.80
2007.11.05 08:12:19.634,0.99095,0.99125,1.40,8.80
2007.11.05 08:12:19.867,0.99085,0.99125,23.50,8.80
2007.11.05 08:12:20.241,0.99095,0.99125,6.40,8.80
2007.11.05 08:12:20.474,0.99095,0.9912,6.40,8.80
2007.11.05 08:12:20.973,0.99105,0.9912,2.40,8.80
2007.11.05 08:12:21.307,0.99105,0.99125,2.40,8.80
2007.11.05 08:12:21.915,0.99105,0.99125,2.40,8.80
2007.11.05 08:12:22.138,0.99105,0.99135,2.40,8.80
2007.11.05 08:12:22.428,0.99105,0.99135,2.40,8.80
2007.11.05 08:12:22.753,0.99105,0.99135,2.40,8.80
2007.11.05 08:12:23.066,0.99095,0.9913,13.90,8.80
2007.11.05 08:12:23.379,0.99095,0.9913,13.90,8.80
2007.11.05 08:12:23.790,0.99095,0.9913,13.90,8.80
2007.11.05 08:12:24.427,0.99095,0.9913,13.90,8.80
2007.11.05 08:12:24.697,0.99095,0.99135,7.20,8.80
2007.11.05 08:12:24.915,0.99105,0.9913,2.40,8.80
2007.11.05 08:12:25.249,0.99105,0.99135,2.40,8.80
2007.11.05 08:12:25.644,0.99105,0.99135,4.80,8.80
2007.11.05 08:12:25.978,0.99105,0.99135,2.40,8.80
2007.11.05 08:12:26.197,0.99105,0.99135,2.40,8.80
2007.11.05 08:12:26.415,0.99105,0.99135,6.40,8.80
2007.11.05 08:12:26.635,0.99105,0.99135,7.20,8.80
2007.11.05 08:12:26.888,0.99105,0.99135,7.20,8.80
2007.11.05 08:12:27.202,0.99105,0.99135,2.40,8.80
2007.11.05 08:12:27.515,0.99105,0.9913,2.40,8.80
2007.11.05 08:12:27.829,0.991,0.9913,6.70,8.80
2007.11.05 08:12:28.142,0.991,0.9913,6.70,8.80
2007.11.05 08:12:28.360,0.99095,0.99125,13.90,8.80
2007.11.05 08:12:28.640,0.99095,0.99125,13.90,8.80
2007.11.05 08:12:28.858,0.99095,0.9913,13.90,8.80
2007.11.05 08:12:29.059,0.9909,0.9913,15.50,8.80
2007.11.05 08:12:29.181,0.991,0.99135,10.70,8.80
2007.11.05 08:12:29.640,0.991,0.99135,10.70,8.80
2007.11.05 08:12:29.986,0.991,0.99135,10.70,8.80
2007.11.05 08:12:30.310,0.99105,0.9914,0.80,8.80
2007.11.05 08:12:30.634,0.99095,0.9914,17.90,8.80
2007.11.05 08:12:31.180,0.99095,0.9914,17.90,8.80
2007.11.05 08:12:31.368,0.991,0.99135,9.90,8.80
2007.11.05 08:12:31.584,0.991,0.99135,10.70,8.80
2007.11.05 08:12:31.774,0.99105,0.99135,0.90,8.80
2007.11.05 08:12:32.001,0.991,0.99135,17.10,8.80
2007.11.05 08:12:32.581,0.99105,0.99135,0.60,8.80
2007.11.05 08:12:32.914,0.99095,0.9914,17.90,8.80
2007.11.05 08:12:33.247,0.991,0.9914,12.30,8.80
2007.11.05 08:12:33.752,0.991,0.99135,11.50,8.80
2007.11.05 08:12:33.945,0.991,0.99135,2.60,8.80
2007.11.05 08:12:34.150,0.99095,0.99135,17.90,8.80
2007.11.05 08:12:34.648,0.99095,0.99135,17.90,8.80
2007.11.05 08:12:34.981,0.99105,0.9913,1.30,8.80
2007.11.05 08:12:36.834,0.99105,0.99135,1.00,8.80
2007.11.05 08:12:37.040,0.991,0.99135,9.10,8.80
2007.11.05 08:12:37.234,0.991,0.99135,10.70,8.80
2007.11.05 08:12:37.756,0.99105,0.99135,1.50,8.80
2007.11.05 08:12:38.169,0.991,0.99135,10.70,8.80
2007.11.05 08:12:38.443,0.99105,0.99135,1.80,8.80
2007.11.05 08:12:38.703,0.991,0.99135,17.90,8.80
2007.11.05 08:12:38.947,0.99105,0.9914,16.30,8.80
2007.11.05 08:12:39.438,0.99105,0.9914,8.40,8.80
2007.11.05 08:12:39.993,0.991,0.9914,17.90,8.80
2007.11.05 08:12:40.621,0.991,0.9914,18.70,8.80
2007.11.05 08:12:40.909,0.99105,0.9914,7.90,8.80
2007.11.05 08:12:41.665,0.99105,0.9914,6.50,8.80
2007.11.05 08:12:41.883,0.99105,0.9914,4.80,8.80
2007.11.05 08:12:42.204,0.9911,0.9914,0.80,8.80
2007.11.05 08:12:42.422,0.99115,0.99145,0.50,13.60
2007.11.05 08:12:42.714,0.99115,0.9914,1.20,8.80
2007.11.05 08:12:43.967,0.9911,0.9914,4.80,8.80
2007.11.05 08:12:44.253,0.9911,0.9914,4.80,8.80
2007.11.05 08:12:44.517,0.99105,0.99145,19.50,8.80
2007.11.05 08:12:45.026,0.9911,0.99145,9.90,8.80
2007.11.05 08:12:45.327,0.99115,0.99145,1.70,8.80
2007.11.05 08:12:45.605,0.9911,0.9915,14.70,8.80
2007.11.05 08:12:45.952,0.9911,0.9915,18.70,8.80
2007.11.05 08:12:46.286,0.99115,0.9915,17.10,8.80
2007.11.05 08:12:46.694,0.99115,0.9915,17.10,8.80
2007.11.05 08:12:47.098,0.9912,0.9915,2.30,8.80
2007.11.05 08:12:47.317,0.9911,0.9915,16.30,8.80
2007.11.05 08:12:47.631,0.99115,0.9915,1.40,8.80
2007.11.05 08:12:48.039,0.9911,0.9915,12.30,8.80
2007.11.05 08:12:48.372,0.9911,0.99145,9.90,8.80
2007.11.05 08:12:48.705,0.9911,0.99145,9.90,8.80
2007.11.05 08:12:49.039,0.9911,0.99145,13.90,8.80
2007.11.05 08:12:49.227,0.99105,0.9915,21.90,8.80
2007.11.05 08:12:49.517,0.99115,0.9915,4.30,8.80
2007.11.05 08:12:49.780,0.99105,0.9915,21.90,8.80
2007.11.05 08:12:49.970,0.99115,0.99145,3.10,8.80
2007.11.05 08:12:50.358,0.99115,0.99145,3.40,8.80
2007.11.05 08:12:50.692,0.9911,0.9914,0.90,8.80
2007.11.05 08:12:51.599,0.9911,0.9914,1.30,8.80
2007.11.05 08:12:52.210,0.9911,0.9914,3.30,8.80
2007.11.05 08:12:52.519,0.99105,0.99145,16.30,8.80
2007.11.05 08:12:52.826,0.99105,0.9914,5.20,8.80
2007.11.05 08:12:53.732,0.99115,0.99145,0.80,4.00
2007.11.05 08:12:54.185,0.99115,0.99145,3.70,4.00
2007.11.05 08:12:54.482,0.99115,0.99145,2.40,4.00
2007.11.05 08:12:54.781,0.9911,0.9915,14.70,8.80
2007.11.05 08:12:55.137,0.99115,0.9915,2.40,8.80
2007.11.05 08:12:55.471,0.9912,0.99155,0.80,16.00
2007.11.05 08:12:55.804,0.99115,0.99155,21.10,9.60
2007.11.05 08:12:56.138,0.99125,0.99155,8.30,8.80
2007.11.05 08:12:56.376,0.99125,0.9916,14.70,8.80
2007.11.05 08:12:56.721,0.9913,0.9916,0.80,8.80
2007.11.05 08:12:56.959,0.9913,0.9916,7.50,8.80
2007.11.05 08:12:57.344,0.9913,0.9916,7.50,8.80
2007.11.05 08:12:57.668,0.9913,0.9916,7.50,8.80
2007.11.05 08:12:58.176,0.9913,0.9916,7.50,8.80
2007.11.05 08:12:58.420,0.99135,0.99165,2.40,25.60
2007.11.05 08:12:58.662,0.99125,0.99155,13.10,11.20
2007.11.05 08:12:59.125,0.99125,0.99155,13.10,11.20
2007.11.05 08:12:59.741,0.99125,0.99155,13.10,11.20
2007.11.05 08:13:00.029,0.99125,0.99155,13.10,11.20
2007.11.05 08:13:00.550,0.99125,0.99155,13.10,12.00
2007.11.05 08:13:00.883,0.99135,0.99155,2.40,8.80
2007.11.05 08:13:01.215,0.99135,0.99165,2.40,16.00
2007.11.05 08:13:01.432,0.99135,0.99165,6.40,8.80
2007.11.05 08:13:01.697,0.99135,0.99165,6.40,8.80
2007.11.05 08:13:01.911,0.9914,0.9917,6.70,8.80
2007.11.05 08:13:02.330,0.9914,0.9917,6.70,8.80
2007.11.05 08:13:02.744,0.9914,0.9917,6.70,8.80
2007.11.05 08:13:03.078,0.9914,0.99175,7.50,14.40
2007.11.05 08:13:03.411,0.9914,0.9917,0.80,8.80
2007.11.05 08:13:03.669,0.9914,0.9917,0.80,8.80
2007.11.05 08:13:03.903,0.99145,0.9917,6.40,8.80
2007.11.05 08:13:04.137,0.9915,0.9918,6.70,0.80
2007.11.05 08:13:04.415,0.99155,0.99185,2.40,29.60
2007.11.05 08:13:04.693,0.99155,0.99185,2.40,23.20
2007.11.05 08:13:04.972,0.99155,0.99185,2.40,9.60
2007.11.05 08:13:05.384,0.99155,0.99185,2.40,9.60
2007.11.05 08:13:05.876,0.99155,0.99185,2.40,9.60
2007.11.05 08:13:07.300,0.9915,0.99185,6.70,9.60
2007.11.05 08:13:07.633,0.9915,0.99185,6.70,9.60
2007.11.05 08:13:07.906,0.99155,0.99185,9.10,9.60
2007.11.05 08:13:08.232,0.99155,0.99185,9.10,9.60
2007.11.05 08:13:08.509,0.9915,0.99185,6.70,9.60
2007.11.05 08:13:08.924,0.9915,0.99185,6.70,9.60
2007.11.05 08:13:09.641,0.9915,0.99185,6.70,9.60
2007.11.05 08:13:09.899,0.99155,0.99185,6.70,0.80
2007.11.05 08:13:10.157,0.99155,0.9919,6.70,8.80
2007.11.05 08:13:10.797,0.99155,0.9919,6.70,8.80
2007.11.05 08:13:11.776,0.9915,0.99185,6.70,8.80
2007.11.05 08:13:12.366,0.9915,0.99185,6.70,8.80
2007.11.05 08:13:12.767,0.9915,0.99185,6.70,8.80
2007.11.05 08:13:13.010,0.9915,0.99185,6.70,8.80
2007.11.05 08:13:13.253,0.9915,0.99185,6.70,8.80
2007.11.05 08:13:13.501,0.9915,0.99185,6.70,8.80
2007.11.05 08:13:13.814,0.9915,0.99185,7.50,8.80
2007.11.05 08:13:14.086,0.9915,0.99185,8.30,8.80
2007.11.05 08:13:14.435,0.9915,0.99185,8.30,8.80
2007.11.05 08:13:14.704,0.9915,0.99185,8.30,8.80
2007.11.05 08:13:14.975,0.9915,0.99185,8.30,8.80
2007.11.05 08:13:15.243,0.99155,0.99185,2.40,8.80
2007.11.05 08:13:15.511,0.9916,0.99195,6.70,14.40
2007.11.05 08:13:15.907,0.9916,0.9919,6.70,8.80
2007.11.05 08:13:16.328,0.9916,0.9919,6.70,8.80
2007.11.05 08:13:16.661,0.9916,0.99195,6.70,9.60
2007.11.05 08:13:17.183,0.9916,0.99195,6.70,9.60
2007.11.05 08:13:17.390,0.99165,0.99195,2.40,9.60
2007.11.05 08:13:17.599,0.99165,0.99195,9.10,8.80
2007.11.05 08:13:17.899,0.99165,0.99195,2.40,9.60
2007.11.05 08:13:18.243,0.99165,0.99195,2.40,9.60
2007.11.05 08:13:18.528,0.99165,0.99195,2.40,0.60
2007.11.05 08:13:18.538,0.9916,0.9919,6.70,0.80
2007.11.05 08:13:18.807,0.9916,0.99195,6.70,9.60
2007.11.05 08:13:19.150,0.9916,0.99195,6.70,9.60
2007.11.05 08:13:19.417,0.9916,0.99195,6.70,8.80
2007.11.05 08:13:19.870,0.9916,0.99195,6.70,8.80
2007.11.05 08:13:20.788,0.9916,0.99195,6.70,8.80
2007.11.05 08:13:21.121,0.99155,0.9919,13.10,8.80
2007.11.05 08:13:21.455,0.99155,0.9919,17.10,8.80
2007.11.05 08:13:23.075,0.9916,0.9919,6.70,8.80
2007.11.05 08:13:23.334,0.9916,0.9919,6.70,9.60
2007.11.05 08:13:23.598,0.9916,0.9919,6.70,9.60
2007.11.05 08:13:23.855,0.99155,0.99185,11.20,8.80
2007.11.05 08:13:24.089,0.99155,0.99185,10.40,8.80
2007.11.05 08:13:24.413,0.99155,0.99185,10.40,8.80
2007.11.05 08:13:24.646,0.99155,0.9919,13.90,8.80
2007.11.05 08:13:24.954,0.99155,0.9919,13.90,8.80
2007.11.05 08:13:25.486,0.99155,0.9919,13.90,8.80
2007.11.05 08:13:25.796,0.99155,0.99185,7.20,8.80
2007.11.05 08:13:26.127,0.99155,0.99185,13.90,8.80
2007.11.05 08:13:26.460,0.99165,0.99195,9.10,12.80
2007.11.05 08:13:26.793,0.9916,0.99195,6.70,12.80
2007.11.05 08:13:27.057,0.99165,0.99195,6.70,4.00
2007.11.05 08:13:27.645,0.99165,0.99195,6.70,4.00
2007.11.05 08:13:27.843,0.9917,0.992,6.70,8.80
2007.11.05 08:13:28.265,0.9917,0.992,6.70,8.80
2007.11.05 08:13:28.583,0.9917,0.992,6.70,8.80
2007.11.05 08:13:29.356,0.9917,0.992,6.70,8.80
2007.11.05 08:13:29.650,0.9917,0.992,6.70,8.80
2007.11.05 08:13:29.884,0.9917,0.99205,6.70,13.60
2007.11.05 08:13:30.216,0.99165,0.992,15.50,8.80
2007.11.05 08:13:30.590,0.9917,0.99205,6.70,13.60
2007.11.05 08:13:31.316,0.9917,0.99205,6.70,13.60
2007.11.05 08:13:31.528,0.99165,0.992,15.50,8.80
2007.11.05 08:13:31.944,0.99165,0.992,15.50,8.80
2007.11.05 08:13:32.217,0.99165,0.992,16.30,8.80
2007.11.05 08:13:32.491,0.99175,0.99205,6.70,4.00
2007.11.05 08:13:33.825,0.99175,0.99205,6.70,4.00
2007.11.05 08:13:34.642,0.99175,0.99205,6.70,4.00
2007.11.05 08:13:35.156,0.99175,0.99205,6.70,4.00
2007.11.05 08:13:35.489,0.99175,0.99205,9.10,4.00
2007.11.05 08:13:36.637,0.99175,0.99205,6.70,8.80
2007.11.05 08:13:36.851,0.99175,0.99205,6.70,8.80
2007.11.05 08:13:37.150,0.99175,0.99205,6.70,12.80
2007.11.05 08:13:37.566,0.99175,0.99205,6.70,12.80
2007.11.05 08:13:38.077,0.99175,0.99205,6.70,12.80
2007.11.05 08:13:38.301,0.9917,0.99205,6.70,12.80
2007.11.05 08:13:38.711,0.9917,0.99205,6.70,15.20
2007.11.05 08:13:39.156,0.9917,0.99205,6.70,15.20
2007.11.05 08:13:39.480,0.9917,0.992,6.70,8.80
2007.11.05 08:13:39.586,0.99165,0.992,9.90,8.80
2007.11.05 08:13:39.803,0.9917,0.99195,6.70,6.40
2007.11.05 08:13:40.127,0.9917,0.99195,6.70,6.40
2007.11.05 08:13:40.461,0.9916,0.99195,6.70,15.20
2007.11.05 08:13:40.794,0.99155,0.9919,7.50,8.80
2007.11.05 08:13:41.207,0.99155,0.9919,7.50,8.80
2007.11.05 08:13:41.662,0.99155,0.9919,7.50,8.80
2007.11.05 08:13:41.871,0.99155,0.9919,7.50,8.80
2007.11.05 08:13:42.148,0.99155,0.9919,7.50,8.80
2007.11.05 08:13:42.412,0.99155,0.99185,6.70,8.80
2007.11.05 08:13:43.251,0.99155,0.99185,6.70,8.80
2007.11.05 08:13:43.786,0.99155,0.99185,6.70,8.80
2007.11.05 08:13:44.031,0.99155,0.9919,6.70,8.80
2007.11.05 08:13:44.254,0.99155,0.9919,6.70,8.80
2007.11.05 08:13:44.492,0.99155,0.9919,6.70,8.80
2007.11.05 08:13:44.730,0.9916,0.99195,6.70,16.00
2007.11.05 08:13:45.015,0.99165,0.99195,6.70,7.20
2007.11.05 08:13:45.253,0.9916,0.99195,6.70,16.80
2007.11.05 08:13:45.587,0.9916,0.99195,6.70,16.80
2007.11.05 08:13:45.920,0.9916,0.99195,6.70,14.40
2007.11.05 08:13:46.254,0.9916,0.99195,6.70,13.60
2007.11.05 08:13:46.478,0.99165,0.99195,6.70,4.00
2007.11.05 08:13:46.701,0.9916,0.99195,6.70,12.80
2007.11.05 08:13:46.924,0.9917,0.99195,0.80,12.80
2007.11.05 08:13:47.174,0.9917,0.99195,1.60,12.80
2007.11.05 08:13:47.458,0.9918,0.99195,6.70,4.00
2007.11.05 08:13:47.741,0.9918,0.99205,6.70,4.80
2007.11.05 08:13:48.213,0.99175,0.99205,13.10,4.80
2007.11.05 08:13:48.529,0.99175,0.99205,13.10,4.80
2007.11.05 08:13:48.862,0.99175,0.99205,13.10,0.80
2007.11.05 08:13:49.120,0.99175,0.99205,9.10,0.80
2007.11.05 08:13:49.379,0.9917,0.99205,6.70,9.60
2007.11.05 08:13:49.640,0.9917,0.99205,6.70,9.60
2007.11.05 08:13:50.675,0.9917,0.992,6.70,8.80
2007.11.05 08:13:51.009,0.9917,0.992,6.70,8.80
2007.11.05 08:13:51.342,0.99165,0.992,20.30,8.80
2007.11.05 08:13:51.541,0.99165,0.992,21.10,8.80
2007.11.05 08:13:51.755,0.99165,0.992,20.30,8.80
2007.11.05 08:13:52.060,0.99165,0.992,20.30,8.80
2007.11.05 08:13:52.258,0.9917,0.992,6.70,8.80
2007.11.05 08:13:52.604,0.9917,0.992,6.70,8.80
2007.11.05 08:13:52.912,0.99165,0.992,9.10,8.80
2007.11.05 08:13:53.221,0.99165,0.992,11.50,8.80
2007.11.05 08:13:53.637,0.99165,0.992,9.10,8.80
2007.11.05 08:13:53.941,0.99165,0.992,9.10,8.80
2007.11.05 08:13:54.567,0.9916,0.9919,1.60,8.80
2007.11.05 08:13:55.283,0.9916,0.9919,1.60,8.80
2007.11.05 08:13:55.701,0.9916,0.9919,1.60,8.80
2007.11.05 08:13:56.239,0.9916,0.9919,0.80,8.80
2007.11.05 08:13:56.557,0.99155,0.9919,20.30,8.80
2007.11.05 08:13:56.785,0.99155,0.9919,17.90,9.60
2007.11.05 08:13:57.013,0.99155,0.9919,13.90,9.60
2007.11.05 08:13:57.241,0.99155,0.99185,7.20,8.80
2007.11.05 08:13:57.495,0.99155,0.9919,13.90,9.60
2007.11.05 08:13:57.782,0.99155,0.9919,13.90,9.60
2007.11.05 08:13:58.035,0.99155,0.9919,9.10,9.60
2007.11.05 08:13:58.301,0.99155,0.99185,6.40,8.80
2007.11.05 08:13:59.220,0.99155,0.99185,6.40,8.80
2007.11.05 08:13:59.644,0.99155,0.99185,8.80,8.80
2007.11.05 08:14:00.058,0.99155,0.9919,15.50,9.60
2007.11.05 08:14:00.583,0.99155,0.9919,15.50,8.80
2007.11.05 08:14:00.917,0.99155,0.9919,11.50,9.60
2007.11.05 08:14:01.337,0.99155,0.9919,11.50,9.60
2007.11.05 08:14:01.525,0.99155,0.99185,6.40,8.80
2007.11.05 08:14:02.216,0.99155,0.99185,6.40,8.80
2007.11.05 08:14:02.405,0.99155,0.9918,2.40,8.80
2007.11.05 08:14:02.698,0.99155,0.9918,2.40,8.80
2007.11.05 08:14:04.651,0.99155,0.9918,2.40,8.80
2007.11.05 08:14:04.993,0.99155,0.9918,2.40,8.80
2007.11.05 08:14:05.275,0.99155,0.9918,2.40,8.80
2007.11.05 08:14:06.415,0.99155,0.9918,2.40,8.80
2007.11.05 08:14:06.723,0.99155,0.9918,2.40,8.80
2007.11.05 08:14:07.449,0.99155,0.9918,2.40,8.80
2007.11.05 08:14:07.772,0.99155,0.99185,2.40,8.80
2007.11.05 08:14:08.281,0.99155,0.99185,2.40,8.80
2007.11.05 08:14:08.606,0.99155,0.99185,2.40,8.80
2007.11.05 08:14:08.929,0.99155,0.99185,2.40,8.80
2007.11.05 08:14:09.167,0.99155,0.99185,2.40,8.80
2007.11.05 08:14:09.380,0.99155,0.99185,4.80,8.80
2007.11.05 08:14:09.646,0.99155,0.99185,4.80,8.80
2007.11.05 08:14:10.234,0.99155,0.99185,2.40,8.80
2007.11.05 08:14:10.849,0.99155,0.99185,2.40,8.80
2007.11.05 08:14:11.157,0.99155,0.99185,2.40,8.80
2007.11.05 08:14:11.550,0.99155,0.99185,2.40,8.80
2007.11.05 08:14:12.073,0.9915,0.99185,6.70,8.80
2007.11.05 08:14:12.386,0.9915,0.99185,6.70,8.80
2007.11.05 08:14:12.701,0.9915,0.9918,6.70,8.80
2007.11.05 08:14:13.107,0.9915,0.99185,6.70,8.80
2007.11.05 08:14:13.404,0.9915,0.99185,6.70,8.80
2007.11.05 08:14:14.641,0.9915,0.99185,6.70,8.80
2007.11.05 08:14:14.977,0.9915,0.99185,6.70,8.80
2007.11.05 08:14:15.490,0.9915,0.99185,6.70,8.80
2007.11.05 08:14:15.828,0.99155,0.99185,2.40,8.80
2007.11.05 08:14:16.161,0.99155,0.99185,9.10,8.80
2007.11.05 08:14:16.334,0.9915,0.99185,6.70,25.60
2007.11.05 08:14:16.635,0.9915,0.99185,6.70,25.60
2007.11.05 08:14:16.946,0.9915,0.99185,6.70,25.60
2007.11.05 08:14:17.138,0.9915,0.99185,6.70,25.60
2007.11.05 08:14:17.471,0.99145,0.9918,10.70,8.80
2007.11.05 08:14:18.319,0.99145,0.9918,10.70,8.80
2007.11.05 08:14:18.679,0.99145,0.9918,9.10,9.60
2007.11.05 08:14:18.888,0.99145,0.9918,6.70,9.60
2007.11.05 08:14:19.653,0.99145,0.9918,6.70,9.60
2007.11.05 08:14:19.984,0.99145,0.9918,6.70,9.60
2007.11.05 08:14:20.318,0.9914,0.99175,6.70,8.80
2007.11.05 08:14:20.631,0.99145,0.99175,6.70,8.80
2007.11.05 08:14:21.304,0.99145,0.99175,6.70,8.80
2007.11.05 08:14:21.498,0.9914,0.99175,6.70,12.80
2007.11.05 08:14:22.157,0.9914,0.99175,6.70,12.80
2007.11.05 08:14:22.794,0.9914,0.99175,6.70,12.80
2007.11.05 08:14:23.210,0.99145,0.99175,6.70,12.80
2007.11.05 08:14:23.414,0.99145,0.99175,6.70,12.80
2007.11.05 08:14:23.723,0.99145,0.99175,6.70,8.80
2007.11.05 08:14:24.047,0.99145,0.99175,6.70,8.80
2007.11.05 08:14:24.177,0.99135,0.99175,14.70,8.80
2007.11.05 08:14:24.656,0.99135,0.99175,14.70,8.80
2007.11.05 08:14:24.984,0.99135,0.9918,18.70,8.80
2007.11.05 08:14:25.495,0.99145,0.9918,6.70,8.80
2007.11.05 08:14:26.006,0.99145,0.9918,6.70,8.80
2007.11.05 08:14:28.655,0.99145,0.9918,6.70,8.80
2007.11.05 08:14:28.882,0.99145,0.99175,6.70,8.80
2007.11.05 08:14:29.133,0.99145,0.99175,6.70,8.80
2007.11.05 08:14:29.366,0.9914,0.99175,6.70,8.80
2007.11.05 08:14:29.648,0.9914,0.99175,6.70,8.80
2007.11.05 08:14:29.971,0.9914,0.99175,6.70,8.80
2007.11.05 08:14:30.389,0.9914,0.99175,6.70,8.80
2007.11.05 08:14:30.811,0.9914,0.99175,6.70,8.80
2007.11.05 08:14:31.144,0.9914,0.9917,6.70,8.80
2007.11.05 08:14:31.855,0.9914,0.9917,6.70,8.80
2007.11.05 08:14:32.146,0.9914,0.9917,6.70,8.80
2007.11.05 08:14:32.364,0.99135,0.9917,9.10,8.80
2007.11.05 08:14:33.309,0.99135,0.9917,9.10,8.80
2007.11.05 08:14:33.736,0.99135,0.99165,9.10,4.00
2007.11.05 08:14:34.344,0.99135,0.99165,9.10,4.00
2007.11.05 08:14:34.647,0.99135,0.99165,9.10,4.00
2007.11.05 08:14:34.977,0.99135,0.99165,9.10,4.00
2007.11.05 08:14:35.285,0.99135,0.99165,9.10,4.00
2007.11.05 08:14:35.604,0.99135,0.99165,9.10,4.00
2007.11.05 08:14:35.908,0.99135,0.9917,9.10,8.80
2007.11.05 08:14:36.210,0.99135,0.9917,6.70,8.80
2007.11.05 08:14:36.513,0.99135,0.99165,6.70,2.40
2007.11.05 08:14:36.797,0.9913,0.99165,6.70,15.20
2007.11.05 08:14:37.079,0.99125,0.9916,7.50,8.80
2007.11.05 08:14:37.383,0.9913,0.99165,6.70,12.80
2007.11.05 08:14:37.692,0.9913,0.99165,6.70,12.80
2007.11.05 08:14:37.950,0.9913,0.99165,6.70,8.80
2007.11.05 08:14:38.242,0.9913,0.99165,6.70,8.80
2007.11.05 08:14:38.485,0.9913,0.99165,6.70,11.20
2007.11.05 08:14:38.728,0.99125,0.99155,0.80,8.80
2007.11.05 08:14:39.145,0.9912,0.99155,6.70,8.80
2007.11.05 08:14:39.457,0.99125,0.99155,6.70,8.80
2007.11.05 08:14:39.981,0.99125,0.9916,9.10,8.80
2007.11.05 08:14:40.306,0.99125,0.9916,9.10,8.80
2007.11.05 08:14:40.552,0.99125,0.9916,9.10,8.80
2007.11.05 08:14:40.920,0.99125,0.9916,9.10,8.80
2007.11.05 08:14:41.646,0.99125,0.9916,9.10,8.80
2007.11.05 08:14:41.865,0.99125,0.99155,2.40,8.80
2007.11.05 08:14:42.580,0.99125,0.99155,2.40,8.80
2007.11.05 08:14:42.869,0.99125,0.9916,13.90,8.80
2007.11.05 08:14:43.158,0.99135,0.99165,6.70,12.80
2007.11.05 08:14:43.539,0.99135,0.99165,6.70,12.80
2007.11.05 08:14:43.828,0.99135,0.99165,6.70,8.80
2007.11.05 08:14:44.107,0.99135,0.9917,6.70,8.80
2007.11.05 08:14:44.467,0.99135,0.9917,6.70,8.80
2007.11.05 08:14:44.720,0.99135,0.9917,6.70,8.80
2007.11.05 08:14:45.193,0.99135,0.9917,6.70,8.80
2007.11.05 08:14:45.507,0.99135,0.9917,6.70,8.80
2007.11.05 08:14:45.831,0.99135,0.9917,6.70,8.80
2007.11.05 08:14:46.165,0.99135,0.9917,6.70,8.80
2007.11.05 08:14:46.590,0.99135,0.9917,6.70,8.80
2007.11.05 08:14:47.057,0.99135,0.99165,2.40,8.80
2007.11.05 08:14:47.266,0.99135,0.99165,2.40,11.20
2007.11.05 08:14:47.677,0.99135,0.99165,2.40,11.20
2007.11.05 08:14:47.886,0.99135,0.9916,2.40,8.80
2007.11.05 08:14:48.164,0.99135,0.9916,2.40,8.80
2007.11.05 08:14:48.442,0.99135,0.9916,2.40,8.80
2007.11.05 08:14:48.849,0.99135,0.9916,2.40,8.80
2007.11.05 08:14:49.251,0.99135,0.9916,2.40,8.80
2007.11.05 08:14:49.514,0.99135,0.9916,2.40,8.80
2007.11.05 08:14:49.874,0.99135,0.9916,2.40,8.80
2007.11.05 08:14:50.684,0.99135,0.9915,2.40,0.80
2007.11.05 08:14:51.024,0.99125,0.9915,13.10,1.60
2007.11.05 08:14:51.203,0.99125,0.9915,13.10,1.60
2007.11.05 08:14:51.382,0.99125,0.99145,10.70,0.80
2007.11.05 08:14:51.561,0.99125,0.99145,10.70,0.80
2007.11.05 08:14:51.779,0.99125,0.99145,10.70,0.80
2007.11.05 08:14:51.957,0.99125,0.99145,6.70,0.80
2007.11.05 08:14:52.290,0.9911,0.99145,6.70,14.40
2007.11.05 08:14:52.624,0.9911,0.99145,6.70,28.00
2007.11.05 08:14:52.957,0.9911,0.99145,6.70,18.40
2007.11.05 08:14:53.201,0.99105,0.9914,6.70,8.80
2007.11.05 08:14:53.522,0.99105,0.9914,6.70,8.80
2007.11.05 08:14:53.765,0.99105,0.99135,6.70,8.80
2007.11.05 08:14:54.017,0.991,0.99135,6.70,8.80
2007.11.05 08:14:54.336,0.99105,0.99135,6.70,8.80
2007.11.05 08:14:54.960,0.99105,0.99135,6.70,8.80
2007.11.05 08:14:55.293,0.991,0.99135,6.70,8.80
2007.11.05 08:14:55.627,0.991,0.99135,6.70,8.80
2007.11.05 08:14:56.070,0.991,0.99135,6.70,12.80
2007.11.05 08:14:56.356,0.99105,0.9913,2.40,8.80
2007.11.05 08:14:56.698,0.99105,0.9913,2.40,8.80
2007.11.05 08:14:56.941,0.99105,0.99135,2.40,12.80
2007.11.05 08:14:57.368,0.991,0.99135,6.70,12.80
2007.11.05 08:14:57.647,0.991,0.99135,6.70,13.60
2007.11.05 08:14:57.925,0.991,0.99135,6.70,9.60
2007.11.05 08:14:58.312,0.991,0.9913,6.70,8.80
2007.11.05 08:14:58.725,0.991,0.9913,6.70,8.80
2007.11.05 08:14:58.993,0.991,0.99135,6.70,30.40
2007.11.05 08:14:59.272,0.991,0.99135,6.70,30.40
2007.11.05 08:14:59.561,0.99095,0.9913,9.10,8.80
2007.11.05 08:14:59.876,0.99095,0.9913,9.10,8.80
2007.11.05 08:15:00.154,0.99095,0.9913,9.10,8.80
2007.11.05 08:15:00.511,0.99095,0.9913,9.10,8.80
2007.11.05 08:15:00.845,0.9909,0.99125,6.70,8.80
2007.11.05 08:15:01.240,0.99095,0.9913,9.10,8.80
2007.11.05 08:15:01.468,0.99095,0.9913,9.10,8.80
2007.11.05 08:15:01.687,0.99095,0.9913,6.70,8.80
2007.11.05 08:15:01.906,0.99095,0.9913,6.70,8.80
2007.11.05 08:15:02.123,0.9909,0.99125,6.70,8.80
2007.11.05 08:15:02.491,0.9909,0.99125,6.70,8.80
2007.11.05 08:15:02.825,0.99085,0.9912,13.90,8.80
2007.11.05 08:15:03.158,0.99085,0.99115,6.40,8.80
2007.11.05 08:15:03.563,0.99085,0.9912,13.10,8.80
2007.11.05 08:15:03.794,0.99085,0.9912,13.10,8.80
2007.11.05 08:15:04.012,0.99085,0.99115,7.50,4.00
2007.11.05 08:15:04.301,0.99085,0.99115,7.50,4.00
2007.11.05 08:15:04.633,0.9909,0.9912,6.70,8.80
2007.11.05 08:15:05.189,0.9909,0.9912,6.70,8.80
2007.11.05 08:15:05.864,0.99085,0.9912,7.50,8.80
2007.11.05 08:15:06.236,0.99085,0.9912,7.50,8.80
2007.11.05 08:15:06.468,0.99085,0.9912,9.90,8.80
2007.11.05 08:15:06.699,0.99085,0.9912,9.90,8.80
2007.11.05 08:15:06.975,0.99085,0.9912,9.90,8.80
2007.11.05 08:15:07.342,0.9909,0.9912,6.70,8.80
2007.11.05 08:15:07.907,0.9909,0.9912,6.70,8.80
2007.11.05 08:15:08.239,0.9909,0.99125,6.70,8.80
2007.11.05 08:15:08.461,0.9909,0.99125,6.70,8.80
2007.11.05 08:15:08.779,0.9909,0.99125,6.70,8.80
2007.11.05 08:15:09.197,0.9909,0.99125,6.70,8.80
2007.11.05 08:15:09.420,0.9909,0.99125,6.70,8.80
2007.11.05 08:15:09.815,0.99085,0.9912,9.90,8.80
2007.11.05 08:15:10.102,0.99085,0.9912,9.90,8.80
2007.11.05 08:15:10.380,0.99085,0.99115,2.40,8.80
2007.11.05 08:15:11.533,0.99085,0.99115,2.40,8.80
2007.11.05 08:15:11.711,0.99085,0.99115,2.40,8.80
2007.11.05 08:15:11.889,0.99085,0.9912,6.70,8.80
2007.11.05 08:15:12.067,0.99085,0.9912,6.70,8.80
2007.11.05 08:15:12.268,0.9908,0.99115,7.50,8.80
2007.11.05 08:15:12.590,0.9908,0.99115,7.50,8.80
2007.11.05 08:15:12.925,0.9908,0.99115,7.50,8.80
2007.11.05 08:15:13.257,0.9908,0.99115,7.50,8.80
2007.11.05 08:15:13.667,0.99085,0.99115,6.70,12.80
2007.11.05 08:15:14.057,0.99085,0.99115,6.70,12.80
2007.11.05 08:15:14.284,0.9908,0.99115,8.30,12.80
2007.11.05 08:15:14.512,0.9908,0.99115,8.30,12.80
2007.11.05 08:15:14.820,0.99085,0.99115,9.10,4.00
2007.11.05 08:15:15.221,0.99085,0.99115,9.10,4.00
2007.11.05 08:15:15.628,0.99085,0.99115,9.10,4.00
2007.11.05 08:15:15.951,0.99085,0.9912,6.70,8.80
2007.11.05 08:15:16.275,0.99085,0.9912,6.70,8.80
2007.11.05 08:15:16.598,0.99085,0.9912,6.70,8.80
2007.11.05 08:15:16.856,0.9908,0.99115,7.50,12.80
2007.11.05 08:15:17.154,0.99085,0.99115,2.40,12.80
2007.11.05 08:15:17.407,0.99085,0.99115,2.40,12.80
2007.11.05 08:15:17.636,0.99085,0.99115,1.00,12.80
2007.11.05 08:15:17.685,0.99085,0.99115,2.40,12.80
2007.11.05 08:15:18.000,0.99085,0.99115,15.50,4.00
2007.11.05 08:15:18.311,0.99085,0.99115,15.50,4.00
2007.11.05 08:15:18.575,0.99085,0.99115,15.50,4.00
2007.11.05 08:15:18.838,0.99085,0.9912,19.50,8.80
2007.11.05 08:15:19.572,0.99085,0.9912,19.50,8.80
2007.11.05 08:15:19.886,0.99085,0.9912,19.50,8.80
2007.11.05 08:15:20.170,0.99085,0.9912,20.30,8.80
2007.11.05 08:15:21.450,0.99085,0.9912,20.30,8.80
2007.11.05 08:15:21.789,0.99095,0.99125,2.40,8.80
2007.11.05 08:15:21.968,0.99095,0.99125,2.40,8.80
2007.11.05 08:15:22.213,0.99095,0.99125,2.40,8.80
2007.11.05 08:15:22.390,0.991,0.9913,6.70,8.80
2007.11.05 08:15:22.702,0.991,0.9913,6.70,8.80
2007.11.05 08:15:23.034,0.991,0.99135,6.70,9.60
2007.11.05 08:15:23.528,0.991,0.99135,6.70,9.60
2007.11.05 08:15:23.910,0.991,0.9913,6.70,8.80
2007.11.05 08:15:24.364,0.99095,0.9913,9.90,8.80
2007.11.05 08:15:24.647,0.99095,0.9913,9.90,8.80
2007.11.05 08:15:25.988,0.99095,0.9913,9.10,8.80
2007.11.05 08:15:27.080,0.99095,0.9913,9.10,8.80
2007.11.05 08:15:27.409,0.99095,0.9913,11.50,8.80
2007.11.05 08:15:27.737,0.99095,0.99125,2.40,8.80
2007.11.05 08:15:28.065,0.99095,0.99125,2.40,8.80
2007.11.05 08:15:28.274,0.9909,0.99125,6.70,8.80
2007.11.05 08:15:28.483,0.9909,0.99125,6.70,8.80
2007.11.05 08:15:28.690,0.9909,0.99125,6.70,8.80
2007.11.05 08:15:28.898,0.9909,0.99125,6.70,8.80
2007.11.05 08:15:29.262,0.9909,0.99125,6.70,8.80
2007.11.05 08:15:29.595,0.99085,0.9912,13.90,8.80
2007.11.05 08:15:29.923,0.99085,0.99115,13.60,8.80
2007.11.05 08:15:30.256,0.99085,0.9912,17.90,8.80
2007.11.05 08:15:30.610,0.9909,0.99125,7.50,8.80
2007.11.05 08:15:31.032,0.9909,0.99125,7.50,8.80
2007.11.05 08:15:31.365,0.9909,0.99125,7.50,8.80
2007.11.05 08:15:31.568,0.99095,0.99125,4.00,8.80
2007.11.05 08:15:31.771,0.99095,0.99125,6.40,8.80
2007.11.05 08:15:31.975,0.99095,0.99125,7.20,8.80
2007.11.05 08:15:32.179,0.99105,0.9913,2.40,8.80
2007.11.05 08:15:32.564,0.99105,0.9913,2.40,8.80
2007.11.05 08:15:33.028,0.99105,0.9913,2.40,8.80
2007.11.05 08:15:33.321,0.99105,0.99135,2.40,8.80
2007.11.05 08:15:33.560,0.99105,0.99135,2.40,8.80
2007.11.05 08:15:33.981,0.99105,0.99135,2.40,8.80
2007.11.05 08:15:34.287,0.99105,0.99135,2.40,8.80
2007.11.05 08:15:34.585,0.99105,0.99135,9.10,8.80
2007.11.05 08:15:37.845,0.99105,0.99135,9.10,8.80
2007.11.05 08:15:38.153,0.99105,0.99135,6.70,9.60
2007.11.05 08:15:38.462,0.99095,0.9913,11.50,8.80
2007.11.05 08:15:38.719,0.99095,0.9913,11.50,8.80
2007.11.05 08:15:38.937,0.99095,0.9913,9.10,8.80
2007.11.05 08:15:39.155,0.99095,0.9913,9.90,8.80
2007.11.05 08:15:39.555,0.99095,0.9913,9.90,8.80
2007.11.05 08:15:39.845,0.99095,0.9913,13.90,8.80
2007.11.05 08:15:40.214,0.99095,0.9913,13.90,8.80
2007.11.05 08:15:40.496,0.99095,0.99125,9.60,8.80
2007.11.05 08:15:40.685,0.99095,0.99125,9.60,0.50
2007.11.05 08:15:40.780,0.99095,0.9913,13.90,0.90
2007.11.05 08:15:41.118,0.99095,0.9913,13.90,0.70
2007.11.05 08:15:41.452,0.991,0.9914,6.70,10.40
2007.11.05 08:15:41.784,0.991,0.9914,6.70,11.20
2007.11.05 08:15:41.998,0.99095,0.99135,17.10,9.60
2007.11.05 08:15:42.211,0.99095,0.99135,10.40,9.60
2007.11.05 08:15:42.424,0.99095,0.99135,6.40,9.60
2007.11.05 08:15:42.644,0.99095,0.99135,13.10,9.60
2007.11.05 08:15:43.107,0.99095,0.99135,13.10,9.60
2007.11.05 08:15:43.981,0.99095,0.99135,17.90,9.60
2007.11.05 08:15:44.408,0.99095,0.99135,13.90,9.60
2007.11.05 08:15:44.651,0.99095,0.99135,13.90,9.60
2007.11.05 08:15:44.880,0.99095,0.9913,13.90,0.60
2007.11.05 08:15:45.214,0.99095,0.99125,6.40,0.80
2007.11.05 08:15:45.549,0.991,0.99145,6.70,24.00
2007.11.05 08:15:45.882,0.99105,0.99145,2.40,20.80
2007.11.05 08:15:46.132,0.99105,0.99135,2.40,0.60
2007.11.05 08:15:46.337,0.99105,0.99135,2.40,0.60
2007.11.05 08:15:46.651,0.99105,0.99145,2.40,20.80
2007.11.05 08:15:47.584,0.99105,0.99145,2.40,20.80
2007.11.05 08:15:48.333,0.99105,0.99145,9.10,16.00
2007.11.05 08:15:48.747,0.99105,0.99145,2.40,16.00
2007.11.05 08:15:49.036,0.99105,0.99135,2.40,0.80
2007.11.05 08:15:49.453,0.99105,0.99145,2.40,16.00
2007.11.05 08:15:49.715,0.99105,0.9913,2.40,0.60
2007.11.05 08:15:49.986,0.99105,0.9913,2.40,0.60
2007.11.05 08:15:50.320,0.99105,0.99135,6.70,0.80
2007.11.05 08:15:50.653,0.991,0.99135,7.50,0.80
2007.11.05 08:15:51.213,0.991,0.99145,6.70,32.00
2007.11.05 08:15:51.647,0.991,0.99135,6.70,0.50
2007.11.05 08:15:51.849,0.99105,0.99135,6.70,0.50
2007.11.05 08:15:52.122,0.99105,0.99145,6.70,32.00
2007.11.05 08:15:52.395,0.99095,0.99145,16.30,36.00
2007.11.05 08:15:52.678,0.99095,0.99145,13.90,36.00
2007.11.05 08:15:52.951,0.99095,0.99135,13.90,26.40
2007.11.05 08:15:53.229,0.99095,0.99135,9.60,26.40
2007.11.05 08:15:53.539,0.99095,0.99135,13.60,26.40
2007.11.05 08:15:53.818,0.99095,0.99135,9.60,30.40
2007.11.05 08:15:54.252,0.99095,0.99135,8.80,31.20
2007.11.05 08:15:54.562,0.99095,0.99135,8.80,31.20
2007.11.05 08:15:54.781,0.99095,0.9913,15.50,0.80
2007.11.05 08:15:55.168,0.99095,0.99135,15.50,31.20
2007.11.05 08:15:55.503,0.99095,0.99135,15.50,13.60
2007.11.05 08:15:56.042,0.99095,0.99135,15.50,13.60
2007.11.05 08:15:56.231,0.99095,0.99135,13.10,16.00
2007.11.05 08:15:56.420,0.99095,0.99135,9.10,16.00
2007.11.05 08:15:56.676,0.99095,0.99135,9.10,16.00
2007.11.05 08:15:56.991,0.99095,0.99135,9.10,16.00
2007.11.05 08:15:57.179,0.99095,0.9913,7.50,0.80
2007.11.05 08:15:57.741,0.99095,0.9913,7.50,0.80
2007.11.05 08:15:58.074,0.99095,0.99135,7.50,15.20
2007.11.05 08:15:58.407,0.99095,0.99135,16.30,12.80
2007.11.05 08:15:58.675,0.99095,0.99135,16.30,12.80
2007.11.05 08:15:58.879,0.99095,0.99125,13.90,0.80
2007.11.05 08:15:59.185,0.99095,0.99125,13.90,0.50
2007.11.05 08:15:59.498,0.99105,0.9914,2.40,13.60
2007.11.05 08:15:59.811,0.99105,0.99135,11.50,0.90
2007.11.05 08:16:00.157,0.99105,0.99145,9.10,16.00
2007.11.05 08:16:00.617,0.99105,0.99145,9.10,16.00
2007.11.05 08:16:01.360,0.99105,0.9914,9.10,0.80
2007.11.05 08:16:01.658,0.99105,0.99145,9.10,16.00
2007.11.05 08:16:02.217,0.99105,0.99145,2.40,13.60
2007.11.05 08:16:02.699,0.99105,0.99145,2.40,13.60
2007.11.05 08:16:03.183,0.99105,0.99145,9.10,16.00
2007.11.05 08:16:03.675,0.99105,0.99145,9.10,16.00
2007.11.05 08:16:03.894,0.99105,0.99145,6.70,18.40
2007.11.05 08:16:04.126,0.99105,0.99145,9.10,27.20
2007.11.05 08:16:04.346,0.99105,0.9914,4.80,9.60
2007.11.05 08:16:04.564,0.99105,0.99145,8.80,13.60
2007.11.05 08:16:04.821,0.99105,0.9913,6.40,0.60
2007.11.05 08:16:05.080,0.99105,0.99135,2.40,0.50
2007.11.05 08:16:05.411,0.99105,0.9914,2.40,9.60
2007.11.05 08:16:05.754,0.99105,0.9914,2.40,9.60
2007.11.05 08:16:06.088,0.99115,0.99145,6.70,0.80
2007.11.05 08:16:06.427,0.99115,0.99145,6.70,0.90
2007.11.05 08:16:06.651,0.991,0.99145,7.50,12.00
2007.11.05 08:16:06.873,0.9911,0.9915,6.70,11.20
2007.11.05 08:16:07.097,0.9911,0.9914,6.70,0.80
2007.11.05 08:16:07.397,0.99115,0.9915,2.40,9.60
2007.11.05 08:16:07.707,0.9912,0.99155,6.70,12.80
2007.11.05 08:16:08.030,0.9911,0.99145,6.70,0.50
2007.11.05 08:16:08.343,0.9911,0.99145,6.70,0.80
2007.11.05 08:16:08.646,0.9911,0.9915,6.70,10.40
2007.11.05 08:16:08.974,0.9911,0.99145,6.70,9.60
2007.11.05 08:16:09.510,0.9911,0.99145,6.70,13.60
2007.11.05 08:16:09.823,0.9911,0.99145,6.70,13.60
2007.11.05 08:16:10.136,0.99115,0.99145,6.70,4.80
2007.11.05 08:16:10.450,0.99115,0.99145,6.70,4.80
2007.11.05 08:16:10.764,0.99115,0.99145,6.70,0.80
2007.11.05 08:16:11.072,0.99115,0.99145,6.70,0.80
2007.11.05 08:16:11.386,0.99105,0.9914,14.70,8.80
2007.11.05 08:16:11.696,0.99105,0.99135,7.20,8.80
2007.11.05 08:16:11.958,0.99105,0.99135,5.60,8.80
2007.11.05 08:16:12.221,0.99105,0.9913,8.80,8.80
2007.11.05 08:16:12.689,0.99105,0.9913,8.80,8.80
2007.11.05 08:16:14.367,0.99105,0.9913,8.80,8.80
2007.11.05 08:16:14.686,0.99105,0.9913,8.80,8.80
2007.11.05 08:16:14.968,0.99105,0.9914,13.10,8.80
2007.11.05 08:16:15.301,0.99105,0.99135,2.40,8.80
2007.11.05 08:16:15.635,0.99105,0.99135,2.40,8.80
2007.11.05 08:16:15.969,0.991,0.99135,6.70,8.80
2007.11.05 08:16:16.181,0.99105,0.9914,6.70,8.80
2007.11.05 08:16:16.395,0.991,0.99135,6.70,8.80
2007.11.05 08:16:16.722,0.991,0.99135,6.70,8.80
2007.11.05 08:16:16.935,0.991,0.99135,6.70,8.80
2007.11.05 08:16:17.204,0.991,0.99135,6.70,8.80
2007.11.05 08:16:17.471,0.991,0.99135,6.70,8.80
2007.11.05 08:16:17.926,0.991,0.99135,6.70,8.80
2007.11.05 08:16:18.238,0.991,0.99135,6.70,8.80
2007.11.05 08:16:18.501,0.991,0.9913,6.70,8.80
2007.11.05 08:16:18.912,0.991,0.99135,6.70,8.80
2007.11.05 08:16:19.337,0.991,0.99135,6.70,8.80
2007.11.05 08:16:19.641,0.991,0.99135,6.70,8.80
2007.11.05 08:16:20.201,0.991,0.99135,6.70,8.80
2007.11.05 08:16:20.535,0.99095,0.9913,13.90,8.80
2007.11.05 08:16:20.868,0.99095,0.9913,16.30,8.80
2007.11.05 08:16:21.146,0.991,0.99135,6.70,12.80
2007.11.05 08:16:21.359,0.99095,0.9913,13.10,8.80
2007.11.05 08:16:21.668,0.99095,0.9913,13.10,8.80
2007.11.05 08:16:21.881,0.99095,0.9913,9.10,8.80
2007.11.05 08:16:22.290,0.99095,0.9913,9.90,8.80
2007.11.05 08:16:22.544,0.991,0.9913,6.70,8.80
2007.11.05 08:16:22.797,0.991,0.9913,6.70,8.80
2007.11.05 08:16:23.040,0.991,0.99135,6.70,11.20
2007.11.05 08:16:23.283,0.99095,0.9913,17.90,8.80
2007.11.05 08:16:23.525,0.99095,0.9913,11.50,8.80
2007.11.05 08:16:23.768,0.99095,0.9913,7.50,8.80
2007.11.05 08:16:24.072,0.99095,0.9913,7.50,8.80
2007.11.05 08:16:24.400,0.99095,0.9912,2.40,8.80
2007.11.05 08:16:24.733,0.99095,0.9912,2.40,8.80
2007.11.05 08:16:25.067,0.991,0.99135,6.70,8.80
2007.11.05 08:16:25.385,0.99105,0.99125,6.40,8.80
2007.11.05 08:16:25.703,0.99105,0.99135,7.20,8.80
2007.11.05 08:16:26.035,0.99105,0.99135,7.20,8.80
2007.11.05 08:16:26.340,0.99105,0.99135,7.20,8.80
2007.11.05 08:16:26.533,0.99105,0.99135,3.20,8.80
2007.11.05 08:16:26.733,0.99105,0.99135,2.40,8.80
2007.11.05 08:16:27.034,0.99105,0.99135,2.40,8.80
2007.11.05 08:16:27.367,0.99105,0.99135,2.40,8.80
2007.11.05 08:16:27.701,0.99105,0.99135,2.40,8.80
2007.11.05 08:16:28.034,0.99115,0.99135,0.80,8.80
2007.11.05 08:16:28.428,0.99115,0.9914,3.20,8.80
2007.11.05 08:16:28.657,0.99115,0.9914,3.20,8.80
2007.11.05 08:16:29.107,0.99115,0.9914,2.40,8.80
2007.11.05 08:16:29.396,0.99115,0.9914,2.40,0.80
2007.11.05 08:16:29.684,0.99115,0.99145,2.40,9.60
2007.11.05 08:16:30.130,0.99115,0.99145,2.40,9.60
2007.11.05 08:16:30.636,0.99115,0.99145,2.40,9.60
2007.11.05 08:16:30.969,0.99115,0.99145,2.40,8.80
2007.11.05 08:16:31.302,0.9913,0.99155,0.80,9.60
2007.11.05 08:16:31.966,0.9913,0.99155,0.80,9.60
2007.11.05 08:16:32.180,0.9913,0.99155,1.60,9.60
2007.11.05 08:16:32.468,0.9913,0.99155,0.80,12.00
2007.11.05 08:16:32.805,0.9913,0.99155,0.80,12.00
2007.11.05 08:16:33.209,0.99125,0.9915,0.80,8.80
2007.11.05 08:16:33.432,0.9913,0.99155,1.60,9.60
2007.11.05 08:16:33.723,0.9913,0.99155,0.80,12.00
2007.11.05 08:16:33.956,0.99115,0.9915,17.90,8.80
2007.11.05 08:16:34.178,0.99115,0.9915,17.90,8.80
2007.11.05 08:16:34.561,0.99115,0.9915,17.90,8.80
2007.11.05 08:16:35.003,0.99115,0.9915,17.90,8.80
2007.11.05 08:16:35.615,0.99115,0.9915,17.90,8.80
2007.11.05 08:16:35.948,0.99115,0.9915,17.90,8.80
2007.11.05 08:16:36.283,0.99115,0.99145,11.20,8.80
2007.11.05 08:16:36.497,0.99125,0.99145,0.80,8.80
2007.11.05 08:16:36.710,0.9913,0.99145,1.60,8.80
2007.11.05 08:16:36.923,0.9913,0.9915,1.60,0.80
2007.11.05 08:16:37.136,0.9913,0.9915,0.80,0.80
2007.11.05 08:16:37.350,0.9912,0.9915,6.70,0.80
2007.11.05 08:16:37.664,0.99115,0.9915,9.10,9.60
2007.11.05 08:16:37.977,0.99115,0.9915,13.10,9.60
2007.11.05 08:16:38.290,0.99115,0.9914,13.10,0.80
2007.11.05 08:16:38.541,0.99115,0.9914,9.10,0.80
2007.11.05 08:16:38.784,0.99115,0.9915,9.10,8.80
2007.11.05 08:16:39.067,0.99115,0.9915,13.10,8.80
2007.11.05 08:16:39.388,0.9912,0.9915,6.70,8.80
2007.11.05 08:16:39.704,0.9912,0.9915,6.70,8.80
2007.11.05 08:16:39.966,0.9912,0.9915,0.80,8.80
2007.11.05 08:16:40.277,0.99125,0.9915,3.20,8.80
2007.11.05 08:16:40.701,0.99125,0.99155,3.20,12.00
2007.11.05 08:16:41.061,0.99125,0.9915,2.40,8.80
2007.11.05 08:16:41.394,0.99125,0.9915,2.40,8.80
2007.11.05 08:16:41.690,0.99125,0.9915,3.20,8.80
2007.11.05 08:16:41.696,0.99125,0.9915,3.20,0.60
2007.11.05 08:16:41.938,0.99125,0.9915,2.40,0.80
2007.11.05 08:16:42.213,0.99125,0.99165,2.40,16.00
2007.11.05 08:16:42.495,0.99125,0.9916,9.10,0.50
2007.11.05 08:16:42.779,0.99125,0.99165,17.90,12.00
2007.11.05 08:16:43.063,0.99125,0.9916,13.90,0.70
2007.11.05 08:16:43.346,0.99125,0.99165,17.10,12.80
2007.11.05 08:16:43.600,0.99125,0.99165,17.10,12.80
2007.11.05 08:16:43.853,0.99125,0.99155,17.10,0.80
2007.11.05 08:16:44.109,0.99125,0.99155,13.10,0.60
2007.11.05 08:16:44.594,0.99125,0.99155,6.40,0.50
2007.11.05 08:16:44.873,0.99125,0.99165,6.40,12.00
2007.11.05 08:16:45.141,0.99125,0.99155,6.40,0.60
2007.11.05 08:16:45.409,0.99135,0.99155,2.40,0.80
2007.11.05 08:16:45.773,0.99135,0.99175,2.40,20.80
2007.11.05 08:16:46.105,0.99135,0.99165,2.40,0.70
2007.11.05 08:16:46.438,0.99135,0.99165,9.10,0.80
2007.11.05 08:16:46.668,0.99135,0.99165,13.10,0.80
2007.11.05 08:16:46.977,0.99135,0.99175,17.10,12.00
2007.11.05 08:16:47.200,0.9914,0.9918,6.70,14.40
2007.11.05 08:16:47.423,0.99145,0.99175,2.40,0.90
2007.11.05 08:16:47.815,0.99145,0.99175,2.40,24.00
2007.11.05 08:16:48.148,0.99145,0.99165,2.40,0.80
2007.11.05 08:16:48.481,0.99135,0.99175,6.40,15.20
2007.11.05 08:16:48.713,0.99135,0.99175,2.40,17.60
2007.11.05 08:16:49.098,0.99135,0.99165,2.40,0.90
2007.11.05 08:16:49.662,0.99135,0.99165,2.40,0.90
2007.11.05 08:16:49.936,0.99135,0.9917,13.10,0.50
2007.11.05 08:16:50.209,0.99135,0.99175,13.10,16.00
2007.11.05 08:16:50.481,0.99135,0.99175,9.10,16.00
2007.11.05 08:16:51.270,0.99135,0.99175,9.10,16.00
2007.11.05 08:16:52.173,0.99135,0.9917,19.50,0.90
2007.11.05 08:16:52.386,0.9915,0.9917,0.80,0.60
2007.11.05 08:16:52.653,0.9915,0.99175,1.60,9.60
2007.11.05 08:16:52.979,0.9915,0.99185,1.60,16.00
2007.11.05 08:16:53.250,0.9915,0.99185,0.80,13.60
2007.11.05 08:16:53.524,0.99155,0.99175,0.80,0.90
2007.11.05 08:16:53.900,0.99155,0.99175,0.80,0.50
2007.11.05 08:16:54.200,0.99155,0.99185,0.80,13.60
2007.11.05 08:16:54.661,0.99155,0.99185,0.80,13.60
2007.11.05 08:16:55.176,0.9915,0.99185,6.70,0.60
2007.11.05 08:16:55.490,0.9915,0.99185,6.70,0.80
2007.11.05 08:16:55.805,0.9915,0.9919,6.70,9.60
2007.11.05 08:16:56.214,0.99155,0.9919,2.40,9.60
2007.11.05 08:16:56.548,0.99155,0.99185,4.80,0.50
2007.11.05 08:16:56.776,0.99155,0.9919,6.40,9.60
2007.11.05 08:16:57.004,0.99155,0.99195,13.10,28.00
2007.11.05 08:16:57.232,0.99155,0.99195,10.70,28.80
2007.11.05 08:16:57.574,0.99155,0.99195,10.70,28.80
2007.11.05 08:16:57.852,0.99155,0.9919,6.70,11.20
2007.11.05 08:16:58.207,0.9915,0.9919,6.70,13.60
2007.11.05 08:16:58.486,0.9915,0.99185,6.70,0.60
2007.11.05 08:16:58.769,0.99145,0.9918,11.50,0.70
2007.11.05 08:16:59.114,0.99145,0.99185,10.70,25.60
2007.11.05 08:16:59.372,0.99145,0.99185,10.70,26.40
2007.11.05 08:16:59.630,0.99145,0.99185,6.70,26.40
2007.11.05 08:16:59.899,0.99145,0.9918,6.70,0.60
2007.11.05 08:17:00.222,0.99145,0.99185,6.70,12.80
2007.11.05 08:17:00.532,0.9914,0.9918,6.70,9.60
2007.11.05 08:17:00.784,0.9914,0.9918,6.70,9.60
2007.11.05 08:17:01.300,0.99145,0.9918,6.70,0.70
2007.11.05 08:17:01.708,0.9914,0.99175,6.70,0.90
2007.11.05 08:17:01.931,0.9914,0.9918,6.70,12.00
2007.11.05 08:17:02.154,0.9914,0.99175,6.70,0.50
2007.11.05 08:17:02.378,0.99135,0.9917,7.50,0.90
2007.11.05 08:17:02.694,0.99135,0.99175,7.50,11.20
2007.11.05 08:17:02.989,0.99135,0.99175,7.50,11.20
2007.11.05 08:17:03.278,0.99135,0.99175,7.50,11.20
2007.11.05 08:17:04.205,0.99135,0.99175,7.50,13.60
2007.11.05 08:17:04.429,0.99135,0.99175,0.80,13.60
2007.11.05 08:17:04.650,0.99135,0.99175,0.80,17.60
2007.11.05 08:17:04.874,0.9913,0.99175,6.70,19.20
2007.11.05 08:17:05.253,0.99135,0.99165,6.70,0.80
2007.11.05 08:17:05.588,0.99135,0.9917,6.70,0.60
2007.11.05 08:17:05.922,0.99135,0.9917,6.70,9.60
2007.11.05 08:17:06.136,0.99135,0.99165,6.70,0.70
2007.11.05 08:17:06.319,0.99135,0.99165,6.70,0.50
2007.11.05 08:17:06.657,0.99135,0.99175,6.70,18.40
2007.11.05 08:17:06.839,0.9913,0.9917,6.70,9.60
2007.11.05 08:17:07.417,0.9913,0.9917,6.70,9.60
2007.11.05 08:17:07.716,0.9913,0.99165,6.70,0.70
2007.11.05 08:17:08.026,0.9913,0.9917,6.70,12.00
2007.11.05 08:17:08.315,0.9913,0.9917,6.70,12.80
2007.11.05 08:17:08.603,0.99125,0.9916,6.70,0.70
2007.11.05 08:17:08.891,0.9912,0.99165,6.70,18.40
2007.11.05 08:17:09.164,0.9912,0.99165,6.70,22.40
2007.11.05 08:17:09.427,0.9912,0.9915,6.70,0.80
2007.11.05 08:17:09.695,0.9912,0.9915,6.70,0.50
2007.11.05 08:17:09.963,0.9912,0.99145,6.70,0.60
2007.11.05 08:17:10.321,0.9912,0.99145,6.70,2.40
2007.11.05 08:17:10.654,0.9912,0.99145,6.70,2.40
2007.11.05 08:17:10.986,0.99115,0.99145,7.50,6.40
2007.11.05 08:17:11.386,0.99115,0.99145,7.50,6.40
2007.11.05 08:17:11.617,0.99115,0.99145,7.50,6.40
2007.11.05 08:17:11.846,0.99115,0.99145,7.50,6.40
2007.11.05 08:17:12.230,0.99115,0.99145,7.50,6.40
2007.11.05 08:17:12.543,0.99115,0.99145,7.50,6.40
2007.11.05 08:17:13.316,0.99115,0.99145,7.50,6.40
2007.11.05 08:17:13.534,0.99115,0.99135,7.50,2.40
2007.11.05 08:17:13.758,0.9911,0.99135,8.30,6.40
2007.11.05 08:17:14.174,0.9911,0.99135,8.30,6.40
2007.11.05 08:17:14.503,0.9911,0.99135,8.30,4.00
2007.11.05 08:17:14.830,0.9911,0.99135,8.30,4.00
2007.11.05 08:17:15.159,0.9911,0.99145,6.70,15.20
2007.11.05 08:17:15.492,0.9911,0.99145,6.70,12.80
2007.11.05 08:17:15.837,0.9911,0.99145,6.70,8.80
2007.11.05 08:17:16.376,0.9911,0.99145,6.70,8.80
2007.11.05 08:17:16.675,0.99105,0.9914,10.70,8.80
2007.11.05 08:17:18.640,0.99105,0.9914,10.70,8.80
2007.11.05 08:17:18.847,0.99105,0.9914,8.30,8.80
2007.11.05 08:17:19.152,0.99105,0.99135,1.60,8.80
2007.11.05 08:17:19.385,0.99105,0.99135,1.60,8.80
2007.11.05 08:17:19.670,0.99105,0.99135,0.80,8.80
2007.11.05 08:17:19.952,0.99105,0.99135,0.80,8.80
2007.11.05 08:17:20.235,0.991,0.99135,6.70,8.80
2007.11.05 08:17:20.846,0.991,0.99135,6.70,8.80
2007.11.05 08:17:21.211,0.991,0.99135,6.70,8.80
2007.11.05 08:17:21.545,0.991,0.99135,6.70,8.80
2007.11.05 08:17:21.742,0.991,0.99135,6.70,8.80
2007.11.05 08:17:22.247,0.991,0.99135,6.70,8.80
2007.11.05 08:17:22.421,0.991,0.99135,6.70,8.80
2007.11.05 08:17:23.193,0.99105,0.99135,2.40,8.80
2007.11.05 08:17:23.652,0.99105,0.99135,2.40,8.80
2007.11.05 08:17:24.210,0.991,0.99135,6.70,8.80
2007.11.05 08:17:24.408,0.991,0.99135,6.70,8.80
2007.11.05 08:17:24.572,0.991,0.99135,6.70,8.80
2007.11.05 08:17:24.735,0.99105,0.99135,2.40,8.80
2007.11.05 08:17:25.093,0.99105,0.99135,2.40,8.80
2007.11.05 08:17:26.467,0.99105,0.99135,2.40,8.80
2007.11.05 08:17:26.790,0.99105,0.99135,2.40,8.80
2007.11.05 08:17:26.974,0.99105,0.99135,8.80,8.80
2007.11.05 08:17:27.158,0.9911,0.9914,6.70,8.80
2007.11.05 08:17:27.340,0.9911,0.9914,6.70,8.80
2007.11.05 08:17:27.734,0.99105,0.9914,11.50,8.80
2007.11.05 08:17:28.068,0.9911,0.9914,0.80,8.80
2007.11.05 08:17:28.402,0.9911,0.9914,0.80,8.80
2007.11.05 08:17:28.742,0.9911,0.9914,0.80,8.80
2007.11.05 08:17:28.981,0.99105,0.9914,16.30,8.80
2007.11.05 08:17:29.215,0.99105,0.9914,16.30,8.80
2007.11.05 08:17:29.569,0.99105,0.9914,16.30,8.80
2007.11.05 08:17:29.804,0.99105,0.9914,17.10,8.80
2007.11.05 08:17:30.073,0.99105,0.9914,17.90,8.80
2007.11.05 08:17:30.341,0.99105,0.9914,17.90,8.80
2007.11.05 08:17:30.767,0.99105,0.9914,17.90,8.80
2007.11.05 08:17:31.036,0.99115,0.99145,6.70,11.20
2007.11.05 08:17:31.369,0.9911,0.99135,6.70,13.60
2007.11.05 08:17:31.702,0.9911,0.99135,6.70,13.60
2007.11.05 08:17:32.036,0.9911,0.9914,6.70,10.40
2007.11.05 08:17:32.245,0.99105,0.99135,6.70,9.60
2007.11.05 08:17:32.614,0.99095,0.9913,6.70,8.80
2007.11.05 08:17:32.829,0.99095,0.9913,6.70,8.80
2007.11.05 08:17:33.030,0.99095,0.9913,6.70,8.80
2007.11.05 08:17:33.354,0.99095,0.9913,9.10,9.60
2007.11.05 08:17:33.691,0.99095,0.9913,9.10,10.40
2007.11.05 08:17:34.014,0.99095,0.99125,2.40,8.80
2007.11.05 08:17:34.284,0.99095,0.99125,2.40,11.20
2007.11.05 08:17:34.594,0.99095,0.99125,2.40,11.20
2007.11.05 08:17:34.807,0.99095,0.99125,2.40,8.80
2007.11.05 08:17:35.425,0.99095,0.99125,2.40,8.80
2007.11.05 08:17:35.759,0.9909,0.99125,6.70,11.20
2007.11.05 08:17:36.092,0.99085,0.99115,3.20,8.80
2007.11.05 08:17:36.285,0.99085,0.99115,2.40,8.80
2007.11.05 08:17:36.489,0.9909,0.9912,6.70,2.40
2007.11.05 08:17:36.683,0.9909,0.9911,6.70,0.80
2007.11.05 08:17:36.876,0.9909,0.9911,6.70,0.80
2007.11.05 08:17:37.119,0.99085,0.99105,2.40,8.80
2007.11.05 08:17:37.452,0.99085,0.9911,2.40,8.80
2007.11.05 08:17:37.785,0.99075,0.9911,11.50,8.80
2007.11.05 08:17:38.119,0.9907,0.99105,8.30,8.80
2007.11.05 08:17:38.332,0.99075,0.99105,0.80,8.80
2007.11.05 08:17:38.673,0.99075,0.9911,7.50,10.40
2007.11.05 08:17:38.885,0.99075,0.991,3.20,8.80
2007.11.05 08:17:39.186,0.99075,0.991,3.20,8.80
2007.11.05 08:17:39.514,0.99075,0.9911,7.50,10.40
2007.11.05 08:17:39.842,0.99075,0.99105,6.70,14.40
2007.11.05 08:17:40.170,0.9908,0.9909,6.70,0.80
2007.11.05 08:17:40.488,0.99065,0.991,0.80,0.80
2007.11.05 08:17:40.807,0.99065,0.99105,0.80,7.20
2007.11.05 08:17:41.125,0.99065,0.99095,7.50,8.80
2007.11.05 08:17:41.354,0.99065,0.99095,6.70,11.20
2007.11.05 08:17:41.582,0.99065,0.99095,6.70,11.20
2007.11.05 08:17:41.810,0.99065,0.99095,6.70,12.00
2007.11.05 08:17:42.215,0.99055,0.99095,7.20,0.80
2007.11.05 08:17:42.479,0.99065,0.9909,2.40,8.80
2007.11.05 08:17:42.742,0.99065,0.9909,6.40,8.80
2007.11.05 08:17:43.006,0.99075,0.99095,2.40,8.80
2007.11.05 08:17:43.269,0.99065,0.99095,13.10,8.80
2007.11.05 08:17:43.323,0.99055,0.99095,23.50,8.80
2007.11.05 08:17:43.557,0.99065,0.99095,1.40,8.80
2007.11.05 08:17:43.845,0.99065,0.99095,3.10,8.80
2007.11.05 08:17:44.134,0.99065,0.99095,1.30,8.80
2007.11.05 08:17:44.534,0.99065,0.99095,1.40,8.80
2007.11.05 08:17:44.837,0.99065,0.99095,0.60,8.80
2007.11.05 08:17:45.110,0.9906,0.99095,13.10,8.80
2007.11.05 08:17:45.384,0.9906,0.99095,9.90,8.80
2007.11.05 08:17:45.717,0.99065,0.991,2.60,8.80
2007.11.05 08:17:46.052,0.99055,0.99095,28.30,8.80
2007.11.05 08:17:46.385,0.99065,0.99095,3.90,8.80
2007.11.05 08:17:46.623,0.99065,0.99095,4.10,8.80
2007.11.05 08:17:46.863,0.99055,0.99095,12.30,8.80
2007.11.05 08:17:47.143,0.99055,0.99095,12.30,8.80
2007.11.05 08:17:47.381,0.9906,0.99095,1.80,8.80
2007.11.05 08:17:47.689,0.99055,0.99095,9.90,8.80
2007.11.05 08:17:47.997,0.9906,0.99095,1.60,11.20
2007.11.05 08:17:48.521,0.99055,0.99095,7.50,11.20
2007.11.05 08:17:48.754,0.99055,0.9909,7.50,8.80
2007.11.05 08:17:48.987,0.99055,0.9909,7.50,8.80
2007.11.05 08:17:49.253,0.99055,0.99085,0.80,8.80
2007.11.05 08:17:49.633,0.99055,0.99085,0.80,8.80
2007.11.05 08:17:49.956,0.99045,0.9909,18.70,8.80
2007.11.05 08:17:50.280,0.9905,0.9909,8.30,8.80
2007.11.05 08:17:50.623,0.9905,0.9909,8.30,8.80
2007.11.05 08:17:50.957,0.99045,0.9909,19.50,8.80
2007.11.05 08:17:51.290,0.99055,0.9909,0.80,8.80
2007.11.05 08:17:51.633,0.9905,0.9909,11.50,8.80
2007.11.05 08:17:51.856,0.99055,0.99095,11.50,10.40
2007.11.05 08:17:52.080,0.99055,0.99095,17.10,8.80
2007.11.05 08:17:52.303,0.9906,0.99095,1.20,11.20
2007.11.05 08:17:52.616,0.99055,0.99095,9.90,11.20
2007.11.05 08:17:52.929,0.9906,0.9909,3.50,8.80
2007.11.05 08:17:53.244,0.9905,0.9909,11.50,8.80
2007.11.05 08:17:53.557,0.99055,0.99095,13.90,8.80
2007.11.05 08:17:54.141,0.99055,0.99095,13.90,8.80
2007.11.05 08:17:54.389,0.99055,0.99095,13.90,8.80
2007.11.05 08:17:54.664,0.9906,0.99095,3.10,8.80
2007.11.05 08:17:55.914,0.99055,0.99095,13.90,8.80
2007.11.05 08:17:56.547,0.9906,0.99095,1.50,8.80
2007.11.05 08:17:56.730,0.99055,0.99095,16.30,8.80
2007.11.05 08:17:56.913,0.99055,0.99095,16.30,8.80
2007.11.05 08:17:57.176,0.9905,0.9909,17.90,8.80
2007.11.05 08:17:57.380,0.9905,0.9909,18.70,8.80
2007.11.05 08:17:57.789,0.9905,0.9909,18.70,8.80
2007.11.05 08:17:58.112,0.9905,0.9909,36.40,8.80
2007.11.05 08:17:58.436,0.99055,0.9909,5.50,8.80
2007.11.05 08:17:58.654,0.9907,0.991,2.40,0.80
2007.11.05 08:17:58.874,0.99055,0.99095,33.90,8.80
2007.11.05 08:17:59.162,0.99055,0.99095,33.90,8.80
2007.11.05 08:17:59.385,0.9906,0.99095,16.30,8.80
2007.11.05 08:17:59.657,0.9906,0.99095,16.30,8.80
2007.11.05 08:17:59.991,0.99065,0.991,3.50,8.80
2007.11.05 08:18:00.324,0.99065,0.99105,12.30,12.80
2007.11.05 08:18:00.670,0.9907,0.99105,2.80,12.80
2007.11.05 08:18:01.003,0.9907,0.99105,1.50,8.80
2007.11.05 08:18:01.336,0.9907,0.99105,17.10,8.80
2007.11.05 08:18:01.669,0.99075,0.99105,3.00,8.80
2007.11.05 08:18:01.908,0.9907,0.9911,15.50,8.80
2007.11.05 08:18:02.146,0.9907,0.9911,16.30,8.80
2007.11.05 08:18:02.383,0.99075,0.99115,14.70,8.80
2007.11.05 08:18:02.734,0.9908,0.99115,2.70,8.80
2007.11.05 08:18:03.052,0.99075,0.99115,14.70,8.80
2007.11.05 08:18:03.370,0.99075,0.99115,14.70,8.80
2007.11.05 08:18:03.728,0.99085,0.99115,0.50,8.80
2007.11.05 08:18:04.176,0.99085,0.99115,2.00,8.80
2007.11.05 08:18:04.415,0.99075,0.99115,17.10,8.80
2007.11.05 08:18:04.653,0.99085,0.99115,7.10,8.80
2007.11.05 08:18:04.951,0.99095,0.9912,2.10,8.80
2007.11.05 08:18:05.249,0.9909,0.9912,5.60,8.80
2007.11.05 08:18:05.546,0.9909,0.99125,13.10,0.80
2007.11.05 08:18:05.857,0.99095,0.99125,1.50,9.60
2007.11.05 08:18:06.275,0.9909,0.99125,13.90,9.60
2007.11.05 08:18:06.639,0.99095,0.99125,13.10,8.80
2007.11.05 08:18:07.236,0.99095,0.9913,17.10,8.80
2007.11.05 08:18:07.680,0.99095,0.9913,17.10,8.80
2007.11.05 08:18:07.903,0.99095,0.9913,2.10,8.80
2007.11.05 08:18:08.176,0.99085,0.9913,21.90,8.80
2007.11.05 08:18:09.666,0.99095,0.9913,3.50,8.80
2007.11.05 08:18:10.200,0.99095,0.99125,4.30,8.80
2007.11.05 08:18:10.641,0.9909,0.99125,17.90,8.80
2007.11.05 08:18:10.974,0.99105,0.99125,1.00,8.80
2007.11.05 08:18:11.486,0.99095,0.99125,12.80,8.80
2007.11.05 08:18:11.668,0.99095,0.99135,20.30,9.60
2007.11.05 08:18:12.062,0.991,0.99135,9.10,8.80
2007.11.05 08:18:12.394,0.99095,0.9914,38.70,10.40
2007.11.05 08:18:12.838,0.99105,0.9914,9.10,10.40
2007.11.05 08:18:13.171,0.99105,0.99135,9.90,8.80
2007.11.05 08:18:13.399,0.99105,0.99135,12.30,8.80
2007.11.05 08:18:13.731,0.99105,0.9914,12.30,8.80
2007.11.05 08:18:13.958,0.9911,0.99145,6.70,9.60
2007.11.05 08:18:14.288,0.9911,0.99145,6.70,9.60
2007.11.05 08:18:14.616,0.9911,0.99145,6.70,9.60
2007.11.05 08:18:14.944,0.9911,0.99145,6.70,9.60
2007.11.05 08:18:15.464,0.9911,0.99145,6.70,9.60
2007.11.05 08:18:15.798,0.99105,0.9914,13.10,8.80
2007.11.05 08:18:16.698,0.99105,0.9914,13.10,8.80
2007.11.05 08:18:16.908,0.99105,0.99135,15.50,8.80
2007.11.05 08:18:17.726,0.99105,0.99135,15.50,8.80
2007.11.05 08:18:18.025,0.99105,0.99135,15.50,8.80
2007.11.05 08:18:18.324,0.99105,0.9914,15.50,8.80
2007.11.05 08:18:18.583,0.99105,0.99135,8.80,8.80
2007.11.05 08:18:18.916,0.99105,0.99135,4.80,8.80
2007.11.05 08:18:19.180,0.99105,0.99135,11.50,8.80
2007.11.05 08:18:19.449,0.99105,0.99135,11.50,8.80
2007.11.05 08:18:20.157,0.99105,0.99135,11.50,8.80
2007.11.05 08:18:21.612,0.99105,0.99135,11.50,8.80
2007.11.05 08:18:21.796,0.99105,0.99135,11.50,8.80
2007.11.05 08:18:22.824,0.99105,0.99135,11.50,8.80
2007.11.05 08:18:23.138,0.99115,0.99145,2.40,8.80
2007.11.05 08:18:23.589,0.99115,0.99145,2.40,8.80
2007.11.05 08:18:24.225,0.99115,0.99145,2.40,8.80
2007.11.05 08:18:24.641,0.99115,0.99145,3.20,8.80
2007.11.05 08:18:25.047,0.99115,0.99145,3.20,8.80
2007.11.05 08:18:25.777,0.99115,0.99145,3.20,8.80
2007.11.05 08:18:26.158,0.99115,0.99145,0.80,8.80
2007.11.05 08:18:26.491,0.9911,0.99145,8.30,8.80
2007.11.05 08:18:26.695,0.9911,0.99145,9.10,8.80
2007.11.05 08:18:27.209,0.9911,0.99145,9.10,8.80
2007.11.05 08:18:27.658,0.9911,0.99145,9.10,8.80
2007.11.05 08:18:28.066,0.9911,0.99145,8.30,8.80
2007.11.05 08:18:28.363,0.9911,0.99145,6.70,8.80
2007.11.05 08:18:28.838,0.9911,0.99145,6.70,8.80
2007.11.05 08:18:29.160,0.9911,0.99145,6.70,8.80
2007.11.05 08:18:29.421,0.99105,0.9914,14.70,8.80
2007.11.05 08:18:30.271,0.99105,0.9914,14.70,8.80
2007.11.05 08:18:30.586,0.99105,0.9914,14.70,8.80
2007.11.05 08:18:30.919,0.99115,0.99145,3.20,12.80
2007.11.05 08:18:31.252,0.99115,0.99145,9.90,4.00
2007.11.05 08:18:31.586,0.99115,0.99145,26.00,4.00
2007.11.05 08:18:31.794,0.99125,0.99155,2.40,15.20
2007.11.05 08:18:32.036,0.99125,0.99155,2.40,15.20
2007.11.05 08:18:32.257,0.99125,0.99155,2.40,15.20
2007.11.05 08:18:32.465,0.99125,0.99155,2.40,15.20
2007.11.05 08:18:33.188,0.99125,0.99155,2.40,15.20
2007.11.05 08:18:33.511,0.99125,0.99155,2.40,15.20
2007.11.05 08:18:33.834,0.99125,0.99155,9.90,15.20
2007.11.05 08:18:34.189,0.99125,0.99155,9.90,15.20
2007.11.05 08:18:34.667,0.99125,0.99155,9.90,15.20
2007.11.05 08:18:34.947,0.99125,0.99155,9.90,8.80
2007.11.05 08:18:35.224,0.99125,0.99155,9.90,8.80
2007.11.05 08:18:35.561,0.99125,0.99155,9.90,8.80
2007.11.05 08:18:35.840,0.99125,0.99155,9.90,2.40
2007.11.05 08:18:36.236,0.99125,0.99155,9.10,2.40
2007.11.05 08:18:36.570,0.99125,0.99155,6.70,2.40
2007.11.05 08:18:36.904,0.99125,0.99155,0.80,15.20
2007.11.05 08:18:37.137,0.9912,0.99155,6.70,15.20
2007.11.05 08:18:37.371,0.9912,0.99155,6.70,15.20
2007.11.05 08:18:37.692,0.99115,0.99155,9.90,15.20
2007.11.05 08:18:37.728,0.99115,0.99155,9.90,15.20
2007.11.05 08:18:38.022,0.9911,0.9915,8.30,8.80
2007.11.05 08:18:38.315,0.99115,0.99155,9.90,15.20
2007.11.05 08:18:38.610,0.99115,0.99155,9.90,15.20
2007.11.05 08:18:38.923,0.99115,0.99155,9.90,15.20
2007.11.05 08:18:39.364,0.9911,0.9915,14.70,8.80
2007.11.05 08:18:39.668,0.99115,0.9915,3.20,8.80
2007.11.05 08:18:39.919,0.9911,0.9915,22.80,8.80
2007.11.05 08:18:40.167,0.99125,0.9915,0.80,8.80
2007.11.05 08:18:40.416,0.99115,0.9915,33.20,8.80
2007.11.05 08:18:40.665,0.9912,0.99155,10.70,6.40
2007.11.05 08:18:40.998,0.99125,0.99155,3.40,6.40
2007.11.05 08:18:41.514,0.99125,0.99155,1.70,6.40
2007.11.05 08:18:41.847,0.99125,0.99155,1.60,15.20
2007.11.05 08:18:42.286,0.99125,0.99155,0.60,15.20
2007.11.05 08:18:42.516,0.9912,0.99155,8.30,15.20
2007.11.05 08:18:42.779,0.99125,0.99155,0.80,15.20
2007.11.05 08:18:43.101,0.99115,0.99155,29.90,15.20
2007.11.05 08:18:43.743,0.99115,0.99155,17.10,15.20
2007.11.05 08:18:43.971,0.99125,0.99155,3.20,15.20
2007.11.05 08:18:44.398,0.9912,0.99155,0.80,12.80
2007.11.05 08:18:44.626,0.9912,0.99155,1.90,13.60
2007.11.05 08:18:44.854,0.99115,0.99155,29.10,12.80
2007.11.05 08:18:45.188,0.99115,0.9915,1.10,8.80
2007.11.05 08:18:45.521,0.9912,0.99155,7.50,12.80
2007.11.05 08:18:45.854,0.99115,0.99155,17.10,12.80
2007.11.05 08:18:46.226,0.99115,0.99155,17.10,12.80
2007.11.05 08:18:46.429,0.9912,0.99155,0.80,12.80
2007.11.05 08:18:46.661,0.99125,0.9915,0.60,8.80
2007.11.05 08:18:46.864,0.9912,0.99155,9.10,12.80
2007.11.05 08:18:47.216,0.9912,0.99155,9.10,12.80
2007.11.05 08:18:47.509,0.9912,0.99155,9.10,15.20
2007.11.05 08:18:47.802,0.9912,0.99155,9.90,8.80
2007.11.05 08:18:48.644,0.99115,0.9916,20.30,8.80
2007.11.05 08:18:48.834,0.99115,0.9916,20.30,8.80
2007.11.05 08:18:49.121,0.99115,0.9916,20.30,8.80
2007.11.05 08:18:49.434,0.9912,0.9916,7.50,8.80
2007.11.05 08:18:49.747,0.99125,0.9916,3.60,8.80
2007.11.05 08:18:50.478,0.99125,0.9916,3.30,8.80
2007.11.05 08:18:50.798,0.9912,0.9916,7.50,8.80
2007.11.05 08:18:51.116,0.99135,0.99165,3.70,3.20
2007.11.05 08:18:51.325,0.99135,0.99165,1.60,0.80
2007.11.05 08:18:51.616,0.9913,0.99165,10.70,9.60
2007.11.05 08:18:51.825,0.9913,0.99165,7.50,9.60
2007.11.05 08:18:52.034,0.99135,0.99165,1.90,8.80
2007.11.05 08:18:52.753,0.99125,0.99165,17.90,8.80
2007.11.05 08:18:53.738,0.99125,0.99165,17.90,8.80
2007.11.05 08:18:54.170,0.99135,0.99165,1.90,8.80
2007.11.05 08:18:54.672,0.99135,0.99165,2.80,8.80
2007.11.05 08:18:55.729,0.99135,0.99165,1.40,8.80
2007.11.05 08:18:56.077,0.99135,0.99165,2.50,8.80
2007.11.05 08:18:57.145,0.99125,0.99165,17.90,8.80
2007.11.05 08:18:57.671,0.99125,0.99165,17.90,8.80
2007.11.05 08:18:58.950,0.99125,0.99165,17.90,8.80
2007.11.05 08:18:59.188,0.99125,0.99165,17.90,8.80
2007.11.05 08:18:59.672,0.99135,0.99165,2.90,8.80
2007.11.05 08:18:59.925,0.99135,0.99165,2.70,8.80
2007.11.05 08:19:00.347,0.99135,0.99165,2.40,8.80
2007.11.05 08:19:00.694,0.99125,0.99165,17.90,8.80
2007.11.05 08:19:01.344,0.99135,0.99165,3.50,8.80
2007.11.05 08:19:03.269,0.99125,0.99165,17.90,8.80
2007.11.05 08:19:04.222,0.99125,0.99165,17.90,8.80
2007.11.05 08:19:04.663,0.99125,0.99165,17.90,8.80
2007.11.05 08:19:05.736,0.99125,0.99165,17.90,8.80
2007.11.05 08:19:06.358,0.99135,0.99165,3.10,8.80
2007.11.05 08:19:06.812,0.99135,0.99165,1.60,8.80
2007.11.05 08:19:07.028,0.99135,0.99165,2.80,8.80
2007.11.05 08:19:07.231,0.99125,0.99165,17.90,8.80
2007.11.05 08:19:07.579,0.99135,0.99165,2.20,8.80
2007.11.05 08:19:08.011,0.99135,0.99165,0.90,8.80
2007.11.05 08:19:08.648,0.99125,0.99165,17.90,8.80
2007.11.05 08:19:09.076,0.99125,0.99165,17.90,8.80
2007.11.05 08:19:09.307,0.99135,0.99165,3.60,8.80
2007.11.05 08:19:09.659,0.99125,0.99165,17.90,8.80
2007.11.05 08:19:10.162,0.99135,0.99165,2.90,8.80
2007.11.05 08:19:10.578,0.99125,0.99165,17.90,8.80
2007.11.05 08:19:11.742,0.99135,0.99165,3.00,8.80
2007.11.05 08:19:12.054,0.99115,0.99175,33.60,9.60
2007.11.05 08:19:12.719,0.99125,0.99175,0.60,9.60
2007.11.05 08:19:13.690,0.99125,0.99175,5.30,9.60
2007.11.05 08:19:14.289,0.99115,0.99175,33.60,9.60
2007.11.05 08:19:14.652,0.99125,0.99175,4.60,9.60
2007.11.05 08:19:16.811,0.99115,0.99175,33.60,9.60
2007.11.05 08:19:17.028,0.99115,0.99175,33.60,9.60
2007.11.05 08:19:17.786,0.99115,0.99175,33.60,9.60
2007.11.05 08:19:18.313,0.99115,0.99175,33.60,9.60
2007.11.05 08:19:18.647,0.99115,0.99175,33.60,9.60
2007.11.05 08:19:19.077,0.99125,0.99175,1.50,9.60
2007.11.05 08:19:19.401,0.99115,0.99175,33.60,9.60
2007.11.05 08:19:19.798,0.99125,0.99175,3.10,9.60
2007.11.05 08:19:20.778,0.99115,0.99175,33.60,9.60
2007.11.05 08:19:21.209,0.99115,0.99175,33.60,9.60
2007.11.05 08:19:21.404,0.99115,0.99175,33.60,9.60
2007.11.05 08:19:21.722,0.99115,0.99175,33.60,9.60
2007.11.05 08:19:21.952,0.99125,0.99175,5.70,9.60
2007.11.05 08:19:41.365,0.99095,0.99125,0.80,6.40
2007.11.05 08:19:41.791,0.99095,0.99125,0.80,6.40
2007.11.05 08:19:42.280,0.99095,0.99125,0.80,6.40
2007.11.05 08:19:42.686,0.99095,0.99125,0.80,6.40
2007.11.05 08:19:42.936,0.99095,0.99125,0.80,15.20
2007.11.05 08:19:43.318,0.99095,0.99125,0.80,15.20
2007.11.05 08:19:43.637,0.99095,0.99125,0.80,15.20
2007.11.05 08:19:43.829,0.99095,0.99125,0.80,0.70
2007.11.05 08:19:43.954,0.99095,0.99125,0.80,12.80
2007.11.05 08:19:44.201,0.99095,0.99125,0.80,12.80
2007.11.05 08:19:44.576,0.99095,0.99125,0.80,12.80
2007.11.05 08:19:44.836,0.99095,0.99125,5.60,8.80
2007.11.05 08:19:45.114,0.99095,0.99125,4.80,8.80
2007.11.05 08:19:45.684,0.991,0.99135,6.70,9.60
2007.11.05 08:19:45.964,0.99105,0.99135,0.80,8.80
2007.11.05 08:19:46.297,0.99105,0.99135,0.80,8.80
2007.11.05 08:19:46.630,0.9911,0.99135,0.80,8.80
2007.11.05 08:19:46.962,0.991,0.99125,1.60,8.80
2007.11.05 08:19:47.176,0.991,0.99125,1.60,8.80
2007.11.05 08:19:47.638,0.991,0.99125,1.60,8.80
2007.11.05 08:19:47.948,0.991,0.99125,1.60,8.80
2007.11.05 08:19:48.690,0.991,0.99125,1.60,8.80
2007.11.05 08:19:48.978,0.991,0.99125,1.60,8.80
2007.11.05 08:19:49.196,0.991,0.99125,0.80,8.80
2007.11.05 08:19:49.415,0.99095,0.99125,17.90,8.80
2007.11.05 08:19:49.675,0.99095,0.9913,20.30,8.80
2007.11.05 08:19:49.894,0.991,0.9913,0.80,8.80
2007.11.05 08:19:50.217,0.991,0.9913,0.80,8.80
2007.11.05 08:19:50.532,0.991,0.9913,0.80,8.80
2007.11.05 08:19:50.966,0.991,0.9913,6.70,8.80
2007.11.05 08:19:51.163,0.991,0.9913,6.70,8.80
2007.11.05 08:19:51.362,0.99095,0.99125,2.40,8.80
2007.11.05 08:19:52.046,0.99095,0.9913,9.10,8.80
2007.11.05 08:19:52.339,0.99095,0.9913,6.70,8.80
2007.11.05 08:19:52.633,0.99095,0.9913,6.70,8.80
2007.11.05 08:19:52.927,0.99095,0.9913,24.40,8.80
2007.11.05 08:19:53.220,0.99105,0.9913,2.40,8.80
2007.11.05 08:19:53.479,0.99105,0.9913,2.40,8.80
2007.11.05 08:19:53.737,0.99105,0.9913,2.40,8.80
2007.11.05 08:19:54.171,0.99105,0.99135,2.40,8.80
2007.11.05 08:19:54.628,0.99105,0.99135,2.40,8.80
2007.11.05 08:19:54.860,0.991,0.99135,6.70,15.20
2007.11.05 08:19:55.166,0.991,0.99135,6.70,17.60
2007.11.05 08:19:55.499,0.991,0.9913,1.60,8.80
2007.11.05 08:19:55.833,0.991,0.9913,0.80,8.80
2007.11.05 08:19:56.165,0.991,0.9913,6.70,8.80
2007.11.05 08:19:56.407,0.991,0.9913,6.70,8.80
2007.11.05 08:19:56.757,0.991,0.9913,6.70,8.80
2007.11.05 08:19:57.104,0.991,0.9913,6.70,8.80
2007.11.05 08:19:57.328,0.99095,0.99125,2.40,8.80
2007.11.05 08:19:57.710,0.99095,0.99125,0.80,8.80
2007.11.05 08:19:58.247,0.99095,0.9913,21.20,8.80
2007.11.05 08:19:58.458,0.99105,0.9913,2.40,8.80
2007.11.05 08:19:58.695,0.99105,0.99135,2.40,15.20
2007.11.05 08:19:59.014,0.99105,0.99135,2.40,15.20
2007.11.05 08:19:59.222,0.99105,0.99135,2.40,15.20
2007.11.05 08:19:59.767,0.99105,0.99135,2.40,15.20
2007.11.05 08:20:00.542,0.99105,0.99135,2.40,15.20
2007.11.05 08:20:00.846,0.991,0.99135,6.70,15.20
2007.11.05 08:20:01.150,0.991,0.99135,6.70,15.20
2007.11.05 08:20:01.452,0.99105,0.9913,2.40,8.80
2007.11.05 08:20:01.813,0.99095,0.9913,7.50,8.80
2007.11.05 08:20:02.076,0.991,0.99135,6.70,15.20
2007.11.05 08:20:02.339,0.991,0.99135,6.70,15.20
2007.11.05 08:20:02.651,0.991,0.99135,6.70,15.20
2007.11.05 08:20:03.923,0.991,0.99135,6.70,15.20
2007.11.05 08:20:04.355,0.991,0.99135,6.70,15.20
2007.11.05 08:20:04.776,0.991,0.99135,6.70,15.20
2007.11.05 08:20:05.186,0.991,0.99135,6.70,15.20
2007.11.05 08:20:05.459,0.991,0.99135,6.70,12.80
2007.11.05 08:20:05.787,0.99095,0.9913,13.10,8.80
2007.11.05 08:20:06.116,0.99095,0.9913,12.30,8.80
2007.11.05 08:20:06.444,0.99105,0.99135,6.70,3.20
2007.11.05 08:20:06.720,0.99095,0.99125,9.10,8.80
2007.11.05 08:20:06.955,0.99095,0.99125,16.80,8.80
2007.11.05 08:20:07.247,0.991,0.9913,6.70,8.80
2007.11.05 08:20:07.480,0.99095,0.9913,9.10,8.80
2007.11.05 08:20:07.733,0.99095,0.9913,6.70,8.80
2007.11.05 08:20:07.986,0.99095,0.9913,6.70,8.80
2007.11.05 08:20:08.239,0.9909,0.99125,7.50,8.80
2007.11.05 08:20:08.754,0.99095,0.9913,9.10,10.40
2007.11.05 08:20:09.070,0.99095,0.9913,9.10,10.40
2007.11.05 08:20:09.381,0.991,0.9913,6.70,1.60
2007.11.05 08:20:09.779,0.991,0.9913,6.70,1.60
2007.11.05 08:20:10.016,0.991,0.9913,6.70,1.60
2007.11.05 08:20:10.254,0.991,0.9913,6.70,1.60
2007.11.05 08:20:10.491,0.991,0.9913,6.70,1.60
2007.11.05 08:20:10.986,0.991,0.9913,6.70,1.60
2007.11.05 08:20:11.321,0.991,0.9913,6.70,1.60
2007.11.05 08:20:12.600,0.991,0.9913,6.70,1.60
2007.11.05 08:20:12.914,0.991,0.99135,6.70,16.00
2007.11.05 08:20:13.427,0.991,0.99135,6.70,16.00
2007.11.05 08:20:13.671,0.991,0.99135,6.70,9.60
2007.11.05 08:20:13.904,0.99105,0.99135,6.70,8.80
2007.11.05 08:20:14.155,0.99105,0.99135,6.70,8.80
2007.11.05 08:20:14.907,0.99105,0.99135,6.70,8.80
2007.11.05 08:20:15.291,0.99105,0.99135,6.70,8.80
2007.11.05 08:20:15.559,0.9911,0.9914,6.70,10.40
2007.11.05 08:20:16.355,0.99105,0.99135,6.70,8.80
2007.11.05 08:20:17.218,0.99105,0.99135,6.70,8.80
2007.11.05 08:20:17.639,0.99105,0.99135,9.10,8.80
2007.11.05 08:20:17.908,0.9911,0.9914,6.70,8.80
2007.11.05 08:20:18.207,0.9911,0.9914,6.70,8.80
2007.11.05 08:20:18.475,0.9911,0.99145,6.70,9.60
2007.11.05 08:20:18.746,0.9911,0.99145,6.70,9.60
2007.11.05 08:20:19.466,0.9911,0.99145,6.70,9.60
2007.11.05 08:20:19.773,0.9911,0.99145,6.70,9.60
2007.11.05 08:20:20.030,0.9911,0.99145,6.70,17.60
2007.11.05 08:20:20.289,0.9911,0.99145,6.70,17.60
2007.11.05 08:20:20.547,0.99105,0.99135,4.80,8.80
2007.11.05 08:20:20.826,0.9911,0.9914,6.70,8.80
2007.11.05 08:20:21.160,0.99105,0.99135,4.80,8.80
2007.11.05 08:20:21.494,0.99105,0.99135,4.80,8.80
2007.11.05 08:20:21.826,0.99115,0.99145,6.70,9.60
2007.11.05 08:20:22.045,0.99115,0.99145,6.70,9.60
2007.11.05 08:20:22.262,0.99115,0.99145,6.70,9.60
2007.11.05 08:20:22.481,0.99115,0.99145,6.70,13.60
2007.11.05 08:20:22.698,0.9911,0.99145,6.70,13.60
2007.11.05 08:20:22.958,0.9911,0.99145,6.70,9.60
2007.11.05 08:20:23.280,0.9911,0.99145,6.70,9.60
2007.11.05 08:20:23.594,0.9911,0.99135,6.70,0.80
2007.11.05 08:20:24.225,0.9911,0.99135,6.70,0.80
2007.11.05 08:20:24.546,0.9911,0.99135,6.70,0.80
2007.11.05 08:20:24.805,0.991,0.99135,6.70,25.60
2007.11.05 08:20:25.138,0.991,0.99135,6.70,33.60
2007.11.05 08:20:25.471,0.991,0.99135,6.70,32.00
2007.11.05 08:20:25.804,0.99095,0.99125,6.70,16.00
2007.11.05 08:20:26.332,0.99095,0.99125,6.70,16.00
2007.11.05 08:20:26.954,0.99095,0.99125,6.70,16.00
2007.11.05 08:20:27.431,0.99095,0.99125,6.70,16.00
2007.11.05 08:20:27.824,0.99085,0.9912,9.90,8.80
2007.11.05 08:20:28.092,0.9909,0.99125,6.70,8.80
2007.11.05 08:20:28.360,0.9909,0.99125,6.70,8.80
2007.11.05 08:20:29.107,0.9909,0.99125,6.70,8.80
2007.11.05 08:20:29.384,0.9909,0.99125,6.70,8.80
2007.11.05 08:20:29.662,0.9909,0.99125,6.70,8.80
2007.11.05 08:20:29.941,0.9909,0.99125,6.70,12.80
2007.11.05 08:20:30.311,0.9909,0.99125,6.70,12.80
2007.11.05 08:20:30.644,0.9909,0.99125,6.70,9.60
2007.11.05 08:20:30.977,0.9909,0.99125,6.70,9.60
2007.11.05 08:20:31.311,0.9909,0.99125,6.70,12.00
2007.11.05 08:20:32.025,0.9909,0.99125,6.70,12.00
2007.11.05 08:20:32.316,0.9909,0.99125,6.70,9.60
2007.11.05 08:20:32.657,0.9909,0.99125,6.70,9.60
2007.11.05 08:20:33.095,0.9909,0.99125,6.70,9.60
2007.11.05 08:20:33.378,0.9909,0.99125,6.70,9.60
2007.11.05 08:20:34.191,0.9909,0.99125,6.70,9.60
2007.11.05 08:20:34.771,0.9909,0.99125,6.70,9.60
2007.11.05 08:20:35.087,0.99085,0.9912,9.10,8.80
2007.11.05 08:20:35.380,0.99095,0.99125,6.70,8.80
2007.11.05 08:20:35.673,0.9909,0.99125,6.70,8.80
2007.11.05 08:20:35.972,0.9909,0.99125,6.70,22.40
2007.11.05 08:20:36.265,0.9909,0.99115,6.70,2.40
2007.11.05 08:20:36.544,0.9909,0.99115,6.70,3.20
2007.11.05 08:20:36.822,0.99075,0.99105,3.20,9.60
2007.11.05 08:20:37.100,0.99075,0.99105,9.10,9.60
2007.11.05 08:20:37.379,0.99075,0.99105,6.70,8.80
2007.11.05 08:20:37.716,0.99075,0.99105,6.70,8.80
2007.11.05 08:20:38.031,0.9907,0.99105,7.50,8.80
2007.11.05 08:20:38.346,0.9907,0.99105,7.50,8.80
2007.11.05 08:20:38.674,0.99075,0.99105,9.10,8.80
2007.11.05 08:20:39.002,0.99075,0.99105,9.10,8.80
2007.11.05 08:20:39.330,0.99075,0.99105,12.30,8.80
2007.11.05 08:20:39.653,0.99075,0.99105,12.30,8.80
2007.11.05 08:20:39.866,0.9908,0.99115,6.70,8.80
2007.11.05 08:20:40.298,0.9908,0.99115,6.70,8.80
2007.11.05 08:20:40.631,0.9908,0.99115,6.70,8.80
2007.11.05 08:20:41.006,0.99085,0.99115,2.40,8.80
2007.11.05 08:20:41.339,0.99085,0.99115,2.40,8.80
2007.11.05 08:20:41.567,0.99085,0.99115,2.40,8.80
2007.11.05 08:20:41.970,0.9909,0.99125,6.70,9.60
2007.11.05 08:20:42.242,0.9909,0.99125,6.70,9.60
2007.11.05 08:20:42.471,0.9909,0.99125,6.70,8.80
2007.11.05 08:20:42.805,0.9909,0.9912,6.70,8.80
2007.11.05 08:20:43.192,0.9909,0.9912,6.70,8.80
2007.11.05 08:20:43.525,0.9909,0.9912,6.70,8.80
2007.11.05 08:20:43.726,0.9909,0.9912,6.70,8.80
2007.11.05 08:20:43.919,0.9909,0.9912,6.70,8.80
2007.11.05 08:20:44.088,0.9909,0.9912,6.70,8.80
2007.11.05 08:20:44.266,0.9909,0.9912,6.70,8.80
2007.11.05 08:20:44.434,0.9908,0.99115,6.70,8.80
2007.11.05 08:20:44.772,0.9908,0.99115,6.70,8.80
2007.11.05 08:20:45.129,0.9908,0.99115,6.70,9.60
2007.11.05 08:20:45.462,0.9908,0.99115,6.70,12.80
2007.11.05 08:20:45.780,0.99075,0.9911,6.70,9.60
2007.11.05 08:20:46.098,0.99075,0.9911,6.70,9.60
2007.11.05 08:20:46.416,0.99075,0.9911,11.50,9.60
2007.11.05 08:20:46.734,0.9908,0.99105,6.70,0.80
2007.11.05 08:20:47.123,0.9908,0.99105,6.70,0.80
2007.11.05 08:20:47.311,0.99075,0.99105,13.10,0.80
2007.11.05 08:20:47.499,0.99075,0.9911,9.10,8.80
2007.11.05 08:20:47.745,0.99075,0.9911,9.10,9.60
2007.11.05 08:20:48.078,0.99075,0.9911,9.10,9.60
2007.11.05 08:20:49.161,0.99075,0.9911,9.10,9.60
2007.11.05 08:20:49.422,0.99075,0.9911,9.10,9.60
2007.11.05 08:20:49.772,0.99075,0.9911,9.10,9.60
2007.11.05 08:20:50.251,0.99075,0.9911,9.10,0.70
2007.11.05 08:20:50.692,0.99075,0.9911,6.70,0.70
2007.11.05 08:20:51.025,0.99075,0.99115,6.70,14.40
2007.11.05 08:20:51.410,0.99075,0.9911,9.10,0.70
2007.11.05 08:20:51.784,0.99075,0.99105,2.40,0.90
2007.11.05 08:20:52.031,0.99075,0.9911,2.40,11.20
2007.11.05 08:20:52.216,0.9907,0.9911,6.70,11.20
2007.11.05 08:20:52.625,0.9907,0.9911,6.70,11.20
2007.11.05 08:20:52.814,0.9907,0.99105,6.70,0.60
2007.11.05 08:20:53.169,0.9907,0.99105,6.70,0.50
2007.11.05 08:20:53.458,0.9907,0.99105,6.70,0.60
2007.11.05 08:20:53.812,0.9907,0.99105,6.70,0.50
2007.11.05 08:20:54.559,0.99075,0.99115,6.70,14.40
2007.11.05 08:20:55.413,0.99075,0.9911,6.70,0.70
2007.11.05 08:20:57.492,0.99075,0.99115,6.70,14.40
2007.11.05 08:20:57.783,0.99075,0.9911,6.70,0.90
2007.11.05 08:20:58.189,0.99075,0.99115,6.70,14.40
2007.11.05 08:20:59.634,0.99075,0.9911,6.70,0.90
2007.11.05 08:20:59.858,0.99075,0.99115,6.70,14.40
2007.11.05 08:21:01.524,0.99075,0.99115,6.70,13.60
2007.11.05 08:21:01.721,0.99075,0.99115,6.70,13.60
2007.11.05 08:21:01.915,0.99075,0.9911,6.70,0.70
2007.11.05 08:21:03.232,0.99075,0.99115,6.70,15.20
2007.11.05 08:21:04.779,0.99075,0.9911,6.70,0.90
2007.11.05 08:21:05.460,0.99075,0.99115,6.70,15.20
2007.11.05 08:21:05.778,0.99075,0.9911,6.70,0.60
2007.11.05 08:21:06.203,0.99075,0.9911,6.70,0.60
2007.11.05 08:21:07.611,0.99075,0.99115,6.70,20.80
2007.11.05 08:21:08.222,0.99075,0.99115,9.10,18.40
2007.11.05 08:21:08.646,0.99075,0.9911,9.10,0.60
2007.11.05 08:21:08.964,0.99075,0.9911,6.70,10.40
2007.11.05 08:21:09.282,0.9907,0.9911,6.70,11.20
2007.11.05 08:21:09.501,0.9907,0.99105,6.70,0.80
2007.11.05 08:21:09.719,0.9907,0.99105,6.70,0.60
2007.11.05 08:21:10.651,0.9907,0.9911,6.70,9.60
2007.11.05 08:21:10.984,0.99075,0.9911,2.40,9.60
2007.11.05 08:21:11.316,0.99075,0.99115,9.10,18.40
2007.11.05 08:21:11.505,0.99075,0.99115,9.10,17.60
2007.11.05 08:21:11.694,0.99075,0.9911,9.10,0.80
2007.11.05 08:21:11.983,0.99075,0.99115,9.10,12.80
2007.11.05 08:21:12.494,0.99075,0.99115,9.10,12.80
2007.11.05 08:21:12.828,0.99075,0.9911,9.10,0.90
2007.11.05 08:21:13.161,0.99075,0.9911,9.10,0.80
2007.11.05 08:21:13.495,0.9908,0.9911,6.70,0.50
2007.11.05 08:21:13.692,0.9908,0.9911,6.70,0.90
2007.11.05 08:21:13.891,0.99075,0.9911,6.70,10.40
2007.11.05 08:21:14.364,0.99075,0.99105,6.70,0.80
2007.11.05 08:21:14.562,0.99075,0.99105,6.70,0.80
2007.11.05 08:21:15.229,0.99075,0.9911,6.70,10.40
2007.11.05 08:21:15.521,0.99075,0.9911,6.70,11.20
2007.11.05 08:21:15.855,0.99075,0.99105,6.70,0.60
2007.11.05 08:21:16.259,0.9907,0.99105,6.70,9.60
2007.11.05 08:21:16.593,0.9907,0.991,6.70,0.70
2007.11.05 08:21:16.998,0.9907,0.99105,6.70,9.60
2007.11.05 08:21:17.358,0.9907,0.991,6.70,0.80
2007.11.05 08:21:17.561,0.9907,0.9911,6.70,11.20
2007.11.05 08:21:17.861,0.9907,0.99105,6.70,8.80
2007.11.05 08:21:18.200,0.9907,0.991,6.70,8.80
2007.11.05 08:21:18.612,0.9907,0.991,6.70,8.80
2007.11.05 08:21:19.025,0.9907,0.991,6.70,8.80
2007.11.05 08:21:19.346,0.9907,0.991,6.70,8.80
2007.11.05 08:21:19.656,0.9907,0.991,6.70,8.80
2007.11.05 08:21:20.175,0.99075,0.99105,9.10,8.80
2007.11.05 08:21:20.418,0.99085,0.99115,7.50,16.80
2007.11.05 08:21:20.699,0.99085,0.99115,7.50,16.80
2007.11.05 08:21:21.032,0.99085,0.99115,7.50,16.80
2007.11.05 08:21:21.364,0.99085,0.99115,7.50,13.60
2007.11.05 08:21:21.698,0.99085,0.99115,7.50,8.80
2007.11.05 08:21:21.941,0.99085,0.99115,6.70,9.60
2007.11.05 08:21:22.150,0.9908,0.99115,6.70,8.80
2007.11.05 08:21:22.682,0.9908,0.99115,6.70,8.80
2007.11.05 08:21:23.055,0.9908,0.9911,6.70,0.80
2007.11.05 08:21:23.355,0.9908,0.99115,6.70,12.80
2007.11.05 08:21:23.654,0.9908,0.9911,6.70,8.80
2007.11.05 08:21:23.857,0.99075,0.9911,13.10,8.80
2007.11.05 08:21:24.061,0.99075,0.9911,13.10,8.80
2007.11.05 08:21:24.303,0.99075,0.9911,13.10,8.80
2007.11.05 08:21:24.711,0.99075,0.9911,13.10,8.80
2007.11.05 08:21:25.034,0.99075,0.9911,9.10,8.80
2007.11.05 08:21:25.357,0.99065,0.991,18.70,8.80
2007.11.05 08:21:25.681,0.99065,0.991,14.70,8.80
2007.11.05 08:21:26.104,0.99065,0.991,14.70,8.80
2007.11.05 08:21:26.539,0.99065,0.991,19.50,8.80
2007.11.05 08:21:26.872,0.99065,0.991,14.70,9.60
2007.11.05 08:21:27.144,0.99065,0.9909,2.40,8.80
2007.11.05 08:21:27.363,0.9906,0.9909,1.60,8.80
2007.11.05 08:21:27.581,0.99055,0.9909,19.50,8.80
2007.11.05 08:21:28.151,0.99055,0.9909,19.50,8.80
2007.11.05 08:21:28.486,0.9906,0.99095,6.70,8.80
2007.11.05 08:21:28.819,0.9906,0.9909,6.70,8.80
2007.11.05 08:21:29.187,0.9906,0.9909,6.70,8.80
2007.11.05 08:21:29.396,0.9906,0.9909,6.70,8.80
2007.11.05 08:21:29.615,0.99055,0.9909,13.90,8.80
2007.11.05 08:21:29.916,0.99055,0.9909,7.50,8.80
2007.11.05 08:21:30.250,0.99055,0.9909,7.50,8.80
2007.11.05 08:21:30.583,0.99055,0.9909,7.50,8.80
2007.11.05 08:21:30.918,0.99055,0.9909,6.70,8.80
2007.11.05 08:21:31.147,0.99055,0.9909,6.70,8.80
2007.11.05 08:21:31.354,0.99055,0.99085,9.10,8.80
2007.11.05 08:21:31.692,0.99055,0.99085,9.10,8.80
2007.11.05 08:21:31.900,0.99055,0.99085,13.10,8.80
2007.11.05 08:21:32.626,0.99055,0.9909,13.10,8.80
2007.11.05 08:21:34.769,0.99055,0.9909,13.10,8.80
2007.11.05 08:21:35.072,0.99065,0.9909,0.80,8.80
2007.11.05 08:21:35.405,0.99065,0.9909,0.80,8.80
2007.11.05 08:21:35.798,0.99065,0.9909,0.80,8.80
2007.11.05 08:21:36.131,0.99065,0.9909,0.80,8.80
2007.11.05 08:21:36.337,0.99065,0.9909,0.80,8.80
2007.11.05 08:21:36.831,0.99065,0.9909,0.80,8.80
2007.11.05 08:21:37.024,0.9906,0.9909,6.70,8.80
2007.11.05 08:21:37.600,0.99055,0.9909,17.10,8.80
2007.11.05 08:21:37.934,0.99055,0.9909,13.10,8.80
2007.11.05 08:21:38.331,0.99055,0.9909,13.10,8.80
2007.11.05 08:21:38.608,0.99055,0.9909,9.10,8.80
2007.11.05 08:21:38.951,0.99055,0.9909,9.10,8.80
2007.11.05 08:21:39.164,0.99055,0.9909,9.90,8.80
2007.11.05 08:21:39.488,0.99055,0.9909,9.90,8.80
2007.11.05 08:21:40.202,0.99055,0.9909,9.90,8.80
2007.11.05 08:21:40.535,0.99055,0.9909,9.90,8.80
2007.11.05 08:21:41.307,0.99055,0.9909,9.10,8.80
2007.11.05 08:21:42.035,0.99055,0.9909,9.10,8.80
2007.11.05 08:21:42.243,0.99055,0.9909,9.10,8.80
2007.11.05 08:21:42.463,0.99055,0.9909,9.10,8.80
2007.11.05 08:21:42.721,0.99055,0.9909,9.90,8.80
2007.11.05 08:21:42.979,0.99065,0.9909,0.80,8.80
2007.11.05 08:21:43.373,0.99065,0.9909,0.80,8.80
2007.11.05 08:21:43.695,0.99065,0.9909,0.80,8.80
2007.11.05 08:21:43.923,0.99065,0.99095,0.80,9.60
2007.11.05 08:21:44.328,0.99065,0.99095,0.80,9.60
2007.11.05 08:21:44.781,0.99065,0.99095,0.80,9.60
2007.11.05 08:21:45.458,0.99065,0.99095,0.80,9.60
2007.11.05 08:21:45.761,0.99065,0.99095,6.70,9.60
2007.11.05 08:21:46.065,0.99065,0.99095,6.70,9.60
2007.11.05 08:21:46.368,0.99065,0.99095,6.70,12.00
2007.11.05 08:21:47.035,0.99055,0.9909,18.70,8.80
2007.11.05 08:21:47.282,0.9906,0.9909,0.80,8.80
2007.11.05 08:21:47.838,0.99065,0.99095,0.80,8.80
2007.11.05 08:21:48.254,0.99065,0.99095,0.80,8.80
2007.11.05 08:21:48.487,0.99065,0.99095,6.70,8.80
2007.11.05 08:21:49.362,0.99065,0.99095,6.70,8.80
2007.11.05 08:21:49.674,0.99065,0.99095,6.70,8.80
2007.11.05 08:21:49.973,0.99065,0.99095,6.70,8.80
2007.11.05 08:21:50.743,0.99065,0.99095,6.70,8.80
2007.11.05 08:21:51.072,0.9906,0.99095,6.70,8.80
2007.11.05 08:21:51.484,0.9906,0.99095,6.70,8.80
2007.11.05 08:21:52.000,0.9906,0.99095,6.70,8.80
2007.11.05 08:21:52.212,0.99055,0.9909,21.10,8.80
2007.11.05 08:21:52.426,0.9906,0.9909,0.80,8.80
2007.11.05 08:21:52.707,0.9906,0.9909,0.80,8.80
2007.11.05 08:21:53.011,0.99065,0.99095,7.50,8.80
2007.11.05 08:21:53.315,0.99065,0.99095,9.10,8.80
2007.11.05 08:21:53.759,0.99055,0.99095,14.70,8.80
2007.11.05 08:21:54.019,0.99065,0.991,7.50,8.80
2007.11.05 08:21:54.367,0.99065,0.991,7.50,8.80
2007.11.05 08:21:54.631,0.99065,0.99105,9.90,9.60
2007.11.05 08:21:54.901,0.99065,0.99105,9.90,4.00
2007.11.05 08:21:55.628,0.9907,0.99105,2.90,12.80
2007.11.05 08:21:55.939,0.99065,0.99105,13.90,12.80
2007.11.05 08:21:56.272,0.99065,0.99105,20.30,10.40
2007.11.05 08:21:56.896,0.99065,0.99105,20.30,10.40
2007.11.05 08:21:57.080,0.99065,0.99105,20.30,10.40
2007.11.05 08:21:57.602,0.9907,0.99105,2.90,10.40
2007.11.05 08:21:58.113,0.9907,0.99105,2.00,10.40
2007.11.05 08:21:58.938,0.99065,0.99105,16.30,10.40
2007.11.05 08:21:59.166,0.9907,0.99105,3.30,9.60
2007.11.05 08:21:59.436,0.99065,0.99105,18.70,9.60
2007.11.05 08:21:59.672,0.9907,0.99105,8.30,8.80
2007.11.05 08:22:00.164,0.99075,0.99105,3.10,8.80
2007.11.05 08:22:00.487,0.9907,0.9911,8.30,8.80
2007.11.05 08:22:00.811,0.9907,0.9911,8.30,8.80
2007.11.05 08:22:01.733,0.99075,0.9911,3.30,8.80
2007.11.05 08:22:02.067,0.99075,0.9911,9.10,8.80
2007.11.05 08:22:02.324,0.99075,0.9911,7.50,8.80
2007.11.05 08:22:02.550,0.99075,0.9911,7.50,8.80
2007.11.05 08:22:02.762,0.99075,0.9911,3.40,8.80
2007.11.05 08:22:03.246,0.9907,0.9911,9.90,8.80
2007.11.05 08:22:03.579,0.99075,0.9911,2.50,9.60
2007.11.05 08:22:03.913,0.9907,0.9911,9.90,8.80
2007.11.05 08:22:04.536,0.9907,0.9911,9.90,8.80
2007.11.05 08:22:04.793,0.9907,0.99105,9.10,8.80
2007.11.05 08:22:05.392,0.99075,0.99105,3.20,8.80
2007.11.05 08:22:05.725,0.9907,0.99105,8.30,8.80
2007.11.05 08:22:06.058,0.99065,0.99105,17.90,8.80
2007.11.05 08:22:06.477,0.99065,0.99105,17.90,8.80
2007.11.05 08:22:06.762,0.99065,0.99105,21.10,8.80
2007.11.05 08:22:07.112,0.99075,0.99105,2.70,8.80
2007.11.05 08:22:07.386,0.9907,0.9911,7.50,9.60
2007.11.05 08:22:07.658,0.99075,0.99105,2.50,8.80
2007.11.05 08:22:07.942,0.99075,0.99105,0.50,8.80
2007.11.05 08:22:08.254,0.9907,0.99105,7.50,8.80
2007.11.05 08:22:08.523,0.9907,0.9911,7.50,9.60
2007.11.05 08:22:08.794,0.99065,0.9911,21.10,9.60
2007.11.05 08:22:09.095,0.99075,0.9911,1.70,9.60
2007.11.05 08:22:09.769,0.99065,0.9911,21.10,9.60
2007.11.05 08:22:10.444,0.99075,0.9911,3.50,9.60
2007.11.05 08:22:10.830,0.99075,0.99105,1.10,8.80
2007.11.05 08:22:11.164,0.9907,0.99105,10.70,8.80
2007.11.05 08:22:11.448,0.99075,0.9911,3.30,8.80
2007.11.05 08:22:11.663,0.9907,0.9911,10.70,8.80
2007.11.05 08:22:11.960,0.99075,0.9911,4.70,9.60
2007.11.05 08:22:12.483,0.99075,0.9911,3.60,9.60
2007.11.05 08:22:12.969,0.99075,0.9911,2.40,9.60
2007.11.05 08:22:13.611,0.9907,0.9911,10.70,9.60
2007.11.05 08:22:13.909,0.9907,0.9911,10.70,9.60
2007.11.05 08:22:14.118,0.9907,0.9911,16.30,8.80
2007.11.05 08:22:14.397,0.99085,0.99115,4.00,12.80
2007.11.05 08:22:14.675,0.99085,0.99115,4.80,8.80
2007.11.05 08:22:14.954,0.9909,0.9912,0.80,8.80
2007.11.05 08:22:15.233,0.9908,0.99115,8.30,9.60
2007.11.05 08:22:15.565,0.99075,0.99115,15.50,12.00
2007.11.05 08:22:15.904,0.9908,0.99115,0.90,16.00
2007.11.05 08:22:16.237,0.9908,0.9911,0.70,8.80
2007.11.05 08:22:16.470,0.99075,0.9911,17.90,8.80
2007.11.05 08:22:16.702,0.9908,0.99115,0.50,15.20
2007.11.05 08:22:16.926,0.99075,0.9912,16.30,16.00
2007.11.05 08:22:16.935,0.99075,0.99115,13.90,15.20
2007.11.05 08:22:18.318,0.99075,0.9911,9.90,8.80
2007.11.05 08:22:18.779,0.99075,0.9911,9.90,8.80
2007.11.05 08:22:19.311,0.99075,0.99115,14.70,12.80
2007.11.05 08:22:19.728,0.9908,0.99115,1.50,12.80
2007.11.05 08:22:20.062,0.99085,0.9912,15.50,9.60
2007.11.05 08:22:20.395,0.99085,0.9912,15.50,9.60
2007.11.05 08:22:21.179,0.99085,0.9912,17.90,8.80
2007.11.05 08:22:21.728,0.99085,0.9912,17.90,8.80
2007.11.05 08:22:21.922,0.9909,0.9912,1.20,9.60
2007.11.05 08:22:22.197,0.99085,0.9912,17.90,9.60
2007.11.05 08:22:22.530,0.99085,0.99115,3.00,8.80
2007.11.05 08:22:22.862,0.99075,0.99115,13.90,8.80
2007.11.05 08:22:23.196,0.9908,0.9911,6.70,8.80
2007.11.05 08:22:23.530,0.9908,0.9911,6.70,8.80
2007.11.05 08:22:23.841,0.9908,0.9911,6.70,8.80
2007.11.05 08:22:24.771,0.9908,0.9911,6.70,8.80
2007.11.05 08:22:25.076,0.9908,0.9911,6.70,8.80
2007.11.05 08:22:25.354,0.9908,0.9911,6.70,8.80
2007.11.05 08:22:25.720,0.99075,0.9911,9.10,8.80
2007.11.05 08:22:26.150,0.99075,0.9911,6.70,8.80
2007.11.05 08:22:26.458,0.99075,0.9911,6.70,8.80
2007.11.05 08:22:26.783,0.9907,0.99105,8.30,12.80
2007.11.05 08:22:27.158,0.9907,0.99105,8.30,12.80
2007.11.05 08:22:27.396,0.9908,0.99105,0.80,15.20
2007.11.05 08:22:27.689,0.9908,0.99105,0.80,15.20
2007.11.05 08:22:27.983,0.99085,0.99105,0.80,15.20
2007.11.05 08:22:28.276,0.99085,0.99105,0.80,15.20
2007.11.05 08:22:28.569,0.99075,0.99105,6.70,15.20
2007.11.05 08:22:28.817,0.9907,0.99105,8.30,12.80
2007.11.05 08:22:29.217,0.99075,0.99105,9.10,4.00
2007.11.05 08:22:29.745,0.99075,0.99105,9.90,11.20
2007.11.05 08:22:30.035,0.99075,0.99105,2.40,11.20
2007.11.05 08:22:30.323,0.99075,0.9911,9.10,8.80
2007.11.05 08:22:30.731,0.99075,0.9911,9.10,8.80
2007.11.05 08:22:31.063,0.99075,0.99105,6.40,8.80
2007.11.05 08:22:31.397,0.9908,0.99105,0.80,8.80
2007.11.05 08:22:31.744,0.9908,0.99105,1.60,8.80
2007.11.05 08:22:31.972,0.9908,0.99105,0.80,8.80
2007.11.05 08:22:32.202,0.99075,0.99105,13.90,8.80
2007.11.05 08:22:32.431,0.99075,0.99105,13.90,8.80
2007.11.05 08:22:33.488,0.99075,0.99105,9.90,8.80
2007.11.05 08:22:33.509,0.99075,0.99105,7.50,8.80
2007.11.05 08:22:33.541,0.99075,0.99105,7.50,8.80
2007.11.05 08:22:33.756,0.99075,0.99105,7.50,8.80
2007.11.05 08:22:33.783,0.99075,0.99105,9.90,8.80
2007.11.05 08:22:33.987,0.99075,0.99105,9.90,8.80
2007.11.05 08:22:34.028,0.99075,0.9911,9.90,8.80
2007.11.05 08:22:34.092,0.99075,0.9911,9.90,8.80
2007.11.05 08:22:34.181,0.99075,0.9911,9.90,8.80
2007.11.05 08:22:34.290,0.99075,0.9911,9.90,8.80
2007.11.05 08:22:34.315,0.99075,0.9911,9.90,9.60
2007.11.05 08:22:34.436,0.99075,0.9911,9.90,9.60
2007.11.05 08:22:34.654,0.99075,0.9911,9.90,9.60
2007.11.05 08:22:36.339,0.99075,0.99105,9.10,8.80
2007.11.05 08:22:36.699,0.99075,0.99105,9.10,8.80
2007.11.05 08:22:37.613,0.99075,0.99105,9.10,8.80
2007.11.05 08:22:38.352,0.99075,0.99105,9.10,8.80
2007.11.05 08:22:38.693,0.9907,0.991,6.70,8.80
2007.11.05 08:22:39.219,0.9907,0.99105,6.70,11.20
2007.11.05 08:22:39.626,0.9907,0.99105,6.70,11.20
2007.11.05 08:22:41.666,0.9907,0.99105,6.70,11.20
2007.11.05 08:22:41.999,0.9907,0.99105,7.50,15.20
2007.11.05 08:22:42.280,0.99075,0.99105,6.70,15.20
2007.11.05 08:22:42.463,0.99075,0.99105,6.70,6.40
2007.11.05 08:22:42.695,0.99075,0.99105,6.70,6.40
2007.11.05 08:22:42.878,0.99075,0.99105,9.10,12.80
2007.11.05 08:22:43.211,0.99075,0.99105,6.70,4.00
2007.11.05 08:22:43.544,0.99075,0.99105,6.70,4.00
2007.11.05 08:22:43.877,0.9907,0.99105,8.30,8.80
2007.11.05 08:22:44.769,0.9907,0.99105,8.30,8.80
2007.11.05 08:22:45.045,0.9907,0.99105,9.10,8.80
2007.11.05 08:22:45.378,0.9907,0.991,9.10,0.80
2007.11.05 08:22:45.711,0.99075,0.991,6.70,0.80
2007.11.05 08:22:46.044,0.99075,0.991,6.70,0.80
2007.11.05 08:22:46.262,0.9907,0.99105,6.70,11.20
2007.11.05 08:22:46.481,0.9907,0.99105,6.70,11.20
2007.11.05 08:22:46.699,0.99065,0.991,14.70,8.80
2007.11.05 08:22:46.917,0.99065,0.991,10.70,8.80
2007.11.05 08:22:47.291,0.99065,0.99105,1.60,8.80
2007.11.05 08:22:47.830,0.99065,0.991,8.30,8.80
2007.11.05 08:22:48.119,0.99065,0.991,8.30,8.80
2007.11.05 08:22:48.418,0.99065,0.991,7.50,8.80
2007.11.05 08:22:49.142,0.99065,0.991,7.50,8.80
2007.11.05 08:22:49.886,0.99065,0.991,7.50,8.80
2007.11.05 08:22:50.125,0.99065,0.991,7.50,8.80
2007.11.05 08:22:50.458,0.99065,0.99095,9.90,8.80
2007.11.05 08:22:50.790,0.99065,0.99095,7.20,8.80
2007.11.05 08:22:51.124,0.99065,0.99095,6.40,9.60
2007.11.05 08:22:51.527,0.99065,0.99095,4.00,8.80
2007.11.05 08:22:51.783,0.99065,0.99095,4.00,8.80
2007.11.05 08:22:52.011,0.99065,0.99095,2.40,8.80
2007.11.05 08:22:52.238,0.9907,0.99105,6.70,13.60
2007.11.05 08:22:52.555,0.9907,0.99105,6.70,16.00
2007.11.05 08:22:52.986,0.99065,0.991,11.50,8.80
2007.11.05 08:22:53.304,0.99065,0.991,16.30,8.80
2007.11.05 08:22:53.655,0.99065,0.991,16.30,8.80
2007.11.05 08:22:53.878,0.9907,0.99105,6.70,9.60
2007.11.05 08:22:54.173,0.99075,0.99105,6.70,9.60
2007.11.05 08:22:54.532,0.99075,0.99105,6.70,9.60
2007.11.05 08:22:54.831,0.99075,0.99105,6.70,0.80
2007.11.05 08:22:55.555,0.99075,0.99105,6.70,0.80
2007.11.05 08:22:55.889,0.99075,0.99105,6.70,3.20
2007.11.05 08:22:56.224,0.99065,0.991,13.90,8.80
2007.11.05 08:22:56.731,0.99065,0.991,13.90,8.80
2007.11.05 08:22:58.718,0.99065,0.991,13.90,8.80
2007.11.05 08:22:58.913,0.99065,0.991,7.50,8.80
2007.11.05 08:22:59.106,0.99065,0.991,8.30,8.80
2007.11.05 08:22:59.299,0.99065,0.991,8.30,8.80
2007.11.05 08:22:59.492,0.99075,0.991,0.80,8.80
2007.11.05 08:22:59.715,0.99075,0.991,0.80,8.80
2007.11.05 08:23:00.048,0.99065,0.991,7.50,8.80
2007.11.05 08:23:00.381,0.99065,0.9909,0.80,8.80
2007.11.05 08:23:00.715,0.99065,0.9909,0.80,8.80
2007.11.05 08:23:01.074,0.99065,0.9909,0.80,8.80
2007.11.05 08:23:01.406,0.99065,0.9909,0.80,8.80
2007.11.05 08:23:01.766,0.99065,0.9909,0.80,8.80
2007.11.05 08:23:01.960,0.99065,0.991,7.50,9.60
2007.11.05 08:23:02.196,0.99065,0.9909,0.80,8.80
2007.11.05 08:23:02.390,0.99065,0.9909,0.80,8.80
2007.11.05 08:23:02.634,0.99065,0.9909,0.80,8.80
2007.11.05 08:23:03.459,0.99065,0.9909,0.80,8.80
2007.11.05 08:23:03.731,0.99065,0.99095,0.80,8.80
2007.11.05 08:23:03.980,0.9906,0.99095,6.70,12.80
2007.11.05 08:23:04.231,0.9906,0.9909,6.70,8.80
2007.11.05 08:23:04.480,0.9906,0.99095,6.70,12.80
2007.11.05 08:23:04.728,0.9906,0.99095,7.50,8.80
2007.11.05 08:23:05.804,0.99065,0.99095,7.50,2.40
2007.11.05 08:23:06.139,0.99075,0.991,0.80,8.80
2007.11.05 08:23:06.472,0.99075,0.991,0.80,8.80
2007.11.05 08:23:06.805,0.99065,0.99095,8.30,8.80
2007.11.05 08:23:07.078,0.99065,0.99095,8.30,8.80
2007.11.05 08:23:07.306,0.99075,0.991,0.80,9.60
2007.11.05 08:23:07.605,0.9906,0.99095,6.70,8.80
2007.11.05 08:23:07.835,0.9906,0.99095,6.70,12.00
2007.11.05 08:23:08.124,0.9906,0.99095,6.70,12.00
2007.11.05 08:23:08.435,0.99065,0.99095,0.80,25.70
2007.11.05 08:23:08.832,0.99065,0.99095,4.80,25.70
2007.11.05 08:23:09.076,0.99065,0.9909,0.80,8.80
2007.11.05 08:23:09.320,0.99065,0.9909,0.80,8.80
2007.11.05 08:23:09.563,0.99065,0.9909,0.80,8.80
2007.11.05 08:23:09.807,0.99055,0.9909,9.90,8.80
2007.11.05 08:23:10.370,0.99055,0.9909,9.90,8.80
2007.11.05 08:23:11.037,0.99055,0.9909,9.90,8.80
2007.11.05 08:23:11.552,0.99055,0.9909,9.90,8.80
2007.11.05 08:23:12.553,0.99045,0.9909,24.30,8.80
2007.11.05 08:23:13.169,0.99045,0.9909,23.50,8.80
2007.11.05 08:23:13.604,0.99055,0.9909,1.10,8.80
2007.11.05 08:23:14.237,0.99045,0.9909,23.50,8.80
2007.11.05 08:23:14.561,0.99055,0.9909,4.00,8.80
2007.11.05 08:23:17.158,0.99045,0.9909,23.50,8.80
2007.11.05 08:23:18.226,0.9905,0.9909,10.70,8.80
2007.11.05 08:23:19.054,0.99055,0.9909,10.70,8.80
2007.11.05 08:23:19.288,0.9906,0.9909,0.80,8.80
2007.11.05 08:23:19.729,0.9906,0.9909,1.60,8.80
2007.11.05 08:23:19.962,0.99055,0.9909,7.50,8.80
2007.11.05 08:23:20.605,0.9905,0.99085,8.30,4.00
2007.11.05 08:23:22.458,0.9905,0.9909,8.30,8.80
2007.11.05 08:23:22.752,0.99055,0.9909,3.40,8.80
2007.11.05 08:23:24.264,0.99055,0.9909,0.50,8.80
2007.11.05 08:23:24.484,0.9905,0.9909,10.70,8.80
2007.11.05 08:23:24.777,0.9905,0.9909,10.70,8.80
2007.11.05 08:23:25.309,0.9905,0.9909,10.70,8.80
2007.11.05 08:23:25.643,0.99045,0.99085,21.10,8.80
2007.11.05 08:23:26.014,0.99045,0.99085,21.10,8.80
2007.11.05 08:23:26.348,0.99045,0.99085,21.10,8.80
2007.11.05 08:23:27.206,0.99045,0.99085,18.70,8.80
2007.11.05 08:23:27.604,0.9905,0.99085,1.40,8.80
2007.11.05 08:23:28.143,0.99045,0.9909,19.50,8.80
2007.11.05 08:23:28.432,0.99045,0.99085,21.90,8.80
2007.11.05 08:23:28.742,0.99045,0.99085,21.90,8.80
2007.11.05 08:23:29.017,0.99045,0.99085,21.90,8.80
2007.11.05 08:23:29.636,0.99045,0.99085,21.90,8.80
2007.11.05 08:23:29.991,0.99045,0.99085,21.90,8.80
2007.11.05 08:23:30.682,0.99045,0.99085,19.50,8.80
2007.11.05 08:23:31.015,0.9906,0.99085,0.80,8.80
2007.11.05 08:23:31.349,0.99055,0.99085,5.60,8.80
2007.11.05 08:23:31.531,0.99055,0.99085,2.40,8.80
2007.11.05 08:23:32.143,0.9905,0.9909,15.50,8.80
2007.11.05 08:23:32.563,0.9905,0.9909,15.50,8.80
2007.11.05 08:23:33.187,0.9905,0.9909,15.50,8.80
2007.11.05 08:23:33.480,0.9905,0.9909,17.10,8.80
2007.11.05 08:23:33.718,0.99055,0.9909,2.00,8.80
2007.11.05 08:23:33.956,0.9905,0.9909,13.10,8.80
2007.11.05 08:23:34.352,0.99055,0.9909,3.70,8.80
2007.11.05 08:23:34.604,0.99065,0.9909,1.60,8.80
2007.11.05 08:23:34.857,0.99065,0.9909,4.00,8.80
2007.11.05 08:23:35.110,0.9907,0.9909,0.80,8.80
2007.11.05 08:23:35.364,0.99065,0.9909,1.50,8.80
2007.11.05 08:23:35.697,0.99065,0.99095,9.90,12.80
2007.11.05 08:23:36.030,0.9906,0.991,18.70,8.80
2007.11.05 08:23:36.363,0.99065,0.991,6.20,8.80
2007.11.05 08:23:36.685,0.9906,0.991,19.50,8.80
2007.11.05 08:23:36.908,0.9906,0.991,17.90,8.80
2007.11.05 08:23:37.132,0.99075,0.9911,1.00,8.80
2007.11.05 08:23:37.355,0.99075,0.9911,2.40,8.80
2007.11.05 08:23:37.653,0.99075,0.9911,2.90,8.80
2007.11.05 08:23:38.284,0.99075,0.9911,2.30,8.80
2007.11.05 08:23:38.557,0.9907,0.9911,8.30,8.80
2007.11.05 08:23:39.107,0.99065,0.99105,19.50,8.80
2007.11.05 08:23:39.340,0.9907,0.99105,1.30,8.80
2007.11.05 08:23:39.573,0.99065,0.99105,23.50,8.80
2007.11.05 08:23:39.812,0.9907,0.99105,10.70,8.80
2007.11.05 08:23:40.050,0.99075,0.99105,0.60,8.80
2007.11.05 08:23:40.288,0.9907,0.99105,9.10,8.80
2007.11.05 08:23:40.526,0.9907,0.99105,13.10,8.80
2007.11.05 08:23:40.884,0.9908,0.99115,6.70,13.60
2007.11.05 08:23:41.815,0.9908,0.99115,6.70,13.60
2007.11.05 08:23:42.028,0.9908,0.99115,6.70,12.80
2007.11.05 08:23:42.639,0.9908,0.9911,6.70,8.80
2007.11.05 08:23:43.458,0.9908,0.99115,6.70,8.80
2007.11.05 08:23:43.766,0.9908,0.9911,6.70,8.80
2007.11.05 08:23:44.284,0.9908,0.9911,6.70,8.80
2007.11.05 08:23:44.777,0.9908,0.9911,6.70,8.80
2007.11.05 08:23:45.004,0.9908,0.99115,6.70,8.80
2007.11.05 08:23:45.234,0.9908,0.99115,6.70,8.80
2007.11.05 08:23:45.522,0.9908,0.99115,6.70,8.80
2007.11.05 08:23:45.751,0.9908,0.9911,6.70,8.80
2007.11.05 08:23:46.264,0.9908,0.9911,6.70,8.80
2007.11.05 08:23:46.597,0.99085,0.99115,2.40,8.80
2007.11.05 08:23:46.930,0.99085,0.9912,9.10,8.80
2007.11.05 08:23:47.135,0.99085,0.9912,9.10,8.80
2007.11.05 08:23:47.328,0.99085,0.99115,2.40,8.80
2007.11.05 08:23:47.650,0.99085,0.99115,2.40,8.80
2007.11.05 08:23:47.983,0.99085,0.9912,9.10,8.80
2007.11.05 08:23:48.834,0.99085,0.9912,9.10,8.80
2007.11.05 08:23:49.142,0.99085,0.9912,9.10,8.80
2007.11.05 08:23:49.662,0.99085,0.9912,9.10,0.90
2007.11.05 08:23:49.794,0.99085,0.9912,9.10,0.70
2007.11.05 08:23:50.691,0.99085,0.9912,9.10,8.80
2007.11.05 08:23:51.024,0.99085,0.9912,7.50,8.80
2007.11.05 08:23:51.358,0.99095,0.9912,2.40,8.80
2007.11.05 08:23:51.691,0.9909,0.99125,6.70,8.80
2007.11.05 08:23:51.943,0.9909,0.99125,6.70,8.80
2007.11.05 08:23:52.361,0.9909,0.99125,6.70,8.80
2007.11.05 08:23:53.175,0.9909,0.99125,6.70,8.80
2007.11.05 08:23:53.437,0.9909,0.99125,6.70,8.80
2007.11.05 08:23:53.690,0.99095,0.99125,2.40,8.80
2007.11.05 08:23:53.943,0.99095,0.99125,2.40,8.80
2007.11.05 08:23:54.196,0.99095,0.99125,9.10,8.80
2007.11.05 08:23:54.451,0.99095,0.99125,9.10,8.80
2007.11.05 08:23:54.704,0.99095,0.99125,2.40,8.80
2007.11.05 08:23:55.061,0.99095,0.99125,2.40,8.80
2007.11.05 08:23:55.347,0.99095,0.99125,2.40,8.80
2007.11.05 08:23:55.636,0.99095,0.99125,2.40,8.80
2007.11.05 08:23:56.181,0.99095,0.99125,2.40,8.80
2007.11.05 08:23:57.527,0.99095,0.99125,2.40,8.80
2007.11.05 08:23:57.745,0.9909,0.9912,0.80,8.80
2007.11.05 08:23:58.042,0.99085,0.9912,7.50,8.80
2007.11.05 08:23:58.885,0.99085,0.9912,7.50,8.80
2007.11.05 08:23:59.191,0.99085,0.9912,7.50,8.80
2007.11.05 08:23:59.752,0.99095,0.9912,2.40,8.80
2007.11.05 08:24:00.012,0.99095,0.99125,2.40,8.80
2007.11.05 08:24:00.234,0.99095,0.99125,2.40,8.80
2007.11.05 08:24:00.545,0.99095,0.99125,2.40,8.80
2007.11.05 08:24:00.769,0.99095,0.99125,2.40,8.80
2007.11.05 08:24:01.160,0.99095,0.99125,2.40,8.80
2007.11.05 08:24:02.199,0.99095,0.99125,2.40,8.80
2007.11.05 08:24:02.373,0.99095,0.99125,2.40,8.80
2007.11.05 08:24:02.614,0.99095,0.99125,2.40,12.80
2007.11.05 08:24:02.792,0.99095,0.99125,2.40,12.80
2007.11.05 08:24:03.008,0.99095,0.99125,2.40,12.80
2007.11.05 08:24:03.326,0.9909,0.99125,6.70,12.80
2007.11.05 08:24:03.643,0.9909,0.99125,6.70,12.80
2007.11.05 08:24:03.961,0.99095,0.9912,2.40,8.80
2007.11.05 08:24:04.280,0.9909,0.99125,7.50,12.80
2007.11.05 08:24:04.603,0.99095,0.99125,6.70,4.00
2007.11.05 08:24:04.825,0.991,0.99125,6.70,6.40
2007.11.05 08:24:05.149,0.991,0.99125,6.70,6.40
2007.11.05 08:24:05.482,0.991,0.99125,6.70,4.00
2007.11.05 08:24:05.985,0.991,0.99125,6.70,4.00
2007.11.05 08:24:06.318,0.99095,0.99125,6.70,4.00
2007.11.05 08:24:06.527,0.99095,0.99125,6.70,4.00
2007.11.05 08:24:06.776,0.99095,0.99125,6.70,4.00
2007.11.05 08:24:07.004,0.99095,0.99125,6.70,4.00
2007.11.05 08:24:07.211,0.99095,0.99125,6.70,4.80
2007.11.05 08:24:07.515,0.99095,0.99125,6.70,4.80
2007.11.05 08:24:07.818,0.9909,0.99125,6.70,16.00
2007.11.05 08:24:08.199,0.9909,0.99125,6.70,16.00
2007.11.05 08:24:08.412,0.9909,0.99125,6.70,16.00
2007.11.05 08:24:08.648,0.9909,0.99125,6.70,16.00
2007.11.05 08:24:09.024,0.9909,0.99125,6.70,16.00
2007.11.05 08:24:09.237,0.9909,0.99125,6.70,16.80
2007.11.05 08:24:09.782,0.9909,0.99125,6.70,16.80
2007.11.05 08:24:12.440,0.9909,0.99125,6.70,16.80
2007.11.05 08:24:12.768,0.9909,0.99125,6.70,13.60
2007.11.05 08:24:13.385,0.9909,0.99125,6.70,13.60
2007.11.05 08:24:13.710,0.9909,0.99125,6.70,13.60
2007.11.05 08:24:13.879,0.9909,0.9912,6.70,0.80
2007.11.05 08:24:14.636,0.9909,0.99115,6.70,4.00
2007.11.05 08:24:15.132,0.9909,0.99115,6.70,4.00
2007.11.05 08:24:15.451,0.9909,0.99115,6.70,4.00
2007.11.05 08:24:19.916,0.9909,0.99115,6.70,4.00
2007.11.05 08:24:20.414,0.9909,0.99115,6.70,4.00
2007.11.05 08:24:23.808,0.9909,0.99115,6.70,4.00
2007.11.05 08:24:24.123,0.9909,0.99115,6.70,4.00
2007.11.05 08:24:24.352,0.9909,0.99115,6.70,4.00
2007.11.05 08:24:24.778,0.9909,0.99115,6.70,4.00
2007.11.05 08:24:25.351,0.9909,0.99115,6.70,4.00
2007.11.05 08:24:26.421,0.9909,0.99115,6.70,4.00
2007.11.05 08:24:26.646,0.9909,0.99115,6.70,4.00
2007.11.05 08:24:26.953,0.9909,0.99115,6.70,4.00
2007.11.05 08:24:27.187,0.9909,0.99115,6.70,4.00
2007.11.05 08:24:27.680,0.9909,0.99115,6.70,4.00
2007.11.05 08:24:28.098,0.9909,0.99115,3.10,4.00
2007.11.05 08:24:28.104,0.99085,0.99125,9.10,19.20
2007.11.05 08:24:28.650,0.9909,0.99125,0.60,19.20
2007.11.05 08:24:28.838,0.99085,0.99125,11.50,16.80
2007.11.05 08:24:29.159,0.99085,0.99125,11.50,16.80
2007.11.05 08:24:29.636,0.9909,0.99125,3.40,16.80
2007.11.05 08:24:30.371,0.9909,0.99125,2.20,16.80
2007.11.05 08:24:31.509,0.9909,0.99125,2.20,16.80
2007.11.05 08:24:32.162,0.9909,0.99125,2.70,18.40
2007.11.05 08:24:32.485,0.99085,0.99125,9.10,16.00
2007.11.05 08:24:32.807,0.9908,0.9912,10.70,8.80
2007.11.05 08:24:33.481,0.99085,0.9912,4.30,8.80
2007.11.05 08:24:33.695,0.9908,0.9912,10.70,8.80
2007.11.05 08:24:33.902,0.99085,0.99125,9.10,16.00
2007.11.05 08:24:34.238,0.9908,0.9912,8.30,8.80
2007.11.05 08:24:34.561,0.9908,0.9912,8.30,8.80
2007.11.05 08:24:34.884,0.99075,0.99115,18.70,8.80
2007.11.05 08:24:35.263,0.99075,0.99115,18.70,8.80
2007.11.05 08:24:35.608,0.99085,0.9912,1.10,8.80
2007.11.05 08:24:36.229,0.99085,0.9912,2.00,8.80
2007.11.05 08:24:36.563,0.9908,0.9912,10.70,8.80
2007.11.05 08:24:36.967,0.99085,0.9912,4.60,8.80
2007.11.05 08:24:37.240,0.99085,0.9912,2.10,8.80
2007.11.05 08:24:37.753,0.9908,0.9912,8.30,8.80
2007.11.05 08:24:38.061,0.99085,0.9912,1.60,8.80
2007.11.05 08:24:39.645,0.9908,0.9912,8.30,8.80
2007.11.05 08:24:39.878,0.9908,0.9912,8.30,8.80
2007.11.05 08:24:40.111,0.99085,0.9912,1.20,8.80
2007.11.05 08:24:42.222,0.9908,0.9912,8.30,8.80
2007.11.05 08:24:42.420,0.9908,0.9912,8.30,8.80
2007.11.05 08:24:42.874,0.9908,0.9912,8.30,8.80
2007.11.05 08:24:43.170,0.9908,0.9912,8.30,8.80
2007.11.05 08:24:43.454,0.9908,0.99115,4.50,8.80
2007.11.05 08:24:44.780,0.9908,0.99115,2.20,8.80
2007.11.05 08:24:45.383,0.9908,0.99115,3.10,8.80
2007.11.05 08:24:46.146,0.99075,0.99115,17.90,8.80
2007.11.05 08:24:46.510,0.99075,0.99115,16.30,8.80
2007.11.05 08:24:46.843,0.99075,0.99115,16.30,8.80
2007.11.05 08:24:47.302,0.9908,0.99115,1.00,8.80
2007.11.05 08:24:47.470,0.9908,0.99115,9.10,8.80
2007.11.05 08:24:47.768,0.9908,0.99115,9.10,8.80
2007.11.05 08:24:48.186,0.9908,0.99115,9.10,8.80
2007.11.05 08:24:48.713,0.9908,0.99115,9.10,8.80
2007.11.05 08:24:48.936,0.99085,0.9912,0.80,8.80
2007.11.05 08:24:49.342,0.99075,0.9912,17.10,8.80
2007.11.05 08:24:49.797,0.99085,0.9912,0.50,8.80
2007.11.05 08:24:50.304,0.99095,0.99125,3.00,15.20
2007.11.05 08:24:52.181,0.99085,0.99125,9.90,15.20
2007.11.05 08:24:52.355,0.99085,0.99115,9.90,2.40
2007.11.05 08:24:52.710,0.9909,0.99115,0.70,6.40
2007.11.05 08:24:53.484,0.99085,0.99115,9.90,6.40
2007.11.05 08:24:53.792,0.99075,0.99115,11.50,6.40
2007.11.05 08:24:54.020,0.99085,0.99115,2.30,6.40
2007.11.05 08:24:54.323,0.99075,0.99115,14.70,6.40
2007.11.05 08:24:54.634,0.99075,0.99115,14.70,6.40
2007.11.05 08:24:55.368,0.99075,0.99115,14.70,6.40
2007.11.05 08:24:57.806,0.99085,0.99115,2.40,15.20
2007.11.05 08:24:58.090,0.99085,0.99115,2.40,15.20
2007.11.05 08:24:58.923,0.99085,0.99115,2.40,15.20
2007.11.05 08:24:59.132,0.9908,0.99115,9.10,17.60
2007.11.05 08:24:59.749,0.9908,0.99115,8.30,17.60
2007.11.05 08:24:59.956,0.9908,0.99115,9.90,17.60
2007.11.05 08:25:00.165,0.9908,0.99115,9.10,17.60
2007.11.05 08:25:00.498,0.9908,0.99115,9.90,17.60
2007.11.05 08:25:00.832,0.9908,0.99115,9.90,15.20
2007.11.05 08:25:03.526,0.9908,0.99115,9.90,15.20
2007.11.05 08:25:03.768,0.99085,0.99115,2.40,12.80
2007.11.05 08:25:04.049,0.99085,0.99115,2.40,12.80
2007.11.05 08:25:04.356,0.99085,0.99115,2.40,12.80
2007.11.05 08:25:04.605,0.99085,0.99115,9.10,4.00
2007.11.05 08:25:05.702,0.99085,0.99115,9.10,4.00
2007.11.05 08:25:06.420,0.99085,0.99115,9.10,4.00
2007.11.05 08:25:06.592,0.99085,0.99115,9.10,4.00
2007.11.05 08:25:07.142,0.99085,0.99115,9.10,4.00
2007.11.05 08:25:07.316,0.99085,0.99115,6.70,4.00
2007.11.05 08:25:07.615,0.9908,0.99115,6.70,12.80
2007.11.05 08:25:07.914,0.9908,0.99115,7.50,12.80
2007.11.05 08:25:08.211,0.99085,0.99115,6.70,12.80
2007.11.05 08:25:08.592,0.99085,0.99115,6.70,12.80
2007.11.05 08:25:08.836,0.99085,0.99115,6.70,4.00
2007.11.05 08:25:09.130,0.99085,0.99115,6.70,4.00
2007.11.05 08:25:09.372,0.99085,0.99115,6.70,4.00
2007.11.05 08:25:09.631,0.99085,0.99115,6.70,12.80
2007.11.05 08:25:10.075,0.99085,0.99115,6.70,12.80
2007.11.05 08:25:10.334,0.99085,0.99115,6.70,12.80
2007.11.05 08:25:10.799,0.99085,0.99115,6.70,12.80
2007.11.05 08:25:11.207,0.99085,0.99115,6.70,12.80
2007.11.05 08:25:12.403,0.9908,0.9911,6.70,8.80
2007.11.05 08:25:13.475,0.9908,0.9911,6.70,8.80
2007.11.05 08:25:13.896,0.9908,0.9911,6.70,8.80
2007.11.05 08:25:14.101,0.9908,0.99115,6.70,12.80
2007.11.05 08:25:14.305,0.9908,0.99115,6.70,12.80
2007.11.05 08:25:14.509,0.9908,0.99115,6.70,12.80
2007.11.05 08:25:14.787,0.99085,0.99115,2.40,12.80
2007.11.05 08:25:15.198,0.99085,0.99115,6.70,4.00
2007.11.05 08:25:15.471,0.99085,0.99115,6.70,4.00
2007.11.05 08:25:15.744,0.99085,0.99115,7.50,4.00
2007.11.05 08:25:16.076,0.9909,0.99115,6.70,4.00
2007.11.05 08:25:16.409,0.99085,0.99115,6.70,4.00
2007.11.05 08:25:16.744,0.99085,0.99115,6.70,4.00
2007.11.05 08:25:16.951,0.99085,0.99115,6.70,4.00
2007.11.05 08:25:17.234,0.99095,0.99115,0.80,4.00
2007.11.05 08:25:17.442,0.991,0.99115,1.60,4.00
2007.11.05 08:25:17.656,0.991,0.99115,1.60,4.00
2007.11.05 08:25:17.947,0.991,0.99115,1.60,4.00
2007.11.05 08:25:18.216,0.991,0.99115,1.60,4.00
2007.11.05 08:25:18.484,0.991,0.99115,0.80,4.00
2007.11.05 08:25:18.751,0.99085,0.99115,7.50,4.00
2007.11.05 08:25:19.030,0.9909,0.99115,0.80,4.00
2007.11.05 08:25:19.803,0.9909,0.99115,0.80,4.00
2007.11.05 08:25:22.579,0.9909,0.99115,0.80,4.00
2007.11.05 08:25:22.810,0.9909,0.99115,1.60,12.80
2007.11.05 08:25:23.144,0.9909,0.99115,1.60,12.80
2007.11.05 08:25:23.478,0.9908,0.99115,6.70,12.80
2007.11.05 08:25:23.818,0.99085,0.9911,2.40,8.80
2007.11.05 08:25:24.036,0.99085,0.9911,2.40,8.80
2007.11.05 08:25:24.449,0.99085,0.9911,2.40,8.80
2007.11.05 08:25:24.771,0.99085,0.9911,2.40,8.80
2007.11.05 08:25:25.392,0.99085,0.9911,2.40,8.80
2007.11.05 08:25:25.714,0.99085,0.99115,2.40,12.80
2007.11.05 08:25:26.038,0.99085,0.99115,9.10,12.80
2007.11.05 08:25:26.534,0.99085,0.99115,9.10,12.80
2007.11.05 08:25:27.033,0.99085,0.99115,9.10,12.80
2007.11.05 08:25:28.486,0.99085,0.99115,9.10,12.80
2007.11.05 08:25:29.011,0.99085,0.99115,9.10,12.80
2007.11.05 08:25:29.523,0.99085,0.99115,9.10,12.80
2007.11.05 08:25:29.776,0.99085,0.99115,9.10,12.80
2007.11.05 08:25:30.199,0.99085,0.99115,2.40,12.80
2007.11.05 08:25:30.548,0.99085,0.99115,3.20,8.80
2007.11.05 08:25:32.315,0.9909,0.99125,6.70,20.00
2007.11.05 08:25:32.759,0.9909,0.99125,6.70,20.00
2007.11.05 08:25:33.038,0.9909,0.99125,6.70,29.70
2007.11.05 08:25:33.256,0.9909,0.99125,3.60,29.70
2007.11.05 08:25:33.445,0.9909,0.99125,6.70,29.70
2007.11.05 08:25:33.956,0.99085,0.9912,13.10,8.80
2007.11.05 08:25:34.782,0.99085,0.9912,13.10,8.80
2007.11.05 08:25:35.503,0.99085,0.9912,13.10,8.80
2007.11.05 08:25:35.837,0.99085,0.9912,10.70,8.80
2007.11.05 08:25:36.170,0.99085,0.9911,4.00,8.80
2007.11.05 08:25:36.504,0.99085,0.99115,4.00,8.80
2007.11.05 08:25:37.886,0.9908,0.9911,6.70,8.80
2007.11.05 08:25:38.333,0.9908,0.9911,6.70,8.80
2007.11.05 08:25:38.542,0.9908,0.99115,6.70,12.80
2007.11.05 08:25:39.778,0.9908,0.99115,6.70,12.80
2007.11.05 08:25:40.677,0.9908,0.99115,6.70,8.80
2007.11.05 08:25:41.312,0.9908,0.99115,6.70,8.80
2007.11.05 08:25:41.938,0.9908,0.99115,6.70,8.80
2007.11.05 08:25:44.227,0.9908,0.99115,6.70,8.80
2007.11.05 08:25:44.523,0.9908,0.99115,6.70,8.80
2007.11.05 08:25:44.788,0.9908,0.99115,6.70,8.80
2007.11.05 08:25:45.157,0.99085,0.9912,6.70,8.80
2007.11.05 08:25:45.470,0.99085,0.9912,9.10,8.80
2007.11.05 08:25:46.411,0.99085,0.9912,9.10,8.80
2007.11.05 08:25:46.743,0.9909,0.99125,6.70,16.00
2007.11.05 08:25:47.232,0.9909,0.99125,6.70,16.00
2007.11.05 08:25:47.612,0.9909,0.99125,6.70,16.00
2007.11.05 08:25:47.911,0.9909,0.99125,6.70,16.00
2007.11.05 08:25:48.369,0.9909,0.99125,6.70,16.00
2007.11.05 08:25:49.773,0.9909,0.99125,6.70,16.00
2007.11.05 08:25:49.955,0.99095,0.99125,0.80,16.00
2007.11.05 08:25:50.289,0.991,0.99125,1.60,16.00
2007.11.05 08:25:52.068,0.991,0.99125,1.60,16.00
2007.11.05 08:25:52.366,0.991,0.99125,1.60,12.80
2007.11.05 08:25:52.664,0.991,0.99125,1.60,8.80
2007.11.05 08:25:54.774,0.991,0.99125,1.60,8.80
2007.11.05 08:25:55.283,0.991,0.99125,1.60,8.80
2007.11.05 08:25:55.616,0.991,0.99125,1.60,11.20
2007.11.05 08:25:56.112,0.991,0.99125,1.60,11.20
2007.11.05 08:25:57.336,0.991,0.99125,0.80,11.20
2007.11.05 08:25:57.624,0.9909,0.99125,8.30,15.20
2007.11.05 08:25:57.913,0.9909,0.99125,7.50,29.70
2007.11.05 08:25:58.205,0.99085,0.9912,10.70,8.80
2007.11.05 08:25:58.493,0.99085,0.9912,10.70,8.80
2007.11.05 08:25:58.736,0.99085,0.9912,6.70,8.80
2007.11.05 08:25:59.177,0.99085,0.9912,6.70,8.80
2007.11.05 08:25:59.420,0.99085,0.9912,6.70,8.80
2007.11.05 08:25:59.744,0.99085,0.9912,6.70,8.80
2007.11.05 08:26:00.202,0.99085,0.9912,6.70,8.80
2007.11.05 08:26:00.573,0.99085,0.9912,6.70,8.80
2007.11.05 08:26:01.741,0.99085,0.9912,6.70,8.80
2007.11.05 08:26:03.578,0.99085,0.9912,6.70,8.80
2007.11.05 08:26:03.752,0.99085,0.9912,6.70,8.80
2007.11.05 08:26:04.779,0.99085,0.9912,6.70,8.80
2007.11.05 08:26:06.738,0.99085,0.9912,6.70,8.80
2007.11.05 08:26:08.704,0.99085,0.9912,6.70,8.80
2007.11.05 08:26:08.855,0.9909,0.99125,6.70,16.00
2007.11.05 08:26:09.008,0.9909,0.99125,6.70,16.00
2007.11.05 08:26:09.210,0.9909,0.99125,6.70,16.00
2007.11.05 08:26:09.780,0.9909,0.99125,6.70,16.00
2007.11.05 08:26:10.128,0.9909,0.99125,6.70,16.00
2007.11.05 08:26:10.471,0.9909,0.99125,6.70,17.60
2007.11.05 08:26:10.773,0.9909,0.99125,6.70,14.40
2007.11.05 08:26:11.071,0.9909,0.99125,6.70,15.20
2007.11.05 08:26:11.371,0.9909,0.99125,6.70,14.40
2007.11.05 08:26:11.686,0.9909,0.99125,6.70,14.40
2007.11.05 08:26:12.072,0.9909,0.99125,6.70,14.40
2007.11.05 08:26:12.459,0.9909,0.99125,6.70,14.40
2007.11.05 08:26:12.696,0.9909,0.99125,6.70,14.40
2007.11.05 08:26:12.962,0.9909,0.99125,6.70,14.40
2007.11.05 08:26:13.261,0.9909,0.99125,6.70,14.40
2007.11.05 08:26:13.615,0.9909,0.99125,7.50,14.40
2007.11.05 08:26:13.937,0.9909,0.99125,6.70,14.40
2007.11.05 08:26:14.260,0.9909,0.99125,6.70,14.40
2007.11.05 08:26:14.772,0.9909,0.99125,6.70,14.40
2007.11.05 08:26:15.316,0.9909,0.99125,6.70,14.40
2007.11.05 08:26:15.815,0.9909,0.99125,6.70,14.40
2007.11.05 08:26:16.124,0.9909,0.99125,6.70,30.50
2007.11.05 08:26:16.431,0.99085,0.9912,13.10,8.80
2007.11.05 08:26:16.740,0.99085,0.99115,10.70,8.80
2007.11.05 08:26:17.410,0.99085,0.99115,10.70,8.80
2007.11.05 08:26:17.714,0.99085,0.99115,10.70,8.80
2007.11.05 08:26:17.934,0.99085,0.9911,4.00,8.80
2007.11.05 08:26:18.232,0.99085,0.9911,4.00,8.80
2007.11.05 08:26:18.598,0.99085,0.9911,4.00,8.80
2007.11.05 08:26:18.802,0.9908,0.9911,7.50,8.80
2007.11.05 08:26:19.261,0.9908,0.9911,7.50,8.80
2007.11.05 08:26:19.574,0.99085,0.99115,6.70,12.80
2007.11.05 08:26:20.383,0.99085,0.99115,6.70,12.80
2007.11.05 08:26:20.717,0.99085,0.99115,6.70,4.00
2007.11.05 08:26:21.051,0.99085,0.99115,9.10,4.00
2007.11.05 08:26:21.240,0.99085,0.99115,9.10,4.00
2007.11.05 08:26:21.441,0.99085,0.99115,9.10,4.00
2007.11.05 08:26:21.729,0.99085,0.99115,9.10,4.00
2007.11.05 08:26:21.919,0.99085,0.9912,13.10,8.80
2007.11.05 08:26:22.233,0.99085,0.9912,15.50,8.80
2007.11.05 08:26:22.546,0.99085,0.9912,19.50,8.80
2007.11.05 08:26:22.981,0.99085,0.9912,19.50,8.80
2007.11.05 08:26:23.294,0.99085,0.9912,15.50,8.80
2007.11.05 08:26:23.711,0.99085,0.9912,15.50,8.80
2007.11.05 08:26:23.934,0.99085,0.9912,15.50,8.80
2007.11.05 08:26:24.437,0.99085,0.9912,15.50,8.80
2007.11.05 08:26:24.779,0.99085,0.9912,15.50,8.80
2007.11.05 08:26:25.146,0.99085,0.9912,15.50,8.80
2007.11.05 08:26:25.457,0.99085,0.9912,15.50,8.80
2007.11.05 08:26:25.610,0.9908,0.9912,18.70,8.80
2007.11.05 08:26:26.125,0.99085,0.9912,4.90,8.80
2007.11.05 08:26:26.429,0.99085,0.9912,3.50,8.80
2007.11.05 08:26:27.548,0.99085,0.99115,6.40,8.80
2007.11.05 08:26:29.573,0.99085,0.99115,6.40,8.80
2007.11.05 08:26:29.789,0.99085,0.99115,6.40,8.80
2007.11.05 08:26:29.982,0.99085,0.99115,10.40,8.80
2007.11.05 08:26:30.867,0.99085,0.99115,10.40,8.80
2007.11.05 08:26:31.200,0.99085,0.9912,20.30,8.80
2007.11.05 08:26:32.850,0.99085,0.9912,21.10,8.80
2007.11.05 08:26:33.153,0.99095,0.9912,0.80,8.80
2007.11.05 08:26:33.574,0.99095,0.99125,0.80,13.60
2007.11.05 08:26:33.792,0.9909,0.99125,8.30,13.60
2007.11.05 08:26:34.010,0.9909,0.99125,7.50,13.60
2007.11.05 08:26:34.228,0.9909,0.99125,6.70,13.60
2007.11.05 08:26:34.763,0.9909,0.99125,6.70,13.60
2007.11.05 08:26:35.331,0.9909,0.99125,6.70,13.60
2007.11.05 08:26:36.728,0.9909,0.99125,6.70,13.60
2007.11.05 08:26:37.444,0.9909,0.99125,6.70,13.60
2007.11.05 08:26:38.233,0.99085,0.9912,13.90,8.80
2007.11.05 08:26:39.127,0.99085,0.99115,6.40,8.80
2007.11.05 08:26:39.503,0.99085,0.9912,10.70,8.80
2007.11.05 08:26:39.726,0.99085,0.9912,10.70,8.80
2007.11.05 08:26:40.174,0.99085,0.9912,10.70,8.80
2007.11.05 08:26:40.540,0.99085,0.99115,11.50,4.00
2007.11.05 08:26:40.873,0.99085,0.9912,15.50,8.80
2007.11.05 08:26:41.206,0.99085,0.9912,20.30,8.80
2007.11.05 08:26:41.539,0.99085,0.9912,17.90,8.80
2007.11.05 08:26:41.964,0.9909,0.9912,6.70,8.80
2007.11.05 08:26:42.195,0.9909,0.99125,6.70,16.00
2007.11.05 08:26:42.403,0.9909,0.99125,6.70,16.00
2007.11.05 08:26:42.600,0.9909,0.99125,6.70,16.00
2007.11.05 08:26:42.893,0.9909,0.9912,6.70,0.80
2007.11.05 08:26:43.186,0.99085,0.99115,4.00,8.80
2007.11.05 08:26:43.480,0.99085,0.99115,4.00,8.80
2007.11.05 08:26:43.772,0.99085,0.99115,6.40,8.80
2007.11.05 08:26:44.010,0.99085,0.99115,2.40,12.80
2007.11.05 08:26:44.248,0.99085,0.99115,4.80,12.80
2007.11.05 08:26:44.487,0.99085,0.99115,15.50,4.00
2007.11.05 08:26:44.724,0.9909,0.99125,6.70,16.00
2007.11.05 08:26:44.959,0.9909,0.99125,6.70,16.00
2007.11.05 08:26:45.195,0.9909,0.99125,6.70,16.00
2007.11.05 08:26:45.588,0.9909,0.99115,6.70,4.00
2007.11.05 08:26:47.044,0.9909,0.99115,6.70,4.00
2007.11.05 08:26:47.329,0.9909,0.99115,6.70,4.00
2007.11.05 08:26:47.535,0.9909,0.99115,6.70,4.00
2007.11.05 08:26:47.736,0.9909,0.99125,6.70,16.00
2007.11.05 08:26:48.174,0.9909,0.99125,6.70,16.00
2007.11.05 08:26:48.650,0.99085,0.9912,17.90,8.80
2007.11.05 08:26:48.829,0.99085,0.9912,18.70,8.80
2007.11.05 08:26:49.108,0.99095,0.99125,0.80,16.00
2007.11.05 08:26:49.413,0.99095,0.99125,0.80,16.00
2007.11.05 08:26:49.634,0.99095,0.99125,0.80,13.60
2007.11.05 08:26:49.811,0.99095,0.99125,0.80,16.00
2007.11.05 08:26:50.145,0.99095,0.99125,0.80,15.20
2007.11.05 08:26:50.478,0.99095,0.99125,0.80,15.20
2007.11.05 08:26:50.811,0.99095,0.99115,0.80,4.00
2007.11.05 08:26:51.130,0.9909,0.99115,6.70,4.00
2007.11.05 08:26:51.449,0.9909,0.99115,6.70,4.00
2007.11.05 08:26:51.766,0.99085,0.99125,14.40,12.80
2007.11.05 08:26:52.529,0.99085,0.99125,14.40,12.80
2007.11.05 08:26:52.745,0.99085,0.99125,14.40,12.80
2007.11.05 08:26:53.237,0.99095,0.99125,9.10,15.20
2007.11.05 08:26:53.679,0.99095,0.99125,9.10,15.20
2007.11.05 08:26:54.167,0.99095,0.99125,9.10,12.80
2007.11.05 08:26:54.784,0.99095,0.99125,9.10,12.80
2007.11.05 08:26:55.202,0.99095,0.99125,9.10,4.00
2007.11.05 08:26:55.535,0.991,0.99135,8.30,18.40
2007.11.05 08:26:55.867,0.991,0.99125,7.50,2.40
2007.11.05 08:26:56.051,0.9909,0.99125,8.30,11.20
2007.11.05 08:26:56.370,0.9909,0.99125,8.30,11.20
2007.11.05 08:26:56.677,0.9909,0.99125,8.30,11.20
2007.11.05 08:26:57.195,0.9909,0.99125,8.30,11.20
2007.11.05 08:26:57.514,0.9909,0.99125,8.30,11.20
2007.11.05 08:26:58.317,0.9909,0.99125,8.30,11.20
2007.11.05 08:26:58.507,0.99095,0.99125,8.80,12.80
2007.11.05 08:26:58.729,0.99095,0.99125,15.50,4.00
2007.11.05 08:26:58.916,0.991,0.9913,0.80,8.80
2007.11.05 08:26:59.201,0.991,0.99125,1.60,8.80
2007.11.05 08:26:59.578,0.991,0.99125,1.60,8.80
2007.11.05 08:27:02.027,0.991,0.99125,1.60,8.80
2007.11.05 08:27:02.305,0.99105,0.99135,2.40,13.60
2007.11.05 08:27:02.584,0.99105,0.99135,2.40,12.80
2007.11.05 08:27:03.066,0.99105,0.99135,2.40,12.80
2007.11.05 08:27:03.345,0.99105,0.99135,11.50,12.80
2007.11.05 08:27:03.634,0.99105,0.99135,11.50,12.80
2007.11.05 08:27:03.886,0.99105,0.99135,9.10,8.80
2007.11.05 08:27:04.403,0.99105,0.99135,9.10,8.80
2007.11.05 08:27:04.626,0.99105,0.9913,2.40,8.80
2007.11.05 08:27:04.932,0.99105,0.99135,9.10,8.80
2007.11.05 08:27:05.156,0.99105,0.99135,9.10,8.80
2007.11.05 08:27:05.444,0.99105,0.99135,9.10,8.80
2007.11.05 08:27:05.778,0.99105,0.99135,9.10,8.80
2007.11.05 08:27:06.164,0.99105,0.99135,9.10,8.80
2007.11.05 08:27:06.497,0.99105,0.99135,13.10,8.80
2007.11.05 08:27:07.110,0.99105,0.99135,13.10,8.80
2007.11.05 08:27:09.761,0.99105,0.99135,13.10,8.80
2007.11.05 08:27:10.246,0.99105,0.9914,13.90,8.80
2007.11.05 08:27:10.479,0.9911,0.99145,8.30,13.60
2007.11.05 08:27:11.176,0.9911,0.99145,8.30,13.60
2007.11.05 08:27:11.508,0.9912,0.99145,0.80,13.60
2007.11.05 08:27:11.701,0.9912,0.99145,1.60,13.60
2007.11.05 08:27:11.895,0.9912,0.99145,0.80,13.60
2007.11.05 08:27:12.180,0.9912,0.99145,0.80,13.60
2007.11.05 08:27:12.373,0.9911,0.99145,8.30,13.60
2007.11.05 08:27:12.567,0.99115,0.99145,6.70,13.60
2007.11.05 08:27:13.014,0.99115,0.99145,6.70,4.80
2007.11.05 08:27:13.621,0.99115,0.99145,6.70,4.00
2007.11.05 08:27:13.820,0.9911,0.99145,8.30,4.00
2007.11.05 08:27:13.843,0.99115,0.99145,2.00,12.80
2007.11.05 08:27:14.226,0.9911,0.99145,8.30,12.80
2007.11.05 08:27:14.569,0.99115,0.99145,2.50,12.80
2007.11.05 08:27:14.775,0.9911,0.99145,4.20,12.80
2007.11.05 08:27:15.096,0.99115,0.99145,1.30,4.00
2007.11.05 08:27:15.900,0.99115,0.99145,4.10,4.00
2007.11.05 08:27:16.244,0.9911,0.99145,8.30,4.00
2007.11.05 08:27:17.136,0.9911,0.99145,8.30,4.00
2007.11.05 08:27:17.337,0.9911,0.99145,8.30,6.40
2007.11.05 08:27:17.727,0.9911,0.99145,8.30,6.40
2007.11.05 08:27:18.020,0.9911,0.99145,12.30,4.00
2007.11.05 08:27:18.314,0.9911,0.99145,9.10,4.00
2007.11.05 08:27:18.607,0.99115,0.99145,2.10,4.00
2007.11.05 08:27:19.203,0.99105,0.99145,21.90,4.00
2007.11.05 08:27:19.510,0.99105,0.99145,21.90,4.00
2007.11.05 08:27:19.780,0.99105,0.99145,21.90,4.00
2007.11.05 08:27:20.027,0.99105,0.99145,21.90,4.00
2007.11.05 08:27:20.345,0.99105,0.99145,21.90,4.00
2007.11.05 08:27:20.654,0.99115,0.99145,1.10,4.00
2007.11.05 08:27:23.750,0.99105,0.99145,21.90,4.00
2007.11.05 08:27:24.064,0.99105,0.9914,3.20,8.80
2007.11.05 08:27:24.340,0.99105,0.9914,5.90,8.80
2007.11.05 08:27:24.557,0.99105,0.99135,2.70,8.80
2007.11.05 08:27:24.776,0.99095,0.99135,34.80,8.80
2007.11.05 08:27:25.108,0.99095,0.99135,34.80,8.80
2007.11.05 08:27:25.693,0.991,0.99135,10.70,8.80
2007.11.05 08:27:26.145,0.991,0.9914,12.30,8.80
2007.11.05 08:27:26.346,0.99105,0.9914,2.30,8.80
2007.11.05 08:27:26.631,0.99105,0.9914,1.70,8.80
2007.11.05 08:27:26.869,0.99105,0.9914,4.10,8.80
2007.11.05 08:27:27.356,0.99105,0.9914,2.60,8.80
2007.11.05 08:27:27.688,0.991,0.99135,13.10,12.80
2007.11.05 08:27:28.021,0.991,0.99135,12.30,12.80
2007.11.05 08:27:28.424,0.991,0.99135,12.30,12.80
2007.11.05 08:27:29.012,0.99105,0.99135,1.30,12.80
2007.11.05 08:27:29.539,0.991,0.99135,12.30,12.80
2007.11.05 08:27:30.648,0.991,0.99135,14.70,12.80
2007.11.05 08:27:30.982,0.99105,0.99135,3.60,8.80
2007.11.05 08:27:31.316,0.991,0.99135,19.50,8.80
2007.11.05 08:27:31.711,0.991,0.99135,17.10,8.80
2007.11.05 08:27:31.925,0.99105,0.99145,13.90,16.00
2007.11.05 08:27:32.252,0.991,0.9914,9.10,8.80
2007.11.05 08:27:32.465,0.99105,0.9914,9.10,8.80
2007.11.05 08:27:32.975,0.99105,0.9914,9.10,8.80
2007.11.05 08:27:33.268,0.99105,0.99135,1.00,8.80
2007.11.05 08:27:33.520,0.99095,0.99135,21.10,8.80
2007.11.05 08:27:33.802,0.991,0.99135,3.00,8.80
2007.11.05 08:27:34.230,0.99105,0.9913,1.00,8.80
2007.11.05 08:27:34.483,0.991,0.9913,10.70,8.80
2007.11.05 08:27:34.736,0.991,0.9913,0.60,8.80
2007.11.05 08:27:34.989,0.99095,0.9913,20.30,8.80
2007.11.05 08:27:35.955,0.991,0.9913,1.30,8.80
2007.11.05 08:27:36.288,0.99095,0.9913,20.30,8.80
2007.11.05 08:27:36.621,0.9909,0.9913,23.50,8.80
2007.11.05 08:27:36.799,0.991,0.9913,3.20,8.80
2007.11.05 08:27:36.978,0.991,0.9913,3.20,8.80
2007.11.05 08:27:36.985,0.991,0.99145,5.60,20.80
2007.11.05 08:27:37.155,0.99105,0.9913,0.90,0.70
2007.11.05 08:27:37.594,0.991,0.99145,4.00,20.00
2007.11.05 08:27:37.928,0.991,0.99145,10.70,20.00
2007.11.05 08:27:38.382,0.991,0.99145,10.70,20.00
2007.11.05 08:27:38.716,0.99105,0.99135,0.80,0.50
2007.11.05 08:27:38.916,0.99105,0.99135,0.80,0.50
2007.11.05 08:27:39.114,0.991,0.9913,0.70,0.50
2007.11.05 08:27:39.374,0.991,0.9913,0.60,0.90
2007.11.05 08:27:39.678,0.99095,0.99135,17.10,12.80
2007.11.05 08:27:40.162,0.9909,0.99135,18.70,12.80
2007.11.05 08:27:40.614,0.9909,0.99135,18.70,12.80
2007.11.05 08:27:41.238,0.99095,0.99125,14.70,0.50
2007.11.05 08:27:41.811,0.99095,0.99125,14.70,0.70
2007.11.05 08:27:42.014,0.99095,0.99135,13.90,15.20
2007.11.05 08:27:42.217,0.99095,0.99125,13.10,10.40
2007.11.05 08:27:42.420,0.99095,0.99125,4.80,0.90
2007.11.05 08:27:42.663,0.99095,0.99125,4.80,0.90
2007.11.05 08:27:42.971,0.99095,0.99135,0.80,24.00
2007.11.05 08:27:43.319,0.99095,0.99125,0.80,0.70
2007.11.05 08:27:43.628,0.99095,0.9913,9.90,0.70
2007.11.05 08:27:43.882,0.991,0.99135,0.80,15.20
2007.11.05 08:27:44.268,0.991,0.99135,1.60,19.20
2007.11.05 08:27:44.522,0.991,0.99135,0.80,19.20
2007.11.05 08:27:44.783,0.991,0.9913,0.80,0.50
2007.11.05 08:27:45.108,0.99095,0.99135,3.20,20.80
2007.11.05 08:27:45.400,0.99095,0.99135,3.20,20.80
2007.11.05 08:27:45.638,0.99095,0.99125,2.40,0.70
2007.11.05 08:27:45.971,0.9909,0.99125,8.30,0.90
2007.11.05 08:27:46.305,0.99095,0.99125,7.50,0.70
2007.11.05 08:27:46.638,0.99095,0.99125,7.50,0.90
2007.11.05 08:27:46.882,0.99095,0.99135,7.50,19.20
2007.11.05 08:27:47.133,0.99095,0.99135,7.50,15.20
2007.11.05 08:27:47.356,0.99095,0.99135,7.50,15.20
2007.11.05 08:27:49.782,0.99095,0.99135,7.50,15.20
2007.11.05 08:27:50.381,0.99095,0.99125,7.50,0.80
2007.11.05 08:27:51.316,0.99095,0.99125,7.50,0.80
2007.11.05 08:27:51.649,0.99095,0.99135,4.00,24.00
2007.11.05 08:27:51.983,0.99095,0.99135,4.00,24.00
2007.11.05 08:27:52.857,0.99095,0.99125,0.80,0.70
2007.11.05 08:27:53.719,0.99095,0.99135,0.80,27.20
2007.11.05 08:27:54.541,0.99095,0.99125,0.80,0.50
2007.11.05 08:27:54.774,0.99095,0.99125,0.80,0.70
2007.11.05 08:27:55.238,0.99095,0.99135,0.80,27.20
2007.11.05 08:27:55.491,0.99095,0.99125,0.80,0.80
2007.11.05 08:27:55.868,0.99095,0.9912,0.80,0.90
2007.11.05 08:27:56.252,0.99095,0.9912,0.80,0.80
2007.11.05 08:27:56.609,0.9909,0.9912,7.50,0.60
2007.11.05 08:27:56.942,0.99085,0.99115,6.70,0.80
2007.11.05 08:27:57.181,0.99085,0.99115,6.70,0.80
2007.11.05 08:27:57.553,0.99085,0.99115,6.70,0.90
2007.11.05 08:27:57.745,0.9908,0.99115,6.70,12.80
2007.11.05 08:27:58.582,0.9908,0.99115,6.70,12.80
2007.11.05 08:27:58.900,0.99085,0.99125,4.00,32.10
2007.11.05 08:27:59.523,0.99085,0.99125,4.00,32.10
2007.11.05 08:27:59.707,0.99085,0.99125,10.70,32.10
2007.11.05 08:28:00.634,0.99085,0.9912,10.70,0.80
2007.11.05 08:28:01.148,0.99085,0.99125,6.40,29.70
2007.11.05 08:28:01.331,0.99085,0.99125,6.40,16.00
2007.11.05 08:28:01.577,0.99085,0.99125,6.40,16.00
2007.11.05 08:28:01.980,0.99085,0.99125,13.90,16.00
2007.11.05 08:28:02.262,0.99085,0.99125,13.90,16.00
2007.11.05 08:28:03.120,0.99085,0.9912,13.90,0.70
2007.11.05 08:28:03.329,0.99085,0.99125,13.90,16.00
2007.11.05 08:28:03.927,0.99085,0.9912,13.90,0.50
2007.11.05 08:28:04.232,0.99085,0.9912,13.90,0.50
2007.11.05 08:28:04.754,0.99085,0.99125,13.90,16.00
2007.11.05 08:28:05.024,0.9909,0.9913,6.70,16.00
2007.11.05 08:28:05.358,0.9909,0.99135,6.70,36.10
2007.11.05 08:28:05.693,0.9909,0.99125,6.70,0.50
2007.11.05 08:28:06.025,0.99095,0.99135,6.70,36.10
2007.11.05 08:28:06.297,0.99095,0.99125,6.70,12.80
2007.11.05 08:28:06.499,0.99095,0.99125,6.70,12.80
2007.11.05 08:28:06.693,0.99095,0.99125,6.70,4.00
2007.11.05 08:28:07.010,0.99095,0.99125,6.70,4.00
2007.11.05 08:28:07.303,0.99095,0.99125,6.70,6.40
2007.11.05 08:28:08.048,0.99095,0.99125,6.70,0.50
2007.11.05 08:28:08.542,0.99095,0.99125,6.70,0.70
2007.11.05 08:28:08.792,0.99095,0.99125,6.70,0.70
2007.11.05 08:28:09.059,0.99095,0.9913,6.70,12.80
2007.11.05 08:28:09.242,0.991,0.99135,6.70,16.00
2007.11.05 08:28:09.774,0.991,0.99135,6.70,16.00
2007.11.05 08:28:10.000,0.99095,0.9913,9.10,0.50
2007.11.05 08:28:10.757,0.99095,0.99135,9.10,16.00
2007.11.05 08:28:11.090,0.99095,0.99135,9.10,16.00
2007.11.05 08:28:11.422,0.99095,0.99135,9.90,12.80
2007.11.05 08:28:11.631,0.991,0.99135,6.70,0.70
2007.11.05 08:28:11.838,0.991,0.99145,7.50,18.40
2007.11.05 08:28:12.121,0.991,0.99145,8.30,18.40
2007.11.05 08:28:12.453,0.99105,0.99145,9.10,16.00
2007.11.05 08:28:12.787,0.9911,0.9914,6.70,0.90
2007.11.05 08:28:13.479,0.9911,0.99145,6.70,16.00
2007.11.05 08:28:14.407,0.99105,0.99145,9.10,16.00
2007.11.05 08:28:14.785,0.99105,0.99145,9.10,16.00
2007.11.05 08:28:15.424,0.99105,0.99135,9.10,0.50
2007.11.05 08:28:15.726,0.99105,0.99135,2.40,0.80
2007.11.05 08:28:17.988,0.99105,0.99145,2.40,16.00
2007.11.05 08:28:18.300,0.99105,0.99145,2.40,16.00
2007.11.05 08:28:18.769,0.99105,0.99135,9.10,0.60
2007.11.05 08:28:19.784,0.99105,0.99135,9.10,0.90
2007.11.05 08:28:22.859,0.99105,0.99145,9.10,16.00
2007.11.05 08:28:23.170,0.99105,0.99145,9.10,16.00
2007.11.05 08:28:23.482,0.99105,0.99145,9.10,16.00
2007.11.05 08:28:24.464,0.99105,0.9913,2.40,0.70
2007.11.05 08:28:24.909,0.99105,0.99145,2.40,20.00
2007.11.05 08:28:25.673,0.99105,0.9913,2.40,0.70
2007.11.05 08:28:26.005,0.99105,0.99135,2.40,12.80
2007.11.05 08:28:26.683,0.99105,0.99135,2.40,15.20
2007.11.05 08:28:26.912,0.99105,0.9913,2.40,0.70
2007.11.05 08:28:27.206,0.99105,0.99135,2.40,15.20
2007.11.05 08:28:27.482,0.99105,0.99135,2.40,15.20
2007.11.05 08:28:27.748,0.991,0.9913,1.60,0.90
2007.11.05 08:28:28.011,0.991,0.99135,0.80,15.20
2007.11.05 08:28:28.274,0.99095,0.99135,2.40,16.00
2007.11.05 08:28:29.409,0.99095,0.99125,2.40,0.90
2007.11.05 08:28:29.781,0.99095,0.99125,2.40,0.60
2007.11.05 08:28:30.156,0.99095,0.99135,2.40,20.00
2007.11.05 08:28:30.375,0.9909,0.99135,8.30,22.40
2007.11.05 08:28:30.607,0.9909,0.99135,8.30,22.40
2007.11.05 08:28:30.941,0.9909,0.99115,0.80,0.80
2007.11.05 08:28:31.275,0.99085,0.99125,13.90,12.00
2007.11.05 08:28:31.607,0.99085,0.99125,13.90,11.20
2007.11.05 08:28:31.941,0.99085,0.99125,9.90,15.20
2007.11.05 08:28:32.149,0.99085,0.99115,9.10,0.60
2007.11.05 08:28:32.366,0.99085,0.99125,9.10,16.80
2007.11.05 08:28:32.573,0.99085,0.99115,9.10,0.90
2007.11.05 08:28:33.188,0.99085,0.99125,9.10,20.80
2007.11.05 08:28:33.611,0.99085,0.9912,9.90,12.80
2007.11.05 08:28:33.945,0.99095,0.99115,2.40,0.60
2007.11.05 08:28:34.219,0.99095,0.9912,2.40,12.80
2007.11.05 08:28:34.531,0.99095,0.9912,2.40,12.80
2007.11.05 08:28:34.709,0.99095,0.99115,2.40,0.70
2007.11.05 08:28:34.888,0.99095,0.99135,2.40,20.00
2007.11.05 08:28:35.706,0.99095,0.99125,2.40,15.20
2007.11.05 08:28:36.176,0.99095,0.99125,2.40,8.80
2007.11.05 08:28:36.485,0.9909,0.99125,8.30,8.80
2007.11.05 08:28:36.793,0.9909,0.99125,6.70,8.80
2007.11.05 08:28:36.997,0.9909,0.99125,6.70,8.80
2007.11.05 08:28:37.315,0.9909,0.99125,6.70,8.80
2007.11.05 08:28:37.536,0.9909,0.99125,6.70,8.80
2007.11.05 08:28:37.739,0.9909,0.99125,6.70,12.80
2007.11.05 08:28:38.047,0.9909,0.99125,7.50,12.80
2007.11.05 08:28:38.355,0.991,0.99125,6.70,4.00
2007.11.05 08:28:38.664,0.991,0.99125,6.70,4.00
2007.11.05 08:28:38.971,0.991,0.99125,7.50,4.00
2007.11.05 08:28:39.229,0.99105,0.99125,2.40,4.00
2007.11.05 08:28:39.505,0.99105,0.99125,2.40,4.00
2007.11.05 08:28:39.791,0.99105,0.99125,2.40,4.00
2007.11.05 08:28:40.043,0.99105,0.99135,2.40,12.80
2007.11.05 08:28:40.332,0.99105,0.99135,2.40,12.80
2007.11.05 08:28:40.849,0.99105,0.99135,2.40,12.80
2007.11.05 08:28:41.354,0.99105,0.99135,2.40,12.80
2007.11.05 08:28:41.687,0.99105,0.99135,2.40,12.80
2007.11.05 08:28:42.475,0.99105,0.99135,2.40,12.80
2007.11.05 08:28:42.692,0.99105,0.9914,9.10,8.80
2007.11.05 08:28:42.933,0.99105,0.9914,9.10,8.80
2007.11.05 08:28:44.748,0.99105,0.9914,9.10,8.80
2007.11.05 08:28:44.982,0.99105,0.99135,2.40,8.80
2007.11.05 08:28:45.316,0.99105,0.9914,9.10,8.80
2007.11.05 08:28:45.649,0.99105,0.9914,9.90,8.80
2007.11.05 08:28:46.517,0.99105,0.9914,9.90,8.80
2007.11.05 08:28:47.044,0.99105,0.9914,9.90,8.80
2007.11.05 08:28:47.663,0.99105,0.9914,9.90,8.80
2007.11.05 08:28:47.917,0.9911,0.99145,9.90,16.00
2007.11.05 08:28:48.247,0.9911,0.99145,9.90,16.00
2007.11.05 08:28:48.530,0.99115,0.99145,7.50,4.00
2007.11.05 08:28:48.814,0.99115,0.99145,7.50,4.00
2007.11.05 08:28:49.097,0.99115,0.99145,7.50,4.00
2007.11.05 08:28:49.540,0.99115,0.99145,7.50,4.00
2007.11.05 08:28:49.860,0.99115,0.99145,7.50,4.00
2007.11.05 08:28:50.118,0.99115,0.99145,0.80,12.80
2007.11.05 08:28:50.922,0.9911,0.99145,8.30,12.80
2007.11.05 08:28:51.330,0.99115,0.99145,6.70,4.00
2007.11.05 08:28:51.392,0.99115,0.99145,3.60,4.00
2007.11.05 08:28:51.623,0.99115,0.99145,6.70,4.00
2007.11.05 08:28:51.831,0.9911,0.99145,8.30,8.80
2007.11.05 08:28:53.166,0.9911,0.99145,8.30,8.80
2007.11.05 08:28:54.684,0.9911,0.99145,8.30,8.80
2007.11.05 08:28:54.932,0.99115,0.99145,0.80,8.80
2007.11.05 08:28:55.259,0.99115,0.99145,0.80,8.80
2007.11.05 08:28:55.601,0.9911,0.99145,6.70,8.80
2007.11.05 08:28:55.934,0.9911,0.99145,6.70,12.80
2007.11.05 08:28:57.031,0.9911,0.99145,6.70,12.80
2007.11.05 08:28:57.657,0.9911,0.99145,6.70,12.80
2007.11.05 08:28:58.605,0.9911,0.99145,6.70,12.80
2007.11.05 08:28:59.773,0.9911,0.99145,6.70,12.80
2007.11.05 08:29:00.056,0.9911,0.99145,6.70,12.80
2007.11.05 08:29:00.367,0.9911,0.99145,6.70,12.80
2007.11.05 08:29:00.650,0.99105,0.9914,20.30,8.80
2007.11.05 08:29:01.367,0.99105,0.9914,20.30,8.80
2007.11.05 08:29:01.695,0.9911,0.99145,6.70,9.60
2007.11.05 08:29:02.316,0.9911,0.99145,6.70,9.60
2007.11.05 08:29:02.544,0.9911,0.99145,6.70,9.60
2007.11.05 08:29:03.873,0.9911,0.99145,6.70,9.60
2007.11.05 08:29:04.071,0.9911,0.99145,6.70,9.60
2007.11.05 08:29:04.778,0.9911,0.99145,6.70,9.60
2007.11.05 08:29:05.346,0.9911,0.99145,6.70,9.60
2007.11.05 08:29:05.637,0.9911,0.99145,6.70,9.60
2007.11.05 08:29:05.928,0.9911,0.99145,6.70,9.60
2007.11.05 08:29:06.768,0.99105,0.9914,9.10,8.80
2007.11.05 08:29:09.776,0.99105,0.9914,9.10,8.80
2007.11.05 08:29:11.746,0.99105,0.9914,9.10,8.80
2007.11.05 08:29:11.925,0.991,0.99135,6.70,8.80
2007.11.05 08:29:12.230,0.991,0.99135,6.70,8.80
2007.11.05 08:29:12.672,0.991,0.99135,6.70,8.80
2007.11.05 08:29:14.778,0.991,0.99135,6.70,8.80
2007.11.05 08:29:18.404,0.991,0.99135,6.70,8.80
2007.11.05 08:29:19.172,0.991,0.99135,6.70,8.80
2007.11.05 08:29:19.774,0.991,0.99135,6.70,8.80
2007.11.05 08:29:21.377,0.991,0.99135,6.70,8.80
2007.11.05 08:29:21.764,0.991,0.99135,6.70,8.80
2007.11.05 08:29:21.932,0.991,0.99135,6.70,8.80
2007.11.05 08:29:22.224,0.991,0.99135,6.70,8.80
2007.11.05 08:29:22.416,0.991,0.99135,6.70,8.80
2007.11.05 08:29:22.698,0.99095,0.9913,13.90,8.80
2007.11.05 08:29:23.032,0.991,0.99135,6.70,8.80
2007.11.05 08:29:23.522,0.99105,0.9913,2.40,8.80
2007.11.05 08:29:24.250,0.99105,0.9913,2.40,8.80
2007.11.05 08:29:24.447,0.99105,0.9913,2.40,8.80
2007.11.05 08:29:24.750,0.99105,0.9913,2.40,8.80
2007.11.05 08:29:25.018,0.99105,0.9913,2.40,8.80
2007.11.05 08:29:25.369,0.99105,0.9913,2.40,8.80
2007.11.05 08:29:26.095,0.99105,0.9913,2.40,8.80
2007.11.05 08:29:26.427,0.99105,0.99135,4.80,8.80
2007.11.05 08:29:26.907,0.99105,0.99135,4.80,8.80
2007.11.05 08:29:27.235,0.99105,0.99135,4.80,8.80
2007.11.05 08:29:27.428,0.99105,0.99135,4.80,8.80
2007.11.05 08:29:29.169,0.99105,0.99135,4.80,8.80
2007.11.05 08:29:29.383,0.99105,0.9913,2.40,8.80
2007.11.05 08:29:29.789,0.99105,0.9913,2.40,8.80
2007.11.05 08:29:30.030,0.99105,0.99135,2.40,8.80
2007.11.05 08:29:30.280,0.991,0.99135,6.70,11.20
2007.11.05 08:29:30.638,0.991,0.99135,6.70,11.20
2007.11.05 08:29:30.951,0.99095,0.9913,13.90,8.80
2007.11.05 08:29:31.284,0.99095,0.9913,13.10,8.80
2007.11.05 08:29:31.617,0.991,0.99135,6.70,12.00
2007.11.05 08:29:31.950,0.991,0.99135,6.70,16.00
2007.11.05 08:29:33.254,0.991,0.99135,6.70,16.00
2007.11.05 08:29:34.171,0.991,0.99135,6.70,18.40
2007.11.05 08:29:34.496,0.991,0.99135,6.70,32.10
2007.11.05 08:29:34.780,0.991,0.99135,6.70,32.10
2007.11.05 08:29:35.078,0.991,0.99135,6.70,32.10
2007.11.05 08:29:35.442,0.991,0.99135,6.70,32.10
2007.11.05 08:29:35.915,0.991,0.99135,6.70,36.10
2007.11.05 08:29:36.564,0.99095,0.9913,9.10,8.80
2007.11.05 08:29:37.336,0.9909,0.99125,7.50,11.20
2007.11.05 08:29:37.675,0.9909,0.99125,7.50,11.20
2007.11.05 08:29:38.377,0.9909,0.99125,7.50,11.20
2007.11.05 08:29:38.680,0.9909,0.99125,6.70,11.20
2007.11.05 08:29:39.127,0.9909,0.99125,6.70,11.20
2007.11.05 08:29:39.335,0.99095,0.99125,6.70,11.20
2007.11.05 08:29:39.543,0.99095,0.99125,6.70,11.20
2007.11.05 08:29:39.753,0.9909,0.99125,6.70,14.40
2007.11.05 08:29:40.052,0.9909,0.99125,6.70,14.40
2007.11.05 08:29:40.386,0.99085,0.9912,13.10,8.80
2007.11.05 08:29:40.719,0.99085,0.99115,10.70,2.40
2007.11.05 08:29:41.120,0.99085,0.99115,6.70,2.40
2007.11.05 08:29:41.369,0.9908,0.99115,6.70,8.80
2007.11.05 08:29:42.358,0.9908,0.99115,6.70,8.80
2007.11.05 08:29:42.833,0.9908,0.99115,6.70,8.80
2007.11.05 08:29:43.142,0.9908,0.99115,6.70,8.80
2007.11.05 08:29:43.386,0.9908,0.99115,6.70,11.20
2007.11.05 08:29:43.672,0.9908,0.99115,6.70,17.60
2007.11.05 08:29:43.995,0.99075,0.9911,9.10,8.80
2007.11.05 08:29:44.298,0.99075,0.99105,6.70,2.40
2007.11.05 08:29:44.601,0.9908,0.99105,6.70,2.40
2007.11.05 08:29:44.904,0.9908,0.99105,6.70,2.40
2007.11.05 08:29:45.207,0.99075,0.99105,6.70,2.40
2007.11.05 08:29:45.540,0.99075,0.99105,9.10,2.40
2007.11.05 08:29:45.874,0.99075,0.99105,6.70,13.60
2007.11.05 08:29:46.294,0.9907,0.99105,6.70,11.20
2007.11.05 08:29:46.618,0.9907,0.99105,2.80,11.20
2007.11.05 08:29:47.657,0.99075,0.99105,6.70,2.40
2007.11.05 08:29:47.945,0.99075,0.99105,6.70,2.40
2007.11.05 08:29:48.234,0.99075,0.9911,9.10,9.60
2007.11.05 08:29:48.581,0.99075,0.9911,9.10,9.60
2007.11.05 08:29:48.787,0.99075,0.99105,9.10,2.40
2007.11.05 08:29:49.202,0.99075,0.99105,6.70,2.40
2007.11.05 08:29:49.595,0.99075,0.99105,6.70,2.40
2007.11.05 08:29:50.220,0.99075,0.99105,6.70,2.40
2007.11.05 08:29:50.840,0.99075,0.99105,6.70,11.20
2007.11.05 08:29:51.260,0.9907,0.99105,6.70,11.20
2007.11.05 08:29:51.547,0.9907,0.99105,6.70,15.20
2007.11.05 08:29:51.967,0.9907,0.99105,6.70,15.20
2007.11.05 08:29:52.195,0.99075,0.991,6.70,0.80
2007.11.05 08:29:52.529,0.99075,0.991,6.70,0.80
2007.11.05 08:29:52.862,0.9907,0.991,6.70,0.80
2007.11.05 08:29:53.407,0.9907,0.991,6.70,0.80
2007.11.05 08:29:53.636,0.99065,0.991,13.10,9.60
2007.11.05 08:29:54.693,0.99065,0.991,13.10,9.60
2007.11.05 08:29:55.500,0.99065,0.991,13.10,9.60
2007.11.05 08:29:55.882,0.99065,0.991,13.10,9.60
2007.11.05 08:29:56.217,0.99075,0.991,2.40,0.80
2007.11.05 08:29:56.426,0.99075,0.991,2.40,0.80
2007.11.05 08:29:56.705,0.99075,0.991,2.40,0.80
2007.11.05 08:29:56.913,0.99075,0.99105,6.70,5.60
2007.11.05 08:29:57.122,0.9907,0.99105,6.70,14.40
2007.11.05 08:29:57.329,0.9907,0.991,7.50,8.80
2007.11.05 08:29:57.618,0.9907,0.991,8.30,8.80
2007.11.05 08:29:57.906,0.9907,0.991,8.30,8.80
2007.11.05 08:29:58.194,0.99075,0.99105,2.40,12.80
2007.11.05 08:29:58.714,0.99075,0.99105,2.40,12.80
2007.11.05 08:29:59.008,0.9907,0.99105,6.70,11.20
2007.11.05 08:29:59.301,0.9907,0.99105,6.70,13.60
2007.11.05 08:29:59.548,0.9907,0.99105,6.70,13.60
2007.11.05 08:29:59.768,0.99065,0.991,9.90,8.80
2007.11.05 08:30:00.000,0.99065,0.991,9.90,8.80
2007.11.05 08:30:00.217,0.99065,0.991,9.90,8.80
2007.11.05 08:30:00.436,0.99065,0.991,9.90,8.80
2007.11.05 08:30:00.769,0.99065,0.991,13.10,9.60
2007.11.05 08:30:01.102,0.9907,0.991,6.70,9.60
2007.11.05 08:30:01.440,0.9907,0.99105,6.70,18.40
2007.11.05 08:30:01.659,0.99065,0.99095,9.10,2.40
2007.11.05 08:30:01.877,0.99065,0.99095,9.10,2.40
2007.11.05 08:30:02.097,0.99065,0.99095,9.10,2.40
2007.11.05 08:30:02.316,0.99065,0.99095,2.40,8.80
2007.11.05 08:30:02.609,0.99065,0.99095,2.40,8.80
2007.11.05 08:30:02.903,0.99065,0.99095,2.40,8.80
2007.11.05 08:30:03.247,0.99065,0.99095,2.40,8.80
2007.11.05 08:30:03.556,0.99065,0.99095,2.40,8.80
2007.11.05 08:30:04.392,0.99065,0.99095,2.40,8.80
2007.11.05 08:30:04.660,0.9907,0.99105,6.70,12.00
2007.11.05 08:30:04.911,0.9907,0.99105,6.70,12.00
2007.11.05 08:30:05.535,0.9907,0.99105,6.70,12.00
2007.11.05 08:30:05.868,0.9907,0.99105,6.70,12.00
2007.11.05 08:30:06.293,0.9907,0.99105,6.70,9.60
2007.11.05 08:30:06.711,0.99075,0.99105,6.70,3.20
2007.11.05 08:30:07.090,0.99075,0.99105,6.70,3.20
2007.11.05 08:30:07.747,0.9907,0.99105,6.70,12.00
2007.11.05 08:30:08.345,0.99075,0.99105,2.40,9.60
2007.11.05 08:30:08.664,0.99075,0.99105,2.40,12.00
2007.11.05 08:30:08.878,0.99075,0.99105,2.40,12.00
2007.11.05 08:30:09.119,0.99075,0.99105,2.40,12.00
2007.11.05 08:30:09.331,0.9907,0.99105,6.70,12.00
2007.11.05 08:30:09.780,0.9907,0.99105,6.70,12.00
2007.11.05 08:30:10.084,0.99065,0.991,13.10,8.80
2007.11.05 08:30:10.477,0.99065,0.991,13.10,8.80
2007.11.05 08:30:11.144,0.99065,0.991,13.10,8.80
2007.11.05 08:30:12.138,0.99065,0.991,13.10,8.80
2007.11.05 08:30:12.312,0.99065,0.991,13.10,8.80
2007.11.05 08:30:12.628,0.99065,0.991,13.10,8.80
2007.11.05 08:30:13.250,0.99065,0.991,13.10,8.80
2007.11.05 08:30:13.555,0.99065,0.991,9.10,8.80
2007.11.05 08:30:14.212,0.99065,0.991,9.10,8.80
2007.11.05 08:30:14.436,0.99065,0.991,11.50,8.80
2007.11.05 08:30:14.786,0.99065,0.991,11.50,8.80
2007.11.05 08:30:15.006,0.99065,0.991,11.50,8.80
2007.11.05 08:30:15.340,0.99065,0.99095,2.40,8.80
2007.11.05 08:30:15.673,0.99065,0.99095,2.40,8.80
2007.11.05 08:30:16.007,0.99065,0.99095,4.80,8.80
2007.11.05 08:30:16.206,0.99065,0.991,11.50,8.80
2007.11.05 08:30:16.404,0.99065,0.991,9.10,8.80
2007.11.05 08:30:16.672,0.99065,0.991,9.10,9.60
2007.11.05 08:30:16.870,0.99065,0.99095,4.80,8.80
2007.11.05 08:30:17.085,0.99065,0.99095,4.80,8.80
2007.11.05 08:30:17.417,0.99065,0.99095,2.40,8.80
2007.11.05 08:30:17.751,0.99065,0.991,6.70,9.60
2007.11.05 08:30:18.083,0.9906,0.99095,6.70,8.80
2007.11.05 08:30:18.338,0.9906,0.99095,6.70,8.80
2007.11.05 08:30:18.694,0.99065,0.99095,2.40,8.80
2007.11.05 08:30:18.954,0.99065,0.99095,2.40,8.80
2007.11.05 08:30:19.782,0.99065,0.99095,2.40,8.80
2007.11.05 08:30:20.154,0.99065,0.991,9.10,8.80
2007.11.05 08:30:20.675,0.99065,0.991,6.70,8.80
2007.11.05 08:30:21.008,0.99065,0.991,6.70,8.80
2007.11.05 08:30:21.342,0.99065,0.991,6.70,9.60
2007.11.05 08:30:21.604,0.99065,0.991,6.70,9.60
2007.11.05 08:30:21.927,0.99065,0.991,6.70,9.60
2007.11.05 08:30:22.134,0.99065,0.991,6.70,9.60
2007.11.05 08:30:22.413,0.99065,0.991,6.70,9.60
2007.11.05 08:30:23.501,0.99065,0.991,6.70,9.60
2007.11.05 08:30:23.750,0.99065,0.991,6.70,9.60
2007.11.05 08:30:24.130,0.99065,0.991,6.70,9.60
2007.11.05 08:30:24.628,0.99055,0.9909,7.50,8.80
2007.11.05 08:30:24.916,0.9906,0.99095,6.70,11.20
2007.11.05 08:30:25.280,0.9906,0.99095,6.70,11.20
2007.11.05 08:30:25.593,0.9906,0.99095,6.70,11.20
2007.11.05 08:30:25.926,0.99055,0.9909,7.50,8.80
2007.11.05 08:30:26.282,0.99055,0.9909,7.50,8.80
2007.11.05 08:30:26.615,0.9906,0.99095,6.70,8.80
2007.11.05 08:30:26.883,0.99055,0.9909,9.90,8.80
2007.11.05 08:30:27.728,0.99055,0.9909,9.90,8.80
2007.11.05 08:30:28.145,0.99055,0.9909,9.90,8.80
2007.11.05 08:30:28.647,0.99055,0.9909,9.90,8.80
2007.11.05 08:30:28.905,0.99055,0.9909,9.90,8.80
2007.11.05 08:30:29.202,0.99055,0.99085,7.50,2.40
2007.11.05 08:30:29.598,0.99055,0.99085,7.50,2.40
2007.11.05 08:30:29.867,0.99055,0.9909,9.90,9.60
2007.11.05 08:30:30.237,0.99055,0.9909,9.90,9.60
2007.11.05 08:30:30.505,0.99055,0.9909,9.90,9.60
2007.11.05 08:30:30.773,0.99055,0.9909,9.10,9.60
2007.11.05 08:30:31.262,0.99055,0.9909,9.10,9.60
2007.11.05 08:30:31.619,0.9906,0.9909,6.70,0.80
2007.11.05 08:30:32.378,0.9906,0.99085,6.70,2.40
2007.11.05 08:30:32.684,0.9906,0.99085,6.70,2.40
2007.11.05 08:30:33.347,0.9906,0.99085,6.70,2.40
2007.11.05 08:30:33.752,0.9906,0.99085,6.70,2.40
2007.11.05 08:30:34.221,0.9906,0.9909,6.70,0.80
2007.11.05 08:30:34.404,0.9906,0.9909,6.70,0.80
2007.11.05 08:30:34.689,0.99055,0.99085,6.70,2.40
2007.11.05 08:30:34.969,0.99055,0.99085,6.70,2.40
2007.11.05 08:30:35.336,0.99055,0.99085,6.70,2.40
2007.11.05 08:30:35.670,0.9906,0.99085,6.70,2.40
2007.11.05 08:30:36.220,0.9906,0.99085,6.70,4.00
2007.11.05 08:30:36.677,0.9906,0.99085,6.70,4.00
2007.11.05 08:30:36.995,0.99055,0.9909,9.10,8.80
2007.11.05 08:30:37.505,0.99055,0.9909,9.10,8.80
2007.11.05 08:30:37.729,0.99055,0.99085,9.10,2.40
2007.11.05 08:30:37.953,0.9906,0.99085,6.70,2.40
2007.11.05 08:30:38.860,0.9906,0.99085,6.70,2.40
2007.11.05 08:30:39.240,0.9906,0.99085,6.70,2.40
2007.11.05 08:30:39.767,0.9906,0.9909,6.70,8.80
2007.11.05 08:30:40.001,0.9906,0.9909,6.70,8.80
2007.11.05 08:30:40.334,0.99065,0.99095,6.70,16.00
2007.11.05 08:30:40.667,0.99055,0.99095,8.80,3.20
2007.11.05 08:30:41.000,0.99055,0.99095,7.20,5.60
2007.11.05 08:30:41.333,0.99065,0.991,2.40,0.80
2007.11.05 08:30:41.652,0.99065,0.99095,2.40,2.40
2007.11.05 08:30:42.014,0.99065,0.99095,2.40,2.40
2007.11.05 08:30:42.734,0.99065,0.99095,2.40,2.40
2007.11.05 08:30:43.067,0.99065,0.991,9.10,9.60
2007.11.05 08:30:43.753,0.99065,0.991,9.10,9.60
2007.11.05 08:30:44.133,0.9905,0.991,1.60,0.80
2007.11.05 08:30:44.789,0.9905,0.991,1.60,0.80
2007.11.05 08:30:45.170,0.9905,0.991,1.60,0.80
2007.11.05 08:30:45.764,0.99055,0.991,13.60,0.80
2007.11.05 08:30:46.098,0.99065,0.991,6.70,9.60
2007.11.05 08:30:46.706,0.99065,0.991,6.70,9.60
2007.11.05 08:30:47.026,0.99065,0.991,6.70,9.60
2007.11.05 08:30:47.242,0.99065,0.991,6.70,9.60
2007.11.05 08:30:47.754,0.99065,0.991,6.70,9.60
2007.11.05 08:30:48.907,0.99065,0.991,6.70,9.60
2007.11.05 08:30:49.531,0.99065,0.991,6.70,9.60
2007.11.05 08:30:49.794,0.9906,0.99095,6.70,11.20
2007.11.05 08:30:50.250,0.9906,0.99095,6.70,11.20
2007.11.05 08:30:50.894,0.99055,0.99095,20.30,11.20
2007.11.05 08:30:51.285,0.99055,0.99095,20.30,11.20
2007.11.05 08:30:51.703,0.99055,0.99095,20.30,11.20
2007.11.05 08:30:51.882,0.99065,0.99095,1.80,11.20
2007.11.05 08:30:52.212,0.9906,0.99095,7.50,11.20
2007.11.05 08:30:52.533,0.99065,0.99095,9.10,8.80
2007.11.05 08:30:53.052,0.99065,0.99095,9.10,8.80
2007.11.05 08:30:53.360,0.99065,0.991,9.10,8.80
2007.11.05 08:30:53.753,0.9907,0.99105,6.70,18.40
2007.11.05 08:30:53.987,0.9907,0.99105,6.70,18.40
2007.11.05 08:30:54.507,0.9907,0.99105,6.70,18.40
2007.11.05 08:30:56.094,0.9907,0.991,6.70,0.80
2007.11.05 08:30:56.342,0.9907,0.991,6.70,0.80
2007.11.05 08:30:56.716,0.9907,0.991,6.70,0.80
2007.11.05 08:30:56.894,0.9907,0.991,7.50,0.80
2007.11.05 08:30:59.021,0.9907,0.991,7.50,0.80
2007.11.05 08:30:59.314,0.99075,0.99105,6.70,18.40
2007.11.05 08:30:59.607,0.9907,0.99105,6.70,18.40
2007.11.05 08:31:02.021,0.9907,0.99105,6.70,18.40
2007.11.05 08:31:02.429,0.9907,0.99105,6.70,18.40
2007.11.05 08:31:04.777,0.9907,0.99105,6.70,18.40
2007.11.05 08:31:05.043,0.99065,0.99095,9.10,8.80
2007.11.05 08:31:05.317,0.99065,0.99095,9.10,8.80
2007.11.05 08:31:05.843,0.99065,0.99095,9.10,8.80
2007.11.05 08:31:06.175,0.99065,0.991,9.10,8.80
2007.11.05 08:31:06.723,0.99065,0.991,9.10,8.80
2007.11.05 08:31:06.917,0.99065,0.99085,2.40,2.40
2007.11.05 08:31:08.181,0.99065,0.99085,2.40,2.40
2007.11.05 08:31:08.526,0.99065,0.99095,2.40,8.80
2007.11.05 08:31:08.808,0.99065,0.99095,2.40,8.80
2007.11.05 08:31:09.041,0.9907,0.991,0.80,8.80
2007.11.05 08:31:09.785,0.9907,0.991,0.80,8.80
2007.11.05 08:31:10.208,0.9907,0.991,0.80,8.80
2007.11.05 08:31:10.494,0.9907,0.99095,0.80,2.40
2007.11.05 08:31:10.912,0.9907,0.99095,0.80,2.40
2007.11.05 08:31:11.269,0.9907,0.99095,0.80,8.80
2007.11.05 08:31:11.688,0.99075,0.991,0.80,8.80
2007.11.05 08:31:12.174,0.99075,0.991,0.80,8.80
2007.11.05 08:31:12.372,0.99065,0.99095,6.70,2.40
2007.11.05 08:31:12.640,0.99065,0.99095,6.70,6.40
2007.11.05 08:31:12.964,0.99065,0.99095,6.70,15.20
2007.11.05 08:31:13.287,0.99065,0.99095,6.70,15.20
2007.11.05 08:31:13.628,0.99065,0.99095,6.70,15.20
2007.11.05 08:31:13.830,0.99065,0.99095,9.10,15.20
2007.11.05 08:31:14.263,0.99065,0.99095,9.10,15.20
2007.11.05 08:31:14.466,0.99065,0.99095,7.50,6.40
2007.11.05 08:31:14.729,0.9907,0.99095,6.70,2.40
2007.11.05 08:31:15.155,0.9907,0.99085,6.70,2.40
2007.11.05 08:31:15.487,0.9907,0.99095,6.70,2.40
2007.11.05 08:31:15.821,0.9907,0.99095,6.70,2.40
2007.11.05 08:31:16.353,0.99065,0.99095,6.70,11.20
2007.11.05 08:31:16.686,0.99065,0.99095,6.70,11.20
2007.11.05 08:31:17.602,0.9906,0.99095,7.50,15.20
2007.11.05 08:31:17.800,0.9906,0.99095,7.50,15.20
2007.11.05 08:31:18.221,0.9906,0.99095,7.50,15.20
2007.11.05 08:31:19.246,0.9906,0.99095,7.50,15.20
2007.11.05 08:31:19.579,0.9906,0.99095,7.50,15.20
2007.11.05 08:31:19.782,0.9906,0.99095,7.50,15.20
2007.11.05 08:31:20.137,0.9906,0.99095,6.70,15.20
2007.11.05 08:31:22.118,0.9906,0.99095,6.70,15.20
2007.11.05 08:31:22.331,0.9906,0.99095,6.70,15.20
2007.11.05 08:31:22.545,0.9906,0.99095,6.70,15.20
2007.11.05 08:31:22.787,0.9906,0.99095,6.70,15.20
2007.11.05 08:31:23.755,0.9906,0.99095,6.70,15.20
2007.11.05 08:31:23.989,0.9906,0.99095,6.70,15.20
2007.11.05 08:31:24.237,0.9906,0.99095,6.70,15.20
2007.11.05 08:31:24.485,0.9906,0.99095,6.70,15.20
2007.11.05 08:31:24.791,0.9906,0.99095,6.70,15.20
2007.11.05 08:31:25.265,0.9906,0.99095,6.70,15.20
2007.11.05 08:31:25.718,0.9906,0.9909,6.70,8.80
2007.11.05 08:31:26.039,0.9907,0.9909,1.60,8.80
2007.11.05 08:31:26.358,0.9907,0.9909,0.80,8.80
2007.11.05 08:31:26.701,0.9907,0.9909,0.80,8.80
2007.11.05 08:31:29.298,0.99065,0.99095,9.90,2.40
2007.11.05 08:31:29.783,0.99065,0.99095,9.90,2.40
2007.11.05 08:31:30.988,0.99065,0.99095,9.90,0.70
2007.11.05 08:31:31.253,0.99065,0.991,9.90,11.20
2007.11.05 08:31:33.161,0.99065,0.991,9.90,0.70
2007.11.05 08:31:33.391,0.99065,0.99105,9.90,18.40
2007.11.05 08:31:33.618,0.99065,0.99105,9.90,18.40
2007.11.05 08:31:34.722,0.99065,0.99095,9.10,0.60
2007.11.05 08:31:34.985,0.99065,0.991,9.90,11.20
2007.11.05 08:31:35.793,0.99065,0.99095,9.90,0.50
2007.11.05 08:31:36.863,0.99065,0.99095,9.90,0.70
2007.11.05 08:31:37.800,0.99065,0.99095,9.90,0.80
2007.11.05 08:31:38.386,0.99065,0.991,9.90,11.20
2007.11.05 08:31:39.415,0.99065,0.99095,9.90,0.60
2007.11.05 08:31:39.795,0.99065,0.991,9.90,11.20
2007.11.05 08:31:40.442,0.99065,0.991,9.90,11.20
2007.11.05 08:31:41.733,0.99065,0.991,9.90,0.70
2007.11.05 08:31:41.994,0.99065,0.99105,9.90,19.20
2007.11.05 08:31:42.350,0.99065,0.99105,9.90,19.20
2007.11.05 08:31:42.615,0.99075,0.99105,0.80,19.20
2007.11.05 08:31:44.798,0.99075,0.991,0.80,0.70
2007.11.05 08:31:44.976,0.99075,0.991,0.80,0.90
2007.11.05 08:31:45.198,0.99075,0.99105,0.80,19.20
2007.11.05 08:31:46.036,0.99075,0.99105,0.80,19.20
2007.11.05 08:31:46.668,0.99075,0.991,0.80,0.50
2007.11.05 08:31:46.920,0.99065,0.99095,9.90,0.50
2007.11.05 08:31:47.181,0.99065,0.99105,9.90,19.20
2007.11.05 08:31:47.380,0.99075,0.99105,0.80,19.20
2007.11.05 08:31:47.683,0.99075,0.991,0.80,11.20
2007.11.05 08:31:47.986,0.99075,0.991,0.80,11.20
2007.11.05 08:31:48.290,0.99075,0.991,0.80,13.60
2007.11.05 08:31:48.640,0.99075,0.991,0.80,13.60
2007.11.05 08:31:49.187,0.99065,0.99095,7.50,0.60
2007.11.05 08:31:49.469,0.99065,0.991,7.50,13.60
2007.11.05 08:31:49.797,0.99065,0.991,7.50,13.60
2007.11.05 08:31:50.518,0.99065,0.99095,7.50,0.90
2007.11.05 08:31:51.296,0.99065,0.991,7.50,13.60
2007.11.05 08:31:51.725,0.99065,0.991,7.50,11.20
2007.11.05 08:31:51.986,0.99065,0.99095,6.70,0.80
2007.11.05 08:31:52.258,0.99065,0.991,6.70,11.20
2007.11.05 08:31:52.535,0.99065,0.99095,6.70,0.70
2007.11.05 08:31:53.469,0.99065,0.991,6.70,11.20
2007.11.05 08:31:53.766,0.9906,0.991,8.30,12.00
2007.11.05 08:31:54.502,0.9906,0.991,8.30,12.80
2007.11.05 08:31:54.801,0.9906,0.991,8.30,12.80
2007.11.05 08:31:55.137,0.9906,0.99095,8.30,0.80
2007.11.05 08:31:55.637,0.9906,0.99095,8.30,0.90
2007.11.05 08:31:55.972,0.9906,0.99095,7.50,0.90
2007.11.05 08:31:56.416,0.9906,0.991,6.70,20.00
2007.11.05 08:31:56.752,0.9906,0.99095,6.70,0.60
2007.11.05 08:31:56.978,0.9906,0.991,6.70,19.20
2007.11.05 08:31:57.177,0.9906,0.991,6.70,19.20
2007.11.05 08:31:57.385,0.9906,0.991,6.70,19.20
2007.11.05 08:31:57.985,0.9906,0.99095,6.70,0.50
2007.11.05 08:31:58.316,0.9906,0.99095,6.70,0.50
2007.11.05 08:31:58.723,0.9906,0.991,6.70,20.00
2007.11.05 08:31:59.801,0.9906,0.99095,6.70,18.40
2007.11.05 08:32:01.226,0.9906,0.99095,6.70,18.40
2007.11.05 08:32:01.560,0.9906,0.99095,7.50,12.00
2007.11.05 08:32:02.061,0.9906,0.99095,8.30,12.00
2007.11.05 08:32:02.892,0.9906,0.99095,8.30,12.00
2007.11.05 08:32:03.301,0.9906,0.99095,8.30,12.00
2007.11.05 08:32:03.826,0.9906,0.99095,7.50,14.40
2007.11.05 08:32:04.060,0.9906,0.9909,6.70,8.80
2007.11.05 08:32:04.798,0.9906,0.9909,6.70,8.80
2007.11.05 08:32:05.239,0.9906,0.9909,6.70,8.80
2007.11.05 08:32:05.956,0.9906,0.9909,6.70,8.80
2007.11.05 08:32:06.120,0.9906,0.99095,6.70,14.40
2007.11.05 08:32:06.284,0.9906,0.99095,6.70,12.00
2007.11.05 08:32:06.472,0.99055,0.9909,16.30,8.80
2007.11.05 08:32:06.711,0.99055,0.9909,16.30,8.80
2007.11.05 08:32:07.295,0.9906,0.99095,6.70,16.00
2007.11.05 08:32:07.644,0.9906,0.99095,6.70,16.00
2007.11.05 08:32:07.977,0.9906,0.99095,6.70,18.40
2007.11.05 08:32:08.165,0.9906,0.99095,6.70,19.20
2007.11.05 08:32:08.352,0.9906,0.99095,7.50,16.80
2007.11.05 08:32:08.700,0.9906,0.99095,8.30,19.20
2007.11.05 08:32:08.949,0.9906,0.99095,8.30,19.20
2007.11.05 08:32:09.219,0.9906,0.99095,8.30,19.20
2007.11.05 08:32:09.557,0.9906,0.99095,7.50,19.20
2007.11.05 08:32:09.891,0.9906,0.9909,0.80,8.80
2007.11.05 08:32:10.223,0.9906,0.99095,8.30,19.20
2007.11.05 08:32:10.557,0.99065,0.99085,0.80,2.40
2007.11.05 08:32:11.151,0.99065,0.99085,0.80,2.40
2007.11.05 08:32:11.564,0.99065,0.99085,0.80,2.40
2007.11.05 08:32:11.777,0.99065,0.9909,0.80,8.80
2007.11.05 08:32:12.074,0.99065,0.9909,0.80,8.80
2007.11.05 08:32:12.384,0.9906,0.9909,1.60,8.80
2007.11.05 08:32:13.322,0.9906,0.9909,1.60,8.80
2007.11.05 08:32:13.638,0.9906,0.9909,1.60,8.80
2007.11.05 08:32:13.866,0.9906,0.99095,8.30,11.20
2007.11.05 08:32:14.095,0.9907,0.99095,0.80,2.40
2007.11.05 08:32:14.838,0.9907,0.99095,0.80,2.40
2007.11.05 08:32:15.301,0.99075,0.99095,0.80,3.20
2007.11.05 08:32:15.674,0.99065,0.99095,7.50,14.40
2007.11.05 08:32:15.987,0.99065,0.9909,7.50,0.80
2007.11.05 08:32:16.299,0.99065,0.99095,7.50,14.40
2007.11.05 08:32:16.851,0.9906,0.99095,6.70,19.20
2007.11.05 08:32:17.174,0.99055,0.99085,13.10,8.80
2007.11.05 08:32:17.555,0.99055,0.99085,13.10,8.80
2007.11.05 08:32:17.772,0.99055,0.99085,2.40,8.80
2007.11.05 08:32:19.800,0.99055,0.99085,2.40,8.80
2007.11.05 08:32:19.993,0.99055,0.99085,9.10,8.80
2007.11.05 08:32:20.187,0.99055,0.99085,9.10,8.80
2007.11.05 08:32:20.381,0.99055,0.99085,9.10,11.20
2007.11.05 08:32:20.714,0.99065,0.99085,0.80,11.20
2007.11.05 08:32:21.047,0.99065,0.9909,0.80,8.80
2007.11.05 08:32:21.560,0.99065,0.9909,0.80,8.80
2007.11.05 08:32:24.805,0.99065,0.9909,0.80,8.80
2007.11.05 08:32:29.932,0.99065,0.9909,0.80,8.80
2007.11.05 08:32:31.140,0.99065,0.9909,0.80,8.80
2007.11.05 08:32:31.474,0.9905,0.99085,6.70,8.80
2007.11.05 08:32:31.808,0.9905,0.99085,6.70,8.80
2007.11.05 08:32:31.972,0.9905,0.99085,6.70,8.80
2007.11.05 08:32:32.188,0.9905,0.99085,6.70,8.80
2007.11.05 08:32:32.351,0.9905,0.99085,6.70,12.00
2007.11.05 08:32:32.715,0.9905,0.99085,6.70,12.00
2007.11.05 08:32:33.024,0.9905,0.9908,6.70,1.60
2007.11.05 08:32:33.333,0.9905,0.99075,6.70,2.40
2007.11.05 08:32:33.957,0.9905,0.99075,6.70,2.40
2007.11.05 08:32:34.180,0.99045,0.99075,9.10,2.40
2007.11.05 08:32:34.800,0.99045,0.99075,9.10,2.40
2007.11.05 08:32:35.505,0.99045,0.99075,9.10,2.40
2007.11.05 08:32:35.749,0.99045,0.99075,6.70,2.40
2007.11.05 08:32:36.131,0.9904,0.99075,7.50,11.20
2007.11.05 08:32:36.466,0.99045,0.99075,9.10,2.40
2007.11.05 08:32:36.488,0.99045,0.9908,9.10,11.20
2007.11.05 08:32:36.857,0.99045,0.9908,9.10,11.20
2007.11.05 08:32:37.108,0.99045,0.9908,9.10,11.20
2007.11.05 08:32:37.470,0.99045,0.99075,9.10,0.50
2007.11.05 08:32:37.663,0.99045,0.9908,9.10,11.20
2007.11.05 08:32:37.992,0.99045,0.99085,9.90,19.20
2007.11.05 08:32:38.520,0.99045,0.9908,9.90,0.90
2007.11.05 08:32:38.828,0.99045,0.99085,9.90,34.50
2007.11.05 08:32:39.145,0.99045,0.99085,9.90,44.10
2007.11.05 08:32:39.388,0.9904,0.99075,0.80,13.60
2007.11.05 08:32:39.597,0.99045,0.9908,6.70,19.20
2007.11.05 08:32:40.166,0.9904,0.99075,7.50,17.60
2007.11.05 08:32:40.680,0.9904,0.99075,7.50,17.60
2007.11.05 08:32:41.016,0.9904,0.99065,7.50,0.80
2007.11.05 08:32:41.424,0.99045,0.9907,2.40,11.20
2007.11.05 08:32:41.722,0.99045,0.9907,2.40,11.20
2007.11.05 08:32:41.924,0.99045,0.9907,3.20,11.20
2007.11.05 08:32:42.258,0.9905,0.9907,0.80,11.20
2007.11.05 08:32:42.656,0.9905,0.99065,0.80,0.60
2007.11.05 08:32:42.989,0.9904,0.99075,0.80,15.20
2007.11.05 08:32:43.198,0.9904,0.99075,0.80,15.20
2007.11.05 08:32:43.402,0.9904,0.9908,6.70,34.50
2007.11.05 08:32:43.699,0.9904,0.99075,6.70,0.60
2007.11.05 08:32:43.897,0.99035,0.99075,9.10,35.30
2007.11.05 08:32:44.220,0.99035,0.99075,9.10,38.50
2007.11.05 08:32:44.548,0.99035,0.9907,9.10,10.40
2007.11.05 08:32:44.871,0.99035,0.99065,9.90,0.80
2007.11.05 08:32:45.194,0.99035,0.9907,3.20,11.20
2007.11.05 08:32:45.528,0.9904,0.9907,0.80,10.40
2007.11.05 08:32:45.862,0.9904,0.99065,0.80,9.60
2007.11.05 08:32:46.193,0.99035,0.9907,4.80,10.40
2007.11.05 08:32:46.431,0.99035,0.9907,4.80,11.20
2007.11.05 08:32:46.686,0.9904,0.99075,6.70,21.60
2007.11.05 08:32:46.924,0.9904,0.99075,6.70,16.80
2007.11.05 08:32:47.216,0.99045,0.99075,4.80,0.70
2007.11.05 08:32:47.545,0.99045,0.99075,4.80,13.60
2007.11.05 08:32:47.875,0.9904,0.99075,6.70,13.60
2007.11.05 08:32:48.203,0.9904,0.9907,6.70,0.70
2007.11.05 08:32:48.437,0.99045,0.99075,2.40,14.40
2007.11.05 08:32:48.675,0.99045,0.99075,2.40,14.40
2007.11.05 08:32:48.908,0.99045,0.9907,1.60,0.60
2007.11.05 08:32:49.196,0.99045,0.99075,1.60,18.40
2007.11.05 08:32:49.485,0.9905,0.99075,0.80,16.00
2007.11.05 08:32:49.794,0.9905,0.9907,0.80,0.50
2007.11.05 08:32:50.081,0.99045,0.99075,2.40,14.40
2007.11.05 08:32:50.369,0.99045,0.99075,4.80,13.60
2007.11.05 08:32:50.702,0.99045,0.9908,11.50,10.40
2007.11.05 08:32:51.035,0.99045,0.9907,11.50,0.80
2007.11.05 08:32:51.369,0.99045,0.99075,9.10,11.20
2007.11.05 08:32:52.459,0.99045,0.9907,9.10,0.80
2007.11.05 08:32:52.742,0.99045,0.99075,9.10,11.20
2007.11.05 08:32:53.026,0.99045,0.99075,12.30,11.20
2007.11.05 08:32:53.498,0.99045,0.99075,12.30,11.20
2007.11.05 08:32:54.795,0.99045,0.9907,12.30,0.90
2007.11.05 08:32:55.155,0.99045,0.99075,12.30,11.20
2007.11.05 08:32:55.408,0.9905,0.9908,6.70,0.70
2007.11.05 08:32:56.341,0.9905,0.99085,6.70,18.40
2007.11.05 08:32:56.669,0.9905,0.99085,6.70,16.00
2007.11.05 08:32:56.852,0.99055,0.99085,6.70,0.70
2007.11.05 08:32:57.188,0.99055,0.9909,6.70,17.60
2007.11.05 08:32:57.618,0.99055,0.99085,6.70,0.80
2007.11.05 08:32:57.958,0.99055,0.9909,6.70,17.60
2007.11.05 08:32:58.351,0.99055,0.9909,6.70,17.60
2007.11.05 08:32:58.757,0.99045,0.9908,16.30,0.60
2007.11.05 08:32:58.970,0.9905,0.9909,6.70,12.80
2007.11.05 08:32:59.185,0.9905,0.9909,6.70,12.00
2007.11.05 08:32:59.399,0.99055,0.99085,9.10,0.60
2007.11.05 08:32:59.612,0.99055,0.99085,9.90,0.50
2007.11.05 08:32:59.908,0.99055,0.99095,9.90,16.00
2007.11.05 08:33:00.218,0.99055,0.9909,9.90,0.60
2007.11.05 08:33:00.532,0.99055,0.9909,9.90,0.90
2007.11.05 08:33:00.814,0.99055,0.9909,12.30,0.70
2007.11.05 08:33:01.146,0.99055,0.99095,13.10,11.20
2007.11.05 08:33:01.480,0.99055,0.99095,13.10,11.20
2007.11.05 08:33:01.931,0.99055,0.99095,13.10,11.20
2007.11.05 08:33:02.119,0.9906,0.9909,6.70,0.90
2007.11.05 08:33:02.308,0.99055,0.9909,9.90,11.20
2007.11.05 08:33:02.508,0.99055,0.99085,9.90,0.90
2007.11.05 08:33:02.818,0.99055,0.9909,9.90,11.20
2007.11.05 08:33:03.657,0.99055,0.99085,9.90,0.60
2007.11.05 08:33:03.966,0.99055,0.99085,7.50,0.60
2007.11.05 08:33:04.345,0.99055,0.9909,7.50,11.20
2007.11.05 08:33:04.700,0.99055,0.99085,7.50,0.80
2007.11.05 08:33:04.984,0.99055,0.9909,6.70,0.50
2007.11.05 08:33:05.267,0.99055,0.9909,6.70,0.50
2007.11.05 08:33:05.551,0.9905,0.99085,7.50,0.80
2007.11.05 08:33:06.126,0.9905,0.99095,6.70,15.20
2007.11.05 08:33:06.528,0.9905,0.99085,6.70,0.70
2007.11.05 08:33:06.862,0.99055,0.9909,6.70,12.00
2007.11.05 08:33:07.151,0.99055,0.99085,6.70,0.70
2007.11.05 08:33:07.359,0.99055,0.9909,6.70,11.20
2007.11.05 08:33:08.511,0.99055,0.9909,6.70,11.20
2007.11.05 08:33:08.839,0.99055,0.99095,6.70,32.90
2007.11.05 08:33:09.168,0.9905,0.99085,6.70,0.70
2007.11.05 08:33:09.382,0.9905,0.99095,7.50,32.90
2007.11.05 08:33:09.655,0.9905,0.99095,7.50,32.90
2007.11.05 08:33:10.167,0.9905,0.99095,7.50,32.90
2007.11.05 08:33:10.659,0.9905,0.99085,7.50,0.50
2007.11.05 08:33:11.080,0.9905,0.99085,7.50,0.90
2007.11.05 08:33:11.388,0.9905,0.99095,7.50,32.90
2007.11.05 08:33:11.596,0.99055,0.99095,6.70,28.90
2007.11.05 08:33:12.702,0.9905,0.99085,7.50,0.70
2007.11.05 08:33:13.001,0.99055,0.99095,6.70,15.20
2007.11.05 08:33:13.556,0.99055,0.99085,6.70,0.90
2007.11.05 08:33:13.780,0.99055,0.99085,6.70,0.70
2007.11.05 08:33:14.273,0.99055,0.99095,6.70,15.20
2007.11.05 08:33:14.507,0.99055,0.99095,13.10,15.20
2007.11.05 08:33:14.797,0.99055,0.99095,13.10,15.20
2007.11.05 08:33:15.099,0.9906,0.991,6.70,16.00
2007.11.05 08:33:16.196,0.9906,0.991,6.70,16.00
2007.11.05 08:33:16.545,0.9906,0.99105,6.70,38.50
2007.11.05 08:33:16.764,0.9906,0.99105,6.70,38.50
2007.11.05 08:33:16.970,0.99065,0.99105,9.10,24.00
2007.11.05 08:33:17.198,0.99065,0.99105,9.10,24.00
2007.11.05 08:33:17.386,0.99065,0.99105,9.10,32.90
2007.11.05 08:33:17.681,0.99065,0.99095,2.40,0.80
2007.11.05 08:33:17.828,0.9906,0.99105,9.10,41.70
2007.11.05 08:33:17.974,0.99065,0.9909,0.60,0.50
2007.11.05 08:33:19.337,0.99055,0.99095,17.10,25.70
2007.11.05 08:33:19.798,0.99065,0.9909,0.60,0.90
2007.11.05 08:33:20.265,0.99065,0.9909,0.50,0.50
2007.11.05 08:33:20.504,0.9906,0.99105,9.10,37.70
2007.11.05 08:33:22.168,0.99055,0.99105,13.10,33.70
2007.11.05 08:33:22.474,0.9906,0.99095,0.50,0.50
2007.11.05 08:33:22.752,0.9906,0.99095,0.80,0.90
2007.11.05 08:33:23.385,0.99055,0.99105,17.10,37.70
2007.11.05 08:33:24.796,0.9906,0.99095,0.60,0.80
2007.11.05 08:33:25.651,0.9906,0.99095,0.80,0.80
2007.11.05 08:33:26.161,0.99055,0.99095,13.10,18.40
2007.11.05 08:33:26.495,0.99055,0.99095,13.10,18.40
2007.11.05 08:33:27.527,0.99055,0.99095,17.10,14.40
2007.11.05 08:33:28.671,0.9906,0.99095,1.60,14.40
2007.11.05 08:33:29.683,0.9906,0.99095,3.60,18.40
2007.11.05 08:33:29.928,0.99055,0.99095,15.50,18.40
2007.11.05 08:33:30.179,0.99055,0.99095,17.10,17.60
2007.11.05 08:33:30.499,0.99055,0.99095,20.30,15.20
2007.11.05 08:33:30.799,0.99055,0.99095,20.30,15.20
2007.11.05 08:33:31.153,0.99065,0.99095,0.60,4.00
2007.11.05 08:33:31.635,0.9906,0.99095,11.50,4.00
2007.11.05 08:33:31.969,0.99065,0.99095,0.90,8.80
2007.11.05 08:33:32.465,0.99065,0.99095,0.50,8.80
2007.11.05 08:33:33.178,0.99065,0.99095,1.40,8.80
2007.11.05 08:33:34.806,0.99065,0.99095,0.80,8.80
2007.11.05 08:33:35.351,0.99065,0.99095,1.60,8.80
2007.11.05 08:33:35.628,0.99065,0.99095,3.10,8.80
2007.11.05 08:33:39.800,0.9906,0.99095,9.90,8.80
2007.11.05 08:33:40.029,0.99065,0.99095,4.00,8.80
2007.11.05 08:33:40.362,0.9906,0.99095,11.50,8.80
2007.11.05 08:33:41.343,0.99065,0.99095,2.10,8.80
2007.11.05 08:33:42.161,0.99065,0.99095,3.70,8.80
2007.11.05 08:33:42.488,0.9906,0.99095,10.70,8.80
2007.11.05 08:33:42.911,0.9906,0.99095,1.00,11.20
2007.11.05 08:33:43.274,0.9906,0.99095,12.30,8.80
2007.11.05 08:33:43.620,0.99065,0.99095,1.60,8.80
2007.11.05 08:33:43.818,0.9906,0.991,12.30,8.80
2007.11.05 08:33:44.032,0.9906,0.991,12.30,8.80
2007.11.05 08:33:44.439,0.99065,0.991,1.80,8.80
2007.11.05 08:33:44.772,0.99065,0.991,5.20,8.80
2007.11.05 08:33:46.702,0.99065,0.991,4.50,8.80
2007.11.05 08:33:46.887,0.99065,0.99095,3.90,2.40
2007.11.05 08:33:47.139,0.99065,0.99095,2.40,12.00
2007.11.05 08:33:47.541,0.99065,0.99095,2.40,12.00
2007.11.05 08:33:48.038,0.99065,0.99095,2.40,12.00
2007.11.05 08:33:48.321,0.99065,0.9909,2.40,8.80
2007.11.05 08:33:48.678,0.99065,0.9909,2.40,8.80
2007.11.05 08:33:48.927,0.9907,0.99095,0.80,8.80
2007.11.05 08:33:49.175,0.99075,0.99095,0.80,8.80
2007.11.05 08:33:49.423,0.99065,0.991,9.10,8.80
2007.11.05 08:33:49.796,0.99065,0.991,9.10,8.80
2007.11.05 08:33:50.094,0.99065,0.99095,2.40,11.20
2007.11.05 08:33:50.393,0.99065,0.99095,2.40,8.80
2007.11.05 08:33:50.726,0.99065,0.991,9.10,8.80
2007.11.05 08:33:51.058,0.99065,0.991,9.10,8.80
2007.11.05 08:33:51.391,0.99065,0.991,9.10,8.80
2007.11.05 08:33:51.725,0.99065,0.991,9.10,8.80
2007.11.05 08:33:51.954,0.99065,0.99095,9.10,8.80
2007.11.05 08:33:52.183,0.99065,0.99095,9.10,8.80
2007.11.05 08:33:52.552,0.99065,0.99095,9.10,8.80
2007.11.05 08:33:52.820,0.99065,0.99095,9.10,22.50
2007.11.05 08:33:53.087,0.99065,0.99095,9.10,25.70
2007.11.05 08:33:53.431,0.99065,0.99095,9.10,25.70
2007.11.05 08:33:53.699,0.99065,0.9909,2.40,8.80
2007.11.05 08:33:53.937,0.99065,0.9909,2.40,8.80
2007.11.05 08:33:54.175,0.99065,0.9909,2.40,8.80
2007.11.05 08:33:54.414,0.99065,0.99095,2.40,9.60
2007.11.05 08:33:54.802,0.99065,0.99095,2.40,9.60
2007.11.05 08:33:55.188,0.9906,0.99095,6.70,12.00
2007.11.05 08:33:55.599,0.9906,0.99095,6.70,12.00
2007.11.05 08:33:55.912,0.9906,0.99085,6.70,4.00
2007.11.05 08:33:57.759,0.9906,0.99085,7.50,6.40
2007.11.05 08:33:58.048,0.99065,0.99085,0.80,6.40
2007.11.05 08:33:58.337,0.99065,0.99085,7.50,4.00
2007.11.05 08:33:58.730,0.99065,0.99085,7.50,4.00
2007.11.05 08:33:59.019,0.99065,0.99085,7.50,4.00
2007.11.05 08:33:59.282,0.99055,0.99085,7.20,4.00
2007.11.05 08:33:59.554,0.99055,0.99085,7.20,4.00
2007.11.05 08:33:59.985,0.9906,0.99085,6.70,4.00
2007.11.05 08:34:00.560,0.9906,0.99085,6.70,4.00
2007.11.05 08:34:00.838,0.9906,0.99095,6.70,15.20
2007.11.05 08:34:01.148,0.9906,0.991,6.70,16.00
2007.11.05 08:34:01.323,0.9906,0.991,6.70,16.00
2007.11.05 08:34:01.838,0.9906,0.991,6.70,16.00
2007.11.05 08:34:02.219,0.99065,0.9909,2.40,8.80
2007.11.05 08:34:02.463,0.99065,0.99095,9.90,6.40
2007.11.05 08:34:02.705,0.99065,0.99095,9.90,6.40
2007.11.05 08:34:03.179,0.99065,0.99095,9.90,6.40
2007.11.05 08:34:03.408,0.99065,0.99095,9.90,6.40
2007.11.05 08:34:04.796,0.99065,0.99095,9.90,6.40
2007.11.05 08:34:07.186,0.99065,0.99095,9.90,6.40
2007.11.05 08:34:07.439,0.99065,0.99095,9.90,6.40
2007.11.05 08:34:07.693,0.99065,0.99095,9.90,6.40
2007.11.05 08:34:07.945,0.99065,0.99095,12.30,4.00
2007.11.05 08:34:08.208,0.99065,0.99095,12.30,4.00
2007.11.05 08:34:08.481,0.9907,0.99095,1.60,4.00
2007.11.05 08:34:08.755,0.9907,0.99105,9.90,16.00
2007.11.05 08:34:09.046,0.9907,0.99105,9.90,15.20
2007.11.05 08:34:09.573,0.99075,0.99105,6.70,6.40
2007.11.05 08:34:11.724,0.99075,0.99105,6.70,6.40
2007.11.05 08:34:11.939,0.99075,0.99105,6.70,6.40
2007.11.05 08:34:13.307,0.99075,0.99105,6.70,6.40
2007.11.05 08:34:13.510,0.99075,0.99105,6.70,6.40
2007.11.05 08:34:13.908,0.99075,0.99105,6.70,6.40
2007.11.05 08:34:14.216,0.99075,0.99105,6.70,6.40
2007.11.05 08:34:14.800,0.99075,0.99105,6.70,6.40
2007.11.05 08:34:16.702,0.99075,0.99105,6.70,6.40
2007.11.05 08:34:17.413,0.99075,0.99105,6.70,6.40
2007.11.05 08:34:17.695,0.9907,0.99105,8.30,15.20
2007.11.05 08:34:17.979,0.9907,0.99105,6.70,15.20
2007.11.05 08:34:18.263,0.9907,0.99105,6.70,15.20
2007.11.05 08:34:19.217,0.9907,0.99105,6.70,15.20
2007.11.05 08:34:19.472,0.9907,0.99105,6.70,17.60
2007.11.05 08:34:19.802,0.9907,0.99105,6.70,17.60
2007.11.05 08:34:20.195,0.9907,0.99105,6.70,18.40
2007.11.05 08:34:20.668,0.9907,0.99105,6.70,18.40
2007.11.05 08:34:24.812,0.9907,0.99105,6.70,18.40
2007.11.05 08:34:25.623,0.9907,0.99105,6.70,18.40
2007.11.05 08:34:25.957,0.9907,0.99105,6.70,18.40
2007.11.05 08:34:26.672,0.9907,0.99105,6.70,18.40
2007.11.05 08:34:26.837,0.9907,0.99105,6.70,16.00
2007.11.05 08:34:27.170,0.9907,0.99105,6.70,16.00
2007.11.05 08:34:27.505,0.9907,0.99105,6.70,18.40
2007.11.05 08:34:27.837,0.9907,0.99105,6.70,12.00
2007.11.05 08:34:28.127,0.99075,0.99105,6.70,3.20
2007.11.05 08:34:28.654,0.99075,0.99105,6.70,3.20
2007.11.05 08:34:28.867,0.99075,0.99105,9.10,0.80
2007.11.05 08:34:29.121,0.99075,0.9911,9.10,8.80
2007.11.05 08:34:29.856,0.99075,0.9911,9.10,8.80
2007.11.05 08:34:32.279,0.99075,0.99105,6.70,2.40
2007.11.05 08:34:32.458,0.99075,0.99105,6.70,2.40
2007.11.05 08:34:32.606,0.9907,0.99105,6.70,15.20
2007.11.05 08:34:34.658,0.9907,0.99105,6.70,15.20
2007.11.05 08:34:34.818,0.99075,0.99105,2.40,12.80
2007.11.05 08:34:35.421,0.99075,0.99105,2.40,12.80
2007.11.05 08:34:35.755,0.99075,0.99105,2.40,8.80
2007.11.05 08:34:37.012,0.99075,0.99105,2.40,8.80
2007.11.05 08:34:37.318,0.99075,0.99105,2.40,8.80
2007.11.05 08:34:38.038,0.99075,0.99105,2.40,8.80
2007.11.05 08:34:39.797,0.99075,0.99105,2.40,8.80
2007.11.05 08:34:40.351,0.99075,0.99105,0.60,8.80
2007.11.05 08:34:41.431,0.9907,0.99105,9.10,8.80
2007.11.05 08:34:41.771,0.99075,0.99105,1.60,8.80
2007.11.05 08:34:41.983,0.99075,0.99105,0.60,8.80
2007.11.05 08:34:42.215,0.99075,0.9911,0.90,8.80
2007.11.05 08:34:42.601,0.9907,0.9911,9.90,8.80
2007.11.05 08:34:42.924,0.9907,0.9911,10.70,8.80
2007.11.05 08:34:43.250,0.9907,0.9911,10.70,8.80
2007.11.05 08:34:43.573,0.99075,0.99105,0.50,2.40
2007.11.05 08:34:43.810,0.9907,0.99105,10.70,4.00
2007.11.05 08:34:44.048,0.9907,0.99105,11.50,4.00
2007.11.05 08:34:44.569,0.9907,0.99105,11.50,4.00
2007.11.05 08:34:44.837,0.9907,0.99105,8.30,11.20
2007.11.05 08:34:45.224,0.9907,0.99105,0.80,11.20
2007.11.05 08:34:45.492,0.9907,0.99105,0.90,11.20
2007.11.05 08:34:45.844,0.99065,0.99105,14.70,15.20
2007.11.05 08:34:46.177,0.99065,0.99105,21.90,15.20
2007.11.05 08:34:46.510,0.9908,0.99105,0.80,6.40
2007.11.05 08:34:46.708,0.9908,0.99105,2.30,4.00
2007.11.05 08:34:46.906,0.99075,0.99105,9.10,4.00
2007.11.05 08:34:47.113,0.99075,0.99105,9.10,4.00
2007.11.05 08:34:47.310,0.9908,0.99105,1.40,4.00
2007.11.05 08:34:47.665,0.99075,0.99105,13.10,4.00
2007.11.05 08:34:47.978,0.99075,0.9911,13.10,8.80
2007.11.05 08:34:48.293,0.9908,0.99115,0.80,18.40
2007.11.05 08:34:48.607,0.9908,0.99105,0.80,8.80
2007.11.05 08:34:48.810,0.99085,0.9911,0.90,8.80
2007.11.05 08:34:49.015,0.9908,0.99115,9.10,16.00
2007.11.05 08:34:49.230,0.9908,0.99115,9.90,16.00
2007.11.05 08:34:49.541,0.9908,0.9911,4.40,8.80
2007.11.05 08:34:49.773,0.9908,0.9911,0.50,8.80
2007.11.05 08:34:50.091,0.99085,0.99115,0.60,16.00
2007.11.05 08:34:50.409,0.9908,0.99115,10.70,13.60
2007.11.05 08:34:50.727,0.99085,0.99115,0.70,13.60
2007.11.05 08:34:51.061,0.99085,0.99115,3.40,9.60
2007.11.05 08:34:51.768,0.9908,0.9911,13.90,8.80
2007.11.05 08:34:52.250,0.99085,0.9911,1.30,8.80
2007.11.05 08:34:52.458,0.99085,0.9911,1.20,8.80
2007.11.05 08:34:52.666,0.99065,0.9911,21.10,8.80
2007.11.05 08:34:52.980,0.99065,0.99105,18.70,8.80
2007.11.05 08:34:53.299,0.99065,0.9911,18.70,8.80
2007.11.05 08:34:54.480,0.99065,0.9911,18.70,8.80
2007.11.05 08:34:54.803,0.99065,0.9911,18.70,8.80
2007.11.05 08:34:56.726,0.99065,0.99105,18.70,2.40
2007.11.05 08:34:57.077,0.99065,0.99105,18.70,2.40
2007.11.05 08:34:57.255,0.99065,0.99105,18.70,11.20
2007.11.05 08:34:59.124,0.99065,0.99105,18.70,11.20
2007.11.05 08:34:59.302,0.9907,0.991,2.30,8.80
2007.11.05 08:34:59.480,0.9907,0.991,1.70,8.80
2007.11.05 08:34:59.747,0.99065,0.991,13.10,8.80
2007.11.05 08:35:00.263,0.9906,0.991,14.70,8.80
2007.11.05 08:35:00.596,0.99065,0.991,1.70,8.80
2007.11.05 08:35:01.386,0.99065,0.99095,1.20,2.40
2007.11.05 08:35:01.794,0.99065,0.99095,2.50,2.40
2007.11.05 08:35:01.987,0.9906,0.991,11.50,8.80
2007.11.05 08:35:02.285,0.99065,0.99105,9.90,12.00
2007.11.05 08:35:02.583,0.9907,0.99095,2.00,2.40
2007.11.05 08:35:02.881,0.99065,0.99095,1.40,2.40
2007.11.05 08:35:03.397,0.9906,0.99095,10.70,2.40
2007.11.05 08:35:03.761,0.9906,0.99095,8.30,4.80
2007.11.05 08:35:04.008,0.99055,0.99095,18.70,4.80
2007.11.05 08:35:04.252,0.9906,0.99095,7.50,13.60
2007.11.05 08:35:04.496,0.99055,0.99095,14.70,13.60
2007.11.05 08:35:04.739,0.99055,0.9909,9.90,8.80
2007.11.05 08:35:04.982,0.9906,0.9909,2.50,8.80
2007.11.05 08:35:05.391,0.9906,0.9909,1.30,8.80
2007.11.05 08:35:05.724,0.99045,0.9909,19.50,8.80
2007.11.05 08:35:06.110,0.99055,0.9909,4.00,8.80
2007.11.05 08:35:06.313,0.99055,0.9909,0.80,8.80
2007.11.05 08:35:06.516,0.9905,0.9909,9.90,8.80
2007.11.05 08:35:06.719,0.99055,0.9909,2.20,8.80
2007.11.05 08:35:07.128,0.9906,0.99095,1.80,16.00
2007.11.05 08:35:07.416,0.99055,0.99095,9.90,16.00
2007.11.05 08:35:07.707,0.99055,0.99095,9.90,16.00
2007.11.05 08:35:08.325,0.9906,0.99095,2.80,16.00
2007.11.05 08:35:08.584,0.9906,0.99095,9.10,12.00
2007.11.05 08:35:08.865,0.9906,0.99095,9.10,12.00
2007.11.05 08:35:09.192,0.9906,0.99095,9.10,12.00
2007.11.05 08:35:09.499,0.99065,0.99095,0.70,12.00
2007.11.05 08:35:09.758,0.9906,0.99095,9.10,12.00
2007.11.05 08:35:10.203,0.99065,0.99095,1.30,12.00
2007.11.05 08:35:10.649,0.9906,0.99095,9.10,12.00
2007.11.05 08:35:10.982,0.99055,0.9909,13.90,8.80
2007.11.05 08:35:11.896,0.99055,0.9909,13.90,8.80
2007.11.05 08:35:12.215,0.99055,0.9909,5.80,8.80
2007.11.05 08:35:13.378,0.99055,0.9909,4.50,8.80
2007.11.05 08:35:13.591,0.9905,0.9909,14.70,9.60
2007.11.05 08:35:13.805,0.99055,0.9909,4.60,10.40
2007.11.05 08:35:14.129,0.99055,0.99085,3.60,0.80
2007.11.05 08:35:14.450,0.99055,0.99085,1.10,0.80
2007.11.05 08:35:14.808,0.9905,0.99085,10.70,0.80
2007.11.05 08:35:15.994,0.9905,0.99085,10.70,0.80
2007.11.05 08:35:16.327,0.9905,0.99085,7.50,4.00
2007.11.05 08:35:16.496,0.99055,0.99085,2.40,8.00
2007.11.05 08:35:16.738,0.99045,0.99075,0.70,11.20
2007.11.05 08:35:16.947,0.99045,0.99075,1.50,11.20
2007.11.05 08:35:17.137,0.99045,0.99075,0.60,11.20
2007.11.05 08:35:17.306,0.9904,0.99075,7.50,11.20
2007.11.05 08:35:17.473,0.99035,0.99075,14.70,11.20
2007.11.05 08:35:17.806,0.9903,0.99065,11.50,8.80
2007.11.05 08:35:18.140,0.9903,0.99065,16.30,8.80
2007.11.05 08:35:18.473,0.9903,0.9907,11.50,8.80
2007.11.05 08:35:18.723,0.9903,0.99065,11.50,8.80
2007.11.05 08:35:19.089,0.9903,0.99065,11.50,8.80
2007.11.05 08:35:19.308,0.99035,0.9907,1.50,8.80
2007.11.05 08:35:19.639,0.9903,0.9907,12.30,8.80
2007.11.05 08:35:20.033,0.9903,0.9907,13.90,8.80
2007.11.05 08:35:20.326,0.99035,0.9907,4.30,8.80
2007.11.05 08:35:20.660,0.9903,0.9907,15.50,8.80
2007.11.05 08:35:20.993,0.9903,0.99065,15.50,8.80
2007.11.05 08:35:21.326,0.9903,0.99065,12.30,8.80
2007.11.05 08:35:21.659,0.99035,0.99065,1.20,8.80
2007.11.05 08:35:21.906,0.9902,0.9906,24.30,8.80
2007.11.05 08:35:22.189,0.9902,0.9906,24.30,8.80
2007.11.05 08:35:22.383,0.9902,0.9906,17.90,8.80
2007.11.05 08:35:22.733,0.99025,0.9906,2.60,8.80
2007.11.05 08:35:23.066,0.9902,0.9906,15.50,8.80
2007.11.05 08:35:23.400,0.99025,0.9906,1.00,8.80
2007.11.05 08:35:23.734,0.99035,0.99055,1.10,8.80
2007.11.05 08:35:23.986,0.99035,0.99055,0.70,8.80
2007.11.05 08:35:24.277,0.99025,0.99055,10.40,8.80
2007.11.05 08:35:24.514,0.99025,0.99065,13.10,15.20
2007.11.05 08:35:24.761,0.99025,0.99065,13.10,15.20
2007.11.05 08:35:25.090,0.99025,0.99065,13.10,15.20
2007.11.05 08:35:25.912,0.99025,0.99065,13.10,15.20
2007.11.05 08:35:26.246,0.9903,0.99065,2.40,15.20
2007.11.05 08:35:28.035,0.9903,0.99065,7.50,15.20
2007.11.05 08:35:28.335,0.9903,0.99065,7.50,15.20
2007.11.05 08:35:28.752,0.9903,0.99065,7.50,15.20
2007.11.05 08:35:28.990,0.9903,0.99065,8.30,15.20
2007.11.05 08:35:29.403,0.99035,0.99065,4.80,12.80
2007.11.05 08:35:29.642,0.99035,0.99065,4.80,8.80
2007.11.05 08:35:29.881,0.99035,0.99065,2.40,11.20
2007.11.05 08:35:30.892,0.99035,0.99065,9.10,15.20
2007.11.05 08:35:31.596,0.99035,0.99065,9.10,15.20
2007.11.05 08:35:31.905,0.99035,0.99065,9.10,15.20
2007.11.05 08:35:33.256,0.99035,0.99065,9.10,15.20
2007.11.05 08:35:33.538,0.99035,0.9907,11.50,8.80
2007.11.05 08:35:33.821,0.99035,0.9907,12.30,8.80
2007.11.05 08:35:34.849,0.99035,0.9907,12.30,8.80
2007.11.05 08:35:35.184,0.99035,0.9907,12.30,8.80
2007.11.05 08:35:35.411,0.99035,0.9907,12.30,8.80
2007.11.05 08:35:35.716,0.99035,0.9907,12.30,8.80
2007.11.05 08:35:37.167,0.99035,0.9907,12.30,8.80
2007.11.05 08:35:39.492,0.99035,0.9907,12.30,8.80
2007.11.05 08:35:39.671,0.99035,0.9907,12.30,8.80
2007.11.05 08:35:39.929,0.99035,0.9907,12.30,8.80
2007.11.05 08:35:40.242,0.99045,0.99075,2.40,15.20
2007.11.05 08:35:41.074,0.99045,0.99075,2.40,15.20
2007.11.05 08:35:41.593,0.99045,0.99075,2.40,15.20
2007.11.05 08:35:42.214,0.99045,0.99075,2.40,15.20
2007.11.05 08:35:42.688,0.99045,0.99075,9.10,6.40
2007.11.05 08:35:43.002,0.99045,0.99075,10.70,6.40
2007.11.05 08:35:43.305,0.9905,0.99075,6.70,4.00
2007.11.05 08:35:43.669,0.9905,0.99085,6.70,16.00
2007.11.05 08:35:44.312,0.99045,0.9908,16.30,8.80
2007.11.05 08:35:44.570,0.9905,0.99085,6.70,15.20
2007.11.05 08:35:44.832,0.9905,0.99085,6.70,15.20
2007.11.05 08:35:45.450,0.9905,0.99085,6.70,15.20
2007.11.05 08:35:45.783,0.9905,0.99085,6.70,17.60
2007.11.05 08:35:46.116,0.99045,0.99075,9.90,8.80
2007.11.05 08:35:46.450,0.99045,0.99075,9.90,8.80
2007.11.05 08:35:47.700,0.9905,0.99085,6.70,15.20
2007.11.05 08:35:48.147,0.9905,0.99085,6.70,15.20
2007.11.05 08:35:48.660,0.99055,0.99085,9.10,15.20
2007.11.05 08:35:48.954,0.99055,0.99085,9.10,15.20
2007.11.05 08:35:49.212,0.9906,0.99085,6.70,4.00
2007.11.05 08:35:49.629,0.9906,0.99085,6.70,4.00
2007.11.05 08:35:49.889,0.9906,0.99095,6.70,18.40
2007.11.05 08:35:50.311,0.9906,0.99095,6.70,18.40
2007.11.05 08:35:50.668,0.99055,0.9909,9.10,8.80
2007.11.05 08:35:50.760,0.99045,0.9909,21.10,8.80
2007.11.05 08:35:51.001,0.99045,0.9909,20.30,10.40
2007.11.05 08:35:51.335,0.9905,0.99085,0.50,8.80
2007.11.05 08:35:52.374,0.9905,0.99085,3.20,8.80
2007.11.05 08:35:52.583,0.9905,0.99085,2.80,8.80
2007.11.05 08:35:52.792,0.99045,0.99085,16.30,12.80
2007.11.05 08:35:53.220,0.99045,0.99085,16.30,15.20
2007.11.05 08:35:54.839,0.9905,0.99085,2.70,15.20
2007.11.05 08:35:55.044,0.9905,0.99085,3.20,15.20
2007.11.05 08:35:55.764,0.99045,0.99085,16.30,15.20
2007.11.05 08:35:56.194,0.9905,0.99085,3.70,15.20
2007.11.05 08:35:56.605,0.9905,0.99085,3.40,15.20
2007.11.05 08:35:56.798,0.9905,0.9908,2.00,8.80
2007.11.05 08:35:57.004,0.9905,0.9908,1.80,8.80
2007.11.05 08:35:57.203,0.99045,0.99085,16.30,15.20
2007.11.05 08:35:57.537,0.99045,0.99085,16.30,15.20
2007.11.05 08:35:58.156,0.99045,0.99085,16.30,15.20
2007.11.05 08:35:58.363,0.99045,0.99085,16.30,15.20
2007.11.05 08:35:59.197,0.99045,0.99085,16.30,15.20
2007.11.05 08:35:59.711,0.99045,0.99085,16.30,15.20
2007.11.05 08:36:03.189,0.9905,0.99085,1.00,12.80
2007.11.05 08:36:03.516,0.99045,0.9909,16.30,8.80
2007.11.05 08:36:03.924,0.99045,0.9909,16.30,8.80
2007.11.05 08:36:04.850,0.99055,0.9909,1.80,8.80
2007.11.05 08:36:08.783,0.99055,0.9909,2.30,8.80
2007.11.05 08:36:09.645,0.99045,0.9909,16.30,8.80
2007.11.05 08:36:09.978,0.9905,0.99085,3.30,8.80
2007.11.05 08:36:10.321,0.99045,0.99085,12.30,8.80
2007.11.05 08:36:10.643,0.99055,0.9909,3.10,10.40
2007.11.05 08:36:10.973,0.99055,0.9909,2.00,10.40
2007.11.05 08:36:11.301,0.99045,0.9909,16.30,8.80
2007.11.05 08:36:11.629,0.99045,0.9909,16.30,8.80
2007.11.05 08:36:12.209,0.99045,0.9909,16.30,8.80
2007.11.05 08:36:12.738,0.99055,0.99085,2.80,2.40
2007.11.05 08:36:13.137,0.99045,0.99085,38.00,2.40
2007.11.05 08:36:13.356,0.9905,0.9909,16.30,9.60
2007.11.05 08:36:13.655,0.9905,0.9909,12.30,10.40
2007.11.05 08:36:13.873,0.9905,0.9909,13.10,10.40
2007.11.05 08:36:14.179,0.9905,0.9909,17.90,10.40
2007.11.05 08:36:14.454,0.99055,0.9909,16.30,9.60
2007.11.05 08:36:14.727,0.9906,0.99095,7.50,4.00
2007.11.05 08:36:14.975,0.9906,0.991,9.90,8.80
2007.11.05 08:36:15.224,0.99065,0.991,9.10,8.80
2007.11.05 08:36:15.471,0.9907,0.991,2.70,8.80
2007.11.05 08:36:15.739,0.9907,0.991,1.90,8.80
2007.11.05 08:36:16.072,0.99065,0.99105,9.10,19.20
2007.11.05 08:36:16.404,0.99065,0.99105,9.10,19.20
2007.11.05 08:36:16.738,0.99065,0.991,3.40,8.80
2007.11.05 08:36:17.088,0.99065,0.991,4.40,8.80
2007.11.05 08:36:18.668,0.9907,0.991,6.70,8.80
2007.11.05 08:36:18.951,0.9907,0.99105,6.70,16.00
2007.11.05 08:36:19.549,0.9907,0.99105,6.70,16.00
2007.11.05 08:36:19.768,0.9907,0.991,6.70,8.80
2007.11.05 08:36:20.165,0.9907,0.991,6.70,8.80
2007.11.05 08:36:21.646,0.9907,0.991,6.70,8.80
2007.11.05 08:36:21.980,0.99075,0.99105,2.40,16.00
2007.11.05 08:36:22.188,0.99075,0.99105,2.40,16.00
2007.11.05 08:36:23.187,0.99075,0.99105,2.40,12.80
2007.11.05 08:36:23.574,0.99075,0.99105,9.10,12.80
2007.11.05 08:36:24.087,0.99075,0.99105,9.10,12.80
2007.11.05 08:36:24.301,0.99075,0.99105,9.10,4.00
2007.11.05 08:36:24.536,0.99075,0.99105,9.10,4.00
2007.11.05 08:36:24.714,0.99075,0.9911,11.50,9.60
2007.11.05 08:36:25.131,0.9908,0.9911,6.70,8.80
2007.11.05 08:36:25.536,0.9908,0.9911,6.70,8.80
2007.11.05 08:36:26.155,0.9908,0.99115,6.70,16.80
2007.11.05 08:36:26.453,0.9908,0.99115,6.70,16.80
2007.11.05 08:36:27.212,0.9908,0.99115,6.70,16.80
2007.11.05 08:36:27.692,0.9908,0.99115,6.70,16.80
2007.11.05 08:36:28.035,0.9908,0.99115,6.70,16.80
2007.11.05 08:36:28.315,0.9908,0.99115,6.70,16.80
2007.11.05 08:36:28.653,0.9908,0.99115,6.70,16.80
2007.11.05 08:36:29.379,0.9908,0.99115,6.70,16.80
2007.11.05 08:36:29.828,0.9908,0.99115,6.70,16.80
2007.11.05 08:36:30.668,0.9908,0.9911,6.70,0.80
2007.11.05 08:36:30.992,0.9908,0.9911,6.70,9.60
2007.11.05 08:36:31.314,0.9908,0.99105,6.70,2.40
2007.11.05 08:36:31.508,0.9908,0.99105,6.70,6.40
2007.11.05 08:36:31.722,0.99075,0.99105,2.40,15.20
2007.11.05 08:36:31.910,0.9907,0.99105,6.70,15.20
2007.11.05 08:36:32.246,0.9907,0.99105,6.70,15.20
2007.11.05 08:36:32.612,0.99075,0.99105,6.70,6.40
2007.11.05 08:36:32.935,0.99075,0.99105,6.70,6.40
2007.11.05 08:36:33.292,0.99075,0.99105,6.70,6.40
2007.11.05 08:36:34.732,0.9907,0.99105,6.70,12.80
2007.11.05 08:36:35.137,0.9907,0.99105,6.70,12.80
2007.11.05 08:36:35.432,0.9907,0.99105,6.70,12.80
2007.11.05 08:36:35.750,0.9907,0.99105,6.70,8.80
2007.11.05 08:36:36.074,0.9907,0.99105,6.70,8.80
2007.11.05 08:36:36.596,0.9907,0.99105,6.70,8.80
2007.11.05 08:36:36.809,0.9907,0.99105,6.70,8.80
2007.11.05 08:36:37.215,0.99075,0.99105,2.40,8.80
2007.11.05 08:36:37.422,0.99075,0.9911,9.10,10.40
2007.11.05 08:36:37.734,0.99075,0.9911,9.10,10.40
2007.11.05 08:36:38.022,0.99075,0.9911,9.10,9.60
2007.11.05 08:36:38.311,0.99075,0.9911,9.10,8.80
2007.11.05 08:36:39.098,0.99065,0.9911,20.30,8.80
2007.11.05 08:36:39.672,0.99065,0.9911,20.30,8.80
2007.11.05 08:36:39.906,0.99075,0.9911,4.20,9.60
2007.11.05 08:36:40.139,0.9907,0.9911,9.90,9.60
2007.11.05 08:36:40.373,0.9907,0.9911,13.10,8.80
2007.11.05 08:36:40.607,0.9908,0.99115,1.30,16.00
2007.11.05 08:36:41.442,0.9908,0.99115,3.20,16.00
2007.11.05 08:36:41.775,0.99075,0.99115,15.50,16.00
2007.11.05 08:36:43.267,0.99075,0.99115,15.50,16.00
2007.11.05 08:36:43.504,0.99075,0.99115,15.50,16.00
2007.11.05 08:36:44.597,0.99075,0.99115,15.50,16.00
2007.11.05 08:36:44.882,0.99075,0.9911,15.50,0.80
2007.11.05 08:36:45.081,0.9907,0.9911,13.10,10.40
2007.11.05 08:36:45.395,0.9907,0.9911,17.10,9.60
2007.11.05 08:36:45.695,0.9908,0.99115,2.30,19.20
2007.11.05 08:36:46.134,0.9908,0.99115,2.80,18.40
2007.11.05 08:36:46.605,0.9908,0.99115,2.20,18.40
2007.11.05 08:36:46.937,0.9908,0.99115,0.50,19.20
2007.11.05 08:36:47.127,0.9908,0.99115,3.30,19.20
2007.11.05 08:36:47.309,0.99075,0.99115,11.50,16.80
2007.11.05 08:36:47.528,0.99075,0.99115,11.50,16.80
2007.11.05 08:36:47.712,0.9907,0.99105,13.10,4.00
2007.11.05 08:36:47.980,0.99075,0.99105,6.10,4.00
2007.11.05 08:36:48.283,0.99075,0.99105,3.80,4.00
2007.11.05 08:36:48.586,0.99065,0.9911,25.10,8.80
2007.11.05 08:36:49.300,0.99075,0.9911,4.40,8.80
2007.11.05 08:36:49.922,0.99065,0.9911,25.10,8.80
2007.11.05 08:36:51.224,0.99075,0.99105,1.90,2.40
2007.11.05 08:36:51.604,0.99065,0.99105,21.10,6.40
2007.11.05 08:36:51.938,0.99075,0.99105,15.50,4.00
2007.11.05 08:36:52.666,0.99075,0.99105,15.50,4.00
2007.11.05 08:36:53.328,0.99065,0.9911,25.10,8.80
2007.11.05 08:36:53.596,0.99075,0.9911,0.50,8.80
2007.11.05 08:36:54.055,0.99065,0.9911,21.10,8.80
2007.11.05 08:36:54.363,0.99075,0.9911,3.20,8.80
2007.11.05 08:36:54.673,0.99075,0.9911,4.00,8.80
2007.11.05 08:36:54.931,0.99065,0.9911,21.10,8.80
2007.11.05 08:36:55.431,0.99065,0.9911,21.10,8.80
2007.11.05 08:36:57.002,0.99065,0.9911,21.10,8.80
2007.11.05 08:36:57.202,0.99075,0.99105,3.80,2.40
2007.11.05 08:36:57.453,0.99065,0.99105,21.10,2.40
2007.11.05 08:36:57.718,0.99075,0.99105,3.50,9.60
2007.11.05 08:36:58.087,0.99065,0.99105,17.10,9.60
2007.11.05 08:36:58.387,0.99065,0.99105,17.10,9.60
2007.11.05 08:36:58.675,0.99065,0.99105,16.30,18.40
2007.11.05 08:36:58.963,0.99065,0.99105,16.30,7.20
2007.11.05 08:36:59.326,0.99065,0.99105,16.30,7.20
2007.11.05 08:36:59.648,0.99065,0.99105,16.30,7.20
2007.11.05 08:36:59.899,0.99065,0.99105,9.10,19.20
2007.11.05 08:37:00.275,0.9907,0.99105,2.50,19.20
2007.11.05 08:37:00.724,0.99055,0.99095,18.70,2.40
2007.11.05 08:37:01.178,0.99055,0.99095,18.70,2.40
2007.11.05 08:37:02.207,0.99055,0.99095,18.70,2.40
2007.11.05 08:37:03.656,0.99055,0.991,21.10,8.80
2007.11.05 08:37:03.899,0.9906,0.991,10.70,8.80
2007.11.05 08:37:04.275,0.99065,0.991,1.80,8.80
2007.11.05 08:37:04.494,0.99065,0.99095,2.00,8.80
2007.11.05 08:37:04.806,0.99065,0.99095,0.90,8.80
2007.11.05 08:37:05.195,0.99065,0.99095,0.60,8.80
2007.11.05 08:37:05.625,0.99065,0.99095,0.70,8.80
2007.11.05 08:37:05.958,0.99055,0.99095,21.10,8.80
2007.11.05 08:37:06.291,0.9906,0.99095,6.70,8.80
2007.11.05 08:37:06.484,0.9906,0.99095,6.70,8.80
2007.11.05 08:37:06.719,0.9906,0.99095,6.70,8.80
2007.11.05 08:37:06.917,0.99055,0.9909,12.30,8.80
2007.11.05 08:37:07.106,0.99055,0.9909,7.50,8.80
2007.11.05 08:37:07.354,0.99055,0.9909,7.50,8.80
2007.11.05 08:37:07.686,0.99055,0.9909,13.90,8.80
2007.11.05 08:37:08.097,0.99055,0.9909,13.90,8.80
2007.11.05 08:37:08.430,0.9906,0.9909,6.70,8.80
2007.11.05 08:37:08.656,0.9906,0.9909,6.70,8.80
2007.11.05 08:37:09.483,0.9906,0.9909,6.70,8.80
2007.11.05 08:37:09.742,0.9906,0.99095,6.70,18.40
2007.11.05 08:37:10.621,0.9906,0.99095,6.70,18.40
2007.11.05 08:37:10.954,0.9906,0.9909,6.70,2.40
2007.11.05 08:37:11.286,0.9905,0.99085,6.70,11.20
2007.11.05 08:37:11.638,0.99055,0.99085,6.70,6.40
2007.11.05 08:37:11.852,0.9905,0.99085,6.70,15.20
2007.11.05 08:37:12.158,0.9905,0.99085,6.70,15.20
2007.11.05 08:37:12.358,0.99055,0.99085,2.40,12.80
2007.11.05 08:37:12.672,0.99055,0.99085,2.40,8.80
2007.11.05 08:37:13.237,0.9905,0.99085,6.70,12.00
2007.11.05 08:37:13.556,0.99045,0.99075,21.10,0.80
2007.11.05 08:37:13.774,0.99045,0.99075,21.10,0.80
2007.11.05 08:37:13.942,0.99045,0.99075,13.10,0.80
2007.11.05 08:37:14.501,0.99045,0.99075,13.10,0.80
2007.11.05 08:37:14.929,0.99045,0.99075,13.10,0.80
2007.11.05 08:37:15.206,0.99045,0.99075,4.80,8.80
2007.11.05 08:37:15.565,0.99045,0.99075,4.80,8.80
2007.11.05 08:37:15.866,0.99045,0.99075,4.80,8.80
2007.11.05 08:37:18.223,0.99045,0.99075,4.80,8.80
2007.11.05 08:37:18.412,0.99045,0.99075,2.40,8.80
2007.11.05 08:37:18.631,0.99045,0.99075,2.40,8.80
2007.11.05 08:37:18.939,0.99045,0.9907,2.40,8.80
2007.11.05 08:37:19.675,0.99045,0.9907,2.40,8.80
2007.11.05 08:37:19.930,0.99045,0.9907,2.40,8.80
2007.11.05 08:37:20.143,0.99045,0.99075,4.80,12.80
2007.11.05 08:37:20.392,0.99045,0.99075,4.80,12.80
2007.11.05 08:37:20.605,0.99045,0.99075,4.80,12.80
2007.11.05 08:37:24.299,0.99045,0.99075,4.80,12.80
2007.11.05 08:37:24.698,0.99045,0.99075,11.50,12.80
2007.11.05 08:37:24.918,0.99045,0.99075,11.50,12.80
2007.11.05 08:37:25.790,0.99045,0.99075,9.10,15.20
2007.11.05 08:37:26.135,0.99045,0.99075,9.10,15.20
2007.11.05 08:37:28.547,0.99045,0.99075,4.80,12.80
2007.11.05 08:37:29.906,0.99045,0.99075,4.80,12.80
2007.11.05 08:37:30.114,0.99045,0.99075,4.80,12.80
2007.11.05 08:37:30.412,0.99045,0.99075,4.80,12.80
2007.11.05 08:37:30.922,0.99045,0.99075,4.80,12.80
2007.11.05 08:37:31.257,0.9905,0.99075,6.70,4.00
2007.11.05 08:37:31.652,0.9905,0.99075,6.70,4.00
2007.11.05 08:37:31.866,0.9905,0.99085,6.70,16.00
2007.11.05 08:37:32.415,0.9905,0.99085,6.70,16.00
2007.11.05 08:37:32.683,0.9905,0.99085,6.70,17.60
2007.11.05 08:37:33.273,0.9905,0.99085,6.70,16.80
2007.11.05 08:37:33.733,0.9905,0.99085,6.70,16.80
2007.11.05 08:37:34.244,0.9905,0.99085,6.70,16.80
2007.11.05 08:37:35.054,0.9905,0.99085,6.70,16.80
2007.11.05 08:37:36.506,0.9905,0.99085,6.70,16.80
2007.11.05 08:37:39.014,0.9905,0.99085,6.70,15.20
2007.11.05 08:37:40.106,0.9905,0.99085,6.70,15.20
2007.11.05 08:37:42.493,0.99045,0.99085,16.30,15.20
2007.11.05 08:37:45.060,0.9905,0.99085,3.70,15.20
2007.11.05 08:37:50.057,0.99045,0.99085,16.30,15.20
2007.11.05 08:37:52.038,0.9905,0.99085,0.60,15.20
2007.11.05 08:37:55.064,0.99045,0.99085,16.30,15.20
2007.11.05 08:37:56.002,0.9905,0.99085,2.70,15.20
2007.11.05 08:37:59.300,0.99045,0.99085,30.00,15.20
2007.11.05 08:37:59.484,0.9905,0.99085,0.60,15.20
2007.11.05 08:37:59.799,0.99045,0.99085,34.00,15.20
2007.11.05 08:38:00.119,0.99045,0.99085,34.80,6.40
2007.11.05 08:38:00.630,0.99045,0.99085,34.80,6.40
2007.11.05 08:38:00.918,0.99055,0.99085,3.60,4.00
2007.11.05 08:38:01.286,0.99045,0.99085,34.80,4.00
2007.11.05 08:38:01.679,0.99045,0.99085,34.80,6.40
2007.11.05 08:38:04.385,0.99045,0.99085,34.80,6.40
2007.11.05 08:38:04.649,0.9905,0.99085,2.00,15.20
2007.11.05 08:38:05.060,0.9905,0.99085,1.00,15.20
2007.11.05 08:38:05.319,0.99045,0.99085,26.80,15.20
2007.11.05 08:38:05.648,0.9904,0.9908,28.40,8.80
2007.11.05 08:38:05.857,0.99045,0.9908,26.00,8.80
2007.11.05 08:38:06.190,0.99045,0.9908,26.80,8.80
2007.11.05 08:38:06.523,0.99055,0.99085,0.60,15.20
2007.11.05 08:38:06.856,0.99045,0.99075,15.50,2.40
2007.11.05 08:38:07.189,0.9904,0.99075,11.50,11.20
2007.11.05 08:38:07.407,0.99035,0.99065,13.10,4.80
2007.11.05 08:38:07.680,0.99045,0.99065,0.80,2.40
2007.11.05 08:38:07.899,0.99035,0.99065,1.40,8.80
2007.11.05 08:38:08.116,0.9903,0.99065,13.10,8.80
2007.11.05 08:38:08.429,0.9903,0.99065,11.50,8.80
2007.11.05 08:38:08.743,0.9903,0.9907,20.30,9.60
2007.11.05 08:38:09.155,0.99035,0.9907,20.30,2.40
2007.11.05 08:38:09.413,0.99035,0.99075,13.90,19.20
2007.11.05 08:38:09.871,0.9904,0.99075,2.80,19.20
2007.11.05 08:38:10.129,0.9903,0.9907,13.90,8.80
2007.11.05 08:38:10.368,0.9904,0.99065,7.20,8.80
2007.11.05 08:38:10.625,0.99045,0.99075,1.30,12.80
2007.11.05 08:38:10.938,0.9904,0.99075,11.50,12.80
2007.11.05 08:38:11.270,0.9904,0.99075,11.50,15.20
2007.11.05 08:38:11.725,0.99035,0.99075,35.60,15.20
2007.11.05 08:38:12.058,0.9904,0.99075,6.70,15.20
2007.11.05 08:38:12.279,0.9904,0.99075,6.70,15.20
2007.11.05 08:38:12.488,0.9904,0.99075,6.70,15.20
2007.11.05 08:38:12.712,0.99045,0.9907,2.40,8.80
2007.11.05 08:38:13.133,0.99035,0.9907,17.10,8.80
2007.11.05 08:38:13.466,0.99045,0.99065,2.40,8.80
2007.11.05 08:38:13.799,0.99045,0.99075,2.40,15.20
2007.11.05 08:38:14.485,0.99045,0.99075,2.40,15.20
2007.11.05 08:38:14.694,0.9904,0.99075,7.50,17.60
2007.11.05 08:38:15.075,0.9904,0.99075,7.50,17.60
2007.11.05 08:38:15.416,0.9904,0.9907,8.30,8.80
2007.11.05 08:38:16.302,0.9904,0.9907,8.30,8.80
2007.11.05 08:38:16.621,0.9904,0.9907,0.80,8.80
2007.11.05 08:38:16.788,0.9904,0.9907,0.80,0.60
2007.11.05 08:38:16.939,0.9904,0.9907,6.70,8.80
2007.11.05 08:38:17.546,0.9904,0.9907,6.70,8.80
2007.11.05 08:38:17.959,0.9904,0.99075,6.70,17.60
2007.11.05 08:38:18.192,0.99045,0.99075,2.40,15.20
2007.11.05 08:38:19.235,0.99045,0.99075,4.80,12.80
2007.11.05 08:38:19.500,0.99045,0.99075,4.80,12.80
2007.11.05 08:38:19.762,0.99045,0.99075,4.80,12.80
2007.11.05 08:38:20.026,0.99045,0.99075,4.80,12.80
2007.11.05 08:38:20.290,0.99045,0.99075,11.50,4.00
2007.11.05 08:38:20.567,0.99045,0.99075,11.50,4.00
2007.11.05 08:38:21.082,0.99045,0.99075,11.50,4.00
2007.11.05 08:38:21.536,0.99045,0.99075,4.80,12.80
2007.11.05 08:38:23.691,0.99045,0.99075,4.80,12.80
2007.11.05 08:38:23.929,0.99045,0.99075,2.40,12.80
2007.11.05 08:38:24.201,0.99045,0.99075,2.40,12.80
2007.11.05 08:38:24.445,0.99035,0.99065,17.10,8.80
2007.11.05 08:38:24.860,0.99035,0.99065,17.10,8.80
2007.11.05 08:38:25.139,0.99035,0.9907,17.90,8.80
2007.11.05 08:38:25.417,0.99045,0.9907,2.40,8.80
2007.11.05 08:38:25.695,0.99035,0.9907,21.10,8.80
2007.11.05 08:38:27.048,0.99035,0.9907,20.30,8.80
2007.11.05 08:38:27.443,0.99035,0.9907,20.30,8.80
2007.11.05 08:38:27.655,0.99035,0.9907,20.30,8.80
2007.11.05 08:38:27.989,0.99035,0.9907,21.10,8.80
2007.11.05 08:38:30.194,0.99035,0.9907,21.10,8.80
2007.11.05 08:38:30.637,0.99035,0.9907,21.10,8.80
2007.11.05 08:38:33.527,0.99035,0.9907,21.10,8.80
2007.11.05 08:38:34.666,0.99045,0.9907,2.40,8.80
2007.11.05 08:38:35.173,0.99045,0.9907,2.40,8.80
2007.11.05 08:38:35.506,0.99045,0.9907,2.40,8.80
2007.11.05 08:38:35.815,0.99045,0.9907,2.40,8.80
2007.11.05 08:38:37.050,0.99045,0.9907,2.40,8.80
2007.11.05 08:38:38.905,0.99045,0.9907,2.40,8.80
2007.11.05 08:38:39.544,0.99045,0.99075,2.40,9.60
2007.11.05 08:38:40.174,0.99045,0.99075,2.40,9.60
2007.11.05 08:38:40.881,0.99045,0.99075,2.40,9.60
2007.11.05 08:38:41.154,0.99045,0.99075,2.40,9.60
2007.11.05 08:38:41.598,0.99045,0.99075,2.40,9.60
2007.11.05 08:38:41.841,0.99045,0.99085,2.40,23.20
2007.11.05 08:38:42.006,0.99045,0.99085,2.40,27.20
2007.11.05 08:38:42.338,0.99045,0.99085,2.40,23.20
2007.11.05 08:38:43.054,0.99045,0.99075,2.40,8.80
2007.11.05 08:38:43.327,0.99045,0.9907,2.40,8.80
2007.11.05 08:38:43.782,0.99045,0.9907,2.40,8.80
2007.11.05 08:38:44.055,0.99045,0.9907,2.40,8.80
2007.11.05 08:38:44.334,0.99045,0.9907,4.80,8.80
2007.11.05 08:38:44.720,0.99045,0.9907,4.80,8.80
2007.11.05 08:38:45.024,0.99045,0.9907,4.80,8.80
2007.11.05 08:38:45.297,0.99045,0.9908,9.10,8.80
2007.11.05 08:38:45.530,0.99045,0.99075,2.40,8.80
2007.11.05 08:38:45.763,0.99045,0.99075,2.40,8.80
2007.11.05 08:38:46.039,0.99045,0.99075,2.40,9.60
2007.11.05 08:38:46.632,0.99045,0.99075,2.40,9.60
2007.11.05 08:38:46.975,0.99045,0.99075,2.40,9.60
2007.11.05 08:38:49.670,0.99045,0.99075,2.40,9.60
2007.11.05 08:38:49.874,0.99045,0.99075,2.40,12.00
2007.11.05 08:38:50.113,0.99045,0.99075,2.40,12.00
2007.11.05 08:38:50.774,0.99045,0.99075,2.40,12.00
2007.11.05 08:38:51.107,0.99045,0.99065,2.40,8.80
2007.11.05 08:38:51.440,0.99045,0.99065,2.40,8.80
2007.11.05 08:38:51.714,0.99045,0.99065,2.40,8.80
2007.11.05 08:38:51.927,0.99045,0.99065,2.40,8.80
2007.11.05 08:38:52.440,0.99045,0.99065,2.40,8.80
2007.11.05 08:38:52.955,0.99045,0.99065,2.40,8.80
2007.11.05 08:38:53.289,0.99045,0.99075,2.40,9.60
2007.11.05 08:38:53.763,0.99045,0.9907,2.40,8.80
2007.11.05 08:38:53.951,0.99045,0.9907,2.40,8.80
2007.11.05 08:38:54.212,0.99045,0.9907,2.40,8.80
2007.11.05 08:38:54.616,0.99045,0.9907,2.40,8.80
2007.11.05 08:38:55.199,0.99045,0.9907,2.40,8.80
2007.11.05 08:38:55.605,0.99045,0.99075,2.40,16.00
2007.11.05 08:38:55.913,0.9905,0.99075,0.80,12.80
2007.11.05 08:38:56.265,0.9905,0.99075,0.80,12.80
2007.11.05 08:38:56.771,0.9905,0.9908,1.60,8.80
2007.11.05 08:38:57.213,0.9905,0.9908,1.60,8.80
2007.11.05 08:38:58.018,0.9905,0.9908,1.60,8.80
2007.11.05 08:38:58.330,0.9905,0.9908,1.60,8.80
2007.11.05 08:38:58.636,0.9905,0.9908,1.60,8.80
2007.11.05 08:38:58.849,0.9905,0.9908,1.60,8.80
2007.11.05 08:38:59.134,0.9905,0.9908,1.60,8.80
2007.11.05 08:38:59.417,0.9905,0.99085,8.30,16.00
2007.11.05 08:38:59.896,0.9905,0.99085,8.30,16.00
2007.11.05 08:39:00.357,0.9905,0.9908,1.60,8.80
2007.11.05 08:39:00.615,0.9905,0.9908,1.60,8.80
2007.11.05 08:39:00.863,0.9905,0.99075,0.80,2.40
2007.11.05 08:39:01.112,0.99045,0.99075,9.10,2.40
2007.11.05 08:39:01.445,0.99045,0.99075,2.40,11.20
2007.11.05 08:39:01.778,0.99045,0.99075,2.40,11.20
2007.11.05 08:39:02.111,0.99045,0.99075,2.40,15.20
2007.11.05 08:39:02.483,0.99045,0.99075,2.40,15.20
2007.11.05 08:39:02.793,0.99045,0.99075,2.40,15.20
2007.11.05 08:39:03.225,0.99045,0.99075,9.10,15.20
2007.11.05 08:39:03.523,0.99045,0.99075,6.70,17.60
2007.11.05 08:39:03.982,0.9904,0.99075,8.30,18.40
2007.11.05 08:39:05.178,0.9904,0.99075,8.30,18.40
2007.11.05 08:39:05.732,0.9904,0.99075,8.30,16.00
2007.11.05 08:39:06.034,0.9904,0.99075,8.30,16.00
2007.11.05 08:39:06.258,0.9904,0.99075,8.30,18.40
2007.11.05 08:39:06.591,0.9904,0.99075,8.30,18.40
2007.11.05 08:39:09.400,0.9904,0.99075,8.30,18.40
2007.11.05 08:39:09.683,0.9904,0.99075,8.30,18.40
2007.11.05 08:39:10.038,0.9904,0.99075,3.00,18.40
2007.11.05 08:39:10.179,0.9904,0.99075,8.30,18.40
2007.11.05 08:39:11.565,0.9904,0.99075,8.30,18.40
2007.11.05 08:39:11.945,0.99045,0.99075,0.80,18.40
2007.11.05 08:39:12.278,0.99045,0.99075,0.80,18.40
2007.11.05 08:39:12.699,0.99045,0.99075,0.80,18.40
2007.11.05 08:39:13.181,0.99045,0.99075,0.80,18.40
2007.11.05 08:39:13.514,0.99045,0.99075,3.20,16.00
2007.11.05 08:39:13.848,0.99045,0.99075,3.20,12.00
2007.11.05 08:39:14.296,0.99045,0.99075,0.80,14.40
2007.11.05 08:39:14.595,0.99045,0.99075,0.80,14.40
2007.11.05 08:39:14.799,0.9904,0.99075,8.30,14.40
2007.11.05 08:39:15.181,0.9904,0.99075,8.30,14.40
2007.11.05 08:39:15.523,0.9904,0.99075,8.30,14.40
2007.11.05 08:39:16.196,0.9904,0.99075,8.30,14.40
2007.11.05 08:39:16.529,0.99035,0.9907,11.50,8.80
2007.11.05 08:39:17.050,0.99035,0.9907,11.50,8.80
2007.11.05 08:39:18.385,0.99035,0.9907,11.50,8.80
2007.11.05 08:39:18.705,0.99035,0.9907,11.50,8.80
2007.11.05 08:39:19.227,0.99045,0.9907,2.40,8.80
2007.11.05 08:39:19.440,0.99045,0.9907,2.40,8.80
2007.11.05 08:39:19.773,0.99045,0.99075,2.40,12.00
2007.11.05 08:39:20.153,0.99045,0.99075,2.40,12.00
2007.11.05 08:39:20.479,0.9904,0.99075,8.30,14.40
2007.11.05 08:39:20.793,0.99045,0.99075,2.40,12.00
2007.11.05 08:39:21.106,0.99045,0.99075,2.40,11.20
2007.11.05 08:39:21.419,0.9905,0.99075,0.80,11.20
2007.11.05 08:39:21.739,0.9905,0.9908,1.60,8.80
2007.11.05 08:39:21.969,0.9905,0.9908,1.60,8.80
2007.11.05 08:39:22.186,0.9905,0.99075,0.80,3.20
2007.11.05 08:39:22.404,0.99045,0.99075,9.10,3.20
2007.11.05 08:39:22.676,0.99045,0.99075,7.50,5.60
2007.11.05 08:39:23.147,0.99045,0.99075,7.50,5.60
2007.11.05 08:39:23.440,0.99045,0.99075,3.20,12.00
2007.11.05 08:39:24.227,0.99045,0.99075,3.20,12.00
2007.11.05 08:39:24.480,0.9905,0.99075,0.80,9.60
2007.11.05 08:39:24.705,0.9905,0.99075,0.80,9.60
2007.11.05 08:39:24.885,0.99065,0.99075,2.40,8.80
2007.11.05 08:39:25.064,0.99065,0.99085,2.40,9.60
2007.11.05 08:39:25.253,0.99065,0.99085,2.40,9.60
2007.11.05 08:39:25.431,0.99065,0.99075,2.40,8.80
2007.11.05 08:39:25.647,0.99065,0.99075,2.40,8.80
2007.11.05 08:39:25.980,0.99065,0.99085,2.40,9.60
2007.11.05 08:39:26.314,0.99065,0.99085,2.40,9.60
2007.11.05 08:39:26.646,0.99065,0.9908,0.80,8.80
2007.11.05 08:39:26.885,0.99065,0.9908,3.20,8.80
2007.11.05 08:39:27.124,0.99065,0.99085,3.20,2.40
2007.11.05 08:39:27.362,0.99065,0.9909,3.20,8.80
2007.11.05 08:39:27.675,0.99065,0.99085,9.90,2.40
2007.11.05 08:39:28.043,0.99065,0.99085,3.20,2.40
2007.11.05 08:39:28.322,0.99065,0.9909,3.20,8.80
2007.11.05 08:39:28.734,0.99065,0.9909,3.20,8.80
2007.11.05 08:39:29.057,0.99065,0.9909,3.20,8.80
2007.11.05 08:39:29.280,0.99065,0.991,9.10,8.80
2007.11.05 08:39:29.504,0.9907,0.991,6.70,8.80
2007.11.05 08:39:29.727,0.9907,0.99105,6.70,16.00
2007.11.05 08:39:30.060,0.99065,0.99095,9.90,2.40
2007.11.05 08:39:30.393,0.9907,0.99095,0.80,2.40
2007.11.05 08:39:30.725,0.99065,0.99095,9.90,6.40
2007.11.05 08:39:31.139,0.99065,0.99095,7.50,8.80
2007.11.05 08:39:31.459,0.99065,0.99095,8.30,8.80
2007.11.05 08:39:31.777,0.99075,0.99095,0.80,15.20
2007.11.05 08:39:32.083,0.99075,0.99095,0.80,15.20
2007.11.05 08:39:32.376,0.99075,0.99095,0.80,15.20
2007.11.05 08:39:32.710,0.99075,0.99095,0.80,4.80
2007.11.05 08:39:32.993,0.99075,0.99095,0.80,3.20
2007.11.05 08:39:33.276,0.99065,0.99095,6.70,5.60
2007.11.05 08:39:33.560,0.99065,0.99095,6.70,4.80
2007.11.05 08:39:33.843,0.99065,0.99095,9.90,2.40
2007.11.05 08:39:34.642,0.99065,0.99095,9.90,2.40
2007.11.05 08:39:34.851,0.99065,0.99095,9.10,2.40
2007.11.05 08:39:35.184,0.99065,0.99095,9.10,2.40
2007.11.05 08:39:35.708,0.99065,0.99095,9.90,2.40
2007.11.05 08:39:36.204,0.99065,0.991,12.30,8.80
2007.11.05 08:39:36.538,0.99065,0.991,12.30,8.80
2007.11.05 08:39:37.141,0.99065,0.991,12.30,8.80
2007.11.05 08:39:37.338,0.99065,0.99095,3.20,11.20
2007.11.05 08:39:37.552,0.99065,0.99095,3.20,11.20
2007.11.05 08:39:37.748,0.99065,0.99095,5.60,8.80
2007.11.05 08:39:38.168,0.99065,0.99095,5.60,8.80
2007.11.05 08:39:38.500,0.99065,0.99095,9.90,2.40
2007.11.05 08:39:39.277,0.9907,0.991,6.70,8.80
2007.11.05 08:39:39.539,0.9907,0.991,6.70,8.80
2007.11.05 08:39:39.795,0.9907,0.99105,7.50,16.00
2007.11.05 08:39:40.162,0.9907,0.99095,1.60,2.40
2007.11.05 08:39:40.712,0.9907,0.99095,1.60,2.40
2007.11.05 08:39:41.005,0.9908,0.991,0.80,8.80
2007.11.05 08:39:41.337,0.9908,0.99105,1.60,7.20
2007.11.05 08:39:41.670,0.99075,0.99105,6.70,7.20
2007.11.05 08:39:42.003,0.9908,0.991,0.80,8.80
2007.11.05 08:39:42.355,0.9908,0.99105,1.60,18.40
2007.11.05 08:39:42.573,0.9908,0.99105,0.80,18.40
2007.11.05 08:39:42.858,0.9907,0.99105,7.50,18.40
2007.11.05 08:39:43.116,0.9907,0.99095,7.50,2.40
2007.11.05 08:39:43.384,0.9907,0.99095,6.70,2.40
2007.11.05 08:39:43.687,0.9907,0.99095,6.70,2.40
2007.11.05 08:39:43.950,0.99065,0.991,11.50,8.80
2007.11.05 08:39:44.308,0.99065,0.991,11.50,8.80
2007.11.05 08:39:44.601,0.9907,0.991,6.70,8.80
2007.11.05 08:39:44.900,0.9907,0.99085,6.70,2.40
2007.11.05 08:39:45.189,0.9907,0.99085,6.70,2.40
2007.11.05 08:39:45.466,0.9906,0.99085,6.70,2.40
2007.11.05 08:39:45.745,0.9906,0.99085,6.70,2.40
2007.11.05 08:39:46.045,0.99055,0.99085,7.50,2.40
2007.11.05 08:39:46.379,0.99055,0.99085,9.90,2.40
2007.11.05 08:39:46.714,0.99055,0.99085,9.10,2.40
2007.11.05 08:39:47.047,0.99055,0.99085,6.70,2.40
2007.11.05 08:39:47.270,0.99055,0.9909,9.10,8.80
2007.11.05 08:39:47.635,0.9906,0.9909,6.70,8.80
2007.11.05 08:39:47.862,0.9906,0.9909,6.70,8.80
2007.11.05 08:39:48.084,0.9906,0.9909,6.70,8.80
2007.11.05 08:39:48.404,0.9906,0.9909,6.70,8.80
2007.11.05 08:39:48.697,0.9906,0.99095,6.70,12.00
2007.11.05 08:39:49.064,0.9906,0.99095,6.70,15.20
2007.11.05 08:39:49.374,0.99055,0.9909,9.10,8.80
2007.11.05 08:39:49.685,0.9906,0.9909,6.70,8.80
2007.11.05 08:39:50.155,0.9906,0.99085,6.70,2.40
2007.11.05 08:39:50.627,0.9906,0.99085,6.70,2.40
2007.11.05 08:39:50.960,0.9906,0.99085,6.70,4.00
2007.11.05 08:39:51.710,0.9906,0.99085,6.70,4.00
2007.11.05 08:39:52.033,0.9906,0.99095,6.70,19.20
2007.11.05 08:39:52.549,0.9906,0.99095,6.70,19.20
2007.11.05 08:39:52.857,0.9906,0.99095,6.70,19.20
2007.11.05 08:39:53.270,0.9906,0.99095,6.70,19.20
2007.11.05 08:39:53.543,0.9906,0.99095,6.70,19.20
2007.11.05 08:39:53.816,0.9906,0.99085,6.70,2.40
2007.11.05 08:39:54.218,0.9906,0.99085,6.70,2.40
2007.11.05 08:39:54.441,0.9906,0.99085,6.70,2.40
2007.11.05 08:39:54.736,0.99055,0.99085,6.70,6.40
2007.11.05 08:39:55.176,0.99055,0.99085,6.70,6.40
2007.11.05 08:39:56.075,0.99055,0.99085,6.70,6.40
2007.11.05 08:39:56.311,0.99055,0.99085,6.70,12.80
2007.11.05 08:39:56.645,0.9905,0.99085,6.70,8.80
2007.11.05 08:39:56.979,0.9905,0.99085,9.10,8.80
2007.11.05 08:39:57.433,0.9905,0.99085,9.10,8.80
2007.11.05 08:39:57.635,0.99055,0.99085,6.70,8.80
2007.11.05 08:39:57.838,0.99055,0.99085,9.10,8.80
2007.11.05 08:39:58.209,0.9906,0.99095,6.70,9.60
2007.11.05 08:39:58.413,0.9906,0.99095,6.70,9.60
2007.11.05 08:39:58.691,0.9906,0.99095,6.70,8.80
2007.11.05 08:39:59.383,0.99055,0.99095,13.10,8.80
2007.11.05 08:39:59.689,0.99055,0.99095,13.10,8.80
2007.11.05 08:40:00.187,0.9906,0.99095,3.30,8.80
2007.11.05 08:40:00.423,0.9906,0.99095,8.30,4.80
2007.11.05 08:40:00.756,0.9906,0.99095,1.90,13.60
2007.11.05 08:40:01.454,0.99055,0.99095,37.20,13.60
2007.11.05 08:40:01.718,0.99065,0.99095,1.40,8.80
2007.11.05 08:40:02.233,0.9906,0.99095,8.30,8.80
2007.11.05 08:40:02.758,0.9906,0.99095,8.30,8.80
2007.11.05 08:40:03.175,0.9906,0.99095,8.30,8.80
2007.11.05 08:40:03.473,0.99065,0.99095,2.60,2.40
2007.11.05 08:40:03.703,0.9906,0.99095,10.70,2.40
2007.11.05 08:40:03.902,0.9906,0.991,13.10,8.80
2007.11.05 08:40:04.105,0.99065,0.99105,16.30,16.80
2007.11.05 08:40:04.339,0.9907,0.99105,3.30,16.80
2007.11.05 08:40:04.549,0.99065,0.99105,16.30,16.80
2007.11.05 08:40:04.966,0.9907,0.99105,1.10,16.80
2007.11.05 08:40:05.219,0.99065,0.99105,11.50,16.80
2007.11.05 08:40:05.486,0.9907,0.99105,1.40,16.80
2007.11.05 08:40:05.820,0.99065,0.99095,9.10,2.40
2007.11.05 08:40:06.417,0.99065,0.99095,9.10,2.40
2007.11.05 08:40:06.750,0.9906,0.99095,8.30,2.40
2007.11.05 08:40:07.191,0.9906,0.99095,8.30,2.40
2007.11.05 08:40:07.389,0.99055,0.991,13.10,8.80
2007.11.05 08:40:07.717,0.99055,0.991,13.10,8.80
2007.11.05 08:40:08.007,0.99065,0.991,1.40,8.80
2007.11.05 08:40:08.364,0.99065,0.991,2.70,8.80
2007.11.05 08:40:08.651,0.9906,0.99095,7.50,2.40
2007.11.05 08:40:08.865,0.99055,0.99095,7.50,11.20
2007.11.05 08:40:09.102,0.9905,0.99095,9.10,12.00
2007.11.05 08:40:10.179,0.9906,0.99095,2.80,12.00
2007.11.05 08:40:10.451,0.99045,0.9909,17.10,8.80
2007.11.05 08:40:11.044,0.99045,0.9909,14.70,8.80
2007.11.05 08:40:11.367,0.99045,0.9909,13.90,11.20
2007.11.05 08:40:11.755,0.99045,0.9909,13.90,11.20
2007.11.05 08:40:12.080,0.99045,0.9909,27.60,11.20
2007.11.05 08:40:12.272,0.99065,0.99095,3.20,12.80
2007.11.05 08:40:13.529,0.99045,0.99095,28.40,12.80
2007.11.05 08:40:15.140,0.99065,0.99095,0.50,12.80
2007.11.05 08:40:16.261,0.99065,0.99095,0.90,12.80
2007.11.05 08:40:17.455,0.99065,0.99095,1.50,12.80
2007.11.05 08:40:20.191,0.9905,0.99095,9.10,12.80
2007.11.05 08:40:20.799,0.99065,0.99095,2.20,12.80
2007.11.05 08:40:21.482,0.99055,0.99095,9.10,12.80
2007.11.05 08:40:21.816,0.99065,0.99095,2.00,12.80
2007.11.05 08:40:22.244,0.99055,0.99095,9.10,12.80
2007.11.05 08:40:22.520,0.9905,0.99095,13.90,12.80
2007.11.05 08:40:22.729,0.99065,0.99095,3.30,4.00
2007.11.05 08:40:22.939,0.99065,0.99095,0.90,4.00
2007.11.05 08:40:23.208,0.99065,0.99095,3.40,12.00
2007.11.05 08:40:25.185,0.99065,0.99095,3.00,12.00
2007.11.05 08:40:25.789,0.99065,0.99095,1.10,12.00
2007.11.05 08:40:26.027,0.99055,0.99095,13.90,8.80
2007.11.05 08:40:26.306,0.9906,0.99095,10.70,8.80
2007.11.05 08:40:27.024,0.9907,0.99105,6.70,18.40
2007.11.05 08:40:27.637,0.9907,0.99105,6.70,14.40
2007.11.05 08:40:30.181,0.9907,0.99105,6.70,14.40
2007.11.05 08:40:31.085,0.9907,0.99105,6.70,14.40
2007.11.05 08:40:31.928,0.9907,0.99105,6.70,14.40
2007.11.05 08:40:32.126,0.9907,0.99105,6.70,14.40
2007.11.05 08:40:32.631,0.9907,0.99105,6.70,14.40
2007.11.05 08:40:32.965,0.99075,0.99105,2.40,11.20
2007.11.05 08:40:33.298,0.99075,0.99105,9.10,8.80
2007.11.05 08:40:33.632,0.9908,0.9911,6.70,11.20
2007.11.05 08:40:33.872,0.9908,0.99115,6.70,14.40
2007.11.05 08:40:34.163,0.9908,0.99115,6.70,14.40
2007.11.05 08:40:34.371,0.9908,0.99115,6.70,12.00
2007.11.05 08:40:35.185,0.9908,0.99115,6.70,12.00
2007.11.05 08:40:35.467,0.9908,0.99115,6.70,14.40
2007.11.05 08:40:35.795,0.9908,0.99115,6.70,18.40
2007.11.05 08:40:36.574,0.9908,0.99115,6.70,18.40
2007.11.05 08:40:37.813,0.9908,0.99115,6.70,18.40
2007.11.05 08:40:38.307,0.99075,0.99105,9.10,2.40
2007.11.05 08:40:38.576,0.99075,0.991,2.40,8.80
2007.11.05 08:40:39.056,0.99075,0.991,2.40,8.80
2007.11.05 08:40:39.280,0.99075,0.99105,2.40,8.80
2007.11.05 08:40:39.503,0.99075,0.99105,2.40,8.80
2007.11.05 08:40:40.104,0.99075,0.99105,2.40,8.80
2007.11.05 08:40:40.369,0.9908,0.9911,0.80,8.80
2007.11.05 08:40:40.633,0.9908,0.99115,7.50,18.40
2007.11.05 08:40:40.972,0.99085,0.99115,0.80,16.00
2007.11.05 08:40:41.304,0.99075,0.9911,9.90,8.80
2007.11.05 08:40:41.677,0.99075,0.99105,4.80,8.80
2007.11.05 08:40:42.163,0.99075,0.99105,4.80,8.80
2007.11.05 08:40:42.462,0.99075,0.99105,4.80,8.80
2007.11.05 08:40:42.790,0.99075,0.9911,12.30,8.80
2007.11.05 08:40:43.124,0.9908,0.9911,1.60,8.80
2007.11.05 08:40:43.456,0.9908,0.99105,0.80,2.40
2007.11.05 08:40:43.789,0.99075,0.99105,13.10,4.00
2007.11.05 08:40:44.028,0.99075,0.99105,17.10,4.00
2007.11.05 08:40:44.304,0.99075,0.99105,17.10,12.80
2007.11.05 08:40:44.546,0.99075,0.99105,17.10,12.80
2007.11.05 08:40:44.783,0.99075,0.9911,17.10,8.80
2007.11.05 08:40:45.072,0.99075,0.9911,17.10,8.80
2007.11.05 08:40:45.355,0.99075,0.9911,13.10,8.80
2007.11.05 08:40:48.351,0.99075,0.9911,13.10,8.80
2007.11.05 08:40:48.723,0.99075,0.9911,13.10,8.80
2007.11.05 08:40:49.216,0.99075,0.99105,10.70,2.40
2007.11.05 08:40:49.682,0.99075,0.99105,10.70,2.40
2007.11.05 08:40:50.173,0.99075,0.99105,10.70,2.40
2007.11.05 08:40:50.461,0.99075,0.9911,10.70,8.80
2007.11.05 08:40:54.399,0.99075,0.9911,10.70,8.80
2007.11.05 08:40:54.607,0.99075,0.9911,14.70,8.80
2007.11.05 08:40:55.194,0.99075,0.9911,14.70,8.80
2007.11.05 08:40:55.481,0.99075,0.99105,10.70,2.40
2007.11.05 08:40:55.777,0.99075,0.99105,4.00,11.20
2007.11.05 08:40:56.058,0.99085,0.99105,2.40,8.80
2007.11.05 08:40:56.479,0.9909,0.99115,6.70,4.00
2007.11.05 08:40:56.812,0.9909,0.99125,6.70,25.70
2007.11.05 08:40:57.146,0.9909,0.99125,6.70,26.50
2007.11.05 08:40:57.355,0.99085,0.9912,9.10,8.80
2007.11.05 08:40:57.562,0.99085,0.99115,2.40,8.80
2007.11.05 08:40:57.771,0.9908,0.9911,6.70,8.80
2007.11.05 08:40:57.978,0.9908,0.9911,6.70,8.80
2007.11.05 08:40:58.186,0.99085,0.9912,6.70,11.20
2007.11.05 08:40:58.519,0.9908,0.9911,6.70,8.80
2007.11.05 08:40:58.852,0.99085,0.9911,2.40,8.80
2007.11.05 08:40:59.185,0.99085,0.9911,2.40,8.80
2007.11.05 08:40:59.455,0.99085,0.9911,2.40,8.80
2007.11.05 08:40:59.681,0.99085,0.9912,9.10,8.80
2007.11.05 08:40:59.947,0.99085,0.9912,9.10,8.80
2007.11.05 08:41:00.174,0.99085,0.9912,9.10,8.80
2007.11.05 08:41:00.391,0.99085,0.99115,6.70,2.40
2007.11.05 08:41:00.726,0.9908,0.99115,6.70,11.20
2007.11.05 08:41:01.179,0.9908,0.99115,6.70,11.20
2007.11.05 08:41:01.742,0.99085,0.99115,6.70,6.40
2007.11.05 08:41:02.660,0.99085,0.99115,6.70,6.40
2007.11.05 08:41:02.935,0.99085,0.99115,6.70,6.40
2007.11.05 08:41:03.170,0.99085,0.99115,6.70,6.40
2007.11.05 08:41:03.388,0.99085,0.99115,6.70,6.40
2007.11.05 08:41:05.179,0.99085,0.99115,6.70,6.40
2007.11.05 08:41:06.111,0.99075,0.99115,10.70,6.40
2007.11.05 08:41:06.442,0.99075,0.99115,10.70,6.40
2007.11.05 08:41:06.768,0.99085,0.99115,3.50,6.40
2007.11.05 08:41:07.054,0.99085,0.99115,1.80,6.40
2007.11.05 08:41:07.234,0.99085,0.99115,1.90,6.40
2007.11.05 08:41:07.500,0.99075,0.99115,10.70,6.40
2007.11.05 08:41:07.868,0.99085,0.99115,3.20,11.20
2007.11.05 08:41:08.310,0.99085,0.99115,1.80,11.20
2007.11.05 08:41:09.464,0.99075,0.99115,10.70,11.20
2007.11.05 08:41:09.727,0.99075,0.99105,8.30,2.40
2007.11.05 08:41:10.181,0.99085,0.99105,0.80,2.40
2007.11.05 08:41:10.448,0.9907,0.99105,8.30,2.40
2007.11.05 08:41:12.228,0.9907,0.99105,8.30,2.40
2007.11.05 08:41:12.630,0.99075,0.9911,4.30,8.80
2007.11.05 08:41:13.064,0.9907,0.9911,10.70,8.80
2007.11.05 08:41:13.613,0.9907,0.9911,12.30,8.80
2007.11.05 08:41:13.979,0.9907,0.9911,12.30,8.80
2007.11.05 08:41:14.202,0.9907,0.99105,13.10,2.40
2007.11.05 08:41:15.011,0.9907,0.99105,13.10,2.40
2007.11.05 08:41:15.730,0.99075,0.99105,2.90,4.80
2007.11.05 08:41:16.039,0.99075,0.99105,3.40,4.80
2007.11.05 08:41:16.337,0.99075,0.99105,0.90,13.60
2007.11.05 08:41:16.641,0.99075,0.99105,2.90,4.80
2007.11.05 08:41:17.079,0.9907,0.99105,10.70,4.80
2007.11.05 08:41:20.183,0.99075,0.99105,2.30,4.80
2007.11.05 08:41:21.202,0.9907,0.99105,9.90,13.60
2007.11.05 08:41:22.100,0.99075,0.99105,0.80,13.60
2007.11.05 08:41:22.278,0.99075,0.99105,0.80,13.60
2007.11.05 08:41:22.457,0.9907,0.99105,9.90,11.20
2007.11.05 08:41:22.655,0.9907,0.99105,9.90,11.20
2007.11.05 08:41:23.494,0.99075,0.99105,0.80,11.20
2007.11.05 08:41:23.827,0.99075,0.99105,1.30,11.20
2007.11.05 08:41:24.164,0.99075,0.99105,1.80,11.20
2007.11.05 08:41:25.181,0.99075,0.99105,2.00,11.20
2007.11.05 08:41:25.700,0.9907,0.99105,8.30,11.20
2007.11.05 08:41:25.958,0.99065,0.99105,17.10,11.20
2007.11.05 08:41:26.290,0.9906,0.991,21.90,8.80
2007.11.05 08:41:26.624,0.9906,0.991,17.90,8.80
2007.11.05 08:41:26.958,0.99065,0.99105,18.70,11.20
2007.11.05 08:41:27.315,0.9907,0.99105,2.40,11.20
2007.11.05 08:41:28.139,0.99065,0.99105,18.70,11.20
2007.11.05 08:41:29.389,0.99065,0.99105,18.70,11.20
2007.11.05 08:41:29.717,0.9907,0.99105,10.70,8.80
2007.11.05 08:41:30.009,0.99075,0.9911,0.50,8.80
2007.11.05 08:41:30.365,0.99075,0.9911,1.30,8.80
2007.11.05 08:41:32.210,0.99075,0.9911,4.10,8.80
2007.11.05 08:41:32.490,0.99075,0.99105,2.90,2.40
2007.11.05 08:41:32.682,0.99075,0.99105,2.60,11.20
2007.11.05 08:41:33.751,0.99075,0.99105,9.90,11.20
2007.11.05 08:41:34.252,0.99075,0.99105,3.20,11.20
2007.11.05 08:41:34.564,0.99075,0.99105,3.20,11.20
2007.11.05 08:41:34.787,0.99075,0.99105,7.50,13.60
2007.11.05 08:41:35.178,0.99075,0.99105,7.50,13.60
2007.11.05 08:41:35.507,0.99075,0.99105,3.20,8.80
2007.11.05 08:41:36.173,0.99075,0.9911,7.50,8.80
2007.11.05 08:41:36.468,0.99075,0.9911,7.50,8.80
2007.11.05 08:41:37.032,0.99075,0.9911,7.50,8.80
2007.11.05 08:41:37.451,0.99075,0.9911,7.50,8.80
2007.11.05 08:41:38.173,0.99075,0.99105,2.40,8.80
2007.11.05 08:41:38.598,0.99075,0.99105,2.40,8.80
2007.11.05 08:41:39.125,0.99075,0.99105,2.40,8.80
2007.11.05 08:41:39.644,0.99075,0.9911,9.10,8.80
2007.11.05 08:41:40.180,0.99075,0.9911,9.10,8.80
2007.11.05 08:41:40.453,0.99075,0.9911,9.10,8.80
2007.11.05 08:41:40.787,0.99075,0.9911,6.70,11.20
2007.11.05 08:41:41.159,0.99075,0.9911,6.70,8.80
2007.11.05 08:41:41.666,0.99075,0.9911,6.70,8.80
2007.11.05 08:41:42.319,0.99075,0.9911,6.70,8.80
2007.11.05 08:41:42.915,0.99075,0.9911,6.70,8.80
2007.11.05 08:41:43.844,0.99075,0.9911,6.70,8.80
2007.11.05 08:41:44.146,0.99075,0.99105,2.40,8.80
2007.11.05 08:41:45.194,0.99075,0.99105,2.40,8.80
2007.11.05 08:41:47.038,0.99075,0.99105,2.40,8.80
2007.11.05 08:41:47.242,0.99075,0.99105,2.40,8.80
2007.11.05 08:41:48.715,0.99075,0.99105,2.40,8.80
2007.11.05 08:41:49.644,0.99075,0.99105,2.40,8.80
2007.11.05 08:41:50.051,0.99075,0.99105,2.40,8.80
2007.11.05 08:41:50.779,0.99075,0.99105,2.40,8.80
2007.11.05 08:41:51.404,0.99075,0.99105,2.40,8.80
2007.11.05 08:41:53.453,0.99075,0.99105,2.40,8.80
2007.11.05 08:41:54.486,0.99075,0.99105,2.40,8.80
2007.11.05 08:41:55.180,0.99075,0.99105,2.40,8.80
2007.11.05 08:41:55.535,0.99075,0.99105,2.40,8.80
2007.11.05 08:41:55.850,0.99075,0.99105,2.40,8.80
2007.11.05 08:41:56.187,0.99085,0.9911,2.40,8.80
2007.11.05 08:41:56.594,0.99085,0.9911,2.40,8.80
2007.11.05 08:41:57.202,0.99085,0.9911,2.40,8.80
2007.11.05 08:41:57.715,0.99085,0.9911,2.40,8.80
2007.11.05 08:41:57.913,0.99085,0.9911,2.40,8.80
2007.11.05 08:41:58.166,0.99085,0.9911,2.40,8.80
2007.11.05 08:41:58.424,0.9909,0.9911,0.80,8.80
2007.11.05 08:41:58.673,0.9909,0.9911,0.80,8.80
2007.11.05 08:41:58.926,0.9909,0.99115,1.60,11.20
2007.11.05 08:41:59.224,0.9909,0.99115,1.60,8.80
2007.11.05 08:41:59.523,0.9909,0.99115,0.80,8.80
2007.11.05 08:42:00.014,0.9909,0.99115,0.80,8.80
2007.11.05 08:42:00.840,0.9909,0.99115,0.80,8.80
2007.11.05 08:42:01.361,0.9909,0.99115,0.80,8.80
2007.11.05 08:42:01.696,0.9909,0.9912,6.70,8.80
2007.11.05 08:42:02.197,0.9909,0.9912,6.70,8.80
2007.11.05 08:42:03.110,0.9909,0.9912,6.70,9.60
2007.11.05 08:42:03.369,0.9909,0.9912,6.70,10.40
2007.11.05 08:42:03.637,0.9909,0.9912,6.70,10.40
2007.11.05 08:42:04.012,0.9909,0.9912,6.70,1.60
2007.11.05 08:42:04.271,0.9909,0.9912,6.70,1.60
2007.11.05 08:42:04.571,0.9909,0.9912,6.70,1.60
2007.11.05 08:42:04.854,0.99085,0.99115,9.10,0.80
2007.11.05 08:42:05.177,0.99085,0.99115,9.10,0.80
2007.11.05 08:42:05.403,0.99085,0.99115,9.10,0.80
2007.11.05 08:42:05.435,0.9908,0.9912,6.70,10.40
2007.11.05 08:42:05.705,0.99085,0.9912,6.70,10.40
2007.11.05 08:42:06.228,0.99085,0.99115,6.70,0.50
2007.11.05 08:42:06.752,0.99085,0.9912,6.70,16.80
2007.11.05 08:42:07.116,0.99085,0.99115,6.70,0.70
2007.11.05 08:42:07.450,0.99085,0.99115,6.70,0.90
2007.11.05 08:42:08.090,0.99085,0.99115,6.70,0.60
2007.11.05 08:42:08.298,0.99085,0.9912,6.70,16.80
2007.11.05 08:42:09.162,0.99085,0.9912,6.70,16.80
2007.11.05 08:42:09.425,0.99085,0.9912,6.70,16.80
2007.11.05 08:42:09.672,0.99085,0.9912,6.70,19.20
2007.11.05 08:42:09.952,0.99085,0.9912,6.70,19.20
2007.11.05 08:42:10.186,0.99085,0.9912,6.70,19.20
2007.11.05 08:42:10.679,0.9908,0.99115,6.70,0.80
2007.11.05 08:42:11.120,0.9908,0.9912,6.70,20.00
2007.11.05 08:42:11.453,0.9908,0.99115,6.70,0.90
2007.11.05 08:42:12.634,0.9908,0.99115,6.70,0.70
2007.11.05 08:42:14.221,0.9908,0.99115,6.70,0.60
2007.11.05 08:42:15.177,0.9908,0.9912,6.70,20.00
2007.11.05 08:42:15.722,0.9908,0.9912,6.70,20.00
2007.11.05 08:42:16.042,0.9908,0.9912,6.70,18.40
2007.11.05 08:42:16.361,0.99085,0.9912,2.40,17.60
2007.11.05 08:42:17.067,0.99085,0.99115,2.40,0.60
2007.11.05 08:42:17.592,0.99085,0.99115,2.40,0.50
2007.11.05 08:42:17.800,0.9909,0.9912,6.70,13.60
2007.11.05 08:42:19.561,0.9909,0.9912,6.70,13.60
2007.11.05 08:42:19.743,0.9909,0.99125,6.70,0.80
2007.11.05 08:42:19.931,0.9909,0.9913,6.70,20.80
2007.11.05 08:42:21.171,0.9909,0.9913,6.70,20.80
2007.11.05 08:42:21.494,0.9909,0.9913,6.70,20.80
2007.11.05 08:42:21.817,0.9909,0.99125,6.70,0.80
2007.11.05 08:42:25.187,0.9909,0.99125,6.70,0.80
2007.11.05 08:42:26.676,0.9909,0.99125,6.70,0.50
2007.11.05 08:42:27.200,0.9909,0.9912,6.70,0.90
2007.11.05 08:42:27.505,0.9909,0.99125,6.70,15.20
2007.11.05 08:42:27.678,0.99085,0.99125,12.30,19.20
2007.11.05 08:42:28.014,0.99085,0.9912,12.30,0.80
2007.11.05 08:42:28.562,0.9909,0.99125,6.70,15.20
2007.11.05 08:42:28.834,0.9909,0.9912,6.70,0.70
2007.11.05 08:42:29.344,0.9909,0.99125,6.70,12.80
2007.11.05 08:42:29.557,0.99085,0.99125,11.50,13.60
2007.11.05 08:42:29.770,0.99085,0.99115,11.50,0.80
2007.11.05 08:42:29.993,0.99085,0.9912,11.50,10.40
2007.11.05 08:42:34.536,0.99085,0.99115,11.50,0.80
2007.11.05 08:42:35.184,0.99085,0.99115,11.50,0.80
2007.11.05 08:42:37.699,0.99085,0.99115,11.50,0.80
2007.11.05 08:42:39.584,0.99085,0.99115,11.50,0.80
2007.11.05 08:42:40.177,0.99085,0.99115,11.50,0.80
2007.11.05 08:42:42.549,0.99085,0.99115,11.50,0.80
2007.11.05 08:42:43.080,0.99085,0.9912,11.50,10.40
2007.11.05 08:42:43.362,0.99085,0.99115,4.80,0.70
2007.11.05 08:42:43.671,0.99085,0.99115,4.80,0.70
2007.11.05 08:42:43.983,0.99085,0.9912,4.80,12.80
2007.11.05 08:42:44.212,0.9908,0.99115,8.30,0.70
2007.11.05 08:42:44.442,0.9908,0.99115,7.50,0.80
2007.11.05 08:42:44.833,0.9908,0.9912,6.70,19.20
2007.11.05 08:42:45.190,0.9908,0.99115,6.70,0.80
2007.11.05 08:42:45.507,0.9908,0.99115,6.70,0.60
2007.11.05 08:42:46.337,0.9908,0.9912,6.70,20.00
2007.11.05 08:42:47.388,0.9908,0.9912,6.70,24.00
2007.11.05 08:42:47.706,0.9908,0.9912,6.70,24.00
2007.11.05 08:42:47.970,0.99075,0.9911,9.90,0.90
2007.11.05 08:42:48.234,0.9908,0.99115,6.70,0.50
2007.11.05 08:42:48.819,0.9908,0.9912,6.70,20.00
2007.11.05 08:42:49.333,0.9908,0.9912,6.70,20.00
2007.11.05 08:42:51.328,0.9908,0.9912,6.70,20.00
2007.11.05 08:42:55.185,0.9908,0.9912,6.70,20.00
2007.11.05 08:43:00.184,0.9908,0.99115,6.70,0.60
2007.11.05 08:43:00.682,0.9908,0.9912,6.70,19.20
2007.11.05 08:43:00.996,0.9908,0.9912,6.70,20.80
2007.11.05 08:43:01.289,0.9908,0.9912,6.70,20.80
2007.11.05 08:43:01.582,0.99075,0.99105,2.40,0.60
2007.11.05 08:43:02.005,0.99075,0.99115,2.40,18.40
2007.11.05 08:43:02.318,0.99075,0.99105,2.40,0.80
2007.11.05 08:43:02.567,0.99075,0.99115,2.40,23.20
2007.11.05 08:43:03.152,0.99075,0.99115,2.40,23.20
2007.11.05 08:43:03.385,0.99075,0.9911,2.40,11.20
2007.11.05 08:43:03.784,0.99075,0.9911,2.40,11.20
2007.11.05 08:43:04.018,0.99075,0.9911,2.40,11.20
2007.11.05 08:43:04.254,0.99075,0.9911,2.40,12.00
2007.11.05 08:43:05.182,0.99075,0.99105,2.40,0.90
2007.11.05 08:43:06.994,0.99075,0.9911,2.40,13.60
2007.11.05 08:43:07.583,0.99075,0.99105,2.40,9.60
2007.11.05 08:43:07.751,0.9907,0.99105,6.70,12.00
2007.11.05 08:43:08.251,0.9907,0.99105,6.70,12.00
2007.11.05 08:43:08.560,0.9907,0.99105,6.70,14.40
2007.11.05 08:43:08.867,0.99065,0.991,9.10,11.20
2007.11.05 08:43:09.176,0.99065,0.991,9.10,8.80
2007.11.05 08:43:09.440,0.9907,0.991,6.70,8.80
2007.11.05 08:43:09.966,0.9907,0.991,6.70,8.80
2007.11.05 08:43:10.177,0.9907,0.991,6.70,8.80
2007.11.05 08:43:10.515,0.9907,0.99105,6.70,15.20
2007.11.05 08:43:10.828,0.99075,0.99105,6.70,17.60
2007.11.05 08:43:11.141,0.99065,0.991,9.90,8.80
2007.11.05 08:43:11.455,0.99065,0.991,9.90,8.80
2007.11.05 08:43:12.193,0.9907,0.991,6.70,8.80
2007.11.05 08:43:12.521,0.99065,0.991,9.10,8.80
2007.11.05 08:43:13.155,0.99065,0.991,9.10,8.80
2007.11.05 08:43:15.199,0.99065,0.991,9.10,8.80
2007.11.05 08:43:20.181,0.99065,0.991,9.10,8.80
2007.11.05 08:43:24.628,0.99065,0.991,9.10,8.80
2007.11.05 08:43:24.856,0.99065,0.991,11.50,8.80
2007.11.05 08:43:25.084,0.9907,0.99105,6.70,16.00
2007.11.05 08:43:25.661,0.9907,0.99105,6.70,16.00
2007.11.05 08:43:25.995,0.9907,0.99105,6.70,12.00
2007.11.05 08:43:26.694,0.9907,0.99105,6.70,12.00
2007.11.05 08:43:26.862,0.9907,0.99105,6.70,14.40
2007.11.05 08:43:27.031,0.99065,0.991,9.10,8.80
2007.11.05 08:43:27.399,0.9906,0.991,9.90,8.80
2007.11.05 08:43:27.419,0.99065,0.991,9.10,8.80
2007.11.05 08:43:28.662,0.99065,0.991,9.10,8.80
2007.11.05 08:43:29.256,0.99065,0.991,9.10,8.80
2007.11.05 08:43:30.098,0.99065,0.991,9.10,8.80
2007.11.05 08:43:33.338,0.9907,0.99105,6.70,16.00
2007.11.05 08:43:33.761,0.9907,0.99105,6.70,16.00
2007.11.05 08:43:34.089,0.9907,0.99105,6.70,16.00
2007.11.05 08:43:34.685,0.9907,0.99105,6.70,16.00
2007.11.05 08:43:35.192,0.9907,0.99105,6.70,16.00
2007.11.05 08:43:35.552,0.9907,0.99105,6.70,12.00
2007.11.05 08:43:38.776,0.9907,0.99105,6.70,12.00
2007.11.05 08:43:39.110,0.9907,0.99105,6.70,12.00
2007.11.05 08:43:39.455,0.9907,0.99105,6.70,12.00
2007.11.05 08:43:39.766,0.99065,0.991,12.30,8.80
2007.11.05 08:43:40.187,0.99065,0.991,12.30,8.80
2007.11.05 08:43:40.519,0.9907,0.991,6.70,8.80
2007.11.05 08:43:45.182,0.9907,0.991,6.70,8.80
2007.11.05 08:43:49.289,0.99065,0.991,17.10,8.80
2007.11.05 08:43:49.815,0.99065,0.991,13.10,8.80
2007.11.05 08:43:50.198,0.99065,0.991,13.10,8.80
2007.11.05 08:43:50.668,0.99065,0.991,13.10,8.80
2007.11.05 08:43:52.163,0.99065,0.99095,10.70,2.40
2007.11.05 08:43:55.185,0.99065,0.99095,10.70,2.40
2007.11.05 08:43:56.000,0.99065,0.991,13.10,8.80
2007.11.05 08:43:56.512,0.99065,0.991,13.10,8.80
2007.11.05 08:43:58.946,0.99065,0.991,13.10,8.80
2007.11.05 08:43:59.252,0.99065,0.991,13.10,8.80
2007.11.05 08:44:00.179,0.99065,0.991,13.10,8.80
2007.11.05 08:44:00.978,0.99065,0.991,13.10,8.80
2007.11.05 08:44:05.189,0.99065,0.991,13.10,8.80
2007.11.05 08:44:05.458,0.9907,0.991,0.80,8.80
2007.11.05 08:44:05.727,0.9907,0.991,0.80,8.80
2007.11.05 08:44:05.996,0.9907,0.99095,0.80,2.40
2007.11.05 08:44:06.264,0.99065,0.99095,10.70,2.40
2007.11.05 08:44:06.631,0.99065,0.99095,10.70,2.40
2007.11.05 08:44:06.963,0.99065,0.991,9.10,11.20
2007.11.05 08:44:10.178,0.99065,0.991,9.10,11.20
2007.11.05 08:44:10.717,0.99065,0.99095,9.10,8.80
2007.11.05 08:44:11.125,0.99065,0.99095,9.10,8.80
2007.11.05 08:44:11.458,0.99065,0.99095,9.10,8.80
2007.11.05 08:44:11.862,0.99065,0.99095,9.10,8.80
2007.11.05 08:44:14.199,0.99065,0.99095,9.10,8.80
2007.11.05 08:44:14.708,0.99065,0.99095,9.10,8.80
2007.11.05 08:44:15.182,0.99065,0.99095,9.10,8.80
2007.11.05 08:44:15.907,0.99065,0.99095,9.10,8.80
2007.11.05 08:44:16.760,0.99055,0.99095,13.90,8.80
2007.11.05 08:44:20.159,0.99055,0.99095,13.90,8.80
2007.11.05 08:44:20.408,0.9906,0.99095,11.50,2.40
2007.11.05 08:44:20.692,0.9906,0.991,14.70,11.20
2007.11.05 08:44:21.024,0.9906,0.991,18.70,11.20
2007.11.05 08:44:21.357,0.99065,0.991,5.00,11.20
2007.11.05 08:44:21.864,0.99065,0.991,3.40,11.20
2007.11.05 08:44:22.172,0.99065,0.991,1.70,11.20
2007.11.05 08:44:22.481,0.99065,0.991,1.30,11.20
2007.11.05 08:44:23.743,0.9906,0.991,14.70,8.80
2007.11.05 08:44:25.185,0.99065,0.991,3.70,8.80
2007.11.05 08:44:25.791,0.99065,0.991,1.00,8.80
2007.11.05 08:44:27.202,0.9906,0.991,14.70,11.20
2007.11.05 08:44:27.452,0.9906,0.991,14.70,11.20
2007.11.05 08:44:29.095,0.99065,0.991,1.40,11.20
2007.11.05 08:44:29.528,0.99065,0.991,4.10,11.20
2007.11.05 08:44:30.049,0.9906,0.991,15.50,11.20
2007.11.05 08:44:31.208,0.9906,0.991,14.70,11.20
2007.11.05 08:44:31.679,0.99065,0.991,2.30,11.20
2007.11.05 08:44:33.457,0.9906,0.991,10.70,11.20
2007.11.05 08:44:33.871,0.9906,0.99095,10.70,8.80
2007.11.05 08:44:34.204,0.99055,0.99095,17.90,8.80
2007.11.05 08:44:35.186,0.99065,0.99095,0.60,8.80
2007.11.05 08:44:36.753,0.99055,0.99095,17.90,8.80
2007.11.05 08:44:37.793,0.99055,0.99095,17.90,8.80
2007.11.05 08:44:37.976,0.99065,0.99095,2.10,8.80
2007.11.05 08:44:38.162,0.9906,0.99095,10.70,8.80
2007.11.05 08:44:38.345,0.9906,0.99095,13.10,8.80
2007.11.05 08:44:38.756,0.99065,0.99105,9.90,18.40
2007.11.05 08:44:39.030,0.99055,0.991,21.90,8.80
2007.11.05 08:44:39.432,0.99055,0.991,21.90,8.80
2007.11.05 08:44:39.803,0.99065,0.991,0.50,0.90
2007.11.05 08:44:40.148,0.99055,0.99105,21.90,18.40
2007.11.05 08:44:42.201,0.99065,0.991,0.80,0.80
2007.11.05 08:44:42.375,0.9907,0.9911,9.10,18.40
2007.11.05 08:44:42.675,0.9907,0.9911,9.10,16.00
2007.11.05 08:44:42.933,0.9907,0.9911,9.10,16.00
2007.11.05 08:44:43.231,0.99075,0.99105,0.70,0.80
2007.11.05 08:44:43.753,0.99075,0.99105,0.90,0.50
2007.11.05 08:44:43.952,0.9906,0.99105,19.50,16.00
2007.11.05 08:44:44.149,0.9906,0.99105,18.70,18.40
2007.11.05 08:44:44.348,0.9906,0.99105,13.90,18.40
2007.11.05 08:44:44.754,0.9906,0.99105,13.90,18.40
2007.11.05 08:44:45.174,0.99065,0.99105,13.10,18.40
2007.11.05 08:44:45.432,0.99065,0.99105,9.10,20.80
2007.11.05 08:44:46.150,0.99065,0.991,9.10,0.50
2007.11.05 08:44:46.484,0.99065,0.991,2.40,13.60
2007.11.05 08:44:47.278,0.99065,0.991,2.40,11.20
2007.11.05 08:44:47.505,0.99065,0.991,2.40,11.20
2007.11.05 08:44:47.683,0.9907,0.991,6.70,0.50
2007.11.05 08:44:48.191,0.9907,0.991,6.70,13.60
2007.11.05 08:44:48.502,0.9907,0.991,6.70,4.80
2007.11.05 08:44:48.804,0.99065,0.991,2.40,11.20
2007.11.05 08:44:49.059,0.99065,0.99095,2.40,0.50
2007.11.05 08:44:49.283,0.99065,0.99105,9.10,16.80
2007.11.05 08:44:49.672,0.99065,0.99105,9.10,16.80
2007.11.05 08:44:49.895,0.99065,0.99105,9.10,20.80
2007.11.05 08:44:50.198,0.99065,0.991,9.10,0.60
2007.11.05 08:44:51.276,0.99065,0.99105,9.10,20.80
2007.11.05 08:44:51.599,0.99065,0.99095,2.40,0.90
2007.11.05 08:44:52.043,0.99065,0.99095,2.40,0.60
2007.11.05 08:44:52.272,0.99065,0.99095,2.40,0.90
2007.11.05 08:44:52.706,0.99065,0.99105,2.40,19.20
2007.11.05 08:44:52.977,0.99065,0.99105,2.40,19.20
2007.11.05 08:44:53.610,0.99065,0.99105,2.40,19.20
2007.11.05 08:44:55.184,0.99065,0.99105,2.40,19.20
2007.11.05 08:44:55.980,0.99065,0.99105,2.40,19.20
2007.11.05 08:44:56.313,0.99065,0.99095,2.40,0.50
2007.11.05 08:44:56.699,0.99065,0.99105,2.40,18.40
2007.11.05 08:44:59.270,0.99065,0.99105,2.40,18.40
2007.11.05 08:44:59.573,0.99065,0.99105,2.40,18.40
2007.11.05 08:44:59.779,0.99065,0.99105,9.10,18.40
2007.11.05 08:44:59.942,0.99065,0.99105,9.10,14.40
2007.11.05 08:45:00.178,0.99065,0.991,9.10,0.60
2007.11.05 08:45:01.237,0.99065,0.991,9.10,0.70
2007.11.05 08:45:02.066,0.99065,0.991,9.10,0.80
2007.11.05 08:45:02.367,0.99065,0.99105,9.10,14.40
2007.11.05 08:45:02.887,0.99065,0.991,9.10,0.90
2007.11.05 08:45:04.775,0.99065,0.99105,9.10,19.20
2007.11.05 08:45:05.183,0.99065,0.99105,9.10,19.20
2007.11.05 08:45:06.689,0.99065,0.99105,9.10,19.20
2007.11.05 08:45:07.013,0.99065,0.991,9.10,0.50
2007.11.05 08:45:07.336,0.99065,0.991,2.40,14.40
2007.11.05 08:45:07.663,0.99065,0.99105,2.40,33.70
2007.11.05 08:45:08.173,0.99065,0.991,2.40,14.40
2007.11.05 08:45:08.463,0.99065,0.991,2.40,14.40
2007.11.05 08:45:08.706,0.99065,0.991,2.40,12.00
2007.11.05 08:45:08.949,0.99065,0.99095,9.10,0.80
2007.11.05 08:45:09.319,0.99065,0.99095,9.10,0.80
2007.11.05 08:45:09.697,0.99065,0.99095,9.10,0.50
2007.11.05 08:45:09.950,0.9906,0.99095,6.70,0.70
2007.11.05 08:45:10.332,0.9906,0.991,6.70,16.80
2007.11.05 08:45:10.745,0.9906,0.991,6.70,16.80
2007.11.05 08:45:11.463,0.9906,0.991,6.70,16.80
2007.11.05 08:45:12.243,0.99055,0.99095,15.50,12.00
2007.11.05 08:45:12.715,0.99055,0.99095,15.50,12.00
2007.11.05 08:45:13.048,0.9906,0.99095,6.70,0.70
2007.11.05 08:45:13.647,0.99065,0.991,2.40,12.00
2007.11.05 08:45:13.950,0.99065,0.99095,2.40,0.80
2007.11.05 08:45:14.190,0.9906,0.99095,6.70,0.50
2007.11.05 08:45:14.607,0.9906,0.991,6.70,14.40
2007.11.05 08:45:14.941,0.9907,0.991,0.80,12.00
2007.11.05 08:45:15.284,0.99075,0.991,0.80,11.20
2007.11.05 08:45:15.617,0.99075,0.99095,0.80,0.70
2007.11.05 08:45:16.520,0.99075,0.991,0.80,11.20
2007.11.05 08:45:17.337,0.99075,0.99095,0.80,0.90
2007.11.05 08:45:18.594,0.99075,0.991,0.80,11.20
2007.11.05 08:45:18.808,0.99075,0.99095,0.80,0.90
2007.11.05 08:45:19.282,0.99075,0.991,0.80,11.20
2007.11.05 08:45:19.499,0.99075,0.99095,0.80,0.50
2007.11.05 08:45:19.718,0.99065,0.991,9.90,0.60
2007.11.05 08:45:20.135,0.99065,0.99105,9.90,19.20
2007.11.05 08:45:20.358,0.99065,0.99095,9.10,0.90
2007.11.05 08:45:23.433,0.99065,0.99095,9.10,0.90
2007.11.05 08:45:23.809,0.99065,0.99105,9.10,19.20
2007.11.05 08:45:24.148,0.99065,0.99105,9.10,19.20
2007.11.05 08:45:24.733,0.99065,0.99105,9.10,18.40
2007.11.05 08:45:25.180,0.99065,0.99105,9.10,18.40
2007.11.05 08:45:25.458,0.9907,0.99105,6.70,0.60
2007.11.05 08:45:25.765,0.9907,0.99105,6.70,0.60
2007.11.05 08:45:26.165,0.9907,0.99105,6.70,0.90
2007.11.05 08:45:26.530,0.9907,0.99105,6.70,16.00
2007.11.05 08:45:28.188,0.99075,0.99105,2.40,13.60
2007.11.05 08:45:28.701,0.99075,0.99105,2.40,13.60
2007.11.05 08:45:28.909,0.9907,0.99105,6.70,16.00
2007.11.05 08:45:30.175,0.99075,0.99105,2.40,13.60
2007.11.05 08:45:30.974,0.99075,0.99105,2.40,13.60
2007.11.05 08:45:31.484,0.99075,0.99105,2.40,13.60
2007.11.05 08:45:35.044,0.99075,0.99105,2.40,12.80
2007.11.05 08:45:35.274,0.99075,0.99105,2.40,12.80
2007.11.05 08:45:35.499,0.99075,0.99105,2.40,12.80
2007.11.05 08:45:35.781,0.99065,0.991,21.10,8.80
2007.11.05 08:45:36.099,0.99065,0.991,21.10,8.80
2007.11.05 08:45:36.466,0.99065,0.991,21.10,8.80
2007.11.05 08:45:36.799,0.99065,0.991,17.10,8.80
2007.11.05 08:45:37.295,0.99065,0.991,17.10,8.80
2007.11.05 08:45:37.591,0.99065,0.991,17.10,8.80
2007.11.05 08:45:38.243,0.99065,0.99095,14.70,8.80
2007.11.05 08:45:38.444,0.9907,0.99095,0.80,8.80
2007.11.05 08:45:38.768,0.9907,0.991,0.80,8.80
2007.11.05 08:45:39.163,0.99065,0.99095,2.40,8.80
2007.11.05 08:45:39.488,0.99055,0.99085,18.70,2.40
2007.11.05 08:45:40.084,0.99055,0.99085,18.70,2.40
2007.11.05 08:45:40.293,0.9906,0.9909,2.40,8.80
2007.11.05 08:45:40.506,0.9906,0.99095,9.10,15.20
2007.11.05 08:45:40.521,0.9906,0.99105,9.10,27.20
2007.11.05 08:45:40.839,0.9906,0.99095,6.70,0.70
2007.11.05 08:45:41.274,0.9906,0.99095,6.70,0.80
2007.11.05 08:45:42.214,0.9906,0.99095,6.70,0.70
2007.11.05 08:45:42.401,0.99055,0.9909,21.90,0.70
2007.11.05 08:45:42.701,0.9906,0.99085,2.40,0.60
2007.11.05 08:45:43.154,0.9906,0.9909,2.40,12.80
2007.11.05 08:45:43.453,0.9907,0.99085,3.20,0.80
2007.11.05 08:45:43.726,0.99075,0.99085,0.80,0.70
2007.11.05 08:45:43.999,0.99075,0.99085,0.80,0.90
2007.11.05 08:45:44.346,0.9907,0.99095,1.60,15.20
2007.11.05 08:45:44.675,0.9907,0.99095,1.60,12.80
2007.11.05 08:45:45.297,0.9907,0.99095,1.60,12.80
2007.11.05 08:45:45.548,0.9907,0.99085,0.80,0.60
2007.11.05 08:45:45.882,0.99065,0.99095,9.90,0.60
2007.11.05 08:45:46.342,0.99065,0.991,13.90,12.80
2007.11.05 08:45:46.675,0.99065,0.99105,17.90,19.20
2007.11.05 08:45:47.175,0.99065,0.99105,20.30,16.80
2007.11.05 08:45:47.378,0.9908,0.991,0.80,0.50
2007.11.05 08:45:47.624,0.9908,0.991,0.80,0.50
2007.11.05 08:45:48.021,0.9908,0.991,1.60,0.70
2007.11.05 08:45:48.345,0.9908,0.991,1.60,0.90
2007.11.05 08:45:48.593,0.9908,0.99095,1.60,0.80
2007.11.05 08:45:49.477,0.9908,0.99095,1.60,0.90
2007.11.05 08:45:50.186,0.9908,0.99095,1.60,0.70
2007.11.05 08:45:50.438,0.9908,0.99105,1.60,0.80
2007.11.05 08:45:50.729,0.9908,0.99095,1.60,0.60
2007.11.05 08:45:51.063,0.99065,0.99095,14.70,0.50
2007.11.05 08:45:51.450,0.99065,0.99095,10.70,0.90
2007.11.05 08:45:51.783,0.99065,0.991,8.30,12.80
2007.11.05 08:45:51.968,0.99065,0.991,8.30,12.80
2007.11.05 08:45:52.141,0.99065,0.99095,7.50,0.60
2007.11.05 08:45:52.552,0.99065,0.99095,7.50,0.90
2007.11.05 08:45:52.787,0.99065,0.99095,7.50,0.50
2007.11.05 08:45:53.310,0.99065,0.991,7.50,12.80
2007.11.05 08:45:54.029,0.99065,0.99095,7.50,0.60
2007.11.05 08:45:54.198,0.99065,0.991,7.50,12.80
2007.11.05 08:45:54.366,0.9907,0.991,6.70,0.70
2007.11.05 08:45:54.636,0.9907,0.99105,6.70,15.20
2007.11.05 08:45:54.803,0.9907,0.991,0.80,0.50
2007.11.05 08:45:55.162,0.99075,0.991,0.80,0.60
2007.11.05 08:45:55.495,0.99075,0.9911,7.50,17.60
2007.11.05 08:45:55.829,0.99075,0.99105,9.90,0.80
2007.11.05 08:45:56.169,0.99075,0.99105,9.90,0.90
2007.11.05 08:45:56.582,0.99075,0.99115,9.90,16.80
2007.11.05 08:45:56.896,0.99075,0.99115,7.50,19.20
2007.11.05 08:45:57.099,0.99075,0.9911,7.50,12.80
2007.11.05 08:45:57.292,0.99075,0.9911,7.50,15.20
2007.11.05 08:45:57.564,0.9908,0.9911,1.60,15.20
2007.11.05 08:45:57.813,0.9908,0.9911,0.80,19.20
2007.11.05 08:45:58.145,0.99075,0.9911,7.50,16.80
2007.11.05 08:45:58.560,0.99075,0.9911,7.50,16.80
2007.11.05 08:46:00.181,0.99075,0.9911,7.50,16.80
2007.11.05 08:46:00.641,0.99075,0.9911,7.50,16.80
2007.11.05 08:46:00.864,0.99075,0.99105,9.90,0.80
2007.11.05 08:46:01.197,0.99075,0.9911,9.90,10.40
2007.11.05 08:46:02.384,0.99075,0.9911,9.90,10.40
2007.11.05 08:46:02.808,0.99075,0.9911,12.30,10.40
2007.11.05 08:46:02.992,0.99075,0.9911,12.30,9.60
2007.11.05 08:46:03.264,0.99075,0.99105,9.90,0.90
2007.11.05 08:46:03.701,0.9908,0.99115,6.70,19.20
2007.11.05 08:46:03.975,0.99075,0.99115,6.70,19.20
2007.11.05 08:46:04.260,0.9907,0.99105,6.70,0.90
2007.11.05 08:46:04.493,0.9907,0.99115,6.70,19.20
2007.11.05 08:46:04.727,0.99065,0.991,7.50,0.90
2007.11.05 08:46:05.182,0.99065,0.991,7.50,0.60
2007.11.05 08:46:05.487,0.99065,0.99105,7.50,17.60
2007.11.05 08:46:06.681,0.99065,0.991,7.50,11.20
2007.11.05 08:46:06.984,0.99065,0.991,7.50,11.20
2007.11.05 08:46:07.287,0.9906,0.99105,6.70,18.40
2007.11.05 08:46:07.631,0.9906,0.9909,6.70,0.50
2007.11.05 08:46:08.191,0.9906,0.9909,6.70,8.80
2007.11.05 08:46:08.409,0.9906,0.99095,6.70,12.80
2007.11.05 08:46:08.782,0.9906,0.99095,6.70,8.80
2007.11.05 08:46:09.136,0.9906,0.99085,6.70,2.40
2007.11.05 08:46:09.669,0.99055,0.99085,14.70,2.40
2007.11.05 08:46:09.967,0.99055,0.9909,9.90,8.80
2007.11.05 08:46:10.265,0.99065,0.9909,2.40,8.80
2007.11.05 08:46:10.483,0.99065,0.9909,2.40,8.80
2007.11.05 08:46:10.713,0.99065,0.9909,2.40,8.80
2007.11.05 08:46:10.983,0.99065,0.9909,2.40,8.80
2007.11.05 08:46:11.505,0.99065,0.9909,2.40,8.80
2007.11.05 08:46:11.838,0.99065,0.9909,2.40,8.80
2007.11.05 08:46:12.640,0.99065,0.9909,2.40,8.80
2007.11.05 08:46:14.312,0.99055,0.9909,14.70,8.80
2007.11.05 08:46:14.633,0.99055,0.9909,13.90,8.80
2007.11.05 08:46:15.051,0.99055,0.9909,13.90,8.80
2007.11.05 08:46:15.271,0.99065,0.9909,2.40,8.80
2007.11.05 08:46:15.540,0.9907,0.99095,0.80,4.00
2007.11.05 08:46:15.809,0.99075,0.99095,0.80,6.40
2007.11.05 08:46:16.317,0.99075,0.99095,0.80,6.40
2007.11.05 08:46:16.652,0.99075,0.99095,0.80,2.40
2007.11.05 08:46:17.146,0.99075,0.99095,3.20,2.40
2007.11.05 08:46:19.831,0.99075,0.99095,3.20,2.40
2007.11.05 08:46:20.049,0.99075,0.99095,2.40,2.40
2007.11.05 08:46:20.755,0.99075,0.99095,2.40,2.40
2007.11.05 08:46:21.156,0.99065,0.99095,18.70,2.40
2007.11.05 08:46:21.671,0.99065,0.99095,18.70,2.40
2007.11.05 08:46:21.859,0.9907,0.991,0.80,8.80
2007.11.05 08:46:22.114,0.9907,0.99095,0.80,8.80
2007.11.05 08:46:22.302,0.99075,0.99095,3.20,11.20
2007.11.05 08:46:22.788,0.99075,0.99095,3.20,11.20
2007.11.05 08:46:23.147,0.99075,0.991,3.20,8.80
2007.11.05 08:46:23.461,0.99075,0.99105,2.40,9.60
2007.11.05 08:46:23.720,0.99075,0.99105,2.40,9.60
2007.11.05 08:46:24.419,0.99075,0.99105,2.40,9.60
2007.11.05 08:46:25.186,0.99075,0.99105,2.40,9.60
2007.11.05 08:46:28.244,0.99075,0.99105,2.40,9.60
2007.11.05 08:46:28.453,0.99075,0.9911,9.10,8.80
2007.11.05 08:46:28.744,0.99075,0.9911,9.10,8.80
2007.11.05 08:46:28.983,0.99075,0.9911,9.10,8.80
2007.11.05 08:46:29.268,0.99075,0.9911,9.10,8.80
2007.11.05 08:46:29.506,0.99075,0.9911,13.10,8.80
2007.11.05 08:46:29.744,0.99075,0.9911,15.50,8.80
2007.11.05 08:46:29.984,0.9908,0.99115,6.70,16.00
2007.11.05 08:46:30.232,0.9908,0.99115,9.10,15.20
2007.11.05 08:46:30.481,0.9908,0.99115,9.10,15.20
2007.11.05 08:46:31.129,0.9908,0.99115,9.10,15.20
2007.11.05 08:46:31.752,0.9908,0.99115,9.10,15.20
2007.11.05 08:46:32.170,0.99085,0.99115,2.40,12.80
2007.11.05 08:46:33.976,0.99085,0.9911,2.40,8.80
2007.11.05 08:46:34.383,0.99085,0.9911,2.40,8.80
2007.11.05 08:46:34.748,0.99085,0.99115,12.30,4.00
2007.11.05 08:46:35.201,0.99085,0.99115,12.30,4.00
2007.11.05 08:46:35.583,0.99085,0.99115,12.30,4.00
2007.11.05 08:46:35.891,0.9908,0.99115,15.50,4.00
2007.11.05 08:46:36.213,0.99085,0.99115,12.30,4.00
2007.11.05 08:46:36.840,0.99085,0.99115,12.30,4.00
2007.11.05 08:46:38.708,0.99085,0.99115,12.30,4.00
2007.11.05 08:46:39.083,0.99085,0.99115,13.10,4.00
2007.11.05 08:46:39.327,0.99085,0.99115,13.10,4.00
2007.11.05 08:46:39.648,0.99085,0.99115,13.10,4.00
2007.11.05 08:46:39.891,0.9909,0.99115,0.80,4.00
2007.11.05 08:46:40.134,0.99095,0.99115,2.40,4.00
2007.11.05 08:46:40.514,0.991,0.99115,0.80,4.00
2007.11.05 08:46:40.801,0.99105,0.99115,0.80,4.00
2007.11.05 08:46:41.089,0.99105,0.99125,0.80,17.60
2007.11.05 08:46:41.418,0.99095,0.99125,7.50,17.60
2007.11.05 08:46:41.778,0.99095,0.99125,7.50,17.60
2007.11.05 08:46:42.413,0.99095,0.99125,7.50,17.60
2007.11.05 08:46:42.724,0.99095,0.99125,7.50,17.60
2007.11.05 08:46:43.902,0.99095,0.99125,0.80,17.60
2007.11.05 08:46:44.100,0.9909,0.99125,8.30,17.60
2007.11.05 08:46:44.402,0.991,0.99125,0.80,15.20
2007.11.05 08:46:44.730,0.991,0.99125,7.50,6.40
2007.11.05 08:46:45.033,0.99095,0.99125,12.30,4.00
2007.11.05 08:46:45.335,0.991,0.99125,0.80,4.00
2007.11.05 08:46:45.615,0.991,0.99125,0.80,4.00
2007.11.05 08:46:45.838,0.991,0.99135,8.30,17.60
2007.11.05 08:46:46.132,0.991,0.99135,8.30,17.60
2007.11.05 08:46:46.355,0.99105,0.99135,6.70,17.60
2007.11.05 08:46:48.339,0.991,0.9913,8.30,8.80
2007.11.05 08:46:48.632,0.991,0.99135,10.70,17.60
2007.11.05 08:46:48.964,0.99105,0.99135,2.40,15.20
2007.11.05 08:46:49.298,0.9911,0.99135,0.80,15.20
2007.11.05 08:46:49.652,0.9911,0.99135,0.80,15.20
2007.11.05 08:46:49.945,0.9911,0.99135,0.80,15.20
2007.11.05 08:46:50.176,0.9911,0.99135,0.80,15.20
2007.11.05 08:46:50.394,0.99115,0.99135,0.80,6.40
2007.11.05 08:46:50.727,0.9911,0.99135,2.40,6.40
2007.11.05 08:46:51.059,0.9911,0.99135,9.10,4.00
2007.11.05 08:46:51.393,0.9911,0.99135,9.90,4.00
2007.11.05 08:46:51.727,0.99115,0.99145,3.20,15.20
2007.11.05 08:46:52.141,0.99115,0.99145,3.20,15.20
2007.11.05 08:46:52.384,0.99115,0.99145,9.90,6.40
2007.11.05 08:46:52.628,0.99115,0.99145,9.90,6.40
2007.11.05 08:46:52.910,0.99115,0.99145,13.10,4.00
2007.11.05 08:46:53.208,0.99115,0.99145,10.70,4.00
2007.11.05 08:46:53.559,0.99115,0.99145,9.90,4.00
2007.11.05 08:46:53.812,0.99115,0.99145,12.30,4.00
2007.11.05 08:46:54.175,0.9912,0.99145,2.40,4.00
2007.11.05 08:46:54.427,0.9912,0.99145,2.40,4.00
2007.11.05 08:46:54.681,0.99115,0.99145,9.90,4.00
2007.11.05 08:46:54.959,0.9912,0.99145,6.70,4.00
2007.11.05 08:46:55.239,0.99115,0.99145,9.90,4.00
2007.11.05 08:46:55.521,0.99115,0.99145,9.90,4.00
2007.11.05 08:46:55.800,0.99115,0.99145,9.90,4.00
2007.11.05 08:46:56.173,0.99115,0.99145,9.90,4.00
2007.11.05 08:46:56.508,0.99115,0.99145,13.90,4.00
2007.11.05 08:46:56.871,0.99115,0.99145,13.90,4.00
2007.11.05 08:46:58.791,0.99115,0.99145,13.90,4.00
2007.11.05 08:47:00.187,0.99115,0.99145,13.90,4.00
2007.11.05 08:47:02.740,0.99115,0.9915,9.10,8.80
2007.11.05 08:47:02.944,0.99115,0.9915,9.10,8.80
2007.11.05 08:47:03.573,0.99115,0.9915,9.10,8.80
2007.11.05 08:47:05.185,0.99115,0.9915,9.10,8.80
2007.11.05 08:47:05.753,0.99115,0.99145,9.10,4.00
2007.11.05 08:47:06.471,0.99115,0.99145,9.10,4.00
2007.11.05 08:47:09.564,0.99115,0.9915,9.10,8.80
2007.11.05 08:47:10.179,0.99115,0.9915,9.10,8.80
2007.11.05 08:47:11.743,0.99115,0.9915,9.10,8.80
2007.11.05 08:47:12.069,0.99115,0.9915,9.10,10.40
2007.11.05 08:47:12.390,0.99115,0.99145,2.40,8.80
2007.11.05 08:47:13.413,0.99115,0.99145,2.40,8.80
2007.11.05 08:47:15.182,0.99115,0.99145,2.40,8.80
2007.11.05 08:47:16.182,0.99115,0.99145,2.40,8.80
2007.11.05 08:47:16.830,0.99115,0.99145,2.40,12.80
2007.11.05 08:47:18.280,0.99115,0.99145,2.40,12.80
2007.11.05 08:47:18.542,0.99115,0.99145,9.10,6.40
2007.11.05 08:47:18.791,0.99115,0.99145,9.10,6.40
2007.11.05 08:47:19.099,0.99115,0.99145,9.90,4.00
2007.11.05 08:47:19.347,0.99115,0.99145,7.50,6.40
2007.11.05 08:47:19.752,0.99115,0.99145,7.50,6.40
2007.11.05 08:47:20.045,0.9911,0.99145,7.50,15.20
2007.11.05 08:47:20.338,0.9911,0.9914,9.90,8.80
2007.11.05 08:47:20.654,0.9911,0.9914,9.90,8.80
2007.11.05 08:47:21.113,0.99115,0.99145,7.50,8.80
2007.11.05 08:47:21.785,0.99115,0.99145,7.50,8.80
2007.11.05 08:47:22.421,0.99115,0.99145,7.50,6.40
2007.11.05 08:47:22.632,0.99115,0.99145,7.50,6.40
2007.11.05 08:47:23.148,0.99115,0.99145,9.90,6.40
2007.11.05 08:47:23.481,0.99115,0.99145,12.30,4.00
2007.11.05 08:47:24.965,0.99115,0.99145,12.30,4.00
2007.11.05 08:47:25.224,0.99115,0.99145,12.30,4.00
2007.11.05 08:47:26.494,0.99115,0.99145,12.30,4.00
2007.11.05 08:47:27.019,0.99115,0.99145,12.30,4.00
2007.11.05 08:47:27.318,0.99115,0.99145,12.30,4.00
2007.11.05 08:47:30.325,0.99115,0.99145,12.30,4.00
2007.11.05 08:47:31.175,0.99115,0.99145,12.30,4.00
2007.11.05 08:47:31.690,0.99115,0.99145,12.30,4.00
2007.11.05 08:47:32.518,0.99115,0.99145,12.30,4.00
2007.11.05 08:47:32.867,0.99115,0.99145,12.30,4.00
2007.11.05 08:47:33.172,0.9912,0.99145,6.70,4.00
2007.11.05 08:47:34.297,0.9912,0.99145,6.70,4.00
2007.11.05 08:47:34.525,0.9912,0.99145,6.70,4.00
2007.11.05 08:47:34.791,0.9912,0.99145,6.70,4.00
2007.11.05 08:47:35.021,0.9912,0.99145,6.70,4.00
2007.11.05 08:47:35.311,0.9912,0.99145,6.70,4.00
2007.11.05 08:47:35.737,0.9912,0.99145,6.70,4.00
2007.11.05 08:47:36.142,0.9912,0.99145,6.70,4.00
2007.11.05 08:47:36.644,0.9912,0.99145,6.70,4.00
2007.11.05 08:47:36.978,0.9912,0.99145,6.70,4.00
2007.11.05 08:47:37.694,0.9912,0.99145,6.70,4.00
2007.11.05 08:47:37.983,0.99115,0.99145,12.30,4.00
2007.11.05 08:47:38.295,0.99115,0.99145,12.30,4.00
2007.11.05 08:47:38.569,0.9912,0.99145,8.30,4.00
2007.11.05 08:47:38.843,0.9912,0.99145,6.70,4.00
2007.11.05 08:47:39.144,0.9912,0.99145,6.70,4.00
2007.11.05 08:47:39.250,0.99115,0.99145,12.30,4.00
2007.11.05 08:47:39.665,0.99115,0.99145,12.30,4.00
2007.11.05 08:47:40.308,0.99115,0.99145,12.30,4.00
2007.11.05 08:47:41.315,0.99115,0.99145,12.30,4.00
2007.11.05 08:47:42.214,0.99115,0.99145,7.50,6.40
2007.11.05 08:47:42.642,0.9911,0.99145,13.90,4.00
2007.11.05 08:47:42.855,0.9912,0.99145,0.80,4.00
2007.11.05 08:47:43.071,0.9912,0.99145,0.80,4.00
2007.11.05 08:47:43.375,0.9912,0.99145,0.80,4.00
2007.11.05 08:47:43.677,0.99115,0.9915,2.60,8.80
2007.11.05 08:47:44.020,0.99115,0.9915,5.80,8.80
2007.11.05 08:47:44.322,0.9911,0.99145,17.10,8.80
2007.11.05 08:47:44.535,0.9911,0.99145,11.50,8.80
2007.11.05 08:47:44.749,0.9911,0.9914,4.80,8.80
2007.11.05 08:47:44.962,0.9911,0.99145,12.30,12.80
2007.11.05 08:47:45.239,0.99115,0.99145,1.80,12.80
2007.11.05 08:47:45.452,0.9911,0.99145,12.30,12.80
2007.11.05 08:47:45.765,0.99115,0.99145,3.90,12.80
2007.11.05 08:47:46.084,0.99115,0.99145,1.30,12.80
2007.11.05 08:47:46.393,0.991,0.9914,12.30,8.80
2007.11.05 08:47:46.786,0.99105,0.99145,9.90,31.30
2007.11.05 08:47:47.118,0.99105,0.99145,9.90,31.30
2007.11.05 08:47:47.533,0.99105,0.99145,9.90,31.30
2007.11.05 08:47:47.760,0.99105,0.99135,9.90,4.00
2007.11.05 08:47:48.149,0.99115,0.99135,0.60,4.00
2007.11.05 08:47:48.439,0.991,0.99135,11.50,4.00
2007.11.05 08:47:48.715,0.991,0.9914,11.50,8.80
2007.11.05 08:47:49.167,0.99105,0.9914,0.50,8.80
2007.11.05 08:47:49.464,0.991,0.9914,11.50,8.80
2007.11.05 08:47:49.708,0.99115,0.99135,0.90,8.80
2007.11.05 08:47:49.998,0.99105,0.9914,15.50,8.80
2007.11.05 08:47:50.310,0.99115,0.9914,1.60,8.80
2007.11.05 08:47:50.619,0.99105,0.99135,3.80,8.80
2007.11.05 08:47:50.951,0.99105,0.99135,8.80,8.80
2007.11.05 08:47:51.566,0.99115,0.99135,0.80,8.80
2007.11.05 08:47:51.807,0.99105,0.99135,13.10,2.40
2007.11.05 08:47:52.155,0.991,0.99135,15.50,2.40
2007.11.05 08:47:52.373,0.99095,0.99135,35.60,2.40
2007.11.05 08:47:52.647,0.991,0.99135,11.50,11.20
2007.11.05 08:47:53.010,0.99105,0.99135,1.90,8.80
2007.11.05 08:47:53.320,0.991,0.99135,13.90,8.80
2007.11.05 08:47:54.653,0.991,0.99135,13.90,4.00
2007.11.05 08:47:55.310,0.991,0.99135,13.90,4.00
2007.11.05 08:47:56.654,0.99105,0.99135,5.70,4.00
2007.11.05 08:47:59.716,0.99105,0.9914,0.70,9.60
2007.11.05 08:47:59.987,0.99105,0.9914,12.30,8.80
2007.11.05 08:48:00.609,0.9911,0.99145,0.70,15.20
2007.11.05 08:48:01.141,0.99105,0.99145,12.30,15.20
2007.11.05 08:48:01.609,0.99105,0.99135,12.30,4.00
2007.11.05 08:48:01.942,0.99105,0.99135,16.30,4.00
2007.11.05 08:48:02.481,0.99105,0.99135,16.30,4.00
2007.11.05 08:48:02.684,0.9911,0.99145,2.00,15.20
2007.11.05 08:48:02.972,0.99105,0.99145,17.90,15.20
2007.11.05 08:48:03.314,0.99105,0.99145,17.90,15.20
2007.11.05 08:48:05.034,0.99105,0.9914,17.90,8.80
2007.11.05 08:48:05.294,0.9911,0.99145,1.30,15.20
2007.11.05 08:48:05.699,0.9911,0.99145,1.60,15.20
2007.11.05 08:48:07.435,0.99105,0.9915,16.30,16.80
2007.11.05 08:48:09.302,0.9911,0.9914,6.70,0.90
2007.11.05 08:48:10.323,0.9911,0.99145,6.70,15.20
2007.11.05 08:48:10.835,0.9911,0.9914,6.70,12.80
2007.11.05 08:48:11.859,0.9911,0.99135,6.70,0.80
2007.11.05 08:48:12.288,0.9911,0.9914,6.70,12.80
2007.11.05 08:48:12.703,0.9911,0.9914,6.70,12.80
2007.11.05 08:48:14.258,0.9911,0.9915,6.70,16.80
2007.11.05 08:48:14.565,0.9911,0.9915,6.70,16.80
2007.11.05 08:48:14.886,0.9911,0.99145,6.70,0.60
2007.11.05 08:48:15.313,0.9911,0.9915,6.70,16.80
2007.11.05 08:48:16.118,0.9911,0.99145,6.70,0.70
2007.11.05 08:48:17.237,0.99105,0.99145,9.90,17.60
2007.11.05 08:48:17.568,0.99105,0.9914,9.90,0.90
2007.11.05 08:48:17.731,0.99105,0.9914,9.90,12.80
2007.11.05 08:48:19.234,0.99105,0.9914,9.90,12.80
2007.11.05 08:48:19.377,0.99105,0.99135,12.30,0.60
2007.11.05 08:48:19.748,0.99105,0.9914,12.30,12.80
2007.11.05 08:48:20.304,0.99105,0.9914,12.30,12.80
2007.11.05 08:48:25.444,0.99105,0.9914,12.30,12.80
2007.11.05 08:48:28.796,0.99105,0.99145,12.30,15.20
2007.11.05 08:48:29.629,0.99105,0.99145,9.90,17.60
2007.11.05 08:48:30.244,0.99105,0.9914,12.30,12.80
2007.11.05 08:48:30.634,0.99105,0.99145,12.30,16.00
2007.11.05 08:48:31.351,0.99105,0.99145,12.30,16.00
2007.11.05 08:48:31.689,0.99105,0.99135,9.90,0.50
2007.11.05 08:48:32.016,0.99105,0.9914,9.90,12.80
2007.11.05 08:48:32.351,0.99105,0.9914,9.90,13.60
2007.11.05 08:48:32.578,0.99105,0.9914,9.10,14.40
2007.11.05 08:48:32.889,0.99105,0.9914,9.10,14.40
2007.11.05 08:48:33.290,0.99105,0.99135,9.10,0.90
2007.11.05 08:48:33.603,0.99105,0.9914,9.10,14.40
2007.11.05 08:48:34.176,0.99105,0.99135,6.70,0.90
2007.11.05 08:48:34.689,0.99105,0.99135,9.10,12.80
2007.11.05 08:48:35.147,0.99105,0.99135,2.40,12.80
2007.11.05 08:48:35.375,0.99105,0.9913,2.40,8.80
2007.11.05 08:48:35.708,0.99105,0.99135,2.40,15.20
2007.11.05 08:48:36.227,0.99105,0.99135,6.70,8.80
2007.11.05 08:48:36.561,0.99105,0.99135,6.70,17.60
2007.11.05 08:48:36.754,0.99105,0.99135,6.70,15.20
2007.11.05 08:48:37.412,0.99105,0.99135,6.70,15.20
2007.11.05 08:48:38.443,0.99105,0.99135,6.70,15.20
2007.11.05 08:48:39.589,0.99105,0.99135,6.70,15.20
2007.11.05 08:48:40.315,0.99105,0.99135,6.70,15.20
2007.11.05 08:48:40.623,0.99095,0.99135,30.80,15.20
2007.11.05 08:48:45.324,0.99105,0.99135,2.10,15.20
2007.11.05 08:48:47.304,0.99105,0.9913,0.70,8.80
2007.11.05 08:48:47.529,0.99105,0.9913,1.40,8.80
2007.11.05 08:48:47.687,0.99105,0.9913,0.90,8.80
2007.11.05 08:48:48.149,0.99105,0.9913,0.60,8.80
2007.11.05 08:48:48.978,0.99105,0.9913,0.60,8.80
2007.11.05 08:48:49.161,0.99095,0.9913,26.80,8.80
2007.11.05 08:48:49.393,0.99095,0.9913,26.80,9.60
2007.11.05 08:48:49.600,0.99105,0.99125,1.10,4.00
2007.11.05 08:48:49.819,0.99095,0.99125,26.80,4.00
2007.11.05 08:48:50.204,0.991,0.99125,2.80,4.00
2007.11.05 08:48:50.536,0.991,0.99125,0.80,6.40
2007.11.05 08:48:50.870,0.99095,0.99125,10.70,6.40
2007.11.05 08:48:51.204,0.991,0.99125,0.80,4.00
2007.11.05 08:48:51.603,0.99095,0.99125,12.30,4.00
2007.11.05 08:48:51.944,0.99095,0.99125,3.90,4.00
2007.11.05 08:48:52.169,0.99085,0.99125,21.10,4.00
2007.11.05 08:48:52.378,0.9909,0.99125,20.30,4.00
2007.11.05 08:48:52.642,0.9909,0.99125,20.30,4.00
2007.11.05 08:48:52.850,0.9909,0.99125,21.90,4.00
2007.11.05 08:48:53.058,0.9909,0.9913,17.90,8.80
2007.11.05 08:48:53.423,0.991,0.9913,3.20,8.80
2007.11.05 08:48:53.747,0.9909,0.9913,21.90,8.80
2007.11.05 08:48:54.071,0.991,0.99135,0.80,15.20
2007.11.05 08:48:54.344,0.99105,0.99135,3.10,4.00
2007.11.05 08:48:54.621,0.991,0.99135,19.50,4.00
2007.11.05 08:48:54.894,0.99105,0.9914,15.50,8.80
2007.11.05 08:48:55.168,0.9911,0.99145,9.10,12.80
2007.11.05 08:48:55.620,0.99115,0.9914,0.50,0.80
2007.11.05 08:48:55.858,0.9911,0.9914,9.90,10.40
2007.11.05 08:48:56.102,0.99115,0.9914,2.20,0.80
2007.11.05 08:48:56.430,0.99115,0.99145,0.90,4.00
2007.11.05 08:48:56.854,0.99105,0.99145,25.90,4.00
2007.11.05 08:48:57.382,0.9911,0.99145,9.10,12.80
2007.11.05 08:48:58.112,0.9911,0.99145,9.90,12.80
2007.11.05 08:48:58.415,0.9912,0.99145,0.80,12.80
2007.11.05 08:48:58.719,0.9912,0.99145,1.60,12.80
2007.11.05 08:48:59.023,0.99125,0.99145,1.50,12.80
2007.11.05 08:48:59.714,0.99125,0.99145,1.40,12.80
2007.11.05 08:48:59.941,0.99125,0.9915,1.90,1.60
2007.11.05 08:49:00.306,0.99125,0.9915,3.00,1.60
2007.11.05 08:49:00.579,0.9912,0.9915,9.90,1.60
2007.11.05 08:49:00.848,0.99125,0.9915,0.90,0.80
2007.11.05 08:49:01.214,0.99125,0.9915,0.90,0.80
2007.11.05 08:49:01.527,0.99115,0.99155,43.60,15.20
2007.11.05 08:49:01.841,0.9912,0.99155,7.50,6.40
2007.11.05 08:49:02.248,0.99125,0.99155,1.10,8.80
2007.11.05 08:49:02.693,0.99125,0.99145,1.90,4.00
2007.11.05 08:49:02.926,0.99125,0.99145,3.60,4.00
2007.11.05 08:49:03.285,0.9912,0.99145,2.90,6.40
2007.11.05 08:49:03.798,0.99115,0.99145,16.30,6.40
2007.11.05 08:49:04.085,0.99115,0.99145,13.10,4.00
2007.11.05 08:49:04.374,0.9911,0.99145,17.10,4.00
2007.11.05 08:49:04.616,0.99115,0.99145,1.50,12.80
2007.11.05 08:49:04.860,0.99115,0.99145,17.10,4.00
2007.11.05 08:49:05.308,0.9912,0.99145,1.40,4.00
2007.11.05 08:49:05.599,0.99115,0.99145,17.10,4.00
2007.11.05 08:49:06.177,0.9912,0.99145,0.50,4.00
2007.11.05 08:49:06.459,0.9911,0.99145,16.30,4.00
2007.11.05 08:49:06.742,0.9911,0.99145,16.30,4.00
2007.11.05 08:49:07.075,0.9911,0.99145,20.30,12.80
2007.11.05 08:49:07.408,0.9912,0.99145,2.00,6.40
2007.11.05 08:49:07.810,0.99115,0.9915,27.60,9.60
2007.11.05 08:49:08.040,0.99115,0.99145,29.70,8.80
2007.11.05 08:49:08.275,0.9912,0.99155,10.70,4.00
2007.11.05 08:49:08.650,0.99125,0.99155,1.00,12.80
2007.11.05 08:49:08.953,0.9912,0.99145,9.90,2.40
2007.11.05 08:49:09.256,0.99115,0.99145,15.50,2.40
2007.11.05 08:49:09.559,0.99115,0.99145,17.10,2.40
2007.11.05 08:49:09.896,0.9912,0.99145,0.80,2.40
2007.11.05 08:49:10.166,0.9912,0.99145,4.00,2.40
2007.11.05 08:49:10.530,0.9912,0.99145,4.00,2.40
2007.11.05 08:49:11.053,0.9912,0.99145,4.00,2.40
2007.11.05 08:49:11.564,0.99125,0.99145,2.00,2.40
2007.11.05 08:49:11.898,0.99125,0.99145,0.60,11.20
2007.11.05 08:49:12.121,0.99125,0.99145,0.50,11.20
2007.11.05 08:49:12.299,0.99115,0.99145,4.80,8.80
2007.11.05 08:49:12.477,0.99115,0.99145,31.60,8.80
2007.11.05 08:49:12.656,0.9912,0.99155,4.00,15.20
2007.11.05 08:49:12.834,0.9912,0.99155,10.70,12.80
2007.11.05 08:49:13.169,0.9912,0.99155,9.10,15.20
2007.11.05 08:49:13.502,0.9912,0.99155,11.50,15.20
2007.11.05 08:49:13.941,0.99125,0.99155,4.30,2.40
2007.11.05 08:49:14.170,0.99125,0.99155,2.40,2.40
2007.11.05 08:49:14.678,0.9912,0.99155,15.50,2.40
2007.11.05 08:49:14.906,0.9912,0.99155,15.50,2.40
2007.11.05 08:49:15.310,0.99125,0.99155,2.50,2.40
2007.11.05 08:49:16.987,0.99125,0.99155,5.50,2.40
2007.11.05 08:49:17.299,0.9912,0.99155,15.50,2.40
2007.11.05 08:49:17.521,0.99125,0.99155,0.60,2.40
2007.11.05 08:49:17.757,0.9912,0.99155,14.70,2.40
2007.11.05 08:49:17.917,0.99115,0.99155,25.90,8.80
2007.11.05 08:49:18.453,0.99125,0.99155,0.50,8.80
2007.11.05 08:49:19.344,0.99125,0.99155,1.10,8.80
2007.11.05 08:49:20.112,0.9912,0.99145,9.10,2.40
2007.11.05 08:49:20.627,0.99125,0.99145,0.70,2.40
2007.11.05 08:49:20.950,0.99125,0.99145,0.70,2.40
2007.11.05 08:49:21.273,0.9912,0.99145,10.70,2.40
2007.11.05 08:49:22.083,0.9912,0.99145,10.70,2.40
2007.11.05 08:49:22.415,0.99115,0.99145,12.00,11.20
2007.11.05 08:49:22.617,0.99115,0.99145,12.00,11.20
2007.11.05 08:49:22.800,0.99115,0.99145,13.60,8.80
2007.11.05 08:49:22.983,0.9911,0.99145,21.10,8.80
2007.11.05 08:49:23.167,0.99115,0.99145,1.90,8.80
2007.11.05 08:49:23.466,0.99115,0.99145,6.60,8.80
2007.11.05 08:49:23.764,0.9911,0.9915,18.70,8.80
2007.11.05 08:49:24.062,0.99115,0.9915,29.20,8.80
2007.11.05 08:49:24.360,0.99125,0.99155,0.60,15.20
2007.11.05 08:49:24.639,0.99125,0.99155,9.90,2.40
2007.11.05 08:49:24.918,0.9912,0.9916,10.70,12.80
2007.11.05 08:49:25.197,0.99125,0.99155,2.00,0.80
2007.11.05 08:49:25.431,0.99115,0.9915,6.80,8.80
2007.11.05 08:49:25.690,0.99115,0.9915,4.10,8.80
2007.11.05 08:49:25.899,0.99115,0.9915,1.00,8.80
2007.11.05 08:49:26.215,0.99115,0.9915,1.30,9.60
2007.11.05 08:49:27.125,0.99105,0.9915,12.30,9.60
2007.11.05 08:49:29.515,0.99115,0.9915,6.70,9.60
2007.11.05 08:49:30.318,0.99115,0.9915,6.70,9.60
2007.11.05 08:49:30.636,0.99115,0.99145,6.70,2.40
2007.11.05 08:49:30.969,0.99115,0.9915,9.10,10.40
2007.11.05 08:49:31.303,0.99115,0.9915,9.10,9.60
2007.11.05 08:49:31.681,0.99115,0.9915,9.10,8.80
2007.11.05 08:49:31.981,0.99115,0.9915,9.10,8.80
2007.11.05 08:49:32.346,0.9912,0.99155,6.70,16.80
2007.11.05 08:49:32.610,0.9912,0.99155,6.70,16.80
2007.11.05 08:49:33.677,0.9912,0.99145,6.70,2.40
2007.11.05 08:49:34.055,0.9912,0.99145,6.70,2.40
2007.11.05 08:49:34.258,0.9912,0.99155,6.70,16.80
2007.11.05 08:49:34.723,0.9912,0.99155,6.70,16.80
2007.11.05 08:49:35.065,0.99125,0.99155,6.70,16.80
2007.11.05 08:49:35.344,0.99125,0.99155,2.40,12.80
2007.11.05 08:49:35.700,0.99125,0.99155,2.40,12.80
2007.11.05 08:49:36.034,0.9913,0.99165,6.70,16.00
2007.11.05 08:49:36.368,0.9913,0.99165,6.70,16.00
2007.11.05 08:49:36.999,0.9913,0.99165,6.70,16.00
2007.11.05 08:49:37.569,0.9913,0.99165,6.70,16.00
2007.11.05 08:49:38.201,0.9913,0.99165,6.70,16.00
2007.11.05 08:49:38.488,0.99135,0.99165,2.40,9.60
2007.11.05 08:49:38.754,0.9914,0.99175,6.70,19.20
2007.11.05 08:49:39.010,0.9914,0.99175,6.70,19.20
2007.11.05 08:49:39.332,0.9914,0.99175,6.70,19.20
2007.11.05 08:49:39.531,0.9913,0.99165,6.70,8.80
2007.11.05 08:49:39.740,0.9913,0.99165,6.70,8.80
2007.11.05 08:49:39.937,0.9913,0.99165,6.70,8.80
2007.11.05 08:49:40.309,0.9913,0.99165,6.70,8.80
2007.11.05 08:49:40.617,0.9913,0.99165,6.70,8.80
2007.11.05 08:49:40.924,0.9913,0.99165,6.70,8.80
2007.11.05 08:49:41.277,0.9913,0.99165,6.70,8.80
2007.11.05 08:49:42.131,0.9913,0.99165,6.70,8.80
2007.11.05 08:49:42.299,0.99135,0.99165,5.60,8.80
2007.11.05 08:49:42.467,0.99135,0.99165,6.40,8.80
2007.11.05 08:49:42.651,0.99135,0.99165,6.40,8.80
2007.11.05 08:49:42.819,0.9914,0.99175,6.70,13.60
2007.11.05 08:49:43.035,0.9914,0.99175,6.70,13.60
2007.11.05 08:49:43.367,0.99145,0.99175,9.10,4.00
2007.11.05 08:49:43.770,0.99145,0.99175,6.70,4.00
2007.11.05 08:49:44.103,0.99145,0.9918,6.70,9.60
2007.11.05 08:49:44.311,0.99145,0.9918,9.10,9.60
2007.11.05 08:49:44.617,0.99145,0.9918,9.10,9.60
2007.11.05 08:49:45.017,0.99145,0.9918,9.10,9.60
2007.11.05 08:49:45.330,0.9914,0.99175,6.70,9.60
2007.11.05 08:49:45.679,0.9914,0.99175,6.70,9.60
2007.11.05 08:49:46.208,0.9914,0.99175,6.70,9.60
2007.11.05 08:49:46.522,0.9914,0.99175,6.70,9.60
2007.11.05 08:49:47.361,0.9914,0.99175,6.70,8.80
2007.11.05 08:49:47.668,0.9915,0.99185,6.70,12.80
2007.11.05 08:49:48.028,0.9915,0.99185,6.70,12.80
2007.11.05 08:49:48.340,0.9915,0.99185,6.70,12.80
2007.11.05 08:49:48.641,0.9915,0.99185,6.70,12.80
2007.11.05 08:49:49.098,0.99145,0.99175,3.20,8.80
2007.11.05 08:49:49.308,0.9915,0.99175,0.80,8.80
2007.11.05 08:49:49.525,0.99155,0.99185,6.70,0.80
2007.11.05 08:49:50.242,0.99155,0.99185,6.70,0.80
2007.11.05 08:49:50.988,0.99155,0.99185,6.70,0.80
2007.11.05 08:49:51.280,0.99155,0.99185,9.90,0.80
2007.11.05 08:49:51.628,0.99155,0.99185,9.90,0.80
2007.11.05 08:49:51.960,0.99155,0.99185,2.40,9.60
2007.11.05 08:49:52.749,0.99155,0.99185,2.40,9.60
2007.11.05 08:49:52.891,0.99155,0.99185,1.60,9.60
2007.11.05 08:49:52.951,0.99155,0.99185,0.80,9.60
2007.11.05 08:49:53.154,0.99155,0.99185,1.40,9.60
2007.11.05 08:49:53.332,0.9915,0.99185,2.70,12.80
2007.11.05 08:49:53.989,0.99145,0.99185,13.90,12.00
2007.11.05 08:49:54.680,0.99145,0.99185,13.90,12.00
2007.11.05 08:49:55.203,0.99145,0.99185,13.90,12.00
2007.11.05 08:49:55.394,0.99145,0.99185,13.90,12.00
2007.11.05 08:49:55.567,0.99155,0.99185,1.10,12.80
2007.11.05 08:49:55.901,0.9915,0.99185,2.50,15.20
2007.11.05 08:49:56.233,0.99145,0.99185,13.90,14.40
2007.11.05 08:49:56.566,0.9915,0.99185,9.90,9.60
2007.11.05 08:49:56.893,0.9916,0.99185,2.90,0.80
2007.11.05 08:49:57.205,0.99155,0.9919,9.90,4.00
2007.11.05 08:49:57.526,0.99155,0.9919,9.90,4.00
2007.11.05 08:49:57.813,0.99155,0.9919,2.60,10.40
2007.11.05 08:49:58.134,0.99145,0.9919,37.20,12.80
2007.11.05 08:49:58.564,0.99155,0.9919,3.30,12.80
2007.11.05 08:49:58.818,0.99155,0.99185,1.60,8.80
2007.11.05 08:50:00.308,0.99155,0.99185,1.30,8.80
2007.11.05 08:50:01.309,0.99155,0.99185,1.40,8.80
2007.11.05 08:50:01.699,0.9915,0.99185,9.90,8.80
2007.11.05 08:50:02.032,0.9915,0.9919,10.70,12.80
2007.11.05 08:50:02.220,0.9915,0.99185,10.70,8.80
2007.11.05 08:50:02.453,0.9915,0.99185,10.70,8.80
2007.11.05 08:50:02.637,0.99155,0.99185,2.00,8.80
2007.11.05 08:50:03.190,0.99155,0.9919,16.30,10.40
2007.11.05 08:50:03.626,0.99155,0.9919,16.30,10.40
2007.11.05 08:50:03.961,0.9916,0.9919,3.50,1.60
2007.11.05 08:50:04.179,0.9916,0.9919,3.70,1.60
2007.11.05 08:50:04.541,0.99155,0.9919,20.30,1.60
2007.11.05 08:50:05.173,0.99155,0.9919,20.30,1.60
2007.11.05 08:50:05.609,0.99165,0.9919,0.60,1.60
2007.11.05 08:50:05.867,0.9916,0.9919,2.50,1.60
2007.11.05 08:50:06.125,0.99155,0.9919,13.10,1.60
2007.11.05 08:50:06.458,0.9917,0.99195,1.70,6.40
2007.11.05 08:50:06.791,0.9917,0.99195,4.00,4.00
2007.11.05 08:50:07.124,0.99165,0.99195,1.30,12.80
2007.11.05 08:50:07.337,0.99165,0.99195,4.00,12.80
2007.11.05 08:50:07.665,0.9917,0.99195,4.00,12.80
2007.11.05 08:50:07.879,0.99175,0.992,0.90,1.60
2007.11.05 08:50:08.097,0.9917,0.992,10.70,1.60
2007.11.05 08:50:08.584,0.9917,0.992,10.70,1.60
2007.11.05 08:50:09.503,0.99175,0.992,0.50,1.60
2007.11.05 08:50:10.315,0.9917,0.992,10.70,1.60
2007.11.05 08:50:10.725,0.9917,0.992,10.70,0.80
2007.11.05 08:50:11.028,0.9917,0.992,9.90,0.80
2007.11.05 08:50:11.332,0.99185,0.9921,1.40,8.80
2007.11.05 08:50:11.666,0.9918,0.9921,9.10,8.80
2007.11.05 08:50:12.000,0.9918,0.9921,13.90,8.80
2007.11.05 08:50:12.333,0.99195,0.9922,1.10,8.80
2007.11.05 08:50:12.772,0.99195,0.9922,0.70,8.80
2007.11.05 08:50:13.001,0.99185,0.99225,19.50,19.20
2007.11.05 08:50:13.230,0.9919,0.99225,9.10,16.80
2007.11.05 08:50:13.640,0.9919,0.99225,9.10,12.80
2007.11.05 08:50:13.934,0.99195,0.9922,1.20,8.80
2007.11.05 08:50:14.227,0.9919,0.99225,13.90,9.60
2007.11.05 08:50:14.512,0.99195,0.99225,4.70,9.60
2007.11.05 08:50:14.796,0.992,0.99225,2.70,0.80
2007.11.05 08:50:15.087,0.99195,0.99225,13.10,0.80
2007.11.05 08:50:15.372,0.9919,0.99225,17.90,0.80
2007.11.05 08:50:15.712,0.99195,0.99225,15.50,0.80
2007.11.05 08:50:16.051,0.99195,0.99225,15.50,0.80
2007.11.05 08:50:16.280,0.99205,0.99235,2.70,16.00
2007.11.05 08:50:16.613,0.992,0.99235,12.30,13.60
2007.11.05 08:50:16.946,0.99205,0.99235,9.90,4.80
2007.11.05 08:50:17.280,0.9921,0.99235,0.70,7.20
2007.11.05 08:50:17.513,0.992,0.99235,2.30,19.20
2007.11.05 08:50:17.751,0.99205,0.9923,1.30,8.80
2007.11.05 08:50:18.013,0.99205,0.9923,0.70,8.80
2007.11.05 08:50:18.247,0.99195,0.9923,9.10,8.80
2007.11.05 08:50:18.480,0.9919,0.9923,11.50,8.80
2007.11.05 08:50:18.809,0.99195,0.99225,3.80,2.40
2007.11.05 08:50:19.137,0.99185,0.99225,30.00,2.40
2007.11.05 08:50:19.465,0.99185,0.99225,30.00,6.40
2007.11.05 08:50:19.689,0.99185,0.99225,30.00,6.40
2007.11.05 08:50:19.912,0.992,0.99235,2.60,16.00
2007.11.05 08:50:20.189,0.99195,0.99235,9.10,18.40
2007.11.05 08:50:20.412,0.99205,0.99235,3.30,18.40
2007.11.05 08:50:20.703,0.992,0.99235,11.50,16.00
2007.11.05 08:50:20.986,0.99205,0.99235,9.10,6.40
2007.11.05 08:50:21.279,0.99215,0.99235,1.10,4.00
2007.11.05 08:50:21.611,0.9921,0.99235,9.10,4.00
2007.11.05 08:50:21.944,0.9921,0.9924,11.50,8.80
2007.11.05 08:50:22.277,0.99225,0.9924,2.40,8.80
2007.11.05 08:50:22.610,0.9922,0.99255,6.70,18.40
2007.11.05 08:50:22.843,0.99225,0.99255,2.40,16.00
2007.11.05 08:50:23.269,0.99225,0.99255,2.40,16.00
2007.11.05 08:50:23.501,0.99225,0.99255,6.70,7.20
2007.11.05 08:50:23.774,0.99225,0.99255,9.10,3.20
2007.11.05 08:50:24.409,0.99225,0.99255,9.10,3.20
2007.11.05 08:50:24.682,0.99225,0.99255,2.40,13.60
2007.11.05 08:50:24.945,0.99225,0.99255,25.20,11.20
2007.11.05 08:50:25.208,0.9923,0.99255,6.70,0.80
2007.11.05 08:50:25.472,0.9923,0.99255,6.70,3.20
2007.11.05 08:50:25.760,0.99225,0.99255,2.40,12.00
2007.11.05 08:50:26.281,0.99225,0.99255,2.40,12.00
2007.11.05 08:50:26.697,0.99225,0.99255,2.40,12.00
2007.11.05 08:50:26.890,0.9922,0.9925,6.70,0.80
2007.11.05 08:50:27.127,0.9922,0.9925,6.70,1.60
2007.11.05 08:50:27.321,0.99225,0.9925,2.40,0.80
2007.11.05 08:50:27.603,0.99225,0.9925,2.40,8.80
2007.11.05 08:50:27.926,0.99225,0.9925,2.40,9.60
2007.11.05 08:50:28.257,0.99215,0.99245,2.40,8.80
2007.11.05 08:50:28.579,0.99215,0.9924,2.40,0.80
2007.11.05 08:50:28.904,0.99215,0.9924,6.70,1.60
2007.11.05 08:50:29.746,0.9921,0.9924,6.70,1.60
2007.11.05 08:50:30.204,0.9921,0.9924,6.70,1.60
2007.11.05 08:50:30.482,0.9921,0.9924,6.70,0.80
2007.11.05 08:50:30.760,0.9921,0.9924,6.70,4.00
2007.11.05 08:50:31.043,0.9921,0.9924,6.70,3.20
2007.11.05 08:50:31.370,0.9921,0.99235,6.70,4.80
2007.11.05 08:50:31.704,0.99205,0.99235,6.70,8.80
2007.11.05 08:50:32.037,0.99225,0.99235,2.40,17.70
2007.11.05 08:50:32.255,0.99205,0.9923,6.70,3.20
2007.11.05 08:50:32.474,0.99195,0.99225,3.20,8.80
2007.11.05 08:50:32.707,0.992,0.9923,6.70,1.60
2007.11.05 08:50:32.925,0.992,0.9923,6.70,0.80
2007.11.05 08:50:33.238,0.992,0.9923,6.70,11.20
2007.11.05 08:50:33.551,0.992,0.9923,6.70,2.40
2007.11.05 08:50:33.864,0.992,0.99225,6.70,4.00
2007.11.05 08:50:34.098,0.99195,0.99225,9.90,4.00
2007.11.05 08:50:34.331,0.99195,0.99225,9.90,4.00
2007.11.05 08:50:34.632,0.99195,0.99225,9.90,4.00
2007.11.05 08:50:34.864,0.992,0.99225,6.70,6.40
2007.11.05 08:50:35.161,0.992,0.99225,6.70,6.40
2007.11.05 08:50:35.458,0.992,0.99225,6.70,6.40
2007.11.05 08:50:36.088,0.992,0.99225,6.70,6.40
2007.11.05 08:50:36.421,0.99195,0.99225,9.10,6.40
2007.11.05 08:50:36.754,0.99195,0.99225,9.10,4.00
2007.11.05 08:50:37.116,0.99195,0.9923,9.10,12.80
2007.11.05 08:50:37.375,0.99195,0.99225,13.10,4.00
2007.11.05 08:50:37.783,0.99195,0.99225,13.10,4.00
2007.11.05 08:50:38.016,0.99205,0.9923,2.40,8.80
2007.11.05 08:50:38.339,0.99205,0.99225,2.40,2.40
2007.11.05 08:50:38.696,0.99205,0.99225,2.40,2.40
2007.11.05 08:50:38.980,0.99205,0.9923,2.40,8.80
2007.11.05 08:50:39.254,0.99195,0.99225,13.10,2.40
2007.11.05 08:50:39.663,0.99195,0.9922,2.40,8.80
2007.11.05 08:50:39.937,0.99195,0.99225,9.10,2.40
2007.11.05 08:50:40.210,0.99195,0.99225,9.10,2.40
2007.11.05 08:50:40.623,0.99195,0.9922,2.40,8.80
2007.11.05 08:50:40.935,0.99195,0.9922,2.40,8.80
2007.11.05 08:50:41.240,0.99195,0.99225,2.40,8.80
2007.11.05 08:50:41.680,0.99195,0.9923,9.10,8.80
2007.11.05 08:50:42.703,0.99195,0.9923,9.10,8.80
2007.11.05 08:50:43.338,0.99195,0.9923,9.10,8.80
2007.11.05 08:50:43.612,0.99195,0.9923,9.10,8.80
2007.11.05 08:50:43.883,0.99195,0.9923,9.10,8.80
2007.11.05 08:50:44.321,0.99195,0.9923,9.10,8.80
2007.11.05 08:50:44.746,0.99195,0.99225,9.10,2.40
2007.11.05 08:50:45.055,0.99195,0.99225,9.10,2.40
2007.11.05 08:50:45.319,0.99195,0.9923,9.10,8.80
2007.11.05 08:50:45.581,0.992,0.99235,6.70,18.40
2007.11.05 08:50:45.844,0.992,0.99235,6.70,16.00
2007.11.05 08:50:46.107,0.992,0.99235,6.70,15.20
2007.11.05 08:50:46.440,0.992,0.9923,6.70,8.80
2007.11.05 08:50:47.047,0.992,0.99235,6.70,15.20
2007.11.05 08:50:47.451,0.992,0.99235,6.70,15.20
2007.11.05 08:50:47.972,0.992,0.99235,6.70,15.20
2007.11.05 08:50:48.186,0.992,0.99235,6.70,16.80
2007.11.05 08:50:48.470,0.992,0.99225,6.70,3.20
2007.11.05 08:50:48.754,0.99195,0.9923,9.90,8.80
2007.11.05 08:50:49.124,0.99195,0.99225,2.40,8.80
2007.11.05 08:50:49.409,0.99195,0.99225,2.40,8.80
2007.11.05 08:50:49.683,0.99195,0.99225,2.40,22.50
2007.11.05 08:50:50.313,0.99195,0.99225,2.40,22.50
2007.11.05 08:50:50.894,0.99195,0.99225,2.40,22.50
2007.11.05 08:50:51.157,0.99195,0.99225,2.40,22.50
2007.11.05 08:50:51.609,0.99195,0.99225,2.40,22.50
2007.11.05 08:50:51.969,0.99195,0.99225,2.40,22.50
2007.11.05 08:50:52.484,0.99195,0.99225,2.40,22.50
2007.11.05 08:50:52.678,0.99195,0.99225,2.40,26.50
2007.11.05 08:50:53.008,0.99195,0.99225,2.40,26.50
2007.11.05 08:50:53.200,0.9919,0.99225,6.70,28.90
2007.11.05 08:50:53.394,0.9919,0.99225,6.70,28.90
2007.11.05 08:50:53.666,0.9919,0.99225,6.70,26.50
2007.11.05 08:50:53.942,0.9919,0.99225,6.70,12.80
2007.11.05 08:50:54.215,0.9919,0.99215,6.70,0.80
2007.11.05 08:50:54.489,0.9919,0.99215,6.70,4.00
2007.11.05 08:50:54.777,0.9919,0.99215,6.70,3.20
2007.11.05 08:50:55.065,0.9919,0.9921,6.70,2.40
2007.11.05 08:50:55.354,0.99185,0.99195,6.70,13.70
2007.11.05 08:50:55.628,0.99175,0.99205,2.40,27.30
2007.11.05 08:50:55.901,0.99175,0.99205,0.80,16.00
2007.11.05 08:50:56.233,0.99165,0.9919,0.80,8.80
2007.11.05 08:50:56.555,0.99165,0.99185,0.80,4.00
2007.11.05 08:50:56.888,0.99165,0.99185,0.80,15.20
2007.11.05 08:50:57.221,0.99165,0.99185,0.80,6.40
2007.11.05 08:50:57.555,0.99165,0.99175,0.80,4.00
2007.11.05 08:50:57.886,0.99165,0.99175,0.80,4.00
2007.11.05 08:50:58.116,0.99165,0.99175,0.80,4.00
2007.11.05 08:50:58.543,0.99165,0.99185,0.80,6.40
2007.11.05 08:50:58.911,0.99165,0.99185,7.50,6.40
2007.11.05 08:50:59.199,0.99165,0.99185,7.50,4.00
2007.11.05 08:50:59.487,0.99165,0.99185,7.50,4.00
2007.11.05 08:50:59.770,0.99165,0.99185,7.50,4.00
2007.11.05 08:51:00.062,0.99165,0.99185,7.50,4.00
2007.11.05 08:51:00.345,0.99165,0.99185,0.80,4.00
2007.11.05 08:51:00.632,0.99165,0.9919,0.80,8.80
2007.11.05 08:51:00.876,0.99165,0.9919,0.80,8.80
2007.11.05 08:51:01.120,0.99165,0.99195,2.40,12.80
2007.11.05 08:51:01.363,0.99165,0.99195,2.40,12.80
2007.11.05 08:51:01.697,0.99165,0.99195,9.10,4.80
2007.11.05 08:51:02.030,0.9917,0.992,6.70,8.80
2007.11.05 08:51:02.363,0.99165,0.992,12.30,8.80
2007.11.05 08:51:02.863,0.99165,0.992,12.30,8.80
2007.11.05 08:51:03.183,0.99165,0.992,12.30,8.80
2007.11.05 08:51:03.427,0.99175,0.992,2.40,8.80
2007.11.05 08:51:03.795,0.9917,0.992,6.70,8.80
2007.11.05 08:51:04.111,0.99165,0.992,12.30,8.80
2007.11.05 08:51:05.310,0.99165,0.992,12.30,8.80
2007.11.05 08:51:05.754,0.9917,0.992,6.70,8.80
2007.11.05 08:51:06.088,0.9917,0.992,6.70,8.80
2007.11.05 08:51:06.422,0.99175,0.992,2.40,8.80
2007.11.05 08:51:06.738,0.99175,0.992,2.40,8.80
2007.11.05 08:51:06.957,0.99175,0.99205,9.10,0.80
2007.11.05 08:51:07.174,0.9917,0.992,6.70,8.80
2007.11.05 08:51:07.393,0.9917,0.992,6.70,8.80
2007.11.05 08:51:07.610,0.99165,0.992,12.30,8.80
2007.11.05 08:51:08.628,0.99165,0.992,12.30,9.60
2007.11.05 08:51:08.931,0.99165,0.99195,12.30,0.80
2007.11.05 08:51:09.207,0.99165,0.99195,12.30,0.80
2007.11.05 08:51:09.416,0.99165,0.99195,12.30,0.80
2007.11.05 08:51:09.626,0.99165,0.99195,12.30,0.80
2007.11.05 08:51:09.944,0.99175,0.99205,2.40,16.00
2007.11.05 08:51:10.295,0.99175,0.99205,2.40,13.60
2007.11.05 08:51:10.685,0.99175,0.992,2.40,8.80
2007.11.05 08:51:11.018,0.99175,0.992,3.20,8.80
2007.11.05 08:51:11.352,0.99175,0.99205,9.90,4.80
2007.11.05 08:51:11.685,0.99175,0.9921,9.90,10.40
2007.11.05 08:51:12.111,0.99175,0.9921,12.30,10.40
2007.11.05 08:51:12.473,0.99175,0.9921,12.30,10.40
2007.11.05 08:51:12.786,0.99175,0.9921,12.30,10.40
2007.11.05 08:51:13.178,0.99175,0.9921,11.50,10.40
2007.11.05 08:51:13.627,0.99175,0.9921,11.50,10.40
2007.11.05 08:51:13.811,0.99175,0.99205,9.10,8.80
2007.11.05 08:51:13.995,0.99175,0.99205,6.70,11.20
2007.11.05 08:51:14.491,0.99175,0.992,2.40,8.80
2007.11.05 08:51:15.320,0.99175,0.992,2.40,8.80
2007.11.05 08:51:16.158,0.9917,0.99205,6.70,11.20
2007.11.05 08:51:16.699,0.9917,0.992,6.70,8.80
2007.11.05 08:51:17.078,0.9917,0.992,6.70,8.80
2007.11.05 08:51:17.301,0.99175,0.992,2.40,8.80
2007.11.05 08:51:17.512,0.99175,0.992,4.80,8.80
2007.11.05 08:51:17.687,0.99175,0.992,5.60,8.80
2007.11.05 08:51:18.023,0.99175,0.992,4.80,8.80
2007.11.05 08:51:18.548,0.99175,0.992,4.80,8.80
2007.11.05 08:51:19.077,0.99175,0.992,4.80,8.80
2007.11.05 08:51:19.301,0.99175,0.99205,4.80,12.80
2007.11.05 08:51:19.797,0.99175,0.99205,4.80,12.80
2007.11.05 08:51:20.106,0.99175,0.99205,5.60,12.80
2007.11.05 08:51:20.527,0.99175,0.99205,5.60,12.80
2007.11.05 08:51:20.836,0.99175,0.99205,9.60,12.80
2007.11.05 08:51:21.627,0.9918,0.9921,6.70,8.80
2007.11.05 08:51:22.468,0.9918,0.9921,6.70,8.80
2007.11.05 08:51:22.992,0.9918,0.9921,6.70,8.80
2007.11.05 08:51:23.296,0.99175,0.99205,16.30,4.00
2007.11.05 08:51:23.594,0.99175,0.9921,20.30,8.80
2007.11.05 08:51:23.922,0.99175,0.9921,20.30,8.80
2007.11.05 08:51:24.204,0.9918,0.99215,6.70,15.20
2007.11.05 08:51:24.641,0.9918,0.99215,6.70,15.20
2007.11.05 08:51:24.905,0.99185,0.9922,9.10,8.80
2007.11.05 08:51:25.317,0.99185,0.9922,9.10,8.80
2007.11.05 08:51:26.161,0.99185,0.9922,9.10,8.80
2007.11.05 08:51:26.620,0.99185,0.99215,9.10,8.80
2007.11.05 08:51:26.955,0.99185,0.99215,9.10,8.80
2007.11.05 08:51:27.228,0.99185,0.99215,9.10,8.80
2007.11.05 08:51:27.497,0.99185,0.9922,9.90,8.80
2007.11.05 08:51:27.829,0.99185,0.9922,9.90,8.80
2007.11.05 08:51:28.098,0.99185,0.9922,9.90,8.80
2007.11.05 08:51:28.674,0.99185,0.9922,9.90,8.80
2007.11.05 08:51:29.627,0.99185,0.9922,9.90,8.80
2007.11.05 08:51:29.932,0.99185,0.9922,13.90,8.80
2007.11.05 08:51:30.234,0.99185,0.9922,17.90,8.80
2007.11.05 08:51:30.569,0.99185,0.9922,17.90,8.80
2007.11.05 08:51:31.193,0.99185,0.9922,17.90,8.80
2007.11.05 08:51:31.527,0.99185,0.9922,12.30,8.80
2007.11.05 08:51:31.860,0.99195,0.9922,2.40,8.80
2007.11.05 08:51:32.193,0.99195,0.9922,2.40,8.80
2007.11.05 08:51:32.426,0.99195,0.99225,2.40,12.80
2007.11.05 08:51:32.717,0.99195,0.9923,9.10,8.80
2007.11.05 08:51:33.231,0.99195,0.9923,9.10,8.80
2007.11.05 08:51:33.539,0.99195,0.99225,13.10,8.80
2007.11.05 08:51:33.848,0.99205,0.9923,2.40,8.80
2007.11.05 08:51:34.156,0.99205,0.99235,2.40,16.00
2007.11.05 08:51:34.404,0.99205,0.99235,2.40,13.60
2007.11.05 08:51:34.653,0.99205,0.99235,9.10,9.60
2007.11.05 08:51:35.135,0.99205,0.99235,9.10,9.60
2007.11.05 08:51:35.393,0.992,0.99235,6.70,11.20
2007.11.05 08:51:35.650,0.992,0.99235,6.70,15.20
2007.11.05 08:51:36.174,0.99205,0.99235,2.40,12.80
2007.11.05 08:51:36.543,0.99205,0.99235,2.40,12.80
2007.11.05 08:51:36.876,0.99205,0.99235,2.40,8.80
2007.11.05 08:51:37.217,0.99205,0.99235,2.40,8.80
2007.11.05 08:51:37.527,0.99205,0.99235,2.40,8.80
2007.11.05 08:51:37.751,0.9921,0.99245,6.70,18.40
2007.11.05 08:51:38.210,0.9921,0.99245,6.70,18.40
2007.11.05 08:51:38.523,0.99205,0.99235,2.40,12.80
2007.11.05 08:51:38.836,0.992,0.99225,6.70,13.70
2007.11.05 08:51:39.149,0.992,0.99225,6.70,13.70
2007.11.05 08:51:39.463,0.99195,0.9922,6.40,8.80
2007.11.05 08:51:39.697,0.99195,0.9922,6.40,8.80
2007.11.05 08:51:39.932,0.99195,0.9922,2.40,8.80
2007.11.05 08:51:40.202,0.99185,0.9922,9.90,8.80
2007.11.05 08:51:40.515,0.99185,0.99215,2.40,8.80
2007.11.05 08:51:40.828,0.99185,0.99215,9.90,8.80
2007.11.05 08:51:41.271,0.99185,0.9921,4.00,8.80
2007.11.05 08:51:41.641,0.99195,0.9922,0.80,11.20
2007.11.05 08:51:41.975,0.99185,0.99215,9.10,4.00
2007.11.05 08:51:42.309,0.99185,0.99215,7.50,6.40
2007.11.05 08:51:42.528,0.99185,0.99215,6.70,6.40
2007.11.05 08:51:42.745,0.99185,0.9922,6.70,15.20
2007.11.05 08:51:42.963,0.9918,0.99225,7.50,36.10
2007.11.05 08:51:43.185,0.9918,0.99215,7.50,0.80
2007.11.05 08:51:43.403,0.99185,0.9921,2.40,0.80
2007.11.05 08:51:43.716,0.99185,0.99215,2.40,12.80
2007.11.05 08:51:44.089,0.99185,0.99215,2.40,12.80
2007.11.05 08:51:44.411,0.99185,0.99215,2.40,12.80
2007.11.05 08:51:44.659,0.99185,0.9922,2.40,13.60
2007.11.05 08:51:44.908,0.99185,0.99205,2.40,16.10
2007.11.05 08:51:45.155,0.9918,0.99195,6.70,0.80
2007.11.05 08:51:45.403,0.9918,0.99205,6.70,0.50
2007.11.05 08:51:45.697,0.99185,0.9921,2.40,28.90
2007.11.05 08:51:45.991,0.99185,0.99195,2.40,0.90
2007.11.05 08:51:46.284,0.99175,0.99205,2.40,28.90
2007.11.05 08:51:46.577,0.99175,0.99215,2.40,40.90
2007.11.05 08:51:46.960,0.99175,0.99215,4.80,24.00
2007.11.05 08:51:47.410,0.99175,0.99205,4.80,0.60
2007.11.05 08:51:47.661,0.99175,0.99205,2.40,0.80
2007.11.05 08:51:48.189,0.99175,0.9921,2.40,17.60
2007.11.05 08:51:48.417,0.99175,0.99215,2.40,20.00
2007.11.05 08:51:49.574,0.99175,0.99215,2.40,20.00
2007.11.05 08:51:50.139,0.99175,0.99205,2.40,15.20
2007.11.05 08:51:50.504,0.99175,0.99205,2.40,15.20
2007.11.05 08:51:51.151,0.99175,0.99205,2.40,15.20
2007.11.05 08:51:51.486,0.99175,0.99205,0.80,15.20
2007.11.05 08:51:51.704,0.9918,0.99215,0.80,18.40
2007.11.05 08:51:51.928,0.9918,0.99205,0.80,0.70
2007.11.05 08:51:52.140,0.9917,0.99205,7.50,15.20
2007.11.05 08:51:52.359,0.9917,0.99205,0.80,28.90
2007.11.05 08:51:52.734,0.9917,0.99205,0.80,31.30
2007.11.05 08:51:53.062,0.9917,0.99205,6.70,31.30
2007.11.05 08:51:53.391,0.99165,0.99205,4.00,31.30
2007.11.05 08:51:53.719,0.9917,0.992,1.60,12.80
2007.11.05 08:51:53.916,0.9917,0.992,1.60,12.80
2007.11.05 08:51:54.114,0.9917,0.992,1.60,12.80
2007.11.05 08:51:54.312,0.99175,0.992,2.40,12.80
2007.11.05 08:51:54.614,0.99175,0.9921,9.10,12.80
2007.11.05 08:51:54.947,0.99175,0.99205,4.80,0.60
2007.11.05 08:51:55.287,0.99175,0.99205,4.80,0.90
2007.11.05 08:51:55.615,0.99175,0.9921,9.10,0.80
2007.11.05 08:51:55.949,0.99175,0.9921,11.50,0.70
2007.11.05 08:51:56.281,0.99185,0.99215,2.40,18.40
2007.11.05 08:51:56.614,0.99185,0.99215,2.40,13.60
2007.11.05 08:51:56.848,0.99185,0.99215,2.40,9.60
2007.11.05 08:51:57.128,0.99185,0.99215,2.40,9.60
2007.11.05 08:51:57.439,0.99185,0.9922,2.40,11.20
2007.11.05 08:51:57.959,0.99185,0.99215,2.40,0.90
2007.11.05 08:51:58.256,0.99185,0.9922,2.40,10.40
2007.11.05 08:51:58.554,0.99185,0.9922,2.40,9.60
2007.11.05 08:51:59.254,0.99185,0.99225,9.10,29.70
2007.11.05 08:51:59.687,0.99185,0.9922,2.40,10.40
2007.11.05 08:52:00.179,0.99185,0.9922,9.10,0.80
2007.11.05 08:52:00.466,0.99195,0.9922,2.40,10.40
2007.11.05 08:52:00.924,0.99185,0.9922,2.40,10.40
2007.11.05 08:52:01.299,0.99185,0.9922,2.40,10.40
2007.11.05 08:52:01.632,0.99185,0.9922,2.40,10.40
2007.11.05 08:52:01.966,0.99185,0.9921,6.40,0.90
2007.11.05 08:52:02.193,0.99195,0.9921,2.40,0.60
2007.11.05 08:52:02.421,0.99195,0.99225,2.40,25.70
2007.11.05 08:52:02.650,0.99195,0.9921,2.40,0.80
2007.11.05 08:52:02.879,0.99195,0.9921,2.40,0.90
2007.11.05 08:52:03.203,0.99195,0.99225,2.40,11.20
2007.11.05 08:52:03.526,0.99195,0.99225,2.40,11.20
2007.11.05 08:52:03.849,0.99195,0.9921,2.40,0.90
2007.11.05 08:52:04.092,0.99195,0.99225,2.40,22.50
2007.11.05 08:52:04.335,0.99195,0.99215,2.40,0.80
2007.11.05 08:52:04.644,0.9919,0.99225,6.70,0.90
2007.11.05 08:52:04.890,0.9919,0.9923,6.70,12.80
2007.11.05 08:52:05.194,0.9919,0.99225,2.40,11.20
2007.11.05 08:52:05.488,0.9919,0.9922,2.40,0.60
2007.11.05 08:52:06.211,0.9919,0.9922,2.40,0.50
2007.11.05 08:52:06.597,0.9919,0.9923,2.40,10.40
2007.11.05 08:52:06.930,0.9919,0.99225,2.40,24.90
2007.11.05 08:52:07.129,0.9919,0.99225,2.40,25.70
2007.11.05 08:52:07.327,0.99185,0.9922,13.10,0.50
2007.11.05 08:52:07.541,0.99185,0.9922,13.10,0.90
2007.11.05 08:52:07.886,0.99185,0.99225,2.40,28.10
2007.11.05 08:52:08.573,0.99185,0.99225,2.40,28.10
2007.11.05 08:52:08.865,0.9918,0.99215,6.70,0.80
2007.11.05 08:52:09.158,0.99185,0.99225,6.70,32.10
2007.11.05 08:52:09.513,0.99185,0.9922,6.70,0.80
2007.11.05 08:52:09.746,0.99185,0.9922,6.70,0.50
2007.11.05 08:52:10.032,0.9918,0.99225,9.10,32.10
2007.11.05 08:52:10.333,0.9918,0.99215,9.10,0.60
2007.11.05 08:52:10.622,0.9918,0.99215,9.10,0.60
2007.11.05 08:52:10.881,0.9918,0.99215,9.90,8.80
2007.11.05 08:52:11.140,0.9918,0.99215,10.70,8.80
2007.11.05 08:52:11.474,0.9918,0.9921,12.30,8.80
2007.11.05 08:52:12.396,0.9918,0.9921,12.30,8.80
2007.11.05 08:52:12.864,0.9918,0.99215,11.50,8.80
2007.11.05 08:52:13.173,0.9918,0.99215,10.70,8.80
2007.11.05 08:52:13.506,0.9918,0.99215,10.70,8.80
2007.11.05 08:52:13.839,0.9918,0.99215,10.70,8.80
2007.11.05 08:52:14.172,0.9918,0.99215,10.70,8.80
2007.11.05 08:52:14.423,0.9918,0.99215,7.50,8.80
2007.11.05 08:52:15.002,0.9918,0.99215,6.70,8.80
2007.11.05 08:52:15.240,0.99175,0.9921,18.70,8.80
2007.11.05 08:52:15.520,0.99175,0.9921,21.10,8.80
2007.11.05 08:52:16.337,0.9918,0.99215,6.70,8.80
2007.11.05 08:52:16.808,0.99185,0.99215,2.40,8.80
2007.11.05 08:52:17.440,0.99185,0.99215,2.40,8.80
2007.11.05 08:52:18.200,0.9918,0.9921,6.70,8.80
2007.11.05 08:52:18.672,0.9918,0.9921,6.70,8.80
2007.11.05 08:52:18.942,0.9918,0.9921,6.70,8.80
2007.11.05 08:52:19.211,0.99175,0.9921,20.30,8.80
2007.11.05 08:52:19.503,0.99175,0.9921,16.30,8.80
2007.11.05 08:52:20.326,0.99175,0.9921,16.30,8.80
2007.11.05 08:52:21.785,0.99175,0.9921,16.30,8.80
2007.11.05 08:52:22.515,0.99175,0.9921,16.30,8.80
2007.11.05 08:52:22.708,0.99175,0.9921,13.10,8.80
2007.11.05 08:52:23.011,0.9917,0.9921,18.70,8.80
2007.11.05 08:52:23.012,0.99175,0.9921,13.10,8.80
2007.11.05 08:52:23.206,0.99175,0.99205,6.40,8.80
2007.11.05 08:52:23.601,0.99175,0.99205,2.40,8.80
2007.11.05 08:52:24.059,0.99175,0.99205,2.40,8.80
2007.11.05 08:52:24.751,0.99175,0.99205,2.40,12.80
2007.11.05 08:52:25.333,0.99175,0.99205,2.40,12.80
2007.11.05 08:52:26.635,0.99175,0.99205,2.40,12.80
2007.11.05 08:52:28.600,0.99175,0.99205,2.40,12.80
2007.11.05 08:52:28.828,0.99175,0.99205,2.40,12.80
2007.11.05 08:52:29.109,0.99175,0.99205,2.40,12.80
2007.11.05 08:52:29.338,0.99175,0.99205,11.50,4.00
2007.11.05 08:52:29.649,0.99175,0.99205,11.50,4.00
2007.11.05 08:52:29.932,0.99175,0.9921,11.50,8.80
2007.11.05 08:52:30.405,0.99175,0.9921,15.50,8.80
2007.11.05 08:52:31.504,0.99175,0.9921,15.50,8.80
2007.11.05 08:52:31.837,0.99175,0.9921,15.50,8.80
2007.11.05 08:52:32.068,0.99175,0.9921,15.50,8.80
2007.11.05 08:52:32.314,0.99175,0.9921,16.30,8.80
2007.11.05 08:52:32.517,0.9918,0.9921,0.80,8.80
2007.11.05 08:52:32.740,0.9918,0.9921,0.80,8.80
2007.11.05 08:52:33.074,0.9918,0.99215,8.30,16.00
2007.11.05 08:52:33.464,0.9918,0.99215,7.50,16.00
2007.11.05 08:52:33.797,0.99175,0.9921,9.10,8.80
2007.11.05 08:52:34.128,0.99175,0.9921,9.90,8.80
2007.11.05 08:52:34.346,0.99175,0.9921,13.90,8.80
2007.11.05 08:52:34.788,0.9918,0.99215,6.70,15.20
2007.11.05 08:52:35.096,0.9918,0.99215,6.70,15.20
2007.11.05 08:52:35.403,0.9918,0.9921,6.70,8.80
2007.11.05 08:52:35.747,0.9918,0.99215,6.70,12.80
2007.11.05 08:52:36.055,0.99175,0.9921,13.90,8.80
2007.11.05 08:52:36.388,0.99185,0.99215,6.70,4.00
2007.11.05 08:52:36.722,0.99185,0.99215,6.70,12.80
2007.11.05 08:52:37.056,0.99185,0.99215,6.70,8.80
2007.11.05 08:52:37.249,0.99185,0.99215,6.70,8.80
2007.11.05 08:52:37.516,0.99185,0.9922,6.70,8.80
2007.11.05 08:52:37.757,0.99185,0.9922,6.70,8.80
2007.11.05 08:52:38.026,0.99185,0.9922,6.70,8.80
2007.11.05 08:52:38.359,0.99185,0.9922,6.70,8.80
2007.11.05 08:52:38.692,0.99185,0.9922,6.70,8.80
2007.11.05 08:52:39.809,0.99185,0.9922,6.70,8.80
2007.11.05 08:52:40.001,0.99185,0.9922,6.70,8.80
2007.11.05 08:52:40.300,0.99185,0.9922,9.10,8.80
2007.11.05 08:52:40.599,0.99185,0.9922,13.10,8.80
2007.11.05 08:52:40.899,0.99185,0.9922,9.10,8.80
2007.11.05 08:52:41.307,0.99185,0.9922,9.10,8.80
2007.11.05 08:52:41.719,0.99185,0.9922,9.10,8.80
2007.11.05 08:52:42.441,0.99185,0.9922,9.10,8.80
2007.11.05 08:52:42.687,0.99185,0.9922,9.10,8.80
2007.11.05 08:52:44.601,0.99185,0.9922,9.10,8.80
2007.11.05 08:52:45.116,0.99185,0.9922,9.10,8.80
2007.11.05 08:52:45.301,0.9919,0.9922,2.40,8.80
2007.11.05 08:52:45.554,0.9919,0.9922,2.40,8.80
2007.11.05 08:52:46.676,0.9919,0.9922,2.40,8.80
2007.11.05 08:52:47.618,0.9919,0.9922,2.40,8.80
2007.11.05 08:52:47.817,0.9919,0.9922,0.80,8.80
2007.11.05 08:52:48.010,0.9919,0.9922,8.30,8.80
2007.11.05 08:52:48.233,0.99195,0.9922,0.80,8.80
2007.11.05 08:52:48.819,0.99195,0.9922,0.80,8.80
2007.11.05 08:52:49.152,0.9921,0.9922,1.60,8.80
2007.11.05 08:52:49.486,0.99215,0.99225,3.20,8.80
2007.11.05 08:52:49.793,0.99215,0.99225,5.60,8.80
2007.11.05 08:52:50.016,0.99215,0.9925,11.50,8.80
2007.11.05 08:52:50.340,0.99215,0.9925,9.90,8.80
2007.11.05 08:52:50.654,0.99215,0.99245,12.30,8.80
2007.11.05 08:52:50.979,0.99215,0.9925,16.30,8.80
2007.11.05 08:52:51.412,0.9922,0.99255,6.70,16.00
2007.11.05 08:52:51.785,0.9922,0.99255,6.70,16.00
2007.11.05 08:52:52.264,0.9922,0.9925,6.70,8.80
2007.11.05 08:52:52.732,0.9922,0.9925,6.70,8.80
2007.11.05 08:52:54.131,0.9922,0.9925,6.70,8.80
2007.11.05 08:52:54.456,0.9922,0.99255,6.70,16.00
2007.11.05 08:52:54.755,0.9922,0.99255,6.70,16.00
2007.11.05 08:52:55.443,0.9922,0.99255,6.70,16.00
2007.11.05 08:52:55.641,0.99215,0.9925,16.30,8.80
2007.11.05 08:52:56.194,0.99215,0.9925,16.30,8.80
2007.11.05 08:52:56.527,0.99215,0.9925,16.30,8.80
2007.11.05 08:52:56.839,0.9922,0.99255,6.70,16.00
2007.11.05 08:52:57.121,0.9922,0.99255,6.70,16.00
2007.11.05 08:52:57.325,0.9922,0.99255,6.70,16.00
2007.11.05 08:52:57.672,0.9922,0.99255,6.70,16.00
2007.11.05 08:52:57.971,0.9922,0.9925,6.70,8.80
2007.11.05 08:52:58.758,0.9922,0.9925,6.70,8.80
2007.11.05 08:52:59.128,0.9922,0.9925,6.70,8.80
2007.11.05 08:52:59.397,0.9922,0.9925,6.70,8.80
2007.11.05 08:52:59.872,0.9922,0.9925,6.70,8.80
2007.11.05 08:53:00.311,0.99215,0.99245,10.70,2.40
2007.11.05 08:53:00.727,0.99215,0.99245,10.70,2.40
2007.11.05 08:53:01.092,0.9922,0.99245,6.70,4.00
2007.11.05 08:53:01.425,0.9922,0.99245,7.50,6.40
2007.11.05 08:53:01.788,0.9922,0.99245,7.50,6.40
2007.11.05 08:53:01.996,0.9922,0.99245,7.50,6.40
2007.11.05 08:53:02.991,0.99215,0.99245,9.90,15.20
2007.11.05 08:53:03.619,0.99215,0.99245,9.90,15.20
2007.11.05 08:53:04.274,0.99215,0.99245,9.90,15.20
2007.11.05 08:53:04.610,0.99215,0.99245,9.90,15.20
2007.11.05 08:53:04.827,0.99215,0.99245,9.90,15.20
2007.11.05 08:53:05.441,0.99215,0.99245,9.90,15.20
2007.11.05 08:53:06.299,0.99215,0.99245,9.90,15.20
2007.11.05 08:53:06.839,0.99215,0.99245,9.90,15.20
2007.11.05 08:53:07.011,0.99215,0.99245,3.20,15.20
2007.11.05 08:53:07.783,0.99215,0.99245,3.20,15.20
2007.11.05 08:53:09.722,0.99215,0.99235,3.20,4.00
2007.11.05 08:53:10.266,0.99215,0.99235,0.80,6.40
2007.11.05 08:53:10.493,0.99215,0.99235,0.80,6.40
2007.11.05 08:53:10.722,0.99215,0.99235,0.80,6.40
2007.11.05 08:53:10.950,0.99215,0.99235,0.80,6.40
2007.11.05 08:53:11.178,0.9921,0.99235,0.80,6.40
2007.11.05 08:53:11.511,0.99205,0.99235,10.70,6.40
2007.11.05 08:53:11.844,0.99205,0.99235,13.10,4.00
2007.11.05 08:53:12.178,0.9921,0.99235,6.70,4.00
2007.11.05 08:53:12.431,0.99205,0.99235,14.70,4.00
2007.11.05 08:53:12.656,0.99205,0.99235,14.70,4.00
2007.11.05 08:53:13.378,0.99205,0.99235,14.70,4.00
2007.11.05 08:53:13.711,0.99205,0.9924,17.10,8.80
2007.11.05 08:53:14.191,0.99205,0.9924,14.70,8.80
2007.11.05 08:53:14.430,0.99205,0.9924,10.70,8.80
2007.11.05 08:53:14.700,0.99205,0.9924,10.70,8.80
2007.11.05 08:53:14.918,0.99205,0.9924,7.50,8.80
2007.11.05 08:53:15.140,0.99205,0.9924,7.50,8.80
2007.11.05 08:53:15.437,0.99205,0.9924,7.50,8.80
2007.11.05 08:53:15.736,0.99215,0.9924,2.40,8.80
2007.11.05 08:53:16.186,0.99215,0.9924,2.40,8.80
2007.11.05 08:53:16.520,0.9921,0.99245,6.70,12.80
2007.11.05 08:53:16.853,0.9921,0.99245,6.70,11.20
2007.11.05 08:53:17.190,0.9921,0.99245,6.70,11.20
2007.11.05 08:53:17.398,0.9921,0.99245,6.70,11.20
2007.11.05 08:53:17.606,0.9921,0.99245,6.70,15.20
2007.11.05 08:53:17.874,0.9921,0.99245,6.70,15.20
2007.11.05 08:53:18.186,0.9921,0.99245,6.70,15.20
2007.11.05 08:53:18.444,0.9921,0.99245,6.70,17.60
2007.11.05 08:53:18.868,0.9921,0.99245,6.70,17.60
2007.11.05 08:53:19.128,0.9921,0.99245,6.70,15.20
2007.11.05 08:53:19.553,0.9921,0.99245,6.70,12.80
2007.11.05 08:53:19.821,0.9921,0.99245,6.70,8.80
2007.11.05 08:53:20.148,0.9921,0.99245,6.70,8.80
2007.11.05 08:53:20.416,0.99215,0.99245,2.40,8.80
2007.11.05 08:53:20.795,0.99215,0.99245,2.40,8.80
2007.11.05 08:53:21.106,0.99215,0.99245,2.40,8.80
2007.11.05 08:53:21.138,0.99215,0.99245,2.40,0.90
2007.11.05 08:53:21.379,0.99215,0.9925,6.70,0.80
2007.11.05 08:53:21.712,0.99215,0.9925,6.70,0.90
2007.11.05 08:53:22.162,0.99215,0.9925,6.70,0.80
2007.11.05 08:53:23.250,0.99215,0.99255,9.10,16.80
2007.11.05 08:53:23.514,0.99215,0.99255,9.10,16.80
2007.11.05 08:53:24.006,0.9922,0.99255,6.70,0.80
2007.11.05 08:53:24.439,0.9922,0.9926,6.70,19.20
2007.11.05 08:53:24.638,0.9922,0.9926,6.70,21.60
2007.11.05 08:53:24.879,0.9922,0.99255,6.70,0.50
2007.11.05 08:53:25.284,0.9922,0.9926,6.70,21.60
2007.11.05 08:53:25.657,0.9922,0.9926,6.70,19.20
2007.11.05 08:53:26.690,0.9922,0.9926,6.70,19.20
2007.11.05 08:53:27.226,0.9922,0.9926,6.70,19.20
2007.11.05 08:53:27.732,0.9922,0.99255,6.70,0.70
2007.11.05 08:53:28.960,0.9922,0.9926,6.70,19.20
2007.11.05 08:53:29.278,0.9922,0.9926,6.70,20.00
2007.11.05 08:53:29.796,0.9922,0.9926,6.70,20.00
2007.11.05 08:53:30.189,0.9922,0.9926,6.70,20.00
2007.11.05 08:53:30.433,0.9922,0.99255,6.70,0.90
2007.11.05 08:53:30.626,0.9922,0.99255,6.70,0.60
2007.11.05 08:53:31.130,0.9922,0.99255,6.70,0.90
2007.11.05 08:53:31.463,0.9922,0.9925,6.70,0.80
2007.11.05 08:53:31.811,0.9921,0.99245,6.70,0.80
2007.11.05 08:53:32.053,0.9921,0.9925,6.70,13.60
2007.11.05 08:53:32.258,0.9922,0.9925,6.70,0.70
2007.11.05 08:53:32.567,0.9922,0.9925,6.70,0.70
2007.11.05 08:53:33.137,0.99215,0.99245,6.70,0.90
2007.11.05 08:53:33.545,0.99215,0.99245,6.70,0.70
2007.11.05 08:53:34.207,0.99215,0.99255,6.70,32.90
2007.11.05 08:53:34.419,0.99215,0.99255,6.70,32.90
2007.11.05 08:53:34.742,0.99215,0.9925,6.70,0.50
2007.11.05 08:53:35.041,0.9921,0.9925,6.70,11.20
2007.11.05 08:53:35.340,0.9921,0.9925,6.70,13.60
2007.11.05 08:53:35.710,0.99215,0.9925,9.10,15.20
2007.11.05 08:53:36.082,0.99215,0.9925,9.10,15.20
2007.11.05 08:53:36.421,0.99215,0.9925,9.10,12.80
2007.11.05 08:53:36.755,0.99215,0.9925,6.70,11.20
2007.11.05 08:53:37.216,0.99215,0.99245,6.70,0.70
2007.11.05 08:53:37.427,0.99215,0.99245,6.70,0.70
2007.11.05 08:53:37.938,0.99215,0.9925,6.70,0.70
2007.11.05 08:53:38.812,0.99215,0.99255,6.70,32.90
2007.11.05 08:53:39.087,0.99215,0.9925,6.70,0.90
2007.11.05 08:53:40.199,0.99215,0.9925,6.70,0.80
2007.11.05 08:53:40.418,0.99215,0.99255,9.10,34.50
2007.11.05 08:53:40.963,0.99215,0.99245,9.10,0.60
2007.11.05 08:53:41.296,0.99215,0.9925,9.10,10.40
2007.11.05 08:53:41.629,0.99215,0.99255,15.50,18.40
2007.11.05 08:53:41.962,0.99215,0.99255,9.10,34.50
2007.11.05 08:53:42.198,0.99215,0.9925,9.10,0.70
2007.11.05 08:53:42.483,0.99215,0.9925,9.10,0.50
2007.11.05 08:53:42.705,0.99205,0.9924,21.10,0.70
2007.11.05 08:53:43.004,0.99205,0.9924,21.10,0.90
2007.11.05 08:53:43.188,0.992,0.99245,21.90,11.20
2007.11.05 08:53:43.327,0.99205,0.9924,0.80,0.50
2007.11.05 08:53:43.649,0.99205,0.9924,0.80,0.90
2007.11.05 08:53:44.166,0.992,0.99245,11.50,15.20
2007.11.05 08:53:44.645,0.992,0.99245,14.70,12.80
2007.11.05 08:53:44.886,0.992,0.99245,14.70,12.80
2007.11.05 08:53:45.103,0.99205,0.9925,12.30,15.20
2007.11.05 08:53:45.440,0.9921,0.99245,0.70,0.70
2007.11.05 08:53:45.843,0.9921,0.99245,0.80,0.80
2007.11.05 08:53:46.136,0.9921,0.9925,9.10,11.20
2007.11.05 08:53:46.470,0.99205,0.9925,20.30,13.60
2007.11.05 08:53:46.803,0.9921,0.99245,0.70,0.50
2007.11.05 08:53:47.193,0.9921,0.99255,9.10,22.40
2007.11.05 08:53:47.418,0.9921,0.99255,9.10,22.40
2007.11.05 08:53:47.627,0.9921,0.99255,9.10,18.40
2007.11.05 08:53:47.835,0.99215,0.99245,0.50,0.50
2007.11.05 08:53:48.148,0.99215,0.99245,0.60,0.70
2007.11.05 08:53:48.655,0.99205,0.9925,16.30,11.20
2007.11.05 08:53:48.983,0.99215,0.99245,0.90,0.60
2007.11.05 08:53:49.378,0.9921,0.99245,9.10,8.80
2007.11.05 08:53:49.566,0.9921,0.99245,9.10,8.80
2007.11.05 08:53:49.754,0.9921,0.99245,9.10,8.80
2007.11.05 08:53:49.992,0.9921,0.99245,9.10,8.80
2007.11.05 08:53:50.213,0.9921,0.99245,9.10,8.80
2007.11.05 08:53:50.527,0.9921,0.99245,9.10,8.80
2007.11.05 08:53:50.841,0.99205,0.99245,20.30,8.80
2007.11.05 08:53:51.155,0.9921,0.99245,3.60,8.80
2007.11.05 08:53:51.715,0.9921,0.99245,2.50,8.80
2007.11.05 08:53:52.039,0.99205,0.99245,12.30,8.80
2007.11.05 08:53:52.362,0.99205,0.99245,12.30,8.80
2007.11.05 08:53:52.605,0.9921,0.99245,2.50,8.80
2007.11.05 08:53:52.847,0.99215,0.99245,0.80,8.80
2007.11.05 08:53:53.090,0.99215,0.99245,2.60,9.60
2007.11.05 08:53:53.380,0.99215,0.99245,4.10,9.60
2007.11.05 08:53:53.597,0.99205,0.99245,15.50,9.60
2007.11.05 08:53:54.283,0.9921,0.99245,9.90,9.60
2007.11.05 08:53:54.679,0.9921,0.99245,9.90,9.60
2007.11.05 08:53:54.968,0.9921,0.99245,13.10,8.80
2007.11.05 08:53:55.255,0.9921,0.99235,10.70,2.40
2007.11.05 08:53:55.632,0.99215,0.99235,1.50,2.40
2007.11.05 08:53:55.899,0.99205,0.9924,20.30,8.80
2007.11.05 08:53:56.346,0.99205,0.9924,20.30,8.80
2007.11.05 08:53:57.679,0.9921,0.99245,11.50,9.60
2007.11.05 08:53:58.010,0.99215,0.99245,0.90,9.60
2007.11.05 08:53:58.187,0.99215,0.99245,1.00,9.60
2007.11.05 08:53:58.388,0.9921,0.99245,9.10,9.60
2007.11.05 08:53:58.720,0.9921,0.99245,11.50,9.60
2007.11.05 08:53:59.259,0.99215,0.99245,1.60,9.60
2007.11.05 08:53:59.746,0.9921,0.99245,11.50,8.80
2007.11.05 08:54:00.373,0.9921,0.99245,11.50,8.80
2007.11.05 08:54:00.880,0.9921,0.99245,11.50,8.80
2007.11.05 08:54:01.168,0.99205,0.99245,20.30,8.80
2007.11.05 08:54:01.499,0.99205,0.99245,16.30,8.80
2007.11.05 08:54:02.636,0.9921,0.99245,9.10,8.80
2007.11.05 08:54:02.847,0.9921,0.99245,11.50,8.80
2007.11.05 08:54:03.158,0.9921,0.99245,11.50,8.80
2007.11.05 08:54:03.887,0.99205,0.99245,22.70,11.20
2007.11.05 08:54:04.534,0.99205,0.99245,22.70,11.20
2007.11.05 08:54:04.757,0.9921,0.99245,2.80,11.20
2007.11.05 08:54:05.438,0.99205,0.99245,20.30,11.20
2007.11.05 08:54:05.870,0.99205,0.99245,20.30,11.20
2007.11.05 08:54:06.204,0.99215,0.99245,1.50,8.80
2007.11.05 08:54:06.537,0.99215,0.99245,4.00,8.80
2007.11.05 08:54:06.996,0.99205,0.99245,21.10,8.80
2007.11.05 08:54:07.200,0.99225,0.9925,0.70,8.80
2007.11.05 08:54:07.406,0.9921,0.99245,9.10,8.80
2007.11.05 08:54:07.610,0.9921,0.99245,13.10,8.80
2007.11.05 08:54:07.938,0.99225,0.99245,0.60,8.80
2007.11.05 08:54:08.266,0.9921,0.99245,17.10,8.80
2007.11.05 08:54:08.626,0.99215,0.9925,3.00,8.80
2007.11.05 08:54:08.820,0.99215,0.99245,1.50,8.80
2007.11.05 08:54:09.166,0.9921,0.99245,9.10,8.80
2007.11.05 08:54:09.360,0.99205,0.99245,20.30,11.20
2007.11.05 08:54:09.599,0.992,0.9924,24.30,8.80
2007.11.05 08:54:10.104,0.99205,0.9924,20.30,8.80
2007.11.05 08:54:10.412,0.9921,0.9924,9.90,8.80
2007.11.05 08:54:10.720,0.9921,0.9925,13.10,8.80
2007.11.05 08:54:11.053,0.99215,0.9925,15.50,8.80
2007.11.05 08:54:11.771,0.99215,0.9925,15.50,8.80
2007.11.05 08:54:11.989,0.9922,0.9925,1.60,10.40
2007.11.05 08:54:12.207,0.9922,0.9925,3.00,9.60
2007.11.05 08:54:12.426,0.99215,0.9925,3.20,8.80
2007.11.05 08:54:12.685,0.99215,0.99245,2.40,8.80
2007.11.05 08:54:12.962,0.99215,0.99245,2.40,8.80
2007.11.05 08:54:13.241,0.9921,0.99245,6.70,11.20
2007.11.05 08:54:13.519,0.9921,0.99245,6.70,13.60
2007.11.05 08:54:13.796,0.9921,0.99245,6.70,14.40
2007.11.05 08:54:14.125,0.9921,0.99245,6.70,14.40
2007.11.05 08:54:14.393,0.99205,0.9924,6.70,8.80
2007.11.05 08:54:14.763,0.99205,0.9924,9.10,8.80
2007.11.05 08:54:15.074,0.99205,0.9924,9.10,8.80
2007.11.05 08:54:15.282,0.99205,0.99235,9.10,8.80
2007.11.05 08:54:16.645,0.99205,0.99235,9.10,8.80
2007.11.05 08:54:17.482,0.99205,0.99235,9.10,8.80
2007.11.05 08:54:17.783,0.99205,0.99235,9.10,8.80
2007.11.05 08:54:17.992,0.992,0.99235,6.70,11.20
2007.11.05 08:54:18.285,0.992,0.99235,6.70,13.60
2007.11.05 08:54:18.578,0.992,0.99235,6.70,13.60
2007.11.05 08:54:18.910,0.992,0.99235,6.70,13.60
2007.11.05 08:54:19.361,0.992,0.99235,6.70,17.60
2007.11.05 08:54:20.243,0.992,0.99235,6.70,17.60
2007.11.05 08:54:21.178,0.992,0.99235,6.70,15.20
2007.11.05 08:54:21.510,0.992,0.99235,6.70,15.20
2007.11.05 08:54:22.636,0.992,0.99235,6.70,15.20
2007.11.05 08:54:23.637,0.992,0.99235,6.70,15.20
2007.11.05 08:54:23.987,0.992,0.99235,6.70,15.20
2007.11.05 08:54:24.705,0.992,0.99235,6.70,15.20
2007.11.05 08:54:25.418,0.992,0.99235,6.70,15.20
2007.11.05 08:54:25.739,0.992,0.99235,6.70,15.20
2007.11.05 08:54:26.338,0.992,0.9923,6.70,8.80
2007.11.05 08:54:26.672,0.992,0.9923,0.80,8.80
2007.11.05 08:54:27.048,0.992,0.99235,8.30,15.20
2007.11.05 08:54:27.311,0.992,0.99235,8.30,15.20
2007.11.05 08:54:27.612,0.992,0.99235,8.30,15.20
2007.11.05 08:54:27.930,0.992,0.99235,8.30,15.20
2007.11.05 08:54:28.164,0.992,0.99235,8.30,15.20
2007.11.05 08:54:28.497,0.99205,0.99235,6.70,15.20
2007.11.05 08:54:28.830,0.99205,0.99235,6.70,16.00
2007.11.05 08:54:29.300,0.99205,0.99235,6.70,16.00
2007.11.05 08:54:29.798,0.992,0.99235,8.30,17.60
2007.11.05 08:54:30.032,0.9921,0.99235,0.80,17.60
2007.11.05 08:54:30.326,0.9921,0.99235,1.60,15.20
2007.11.05 08:54:30.634,0.992,0.99235,6.70,16.00
2007.11.05 08:54:31.293,0.992,0.9923,6.70,8.80
2007.11.05 08:54:31.635,0.992,0.9923,6.70,8.80
2007.11.05 08:54:32.128,0.992,0.99235,6.70,16.00
2007.11.05 08:54:32.461,0.992,0.99235,6.70,16.00
2007.11.05 08:54:33.381,0.992,0.99235,6.70,16.00
2007.11.05 08:54:35.014,0.992,0.99235,6.70,15.20
2007.11.05 08:54:35.438,0.992,0.99235,6.70,15.20
2007.11.05 08:54:35.833,0.992,0.99235,6.70,15.20
2007.11.05 08:54:39.645,0.992,0.99235,6.70,15.20
2007.11.05 08:54:40.079,0.992,0.99225,6.70,2.40
2007.11.05 08:54:40.283,0.992,0.99225,6.70,2.40
2007.11.05 08:54:40.588,0.99205,0.99225,6.70,2.40
2007.11.05 08:54:41.632,0.99205,0.99225,6.70,2.40
2007.11.05 08:54:41.941,0.99205,0.99225,6.70,2.40
2007.11.05 08:54:43.511,0.99205,0.99225,6.70,2.40
2007.11.05 08:54:43.569,0.99205,0.99225,6.70,0.80
2007.11.05 08:54:44.038,0.99205,0.99225,6.70,2.40
2007.11.05 08:54:45.478,0.99205,0.99225,6.70,2.40
2007.11.05 08:54:48.864,0.99205,0.99225,6.70,2.40
2007.11.05 08:54:49.091,0.992,0.99225,6.70,2.40
2007.11.05 08:54:50.434,0.992,0.99225,6.70,2.40
2007.11.05 08:54:52.262,0.992,0.99225,6.70,2.40
2007.11.05 08:54:54.015,0.992,0.99225,6.70,2.40
2007.11.05 08:54:54.218,0.992,0.99225,6.70,2.40
2007.11.05 08:54:55.189,0.992,0.99225,6.70,2.40
2007.11.05 08:54:55.657,0.99195,0.99225,10.70,6.40
2007.11.05 08:54:56.192,0.99195,0.99215,8.30,2.40
2007.11.05 08:54:56.526,0.992,0.99215,6.70,2.40
2007.11.05 08:54:56.861,0.9919,0.99215,9.90,2.40
2007.11.05 08:54:57.194,0.99195,0.99215,0.80,2.40
2007.11.05 08:54:57.412,0.99195,0.99215,0.80,2.40
2007.11.05 08:54:57.738,0.99185,0.99215,7.50,2.40
2007.11.05 08:54:58.068,0.99185,0.99215,7.50,2.40
2007.11.05 08:54:58.420,0.99185,0.99215,7.50,2.40
2007.11.05 08:54:58.703,0.9919,0.99215,6.70,2.40
2007.11.05 08:54:58.992,0.99185,0.9922,13.90,8.80
2007.11.05 08:54:59.281,0.99195,0.9922,2.40,8.80
2007.11.05 08:54:59.523,0.99195,0.99225,2.40,15.20
2007.11.05 08:54:59.927,0.99195,0.99215,9.90,2.40
2007.11.05 08:55:00.437,0.99195,0.99215,9.90,2.40
2007.11.05 08:55:00.694,0.99195,0.99215,9.90,2.40
2007.11.05 08:55:00.952,0.99195,0.99215,9.90,2.40
2007.11.05 08:55:01.373,0.99195,0.99215,9.90,2.40
2007.11.05 08:55:01.707,0.99195,0.99225,14.70,2.40
2007.11.05 08:55:02.040,0.99195,0.99225,10.70,2.40
2007.11.05 08:55:02.373,0.992,0.99225,6.70,2.40
2007.11.05 08:55:02.570,0.992,0.99225,6.70,2.40
2007.11.05 08:55:02.757,0.992,0.99215,6.70,2.40
2007.11.05 08:55:02.964,0.992,0.99215,6.70,2.40
2007.11.05 08:55:03.153,0.99195,0.99215,6.70,2.40
2007.11.05 08:55:03.340,0.99195,0.99215,9.10,2.40
2007.11.05 08:55:03.638,0.99195,0.99215,9.90,2.40
2007.11.05 08:55:03.994,0.99195,0.99215,9.90,2.40
2007.11.05 08:55:04.292,0.99195,0.99215,7.50,2.40
2007.11.05 08:55:04.514,0.99195,0.99215,7.50,2.40
2007.11.05 08:55:04.733,0.99195,0.99215,6.70,2.40
2007.11.05 08:55:05.248,0.99195,0.99215,6.70,2.40
2007.11.05 08:55:06.791,0.99195,0.99215,6.70,2.40
2007.11.05 08:55:07.075,0.9919,0.99215,9.10,2.40
2007.11.05 08:55:07.487,0.9919,0.99215,9.10,2.40
2007.11.05 08:55:08.530,0.9919,0.99215,9.10,2.40
2007.11.05 08:55:10.390,0.9919,0.99215,9.10,2.40
2007.11.05 08:55:10.703,0.9919,0.99215,9.10,2.40
2007.11.05 08:55:11.036,0.9919,0.99215,9.10,2.40
2007.11.05 08:55:11.425,0.99195,0.99215,6.70,2.40
2007.11.05 08:55:11.842,0.99195,0.99215,6.70,2.40
2007.11.05 08:55:12.453,0.9919,0.99215,9.10,2.40
2007.11.05 08:55:12.665,0.9919,0.99215,9.10,2.40
2007.11.05 08:55:12.859,0.9919,0.99205,2.40,2.40
2007.11.05 08:55:13.308,0.9919,0.99205,2.40,2.40
2007.11.05 08:55:13.703,0.9919,0.99215,2.40,2.40
2007.11.05 08:55:14.017,0.9919,0.99215,9.10,2.40
2007.11.05 08:55:14.413,0.9919,0.99215,9.10,2.40
2007.11.05 08:55:15.439,0.9919,0.99215,9.10,2.40
2007.11.05 08:55:16.146,0.9919,0.99215,9.10,2.40
2007.11.05 08:55:16.474,0.9919,0.99205,9.10,2.40
2007.11.05 08:55:16.803,0.9919,0.99205,6.70,2.40
2007.11.05 08:55:17.131,0.99185,0.99205,9.10,2.40
2007.11.05 08:55:17.334,0.99185,0.9921,9.10,0.80
2007.11.05 08:55:17.537,0.99185,0.99215,6.40,15.20
2007.11.05 08:55:17.741,0.99185,0.99205,13.10,2.40
2007.11.05 08:55:18.194,0.99185,0.99205,13.10,2.40
2007.11.05 08:55:18.571,0.99185,0.99215,9.10,2.40
2007.11.05 08:55:18.890,0.99185,0.99215,6.70,2.40
2007.11.05 08:55:19.207,0.99185,0.99215,6.70,2.40
2007.11.05 08:55:19.776,0.9918,0.99215,10.70,2.40
2007.11.05 08:55:20.133,0.99185,0.99215,6.70,2.40
2007.11.05 08:55:20.448,0.99185,0.99215,6.70,2.40
2007.11.05 08:55:20.666,0.99185,0.99205,9.90,2.40
2007.11.05 08:55:20.893,0.99185,0.99205,9.90,2.40
2007.11.05 08:55:21.143,0.9919,0.99215,6.70,2.40
2007.11.05 08:55:21.477,0.9919,0.99215,6.70,2.40
2007.11.05 08:55:21.810,0.9919,0.99215,6.70,2.40
2007.11.05 08:55:22.144,0.99185,0.99215,6.70,2.40
2007.11.05 08:55:22.363,0.9918,0.99205,6.70,2.40
2007.11.05 08:55:22.754,0.9918,0.99205,6.70,2.40
2007.11.05 08:55:22.974,0.9918,0.99205,6.70,2.40
2007.11.05 08:55:23.867,0.9918,0.99205,6.70,2.40
2007.11.05 08:55:24.145,0.9918,0.99205,6.70,2.40
2007.11.05 08:55:24.378,0.9918,0.99205,6.70,2.40
2007.11.05 08:55:24.795,0.9918,0.99205,6.70,2.40
2007.11.05 08:55:25.028,0.9918,0.99205,6.70,2.40
2007.11.05 08:55:25.280,0.99185,0.99205,2.40,2.40
2007.11.05 08:55:25.539,0.99185,0.99205,9.10,2.40
2007.11.05 08:55:25.787,0.99185,0.99215,9.10,2.40
2007.11.05 08:55:26.156,0.99185,0.99215,9.10,2.40
2007.11.05 08:55:26.489,0.99185,0.99215,6.70,11.20
2007.11.05 08:55:26.822,0.99185,0.99215,2.40,11.20
2007.11.05 08:55:27.155,0.9919,0.99215,6.70,2.40
2007.11.05 08:55:27.549,0.9919,0.99215,6.70,2.40
2007.11.05 08:55:27.742,0.99185,0.99215,9.10,2.40
2007.11.05 08:55:28.421,0.99185,0.99215,9.10,2.40
2007.11.05 08:55:29.210,0.99185,0.99215,7.50,2.40
2007.11.05 08:55:29.407,0.99185,0.99215,6.70,2.40
2007.11.05 08:55:30.128,0.99185,0.99215,6.70,2.40
2007.11.05 08:55:30.412,0.99185,0.99215,6.70,2.40
2007.11.05 08:55:30.695,0.99185,0.99215,6.70,2.40
2007.11.05 08:55:31.471,0.99185,0.99215,6.70,2.40
2007.11.05 08:55:31.804,0.99185,0.99215,6.70,2.40
2007.11.05 08:55:32.137,0.99185,0.99215,6.70,2.40
2007.11.05 08:55:32.509,0.99185,0.99215,6.70,2.40
2007.11.05 08:55:32.854,0.99185,0.99215,6.70,2.40
2007.11.05 08:55:33.193,0.99185,0.99215,6.70,2.40
2007.11.05 08:55:33.511,0.99185,0.9922,6.70,10.40
2007.11.05 08:55:33.829,0.99185,0.9922,6.70,10.40
2007.11.05 08:55:34.992,0.99185,0.9922,6.70,10.40
2007.11.05 08:55:35.250,0.99185,0.99205,6.70,2.40
2007.11.05 08:55:35.503,0.9918,0.99205,6.70,2.40
2007.11.05 08:55:35.757,0.9918,0.99215,6.70,12.00
2007.11.05 08:55:36.010,0.99175,0.99205,13.90,4.00
2007.11.05 08:55:36.346,0.99175,0.99205,13.90,4.00
2007.11.05 08:55:36.706,0.9918,0.99215,6.70,8.80
2007.11.05 08:55:37.182,0.9918,0.99215,6.70,8.80
2007.11.05 08:55:39.309,0.99175,0.99205,11.50,2.40
2007.11.05 08:55:39.653,0.99175,0.99205,11.50,2.40
2007.11.05 08:55:39.877,0.99175,0.992,11.50,0.80
2007.11.05 08:55:40.101,0.9917,0.992,7.50,10.40
2007.11.05 08:55:40.324,0.99175,0.992,2.40,9.60
2007.11.05 08:55:40.864,0.99175,0.992,2.40,9.60
2007.11.05 08:55:41.361,0.99175,0.992,6.40,8.80
2007.11.05 08:55:42.728,0.99175,0.992,6.40,8.80
2007.11.05 08:55:43.243,0.99175,0.992,6.40,8.80
2007.11.05 08:55:43.527,0.99175,0.99205,9.10,2.40
2007.11.05 08:55:44.249,0.99175,0.99205,9.10,2.40
2007.11.05 08:55:45.094,0.99175,0.99205,9.10,2.40
2007.11.05 08:55:45.439,0.99175,0.99205,9.10,2.40
2007.11.05 08:55:47.461,0.99175,0.99205,9.10,2.40
2007.11.05 08:55:49.261,0.99175,0.99205,9.10,2.40
2007.11.05 08:55:49.645,0.99175,0.99195,6.70,2.40
2007.11.05 08:55:49.931,0.99175,0.99195,6.70,2.40
2007.11.05 08:55:50.188,0.99175,0.99205,9.10,2.40
2007.11.05 08:55:50.440,0.99175,0.99205,9.10,2.40
2007.11.05 08:55:50.632,0.99175,0.99195,9.10,2.40
2007.11.05 08:55:50.843,0.99175,0.99205,9.10,11.20
2007.11.05 08:55:51.290,0.99175,0.9921,9.10,12.80
2007.11.05 08:55:53.476,0.99175,0.9921,9.10,16.80
2007.11.05 08:55:55.218,0.99175,0.99205,9.10,0.70
2007.11.05 08:55:55.452,0.99175,0.99215,9.10,18.40
2007.11.05 08:55:57.486,0.99175,0.99215,9.10,18.40
2007.11.05 08:55:58.813,0.99175,0.99205,9.10,0.90
2007.11.05 08:56:00.163,0.99175,0.9921,9.10,11.20
2007.11.05 08:56:00.444,0.99175,0.9921,9.10,11.20
2007.11.05 08:56:01.572,0.99175,0.9921,9.10,11.20
2007.11.05 08:56:03.695,0.99175,0.9921,9.10,15.20
2007.11.05 08:56:04.018,0.99175,0.99195,9.10,0.70
2007.11.05 08:56:04.658,0.99175,0.99195,9.10,0.90
2007.11.05 08:56:04.902,0.99175,0.99205,9.10,0.70
2007.11.05 08:56:05.244,0.99175,0.99205,9.10,0.70
2007.11.05 08:56:05.729,0.99175,0.99205,2.40,12.00
2007.11.05 08:56:06.115,0.99175,0.99205,2.40,12.00
2007.11.05 08:56:06.449,0.9917,0.99205,6.70,12.00
2007.11.05 08:56:07.011,0.9917,0.99195,6.70,0.90
2007.11.05 08:56:07.451,0.9917,0.99205,6.70,16.00
2007.11.05 08:56:08.319,0.9917,0.99205,6.70,16.00
2007.11.05 08:56:09.265,0.9917,0.99205,6.70,16.00
2007.11.05 08:56:09.478,0.9917,0.99205,6.70,16.00
2007.11.05 08:56:10.106,0.9917,0.99205,6.70,16.00
2007.11.05 08:56:10.451,0.9917,0.99195,6.70,0.90
2007.11.05 08:56:11.375,0.99175,0.992,2.40,11.20
2007.11.05 08:56:11.770,0.99175,0.99195,2.40,0.80
2007.11.05 08:56:12.123,0.99175,0.99195,2.40,0.80
2007.11.05 08:56:12.457,0.9917,0.99205,6.70,16.00
2007.11.05 08:56:12.674,0.99175,0.9921,2.40,17.60
2007.11.05 08:56:13.028,0.99175,0.9921,2.40,17.60
2007.11.05 08:56:13.231,0.99175,0.9921,2.40,17.60
2007.11.05 08:56:13.732,0.9917,0.9921,6.70,17.60
2007.11.05 08:56:14.541,0.9917,0.99205,6.70,0.70
2007.11.05 08:56:14.764,0.9917,0.99205,6.70,16.00
2007.11.05 08:56:15.383,0.9917,0.99205,6.70,16.00
2007.11.05 08:56:15.815,0.9917,0.99205,6.70,16.00
2007.11.05 08:56:18.473,0.9917,0.99205,6.70,16.00
2007.11.05 08:56:19.098,0.9917,0.99195,6.70,2.40
2007.11.05 08:56:19.431,0.99165,0.99195,13.10,11.20
2007.11.05 08:56:19.809,0.99165,0.99195,6.40,11.20
2007.11.05 08:56:20.028,0.99165,0.99195,2.10,11.20
2007.11.05 08:56:20.142,0.9916,0.99195,15.50,11.20
2007.11.05 08:56:20.442,0.99165,0.99195,1.00,11.20
2007.11.05 08:56:20.726,0.99165,0.99195,1.60,12.00
2007.11.05 08:56:21.059,0.9916,0.99195,15.50,15.20
2007.11.05 08:56:21.598,0.99165,0.99195,0.70,15.20
2007.11.05 08:56:22.223,0.9916,0.99195,15.50,15.20
2007.11.05 08:56:22.377,0.99175,0.99195,0.50,11.20
2007.11.05 08:56:22.930,0.99165,0.99195,6.40,11.20
2007.11.05 08:56:23.755,0.99175,0.99195,0.90,11.20
2007.11.05 08:56:24.482,0.99175,0.99195,0.90,11.20
2007.11.05 08:56:25.137,0.99175,0.99195,1.50,2.40
2007.11.05 08:56:25.421,0.99175,0.99195,0.60,2.40
2007.11.05 08:56:26.059,0.9917,0.99195,9.10,2.40
2007.11.05 08:56:26.393,0.9917,0.99195,9.10,2.40
2007.11.05 08:56:27.059,0.99175,0.99195,0.70,2.40
2007.11.05 08:56:27.233,0.99175,0.99195,0.90,11.20
2007.11.05 08:56:27.695,0.99165,0.99195,13.90,11.20
2007.11.05 08:56:27.868,0.9916,0.99195,15.50,11.20
2007.11.05 08:56:28.305,0.9916,0.99195,15.50,11.20
2007.11.05 08:56:29.141,0.9916,0.99195,15.50,11.20
2007.11.05 08:56:30.446,0.9916,0.99195,15.50,11.20
2007.11.05 08:56:32.925,0.9916,0.99195,16.30,2.40
2007.11.05 08:56:33.237,0.9916,0.99195,14.70,2.40
2007.11.05 08:56:33.550,0.9916,0.99195,10.70,2.40
2007.11.05 08:56:34.410,0.99165,0.99195,4.60,2.40
2007.11.05 08:56:35.192,0.99165,0.99195,4.40,11.20
2007.11.05 08:56:35.462,0.99165,0.99195,9.10,2.40
2007.11.05 08:56:35.730,0.99175,0.99195,0.90,2.40
2007.11.05 08:56:35.998,0.9917,0.99195,1.90,2.40
2007.11.05 08:56:37.325,0.99165,0.99195,9.90,2.40
2007.11.05 08:56:38.471,0.99165,0.99195,9.90,2.40
2007.11.05 08:56:39.219,0.99165,0.99185,4.70,2.40
2007.11.05 08:56:40.296,0.9916,0.99185,13.10,2.40
2007.11.05 08:56:40.549,0.9917,0.99195,2.30,6.40
2007.11.05 08:56:42.085,0.9916,0.99195,13.10,2.40
2007.11.05 08:56:42.416,0.99165,0.99195,0.90,2.40
2007.11.05 08:56:42.740,0.9916,0.99195,14.70,2.40
2007.11.05 08:56:42.934,0.99165,0.99185,2.60,2.40
2007.11.05 08:56:43.205,0.9916,0.99185,14.70,2.40
2007.11.05 08:56:43.733,0.99165,0.99185,4.80,2.40
2007.11.05 08:56:44.468,0.9916,0.99185,14.70,2.40
2007.11.05 08:56:44.672,0.9916,0.99185,14.70,2.40
2007.11.05 08:56:44.954,0.9916,0.99195,14.70,15.20
2007.11.05 08:56:45.357,0.99165,0.99195,0.90,15.20
2007.11.05 08:56:45.595,0.99165,0.99195,1.70,11.20
2007.11.05 08:56:45.928,0.9916,0.99185,14.70,2.40
2007.11.05 08:56:46.409,0.9916,0.99185,14.70,2.40
2007.11.05 08:56:46.932,0.99165,0.99185,1.30,2.40
2007.11.05 08:56:47.171,0.99165,0.99185,1.30,2.40
2007.11.05 08:56:47.549,0.9916,0.99185,12.30,2.40
2007.11.05 08:56:47.828,0.99165,0.99185,1.60,2.40
2007.11.05 08:56:48.224,0.9916,0.99185,14.70,2.40
2007.11.05 08:56:50.141,0.99165,0.99185,9.10,2.40
2007.11.05 08:56:50.445,0.99165,0.99185,9.10,2.40
2007.11.05 08:56:50.767,0.99165,0.99185,9.10,2.40
2007.11.05 08:56:51.354,0.99165,0.99185,9.10,2.40
2007.11.05 08:56:51.976,0.99165,0.99185,9.10,2.40
2007.11.05 08:56:52.702,0.99165,0.99185,9.10,2.40
2007.11.05 08:56:53.013,0.99165,0.99185,9.10,2.40
2007.11.05 08:56:53.494,0.99165,0.99195,9.10,2.40
2007.11.05 08:56:53.827,0.99165,0.99195,9.10,2.40
2007.11.05 08:56:55.451,0.99165,0.99195,9.10,2.40
2007.11.05 08:56:55.729,0.99165,0.99195,2.40,11.20
2007.11.05 08:56:56.006,0.9917,0.99195,0.80,11.20
2007.11.05 08:56:56.339,0.99175,0.992,2.40,8.80
2007.11.05 08:56:57.539,0.99175,0.99205,2.40,16.80
2007.11.05 08:56:57.797,0.9917,0.99195,7.50,2.40
2007.11.05 08:56:58.064,0.9917,0.99195,7.50,2.40
2007.11.05 08:56:58.312,0.99165,0.99195,2.40,8.80
2007.11.05 08:56:58.668,0.99165,0.99195,2.40,8.80
2007.11.05 08:56:58.916,0.99165,0.99195,2.40,8.80
2007.11.05 08:56:59.260,0.99165,0.99195,2.40,11.20
2007.11.05 08:56:59.567,0.99165,0.99195,2.40,11.20
2007.11.05 08:57:00.504,0.99165,0.99195,2.40,11.20
2007.11.05 08:57:03.023,0.99165,0.99195,2.40,15.20
2007.11.05 08:57:05.086,0.99165,0.99195,2.40,15.20
2007.11.05 08:57:05.284,0.99165,0.99195,2.40,15.20
2007.11.05 08:57:06.138,0.99165,0.99195,2.40,15.20
2007.11.05 08:57:07.869,0.99165,0.99195,2.40,15.20
2007.11.05 08:57:08.083,0.99165,0.99195,2.40,15.20
2007.11.05 08:57:08.388,0.99165,0.99195,2.40,15.20
2007.11.05 08:57:08.814,0.99165,0.99195,2.40,15.20
2007.11.05 08:57:09.113,0.99165,0.99195,2.40,15.20
2007.11.05 08:57:09.433,0.99165,0.99195,2.40,15.20
2007.11.05 08:57:10.438,0.99165,0.99195,2.40,15.20
2007.11.05 08:57:11.266,0.99165,0.99195,6.40,15.20
2007.11.05 08:57:11.518,0.99165,0.99205,6.40,16.80
2007.11.05 08:57:13.553,0.99165,0.99205,6.40,16.80
2007.11.05 08:57:14.238,0.99165,0.99205,6.40,16.80
2007.11.05 08:57:14.507,0.99165,0.99205,15.50,16.80
2007.11.05 08:57:14.998,0.99165,0.99205,15.50,16.80
2007.11.05 08:57:15.319,0.99165,0.99195,15.50,0.80
2007.11.05 08:57:15.619,0.99165,0.99205,15.50,16.80
2007.11.05 08:57:16.893,0.99165,0.99195,4.80,0.80
2007.11.05 08:57:17.494,0.99165,0.99195,4.80,0.60
2007.11.05 08:57:18.950,0.99165,0.99195,4.80,0.70
2007.11.05 08:57:19.223,0.99165,0.99205,2.40,16.80
2007.11.05 08:57:19.988,0.99165,0.99195,2.40,0.50
2007.11.05 08:57:20.216,0.99165,0.99205,2.40,16.80
2007.11.05 08:57:20.983,0.99165,0.99205,6.40,30.50
2007.11.05 08:57:22.211,0.99165,0.99205,6.40,30.50
2007.11.05 08:57:22.446,0.99165,0.99195,6.40,0.60
2007.11.05 08:57:25.190,0.99165,0.99195,6.40,0.70
2007.11.05 08:57:25.704,0.99165,0.99195,6.40,0.50
2007.11.05 08:57:25.987,0.99175,0.99195,2.40,0.90
2007.11.05 08:57:26.371,0.99175,0.99205,2.40,16.80
2007.11.05 08:57:27.103,0.99175,0.99205,2.40,16.80
2007.11.05 08:57:29.312,0.9917,0.99195,1.60,0.80
2007.11.05 08:57:29.573,0.9917,0.992,1.60,12.80
2007.11.05 08:57:30.570,0.9917,0.99195,1.60,0.80
2007.11.05 08:57:30.858,0.9917,0.99195,0.80,0.70
2007.11.05 08:57:31.169,0.99165,0.99195,2.40,12.00
2007.11.05 08:57:31.497,0.9917,0.9919,0.80,0.60
2007.11.05 08:57:31.561,0.9917,0.9919,0.80,0.60
2007.11.05 08:57:31.830,0.9917,0.99195,1.60,3.20
2007.11.05 08:57:32.158,0.9917,0.99195,1.60,3.20
2007.11.05 08:57:32.493,0.9917,0.99195,1.60,0.60
2007.11.05 08:57:32.801,0.9917,0.992,1.60,12.80
2007.11.05 08:57:33.060,0.9917,0.992,1.60,12.80
2007.11.05 08:57:33.339,0.9917,0.99195,1.60,0.80
2007.11.05 08:57:33.645,0.9917,0.99195,1.60,0.50
2007.11.05 08:57:34.737,0.9917,0.99195,0.80,0.90
2007.11.05 08:57:34.985,0.99165,0.992,9.10,16.80
2007.11.05 08:57:35.265,0.99165,0.992,9.10,16.80
2007.11.05 08:57:35.568,0.99165,0.99195,9.10,0.60
2007.11.05 08:57:36.157,0.99165,0.99195,9.10,0.60
2007.11.05 08:57:36.437,0.9917,0.99195,1.60,0.50
2007.11.05 08:57:37.337,0.9917,0.992,1.60,16.80
2007.11.05 08:57:38.585,0.9917,0.992,1.60,16.80
2007.11.05 08:57:38.859,0.9917,0.992,0.80,16.80
2007.11.05 08:57:39.414,0.9917,0.992,0.80,16.80
2007.11.05 08:57:39.815,0.9917,0.99195,0.80,7.20
2007.11.05 08:57:40.233,0.9917,0.99195,0.80,7.20
2007.11.05 08:57:40.503,0.9916,0.9919,0.80,8.80
2007.11.05 08:57:41.239,0.99155,0.9919,13.90,8.80
2007.11.05 08:57:42.716,0.99155,0.9919,13.90,8.80
2007.11.05 08:57:43.872,0.99155,0.9919,13.90,8.80
2007.11.05 08:57:44.256,0.99165,0.9919,2.40,8.80
2007.11.05 08:57:44.441,0.99165,0.99195,2.40,9.60
2007.11.05 08:57:45.565,0.99165,0.99195,2.40,9.60
2007.11.05 08:57:46.089,0.99165,0.99195,2.40,9.60
2007.11.05 08:57:46.442,0.99165,0.99195,2.40,8.80
2007.11.05 08:57:46.703,0.9917,0.99195,0.80,8.80
2007.11.05 08:57:47.036,0.99175,0.99195,2.40,8.80
2007.11.05 08:57:47.370,0.9917,0.99195,0.80,8.80
2007.11.05 08:57:47.703,0.9917,0.99195,6.70,2.40
2007.11.05 08:57:47.922,0.9917,0.99195,6.70,2.40
2007.11.05 08:57:48.414,0.9917,0.99195,6.70,2.40
2007.11.05 08:57:49.234,0.9917,0.99195,6.70,2.40
2007.11.05 08:57:49.660,0.99175,0.99195,2.40,2.40
2007.11.05 08:57:50.050,0.99175,0.99195,2.40,2.40
2007.11.05 08:57:50.273,0.99175,0.992,2.40,8.80
2007.11.05 08:57:50.562,0.99175,0.992,2.40,8.80
2007.11.05 08:57:50.786,0.99175,0.99205,2.40,16.00
2007.11.05 08:57:51.192,0.99175,0.99205,2.40,15.20
2007.11.05 08:57:53.180,0.99175,0.99205,2.40,15.20
2007.11.05 08:57:53.459,0.9917,0.99205,8.30,15.20
2007.11.05 08:57:54.011,0.9917,0.992,8.30,8.80
2007.11.05 08:57:54.270,0.9917,0.992,8.30,8.80
2007.11.05 08:57:54.504,0.9917,0.992,0.80,8.80
2007.11.05 08:57:55.566,0.9917,0.992,0.80,8.80
2007.11.05 08:57:55.847,0.99165,0.992,15.50,8.80
2007.11.05 08:57:56.761,0.99165,0.992,16.30,8.80
2007.11.05 08:57:56.974,0.9917,0.992,8.30,8.80
2007.11.05 08:57:57.709,0.9917,0.992,8.30,8.80
2007.11.05 08:57:57.922,0.9918,0.99205,0.80,16.80
2007.11.05 08:57:58.210,0.9918,0.99205,1.60,16.00
2007.11.05 08:58:00.241,0.9918,0.99205,1.60,16.00
2007.11.05 08:58:00.500,0.99175,0.99205,13.90,6.40
2007.11.05 08:58:01.112,0.99175,0.99205,13.90,6.40
2007.11.05 08:58:01.446,0.99175,0.99205,13.90,6.40
2007.11.05 08:58:03.477,0.99175,0.99205,13.90,6.40
2007.11.05 08:58:03.774,0.99175,0.99205,13.90,6.40
2007.11.05 08:58:04.723,0.99175,0.99205,13.90,6.40
2007.11.05 08:58:04.941,0.99175,0.99205,6.40,15.20
2007.11.05 08:58:05.238,0.99175,0.99205,6.40,15.20
2007.11.05 08:58:05.537,0.99175,0.99205,9.10,7.20
2007.11.05 08:58:06.696,0.9917,0.99205,6.70,18.40
2007.11.05 08:58:07.304,0.9917,0.99205,6.70,18.40
2007.11.05 08:58:08.283,0.9917,0.99205,6.70,19.20
2007.11.05 08:58:08.851,0.9917,0.99205,6.70,19.20
2007.11.05 08:58:10.573,0.9917,0.99205,6.70,19.20
2007.11.05 08:58:11.259,0.99175,0.99205,2.40,16.80
2007.11.05 08:58:11.557,0.99175,0.992,2.40,1.60
2007.11.05 08:58:12.094,0.99175,0.992,2.40,1.60
2007.11.05 08:58:12.407,0.99175,0.992,2.40,1.60
2007.11.05 08:58:12.788,0.99175,0.992,2.40,1.60
2007.11.05 08:58:13.760,0.99175,0.992,2.40,1.60
2007.11.05 08:58:13.958,0.99165,0.992,19.50,8.80
2007.11.05 08:58:14.156,0.99165,0.992,19.50,8.80
2007.11.05 08:58:15.560,0.99165,0.992,19.50,8.80
2007.11.05 08:58:16.664,0.99165,0.992,19.50,8.80
2007.11.05 08:58:17.014,0.99175,0.99205,9.10,16.00
2007.11.05 08:58:17.539,0.9917,0.99205,6.70,16.00
2007.11.05 08:58:17.701,0.9917,0.99205,6.70,16.00
2007.11.05 08:58:17.864,0.9917,0.99205,6.70,16.00
2007.11.05 08:58:18.054,0.9917,0.99205,6.70,16.00
2007.11.05 08:58:18.119,0.9917,0.99205,1.10,16.00
2007.11.05 08:58:18.259,0.9917,0.99205,2.80,16.00
2007.11.05 08:58:18.423,0.99165,0.992,1.80,8.80
2007.11.05 08:58:18.632,0.99175,0.992,1.00,8.80
2007.11.05 08:58:18.957,0.99175,0.99205,1.00,15.20
2007.11.05 08:58:19.293,0.99175,0.99205,2.40,15.20
2007.11.05 08:58:19.708,0.99175,0.99205,2.40,15.20
2007.11.05 08:58:19.919,0.99175,0.99205,2.40,15.20
2007.11.05 08:58:20.102,0.99175,0.99205,9.10,6.40
2007.11.05 08:58:20.568,0.99175,0.99205,9.10,6.40
2007.11.05 08:58:21.057,0.99175,0.99205,9.10,6.40
2007.11.05 08:58:21.390,0.99175,0.99205,6.70,8.80
2007.11.05 08:58:21.725,0.9917,0.992,6.70,8.80
2007.11.05 08:58:21.953,0.99165,0.992,16.30,8.80
2007.11.05 08:58:23.960,0.99165,0.992,16.30,8.80
2007.11.05 08:58:24.217,0.99165,0.992,16.30,8.80
2007.11.05 08:58:24.420,0.99165,0.99195,15.50,0.80
2007.11.05 08:58:24.633,0.99165,0.99195,15.50,0.80
2007.11.05 08:58:25.694,0.99165,0.99195,15.50,0.80
2007.11.05 08:58:26.102,0.99165,0.99195,15.50,0.80
2007.11.05 08:58:26.389,0.99165,0.992,15.50,8.80
2007.11.05 08:58:26.649,0.99165,0.99195,11.50,8.80
2007.11.05 08:58:27.069,0.99165,0.99195,9.10,8.80
2007.11.05 08:58:28.003,0.99165,0.99195,9.10,8.80
2007.11.05 08:58:28.211,0.99165,0.99195,9.10,8.80
2007.11.05 08:58:28.596,0.99165,0.99195,9.10,8.80
2007.11.05 08:58:28.804,0.99165,0.99195,9.10,8.80
2007.11.05 08:58:29.413,0.99165,0.99195,9.10,8.80
2007.11.05 08:58:29.691,0.99165,0.99195,13.10,8.80
2007.11.05 08:58:30.697,0.99165,0.99195,13.10,8.80
2007.11.05 08:58:31.391,0.99165,0.99195,13.10,8.80
2007.11.05 08:58:31.694,0.99165,0.99195,15.50,8.80
2007.11.05 08:58:31.898,0.9917,0.992,6.70,8.80
2007.11.05 08:58:32.231,0.9917,0.992,6.70,8.80
2007.11.05 08:58:32.563,0.99165,0.992,16.30,8.80
2007.11.05 08:58:32.897,0.99165,0.992,16.30,8.80
2007.11.05 08:58:33.236,0.99165,0.992,16.30,8.80
2007.11.05 08:58:33.565,0.99165,0.992,16.30,8.80
2007.11.05 08:58:33.946,0.99165,0.992,15.50,8.80
2007.11.05 08:58:34.234,0.99165,0.992,15.50,11.20
2007.11.05 08:58:34.522,0.99165,0.9919,15.50,0.80
2007.11.05 08:58:34.813,0.99165,0.9919,19.50,0.80
2007.11.05 08:58:35.101,0.99165,0.9919,19.50,0.80
2007.11.05 08:58:35.364,0.99165,0.992,20.30,10.40
2007.11.05 08:58:35.627,0.9917,0.992,7.50,1.60
2007.11.05 08:58:35.894,0.9917,0.99205,6.70,16.00
2007.11.05 08:58:36.169,0.9917,0.99205,6.70,16.00
2007.11.05 08:58:36.501,0.99165,0.992,19.50,8.80
2007.11.05 08:58:36.834,0.9917,0.99205,6.70,17.60
2007.11.05 08:58:37.331,0.9917,0.99205,6.70,17.60
2007.11.05 08:58:37.550,0.9917,0.992,6.70,9.60
2007.11.05 08:58:37.768,0.9917,0.99195,6.70,0.80
2007.11.05 08:58:37.986,0.99175,0.99195,4.00,0.80
2007.11.05 08:58:38.267,0.99175,0.99195,4.00,0.80
2007.11.05 08:58:38.663,0.99175,0.99195,4.00,0.80
2007.11.05 08:58:38.940,0.99175,0.99195,6.40,0.80
2007.11.05 08:58:39.600,0.99175,0.99195,6.40,0.80
2007.11.05 08:58:39.819,0.99175,0.99195,8.00,0.80
2007.11.05 08:58:40.036,0.99175,0.99195,8.00,0.80
2007.11.05 08:58:40.339,0.99175,0.99195,10.40,0.80
2007.11.05 08:58:40.691,0.99175,0.99195,10.40,0.80
2007.11.05 08:58:40.993,0.99175,0.99195,10.40,0.80
2007.11.05 08:58:41.325,0.99175,0.99195,12.80,0.80
2007.11.05 08:58:41.659,0.99175,0.99205,20.30,0.80
2007.11.05 08:58:41.993,0.99175,0.99205,20.30,0.80
2007.11.05 08:58:42.287,0.99175,0.99205,20.30,0.80
2007.11.05 08:58:42.326,0.9918,0.9921,6.70,9.60
2007.11.05 08:58:42.524,0.99175,0.99205,20.30,0.80
2007.11.05 08:58:42.773,0.99175,0.9921,20.30,10.40
2007.11.05 08:58:42.972,0.9918,0.9921,6.70,2.40
2007.11.05 08:58:43.170,0.9918,0.9921,6.70,3.20
2007.11.05 08:58:43.494,0.9918,0.99205,6.70,0.80
2007.11.05 08:58:44.342,0.9918,0.9921,6.70,10.40
2007.11.05 08:58:45.173,0.9918,0.9921,6.70,10.40
2007.11.05 08:58:45.402,0.9918,0.9921,6.70,1.60
2007.11.05 08:58:45.629,0.9918,0.99205,6.70,0.80
2007.11.05 08:58:45.857,0.99185,0.99215,2.40,12.00
2007.11.05 08:58:46.085,0.99185,0.99215,2.40,10.40
2007.11.05 08:58:46.419,0.99185,0.9922,2.40,11.20
2007.11.05 08:58:46.779,0.99185,0.99215,9.10,0.90
2007.11.05 08:58:47.517,0.99185,0.99215,9.10,0.90
2007.11.05 08:58:47.846,0.99185,0.9922,9.10,10.40
2007.11.05 08:58:48.144,0.99185,0.9922,9.10,10.40
2007.11.05 08:58:48.467,0.99185,0.9922,9.10,10.40
2007.11.05 08:58:48.770,0.9919,0.99225,6.70,19.20
2007.11.05 08:58:49.252,0.9919,0.99215,6.70,0.80
2007.11.05 08:58:49.616,0.9919,0.99215,6.70,0.80
2007.11.05 08:58:50.127,0.9919,0.9922,6.70,2.40
2007.11.05 08:58:50.473,0.9919,0.9922,6.70,2.40
2007.11.05 08:58:50.716,0.9919,0.9922,6.70,0.70
2007.11.05 08:58:50.959,0.9919,0.9922,6.70,0.80
2007.11.05 08:58:51.203,0.9919,0.99215,6.70,0.90
2007.11.05 08:58:51.790,0.9919,0.9922,6.70,4.00
2007.11.05 08:58:52.717,0.9919,0.99215,6.70,0.70
2007.11.05 08:58:53.009,0.9919,0.9922,6.70,0.80
2007.11.05 08:58:53.232,0.9919,0.9922,6.70,0.90
2007.11.05 08:58:53.505,0.9919,0.9922,6.70,0.80
2007.11.05 08:58:53.779,0.9919,0.99225,6.70,18.40
2007.11.05 08:58:54.052,0.9919,0.9922,6.70,0.70
2007.11.05 08:58:54.325,0.9919,0.99225,6.70,0.70
2007.11.05 08:58:54.656,0.9919,0.99225,6.70,16.80
2007.11.05 08:58:54.964,0.9919,0.9923,6.70,17.60
2007.11.05 08:58:55.273,0.99195,0.99225,6.70,0.60
2007.11.05 08:58:55.622,0.99195,0.9923,6.70,19.20
2007.11.05 08:58:55.883,0.99195,0.99225,6.70,0.60
2007.11.05 08:58:56.134,0.99195,0.99225,6.70,0.90
2007.11.05 08:58:56.667,0.99195,0.9923,6.70,15.20
2007.11.05 08:58:57.109,0.99195,0.99225,6.70,0.60
2007.11.05 08:58:57.444,0.99195,0.9923,6.70,16.80
2007.11.05 08:58:57.664,0.99195,0.9923,6.70,14.40
2007.11.05 08:58:57.916,0.99195,0.9923,6.70,12.80
2007.11.05 08:58:58.134,0.99195,0.9923,6.70,14.40
2007.11.05 08:58:58.765,0.99195,0.9923,6.70,14.40
2007.11.05 08:58:59.044,0.99195,0.99225,6.70,0.80
2007.11.05 08:58:59.322,0.99195,0.9923,6.70,14.40
2007.11.05 08:58:59.609,0.99195,0.9923,6.70,14.40
2007.11.05 08:58:59.919,0.99195,0.99225,6.70,0.80
2007.11.05 08:59:00.445,0.99195,0.99225,6.70,0.90
2007.11.05 08:59:01.595,0.99195,0.9923,6.70,14.40
2007.11.05 08:59:02.207,0.99195,0.9923,9.10,12.00
2007.11.05 08:59:02.943,0.99195,0.99235,13.10,22.40
2007.11.05 08:59:03.243,0.99195,0.99235,13.10,23.20
2007.11.05 08:59:03.464,0.99195,0.99235,9.10,22.40
2007.11.05 08:59:03.767,0.99195,0.99235,13.10,19.20
2007.11.05 08:59:04.409,0.99195,0.9923,13.10,0.60
2007.11.05 08:59:04.722,0.99195,0.9923,13.10,0.80
2007.11.05 08:59:05.279,0.99195,0.99235,13.10,19.20
2007.11.05 08:59:05.538,0.99195,0.9923,9.10,0.90
2007.11.05 08:59:06.013,0.99195,0.9923,9.10,0.50
2007.11.05 08:59:06.275,0.99195,0.9923,9.10,0.70
2007.11.05 08:59:06.843,0.99195,0.9923,9.10,0.80
2007.11.05 08:59:07.470,0.99195,0.99235,13.10,23.20
2007.11.05 08:59:07.803,0.99195,0.99225,13.10,4.00
2007.11.05 08:59:08.201,0.99195,0.9922,13.10,0.80
2007.11.05 08:59:08.379,0.99195,0.99225,6.40,9.60
2007.11.05 08:59:08.556,0.99195,0.99225,10.40,0.80
2007.11.05 08:59:08.819,0.99195,0.9923,10.40,10.40
2007.11.05 08:59:09.153,0.99195,0.99225,10.70,0.80
2007.11.05 08:59:09.487,0.99195,0.99225,19.50,0.80
2007.11.05 08:59:09.821,0.99195,0.99225,15.50,0.80
2007.11.05 08:59:10.049,0.99195,0.99225,11.50,0.80
2007.11.05 08:59:10.277,0.99195,0.99225,11.50,0.80
2007.11.05 08:59:10.504,0.99195,0.99225,13.10,3.20
2007.11.05 08:59:10.743,0.99195,0.99225,13.10,6.40
2007.11.05 08:59:11.001,0.99195,0.9922,13.10,0.80
2007.11.05 08:59:11.259,0.99195,0.9922,6.70,1.60
2007.11.05 08:59:11.517,0.9919,0.9922,6.70,10.40
2007.11.05 08:59:11.799,0.9919,0.9922,6.70,10.40
2007.11.05 08:59:12.132,0.99185,0.9922,20.30,10.40
2007.11.05 08:59:12.466,0.9919,0.99225,9.10,15.20
2007.11.05 08:59:12.940,0.9919,0.99225,6.70,15.20
2007.11.05 08:59:13.265,0.9919,0.99225,6.70,15.20
2007.11.05 08:59:13.803,0.9919,0.99225,6.70,15.20
2007.11.05 08:59:14.122,0.9919,0.9922,6.70,1.60
2007.11.05 08:59:14.612,0.9919,0.9922,6.70,1.60
2007.11.05 08:59:15.698,0.9919,0.9922,6.70,1.60
2007.11.05 08:59:16.680,0.9919,0.9922,6.70,1.60
2007.11.05 08:59:17.193,0.9919,0.9922,6.70,1.60
2007.11.05 08:59:17.597,0.99185,0.9922,20.30,10.40
2007.11.05 08:59:17.805,0.99185,0.9922,16.30,10.40
2007.11.05 08:59:18.113,0.99185,0.9922,16.30,10.40
2007.11.05 08:59:19.088,0.99185,0.9922,15.50,10.40
2007.11.05 08:59:19.361,0.99185,0.99215,4.00,8.80
2007.11.05 08:59:19.683,0.99185,0.9922,13.10,10.40
2007.11.05 08:59:20.180,0.99185,0.9922,13.10,10.40
2007.11.05 08:59:20.413,0.99185,0.9922,10.70,10.40
2007.11.05 08:59:20.682,0.99185,0.9922,10.70,10.40
2007.11.05 08:59:20.915,0.99185,0.9921,6.70,0.80
2007.11.05 08:59:21.647,0.9918,0.99205,6.70,0.80
2007.11.05 08:59:22.111,0.9918,0.99205,6.70,0.80
2007.11.05 08:59:22.295,0.9918,0.992,6.70,0.80
2007.11.05 08:59:22.477,0.99175,0.992,8.80,1.60
2007.11.05 08:59:22.647,0.99175,0.99205,8.80,11.20
2007.11.05 08:59:22.743,0.99175,0.99205,8.80,11.20
2007.11.05 08:59:22.925,0.99175,0.992,8.80,0.80
2007.11.05 08:59:23.109,0.9918,0.99205,6.70,0.80
2007.11.05 08:59:23.411,0.9918,0.99205,6.70,0.80
2007.11.05 08:59:23.755,0.99185,0.9922,6.70,16.80
2007.11.05 08:59:24.102,0.99185,0.99215,6.70,0.70
2007.11.05 08:59:24.374,0.9918,0.9922,6.70,16.80
2007.11.05 08:59:24.675,0.9918,0.9922,6.70,16.80
2007.11.05 08:59:24.913,0.9918,0.9922,6.70,20.80
2007.11.05 08:59:25.151,0.99185,0.9922,6.70,20.80
2007.11.05 08:59:25.410,0.9918,0.9922,6.70,16.80
2007.11.05 08:59:25.694,0.9918,0.9922,6.70,16.80
2007.11.05 08:59:25.952,0.9919,0.9922,6.70,13.60
2007.11.05 08:59:26.209,0.99185,0.9922,6.70,14.40
2007.11.05 08:59:26.545,0.99185,0.99215,6.70,0.50
2007.11.05 08:59:27.125,0.99185,0.9922,6.70,16.80
2007.11.05 08:59:27.450,0.99185,0.99215,6.70,0.60
2007.11.05 08:59:27.787,0.99185,0.99215,6.70,0.50
2007.11.05 08:59:28.176,0.99185,0.9922,6.70,20.80
2007.11.05 08:59:28.384,0.9918,0.99215,6.70,0.80
2007.11.05 08:59:30.697,0.9918,0.9922,6.70,20.80
2007.11.05 08:59:31.026,0.9918,0.99215,6.70,0.70
2007.11.05 08:59:31.259,0.9918,0.9922,6.70,19.20
2007.11.05 08:59:31.934,0.9918,0.9922,6.70,19.20
2007.11.05 08:59:32.267,0.99185,0.99215,6.70,0.80
2007.11.05 08:59:34.032,0.9918,0.99205,6.70,0.80
2007.11.05 08:59:34.106,0.99185,0.99205,6.70,0.60
2007.11.05 08:59:34.142,0.99185,0.99215,6.70,16.00
2007.11.05 08:59:34.169,0.9918,0.9922,6.70,20.80
2007.11.05 08:59:34.738,0.9918,0.9922,6.70,20.80
2007.11.05 08:59:34.897,0.9918,0.99215,6.70,0.60
2007.11.05 08:59:35.207,0.9918,0.99215,6.70,0.60
2007.11.05 08:59:35.541,0.9918,0.99215,6.70,0.60
2007.11.05 08:59:36.201,0.9918,0.9922,6.70,20.80
2007.11.05 08:59:38.073,0.9918,0.9922,6.70,20.80
2007.11.05 08:59:38.393,0.9918,0.9922,6.70,20.00
2007.11.05 08:59:38.690,0.9918,0.9922,6.70,19.20
2007.11.05 08:59:38.999,0.99185,0.99215,6.70,0.80
2007.11.05 08:59:39.533,0.99185,0.99215,6.70,0.70
2007.11.05 08:59:39.776,0.99185,0.99215,6.70,0.90
2007.11.05 08:59:40.147,0.9918,0.99215,6.70,0.60
2007.11.05 08:59:40.473,0.9918,0.99215,6.70,0.90
2007.11.05 08:59:40.762,0.9918,0.9922,6.70,20.80
2007.11.05 08:59:41.264,0.9918,0.99215,6.70,16.00
2007.11.05 08:59:41.620,0.9918,0.99205,6.70,0.50
2007.11.05 08:59:41.953,0.9918,0.99205,6.70,0.60
2007.11.05 08:59:42.286,0.9918,0.99205,6.70,0.80
2007.11.05 08:59:42.540,0.9918,0.99205,6.70,0.50
2007.11.05 08:59:42.806,0.9918,0.99205,6.70,0.90
2007.11.05 08:59:43.060,0.9918,0.99205,6.70,0.70
2007.11.05 08:59:43.313,0.99185,0.99205,6.70,0.90
2007.11.05 08:59:43.575,0.99175,0.9921,12.30,14.40
2007.11.05 08:59:43.838,0.99175,0.9921,13.90,12.80
2007.11.05 08:59:44.102,0.99175,0.9921,13.10,12.80
2007.11.05 08:59:44.694,0.99175,0.99215,19.50,18.40
2007.11.05 08:59:45.008,0.99175,0.9921,15.50,14.40
2007.11.05 08:59:45.649,0.99175,0.9921,15.50,14.40
2007.11.05 08:59:45.874,0.99175,0.9921,13.10,16.80
2007.11.05 08:59:46.178,0.99175,0.99205,13.10,0.90
2007.11.05 08:59:46.690,0.99175,0.9921,13.10,16.80
2007.11.05 08:59:47.023,0.99175,0.9921,13.10,16.80
2007.11.05 08:59:47.831,0.99175,0.99205,15.50,0.50
2007.11.05 08:59:48.015,0.99175,0.99205,13.10,0.50
2007.11.05 08:59:48.205,0.99175,0.9921,13.10,16.80
2007.11.05 08:59:48.397,0.99175,0.9921,9.10,16.80
2007.11.05 08:59:48.931,0.99175,0.99205,9.10,0.60
2007.11.05 08:59:49.556,0.99175,0.9921,9.10,16.80
2007.11.05 08:59:49.868,0.99175,0.99205,9.10,0.60
2007.11.05 08:59:50.192,0.99175,0.9921,11.50,14.40
2007.11.05 08:59:50.445,0.9918,0.9921,6.70,5.60
2007.11.05 08:59:50.700,0.99175,0.99205,17.10,0.80
2007.11.05 08:59:50.944,0.99175,0.99205,17.10,0.90
2007.11.05 08:59:51.187,0.99175,0.9921,13.10,12.80
2007.11.05 08:59:51.443,0.99175,0.9921,13.10,12.80
2007.11.05 08:59:51.686,0.99175,0.9921,9.10,16.80
2007.11.05 08:59:52.019,0.99175,0.99205,9.10,0.60
2007.11.05 08:59:52.352,0.99175,0.99205,9.10,6.40
2007.11.05 08:59:52.691,0.99175,0.99205,9.10,6.40
2007.11.05 08:59:52.947,0.99175,0.99205,13.10,6.40
2007.11.05 08:59:53.215,0.99175,0.99205,13.10,6.40
2007.11.05 08:59:53.532,0.99175,0.99205,9.10,6.40
2007.11.05 08:59:53.781,0.99175,0.99205,9.10,6.40
2007.11.05 08:59:54.021,0.99175,0.99205,6.70,6.40
2007.11.05 08:59:54.334,0.99175,0.99205,10.70,6.40
2007.11.05 08:59:54.745,0.9918,0.99205,6.70,4.00
2007.11.05 08:59:55.228,0.99175,0.99205,15.50,4.00
2007.11.05 08:59:55.541,0.99175,0.99205,9.10,4.80
2007.11.05 08:59:55.854,0.99175,0.992,2.40,0.80
2007.11.05 08:59:56.097,0.99175,0.992,2.40,1.60
2007.11.05 08:59:56.340,0.99175,0.992,2.40,1.60
2007.11.05 08:59:56.583,0.99175,0.992,2.40,1.60
2007.11.05 08:59:56.831,0.99175,0.992,8.80,1.60
2007.11.05 08:59:57.165,0.99175,0.992,4.80,1.60
2007.11.05 08:59:57.675,0.99175,0.992,8.80,1.60
2007.11.05 08:59:57.872,0.99175,0.992,6.40,1.60
2007.11.05 08:59:58.070,0.99175,0.992,4.00,1.60
2007.11.05 08:59:58.276,0.99175,0.992,15.50,0.80
2007.11.05 08:59:58.473,0.9918,0.99205,6.70,0.80
