2017.05.31 23:00:00.604,1.14465,1.14484,1.25,1.00
2017.05.31 23:00:00.889,1.14464,1.14489,1.35,2.44
2017.05.31 23:00:01.362,1.14464,1.14489,1.60,1.00
2017.05.31 23:00:01.760,1.14464,1.14492,1.60,1.76
2017.05.31 23:00:01.880,1.1447,1.14489,1.00,1.00
2017.05.31 23:00:01.931,1.14469,1.14491,1.00,1.00
2017.05.31 23:00:04.388,1.1447,1.14491,1.00,1.50
2017.05.31 23:00:04.804,1.14467,1.14484,1.00,1.00
2017.05.31 23:00:04.855,1.14465,1.14484,1.00,1.00
2017.05.31 23:00:05.336,1.14463,1.14482,1.00,1.00
2017.05.31 23:00:05.558,1.14461,1.14483,1.25,2.62
2017.05.31 23:00:05.935,1.14461,1.14481,1.00,1.50
2017.05.31 23:00:06.240,1.14457,1.14478,1.00,2.81
2017.05.31 23:00:06.291,1.14455,1.14469,1.19,1.00
2017.05.31 23:00:06.342,1.14455,1.14471,1.19,1.00
2017.05.31 23:00:06.393,1.14455,1.14468,1.19,1.00
2017.05.31 23:00:08.494,1.1446,1.14476,1.00,1.00
2017.05.31 23:00:08.546,1.14462,1.14474,1.05,1.00
2017.05.31 23:00:08.597,1.14467,1.14482,1.19,1.12
2017.05.31 23:00:08.649,1.14467,1.14487,1.19,1.00
2017.05.31 23:00:08.700,1.14471,1.14486,1.19,1.00
2017.05.31 23:00:08.802,1.14467,1.14486,1.19,1.00
2017.05.31 23:00:09.353,1.14467,1.14485,1.19,1.00
2017.05.31 23:00:10.371,1.14467,1.14484,1.19,1.00
2017.05.31 23:00:10.895,1.14469,1.14485,1.19,1.87
2017.05.31 23:00:11.436,1.14469,1.14484,1.19,1.00
2017.05.31 23:00:12.118,1.14469,1.14485,1.19,1.87
2017.05.31 23:00:21.410,1.14465,1.14485,1.19,1.12
2017.05.31 23:00:22.600,1.14465,1.14484,1.19,1.00
2017.05.31 23:00:24.571,1.14465,1.14485,1.69,1.12
2017.05.31 23:00:27.969,1.14465,1.14483,1.69,1.00
2017.05.31 23:00:28.721,1.14465,1.14484,1.69,1.00
2017.05.31 23:00:33.577,1.14465,1.14476,1.54,1.00
2017.05.31 23:00:36.035,1.14465,1.14475,1.54,1.00
2017.05.31 23:00:36.644,1.14464,1.14474,2.29,1.00
2017.05.31 23:00:40.299,1.14465,1.14475,1.54,1.00
2017.05.31 23:00:46.977,1.14462,1.14472,1.54,1.00
2017.05.31 23:00:47.125,1.1446,1.1447,1.19,1.00
2017.05.31 23:00:47.278,1.14462,1.14472,1.19,1.00
2017.05.31 23:00:47.380,1.14459,1.14469,1.31,1.00
2017.05.31 23:00:50.303,1.1446,1.14471,1.19,1.00
2017.05.31 23:00:50.354,1.1446,1.14471,1.69,1.00
2017.05.31 23:00:54.428,1.1446,1.14482,1.19,1.12
2017.05.31 23:00:55.646,1.14461,1.14484,1.91,1.00
2017.05.31 23:00:55.698,1.14467,1.14488,1.54,1.87
2017.05.31 23:00:56.063,1.14468,1.14488,1.00,1.12
2017.05.31 23:00:57.505,1.14468,1.14492,1.54,1.31
2017.05.31 23:00:59.521,1.14468,1.14492,2.29,1.12
2017.05.31 23:01:01.748,1.14472,1.14491,1.25,1.00
2017.05.31 23:01:01.973,1.14472,1.14493,1.25,1.50
2017.05.31 23:01:03.498,1.14472,1.14492,1.25,1.00
2017.05.31 23:01:04.565,1.14472,1.14493,1.25,1.00
2017.05.31 23:01:06.504,1.14475,1.14495,1.25,2.62
2017.05.31 23:01:06.805,1.14477,1.14495,1.00,1.00
2017.05.31 23:01:06.857,1.14475,1.14495,1.00,1.00
2017.05.31 23:01:07.212,1.14475,1.14493,1.00,1.00
2017.05.31 23:01:09.681,1.14475,1.14491,1.00,1.00
2017.05.31 23:01:13.081,1.14475,1.14493,1.00,1.00
2017.05.31 23:01:13.133,1.14478,1.14497,1.25,1.00
2017.05.31 23:01:13.184,1.14478,1.14495,1.25,1.00
2017.05.31 23:01:13.635,1.14473,1.14495,1.50,1.00
2017.05.31 23:01:14.169,1.14473,1.14496,1.00,1.50
2017.05.31 23:01:15.420,1.14473,1.14489,1.00,1.00
2017.05.31 23:01:16.200,1.14475,1.14493,1.69,1.00
2017.05.31 23:01:16.712,1.14476,1.14493,1.00,1.00
2017.05.31 23:01:17.420,1.14475,1.14493,1.69,1.00
2017.05.31 23:01:19.510,1.14476,1.14491,1.00,1.00
2017.05.31 23:01:21.003,1.14475,1.14486,1.50,1.00
2017.05.31 23:01:21.138,1.14475,1.14488,1.00,1.00
2017.05.31 23:01:21.709,1.14475,1.14489,1.25,1.00
2017.05.31 23:01:21.811,1.14475,1.14491,1.25,1.00
2017.05.31 23:01:22.562,1.14475,1.14492,1.25,1.00
2017.05.31 23:01:22.664,1.14478,1.14492,1.00,1.00
2017.05.31 23:01:31.321,1.14477,1.1449,1.00,1.00
2017.05.31 23:01:31.474,1.14474,1.1449,1.69,1.00
2017.05.31 23:01:31.525,1.14476,1.1449,1.25,1.00
2017.05.31 23:01:31.628,1.14479,1.14494,1.00,1.00
2017.05.31 23:01:31.933,1.14479,1.14492,1.00,1.00
2017.05.31 23:01:32.670,1.14479,1.14491,1.00,1.00
2017.05.31 23:01:33.207,1.14479,1.14492,1.00,1.00
2017.05.31 23:01:37.842,1.14476,1.14492,1.25,1.00
2017.05.31 23:01:38.348,1.14476,1.14491,1.25,1.00
2017.05.31 23:01:39.274,1.14476,1.14483,1.25,1.00
2017.05.31 23:01:40.137,1.14476,1.14484,1.25,1.00
2017.05.31 23:01:40.646,1.14475,1.14484,1.00,1.00
2017.05.31 23:01:41.013,1.14475,1.14483,1.60,1.00
2017.05.31 23:01:41.266,1.14475,1.14483,1.35,1.00
2017.05.31 23:01:41.370,1.14474,1.14481,1.00,1.00
2017.05.31 23:01:44.319,1.14475,1.14482,1.00,1.00
2017.05.31 23:01:44.370,1.14475,1.14484,1.00,1.00
2017.05.31 23:01:44.574,1.14477,1.14485,1.54,1.00
2017.05.31 23:01:44.627,1.14477,1.14487,1.54,1.00
2017.05.31 23:01:45.247,1.14477,1.14493,1.54,1.00
2017.05.31 23:01:45.758,1.14477,1.14494,1.85,1.00
2017.05.31 23:01:45.865,1.14477,1.14496,1.25,1.50
2017.05.31 23:01:45.919,1.14477,1.14494,1.25,1.00
2017.05.31 23:01:46.526,1.14478,1.14493,1.00,1.00
2017.05.31 23:01:48.083,1.14478,1.14495,1.25,1.00
2017.05.31 23:01:48.134,1.14479,1.14498,1.00,1.00
2017.05.31 23:01:48.236,1.14481,1.14497,1.00,1.00
2017.05.31 23:01:48.838,1.14481,1.14498,1.00,1.00
2017.05.31 23:01:49.392,1.14481,1.14499,1.00,1.50
2017.05.31 23:01:49.974,1.14481,1.14497,1.00,1.00
2017.05.31 23:01:50.026,1.14481,1.14499,1.00,1.50
2017.05.31 23:01:50.231,1.14477,1.14499,1.54,1.25
2017.05.31 23:01:51.443,1.14478,1.14497,1.00,1.00
2017.05.31 23:01:51.547,1.14475,1.14496,1.69,1.25
2017.05.31 23:01:52.076,1.14476,1.14497,1.00,1.19
2017.05.31 23:01:52.762,1.14475,1.14497,1.85,1.19
2017.05.31 23:01:52.881,1.14475,1.14497,1.54,1.19
2017.05.31 23:01:53.549,1.14475,1.14495,1.54,1.00
2017.05.31 23:01:54.100,1.14474,1.14496,1.69,1.25
2017.05.31 23:01:54.868,1.14476,1.14496,1.00,1.25
2017.05.31 23:01:55.948,1.14478,1.14498,1.00,2.44
2017.05.31 23:01:56.798,1.14479,1.14497,1.00,1.19
2017.05.31 23:01:57.103,1.14476,1.14495,1.00,1.00
2017.05.31 23:01:57.779,1.14476,1.14496,1.00,1.25
2017.05.31 23:01:58.782,1.14476,1.14494,1.00,1.00
2017.05.31 23:02:00.798,1.14475,1.14494,1.00,1.69
2017.05.31 23:02:02.607,1.14476,1.14495,1.00,1.19
2017.05.31 23:02:03.204,1.14477,1.14496,1.00,1.19
2017.05.31 23:02:03.850,1.14476,1.14496,1.00,1.19
2017.05.31 23:02:04.540,1.14477,1.14495,1.00,1.19
2017.05.31 23:02:04.871,1.14479,1.14495,1.00,1.19
2017.05.31 23:02:05.898,1.14477,1.14495,1.00,1.19
2017.05.31 23:02:06.467,1.14478,1.14495,1.00,1.19
2017.05.31 23:02:08.726,1.14475,1.14493,1.00,1.00
2017.05.31 23:02:08.932,1.14474,1.1449,1.00,1.00
2017.05.31 23:02:08.984,1.14472,1.1449,1.00,1.25
2017.05.31 23:02:09.137,1.1447,1.14488,1.00,1.00
2017.05.31 23:02:11.917,1.14469,1.14488,1.00,1.00
2017.05.31 23:02:12.129,1.14467,1.14488,1.25,1.00
2017.05.31 23:02:18.924,1.14471,1.14488,1.00,1.00
2017.05.31 23:02:28.618,1.14471,1.14487,1.00,1.00
2017.05.31 23:02:50.635,1.14471,1.14487,1.00,1.31
2017.05.31 23:02:51.287,1.14471,1.14482,1.00,1.25
2017.05.31 23:02:54.426,1.1447,1.14482,1.00,1.25
2017.05.31 23:02:55.669,1.14471,1.14482,1.00,1.25
2017.05.31 23:03:04.140,1.1447,1.14482,1.00,1.25
2017.05.31 23:03:12.847,1.1447,1.14483,1.00,1.25
2017.05.31 23:03:22.577,1.14469,1.14483,1.00,1.25
2017.05.31 23:03:23.158,1.1447,1.14483,1.00,1.25
2017.05.31 23:03:23.871,1.1447,1.14482,1.00,1.25
2017.05.31 23:03:24.017,1.1447,1.14486,1.00,1.19
2017.05.31 23:03:36.068,1.14467,1.14486,1.00,1.19
2017.05.31 23:03:42.596,1.14466,1.14486,1.00,1.19
2017.05.31 23:03:42.648,1.14468,1.14486,1.00,1.19
2017.05.31 23:03:43.440,1.14465,1.14486,1.50,1.69
2017.05.31 23:03:43.795,1.14464,1.14483,1.00,1.19
2017.05.31 23:03:43.897,1.14462,1.14483,1.00,1.19
2017.05.31 23:03:43.999,1.1446,1.14482,1.00,1.69
2017.05.31 23:03:44.051,1.14458,1.1448,1.50,1.19
2017.05.31 23:03:44.560,1.14458,1.14478,1.50,1.69
2017.05.31 23:03:45.630,1.14456,1.14478,1.50,1.19
2017.05.31 23:03:46.933,1.14457,1.14478,1.00,1.19
2017.05.31 23:03:48.131,1.1446,1.14479,1.00,1.00
2017.05.31 23:03:48.550,1.14458,1.14479,1.00,1.00
2017.05.31 23:03:49.453,1.14457,1.14479,1.50,1.50
2017.05.31 23:03:50.144,1.14457,1.14478,1.00,1.00
2017.05.31 23:03:50.247,1.14459,1.14478,1.00,1.00
2017.05.31 23:03:50.848,1.1446,1.14478,1.00,1.00
2017.05.31 23:03:51.431,1.14458,1.14478,1.00,1.00
2017.05.31 23:03:53.099,1.14456,1.14475,1.00,1.00
2017.05.31 23:03:53.647,1.14455,1.14476,1.00,1.69
2017.05.31 23:04:01.836,1.14454,1.14475,1.00,1.19
2017.05.31 23:04:02.436,1.14454,1.14473,1.00,1.00
2017.05.31 23:04:03.097,1.14453,1.14473,1.00,1.00
2017.05.31 23:04:04.903,1.1445,1.1447,1.00,1.00
2017.05.31 23:04:04.954,1.14448,1.1447,1.00,1.19
2017.05.31 23:04:05.873,1.14448,1.14468,1.00,1.00
2017.05.31 23:04:09.951,1.14447,1.14467,1.00,1.00
2017.05.31 23:04:13.874,1.14447,1.14469,1.00,2.06
2017.05.31 23:04:23.850,1.14447,1.14468,1.00,1.19
2017.05.31 23:04:28.628,1.14448,1.14468,1.00,1.19
2017.05.31 23:04:28.964,1.1445,1.14469,1.00,2.81
2017.05.31 23:04:29.065,1.14451,1.14469,1.00,2.06
2017.05.31 23:04:29.390,1.14448,1.14469,1.00,2.06
2017.05.31 23:04:33.327,1.1445,1.1447,1.00,1.69
2017.05.31 23:04:33.379,1.14448,1.14469,1.00,1.19
2017.05.31 23:04:33.585,1.14451,1.14469,1.00,1.19
2017.05.31 23:04:33.636,1.14449,1.14469,1.00,1.19
2017.05.31 23:04:37.033,1.14448,1.14468,1.00,1.25
2017.05.31 23:04:39.637,1.14449,1.14468,1.00,1.25
2017.05.31 23:04:40.140,1.14448,1.14468,1.00,1.25
2017.05.31 23:04:40.293,1.1445,1.14468,1.00,1.25
2017.05.31 23:04:40.481,1.14447,1.14468,1.00,1.25
2017.05.31 23:04:42.173,1.14448,1.14468,1.00,1.25
2017.05.31 23:04:42.224,1.14451,1.14468,1.00,1.25
2017.05.31 23:04:44.507,1.14449,1.14468,1.00,1.25
2017.05.31 23:04:44.693,1.14449,1.14468,1.00,1.69
2017.05.31 23:04:45.910,1.1445,1.14467,1.00,1.19
2017.05.31 23:04:45.961,1.14448,1.14467,1.00,1.19
2017.05.31 23:04:47.930,1.1445,1.14468,1.00,1.19
2017.05.31 23:04:51.766,1.14449,1.14467,1.00,1.19
2017.05.31 23:04:52.087,1.14451,1.14467,1.00,1.19
2017.05.31 23:04:55.042,1.14449,1.14467,1.00,1.19
2017.05.31 23:04:56.727,1.14447,1.14468,1.00,1.69
2017.05.31 23:04:57.317,1.14446,1.14467,1.00,1.19
2017.05.31 23:04:58.001,1.14445,1.14467,1.00,1.19
2017.05.31 23:05:01.133,1.14444,1.14463,1.00,1.00
2017.05.31 23:05:01.439,1.14439,1.14458,1.00,1.19
2017.05.31 23:05:01.591,1.14437,1.14458,1.00,1.19
2017.05.31 23:05:01.795,1.14435,1.14458,1.00,1.19
2017.05.31 23:05:01.846,1.14437,1.14458,1.00,1.19
2017.05.31 23:05:02.420,1.14437,1.14456,1.00,1.00
2017.05.31 23:05:12.337,1.14436,1.14456,1.00,1.00
2017.05.31 23:05:12.645,1.14438,1.14456,1.00,1.00
2017.05.31 23:05:13.468,1.14444,1.14457,1.00,1.00
2017.05.31 23:05:13.570,1.14444,1.1446,1.00,1.00
2017.05.31 23:05:13.773,1.14439,1.14459,1.00,1.00
2017.05.31 23:05:13.924,1.14439,1.14461,1.00,1.25
2017.05.31 23:05:13.975,1.14439,1.14461,1.69,1.00
2017.05.31 23:05:15.122,1.1444,1.1446,1.19,1.00
2017.05.31 23:05:15.432,1.14442,1.14463,1.19,1.50
2017.05.31 23:05:15.743,1.14442,1.14461,1.19,1.00
2017.05.31 23:05:23.554,1.14442,1.1446,1.69,1.00
2017.05.31 23:05:25.523,1.14443,1.1446,1.25,1.00
2017.05.31 23:05:26.025,1.14442,1.1446,1.25,1.00
2017.05.31 23:05:27.748,1.14442,1.14461,1.25,1.00
2017.05.31 23:05:32.938,1.14439,1.1446,1.00,1.00
2017.05.31 23:05:35.237,1.14442,1.1446,1.00,1.00
2017.05.31 23:05:36.040,1.14442,1.14459,1.00,1.00
2017.05.31 23:05:38.470,1.14439,1.14459,1.00,1.12
2017.05.31 23:05:46.298,1.14441,1.14461,1.00,1.69
2017.05.31 23:05:46.451,1.14448,1.14467,1.00,1.25
2017.05.31 23:05:46.655,1.14454,1.14468,1.00,1.12
2017.05.31 23:05:46.758,1.14455,1.14472,1.00,1.25
2017.05.31 23:05:51.966,1.14453,1.14473,1.35,2.06
2017.05.31 23:05:53.121,1.14452,1.14471,1.00,1.50
2017.05.31 23:05:53.172,1.1445,1.1447,1.00,1.00
2017.05.31 23:05:53.844,1.1445,1.14469,1.00,1.25
2017.05.31 23:05:56.140,1.14449,1.14469,1.00,1.25
2017.05.31 23:05:57.668,1.14451,1.14471,1.00,1.69
2017.05.31 23:05:57.720,1.14451,1.14471,1.50,1.00
2017.05.31 23:05:58.227,1.14451,1.14474,1.00,2.06
2017.05.31 23:05:58.526,1.14453,1.14475,1.69,2.06
2017.05.31 23:05:58.832,1.14458,1.14477,1.00,1.25
2017.05.31 23:05:58.934,1.14455,1.14476,1.00,1.25
2017.05.31 23:05:59.549,1.14455,1.14475,1.00,1.00
2017.05.31 23:06:01.041,1.14455,1.14474,1.00,1.00
2017.05.31 23:06:02.530,1.14452,1.14474,1.19,1.50
2017.05.31 23:06:05.395,1.14451,1.14474,1.00,1.69
2017.05.31 23:06:05.446,1.1445,1.14472,2.81,1.00
2017.05.31 23:06:16.128,1.14448,1.14468,1.12,1.00
2017.05.31 23:06:16.686,1.14447,1.14468,1.05,1.50
2017.05.31 23:06:22.447,1.14451,1.14469,1.00,1.25
2017.05.31 23:06:22.498,1.14446,1.14469,1.31,1.69
2017.05.31 23:06:23.076,1.14446,1.14468,1.00,1.00
2017.05.31 23:06:23.622,1.14447,1.14468,1.00,1.00
2017.05.31 23:06:27.747,1.14449,1.14468,1.00,1.00
2017.05.31 23:06:27.849,1.14448,1.1447,1.00,1.00
2017.05.31 23:06:28.359,1.14449,1.14471,1.00,1.69
2017.05.31 23:06:29.122,1.1445,1.14471,1.00,1.69
2017.05.31 23:06:29.944,1.14449,1.1447,1.00,1.00
2017.05.31 23:06:30.691,1.1445,1.14471,1.00,1.69
2017.05.31 23:06:33.878,1.14448,1.1447,1.00,1.50
2017.05.31 23:06:34.030,1.14446,1.14469,1.50,1.00
2017.05.31 23:06:34.652,1.14446,1.14468,1.50,1.00
2017.05.31 23:06:37.525,1.14446,1.14469,2.81,1.00
2017.05.31 23:06:40.398,1.14446,1.14467,2.06,1.00
2017.05.31 23:06:40.924,1.14446,1.14468,2.06,1.00
2017.05.31 23:06:49.856,1.14446,1.14467,2.06,1.00
2017.05.31 23:06:50.907,1.14448,1.14468,1.00,1.00
2017.05.31 23:06:50.959,1.14446,1.14469,2.66,1.00
2017.05.31 23:06:51.499,1.14446,1.14468,2.06,1.00
2017.05.31 23:06:55.847,1.14446,1.14468,2.06,1.00
2017.05.31 23:07:05.261,1.14446,1.14465,1.12,1.00
2017.05.31 23:07:05.363,1.14444,1.14464,1.00,1.00
2017.05.31 23:07:05.414,1.14444,1.14462,1.00,1.00
2017.05.31 23:07:05.669,1.14444,1.14464,1.00,1.00
2017.05.31 23:07:06.220,1.14445,1.14465,1.00,1.00
2017.05.31 23:07:07.341,1.14443,1.14464,1.00,1.00
2017.05.31 23:07:07.701,1.14442,1.1446,2.06,1.00
2017.05.31 23:07:09.556,1.14442,1.14461,1.31,1.87
2017.05.31 23:07:09.932,1.14443,1.14464,1.19,1.87
2017.05.31 23:07:10.034,1.14443,1.14464,1.19,1.00
2017.05.31 23:07:10.474,1.14441,1.14463,1.69,1.50
2017.05.31 23:07:10.526,1.14441,1.1446,1.25,1.00
2017.05.31 23:07:10.628,1.14439,1.1446,1.25,1.00
2017.05.31 23:07:11.683,1.14437,1.14458,2.06,1.00
2017.05.31 23:07:11.734,1.14436,1.14457,1.25,1.00
2017.05.31 23:07:12.530,1.14436,1.14456,1.25,1.00
2017.05.31 23:07:13.068,1.14436,1.14457,1.25,1.00
2017.05.31 23:07:13.445,1.14436,1.14455,1.00,1.00
2017.05.31 23:07:13.496,1.14434,1.14455,1.12,1.00
2017.05.31 23:07:13.882,1.14435,1.14458,1.00,1.25
2017.05.31 23:07:14.405,1.14436,1.14458,1.00,1.25
2017.05.31 23:07:16.098,1.14435,1.14456,1.00,1.00
2017.05.31 23:07:18.078,1.14435,1.14457,1.00,1.00
2017.05.31 23:07:18.585,1.14435,1.14459,1.00,2.06
2017.05.31 23:07:19.074,1.14437,1.14459,1.00,2.06
2017.05.31 23:07:19.239,1.14435,1.14459,1.00,2.06
2017.05.31 23:07:19.290,1.14438,1.14459,1.00,1.87
2017.05.31 23:07:20.078,1.14435,1.14457,1.19,1.50
2017.05.31 23:07:20.130,1.14434,1.14456,1.87,1.00
2017.05.31 23:07:20.750,1.14435,1.14456,1.00,2.25
2017.05.31 23:07:25.248,1.14434,1.14456,1.87,2.25
2017.05.31 23:07:28.143,1.14434,1.14456,1.31,1.00
2017.05.31 23:07:28.297,1.14435,1.14458,1.25,1.00
2017.05.31 23:07:29.410,1.14435,1.14458,1.19,1.00
2017.05.31 23:07:29.980,1.14435,1.14458,1.19,1.00
2017.05.31 23:07:31.393,1.14439,1.14461,1.25,2.62
2017.05.31 23:07:32.054,1.14439,1.1446,1.69,1.00
2017.05.31 23:07:32.756,1.14439,1.14461,1.69,1.12
2017.05.31 23:07:37.107,1.14439,1.1446,1.25,1.00
2017.05.31 23:07:37.622,1.14439,1.14461,1.25,2.62
2017.05.31 23:07:38.973,1.1444,1.14461,1.00,1.12
2017.05.31 23:07:39.646,1.14439,1.14461,1.00,2.06
2017.05.31 23:07:40.306,1.14439,1.1446,1.00,1.00
2017.05.31 23:07:43.921,1.14438,1.14459,1.31,1.50
2017.05.31 23:07:44.124,1.14438,1.14457,1.12,1.00
2017.05.31 23:07:44.929,1.14438,1.14458,1.12,1.00
2017.05.31 23:07:46.632,1.14438,1.14459,1.12,1.50
2017.05.31 23:07:49.700,1.14438,1.14456,1.12,1.00
2017.05.31 23:07:51.804,1.14436,1.14456,1.69,1.00
2017.05.31 23:07:52.463,1.14438,1.14456,1.25,1.00
2017.05.31 23:07:53.198,1.14438,1.14457,1.25,1.00
2017.05.31 23:07:54.119,1.14437,1.14457,1.00,1.00
2017.05.31 23:08:00.631,1.14437,1.14457,1.19,1.00
2017.05.31 23:08:01.154,1.14437,1.14457,1.25,1.00
2017.05.31 23:08:02.117,1.14437,1.14456,1.25,1.00
2017.05.31 23:08:18.430,1.14437,1.14457,1.69,1.00
2017.05.31 23:08:19.859,1.14437,1.14456,1.25,1.00
2017.05.31 23:08:26.496,1.14437,1.14456,1.19,1.00
2017.05.31 23:08:30.647,1.14437,1.14456,1.25,1.00
2017.05.31 23:08:32.667,1.14435,1.14458,2.06,1.50
2017.05.31 23:08:33.211,1.14436,1.14457,1.19,1.00
2017.05.31 23:08:35.446,1.14439,1.14458,1.00,2.25
2017.05.31 23:08:37.516,1.1444,1.14458,1.00,1.50
2017.05.31 23:08:39.069,1.14439,1.14458,1.25,1.50
2017.05.31 23:08:40.005,1.14436,1.14456,1.19,1.00
2017.05.31 23:08:40.859,1.14438,1.14457,1.25,1.00
2017.05.31 23:08:41.164,1.14435,1.14453,2.06,1.00
2017.05.31 23:08:41.369,1.14435,1.14453,1.31,1.00
2017.05.31 23:08:41.681,1.14432,1.1445,1.00,1.00
2017.05.31 23:08:42.205,1.14431,1.1445,1.31,1.00
2017.05.31 23:08:44.362,1.14432,1.14452,1.19,1.00
2017.05.31 23:08:44.664,1.14429,1.14448,1.19,1.00
2017.05.31 23:08:49.745,1.14429,1.14446,1.19,1.00
2017.05.31 23:08:50.070,1.14428,1.14443,1.31,1.00
2017.05.31 23:08:50.121,1.14428,1.14443,1.12,1.00
2017.05.31 23:08:50.326,1.14424,1.1444,1.19,1.00
2017.05.31 23:08:50.377,1.14423,1.1444,1.12,1.00
2017.05.31 23:08:50.479,1.1442,1.14439,1.87,1.00
2017.05.31 23:08:51.066,1.1442,1.14438,1.12,1.00
2017.05.31 23:08:51.675,1.14416,1.14434,1.19,1.00
2017.05.31 23:08:51.931,1.14415,1.14433,1.87,1.00
2017.05.31 23:08:52.032,1.14415,1.14437,1.87,1.25
2017.05.31 23:08:52.383,1.14415,1.14437,1.12,1.69
2017.05.31 23:08:52.930,1.14414,1.14436,1.25,1.19
2017.05.31 23:08:53.748,1.14415,1.14437,1.00,2.81
2017.05.31 23:08:54.258,1.14416,1.14438,1.69,1.25
2017.05.31 23:08:55.165,1.14421,1.14441,1.00,1.31
2017.05.31 23:08:55.688,1.14422,1.14444,1.00,2.44
2017.05.31 23:08:56.495,1.14423,1.14444,1.00,1.69
2017.05.31 23:08:56.547,1.14421,1.14443,1.25,1.69
2017.05.31 23:08:56.598,1.14421,1.1444,1.25,1.00
2017.05.31 23:09:03.948,1.14417,1.14437,1.19,1.00
2017.05.31 23:09:04.600,1.14417,1.14438,1.19,1.50
2017.05.31 23:09:09.833,1.14418,1.14439,1.19,1.00
2017.05.31 23:09:10.191,1.14419,1.1444,1.19,1.00
2017.05.31 23:09:14.650,1.14419,1.1444,1.00,1.00
2017.05.31 23:09:16.633,1.14419,1.14437,1.00,1.00
2017.05.31 23:09:19.935,1.14419,1.14439,1.00,1.19
2017.05.31 23:09:20.263,1.14419,1.14435,1.00,1.00
2017.05.31 23:09:20.530,1.14418,1.14438,1.12,1.25
2017.05.31 23:09:21.203,1.14418,1.14437,1.87,1.00
2017.05.31 23:09:24.397,1.14422,1.14437,1.00,1.00
2017.05.31 23:09:24.499,1.14422,1.1444,1.00,1.50
2017.05.31 23:09:24.550,1.14422,1.14442,1.00,1.00
2017.05.31 23:09:24.601,1.14425,1.14443,1.25,1.87
2017.05.31 23:09:24.805,1.14427,1.14446,1.25,1.00
2017.05.31 23:09:25.382,1.14427,1.14448,1.25,2.06
2017.05.31 23:09:27.510,1.14429,1.14448,1.25,1.00
2017.05.31 23:09:27.663,1.14429,1.1445,1.25,1.00
2017.05.31 23:09:27.714,1.14431,1.14451,1.00,2.44
2017.05.31 23:09:28.313,1.14431,1.14451,1.25,1.12
2017.05.31 23:09:28.629,1.14433,1.14451,1.00,1.12
2017.05.31 23:09:29.656,1.14434,1.14451,1.00,1.12
2017.05.31 23:09:30.393,1.14433,1.14451,1.00,1.12
2017.05.31 23:09:30.944,1.14432,1.14451,1.00,1.12
2017.05.31 23:09:39.713,1.14432,1.14452,1.00,1.00
2017.05.31 23:09:50.888,1.1443,1.14452,1.50,1.69
2017.05.31 23:10:01.699,1.14428,1.14452,2.81,1.25
2017.05.31 23:10:04.020,1.1443,1.14452,1.00,1.25
2017.05.31 23:10:04.523,1.14429,1.14452,1.25,1.25
2017.05.31 23:10:05.066,1.14429,1.14451,1.69,1.00
2017.05.31 23:10:05.721,1.14429,1.14452,1.69,1.25
2017.05.31 23:10:06.699,1.1443,1.14452,1.00,1.25
2017.05.31 23:10:08.474,1.14429,1.14452,1.25,1.25
2017.05.31 23:10:12.360,1.1443,1.14452,1.00,1.25
2017.05.31 23:10:12.889,1.14429,1.14452,1.25,1.69
2017.05.31 23:10:21.807,1.14428,1.14451,1.31,1.25
2017.05.31 23:10:22.512,1.14428,1.1445,1.12,1.00
2017.05.31 23:10:30.131,1.14431,1.1445,1.00,1.00
2017.05.31 23:10:31.226,1.14431,1.14451,1.00,1.69
2017.05.31 23:10:32.223,1.14431,1.14451,1.00,2.44
2017.05.31 23:10:49.746,1.14431,1.1445,1.00,1.25
2017.05.31 23:10:51.119,1.14433,1.1445,1.00,1.25
2017.05.31 23:10:51.273,1.14434,1.14452,1.00,1.25
2017.05.31 23:10:51.324,1.14437,1.14453,1.00,1.31
2017.05.31 23:10:53.145,1.14437,1.14452,1.00,1.00
2017.05.31 23:10:57.868,1.14435,1.14452,1.00,1.00
2017.05.31 23:11:03.445,1.14434,1.14453,1.00,1.25
2017.05.31 23:11:03.496,1.14436,1.14452,1.00,1.00
2017.05.31 23:11:03.806,1.14435,1.1445,1.00,1.00
2017.05.31 23:11:05.791,1.14435,1.14449,1.00,1.00
2017.05.31 23:11:08.786,1.14435,1.1445,1.00,1.00
2017.05.31 23:11:08.949,1.14433,1.14449,1.00,1.00
2017.05.31 23:11:09.000,1.14432,1.14447,1.00,1.00
2017.05.31 23:11:09.052,1.14432,1.14449,1.00,1.25
2017.05.31 23:11:09.154,1.14431,1.14447,1.00,1.00
2017.05.31 23:11:09.891,1.14431,1.14448,1.00,1.00
2017.05.31 23:11:11.087,1.14431,1.14448,1.00,1.19
2017.05.31 23:11:26.716,1.14431,1.14448,1.00,1.00
2017.05.31 23:11:36.940,1.14429,1.14448,1.00,1.00
2017.05.31 23:11:37.591,1.14429,1.14447,1.00,1.00
2017.05.31 23:11:38.145,1.14429,1.14448,1.00,1.50
2017.05.31 23:11:38.197,1.14429,1.14446,1.00,1.00
2017.05.31 23:11:38.426,1.14427,1.14445,1.00,1.87
2017.05.31 23:11:48.580,1.14427,1.14444,1.00,1.00
2017.05.31 23:12:07.486,1.14427,1.14445,1.00,1.00
2017.05.31 23:12:08.205,1.14427,1.14444,1.00,1.00
2017.05.31 23:12:09.715,1.14429,1.14444,1.00,1.00
2017.05.31 23:12:12.286,1.14429,1.14445,1.00,1.00
2017.05.31 23:12:12.337,1.14427,1.14445,1.00,1.00
2017.05.31 23:12:12.570,1.1443,1.14446,1.00,1.00
2017.05.31 23:12:12.876,1.14433,1.14449,1.00,1.00
2017.05.31 23:12:13.421,1.14434,1.14452,1.00,1.00
2017.05.31 23:12:13.473,1.14435,1.14454,1.00,1.00
2017.05.31 23:12:13.728,1.14437,1.14457,1.00,1.50
2017.05.31 23:12:15.922,1.14437,1.14455,1.00,1.00
2017.05.31 23:12:15.974,1.14435,1.14454,1.25,1.00
2017.05.31 23:12:21.022,1.14434,1.14455,1.19,1.00
2017.05.31 23:12:21.380,1.14438,1.14455,1.00,1.00
2017.05.31 23:12:24.449,1.14439,1.14455,1.00,1.00
2017.05.31 23:12:25.026,1.14439,1.14454,1.00,1.00
2017.05.31 23:12:28.644,1.14438,1.14455,1.00,1.00
2017.05.31 23:12:33.935,1.1444,1.14457,1.00,1.00
2017.05.31 23:12:34.241,1.14443,1.14458,1.00,1.12
2017.05.31 23:12:34.714,1.14443,1.1446,1.00,1.00
2017.05.31 23:12:36.467,1.14441,1.1446,1.00,1.00
2017.05.31 23:12:37.103,1.14438,1.1446,1.69,1.00
2017.05.31 23:12:38.347,1.14438,1.14461,1.69,1.00
2017.05.31 23:12:40.407,1.14439,1.1446,1.31,1.00
2017.05.31 23:12:42.179,1.14438,1.14461,1.69,2.25
2017.05.31 23:12:42.433,1.14436,1.1446,1.19,1.50
2017.05.31 23:12:43.068,1.14437,1.14459,1.25,1.00
2017.05.31 23:12:44.377,1.14436,1.14458,1.19,1.00
2017.05.31 23:12:45.047,1.14437,1.14459,1.69,1.00
2017.05.31 23:12:45.707,1.14437,1.1446,1.69,1.50
2017.05.31 23:12:49.616,1.14435,1.14454,1.19,1.00
2017.05.31 23:12:49.718,1.14434,1.14455,2.06,1.00
2017.05.31 23:12:49.871,1.14434,1.14452,1.00,1.00
2017.05.31 23:12:50.076,1.14431,1.14453,1.19,1.00
2017.05.31 23:12:55.051,1.1443,1.14452,1.50,1.50
2017.05.31 23:12:55.153,1.14428,1.14449,2.44,1.00
2017.05.31 23:12:55.460,1.14426,1.14444,1.12,1.00
2017.05.31 23:13:06.593,1.14425,1.14445,1.50,1.00
2017.05.31 23:13:09.095,1.14425,1.14444,1.50,1.00
2017.05.31 23:13:10.613,1.14425,1.14444,1.12,1.00
2017.05.31 23:13:12.341,1.14426,1.14444,1.12,1.00
2017.05.31 23:13:25.689,1.14426,1.14445,1.50,1.00
2017.05.31 23:13:26.222,1.14426,1.14444,1.50,1.00
2017.05.31 23:13:33.636,1.14426,1.14446,1.69,1.00
2017.05.31 23:13:33.687,1.14426,1.14446,1.69,1.00
2017.05.31 23:13:33.890,1.14426,1.14448,2.44,2.25
2017.05.31 23:13:33.942,1.14431,1.14449,1.12,1.50
2017.05.31 23:13:34.124,1.14431,1.14451,1.69,3.75
2017.05.31 23:13:34.175,1.14435,1.14451,1.12,2.25
2017.05.31 23:13:34.329,1.14435,1.14453,1.12,1.25
2017.05.31 23:13:50.515,1.14435,1.14454,1.50,1.19
2017.05.31 23:13:51.797,1.14436,1.14454,1.00,1.25
2017.05.31 23:13:52.617,1.14436,1.14454,1.00,1.19
2017.05.31 23:14:01.837,1.14436,1.14452,1.00,1.25
2017.05.31 23:14:03.592,1.14431,1.14452,2.06,1.19
2017.05.31 23:14:03.643,1.14431,1.14452,2.06,1.19
2017.05.31 23:14:05.798,1.14431,1.1445,2.06,1.00
2017.05.31 23:14:09.479,1.14431,1.14449,1.87,1.00
2017.05.31 23:14:11.448,1.14431,1.1445,1.87,1.69
2017.05.31 23:14:12.001,1.14431,1.14449,1.87,1.00
2017.05.31 23:14:18.023,1.14431,1.14446,1.87,1.00
2017.05.31 23:14:18.556,1.14431,1.14448,1.87,1.00
2017.05.31 23:14:19.442,1.14431,1.14447,1.87,1.00
2017.05.31 23:14:19.734,1.14428,1.14444,1.87,1.00
2017.05.31 23:14:23.051,1.14428,1.14446,1.87,1.00
2017.05.31 23:14:23.613,1.14428,1.14447,2.81,1.50
2017.05.31 23:14:42.407,1.14429,1.14445,1.87,1.00
2017.05.31 23:14:42.459,1.14429,1.14444,1.87,1.00
2017.05.31 23:14:42.967,1.14429,1.14441,1.50,1.00
2017.05.31 23:14:43.736,1.14426,1.14442,1.75,1.00
2017.05.31 23:14:50.456,1.14426,1.14442,1.37,1.00
2017.05.31 23:14:51.030,1.14426,1.14443,1.00,1.00
2017.05.31 23:15:02.633,1.14427,1.14443,1.12,1.00
2017.05.31 23:15:16.283,1.14427,1.14441,1.12,1.00
2017.05.31 23:15:18.386,1.14427,1.1444,1.12,1.00
2017.05.31 23:15:18.691,1.14422,1.14439,1.12,1.00
2017.05.31 23:15:19.258,1.14422,1.14438,1.12,1.00
2017.05.31 23:15:20.424,1.14418,1.14435,2.81,1.00
2017.05.31 23:15:20.476,1.14418,1.14435,1.50,1.00
2017.05.31 23:15:20.924,1.14415,1.14434,2.62,1.00
2017.05.31 23:15:23.154,1.14415,1.14432,1.87,1.00
2017.05.31 23:15:28.646,1.14415,1.14435,1.87,3.37
2017.05.31 23:15:29.159,1.14415,1.14434,1.87,1.00
2017.05.31 23:15:30.045,1.14415,1.14435,1.87,3.56
2017.05.31 23:15:31.569,1.14415,1.14434,2.81,1.00
2017.05.31 23:15:45.056,1.14414,1.14433,2.81,1.00
2017.05.31 23:15:45.710,1.14414,1.14433,1.69,1.00
2017.05.31 23:15:46.480,1.14414,1.14434,1.31,1.87
2017.05.31 23:16:16.650,1.14414,1.14434,1.62,1.00
2017.05.31 23:16:17.234,1.14418,1.14435,1.12,1.00
2017.05.31 23:16:17.438,1.14418,1.14438,2.06,1.12
2017.05.31 23:16:23.568,1.14418,1.14438,2.81,1.12
2017.05.31 23:16:29.897,1.14418,1.14438,2.06,1.87
2017.05.31 23:16:36.638,1.1442,1.14439,1.12,1.50
2017.05.31 23:16:52.056,1.1442,1.14437,1.12,1.00
2017.05.31 23:16:52.361,1.14416,1.14432,1.50,1.00
2017.05.31 23:16:53.002,1.14416,1.14432,1.12,1.00
2017.05.31 23:17:04.795,1.14412,1.14432,1.19,1.87
2017.05.31 23:17:06.702,1.14412,1.14431,1.50,1.00
2017.05.31 23:17:06.931,1.14412,1.14427,1.50,1.00
2017.05.31 23:17:07.034,1.14406,1.14427,2.81,1.00
2017.05.31 23:17:08.351,1.14406,1.14426,2.06,1.00
2017.05.31 23:17:12.407,1.14406,1.14427,1.87,1.50
2017.05.31 23:17:20.423,1.14406,1.14425,2.06,1.00
2017.05.31 23:17:21.429,1.14406,1.14426,2.06,1.00
2017.05.31 23:17:25.695,1.14406,1.14426,1.87,1.72
2017.05.31 23:17:29.200,1.14403,1.14423,2.81,1.87
2017.05.31 23:17:29.456,1.14403,1.14421,1.12,1.00
2017.05.31 23:17:30.032,1.14403,1.1442,1.12,1.00
2017.05.31 23:17:46.482,1.14403,1.14422,1.87,1.50
2017.05.31 23:17:47.444,1.14403,1.14421,1.87,1.00
2017.05.31 23:17:49.230,1.14407,1.14421,1.00,1.00
2017.05.31 23:17:49.486,1.1441,1.14426,1.00,1.00
2017.05.31 23:17:49.801,1.14408,1.14427,1.12,1.12
2017.05.31 23:17:50.569,1.14408,1.14425,1.12,1.00
2017.05.31 23:17:51.190,1.14408,1.14426,1.12,1.00
2017.05.31 23:17:52.051,1.14407,1.14422,2.62,1.50
2017.05.31 23:17:52.154,1.14404,1.14422,1.12,1.69
2017.05.31 23:17:52.643,1.14404,1.14421,1.12,1.37
2017.05.31 23:17:52.872,1.14404,1.14422,1.12,1.00
2017.05.31 23:17:54.140,1.14404,1.14424,1.12,2.81
2017.05.31 23:17:56.776,1.14405,1.14424,1.00,1.87
2017.05.31 23:17:58.782,1.14404,1.14424,1.87,2.62
2017.05.31 23:17:58.935,1.14404,1.14423,1.50,1.69
2017.05.31 23:17:59.589,1.14404,1.14421,1.12,1.00
2017.05.31 23:18:01.208,1.14404,1.14422,1.12,1.87
2017.05.31 23:18:03.229,1.14406,1.14422,1.00,1.12
2017.05.31 23:18:03.331,1.14404,1.14424,1.12,1.87
2017.05.31 23:18:04.481,1.14404,1.14421,1.12,1.25
2017.05.31 23:18:11.659,1.14404,1.1442,1.12,1.00
2017.05.31 23:18:12.807,1.144,1.1442,2.06,1.00
2017.05.31 23:18:13.383,1.144,1.14421,2.06,1.69
2017.05.31 23:18:13.979,1.144,1.14421,2.06,1.69
2017.05.31 23:18:14.815,1.14405,1.14421,1.12,1.00
2017.05.31 23:18:15.019,1.144,1.14419,1.00,1.00
2017.05.31 23:18:38.945,1.14399,1.14418,1.69,1.00
2017.05.31 23:18:45.671,1.14399,1.14418,1.31,1.12
2017.05.31 23:18:54.852,1.14399,1.14416,1.31,1.00
2017.05.31 23:19:00.837,1.14399,1.14418,1.25,1.12
2017.05.31 23:19:00.942,1.14399,1.14418,2.00,1.00
2017.05.31 23:19:15.265,1.14397,1.14416,3.56,1.00
2017.05.31 23:19:15.367,1.14397,1.14415,1.12,1.25
2017.05.31 23:19:15.525,1.14394,1.14412,2.62,1.00
2017.05.31 23:19:15.679,1.14394,1.14414,1.12,3.56
2017.05.31 23:19:20.469,1.14394,1.14411,1.12,1.00
2017.05.31 23:19:29.517,1.14394,1.1441,1.12,1.00
2017.05.31 23:19:30.142,1.1439,1.1441,4.31,1.87
2017.05.31 23:19:31.513,1.14392,1.1441,1.00,1.12
2017.05.31 23:19:32.124,1.14393,1.1441,1.00,1.12
2017.05.31 23:19:32.663,1.14399,1.14412,1.00,1.00
2017.05.31 23:19:32.816,1.14399,1.14414,1.00,1.31
2017.05.31 23:19:33.331,1.14399,1.14415,1.00,1.12
2017.05.31 23:19:34.103,1.144,1.14415,1.00,1.12
2017.05.31 23:19:39.310,1.14398,1.14415,1.00,1.12
2017.05.31 23:19:46.733,1.14398,1.14417,1.87,1.00
2017.05.31 23:19:50.799,1.14398,1.14416,1.12,1.00
2017.05.31 23:19:51.600,1.14398,1.14417,1.12,1.00
2017.05.31 23:19:53.848,1.14398,1.14416,1.12,1.00
2017.05.31 23:20:06.804,1.14396,1.14416,1.69,1.00
2017.05.31 23:20:13.900,1.14396,1.14415,1.50,1.00
2017.05.31 23:20:14.055,1.14393,1.14411,1.87,1.00
2017.05.31 23:20:14.259,1.14392,1.14411,1.31,1.50
2017.05.31 23:20:16.815,1.14392,1.14409,1.12,1.00
2017.05.31 23:20:17.817,1.14392,1.14411,1.12,3.19
2017.05.31 23:20:30.432,1.14392,1.14411,1.12,2.44
2017.05.31 23:20:31.074,1.14392,1.1441,1.12,1.00
2017.05.31 23:20:32.164,1.14392,1.14408,1.12,1.00
2017.05.31 23:20:34.394,1.14388,1.14407,2.81,1.50
2017.05.31 23:20:34.446,1.14389,1.14407,1.12,1.87
2017.05.31 23:20:34.549,1.14391,1.14406,1.12,1.00
2017.05.31 23:20:34.804,1.14391,1.14408,1.12,1.00
2017.05.31 23:20:35.321,1.14391,1.14409,1.12,1.00
2017.05.31 23:20:35.475,1.14391,1.14406,1.12,1.00
2017.05.31 23:20:35.578,1.14386,1.14405,1.25,1.12
2017.05.31 23:20:37.420,1.14391,1.14405,1.00,1.50
2017.05.31 23:20:37.522,1.14391,1.14409,1.00,2.25
2017.05.31 23:20:38.192,1.14393,1.14409,1.00,1.50
2017.05.31 23:20:38.540,1.14395,1.14409,1.00,1.50
2017.05.31 23:20:39.188,1.14396,1.14409,1.00,1.50
2017.05.31 23:20:47.714,1.14393,1.14409,1.00,1.50
2017.05.31 23:20:48.812,1.14394,1.14409,1.00,1.50
2017.05.31 23:20:48.863,1.14394,1.14412,1.00,1.87
2017.05.31 23:20:49.487,1.14394,1.1441,1.00,1.00
2017.05.31 23:20:50.114,1.14395,1.1441,1.00,1.00
2017.05.31 23:20:50.216,1.14395,1.14413,1.00,1.50
2017.05.31 23:20:53.079,1.14397,1.14413,1.25,1.00
2017.05.31 23:20:54.263,1.14396,1.14413,1.00,1.00
2017.05.31 23:20:56.471,1.14397,1.14413,1.00,1.50
2017.05.31 23:20:57.241,1.14396,1.14413,1.00,1.50
2017.05.31 23:20:58.992,1.14394,1.14413,2.06,1.12
2017.05.31 23:20:59.835,1.14394,1.14411,2.06,1.00
2017.05.31 23:21:00.038,1.1439,1.14408,1.50,1.00
2017.05.31 23:21:00.141,1.14392,1.14406,1.00,1.00
2017.05.31 23:21:00.585,1.1439,1.14406,1.50,1.00
2017.05.31 23:21:04.680,1.14391,1.14407,1.00,1.00
2017.05.31 23:21:05.237,1.1439,1.14407,1.25,1.00
2017.05.31 23:21:06.775,1.14389,1.14407,2.62,1.00
2017.05.31 23:21:10.846,1.14389,1.14407,2.81,1.00
2017.05.31 23:21:15.441,1.14389,1.14407,2.62,1.00
2017.05.31 23:21:16.130,1.1439,1.14407,1.00,1.00
2017.05.31 23:21:30.868,1.14391,1.14409,1.00,1.00
2017.05.31 23:21:31.021,1.1439,1.14411,1.19,1.00
2017.05.31 23:21:32.224,1.14391,1.14408,1.25,1.00
2017.05.31 23:21:37.734,1.14392,1.1441,1.19,1.00
2017.05.31 23:21:38.282,1.14392,1.14409,1.87,1.00
2017.05.31 23:21:39.105,1.14392,1.14408,1.12,1.00
2017.05.31 23:21:45.207,1.14392,1.14407,1.12,1.00
2017.05.31 23:21:47.826,1.14392,1.14408,1.12,1.00
2017.05.31 23:21:57.856,1.14394,1.1441,1.00,1.00
2017.05.31 23:21:57.907,1.14394,1.14412,1.00,1.87
2017.05.31 23:21:57.959,1.14396,1.14412,1.00,1.12
2017.05.31 23:21:58.241,1.14394,1.14412,1.00,1.69
2017.05.31 23:21:58.802,1.14392,1.14411,1.37,1.25
2017.05.31 23:22:01.273,1.1439,1.14408,1.87,1.00
2017.05.31 23:22:01.378,1.1439,1.14408,1.50,1.00
2017.05.31 23:22:02.043,1.1439,1.14408,1.12,1.00
2017.05.31 23:22:02.693,1.14387,1.14405,1.94,1.00
2017.05.31 23:22:02.898,1.14386,1.14403,1.12,1.69
2017.05.31 23:22:09.197,1.14383,1.14403,2.06,1.25
2017.05.31 23:22:09.845,1.14383,1.14404,2.06,1.87
2017.05.31 23:22:26.523,1.14384,1.14404,1.00,1.31
2017.05.31 23:22:31.018,1.14383,1.14405,2.06,1.69
2017.05.31 23:22:40.127,1.14387,1.14406,1.50,3.56
2017.05.31 23:22:40.437,1.14388,1.14408,2.44,1.25
2017.05.31 23:22:41.558,1.14389,1.14409,1.00,1.19
2017.05.31 23:22:42.134,1.14389,1.14408,1.00,1.19
2017.05.31 23:22:42.944,1.14388,1.14408,1.00,1.19
2017.05.31 23:22:43.251,1.14383,1.14404,2.81,1.19
2017.05.31 23:22:48.518,1.14383,1.14401,1.12,1.19
2017.05.31 23:22:48.570,1.14381,1.14403,2.44,1.56
2017.05.31 23:22:49.273,1.1438,1.14401,3.56,2.06
2017.05.31 23:22:49.477,1.1438,1.144,1.87,1.31
2017.05.31 23:22:50.561,1.1438,1.14399,1.12,1.19
2017.05.31 23:22:53.183,1.1438,1.14398,1.12,1.19
2017.05.31 23:22:54.558,1.14381,1.14398,1.00,1.19
2017.05.31 23:22:59.378,1.1438,1.14398,1.12,1.19
2017.05.31 23:23:06.015,1.1438,1.14399,1.87,1.56
2017.05.31 23:23:07.006,1.14382,1.14399,1.00,1.56
2017.05.31 23:23:07.524,1.14385,1.14401,1.00,2.81
2017.05.31 23:23:07.677,1.14387,1.14404,1.00,2.06
2017.05.31 23:23:08.357,1.14387,1.14404,1.00,1.31
2017.05.31 23:23:09.780,1.14391,1.14408,1.00,2.44
2017.05.31 23:23:09.882,1.14391,1.14408,1.00,1.19
2017.05.31 23:23:11.048,1.14389,1.14408,1.25,1.19
2017.05.31 23:23:11.619,1.14389,1.14407,1.00,1.19
2017.05.31 23:23:15.195,1.14387,1.14401,1.87,1.00
2017.05.31 23:23:15.401,1.14385,1.14404,1.00,1.19
2017.05.31 23:23:16.387,1.14389,1.14405,1.00,2.06
2017.05.31 23:23:19.487,1.14392,1.14406,1.00,1.00
2017.05.31 23:23:20.310,1.14393,1.14408,1.00,1.19
2017.05.31 23:23:20.833,1.14394,1.14409,1.00,1.12
2017.05.31 23:23:20.987,1.14397,1.14412,1.00,2.00
2017.05.31 23:23:21.140,1.144,1.14415,1.00,1.31
2017.05.31 23:23:23.000,1.144,1.14415,1.00,1.31
2017.05.31 23:23:23.609,1.14399,1.14415,1.00,1.31
2017.05.31 23:23:26.705,1.14398,1.14415,1.00,1.31
2017.05.31 23:23:27.799,1.14399,1.14415,1.00,1.31
2017.05.31 23:23:31.049,1.14398,1.14415,1.00,1.31
2017.05.31 23:23:34.294,1.14397,1.14415,1.25,1.31
2017.05.31 23:23:35.183,1.144,1.14417,1.00,1.31
2017.05.31 23:23:35.285,1.14397,1.14418,2.06,2.06
2017.05.31 23:23:35.822,1.14399,1.14418,1.00,1.56
2017.05.31 23:23:36.364,1.14397,1.14418,2.06,2.06
2017.05.31 23:23:37.143,1.14397,1.14417,2.06,1.31
2017.05.31 23:23:38.505,1.14398,1.14417,1.00,2.06
2017.05.31 23:23:39.125,1.14397,1.14417,2.06,2.06
2017.05.31 23:23:40.588,1.14398,1.14417,1.00,2.06
2017.05.31 23:23:40.876,1.144,1.14418,1.00,1.56
2017.05.31 23:23:41.789,1.14399,1.14418,1.00,1.56
2017.05.31 23:23:42.339,1.144,1.14418,1.00,1.56
2017.05.31 23:23:52.637,1.14401,1.14418,1.00,1.69
2017.05.31 23:23:52.689,1.14399,1.14418,1.00,1.69
2017.05.31 23:23:56.066,1.14401,1.14418,1.00,1.19
2017.05.31 23:23:59.553,1.14398,1.14414,1.00,1.19
2017.05.31 23:23:59.655,1.14396,1.14414,1.00,1.19
2017.05.31 23:24:01.358,1.14396,1.14413,1.00,1.19
2017.05.31 23:24:02.177,1.14395,1.14413,1.00,1.19
2017.05.31 23:24:09.879,1.14395,1.14412,1.00,1.19
2017.05.31 23:24:10.542,1.14393,1.14413,1.00,1.69
2017.05.31 23:24:11.237,1.14393,1.14412,1.00,1.19
2017.05.31 23:24:13.242,1.14393,1.14413,1.00,1.69
2017.05.31 23:24:13.344,1.14391,1.14409,1.00,1.19
2017.05.31 23:24:13.396,1.14391,1.14407,1.00,1.19
2017.05.31 23:24:13.498,1.14389,1.14407,1.12,1.31
2017.05.31 23:24:16.926,1.14389,1.14406,1.87,1.19
2017.05.31 23:24:19.317,1.14389,1.14404,1.12,1.00
2017.05.31 23:24:19.419,1.14387,1.14404,1.00,1.69
2017.05.31 23:24:19.947,1.14384,1.14401,1.87,1.25
2017.05.31 23:24:19.998,1.14384,1.14401,1.12,1.25
2017.05.31 23:24:20.532,1.14383,1.14401,1.00,1.25
2017.05.31 23:24:20.738,1.14385,1.14402,1.00,1.31
2017.05.31 23:24:21.527,1.14386,1.14402,1.00,1.31
2017.05.31 23:24:23.823,1.14386,1.14403,1.00,1.69
2017.05.31 23:24:24.164,1.14389,1.14404,1.00,1.56
2017.05.31 23:24:25.825,1.14389,1.14406,1.00,2.81
2017.05.31 23:24:29.044,1.14386,1.14406,1.25,2.06
2017.05.31 23:24:29.197,1.14385,1.14406,1.69,1.31
2017.05.31 23:24:29.765,1.14385,1.14405,1.69,1.19
2017.05.31 23:24:31.948,1.14388,1.14406,1.00,1.12
2017.05.31 23:24:43.327,1.14389,1.14406,1.00,1.12
2017.05.31 23:24:43.808,1.14389,1.14409,1.00,2.06
2017.05.31 23:24:45.693,1.14389,1.14409,1.00,2.06
2017.05.31 23:24:51.723,1.14391,1.1441,1.37,1.75
2017.05.31 23:24:51.927,1.14394,1.14413,1.00,1.12
2017.05.31 23:24:52.681,1.14395,1.14413,1.00,1.12
2017.05.31 23:24:53.233,1.14396,1.14416,1.12,2.44
2017.05.31 23:24:53.538,1.14399,1.14417,1.00,1.69
2017.05.31 23:24:54.051,1.144,1.14417,1.00,1.12
2017.05.31 23:24:54.488,1.14398,1.14417,1.50,1.12
2017.05.31 23:24:54.539,1.14398,1.14419,1.50,1.25
2017.05.31 23:24:54.641,1.14398,1.14417,1.00,1.00
2017.05.31 23:24:54.744,1.14396,1.14417,1.50,1.00
2017.05.31 23:24:56.788,1.14397,1.14417,1.00,1.00
2017.05.31 23:24:57.322,1.14398,1.14418,1.00,1.69
2017.05.31 23:24:58.061,1.14399,1.14418,1.00,1.50
2017.05.31 23:24:58.642,1.144,1.14421,1.00,3.94
2017.05.31 23:24:59.304,1.14399,1.1442,1.87,1.94
2017.05.31 23:25:00.927,1.14399,1.1442,2.06,2.25
2017.05.31 23:25:10.485,1.14399,1.1442,2.06,1.12
2017.05.31 23:25:14.422,1.14399,1.14416,1.12,1.00
2017.05.31 23:25:14.944,1.14397,1.14416,1.50,1.00
2017.05.31 23:25:15.468,1.14397,1.14417,1.50,1.12
2017.05.31 23:25:16.713,1.14395,1.14414,1.00,1.00
2017.05.31 23:25:18.348,1.14395,1.14415,1.00,1.12
2017.05.31 23:25:21.413,1.14395,1.14414,1.00,1.00
2017.05.31 23:25:21.936,1.14395,1.14415,1.00,1.25
2017.05.31 23:25:24.929,1.14394,1.14414,1.12,1.25
2017.05.31 23:25:25.270,1.14392,1.14412,1.12,1.87
2017.05.31 23:25:25.590,1.14398,1.14417,1.12,1.69
2017.05.31 23:25:26.600,1.14397,1.14417,1.50,2.81
2017.05.31 23:25:26.804,1.14394,1.14415,1.87,1.19
2017.05.31 23:25:27.379,1.14394,1.14415,1.87,1.69
2017.05.31 23:25:28.135,1.14395,1.14415,1.00,1.69
2017.05.31 23:25:31.491,1.14396,1.14415,1.00,1.19
2017.05.31 23:25:31.891,1.14398,1.14415,1.00,1.19
2017.05.31 23:25:32.973,1.14398,1.14416,1.00,1.69
2017.05.31 23:25:33.278,1.14401,1.14416,1.00,1.19
2017.05.31 23:25:34.099,1.14401,1.14418,1.00,1.19
2017.05.31 23:25:34.760,1.144,1.14418,1.00,1.19
2017.05.31 23:25:48.168,1.14401,1.14418,1.00,1.19
2017.05.31 23:25:49.765,1.14402,1.1442,1.00,1.69
2017.05.31 23:25:51.931,1.14402,1.1442,1.00,1.19
2017.05.31 23:26:04.175,1.14401,1.14415,1.87,1.00
2017.05.31 23:26:05.332,1.14401,1.14414,1.87,1.25
2017.05.31 23:26:06.188,1.14401,1.14412,1.87,1.25
2017.05.31 23:26:08.421,1.14398,1.14412,1.50,1.25
2017.05.31 23:26:08.523,1.14397,1.14409,1.87,1.00
2017.05.31 23:26:08.626,1.14397,1.14408,1.12,1.00
2017.05.31 23:26:08.880,1.14394,1.14408,1.12,1.25
2017.05.31 23:26:09.311,1.14392,1.14406,2.62,1.25
2017.05.31 23:26:09.616,1.14391,1.14403,1.00,1.00
2017.05.31 23:26:10.200,1.14389,1.14403,1.50,1.00
2017.05.31 23:26:16.243,1.14388,1.14401,2.62,1.25
2017.05.31 23:26:16.650,1.14388,1.14404,2.62,1.25
2017.05.31 23:26:17.177,1.14391,1.14404,1.00,1.25
2017.05.31 23:26:17.872,1.1439,1.14405,1.12,1.19
2017.05.31 23:26:18.379,1.14391,1.14405,1.00,1.19
2017.05.31 23:26:18.430,1.14393,1.14405,1.00,1.19
2017.05.31 23:26:18.584,1.14396,1.14412,1.00,1.19
2017.05.31 23:26:19.018,1.14398,1.14412,1.00,1.19
2017.05.31 23:26:20.941,1.14397,1.14412,1.00,1.19
2017.05.31 23:26:21.196,1.144,1.14415,1.00,1.19
2017.05.31 23:26:26.592,1.144,1.14417,1.12,1.19
2017.05.31 23:26:28.680,1.144,1.14417,1.12,1.19
2017.05.31 23:26:29.490,1.14401,1.14417,1.00,1.19
2017.05.31 23:26:30.061,1.14403,1.14418,1.12,1.19
2017.05.31 23:26:30.163,1.14403,1.1442,2.25,1.19
2017.05.31 23:26:32.168,1.14405,1.14422,1.00,1.19
2017.05.31 23:26:32.270,1.14407,1.14424,1.00,1.19
2017.05.31 23:26:32.373,1.14407,1.14426,1.00,1.19
2017.05.31 23:26:33.120,1.14408,1.14426,1.12,1.19
2017.05.31 23:26:49.408,1.14406,1.14424,1.87,1.19
2017.05.31 23:26:49.510,1.14406,1.14425,1.87,1.69
2017.05.31 23:26:51.179,1.14406,1.14421,1.87,1.25
2017.05.31 23:26:51.484,1.14403,1.1442,1.87,1.69
2017.05.31 23:26:51.536,1.14403,1.14418,1.50,1.25
2017.05.31 23:26:56.158,1.14403,1.14418,1.50,1.69
2017.05.31 23:26:57.004,1.144,1.14415,1.75,1.19
2017.05.31 23:26:57.158,1.14398,1.14415,1.87,1.69
2017.05.31 23:26:57.210,1.14398,1.14415,1.87,1.69
2017.05.31 23:27:02.257,1.14395,1.14413,1.50,1.19
2017.05.31 23:27:02.308,1.14395,1.14412,1.12,1.19
2017.05.31 23:27:02.841,1.14395,1.1441,1.12,1.25
2017.05.31 23:27:06.358,1.14395,1.14412,1.87,1.19
2017.05.31 23:27:06.865,1.14395,1.14413,1.12,1.19
2017.05.31 23:27:07.469,1.14398,1.14417,1.00,1.69
2017.05.31 23:27:07.776,1.14403,1.14419,1.87,1.19
2017.05.31 23:27:08.684,1.14403,1.14421,1.87,1.19
2017.05.31 23:27:14.007,1.14403,1.14423,1.87,1.19
2017.05.31 23:27:14.755,1.14403,1.14425,3.37,1.69
2017.05.31 23:27:14.806,1.14406,1.14425,1.00,1.25
2017.05.31 23:27:15.112,1.14408,1.14428,1.50,1.19
2017.05.31 23:27:23.181,1.14408,1.14426,1.50,1.19
2017.05.31 23:27:23.487,1.14403,1.14424,3.56,1.19
2017.05.31 23:27:23.538,1.14403,1.14424,3.56,1.19
2017.05.31 23:27:24.171,1.14403,1.14422,1.87,1.19
2017.05.31 23:27:24.478,1.14399,1.14418,2.62,1.19
2017.05.31 23:27:24.529,1.14399,1.14418,2.62,1.19
2017.05.31 23:27:24.581,1.144,1.14418,1.00,1.69
2017.05.31 23:27:24.843,1.144,1.14418,1.00,1.69
2017.05.31 23:27:26.261,1.144,1.14417,1.00,1.69
2017.05.31 23:27:26.364,1.14396,1.14416,1.50,1.25
2017.05.31 23:27:30.429,1.14396,1.14414,1.50,1.19
2017.05.31 23:27:31.049,1.14396,1.14412,1.50,1.19
2017.05.31 23:27:33.577,1.14396,1.14415,1.50,1.19
2017.05.31 23:27:33.832,1.14397,1.14417,1.12,2.44
2017.05.31 23:27:34.010,1.14399,1.14418,1.00,1.19
2017.05.31 23:27:42.084,1.14398,1.14418,1.00,1.69
2017.05.31 23:27:48.414,1.14398,1.14417,1.12,1.19
2017.05.31 23:27:49.828,1.14398,1.14418,1.12,2.44
2017.05.31 23:27:49.980,1.14399,1.14419,1.00,1.25
2017.05.31 23:27:50.133,1.14401,1.14421,1.00,2.44
2017.05.31 23:27:50.441,1.14408,1.14426,1.00,1.25
2017.05.31 23:27:50.967,1.14409,1.14428,1.00,1.69
2017.05.31 23:27:52.089,1.14408,1.14428,1.00,1.19
2017.05.31 23:28:04.026,1.14411,1.1443,1.12,1.69
2017.05.31 23:28:04.129,1.14411,1.14431,2.81,1.00
2017.05.31 23:28:04.384,1.14412,1.14432,1.62,1.00
2017.05.31 23:28:04.914,1.14412,1.14433,2.00,1.00
2017.05.31 23:28:05.540,1.14412,1.14434,2.44,1.25
2017.05.31 23:28:06.106,1.14415,1.14434,1.12,2.44
2017.05.31 23:28:06.416,1.14415,1.14432,1.31,1.00
2017.05.31 23:28:06.929,1.14415,1.14431,1.31,1.00
2017.05.31 23:28:07.556,1.14415,1.1443,1.31,1.00
2017.05.31 23:28:12.767,1.14411,1.14428,2.44,1.00
2017.05.31 23:28:13.123,1.14408,1.14425,2.44,1.00
2017.05.31 23:28:13.175,1.1441,1.14428,1.31,1.00
2017.05.31 23:28:13.835,1.14409,1.14427,2.81,1.00
2017.05.31 23:28:14.351,1.14409,1.14426,2.06,1.00
2017.05.31 23:28:15.507,1.14409,1.1443,2.06,1.00
2017.05.31 23:28:16.146,1.14409,1.14429,2.06,1.00
2017.05.31 23:28:16.481,1.14409,1.14424,1.50,1.50
2017.05.31 23:28:16.806,1.14409,1.14421,1.12,1.25
2017.05.31 23:28:17.736,1.14401,1.14421,1.31,1.25
2017.05.31 23:28:23.326,1.14404,1.14423,1.69,1.00
2017.05.31 23:28:23.583,1.14406,1.14426,1.25,2.06
2017.05.31 23:28:26.222,1.14408,1.14427,1.00,3.19
2017.05.31 23:28:29.403,1.1441,1.14428,1.00,1.19
2017.05.31 23:28:29.709,1.14413,1.14431,1.00,1.25
2017.05.31 23:28:30.298,1.14413,1.14432,1.00,3.19
2017.05.31 23:28:30.844,1.14413,1.14432,1.00,1.19
2017.05.31 23:28:34.159,1.14415,1.14436,1.00,3.19
2017.05.31 23:28:34.312,1.14417,1.14437,1.00,1.69
2017.05.31 23:28:34.504,1.14417,1.14438,1.31,1.69
2017.05.31 23:28:37.325,1.14417,1.14437,1.31,1.19
2017.05.31 23:28:37.935,1.14416,1.14436,1.69,1.19
2017.05.31 23:28:38.467,1.14416,1.14436,1.69,1.00
2017.05.31 23:28:39.169,1.14415,1.14436,1.50,1.69
2017.05.31 23:28:39.436,1.14418,1.14437,1.00,2.06
2017.05.31 23:28:39.950,1.14419,1.1444,1.00,2.00
2017.05.31 23:28:41.083,1.1442,1.1444,1.00,2.44
2017.05.31 23:28:43.643,1.14417,1.14437,1.00,1.19
2017.05.31 23:28:45.684,1.14415,1.14435,1.00,1.69
2017.05.31 23:28:45.837,1.14412,1.14432,1.87,1.19
2017.05.31 23:28:45.985,1.14412,1.14431,1.12,1.25
2017.05.31 23:28:46.638,1.14412,1.1443,1.12,1.00
2017.05.31 23:28:47.721,1.1441,1.1443,1.00,1.00
2017.05.31 23:28:48.374,1.14411,1.14431,1.00,1.25
2017.05.31 23:28:57.651,1.14411,1.14431,1.00,2.44
2017.05.31 23:28:57.804,1.14409,1.14429,1.12,1.19
2017.05.31 23:28:57.856,1.14408,1.14428,2.62,1.69
2017.05.31 23:28:58.163,1.1441,1.1443,1.00,1.19
2017.05.31 23:29:02.204,1.14411,1.14432,1.00,2.44
2017.05.31 23:29:02.712,1.14412,1.14433,2.62,1.19
2017.05.31 23:29:03.213,1.14412,1.14433,2.62,1.19
2017.05.31 23:29:04.665,1.14413,1.14434,1.00,1.69
2017.05.31 23:29:05.193,1.14412,1.14434,2.62,1.69
2017.05.31 23:29:06.344,1.14413,1.14434,1.00,1.69
2017.05.31 23:29:06.846,1.14412,1.14434,2.62,2.44
2017.05.31 23:29:09.206,1.14413,1.14433,1.00,1.69
2017.05.31 23:29:14.252,1.14414,1.14434,1.00,2.44
2017.05.31 23:29:14.768,1.14413,1.14435,1.50,1.69
2017.05.31 23:29:15.532,1.14414,1.14435,1.00,1.69
2017.05.31 23:29:15.583,1.14418,1.14437,1.00,1.12
2017.05.31 23:29:15.788,1.14419,1.1444,1.00,1.69
2017.05.31 23:29:16.946,1.14418,1.1444,1.50,1.69
2017.05.31 23:29:23.660,1.1442,1.14441,1.00,1.69
2017.05.31 23:29:38.794,1.1442,1.14441,1.00,1.69
2017.05.31 23:29:39.357,1.1442,1.14441,1.00,1.19
2017.05.31 23:29:41.720,1.14419,1.1444,1.87,1.69
2017.05.31 23:29:42.229,1.14419,1.14439,2.06,1.00
2017.05.31 23:29:47.431,1.14419,1.1444,2.06,1.69
2017.05.31 23:29:52.573,1.1442,1.1444,1.00,1.25
2017.05.31 23:29:53.329,1.14419,1.1444,2.06,1.25
2017.05.31 23:30:00.120,1.14419,1.1444,1.12,1.19
2017.05.31 23:30:01.051,1.14419,1.14441,2.06,1.19
2017.05.31 23:30:01.371,1.14422,1.14442,1.00,1.69
2017.05.31 23:30:01.930,1.14423,1.14442,1.00,1.19
2017.05.31 23:30:03.043,1.14423,1.14443,1.00,1.19
2017.05.31 23:30:03.556,1.14423,1.14442,1.87,1.25
2017.05.31 23:30:03.709,1.14425,1.14445,1.00,2.06
2017.05.31 23:30:03.811,1.14427,1.14445,1.00,1.12
2017.05.31 23:30:04.317,1.14426,1.14444,1.00,1.00
2017.05.31 23:30:04.899,1.14425,1.14443,1.00,1.00
2017.05.31 23:30:05.535,1.14425,1.14444,1.00,1.00
2017.05.31 23:30:06.197,1.14426,1.14444,1.00,1.00
2017.05.31 23:30:08.043,1.14425,1.14444,1.00,1.00
2017.05.31 23:30:08.541,1.14425,1.14442,1.00,1.00
2017.05.31 23:30:09.224,1.14423,1.14441,1.50,1.00
2017.05.31 23:30:09.583,1.14419,1.14439,3.19,1.00
2017.05.31 23:30:09.635,1.14419,1.14439,3.56,1.00
2017.05.31 23:30:09.686,1.14419,1.14439,2.44,1.00
2017.05.31 23:30:09.738,1.14419,1.14437,1.50,1.00
2017.05.31 23:30:09.790,1.14419,1.14439,1.50,1.50
2017.05.31 23:30:10.310,1.14419,1.14438,1.50,1.00
2017.05.31 23:30:10.828,1.14419,1.14437,1.50,1.00
2017.05.31 23:30:14.338,1.14419,1.1444,1.50,2.44
2017.05.31 23:30:15.141,1.14419,1.14437,1.50,1.00
2017.05.31 23:30:15.398,1.14414,1.14436,1.87,1.69
2017.05.31 23:30:16.984,1.14413,1.14434,3.37,1.19
2017.05.31 23:30:22.589,1.14413,1.14434,3.37,1.25
2017.05.31 23:30:22.793,1.14413,1.14434,2.62,1.19
2017.05.31 23:30:23.319,1.14413,1.14435,2.62,1.69
2017.05.31 23:30:23.821,1.14418,1.14435,1.00,1.00
2017.05.31 23:30:23.976,1.14419,1.1444,1.87,1.62
2017.05.31 23:30:24.027,1.14419,1.1444,1.87,1.25
2017.05.31 23:30:29.091,1.14419,1.1444,1.87,1.19
2017.05.31 23:30:29.849,1.1442,1.14438,1.00,1.25
2017.05.31 23:30:30.631,1.14419,1.14438,1.87,1.25
2017.05.31 23:30:31.581,1.14419,1.14438,1.12,1.19
2017.05.31 23:30:32.111,1.14417,1.14437,1.69,1.00
2017.05.31 23:30:32.482,1.14415,1.14434,1.00,1.00
2017.05.31 23:30:33.096,1.14416,1.14434,1.50,1.00
2017.05.31 23:30:35.875,1.14416,1.14437,1.50,1.19
2017.05.31 23:30:36.524,1.14417,1.14437,1.00,1.69
2017.05.31 23:30:37.425,1.14413,1.14433,3.37,1.19
2017.05.31 23:30:37.734,1.1441,1.14431,1.50,1.19
2017.05.31 23:30:49.488,1.14412,1.14433,1.00,1.69
2017.05.31 23:30:50.099,1.14412,1.14432,1.00,1.19
2017.05.31 23:30:55.515,1.14415,1.14433,1.00,1.19
2017.05.31 23:30:56.032,1.14414,1.14434,1.00,1.19
2017.05.31 23:30:57.422,1.14414,1.14434,1.50,1.19
2017.05.31 23:30:58.147,1.14414,1.14434,1.50,1.19
2017.05.31 23:30:58.715,1.14415,1.14434,1.00,1.19
2017.05.31 23:30:59.281,1.14417,1.14436,1.00,1.69
2017.05.31 23:30:59.385,1.14418,1.14439,1.00,4.31
2017.05.31 23:30:59.437,1.1442,1.14439,1.00,1.69
2017.05.31 23:31:00.895,1.14421,1.14439,1.00,1.19
2017.05.31 23:31:01.001,1.14422,1.1444,1.00,1.19
2017.05.31 23:31:01.652,1.1442,1.1444,1.50,1.19
2017.05.31 23:31:02.167,1.1442,1.14441,1.69,1.00
2017.05.31 23:31:02.734,1.14424,1.14441,1.00,1.00
2017.05.31 23:31:03.536,1.14424,1.14442,1.00,1.31
2017.05.31 23:31:03.841,1.14426,1.14442,1.00,1.31
2017.05.31 23:31:05.484,1.14427,1.14445,1.00,1.69
2017.05.31 23:31:05.798,1.1443,1.14446,1.00,2.44
2017.05.31 23:31:06.337,1.14429,1.14447,1.00,2.44
2017.05.31 23:31:06.949,1.1443,1.14447,1.00,2.44
2017.05.31 23:31:14.324,1.14431,1.14447,1.00,1.19
2017.05.31 23:31:14.375,1.14429,1.14447,1.00,1.19
2017.05.31 23:31:14.881,1.14428,1.14446,1.00,1.69
2017.05.31 23:31:20.294,1.14428,1.14445,1.00,1.25
2017.05.31 23:31:20.345,1.14428,1.14445,1.00,1.69
2017.05.31 23:31:21.398,1.14428,1.14445,1.00,1.69
2017.05.31 23:31:21.926,1.14427,1.14444,1.00,1.25
2017.05.31 23:31:28.614,1.14426,1.14443,1.00,1.19
2017.05.31 23:31:28.665,1.14424,1.14442,1.00,1.25
2017.05.31 23:31:28.885,1.14423,1.1444,1.00,1.19
2017.05.31 23:31:29.150,1.14421,1.1444,1.00,1.69
2017.05.31 23:31:35.910,1.14418,1.14436,1.12,1.19
2017.05.31 23:31:38.064,1.1442,1.14434,1.00,1.25
2017.05.31 23:31:38.594,1.14419,1.14435,1.00,1.69
2017.05.31 23:31:41.041,1.1442,1.14436,1.00,1.25
2017.05.31 23:31:41.563,1.14421,1.14436,1.00,1.25
2017.05.31 23:31:43.601,1.14422,1.14438,1.00,1.69
2017.05.31 23:31:43.652,1.14422,1.14438,1.00,1.25
2017.05.31 23:31:44.183,1.14423,1.1444,1.00,1.69
2017.05.31 23:31:51.793,1.14423,1.14441,1.00,1.69
2017.05.31 23:31:52.458,1.14423,1.14441,1.00,1.19
2017.05.31 23:31:54.692,1.14423,1.14441,1.00,1.69
2017.05.31 23:31:55.429,1.14423,1.14441,1.00,1.69
2017.05.31 23:31:55.991,1.14418,1.14439,1.25,1.25
2017.05.31 23:31:58.068,1.14418,1.14438,1.25,1.00
2017.05.31 23:32:02.604,1.14417,1.14435,1.31,1.00
2017.05.31 23:32:02.656,1.14418,1.14438,1.25,1.50
2017.05.31 23:32:02.809,1.1442,1.1444,1.00,1.19
2017.05.31 23:32:03.385,1.14421,1.1444,1.00,1.19
2017.05.31 23:32:04.272,1.1442,1.1444,1.00,1.19
2017.05.31 23:32:11.745,1.14422,1.14441,1.00,2.06
2017.05.31 23:32:12.370,1.14421,1.14441,1.00,1.31
2017.05.31 23:32:17.667,1.14421,1.14442,1.25,2.81
2017.05.31 23:32:17.974,1.14426,1.14446,1.00,2.44
2017.05.31 23:32:18.859,1.14428,1.14445,1.00,1.19
2017.05.31 23:32:26.445,1.14428,1.14446,1.00,1.19
2017.05.31 23:32:27.223,1.14429,1.14447,1.00,1.19
2017.05.31 23:32:31.405,1.14429,1.14447,1.00,1.19
2017.05.31 23:32:31.943,1.14429,1.14447,1.00,1.69
2017.05.31 23:32:32.913,1.14428,1.14446,1.00,1.69
2017.05.31 23:32:33.459,1.14428,1.14445,1.00,1.69
2017.05.31 23:32:36.617,1.14424,1.14441,1.00,1.00
2017.05.31 23:32:36.670,1.14423,1.14439,1.00,1.00
2017.05.31 23:32:36.826,1.1442,1.14439,1.00,3.19
2017.05.31 23:32:36.878,1.1442,1.14436,1.00,1.00
2017.05.31 23:32:37.032,1.14418,1.14436,1.00,1.12
2017.05.31 23:32:37.297,1.14417,1.14435,1.00,1.19
2017.05.31 23:32:37.509,1.14419,1.14439,1.00,4.16
2017.05.31 23:32:37.560,1.14422,1.14439,1.00,3.79
2017.05.31 23:32:38.416,1.14423,1.1444,1.00,1.19
2017.05.31 23:32:38.984,1.14424,1.14441,1.00,1.19
2017.05.31 23:32:41.518,1.14423,1.14441,1.00,1.69
2017.05.31 23:32:42.083,1.14422,1.14441,1.00,2.29
2017.05.31 23:32:42.606,1.14423,1.14441,1.00,1.69
2017.05.31 23:32:43.599,1.14422,1.14439,1.00,1.25
2017.05.31 23:32:44.131,1.14421,1.14439,1.00,1.25
2017.05.31 23:32:44.676,1.14422,1.1444,1.00,1.19
2017.05.31 23:32:45.203,1.14421,1.1444,1.00,1.19
2017.05.31 23:32:45.730,1.14422,1.14439,1.00,1.25
2017.05.31 23:32:46.265,1.14423,1.1444,1.00,1.19
2017.05.31 23:32:46.544,1.14421,1.14438,1.00,1.00
2017.05.31 23:32:47.062,1.14421,1.14441,1.00,1.69
2017.05.31 23:32:47.841,1.14421,1.14438,1.00,1.00
2017.05.31 23:32:48.185,1.14419,1.14437,1.00,1.00
2017.05.31 23:32:48.729,1.14419,1.14436,1.00,1.00
2017.05.31 23:32:49.491,1.14418,1.14436,1.00,1.00
2017.05.31 23:32:52.361,1.14416,1.14435,1.00,1.00
2017.05.31 23:32:52.463,1.14415,1.14432,1.12,1.00
2017.05.31 23:32:53.136,1.14414,1.14432,1.00,1.00
2017.05.31 23:32:53.805,1.14416,1.14433,1.00,1.00
2017.05.31 23:32:54.317,1.14414,1.14433,1.00,1.19
2017.05.31 23:33:04.410,1.14415,1.14432,1.00,1.25
2017.05.31 23:33:04.671,1.14413,1.14434,1.87,1.69
2017.05.31 23:33:05.040,1.14415,1.14434,1.00,1.69
2017.05.31 23:33:05.828,1.14415,1.14433,1.00,1.79
2017.05.31 23:33:06.159,1.14413,1.14433,1.87,1.19
2017.05.31 23:33:06.777,1.14414,1.14431,1.00,1.00
2017.05.31 23:33:07.330,1.14413,1.14432,1.00,1.25
2017.05.31 23:33:08.473,1.14414,1.14432,1.00,1.05
2017.05.31 23:33:09.124,1.14415,1.14434,1.00,2.44
2017.05.31 23:33:09.362,1.14413,1.14434,1.00,1.69
2017.05.31 23:33:09.464,1.14415,1.14432,1.00,1.25
2017.05.31 23:33:09.641,1.14413,1.14432,1.00,1.25
2017.05.31 23:33:10.291,1.14414,1.14433,1.00,1.31
2017.05.31 23:33:10.835,1.14415,1.14432,1.00,1.25
2017.05.31 23:33:11.108,1.14413,1.14432,1.00,1.25
2017.05.31 23:33:11.439,1.14415,1.14432,1.00,1.25
2017.05.31 23:33:11.490,1.14413,1.14433,1.00,1.19
2017.05.31 23:33:12.644,1.14413,1.14431,1.00,1.00
2017.05.31 23:33:12.793,1.14416,1.14434,1.00,1.19
2017.05.31 23:33:12.998,1.14415,1.14435,1.00,1.00
2017.05.31 23:33:13.663,1.14416,1.14435,1.00,1.00
2017.05.31 23:33:14.170,1.14416,1.14436,1.00,2.44
2017.05.31 23:33:14.840,1.14417,1.14435,1.00,1.00
2017.05.31 23:33:15.403,1.14418,1.14435,1.00,1.00
2017.05.31 23:33:16.059,1.14417,1.14435,1.00,1.00
2017.05.31 23:33:16.583,1.14416,1.14435,1.00,1.00
2017.05.31 23:33:17.465,1.14419,1.14436,1.00,1.00
2017.05.31 23:33:17.618,1.14419,1.14438,1.00,1.00
2017.05.31 23:33:17.669,1.14421,1.14439,1.00,1.31
2017.05.31 23:33:18.878,1.14421,1.1444,1.00,1.00
2017.05.31 23:33:19.186,1.14425,1.14443,1.00,1.19
2017.05.31 23:33:19.865,1.14425,1.14444,1.00,1.19
2017.05.31 23:33:36.449,1.14427,1.14445,1.00,1.69
2017.05.31 23:33:37.034,1.14426,1.14445,1.00,1.31
2017.05.31 23:33:37.136,1.14427,1.14446,1.00,1.69
2017.05.31 23:33:37.188,1.14429,1.14446,1.00,1.69
2017.05.31 23:33:37.801,1.14429,1.14446,1.00,1.25
2017.05.31 23:33:38.215,1.14435,1.14449,1.00,1.19
2017.05.31 23:33:38.266,1.14435,1.14451,1.00,1.69
2017.05.31 23:33:38.793,1.14436,1.14452,1.00,1.19
2017.05.31 23:33:43.792,1.14436,1.14454,1.00,1.19
2017.05.31 23:33:50.937,1.14434,1.14452,1.00,1.19
2017.05.31 23:33:51.039,1.14434,1.14451,1.00,1.19
2017.05.31 23:33:51.665,1.14434,1.14452,1.00,1.19
2017.05.31 23:33:51.767,1.14436,1.14453,1.00,1.69
2017.05.31 23:33:52.373,1.14439,1.14455,1.00,1.50
2017.05.31 23:33:52.579,1.1444,1.14459,1.00,1.69
2017.05.31 23:33:52.889,1.14438,1.14455,1.00,1.19
2017.05.31 23:33:53.226,1.1444,1.14456,1.00,1.19
2017.05.31 23:33:53.277,1.1444,1.14458,1.00,1.19
2017.05.31 23:33:53.329,1.14442,1.14459,1.00,1.19
2017.05.31 23:33:54.686,1.14441,1.14458,1.00,1.25
2017.05.31 23:33:55.198,1.1444,1.14458,1.00,1.25
2017.05.31 23:33:55.767,1.1444,1.14459,1.00,1.69
2017.05.31 23:33:58.469,1.14442,1.14459,1.00,1.69
2017.05.31 23:34:00.389,1.14443,1.14461,1.00,1.19
2017.05.31 23:34:00.441,1.14445,1.14462,1.00,1.31
2017.05.31 23:34:00.595,1.14447,1.14465,1.00,2.44
2017.05.31 23:34:03.704,1.14448,1.14465,1.00,1.19
2017.05.31 23:34:03.806,1.14446,1.14465,1.00,1.19
2017.05.31 23:34:06.620,1.14447,1.14465,1.00,1.19
2017.05.31 23:34:10.400,1.14448,1.14465,1.00,1.69
2017.05.31 23:34:10.553,1.14446,1.14464,1.00,1.19
2017.05.31 23:34:10.604,1.14445,1.14462,1.00,1.19
2017.05.31 23:34:10.707,1.14443,1.14461,1.00,1.19
2017.05.31 23:34:10.860,1.14442,1.1446,1.12,1.19
2017.05.31 23:34:15.223,1.14441,1.1446,1.00,1.69
2017.05.31 23:34:15.865,1.1444,1.1446,1.00,1.69
2017.05.31 23:34:16.525,1.14439,1.1446,1.00,2.14
2017.05.31 23:34:25.103,1.14442,1.14458,1.00,1.25
2017.05.31 23:34:25.394,1.14433,1.14452,1.00,1.79
2017.05.31 23:34:25.547,1.14431,1.14449,1.12,1.05
2017.05.31 23:34:25.599,1.14431,1.14447,1.12,1.05
2017.05.31 23:34:25.650,1.14429,1.14447,1.87,1.05
2017.05.31 23:34:26.156,1.1443,1.14447,1.00,1.05
2017.05.31 23:34:26.761,1.1443,1.14449,1.00,1.79
2017.05.31 23:34:27.787,1.14428,1.14449,1.25,3.04
2017.05.31 23:34:28.416,1.14426,1.14447,1.25,2.29
2017.05.31 23:34:28.518,1.14426,1.14446,1.25,1.79
2017.05.31 23:34:30.285,1.14426,1.14443,1.25,1.37
2017.05.31 23:34:31.075,1.14426,1.14445,1.25,1.99
2017.05.31 23:34:38.548,1.14426,1.14445,1.25,1.99
2017.05.31 23:34:38.600,1.14429,1.14445,1.00,1.05
2017.05.31 23:34:38.652,1.14429,1.14447,1.00,1.99
2017.05.31 23:34:39.390,1.14429,1.14448,1.00,3.11
2017.05.31 23:34:40.615,1.14431,1.14448,1.00,3.11
2017.05.31 23:34:52.369,1.1443,1.14448,1.00,1.99
2017.05.31 23:34:56.435,1.14429,1.14448,1.00,2.74
2017.05.31 23:34:57.046,1.1443,1.14447,1.00,1.25
2017.05.31 23:35:01.136,1.1443,1.14448,1.00,1.39
2017.05.31 23:35:03.389,1.14428,1.14447,1.00,1.76
2017.05.31 23:35:03.694,1.14425,1.14444,1.75,2.14
2017.05.31 23:35:03.811,1.14425,1.14444,1.00,2.14
2017.05.31 23:35:06.257,1.14424,1.14444,1.87,1.64
2017.05.31 23:35:08.581,1.14424,1.14444,1.87,1.64
2017.05.31 23:35:08.808,1.14424,1.14443,1.00,2.14
2017.05.31 23:35:10.384,1.14424,1.14443,1.00,3.64
2017.05.31 23:35:13.627,1.14424,1.14443,1.00,3.64
2017.05.31 23:35:14.230,1.14423,1.14443,1.00,2.89
2017.05.31 23:35:14.788,1.14422,1.14443,1.00,2.89
2017.05.31 23:35:15.113,1.14425,1.14441,1.00,1.99
2017.05.31 23:35:15.266,1.14422,1.14441,1.00,1.99
2017.05.31 23:35:17.301,1.14422,1.14438,1.00,1.85
2017.05.31 23:35:17.404,1.14418,1.14436,1.00,1.80
2017.05.31 23:35:17.909,1.14419,1.14437,1.00,1.50
2017.05.31 23:35:18.487,1.14419,1.14436,1.00,1.45
2017.05.31 23:35:18.988,1.14419,1.14436,1.00,1.20
2017.05.31 23:35:19.238,1.1442,1.14437,1.00,1.10
2017.05.31 23:35:19.957,1.14421,1.14439,1.00,2.51
2017.05.31 23:35:20.467,1.14421,1.14439,1.00,2.14
2017.05.31 23:35:20.977,1.1442,1.14438,1.00,1.61
2017.05.31 23:35:22.034,1.1442,1.14437,1.00,1.29
2017.05.31 23:35:22.598,1.14419,1.14437,1.00,1.39
2017.05.31 23:35:23.122,1.1442,1.14437,1.00,1.39
2017.05.31 23:35:23.640,1.1442,1.14437,1.00,1.39
2017.05.31 23:35:27.441,1.1442,1.14438,1.00,2.51
2017.05.31 23:35:28.151,1.14421,1.14438,1.00,2.14
2017.05.31 23:35:28.707,1.14422,1.1444,1.00,1.01
2017.05.31 23:35:29.352,1.14423,1.14441,1.00,1.66
2017.05.31 23:35:33.712,1.14423,1.14441,1.00,1.70
2017.05.31 23:35:34.023,1.14425,1.14443,1.00,2.89
2017.05.31 23:35:34.526,1.14424,1.14443,1.00,2.14
2017.05.31 23:35:35.051,1.14425,1.14443,1.00,1.39
2017.05.31 23:35:36.477,1.14426,1.14443,1.00,1.39
2017.05.31 23:35:41.086,1.14424,1.14442,1.00,1.01
2017.05.31 23:35:41.188,1.14426,1.14443,1.00,1.26
2017.05.31 23:35:41.717,1.14425,1.14443,1.00,1.26
2017.05.31 23:35:42.229,1.14426,1.14442,1.00,1.01
2017.05.31 23:35:42.761,1.14425,1.14444,1.00,1.76
2017.05.31 23:35:43.858,1.14424,1.14443,1.00,1.29
2017.05.31 23:35:44.423,1.14425,1.14444,1.00,2.14
2017.05.31 23:35:44.950,1.14426,1.14444,1.00,1.39
2017.05.31 23:35:45.484,1.14425,1.14443,1.00,1.29
2017.05.31 23:35:46.685,1.14424,1.14443,1.00,1.29
2017.05.31 23:35:47.894,1.14425,1.14444,1.00,2.51
2017.05.31 23:35:48.434,1.14424,1.14442,1.00,1.25
2017.05.31 23:35:49.066,1.14425,1.14444,1.00,1.76
2017.05.31 23:35:49.606,1.14426,1.14444,1.00,1.76
2017.05.31 23:35:49.828,1.14424,1.14444,1.00,1.76
2017.05.31 23:35:50.372,1.14426,1.14444,1.00,1.76
2017.05.31 23:35:50.717,1.14423,1.14442,1.00,1.25
2017.05.31 23:35:50.768,1.14425,1.14442,1.00,1.25
2017.05.31 23:35:51.330,1.14426,1.14443,1.00,1.26
2017.05.31 23:35:51.477,1.14424,1.14443,1.00,1.26
2017.05.31 23:35:51.980,1.14425,1.14442,1.00,1.25
2017.05.31 23:35:53.452,1.14424,1.14443,1.00,1.26
2017.05.31 23:35:53.962,1.14425,1.14442,1.00,1.25
2017.05.31 23:35:54.473,1.14426,1.14444,1.00,2.51
2017.05.31 23:35:54.728,1.14424,1.14444,1.00,2.51
2017.05.31 23:35:55.339,1.14425,1.14444,1.00,2.74
2017.05.31 23:35:55.546,1.14427,1.14444,1.00,1.76
2017.05.31 23:35:56.327,1.14426,1.14444,1.00,2.14
2017.05.31 23:36:03.426,1.14427,1.14444,1.00,1.82
2017.05.31 23:36:05.911,1.14428,1.14446,1.87,3.30
2017.05.31 23:36:06.073,1.14433,1.14449,1.12,2.70
2017.05.31 23:36:10.131,1.14434,1.14449,1.00,2.06
2017.05.31 23:36:11.854,1.14433,1.14449,1.87,2.81
2017.05.31 23:36:13.214,1.14434,1.14449,1.00,2.06
2017.05.31 23:36:13.824,1.14433,1.14449,1.87,2.06
2017.05.31 23:36:18.146,1.14434,1.14451,1.87,2.04
2017.05.31 23:36:24.650,1.14435,1.1445,1.00,1.01
2017.05.31 23:36:25.155,1.14434,1.14451,1.87,1.69
2017.05.31 23:36:26.003,1.14435,1.14451,1.00,2.51
2017.05.31 23:36:26.836,1.14434,1.14451,1.87,2.51
2017.05.31 23:36:27.781,1.14435,1.14451,1.00,1.69
2017.05.31 23:36:28.337,1.14434,1.14451,1.87,1.76
2017.05.31 23:36:28.879,1.14435,1.14451,1.12,1.69
2017.05.31 23:36:30.060,1.14434,1.1445,1.00,2.36
2017.05.31 23:36:30.580,1.14436,1.14451,1.00,1.76
2017.05.31 23:36:31.225,1.14435,1.14451,1.87,1.69
2017.05.31 23:36:31.690,1.14433,1.1445,1.12,1.69
2017.05.31 23:36:31.741,1.14435,1.1445,1.00,1.69
2017.05.31 23:36:32.710,1.14434,1.14451,1.12,1.69
2017.05.31 23:36:33.212,1.14435,1.1445,1.00,1.49
2017.05.31 23:36:33.436,1.14433,1.14449,2.25,1.31
2017.05.31 23:36:33.920,1.14435,1.14449,1.00,1.31
2017.05.31 23:36:34.993,1.14434,1.1445,1.00,2.29
2017.05.31 23:36:35.852,1.14432,1.14449,2.62,1.25
2017.05.31 23:36:36.375,1.14434,1.1445,1.00,1.76
2017.05.31 23:36:36.909,1.14435,1.14451,1.12,2.36
2017.05.31 23:36:37.145,1.14433,1.14449,1.12,1.31
2017.05.31 23:36:37.657,1.14434,1.14451,1.12,3.49
2017.05.31 23:36:38.251,1.14435,1.14451,1.00,4.24
2017.05.31 23:36:38.822,1.14435,1.14451,1.00,2.89
2017.05.31 23:36:39.379,1.14434,1.14448,1.00,1.12
2017.05.31 23:36:39.431,1.14434,1.14451,1.87,1.76
2017.05.31 23:36:40.136,1.14435,1.1445,1.00,2.06
2017.05.31 23:36:40.802,1.14434,1.14451,1.50,2.51
2017.05.31 23:36:41.355,1.14433,1.14451,2.62,1.39
2017.05.31 23:36:43.390,1.14433,1.14451,1.87,2.55
2017.05.31 23:36:43.918,1.14433,1.1445,1.87,1.35
2017.05.31 23:36:44.812,1.14433,1.14452,2.62,2.14
2017.05.31 23:36:45.323,1.14433,1.14449,2.62,1.00
2017.05.31 23:36:45.374,1.14433,1.14451,2.62,1.24
2017.05.31 23:36:45.577,1.14433,1.14449,1.87,1.12
2017.05.31 23:36:46.006,1.14434,1.14451,1.50,2.44
2017.05.31 23:36:46.108,1.14434,1.14449,1.50,1.00
2017.05.31 23:36:46.638,1.14433,1.1445,2.62,1.10
2017.05.31 23:36:46.955,1.14433,1.14448,2.62,1.00
2017.05.31 23:36:47.006,1.14434,1.14451,1.12,1.99
2017.05.31 23:36:47.510,1.14432,1.14448,1.75,1.35
2017.05.31 23:36:47.714,1.14434,1.14451,1.50,3.11
2017.05.31 23:36:47.765,1.14434,1.14448,1.50,1.35
2017.05.31 23:36:49.330,1.14435,1.1445,1.00,1.19
2017.05.31 23:36:50.061,1.14433,1.1445,1.50,1.19
2017.05.31 23:36:51.029,1.14434,1.14451,1.12,3.26
2017.05.31 23:36:54.610,1.14433,1.14449,1.50,1.29
2017.05.31 23:36:54.876,1.14432,1.14449,2.25,1.39
2017.05.31 23:37:04.675,1.14431,1.14447,1.50,1.00
2017.05.31 23:37:04.983,1.1443,1.14446,1.87,1.19
2017.05.31 23:37:05.290,1.1443,1.14444,1.12,1.25
2017.05.31 23:37:05.646,1.14425,1.14444,1.50,1.61
2017.05.31 23:37:06.169,1.14425,1.14443,1.50,1.37
2017.05.31 23:37:07.076,1.14425,1.14444,1.50,1.61
2017.05.31 23:37:07.822,1.14425,1.14443,1.50,1.99
2017.05.31 23:37:08.971,1.14426,1.14443,1.12,1.61
2017.05.31 23:37:09.023,1.14425,1.14443,1.50,2.74
2017.05.31 23:37:11.000,1.14426,1.14443,1.12,1.99
2017.05.31 23:37:11.558,1.14426,1.14443,1.12,1.61
2017.05.31 23:37:14.115,1.14427,1.14444,1.00,1.00
2017.05.31 23:37:14.421,1.14431,1.14447,1.87,1.12
2017.05.31 23:37:14.945,1.1443,1.14448,2.62,1.12
2017.05.31 23:37:15.551,1.1443,1.14446,1.87,1.00
2017.05.31 23:37:16.129,1.1443,1.14447,2.62,1.00
2017.05.31 23:37:16.875,1.1443,1.14448,2.62,1.12
2017.05.31 23:37:17.535,1.1443,1.14447,2.62,1.00
2017.05.31 23:37:26.269,1.14431,1.14447,1.00,1.00
2017.05.31 23:37:26.827,1.1443,1.14445,1.50,1.12
2017.05.31 23:37:30.230,1.1443,1.14447,2.25,1.19
2017.05.31 23:37:30.382,1.14431,1.14448,1.00,1.87
2017.05.31 23:37:30.535,1.14431,1.14448,1.50,1.12
2017.05.31 23:37:31.508,1.14431,1.14447,1.50,1.00
2017.05.31 23:37:32.286,1.14431,1.14448,1.50,1.12
2017.05.31 23:37:38.236,1.14431,1.14448,1.00,1.50
2017.05.31 23:37:38.861,1.14431,1.14448,1.50,1.12
2017.05.31 23:37:41.361,1.14432,1.1445,1.50,1.01
2017.05.31 23:37:41.660,1.14432,1.14448,1.50,1.00
2017.05.31 23:37:41.711,1.14432,1.1445,1.50,1.01
2017.05.31 23:37:42.458,1.14432,1.14449,2.25,1.00
2017.05.31 23:37:42.987,1.14432,1.14448,1.50,1.00
2017.05.31 23:37:43.497,1.14432,1.14451,1.50,2.89
2017.05.31 23:37:43.708,1.14431,1.14447,2.62,1.12
2017.05.31 23:37:43.807,1.14432,1.1445,1.50,1.39
2017.05.31 23:37:44.437,1.14432,1.14447,1.12,1.12
2017.05.31 23:37:44.641,1.14432,1.14451,2.25,3.64
2017.05.31 23:37:45.593,1.14432,1.14451,2.25,3.49
2017.05.31 23:37:58.019,1.14432,1.14451,2.25,2.51
2017.05.31 23:37:59.258,1.14432,1.14449,1.50,1.00
2017.05.31 23:37:59.774,1.14432,1.14449,1.12,1.29
2017.05.31 23:38:00.360,1.14431,1.14448,1.50,2.66
2017.05.31 23:38:00.515,1.14431,1.14444,1.00,1.54
2017.05.31 23:38:00.566,1.14427,1.14443,1.87,1.99
2017.05.31 23:38:00.876,1.14425,1.14441,1.12,1.31
2017.05.31 23:38:01.615,1.14426,1.14441,1.00,1.12
2017.05.31 23:38:02.597,1.14425,1.14441,1.87,1.12
2017.05.31 23:38:02.648,1.14427,1.14442,1.12,1.01
2017.05.31 23:38:03.160,1.14427,1.14444,2.25,1.29
2017.05.31 23:38:20.847,1.14427,1.14445,1.50,3.64
2017.05.31 23:38:23.203,1.14427,1.14443,1.00,1.01
2017.05.31 23:38:23.575,1.14427,1.14441,1.00,1.12
2017.05.31 23:38:23.880,1.14425,1.14441,1.00,1.12
2017.05.31 23:38:24.084,1.14427,1.14441,1.00,1.12
2017.05.31 23:38:24.136,1.14425,1.14441,1.00,1.12
2017.05.31 23:38:24.700,1.14426,1.14441,1.00,1.12
2017.05.31 23:38:25.132,1.14424,1.14441,1.50,1.12
2017.05.31 23:38:25.183,1.14426,1.14441,1.00,1.12
2017.05.31 23:38:25.987,1.14425,1.14441,1.00,1.12
2017.05.31 23:38:26.489,1.14424,1.14441,1.50,1.12
2017.05.31 23:38:26.824,1.14426,1.14441,1.00,1.12
2017.05.31 23:38:27.236,1.14424,1.14441,1.50,1.12
2017.05.31 23:38:27.287,1.14426,1.14441,1.00,1.12
2017.05.31 23:38:27.798,1.14425,1.14441,1.00,1.12
2017.05.31 23:38:28.320,1.14426,1.14441,1.00,1.12
2017.05.31 23:38:28.550,1.14424,1.14441,1.50,1.12
2017.05.31 23:38:28.601,1.14426,1.14441,1.00,1.12
2017.05.31 23:38:28.811,1.14424,1.14441,1.50,1.12
2017.05.31 23:38:29.146,1.14426,1.14441,1.00,1.12
2017.05.31 23:38:29.637,1.14424,1.14441,1.50,1.12
2017.05.31 23:38:29.689,1.14426,1.14441,1.00,1.12
2017.05.31 23:38:30.235,1.14425,1.14441,1.00,1.12
2017.05.31 23:38:30.748,1.14424,1.14441,1.00,1.12
2017.05.31 23:38:31.273,1.14425,1.14441,1.00,1.12
2017.05.31 23:38:31.821,1.14424,1.14441,1.50,1.12
2017.05.31 23:38:32.637,1.14425,1.14441,1.00,1.12
2017.05.31 23:38:33.189,1.14424,1.14441,1.50,1.12
2017.05.31 23:38:33.727,1.14425,1.14441,1.00,1.12
2017.05.31 23:38:34.228,1.14424,1.14441,1.50,1.12
2017.05.31 23:38:34.780,1.14425,1.14441,1.00,1.12
2017.05.31 23:38:35.328,1.14424,1.14441,1.50,1.12
2017.05.31 23:38:36.228,1.14425,1.14441,1.00,1.12
2017.05.31 23:38:37.055,1.14424,1.14441,1.00,1.12
2017.05.31 23:38:37.606,1.14425,1.14441,1.00,1.12
2017.05.31 23:38:38.167,1.14424,1.14441,1.50,1.12
2017.05.31 23:38:38.770,1.14423,1.14441,2.62,1.12
2017.05.31 23:38:39.078,1.14425,1.14441,1.00,1.12
2017.05.31 23:38:40.076,1.14424,1.14441,1.00,1.12
2017.05.31 23:38:40.808,1.14423,1.14441,2.62,1.12
2017.05.31 23:38:41.319,1.14424,1.14441,1.00,1.12
2017.05.31 23:38:41.878,1.14423,1.14441,2.62,1.12
2017.05.31 23:38:42.386,1.14424,1.14441,1.00,1.12
2017.05.31 23:38:42.915,1.14423,1.14441,2.62,1.12
2017.05.31 23:38:43.623,1.14423,1.14437,1.50,1.12
2017.05.31 23:38:43.826,1.14424,1.14442,1.12,1.20
2017.05.31 23:38:43.928,1.14423,1.14438,1.00,1.12
2017.05.31 23:38:44.486,1.14424,1.14438,1.00,1.12
2017.05.31 23:38:45.003,1.14423,1.14438,1.50,1.12
2017.05.31 23:38:45.308,1.14424,1.14441,1.12,1.00
2017.05.31 23:38:45.431,1.14423,1.14438,1.50,1.12
2017.05.31 23:38:45.533,1.14425,1.14441,1.12,1.87
2017.05.31 23:38:45.635,1.14424,1.14438,1.00,1.12
2017.05.31 23:38:45.814,1.14424,1.14442,1.87,1.95
2017.05.31 23:38:46.117,1.14423,1.14439,1.50,1.12
2017.05.31 23:38:46.449,1.14423,1.14438,1.87,1.12
2017.05.31 23:38:46.506,1.14424,1.14442,1.12,1.20
2017.05.31 23:38:46.628,1.14423,1.14439,1.00,1.12
2017.05.31 23:38:47.145,1.14424,1.14439,1.00,1.12
2017.05.31 23:38:47.349,1.14424,1.14442,1.12,1.12
2017.05.31 23:38:47.755,1.14423,1.14438,1.50,1.12
2017.05.31 23:38:48.321,1.14424,1.14438,1.00,1.12
2017.05.31 23:38:49.078,1.14423,1.14438,1.00,1.12
2017.05.31 23:38:49.970,1.14424,1.14438,1.00,1.12
2017.05.31 23:38:50.514,1.14423,1.14438,1.50,1.12
2017.05.31 23:38:51.434,1.14424,1.14438,1.00,1.12
2017.05.31 23:38:52.075,1.14423,1.14438,1.00,1.12
2017.05.31 23:38:52.587,1.14422,1.14438,1.87,1.12
2017.05.31 23:38:52.940,1.14424,1.14438,1.00,1.12
2017.05.31 23:38:56.952,1.14422,1.14438,1.87,1.50
2017.05.31 23:38:57.054,1.14423,1.14438,1.50,1.12
2017.05.31 23:39:00.696,1.14423,1.14438,1.00,1.12
2017.05.31 23:39:01.308,1.14424,1.14438,1.00,1.12
2017.05.31 23:39:01.946,1.14424,1.14438,1.37,1.12
2017.05.31 23:39:02.782,1.14422,1.14438,1.12,1.50
2017.05.31 23:39:03.126,1.1442,1.14435,1.37,1.12
2017.05.31 23:39:03.686,1.14422,1.14435,1.00,1.12
2017.05.31 23:39:04.242,1.14421,1.14435,1.12,1.12
2017.05.31 23:39:04.296,1.14421,1.14437,1.50,1.12
2017.05.31 23:39:04.399,1.14421,1.14437,1.50,1.37
2017.05.31 23:39:04.757,1.14421,1.14437,1.87,1.50
2017.05.31 23:39:05.355,1.14422,1.14437,1.00,1.12
2017.05.31 23:39:06.230,1.14421,1.14437,1.87,1.12
2017.05.31 23:39:06.755,1.14422,1.14437,1.00,1.12
2017.05.31 23:39:07.263,1.14421,1.14437,1.87,1.12
2017.05.31 23:39:07.685,1.14424,1.14437,1.00,1.12
2017.05.31 23:39:08.000,1.14426,1.14437,1.00,1.12
2017.05.31 23:39:08.524,1.14425,1.14437,1.00,1.12
2017.05.31 23:39:09.050,1.14426,1.14437,1.00,1.12
2017.05.31 23:39:10.397,1.14425,1.14437,1.00,1.12
2017.05.31 23:39:11.585,1.14426,1.14437,1.00,1.12
2017.05.31 23:39:12.253,1.14424,1.14437,1.00,1.12
2017.05.31 23:39:12.416,1.14426,1.14437,1.00,1.12
2017.05.31 23:39:12.920,1.14427,1.14437,1.00,1.12
2017.05.31 23:39:12.972,1.14425,1.14437,1.00,1.12
2017.05.31 23:39:13.023,1.14427,1.14437,1.00,1.12
2017.05.31 23:39:13.370,1.14425,1.14437,1.00,1.12
2017.05.31 23:39:13.890,1.14426,1.14437,1.00,1.12
2017.05.31 23:39:14.465,1.14425,1.14437,1.00,1.12
2017.05.31 23:39:15.084,1.14424,1.14437,1.00,1.12
2017.05.31 23:39:15.618,1.14425,1.14437,1.00,1.12
2017.05.31 23:39:16.202,1.14426,1.14437,1.00,1.12
2017.05.31 23:39:16.695,1.14424,1.14437,1.00,1.12
2017.05.31 23:39:16.747,1.14426,1.14437,1.00,1.12
2017.05.31 23:39:17.009,1.14424,1.14437,1.00,1.12
2017.05.31 23:39:17.131,1.14426,1.14437,1.00,1.12
2017.05.31 23:39:17.638,1.14425,1.14437,1.00,1.12
2017.05.31 23:39:18.199,1.14426,1.14437,1.00,1.12
2017.05.31 23:39:18.750,1.14425,1.14437,1.00,1.12
2017.05.31 23:39:19.334,1.14427,1.14437,1.00,1.12
2017.05.31 23:39:19.672,1.14425,1.14437,1.00,1.12
2017.05.31 23:39:20.237,1.14425,1.14434,1.00,1.12
2017.05.31 23:39:20.491,1.14423,1.14438,1.00,2.62
2017.05.31 23:39:20.542,1.14425,1.14434,1.00,1.50
2017.05.31 23:39:21.238,1.14426,1.14438,1.00,2.62
2017.05.31 23:39:21.492,1.14424,1.14438,1.00,2.62
2017.05.31 23:39:22.060,1.14425,1.14437,1.00,1.87
2017.05.31 23:39:22.335,1.14423,1.14434,1.00,1.50
2017.05.31 23:39:22.387,1.14425,1.14438,1.00,2.62
2017.05.31 23:39:22.964,1.14424,1.14438,1.00,2.62
2017.05.31 23:39:23.472,1.14425,1.14438,1.00,2.62
2017.05.31 23:39:23.979,1.14426,1.14438,1.00,2.62
2017.05.31 23:39:24.030,1.14424,1.14438,1.00,2.62
2017.05.31 23:39:24.198,1.14426,1.14438,1.00,1.87
2017.05.31 23:39:24.250,1.14424,1.14438,1.00,1.50
2017.05.31 23:39:24.504,1.14426,1.14438,1.00,1.50
2017.05.31 23:39:24.606,1.14424,1.14438,1.00,1.50
2017.05.31 23:39:24.809,1.14426,1.14438,1.00,1.50
2017.05.31 23:39:24.860,1.14424,1.14438,1.00,1.50
2017.05.31 23:39:25.033,1.14426,1.14438,1.00,1.50
2017.05.31 23:39:25.084,1.14424,1.14438,1.00,1.50
2017.05.31 23:39:25.237,1.14426,1.14438,1.00,1.50
2017.05.31 23:39:25.288,1.14424,1.14438,1.00,1.50
2017.05.31 23:39:25.543,1.14426,1.14438,1.00,1.50
2017.05.31 23:39:25.816,1.14424,1.14438,1.00,1.50
2017.05.31 23:39:25.867,1.14426,1.14438,1.00,1.50
2017.05.31 23:39:26.020,1.14424,1.14438,1.00,1.50
2017.05.31 23:39:26.172,1.14426,1.14438,1.00,1.50
2017.05.31 23:39:26.738,1.14425,1.14438,1.00,1.50
2017.05.31 23:39:26.938,1.14423,1.14438,1.00,2.25
2017.05.31 23:39:27.040,1.14425,1.14438,1.00,2.62
2017.05.31 23:39:27.578,1.14424,1.14438,1.00,2.62
2017.05.31 23:39:28.146,1.14425,1.14434,1.00,1.50
2017.05.31 23:39:28.664,1.14424,1.14437,1.00,1.87
2017.05.31 23:39:28.715,1.14426,1.14437,1.00,1.12
2017.05.31 23:39:28.817,1.14424,1.14437,1.00,1.12
2017.05.31 23:39:28.919,1.14426,1.14437,1.00,1.87
2017.05.31 23:39:29.247,1.14424,1.14434,1.00,1.50
2017.05.31 23:39:29.610,1.14425,1.14437,1.00,1.50
2017.05.31 23:39:30.148,1.14425,1.14437,1.00,1.12
2017.05.31 23:39:30.614,1.14423,1.14437,1.00,1.12
2017.05.31 23:39:30.665,1.14423,1.14438,1.00,1.37
2017.05.31 23:39:31.178,1.14422,1.14434,1.00,1.12
2017.05.31 23:39:32.461,1.14423,1.14434,1.00,1.12
2017.05.31 23:39:34.605,1.14424,1.14434,1.00,1.12
2017.05.31 23:39:34.774,1.14422,1.14434,1.00,1.12
2017.05.31 23:39:35.295,1.14421,1.14435,1.00,1.87
2017.05.31 23:39:35.579,1.14423,1.14435,1.00,1.87
2017.05.31 23:39:36.177,1.14424,1.14435,1.00,1.00
2017.05.31 23:39:36.345,1.14422,1.14435,1.00,1.00
2017.05.31 23:39:36.397,1.14424,1.14434,1.00,1.12
2017.05.31 23:39:36.549,1.14422,1.14434,1.00,1.12
2017.05.31 23:39:36.750,1.14424,1.14434,1.00,1.12
2017.05.31 23:39:36.801,1.14422,1.14434,1.00,1.12
2017.05.31 23:39:36.853,1.14424,1.14435,1.00,1.00
2017.05.31 23:39:37.393,1.14423,1.14435,1.00,1.87
2017.05.31 23:39:37.927,1.14425,1.14435,1.00,1.00
2017.05.31 23:39:38.233,1.14431,1.14441,1.00,1.75
2017.05.31 23:39:38.335,1.14431,1.14444,1.00,1.50
2017.05.31 23:39:38.504,1.14431,1.14444,1.00,1.12
2017.05.31 23:39:38.709,1.14429,1.14444,1.50,1.12
2017.05.31 23:39:46.290,1.14427,1.14441,1.00,1.12
2017.05.31 23:39:46.604,1.14427,1.14438,1.00,1.12
2017.05.31 23:39:46.708,1.14425,1.14438,1.50,1.12
2017.05.31 23:39:46.861,1.14423,1.14438,1.12,1.75
2017.05.31 23:39:46.963,1.14421,1.14436,1.00,1.12
2017.05.31 23:39:47.065,1.14419,1.14432,1.00,1.12
2017.05.31 23:39:47.269,1.14417,1.14432,1.50,1.50
2017.05.31 23:39:51.738,1.14418,1.14432,1.00,1.50
2017.05.31 23:39:53.389,1.14417,1.14432,1.00,1.50
2017.05.31 23:39:53.917,1.14418,1.14432,1.00,1.50
2017.05.31 23:39:54.374,1.14416,1.14432,1.87,1.50
2017.05.31 23:39:54.426,1.14418,1.14432,1.00,1.50
2017.05.31 23:39:54.953,1.14417,1.14432,1.50,1.50
2017.05.31 23:39:55.465,1.14418,1.14432,1.00,1.50
2017.05.31 23:39:55.984,1.14417,1.14432,1.50,1.50
2017.05.31 23:39:56.682,1.14418,1.14432,1.00,1.50
2017.05.31 23:39:57.315,1.14419,1.14432,1.00,1.50
2017.05.31 23:39:57.367,1.14417,1.14432,1.00,1.50
2017.05.31 23:39:57.825,1.14419,1.14432,1.00,1.50
2017.05.31 23:39:58.241,1.1442,1.14439,1.00,2.55
2017.05.31 23:39:58.292,1.14419,1.14432,1.00,1.12
2017.05.31 23:39:58.822,1.1442,1.14432,1.00,1.12
2017.05.31 23:39:58.873,1.14418,1.14432,1.00,1.12
2017.05.31 23:39:59.077,1.14421,1.14435,1.00,1.87
2017.05.31 23:39:59.407,1.14424,1.14435,1.00,1.12
2017.05.31 23:39:59.510,1.14425,1.14439,1.00,1.50
2017.05.31 23:40:00.140,1.14424,1.14439,1.00,1.12
2017.05.31 23:40:01.397,1.14426,1.14439,1.00,1.12
2017.05.31 23:40:01.805,1.14424,1.14439,1.69,1.12
2017.05.31 23:40:02.373,1.14425,1.14439,1.00,1.12
2017.05.31 23:40:02.898,1.14426,1.14439,1.00,1.12
2017.05.31 23:40:03.639,1.14427,1.14439,1.00,1.12
2017.05.31 23:40:04.016,1.14425,1.14439,1.00,1.12
2017.05.31 23:40:04.423,1.14423,1.14436,1.00,1.12
2017.05.31 23:40:04.525,1.1442,1.14434,1.00,1.12
2017.05.31 23:40:04.943,1.14418,1.1443,1.12,1.12
2017.05.31 23:40:08.438,1.14417,1.1443,1.00,1.12
2017.05.31 23:40:10.211,1.14418,1.1443,1.00,1.12
2017.05.31 23:40:10.262,1.14416,1.1443,1.00,1.12
2017.05.31 23:40:10.416,1.14415,1.14427,1.00,1.12
2017.05.31 23:40:10.773,1.14411,1.14427,2.25,1.50
2017.05.31 23:40:11.285,1.14413,1.14427,1.00,1.50
2017.05.31 23:40:12.083,1.14414,1.14427,1.00,1.50
2017.05.31 23:40:12.730,1.14413,1.14427,1.00,1.50
2017.05.31 23:40:15.276,1.14412,1.14427,1.00,1.50
2017.05.31 23:40:16.517,1.14414,1.14427,1.00,1.50
2017.05.31 23:40:23.821,1.14414,1.14427,1.00,1.12
2017.05.31 23:40:25.789,1.14416,1.14427,1.00,1.12
2017.05.31 23:40:30.647,1.14417,1.14427,1.00,1.12
2017.05.31 23:40:30.700,1.14419,1.14431,1.00,1.50
2017.05.31 23:40:30.986,1.14421,1.14433,1.00,1.87
2017.05.31 23:40:31.037,1.1442,1.14433,1.00,1.12
2017.05.31 23:40:31.588,1.14419,1.14433,1.00,1.12
2017.05.31 23:40:32.139,1.14418,1.14433,1.00,1.12
2017.05.31 23:40:35.387,1.14419,1.14433,1.00,1.12
2017.05.31 23:40:40.237,1.1442,1.14433,1.00,1.12
2017.05.31 23:40:41.188,1.14419,1.1443,1.00,1.12
2017.05.31 23:40:41.502,1.14425,1.14435,1.00,1.00
2017.05.31 23:40:41.553,1.14425,1.14438,1.00,1.12
2017.05.31 23:40:47.859,1.14426,1.1444,1.00,2.06
2017.05.31 23:40:48.302,1.14428,1.1444,1.00,2.06
2017.05.31 23:40:48.455,1.14428,1.14442,1.00,2.06
2017.05.31 23:40:48.506,1.1443,1.14442,1.00,2.06
2017.05.31 23:40:48.782,1.14427,1.14442,1.00,2.06
2017.05.31 23:40:51.168,1.14426,1.14442,1.00,2.81
2017.05.31 23:40:52.356,1.14426,1.14439,1.00,1.12
2017.05.31 23:40:54.497,1.14426,1.14442,1.00,1.31
2017.05.31 23:40:54.599,1.14428,1.14442,1.00,1.31
2017.05.31 23:41:00.253,1.14429,1.14442,1.00,1.12
2017.05.31 23:41:00.795,1.14428,1.14442,1.00,1.12
2017.05.31 23:41:07.493,1.14428,1.14442,1.00,1.31
2017.05.31 23:41:08.020,1.14427,1.14442,1.00,1.31
2017.05.31 23:41:09.484,1.14425,1.14442,2.25,1.31
2017.05.31 23:41:10.529,1.14425,1.14439,1.12,1.12
2017.05.31 23:41:10.839,1.14423,1.14439,1.00,2.44
2017.05.31 23:41:11.352,1.14423,1.14439,1.00,1.69
2017.05.31 23:41:12.375,1.14423,1.14439,1.00,1.50
2017.05.31 23:41:12.748,1.14425,1.14439,1.00,1.50
2017.05.31 23:41:13.211,1.14423,1.14439,1.50,1.50
2017.05.31 23:41:14.738,1.14424,1.14439,1.00,1.50
2017.05.31 23:41:18.022,1.14423,1.14439,1.50,1.50
2017.05.31 23:41:19.230,1.14424,1.14439,1.00,1.50
2017.05.31 23:41:21.479,1.14425,1.14439,1.00,1.50
2017.05.31 23:41:22.016,1.14426,1.14442,1.00,1.95
2017.05.31 23:41:23.226,1.14425,1.1444,1.00,1.87
2017.05.31 23:41:23.761,1.14429,1.14443,1.00,2.25
2017.05.31 23:41:23.914,1.14429,1.14444,1.00,1.87
2017.05.31 23:41:42.694,1.14428,1.14444,1.00,1.87
2017.05.31 23:41:43.853,1.14427,1.14444,2.62,1.87
2017.05.31 23:41:45.762,1.14427,1.14444,3.00,1.50
2017.05.31 23:41:49.885,1.14427,1.14441,1.12,1.12
2017.05.31 23:41:50.192,1.14426,1.14441,1.00,1.95
2017.05.31 23:41:53.421,1.14424,1.14441,2.62,1.87
2017.05.31 23:41:55.870,1.14423,1.14438,1.00,1.12
2017.05.31 23:41:58.508,1.14422,1.14438,1.87,1.12
2017.05.31 23:42:01.665,1.14423,1.14438,1.50,1.12
2017.05.31 23:42:02.369,1.14424,1.14438,1.00,1.12
2017.05.31 23:42:02.967,1.14423,1.14438,1.50,1.12
2017.05.31 23:42:03.767,1.14424,1.14438,1.00,1.12
2017.05.31 23:42:04.281,1.14423,1.14438,1.50,1.12
2017.05.31 23:42:19.795,1.14424,1.14438,1.00,1.12
2017.05.31 23:42:23.795,1.14423,1.14438,1.00,1.12
2017.05.31 23:42:37.855,1.14423,1.1444,1.00,1.50
2017.05.31 23:42:42.046,1.14422,1.1444,1.87,1.50
2017.05.31 23:42:45.742,1.14422,1.1444,1.00,1.87
2017.05.31 23:42:47.150,1.14419,1.14435,3.56,1.12
2017.05.31 23:42:47.201,1.14419,1.14435,2.81,1.50
2017.05.31 23:42:48.389,1.1442,1.14435,1.00,1.50
2017.05.31 23:42:49.030,1.14419,1.14435,2.06,1.50
2017.05.31 23:42:57.020,1.14417,1.14435,1.31,1.12
2017.05.31 23:42:58.409,1.14417,1.14434,1.31,1.00
2017.05.31 23:43:00.156,1.14417,1.14433,1.31,1.00
2017.05.31 23:43:00.542,1.14417,1.14436,2.06,1.47
2017.05.31 23:43:05.644,1.14417,1.14434,1.69,1.00
2017.05.31 23:43:09.628,1.14416,1.14434,1.50,1.00
2017.05.31 23:43:22.178,1.14416,1.14434,1.00,2.92
2017.05.31 23:43:22.566,1.14411,1.14426,1.00,1.12
2017.05.31 23:43:22.618,1.14411,1.14423,1.00,1.12
2017.05.31 23:43:22.841,1.14409,1.14423,1.00,1.50
2017.05.31 23:43:45.820,1.14409,1.14423,1.00,1.87
2017.05.31 23:43:47.604,1.14407,1.14419,1.00,1.00
2017.05.31 23:43:47.910,1.14404,1.14415,1.00,1.12
2017.05.31 23:43:50.194,1.14403,1.14415,1.00,1.12
2017.05.31 23:43:52.070,1.14399,1.14415,3.37,1.12
2017.05.31 23:43:52.122,1.14399,1.14411,1.50,1.12
2017.05.31 23:43:52.224,1.14399,1.14411,1.00,1.12
2017.05.31 23:43:52.277,1.14401,1.14414,1.00,1.87
2017.05.31 23:43:52.583,1.14403,1.14414,1.00,1.12
2017.05.31 23:43:53.111,1.14404,1.14414,1.00,1.12
2017.05.31 23:43:57.589,1.14407,1.14418,1.50,1.37
2017.05.31 23:43:57.846,1.14409,1.14421,1.00,1.12
2017.05.31 23:43:58.115,1.14408,1.14424,1.50,1.87
2017.05.31 23:44:01.692,1.1441,1.14424,1.00,1.87
2017.05.31 23:44:08.004,1.14412,1.14424,1.00,2.62
2017.05.31 23:44:11.814,1.14411,1.14424,1.00,1.87
2017.05.31 23:44:15.261,1.14413,1.14425,1.00,1.75
2017.05.31 23:44:15.363,1.14413,1.14427,1.00,1.00
2017.05.31 23:44:16.240,1.1441,1.14425,2.44,1.12
2017.05.31 23:44:16.291,1.1441,1.14423,1.50,1.00
2017.05.31 23:44:19.078,1.14409,1.14423,1.25,1.00
2017.05.31 23:44:19.620,1.14409,1.14425,1.25,2.62
2017.05.31 23:44:20.196,1.14409,1.14424,1.25,1.00
2017.05.31 23:44:23.752,1.14409,1.14423,1.25,1.00
2017.05.31 23:44:25.672,1.14407,1.14421,1.87,1.00
2017.05.31 23:44:26.208,1.14406,1.14422,1.00,1.50
2017.05.31 23:44:27.240,1.14407,1.14422,1.00,1.50
2017.05.31 23:44:31.461,1.14408,1.14422,1.00,1.50
2017.05.31 23:44:32.563,1.1441,1.14422,1.25,1.50
2017.05.31 23:44:35.044,1.14411,1.14425,1.00,1.50
2017.05.31 23:44:35.095,1.14412,1.14425,1.00,1.50
2017.05.31 23:44:35.198,1.14414,1.14429,1.50,1.87
2017.05.31 23:44:35.301,1.14414,1.14429,1.50,1.12
2017.05.31 23:44:35.827,1.14415,1.14429,1.00,1.12
2017.05.31 23:44:36.003,1.14411,1.14429,2.81,1.87
2017.05.31 23:44:36.055,1.14413,1.14429,1.00,1.87
2017.05.31 23:44:36.739,1.1441,1.14426,3.37,1.87
2017.05.31 23:44:37.045,1.14408,1.14422,1.00,1.12
2017.05.31 23:44:38.176,1.14407,1.14422,1.31,1.12
2017.05.31 23:44:44.543,1.14408,1.14422,1.50,1.12
2017.05.31 23:44:44.645,1.1441,1.14426,1.69,2.25
2017.05.31 23:44:44.696,1.14413,1.14426,1.00,2.25
2017.05.31 23:44:45.486,1.14414,1.14426,1.00,1.12
2017.05.31 23:44:45.991,1.14414,1.14428,1.00,1.12
2017.05.31 23:44:46.385,1.14416,1.14428,1.00,1.12
2017.05.31 23:44:46.797,1.14417,1.14433,1.00,1.50
2017.05.31 23:44:47.067,1.14416,1.14428,1.12,1.00
2017.05.31 23:44:47.119,1.14412,1.14428,2.62,1.69
2017.05.31 23:44:47.171,1.14412,1.14427,1.50,1.97
2017.05.31 23:44:47.379,1.1441,1.14424,1.25,1.50
2017.05.31 23:44:49.826,1.14411,1.14424,1.00,1.50
2017.05.31 23:44:50.436,1.1441,1.14424,1.25,1.50
2017.05.31 23:44:56.462,1.1441,1.14423,1.25,1.00
2017.05.31 23:45:00.132,1.14409,1.14423,1.25,1.00
2017.05.31 23:45:00.691,1.14409,1.14424,1.25,2.85
2017.05.31 23:45:02.760,1.1441,1.14424,1.19,1.50
2017.05.31 23:45:03.351,1.1441,1.14424,1.25,1.50
2017.05.31 23:45:07.763,1.1441,1.14422,1.25,1.12
2017.05.31 23:45:10.111,1.14408,1.14422,1.00,1.12
2017.05.31 23:45:10.994,1.14409,1.14422,1.25,1.12
2017.05.31 23:45:16.220,1.14409,1.14424,1.12,1.00
2017.05.31 23:45:18.017,1.1441,1.14424,1.25,1.00
2017.05.31 23:45:22.710,1.1441,1.14425,1.25,1.12
2017.05.31 23:45:23.282,1.14412,1.14425,1.00,1.87
2017.05.31 23:45:25.462,1.14416,1.14428,1.00,2.62
2017.05.31 23:45:25.615,1.14416,1.14428,1.00,1.12
2017.05.31 23:45:25.983,1.14417,1.14432,1.00,1.50
2017.05.31 23:45:26.442,1.14417,1.14428,1.00,1.00
2017.05.31 23:45:26.971,1.14417,1.14429,1.00,1.00
2017.05.31 23:45:32.220,1.14417,1.1443,1.00,1.50
2017.05.31 23:45:34.098,1.14419,1.14432,1.00,1.95
2017.05.31 23:45:34.456,1.14418,1.14432,1.00,1.50
2017.05.31 23:45:36.430,1.14418,1.14431,1.00,1.00
2017.05.31 23:45:36.985,1.14417,1.14432,1.12,1.12
2017.05.31 23:45:37.606,1.14417,1.14432,1.00,2.25
2017.05.31 23:45:37.861,1.14417,1.14432,1.31,1.12
2017.05.31 23:45:42.570,1.14417,1.14431,1.31,1.00
2017.05.31 23:45:43.251,1.14417,1.14432,1.31,1.12
2017.05.31 23:45:43.611,1.14417,1.14429,1.31,1.00
2017.05.31 23:45:44.543,1.14416,1.1443,1.87,1.00
2017.05.31 23:45:45.230,1.14416,1.14431,1.12,1.00
2017.05.31 23:45:46.601,1.14418,1.14431,1.25,1.00
2017.05.31 23:45:47.111,1.14417,1.14432,1.25,2.62
2017.05.31 23:45:47.679,1.14417,1.1443,1.25,1.00
2017.05.31 23:45:49.374,1.14417,1.14432,1.25,2.62
2017.05.31 23:45:49.793,1.14417,1.1443,1.25,1.00
2017.05.31 23:45:50.491,1.14416,1.1443,1.12,1.00
2017.05.31 23:45:52.731,1.14416,1.14429,1.12,1.00
2017.05.31 23:45:53.267,1.14417,1.1443,1.25,1.00
2017.05.31 23:45:54.060,1.14417,1.14431,1.25,1.00
2017.05.31 23:45:55.365,1.14417,1.1443,1.25,1.00
2017.05.31 23:45:55.740,1.14416,1.14427,1.00,1.00
2017.05.31 23:45:55.895,1.14414,1.14428,1.00,1.00
2017.05.31 23:45:56.863,1.14413,1.14428,2.62,1.00
2017.05.31 23:45:57.404,1.14413,1.14424,1.00,1.00
2017.05.31 23:45:57.609,1.1441,1.14424,1.25,1.00
2017.05.31 23:45:58.129,1.1441,1.14423,1.25,1.00
2017.05.31 23:46:00.544,1.1441,1.14424,1.25,1.12
2017.05.31 23:46:01.111,1.14409,1.14424,1.00,1.87
2017.05.31 23:46:06.960,1.1441,1.14426,1.12,1.87
2017.05.31 23:46:07.496,1.1441,1.14425,1.12,1.35
2017.05.31 23:46:07.700,1.14408,1.14424,1.12,1.87
2017.05.31 23:46:07.751,1.14408,1.14422,1.12,1.00
2017.05.31 23:46:07.955,1.14406,1.14422,2.06,1.00
2017.05.31 23:46:08.083,1.14406,1.1442,2.06,1.00
2017.05.31 23:46:08.594,1.14408,1.14422,1.00,1.00
2017.05.31 23:46:09.219,1.14408,1.14424,1.00,1.87
2017.05.31 23:46:13.604,1.14407,1.14422,1.00,1.00
2017.05.31 23:46:14.301,1.14406,1.14422,2.06,1.00
2017.05.31 23:46:18.122,1.14406,1.14419,2.06,1.00
2017.05.31 23:46:18.951,1.14406,1.14421,2.06,1.00
2017.05.31 23:46:19.476,1.14406,1.1442,1.12,1.00
2017.05.31 23:46:20.688,1.14406,1.14421,1.12,1.00
2017.05.31 23:46:21.271,1.14404,1.1442,2.44,1.87
2017.05.31 23:46:22.135,1.14406,1.1442,1.12,1.00
2017.05.31 23:46:22.685,1.14406,1.14421,1.12,1.00
2017.05.31 23:46:23.481,1.14406,1.14419,1.12,1.00
2017.05.31 23:46:24.009,1.14406,1.1442,1.12,1.00
2017.05.31 23:46:24.711,1.14406,1.14422,1.12,1.00
2017.05.31 23:46:24.762,1.14406,1.1442,1.12,1.00
2017.05.31 23:46:25.336,1.14406,1.14421,1.12,1.00
2017.05.31 23:46:25.903,1.14406,1.1442,1.12,1.00
2017.05.31 23:46:29.449,1.14408,1.14423,1.00,1.00
2017.05.31 23:46:29.551,1.1441,1.14423,1.25,1.00
2017.05.31 23:46:30.012,1.14408,1.14423,1.00,1.00
2017.05.31 23:46:30.576,1.14408,1.14424,1.00,2.25
2017.05.31 23:46:31.109,1.1441,1.14424,1.25,2.25
2017.05.31 23:46:31.486,1.1441,1.14421,1.25,1.00
2017.05.31 23:46:31.639,1.1441,1.14424,1.25,2.25
2017.05.31 23:46:31.792,1.1441,1.14422,1.25,1.00
2017.05.31 23:46:32.142,1.1441,1.14424,1.25,2.25
2017.05.31 23:46:32.675,1.1441,1.14423,1.25,1.00
2017.05.31 23:46:33.215,1.1441,1.14424,1.25,2.25
2017.05.31 23:46:33.948,1.1441,1.14423,1.25,1.00
2017.05.31 23:46:34.576,1.1441,1.14424,1.25,1.50
2017.05.31 23:46:48.849,1.14409,1.14424,1.25,1.50
2017.05.31 23:46:51.898,1.14408,1.14424,1.87,1.50
2017.05.31 23:46:59.680,1.14411,1.14424,1.00,1.50
2017.05.31 23:47:00.225,1.14412,1.14424,1.25,1.50
2017.05.31 23:47:00.560,1.14413,1.14427,1.00,1.00
2017.05.31 23:47:01.338,1.14415,1.14427,1.00,1.00
2017.05.31 23:47:01.570,1.14415,1.14431,1.87,2.70
2017.05.31 23:47:02.168,1.14416,1.14431,1.25,2.62
2017.05.31 23:47:09.209,1.14416,1.14428,1.25,1.00
2017.05.31 23:47:09.760,1.14415,1.14428,1.12,1.00
2017.05.31 23:47:10.421,1.14415,1.14427,1.12,1.00
2017.05.31 23:47:11.462,1.14415,1.14429,1.12,1.00
2017.05.31 23:47:12.071,1.14415,1.14428,1.12,1.00
2017.05.31 23:47:12.731,1.14415,1.14427,1.12,1.00
2017.05.31 23:47:14.969,1.14415,1.14428,1.12,1.00
2017.05.31 23:47:15.628,1.14415,1.14429,1.12,1.00
2017.05.31 23:47:16.361,1.14415,1.1443,1.12,1.12
2017.05.31 23:47:17.539,1.14415,1.14428,1.12,1.00
2017.05.31 23:47:17.852,1.14415,1.14426,1.12,1.00
2017.05.31 23:47:18.175,1.14415,1.14423,1.12,1.00
2017.05.31 23:47:18.481,1.14411,1.1442,2.81,1.00
2017.05.31 23:47:18.792,1.14409,1.14421,1.62,1.00
2017.05.31 23:47:18.844,1.14409,1.14419,1.25,1.00
2017.05.31 23:47:19.667,1.14409,1.14418,1.25,1.00
2017.05.31 23:47:20.200,1.14408,1.14417,1.12,1.00
2017.05.31 23:47:23.564,1.14406,1.14416,1.69,1.00
2017.05.31 23:47:23.921,1.14406,1.14418,1.25,1.00
2017.05.31 23:47:25.410,1.14407,1.1442,1.25,1.00
2017.05.31 23:47:25.461,1.14409,1.1442,1.00,1.00
2017.05.31 23:47:25.817,1.14409,1.14422,1.00,1.00
2017.05.31 23:47:26.322,1.1441,1.14422,1.25,1.00
2017.05.31 23:47:30.881,1.1441,1.14421,1.25,1.00
2017.05.31 23:47:33.487,1.1441,1.1442,1.25,1.00
2017.05.31 23:47:34.243,1.14409,1.14421,1.00,1.00
2017.05.31 23:47:37.007,1.14409,1.14419,1.00,1.00
2017.05.31 23:47:37.471,1.14409,1.14421,1.00,1.00
2017.05.31 23:47:45.936,1.14409,1.1442,1.00,1.00
2017.05.31 23:47:46.442,1.14409,1.14421,1.00,1.00
2017.05.31 23:47:51.800,1.14408,1.14421,1.00,1.00
2017.05.31 23:47:54.585,1.14408,1.1442,1.00,1.00
2017.05.31 23:48:00.653,1.14406,1.14416,2.81,1.00
2017.05.31 23:48:00.755,1.14405,1.14419,1.25,1.00
2017.05.31 23:48:00.806,1.14405,1.14417,1.25,1.00
2017.05.31 23:48:01.112,1.14402,1.14411,1.50,1.00
2017.05.31 23:48:01.164,1.14402,1.14411,1.00,1.00
2017.05.31 23:48:01.407,1.14401,1.14409,1.00,1.00
2017.05.31 23:48:01.663,1.14396,1.14406,1.25,1.00
2017.05.31 23:48:01.921,1.14396,1.14408,1.25,1.00
2017.05.31 23:48:02.519,1.14396,1.14409,1.25,1.00
2017.05.31 23:48:03.108,1.14396,1.14408,1.25,1.00
2017.05.31 23:48:03.704,1.14396,1.14409,1.25,1.00
2017.05.31 23:48:03.756,1.14396,1.14407,1.25,1.00
2017.05.31 23:48:06.778,1.14396,1.14408,1.00,1.00
2017.05.31 23:48:07.468,1.14396,1.14407,1.00,1.00
2017.05.31 23:48:07.520,1.14396,1.14409,1.00,1.00
2017.05.31 23:48:08.112,1.14396,1.14407,1.00,1.00
2017.05.31 23:48:08.500,1.14393,1.14405,2.81,1.00
2017.05.31 23:48:08.704,1.14395,1.14407,1.00,1.87
2017.05.31 23:48:08.944,1.14395,1.14405,1.00,1.00
2017.05.31 23:48:09.459,1.14394,1.14405,1.00,1.00
2017.05.31 23:48:10.330,1.14394,1.14404,1.00,1.00
2017.05.31 23:48:10.383,1.14392,1.14404,1.25,1.12
2017.05.31 23:48:10.640,1.14392,1.14407,1.25,1.87
2017.05.31 23:48:11.257,1.14391,1.14406,2.06,1.00
2017.05.31 23:48:12.201,1.14392,1.14406,1.25,1.00
2017.05.31 23:48:12.706,1.14391,1.14406,2.06,1.00
2017.05.31 23:48:13.208,1.14391,1.14405,1.12,1.00
2017.05.31 23:48:13.748,1.14391,1.14406,2.06,1.00
2017.05.31 23:48:15.456,1.14391,1.14407,2.06,1.87
2017.05.31 23:48:15.961,1.14392,1.14406,1.25,1.00
2017.05.31 23:48:16.431,1.14395,1.1441,1.25,1.87
2017.05.31 23:48:16.482,1.14395,1.1441,1.25,1.12
2017.05.31 23:48:16.534,1.14397,1.1441,1.25,1.12
2017.05.31 23:48:17.826,1.14398,1.1441,1.25,1.87
2017.05.31 23:48:17.877,1.14396,1.1441,1.25,1.87
2017.05.31 23:48:18.233,1.14398,1.14412,1.25,1.37
2017.05.31 23:48:20.376,1.14397,1.14411,2.06,1.12
2017.05.31 23:48:20.704,1.14397,1.14409,2.06,1.00
2017.05.31 23:48:21.243,1.14397,1.1441,2.06,1.00
2017.05.31 23:48:21.768,1.14397,1.14411,2.06,1.12
2017.05.31 23:48:22.394,1.14397,1.1441,2.06,1.00
2017.05.31 23:48:23.105,1.14397,1.14413,2.06,2.62
2017.05.31 23:48:23.879,1.14397,1.14411,2.06,1.50
2017.05.31 23:48:24.518,1.14397,1.14411,1.25,1.12
2017.05.31 23:48:25.417,1.14397,1.1441,2.06,1.00
2017.05.31 23:48:25.966,1.14397,1.14412,1.25,1.37
2017.05.31 23:48:26.476,1.14397,1.1441,1.25,1.12
2017.05.31 23:48:26.983,1.14397,1.14413,1.25,1.50
2017.05.31 23:48:27.406,1.14397,1.14409,1.25,1.00
2017.05.31 23:48:27.458,1.14396,1.14411,1.25,2.25
2017.05.31 23:48:27.774,1.14396,1.14409,1.25,1.00
2017.05.31 23:48:28.028,1.14396,1.14412,1.25,1.37
2017.05.31 23:48:28.080,1.14397,1.14411,1.19,1.12
2017.05.31 23:48:28.131,1.14396,1.14411,1.25,1.12
2017.05.31 23:48:28.589,1.14397,1.14413,1.37,1.00
2017.05.31 23:48:28.814,1.14399,1.14416,1.00,1.37
2017.05.31 23:48:29.394,1.14398,1.14415,1.12,1.12
2017.05.31 23:48:29.936,1.144,1.14416,1.00,1.87
2017.05.31 23:48:30.469,1.14398,1.14414,2.06,1.00
2017.05.31 23:48:31.018,1.14398,1.14416,1.31,1.87
2017.05.31 23:48:32.829,1.144,1.14416,1.00,1.87
2017.05.31 23:48:33.378,1.14399,1.14416,1.25,2.62
2017.05.31 23:48:35.748,1.144,1.14416,1.00,1.37
2017.05.31 23:48:36.304,1.14398,1.14417,2.06,3.00
2017.05.31 23:48:37.161,1.144,1.14417,1.00,1.50
2017.05.31 23:48:37.768,1.14399,1.14418,1.25,3.00
2017.05.31 23:48:41.832,1.14398,1.14416,2.06,1.37
2017.05.31 23:48:42.391,1.14399,1.14417,1.12,3.37
2017.05.31 23:48:52.351,1.144,1.14417,1.00,1.87
2017.05.31 23:48:53.856,1.14402,1.14417,1.25,1.87
2017.05.31 23:48:54.162,1.14406,1.14418,1.25,1.00
2017.05.31 23:48:54.274,1.14406,1.1442,1.25,1.12
2017.05.31 23:49:01.705,1.14405,1.1442,1.25,1.12
2017.05.31 23:49:05.900,1.14406,1.14423,2.06,1.00
2017.05.31 23:49:06.488,1.14406,1.14424,2.81,3.37
2017.05.31 23:49:10.432,1.14406,1.14423,2.44,1.00
2017.05.31 23:49:11.540,1.14409,1.14424,1.25,1.50
2017.05.31 23:49:11.847,1.14411,1.14424,1.25,2.25
2017.05.31 23:49:17.058,1.1441,1.14427,1.25,2.62
2017.05.31 23:49:17.567,1.1441,1.14425,1.25,1.00
2017.05.31 23:49:22.244,1.14415,1.14428,1.25,1.00
2017.05.31 23:49:22.347,1.14415,1.1443,1.25,1.00
2017.05.31 23:49:22.871,1.14415,1.14429,1.25,1.00
2017.05.31 23:49:23.899,1.14413,1.14428,1.19,1.00
2017.05.31 23:49:23.951,1.14411,1.14426,2.44,1.00
2017.05.31 23:49:24.485,1.14411,1.14427,1.25,1.00
2017.05.31 23:49:28.009,1.14411,1.14426,1.25,1.00
2017.05.31 23:49:28.162,1.14411,1.14428,1.25,1.35
2017.05.31 23:49:28.316,1.14412,1.14428,1.19,1.00
2017.05.31 23:49:31.467,1.14413,1.14429,1.25,1.00
2017.05.31 23:49:32.591,1.14412,1.14428,1.25,1.00
2017.05.31 23:49:32.693,1.1441,1.14427,2.06,1.00
2017.05.31 23:49:32.897,1.14411,1.14423,1.12,1.00
2017.05.31 23:49:33.588,1.14411,1.14425,1.25,1.00
2017.05.31 23:49:34.177,1.14411,1.14426,2.06,1.00
2017.05.31 23:49:36.240,1.1441,1.14424,2.06,1.00
2017.05.31 23:49:36.752,1.14411,1.14424,1.12,1.00
2017.05.31 23:49:37.286,1.1441,1.14424,2.06,1.00
2017.05.31 23:49:37.808,1.14411,1.14423,1.12,1.00
2017.05.31 23:49:37.860,1.14408,1.14423,1.31,1.00
2017.05.31 23:49:38.273,1.14408,1.14421,1.31,1.00
2017.05.31 23:49:39.830,1.14404,1.14418,1.75,1.00
2017.05.31 23:49:39.883,1.14405,1.1442,1.00,1.00
2017.05.31 23:49:40.393,1.14406,1.14419,1.00,1.00
2017.05.31 23:49:40.904,1.14406,1.1442,1.00,1.00
2017.05.31 23:49:41.007,1.14407,1.14422,1.00,1.00
2017.05.31 23:49:41.224,1.14409,1.14423,1.00,1.00
2017.05.31 23:49:41.326,1.14409,1.14425,1.00,1.00
2017.05.31 23:49:44.371,1.14407,1.14424,2.62,1.00
2017.05.31 23:49:44.576,1.14407,1.14422,1.00,1.00
2017.05.31 23:49:44.627,1.14407,1.14424,1.00,2.25
2017.05.31 23:49:44.825,1.14407,1.14422,1.00,1.00
2017.05.31 23:49:45.030,1.14407,1.14424,1.00,1.00
2017.05.31 23:49:45.570,1.14405,1.14421,1.50,1.00
2017.05.31 23:49:45.674,1.14403,1.14421,1.50,1.50
2017.05.31 23:49:46.560,1.14402,1.1442,2.25,1.00
2017.05.31 23:49:47.081,1.14402,1.14419,1.50,1.12
2017.05.31 23:49:47.238,1.144,1.14415,1.75,1.00
2017.05.31 23:49:47.341,1.144,1.14417,1.75,1.12
2017.05.31 23:49:47.393,1.14399,1.14414,1.00,1.00
2017.05.31 23:49:47.641,1.14401,1.14415,1.00,1.00
2017.05.31 23:49:47.693,1.14398,1.14415,1.12,1.00
2017.05.31 23:49:48.150,1.144,1.14415,1.00,1.00
2017.05.31 23:49:48.712,1.14399,1.14415,1.00,1.00
2017.05.31 23:49:50.283,1.14399,1.14414,1.00,1.00
2017.05.31 23:49:50.743,1.14396,1.14412,1.25,1.00
2017.05.31 23:49:51.321,1.14396,1.14411,1.25,1.00
2017.05.31 23:49:52.921,1.14398,1.14414,1.00,1.12
2017.05.31 23:49:52.973,1.144,1.14414,1.00,1.12
2017.05.31 23:49:53.488,1.14399,1.14413,1.00,1.00
2017.05.31 23:49:55.656,1.144,1.14414,1.00,1.00
2017.05.31 23:49:55.761,1.144,1.14417,1.00,2.62
2017.05.31 23:49:59.637,1.14401,1.14417,1.00,1.87
2017.05.31 23:50:00.088,1.14398,1.14414,1.87,1.00
2017.05.31 23:50:00.648,1.14399,1.14416,1.00,4.76
2017.05.31 23:50:01.211,1.14399,1.14416,1.00,4.01
2017.05.31 23:50:02.643,1.144,1.14416,1.00,2.70
2017.05.31 23:50:02.746,1.144,1.14417,1.00,3.07
2017.05.31 23:50:02.965,1.14403,1.14417,1.00,1.50
2017.05.31 23:50:04.733,1.14402,1.14417,1.00,1.00
2017.05.31 23:50:05.266,1.14399,1.14415,1.00,1.00
2017.05.31 23:50:05.319,1.14401,1.14417,1.00,1.95
2017.05.31 23:50:06.016,1.14403,1.14418,1.00,1.85
2017.05.31 23:50:06.517,1.14402,1.14417,1.00,1.00
2017.05.31 23:50:07.727,1.14403,1.14417,1.00,1.00
2017.05.31 23:50:08.385,1.14403,1.14419,1.00,1.10
2017.05.31 23:50:08.936,1.14403,1.1442,1.69,1.20
2017.05.31 23:50:10.103,1.14403,1.14417,1.00,1.00
2017.05.31 23:50:10.741,1.14402,1.14417,1.00,1.00
2017.05.31 23:50:11.303,1.14402,1.14418,1.50,1.00
2017.05.31 23:50:11.838,1.14403,1.1442,1.69,2.32
2017.05.31 23:50:12.377,1.14403,1.1442,1.69,1.95
2017.05.31 23:50:13.827,1.14403,1.14418,1.69,1.00
2017.05.31 23:50:14.339,1.14402,1.14418,1.50,1.00
2017.05.31 23:50:15.103,1.14402,1.14417,1.00,1.00
2017.05.31 23:50:17.656,1.14402,1.14419,1.00,1.07
2017.05.31 23:50:18.296,1.14402,1.14419,1.00,1.57
2017.05.31 23:50:18.625,1.14402,1.14417,1.00,1.00
2017.05.31 23:50:20.101,1.14399,1.14416,1.00,1.12
2017.05.31 23:50:20.152,1.14401,1.14416,1.00,1.12
2017.05.31 23:50:20.662,1.14402,1.14416,1.00,1.50
2017.05.31 23:50:23.446,1.14405,1.14416,1.00,1.50
2017.05.31 23:50:24.133,1.14404,1.14416,1.00,1.50
2017.05.31 23:50:24.684,1.14404,1.14416,1.69,1.12
2017.05.31 23:50:25.377,1.14405,1.14416,1.00,1.12
2017.05.31 23:50:29.522,1.14403,1.14416,1.00,1.12
2017.05.31 23:50:30.329,1.14402,1.14416,1.50,1.12
2017.05.31 23:50:31.475,1.14402,1.14416,1.00,1.50
2017.05.31 23:50:47.846,1.14401,1.14416,1.50,1.50
2017.05.31 23:50:50.517,1.14401,1.14416,1.50,2.25
2017.05.31 23:50:59.694,1.14404,1.14419,1.25,1.85
2017.05.31 23:51:00.099,1.14409,1.1442,1.00,1.50
2017.05.31 23:51:00.303,1.1441,1.14422,1.00,1.12
2017.05.31 23:51:05.782,1.14409,1.14422,1.00,1.12
2017.05.31 23:51:05.935,1.14407,1.14419,1.87,1.12
2017.05.31 23:51:15.397,1.14406,1.14416,1.00,1.12
2017.05.31 23:51:16.347,1.14405,1.14416,1.25,1.12
2017.05.31 23:51:16.875,1.14404,1.14416,1.00,1.12
2017.05.31 23:51:17.380,1.14404,1.14416,1.00,1.87
2017.05.31 23:51:19.613,1.14406,1.14416,1.00,1.87
2017.05.31 23:51:19.868,1.14407,1.14419,1.00,1.00
2017.05.31 23:51:24.234,1.14407,1.1442,1.50,2.62
2017.05.31 23:51:36.652,1.14406,1.1442,1.00,1.87
2017.05.31 23:51:45.529,1.14407,1.1442,1.00,1.12
2017.05.31 23:51:56.803,1.14407,1.14421,1.00,1.12
2017.05.31 23:52:00.214,1.14405,1.14421,1.50,1.12
2017.05.31 23:52:17.772,1.14406,1.14421,1.00,1.50
2017.05.31 23:52:18.101,1.14408,1.14423,1.00,1.75
2017.05.31 23:52:18.203,1.14409,1.14424,1.50,1.37
2017.05.31 23:52:19.876,1.1441,1.14425,1.00,1.87
2017.05.31 23:52:19.927,1.1441,1.14427,1.00,1.37
2017.05.31 23:52:19.984,1.1441,1.14427,1.00,1.00
2017.05.31 23:52:20.578,1.1441,1.14428,1.00,2.70
2017.05.31 23:52:21.365,1.14409,1.14427,1.50,1.00
2017.05.31 23:52:24.330,1.14411,1.14427,1.00,1.00
2017.05.31 23:52:24.549,1.14409,1.14427,1.50,1.00
2017.05.31 23:52:24.651,1.14411,1.14427,1.00,1.00
2017.05.31 23:52:25.044,1.14409,1.14427,1.50,1.00
2017.05.31 23:52:25.259,1.14411,1.14427,1.00,1.00
2017.05.31 23:52:27.537,1.14411,1.14426,1.00,1.00
2017.05.31 23:52:28.285,1.14409,1.14426,1.00,1.00
2017.05.31 23:52:30.236,1.14411,1.14426,1.00,1.00
2017.05.31 23:52:34.291,1.14409,1.14426,1.50,1.00
2017.05.31 23:52:36.295,1.14411,1.14427,1.00,1.00
2017.05.31 23:52:37.285,1.14409,1.14427,1.50,2.10
2017.05.31 23:52:40.312,1.1441,1.14427,1.00,2.62
2017.05.31 23:52:42.203,1.14409,1.14427,1.00,3.22
2017.05.31 23:52:44.265,1.14409,1.14426,1.00,1.00
2017.05.31 23:52:44.869,1.14409,1.14427,1.00,3.22
2017.05.31 23:52:44.972,1.14408,1.14425,1.87,1.00
2017.05.31 23:52:46.303,1.14409,1.14426,1.00,2.85
2017.05.31 23:52:46.819,1.14409,1.14425,1.00,1.00
2017.05.31 23:52:49.398,1.14409,1.14426,1.00,1.50
2017.05.31 23:53:07.610,1.14411,1.14427,1.00,1.12
2017.05.31 23:53:08.407,1.14412,1.14427,1.00,1.12
2017.05.31 23:53:19.726,1.14416,1.14432,1.00,1.95
2017.05.31 23:53:19.779,1.14416,1.14432,1.00,1.10
2017.05.31 23:53:20.324,1.14416,1.14433,1.00,4.35
2017.05.31 23:53:20.984,1.14416,1.14432,1.00,1.00
2017.05.31 23:53:21.946,1.14415,1.1443,1.00,2.10
2017.05.31 23:53:22.201,1.14413,1.14429,1.00,2.47
2017.05.31 23:53:30.920,1.1441,1.14428,1.50,1.12
2017.05.31 23:53:41.752,1.14411,1.14428,1.25,1.12
2017.05.31 23:53:42.361,1.14411,1.14429,1.69,1.50
2017.05.31 23:53:44.050,1.14414,1.14429,1.00,1.12
2017.05.31 23:53:44.204,1.14416,1.14432,1.50,1.00
2017.05.31 23:53:44.680,1.14418,1.14433,1.00,1.12
2017.05.31 23:53:44.985,1.1442,1.14434,1.00,1.00
2017.05.31 23:53:45.175,1.1442,1.14436,1.00,1.00
2017.05.31 23:53:45.713,1.14421,1.14437,1.00,2.25
2017.05.31 23:53:45.765,1.14421,1.14433,1.00,1.12
2017.05.31 23:53:45.817,1.14418,1.14433,1.00,1.12
2017.05.31 23:53:46.278,1.1442,1.14432,1.00,1.12
2017.05.31 23:53:46.329,1.1442,1.14436,1.00,2.47
2017.05.31 23:53:48.179,1.14417,1.14431,1.12,1.50
2017.05.31 23:53:48.486,1.14415,1.14429,1.50,1.12
2017.05.31 23:53:49.019,1.14414,1.14428,1.00,1.00
2017.05.31 23:53:49.325,1.14417,1.14429,1.00,1.12
2017.05.31 23:53:52.062,1.14417,1.1443,1.00,2.81
2017.05.31 23:53:52.563,1.14417,1.14433,1.00,2.44
2017.05.31 23:53:56.711,1.14416,1.14433,1.00,2.44
2017.05.31 23:54:02.812,1.14415,1.14432,1.00,1.31
2017.05.31 23:54:03.357,1.14414,1.14432,1.00,1.31
2017.05.31 23:54:07.871,1.14415,1.1443,1.00,1.00
2017.05.31 23:54:08.432,1.14413,1.14429,2.25,1.25
2017.05.31 23:54:08.535,1.14411,1.14427,1.75,1.00
2017.05.31 23:54:08.688,1.14411,1.14427,1.00,1.00
2017.05.31 23:54:10.042,1.14409,1.14426,1.00,1.54
2017.05.31 23:54:10.145,1.14409,1.14424,1.00,1.00
2017.05.31 23:54:10.349,1.14407,1.14423,1.00,1.25
2017.05.31 23:54:10.881,1.14404,1.14422,2.62,1.25
2017.05.31 23:54:13.459,1.14404,1.14421,2.62,1.00
2017.05.31 23:54:13.511,1.14402,1.1442,1.75,1.19
2017.05.31 23:54:13.664,1.14401,1.14419,1.12,1.25
2017.05.31 23:54:14.195,1.14401,1.14418,1.12,1.00
2017.05.31 23:54:14.400,1.14401,1.14416,1.12,1.00
2017.05.31 23:54:18.678,1.14399,1.14417,2.25,1.25
2017.05.31 23:54:21.842,1.144,1.14417,1.25,1.00
2017.05.31 23:54:22.450,1.14401,1.14417,1.00,1.00
2017.05.31 23:54:22.876,1.14403,1.14421,1.00,4.99
2017.05.31 23:54:24.883,1.14405,1.14421,1.00,2.89
2017.05.31 23:54:28.213,1.14407,1.14421,1.00,1.87
2017.05.31 23:54:28.502,1.14407,1.14421,1.00,1.12
2017.05.31 23:54:28.554,1.14409,1.14421,1.00,2.62
2017.05.31 23:54:28.860,1.14412,1.14425,1.00,1.12
2017.05.31 23:54:29.847,1.14413,1.14425,1.00,1.12
2017.05.31 23:54:30.433,1.14412,1.14425,1.00,1.12
2017.05.31 23:54:31.026,1.14411,1.14425,1.00,1.12
2017.05.31 23:54:36.943,1.14413,1.14425,1.00,1.12
2017.05.31 23:54:38.930,1.14413,1.14429,1.00,1.01
2017.05.31 23:54:39.745,1.14411,1.14425,1.00,1.12
2017.05.31 23:54:44.187,1.14413,1.14425,1.00,1.12
2017.05.31 23:54:47.652,1.14414,1.14425,1.00,1.12
2017.05.31 23:54:47.908,1.14415,1.14431,1.50,2.70
2017.05.31 23:54:48.506,1.14416,1.14431,1.50,2.62
2017.05.31 23:54:58.238,1.14417,1.14431,1.00,1.87
2017.05.31 23:54:58.391,1.1442,1.14431,1.00,1.87
2017.05.31 23:54:58.545,1.14421,1.14435,1.00,1.50
2017.05.31 23:54:58.953,1.14423,1.14435,1.00,1.50
2017.05.31 23:54:59.487,1.14422,1.14438,1.00,2.44
2017.05.31 23:54:59.876,1.1442,1.14434,1.50,1.12
2017.05.31 23:55:01.851,1.14422,1.14434,1.00,1.12
2017.05.31 23:55:02.360,1.14423,1.14438,1.00,2.62
2017.05.31 23:55:04.459,1.14426,1.14438,1.00,1.87
2017.05.31 23:55:04.562,1.14426,1.14438,1.00,1.12
2017.05.31 23:55:04.888,1.14424,1.14438,1.00,1.12
2017.05.31 23:55:05.397,1.14425,1.14438,1.00,1.12
2017.05.31 23:55:05.963,1.1443,1.14443,1.00,1.87
2017.05.31 23:55:06.168,1.14433,1.14447,1.00,1.87
2017.05.31 23:55:08.345,1.14432,1.14447,1.00,2.44
2017.05.31 23:55:08.397,1.1443,1.14447,1.50,2.06
2017.05.31 23:55:08.552,1.1443,1.14446,1.00,1.80
2017.05.31 23:55:08.654,1.14428,1.14444,1.00,1.12
2017.05.31 23:55:10.234,1.14428,1.14443,1.00,1.00
2017.05.31 23:55:11.214,1.14428,1.14444,1.00,1.12
2017.05.31 23:55:11.936,1.14427,1.14443,1.00,1.00
2017.05.31 23:55:12.094,1.14431,1.14443,1.00,1.50
2017.05.31 23:55:12.145,1.14428,1.14443,1.50,1.00
2017.05.31 23:55:12.808,1.14427,1.14443,1.00,1.50
2017.05.31 23:55:21.371,1.14427,1.14445,1.00,2.25
2017.05.31 23:55:23.092,1.14427,1.14443,1.00,1.00
2017.05.31 23:55:23.295,1.14425,1.14443,1.69,1.50
2017.05.31 23:55:23.449,1.14425,1.14441,1.25,1.00
2017.05.31 23:55:24.684,1.14423,1.1444,1.00,3.79
2017.05.31 23:55:24.992,1.14423,1.1444,1.00,4.54
2017.05.31 23:55:26.707,1.14421,1.14439,1.00,1.54
2017.05.31 23:55:29.417,1.1442,1.14437,1.87,1.54
2017.05.31 23:55:29.469,1.1442,1.14435,1.87,1.00
2017.05.31 23:55:30.028,1.14421,1.14437,1.00,4.12
2017.05.31 23:55:30.543,1.14422,1.14437,1.00,1.50
2017.05.31 23:55:31.072,1.14422,1.14438,1.00,1.37
2017.05.31 23:55:32.944,1.14422,1.14439,1.00,1.30
2017.05.31 23:55:33.357,1.14425,1.1444,1.00,2.25
2017.05.31 23:55:33.985,1.14426,1.1444,1.00,2.25
2017.05.31 23:55:39.282,1.14424,1.1444,1.00,2.85
2017.05.31 23:55:41.795,1.14423,1.1444,1.00,2.25
2017.05.31 23:55:44.344,1.14424,1.1444,1.00,1.50
2017.05.31 23:55:44.447,1.14426,1.1444,1.00,1.50
2017.05.31 23:55:44.600,1.14424,1.14442,1.87,1.00
2017.05.31 23:55:44.651,1.14424,1.1444,1.00,1.87
2017.05.31 23:55:45.163,1.14425,1.1444,1.00,1.12
2017.05.31 23:55:45.470,1.14427,1.1444,1.00,1.12
2017.05.31 23:55:49.028,1.14428,1.1444,1.00,1.12
2017.05.31 23:55:49.232,1.14427,1.14444,1.00,1.37
2017.05.31 23:55:50.096,1.14428,1.14444,1.00,1.37
2017.05.31 23:55:50.249,1.1443,1.14445,1.00,1.87
2017.05.31 23:55:50.756,1.14431,1.14445,1.00,1.87
2017.05.31 23:55:55.310,1.14434,1.14448,1.00,1.75
2017.05.31 23:55:55.415,1.14438,1.14449,1.00,1.37
2017.05.31 23:55:55.639,1.14438,1.14453,1.00,1.00
2017.05.31 23:56:07.120,1.14439,1.14453,1.00,1.00
2017.05.31 23:56:07.275,1.14441,1.14455,1.00,1.12
2017.05.31 23:56:07.377,1.14439,1.14455,1.00,2.25
2017.05.31 23:56:08.032,1.14441,1.14455,1.00,1.12
2017.05.31 23:56:08.545,1.14442,1.14455,1.00,1.12
2017.05.31 23:56:09.964,1.14443,1.14455,1.00,1.12
2017.05.31 23:56:10.066,1.14442,1.14459,1.00,1.12
2017.05.31 23:56:10.925,1.14443,1.14459,1.00,1.12
2017.05.31 23:56:11.441,1.14444,1.14459,1.00,1.12
2017.05.31 23:56:11.972,1.14445,1.14459,1.00,1.12
2017.05.31 23:56:12.574,1.14444,1.14459,1.00,2.62
2017.05.31 23:56:13.118,1.14443,1.14459,1.00,1.87
2017.05.31 23:56:13.738,1.14444,1.14459,1.00,1.87
2017.05.31 23:56:13.841,1.14442,1.14459,1.00,2.62
2017.05.31 23:56:14.659,1.14443,1.14459,1.00,1.87
2017.05.31 23:56:15.169,1.14444,1.14459,1.00,1.87
2017.05.31 23:56:16.350,1.14443,1.14459,1.00,2.62
2017.05.31 23:56:16.839,1.14441,1.14459,1.00,2.62
2017.05.31 23:56:16.890,1.14444,1.14459,1.00,2.62
2017.05.31 23:56:17.130,1.14442,1.14459,1.00,1.87
2017.05.31 23:56:19.480,1.14443,1.14459,1.00,1.87
2017.05.31 23:56:19.960,1.1444,1.14456,1.69,1.00
2017.05.31 23:56:20.270,1.14439,1.14454,1.00,1.12
2017.05.31 23:56:20.821,1.14438,1.14453,1.00,1.00
2017.05.31 23:56:21.971,1.14439,1.14454,1.00,1.12
2017.05.31 23:56:22.279,1.14444,1.14459,1.00,3.37
2017.05.31 23:56:23.176,1.14443,1.14459,1.00,2.62
2017.05.31 23:56:23.729,1.14444,1.14459,1.00,1.87
2017.05.31 23:56:23.831,1.14444,1.14459,1.00,1.12
2017.05.31 23:56:24.285,1.14442,1.14458,1.00,1.00
2017.05.31 23:56:25.637,1.14443,1.14459,1.00,1.12
2017.05.31 23:56:28.529,1.14449,1.14461,1.00,1.25
2017.05.31 23:56:28.682,1.14445,1.14461,1.12,1.00
2017.05.31 23:56:28.734,1.14446,1.14463,1.00,1.00
2017.05.31 23:56:29.258,1.14446,1.14462,1.00,1.00
2017.05.31 23:56:30.363,1.14446,1.14463,1.00,1.00
2017.05.31 23:56:30.930,1.14447,1.14464,1.00,1.31
2017.05.31 23:56:38.667,1.1445,1.14466,1.00,1.37
2017.05.31 23:56:38.923,1.14453,1.14469,1.00,1.25
2017.05.31 23:56:39.179,1.14451,1.14467,1.00,1.00
2017.05.31 23:56:39.763,1.1445,1.14467,2.81,1.00
2017.05.31 23:56:43.679,1.1445,1.14462,1.50,1.00
2017.05.31 23:56:44.090,1.14447,1.14462,1.00,1.00
2017.05.31 23:56:49.349,1.14448,1.14465,1.00,1.00
2017.05.31 23:56:50.863,1.14449,1.14467,1.00,3.00
2017.05.31 23:56:50.914,1.14451,1.14467,1.00,3.00
2017.05.31 23:56:51.610,1.14448,1.14466,1.00,1.12
2017.05.31 23:56:53.134,1.14447,1.14465,1.50,1.00
2017.05.31 23:56:53.680,1.14448,1.14466,1.69,1.12
2017.05.31 23:56:59.475,1.14448,1.14464,1.69,1.00
2017.05.31 23:57:01.039,1.14449,1.14464,1.25,1.00
2017.05.31 23:57:01.877,1.14448,1.14464,1.00,1.00
2017.05.31 23:57:05.087,1.14447,1.14463,1.00,1.00
2017.05.31 23:57:05.564,1.14447,1.14465,1.00,1.00
2017.05.31 23:57:06.725,1.14446,1.14464,2.25,1.00
2017.05.31 23:57:06.982,1.14443,1.14458,1.37,1.00
2017.05.31 23:57:07.034,1.14443,1.14458,1.00,1.00
2017.05.31 23:57:07.593,1.14442,1.14458,1.50,1.00
2017.05.31 23:57:18.174,1.14441,1.14458,1.00,1.00
2017.05.31 23:57:19.385,1.14443,1.1446,1.69,1.50
2017.05.31 23:57:29.296,1.14444,1.14459,1.00,1.00
2017.05.31 23:57:29.347,1.14442,1.14458,2.06,1.00
2017.05.31 23:57:29.450,1.14442,1.1446,1.31,1.00
2017.05.31 23:57:29.993,1.14441,1.14457,1.50,1.00
2017.05.31 23:57:30.249,1.14441,1.14459,1.50,1.00
2017.05.31 23:57:30.772,1.1444,1.14458,3.37,1.00
2017.05.31 23:57:37.723,1.14443,1.14459,1.00,1.00
2017.05.31 23:57:43.982,1.14442,1.1446,1.12,1.00
2017.05.31 23:57:46.423,1.14442,1.14458,1.12,1.00
2017.05.31 23:57:49.904,1.14443,1.14459,1.00,1.00
2017.05.31 23:57:50.483,1.14441,1.14459,1.50,1.00
2017.05.31 23:57:53.986,1.14441,1.14457,1.50,1.00
2017.05.31 23:57:54.089,1.14443,1.14459,1.00,1.00
2017.05.31 23:57:54.540,1.14441,1.14457,2.44,1.00
2017.05.31 23:57:54.718,1.14443,1.14459,1.00,1.00
2017.05.31 23:57:55.270,1.14443,1.1446,1.00,1.50
2017.05.31 23:57:58.681,1.14443,1.14459,1.00,1.00
2017.05.31 23:57:59.400,1.14442,1.14461,1.12,1.87
2017.05.31 23:57:59.735,1.14445,1.14461,1.00,1.87
2017.05.31 23:58:00.372,1.14444,1.1446,1.00,1.00
2017.05.31 23:58:06.876,1.14443,1.1446,1.00,1.00
2017.05.31 23:58:07.484,1.14441,1.14458,1.69,1.00
2017.05.31 23:58:07.639,1.1444,1.14457,1.50,1.12
2017.05.31 23:58:08.270,1.14442,1.14456,1.00,1.12
2017.05.31 23:58:08.322,1.14442,1.14458,1.00,1.12
2017.05.31 23:58:09.904,1.1444,1.14457,1.87,1.00
2017.05.31 23:58:09.956,1.1444,1.14455,1.87,1.00
2017.05.31 23:58:13.309,1.14438,1.14454,2.10,1.00
2017.05.31 23:58:13.462,1.14438,1.14454,1.35,1.00
2017.05.31 23:58:14.141,1.14437,1.14456,1.60,1.00
2017.05.31 23:58:15.027,1.14437,1.14456,1.00,1.00
2017.05.31 23:58:16.115,1.14438,1.14454,1.00,1.00
2017.05.31 23:58:16.942,1.14437,1.14455,2.10,1.00
2017.05.31 23:58:17.508,1.14441,1.14457,1.00,1.50
2017.05.31 23:58:17.853,1.14445,1.14457,1.00,1.50
2017.05.31 23:58:18.382,1.14444,1.1446,1.00,2.62
2017.05.31 23:58:18.715,1.14447,1.1446,1.00,1.50
2017.05.31 23:58:19.636,1.14448,1.1446,1.00,1.50
2017.05.31 23:58:19.979,1.14446,1.1446,1.00,1.50
2017.05.31 23:58:20.278,1.14448,1.1446,1.00,1.50
2017.05.31 23:58:20.431,1.14448,1.14464,1.00,1.50
2017.05.31 23:58:21.027,1.14449,1.14464,1.00,1.00
2017.05.31 23:58:25.208,1.14448,1.14464,1.00,1.00
2017.05.31 23:58:28.768,1.14448,1.14465,1.00,4.50
2017.05.31 23:58:29.861,1.14446,1.14464,1.00,2.25
2017.05.31 23:58:30.278,1.14446,1.1446,1.00,1.12
2017.05.31 23:58:31.164,1.14447,1.1446,1.00,1.12
2017.05.31 23:58:31.808,1.14445,1.1446,1.00,1.12
2017.05.31 23:58:32.781,1.14446,1.1446,1.00,1.12
2017.05.31 23:58:33.571,1.14445,1.1446,1.00,1.12
2017.05.31 23:58:33.899,1.14447,1.1446,1.00,1.12
2017.05.31 23:58:35.541,1.14445,1.1446,1.00,1.12
2017.05.31 23:58:36.090,1.14444,1.1446,1.00,1.12
2017.05.31 23:58:36.637,1.14443,1.1446,1.00,1.12
2017.05.31 23:58:39.242,1.14442,1.1446,1.00,1.12
2017.05.31 23:58:39.808,1.1444,1.14457,1.00,1.87
2017.05.31 23:58:40.115,1.14439,1.14456,1.00,1.37
2017.05.31 23:58:42.383,1.14441,1.14457,1.00,1.87
2017.05.31 23:58:42.689,1.14444,1.14457,1.00,1.12
2017.05.31 23:58:43.114,1.14444,1.14461,1.00,2.25
2017.05.31 23:58:47.353,1.14445,1.14461,1.00,1.50
2017.05.31 23:58:56.583,1.14441,1.14456,1.00,3.60
2017.05.31 23:58:56.889,1.14438,1.14451,1.00,1.12
2017.05.31 23:58:57.790,1.14439,1.14451,1.00,1.12
2017.05.31 23:59:00.085,1.1444,1.14451,1.00,1.12
2017.05.31 23:59:00.288,1.14438,1.14451,1.00,1.12
2017.05.31 23:59:01.260,1.1444,1.14451,1.00,1.12
2017.05.31 23:59:08.280,1.14439,1.14451,1.00,1.12
2017.05.31 23:59:10.906,1.14438,1.14451,1.00,1.12
2017.05.31 23:59:11.419,1.14437,1.14451,1.00,1.72
2017.05.31 23:59:11.963,1.14437,1.14451,1.00,1.72
2017.05.31 23:59:12.926,1.14436,1.14451,1.00,1.72
2017.05.31 23:59:13.267,1.14435,1.14449,1.12,2.10
2017.05.31 23:59:13.318,1.14435,1.1445,1.12,1.60
2017.05.31 23:59:13.547,1.14432,1.1445,1.00,1.60
2017.05.31 23:59:14.087,1.14433,1.1445,1.00,1.72
2017.05.31 23:59:15.255,1.14435,1.1445,1.00,1.60
2017.05.31 23:59:15.766,1.14435,1.1445,1.00,2.85
2017.05.31 23:59:16.518,1.14435,1.1445,1.00,1.60
2017.05.31 23:59:16.808,1.14433,1.14449,1.00,1.85
2017.05.31 23:59:16.860,1.14431,1.14449,1.12,2.22
2017.05.31 23:59:17.178,1.14433,1.14446,1.00,1.35
2017.05.31 23:59:18.145,1.14433,1.14446,1.00,1.67
2017.05.31 23:59:18.309,1.14431,1.14447,1.00,1.35
2017.05.31 23:59:18.361,1.14433,1.14447,1.00,1.35
2017.05.31 23:59:21.672,1.14432,1.14447,1.00,1.35
2017.05.31 23:59:22.251,1.14431,1.14445,1.00,2.10
2017.05.31 23:59:26.571,1.14429,1.14444,1.50,1.37
2017.05.31 23:59:26.775,1.14427,1.1444,1.12,1.12
2017.05.31 23:59:27.440,1.14429,1.1444,1.00,1.12
2017.05.31 23:59:27.644,1.14427,1.1444,1.00,1.12
2017.05.31 23:59:40.857,1.1443,1.14443,1.00,1.37
2017.05.31 23:59:41.010,1.14432,1.14447,1.00,1.12
2017.05.31 23:59:41.540,1.14433,1.14447,1.00,1.87
2017.05.31 23:59:47.733,1.14432,1.14447,1.00,1.12
2017.05.31 23:59:47.928,1.14434,1.14447,1.00,1.12
2017.05.31 23:59:49.228,1.14435,1.14447,1.00,1.12
2017.05.31 23:59:54.088,1.14435,1.1445,1.00,1.87
2017.05.31 23:59:54.779,1.14434,1.1445,1.00,1.87
2017.05.31 23:59:54.882,1.14432,1.1445,2.62,1.87
2017.05.31 23:59:54.934,1.14434,1.1445,1.00,1.87
2017.05.31 23:59:56.962,1.14433,1.1445,1.69,1.87
2017.05.31 23:59:58.567,1.14434,1.1445,1.00,1.87
2017.05.31 23:59:59.125,1.14433,1.1445,1.69,2.47
2017.05.31 23:59:59.431,1.14433,1.14448,1.25,1.35
2017.05.31 23:59:59.482,1.14429,1.14446,1.00,1.35
2017.05.31 23:59:59.672,1.14428,1.14443,1.50,1.12
