2012.01.24 11:00:01.915,0.8332,0.83335,1.43,2.63
2012.01.24 11:00:03.031,0.83317,0.83333,1.43,2.18
2012.01.24 11:00:05.129,0.83317,0.83333,1.43,4.05
2012.01.24 11:00:05.261,0.83317,0.83333,1.43,4.05
2012.01.24 11:00:05.762,0.83317,0.83333,1.43,4.05
2012.01.24 11:00:06.942,0.83317,0.83333,1.43,4.05
2012.01.24 11:00:08.111,0.83317,0.83333,1.43,1.43
2012.01.24 11:00:12.374,0.83319,0.83333,1.88,1.43
2012.01.24 11:00:12.441,0.83319,0.83337,3.30,4.05
2012.01.24 11:00:12.635,0.83321,0.83337,1.43,3.30
2012.01.24 11:00:12.996,0.83327,0.83343,1.43,1.43
2012.01.24 11:00:13.909,0.83329,0.83347,1.43,4.43
2012.01.24 11:00:14.504,0.83327,0.83345,3.30,2.18
2012.01.24 11:00:15.081,0.83328,0.83345,1.88,2.18
2012.01.24 11:00:17.340,0.8333,0.83346,1.43,2.18
2012.01.24 11:00:17.774,0.83328,0.83344,3.30,2.18
2012.01.24 11:00:18.036,0.8333,0.83346,1.43,2.18
2012.01.24 11:00:18.679,0.83328,0.83344,3.30,2.18
2012.01.24 11:00:22.099,0.83328,0.83344,1.43,4.05
2012.01.24 11:00:22.635,0.8333,0.83344,1.43,1.88
2012.01.24 11:00:22.857,0.83332,0.83348,1.43,3.38
2012.01.24 11:00:23.818,0.8333,0.83348,2.85,4.05
2012.01.24 11:00:24.759,0.8333,0.83348,1.43,4.05
2012.01.24 11:00:26.383,0.8333,0.83346,1.43,1.43
2012.01.24 11:00:26.455,0.83328,0.83344,1.43,1.43
2012.01.24 11:00:26.800,0.8333,0.83346,1.43,3.30
2012.01.24 11:00:27.411,0.8333,0.83346,1.43,4.05
2012.01.24 11:00:29.110,0.8333,0.83346,1.43,3.30
2012.01.24 11:00:29.441,0.83332,0.83346,1.43,1.88
2012.01.24 11:00:31.251,0.83332,0.83347,3.53,1.88
2012.01.24 11:00:32.647,0.8333,0.83347,2.85,2.63
2012.01.24 11:00:34.423,0.8333,0.83347,1.43,2.63
2012.01.24 11:00:34.760,0.8333,0.83347,4.28,1.88
2012.01.24 11:00:35.290,0.83333,0.83349,1.43,4.05
2012.01.24 11:00:35.805,0.83333,0.83349,2.18,3.30
2012.01.24 11:00:36.308,0.83333,0.83349,1.43,4.05
2012.01.24 11:00:38.825,0.83333,0.83349,2.18,4.05
2012.01.24 11:00:39.253,0.83335,0.83349,1.43,2.63
2012.01.24 11:00:39.703,0.83333,0.83349,4.28,1.88
2012.01.24 11:00:39.964,0.83333,0.83347,1.43,2.63
2012.01.24 11:00:47.212,0.8333,0.83346,1.43,5.55
2012.01.24 11:00:47.739,0.8333,0.83346,1.43,5.55
2012.01.24 11:00:48.320,0.8333,0.83346,1.43,5.55
2012.01.24 11:00:48.662,0.83328,0.83345,3.98,2.93
2012.01.24 11:00:48.972,0.83327,0.83341,1.43,1.88
2012.01.24 11:00:49.854,0.83329,0.83341,1.43,1.88
2012.01.24 11:00:50.380,0.83328,0.83341,1.43,1.88
2012.01.24 11:00:51.070,0.83328,0.83344,3.53,3.30
2012.01.24 11:00:53.681,0.83331,0.83344,2.10,3.30
2012.01.24 11:00:55.635,0.83328,0.83341,1.43,1.88
2012.01.24 11:00:57.668,0.83326,0.83341,2.10,1.88
2012.01.24 11:00:57.740,0.83326,0.83341,2.10,3.38
2012.01.24 11:00:57.989,0.83325,0.83341,2.10,1.88
2012.01.24 11:00:59.467,0.83325,0.83342,2.10,4.05
2012.01.24 11:00:59.537,0.83325,0.83342,2.10,5.55
2012.01.24 11:00:59.951,0.83326,0.83342,1.43,1.88
2012.01.24 11:01:00.494,0.83325,0.83339,1.43,1.88
2012.01.24 11:01:00.636,0.83322,0.83338,3.53,2.18
2012.01.24 11:01:02.844,0.8332,0.83336,2.10,1.43
2012.01.24 11:01:02.985,0.8332,0.83332,2.10,1.50
2012.01.24 11:01:03.062,0.83318,0.83332,1.43,3.38
2012.01.24 11:01:03.709,0.83318,0.83331,1.43,1.50
2012.01.24 11:01:03.811,0.83312,0.83328,1.43,2.18
2012.01.24 11:01:06.204,0.83312,0.83328,2.18,1.43
2012.01.24 11:01:07.109,0.83312,0.83328,1.43,2.18
2012.01.24 11:01:07.313,0.83312,0.83328,2.18,1.43
2012.01.24 11:01:07.879,0.83312,0.83328,1.43,2.18
2012.01.24 11:01:08.495,0.83312,0.83328,1.43,2.18
2012.01.24 11:01:08.571,0.83312,0.83328,2.18,1.43
2012.01.24 11:01:09.031,0.83312,0.83327,1.43,1.50
2012.01.24 11:01:09.401,0.8331,0.83326,1.43,2.18
2012.01.24 11:01:09.541,0.83306,0.83324,1.43,1.43
2012.01.24 11:01:10.472,0.83309,0.83325,1.43,2.93
2012.01.24 11:01:12.709,0.83311,0.83327,1.43,2.63
2012.01.24 11:01:13.063,0.83314,0.83331,2.18,1.88
2012.01.24 11:01:13.206,0.83316,0.83331,2.10,1.88
2012.01.24 11:01:13.544,0.83318,0.83331,1.43,1.88
2012.01.24 11:01:14.486,0.83318,0.83334,1.43,4.05
2012.01.24 11:01:16.799,0.83315,0.83333,2.85,4.05
2012.01.24 11:01:17.204,0.83315,0.83331,1.43,1.50
2012.01.24 11:01:17.924,0.83316,0.83331,2.10,1.50
2012.01.24 11:01:17.999,0.8332,0.83333,1.43,1.88
2012.01.24 11:01:18.166,0.83318,0.83333,1.43,1.88
2012.01.24 11:01:18.388,0.83315,0.83333,1.43,3.30
2012.01.24 11:01:18.582,0.83317,0.83333,1.43,1.88
2012.01.24 11:01:19.932,0.83315,0.83333,1.43,4.05
2012.01.24 11:01:20.859,0.83315,0.83333,1.43,4.05
2012.01.24 11:01:21.360,0.83315,0.83333,1.43,4.05
2012.01.24 11:01:23.900,0.83314,0.83329,1.88,1.43
2012.01.24 11:01:24.509,0.83313,0.83329,1.43,4.05
2012.01.24 11:01:24.822,0.83311,0.83327,2.25,2.18
2012.01.24 11:01:25.560,0.83311,0.83327,2.63,2.18
2012.01.24 11:01:27.530,0.83309,0.83327,3.30,2.93
2012.01.24 11:01:28.584,0.83309,0.83323,1.43,2.10
2012.01.24 11:01:28.929,0.83302,0.83317,1.88,1.43
2012.01.24 11:01:29.002,0.83298,0.83314,3.60,1.43
2012.01.24 11:01:29.556,0.83298,0.83314,1.43,2.85
2012.01.24 11:01:30.232,0.83295,0.83311,3.30,1.43
2012.01.24 11:01:30.775,0.83295,0.83311,1.43,4.05
2012.01.24 11:01:31.113,0.83291,0.83305,1.43,1.88
2012.01.24 11:01:31.937,0.83291,0.83307,4.95,1.88
2012.01.24 11:01:32.028,0.83291,0.83307,3.60,1.88
2012.01.24 11:01:32.108,0.83291,0.83307,2.85,2.63
2012.01.24 11:01:32.887,0.83291,0.83306,3.60,1.88
2012.01.24 11:01:33.102,0.83288,0.83306,3.53,3.30
2012.01.24 11:01:33.696,0.83288,0.83304,1.43,1.50
2012.01.24 11:01:33.782,0.83286,0.83303,1.88,1.43
2012.01.24 11:01:33.923,0.83286,0.83301,1.88,1.43
2012.01.24 11:01:34.345,0.83283,0.83299,1.43,3.53
2012.01.24 11:01:34.424,0.83283,0.83298,1.43,1.50
2012.01.24 11:01:34.566,0.83279,0.83294,2.18,1.88
2012.01.24 11:01:34.710,0.83279,0.83296,1.43,1.50
2012.01.24 11:01:35.304,0.8328,0.83296,1.43,1.43
2012.01.24 11:01:38.028,0.83278,0.83293,1.88,1.43
2012.01.24 11:01:38.531,0.83277,0.83293,1.43,1.43
2012.01.24 11:01:40.313,0.83276,0.83291,2.63,1.43
2012.01.24 11:01:40.854,0.83277,0.83292,1.88,1.43
2012.01.24 11:01:41.816,0.83274,0.83291,2.63,1.43
2012.01.24 11:01:41.988,0.83274,0.83289,2.63,1.43
2012.01.24 11:01:42.260,0.83274,0.83291,3.38,2.18
2012.01.24 11:01:42.720,0.83274,0.83289,1.88,1.43
2012.01.24 11:01:43.562,0.83276,0.83292,2.18,1.43
2012.01.24 11:01:44.082,0.83274,0.83291,2.63,1.43
2012.01.24 11:01:45.797,0.83275,0.83293,4.05,3.23
2012.01.24 11:01:45.883,0.83282,0.83299,3.30,2.10
2012.01.24 11:01:46.236,0.83285,0.833,1.88,1.80
2012.01.24 11:01:46.723,0.83287,0.83305,1.43,4.43
2012.01.24 11:01:46.791,0.83287,0.83305,1.43,4.43
2012.01.24 11:01:48.122,0.83286,0.83302,4.73,1.43
2012.01.24 11:01:48.642,0.83286,0.83302,3.30,1.43
2012.01.24 11:01:48.891,0.83288,0.83305,1.88,1.43
2012.01.24 11:01:50.152,0.8329,0.83305,1.88,1.43
2012.01.24 11:01:50.813,0.8329,0.83303,1.88,1.43
2012.01.24 11:01:51.548,0.83289,0.83304,2.63,2.85
2012.01.24 11:01:51.860,0.83289,0.83302,1.88,1.43
2012.01.24 11:01:52.230,0.83286,0.83302,1.43,1.43
2012.01.24 11:01:56.416,0.83288,0.83304,2.18,2.18
2012.01.24 11:01:56.506,0.83291,0.83308,1.88,1.43
2012.01.24 11:01:56.654,0.83293,0.83308,1.50,1.43
2012.01.24 11:01:57.159,0.83293,0.83309,2.18,1.88
2012.01.24 11:01:58.361,0.83292,0.83308,2.18,1.43
2012.01.24 11:01:58.860,0.83292,0.83308,2.93,2.18
2012.01.24 11:01:59.831,0.83292,0.83308,2.93,2.18
2012.01.24 11:02:00.152,0.83293,0.83299,1.50,1.43
2012.01.24 11:02:00.340,0.83285,0.83299,1.50,1.43
2012.01.24 11:02:00.889,0.83283,0.83296,1.50,2.10
2012.01.24 11:02:00.973,0.83277,0.83294,1.50,2.18
2012.01.24 11:02:03.481,0.83275,0.8329,2.63,1.43
2012.01.24 11:02:03.820,0.83272,0.83287,3.38,1.43
2012.01.24 11:02:04.008,0.83272,0.8329,4.05,1.43
2012.01.24 11:02:04.641,0.83272,0.8329,4.80,1.43
2012.01.24 11:02:04.977,0.83277,0.83293,1.43,6.15
2012.01.24 11:02:05.696,0.83278,0.83293,4.28,1.88
2012.01.24 11:02:05.781,0.8328,0.83296,1.43,3.30
2012.01.24 11:02:05.927,0.83285,0.83296,1.88,1.43
2012.01.24 11:02:06.004,0.83285,0.83299,1.88,1.43
2012.01.24 11:02:06.072,0.83285,0.83302,3.30,1.43
2012.01.24 11:02:06.213,0.83287,0.83303,1.43,1.88
2012.01.24 11:02:06.566,0.83289,0.83305,1.88,1.80
2012.01.24 11:02:07.310,0.83289,0.83305,2.55,1.80
2012.01.24 11:02:09.099,0.83292,0.83308,2.10,1.43
2012.01.24 11:02:09.180,0.83293,0.8331,2.03,1.88
2012.01.24 11:02:09.807,0.83297,0.8331,1.43,1.88
2012.01.24 11:02:09.896,0.833,0.83317,3.53,1.43
2012.01.24 11:02:10.041,0.83303,0.83319,1.43,1.43
2012.01.24 11:02:10.963,0.83306,0.83319,1.88,1.43
2012.01.24 11:02:11.103,0.83309,0.83323,1.88,2.93
2012.01.24 11:02:12.366,0.83305,0.83323,1.43,2.93
2012.01.24 11:02:12.442,0.83303,0.83319,3.30,1.43
2012.01.24 11:02:12.758,0.83303,0.83319,3.30,2.18
2012.01.24 11:02:15.230,0.83303,0.83319,1.43,1.43
2012.01.24 11:02:15.879,0.83302,0.83318,2.63,1.43
2012.01.24 11:02:17.352,0.833,0.83316,1.43,2.63
2012.01.24 11:02:17.975,0.83297,0.83315,3.53,1.43
2012.01.24 11:02:18.048,0.83301,0.83315,1.43,1.88
2012.01.24 11:02:18.185,0.83302,0.83318,2.10,1.88
2012.01.24 11:02:18.265,0.83304,0.83318,1.43,1.88
2012.01.24 11:02:18.545,0.83304,0.83322,1.43,3.30
2012.01.24 11:02:19.114,0.83307,0.83322,1.43,1.88
2012.01.24 11:02:20.747,0.83307,0.83324,3.53,1.88
2012.01.24 11:02:21.590,0.83305,0.83321,1.43,1.43
2012.01.24 11:02:21.912,0.83305,0.83321,1.43,2.93
2012.01.24 11:02:22.185,0.83307,0.83321,2.10,1.43
2012.01.24 11:02:22.323,0.83305,0.83321,1.43,1.43
2012.01.24 11:02:23.355,0.83302,0.83318,2.10,1.43
2012.01.24 11:02:26.317,0.83303,0.83318,2.10,2.18
2012.01.24 11:02:26.390,0.83303,0.83318,4.28,1.43
2012.01.24 11:02:26.464,0.83304,0.83322,1.43,4.65
2012.01.24 11:02:26.661,0.83306,0.83322,1.43,3.90
2012.01.24 11:02:26.979,0.83306,0.83321,1.43,1.50
2012.01.24 11:02:27.299,0.83307,0.83323,1.43,2.85
2012.01.24 11:02:31.879,0.83306,0.83322,1.43,2.03
2012.01.24 11:02:32.013,0.83304,0.83322,1.43,2.03
2012.01.24 11:02:32.145,0.83304,0.83321,1.43,1.50
2012.01.24 11:02:32.650,0.83304,0.83322,2.18,2.78
2012.01.24 11:02:33.420,0.83304,0.83322,2.18,2.03
2012.01.24 11:02:37.397,0.83304,0.83322,3.30,2.93
2012.01.24 11:02:37.648,0.83304,0.83322,4.05,1.43
2012.01.24 11:02:38.056,0.83304,0.83321,1.43,1.50
2012.01.24 11:02:38.128,0.83304,0.83322,2.18,1.43
2012.01.24 11:02:41.310,0.83305,0.83322,1.43,1.43
2012.01.24 11:02:41.377,0.83308,0.83323,1.43,1.88
2012.01.24 11:02:42.603,0.83308,0.83324,1.43,1.43
2012.01.24 11:02:42.952,0.83312,0.83324,1.88,1.43
2012.01.24 11:02:43.145,0.83314,0.8333,1.43,2.18
2012.01.24 11:02:43.936,0.83314,0.8333,1.43,1.43
2012.01.24 11:02:44.881,0.83316,0.83333,1.43,1.88
2012.01.24 11:02:45.074,0.83316,0.83328,1.43,1.88
2012.01.24 11:02:45.201,0.83313,0.83328,1.43,1.88
2012.01.24 11:02:45.733,0.83313,0.83328,1.43,2.63
2012.01.24 11:02:46.572,0.83311,0.83327,1.43,2.18
2012.01.24 11:02:48.992,0.83313,0.83328,1.43,2.63
2012.01.24 11:02:49.930,0.83313,0.83328,1.43,2.63
2012.01.24 11:02:51.243,0.83311,0.83322,1.43,2.63
2012.01.24 11:02:51.583,0.83309,0.83322,1.43,1.88
2012.01.24 11:02:51.709,0.83307,0.83322,3.53,2.63
2012.01.24 11:02:51.842,0.83311,0.83322,1.43,2.63
2012.01.24 11:02:51.910,0.83311,0.83326,1.43,4.13
2012.01.24 11:02:52.475,0.83311,0.83325,1.43,1.58
2012.01.24 11:02:53.414,0.83311,0.83325,1.43,1.50
2012.01.24 11:02:53.833,0.83311,0.83325,1.43,3.46
2012.01.24 11:02:54.600,0.83311,0.83324,3.53,1.88
2012.01.24 11:02:54.743,0.83313,0.83327,1.88,2.18
2012.01.24 11:02:54.884,0.83314,0.8333,1.43,1.43
2012.01.24 11:02:54.955,0.83316,0.83331,1.43,2.63
2012.01.24 11:02:55.696,0.83313,0.83325,5.03,1.88
2012.01.24 11:02:55.785,0.83309,0.83325,2.18,1.88
2012.01.24 11:02:56.040,0.83309,0.83327,1.43,1.43
2012.01.24 11:02:56.172,0.83313,0.83328,1.43,2.48
2012.01.24 11:02:57.101,0.83313,0.83327,1.43,1.88
2012.01.24 11:03:00.300,0.83313,0.83326,1.43,1.88
2012.01.24 11:03:03.204,0.83313,0.83327,1.43,1.88
2012.01.24 11:03:05.590,0.83315,0.83327,1.43,2.63
2012.01.24 11:03:05.668,0.83315,0.8333,3.53,3.38
2012.01.24 11:03:06.205,0.83315,0.8333,1.43,1.88
2012.01.24 11:03:06.277,0.83317,0.8333,1.43,1.88
2012.01.24 11:03:07.228,0.83329,0.83344,1.43,1.30
2012.01.24 11:03:07.442,0.83329,0.83345,1.43,2.63
2012.01.24 11:03:07.702,0.83329,0.83341,1.43,1.50
2012.01.24 11:03:07.773,0.83325,0.83339,1.43,2.63
2012.01.24 11:03:07.914,0.83323,0.83341,4.05,2.18
2012.01.24 11:03:08.340,0.83323,0.83338,1.43,3.38
2012.01.24 11:03:09.042,0.83322,0.83338,1.43,1.88
2012.01.24 11:03:09.453,0.83321,0.83337,1.43,1.50
2012.01.24 11:03:09.793,0.83323,0.83339,3.53,2.63
2012.01.24 11:03:09.863,0.83323,0.83339,3.53,1.88
2012.01.24 11:03:10.784,0.83326,0.83339,2.10,1.88
2012.01.24 11:03:10.867,0.83324,0.83339,2.10,1.88
2012.01.24 11:03:11.221,0.83324,0.83341,2.10,2.18
2012.01.24 11:03:11.352,0.83326,0.83343,1.43,3.38
2012.01.24 11:03:11.480,0.83326,0.83343,1.43,1.88
2012.01.24 11:03:12.003,0.83325,0.83341,2.18,1.43
2012.01.24 11:03:12.347,0.83323,0.83336,1.43,4.05
2012.01.24 11:03:12.992,0.83319,0.83332,2.18,1.88
2012.01.24 11:03:13.199,0.83319,0.83332,2.18,1.88
2012.01.24 11:03:13.665,0.83321,0.83337,2.85,1.88
2012.01.24 11:03:13.746,0.83324,0.83337,1.43,2.63
2012.01.24 11:03:15.448,0.83321,0.83335,2.18,1.88
2012.01.24 11:03:15.522,0.83317,0.83332,2.85,1.43
2012.01.24 11:03:15.599,0.83317,0.83332,2.85,1.43
2012.01.24 11:03:15.675,0.83317,0.83332,2.85,1.43
2012.01.24 11:03:16.208,0.83317,0.83332,2.85,1.43
2012.01.24 11:03:16.853,0.8332,0.83332,2.85,1.43
2012.01.24 11:03:16.931,0.83318,0.83334,4.28,2.18
2012.01.24 11:03:17.968,0.83318,0.83334,4.28,2.18
2012.01.24 11:03:18.490,0.83318,0.83334,4.28,1.43
2012.01.24 11:03:19.916,0.83317,0.83333,2.85,1.43
2012.01.24 11:03:19.993,0.83317,0.83333,2.85,1.43
2012.01.24 11:03:20.509,0.83315,0.83332,4.65,3.38
2012.01.24 11:03:21.423,0.83321,0.83333,2.10,1.88
2012.01.24 11:03:21.707,0.83315,0.83331,2.18,1.43
2012.01.24 11:03:21.857,0.83314,0.83329,1.50,1.43
2012.01.24 11:03:21.937,0.83314,0.83329,1.50,1.43
2012.01.24 11:03:22.016,0.83313,0.83329,4.28,2.78
2012.01.24 11:03:22.236,0.83314,0.83329,1.50,2.03
2012.01.24 11:03:22.318,0.83314,0.83329,4.28,1.35
2012.01.24 11:03:22.894,0.83314,0.8333,5.03,1.88
2012.01.24 11:03:23.651,0.83315,0.8333,4.28,1.88
2012.01.24 11:03:24.940,0.83318,0.83333,2.85,3.30
2012.01.24 11:03:25.542,0.83321,0.83333,1.43,1.88
2012.01.24 11:03:25.619,0.83319,0.83333,1.43,1.88
2012.01.24 11:03:25.982,0.83315,0.83328,2.55,1.88
2012.01.24 11:03:26.192,0.83317,0.83333,2.18,2.63
2012.01.24 11:03:30.842,0.83317,0.8333,1.43,2.63
2012.01.24 11:03:31.411,0.83315,0.8333,1.50,4.05
2012.01.24 11:03:31.512,0.83311,0.83327,3.53,1.43
2012.01.24 11:03:32.012,0.8331,0.83327,1.88,1.43
2012.01.24 11:03:32.264,0.83312,0.83328,1.43,2.93
2012.01.24 11:03:33.042,0.83309,0.83327,2.18,1.43
2012.01.24 11:03:33.592,0.83312,0.83328,1.43,6.23
2012.01.24 11:03:38.401,0.83315,0.83328,3.53,2.63
2012.01.24 11:03:38.900,0.83315,0.83328,1.43,1.88
2012.01.24 11:03:40.782,0.83315,0.83331,1.43,3.30
2012.01.24 11:03:41.812,0.83315,0.83326,1.43,1.88
2012.01.24 11:03:42.085,0.83315,0.8333,1.43,2.63
2012.01.24 11:03:42.153,0.83313,0.83329,1.43,2.18
2012.01.24 11:03:42.806,0.83314,0.83327,2.18,1.88
2012.01.24 11:03:43.010,0.83312,0.83327,3.60,2.63
2012.01.24 11:03:43.758,0.83312,0.83327,1.43,2.63
2012.01.24 11:03:44.339,0.83312,0.83327,1.43,1.88
2012.01.24 11:03:45.398,0.83311,0.83326,1.43,1.43
2012.01.24 11:03:45.546,0.8331,0.83322,1.43,1.88
2012.01.24 11:03:45.694,0.83307,0.83322,1.43,1.88
2012.01.24 11:03:46.072,0.83309,0.83322,1.43,1.88
2012.01.24 11:03:48.046,0.83307,0.83322,2.18,1.88
2012.01.24 11:03:48.446,0.83304,0.8332,3.60,1.43
2012.01.24 11:03:48.522,0.83304,0.8332,2.85,1.43
2012.01.24 11:03:48.825,0.83305,0.83317,1.43,1.88
2012.01.24 11:03:48.964,0.83303,0.83317,1.43,3.30
2012.01.24 11:03:49.038,0.83298,0.83316,3.53,2.18
2012.01.24 11:03:49.612,0.83298,0.83313,1.43,2.63
2012.01.24 11:03:49.694,0.83289,0.83305,1.80,3.30
2012.01.24 11:03:50.203,0.83289,0.83305,1.43,5.48
2012.01.24 11:03:50.720,0.83289,0.83305,1.43,5.48
2012.01.24 11:03:50.851,0.83289,0.83302,1.43,1.43
2012.01.24 11:03:51.562,0.8328,0.83295,1.43,1.43
2012.01.24 11:03:51.639,0.83277,0.83294,1.43,1.88
2012.01.24 11:03:52.173,0.83277,0.83295,2.03,3.30
2012.01.24 11:03:52.308,0.83281,0.83296,1.43,1.43
2012.01.24 11:03:52.574,0.83279,0.83295,3.30,1.43
2012.01.24 11:03:54.411,0.83282,0.83295,1.88,1.43
2012.01.24 11:03:54.623,0.83282,0.83299,1.88,2.18
2012.01.24 11:03:54.690,0.83282,0.83296,1.88,1.43
2012.01.24 11:03:55.508,0.8328,0.83296,1.80,1.43
2012.01.24 11:03:56.043,0.8328,0.83295,1.80,1.43
2012.01.24 11:03:56.118,0.8328,0.83294,1.13,1.43
2012.01.24 11:03:56.257,0.83279,0.83294,1.88,1.43
2012.01.24 11:03:56.337,0.83276,0.83287,2.18,1.88
2012.01.24 11:03:56.556,0.83269,0.83287,3.68,3.30
2012.01.24 11:03:56.976,0.83269,0.83285,1.88,1.43
2012.01.24 11:03:57.220,0.83269,0.83287,3.30,3.30
2012.01.24 11:03:57.723,0.83269,0.83287,4.05,3.30
2012.01.24 11:03:57.992,0.83273,0.83288,1.43,1.88
2012.01.24 11:03:58.723,0.83273,0.83289,1.43,3.30
2012.01.24 11:03:59.063,0.83273,0.83289,1.43,4.05
2012.01.24 11:03:59.615,0.83271,0.83287,1.43,2.18
2012.01.24 11:03:59.767,0.83272,0.83289,2.18,1.88
2012.01.24 11:03:59.899,0.83272,0.83289,1.43,1.88
2012.01.24 11:04:00.445,0.83275,0.83292,1.43,2.63
2012.01.24 11:04:00.791,0.83279,0.83292,1.43,1.88
2012.01.24 11:04:01.130,0.83277,0.83292,1.43,1.88
2012.01.24 11:04:01.870,0.83277,0.83293,1.43,2.48
2012.01.24 11:04:02.301,0.83277,0.83293,1.43,4.06
2012.01.24 11:04:03.262,0.83275,0.83291,1.43,1.88
2012.01.24 11:04:03.336,0.83272,0.83287,1.43,2.10
2012.01.24 11:04:04.181,0.83269,0.83281,1.43,1.88
2012.01.24 11:04:04.660,0.83268,0.83281,1.43,1.88
2012.01.24 11:04:05.292,0.83267,0.83281,2.85,1.88
2012.01.24 11:04:06.481,0.83267,0.83279,1.43,1.88
2012.01.24 11:04:06.859,0.83267,0.83284,1.43,2.63
2012.01.24 11:04:07.285,0.83271,0.83284,1.43,1.88
2012.01.24 11:04:07.969,0.83277,0.83284,1.43,1.88
2012.01.24 11:04:08.051,0.83279,0.83298,1.88,5.93
2012.01.24 11:04:08.124,0.83281,0.83298,1.43,3.75
2012.01.24 11:04:08.322,0.83279,0.83298,3.30,5.18
2012.01.24 11:04:11.051,0.83279,0.83297,1.43,4.88
2012.01.24 11:04:11.121,0.83277,0.83294,1.88,2.03
2012.01.24 11:04:11.193,0.83273,0.83289,3.60,1.43
2012.01.24 11:04:11.740,0.83273,0.83289,2.18,2.18
2012.01.24 11:04:13.640,0.83273,0.83289,2.18,3.53
2012.01.24 11:04:13.892,0.8327,0.83285,1.43,1.88
2012.01.24 11:04:14.522,0.83268,0.83285,1.43,3.30
2012.01.24 11:04:14.650,0.8327,0.83285,1.43,1.88
2012.01.24 11:04:14.961,0.8327,0.83283,1.43,1.88
2012.01.24 11:04:15.030,0.83267,0.83283,2.18,1.88
2012.01.24 11:04:15.709,0.83266,0.83282,1.43,2.18
2012.01.24 11:04:16.484,0.83266,0.83279,1.43,1.88
2012.01.24 11:04:16.557,0.83264,0.83279,1.43,1.88
2012.01.24 11:04:16.688,0.83264,0.83276,2.18,1.88
2012.01.24 11:04:16.880,0.83258,0.83276,2.18,3.30
2012.01.24 11:04:17.072,0.83258,0.83276,2.18,3.85
2012.01.24 11:04:17.146,0.83258,0.83272,2.18,1.88
2012.01.24 11:04:18.519,0.83258,0.83272,2.18,1.88
2012.01.24 11:04:19.428,0.83256,0.83272,2.18,4.05
2012.01.24 11:04:19.959,0.83256,0.83272,2.18,3.30
2012.01.24 11:04:20.669,0.83256,0.83271,2.18,1.88
2012.01.24 11:04:20.862,0.83254,0.83269,2.18,1.43
2012.01.24 11:04:21.130,0.8325,0.83266,2.18,1.43
2012.01.24 11:04:22.500,0.8325,0.83266,2.18,1.43
2012.01.24 11:04:23.060,0.8325,0.83266,2.18,1.43
2012.01.24 11:04:23.664,0.83252,0.83267,1.43,2.63
2012.01.24 11:04:24.504,0.83252,0.83267,2.18,1.88
2012.01.24 11:04:24.581,0.83254,0.83267,2.18,1.88
2012.01.24 11:04:24.796,0.83254,0.83272,2.18,4.13
2012.01.24 11:04:24.878,0.83257,0.83272,2.10,4.13
2012.01.24 11:04:24.958,0.83257,0.83272,2.10,4.05
2012.01.24 11:04:25.031,0.8326,0.83275,1.43,2.71
2012.01.24 11:04:25.158,0.8326,0.83275,1.43,1.88
2012.01.24 11:04:25.949,0.8326,0.83274,1.43,1.88
2012.01.24 11:04:26.793,0.8326,0.83274,2.18,1.88
2012.01.24 11:04:27.294,0.8326,0.83275,2.18,1.88
2012.01.24 11:04:27.812,0.8326,0.83275,2.18,1.88
2012.01.24 11:04:28.831,0.8326,0.83276,2.18,2.63
2012.01.24 11:04:29.331,0.8326,0.83278,2.18,4.05
2012.01.24 11:04:30.495,0.8326,0.83276,2.18,1.88
2012.01.24 11:04:31.185,0.83264,0.83276,1.43,1.88
2012.01.24 11:04:33.769,0.83262,0.83276,4.28,1.88
2012.01.24 11:04:34.440,0.83266,0.83281,1.43,2.63
2012.01.24 11:04:37.610,0.83264,0.83275,2.18,1.88
2012.01.24 11:04:37.754,0.83262,0.83275,3.60,1.88
2012.01.24 11:04:37.958,0.83262,0.83275,3.60,1.88
2012.01.24 11:04:39.384,0.83264,0.83275,2.10,1.88
2012.01.24 11:04:39.597,0.83266,0.8328,2.18,1.88
2012.01.24 11:04:39.674,0.83266,0.83282,2.18,1.88
2012.01.24 11:04:40.350,0.83267,0.83282,2.85,1.88
2012.01.24 11:04:41.421,0.83267,0.83282,2.85,1.88
2012.01.24 11:04:42.979,0.83267,0.83284,2.85,1.43
2012.01.24 11:04:43.474,0.83267,0.83282,2.85,1.43
2012.01.24 11:04:44.470,0.83264,0.83282,5.03,4.05
2012.01.24 11:04:44.791,0.83271,0.83282,1.88,1.43
2012.01.24 11:04:45.333,0.83268,0.83283,2.85,1.43
2012.01.24 11:04:45.402,0.83268,0.83283,2.85,1.43
2012.01.24 11:04:45.781,0.83266,0.8328,2.85,1.43
2012.01.24 11:04:45.970,0.83265,0.83279,2.85,1.88
2012.01.24 11:04:50.055,0.83265,0.8328,2.85,3.30
2012.01.24 11:04:50.310,0.83265,0.8328,2.85,3.30
2012.01.24 11:04:50.862,0.83266,0.83283,2.85,4.05
2012.01.24 11:04:51.006,0.83266,0.83283,2.85,3.30
2012.01.24 11:04:51.534,0.83268,0.83283,2.18,1.88
2012.01.24 11:04:52.479,0.83267,0.83285,2.85,1.88
2012.01.24 11:04:53.018,0.83267,0.83285,2.85,1.88
2012.01.24 11:04:54.540,0.83267,0.83285,2.10,1.88
2012.01.24 11:04:57.215,0.83267,0.83286,2.78,2.63
2012.01.24 11:04:58.431,0.83267,0.83286,2.85,1.88
2012.01.24 11:04:58.979,0.83268,0.83285,2.85,1.43
2012.01.24 11:05:00.844,0.83269,0.83286,1.43,2.63
2012.01.24 11:05:01.390,0.8327,0.83286,2.10,1.88
2012.01.24 11:05:02.090,0.8327,0.83287,2.10,1.43
2012.01.24 11:05:02.630,0.83271,0.83287,2.10,2.18
2012.01.24 11:05:02.863,0.83269,0.83287,1.43,2.18
2012.01.24 11:05:03.442,0.83269,0.83286,1.43,1.88
2012.01.24 11:05:03.692,0.83267,0.83285,7.58,1.43
2012.01.24 11:05:04.500,0.83268,0.83285,1.88,1.43
2012.01.24 11:05:04.644,0.83272,0.8329,1.43,5.03
2012.01.24 11:05:05.569,0.83272,0.8329,5.03,1.43
2012.01.24 11:05:05.646,0.83276,0.8329,1.88,1.43
2012.01.24 11:05:06.850,0.83276,0.83292,3.30,1.43
2012.01.24 11:05:07.610,0.83276,0.83291,1.43,1.88
2012.01.24 11:05:08.117,0.83274,0.8329,2.18,1.43
2012.01.24 11:05:08.200,0.83272,0.83287,1.88,1.43
2012.01.24 11:05:12.492,0.83271,0.83287,1.43,1.43
2012.01.24 11:05:13.132,0.83269,0.83285,1.88,1.43
2012.01.24 11:05:14.380,0.8327,0.83285,2.10,1.43
2012.01.24 11:05:14.458,0.8327,0.83287,2.10,3.30
2012.01.24 11:05:14.711,0.83269,0.83285,1.43,1.88
2012.01.24 11:05:14.959,0.83265,0.83282,1.13,1.43
2012.01.24 11:05:15.031,0.83269,0.83282,2.10,1.43
2012.01.24 11:05:15.100,0.83269,0.83285,3.53,3.30
2012.01.24 11:05:15.170,0.83266,0.83282,1.43,1.43
2012.01.24 11:05:15.511,0.83264,0.83279,2.25,1.43
2012.01.24 11:05:18.271,0.83263,0.83279,3.30,1.43
2012.01.24 11:05:18.701,0.83263,0.83277,1.88,1.43
2012.01.24 11:05:20.528,0.8326,0.83277,3.98,1.43
2012.01.24 11:05:21.072,0.83261,0.83277,2.10,1.43
2012.01.24 11:05:24.805,0.8326,0.83277,1.88,1.43
2012.01.24 11:05:28.902,0.83261,0.83277,1.88,1.43
2012.01.24 11:05:28.970,0.83263,0.83279,1.43,1.43
2012.01.24 11:05:38.820,0.83266,0.83281,1.43,1.88
2012.01.24 11:05:39.208,0.83262,0.8328,1.80,1.43
2012.01.24 11:05:45.968,0.83265,0.83281,1.43,1.88
2012.01.24 11:05:47.299,0.83265,0.83282,1.43,1.88
2012.01.24 11:05:48.725,0.83265,0.83282,2.03,1.88
2012.01.24 11:05:49.429,0.83272,0.83287,1.43,3.00
2012.01.24 11:05:51.764,0.83272,0.83288,1.43,2.18
2012.01.24 11:05:52.842,0.83272,0.83286,1.43,1.88
2012.01.24 11:05:53.934,0.83272,0.83288,1.43,2.18
2012.01.24 11:05:54.005,0.83275,0.83289,1.43,1.88
2012.01.24 11:05:55.722,0.83275,0.83291,1.43,3.30
2012.01.24 11:06:01.122,0.83277,0.83291,2.85,1.88
2012.01.24 11:06:01.460,0.83279,0.83291,1.43,1.88
2012.01.24 11:06:04.010,0.83277,0.83291,1.43,1.88
2012.01.24 11:06:04.083,0.83275,0.83291,1.43,1.88
2012.01.24 11:06:05.165,0.83279,0.83294,1.43,3.38
2012.01.24 11:06:05.624,0.83282,0.83294,1.43,1.88
2012.01.24 11:06:05.940,0.83282,0.83297,1.43,2.18
2012.01.24 11:06:06.015,0.83285,0.83297,1.43,1.43
2012.01.24 11:06:06.142,0.83285,0.833,1.43,1.88
2012.01.24 11:06:07.005,0.83285,0.83301,3.53,1.43
2012.01.24 11:06:07.086,0.83287,0.83304,1.43,1.88
2012.01.24 11:06:07.565,0.83287,0.83302,1.43,1.50
2012.01.24 11:06:07.701,0.83285,0.83302,1.43,1.50
2012.01.24 11:06:09.349,0.83288,0.83304,1.43,2.18
2012.01.24 11:06:11.084,0.83291,0.83307,3.30,1.43
2012.01.24 11:06:11.641,0.83291,0.83307,5.40,2.18
2012.01.24 11:06:12.170,0.83292,0.83307,1.88,1.43
2012.01.24 11:06:12.712,0.83291,0.83306,2.10,2.18
2012.01.24 11:06:12.786,0.83288,0.83306,3.53,2.18
2012.01.24 11:06:13.377,0.83289,0.83306,2.10,2.18
2012.01.24 11:06:13.594,0.8329,0.83308,4.20,3.30
2012.01.24 11:06:14.120,0.8329,0.83308,2.10,4.05
2012.01.24 11:06:15.352,0.8329,0.83307,1.43,2.63
2012.01.24 11:06:16.024,0.8329,0.83307,2.18,1.88
2012.01.24 11:06:16.296,0.83294,0.8331,1.43,1.43
2012.01.24 11:06:16.371,0.83294,0.83308,1.43,1.43
2012.01.24 11:06:16.513,0.83292,0.83308,2.78,1.43
2012.01.24 11:06:16.639,0.83295,0.83308,1.88,1.43
2012.01.24 11:06:17.719,0.83295,0.83307,1.88,1.43
2012.01.24 11:06:18.070,0.83289,0.83302,1.80,1.43
2012.01.24 11:06:18.412,0.83285,0.83299,4.73,1.43
2012.01.24 11:06:19.109,0.83285,0.83299,3.98,1.43
2012.01.24 11:06:19.240,0.83285,0.83301,3.98,1.43
2012.01.24 11:06:19.886,0.83285,0.83298,2.10,1.88
2012.01.24 11:06:19.977,0.83277,0.83294,3.98,1.43
2012.01.24 11:06:20.130,0.83274,0.83291,2.18,1.43
2012.01.24 11:06:20.661,0.83275,0.83291,2.10,1.43
2012.01.24 11:06:21.692,0.83272,0.83291,5.85,1.43
2012.01.24 11:06:21.985,0.83273,0.83289,3.53,1.43
2012.01.24 11:06:22.301,0.83276,0.83289,2.10,1.43
2012.01.24 11:06:23.049,0.83276,0.83292,3.53,4.73
2012.01.24 11:06:23.241,0.83274,0.8329,2.10,2.63
2012.01.24 11:06:23.866,0.83273,0.8329,3.53,2.63
2012.01.24 11:06:24.365,0.83272,0.83287,2.18,1.43
2012.01.24 11:06:24.551,0.83272,0.83287,1.43,2.18
2012.01.24 11:06:25.149,0.83271,0.83287,3.53,2.18
2012.01.24 11:06:25.768,0.83272,0.83287,2.10,2.18
2012.01.24 11:06:26.404,0.83271,0.83287,2.18,1.43
2012.01.24 11:06:26.968,0.83272,0.8329,4.28,3.30
2012.01.24 11:06:27.045,0.83272,0.8329,3.53,4.05
2012.01.24 11:06:27.111,0.83272,0.8329,3.53,3.30
2012.01.24 11:06:27.240,0.83273,0.8329,2.85,3.30
2012.01.24 11:06:29.959,0.83272,0.8329,4.95,1.43
2012.01.24 11:06:30.893,0.83278,0.8329,2.10,1.43
2012.01.24 11:06:32.070,0.83279,0.8329,2.10,1.43
2012.01.24 11:06:32.861,0.83279,0.83287,2.10,1.43
2012.01.24 11:06:32.921,0.83276,0.83287,2.10,1.43
2012.01.24 11:06:33.130,0.8328,0.83287,2.10,1.43
2012.01.24 11:06:33.630,0.8328,0.8329,2.10,1.43
2012.01.24 11:06:34.333,0.83279,0.8329,2.10,1.43
2012.01.24 11:06:35.077,0.83273,0.8329,2.63,1.43
2012.01.24 11:06:35.173,0.83273,0.83286,1.88,1.43
2012.01.24 11:06:37.244,0.83278,0.83286,1.50,1.43
2012.01.24 11:06:37.820,0.83278,0.83289,2.10,2.85
2012.01.24 11:06:38.081,0.83276,0.83289,2.10,1.43
2012.01.24 11:06:39.831,0.83276,0.83288,2.10,1.43
2012.01.24 11:06:39.972,0.83272,0.83288,3.98,1.43
2012.01.24 11:06:40.558,0.83274,0.83288,2.10,1.43
2012.01.24 11:06:41.461,0.83275,0.83289,2.10,1.43
2012.01.24 11:06:42.176,0.83274,0.83289,2.10,1.43
2012.01.24 11:06:42.780,0.83274,0.83287,2.10,1.43
2012.01.24 11:06:43.093,0.83273,0.83281,2.10,1.43
2012.01.24 11:06:43.231,0.83275,0.83284,1.88,1.43
2012.01.24 11:06:43.599,0.83275,0.83286,1.88,1.43
2012.01.24 11:06:44.104,0.83274,0.83286,2.10,1.43
2012.01.24 11:06:44.629,0.83273,0.83286,1.88,1.43
2012.01.24 11:06:45.729,0.83271,0.83286,3.98,1.43
2012.01.24 11:06:45.921,0.83273,0.83286,2.10,1.43
2012.01.24 11:06:46.241,0.83277,0.8329,2.10,2.18
2012.01.24 11:06:47.461,0.83272,0.8329,3.30,1.43
2012.01.24 11:06:48.968,0.83272,0.83288,1.88,1.43
2012.01.24 11:06:50.332,0.83272,0.83288,2.63,1.43
2012.01.24 11:06:50.683,0.83276,0.83288,2.10,1.43
2012.01.24 11:06:52.137,0.83275,0.83288,2.10,2.18
2012.01.24 11:06:53.055,0.83276,0.83289,2.10,1.43
2012.01.24 11:06:56.556,0.83276,0.83287,2.10,1.43
2012.01.24 11:06:56.712,0.83271,0.83284,3.98,1.43
2012.01.24 11:06:57.412,0.83271,0.83287,1.88,2.93
2012.01.24 11:06:57.980,0.83272,0.83287,1.88,2.18
2012.01.24 11:06:58.111,0.83272,0.83287,2.63,1.43
2012.01.24 11:07:00.814,0.83272,0.83285,2.63,1.43
2012.01.24 11:07:01.153,0.83272,0.83282,2.63,1.43
2012.01.24 11:07:02.646,0.83272,0.83282,1.88,1.43
2012.01.24 11:07:02.722,0.8327,0.83282,2.10,1.43
2012.01.24 11:07:02.922,0.83268,0.83282,1.88,1.43
2012.01.24 11:07:07.963,0.83276,0.83286,1.88,2.18
2012.01.24 11:07:08.518,0.83272,0.83286,3.98,1.43
2012.01.24 11:07:08.590,0.83272,0.83284,1.88,1.43
2012.01.24 11:07:09.773,0.83273,0.83284,1.88,1.43
2012.01.24 11:07:10.301,0.83273,0.83284,1.88,2.18
2012.01.24 11:07:11.124,0.83273,0.83281,1.88,1.43
2012.01.24 11:07:11.204,0.83269,0.83281,1.88,1.43
2012.01.24 11:07:12.580,0.83271,0.83283,1.88,1.43
2012.01.24 11:07:12.653,0.83271,0.83285,1.88,1.43
2012.01.24 11:07:12.722,0.83273,0.83285,2.10,1.43
2012.01.24 11:07:12.792,0.83271,0.83285,1.88,1.43
2012.01.24 11:07:13.120,0.83271,0.83282,1.88,1.43
2012.01.24 11:07:13.800,0.83269,0.83282,1.88,2.18
2012.01.24 11:07:15.101,0.83269,0.83281,1.88,1.43
2012.01.24 11:07:15.570,0.83266,0.83281,2.10,4.05
2012.01.24 11:07:16.184,0.83263,0.83281,1.43,4.05
2012.01.24 11:07:16.264,0.83262,0.83275,1.88,1.43
2012.01.24 11:07:17.739,0.83259,0.83275,1.43,4.73
2012.01.24 11:07:17.820,0.83258,0.83272,2.10,1.43
2012.01.24 11:07:18.573,0.83253,0.83266,2.10,1.43
2012.01.24 11:07:18.675,0.83252,0.83268,3.30,1.43
2012.01.24 11:07:19.411,0.83253,0.83268,2.10,2.18
2012.01.24 11:07:19.912,0.83253,0.83267,2.10,1.43
2012.01.24 11:07:20.694,0.8325,0.83267,2.10,3.30
2012.01.24 11:07:20.774,0.83247,0.83263,3.23,1.43
2012.01.24 11:07:21.124,0.83256,0.83268,2.10,2.93
2012.01.24 11:07:21.649,0.83252,0.83268,6.83,1.43
2012.01.24 11:07:21.727,0.83252,0.83266,5.40,1.43
2012.01.24 11:07:22.319,0.8325,0.83266,1.43,2.18
2012.01.24 11:07:22.396,0.83252,0.83267,1.43,2.63
2012.01.24 11:07:22.902,0.83252,0.83267,3.53,1.88
2012.01.24 11:07:23.422,0.83252,0.83268,1.43,2.18
2012.01.24 11:07:24.930,0.83251,0.83266,1.88,1.43
2012.01.24 11:07:25.242,0.83256,0.83268,2.10,1.43
2012.01.24 11:07:26.509,0.83256,0.83271,3.98,1.50
2012.01.24 11:07:26.654,0.83258,0.83272,1.43,1.50
2012.01.24 11:07:27.230,0.83261,0.83274,1.88,2.18
2012.01.24 11:07:27.313,0.83261,0.83274,1.88,1.43
2012.01.24 11:07:27.991,0.8326,0.83274,3.98,1.43
2012.01.24 11:07:28.890,0.8326,0.83273,1.88,1.43
2012.01.24 11:07:30.942,0.83258,0.83273,3.98,1.43
2012.01.24 11:07:32.736,0.8326,0.83273,1.88,1.43
2012.01.24 11:07:33.249,0.8326,0.83273,1.88,2.18
2012.01.24 11:07:35.618,0.8326,0.83273,1.88,2.18
2012.01.24 11:07:35.868,0.8326,0.83273,1.88,2.18
2012.01.24 11:07:36.368,0.83258,0.83273,1.88,2.18
2012.01.24 11:07:36.618,0.8326,0.83273,2.10,2.18
2012.01.24 11:07:36.858,0.83258,0.83273,1.88,2.18
2012.01.24 11:07:37.625,0.83259,0.83275,2.10,2.18
2012.01.24 11:07:38.288,0.83259,0.83275,2.10,2.18
2012.01.24 11:07:38.840,0.83259,0.83275,2.10,2.18
2012.01.24 11:07:39.684,0.8326,0.83278,1.43,2.93
2012.01.24 11:07:39.754,0.83263,0.83278,1.43,1.50
2012.01.24 11:07:40.486,0.83263,0.83279,1.43,2.63
2012.01.24 11:07:41.059,0.83262,0.83278,3.53,2.18
2012.01.24 11:07:41.484,0.83263,0.83281,1.43,3.30
2012.01.24 11:07:41.623,0.83263,0.83281,2.10,4.05
2012.01.24 11:07:41.750,0.83263,0.83281,2.85,3.30
2012.01.24 11:07:41.939,0.83263,0.83281,4.20,4.80
2012.01.24 11:07:42.152,0.83263,0.83281,2.10,3.30
2012.01.24 11:07:42.788,0.83263,0.83281,1.43,4.80
2012.01.24 11:07:43.311,0.83263,0.83281,1.43,4.05
2012.01.24 11:07:45.688,0.83263,0.83281,2.85,3.30
2012.01.24 11:07:48.281,0.83263,0.83281,4.95,3.30
2012.01.24 11:07:49.156,0.83263,0.83281,1.43,4.80
2012.01.24 11:07:49.228,0.83263,0.83281,1.43,4.05
2012.01.24 11:07:49.718,0.83261,0.83279,4.20,1.43
2012.01.24 11:07:51.774,0.83264,0.8328,1.43,1.43
2012.01.24 11:08:01.138,0.83264,0.8328,1.43,4.05
2012.01.24 11:08:01.850,0.83264,0.8328,1.43,3.30
2012.01.24 11:08:02.009,0.83264,0.8328,1.43,4.05
2012.01.24 11:08:04.055,0.83261,0.83279,6.08,2.18
2012.01.24 11:08:04.121,0.83261,0.83279,6.08,1.43
2012.01.24 11:08:04.189,0.83261,0.83277,3.53,1.88
2012.01.24 11:08:04.586,0.83264,0.8328,1.43,4.80
2012.01.24 11:08:04.661,0.83264,0.8328,1.43,4.05
2012.01.24 11:08:06.480,0.83264,0.8328,1.43,2.18
2012.01.24 11:08:06.748,0.83264,0.8328,1.43,1.43
2012.01.24 11:08:07.183,0.83263,0.83278,1.43,1.43
2012.01.24 11:08:07.535,0.83262,0.83272,1.88,1.43
2012.01.24 11:08:08.199,0.8326,0.83272,1.88,1.43
2012.01.24 11:08:08.281,0.8326,0.83274,3.98,1.43
2012.01.24 11:08:09.153,0.8326,0.83272,2.10,1.43
2012.01.24 11:08:09.218,0.83256,0.83272,5.40,1.43
2012.01.24 11:08:15.285,0.83256,0.8327,3.98,1.43
2012.01.24 11:08:15.349,0.83252,0.8327,1.43,1.43
2012.01.24 11:08:15.723,0.83252,0.8327,1.43,2.18
2012.01.24 11:08:15.854,0.83253,0.8327,2.85,1.43
2012.01.24 11:08:16.061,0.83251,0.83266,1.88,1.43
2012.01.24 11:08:16.135,0.83252,0.83268,1.43,1.43
2012.01.24 11:08:16.914,0.83253,0.83268,1.88,1.43
2012.01.24 11:08:17.427,0.83253,0.83268,1.88,2.18
2012.01.24 11:08:17.504,0.83255,0.83271,1.43,1.43
2012.01.24 11:08:18.969,0.83255,0.83271,3.98,1.43
2012.01.24 11:08:19.513,0.83257,0.83271,2.10,1.43
2012.01.24 11:08:20.521,0.83258,0.83271,1.88,1.43
2012.01.24 11:08:23.841,0.83259,0.83271,1.88,1.43
2012.01.24 11:08:23.912,0.83259,0.83275,3.98,1.43
2012.01.24 11:08:25.190,0.8326,0.83275,1.88,1.43
2012.01.24 11:08:30.255,0.8326,0.83277,3.98,1.43
2012.01.24 11:08:30.589,0.8326,0.83278,3.98,1.43
2012.01.24 11:08:30.900,0.83261,0.83278,2.78,2.18
2012.01.24 11:08:31.414,0.83261,0.83278,2.78,2.18
2012.01.24 11:08:31.480,0.83261,0.83278,2.78,2.18
2012.01.24 11:08:31.550,0.8326,0.83278,4.73,2.18
2012.01.24 11:08:31.798,0.8326,0.83278,4.73,1.43
2012.01.24 11:08:32.961,0.83262,0.83278,3.30,2.93
2012.01.24 11:08:33.544,0.83262,0.83278,3.30,2.18
2012.01.24 11:08:33.901,0.83261,0.83276,1.43,1.88
2012.01.24 11:08:34.409,0.83262,0.83275,1.88,1.43
2012.01.24 11:08:35.645,0.8326,0.83275,1.88,1.43
2012.01.24 11:08:37.802,0.83261,0.83275,1.88,1.43
2012.01.24 11:08:38.389,0.83261,0.83275,2.63,1.43
2012.01.24 11:08:38.596,0.83261,0.83275,1.88,1.43
2012.01.24 11:08:40.078,0.83261,0.83277,3.30,2.18
2012.01.24 11:08:40.795,0.83264,0.8328,2.10,2.18
2012.01.24 11:08:41.349,0.83264,0.8328,2.85,1.43
2012.01.24 11:08:41.432,0.83264,0.8328,5.70,1.43
2012.01.24 11:08:41.970,0.83266,0.8328,1.43,2.18
2012.01.24 11:08:42.523,0.83266,0.83279,1.43,2.18
2012.01.24 11:08:43.069,0.83265,0.83279,1.88,2.18
2012.01.24 11:08:43.330,0.83264,0.83279,2.63,1.43
2012.01.24 11:08:44.056,0.83264,0.83281,3.30,1.43
2012.01.24 11:08:44.124,0.83267,0.83281,1.43,1.50
2012.01.24 11:08:44.268,0.83267,0.83283,1.43,1.43
2012.01.24 11:08:44.792,0.83268,0.83283,1.43,1.43
2012.01.24 11:08:49.394,0.8327,0.83286,1.43,4.73
2012.01.24 11:08:49.604,0.83273,0.83286,1.43,1.43
2012.01.24 11:08:50.300,0.83278,0.83292,3.30,1.43
2012.01.24 11:08:50.385,0.8328,0.83296,2.10,2.78
2012.01.24 11:08:51.228,0.8328,0.83296,2.10,2.03
2012.01.24 11:08:51.594,0.8328,0.83296,4.73,1.43
2012.01.24 11:08:51.720,0.8328,0.83296,1.88,1.43
2012.01.24 11:08:51.850,0.8328,0.83296,4.73,1.43
2012.01.24 11:08:52.364,0.8328,0.83296,2.63,1.43
2012.01.24 11:08:53.072,0.83282,0.83296,2.63,1.43
2012.01.24 11:08:53.412,0.83284,0.83298,1.88,1.43
2012.01.24 11:08:53.692,0.83284,0.83298,1.88,2.18
2012.01.24 11:08:53.977,0.83284,0.83298,1.88,1.43
2012.01.24 11:08:54.803,0.83283,0.83299,1.88,1.43
2012.01.24 11:08:54.999,0.83284,0.83299,2.10,2.18
2012.01.24 11:08:55.134,0.83283,0.83299,4.73,1.43
2012.01.24 11:08:55.321,0.83281,0.83297,2.10,2.18
2012.01.24 11:08:55.725,0.83279,0.83296,2.10,2.63
2012.01.24 11:08:56.240,0.8328,0.83297,1.88,1.43
2012.01.24 11:08:56.887,0.83279,0.83297,2.18,1.43
2012.01.24 11:09:03.436,0.83281,0.83298,1.43,2.63
2012.01.24 11:09:03.791,0.83286,0.83301,1.88,2.18
2012.01.24 11:09:04.349,0.83286,0.83301,1.88,1.43
2012.01.24 11:09:05.422,0.83286,0.833,1.88,1.43
2012.01.24 11:09:05.789,0.83284,0.833,3.98,1.43
2012.01.24 11:09:06.729,0.83286,0.83301,1.88,1.43
2012.01.24 11:09:07.591,0.83286,0.83302,1.88,1.43
2012.01.24 11:09:07.921,0.83283,0.83299,3.53,2.18
2012.01.24 11:09:08.725,0.83285,0.83299,1.88,1.43
2012.01.24 11:09:09.063,0.83285,0.83301,3.30,1.43
2012.01.24 11:09:12.834,0.83286,0.83301,1.88,1.43
2012.01.24 11:09:17.662,0.83285,0.83301,5.40,1.43
2012.01.24 11:09:20.609,0.83288,0.83304,1.43,2.18
2012.01.24 11:09:24.438,0.83285,0.83303,5.40,1.43
2012.01.24 11:09:24.929,0.83285,0.83299,3.98,1.43
2012.01.24 11:09:25.398,0.83284,0.83299,2.10,2.18
2012.01.24 11:09:31.094,0.83285,0.83301,1.43,1.43
2012.01.24 11:09:35.091,0.83284,0.833,1.88,1.43
2012.01.24 11:09:36.035,0.83284,0.833,1.88,2.93
2012.01.24 11:09:36.106,0.83282,0.833,1.43,2.93
2012.01.24 11:09:36.459,0.8328,0.83293,1.43,1.43
2012.01.24 11:09:36.965,0.83276,0.83291,2.55,1.43
2012.01.24 11:09:37.043,0.83273,0.83291,1.43,3.30
2012.01.24 11:09:38.015,0.83276,0.83293,1.43,4.05
2012.01.24 11:09:39.132,0.83276,0.83294,1.43,2.03
2012.01.24 11:09:40.557,0.83275,0.83291,1.88,1.43
2012.01.24 11:09:41.554,0.83275,0.83293,1.43,4.73
2012.01.24 11:09:43.585,0.83274,0.83291,1.88,1.43
2012.01.24 11:09:44.035,0.83275,0.83293,1.43,2.18
2012.01.24 11:09:44.163,0.83279,0.83293,1.88,2.18
2012.01.24 11:09:44.762,0.83279,0.83294,3.30,1.43
2012.01.24 11:09:45.273,0.83279,0.83293,1.88,1.43
2012.01.24 11:09:46.301,0.83277,0.83293,3.98,1.43
2012.01.24 11:09:47.268,0.83279,0.83295,2.18,1.43
2012.01.24 11:09:48.540,0.83279,0.83295,4.05,1.43
2012.01.24 11:09:49.297,0.83279,0.83295,3.30,1.43
2012.01.24 11:09:50.455,0.83279,0.83295,2.18,1.43
2012.01.24 11:09:50.773,0.83282,0.83299,1.50,3.30
2012.01.24 11:09:51.603,0.83282,0.83299,1.50,3.30
2012.01.24 11:09:51.930,0.83285,0.83301,1.43,3.30
2012.01.24 11:09:52.447,0.83288,0.83301,1.43,1.88
2012.01.24 11:09:55.510,0.83288,0.83302,1.43,1.88
2012.01.24 11:09:57.836,0.83288,0.83304,1.43,1.43
2012.01.24 11:09:57.974,0.8329,0.83307,1.43,2.63
2012.01.24 11:09:58.519,0.8329,0.83307,1.43,1.88
2012.01.24 11:09:59.636,0.83294,0.83307,1.43,1.88
2012.01.24 11:10:00.221,0.83289,0.83307,2.18,3.30
2012.01.24 11:10:13.803,0.83289,0.83304,1.88,1.43
2012.01.24 11:10:17.450,0.83287,0.83304,2.63,1.43
2012.01.24 11:10:18.101,0.83289,0.83307,1.43,1.43
2012.01.24 11:10:23.799,0.83293,0.83307,1.43,1.88
2012.01.24 11:10:24.146,0.83295,0.83307,1.43,1.88
2012.01.24 11:10:24.214,0.83295,0.83311,1.43,2.63
2012.01.24 11:10:25.085,0.83297,0.83313,1.88,1.43
2012.01.24 11:10:25.174,0.83298,0.83315,1.43,1.43
2012.01.24 11:10:25.706,0.83298,0.83314,1.43,1.88
2012.01.24 11:10:25.773,0.83296,0.83312,2.85,1.43
2012.01.24 11:10:27.742,0.83293,0.8331,1.88,2.18
2012.01.24 11:10:28.285,0.83293,0.83306,1.88,2.18
2012.01.24 11:10:28.359,0.8329,0.83306,1.43,1.43
2012.01.24 11:10:28.959,0.8329,0.83303,1.43,1.88
2012.01.24 11:10:29.300,0.83289,0.83306,1.43,2.18
2012.01.24 11:10:29.822,0.83289,0.83307,1.43,4.80
2012.01.24 11:10:31.157,0.8329,0.83306,3.30,1.43
2012.01.24 11:10:31.311,0.83287,0.83304,5.40,1.80
2012.01.24 11:10:31.385,0.83287,0.83302,3.53,1.88
2012.01.24 11:10:31.844,0.83283,0.83301,1.43,1.43
2012.01.24 11:10:43.689,0.83283,0.83301,2.18,1.43
2012.01.24 11:10:44.830,0.83284,0.83301,2.63,1.43
2012.01.24 11:10:45.173,0.83288,0.83303,2.63,1.43
2012.01.24 11:10:45.600,0.8329,0.83306,1.43,3.30
2012.01.24 11:10:45.994,0.83287,0.83303,2.18,3.30
2012.01.24 11:10:46.649,0.83284,0.833,4.05,2.18
2012.01.24 11:10:47.163,0.83284,0.833,2.18,1.43
2012.01.24 11:10:47.292,0.83289,0.833,1.50,1.43
2012.01.24 11:10:47.365,0.83289,0.83303,1.50,1.43
2012.01.24 11:10:47.436,0.8329,0.83305,2.18,1.43
2012.01.24 11:10:47.574,0.8329,0.83306,1.43,3.30
2012.01.24 11:10:47.842,0.83288,0.83304,2.18,1.43
2012.01.24 11:10:50.024,0.83287,0.83304,2.63,1.43
2012.01.24 11:10:50.094,0.83289,0.83307,2.18,4.05
2012.01.24 11:10:51.482,0.83289,0.83306,2.18,1.88
2012.01.24 11:10:52.043,0.8329,0.83307,2.63,2.18
2012.01.24 11:10:52.183,0.8329,0.83307,2.63,2.18
2012.01.24 11:10:54.240,0.83292,0.8331,2.18,4.05
2012.01.24 11:10:54.759,0.83292,0.8331,2.18,4.05
2012.01.24 11:10:57.008,0.83292,0.8331,2.18,3.30
2012.01.24 11:10:57.167,0.83292,0.8331,2.18,4.05
2012.01.24 11:10:57.441,0.83293,0.8331,1.50,4.05
2012.01.24 11:10:57.781,0.83295,0.8331,2.18,1.88
2012.01.24 11:10:57.984,0.83299,0.83315,1.43,3.30
2012.01.24 11:11:00.496,0.83302,0.83315,1.43,1.88
2012.01.24 11:11:01.469,0.83302,0.83318,1.43,2.18
2012.01.24 11:11:01.981,0.83302,0.83318,4.05,2.18
2012.01.24 11:11:02.053,0.83302,0.83318,4.05,1.43
2012.01.24 11:11:02.120,0.83302,0.83318,3.30,2.18
2012.01.24 11:11:02.899,0.83302,0.83318,4.05,1.43
2012.01.24 11:11:03.152,0.83302,0.83318,1.43,3.30
2012.01.24 11:11:08.541,0.83302,0.83317,1.43,1.88
2012.01.24 11:11:08.613,0.83298,0.83316,2.18,1.43
2012.01.24 11:11:09.150,0.83298,0.83316,2.18,1.43
2012.01.24 11:11:09.932,0.833,0.83316,1.88,1.43
2012.01.24 11:11:17.872,0.83298,0.83316,4.05,1.43
2012.01.24 11:11:28.965,0.83298,0.83316,2.18,1.43
2012.01.24 11:11:29.693,0.83297,0.83312,1.88,1.43
2012.01.24 11:11:30.681,0.83299,0.83315,1.43,1.43
2012.01.24 11:11:30.812,0.83301,0.83315,1.88,1.43
2012.01.24 11:11:31.121,0.83301,0.83315,2.63,1.43
2012.01.24 11:11:31.191,0.83301,0.83315,1.88,1.43
2012.01.24 11:11:35.895,0.83299,0.83315,1.43,3.30
2012.01.24 11:11:35.969,0.83297,0.83312,2.63,1.43
2012.01.24 11:11:36.445,0.83293,0.83309,2.18,1.43
2012.01.24 11:11:36.575,0.83293,0.83309,2.18,1.43
2012.01.24 11:11:37.118,0.83293,0.83309,1.43,1.43
2012.01.24 11:11:39.300,0.83291,0.83307,1.35,1.43
2012.01.24 11:11:39.918,0.83291,0.83307,1.35,1.43
2012.01.24 11:11:40.508,0.83292,0.83307,1.88,1.43
2012.01.24 11:11:40.758,0.83292,0.8331,4.05,3.30
2012.01.24 11:11:51.958,0.83292,0.8331,4.05,3.30
2012.01.24 11:11:56.085,0.83292,0.83306,2.63,1.43
2012.01.24 11:11:56.433,0.8329,0.83306,1.43,1.43
2012.01.24 11:11:56.509,0.83288,0.83303,1.43,1.43
2012.01.24 11:11:57.103,0.83287,0.83303,4.05,1.43
2012.01.24 11:12:04.291,0.83283,0.83299,2.85,1.43
2012.01.24 11:12:04.433,0.83284,0.83302,2.18,1.43
2012.01.24 11:12:04.967,0.83285,0.83302,2.63,1.43
2012.01.24 11:12:06.009,0.83284,0.83302,4.05,1.43
2012.01.24 11:12:06.258,0.83284,0.83302,4.05,1.43
2012.01.24 11:12:09.394,0.83284,0.83302,3.30,1.43
2012.01.24 11:12:09.650,0.83284,0.83302,4.05,1.43
2012.01.24 11:12:10.059,0.83287,0.83305,2.18,3.30
2012.01.24 11:12:10.272,0.83287,0.83303,2.18,1.88
2012.01.24 11:12:11.276,0.83289,0.83303,2.10,1.88
2012.01.24 11:12:11.423,0.83287,0.83303,4.28,1.88
2012.01.24 11:12:11.764,0.83289,0.83305,2.63,1.43
2012.01.24 11:12:11.905,0.8329,0.83308,2.18,1.43
2012.01.24 11:12:12.034,0.83289,0.83305,4.05,1.43
2012.01.24 11:12:12.178,0.83293,0.83309,1.43,5.40
2012.01.24 11:12:12.257,0.83289,0.83306,1.88,1.43
2012.01.24 11:12:13.271,0.83288,0.83306,4.05,1.43
2012.01.24 11:12:14.023,0.83288,0.83306,4.05,1.43
2012.01.24 11:12:15.325,0.8329,0.83307,1.43,1.88
2012.01.24 11:12:15.394,0.83288,0.83305,2.63,1.43
2012.01.24 11:12:15.898,0.83288,0.83305,2.63,1.43
2012.01.24 11:12:21.819,0.83295,0.83305,1.88,1.43
2012.01.24 11:12:21.893,0.83295,0.83307,1.88,1.80
2012.01.24 11:12:22.022,0.83295,0.83311,3.30,2.18
2012.01.24 11:12:22.151,0.83295,0.83308,1.88,1.43
2012.01.24 11:12:22.220,0.83292,0.83308,6.15,1.43
2012.01.24 11:12:22.475,0.83295,0.8331,1.43,1.88
2012.01.24 11:12:24.035,0.83292,0.83308,3.60,1.43
2012.01.24 11:12:25.383,0.83297,0.83312,1.43,1.88
2012.01.24 11:12:33.079,0.83297,0.83313,1.43,3.30
2012.01.24 11:12:33.390,0.83299,0.83313,1.43,1.88
2012.01.24 11:12:34.078,0.83299,0.83315,1.43,1.88
2012.01.24 11:12:40.390,0.83301,0.83315,1.43,1.88
2012.01.24 11:12:40.524,0.83302,0.83319,1.43,1.88
2012.01.24 11:12:41.197,0.83305,0.83322,1.43,1.88
2012.01.24 11:12:43.151,0.83304,0.8332,1.43,1.43
2012.01.24 11:12:50.923,0.83298,0.83314,3.30,1.43
2012.01.24 11:12:51.487,0.83298,0.83313,3.30,2.10
2012.01.24 11:12:51.844,0.83294,0.83309,1.88,1.43
2012.01.24 11:12:52.468,0.83295,0.83309,1.88,1.43
2012.01.24 11:12:53.004,0.83295,0.8331,1.88,1.43
2012.01.24 11:12:54.578,0.83294,0.8331,3.30,1.43
2012.01.24 11:12:55.951,0.83295,0.8331,1.88,1.43
2012.01.24 11:12:56.143,0.83296,0.83312,1.43,1.43
2012.01.24 11:12:56.209,0.83296,0.83314,1.43,3.30
2012.01.24 11:12:57.309,0.83299,0.83314,1.88,1.43
2012.01.24 11:12:58.835,0.83296,0.83314,2.93,3.30
2012.01.24 11:12:59.280,0.83296,0.83312,1.43,1.43
2012.01.24 11:12:59.883,0.83294,0.8331,1.43,1.43
2012.01.24 11:13:00.773,0.83297,0.83313,1.43,2.18
2012.01.24 11:13:01.102,0.83299,0.83317,1.43,1.43
2012.01.24 11:13:01.522,0.83303,0.83318,1.43,1.88
2012.01.24 11:13:02.073,0.83301,0.83318,1.88,1.43
2012.01.24 11:13:02.714,0.83302,0.8332,2.10,1.43
2012.01.24 11:13:03.380,0.83301,0.83317,5.40,1.43
2012.01.24 11:13:03.889,0.83301,0.83317,3.98,1.43
2012.01.24 11:13:07.166,0.833,0.83317,1.88,1.43
2012.01.24 11:13:07.519,0.833,0.83314,2.63,1.43
2012.01.24 11:13:07.662,0.83298,0.83314,3.30,1.43
2012.01.24 11:13:07.733,0.83298,0.83312,1.88,1.43
2012.01.24 11:13:08.734,0.83297,0.83312,1.88,1.43
2012.01.24 11:13:10.767,0.83297,0.83308,1.88,1.43
2012.01.24 11:13:10.844,0.83294,0.83308,4.28,1.43
2012.01.24 11:13:11.383,0.83294,0.83306,2.85,1.43
2012.01.24 11:13:11.464,0.83288,0.83306,3.30,4.05
2012.01.24 11:13:11.608,0.83288,0.83306,4.80,3.30
2012.01.24 11:13:12.160,0.83289,0.83306,1.50,3.30
2012.01.24 11:13:13.767,0.83288,0.83306,1.43,4.05
2012.01.24 11:13:14.240,0.8329,0.83306,1.43,2.63
2012.01.24 11:13:14.559,0.83293,0.83308,2.63,1.43
2012.01.24 11:13:15.824,0.83293,0.83311,4.05,1.43
2012.01.24 11:13:18.462,0.83293,0.83311,2.85,1.43
2012.01.24 11:13:19.079,0.83299,0.83316,1.43,1.88
2012.01.24 11:13:21.012,0.83299,0.83315,1.43,1.43
2012.01.24 11:13:21.079,0.83296,0.83314,4.05,1.43
2012.01.24 11:13:24.389,0.83297,0.83314,1.43,3.30
2012.01.24 11:13:24.460,0.83299,0.83314,1.43,1.88
2012.01.24 11:13:25.008,0.83298,0.83314,1.43,3.30
2012.01.24 11:13:25.511,0.83298,0.83313,1.43,1.88
2012.01.24 11:13:28.769,0.83298,0.83314,1.43,3.30
2012.01.24 11:13:32.391,0.83295,0.83311,2.85,1.43
2012.01.24 11:13:33.271,0.83294,0.83312,2.10,1.43
2012.01.24 11:13:33.809,0.83294,0.83312,2.10,1.43
2012.01.24 11:13:34.356,0.83294,0.83312,2.10,1.43
2012.01.24 11:13:34.690,0.83298,0.83312,1.88,1.43
2012.01.24 11:13:35.311,0.83298,0.83313,1.88,1.43
2012.01.24 11:13:35.651,0.83302,0.83317,1.88,2.18
2012.01.24 11:13:35.899,0.83303,0.8332,1.43,1.43
2012.01.24 11:13:36.099,0.83302,0.8332,2.85,2.18
2012.01.24 11:13:36.277,0.83303,0.8332,1.43,1.43
2012.01.24 11:13:37.707,0.83302,0.8332,1.43,2.18
2012.01.24 11:13:41.539,0.83302,0.8332,3.06,2.18
2012.01.24 11:13:42.127,0.83307,0.83321,1.43,1.43
2012.01.24 11:13:42.659,0.83306,0.83322,1.43,1.43
2012.01.24 11:13:42.929,0.83304,0.8332,3.83,1.43
2012.01.24 11:13:45.030,0.83306,0.8332,1.88,1.43
2012.01.24 11:13:45.159,0.83306,0.83322,3.98,1.43
2012.01.24 11:13:45.230,0.83306,0.8332,3.98,1.43
2012.01.24 11:13:45.989,0.83307,0.8332,1.88,1.43
2012.01.24 11:13:46.061,0.83305,0.83322,3.30,1.43
2012.01.24 11:13:46.600,0.83305,0.83323,4.05,3.30
2012.01.24 11:13:47.439,0.83307,0.83323,1.88,1.43
2012.01.24 11:13:48.619,0.83307,0.83321,1.88,1.43
2012.01.24 11:13:48.869,0.83307,0.83323,1.88,1.43
2012.01.24 11:13:48.941,0.83307,0.83321,2.63,1.43
2012.01.24 11:13:49.656,0.83305,0.83321,1.88,1.43
2012.01.24 11:13:55.578,0.83306,0.83321,1.88,1.43
2012.01.24 11:13:56.120,0.83306,0.83322,3.30,1.43
2012.01.24 11:14:05.589,0.83307,0.83322,1.88,1.43
2012.01.24 11:14:06.071,0.83307,0.8332,1.88,1.43
2012.01.24 11:14:06.599,0.83307,0.83319,1.88,1.43
2012.01.24 11:14:06.671,0.83304,0.83319,1.43,1.43
2012.01.24 11:14:06.742,0.83303,0.83317,1.88,1.43
2012.01.24 11:14:06.873,0.83301,0.83317,1.43,2.18
2012.01.24 11:14:08.842,0.83299,0.83315,1.88,1.43
2012.01.24 11:14:09.469,0.83297,0.83315,1.43,1.43
2012.01.24 11:14:09.691,0.83296,0.83311,2.63,1.43
2012.01.24 11:14:15.872,0.83296,0.83314,3.30,2.85
2012.01.24 11:14:16.632,0.83296,0.83314,4.05,1.43
2012.01.24 11:14:19.403,0.83298,0.83314,1.43,1.43
2012.01.24 11:14:19.474,0.83299,0.83317,1.43,4.05
2012.01.24 11:14:19.990,0.833,0.83317,1.88,2.18
2012.01.24 11:14:21.389,0.83306,0.83317,1.88,1.43
2012.01.24 11:14:21.581,0.83304,0.83317,1.88,1.43
2012.01.24 11:14:22.149,0.83304,0.83318,1.88,1.43
2012.01.24 11:14:22.685,0.83305,0.83319,1.88,1.43
2012.01.24 11:14:24.461,0.83307,0.83319,1.88,1.43
2012.01.24 11:14:24.807,0.83309,0.83321,1.43,1.43
2012.01.24 11:14:25.131,0.83311,0.83321,1.88,1.43
2012.01.24 11:14:25.654,0.83311,0.83325,1.88,1.43
2012.01.24 11:14:28.138,0.8331,0.83325,1.88,1.43
2012.01.24 11:14:28.220,0.8331,0.83323,1.88,1.43
2012.01.24 11:14:28.764,0.83309,0.83323,2.63,1.43
2012.01.24 11:14:29.852,0.83309,0.83327,4.05,4.28
2012.01.24 11:14:30.487,0.83311,0.83327,1.88,2.18
2012.01.24 11:14:30.982,0.83311,0.83327,1.88,2.18
2012.01.24 11:14:32.752,0.83309,0.83326,4.05,1.43
2012.01.24 11:14:32.820,0.83309,0.83323,2.63,1.43
2012.01.24 11:14:35.866,0.83309,0.8332,2.63,1.43
2012.01.24 11:14:37.282,0.83308,0.8332,1.88,1.43
2012.01.24 11:14:39.863,0.83304,0.83317,3.38,1.43
2012.01.24 11:14:40.193,0.83301,0.83315,1.50,1.43
2012.01.24 11:14:40.323,0.83297,0.83313,4.28,1.43
2012.01.24 11:14:40.391,0.83296,0.83309,1.50,1.43
2012.01.24 11:14:40.588,0.83295,0.83309,1.88,1.43
2012.01.24 11:14:41.582,0.83291,0.83309,4.65,1.43
2012.01.24 11:14:41.658,0.83289,0.83304,4.28,3.30
2012.01.24 11:14:41.860,0.83285,0.83299,2.63,1.43
2012.01.24 11:14:43.158,0.83283,0.83299,2.93,1.43
2012.01.24 11:14:43.308,0.83285,0.83301,1.43,1.43
2012.01.24 11:14:43.650,0.83287,0.83301,1.88,1.43
2012.01.24 11:14:44.069,0.83287,0.83305,4.05,3.30
2012.01.24 11:14:44.682,0.83287,0.83303,2.63,1.43
2012.01.24 11:14:44.969,0.83283,0.83295,2.18,1.88
2012.01.24 11:14:45.048,0.83282,0.83295,1.43,3.30
2012.01.24 11:14:45.192,0.83277,0.83292,2.18,1.88
2012.01.24 11:14:45.264,0.83273,0.83291,2.78,1.43
2012.01.24 11:14:45.521,0.83273,0.83291,2.78,2.18
2012.01.24 11:14:45.593,0.83273,0.83289,2.78,1.88
2012.01.24 11:14:46.448,0.83273,0.83289,2.18,1.88
2012.01.24 11:14:47.013,0.83273,0.83289,2.18,1.88
2012.01.24 11:14:47.683,0.83273,0.8329,2.18,1.88
2012.01.24 11:14:48.189,0.83276,0.8329,2.18,1.88
2012.01.24 11:14:48.827,0.83287,0.83301,1.88,2.18
2012.01.24 11:14:49.031,0.83287,0.83301,2.63,1.43
2012.01.24 11:14:49.231,0.83288,0.83304,2.18,1.43
2012.01.24 11:14:49.671,0.83291,0.83304,1.50,1.43
2012.01.24 11:14:49.745,0.83291,0.83306,2.93,1.88
2012.01.24 11:14:49.817,0.83293,0.83309,1.50,1.43
2012.01.24 11:14:49.893,0.83293,0.83311,2.93,2.18
2012.01.24 11:14:50.646,0.83297,0.83313,1.43,1.43
2012.01.24 11:14:50.970,0.833,0.83316,2.18,3.30
2012.01.24 11:14:51.313,0.833,0.83316,2.18,3.30
2012.01.24 11:14:52.041,0.833,0.83316,2.18,3.30
2012.01.24 11:14:52.796,0.83302,0.83318,2.18,1.88
2012.01.24 11:14:53.043,0.83302,0.83316,2.18,1.88
2012.01.24 11:14:53.323,0.83296,0.83314,4.95,1.43
2012.01.24 11:14:53.395,0.83299,0.83316,2.18,1.88
2012.01.24 11:14:54.091,0.83299,0.83316,2.18,2.63
2012.01.24 11:14:54.932,0.83299,0.83317,2.18,2.18
2012.01.24 11:14:55.988,0.833,0.83317,3.60,1.43
2012.01.24 11:14:56.472,0.83303,0.83319,2.18,2.85
2012.01.24 11:14:57.092,0.83304,0.83319,2.18,1.43
2012.01.24 11:14:57.804,0.83304,0.83321,2.18,1.43
2012.01.24 11:14:58.363,0.83304,0.8332,2.18,1.43
2012.01.24 11:14:58.576,0.83302,0.83317,1.43,2.18
2012.01.24 11:14:58.934,0.83294,0.83309,2.63,1.43
2012.01.24 11:15:02.385,0.83295,0.83309,1.88,1.43
2012.01.24 11:15:02.460,0.83296,0.83311,1.43,1.43
2012.01.24 11:15:02.539,0.83299,0.83311,1.43,1.43
2012.01.24 11:15:02.614,0.83299,0.83315,1.43,1.80
2012.01.24 11:15:03.404,0.83296,0.83313,1.43,1.43
2012.01.24 11:15:04.339,0.83298,0.83316,3.30,3.68
2012.01.24 11:15:04.689,0.83298,0.83316,4.05,4.43
2012.01.24 11:15:05.333,0.83298,0.83316,4.05,1.43
2012.01.24 11:15:05.782,0.83302,0.83318,1.43,3.68
2012.01.24 11:15:07.251,0.83302,0.83318,2.18,1.80
2012.01.24 11:15:07.792,0.83302,0.83318,2.18,1.43
2012.01.24 11:15:08.130,0.833,0.83316,2.63,1.43
2012.01.24 11:15:10.076,0.833,0.83316,2.63,1.43
2012.01.24 11:15:11.150,0.833,0.83316,3.30,1.43
2012.01.24 11:15:14.735,0.83298,0.83316,1.43,6.75
2012.01.24 11:15:14.817,0.83296,0.83309,1.88,1.43
2012.01.24 11:15:16.414,0.83296,0.83312,3.30,1.43
2012.01.24 11:15:18.490,0.83296,0.83312,4.05,1.43
2012.01.24 11:15:19.124,0.83296,0.83312,1.43,1.43
2012.01.24 11:15:22.198,0.83295,0.8331,2.63,1.43
2012.01.24 11:15:23.172,0.8329,0.83306,2.18,1.43
2012.01.24 11:15:26.383,0.83288,0.83304,1.13,1.43
2012.01.24 11:15:26.753,0.83292,0.83304,1.50,1.43
2012.01.24 11:15:26.892,0.83288,0.83304,1.13,1.43
2012.01.24 11:15:27.812,0.83287,0.83304,2.63,1.43
2012.01.24 11:15:29.078,0.83287,0.83304,2.85,1.43
2012.01.24 11:15:29.151,0.83289,0.83307,2.18,3.30
2012.01.24 11:15:29.938,0.83289,0.83307,2.18,4.05
2012.01.24 11:15:31.300,0.83288,0.83304,2.63,1.43
2012.01.24 11:15:31.375,0.83289,0.83307,2.18,3.30
2012.01.24 11:15:31.511,0.83288,0.833,4.73,1.43
2012.01.24 11:15:32.559,0.83286,0.833,2.63,1.43
2012.01.24 11:15:32.709,0.83286,0.83302,4.05,1.43
2012.01.24 11:15:32.784,0.83286,0.83302,6.15,1.43
2012.01.24 11:15:33.339,0.8329,0.83304,2.63,1.43
2012.01.24 11:15:33.858,0.83289,0.83304,1.43,1.43
2012.01.24 11:15:34.181,0.8329,0.83306,2.18,3.30
2012.01.24 11:15:34.690,0.8329,0.83306,2.18,3.30
2012.01.24 11:15:34.762,0.8329,0.83303,2.18,1.88
2012.01.24 11:15:35.190,0.83286,0.83302,2.85,1.43
2012.01.24 11:15:35.746,0.83287,0.83302,1.43,1.43
2012.01.24 11:15:36.889,0.83287,0.83302,1.43,1.43
2012.01.24 11:15:36.959,0.83288,0.83304,2.18,1.43
2012.01.24 11:15:38.807,0.83298,0.83307,1.88,1.43
2012.01.24 11:15:39.454,0.83298,0.83312,2.63,2.18
2012.01.24 11:15:39.529,0.83299,0.83315,2.18,1.43
2012.01.24 11:15:39.863,0.83299,0.83315,2.18,1.43
2012.01.24 11:15:39.938,0.83301,0.83317,2.18,1.88
2012.01.24 11:15:40.196,0.83301,0.83317,2.18,1.88
2012.01.24 11:15:40.274,0.83307,0.83319,1.88,1.43
2012.01.24 11:15:40.416,0.83307,0.83319,2.63,1.43
2012.01.24 11:15:41.015,0.83307,0.83323,4.05,2.18
2012.01.24 11:15:41.110,0.83307,0.83323,4.05,1.43
2012.01.24 11:15:42.507,0.83307,0.83323,4.05,1.43
2012.01.24 11:15:42.583,0.83309,0.83325,2.18,1.43
2012.01.24 11:15:43.251,0.83307,0.83324,2.63,1.43
2012.01.24 11:15:43.326,0.83307,0.83324,2.63,1.43
2012.01.24 11:15:43.546,0.83306,0.8332,2.18,1.88
2012.01.24 11:15:43.904,0.83302,0.83317,2.63,1.43
2012.01.24 11:15:44.245,0.83301,0.83317,2.18,6.23
2012.01.24 11:15:44.803,0.83301,0.83313,1.43,1.88
2012.01.24 11:15:44.879,0.83297,0.83313,2.18,1.88
2012.01.24 11:15:45.444,0.83297,0.83314,2.18,1.88
2012.01.24 11:15:47.489,0.83297,0.83314,2.18,1.88
2012.01.24 11:15:47.688,0.83296,0.83309,2.63,1.43
2012.01.24 11:15:47.831,0.83294,0.83309,2.63,1.43
2012.01.24 11:15:48.083,0.83294,0.83306,2.63,1.43
2012.01.24 11:15:48.402,0.83294,0.8331,2.63,1.43
2012.01.24 11:15:48.531,0.83294,0.83307,1.88,3.53
2012.01.24 11:15:48.729,0.83291,0.83307,2.63,3.53
2012.01.24 11:15:48.921,0.83291,0.83307,2.63,1.43
2012.01.24 11:15:49.666,0.83291,0.83307,2.63,1.43
2012.01.24 11:15:50.222,0.83291,0.83307,2.63,1.43
2012.01.24 11:15:50.864,0.83294,0.83307,2.18,1.43
2012.01.24 11:15:51.063,0.83292,0.8331,4.28,1.43
2012.01.24 11:15:51.136,0.83292,0.8331,2.18,1.43
2012.01.24 11:15:51.982,0.83293,0.8331,2.63,1.43
2012.01.24 11:15:53.132,0.83293,0.8331,2.63,1.43
2012.01.24 11:15:53.203,0.83296,0.83312,2.18,3.30
2012.01.24 11:15:53.273,0.83301,0.83314,2.63,1.50
2012.01.24 11:15:53.413,0.83296,0.83312,1.43,1.43
2012.01.24 11:15:53.479,0.83295,0.83312,1.43,1.43
2012.01.24 11:15:55.099,0.83294,0.83312,4.05,1.43
2012.01.24 11:15:56.960,0.83294,0.83307,2.18,1.88
2012.01.24 11:15:57.636,0.83291,0.83307,1.43,4.73
2012.01.24 11:15:58.095,0.83291,0.83307,2.18,3.30
2012.01.24 11:15:58.630,0.83294,0.83307,2.63,1.43
2012.01.24 11:15:58.912,0.83296,0.83311,2.18,1.43
2012.01.24 11:15:58.981,0.83297,0.83314,2.18,2.25
2012.01.24 11:15:59.765,0.833,0.83316,1.43,4.73
2012.01.24 11:16:00.093,0.83302,0.83319,2.18,4.80
2012.01.24 11:16:00.289,0.83303,0.83319,1.50,1.88
2012.01.24 11:16:00.489,0.83302,0.83319,2.18,2.63
2012.01.24 11:16:01.473,0.83305,0.8332,1.88,1.43
2012.01.24 11:16:01.570,0.83306,0.83322,2.18,1.43
2012.01.24 11:16:02.083,0.83306,0.83322,1.43,1.43
2012.01.24 11:16:03.814,0.83305,0.83321,2.63,1.43
2012.01.24 11:16:04.343,0.83303,0.83321,2.93,1.43
2012.01.24 11:16:04.880,0.83303,0.83321,2.93,1.43
2012.01.24 11:16:05.873,0.83303,0.83321,5.03,1.43
2012.01.24 11:16:06.412,0.83303,0.83321,5.03,1.43
2012.01.24 11:16:06.788,0.83307,0.83322,2.63,1.43
2012.01.24 11:16:07.281,0.83309,0.83325,2.18,4.73
2012.01.24 11:16:08.151,0.83309,0.83325,2.18,3.30
2012.01.24 11:16:08.693,0.83309,0.83325,2.18,3.30
2012.01.24 11:16:09.022,0.83307,0.83323,4.05,1.43
2012.01.24 11:16:09.161,0.83307,0.83323,4.05,1.43
2012.01.24 11:16:09.681,0.83307,0.83322,3.53,1.88
2012.01.24 11:16:09.814,0.83304,0.8332,2.85,1.43
2012.01.24 11:16:09.881,0.83303,0.8332,2.63,1.43
2012.01.24 11:16:10.506,0.83305,0.8332,2.63,1.43
2012.01.24 11:16:10.580,0.83305,0.83323,4.05,1.43
2012.01.24 11:16:11.124,0.83305,0.83323,4.05,1.43
2012.01.24 11:16:11.249,0.83305,0.83321,2.63,1.43
2012.01.24 11:16:11.780,0.83305,0.83321,2.63,1.43
2012.01.24 11:16:12.656,0.83305,0.83323,4.05,1.43
2012.01.24 11:16:13.361,0.83305,0.83323,2.18,3.30
2012.01.24 11:16:13.444,0.83309,0.83325,2.18,1.43
2012.01.24 11:16:15.251,0.83309,0.83325,2.18,1.43
2012.01.24 11:16:15.978,0.83308,0.83323,2.63,1.43
2012.01.24 11:16:17.812,0.83309,0.83325,3.30,2.18
2012.01.24 11:16:18.010,0.83309,0.83323,2.63,1.43
2012.01.24 11:16:19.672,0.83311,0.83323,1.88,1.43
2012.01.24 11:16:19.860,0.83311,0.83327,1.88,3.53
2012.01.24 11:16:20.509,0.83311,0.83327,1.88,2.18
2012.01.24 11:16:20.585,0.83311,0.83324,1.88,1.43
2012.01.24 11:16:20.770,0.83309,0.83324,2.63,1.43
2012.01.24 11:16:21.436,0.83309,0.83325,4.05,1.43
2012.01.24 11:16:22.086,0.83309,0.83321,1.88,1.43
2012.01.24 11:16:22.171,0.83305,0.83321,2.63,1.43
2012.01.24 11:16:22.671,0.83305,0.83321,1.88,1.43
2012.01.24 11:16:23.436,0.83303,0.83317,1.50,1.43
2012.01.24 11:16:23.982,0.83301,0.83317,4.05,2.18
2012.01.24 11:16:24.751,0.83304,0.83317,1.88,2.18
2012.01.24 11:16:25.010,0.83304,0.8332,1.88,1.43
2012.01.24 11:16:26.295,0.83306,0.83321,1.43,1.43
2012.01.24 11:16:27.293,0.83306,0.83322,2.18,3.30
2012.01.24 11:16:27.616,0.8331,0.83325,1.88,1.43
2012.01.24 11:16:28.088,0.83311,0.83328,1.43,1.88
2012.01.24 11:16:28.589,0.83311,0.83328,2.18,1.88
2012.01.24 11:16:29.549,0.83311,0.83328,2.18,1.88
2012.01.24 11:16:30.025,0.83315,0.83331,1.43,2.85
2012.01.24 11:16:31.090,0.83312,0.8333,4.05,1.43
2012.01.24 11:16:34.172,0.83315,0.83331,1.43,6.83
2012.01.24 11:16:34.526,0.83324,0.83335,1.88,2.10
2012.01.24 11:16:34.680,0.83324,0.8334,3.30,1.43
2012.01.24 11:16:34.768,0.83329,0.8334,2.10,1.43
2012.01.24 11:16:34.852,0.83332,0.83345,1.88,4.28
2012.01.24 11:16:35.484,0.83332,0.83347,1.88,1.43
2012.01.24 11:16:36.340,0.83335,0.83347,1.88,1.43
2012.01.24 11:16:39.301,0.83335,0.83344,1.88,1.43
2012.01.24 11:16:39.441,0.83329,0.83344,2.63,1.43
2012.01.24 11:16:40.467,0.83326,0.83339,2.63,2.18
2012.01.24 11:16:40.575,0.83322,0.83339,2.63,2.18
2012.01.24 11:16:41.426,0.83322,0.83339,2.63,2.18
2012.01.24 11:16:42.133,0.83324,0.83342,2.18,2.18
2012.01.24 11:16:42.636,0.83324,0.83341,2.18,2.63
2012.01.24 11:16:44.481,0.83324,0.83341,1.43,2.63
2012.01.24 11:16:44.551,0.83324,0.83341,1.43,1.88
2012.01.24 11:16:46.094,0.83323,0.83338,1.50,1.43
2012.01.24 11:16:46.354,0.83325,0.83341,1.43,2.18
2012.01.24 11:16:46.423,0.83325,0.83337,1.43,2.10
2012.01.24 11:16:46.636,0.83322,0.83338,3.30,2.93
2012.01.24 11:16:47.050,0.8332,0.83336,1.88,1.43
2012.01.24 11:16:47.689,0.83315,0.83333,2.18,1.43
2012.01.24 11:16:48.180,0.83315,0.83333,1.43,1.43
2012.01.24 11:16:48.962,0.83315,0.83333,2.18,1.43
2012.01.24 11:16:49.673,0.83317,0.83333,2.18,1.88
2012.01.24 11:16:50.871,0.83317,0.83335,4.05,1.43
2012.01.24 11:16:52.409,0.83315,0.83333,6.15,1.43
2012.01.24 11:16:52.952,0.83318,0.83334,1.43,2.85
2012.01.24 11:16:56.290,0.83316,0.83332,1.43,3.30
2012.01.24 11:16:56.683,0.83316,0.83329,1.43,2.10
2012.01.24 11:16:56.903,0.8331,0.83326,2.18,2.18
2012.01.24 11:16:57.544,0.83308,0.83322,2.18,1.88
2012.01.24 11:16:57.637,0.83309,0.83325,1.88,2.10
2012.01.24 11:16:57.787,0.83313,0.83328,1.88,4.95
2012.01.24 11:16:58.007,0.83314,0.83331,1.43,1.88
2012.01.24 11:16:59.714,0.83315,0.83329,1.88,1.43
2012.01.24 11:16:59.920,0.83311,0.83326,1.43,1.88
2012.01.24 11:17:00.460,0.8331,0.83326,1.43,3.30
2012.01.24 11:17:04.266,0.83313,0.83326,1.43,1.43
2012.01.24 11:17:04.544,0.83314,0.83332,2.18,1.43
2012.01.24 11:17:07.686,0.83312,0.8333,4.05,1.43
2012.01.24 11:17:08.033,0.83309,0.83327,6.83,1.43
2012.01.24 11:17:08.790,0.83309,0.83327,4.05,1.43
2012.01.24 11:17:09.079,0.83309,0.83327,4.73,1.43
2012.01.24 11:17:09.341,0.83311,0.83329,4.05,1.43
2012.01.24 11:17:10.190,0.83311,0.83329,4.73,1.43
2012.01.24 11:17:11.630,0.83315,0.8333,1.43,1.43
2012.01.24 11:17:12.129,0.83315,0.83331,4.05,1.43
2012.01.24 11:17:12.401,0.83317,0.83335,2.18,2.40
2012.01.24 11:17:14.149,0.83317,0.83335,4.05,3.30
2012.01.24 11:17:14.580,0.8332,0.83335,1.43,1.88
2012.01.24 11:17:15.240,0.8332,0.83338,1.43,3.68
2012.01.24 11:17:17.392,0.83323,0.83341,2.18,1.43
2012.01.24 11:17:18.373,0.83322,0.83338,2.18,1.43
2012.01.24 11:17:18.881,0.83322,0.83338,1.43,4.95
2012.01.24 11:17:19.191,0.83321,0.83335,1.88,3.53
2012.01.24 11:17:19.641,0.83321,0.83337,1.43,3.53
2012.01.24 11:17:19.711,0.83323,0.83337,1.43,2.10
2012.01.24 11:17:20.252,0.83323,0.83338,1.43,1.88
2012.01.24 11:17:20.328,0.83324,0.83341,1.88,1.43
2012.01.24 11:17:22.064,0.83323,0.83341,4.05,3.30
2012.01.24 11:17:23.803,0.83323,0.83341,4.80,3.53
2012.01.24 11:17:23.874,0.83323,0.83339,3.38,1.43
2012.01.24 11:17:24.227,0.83322,0.83333,1.43,2.10
2012.01.24 11:17:24.380,0.83322,0.83335,1.43,5.40
2012.01.24 11:17:24.960,0.83315,0.83333,2.18,1.43
2012.01.24 11:17:25.459,0.83315,0.83333,2.18,1.43
2012.01.24 11:17:26.732,0.83315,0.83332,2.18,1.88
2012.01.24 11:17:31.020,0.83315,0.83333,2.18,1.43
2012.01.24 11:17:32.952,0.83317,0.83335,1.43,6.83
2012.01.24 11:17:33.287,0.8332,0.83336,1.43,1.80
2012.01.24 11:17:33.812,0.8332,0.83336,2.18,3.53
2012.01.24 11:17:34.004,0.8332,0.83338,2.18,4.65
2012.01.24 11:17:34.590,0.8332,0.83338,1.43,4.65
2012.01.24 11:17:35.854,0.83322,0.83338,1.43,4.65
2012.01.24 11:17:36.461,0.83323,0.83338,1.43,3.23
2012.01.24 11:17:37.359,0.83323,0.83337,1.43,2.10
2012.01.24 11:17:40.710,0.83322,0.83337,1.43,3.98
2012.01.24 11:17:41.031,0.83322,0.83336,1.43,2.85
2012.01.24 11:17:41.102,0.83322,0.83336,1.43,2.10
2012.01.24 11:17:41.735,0.83323,0.83339,1.43,4.73
2012.01.24 11:17:42.184,0.83325,0.83341,1.43,2.55
2012.01.24 11:17:42.250,0.83327,0.83342,1.43,4.35
2012.01.24 11:17:42.531,0.83327,0.83341,1.43,1.13
2012.01.24 11:17:42.661,0.83325,0.83338,2.18,1.88
2012.01.24 11:17:43.171,0.83325,0.83337,1.43,2.10
2012.01.24 11:17:43.830,0.83325,0.83338,1.43,3.98
2012.01.24 11:17:44.699,0.83325,0.8334,1.43,2.85
2012.01.24 11:17:44.890,0.83325,0.83341,1.43,5.40
2012.01.24 11:17:52.426,0.8332,0.83337,1.43,2.63
2012.01.24 11:17:52.513,0.83322,0.83335,2.18,2.10
2012.01.24 11:17:52.590,0.83324,0.83337,1.43,2.10
2012.01.24 11:17:52.667,0.83321,0.83337,1.43,2.10
2012.01.24 11:17:52.750,0.83324,0.83338,1.43,2.10
2012.01.24 11:17:53.097,0.83329,0.83341,1.43,2.10
2012.01.24 11:17:53.385,0.83335,0.8335,1.88,3.53
2012.01.24 11:17:53.945,0.83336,0.83352,1.43,2.18
2012.01.24 11:17:54.437,0.83336,0.83353,1.43,1.88
2012.01.24 11:17:56.488,0.83336,0.83354,1.43,3.30
2012.01.24 11:17:58.922,0.83336,0.83351,1.43,1.88
2012.01.24 11:17:59.010,0.83334,0.8335,1.43,1.43
2012.01.24 11:18:01.930,0.83334,0.83349,2.93,1.88
2012.01.24 11:18:03.512,0.83335,0.83352,1.43,1.43
2012.01.24 11:18:03.605,0.83335,0.83353,2.18,1.43
2012.01.24 11:18:04.396,0.83335,0.83353,2.18,1.43
2012.01.24 11:18:04.475,0.83334,0.8335,4.05,1.43
2012.01.24 11:18:05.265,0.83334,0.8335,4.05,1.43
2012.01.24 11:18:05.580,0.83334,0.83348,1.43,1.50
2012.01.24 11:18:05.652,0.83334,0.83349,1.43,2.85
2012.01.24 11:18:06.103,0.83334,0.8335,2.18,3.30
2012.01.24 11:18:06.612,0.83334,0.83349,1.43,2.10
2012.01.24 11:18:07.590,0.83334,0.83348,1.43,2.10
2012.01.24 11:18:08.140,0.83334,0.83349,1.43,2.85
2012.01.24 11:18:08.212,0.83336,0.83349,1.43,2.85
2012.01.24 11:18:08.399,0.83336,0.8335,2.18,1.88
2012.01.24 11:18:09.190,0.83336,0.83352,2.18,1.43
2012.01.24 11:18:12.234,0.83336,0.83349,1.43,1.43
2012.01.24 11:18:12.579,0.83336,0.83349,1.43,7.73
2012.01.24 11:18:13.215,0.83328,0.83344,1.43,1.43
2012.01.24 11:18:14.851,0.83329,0.83345,1.43,2.10
2012.01.24 11:18:15.362,0.83332,0.83346,1.43,1.88
2012.01.24 11:18:15.963,0.83333,0.8335,1.88,4.28
2012.01.24 11:18:16.044,0.83335,0.83351,2.18,1.88
2012.01.24 11:18:16.515,0.83335,0.83353,4.05,1.43
2012.01.24 11:18:17.066,0.83335,0.83353,4.05,1.43
2012.01.24 11:18:18.274,0.83341,0.83353,1.88,1.43
2012.01.24 11:18:18.342,0.83341,0.83355,1.88,2.10
2012.01.24 11:18:18.415,0.83344,0.8336,1.43,6.23
2012.01.24 11:18:18.612,0.83341,0.83356,2.63,1.43
2012.01.24 11:18:18.743,0.8334,0.83356,2.18,3.30
2012.01.24 11:18:19.051,0.83341,0.83356,2.18,1.88
2012.01.24 11:18:19.604,0.83341,0.83359,2.18,4.05
2012.01.24 11:18:20.308,0.83341,0.83359,2.18,3.30
2012.01.24 11:18:20.860,0.83342,0.83359,1.88,1.43
2012.01.24 11:18:22.589,0.83341,0.83359,4.05,1.43
2012.01.24 11:18:23.681,0.83341,0.83359,4.05,1.43
2012.01.24 11:18:24.382,0.83343,0.83359,1.88,1.43
2012.01.24 11:18:24.460,0.83344,0.83361,1.43,1.88
2012.01.24 11:18:24.534,0.83347,0.83361,1.43,1.88
2012.01.24 11:18:24.679,0.83347,0.83363,2.18,2.25
2012.01.24 11:18:25.453,0.83351,0.83363,1.43,1.88
2012.01.24 11:18:25.796,0.83351,0.83367,1.43,2.55
2012.01.24 11:18:26.409,0.8335,0.83368,4.05,1.80
2012.01.24 11:18:28.763,0.83354,0.83366,1.43,2.48
2012.01.24 11:18:29.020,0.83354,0.83369,2.18,2.10
2012.01.24 11:18:29.585,0.83356,0.83373,2.18,1.43
2012.01.24 11:18:29.900,0.83359,0.83375,1.43,3.68
2012.01.24 11:18:30.255,0.83357,0.83373,1.88,2.10
2012.01.24 11:18:30.465,0.83356,0.83371,1.43,2.10
2012.01.24 11:18:30.780,0.83356,0.83371,1.43,2.85
2012.01.24 11:18:30.921,0.83356,0.83372,1.43,3.98
2012.01.24 11:18:31.968,0.83356,0.83372,1.43,3.38
2012.01.24 11:18:32.091,0.83352,0.83365,1.43,2.63
2012.01.24 11:18:32.170,0.83352,0.83361,1.43,1.50
2012.01.24 11:18:32.316,0.83352,0.8336,1.43,1.88
2012.01.24 11:18:32.465,0.83347,0.83356,1.43,1.88
2012.01.24 11:18:32.605,0.83343,0.83356,2.18,1.88
2012.01.24 11:18:32.680,0.83345,0.83356,1.43,1.88
2012.01.24 11:18:32.931,0.83343,0.83356,1.43,1.88
2012.01.24 11:18:33.623,0.83343,0.83358,2.18,2.10
2012.01.24 11:18:33.773,0.83342,0.83359,1.43,2.10
2012.01.24 11:18:33.849,0.83342,0.83357,1.43,1.88
2012.01.24 11:18:34.383,0.83343,0.83357,1.43,1.88
2012.01.24 11:18:35.623,0.83339,0.83357,4.05,3.30
2012.01.24 11:18:35.812,0.83339,0.83351,4.05,2.10
2012.01.24 11:18:35.886,0.83339,0.83354,2.63,1.43
2012.01.24 11:18:36.026,0.83336,0.83351,1.43,1.88
2012.01.24 11:18:36.383,0.83335,0.83345,1.43,2.10
2012.01.24 11:18:36.463,0.83331,0.83345,3.30,2.10
2012.01.24 11:18:36.672,0.83331,0.83347,3.30,1.43
2012.01.24 11:18:37.507,0.83332,0.83349,1.43,2.70
2012.01.24 11:18:37.586,0.83336,0.83349,1.88,2.85
2012.01.24 11:18:38.112,0.83336,0.83351,3.30,2.10
2012.01.24 11:18:39.321,0.83336,0.83352,3.30,1.43
2012.01.24 11:18:41.559,0.83337,0.83352,1.43,1.43
2012.01.24 11:18:41.630,0.83339,0.83354,1.43,2.10
2012.01.24 11:18:45.650,0.83339,0.83352,1.43,2.10
2012.01.24 11:18:46.175,0.83339,0.83351,1.43,2.10
2012.01.24 11:18:46.366,0.83337,0.83351,2.85,2.10
2012.01.24 11:18:46.871,0.83337,0.8335,1.43,2.10
2012.01.24 11:18:49.651,0.83338,0.8335,1.88,2.10
2012.01.24 11:18:49.843,0.83338,0.83352,1.88,2.10
2012.01.24 11:18:50.041,0.83338,0.83352,4.05,2.10
2012.01.24 11:18:50.173,0.83343,0.83356,2.63,1.43
2012.01.24 11:18:50.299,0.83343,0.83358,3.30,2.10
2012.01.24 11:18:52.754,0.83343,0.83356,2.18,2.10
2012.01.24 11:18:52.822,0.83343,0.83359,2.18,5.40
2012.01.24 11:18:53.397,0.83343,0.83359,2.18,6.15
2012.01.24 11:18:53.870,0.83346,0.83359,1.88,3.53
2012.01.24 11:18:54.013,0.83348,0.83364,1.43,4.28
2012.01.24 11:18:54.222,0.83346,0.83362,1.43,1.43
2012.01.24 11:18:54.775,0.83342,0.83355,1.88,1.43
2012.01.24 11:18:54.848,0.83339,0.83355,1.43,1.43
2012.01.24 11:18:55.042,0.83342,0.83356,1.43,1.88
2012.01.24 11:18:55.114,0.83339,0.83356,2.18,1.88
2012.01.24 11:18:55.316,0.83339,0.83352,1.43,1.88
2012.01.24 11:18:55.533,0.83337,0.83352,2.85,1.88
2012.01.24 11:18:55.952,0.83334,0.83351,2.63,1.43
2012.01.24 11:18:59.350,0.83336,0.83351,1.88,1.43
2012.01.24 11:19:02.651,0.83333,0.83351,4.05,1.43
2012.01.24 11:19:02.903,0.83333,0.83347,1.88,1.43
2012.01.24 11:19:03.457,0.83333,0.8335,2.63,2.85
2012.01.24 11:19:03.530,0.83333,0.83347,2.63,1.43
2012.01.24 11:19:04.089,0.83333,0.83347,1.88,1.43
2012.01.24 11:19:05.409,0.83331,0.83347,2.18,1.43
2012.01.24 11:19:05.860,0.83329,0.83345,2.18,3.53
2012.01.24 11:19:06.174,0.83327,0.83345,4.05,4.28
2012.01.24 11:19:06.767,0.83327,0.83345,3.30,4.28
2012.01.24 11:19:07.050,0.83324,0.8334,2.18,1.88
2012.01.24 11:19:07.140,0.83322,0.83339,2.63,1.43
2012.01.24 11:19:07.282,0.83321,0.83338,2.10,1.88
2012.01.24 11:19:07.430,0.83319,0.83335,1.43,2.18
2012.01.24 11:19:08.741,0.83319,0.83334,1.43,1.88
2012.01.24 11:19:09.401,0.83319,0.83335,1.43,3.30
2012.01.24 11:19:12.268,0.83321,0.83335,1.43,1.88
2012.01.24 11:19:12.614,0.83323,0.83333,1.43,2.10
2012.01.24 11:19:12.958,0.83323,0.83335,1.43,3.98
2012.01.24 11:19:13.110,0.83325,0.83339,1.43,3.45
2012.01.24 11:19:13.866,0.83326,0.83341,1.43,2.48
2012.01.24 11:19:13.944,0.83326,0.83342,2.18,2.10
2012.01.24 11:19:17.503,0.83326,0.83342,2.18,2.10
2012.01.24 11:19:20.522,0.83326,0.83343,2.18,1.88
2012.01.24 11:19:21.471,0.83326,0.83342,2.18,1.88
2012.01.24 11:19:22.263,0.83326,0.83342,1.43,1.88
2012.01.24 11:19:22.401,0.83325,0.83337,1.43,1.88
2012.01.24 11:19:23.599,0.83321,0.83337,1.43,4.73
2012.01.24 11:19:25.633,0.83321,0.83335,1.43,3.98
2012.01.24 11:19:25.701,0.83319,0.83335,1.43,5.40
2012.01.24 11:19:28.970,0.83319,0.83334,1.43,1.88
2012.01.24 11:19:30.947,0.83319,0.83333,1.43,1.88
2012.01.24 11:19:31.850,0.83319,0.83334,1.43,1.88
2012.01.24 11:19:32.160,0.83316,0.83333,2.63,1.43
2012.01.24 11:19:32.905,0.83315,0.83332,1.43,1.88
2012.01.24 11:19:36.600,0.83318,0.83332,1.43,1.88
2012.01.24 11:19:36.672,0.83315,0.83332,2.85,1.88
2012.01.24 11:19:36.860,0.83317,0.83332,1.43,1.88
2012.01.24 11:19:37.389,0.83317,0.83333,1.43,1.88
2012.01.24 11:19:37.701,0.83313,0.83329,2.18,1.43
2012.01.24 11:19:38.021,0.8331,0.83326,1.43,1.43
2012.01.24 11:19:38.209,0.8331,0.83326,2.18,1.43
2012.01.24 11:19:38.398,0.8331,0.83326,1.43,2.18
2012.01.24 11:19:39.531,0.83312,0.83326,1.43,1.50
2012.01.24 11:19:39.630,0.83314,0.83329,1.43,2.10
2012.01.24 11:19:40.041,0.83314,0.83332,4.05,4.05
2012.01.24 11:19:40.232,0.83314,0.83332,4.05,3.30
2012.01.24 11:19:42.552,0.83315,0.83332,2.63,1.43
2012.01.24 11:19:43.112,0.83315,0.83332,2.63,1.43
2012.01.24 11:19:43.769,0.83317,0.83334,2.18,1.88
2012.01.24 11:19:44.609,0.83317,0.83335,2.18,3.30
2012.01.24 11:19:45.230,0.83317,0.83335,2.18,3.30
2012.01.24 11:19:45.640,0.83315,0.83333,4.05,1.43
2012.01.24 11:19:46.855,0.83317,0.83334,1.43,1.88
2012.01.24 11:19:47.350,0.83317,0.83334,2.18,1.88
2012.01.24 11:19:47.908,0.83317,0.83335,2.18,3.30
2012.01.24 11:19:48.635,0.83322,0.83338,2.93,3.68
2012.01.24 11:19:48.702,0.83322,0.83338,2.18,4.05
2012.01.24 11:19:48.774,0.83324,0.83338,1.43,2.63
2012.01.24 11:19:49.115,0.8333,0.83347,1.43,2.63
2012.01.24 11:19:49.184,0.8333,0.83346,1.43,4.28
2012.01.24 11:19:49.251,0.83328,0.83344,1.43,1.43
2012.01.24 11:19:50.781,0.83332,0.83344,1.43,1.88
2012.01.24 11:19:50.854,0.83332,0.83347,1.43,1.88
2012.01.24 11:19:51.409,0.83332,0.83347,2.18,1.88
2012.01.24 11:19:52.051,0.83332,0.83347,2.18,1.88
2012.01.24 11:19:53.157,0.83332,0.83348,2.18,1.43
2012.01.24 11:19:54.044,0.83334,0.83349,2.18,1.88
2012.01.24 11:19:54.371,0.83334,0.83351,2.18,1.88
2012.01.24 11:19:54.507,0.83336,0.83351,1.43,1.88
2012.01.24 11:19:55.265,0.83338,0.83351,1.43,1.88
2012.01.24 11:19:55.422,0.83338,0.83354,1.43,1.43
2012.01.24 11:19:56.421,0.83338,0.83354,2.18,1.43
2012.01.24 11:19:57.809,0.83338,0.83354,2.18,1.43
2012.01.24 11:20:00.991,0.83338,0.83354,4.05,3.53
2012.01.24 11:20:01.814,0.83342,0.83354,1.88,3.53
2012.01.24 11:20:01.884,0.83342,0.83357,2.63,1.43
2012.01.24 11:20:01.956,0.83343,0.83359,2.18,1.43
2012.01.24 11:20:02.426,0.83344,0.83361,2.63,1.43
2012.01.24 11:20:04.076,0.83346,0.83362,2.18,2.10
2012.01.24 11:20:04.164,0.83353,0.83367,1.88,1.43
2012.01.24 11:20:04.512,0.83353,0.83369,4.73,1.43
2012.01.24 11:20:04.830,0.83353,0.83369,4.73,1.43
2012.01.24 11:20:05.972,0.83354,0.83367,1.88,1.43
2012.01.24 11:20:06.941,0.83354,0.8337,1.88,1.43
2012.01.24 11:20:07.842,0.83352,0.83369,2.18,1.88
2012.01.24 11:20:08.485,0.83352,0.83369,2.18,1.88
2012.01.24 11:20:08.568,0.83351,0.83367,1.43,1.43
2012.01.24 11:20:11.620,0.83351,0.83367,2.18,1.43
2012.01.24 11:20:13.210,0.83351,0.83367,1.43,2.18
2012.01.24 11:20:13.426,0.83351,0.83367,2.18,1.43
2012.01.24 11:20:14.601,0.83351,0.83366,2.18,1.88
2012.01.24 11:20:14.670,0.83351,0.83366,1.43,1.88
2012.01.24 11:20:15.382,0.83348,0.83364,4.05,1.43
2012.01.24 11:20:16.496,0.83348,0.83362,2.63,1.43
2012.01.24 11:20:16.830,0.83346,0.83358,1.43,2.63
2012.01.24 11:20:17.033,0.83343,0.83358,1.43,1.88
2012.01.24 11:20:18.511,0.83343,0.83358,1.43,2.63
2012.01.24 11:20:18.580,0.83345,0.83358,1.43,2.63
2012.01.24 11:20:19.026,0.83342,0.83359,1.43,2.63
2012.01.24 11:20:19.151,0.83342,0.83359,2.18,1.88
2012.01.24 11:20:19.874,0.83342,0.83359,1.43,1.88
2012.01.24 11:20:20.390,0.83342,0.83358,1.43,1.88
2012.01.24 11:20:20.830,0.83342,0.83355,1.43,2.10
2012.01.24 11:20:21.103,0.83342,0.83357,1.43,3.98
2012.01.24 11:20:22.587,0.83345,0.83357,1.43,1.88
2012.01.24 11:20:22.722,0.83345,0.83362,1.43,2.63
2012.01.24 11:20:22.797,0.83345,0.83363,3.30,3.53
2012.01.24 11:20:22.999,0.8335,0.83366,2.18,4.43
2012.01.24 11:20:23.551,0.83349,0.83366,2.18,1.88
2012.01.24 11:20:24.156,0.83349,0.83364,2.18,1.88
2012.01.24 11:20:24.750,0.83349,0.83364,2.18,1.88
2012.01.24 11:20:26.992,0.83349,0.83365,2.18,1.88
2012.01.24 11:20:27.592,0.83349,0.83365,2.18,1.88
2012.01.24 11:20:28.118,0.83349,0.83366,2.18,3.98
2012.01.24 11:20:28.649,0.83349,0.83366,2.18,1.88
2012.01.24 11:20:29.788,0.83349,0.83365,2.18,1.88
2012.01.24 11:20:30.651,0.83349,0.83365,2.18,1.88
2012.01.24 11:20:34.614,0.8335,0.83365,2.10,1.88
2012.01.24 11:20:35.120,0.83349,0.83365,2.18,1.88
2012.01.24 11:20:35.795,0.83349,0.83364,2.18,1.88
2012.01.24 11:20:36.193,0.83348,0.83362,2.18,1.88
2012.01.24 11:20:37.072,0.83351,0.83359,1.43,1.88
2012.01.24 11:20:37.153,0.83351,0.83364,1.43,1.88
2012.01.24 11:20:37.222,0.83348,0.83363,2.18,1.43
2012.01.24 11:20:37.757,0.83349,0.83364,1.43,1.88
2012.01.24 11:20:38.789,0.83349,0.83366,1.43,1.88
2012.01.24 11:20:38.861,0.83349,0.83366,2.18,1.88
2012.01.24 11:20:39.527,0.83358,0.8337,2.18,1.35
2012.01.24 11:20:39.614,0.83358,0.83372,2.18,2.63
2012.01.24 11:20:40.860,0.83356,0.83372,2.18,1.88
2012.01.24 11:20:41.510,0.83356,0.83373,2.18,1.88
2012.01.24 11:20:42.053,0.83358,0.83373,1.43,1.88
2012.01.24 11:20:42.901,0.83357,0.83373,3.60,3.30
2012.01.24 11:20:43.901,0.83354,0.8337,2.55,1.43
2012.01.24 11:20:44.096,0.83356,0.83372,2.18,1.43
2012.01.24 11:20:44.356,0.83356,0.83372,2.18,1.43
2012.01.24 11:20:44.713,0.83359,0.83373,2.18,1.88
2012.01.24 11:20:45.277,0.83359,0.83375,2.18,3.30
2012.01.24 11:20:45.500,0.83362,0.83375,1.43,1.88
2012.01.24 11:20:45.569,0.8336,0.83375,2.18,1.88
2012.01.24 11:20:46.149,0.8336,0.83376,1.43,4.73
2012.01.24 11:20:46.223,0.83356,0.83374,2.18,1.43
2012.01.24 11:20:46.422,0.83358,0.83375,1.43,2.10
2012.01.24 11:20:46.937,0.83358,0.83376,1.43,6.15
2012.01.24 11:20:47.283,0.83356,0.83372,2.18,1.88
2012.01.24 11:20:47.801,0.83356,0.83372,2.18,1.88
2012.01.24 11:20:49.602,0.83353,0.83371,2.18,1.43
2012.01.24 11:20:50.310,0.83355,0.83371,2.10,1.43
2012.01.24 11:20:50.387,0.83355,0.83373,3.53,3.30
2012.01.24 11:20:50.652,0.83355,0.83368,1.43,1.88
2012.01.24 11:20:51.367,0.8335,0.83366,2.63,1.43
2012.01.24 11:20:51.898,0.83349,0.83366,2.85,3.30
2012.01.24 11:20:52.552,0.83348,0.83365,2.55,1.88
2012.01.24 11:20:53.394,0.83347,0.83362,1.13,1.43
2012.01.24 11:20:54.162,0.83349,0.83362,1.88,1.43
2012.01.24 11:20:54.433,0.83351,0.83369,1.43,4.80
2012.01.24 11:20:54.502,0.83349,0.83365,4.05,1.43
2012.01.24 11:20:55.494,0.8335,0.83366,1.43,1.88
2012.01.24 11:20:55.803,0.83348,0.83364,2.85,3.30
2012.01.24 11:20:59.344,0.83348,0.83364,2.18,3.30
2012.01.24 11:21:01.979,0.83347,0.83365,5.25,3.30
2012.01.24 11:21:02.473,0.83347,0.83365,1.43,3.30
2012.01.24 11:21:02.794,0.83349,0.83365,1.50,1.43
2012.01.24 11:21:03.305,0.83348,0.83365,3.98,1.43
2012.01.24 11:21:03.749,0.83348,0.83365,5.48,1.43
2012.01.24 11:21:04.603,0.83351,0.83366,2.18,1.43
2012.01.24 11:21:04.671,0.83351,0.83367,1.43,2.18
2012.01.24 11:21:05.055,0.83351,0.83367,4.28,1.43
2012.01.24 11:21:07.479,0.83355,0.8337,1.43,1.50
2012.01.24 11:21:07.551,0.83355,0.83373,3.53,4.05
2012.01.24 11:21:07.623,0.83355,0.83373,3.53,3.30
2012.01.24 11:21:09.309,0.83355,0.83373,1.43,4.05
2012.01.24 11:21:11.391,0.83355,0.83373,3.53,4.05
2012.01.24 11:21:12.817,0.83354,0.83371,2.10,2.18
2012.01.24 11:21:13.914,0.83353,0.83371,3.53,2.18
2012.01.24 11:21:20.526,0.83353,0.8337,3.53,1.88
2012.01.24 11:21:20.783,0.83352,0.83367,3.98,1.43
2012.01.24 11:21:21.945,0.83351,0.83366,1.43,1.88
2012.01.24 11:21:22.012,0.83348,0.83364,3.98,1.43
2012.01.24 11:21:22.522,0.83348,0.83363,1.43,1.88
2012.01.24 11:21:24.223,0.8335,0.83368,1.43,2.18
2012.01.24 11:21:24.828,0.8335,0.83368,1.43,2.18
2012.01.24 11:21:26.881,0.8335,0.83364,1.43,1.88
2012.01.24 11:21:26.954,0.83348,0.83364,1.43,1.88
2012.01.24 11:21:27.143,0.83346,0.83362,2.10,1.43
2012.01.24 11:21:27.745,0.83345,0.83361,3.53,4.05
2012.01.24 11:21:30.970,0.83349,0.83364,1.88,2.18
2012.01.24 11:21:31.139,0.83353,0.83369,1.43,2.18
2012.01.24 11:21:31.276,0.83355,0.83371,1.43,1.35
2012.01.24 11:21:31.356,0.83355,0.83372,1.43,2.63
2012.01.24 11:21:32.610,0.83354,0.8337,1.43,1.43
2012.01.24 11:21:37.664,0.83354,0.8337,3.53,2.93
2012.01.24 11:21:37.735,0.83355,0.83373,1.43,3.30
2012.01.24 11:21:37.811,0.83357,0.83373,1.43,3.30
2012.01.24 11:21:38.468,0.83362,0.83373,1.43,1.88
2012.01.24 11:21:38.558,0.8336,0.83376,1.43,3.30
2012.01.24 11:21:39.100,0.83358,0.83374,2.10,1.43
2012.01.24 11:21:39.638,0.83356,0.83374,1.80,1.43
2012.01.24 11:21:40.273,0.83356,0.83374,1.43,1.43
2012.01.24 11:21:41.371,0.83356,0.83372,1.80,1.43
2012.01.24 11:21:41.703,0.83354,0.8337,3.68,1.43
2012.01.24 11:21:42.172,0.83356,0.83372,3.53,2.18
2012.01.24 11:21:42.756,0.83356,0.83372,3.53,1.43
2012.01.24 11:21:44.552,0.83352,0.83369,2.18,1.88
2012.01.24 11:21:44.624,0.83352,0.83366,2.18,1.43
2012.01.24 11:21:45.184,0.83347,0.83365,1.43,4.73
2012.01.24 11:21:45.260,0.83347,0.83361,1.43,1.43
2012.01.24 11:21:45.405,0.83345,0.83361,1.43,3.30
2012.01.24 11:21:45.550,0.83341,0.83357,3.30,1.43
2012.01.24 11:21:45.751,0.83339,0.83357,2.18,1.43
2012.01.24 11:21:46.261,0.83341,0.83357,1.88,1.43
2012.01.24 11:21:47.674,0.83341,0.83356,1.88,1.43
2012.01.24 11:21:47.741,0.83341,0.83353,1.88,1.43
2012.01.24 11:21:50.415,0.83338,0.83351,2.10,3.30
2012.01.24 11:21:50.492,0.83333,0.83347,2.85,1.43
2012.01.24 11:21:52.609,0.83334,0.83351,2.63,2.18
2012.01.24 11:21:56.089,0.83336,0.83352,1.43,4.05
2012.01.24 11:21:56.609,0.83336,0.83352,3.30,2.18
2012.01.24 11:21:59.011,0.83336,0.83352,3.30,2.18
2012.01.24 11:22:00.167,0.83336,0.8335,1.88,1.43
2012.01.24 11:22:03.931,0.83338,0.83355,1.88,1.43
2012.01.24 11:22:06.367,0.8334,0.83356,1.43,1.88
2012.01.24 11:22:06.704,0.83341,0.83357,2.85,1.88
2012.01.24 11:22:06.779,0.83343,0.83359,4.05,1.43
2012.01.24 11:22:07.282,0.83343,0.83361,3.30,1.43
2012.01.24 11:22:08.145,0.83343,0.83357,1.88,1.43
2012.01.24 11:22:09.453,0.83343,0.8336,1.88,1.43
2012.01.24 11:22:09.601,0.83349,0.83364,1.88,4.35
2012.01.24 11:22:10.035,0.83349,0.83367,3.30,2.18
2012.01.24 11:22:10.108,0.83349,0.83364,3.30,1.43
2012.01.24 11:22:10.763,0.83351,0.83364,1.88,1.43
2012.01.24 11:22:11.232,0.83349,0.83363,1.50,1.43
2012.01.24 11:22:11.760,0.83348,0.83363,1.88,1.43
2012.01.24 11:22:12.260,0.83346,0.83363,4.65,1.43
2012.01.24 11:22:13.162,0.83346,0.83365,2.63,1.43
2012.01.24 11:22:14.172,0.83345,0.83363,4.73,1.88
2012.01.24 11:22:14.681,0.83345,0.83362,2.63,1.43
2012.01.24 11:22:15.422,0.83345,0.83362,1.88,1.43
2012.01.24 11:22:23.064,0.83345,0.8336,1.88,1.43
2012.01.24 11:22:23.775,0.83341,0.83356,2.63,2.85
2012.01.24 11:22:23.923,0.83336,0.83352,1.43,1.88
2012.01.24 11:22:23.989,0.83334,0.83352,1.43,1.88
2012.01.24 11:22:24.123,0.83334,0.83352,1.43,1.88
2012.01.24 11:22:24.650,0.83332,0.83351,2.85,1.43
2012.01.24 11:22:27.063,0.83334,0.8335,2.85,1.43
2012.01.24 11:22:28.375,0.83334,0.83348,1.43,1.43
2012.01.24 11:22:28.703,0.83329,0.83348,3.98,4.05
2012.01.24 11:22:28.773,0.83329,0.83343,3.98,1.43
2012.01.24 11:22:29.097,0.83327,0.83342,2.78,1.88
2012.01.24 11:22:30.012,0.83327,0.83343,1.88,1.43
2012.01.24 11:22:30.127,0.83329,0.83346,2.10,2.18
2012.01.24 11:22:30.641,0.83328,0.83346,1.43,1.43
2012.01.24 11:22:30.841,0.83331,0.83347,1.43,1.88
2012.01.24 11:22:31.169,0.83334,0.83347,2.18,1.88
2012.01.24 11:22:31.574,0.83334,0.83343,2.18,1.88
2012.01.24 11:22:31.648,0.83334,0.83348,2.18,4.05
2012.01.24 11:22:31.839,0.83329,0.83347,4.35,1.43
2012.01.24 11:22:33.060,0.83329,0.83347,2.85,2.18
2012.01.24 11:22:33.206,0.83333,0.83349,2.18,1.43
2012.01.24 11:22:33.620,0.83331,0.83348,2.10,1.43
2012.01.24 11:22:33.695,0.83333,0.83346,2.10,1.88
2012.01.24 11:22:33.768,0.83333,0.83349,3.53,1.43
2012.01.24 11:22:33.916,0.83334,0.83347,2.10,1.43
2012.01.24 11:22:33.981,0.83334,0.83352,3.53,2.18
2012.01.24 11:22:36.880,0.83334,0.83347,1.43,1.88
2012.01.24 11:22:36.950,0.83334,0.8335,1.43,1.43
2012.01.24 11:22:37.023,0.83332,0.83348,5.03,1.43
2012.01.24 11:22:37.744,0.83332,0.83347,1.43,2.63
2012.01.24 11:22:39.087,0.83332,0.83348,5.03,1.43
2012.01.24 11:22:39.404,0.83332,0.83348,1.43,2.18
2012.01.24 11:22:41.674,0.83332,0.83343,2.18,1.88
2012.01.24 11:22:41.742,0.83332,0.83347,2.18,2.63
2012.01.24 11:22:41.810,0.8333,0.83345,2.85,1.43
2012.01.24 11:22:41.943,0.83329,0.83345,6.15,1.43
2012.01.24 11:22:42.141,0.83329,0.83345,7.65,1.43
2012.01.24 11:22:42.270,0.83332,0.83347,2.18,1.88
2012.01.24 11:22:42.781,0.83329,0.83346,1.88,1.43
2012.01.24 11:22:43.424,0.83329,0.83342,1.88,1.43
2012.01.24 11:22:43.560,0.83327,0.83343,3.30,1.43
2012.01.24 11:22:43.706,0.8333,0.83343,1.43,1.43
2012.01.24 11:22:44.033,0.83333,0.83345,1.43,1.88
2012.01.24 11:22:45.001,0.83331,0.83347,1.43,3.30
2012.01.24 11:22:46.820,0.83333,0.83347,1.43,1.88
2012.01.24 11:22:47.131,0.83336,0.83348,1.43,1.88
2012.01.24 11:22:48.686,0.83336,0.83348,1.43,2.63
2012.01.24 11:22:50.085,0.83336,0.83351,1.43,1.88
2012.01.24 11:22:51.955,0.83336,0.83352,1.43,3.30
2012.01.24 11:22:54.737,0.83336,0.83351,1.43,1.88
2012.01.24 11:22:55.325,0.83333,0.83347,3.60,1.43
2012.01.24 11:22:55.412,0.83331,0.83347,5.40,2.18
2012.01.24 11:22:55.755,0.83331,0.83344,1.43,1.88
2012.01.24 11:22:55.963,0.83327,0.83344,2.18,1.88
2012.01.24 11:22:56.611,0.83327,0.83344,1.43,2.63
2012.01.24 11:22:57.443,0.83327,0.83342,1.43,1.88
2012.01.24 11:22:59.625,0.83329,0.83342,2.10,1.88
2012.01.24 11:23:00.170,0.83328,0.83343,2.10,1.88
2012.01.24 11:23:01.131,0.8333,0.83343,1.43,1.88
2012.01.24 11:23:01.271,0.83334,0.83348,2.10,1.88
2012.01.24 11:23:01.519,0.83332,0.83348,2.18,2.63
2012.01.24 11:23:07.084,0.83332,0.83348,2.18,2.63
2012.01.24 11:23:09.827,0.83332,0.83348,2.93,1.88
2012.01.24 11:23:15.449,0.83332,0.83348,2.93,1.88
2012.01.24 11:23:17.242,0.83332,0.83345,2.93,1.88
2012.01.24 11:23:17.561,0.83328,0.83341,1.43,3.38
2012.01.24 11:23:17.701,0.83328,0.83341,1.43,1.88
2012.01.24 11:23:17.889,0.83324,0.83341,4.35,1.88
2012.01.24 11:23:20.280,0.83324,0.83341,4.28,3.38
2012.01.24 11:23:20.519,0.83324,0.83341,5.03,1.88
2012.01.24 11:23:20.710,0.83326,0.83341,2.18,2.63
2012.01.24 11:23:21.189,0.83326,0.8334,2.18,1.88
2012.01.24 11:23:22.160,0.83324,0.8334,2.18,2.63
2012.01.24 11:23:22.360,0.83324,0.8334,2.93,1.88
2012.01.24 11:23:26.555,0.83327,0.8334,1.43,1.88
2012.01.24 11:23:26.772,0.83327,0.83342,1.43,1.88
2012.01.24 11:23:28.564,0.83327,0.83341,1.43,1.50
2012.01.24 11:23:28.692,0.83327,0.83343,1.43,3.30
2012.01.24 11:23:28.768,0.83325,0.83341,2.18,1.43
2012.01.24 11:23:29.113,0.83325,0.83339,2.18,1.88
2012.01.24 11:23:29.663,0.83323,0.83338,2.18,2.18
2012.01.24 11:23:29.749,0.83322,0.83338,4.20,1.43
2012.01.24 11:23:30.376,0.83323,0.83338,1.88,1.43
2012.01.24 11:23:31.106,0.83322,0.83338,2.18,3.30
2012.01.24 11:23:33.110,0.83322,0.83337,1.43,1.43
2012.01.24 11:23:34.063,0.83314,0.83327,2.63,1.43
2012.01.24 11:23:34.422,0.83314,0.83329,4.05,1.43
2012.01.24 11:23:34.950,0.83314,0.8333,2.18,1.43
2012.01.24 11:23:35.147,0.8331,0.83328,6.15,1.43
2012.01.24 11:23:35.942,0.83314,0.8333,1.43,1.43
2012.01.24 11:23:36.662,0.83316,0.83333,1.43,1.88
2012.01.24 11:23:37.191,0.83316,0.83333,2.18,1.88
2012.01.24 11:23:38.056,0.83323,0.83336,2.18,1.88
2012.01.24 11:23:38.511,0.83323,0.83339,2.18,1.88
2012.01.24 11:23:38.901,0.83327,0.83339,1.43,1.88
2012.01.24 11:23:39.550,0.83327,0.83339,2.18,1.88
2012.01.24 11:23:40.737,0.83327,0.83339,1.43,1.88
2012.01.24 11:23:40.811,0.83327,0.83342,1.43,1.88
2012.01.24 11:23:40.885,0.83324,0.83336,2.18,1.88
2012.01.24 11:23:41.085,0.83322,0.83338,4.05,1.43
2012.01.24 11:23:41.154,0.83323,0.83341,2.18,3.30
2012.01.24 11:23:41.362,0.83323,0.83341,2.18,3.30
2012.01.24 11:23:45.322,0.83322,0.83338,4.35,1.43
2012.01.24 11:23:45.691,0.83325,0.83341,1.43,3.30
2012.01.24 11:23:46.218,0.83325,0.83341,2.18,1.43
2012.01.24 11:23:48.477,0.83325,0.83341,1.43,1.43
2012.01.24 11:23:48.562,0.83327,0.83342,2.18,2.25
2012.01.24 11:23:49.129,0.83324,0.83342,4.73,3.68
2012.01.24 11:23:53.051,0.83323,0.83339,2.63,1.43
2012.01.24 11:23:53.129,0.83323,0.83339,2.63,1.43
2012.01.24 11:23:53.340,0.83323,0.83339,2.63,3.55
2012.01.24 11:23:53.694,0.8332,0.83327,1.43,1.43
2012.01.24 11:23:54.609,0.83314,0.8333,2.18,1.43
2012.01.24 11:23:56.841,0.83311,0.83328,2.63,1.43
2012.01.24 11:23:57.560,0.83311,0.83326,1.88,1.43
2012.01.24 11:23:59.205,0.83308,0.83322,1.88,1.43
2012.01.24 11:23:59.494,0.83306,0.83319,1.88,1.43
2012.01.24 11:23:59.890,0.83303,0.83319,1.13,1.43
2012.01.24 11:24:00.037,0.83301,0.83317,1.43,1.88
2012.01.24 11:24:00.727,0.83298,0.83316,2.18,2.18
2012.01.24 11:24:00.806,0.83302,0.83316,1.88,1.43
2012.01.24 11:24:01.347,0.83302,0.83318,1.43,2.85
2012.01.24 11:24:01.567,0.83304,0.8332,1.43,1.88
2012.01.24 11:24:02.554,0.83304,0.83321,1.43,1.88
2012.01.24 11:24:02.910,0.83304,0.83321,4.49,1.88
2012.01.24 11:24:03.329,0.83313,0.83328,1.43,2.63
2012.01.24 11:24:03.478,0.83313,0.83328,2.18,2.63
2012.01.24 11:24:04.110,0.83313,0.83328,2.18,2.63
2012.01.24 11:24:04.771,0.83313,0.83329,2.18,2.63
2012.01.24 11:24:05.232,0.83316,0.83329,1.43,1.88
2012.01.24 11:24:05.680,0.83316,0.83326,1.43,1.88
2012.01.24 11:24:05.872,0.83309,0.83324,2.85,1.88
2012.01.24 11:24:06.380,0.83313,0.83324,1.43,1.88
2012.01.24 11:24:06.458,0.83312,0.83328,1.43,2.63
2012.01.24 11:24:06.660,0.83308,0.83326,2.18,1.43
2012.01.24 11:24:06.937,0.83308,0.83323,1.43,2.10
2012.01.24 11:24:07.081,0.83308,0.83325,1.43,2.10
2012.01.24 11:24:07.152,0.83306,0.83324,4.73,1.43
2012.01.24 11:24:08.682,0.83306,0.8332,1.88,1.43
2012.01.24 11:24:08.822,0.83309,0.83325,1.43,3.53
2012.01.24 11:24:08.897,0.83312,0.83325,1.43,2.10
2012.01.24 11:24:08.961,0.83312,0.83328,1.43,3.68
2012.01.24 11:24:09.178,0.83315,0.83329,1.43,1.88
2012.01.24 11:24:09.328,0.83315,0.83331,3.30,1.80
2012.01.24 11:24:10.316,0.83315,0.83331,1.43,2.93
2012.01.24 11:24:10.982,0.83315,0.83331,1.43,1.43
2012.01.24 11:24:12.917,0.83315,0.83328,1.43,1.88
2012.01.24 11:24:13.193,0.83313,0.83328,1.43,2.63
2012.01.24 11:24:13.382,0.83313,0.83326,1.43,1.88
2012.01.24 11:24:13.511,0.83309,0.83326,3.53,1.88
2012.01.24 11:24:14.281,0.83307,0.83323,2.85,1.43
2012.01.24 11:24:19.832,0.83309,0.83325,1.43,2.18
2012.01.24 11:24:20.151,0.83311,0.83326,1.43,1.88
2012.01.24 11:24:22.176,0.83311,0.83328,1.43,2.63
2012.01.24 11:24:22.330,0.83309,0.83327,4.73,1.43
2012.01.24 11:24:23.530,0.83309,0.83327,3.53,2.18
2012.01.24 11:24:23.864,0.83309,0.83323,1.43,1.88
2012.01.24 11:24:24.066,0.83307,0.83323,2.10,1.88
2012.01.24 11:24:24.622,0.83306,0.83323,1.43,1.88
2012.01.24 11:24:26.049,0.83306,0.83323,1.43,2.63
2012.01.24 11:24:26.411,0.83302,0.83315,1.88,1.43
2012.01.24 11:24:26.485,0.83298,0.83315,1.88,1.43
2012.01.24 11:24:27.602,0.833,0.83315,3.98,1.43
2012.01.24 11:24:28.569,0.83299,0.83315,2.10,1.43
2012.01.24 11:24:29.120,0.833,0.83315,2.10,1.43
2012.01.24 11:24:29.803,0.83299,0.83315,2.10,1.43
2012.01.24 11:24:30.840,0.83298,0.83315,1.88,1.43
2012.01.24 11:24:31.412,0.83297,0.83315,3.30,1.43
2012.01.24 11:24:31.742,0.83295,0.83311,2.18,1.43
2012.01.24 11:24:32.390,0.83299,0.83311,2.10,1.43
2012.01.24 11:24:32.471,0.83297,0.83312,3.53,1.88
2012.01.24 11:24:32.991,0.83295,0.83311,5.40,1.43
2012.01.24 11:24:34.672,0.83295,0.8331,1.43,1.43
2012.01.24 11:24:35.153,0.83291,0.83309,4.50,1.43
2012.01.24 11:24:35.657,0.83292,0.83309,2.85,1.43
2012.01.24 11:24:35.730,0.83292,0.83309,2.10,1.43
2012.01.24 11:24:36.151,0.83293,0.83309,2.63,2.18
2012.01.24 11:24:37.915,0.83293,0.83309,1.88,1.43
2012.01.24 11:24:38.242,0.83293,0.83305,1.88,1.43
2012.01.24 11:24:38.613,0.83292,0.83307,2.10,1.43
2012.01.24 11:24:39.143,0.83292,0.83307,2.85,1.43
2012.01.24 11:24:39.669,0.83291,0.83306,5.10,1.43
2012.01.24 11:24:44.964,0.83291,0.83307,1.13,1.43
2012.01.24 11:24:45.486,0.83291,0.83308,1.13,2.18
2012.01.24 11:24:45.996,0.83292,0.83308,4.73,2.18
2012.01.24 11:24:46.602,0.83292,0.83308,3.98,2.18
2012.01.24 11:24:46.923,0.83293,0.83308,2.85,1.43
2012.01.24 11:24:48.184,0.83294,0.83311,2.85,2.18
2012.01.24 11:24:48.582,0.83294,0.83308,2.85,1.43
2012.01.24 11:24:50.156,0.83297,0.83311,1.88,1.43
2012.01.24 11:24:50.469,0.83299,0.83314,2.10,2.18
2012.01.24 11:24:50.666,0.83299,0.83314,2.10,1.43
2012.01.24 11:24:51.254,0.83301,0.83316,2.10,1.43
2012.01.24 11:24:52.691,0.83301,0.83316,2.85,1.43
2012.01.24 11:24:53.876,0.83299,0.83314,2.10,1.88
2012.01.24 11:24:54.253,0.83297,0.83314,4.28,1.88
2012.01.24 11:24:54.763,0.83297,0.83315,4.28,1.43
2012.01.24 11:24:56.927,0.83297,0.83315,6.90,1.43
2012.01.24 11:24:57.240,0.83302,0.83316,2.10,1.43
2012.01.24 11:24:57.569,0.83302,0.83316,2.85,1.43
2012.01.24 11:24:59.121,0.833,0.83316,1.43,2.85
2012.01.24 11:24:59.194,0.83299,0.83314,2.85,1.43
2012.01.24 11:24:59.515,0.83302,0.83316,1.50,2.85
2012.01.24 11:25:00.171,0.83311,0.83322,1.88,2.85
2012.01.24 11:25:00.314,0.83308,0.83322,2.78,1.43
2012.01.24 11:25:00.835,0.83307,0.83323,3.30,2.85
2012.01.24 11:25:00.900,0.83307,0.83321,1.88,1.43
2012.01.24 11:25:01.421,0.83306,0.83323,2.55,1.43
2012.01.24 11:25:07.271,0.83306,0.83323,3.30,1.43
2012.01.24 11:25:07.418,0.83306,0.8332,2.55,1.43
2012.01.24 11:25:12.183,0.83305,0.8332,1.88,1.43
2012.01.24 11:25:13.180,0.83307,0.8332,1.88,1.43
2012.01.24 11:25:13.371,0.83307,0.83323,1.88,2.18
2012.01.24 11:25:14.025,0.83307,0.83323,1.88,1.43
2012.01.24 11:25:14.460,0.83306,0.83323,1.88,2.18
2012.01.24 11:25:14.974,0.83306,0.83322,3.30,1.43
2012.01.24 11:25:15.539,0.83306,0.83321,1.88,1.43
2012.01.24 11:25:16.573,0.83307,0.83321,1.88,1.43
2012.01.24 11:25:17.453,0.83307,0.83322,1.88,1.43
2012.01.24 11:25:17.952,0.83307,0.83321,1.88,1.43
2012.01.24 11:25:23.875,0.83305,0.83321,1.88,1.43
2012.01.24 11:25:26.313,0.83306,0.83321,1.88,1.43
2012.01.24 11:25:26.391,0.83306,0.83323,1.88,1.43
2012.01.24 11:25:27.715,0.83306,0.83323,1.88,2.18
2012.01.24 11:25:28.427,0.83306,0.83321,1.88,1.43
2012.01.24 11:25:29.513,0.83307,0.83322,2.10,1.43
2012.01.24 11:25:31.295,0.83306,0.83322,3.30,1.43
2012.01.24 11:25:31.849,0.83307,0.83322,2.10,1.43
2012.01.24 11:25:32.470,0.83306,0.83322,3.30,1.43
2012.01.24 11:25:34.991,0.83306,0.8332,3.98,1.43
2012.01.24 11:25:36.889,0.83306,0.83322,3.98,1.43
2012.01.24 11:25:37.429,0.83306,0.83323,2.10,1.43
2012.01.24 11:25:38.995,0.83305,0.83323,3.30,1.43
2012.01.24 11:25:45.510,0.83307,0.83323,1.88,1.43
2012.01.24 11:25:46.414,0.8331,0.83326,2.10,3.30
2012.01.24 11:25:46.483,0.83308,0.83326,1.43,3.30
2012.01.24 11:25:47.001,0.83309,0.83326,1.88,2.18
2012.01.24 11:25:47.231,0.83309,0.83323,1.88,1.43
2012.01.24 11:25:48.261,0.83308,0.83323,1.88,1.43
2012.01.24 11:25:48.639,0.83308,0.83326,3.30,2.93
2012.01.24 11:25:51.384,0.83308,0.83325,3.30,1.43
2012.01.24 11:25:51.456,0.83308,0.83323,1.88,1.43
2012.01.24 11:25:52.015,0.83307,0.83323,1.43,1.43
2012.01.24 11:25:52.354,0.83305,0.8332,1.88,1.43
2012.01.24 11:25:58.639,0.83304,0.8332,1.43,2.18
2012.01.24 11:26:00.560,0.83304,0.83318,1.88,1.43
2012.01.24 11:26:01.343,0.83304,0.83319,1.88,1.43
2012.01.24 11:26:02.369,0.83304,0.8332,1.88,2.18
2012.01.24 11:26:03.062,0.83304,0.8332,1.88,2.18
2012.01.24 11:26:04.270,0.83303,0.8332,1.88,2.18
2012.01.24 11:26:05.177,0.83303,0.83318,1.88,1.43
2012.01.24 11:26:09.220,0.83302,0.83318,1.88,1.43
2012.01.24 11:26:12.497,0.83304,0.83318,1.88,1.43
2012.01.24 11:26:16.800,0.83303,0.83318,1.88,1.43
2012.01.24 11:26:18.560,0.83303,0.8332,1.88,3.60
2012.01.24 11:26:18.757,0.83306,0.8332,1.88,2.18
2012.01.24 11:26:19.781,0.83313,0.8332,1.88,1.43
2012.01.24 11:26:19.865,0.83313,0.83328,2.55,1.43
2012.01.24 11:26:20.369,0.83313,0.83328,2.55,1.43
2012.01.24 11:26:21.394,0.83316,0.83328,1.88,1.43
2012.01.24 11:26:22.640,0.83316,0.83331,1.88,1.43
2012.01.24 11:26:25.011,0.83316,0.83331,2.55,1.43
2012.01.24 11:26:25.531,0.83316,0.83331,2.55,1.43
2012.01.24 11:26:26.420,0.83316,0.8333,1.88,1.43
2012.01.24 11:26:27.367,0.83316,0.83331,1.88,1.43
2012.01.24 11:26:27.911,0.83316,0.8333,1.88,1.43
2012.01.24 11:26:28.638,0.83316,0.83328,1.88,1.43
2012.01.24 11:26:28.718,0.8331,0.83326,3.98,1.43
2012.01.24 11:26:29.527,0.8331,0.83326,3.98,1.43
2012.01.24 11:26:30.242,0.8331,0.83326,3.98,1.43
2012.01.24 11:26:32.142,0.8331,0.83326,3.98,1.43
2012.01.24 11:26:37.460,0.83311,0.83326,1.88,2.18
2012.01.24 11:26:48.449,0.83312,0.83326,1.88,1.43
2012.01.24 11:26:59.230,0.83314,0.83326,1.88,1.43
2012.01.24 11:26:59.372,0.83314,0.83328,1.88,2.85
2012.01.24 11:26:59.764,0.83314,0.83325,1.88,2.10
2012.01.24 11:27:00.326,0.8331,0.83326,3.90,2.18
2012.01.24 11:27:02.052,0.8331,0.83325,3.30,1.43
2012.01.24 11:27:02.130,0.8331,0.83323,1.88,1.43
2012.01.24 11:27:02.204,0.83307,0.83323,2.10,4.05
2012.01.24 11:27:02.641,0.83307,0.83323,1.43,5.48
2012.01.24 11:27:03.111,0.83304,0.8332,3.30,1.43
2012.01.24 11:27:04.570,0.83306,0.83322,1.43,1.43
2012.01.24 11:27:06.036,0.83304,0.83321,2.63,1.43
2012.01.24 11:27:06.684,0.83306,0.83321,1.88,1.43
2012.01.24 11:27:09.007,0.83306,0.83321,1.88,2.18
2012.01.24 11:27:09.264,0.83303,0.83318,1.43,2.85
2012.01.24 11:27:09.832,0.83301,0.83317,3.98,1.43
2012.01.24 11:27:09.912,0.83299,0.83315,1.88,2.18
2012.01.24 11:27:11.322,0.83298,0.83315,1.88,2.18
2012.01.24 11:27:23.861,0.83298,0.83315,3.38,1.43
2012.01.24 11:27:24.145,0.83307,0.83315,1.88,1.43
2012.01.24 11:27:24.342,0.83307,0.83317,1.88,1.43
2012.01.24 11:27:24.474,0.83307,0.83322,1.88,2.18
2012.01.24 11:27:24.991,0.83307,0.83319,1.88,1.43
2012.01.24 11:27:25.910,0.83307,0.83318,1.88,1.43
2012.01.24 11:27:25.996,0.83309,0.83324,1.88,1.43
2012.01.24 11:27:26.135,0.83309,0.83324,2.63,1.43
2012.01.24 11:27:26.645,0.8331,0.83325,1.43,1.43
2012.01.24 11:27:27.160,0.8331,0.83325,2.63,1.43
2012.01.24 11:27:27.294,0.83311,0.83329,2.18,1.43
2012.01.24 11:27:27.434,0.83311,0.83329,2.85,1.43
2012.01.24 11:27:33.529,0.83311,0.83326,3.30,1.43
2012.01.24 11:27:35.650,0.83312,0.83329,3.30,1.43
2012.01.24 11:27:36.685,0.83314,0.83329,2.63,1.43
2012.01.24 11:27:37.039,0.83315,0.83329,1.43,1.43
2012.01.24 11:27:38.175,0.83314,0.83332,4.73,1.43
2012.01.24 11:27:42.330,0.83315,0.83331,1.43,1.50
2012.01.24 11:27:42.518,0.83315,0.83332,1.43,1.43
2012.01.24 11:27:45.127,0.83315,0.8333,1.43,2.18
2012.01.24 11:27:45.280,0.83314,0.8333,1.43,2.18
2012.01.24 11:27:45.554,0.8331,0.83326,5.10,1.43
2012.01.24 11:28:03.275,0.83314,0.83329,1.50,1.43
2012.01.24 11:28:03.462,0.83311,0.83329,4.05,2.18
2012.01.24 11:28:04.057,0.83315,0.83331,1.43,1.88
2012.01.24 11:28:05.344,0.83316,0.83331,3.68,2.10
2012.01.24 11:28:06.209,0.83317,0.83332,1.43,1.43
2012.01.24 11:28:10.080,0.83314,0.83332,4.73,1.43
2012.01.24 11:28:10.286,0.83314,0.8333,3.30,1.43
2012.01.24 11:28:10.892,0.83314,0.8333,2.63,1.43
2012.01.24 11:28:11.433,0.83314,0.8333,2.63,2.18
2012.01.24 11:28:12.240,0.83314,0.8333,2.63,2.18
2012.01.24 11:28:13.049,0.83312,0.8333,4.73,2.18
2012.01.24 11:28:15.590,0.83312,0.83327,1.88,1.43
2012.01.24 11:28:15.663,0.83309,0.83324,2.63,1.43
2012.01.24 11:28:24.780,0.83311,0.83324,2.63,1.43
2012.01.24 11:28:27.670,0.83311,0.83326,2.63,1.43
2012.01.24 11:28:32.323,0.83311,0.83326,2.63,2.18
2012.01.24 11:28:36.612,0.83312,0.83327,2.63,1.43
2012.01.24 11:28:36.956,0.83314,0.8333,4.05,2.10
2012.01.24 11:28:37.025,0.83314,0.8333,4.05,2.10
2012.01.24 11:28:37.091,0.83314,0.83332,4.05,5.78
2012.01.24 11:28:37.323,0.83314,0.83332,4.73,5.78
2012.01.24 11:28:37.854,0.83322,0.83332,2.63,1.43
2012.01.24 11:28:37.925,0.83322,0.83337,2.63,1.80
2012.01.24 11:28:38.572,0.83322,0.83337,2.63,1.43
2012.01.24 11:28:39.067,0.83321,0.83337,2.18,2.18
2012.01.24 11:28:39.584,0.8332,0.83335,3.30,1.43
2012.01.24 11:28:39.723,0.8332,0.83338,4.05,3.53
2012.01.24 11:28:40.701,0.83322,0.83335,2.63,1.43
2012.01.24 11:28:42.711,0.83321,0.83335,2.63,1.43
2012.01.24 11:28:43.370,0.83321,0.83335,2.63,1.43
2012.01.24 11:28:43.896,0.83321,0.83333,2.63,1.43
2012.01.24 11:28:44.835,0.83321,0.83334,2.63,1.43
2012.01.24 11:28:45.191,0.83321,0.83332,2.63,1.43
2012.01.24 11:28:45.743,0.83321,0.83335,2.63,1.43
2012.01.24 11:28:46.250,0.83319,0.83335,3.30,1.43
2012.01.24 11:28:46.810,0.83319,0.83335,3.30,1.43
2012.01.24 11:28:47.250,0.83319,0.8333,2.63,1.43
2012.01.24 11:28:47.395,0.83319,0.83331,2.63,1.43
2012.01.24 11:28:48.128,0.83319,0.83331,2.63,1.43
2012.01.24 11:28:48.202,0.83319,0.83336,3.30,1.43
2012.01.24 11:28:48.390,0.83319,0.83336,3.30,1.43
2012.01.24 11:28:49.831,0.8332,0.83336,1.13,1.43
2012.01.24 11:28:50.205,0.83321,0.83337,3.23,1.43
2012.01.24 11:28:50.510,0.8332,0.83335,2.18,1.43
2012.01.24 11:28:50.642,0.83321,0.83335,1.43,1.43
2012.01.24 11:28:51.757,0.83321,0.83337,3.43,1.43
2012.01.24 11:28:51.840,0.83327,0.83337,1.88,1.43
2012.01.24 11:28:52.195,0.83327,0.83339,3.30,1.43
2012.01.24 11:28:52.414,0.83331,0.83343,1.43,1.43
2012.01.24 11:28:52.488,0.83331,0.83343,1.43,1.43
2012.01.24 11:28:52.627,0.83331,0.83347,1.43,1.43
2012.01.24 11:28:53.783,0.83331,0.83347,1.43,1.43
2012.01.24 11:28:53.924,0.8333,0.83344,3.30,1.43
2012.01.24 11:28:54.929,0.83331,0.83341,1.43,1.43
2012.01.24 11:28:56.242,0.83327,0.83341,3.68,1.43
2012.01.24 11:28:56.327,0.8333,0.83339,2.55,1.43
2012.01.24 11:28:56.683,0.8333,0.83343,2.63,2.85
2012.01.24 11:28:57.081,0.8333,0.83343,2.63,1.43
2012.01.24 11:28:57.153,0.8333,0.83346,4.05,1.43
2012.01.24 11:28:57.904,0.83331,0.83346,3.30,1.43
2012.01.24 11:28:58.444,0.83331,0.83345,2.63,1.43
2012.01.24 11:28:59.735,0.83331,0.83347,2.63,1.43
2012.01.24 11:29:00.252,0.83331,0.83347,3.00,2.18
2012.01.24 11:29:02.021,0.83332,0.83347,2.63,2.18
2012.01.24 11:29:03.039,0.83332,0.83347,3.30,1.43
2012.01.24 11:29:03.793,0.83332,0.83347,2.63,1.43
2012.01.24 11:29:04.969,0.83334,0.83347,2.63,2.18
2012.01.24 11:29:07.204,0.83333,0.83347,2.63,1.43
2012.01.24 11:29:07.344,0.83333,0.83347,1.88,1.43
2012.01.24 11:29:08.895,0.83331,0.83347,2.63,1.43
2012.01.24 11:29:09.314,0.83331,0.83347,2.63,2.18
2012.01.24 11:29:09.867,0.83332,0.83347,2.63,2.18
2012.01.24 11:29:10.503,0.83332,0.83347,2.63,2.18
2012.01.24 11:29:10.811,0.83332,0.8335,5.10,2.18
2012.01.24 11:29:11.378,0.83333,0.8335,1.80,2.18
2012.01.24 11:29:12.094,0.83332,0.83347,2.63,2.18
2012.01.24 11:29:13.561,0.83334,0.83347,1.50,2.18
2012.01.24 11:29:13.690,0.83338,0.83353,1.88,1.43
2012.01.24 11:29:13.761,0.83338,0.83356,3.30,2.93
2012.01.24 11:29:14.337,0.83348,0.8336,1.43,1.43
2012.01.24 11:29:14.427,0.83348,0.83364,2.85,1.43
2012.01.24 11:29:14.793,0.83348,0.83364,2.85,2.85
2012.01.24 11:29:15.100,0.83346,0.83359,1.43,2.85
2012.01.24 11:29:15.411,0.83343,0.83359,4.05,2.85
2012.01.24 11:29:15.603,0.83342,0.83356,1.43,1.43
2012.01.24 11:29:17.059,0.83342,0.83358,2.18,1.43
2012.01.24 11:29:17.277,0.83344,0.83362,2.18,1.43
2012.01.24 11:29:17.414,0.83342,0.83358,4.05,1.43
2012.01.24 11:29:19.106,0.83344,0.83359,2.18,3.30
2012.01.24 11:29:19.177,0.83347,0.83362,2.63,1.43
2012.01.24 11:29:19.866,0.83347,0.83362,2.63,1.43
2012.01.24 11:29:22.578,0.83347,0.83362,2.63,1.43
2012.01.24 11:29:23.615,0.83348,0.83362,2.63,1.43
2012.01.24 11:29:23.873,0.83348,0.83365,3.30,1.43
2012.01.24 11:29:24.103,0.83348,0.83365,2.63,1.43
2012.01.24 11:29:24.978,0.83348,0.83362,2.63,1.43
2012.01.24 11:29:28.152,0.83343,0.83359,5.23,1.43
2012.01.24 11:29:28.233,0.83343,0.83356,1.50,1.43
2012.01.24 11:29:28.762,0.83342,0.83356,2.63,1.43
2012.01.24 11:29:31.939,0.83341,0.83356,3.00,2.18
2012.01.24 11:29:32.865,0.83341,0.83356,3.38,2.85
2012.01.24 11:29:33.004,0.8334,0.83356,4.05,2.85
2012.01.24 11:29:33.193,0.8334,0.83356,4.05,4.95
2012.01.24 11:29:33.501,0.8334,0.83353,2.63,1.43
2012.01.24 11:29:36.004,0.8334,0.83353,1.88,1.43
2012.01.24 11:29:36.074,0.8334,0.83351,1.88,1.43
2012.01.24 11:29:37.554,0.8334,0.83352,1.88,1.43
2012.01.24 11:29:37.627,0.8334,0.83353,1.88,1.43
2012.01.24 11:29:37.824,0.83338,0.83353,1.88,1.43
2012.01.24 11:29:38.151,0.83338,0.83353,4.13,1.43
2012.01.24 11:29:38.280,0.83338,0.83355,5.55,1.43
2012.01.24 11:29:38.350,0.83338,0.83356,4.05,3.30
2012.01.24 11:29:38.541,0.83338,0.83356,4.05,3.30
2012.01.24 11:29:38.611,0.83338,0.83356,4.05,3.30
2012.01.24 11:29:38.768,0.83339,0.83356,2.25,3.30
2012.01.24 11:29:39.338,0.83339,0.83356,2.63,1.43
2012.01.24 11:29:39.584,0.83339,0.83356,3.38,1.43
2012.01.24 11:29:39.678,0.83339,0.83356,2.63,1.43
2012.01.24 11:29:40.311,0.8334,0.83353,1.88,1.43
2012.01.24 11:29:40.861,0.83341,0.83353,1.88,1.43
2012.01.24 11:29:41.329,0.83341,0.83353,2.63,1.43
2012.01.24 11:29:42.959,0.83341,0.83355,2.63,2.85
2012.01.24 11:29:43.740,0.83343,0.83355,1.88,1.43
2012.01.24 11:29:45.888,0.83343,0.83355,2.63,1.43
2012.01.24 11:29:46.390,0.83343,0.83355,1.88,1.43
2012.01.24 11:29:46.459,0.8334,0.83355,1.88,1.43
2012.01.24 11:29:48.490,0.83341,0.83355,1.88,1.43
2012.01.24 11:29:49.000,0.83341,0.83355,2.55,1.43
2012.01.24 11:29:49.664,0.83341,0.83355,2.55,1.43
2012.01.24 11:29:50.058,0.83344,0.83355,1.88,1.43
2012.01.24 11:29:52.762,0.8334,0.83353,2.63,1.43
2012.01.24 11:29:52.979,0.83337,0.83352,2.10,1.88
2012.01.24 11:29:53.696,0.83335,0.83348,1.43,2.18
2012.01.24 11:29:53.772,0.83331,0.83345,3.30,1.43
2012.01.24 11:29:53.843,0.83335,0.83345,1.88,1.43
2012.01.24 11:29:54.567,0.83335,0.83347,1.88,1.43
2012.01.24 11:29:54.703,0.83335,0.83349,1.88,1.43
2012.01.24 11:29:54.965,0.83335,0.83349,2.63,1.43
2012.01.24 11:29:55.993,0.83335,0.83349,2.63,1.43
2012.01.24 11:29:56.062,0.83334,0.83349,1.88,1.43
2012.01.24 11:29:57.304,0.83334,0.83345,1.88,1.43
2012.01.24 11:29:57.443,0.8333,0.83345,1.43,1.43
2012.01.24 11:29:58.004,0.83329,0.83345,3.30,1.43
2012.01.24 11:30:01.942,0.83329,0.83342,1.88,1.43
2012.01.24 11:30:02.902,0.83327,0.83342,2.63,1.43
2012.01.24 11:30:03.157,0.83327,0.83339,2.63,1.43
2012.01.24 11:30:04.298,0.83324,0.83337,3.30,1.43
2012.01.24 11:30:04.845,0.8332,0.83337,2.63,1.43
2012.01.24 11:30:05.107,0.8332,0.83333,1.88,1.43
2012.01.24 11:30:05.176,0.83318,0.83333,2.55,1.43
2012.01.24 11:30:05.434,0.83318,0.83329,2.18,1.43
2012.01.24 11:30:05.983,0.83317,0.83329,1.88,1.43
2012.01.24 11:30:06.321,0.83315,0.83329,1.88,1.43
2012.01.24 11:30:07.394,0.83315,0.83326,1.88,1.43
2012.01.24 11:30:07.536,0.83311,0.83326,2.55,1.43
2012.01.24 11:30:07.608,0.83311,0.83323,2.55,1.43
2012.01.24 11:30:08.134,0.83311,0.83323,1.88,1.43
2012.01.24 11:30:09.077,0.83311,0.8332,1.88,1.43
2012.01.24 11:30:09.410,0.83303,0.83313,1.43,1.43
2012.01.24 11:30:09.777,0.83299,0.83309,1.43,1.43
2012.01.24 11:30:09.855,0.83297,0.83309,2.55,1.43
2012.01.24 11:30:09.931,0.83297,0.83307,2.55,1.43
2012.01.24 11:30:10.509,0.83297,0.83307,1.88,1.43
2012.01.24 11:30:10.607,0.8329,0.83303,1.88,1.43
2012.01.24 11:30:10.817,0.8329,0.83301,1.88,1.43
2012.01.24 11:30:12.878,0.83294,0.83301,1.88,1.43
2012.01.24 11:30:12.932,0.83294,0.83303,1.88,1.43
2012.01.24 11:30:12.996,0.83294,0.83307,1.88,1.43
2012.01.24 11:30:13.459,0.8329,0.83307,3.30,2.18
2012.01.24 11:30:13.605,0.8329,0.83307,3.38,1.43
2012.01.24 11:30:14.131,0.8329,0.83303,4.05,1.43
2012.01.24 11:30:14.808,0.8329,0.83303,1.88,1.43
2012.01.24 11:30:15.627,0.83287,0.83302,1.43,1.43
2012.01.24 11:30:16.066,0.83286,0.833,1.88,1.43
2012.01.24 11:30:16.383,0.83286,0.83297,1.88,1.43
2012.01.24 11:30:17.272,0.83286,0.83301,1.88,1.43
2012.01.24 11:30:18.404,0.83287,0.83301,1.88,2.18
2012.01.24 11:30:18.607,0.83287,0.83301,1.88,2.18
2012.01.24 11:30:18.927,0.83287,0.83301,1.88,1.43
2012.01.24 11:30:20.723,0.83286,0.83301,1.88,1.43
2012.01.24 11:30:22.044,0.83289,0.83301,1.88,1.43
2012.01.24 11:30:23.251,0.83286,0.83301,1.88,1.43
2012.01.24 11:30:24.301,0.83288,0.83301,1.88,1.43
2012.01.24 11:30:26.532,0.83286,0.83301,1.88,1.43
2012.01.24 11:30:26.722,0.83286,0.83299,1.88,1.43
2012.01.24 11:30:27.031,0.83286,0.83297,1.88,1.43
2012.01.24 11:30:29.932,0.83285,0.83297,1.88,1.43
2012.01.24 11:30:30.787,0.83282,0.83297,2.63,1.43
2012.01.24 11:30:31.784,0.83282,0.83297,2.63,1.43
2012.01.24 11:30:31.876,0.83282,0.83297,3.98,1.43
2012.01.24 11:30:31.952,0.83285,0.83301,1.88,2.18
2012.01.24 11:30:33.123,0.83287,0.83301,1.88,1.43
2012.01.24 11:30:34.594,0.83287,0.83303,3.30,2.85
2012.01.24 11:30:35.278,0.83285,0.833,2.10,1.43
2012.01.24 11:30:35.783,0.83286,0.833,1.88,2.18
2012.01.24 11:30:36.185,0.83287,0.833,2.18,1.43
2012.01.24 11:30:36.853,0.83291,0.833,1.88,1.43
2012.01.24 11:30:36.933,0.83291,0.83306,1.88,1.43
2012.01.24 11:30:37.476,0.83291,0.83307,1.43,1.43
2012.01.24 11:30:41.977,0.8329,0.83306,1.88,1.43
2012.01.24 11:30:42.239,0.8329,0.83302,1.88,1.43
2012.01.24 11:30:43.852,0.83289,0.83302,1.88,1.43
2012.01.24 11:30:45.879,0.83289,0.83299,1.88,1.43
2012.01.24 11:30:46.608,0.83286,0.83299,1.88,1.43
2012.01.24 11:30:47.268,0.83286,0.83301,1.88,1.43
2012.01.24 11:30:47.935,0.83287,0.83302,1.88,1.43
2012.01.24 11:30:48.683,0.83287,0.83301,1.88,1.43
2012.01.24 11:30:48.753,0.83287,0.83299,1.88,1.43
2012.01.24 11:30:49.572,0.83283,0.83295,1.43,1.88
2012.01.24 11:30:49.718,0.83277,0.83293,1.43,1.43
2012.01.24 11:30:50.799,0.83282,0.83293,1.88,1.43
2012.01.24 11:30:50.868,0.83282,0.83295,1.88,2.10
2012.01.24 11:30:50.939,0.83282,0.83297,2.63,1.43
2012.01.24 11:30:53.223,0.83283,0.83298,2.63,1.43
2012.01.24 11:30:53.672,0.83284,0.83301,1.43,2.10
2012.01.24 11:30:53.746,0.83288,0.83301,1.43,2.10
2012.01.24 11:30:54.404,0.83289,0.83301,1.50,2.10
2012.01.24 11:30:54.488,0.83292,0.83308,2.63,1.43
2012.01.24 11:30:54.571,0.83292,0.83308,1.88,1.43
2012.01.24 11:30:57.967,0.83292,0.83308,2.63,1.43
2012.01.24 11:30:58.493,0.83292,0.83308,1.88,1.43
2012.01.24 11:30:59.003,0.83292,0.83308,2.63,1.43
2012.01.24 11:30:59.080,0.83292,0.83308,1.88,2.18
2012.01.24 11:30:59.425,0.83295,0.83308,1.88,2.18
2012.01.24 11:30:59.732,0.83295,0.8331,1.88,1.43
2012.01.24 11:31:00.043,0.83292,0.83308,2.18,1.43
2012.01.24 11:31:00.354,0.83292,0.83308,1.43,2.18
2012.01.24 11:31:02.632,0.83294,0.83308,1.88,2.18
2012.01.24 11:31:02.941,0.83297,0.83311,1.88,1.43
2012.01.24 11:31:04.674,0.83295,0.83311,1.43,1.43
2012.01.24 11:31:04.747,0.83294,0.83309,3.38,1.43
2012.01.24 11:31:05.123,0.83294,0.83309,1.88,2.18
2012.01.24 11:31:05.693,0.83295,0.83309,1.88,2.18
2012.01.24 11:31:06.266,0.83295,0.8331,1.88,1.43
2012.01.24 11:31:09.421,0.83297,0.83313,1.43,2.18
2012.01.24 11:31:09.565,0.83299,0.83315,1.88,1.43
2012.01.24 11:31:10.943,0.83294,0.83314,1.88,2.85
2012.01.24 11:31:11.822,0.83294,0.83312,3.30,1.43
2012.01.24 11:31:12.341,0.83295,0.83312,1.88,1.43
2012.01.24 11:31:14.062,0.83294,0.83312,3.30,1.43
2012.01.24 11:31:23.949,0.83297,0.83312,2.10,1.43
2012.01.24 11:31:24.849,0.83308,0.83323,1.88,3.53
2012.01.24 11:31:24.933,0.83304,0.83321,2.63,4.28
2012.01.24 11:31:25.876,0.83304,0.83321,1.88,2.18
2012.01.24 11:31:29.442,0.83303,0.83321,2.18,2.18
2012.01.24 11:31:29.573,0.83303,0.83321,2.18,2.18
2012.01.24 11:31:30.766,0.83302,0.83317,1.88,2.18
2012.01.24 11:31:35.526,0.83302,0.83317,1.88,1.43
2012.01.24 11:31:35.595,0.83302,0.8332,3.30,1.43
2012.01.24 11:31:36.428,0.83304,0.8332,1.88,1.43
2012.01.24 11:31:38.701,0.83306,0.83322,1.43,3.30
2012.01.24 11:31:38.980,0.83308,0.83325,1.43,2.18
2012.01.24 11:31:39.925,0.83309,0.83327,2.10,4.05
2012.01.24 11:31:40.647,0.83309,0.83325,1.43,1.88
2012.01.24 11:31:41.239,0.83311,0.83325,1.43,1.88
2012.01.24 11:31:41.319,0.83312,0.83329,1.88,2.18
2012.01.24 11:31:41.393,0.83312,0.83329,1.88,1.43
2012.01.24 11:31:41.542,0.83313,0.83329,1.43,2.18
2012.01.24 11:31:42.146,0.83311,0.83323,1.43,1.88
2012.01.24 11:31:42.234,0.83306,0.83323,1.43,4.73
2012.01.24 11:31:42.627,0.83303,0.83321,1.43,1.43
2012.01.24 11:31:42.758,0.83306,0.8332,1.43,1.88
2012.01.24 11:31:43.074,0.83304,0.8332,1.43,3.30
2012.01.24 11:31:46.256,0.83304,0.83317,1.43,1.88
2012.01.24 11:31:49.188,0.83301,0.83317,1.43,3.30
2012.01.24 11:31:49.381,0.83303,0.83317,1.43,1.88
2012.01.24 11:31:50.434,0.83301,0.83317,1.43,3.30
2012.01.24 11:31:55.245,0.83302,0.83317,1.43,1.88
2012.01.24 11:31:56.942,0.83302,0.83319,1.43,1.88
2012.01.24 11:31:57.875,0.83313,0.8332,4.50,1.43
2012.01.24 11:31:58.076,0.83318,0.83324,2.03,2.85
2012.01.24 11:31:58.638,0.83319,0.83324,2.18,2.18
2012.01.24 11:31:58.790,0.83319,0.83335,2.10,1.43
2012.01.24 11:31:58.867,0.83323,0.83338,1.88,1.43
2012.01.24 11:31:59.540,0.83323,0.83341,3.98,1.43
2012.01.24 11:31:59.874,0.83325,0.83341,1.88,2.18
2012.01.24 11:32:00.692,0.8333,0.83344,1.88,1.43
2012.01.24 11:32:00.775,0.8333,0.83346,3.30,1.43
2012.01.24 11:32:01.123,0.8333,0.83346,3.30,2.18
2012.01.24 11:32:01.319,0.8333,0.83346,3.30,1.43
2012.01.24 11:32:01.848,0.83331,0.83346,1.88,1.43
2012.01.24 11:32:02.461,0.83336,0.83348,1.43,1.43
2012.01.24 11:32:02.595,0.83336,0.83352,1.43,1.43
2012.01.24 11:32:02.995,0.83335,0.8335,1.88,1.43
2012.01.24 11:32:04.042,0.83335,0.83348,1.88,1.43
2012.01.24 11:32:04.551,0.8333,0.83344,1.88,1.43
2012.01.24 11:32:05.284,0.8333,0.83347,1.88,1.43
2012.01.24 11:32:06.373,0.83332,0.83347,1.88,1.43
2012.01.24 11:32:07.107,0.83332,0.83345,1.88,1.43
2012.01.24 11:32:07.244,0.83328,0.83345,1.88,1.43
2012.01.24 11:32:08.652,0.83329,0.83345,1.88,1.43
2012.01.24 11:32:09.626,0.83331,0.83345,1.88,1.43
2012.01.24 11:32:09.764,0.83331,0.83347,1.88,2.85
2012.01.24 11:32:10.724,0.83331,0.83347,1.88,2.18
2012.01.24 11:32:15.542,0.83331,0.83347,1.88,1.43
2012.01.24 11:32:15.614,0.83331,0.83344,1.88,1.43
2012.01.24 11:32:15.939,0.83325,0.83339,2.85,1.88
2012.01.24 11:32:16.444,0.83327,0.83341,1.88,1.43
2012.01.24 11:32:16.525,0.83327,0.83343,3.30,2.18
2012.01.24 11:32:18.282,0.83327,0.83342,1.88,1.43
2012.01.24 11:32:20.543,0.83326,0.83342,1.88,1.43
2012.01.24 11:32:21.205,0.83326,0.83344,3.30,2.18
2012.01.24 11:32:21.343,0.83326,0.83341,1.88,1.43
2012.01.24 11:32:26.244,0.83326,0.83338,1.88,1.43
2012.01.24 11:32:27.005,0.83324,0.83338,1.88,1.43
2012.01.24 11:32:27.107,0.8332,0.83335,1.88,1.43
2012.01.24 11:32:27.805,0.83319,0.83335,3.30,1.43
2012.01.24 11:32:30.854,0.83319,0.83335,1.43,4.05
2012.01.24 11:32:32.272,0.83319,0.83334,1.43,2.63
2012.01.24 11:32:44.072,0.83319,0.83335,1.43,3.30
2012.01.24 11:32:44.427,0.83319,0.83333,1.43,1.88
2012.01.24 11:32:47.812,0.83317,0.83332,1.43,1.43
2012.01.24 11:32:48.443,0.83316,0.83332,1.43,1.43
2012.01.24 11:32:52.342,0.83317,0.83334,1.43,2.85
2012.01.24 11:32:52.420,0.83319,0.83334,1.43,2.85
2012.01.24 11:32:53.167,0.83326,0.83342,1.43,1.88
2012.01.24 11:32:54.562,0.83326,0.83344,1.43,2.18
2012.01.24 11:33:03.334,0.83324,0.83345,2.55,2.63
2012.01.24 11:33:03.842,0.83324,0.83345,1.88,3.38
2012.01.24 11:33:05.147,0.83324,0.83345,1.88,2.63
2012.01.24 11:33:11.292,0.83326,0.83342,1.88,2.18
2012.01.24 11:33:12.852,0.83326,0.8334,1.88,2.18
2012.01.24 11:33:13.181,0.83326,0.83338,1.88,1.43
2012.01.24 11:33:18.328,0.83325,0.83338,1.88,1.43
2012.01.24 11:33:23.943,0.83322,0.83338,1.80,1.43
2012.01.24 11:33:24.076,0.8332,0.83335,2.70,1.43
2012.01.24 11:33:24.386,0.83319,0.83335,3.68,1.43
2012.01.24 11:33:29.864,0.83318,0.83332,1.88,1.43
2012.01.24 11:33:29.933,0.83316,0.83332,3.53,1.43
2012.01.24 11:33:33.159,0.83318,0.83334,3.30,2.18
2012.01.24 11:33:33.493,0.8332,0.83336,1.43,1.88
2012.01.24 11:33:33.685,0.83321,0.83338,1.88,1.43
2012.01.24 11:33:34.584,0.83321,0.83338,1.88,2.18
2012.01.24 11:33:37.792,0.8332,0.83338,4.05,4.05
2012.01.24 11:33:38.226,0.8332,0.83335,2.63,1.43
2012.01.24 11:33:39.252,0.83319,0.83333,1.50,1.43
2012.01.24 11:33:39.623,0.83317,0.83333,1.88,1.43
2012.01.24 11:33:41.717,0.83318,0.83333,1.88,1.43
2012.01.24 11:33:44.690,0.83318,0.83335,1.88,1.43
2012.01.24 11:33:47.109,0.83319,0.83335,2.63,1.43
2012.01.24 11:33:47.171,0.83319,0.83335,1.88,1.43
2012.01.24 11:33:49.044,0.83319,0.83333,1.88,1.43
2012.01.24 11:33:49.562,0.83319,0.83333,2.63,1.43
2012.01.24 11:33:49.811,0.83319,0.83334,1.88,1.43
2012.01.24 11:33:50.339,0.83319,0.83334,2.63,1.43
2012.01.24 11:33:52.095,0.83318,0.83333,1.50,1.43
2012.01.24 11:33:52.175,0.83316,0.83333,2.25,2.18
2012.01.24 11:33:54.314,0.83313,0.83329,6.00,1.43
2012.01.24 11:33:54.623,0.83314,0.83332,1.43,2.18
2012.01.24 11:33:55.496,0.83315,0.83332,1.88,1.43
2012.01.24 11:33:57.533,0.83314,0.83332,2.18,1.43
2012.01.24 11:33:57.723,0.83313,0.83329,2.03,1.43
2012.01.24 11:33:57.914,0.83314,0.83332,1.43,1.43
2012.01.24 11:33:59.334,0.83316,0.83332,1.88,1.43
2012.01.24 11:34:02.122,0.83314,0.83332,1.80,1.43
2012.01.24 11:34:02.436,0.83313,0.8333,3.60,1.43
2012.01.24 11:34:02.983,0.83313,0.8333,2.48,1.43
2012.01.24 11:34:04.568,0.83313,0.8333,2.63,1.43
2012.01.24 11:34:07.360,0.83313,0.8333,1.88,1.43
2012.01.24 11:34:09.641,0.83315,0.83331,1.43,1.43
2012.01.24 11:34:14.008,0.83313,0.83329,2.18,1.43
2012.01.24 11:34:16.803,0.83314,0.83332,3.30,4.05
2012.01.24 11:34:22.403,0.83313,0.8333,4.73,1.43
2012.01.24 11:34:22.951,0.83313,0.8333,2.63,1.43
2012.01.24 11:34:23.083,0.83314,0.83332,1.43,1.43
2012.01.24 11:34:23.907,0.83318,0.83332,1.88,1.43
2012.01.24 11:34:24.263,0.8332,0.83332,2.85,1.43
2012.01.24 11:34:24.340,0.83321,0.83337,1.43,2.18
2012.01.24 11:34:24.540,0.83323,0.83338,1.43,2.63
2012.01.24 11:34:24.685,0.83323,0.83338,2.18,1.88
2012.01.24 11:34:25.639,0.83323,0.83339,2.18,1.88
2012.01.24 11:34:25.711,0.83323,0.83339,1.43,2.63
2012.01.24 11:34:26.502,0.83322,0.83338,1.43,2.18
2012.01.24 11:34:26.632,0.83322,0.83338,2.18,1.43
2012.01.24 11:34:27.327,0.83322,0.83338,1.43,2.18
2012.01.24 11:34:27.535,0.8332,0.83336,1.43,3.53
2012.01.24 11:34:27.610,0.83318,0.83334,1.43,3.30
2012.01.24 11:34:28.216,0.83316,0.83332,3.98,1.43
2012.01.24 11:34:28.294,0.83316,0.83332,3.30,1.43
2012.01.24 11:34:28.803,0.83316,0.83331,1.43,1.88
2012.01.24 11:34:33.864,0.83316,0.83332,1.43,3.30
2012.01.24 11:34:40.833,0.83318,0.83332,1.88,1.43
2012.01.24 11:34:40.963,0.83318,0.83334,3.30,2.85
2012.01.24 11:34:41.334,0.83315,0.83333,2.03,1.43
2012.01.24 11:34:43.502,0.83317,0.83333,1.88,1.43
2012.01.24 11:34:44.017,0.83318,0.83334,1.43,1.43
2012.01.24 11:34:44.204,0.8332,0.83338,1.43,4.05
2012.01.24 11:34:44.272,0.8332,0.83338,2.18,4.05
2012.01.24 11:34:44.732,0.8332,0.83338,1.43,4.05
2012.01.24 11:34:45.967,0.83321,0.83338,1.88,2.18
2012.01.24 11:34:47.423,0.8332,0.83338,3.30,2.18
2012.01.24 11:34:48.234,0.8332,0.83338,3.30,2.18
2012.01.24 11:34:48.303,0.8332,0.83338,4.05,1.43
2012.01.24 11:34:51.651,0.8332,0.83338,1.43,2.18
2012.01.24 11:34:55.656,0.8332,0.83338,2.18,1.43
2012.01.24 11:34:55.940,0.83323,0.8334,1.43,2.10
2012.01.24 11:34:56.469,0.83323,0.83341,2.18,1.43
2012.01.24 11:34:57.645,0.83324,0.83341,1.88,1.43
2012.01.24 11:34:59.054,0.83327,0.83342,1.43,1.43
2012.01.24 11:35:00.141,0.83328,0.83343,1.43,1.43
2012.01.24 11:35:00.230,0.83333,0.83349,1.43,1.43
2012.01.24 11:35:00.757,0.83332,0.83348,1.88,1.43
2012.01.24 11:35:01.313,0.83331,0.83348,1.88,3.53
2012.01.24 11:35:02.634,0.83331,0.83348,2.25,1.43
2012.01.24 11:35:03.146,0.83331,0.83348,1.88,1.43
2012.01.24 11:35:04.586,0.83331,0.83348,1.88,2.18
2012.01.24 11:35:04.928,0.83327,0.83338,2.40,1.43
2012.01.24 11:35:05.138,0.83325,0.83338,1.88,1.43
2012.01.24 11:35:05.659,0.83325,0.83341,1.88,1.43
2012.01.24 11:35:06.217,0.83328,0.83341,1.88,1.43
2012.01.24 11:35:06.496,0.83328,0.83343,3.38,1.43
2012.01.24 11:35:06.854,0.83328,0.83343,1.88,1.43
2012.01.24 11:35:07.387,0.83329,0.83343,1.88,1.43
2012.01.24 11:35:07.462,0.83329,0.83347,3.30,2.93
2012.01.24 11:35:08.038,0.83332,0.83349,3.30,4.28
2012.01.24 11:35:08.115,0.83332,0.8335,3.30,1.43
2012.01.24 11:35:09.344,0.83336,0.83352,1.43,4.05
2012.01.24 11:35:10.139,0.83339,0.83355,1.43,4.05
2012.01.24 11:35:10.484,0.83345,0.83359,1.43,1.88
2012.01.24 11:35:11.474,0.83345,0.8336,1.43,1.88
2012.01.24 11:35:11.783,0.83345,0.8336,1.43,2.63
2012.01.24 11:35:12.024,0.83345,0.8336,1.43,1.88
2012.01.24 11:35:12.565,0.83345,0.83359,1.43,1.88
2012.01.24 11:35:13.119,0.83345,0.83359,1.43,2.63
2012.01.24 11:35:13.774,0.83345,0.83359,1.43,2.63
2012.01.24 11:35:14.924,0.83349,0.83363,1.43,1.43
2012.01.24 11:35:15.009,0.83351,0.83366,1.43,1.88
2012.01.24 11:35:15.418,0.83351,0.83369,1.43,3.30
2012.01.24 11:35:15.700,0.83349,0.83366,3.98,3.53
2012.01.24 11:35:16.438,0.83349,0.83366,1.88,1.43
2012.01.24 11:35:16.984,0.8335,0.83366,1.88,1.43
2012.01.24 11:35:19.913,0.83348,0.83366,3.98,1.43
2012.01.24 11:35:27.024,0.83349,0.83366,1.88,1.43
2012.01.24 11:35:28.657,0.83349,0.83366,3.38,1.43
2012.01.24 11:35:28.723,0.83349,0.83366,1.88,1.43
2012.01.24 11:35:29.477,0.8335,0.83366,1.88,1.43
2012.01.24 11:35:33.470,0.8335,0.83366,2.63,1.43
2012.01.24 11:35:34.004,0.8335,0.83366,2.63,1.43
2012.01.24 11:35:34.426,0.8335,0.83366,1.88,1.43
2012.01.24 11:35:34.671,0.8335,0.83366,2.63,2.18
2012.01.24 11:35:34.862,0.8335,0.83366,1.88,2.93
2012.01.24 11:35:37.834,0.8335,0.83366,2.63,2.18
2012.01.24 11:35:38.055,0.8335,0.83366,1.88,2.93
2012.01.24 11:35:39.972,0.83349,0.83366,1.88,2.18
2012.01.24 11:35:40.221,0.83349,0.83366,2.63,1.43
2012.01.24 11:35:40.747,0.83349,0.83366,1.88,1.43
2012.01.24 11:35:42.695,0.8335,0.83366,1.88,1.43
2012.01.24 11:35:42.763,0.8335,0.83366,2.63,1.43
2012.01.24 11:35:43.074,0.83346,0.83362,4.43,1.43
2012.01.24 11:35:43.563,0.83348,0.83364,1.43,1.43
2012.01.24 11:35:43.944,0.83349,0.83364,1.50,1.43
2012.01.24 11:35:45.604,0.83349,0.83364,1.88,1.43
2012.01.24 11:35:45.802,0.83349,0.83364,4.13,1.43
2012.01.24 11:35:47.213,0.83349,0.83364,1.88,1.43
2012.01.24 11:35:47.466,0.83349,0.83364,1.50,1.43
2012.01.24 11:35:48.283,0.83348,0.83364,5.48,1.43
2012.01.24 11:35:51.918,0.83348,0.83364,2.18,1.43
2012.01.24 11:35:52.268,0.83354,0.83372,1.43,2.18
2012.01.24 11:35:52.341,0.83354,0.83372,1.43,1.43
2012.01.24 11:35:52.423,0.83357,0.83374,1.43,2.63
2012.01.24 11:35:53.105,0.83357,0.83374,2.10,1.88
2012.01.24 11:35:53.396,0.83357,0.83372,1.43,1.88
2012.01.24 11:35:54.272,0.83357,0.83373,2.10,1.88
2012.01.24 11:35:55.843,0.83357,0.83373,3.23,1.88
2012.01.24 11:35:56.374,0.83357,0.83373,2.85,1.88
2012.01.24 11:35:56.908,0.83357,0.83372,1.43,1.88
2012.01.24 11:35:57.877,0.83361,0.83377,1.43,2.63
2012.01.24 11:35:58.042,0.83363,0.83378,1.43,2.85
2012.01.24 11:35:58.179,0.83363,0.83379,1.43,1.43
2012.01.24 11:35:58.632,0.83367,0.8338,1.43,1.88
2012.01.24 11:35:58.990,0.83367,0.83383,1.43,1.43
2012.01.24 11:35:59.544,0.8337,0.83385,1.43,1.88
2012.01.24 11:35:59.685,0.83368,0.83385,1.43,3.98
2012.01.24 11:35:59.886,0.83371,0.83385,1.43,1.88
2012.01.24 11:36:02.573,0.83371,0.83387,1.43,6.15
2012.01.24 11:36:05.173,0.83371,0.83384,1.43,1.88
2012.01.24 11:36:05.338,0.8336,0.83377,2.63,2.18
2012.01.24 11:36:05.477,0.83359,0.83376,2.18,2.63
2012.01.24 11:36:05.616,0.83358,0.83374,3.68,2.18
2012.01.24 11:36:08.748,0.83359,0.83375,1.43,2.18
2012.01.24 11:36:09.327,0.83362,0.83377,1.43,2.63
2012.01.24 11:36:09.478,0.83362,0.83377,1.43,1.88
2012.01.24 11:36:09.791,0.83365,0.83377,1.43,1.88
2012.01.24 11:36:10.357,0.83365,0.83378,1.43,1.88
2012.01.24 11:36:11.440,0.83363,0.83378,1.43,1.88
2012.01.24 11:36:11.585,0.8336,0.83376,3.30,1.43
2012.01.24 11:36:11.724,0.8336,0.83373,1.88,1.43
2012.01.24 11:36:12.568,0.8336,0.83375,1.88,1.43
2012.01.24 11:36:13.284,0.83359,0.83375,3.30,1.43
2012.01.24 11:36:19.620,0.83359,0.83372,1.43,3.30
2012.01.24 11:36:19.699,0.83355,0.8337,1.43,1.43
2012.01.24 11:36:19.831,0.83355,0.83372,2.18,1.88
2012.01.24 11:36:19.966,0.83357,0.83372,1.43,1.88
2012.01.24 11:36:20.809,0.83359,0.83372,1.43,1.88
2012.01.24 11:36:20.874,0.83359,0.83374,1.43,1.88
2012.01.24 11:36:21.096,0.83357,0.83373,1.43,1.43
2012.01.24 11:36:25.104,0.83357,0.83373,1.43,2.18
2012.01.24 11:36:25.243,0.83357,0.83369,1.43,3.98
2012.01.24 11:36:25.316,0.83354,0.83368,1.43,1.43
2012.01.24 11:36:25.385,0.83351,0.83366,1.88,1.43
2012.01.24 11:36:25.587,0.83348,0.83365,2.18,1.88
2012.01.24 11:36:25.783,0.83348,0.83362,1.43,1.88
2012.01.24 11:36:26.391,0.83348,0.83366,1.43,3.30
2012.01.24 11:36:26.524,0.83352,0.83366,1.43,1.88
2012.01.24 11:36:27.153,0.83355,0.83366,1.43,1.88
2012.01.24 11:36:27.827,0.83352,0.83366,1.43,1.88
2012.01.24 11:36:28.492,0.83352,0.83367,1.43,1.88
2012.01.24 11:36:30.255,0.83355,0.83367,1.43,1.88
2012.01.24 11:36:30.397,0.83355,0.83369,1.43,1.88
2012.01.24 11:36:32.375,0.83355,0.83368,1.43,2.10
2012.01.24 11:36:32.506,0.83351,0.83367,3.30,1.43
2012.01.24 11:36:32.574,0.83351,0.83365,1.88,1.43
2012.01.24 11:36:33.123,0.8335,0.83365,1.88,1.43
2012.01.24 11:36:33.755,0.83349,0.83365,1.43,1.43
2012.01.24 11:36:34.072,0.83352,0.83368,1.43,1.43
2012.01.24 11:36:34.558,0.83355,0.83369,1.43,1.88
2012.01.24 11:36:36.381,0.8335,0.83368,3.30,1.43
2012.01.24 11:36:37.281,0.83352,0.83369,1.43,1.88
2012.01.24 11:36:41.105,0.83352,0.83369,2.18,1.88
2012.01.24 11:36:41.463,0.83361,0.83377,1.43,4.35
2012.01.24 11:36:41.807,0.83365,0.83377,1.43,2.25
2012.01.24 11:36:42.698,0.83365,0.83377,1.43,2.63
2012.01.24 11:36:42.969,0.8337,0.83385,3.38,1.43
2012.01.24 11:36:43.178,0.83377,0.83389,1.43,1.88
2012.01.24 11:36:43.247,0.83377,0.83392,1.43,4.05
2012.01.24 11:36:43.379,0.83377,0.83392,2.18,3.30
2012.01.24 11:36:44.239,0.83383,0.83399,2.93,2.18
2012.01.24 11:36:44.584,0.83386,0.834,2.18,2.63
2012.01.24 11:36:44.658,0.83386,0.83403,2.18,2.10
2012.01.24 11:36:45.318,0.83389,0.83404,1.43,1.88
2012.01.24 11:36:45.463,0.83389,0.83404,2.18,1.88
2012.01.24 11:36:46.870,0.83388,0.83403,2.18,3.30
2012.01.24 11:36:47.346,0.83385,0.83401,2.63,1.43
2012.01.24 11:36:47.586,0.83385,0.83401,2.63,1.43
2012.01.24 11:36:49.474,0.83384,0.83401,2.63,3.53
2012.01.24 11:36:49.859,0.83383,0.83396,2.93,2.10
2012.01.24 11:36:50.080,0.8338,0.83394,1.43,1.88
2012.01.24 11:36:50.230,0.83376,0.83394,2.18,3.30
2012.01.24 11:36:50.845,0.83375,0.83391,2.18,3.98
2012.01.24 11:36:53.149,0.83372,0.83389,2.18,1.43
2012.01.24 11:36:53.489,0.83369,0.83385,2.18,3.30
2012.01.24 11:36:53.553,0.83369,0.83385,2.18,3.30
2012.01.24 11:36:55.007,0.83369,0.83383,2.18,1.88
2012.01.24 11:36:55.352,0.83369,0.83383,2.18,1.88
2012.01.24 11:36:55.887,0.8337,0.83383,2.18,1.88
2012.01.24 11:36:56.276,0.8337,0.83388,1.43,3.30
2012.01.24 11:36:56.868,0.83374,0.83388,1.43,2.71
2012.01.24 11:36:56.938,0.83374,0.83388,1.43,2.71
2012.01.24 11:36:57.636,0.83374,0.83388,1.43,2.71
2012.01.24 11:36:59.886,0.83374,0.83389,1.43,1.88
2012.01.24 11:37:01.341,0.83371,0.83389,1.43,3.30
2012.01.24 11:37:01.942,0.83371,0.83389,2.18,6.78
2012.01.24 11:37:02.266,0.83371,0.83389,3.60,4.13
2012.01.24 11:37:02.405,0.83371,0.83389,3.60,3.30
2012.01.24 11:37:02.922,0.83373,0.83389,2.93,1.88
2012.01.24 11:37:04.229,0.83377,0.83391,1.43,1.88
2012.01.24 11:37:04.861,0.83375,0.83391,2.18,3.30
2012.01.24 11:37:10.983,0.83375,0.8339,2.18,1.88
2012.01.24 11:37:11.373,0.83376,0.8339,2.18,1.88
2012.01.24 11:37:16.106,0.83375,0.8339,2.18,1.88
2012.01.24 11:37:18.341,0.83372,0.83387,3.60,1.88
2012.01.24 11:37:18.489,0.83372,0.83387,1.43,1.88
2012.01.24 11:37:19.053,0.83368,0.83386,4.43,1.43
2012.01.24 11:37:22.655,0.83371,0.83387,4.65,1.43
2012.01.24 11:37:22.785,0.83373,0.8339,1.43,1.43
2012.01.24 11:37:23.537,0.83373,0.8339,2.18,1.43
2012.01.24 11:37:24.038,0.83371,0.83389,4.65,1.43
2012.01.24 11:37:24.665,0.83371,0.83388,2.78,1.88
2012.01.24 11:37:25.007,0.83371,0.83388,2.18,3.30
2012.01.24 11:37:25.564,0.83369,0.83385,4.05,1.43
2012.01.24 11:37:26.024,0.83369,0.83385,3.30,1.43
2012.01.24 11:37:26.571,0.83374,0.83388,1.43,3.98
2012.01.24 11:37:26.856,0.83374,0.8339,1.43,3.53
2012.01.24 11:37:26.929,0.83376,0.8339,1.43,2.10
2012.01.24 11:37:27.067,0.83376,0.83392,2.18,1.88
2012.01.24 11:37:27.204,0.83376,0.83392,2.18,1.88
2012.01.24 11:37:28.090,0.83376,0.83394,2.18,1.80
2012.01.24 11:37:28.483,0.83379,0.83395,2.18,1.88
2012.01.24 11:37:29.073,0.83379,0.83395,2.18,1.88
2012.01.24 11:37:29.614,0.83378,0.83394,2.18,1.43
2012.01.24 11:37:30.345,0.83379,0.83397,2.18,3.30
2012.01.24 11:37:30.668,0.83379,0.83397,1.43,3.30
2012.01.24 11:37:32.737,0.83383,0.83398,1.43,1.88
2012.01.24 11:37:33.866,0.83383,0.83399,1.43,4.05
2012.01.24 11:37:35.525,0.83384,0.83399,2.18,3.30
2012.01.24 11:37:36.215,0.83385,0.83399,1.43,1.88
2012.01.24 11:37:37.085,0.83385,0.83401,1.43,1.88
2012.01.24 11:37:37.728,0.83383,0.83401,2.18,3.30
2012.01.24 11:37:39.005,0.83383,0.83398,2.18,1.88
2012.01.24 11:37:43.851,0.83383,0.834,1.43,1.88
2012.01.24 11:37:44.289,0.83385,0.834,1.43,1.88
2012.01.24 11:37:46.874,0.83385,0.83402,2.18,1.88
2012.01.24 11:37:48.153,0.83385,0.83401,2.18,1.88
2012.01.24 11:37:49.074,0.83389,0.83401,1.43,1.88
2012.01.24 11:37:49.145,0.83389,0.83403,1.43,1.88
2012.01.24 11:37:52.372,0.83389,0.83404,1.43,1.88
2012.01.24 11:37:54.551,0.83389,0.83405,1.43,1.43
2012.01.24 11:37:57.754,0.8339,0.83405,1.43,3.30
2012.01.24 11:37:58.064,0.83392,0.83405,1.43,1.88
2012.01.24 11:37:59.894,0.8339,0.83405,1.43,1.88
2012.01.24 11:38:00.433,0.83389,0.83405,1.43,1.88
2012.01.24 11:38:01.455,0.83391,0.83405,1.43,1.88
2012.01.24 11:38:03.645,0.8339,0.83405,1.43,1.88
2012.01.24 11:38:04.798,0.83388,0.83403,1.43,1.43
2012.01.24 11:38:05.598,0.83387,0.83401,1.88,1.43
2012.01.24 11:38:05.675,0.83385,0.83401,1.88,3.53
2012.01.24 11:38:05.818,0.83383,0.83401,2.18,3.30
2012.01.24 11:38:06.335,0.83383,0.83401,2.18,6.15
2012.01.24 11:38:06.465,0.83383,0.83396,1.43,1.88
2012.01.24 11:38:06.676,0.8338,0.83396,1.43,1.88
2012.01.24 11:38:10.465,0.8338,0.83398,1.43,3.30
2012.01.24 11:38:10.678,0.83383,0.83398,1.43,1.88
2012.01.24 11:38:12.336,0.83381,0.83397,1.43,1.43
2012.01.24 11:38:12.817,0.83383,0.83398,1.43,1.88
2012.01.24 11:38:15.846,0.83386,0.83402,1.43,2.18
2012.01.24 11:38:15.919,0.8339,0.83403,1.43,1.50
2012.01.24 11:38:15.995,0.8339,0.83405,1.43,3.60
2012.01.24 11:38:16.069,0.83392,0.83405,1.43,2.85
2012.01.24 11:38:16.844,0.83392,0.83406,1.43,1.88
2012.01.24 11:38:16.934,0.83392,0.83408,1.43,1.43
2012.01.24 11:38:17.453,0.83389,0.83407,3.30,2.18
2012.01.24 11:38:17.708,0.83389,0.83407,4.80,1.43
2012.01.24 11:38:17.774,0.83389,0.83407,3.30,1.43
2012.01.24 11:38:19.651,0.83394,0.83409,1.43,2.18
2012.01.24 11:38:19.740,0.83394,0.8341,2.18,1.88
2012.01.24 11:38:19.824,0.83395,0.83412,1.88,2.18
2012.01.24 11:38:19.908,0.83401,0.83413,1.43,1.88
2012.01.24 11:38:20.056,0.83403,0.83417,1.43,1.50
2012.01.24 11:38:20.133,0.83406,0.83418,1.43,2.63
2012.01.24 11:38:20.417,0.83406,0.83423,1.43,1.88
2012.01.24 11:38:20.980,0.8341,0.83423,1.43,1.88
2012.01.24 11:38:21.348,0.8341,0.83425,1.43,1.88
2012.01.24 11:38:21.550,0.8341,0.83424,1.43,2.10
2012.01.24 11:38:21.840,0.83403,0.83419,2.18,1.43
2012.01.24 11:38:22.386,0.83403,0.83419,1.43,2.93
2012.01.24 11:38:22.465,0.83403,0.83419,2.18,2.18
2012.01.24 11:38:22.606,0.83403,0.83418,1.43,1.50
2012.01.24 11:38:22.797,0.83403,0.83419,1.43,4.05
2012.01.24 11:38:22.865,0.834,0.83416,1.43,1.43
2012.01.24 11:38:24.322,0.83403,0.83417,1.43,2.63
2012.01.24 11:38:24.855,0.83402,0.83417,1.43,2.63
2012.01.24 11:38:25.389,0.83402,0.8342,1.43,7.53
2012.01.24 11:38:25.794,0.83402,0.83419,1.43,3.60
2012.01.24 11:38:26.394,0.83402,0.83419,1.43,1.50
2012.01.24 11:38:26.473,0.83402,0.83418,1.43,1.50
2012.01.24 11:38:26.679,0.83402,0.8342,1.43,4.05
2012.01.24 11:38:27.275,0.83402,0.8342,1.43,4.80
2012.01.24 11:38:27.345,0.83402,0.83418,1.43,2.10
2012.01.24 11:38:27.667,0.83402,0.83417,2.18,2.85
2012.01.24 11:38:28.503,0.83398,0.83413,1.50,1.88
2012.01.24 11:38:28.596,0.83396,0.83413,1.43,1.88
2012.01.24 11:38:28.741,0.834,0.83413,1.43,2.71
2012.01.24 11:38:29.280,0.834,0.83413,1.43,1.88
2012.01.24 11:38:29.355,0.834,0.83416,1.43,1.43
2012.01.24 11:38:30.776,0.834,0.83413,1.43,2.10
2012.01.24 11:38:31.127,0.834,0.83409,1.43,1.88
2012.01.24 11:38:31.879,0.8339,0.83408,1.43,1.43
2012.01.24 11:38:31.957,0.83395,0.83409,1.43,1.88
2012.01.24 11:38:32.275,0.83398,0.83409,1.43,1.88
2012.01.24 11:38:32.417,0.83398,0.83412,1.43,1.88
2012.01.24 11:38:33.851,0.83398,0.83414,1.43,1.43
2012.01.24 11:38:33.924,0.834,0.83415,1.43,1.88
2012.01.24 11:38:34.068,0.834,0.83418,1.43,4.65
2012.01.24 11:38:34.604,0.83401,0.83418,1.43,1.43
2012.01.24 11:38:34.675,0.83404,0.83419,1.43,3.38
2012.01.24 11:38:35.076,0.83401,0.83419,2.85,4.80
2012.01.24 11:38:36.779,0.83402,0.83419,1.43,5.03
2012.01.24 11:38:37.152,0.83404,0.83419,1.43,1.50
2012.01.24 11:38:39.474,0.83404,0.8342,1.43,3.30
2012.01.24 11:38:40.588,0.83409,0.83426,1.43,1.88
2012.01.24 11:38:41.535,0.83409,0.83427,1.43,2.18
2012.01.24 11:38:42.871,0.83409,0.83427,3.98,1.43
2012.01.24 11:38:43.325,0.83413,0.83428,1.43,3.38
2012.01.24 11:38:43.880,0.83413,0.83428,2.18,1.88
2012.01.24 11:38:44.563,0.83413,0.83429,1.43,2.18
2012.01.24 11:38:44.948,0.83411,0.83427,1.43,2.18
2012.01.24 11:38:45.630,0.83411,0.83427,1.43,4.80
2012.01.24 11:38:45.706,0.83409,0.83424,1.88,2.18
2012.01.24 11:38:46.234,0.83408,0.83424,1.43,4.05
2012.01.24 11:38:46.362,0.83408,0.83424,1.43,4.05
2012.01.24 11:38:46.686,0.83408,0.83424,1.43,4.05
2012.01.24 11:38:47.342,0.8341,0.83424,1.43,2.63
2012.01.24 11:38:47.420,0.83412,0.83427,1.43,2.63
2012.01.24 11:38:48.373,0.83412,0.83428,1.43,2.63
2012.01.24 11:38:48.882,0.83412,0.83428,2.18,2.63
2012.01.24 11:38:49.853,0.83413,0.8343,3.98,2.18
2012.01.24 11:38:54.325,0.83413,0.8343,1.88,1.43
2012.01.24 11:38:54.527,0.83415,0.83431,1.43,1.88
2012.01.24 11:38:54.835,0.83419,0.83432,1.43,1.88
2012.01.24 11:38:55.973,0.83419,0.83433,1.43,1.88
2012.01.24 11:38:56.864,0.83416,0.83433,1.43,1.88
2012.01.24 11:38:58.268,0.83418,0.83433,1.43,1.88
2012.01.24 11:38:58.721,0.83416,0.83433,1.43,1.88
2012.01.24 11:38:59.964,0.83416,0.83432,1.43,1.88
2012.01.24 11:39:01.603,0.83413,0.83429,2.55,1.43
2012.01.24 11:39:02.156,0.83411,0.83428,2.25,2.18
2012.01.24 11:39:03.392,0.83411,0.83428,1.88,2.93
2012.01.24 11:39:03.977,0.8341,0.83428,2.18,4.05
2012.01.24 11:39:04.115,0.83409,0.83424,1.88,1.43
2012.01.24 11:39:05.518,0.83409,0.83427,3.30,6.23
2012.01.24 11:39:06.444,0.83409,0.83425,1.88,1.43
2012.01.24 11:39:09.563,0.8341,0.83426,1.43,1.43
2012.01.24 11:39:13.754,0.8341,0.83425,2.63,1.43
2012.01.24 11:39:13.824,0.8341,0.83425,1.88,1.43
2012.01.24 11:39:14.562,0.8341,0.83426,3.30,2.18
2012.01.24 11:39:15.536,0.83412,0.83426,1.88,2.18
2012.01.24 11:39:15.603,0.83412,0.8343,3.30,2.93
2012.01.24 11:39:18.231,0.83412,0.83428,1.88,1.43
2012.01.24 11:39:18.735,0.83413,0.83429,2.18,2.18
2012.01.24 11:39:18.804,0.83411,0.83427,1.43,2.93
2012.01.24 11:39:19.113,0.8341,0.83424,1.88,1.43
2012.01.24 11:39:19.723,0.8341,0.83426,3.30,2.18
2012.01.24 11:39:20.875,0.8341,0.83425,1.88,1.43
2012.01.24 11:39:22.244,0.83408,0.83425,4.35,1.43
2012.01.24 11:39:23.639,0.83408,0.83421,4.35,1.43
2012.01.24 11:39:24.517,0.83405,0.83421,1.43,1.43
2012.01.24 11:39:24.590,0.83402,0.83419,2.25,1.43
2012.01.24 11:39:24.724,0.83401,0.83419,3.90,4.80
2012.01.24 11:39:25.073,0.83402,0.83419,1.13,3.30
2012.01.24 11:39:26.485,0.83401,0.83419,1.80,4.05
2012.01.24 11:39:26.914,0.83402,0.83419,1.13,3.30
2012.01.24 11:39:28.262,0.83401,0.83419,1.80,2.18
2012.01.24 11:39:28.692,0.83402,0.83419,1.13,1.43
2012.01.24 11:39:29.152,0.83401,0.83419,1.80,2.18
2012.01.24 11:39:33.779,0.83406,0.83422,3.30,1.50
2012.01.24 11:39:33.853,0.83406,0.83424,3.30,3.30
2012.01.24 11:39:33.996,0.83409,0.83424,1.43,1.88
2012.01.24 11:39:34.614,0.83408,0.83424,1.43,3.30
2012.01.24 11:39:36.934,0.83409,0.83426,1.43,2.18
2012.01.24 11:39:37.062,0.83407,0.83425,1.43,2.18
2012.01.24 11:39:38.594,0.83409,0.83427,1.43,4.80
2012.01.24 11:39:40.154,0.83407,0.83425,3.30,4.05
2012.01.24 11:39:40.535,0.83409,0.83425,1.43,1.88
2012.01.24 11:39:40.856,0.83413,0.83425,1.43,1.88
2012.01.24 11:39:40.924,0.83411,0.83425,1.43,1.88
2012.01.24 11:39:40.996,0.83413,0.83425,1.43,1.88
2012.01.24 11:39:41.128,0.8341,0.83428,1.43,4.05
2012.01.24 11:39:41.623,0.83412,0.83428,1.43,3.38
2012.01.24 11:39:43.434,0.8341,0.83428,1.43,2.93
2012.01.24 11:39:43.623,0.83413,0.83428,1.43,1.50
2012.01.24 11:39:46.750,0.83411,0.83427,1.43,2.18
2012.01.24 11:39:47.525,0.83411,0.83427,1.43,3.53
2012.01.24 11:39:49.426,0.83411,0.83427,1.43,2.18
2012.01.24 11:39:49.507,0.83407,0.83421,2.25,1.43
2012.01.24 11:39:49.714,0.83407,0.83424,2.25,2.18
2012.01.24 11:39:50.485,0.83406,0.83423,1.80,1.43
2012.01.24 11:39:51.068,0.83405,0.83422,2.25,1.43
2012.01.24 11:39:51.641,0.83407,0.83424,1.80,2.18
2012.01.24 11:39:51.725,0.83409,0.83427,1.43,1.43
2012.01.24 11:39:51.866,0.83411,0.83427,1.43,2.18
2012.01.24 11:39:52.166,0.83413,0.83428,2.18,1.88
2012.01.24 11:39:52.751,0.83413,0.83427,2.18,1.88
2012.01.24 11:39:53.129,0.8341,0.83427,1.43,1.88
2012.01.24 11:39:53.774,0.8341,0.83426,1.43,1.88
2012.01.24 11:39:54.494,0.8341,0.83426,1.43,4.05
2012.01.24 11:39:54.565,0.8341,0.83426,1.43,4.05
2012.01.24 11:39:55.987,0.8341,0.83426,4.05,1.43
2012.01.24 11:39:56.358,0.8341,0.83428,3.98,4.05
2012.01.24 11:39:57.272,0.8341,0.83428,4.73,3.30
2012.01.24 11:39:57.362,0.83415,0.83429,1.88,1.43
2012.01.24 11:39:58.176,0.83413,0.83429,1.80,1.43
2012.01.24 11:39:58.377,0.83416,0.83432,1.43,4.05
2012.01.24 11:39:59.417,0.83419,0.83436,1.43,4.80
2012.01.24 11:39:59.768,0.83422,0.83436,1.43,1.43
2012.01.24 11:40:00.113,0.83429,0.83438,1.88,1.43
2012.01.24 11:40:00.195,0.83429,0.83443,1.88,2.85
2012.01.24 11:40:00.946,0.83429,0.83445,2.63,2.18
2012.01.24 11:40:01.324,0.83429,0.83445,1.88,2.18
2012.01.24 11:40:02.782,0.83429,0.83445,2.63,2.18
2012.01.24 11:40:02.878,0.83433,0.8345,2.18,1.50
2012.01.24 11:40:03.093,0.83433,0.83451,2.18,4.05
2012.01.24 11:40:03.172,0.83437,0.83451,1.43,1.88
2012.01.24 11:40:03.517,0.83439,0.83451,1.43,1.88
2012.01.24 11:40:03.726,0.83438,0.83453,1.43,1.88
2012.01.24 11:40:04.854,0.83438,0.83454,1.43,3.30
2012.01.24 11:40:07.179,0.83441,0.83457,1.43,2.18
2012.01.24 11:40:07.248,0.83441,0.83457,1.43,1.43
2012.01.24 11:40:07.777,0.83441,0.83457,2.18,1.43
2012.01.24 11:40:08.467,0.83439,0.83454,1.88,1.43
2012.01.24 11:40:08.753,0.83439,0.83454,3.38,1.43
2012.01.24 11:40:08.889,0.83439,0.83454,1.88,1.43
2012.01.24 11:40:09.397,0.83438,0.83454,1.43,4.05
2012.01.24 11:40:10.304,0.8344,0.83456,2.85,2.18
2012.01.24 11:40:10.382,0.83442,0.83457,1.43,2.63
2012.01.24 11:40:10.714,0.83442,0.83459,2.18,2.63
2012.01.24 11:40:11.043,0.83442,0.83459,1.43,2.63
2012.01.24 11:40:12.125,0.83442,0.83459,2.18,1.88
2012.01.24 11:40:12.670,0.83442,0.83459,2.18,2.63
2012.01.24 11:40:12.754,0.83441,0.83457,1.43,2.18
2012.01.24 11:40:13.288,0.83441,0.83457,1.43,6.45
2012.01.24 11:40:13.357,0.83438,0.83455,1.88,1.43
2012.01.24 11:40:14.244,0.83438,0.83455,1.88,2.18
2012.01.24 11:40:14.789,0.83437,0.83454,3.30,2.85
2012.01.24 11:40:15.837,0.83435,0.83451,2.85,1.43
2012.01.24 11:40:16.598,0.83435,0.83447,1.43,2.63
2012.01.24 11:40:16.671,0.83432,0.83447,1.43,2.63
2012.01.24 11:40:17.263,0.83429,0.83445,1.43,2.18
2012.01.24 11:40:20.965,0.83431,0.83445,1.88,4.28
2012.01.24 11:40:21.308,0.83431,0.83448,2.63,2.18
2012.01.24 11:40:22.141,0.83431,0.83447,1.88,1.50
2012.01.24 11:40:24.775,0.83431,0.83448,2.63,2.18
2012.01.24 11:40:24.904,0.83431,0.83447,1.88,1.50
2012.01.24 11:40:26.247,0.83431,0.83448,2.63,2.18
2012.01.24 11:40:26.565,0.83431,0.83448,1.88,5.03
2012.01.24 11:40:27.066,0.83431,0.83445,1.88,2.18
2012.01.24 11:40:27.136,0.83429,0.83445,1.43,2.18
2012.01.24 11:40:28.264,0.83429,0.83445,1.43,1.43
2012.01.24 11:40:30.023,0.83427,0.83442,3.30,1.43
2012.01.24 11:40:31.428,0.83427,0.83445,3.30,1.43
2012.01.24 11:40:33.876,0.83427,0.83444,3.30,1.43
2012.01.24 11:40:33.949,0.83427,0.83442,1.88,1.43
2012.01.24 11:40:34.359,0.83428,0.83444,1.43,5.70
2012.01.24 11:40:34.427,0.83429,0.83444,1.50,3.60
2012.01.24 11:40:34.501,0.83428,0.83444,1.43,3.60
2012.01.24 11:40:34.707,0.83426,0.83442,3.98,2.18
2012.01.24 11:40:35.728,0.83426,0.83442,3.30,2.18
2012.01.24 11:40:36.073,0.83426,0.83439,1.88,2.85
2012.01.24 11:40:36.884,0.83423,0.83439,2.63,2.85
2012.01.24 11:40:38.495,0.83421,0.83437,3.00,1.43
2012.01.24 11:40:38.566,0.83421,0.83437,2.25,2.18
2012.01.24 11:40:38.755,0.83419,0.83436,1.43,2.10
2012.01.24 11:40:39.351,0.83419,0.83434,1.43,2.10
2012.01.24 11:40:39.698,0.83417,0.83428,1.88,1.43
2012.01.24 11:40:39.768,0.83416,0.8343,1.88,2.85
2012.01.24 11:40:40.295,0.83416,0.83429,1.88,2.10
2012.01.24 11:40:43.786,0.83416,0.83428,1.88,1.43
2012.01.24 11:40:43.925,0.83412,0.83424,1.43,1.43
2012.01.24 11:40:44.351,0.83411,0.83422,1.88,1.43
2012.01.24 11:40:45.836,0.83406,0.83422,1.88,1.43
2012.01.24 11:40:45.974,0.83406,0.83424,3.30,2.18
2012.01.24 11:40:46.543,0.83406,0.83424,3.98,1.43
2012.01.24 11:40:46.854,0.83411,0.83424,1.88,1.43
2012.01.24 11:40:47.408,0.83411,0.83425,1.88,1.43
2012.01.24 11:40:49.104,0.83413,0.83425,1.43,1.43
2012.01.24 11:40:50.736,0.83411,0.83425,3.30,1.43
2012.01.24 11:40:50.866,0.83411,0.83423,3.30,2.10
2012.01.24 11:40:50.937,0.83408,0.83423,4.73,2.10
2012.01.24 11:40:51.492,0.83408,0.83424,3.30,1.43
2012.01.24 11:40:52.051,0.83409,0.83425,1.43,1.43
2012.01.24 11:40:52.337,0.83412,0.83425,1.43,1.43
2012.01.24 11:40:52.949,0.83412,0.8343,1.43,4.05
2012.01.24 11:40:53.021,0.83416,0.83432,1.43,1.43
2012.01.24 11:40:53.601,0.83417,0.83432,1.88,1.43
2012.01.24 11:40:54.219,0.83418,0.83432,1.88,1.43
2012.01.24 11:40:55.050,0.83413,0.83431,4.05,2.18
2012.01.24 11:40:55.617,0.83413,0.83431,3.30,2.18
2012.01.24 11:40:57.767,0.83414,0.83431,1.88,2.18
2012.01.24 11:40:58.180,0.83413,0.83427,2.18,2.85
2012.01.24 11:40:58.263,0.83411,0.83425,1.43,1.43
2012.01.24 11:40:58.458,0.83409,0.83423,2.10,1.43
2012.01.24 11:40:59.186,0.83405,0.83423,3.98,1.43
2012.01.24 11:40:59.265,0.83405,0.8342,1.88,1.43
2012.01.24 11:41:00.717,0.83406,0.83422,1.43,1.43
2012.01.24 11:41:01.315,0.83407,0.83422,2.10,1.43
2012.01.24 11:41:01.460,0.83411,0.83425,1.43,1.88
2012.01.24 11:41:01.949,0.83413,0.83429,1.88,2.93
2012.01.24 11:41:02.014,0.83413,0.83429,1.88,2.18
2012.01.24 11:41:03.047,0.83413,0.83427,1.88,1.43
2012.01.24 11:41:03.189,0.8341,0.83427,2.55,1.43
2012.01.24 11:41:03.774,0.83412,0.83427,1.88,1.43
2012.01.24 11:41:04.555,0.8341,0.83427,1.88,1.43
2012.01.24 11:41:04.629,0.8341,0.83425,1.88,1.43
2012.01.24 11:41:05.430,0.83413,0.83425,1.88,2.85
2012.01.24 11:41:05.890,0.83413,0.83427,1.88,1.43
2012.01.24 11:41:06.459,0.83411,0.83427,1.88,1.43
2012.01.24 11:41:07.149,0.83411,0.83428,3.30,1.43
2012.01.24 11:41:07.419,0.83411,0.83428,6.15,1.43
2012.01.24 11:41:07.913,0.83414,0.8343,3.30,1.43
2012.01.24 11:41:08.446,0.83414,0.83427,1.88,1.43
2012.01.24 11:41:09.466,0.83411,0.83427,4.05,1.43
2012.01.24 11:41:10.954,0.83411,0.83427,4.05,1.43
2012.01.24 11:41:11.482,0.83412,0.83427,1.88,1.43
2012.01.24 11:41:13.157,0.83416,0.83427,1.88,1.43
2012.01.24 11:41:13.303,0.83416,0.83429,1.88,1.43
2012.01.24 11:41:13.379,0.83419,0.83429,1.50,1.43
2012.01.24 11:41:14.062,0.8342,0.83436,1.88,2.18
2012.01.24 11:41:17.896,0.83422,0.83435,1.88,1.43
2012.01.24 11:41:18.406,0.83422,0.83436,1.88,1.43
2012.01.24 11:41:18.679,0.83422,0.83439,1.88,2.18
2012.01.24 11:41:19.233,0.83423,0.83439,1.88,1.43
2012.01.24 11:41:19.957,0.83423,0.83439,2.55,1.43
2012.01.24 11:41:20.525,0.83424,0.83437,1.88,1.43
2012.01.24 11:41:23.028,0.83424,0.83434,1.88,1.43
2012.01.24 11:41:23.465,0.83421,0.83436,2.48,1.43
2012.01.24 11:41:24.073,0.83421,0.83434,2.48,1.43
2012.01.24 11:41:28.761,0.83423,0.83434,1.88,1.43
2012.01.24 11:41:33.608,0.83423,0.83434,2.63,1.43
2012.01.24 11:41:34.185,0.83423,0.83433,1.88,1.43
2012.01.24 11:41:34.268,0.83419,0.83431,1.88,1.43
2012.01.24 11:41:39.477,0.83415,0.83431,1.43,1.43
2012.01.24 11:41:39.551,0.83413,0.83428,1.50,1.43
2012.01.24 11:41:39.917,0.83406,0.83422,1.88,1.43
2012.01.24 11:41:40.504,0.83406,0.83419,1.88,1.43
2012.01.24 11:41:42.319,0.83406,0.83417,1.88,1.43
2012.01.24 11:41:48.745,0.83402,0.83417,2.63,2.18
2012.01.24 11:41:48.815,0.83402,0.83417,1.88,2.18
2012.01.24 11:41:48.953,0.83402,0.83417,1.88,2.93
2012.01.24 11:41:49.267,0.83402,0.83417,1.88,2.18
2012.01.24 11:41:49.714,0.83402,0.83417,2.63,1.43
2012.01.24 11:41:50.372,0.83402,0.83417,3.38,1.43
2012.01.24 11:41:59.127,0.83402,0.83417,1.88,2.18
2012.01.24 11:42:02.653,0.83399,0.83417,4.65,1.43
2012.01.24 11:42:03.173,0.83399,0.83417,4.05,1.43
2012.01.24 11:42:03.975,0.83399,0.83416,4.05,1.43
2012.01.24 11:42:04.074,0.83399,0.83413,2.63,1.43
2012.01.24 11:42:07.680,0.83399,0.83414,1.88,1.43
2012.01.24 11:42:13.178,0.83399,0.83413,1.88,1.43
2012.01.24 11:42:15.446,0.83399,0.83412,1.88,1.43
2012.01.24 11:42:15.852,0.83399,0.8341,1.88,1.43
2012.01.24 11:42:15.932,0.83395,0.8341,2.85,1.43
2012.01.24 11:42:16.013,0.83393,0.8341,2.78,1.43
2012.01.24 11:42:16.291,0.83392,0.8341,4.05,2.18
2012.01.24 11:42:16.605,0.83392,0.8341,4.05,1.43
2012.01.24 11:42:17.617,0.83394,0.8341,1.88,1.43
2012.01.24 11:42:21.436,0.83392,0.83407,4.05,1.43
2012.01.24 11:42:21.762,0.83392,0.83409,2.63,1.43
2012.01.24 11:42:21.963,0.83392,0.83409,1.88,1.43
2012.01.24 11:42:23.868,0.83394,0.83409,1.88,1.43
2012.01.24 11:42:24.237,0.83394,0.83407,1.88,1.43
2012.01.24 11:42:25.695,0.83391,0.83407,2.63,2.18
2012.01.24 11:42:26.494,0.83391,0.83407,1.88,2.93
2012.01.24 11:42:29.008,0.83391,0.83407,1.88,2.93
2012.01.24 11:42:30.454,0.83391,0.83407,2.63,2.18
2012.01.24 11:42:35.475,0.8339,0.83407,2.63,1.43
2012.01.24 11:42:35.710,0.8339,0.83407,1.88,2.18
2012.01.24 11:42:35.789,0.83394,0.83407,2.10,2.18
2012.01.24 11:42:36.554,0.83393,0.83409,5.40,1.43
2012.01.24 11:42:36.658,0.83395,0.83411,1.43,1.88
2012.01.24 11:42:37.014,0.83398,0.83414,1.43,1.43
2012.01.24 11:42:38.343,0.83397,0.83413,2.55,1.43
2012.01.24 11:42:41.657,0.83395,0.8341,3.83,1.43
2012.01.24 11:42:42.213,0.83394,0.8341,1.88,1.43
2012.01.24 11:42:45.156,0.83395,0.83411,1.43,1.43
2012.01.24 11:42:46.011,0.83394,0.83409,1.88,1.43
2012.01.24 11:42:50.537,0.83393,0.83409,1.43,1.43
2012.01.24 11:42:50.877,0.83392,0.83406,2.55,1.43
2012.01.24 11:42:54.991,0.83391,0.83406,1.88,1.43
2012.01.24 11:42:59.327,0.83388,0.83403,1.28,1.43
2012.01.24 11:42:59.535,0.83386,0.83401,1.88,1.43
2012.01.24 11:42:59.744,0.83386,0.83403,1.88,1.43
2012.01.24 11:43:06.844,0.83387,0.83403,1.88,1.43
2012.01.24 11:43:08.824,0.83394,0.83403,1.88,1.43
2012.01.24 11:43:08.897,0.83394,0.83407,1.88,3.53
2012.01.24 11:43:08.967,0.83388,0.83403,1.88,1.43
2012.01.24 11:43:10.423,0.83388,0.834,1.88,1.43
2012.01.24 11:43:10.554,0.83388,0.83402,1.88,2.85
2012.01.24 11:43:11.057,0.83386,0.83396,2.10,1.43
2012.01.24 11:43:11.128,0.83383,0.83396,1.43,1.43
2012.01.24 11:43:11.271,0.83383,0.83399,2.85,1.43
2012.01.24 11:43:11.617,0.83381,0.83395,3.98,1.43
2012.01.24 11:43:11.934,0.83381,0.83395,2.63,1.43
2012.01.24 11:43:12.063,0.8338,0.83394,2.85,1.88
2012.01.24 11:43:12.581,0.83381,0.83395,2.63,1.43
2012.01.24 11:43:13.988,0.8338,0.83395,2.10,1.43
2012.01.24 11:43:14.233,0.83379,0.83395,4.80,1.43
2012.01.24 11:43:14.646,0.83379,0.83395,3.98,1.43
2012.01.24 11:43:15.932,0.83379,0.83395,3.98,1.43
2012.01.24 11:43:16.498,0.83379,0.83395,3.98,1.43
2012.01.24 11:43:18.851,0.8338,0.83395,1.43,1.43
2012.01.24 11:43:19.887,0.83379,0.83395,3.30,1.43
2012.01.24 11:43:20.108,0.83382,0.83398,2.18,2.85
2012.01.24 11:43:20.642,0.83382,0.83398,6.90,1.43
2012.01.24 11:43:25.145,0.83385,0.83398,2.10,1.43
2012.01.24 11:43:26.033,0.83382,0.83398,6.15,2.18
2012.01.24 11:43:26.938,0.83382,0.83398,6.15,2.18
2012.01.24 11:43:27.007,0.83382,0.83398,2.93,1.43
2012.01.24 11:43:27.654,0.83382,0.83398,2.18,2.18
2012.01.24 11:43:28.220,0.83382,0.83398,2.93,1.43
2012.01.24 11:43:32.286,0.83382,0.83398,2.18,2.18
2012.01.24 11:43:32.807,0.83383,0.83398,1.50,1.43
2012.01.24 11:43:33.495,0.83382,0.83398,6.90,1.43
2012.01.24 11:43:41.035,0.83385,0.83398,2.10,1.43
2012.01.24 11:43:41.285,0.83385,0.83401,1.88,1.43
2012.01.24 11:43:41.607,0.83385,0.834,1.88,2.18
2012.01.24 11:43:42.571,0.83383,0.83398,1.50,1.43
2012.01.24 11:43:43.126,0.83382,0.83398,2.18,1.43
2012.01.24 11:43:43.815,0.83382,0.83398,1.43,2.18
2012.01.24 11:43:44.966,0.83382,0.83398,2.18,2.18
2012.01.24 11:43:46.972,0.83384,0.83398,1.50,1.43
2012.01.24 11:43:47.045,0.83386,0.834,1.43,1.43
2012.01.24 11:43:47.185,0.83387,0.83402,2.10,1.43
2012.01.24 11:43:54.216,0.83385,0.834,2.63,1.43
2012.01.24 11:43:54.550,0.83385,0.834,1.88,1.43
2012.01.24 11:43:55.080,0.83384,0.834,1.43,1.43
2012.01.24 11:43:55.156,0.83383,0.83397,1.88,1.43
2012.01.24 11:43:56.336,0.83383,0.83399,3.30,1.43
2012.01.24 11:43:58.393,0.83383,0.83399,2.18,1.43
2012.01.24 11:44:00.212,0.83381,0.83397,2.18,1.43
2012.01.24 11:44:00.494,0.8338,0.83395,1.88,1.43
2012.01.24 11:44:00.953,0.83378,0.83395,1.88,1.43
2012.01.24 11:44:01.143,0.83378,0.83395,3.38,1.43
2012.01.24 11:44:07.990,0.83378,0.83393,2.25,1.88
2012.01.24 11:44:08.069,0.83377,0.83393,2.18,1.88
2012.01.24 11:44:08.457,0.83375,0.83392,1.13,1.43
2012.01.24 11:44:09.940,0.83374,0.83389,2.93,1.43
2012.01.24 11:44:10.007,0.83372,0.83387,2.63,1.43
2012.01.24 11:44:12.430,0.83373,0.83387,1.88,1.43
2012.01.24 11:44:12.804,0.83376,0.8339,1.88,1.43
2012.01.24 11:44:16.578,0.83374,0.8339,2.18,1.43
2012.01.24 11:44:17.097,0.83373,0.83389,2.63,1.43
2012.01.24 11:44:17.494,0.83371,0.83388,2.18,1.43
2012.01.24 11:44:17.995,0.8337,0.83386,2.63,1.43
2012.01.24 11:44:19.524,0.83369,0.83386,2.63,1.43
2012.01.24 11:44:22.497,0.8337,0.83386,2.63,1.43
2012.01.24 11:44:27.304,0.83369,0.83386,2.85,1.43
2012.01.24 11:44:29.743,0.83371,0.83386,1.50,1.43
2012.01.24 11:44:30.003,0.8337,0.83386,1.50,1.43
2012.01.24 11:44:36.794,0.83371,0.83386,1.50,1.43
2012.01.24 11:44:39.224,0.83369,0.83385,2.85,1.88
2012.01.24 11:44:40.752,0.83369,0.83386,2.85,3.30
2012.01.24 11:44:42.531,0.83367,0.83383,2.63,1.43
2012.01.24 11:44:46.638,0.83366,0.83383,2.63,1.43
2012.01.24 11:44:47.576,0.83369,0.83383,2.10,1.43
2012.01.24 11:44:47.705,0.83367,0.83383,2.85,1.43
2012.01.24 11:44:49.050,0.83368,0.83383,2.85,1.43
2012.01.24 11:44:49.376,0.83365,0.83379,3.00,1.43
2012.01.24 11:44:49.504,0.83365,0.83379,2.25,1.43
2012.01.24 11:44:49.823,0.83367,0.83379,1.88,1.43
2012.01.24 11:44:50.374,0.83367,0.83382,2.63,1.43
2012.01.24 11:44:51.345,0.83365,0.83381,2.85,1.43
2012.01.24 11:44:51.594,0.83364,0.83379,2.63,1.43
2012.01.24 11:44:52.215,0.83364,0.83382,4.05,1.43
2012.01.24 11:44:52.536,0.83364,0.83382,6.90,1.43
2012.01.24 11:44:53.014,0.83368,0.83384,4.28,1.43
2012.01.24 11:44:53.736,0.83372,0.83384,2.63,1.43
2012.01.24 11:44:53.815,0.83376,0.83391,2.63,1.43
2012.01.24 11:45:04.986,0.83377,0.83391,1.88,1.43
2012.01.24 11:45:08.975,0.83375,0.83391,2.63,1.43
2012.01.24 11:45:16.414,0.83378,0.83391,1.88,1.43
2012.01.24 11:45:16.621,0.83378,0.83395,2.63,1.43
2012.01.24 11:45:18.851,0.83378,0.83391,2.63,1.43
2012.01.24 11:45:19.463,0.83378,0.83391,1.88,1.43
2012.01.24 11:45:19.593,0.83378,0.83393,2.63,1.43
2012.01.24 11:45:20.123,0.83378,0.83393,2.63,1.43
2012.01.24 11:45:20.623,0.83378,0.83392,2.63,1.43
2012.01.24 11:45:30.425,0.83377,0.83392,1.88,1.43
2012.01.24 11:45:30.985,0.83377,0.83393,6.15,1.43
2012.01.24 11:45:31.339,0.83377,0.83391,4.73,1.43
2012.01.24 11:45:31.838,0.83377,0.83391,1.88,1.43
2012.01.24 11:45:33.357,0.83377,0.83393,3.30,1.43
2012.01.24 11:45:33.507,0.83377,0.83393,5.48,1.43
2012.01.24 11:45:33.908,0.83382,0.83396,1.50,1.43
2012.01.24 11:45:34.034,0.83382,0.83398,1.50,1.43
2012.01.24 11:45:35.083,0.83382,0.834,2.93,3.30
2012.01.24 11:45:43.686,0.83382,0.834,2.18,4.80
2012.01.24 11:45:44.007,0.83381,0.83397,2.18,4.28
2012.01.24 11:45:44.147,0.83378,0.83394,3.60,1.43
2012.01.24 11:45:44.223,0.83378,0.83394,2.18,1.43
2012.01.24 11:45:47.018,0.83375,0.83392,2.63,1.43
2012.01.24 11:45:47.157,0.83374,0.83391,2.18,1.88
2012.01.24 11:45:48.103,0.83374,0.83391,2.18,1.88
2012.01.24 11:45:55.693,0.83372,0.83389,2.63,1.43
2012.01.24 11:45:56.695,0.83373,0.83391,2.18,3.30
2012.01.24 11:45:56.763,0.83375,0.83391,1.88,1.43
2012.01.24 11:45:57.275,0.83375,0.83391,2.63,1.43
2012.01.24 11:46:01.809,0.83374,0.83391,2.63,1.43
2012.01.24 11:46:01.948,0.83373,0.83389,2.63,1.43
2012.01.24 11:46:02.595,0.83374,0.8339,2.93,1.43
2012.01.24 11:46:03.716,0.83374,0.8339,2.93,1.43
2012.01.24 11:46:04.282,0.83374,0.8339,2.18,1.43
2012.01.24 11:46:16.803,0.83375,0.83388,2.63,1.43
2012.01.24 11:46:17.377,0.83373,0.83388,2.63,1.43
2012.01.24 11:46:23.870,0.83373,0.83385,2.63,1.43
2012.01.24 11:46:29.269,0.8337,0.83383,2.03,1.43
2012.01.24 11:46:29.479,0.83368,0.83383,1.88,1.43
2012.01.24 11:46:29.550,0.83367,0.83381,1.43,1.43
2012.01.24 11:46:30.094,0.83364,0.8338,1.50,1.43
2012.01.24 11:46:42.877,0.83363,0.83376,3.00,1.43
2012.01.24 11:46:42.947,0.83363,0.83376,3.00,1.43
2012.01.24 11:46:43.142,0.83363,0.83373,2.25,1.43
2012.01.24 11:46:44.272,0.8335,0.83363,2.55,1.43
2012.01.24 11:46:44.354,0.8335,0.83363,1.88,1.43
2012.01.24 11:46:45.759,0.83348,0.83363,2.25,1.43
2012.01.24 11:46:46.575,0.83348,0.83363,2.63,1.43
2012.01.24 11:46:47.102,0.83351,0.83363,2.10,1.43
2012.01.24 11:46:47.633,0.83348,0.83363,2.63,1.43
2012.01.24 11:46:48.597,0.83348,0.83363,2.63,1.43
2012.01.24 11:46:49.106,0.83348,0.83362,2.63,1.43
2012.01.24 11:46:49.183,0.83348,0.83361,2.63,1.43
2012.01.24 11:46:50.081,0.83346,0.83361,2.63,1.43
2012.01.24 11:46:51.724,0.83346,0.83361,2.63,1.43
2012.01.24 11:46:52.407,0.83346,0.83361,2.63,1.43
2012.01.24 11:46:53.160,0.83343,0.83357,1.50,1.43
2012.01.24 11:46:53.379,0.83345,0.83359,1.88,1.43
2012.01.24 11:46:53.505,0.83347,0.83362,1.43,1.43
2012.01.24 11:46:53.646,0.8335,0.83363,1.88,1.43
2012.01.24 11:46:54.166,0.8335,0.83363,2.63,1.43
2012.01.24 11:46:54.773,0.83351,0.83363,2.63,1.43
2012.01.24 11:46:55.606,0.83351,0.83367,2.63,2.26
2012.01.24 11:46:56.109,0.83352,0.83367,1.50,2.18
2012.01.24 11:46:56.525,0.83353,0.83369,2.93,3.30
2012.01.24 11:46:56.734,0.83355,0.83373,3.30,1.43
2012.01.24 11:46:57.300,0.83355,0.83373,4.05,1.43
2012.01.24 11:46:57.614,0.83354,0.83369,3.53,1.43
2012.01.24 11:47:06.453,0.83355,0.83369,1.43,1.43
2012.01.24 11:47:07.643,0.83356,0.83369,1.88,2.85
2012.01.24 11:47:08.394,0.83356,0.83367,1.88,1.43
2012.01.24 11:47:08.864,0.83354,0.83367,1.88,1.43
2012.01.24 11:47:10.694,0.83354,0.8337,1.88,1.43
2012.01.24 11:47:11.264,0.83356,0.8337,1.88,1.43
2012.01.24 11:47:12.936,0.83355,0.8337,2.63,1.43
2012.01.24 11:47:13.763,0.83355,0.83368,1.88,1.43
2012.01.24 11:47:14.274,0.83354,0.83369,1.88,1.43
2012.01.24 11:47:15.551,0.83354,0.83368,2.63,1.43
2012.01.24 11:47:16.597,0.83353,0.83368,2.63,2.18
2012.01.24 11:47:16.939,0.8335,0.83362,2.63,1.43
2012.01.24 11:47:17.008,0.8335,0.83362,2.63,1.43
2012.01.24 11:47:17.761,0.8335,0.83362,1.88,1.43
2012.01.24 11:47:20.335,0.83348,0.83362,1.88,1.43
2012.01.24 11:47:27.916,0.8335,0.83362,1.88,1.43
2012.01.24 11:47:30.185,0.83349,0.83362,1.88,1.43
2012.01.24 11:47:32.446,0.83348,0.83362,1.88,1.43
2012.01.24 11:47:33.222,0.83348,0.83359,1.88,1.43
2012.01.24 11:47:34.594,0.83345,0.83359,1.88,1.43
2012.01.24 11:47:43.142,0.83344,0.83359,2.63,1.43
2012.01.24 11:47:44.108,0.83344,0.83357,2.63,1.43
2012.01.24 11:47:44.773,0.83344,0.83357,2.63,2.18
2012.01.24 11:47:45.106,0.83341,0.83353,1.88,1.43
2012.01.24 11:47:46.984,0.83341,0.83356,1.88,1.43
2012.01.24 11:48:07.085,0.83341,0.83355,1.88,1.43
2012.01.24 11:48:07.166,0.83342,0.83351,1.88,1.43
2012.01.24 11:48:07.236,0.83337,0.83351,2.63,1.43
2012.01.24 11:48:07.425,0.83337,0.83347,1.88,1.43
2012.01.24 11:48:07.499,0.83333,0.83347,3.68,1.43
2012.01.24 11:48:07.565,0.83333,0.83347,3.00,1.43
2012.01.24 11:48:08.683,0.83331,0.83347,3.90,1.43
2012.01.24 11:48:09.132,0.83331,0.83347,4.65,2.18
2012.01.24 11:48:09.957,0.83331,0.83347,4.65,1.43
2012.01.24 11:48:10.587,0.83333,0.83349,2.18,2.18
2012.01.24 11:48:11.119,0.83333,0.83349,2.18,2.18
2012.01.24 11:48:12.004,0.83333,0.83349,2.18,2.18
2012.01.24 11:48:12.614,0.83331,0.83347,2.18,1.43
2012.01.24 11:48:13.374,0.8333,0.83344,2.63,1.43
2012.01.24 11:48:13.455,0.8333,0.83347,2.63,1.43
2012.01.24 11:48:17.890,0.83329,0.83347,4.05,1.43
2012.01.24 11:48:25.921,0.83329,0.83347,4.05,1.43
2012.01.24 11:48:26.124,0.83329,0.83347,4.05,2.18
2012.01.24 11:48:26.257,0.83329,0.83347,4.05,2.18
2012.01.24 11:48:26.949,0.83332,0.83349,2.18,2.63
2012.01.24 11:48:27.056,0.83333,0.83346,4.05,1.50
2012.01.24 11:48:27.868,0.83333,0.83346,4.05,1.50
2012.01.24 11:48:30.794,0.83333,0.83351,6.23,4.05
2012.01.24 11:48:31.547,0.83339,0.83349,1.43,1.50
2012.01.24 11:48:31.626,0.83339,0.83355,3.60,2.93
2012.01.24 11:48:31.824,0.83339,0.83355,3.60,2.18
2012.01.24 11:48:32.037,0.83342,0.83355,1.88,2.18
2012.01.24 11:48:32.368,0.83343,0.83358,2.18,2.18
2012.01.24 11:48:33.984,0.83343,0.83358,1.50,2.18
2012.01.24 11:48:34.054,0.83343,0.83358,1.50,1.43
2012.01.24 11:48:34.604,0.83342,0.83358,4.05,1.43
2012.01.24 11:48:37.954,0.83342,0.83358,2.18,1.43
2012.01.24 11:48:39.712,0.83343,0.83358,1.88,1.43
2012.01.24 11:48:42.359,0.83344,0.83361,1.43,4.05
2012.01.24 11:48:42.970,0.83344,0.83361,2.18,1.88
2012.01.24 11:48:43.059,0.8335,0.83366,2.18,2.63
2012.01.24 11:48:43.724,0.83348,0.83364,2.18,1.43
2012.01.24 11:48:44.263,0.83348,0.83364,4.05,1.43
2012.01.24 11:48:47.961,0.83348,0.83364,2.18,2.18
2012.01.24 11:48:49.184,0.83346,0.83363,2.63,1.43
2012.01.24 11:48:49.565,0.83346,0.83363,2.63,1.43
2012.01.24 11:48:50.955,0.83344,0.83359,1.43,1.43
2012.01.24 11:48:51.311,0.83343,0.83357,2.63,1.43
2012.01.24 11:48:51.860,0.83343,0.83357,2.63,2.18
2012.01.24 11:48:55.934,0.83344,0.83357,1.50,1.43
2012.01.24 11:48:57.884,0.83342,0.83359,2.18,2.63
2012.01.24 11:49:00.464,0.83342,0.83359,2.18,2.63
2012.01.24 11:49:00.772,0.83343,0.8336,1.50,3.30
2012.01.24 11:49:02.334,0.83343,0.83359,1.50,1.88
2012.01.24 11:49:02.685,0.83342,0.83359,2.18,2.63
2012.01.24 11:49:05.654,0.83343,0.83359,1.50,1.88
2012.01.24 11:49:06.033,0.83345,0.83361,2.18,1.43
2012.01.24 11:49:06.105,0.83345,0.83361,2.18,2.18
2012.01.24 11:49:06.638,0.83345,0.83361,2.18,1.43
2012.01.24 11:49:08.036,0.83345,0.83361,2.18,2.93
2012.01.24 11:49:08.284,0.83345,0.83361,2.18,1.43
2012.01.24 11:49:08.559,0.83345,0.83361,2.18,1.43
2012.01.24 11:49:09.085,0.83348,0.83362,2.18,1.88
2012.01.24 11:49:09.749,0.83348,0.83364,2.18,3.30
2012.01.24 11:49:10.911,0.83348,0.83364,2.18,3.30
2012.01.24 11:49:11.395,0.83346,0.83362,2.18,1.43
2012.01.24 11:49:11.834,0.83346,0.83362,2.18,1.43
2012.01.24 11:49:15.986,0.83346,0.83362,2.18,1.43
2012.01.24 11:49:16.116,0.83348,0.83364,1.43,4.05
2012.01.24 11:49:18.176,0.83348,0.83363,1.43,1.88
2012.01.24 11:49:21.048,0.83348,0.83364,1.43,5.40
2012.01.24 11:49:22.018,0.83348,0.83362,1.43,1.88
2012.01.24 11:49:22.583,0.83345,0.83362,2.18,1.88
2012.01.24 11:49:29.520,0.83343,0.83357,1.43,1.88
2012.01.24 11:49:29.927,0.83339,0.83356,1.43,1.43
2012.01.24 11:49:29.995,0.83336,0.83354,4.05,1.43
2012.01.24 11:49:31.545,0.83338,0.83356,2.18,1.43
2012.01.24 11:49:31.885,0.83341,0.83357,1.43,2.63
2012.01.24 11:49:32.086,0.83341,0.83359,1.43,3.30
2012.01.24 11:49:34.185,0.8334,0.83356,1.43,1.43
2012.01.24 11:49:34.695,0.83339,0.83354,2.63,1.43
2012.01.24 11:49:40.035,0.83339,0.83356,2.63,1.43
2012.01.24 11:49:42.859,0.83339,0.83354,2.63,1.43
2012.01.24 11:49:44.685,0.83336,0.83354,4.05,1.43
2012.01.24 11:49:46.096,0.83336,0.83354,2.18,1.43
2012.01.24 11:49:47.543,0.83334,0.83351,2.63,1.43
2012.01.24 11:49:49.869,0.83334,0.83351,2.63,1.43
2012.01.24 11:49:50.597,0.83338,0.83351,1.88,1.43
2012.01.24 11:49:50.669,0.83338,0.83354,1.88,1.43
2012.01.24 11:49:51.718,0.83337,0.83354,2.63,1.43
2012.01.24 11:50:00.203,0.83338,0.83354,1.88,1.43
2012.01.24 11:50:02.014,0.83335,0.8335,2.85,1.43
2012.01.24 11:50:02.086,0.83334,0.8335,2.18,1.43
2012.01.24 11:50:09.872,0.83334,0.83347,1.43,3.98
2012.01.24 11:50:10.004,0.8333,0.83346,2.10,1.43
2012.01.24 11:50:10.266,0.83328,0.83344,1.43,1.43
2012.01.24 11:50:12.422,0.83324,0.83342,3.53,3.30
2012.01.24 11:50:12.501,0.83324,0.83341,1.43,1.50
2012.01.24 11:50:13.152,0.83324,0.8334,1.43,1.43
2012.01.24 11:50:13.472,0.83324,0.8334,2.18,2.18
2012.01.24 11:50:13.664,0.83324,0.8334,1.43,1.43
2012.01.24 11:50:16.198,0.83322,0.83338,4.05,2.18
2012.01.24 11:50:16.743,0.83322,0.83338,4.80,1.43
2012.01.24 11:50:17.045,0.83322,0.83338,2.18,2.18
2012.01.24 11:50:18.347,0.83322,0.83338,2.18,2.18
2012.01.24 11:50:18.482,0.83323,0.83338,1.50,3.30
2012.01.24 11:50:19.175,0.83323,0.83338,1.50,3.30
2012.01.24 11:50:20.864,0.83322,0.83337,2.93,1.88
2012.01.24 11:50:21.149,0.83327,0.83339,1.43,1.88
2012.01.24 11:50:21.223,0.83328,0.83341,1.88,2.10
2012.01.24 11:50:21.440,0.83329,0.83343,1.50,1.43
2012.01.24 11:50:21.965,0.83329,0.83346,5.03,2.63
2012.01.24 11:50:23.233,0.8333,0.83345,2.18,1.88
2012.01.24 11:50:23.848,0.8333,0.83345,2.18,1.88
2012.01.24 11:50:23.927,0.83325,0.83342,3.00,1.43
2012.01.24 11:50:24.000,0.83325,0.83342,3.00,1.43
2012.01.24 11:50:24.594,0.83324,0.83342,3.30,1.43
2012.01.24 11:50:24.670,0.83327,0.83343,1.43,3.30
2012.01.24 11:50:25.825,0.83327,0.83342,2.18,1.88
2012.01.24 11:50:27.795,0.83325,0.83341,2.18,3.30
2012.01.24 11:50:28.322,0.83325,0.83341,2.18,3.30
2012.01.24 11:50:31.136,0.83325,0.83341,3.60,1.43
2012.01.24 11:50:31.207,0.83327,0.83343,2.18,3.30
2012.01.24 11:50:32.493,0.83327,0.83343,2.18,4.13
2012.01.24 11:50:33.003,0.83327,0.83343,1.43,4.13
2012.01.24 11:50:33.542,0.83327,0.83343,1.43,4.13
2012.01.24 11:50:34.798,0.83327,0.83343,1.43,4.13
2012.01.24 11:50:36.054,0.83327,0.83343,1.43,4.13
2012.01.24 11:50:36.581,0.83327,0.83343,1.43,4.05
2012.01.24 11:50:37.152,0.83327,0.83343,1.43,4.13
2012.01.24 11:50:37.894,0.83327,0.83342,1.43,2.71
2012.01.24 11:50:39.544,0.83327,0.83342,1.43,2.71
2012.01.24 11:50:40.080,0.83327,0.83342,1.43,2.71
2012.01.24 11:50:40.723,0.83327,0.83342,1.43,2.71
2012.01.24 11:50:41.544,0.83327,0.83342,1.43,2.71
2012.01.24 11:50:43.344,0.83327,0.83342,1.43,2.71
2012.01.24 11:50:43.882,0.83327,0.83342,1.43,1.88
2012.01.24 11:50:46.827,0.83325,0.83337,2.85,2.10
2012.01.24 11:50:47.025,0.83325,0.83339,1.43,2.63
2012.01.24 11:50:47.227,0.83325,0.83337,1.43,2.10
2012.01.24 11:50:47.301,0.83321,0.83337,2.18,2.10
2012.01.24 11:50:47.374,0.83321,0.83339,2.18,3.30
2012.01.24 11:50:47.446,0.83321,0.83338,1.43,2.85
2012.01.24 11:50:48.001,0.83321,0.83338,1.43,2.85
2012.01.24 11:50:48.594,0.83321,0.83337,1.43,2.63
2012.01.24 11:50:49.382,0.83321,0.83336,1.43,1.88
2012.01.24 11:50:50.960,0.83321,0.83337,2.18,3.98
2012.01.24 11:50:53.506,0.83321,0.83336,1.43,3.60
2012.01.24 11:50:53.575,0.83319,0.83335,1.43,4.28
2012.01.24 11:50:54.160,0.83319,0.83335,1.43,4.28
2012.01.24 11:50:54.233,0.83316,0.83332,4.05,1.43
2012.01.24 11:50:54.745,0.83312,0.8333,2.18,1.43
2012.01.24 11:50:54.947,0.83312,0.83329,2.18,1.43
2012.01.24 11:50:55.523,0.83311,0.83326,2.63,1.43
2012.01.24 11:50:55.608,0.8331,0.83326,1.43,2.18
2012.01.24 11:50:57.623,0.8331,0.83326,2.18,1.43
2012.01.24 11:50:57.954,0.83312,0.83328,1.43,2.18
2012.01.24 11:50:59.729,0.8331,0.83327,2.63,1.43
2012.01.24 11:51:00.227,0.8331,0.83327,2.63,1.43
2012.01.24 11:51:00.517,0.8331,0.83327,2.63,1.43
2012.01.24 11:51:02.097,0.83312,0.83327,1.88,1.43
2012.01.24 11:51:02.439,0.83314,0.83327,2.85,1.43
2012.01.24 11:51:02.698,0.83316,0.83331,1.88,1.43
2012.01.24 11:51:05.226,0.83323,0.83331,1.88,1.43
2012.01.24 11:51:05.356,0.83323,0.83335,1.88,1.43
2012.01.24 11:51:05.430,0.83323,0.83337,1.88,4.28
2012.01.24 11:51:05.565,0.83321,0.83337,2.18,1.43
2012.01.24 11:51:05.712,0.83324,0.8334,2.18,2.18
2012.01.24 11:51:06.387,0.83322,0.83338,2.63,1.43
2012.01.24 11:51:07.456,0.83324,0.83341,2.63,3.53
2012.01.24 11:51:08.523,0.83323,0.83341,1.43,3.30
2012.01.24 11:51:08.896,0.83322,0.83339,2.63,1.43
2012.01.24 11:51:09.640,0.83321,0.83338,2.18,4.73
2012.01.24 11:51:11.652,0.83321,0.83339,2.18,5.40
2012.01.24 11:51:12.384,0.83324,0.83341,1.43,6.90
2012.01.24 11:51:12.479,0.8333,0.83346,2.18,2.18
2012.01.24 11:51:12.899,0.83329,0.83344,3.30,1.43
2012.01.24 11:51:12.967,0.83329,0.83344,2.55,2.18
2012.01.24 11:51:14.398,0.83331,0.83344,2.63,1.43
2012.01.24 11:51:14.748,0.83326,0.83342,2.10,1.88
2012.01.24 11:51:17.436,0.83325,0.83342,2.18,3.30
2012.01.24 11:51:19.779,0.83321,0.83339,2.18,1.43
2012.01.24 11:51:20.295,0.83323,0.83339,1.50,2.85
2012.01.24 11:51:20.639,0.83323,0.83337,1.50,1.43
2012.01.24 11:51:21.821,0.83323,0.83337,1.50,1.43
2012.01.24 11:51:22.726,0.83321,0.83335,3.38,1.43
2012.01.24 11:51:22.938,0.8332,0.83335,2.63,1.43
2012.01.24 11:51:23.148,0.83316,0.83332,2.18,1.43
2012.01.24 11:51:23.736,0.83316,0.83332,2.18,1.43
2012.01.24 11:51:23.878,0.83314,0.83329,3.38,1.43
2012.01.24 11:51:24.387,0.83314,0.83329,1.50,1.43
2012.01.24 11:51:24.734,0.83313,0.83327,3.38,1.43
2012.01.24 11:51:25.123,0.83313,0.83329,3.38,1.43
2012.01.24 11:51:27.046,0.83315,0.83331,3.30,1.43
2012.01.24 11:51:27.176,0.83319,0.83331,1.88,1.43
2012.01.24 11:51:27.317,0.83319,0.83334,1.88,2.10
2012.01.24 11:51:28.105,0.83319,0.83335,4.05,1.43
2012.01.24 11:51:28.182,0.8332,0.83338,1.43,4.05
2012.01.24 11:51:28.585,0.83321,0.83336,1.88,1.43
2012.01.24 11:51:28.714,0.83318,0.83336,4.05,2.18
2012.01.24 11:51:28.851,0.83318,0.83333,2.63,1.43
2012.01.24 11:51:29.176,0.83318,0.83328,1.88,1.43
2012.01.24 11:51:29.374,0.83314,0.83328,3.38,1.43
2012.01.24 11:51:29.503,0.83314,0.83328,2.63,1.43
2012.01.24 11:51:30.215,0.83314,0.83328,2.63,1.43
2012.01.24 11:51:30.763,0.83314,0.83328,1.88,1.43
2012.01.24 11:51:33.400,0.83314,0.83326,2.63,1.43
2012.01.24 11:51:35.657,0.83313,0.83326,1.88,1.43
2012.01.24 11:51:37.747,0.83311,0.83326,1.88,1.43
2012.01.24 11:51:38.301,0.83311,0.83326,2.63,1.43
2012.01.24 11:51:38.702,0.8331,0.83323,1.43,1.88
2012.01.24 11:51:39.323,0.83306,0.83319,1.43,1.43
2012.01.24 11:51:39.907,0.83305,0.83319,1.88,1.43
2012.01.24 11:51:41.185,0.83304,0.83319,1.88,1.43
2012.01.24 11:51:42.722,0.83304,0.83317,2.63,1.43
2012.01.24 11:51:44.586,0.83302,0.83317,1.88,1.43
2012.01.24 11:51:45.115,0.83303,0.83315,1.50,1.43
2012.01.24 11:51:45.657,0.83301,0.83314,1.50,1.43
2012.01.24 11:51:46.026,0.83301,0.83316,1.50,1.43
2012.01.24 11:51:47.137,0.83303,0.8332,1.50,1.43
2012.01.24 11:51:47.343,0.83307,0.8332,1.88,1.43
2012.01.24 11:51:47.546,0.83307,0.83322,1.88,1.43
2012.01.24 11:51:48.173,0.83307,0.8332,1.88,1.43
2012.01.24 11:51:49.056,0.83307,0.8332,2.63,1.43
2012.01.24 11:51:50.593,0.83307,0.8332,2.63,1.43
2012.01.24 11:51:50.867,0.83305,0.8332,2.10,1.43
2012.01.24 11:51:50.940,0.83305,0.83318,2.10,1.43
2012.01.24 11:51:51.287,0.833,0.83314,3.38,1.43
2012.01.24 11:51:51.803,0.83304,0.83314,2.63,1.43
2012.01.24 11:51:51.944,0.83304,0.83316,2.63,1.43
2012.01.24 11:51:52.554,0.83304,0.83319,1.88,1.43
2012.01.24 11:51:53.097,0.83305,0.83319,1.88,1.43
2012.01.24 11:51:55.345,0.83305,0.83316,1.88,1.43
2012.01.24 11:51:55.836,0.83302,0.83315,2.63,1.43
2012.01.24 11:51:57.612,0.833,0.83317,2.63,2.93
2012.01.24 11:51:58.882,0.833,0.83314,2.63,1.43
2012.01.24 11:51:59.193,0.833,0.83314,3.38,1.43
2012.01.24 11:51:59.265,0.833,0.83316,4.80,2.85
2012.01.24 11:52:00.799,0.83304,0.83319,1.88,1.43
2012.01.24 11:52:01.166,0.83304,0.83317,1.88,1.43
2012.01.24 11:52:01.296,0.83304,0.83319,1.88,1.43
2012.01.24 11:52:01.828,0.83304,0.83318,1.88,1.43
2012.01.24 11:52:01.899,0.833,0.83318,4.05,2.18
2012.01.24 11:52:02.116,0.833,0.83315,2.63,1.43
2012.01.24 11:52:02.365,0.833,0.83315,2.63,1.43
2012.01.24 11:52:03.020,0.833,0.83315,1.88,1.43
2012.01.24 11:52:03.105,0.83298,0.83315,2.63,1.43
2012.01.24 11:52:03.624,0.83298,0.83315,2.63,1.43
2012.01.24 11:52:03.971,0.83294,0.83312,4.05,1.43
2012.01.24 11:52:04.055,0.83294,0.83312,4.05,1.43
2012.01.24 11:52:04.947,0.83294,0.83311,4.80,2.10
2012.01.24 11:52:05.049,0.83296,0.83314,4.05,2.18
2012.01.24 11:52:05.136,0.833,0.83315,2.18,2.63
2012.01.24 11:52:05.540,0.83301,0.83316,1.50,2.18
2012.01.24 11:52:06.084,0.83301,0.83316,1.50,1.43
2012.01.24 11:52:10.053,0.83303,0.83318,4.05,1.43
2012.01.24 11:52:10.243,0.83303,0.83321,2.93,5.03
2012.01.24 11:52:10.795,0.83303,0.8332,2.93,3.60
2012.01.24 11:52:15.236,0.83303,0.8332,4.80,2.85
2012.01.24 11:52:15.484,0.83303,0.8332,4.80,2.10
2012.01.24 11:52:16.063,0.83303,0.83321,4.80,3.53
2012.01.24 11:52:16.621,0.83306,0.83321,1.88,1.43
2012.01.24 11:52:17.133,0.83306,0.83322,4.05,1.43
2012.01.24 11:52:17.497,0.83309,0.83322,2.63,1.43
2012.01.24 11:52:17.886,0.83309,0.83326,2.63,2.18
2012.01.24 11:52:19.168,0.83308,0.83326,4.65,2.18
2012.01.24 11:52:19.422,0.83312,0.83329,1.88,2.18
2012.01.24 11:52:19.563,0.83315,0.8333,1.43,1.43
2012.01.24 11:52:19.634,0.83312,0.8333,5.48,1.43
2012.01.24 11:52:19.777,0.83315,0.83331,1.43,2.85
2012.01.24 11:52:20.095,0.83313,0.83329,2.93,1.43
2012.01.24 11:52:20.403,0.83313,0.83329,2.18,2.18
2012.01.24 11:52:21.030,0.83313,0.83329,2.18,2.18
2012.01.24 11:52:23.073,0.83315,0.83331,1.43,4.80
2012.01.24 11:52:23.144,0.83315,0.83331,1.43,3.30
2012.01.24 11:52:24.198,0.83319,0.83331,1.43,1.88
2012.01.24 11:52:24.537,0.83324,0.83335,1.88,1.43
2012.01.24 11:52:24.823,0.83327,0.83341,2.63,1.43
2012.01.24 11:52:24.958,0.83327,0.83343,4.05,2.18
2012.01.24 11:52:25.031,0.8333,0.83346,2.18,5.48
2012.01.24 11:52:25.166,0.8333,0.83346,2.18,4.05
2012.01.24 11:52:25.295,0.8333,0.83346,2.18,4.05
2012.01.24 11:52:25.368,0.8333,0.83346,1.43,4.05
2012.01.24 11:52:25.979,0.83328,0.83345,1.43,4.28
2012.01.24 11:52:26.060,0.83327,0.83343,4.05,2.85
2012.01.24 11:52:26.365,0.83327,0.83343,4.05,2.85
2012.01.24 11:52:26.886,0.83327,0.83345,4.05,4.05
2012.01.24 11:52:27.487,0.8333,0.83345,1.43,2.63
2012.01.24 11:52:28.236,0.8333,0.83346,1.43,2.18
2012.01.24 11:52:29.126,0.8333,0.83346,2.18,3.53
2012.01.24 11:52:30.246,0.8333,0.83346,1.43,5.03
2012.01.24 11:52:33.724,0.8333,0.83346,2.18,2.18
2012.01.24 11:52:34.035,0.8333,0.83346,2.93,1.43
2012.01.24 11:52:34.869,0.8333,0.83346,2.18,1.43
2012.01.24 11:52:35.083,0.8333,0.83346,4.80,1.43
2012.01.24 11:52:36.248,0.8333,0.83346,4.05,1.43
2012.01.24 11:52:36.598,0.8334,0.83353,3.30,1.50
2012.01.24 11:52:37.235,0.83344,0.83355,1.43,2.10
2012.01.24 11:52:37.580,0.83344,0.8335,1.43,2.10
2012.01.24 11:52:37.797,0.83331,0.83348,1.50,1.43
2012.01.24 11:52:38.009,0.8333,0.83348,4.05,2.18
2012.01.24 11:52:38.845,0.8333,0.83348,3.30,1.43
2012.01.24 11:52:39.346,0.83329,0.83344,1.43,1.43
2012.01.24 11:52:39.883,0.83328,0.83344,1.43,1.43
2012.01.24 11:52:40.205,0.83325,0.83341,4.05,1.43
2012.01.24 11:52:41.835,0.83327,0.83343,1.43,1.43
2012.01.24 11:52:45.713,0.83327,0.83343,2.18,1.43
2012.01.24 11:52:46.967,0.8333,0.83345,1.43,1.88
2012.01.24 11:52:47.563,0.83327,0.83345,4.05,3.30
2012.01.24 11:52:48.012,0.83329,0.83345,2.18,1.88
2012.01.24 11:52:48.671,0.83332,0.83347,1.88,1.43
2012.01.24 11:52:48.935,0.83332,0.8335,1.43,2.18
2012.01.24 11:52:49.006,0.83332,0.8335,1.43,2.93
2012.01.24 11:52:49.327,0.83332,0.8335,2.18,2.18
2012.01.24 11:52:49.534,0.83333,0.8335,1.50,1.43
2012.01.24 11:52:49.783,0.83332,0.8335,2.18,2.18
2012.01.24 11:52:49.954,0.83333,0.8335,1.50,1.43
2012.01.24 11:52:52.556,0.83332,0.8335,2.93,1.43
2012.01.24 11:52:52.767,0.83331,0.83347,4.05,1.43
2012.01.24 11:52:52.985,0.83328,0.83345,2.63,3.53
2012.01.24 11:52:53.059,0.83328,0.83342,2.63,2.10
2012.01.24 11:52:53.205,0.83328,0.83345,1.88,1.43
2012.01.24 11:52:53.347,0.83327,0.83343,2.18,1.88
2012.01.24 11:52:54.250,0.83322,0.83338,2.18,3.30
2012.01.24 11:52:54.542,0.83318,0.83336,4.05,2.18
2012.01.24 11:52:54.884,0.83318,0.83332,2.18,1.88
2012.01.24 11:52:55.148,0.83317,0.83332,2.55,3.30
2012.01.24 11:52:55.970,0.83316,0.8333,1.43,2.10
2012.01.24 11:52:56.224,0.83319,0.83333,1.43,1.88
2012.01.24 11:52:56.301,0.83319,0.83335,1.43,2.85
2012.01.24 11:52:56.724,0.83316,0.83333,2.18,1.88
2012.01.24 11:52:57.363,0.83315,0.83331,2.63,1.43
2012.01.24 11:52:57.455,0.83315,0.83331,2.63,1.43
2012.01.24 11:52:57.653,0.83315,0.83331,2.63,1.43
2012.01.24 11:52:57.997,0.83319,0.83333,1.43,3.98
2012.01.24 11:52:58.576,0.83315,0.83333,2.18,3.30
2012.01.24 11:52:59.387,0.83315,0.83333,2.18,3.30
2012.01.24 11:52:59.599,0.83314,0.8333,4.80,1.43
2012.01.24 11:53:00.163,0.83314,0.8333,2.63,2.18
2012.01.24 11:53:00.721,0.83313,0.8333,2.63,2.18
2012.01.24 11:53:02.968,0.83314,0.83329,1.43,2.10
2012.01.24 11:53:03.305,0.83313,0.83326,2.63,1.43
2012.01.24 11:53:04.131,0.8331,0.83322,2.18,2.10
2012.01.24 11:53:04.225,0.8331,0.83326,1.43,5.03
2012.01.24 11:53:04.768,0.8331,0.83325,1.43,4.73
2012.01.24 11:53:05.824,0.8331,0.83324,1.43,2.10
2012.01.24 11:53:07.505,0.83306,0.83324,4.05,5.40
2012.01.24 11:53:08.015,0.83308,0.83324,2.18,1.88
2012.01.24 11:53:08.795,0.83309,0.83326,2.63,2.93
2012.01.24 11:53:09.347,0.83311,0.83327,2.18,4.73
2012.01.24 11:53:09.784,0.83309,0.83326,4.05,2.85
2012.01.24 11:53:10.336,0.83309,0.83326,2.18,2.85
2012.01.24 11:53:10.722,0.83307,0.83323,5.48,1.43
2012.01.24 11:53:10.801,0.83307,0.83323,4.05,1.43
2012.01.24 11:53:11.972,0.83307,0.83322,3.30,2.18
2012.01.24 11:53:12.326,0.83307,0.83318,1.43,3.98
2012.01.24 11:53:12.456,0.83303,0.83318,1.43,3.98
2012.01.24 11:53:12.531,0.83299,0.83317,2.18,1.43
2012.01.24 11:53:12.684,0.83299,0.83315,2.18,2.10
2012.01.24 11:53:13.299,0.83297,0.83315,4.05,3.53
2012.01.24 11:53:13.439,0.83297,0.83311,2.63,1.43
2012.01.24 11:53:13.717,0.83295,0.8331,1.43,2.10
2012.01.24 11:53:13.788,0.83292,0.83308,4.05,1.43
2012.01.24 11:53:14.325,0.83292,0.83308,4.05,3.53
2012.01.24 11:53:15.049,0.83294,0.83308,2.18,2.10
2012.01.24 11:53:15.986,0.83294,0.8331,1.43,3.53
2012.01.24 11:53:16.272,0.83294,0.8331,2.18,1.43
2012.01.24 11:53:16.493,0.83297,0.83312,1.43,1.88
2012.01.24 11:53:17.163,0.83297,0.83313,3.60,1.43
2012.01.24 11:53:17.855,0.83297,0.83314,2.18,1.88
2012.01.24 11:53:18.413,0.83297,0.83314,2.18,1.88
2012.01.24 11:53:18.972,0.83297,0.83314,2.18,1.88
2012.01.24 11:53:20.684,0.83297,0.83313,2.18,1.88
2012.01.24 11:53:21.684,0.83297,0.83314,2.18,2.10
2012.01.24 11:53:21.907,0.833,0.83316,3.30,1.43
2012.01.24 11:53:22.050,0.83302,0.8332,1.43,4.80
2012.01.24 11:53:22.607,0.83302,0.8332,1.43,4.05
2012.01.24 11:53:22.687,0.83303,0.8332,2.63,1.43
2012.01.24 11:53:23.505,0.83306,0.83322,1.43,4.28
2012.01.24 11:53:25.475,0.83306,0.83319,1.43,2.10
2012.01.24 11:53:25.544,0.83303,0.83319,4.05,2.10
2012.01.24 11:53:26.093,0.83305,0.83319,2.18,2.10
2012.01.24 11:53:26.840,0.83305,0.83323,2.18,6.15
2012.01.24 11:53:28.910,0.83308,0.83323,1.88,3.53
2012.01.24 11:53:28.988,0.83308,0.83325,3.30,2.85
2012.01.24 11:53:29.062,0.83308,0.83326,4.05,1.43
2012.01.24 11:53:29.685,0.83311,0.83327,2.18,2.10
2012.01.24 11:53:31.467,0.83311,0.83328,2.18,2.10
2012.01.24 11:53:32.152,0.83311,0.83328,2.18,2.85
2012.01.24 11:53:33.471,0.83311,0.83328,2.18,2.85
2012.01.24 11:53:34.215,0.8331,0.83327,2.63,1.43
2012.01.24 11:53:34.546,0.83309,0.83325,2.18,1.88
2012.01.24 11:53:36.951,0.83311,0.83327,1.43,4.73
2012.01.24 11:53:38.563,0.8331,0.83326,3.30,1.43
2012.01.24 11:53:44.582,0.83312,0.83328,1.43,2.18
2012.01.24 11:53:45.299,0.83315,0.8333,1.43,3.98
2012.01.24 11:53:46.892,0.83315,0.83331,1.43,2.18
2012.01.24 11:53:47.225,0.83317,0.83331,1.88,2.18
2012.01.24 11:53:47.871,0.83317,0.83335,4.05,4.05
2012.01.24 11:53:48.548,0.83321,0.83335,1.43,2.63
2012.01.24 11:53:48.761,0.83321,0.83337,4.05,1.43
2012.01.24 11:53:48.907,0.83324,0.83341,1.88,2.93
2012.01.24 11:53:48.974,0.83324,0.83341,2.63,2.18
2012.01.24 11:53:49.784,0.83327,0.83342,1.43,2.85
2012.01.24 11:53:49.864,0.83324,0.8334,1.43,2.85
2012.01.24 11:53:50.056,0.83324,0.8334,1.43,4.73
2012.01.24 11:53:50.130,0.83322,0.83338,1.43,2.85
2012.01.24 11:53:50.653,0.83321,0.83338,2.18,2.85
2012.01.24 11:53:51.114,0.83319,0.83335,5.48,1.43
2012.01.24 11:53:52.752,0.83319,0.83335,1.43,2.18
2012.01.24 11:53:53.106,0.83317,0.83332,2.63,1.43
2012.01.24 11:53:53.303,0.83318,0.83334,1.43,4.95
2012.01.24 11:53:57.113,0.83315,0.83333,2.18,1.43
2012.01.24 11:53:57.243,0.83315,0.83333,2.18,1.43
2012.01.24 11:53:58.035,0.83318,0.83334,2.18,4.05
2012.01.24 11:54:05.974,0.83315,0.83333,2.18,1.43
2012.01.24 11:54:06.363,0.83315,0.83333,2.18,4.05
2012.01.24 11:54:07.005,0.83315,0.83333,2.18,4.05
2012.01.24 11:54:08.726,0.83315,0.83329,2.18,1.88
2012.01.24 11:54:09.175,0.83315,0.83333,2.18,6.15
2012.01.24 11:54:09.757,0.83315,0.83333,2.18,6.15
2012.01.24 11:54:12.367,0.83313,0.8333,3.00,1.43
2012.01.24 11:54:12.926,0.83313,0.8333,2.63,2.18
2012.01.24 11:54:13.113,0.83312,0.83329,2.18,1.88
2012.01.24 11:54:13.437,0.83311,0.83327,2.63,1.43
2012.01.24 11:54:14.418,0.83311,0.83327,1.88,2.18
2012.01.24 11:54:15.783,0.83311,0.83329,4.05,6.15
2012.01.24 11:54:16.315,0.83311,0.83329,4.05,6.15
2012.01.24 11:54:16.623,0.83314,0.8333,1.43,2.85
2012.01.24 11:54:16.823,0.83314,0.83332,1.43,4.05
2012.01.24 11:54:17.255,0.83314,0.83332,2.18,4.05
2012.01.24 11:54:17.454,0.83315,0.83331,2.18,2.85
2012.01.24 11:54:17.525,0.83313,0.83329,5.48,1.43
2012.01.24 11:54:18.125,0.83313,0.83328,4.05,4.28
2012.01.24 11:54:18.202,0.83311,0.83326,1.13,4.05
2012.01.24 11:54:22.792,0.8331,0.83326,1.43,3.30
2012.01.24 11:54:23.929,0.83308,0.83324,2.18,2.18
2012.01.24 11:54:24.841,0.83309,0.83325,2.18,1.43
2012.01.24 11:54:25.154,0.83312,0.83326,1.43,1.88
2012.01.24 11:54:25.714,0.83309,0.83327,2.18,4.05
2012.01.24 11:54:26.270,0.83309,0.83327,2.18,4.05
2012.01.24 11:54:26.964,0.83309,0.83325,2.18,2.63
2012.01.24 11:54:27.419,0.83306,0.83322,4.05,1.43
2012.01.24 11:54:27.926,0.83306,0.83321,2.63,1.43
2012.01.24 11:54:28.955,0.83303,0.83321,4.05,3.30
2012.01.24 11:54:29.493,0.83303,0.8332,2.18,1.88
2012.01.24 11:54:34.158,0.83303,0.8332,2.18,1.88
2012.01.24 11:54:34.823,0.83303,0.8332,2.18,1.88
2012.01.24 11:54:37.949,0.83303,0.83318,2.18,1.43
2012.01.24 11:54:38.270,0.83301,0.83316,2.63,1.43
2012.01.24 11:54:39.167,0.83301,0.83316,2.63,1.43
2012.01.24 11:54:39.567,0.83299,0.83313,2.63,1.43
2012.01.24 11:54:41.714,0.833,0.83316,2.18,2.18
2012.01.24 11:54:42.337,0.833,0.83316,2.18,2.18
2012.01.24 11:54:42.800,0.83297,0.83315,4.43,1.43
2012.01.24 11:54:43.333,0.83297,0.83315,4.05,2.18
2012.01.24 11:54:44.912,0.83297,0.83315,3.30,4.28
2012.01.24 11:54:45.926,0.83297,0.83315,3.30,4.28
2012.01.24 11:54:49.824,0.83297,0.83312,1.43,2.10
2012.01.24 11:54:49.906,0.83295,0.83312,2.63,2.18
2012.01.24 11:54:50.686,0.83295,0.83311,2.63,1.43
2012.01.24 11:54:50.757,0.83295,0.83308,1.88,1.43
2012.01.24 11:54:51.014,0.83292,0.83308,2.55,1.43
2012.01.24 11:54:52.455,0.83292,0.83306,2.55,3.98
2012.01.24 11:54:52.597,0.83288,0.83305,1.13,1.43
2012.01.24 11:54:52.667,0.83288,0.83302,1.13,1.88
2012.01.24 11:54:53.032,0.83287,0.83302,1.13,1.88
2012.01.24 11:54:53.224,0.83283,0.833,3.00,1.43
2012.01.24 11:54:53.294,0.83283,0.833,4.43,1.43
2012.01.24 11:54:53.846,0.83283,0.83299,2.55,1.43
2012.01.24 11:54:54.624,0.83283,0.83299,2.55,1.43
2012.01.24 11:54:55.194,0.83283,0.83299,2.55,1.43
2012.01.24 11:54:57.106,0.83285,0.83301,1.43,3.30
2012.01.24 11:54:57.488,0.83286,0.83301,2.18,1.43
2012.01.24 11:54:57.561,0.83288,0.83304,2.18,4.05
2012.01.24 11:54:57.708,0.83294,0.83308,1.88,2.26
2012.01.24 11:54:57.781,0.83294,0.83308,1.88,1.43
2012.01.24 11:54:59.636,0.83291,0.83307,1.13,1.88
2012.01.24 11:54:59.710,0.8329,0.83305,1.13,1.43
2012.01.24 11:55:00.243,0.83291,0.83307,1.80,3.30
2012.01.24 11:55:04.606,0.83291,0.83307,2.55,3.30
2012.01.24 11:55:08.534,0.83291,0.83307,2.18,1.43
2012.01.24 11:55:09.295,0.83289,0.83305,3.98,1.43
2012.01.24 11:55:10.609,0.83289,0.83303,1.13,1.43
2012.01.24 11:55:11.905,0.83285,0.83299,1.13,1.43
2012.01.24 11:55:11.980,0.83285,0.83299,1.13,1.43
2012.01.24 11:55:13.223,0.83283,0.83299,1.13,1.43
2012.01.24 11:55:15.269,0.83281,0.83296,1.13,1.43
2012.01.24 11:55:15.344,0.83281,0.83296,1.13,1.43
2012.01.24 11:55:17.828,0.83282,0.83298,1.43,1.43
2012.01.24 11:55:18.385,0.83281,0.83295,1.13,1.43
2012.01.24 11:55:18.651,0.83282,0.83298,2.18,1.43
2012.01.24 11:55:22.094,0.83285,0.83298,1.43,1.88
2012.01.24 11:55:22.674,0.83285,0.833,1.43,2.63
2012.01.24 11:55:23.218,0.83285,0.833,1.43,1.88
2012.01.24 11:55:27.184,0.83283,0.83298,1.43,2.10
2012.01.24 11:55:30.074,0.83283,0.83299,1.43,1.43
2012.01.24 11:55:30.684,0.83291,0.83303,1.43,2.10
2012.01.24 11:55:31.236,0.83291,0.83304,1.43,3.98
2012.01.24 11:55:32.537,0.83291,0.83307,1.43,1.43
2012.01.24 11:55:32.678,0.83295,0.8331,1.88,5.03
2012.01.24 11:55:32.807,0.83295,0.8331,1.88,3.53
2012.01.24 11:55:33.479,0.83294,0.83309,1.43,1.88
2012.01.24 11:55:36.670,0.83294,0.83308,1.43,2.10
2012.01.24 11:55:37.404,0.83292,0.83308,2.18,3.53
2012.01.24 11:55:41.732,0.83292,0.83308,2.18,3.53
2012.01.24 11:55:43.585,0.83293,0.83308,1.43,2.10
2012.01.24 11:55:44.925,0.83293,0.83309,2.18,3.98
2012.01.24 11:55:45.356,0.83294,0.83311,1.88,1.43
2012.01.24 11:55:45.504,0.833,0.83313,1.88,2.18
2012.01.24 11:55:45.649,0.833,0.83316,3.30,5.03
2012.01.24 11:55:46.223,0.833,0.83316,3.30,1.43
2012.01.24 11:55:47.393,0.83299,0.83315,2.63,1.43
2012.01.24 11:55:48.783,0.83297,0.83315,4.43,3.53
2012.01.24 11:55:49.297,0.83297,0.83314,2.18,1.88
2012.01.24 11:55:50.104,0.83297,0.83315,4.05,1.43
2012.01.24 11:55:50.885,0.83297,0.83312,2.18,1.88
2012.01.24 11:55:53.625,0.83295,0.83311,2.18,1.43
2012.01.24 11:55:54.173,0.83295,0.83311,2.18,1.43
2012.01.24 11:55:54.508,0.83297,0.83313,1.43,3.30
2012.01.24 11:55:57.495,0.83298,0.83313,1.43,1.43
2012.01.24 11:55:58.282,0.83299,0.83316,1.43,1.88
2012.01.24 11:55:58.803,0.83299,0.83317,1.43,3.30
2012.01.24 11:55:59.547,0.83299,0.83316,1.43,2.10
2012.01.24 11:56:00.509,0.83298,0.83314,2.85,1.43
2012.01.24 11:56:00.638,0.83299,0.83316,1.43,3.53
2012.01.24 11:56:00.849,0.83299,0.83317,2.55,5.40
2012.01.24 11:56:01.455,0.83302,0.83317,1.43,3.98
2012.01.24 11:56:01.969,0.833,0.83318,4.05,1.43
2012.01.24 11:56:02.293,0.83303,0.83319,2.18,1.43
2012.01.24 11:56:02.751,0.83306,0.83321,1.43,1.88
2012.01.24 11:56:03.527,0.83307,0.83322,1.88,1.43
2012.01.24 11:56:04.195,0.83306,0.83322,1.43,3.53
2012.01.24 11:56:07.808,0.83301,0.83318,1.43,2.85
2012.01.24 11:56:09.375,0.83301,0.83318,2.18,2.85
2012.01.24 11:56:15.645,0.83301,0.83315,2.18,1.88
2012.01.24 11:56:16.163,0.83301,0.83315,1.43,1.88
2012.01.24 11:56:16.726,0.83301,0.83316,1.43,2.63
2012.01.24 11:56:17.154,0.83299,0.83315,2.18,1.43
2012.01.24 11:56:17.773,0.83299,0.83315,2.18,1.43
2012.01.24 11:56:20.144,0.83299,0.83315,2.18,1.43
2012.01.24 11:56:27.654,0.83302,0.83316,1.43,2.63
2012.01.24 11:56:29.395,0.83302,0.83317,1.43,1.88
2012.01.24 11:56:35.396,0.83302,0.83318,1.43,1.43
2012.01.24 11:56:35.794,0.83304,0.8332,1.43,1.88
2012.01.24 11:56:36.604,0.83304,0.83322,2.18,1.43
2012.01.24 11:56:38.998,0.83304,0.83318,2.18,1.88
2012.01.24 11:56:39.126,0.83301,0.83318,2.18,1.88
2012.01.24 11:56:39.982,0.83301,0.83318,2.18,1.88
2012.01.24 11:56:40.452,0.83301,0.83319,1.80,1.43
2012.01.24 11:56:40.943,0.833,0.83316,2.25,1.43
2012.01.24 11:56:41.089,0.83302,0.83318,1.43,1.43
2012.01.24 11:56:41.995,0.83302,0.83318,1.80,1.43
2012.01.24 11:56:42.124,0.83302,0.83318,1.80,1.43
2012.01.24 11:56:51.616,0.83305,0.83322,1.88,2.18
2012.01.24 11:56:51.935,0.83305,0.83322,2.63,1.43
2012.01.24 11:56:52.008,0.83307,0.83324,1.43,1.43
2012.01.24 11:56:52.077,0.83305,0.83321,4.05,1.43
2012.01.24 11:56:52.673,0.83305,0.83321,4.05,1.43
2012.01.24 11:56:57.370,0.83306,0.83321,1.43,1.43
2012.01.24 11:56:57.450,0.83308,0.83324,1.43,1.43
2012.01.24 11:56:58.536,0.83308,0.83322,1.43,1.88
2012.01.24 11:57:00.566,0.83308,0.83322,1.43,4.13
2012.01.24 11:57:00.637,0.83302,0.83316,2.18,1.88
2012.01.24 11:57:01.276,0.83304,0.83316,1.50,1.43
2012.01.24 11:57:01.357,0.83305,0.83323,6.15,1.43
2012.01.24 11:57:01.484,0.83308,0.83326,1.43,3.30
2012.01.24 11:57:04.084,0.83308,0.83323,1.43,1.88
2012.01.24 11:57:04.830,0.83307,0.83323,1.43,5.40
2012.01.24 11:57:05.188,0.83304,0.83319,4.05,1.43
2012.01.24 11:57:05.449,0.83299,0.83315,1.43,1.43
2012.01.24 11:57:06.094,0.83299,0.83315,2.18,4.28
2012.01.24 11:57:06.355,0.83304,0.83319,1.88,4.28
2012.01.24 11:57:06.425,0.83304,0.83319,1.88,1.43
2012.01.24 11:57:06.635,0.83304,0.83319,1.88,2.18
2012.01.24 11:57:07.349,0.833,0.83316,1.50,1.43
2012.01.24 11:57:07.428,0.83298,0.83315,1.43,3.98
2012.01.24 11:57:07.502,0.83298,0.83311,1.43,1.88
2012.01.24 11:57:07.964,0.83295,0.83311,1.43,3.30
2012.01.24 11:57:08.036,0.83293,0.83309,4.43,1.43
2012.01.24 11:57:09.383,0.83294,0.83309,1.88,1.43
2012.01.24 11:57:11.663,0.83293,0.83309,4.43,1.43
2012.01.24 11:57:11.975,0.83293,0.83309,5.18,1.43
2012.01.24 11:57:13.401,0.83293,0.83309,5.18,1.43
2012.01.24 11:57:13.597,0.83295,0.83309,1.88,1.43
2012.01.24 11:57:16.697,0.83289,0.83301,2.85,1.88
2012.01.24 11:57:16.783,0.83289,0.83301,2.18,1.88
2012.01.24 11:57:16.926,0.83287,0.83304,2.63,1.43
2012.01.24 11:57:17.130,0.83287,0.83304,1.88,1.43
2012.01.24 11:57:17.675,0.83287,0.83304,2.63,1.43
2012.01.24 11:57:19.425,0.83286,0.83304,2.18,1.43
2012.01.24 11:57:22.927,0.83286,0.83304,2.18,3.53
2012.01.24 11:57:26.043,0.83286,0.83304,4.05,3.30
2012.01.24 11:57:27.163,0.83283,0.83298,1.43,1.88
2012.01.24 11:57:27.993,0.83283,0.83298,2.18,1.88
2012.01.24 11:57:28.608,0.83284,0.83302,4.80,1.43
2012.01.24 11:57:28.736,0.83284,0.83302,4.05,1.43
2012.01.24 11:57:29.389,0.83284,0.83301,6.53,1.50
2012.01.24 11:57:30.007,0.83282,0.83298,2.18,1.88
2012.01.24 11:57:33.104,0.83282,0.833,2.18,3.30
2012.01.24 11:57:35.936,0.83282,0.833,2.18,3.30
2012.01.24 11:57:36.141,0.83285,0.83301,2.18,1.43
2012.01.24 11:57:39.990,0.83285,0.83301,2.18,1.43
2012.01.24 11:57:41.036,0.83285,0.83298,2.18,1.88
2012.01.24 11:57:41.424,0.83282,0.83298,2.18,2.63
2012.01.24 11:57:41.495,0.83282,0.83298,2.18,2.63
2012.01.24 11:57:42.209,0.83284,0.83298,1.50,1.88
2012.01.24 11:57:42.767,0.83282,0.83299,2.18,2.63
2012.01.24 11:57:42.836,0.83283,0.83299,1.50,1.88
2012.01.24 11:57:42.906,0.83282,0.83299,2.18,2.63
2012.01.24 11:57:45.596,0.83284,0.83302,2.93,2.18
2012.01.24 11:57:46.111,0.83284,0.83302,2.93,2.18
2012.01.24 11:57:46.619,0.83284,0.83302,2.93,1.43
2012.01.24 11:57:46.939,0.83284,0.83294,1.43,1.88
2012.01.24 11:57:47.005,0.8328,0.83294,2.18,1.88
2012.01.24 11:57:47.255,0.8328,0.83294,1.43,1.88
2012.01.24 11:57:48.350,0.83279,0.83294,1.43,1.88
2012.01.24 11:57:48.848,0.83278,0.83293,3.00,1.43
2012.01.24 11:57:49.246,0.83277,0.83293,2.18,3.30
2012.01.24 11:57:50.637,0.83274,0.83287,2.55,1.88
2012.01.24 11:57:50.708,0.83273,0.83287,2.18,1.88
2012.01.24 11:57:51.294,0.83273,0.83287,2.18,1.88
2012.01.24 11:57:51.514,0.83273,0.83289,2.18,1.88
2012.01.24 11:57:53.526,0.83271,0.83287,3.60,1.43
2012.01.24 11:57:53.658,0.83271,0.83287,2.18,3.30
2012.01.24 11:57:54.730,0.83271,0.83287,2.18,3.30
2012.01.24 11:57:55.440,0.83271,0.83287,1.43,3.30
2012.01.24 11:57:59.617,0.83271,0.83287,2.18,3.30
2012.01.24 11:58:00.843,0.83271,0.83287,2.18,3.30
2012.01.24 11:58:01.167,0.83273,0.83287,1.43,1.88
2012.01.24 11:58:02.581,0.83273,0.83287,2.78,1.88
2012.01.24 11:58:03.176,0.83284,0.83299,1.43,2.26
2012.01.24 11:58:03.268,0.83284,0.83297,2.18,1.88
2012.01.24 11:58:03.480,0.8328,0.83297,2.93,1.88
2012.01.24 11:58:03.561,0.8328,0.83294,1.50,1.43
2012.01.24 11:58:05.089,0.83279,0.83294,1.88,1.43
2012.01.24 11:58:05.621,0.83279,0.83295,3.30,1.43
2012.01.24 11:58:06.600,0.83283,0.83297,1.43,2.63
2012.01.24 11:58:06.727,0.83285,0.83301,1.88,5.03
2012.01.24 11:58:07.047,0.83283,0.833,1.43,1.88
2012.01.24 11:58:07.728,0.83281,0.83297,2.55,1.43
2012.01.24 11:58:08.035,0.83284,0.833,2.18,3.30
2012.01.24 11:58:08.581,0.83284,0.833,2.18,3.30
2012.01.24 11:58:08.803,0.83284,0.83299,1.43,2.63
2012.01.24 11:58:09.497,0.8328,0.83298,4.05,2.18
2012.01.24 11:58:11.225,0.83284,0.83298,1.88,2.18
2012.01.24 11:58:11.296,0.83285,0.83301,1.43,4.28
2012.01.24 11:58:11.555,0.83285,0.83301,2.55,1.43
2012.01.24 11:58:12.086,0.83288,0.83303,1.43,1.88
2012.01.24 11:58:12.177,0.83282,0.83296,1.13,1.88
2012.01.24 11:58:12.368,0.83279,0.83296,2.18,1.88
2012.01.24 11:58:12.734,0.83278,0.83294,2.63,1.43
2012.01.24 11:58:13.243,0.83276,0.83293,1.43,1.88
2012.01.24 11:58:13.965,0.83279,0.83293,1.43,1.88
2012.01.24 11:58:17.145,0.83279,0.83295,1.43,3.30
2012.01.24 11:58:17.710,0.83279,0.83291,1.43,2.63
2012.01.24 11:58:18.370,0.83273,0.83291,2.18,4.05
2012.01.24 11:58:18.575,0.83273,0.83291,2.93,3.30
2012.01.24 11:58:18.834,0.83273,0.83291,1.43,4.05
2012.01.24 11:58:20.872,0.83273,0.8329,2.93,1.50
2012.01.24 11:58:21.026,0.83273,0.83291,2.93,3.30
2012.01.24 11:58:21.797,0.83273,0.83291,4.05,2.18
2012.01.24 11:58:22.635,0.83273,0.83291,4.80,2.18
2012.01.24 11:58:23.767,0.83273,0.8329,2.18,3.38
2012.01.24 11:58:23.914,0.83273,0.8329,2.93,2.63
2012.01.24 11:58:24.595,0.83273,0.8329,2.18,1.88
2012.01.24 11:58:25.075,0.83273,0.83291,4.80,1.43
2012.01.24 11:58:25.360,0.83273,0.83291,3.30,2.93
2012.01.24 11:58:25.560,0.83273,0.83291,4.05,3.01
2012.01.24 11:58:25.697,0.83273,0.83287,1.88,2.18
2012.01.24 11:58:25.979,0.83271,0.83287,3.30,2.18
2012.01.24 11:58:26.045,0.83271,0.83287,4.05,1.43
2012.01.24 11:58:27.355,0.83271,0.83287,3.30,2.18
2012.01.24 11:58:28.134,0.83268,0.83284,2.55,1.43
2012.01.24 11:58:30.833,0.8327,0.83286,1.43,1.43
2012.01.24 11:58:34.524,0.83272,0.83286,1.88,2.18
2012.01.24 11:58:34.728,0.83272,0.8329,4.05,3.30
2012.01.24 11:58:35.344,0.83272,0.8329,4.80,3.30
2012.01.24 11:58:35.441,0.83276,0.8329,1.88,1.43
2012.01.24 11:58:35.766,0.83276,0.83292,3.30,1.43
2012.01.24 11:58:37.706,0.83275,0.8329,2.63,1.43
2012.01.24 11:58:39.684,0.83275,0.8329,2.63,2.93
2012.01.24 11:58:41.477,0.83272,0.83288,3.38,1.43
2012.01.24 11:58:41.565,0.83272,0.83288,2.63,2.18
2012.01.24 11:58:41.641,0.83272,0.83288,3.38,1.43
2012.01.24 11:58:42.155,0.83272,0.83288,2.63,2.18
2012.01.24 11:58:42.288,0.83273,0.83288,1.43,1.50
2012.01.24 11:58:43.648,0.83271,0.83287,3.60,2.18
2012.01.24 11:58:43.730,0.83268,0.83282,1.88,1.43
2012.01.24 11:58:44.550,0.83271,0.83282,1.43,1.43
2012.01.24 11:58:45.217,0.83271,0.83284,1.43,2.18
2012.01.24 11:58:45.503,0.83272,0.8329,4.05,4.05
2012.01.24 11:58:45.639,0.83272,0.8329,4.80,3.30
2012.01.24 11:58:45.708,0.83272,0.8329,4.05,3.30
2012.01.24 11:58:45.849,0.83272,0.8329,4.05,3.30
2012.01.24 11:58:46.306,0.83275,0.83292,2.18,1.88
2012.01.24 11:58:47.235,0.83275,0.83291,2.18,1.88
2012.01.24 11:58:47.748,0.83273,0.83291,3.60,3.30
2012.01.24 11:58:47.946,0.83273,0.83291,2.18,3.30
2012.01.24 11:58:52.430,0.83273,0.83291,2.18,1.43
2012.01.24 11:58:53.097,0.83271,0.83287,5.48,1.43
2012.01.24 11:58:53.180,0.83271,0.83287,4.05,1.43
2012.01.24 11:58:53.251,0.83271,0.83287,4.80,1.43
2012.01.24 11:58:53.906,0.83271,0.83287,1.43,1.43
2012.01.24 11:58:53.979,0.8327,0.83285,1.88,1.43
2012.01.24 11:58:54.334,0.83266,0.83282,1.35,1.43
2012.01.24 11:58:54.946,0.83263,0.83281,2.18,1.43
2012.01.24 11:58:55.444,0.83263,0.83281,2.55,1.43
2012.01.24 11:58:55.974,0.83263,0.83281,2.55,1.43
2012.01.24 11:58:56.666,0.83266,0.83284,1.43,1.43
2012.01.24 11:58:57.366,0.83266,0.83284,2.18,1.43
2012.01.24 11:58:57.948,0.83266,0.83284,3.30,3.30
2012.01.24 11:58:58.017,0.83266,0.83282,1.88,1.43
2012.01.24 11:58:58.978,0.83264,0.83282,5.55,1.43
2012.01.24 11:58:59.599,0.83265,0.83282,1.43,1.43
2012.01.24 11:58:59.678,0.8327,0.83286,1.43,1.43
2012.01.24 11:59:01.063,0.8327,0.83285,1.43,1.88
2012.01.24 11:59:01.271,0.83268,0.83284,2.18,1.43
2012.01.24 11:59:02.189,0.83273,0.83289,2.93,1.43
2012.01.24 11:59:02.871,0.83273,0.83287,1.50,1.43
2012.01.24 11:59:03.210,0.83269,0.83285,3.00,1.43
2012.01.24 11:59:03.531,0.83267,0.83285,3.15,3.30
2012.01.24 11:59:04.208,0.83267,0.83285,2.55,3.30
2012.01.24 11:59:04.526,0.83269,0.83287,4.05,3.30
2012.01.24 11:59:05.447,0.83269,0.83287,4.05,3.30
2012.01.24 11:59:06.375,0.83269,0.83284,1.88,1.43
2012.01.24 11:59:08.492,0.83268,0.83284,3.30,1.43
2012.01.24 11:59:09.021,0.83268,0.83284,4.05,1.43
2012.01.24 11:59:12.913,0.83268,0.83284,4.05,1.43
2012.01.24 11:59:20.295,0.83266,0.83282,1.88,1.43
2012.01.24 11:59:24.893,0.83267,0.83283,1.43,2.85
2012.01.24 11:59:29.514,0.83266,0.83282,1.88,1.43
2012.01.24 11:59:33.445,0.83267,0.83283,1.43,1.43
2012.01.24 11:59:34.742,0.83267,0.83283,2.18,1.43
2012.01.24 11:59:35.835,0.83267,0.83283,2.18,1.43
2012.01.24 11:59:36.835,0.83267,0.83283,2.18,1.43
2012.01.24 11:59:38.940,0.83269,0.83283,1.88,1.43
2012.01.24 11:59:39.195,0.83269,0.83287,4.80,1.43
2012.01.24 11:59:39.875,0.83269,0.83284,3.38,1.43
2012.01.24 11:59:40.005,0.83269,0.83284,3.38,1.43
2012.01.24 11:59:46.200,0.83268,0.83284,1.43,1.43
2012.01.24 11:59:51.182,0.83266,0.83282,1.88,1.43
2012.01.24 11:59:51.790,0.83266,0.83279,1.88,1.43
2012.01.24 11:59:52.124,0.83264,0.8328,3.30,1.43
2012.01.24 11:59:53.724,0.83265,0.8328,1.88,1.43
2012.01.24 11:59:58.536,0.83266,0.8328,1.88,1.43
