2012.06.05 13:00:00.164,0.81338,0.81353,1.43,1.13
2012.06.05 13:00:00.680,0.81341,0.81354,1.43,1.13
2012.06.05 13:00:00.766,0.81338,0.81353,1.43,1.13
2012.06.05 13:00:01.265,0.81338,0.81353,1.43,1.13
2012.06.05 13:00:01.392,0.8134,0.81353,1.43,1.13
2012.06.05 13:00:01.883,0.81338,0.81353,1.43,1.13
2012.06.05 13:00:01.955,0.81342,0.81353,1.43,1.13
2012.06.05 13:00:02.152,0.8134,0.81353,1.43,1.13
2012.06.05 13:00:02.778,0.81341,0.81353,1.43,1.13
2012.06.05 13:00:03.053,0.81336,0.81353,1.43,2.55
2012.06.05 13:00:03.332,0.8134,0.81353,1.43,1.13
2012.06.05 13:00:03.652,0.8134,0.81353,1.43,1.13
2012.06.05 13:00:03.793,0.81337,0.81353,1.43,1.13
2012.06.05 13:00:04.175,0.81339,0.81353,1.43,1.13
2012.06.05 13:00:04.362,0.81339,0.81353,1.43,1.13
2012.06.05 13:00:04.531,0.81337,0.81353,1.43,1.13
2012.06.05 13:00:04.673,0.81339,0.81353,1.43,1.13
2012.06.05 13:00:05.185,0.81339,0.81353,1.43,1.13
2012.06.05 13:00:05.325,0.81337,0.81353,1.43,1.13
2012.06.05 13:00:05.397,0.81336,0.81353,1.43,1.13
2012.06.05 13:00:05.547,0.81333,0.81352,2.93,2.18
2012.06.05 13:00:05.616,0.81333,0.81352,2.93,2.18
2012.06.05 13:00:06.388,0.81335,0.81352,1.43,2.18
2012.06.05 13:00:06.476,0.81333,0.8135,4.05,2.18
2012.06.05 13:00:06.783,0.81333,0.8135,4.80,1.43
2012.06.05 13:00:07.142,0.81338,0.81353,1.43,1.13
2012.06.05 13:00:07.643,0.81337,0.81353,1.43,2.55
2012.06.05 13:00:07.984,0.81336,0.81351,1.43,2.18
2012.06.05 13:00:08.054,0.81334,0.8135,1.13,2.18
2012.06.05 13:00:08.562,0.81333,0.8135,1.88,2.18
2012.06.05 13:00:08.632,0.81333,0.8135,1.88,2.18
2012.06.05 13:00:08.955,0.81333,0.81346,1.88,2.18
2012.06.05 13:00:09.561,0.81333,0.8135,1.88,2.18
2012.06.05 13:00:09.705,0.81333,0.81352,1.88,2.18
2012.06.05 13:00:09.776,0.81333,0.81352,1.88,2.18
2012.06.05 13:00:10.341,0.81334,0.81351,1.13,2.18
2012.06.05 13:00:10.924,0.81334,0.81352,1.13,2.18
2012.06.05 13:00:11.598,0.81336,0.81352,1.13,2.18
2012.06.05 13:00:11.953,0.81345,0.81352,1.13,1.43
2012.06.05 13:00:12.402,0.81347,0.81352,1.88,1.43
2012.06.05 13:00:12.546,0.81345,0.81352,1.88,1.43
2012.06.05 13:00:12.615,0.81345,0.81354,1.88,1.43
2012.06.05 13:00:13.154,0.81346,0.81354,1.13,1.43
2012.06.05 13:00:13.676,0.81347,0.81354,1.13,1.43
2012.06.05 13:00:14.026,0.81349,0.81358,1.13,1.43
2012.06.05 13:00:14.484,0.81351,0.81358,1.13,1.43
2012.06.05 13:00:15.000,0.81358,0.81364,1.13,2.18
2012.06.05 13:00:15.085,0.81356,0.81363,1.50,1.43
2012.06.05 13:00:15.629,0.81359,0.81363,1.13,1.43
2012.06.05 13:00:15.710,0.81356,0.81366,1.50,2.18
2012.06.05 13:00:15.791,0.81356,0.81367,1.88,1.43
2012.06.05 13:00:16.344,0.81358,0.81371,1.43,2.18
2012.06.05 13:00:16.809,0.81358,0.81372,1.43,1.50
2012.06.05 13:00:16.969,0.81353,0.81371,2.18,2.18
2012.06.05 13:00:17.121,0.81353,0.81371,2.18,2.18
2012.06.05 13:00:17.688,0.81355,0.81368,1.13,2.18
2012.06.05 13:00:18.448,0.81355,0.81368,1.13,1.43
2012.06.05 13:00:19.066,0.81355,0.81371,1.13,1.13
2012.06.05 13:00:19.206,0.81355,0.81371,2.55,1.13
2012.06.05 13:00:20.223,0.81355,0.81371,2.55,1.13
2012.06.05 13:00:20.774,0.81355,0.81371,1.43,1.13
2012.06.05 13:00:20.983,0.81352,0.81371,1.43,2.55
2012.06.05 13:00:21.508,0.81352,0.81371,3.30,2.55
2012.06.05 13:00:22.203,0.81352,0.81371,2.18,2.18
2012.06.05 13:00:22.282,0.81354,0.81373,1.43,2.18
2012.06.05 13:00:22.774,0.81353,0.81371,1.43,2.18
2012.06.05 13:00:23.203,0.81351,0.81371,5.18,2.18
2012.06.05 13:00:23.587,0.81351,0.81371,3.75,2.18
2012.06.05 13:00:24.153,0.81351,0.81371,4.50,2.18
2012.06.05 13:00:24.916,0.81353,0.81371,1.88,2.18
2012.06.05 13:00:25.053,0.81353,0.81371,1.88,1.43
2012.06.05 13:00:25.854,0.81352,0.81369,2.63,1.43
2012.06.05 13:00:26.194,0.8136,0.81378,1.13,2.55
2012.06.05 13:00:26.752,0.81359,0.81377,1.43,1.43
2012.06.05 13:00:27.024,0.81359,0.81374,1.43,1.43
2012.06.05 13:00:27.482,0.8136,0.81374,1.50,1.43
2012.06.05 13:00:28.017,0.81364,0.8138,1.88,1.43
2012.06.05 13:00:28.364,0.81366,0.81383,1.50,2.18
2012.06.05 13:00:28.787,0.81378,0.81384,1.50,2.93
2012.06.05 13:00:29.007,0.81375,0.81379,2.18,1.43
2012.06.05 13:00:29.226,0.81369,0.81379,2.93,1.43
2012.06.05 13:00:29.498,0.81367,0.81379,2.27,1.43
2012.06.05 13:00:29.785,0.81365,0.81381,1.60,2.18
2012.06.05 13:00:30.311,0.81364,0.81381,2.18,3.60
2012.06.05 13:00:30.385,0.81364,0.81381,2.18,1.80
2012.06.05 13:00:30.596,0.8136,0.81379,2.18,2.55
2012.06.05 13:00:30.877,0.8136,0.81376,1.50,1.43
2012.06.05 13:00:31.225,0.81361,0.81376,1.88,1.43
2012.06.05 13:00:31.546,0.81362,0.81379,2.18,1.80
2012.06.05 13:00:32.085,0.81364,0.81383,2.18,2.55
2012.06.05 13:00:32.285,0.81367,0.81383,1.43,1.13
2012.06.05 13:00:33.466,0.81364,0.81383,2.18,1.43
2012.06.05 13:00:33.783,0.81363,0.81379,1.50,1.43
2012.06.05 13:00:34.057,0.81366,0.81384,2.18,2.18
2012.06.05 13:00:34.344,0.81367,0.81384,2.93,1.43
2012.06.05 13:00:34.614,0.8137,0.81388,2.18,2.93
2012.06.05 13:00:35.252,0.81371,0.81388,1.43,2.93
2012.06.05 13:00:35.325,0.81371,0.81388,2.18,2.93
2012.06.05 13:00:35.815,0.81367,0.81386,2.18,2.55
2012.06.05 13:00:35.943,0.81367,0.81386,2.18,2.18
2012.06.05 13:00:36.496,0.81368,0.81385,1.43,2.93
2012.06.05 13:00:37.114,0.81368,0.81384,1.43,1.50
2012.06.05 13:00:37.242,0.81365,0.81382,1.43,1.43
2012.06.05 13:00:39.293,0.81365,0.81381,1.43,1.13
2012.06.05 13:00:39.556,0.81368,0.81384,1.43,2.93
2012.06.05 13:00:39.883,0.81366,0.81382,2.18,1.43
2012.06.05 13:00:40.604,0.81364,0.8138,2.63,1.43
2012.06.05 13:00:40.936,0.81358,0.81375,1.13,1.43
2012.06.05 13:00:41.450,0.81359,0.81376,1.43,1.43
2012.06.05 13:00:41.736,0.81359,0.81374,1.43,1.43
2012.06.05 13:00:41.873,0.81356,0.81372,2.25,1.43
2012.06.05 13:00:42.023,0.81357,0.81375,1.43,1.43
2012.06.05 13:00:42.594,0.8136,0.81377,1.43,2.55
2012.06.05 13:00:43.524,0.8136,0.81376,1.43,1.13
2012.06.05 13:00:43.998,0.81362,0.81378,1.43,1.13
2012.06.05 13:00:44.917,0.81359,0.81378,2.18,2.55
2012.06.05 13:00:44.995,0.81359,0.81376,2.18,1.13
2012.06.05 13:00:45.523,0.81359,0.81376,1.43,1.13
2012.06.05 13:00:45.874,0.81359,0.81374,1.43,1.13
2012.06.05 13:00:46.003,0.81356,0.81374,4.05,1.13
2012.06.05 13:00:46.193,0.8136,0.81374,1.43,1.13
2012.06.05 13:00:46.262,0.8136,0.81376,1.43,1.13
2012.06.05 13:00:46.825,0.8136,0.81377,1.43,1.43
2012.06.05 13:00:46.954,0.81365,0.8138,1.43,2.55
2012.06.05 13:00:47.303,0.81365,0.81383,2.55,1.50
2012.06.05 13:00:47.449,0.81365,0.81384,4.05,2.18
2012.06.05 13:00:47.805,0.81372,0.81387,1.43,1.88
2012.06.05 13:00:48.236,0.8137,0.81386,2.18,2.93
2012.06.05 13:00:48.908,0.81372,0.81387,1.13,2.18
2012.06.05 13:00:49.058,0.81375,0.81388,1.43,1.88
2012.06.05 13:00:49.208,0.81371,0.8139,1.43,2.18
2012.06.05 13:00:49.287,0.81373,0.8139,1.13,2.18
2012.06.05 13:00:49.639,0.81375,0.8139,1.13,1.43
2012.06.05 13:00:49.939,0.81382,0.81395,1.43,2.93
2012.06.05 13:00:50.019,0.81377,0.81393,1.43,2.18
2012.06.05 13:00:50.341,0.81377,0.81393,1.43,1.43
2012.06.05 13:00:50.422,0.81381,0.81395,1.43,1.50
2012.06.05 13:00:50.637,0.81378,0.81396,1.43,2.25
2012.06.05 13:00:51.023,0.81378,0.81396,1.43,2.25
2012.06.05 13:00:51.836,0.81378,0.81396,1.43,1.50
2012.06.05 13:00:51.909,0.81378,0.81396,1.43,1.88
2012.06.05 13:00:52.440,0.81377,0.81393,2.18,1.43
2012.06.05 13:00:52.796,0.81376,0.81392,1.43,1.88
2012.06.05 13:00:54.364,0.81376,0.8139,1.43,1.13
2012.06.05 13:00:54.722,0.81378,0.81392,1.43,1.50
2012.06.05 13:00:55.195,0.81378,0.81393,2.18,1.13
2012.06.05 13:00:55.577,0.81381,0.81396,2.18,1.43
2012.06.05 13:00:55.714,0.81384,0.81396,1.13,1.43
2012.06.05 13:00:55.854,0.81384,0.814,1.13,2.55
2012.06.05 13:00:55.928,0.81389,0.81402,1.43,1.43
2012.06.05 13:00:56.418,0.81393,0.81404,1.43,1.13
2012.06.05 13:00:56.953,0.81392,0.81408,2.18,1.88
2012.06.05 13:00:57.283,0.81396,0.81408,1.43,1.13
2012.06.05 13:00:57.474,0.81394,0.81407,2.85,1.13
2012.06.05 13:00:58.257,0.81394,0.81408,1.43,1.13
2012.06.05 13:00:58.395,0.81392,0.81408,1.43,2.55
2012.06.05 13:00:58.472,0.81392,0.81408,1.43,3.30
2012.06.05 13:00:58.546,0.81389,0.81407,2.18,2.93
2012.06.05 13:00:59.042,0.81389,0.81407,2.55,2.18
2012.06.05 13:00:59.176,0.81394,0.81408,1.43,1.88
2012.06.05 13:00:59.594,0.81394,0.81412,1.43,1.43
2012.06.05 13:00:59.665,0.81398,0.81412,1.43,1.43
2012.06.05 13:01:00.205,0.81398,0.81414,1.43,1.50
2012.06.05 13:01:00.346,0.81399,0.81413,1.43,1.50
2012.06.05 13:01:00.744,0.81401,0.81414,1.43,1.88
2012.06.05 13:01:00.817,0.81399,0.81414,1.43,1.88
2012.06.05 13:01:01.286,0.81399,0.81414,1.43,1.13
2012.06.05 13:01:01.571,0.81401,0.81414,1.43,1.13
2012.06.05 13:01:01.926,0.81404,0.81418,1.43,2.63
2012.06.05 13:01:02.445,0.81405,0.81418,1.43,3.38
2012.06.05 13:01:02.765,0.81405,0.81418,1.43,3.38
2012.06.05 13:01:03.175,0.814,0.81415,1.43,1.50
2012.06.05 13:01:03.652,0.814,0.81416,1.43,1.13
2012.06.05 13:01:03.866,0.81405,0.81418,1.43,1.73
2012.06.05 13:01:04.013,0.81405,0.81418,1.43,1.13
2012.06.05 13:01:04.599,0.81402,0.81418,1.43,1.13
2012.06.05 13:01:05.146,0.81403,0.81418,1.43,1.13
2012.06.05 13:01:05.552,0.81405,0.81418,1.43,1.13
2012.06.05 13:01:05.754,0.81403,0.81418,1.43,1.13
2012.06.05 13:01:06.500,0.81402,0.81419,1.43,3.30
2012.06.05 13:01:07.023,0.81399,0.81417,2.85,1.43
2012.06.05 13:01:07.564,0.81399,0.81417,1.43,2.93
2012.06.05 13:01:07.634,0.81399,0.81416,1.43,2.25
2012.06.05 13:01:07.952,0.81397,0.81414,1.13,2.18
2012.06.05 13:01:08.558,0.81398,0.81415,1.43,1.35
2012.06.05 13:01:09.263,0.81398,0.81416,1.43,1.35
2012.06.05 13:01:09.522,0.81398,0.81417,1.43,1.43
2012.06.05 13:01:10.281,0.814,0.81417,1.43,1.43
2012.06.05 13:01:10.809,0.81402,0.81419,1.43,5.18
2012.06.05 13:01:11.265,0.81402,0.81415,1.43,1.13
2012.06.05 13:01:11.406,0.81399,0.81413,1.43,2.18
2012.06.05 13:01:11.475,0.81394,0.81413,2.18,2.18
2012.06.05 13:01:11.615,0.81399,0.81414,1.43,1.13
2012.06.05 13:01:11.864,0.81396,0.81413,1.43,1.43
2012.06.05 13:01:12.631,0.81398,0.81414,1.43,1.50
2012.06.05 13:01:16.023,0.81395,0.81414,3.30,2.93
2012.06.05 13:01:17.202,0.81395,0.81413,1.43,1.13
2012.06.05 13:01:17.391,0.81394,0.81411,1.43,1.43
2012.06.05 13:01:18.460,0.81397,0.81414,1.43,4.73
2012.06.05 13:01:19.351,0.81397,0.81414,2.18,2.55
2012.06.05 13:01:19.696,0.81396,0.81412,2.25,1.43
2012.06.05 13:01:19.766,0.81396,0.81415,3.68,1.43
2012.06.05 13:01:19.833,0.81396,0.81412,2.25,1.43
2012.06.05 13:01:20.152,0.81396,0.81413,4.05,1.43
2012.06.05 13:01:20.224,0.81398,0.81415,1.88,1.43
2012.06.05 13:01:20.594,0.81399,0.81415,2.93,1.43
2012.06.05 13:01:20.671,0.81401,0.8142,3.30,2.18
2012.06.05 13:01:20.953,0.81405,0.81422,2.18,1.43
2012.06.05 13:01:21.592,0.81405,0.8142,2.18,1.43
2012.06.05 13:01:21.796,0.81401,0.81421,3.30,1.13
2012.06.05 13:01:21.866,0.81405,0.81421,1.43,1.13
2012.06.05 13:01:22.324,0.81401,0.81421,4.05,1.13
2012.06.05 13:01:22.845,0.81404,0.81421,1.43,1.13
2012.06.05 13:01:22.914,0.81404,0.81423,1.43,1.88
2012.06.05 13:01:23.473,0.81404,0.81424,2.18,1.50
2012.06.05 13:01:24.032,0.81407,0.81427,1.43,6.60
2012.06.05 13:01:24.423,0.81407,0.81427,3.30,2.18
2012.06.05 13:01:25.326,0.81411,0.81427,1.13,1.43
2012.06.05 13:01:25.588,0.81411,0.81429,3.30,2.85
2012.06.05 13:01:25.875,0.81416,0.81429,1.13,1.43
2012.06.05 13:01:26.223,0.81425,0.8144,1.43,1.50
2012.06.05 13:01:26.294,0.81421,0.81439,1.13,2.18
2012.06.05 13:01:26.564,0.81426,0.81439,1.13,1.43
2012.06.05 13:01:26.913,0.81431,0.81439,1.43,1.43
2012.06.05 13:01:27.056,0.81431,0.81444,1.43,1.35
2012.06.05 13:01:27.332,0.81426,0.81445,1.43,1.28
2012.06.05 13:01:27.475,0.81433,0.81446,1.43,1.88
2012.06.05 13:01:27.885,0.81431,0.81448,1.43,1.58
2012.06.05 13:01:28.026,0.81431,0.81448,1.50,1.58
2012.06.05 13:01:28.384,0.81451,0.81456,1.13,1.50
2012.06.05 13:01:28.466,0.81453,0.81469,1.13,1.50
2012.06.05 13:01:28.540,0.81456,0.81469,1.13,1.50
2012.06.05 13:01:28.621,0.81457,0.81473,1.50,1.43
2012.06.05 13:01:28.765,0.8146,0.81473,1.13,1.43
2012.06.05 13:01:28.838,0.8146,0.81481,1.88,2.25
2012.06.05 13:01:28.984,0.81462,0.81483,5.18,1.88
2012.06.05 13:01:29.515,0.81462,0.81481,2.18,1.88
2012.06.05 13:01:29.590,0.81462,0.8148,1.43,2.54
2012.06.05 13:01:29.666,0.81458,0.81474,2.78,1.13
2012.06.05 13:01:29.891,0.81458,0.81472,1.43,1.13
2012.06.05 13:01:29.973,0.81456,0.81472,1.50,4.05
2012.06.05 13:01:30.235,0.81456,0.81472,1.50,4.05
2012.06.05 13:01:30.539,0.81452,0.81468,1.50,1.43
2012.06.05 13:01:30.688,0.81448,0.81465,1.88,1.43
2012.06.05 13:01:31.796,0.81446,0.81464,1.43,1.13
2012.06.05 13:01:32.144,0.81443,0.81457,1.43,1.88
2012.06.05 13:01:32.466,0.81443,0.81456,1.43,2.55
2012.06.05 13:01:32.762,0.81439,0.81456,1.43,2.55
2012.06.05 13:01:33.304,0.81438,0.81456,1.43,1.80
2012.06.05 13:01:33.380,0.81434,0.8145,1.13,1.43
2012.06.05 13:01:33.880,0.81431,0.8145,4.65,1.43
2012.06.05 13:01:34.154,0.81431,0.81447,1.50,1.43
2012.06.05 13:01:34.705,0.81429,0.81447,2.18,1.43
2012.06.05 13:01:34.846,0.81428,0.81444,1.88,1.43
2012.06.05 13:01:34.973,0.81428,0.81449,3.30,1.50
2012.06.05 13:01:35.694,0.8143,0.81447,1.43,1.43
2012.06.05 13:01:36.534,0.8143,0.81447,2.18,1.43
2012.06.05 13:01:36.676,0.81433,0.8145,1.43,2.02
2012.06.05 13:01:36.746,0.81437,0.8145,1.43,1.72
2012.06.05 13:01:37.156,0.81436,0.8145,1.43,2.47
2012.06.05 13:01:37.645,0.81433,0.8145,1.43,1.88
2012.06.05 13:01:38.996,0.81433,0.81445,1.43,1.13
2012.06.05 13:01:39.205,0.81429,0.81445,1.43,1.13
2012.06.05 13:01:40.655,0.81429,0.81445,1.43,1.88
2012.06.05 13:01:40.917,0.81429,0.81443,1.43,3.30
2012.06.05 13:01:41.360,0.81427,0.81443,1.43,1.50
2012.06.05 13:01:41.751,0.81424,0.81443,1.43,2.93
2012.06.05 13:01:41.882,0.81429,0.81443,1.43,2.93
2012.06.05 13:01:42.422,0.8143,0.81445,1.43,1.35
2012.06.05 13:01:42.494,0.8143,0.81447,1.43,1.35
2012.06.05 13:01:42.567,0.81428,0.81445,1.43,2.40
2012.06.05 13:01:42.714,0.81431,0.81448,1.43,6.23
2012.06.05 13:01:42.854,0.81431,0.81448,1.43,4.43
2012.06.05 13:01:42.995,0.81428,0.81445,1.43,1.43
2012.06.05 13:01:43.505,0.81426,0.81442,1.88,1.43
2012.06.05 13:01:44.163,0.81426,0.81443,1.13,1.43
2012.06.05 13:01:44.513,0.81428,0.81445,1.43,1.43
2012.06.05 13:01:45.034,0.8143,0.81446,1.43,1.13
2012.06.05 13:01:45.283,0.81426,0.81443,1.43,1.43
2012.06.05 13:01:45.413,0.81424,0.8144,3.30,1.43
2012.06.05 13:01:45.926,0.81424,0.8144,2.18,1.43
2012.06.05 13:01:46.264,0.81427,0.8144,1.43,1.43
2012.06.05 13:01:46.333,0.81427,0.81443,1.43,1.43
2012.06.05 13:01:46.478,0.81429,0.81445,1.43,2.77
2012.06.05 13:01:46.989,0.81429,0.81443,1.43,2.63
2012.06.05 13:01:47.066,0.81422,0.81439,1.43,1.43
2012.06.05 13:01:47.211,0.81424,0.81442,1.43,1.43
2012.06.05 13:01:47.587,0.81424,0.81442,1.43,2.18
2012.06.05 13:01:47.669,0.81422,0.8144,1.43,1.43
2012.06.05 13:01:47.803,0.81421,0.81438,2.63,1.43
2012.06.05 13:01:47.932,0.81422,0.81441,1.43,1.43
2012.06.05 13:01:48.172,0.81422,0.81439,1.43,1.13
2012.06.05 13:01:48.693,0.81422,0.81439,1.43,2.18
2012.06.05 13:01:48.833,0.81422,0.8144,2.85,2.18
2012.06.05 13:01:48.907,0.81425,0.81442,1.43,2.55
2012.06.05 13:01:49.264,0.81429,0.81443,1.43,5.25
2012.06.05 13:01:49.333,0.81423,0.8144,3.30,2.18
2012.06.05 13:01:49.664,0.81426,0.81442,1.43,1.13
2012.06.05 13:01:50.173,0.81426,0.81443,1.43,4.05
2012.06.05 13:01:51.065,0.81426,0.81442,1.43,1.43
2012.06.05 13:01:51.404,0.81417,0.81433,4.35,1.43
2012.06.05 13:01:51.753,0.81423,0.81433,1.43,1.43
2012.06.05 13:01:52.094,0.81427,0.8144,1.43,1.13
2012.06.05 13:01:52.538,0.81427,0.81443,1.43,2.48
2012.06.05 13:01:52.682,0.81425,0.81442,1.43,2.55
2012.06.05 13:01:52.814,0.81425,0.8144,1.43,1.88
2012.06.05 13:01:52.886,0.81417,0.81432,2.63,1.43
2012.06.05 13:01:53.425,0.81418,0.81434,1.43,2.18
2012.06.05 13:01:53.980,0.81414,0.81433,2.55,2.18
2012.06.05 13:01:55.422,0.81414,0.81432,1.43,3.30
2012.06.05 13:01:55.554,0.81412,0.81429,1.43,1.43
2012.06.05 13:01:57.183,0.81411,0.81422,1.13,1.43
2012.06.05 13:01:58.044,0.81409,0.81422,1.50,1.43
2012.06.05 13:01:58.351,0.81407,0.81422,2.10,1.43
2012.06.05 13:01:59.616,0.81406,0.81422,1.13,1.43
2012.06.05 13:01:59.755,0.81405,0.8142,2.25,1.43
2012.06.05 13:01:59.884,0.81403,0.8142,1.88,1.43
2012.06.05 13:02:00.224,0.81402,0.81419,1.50,2.85
2012.06.05 13:02:01.429,0.81399,0.81419,1.13,2.10
2012.06.05 13:02:01.974,0.81399,0.8142,1.88,2.47
2012.06.05 13:02:02.525,0.81399,0.8142,1.88,2.47
2012.06.05 13:02:03.239,0.81399,0.8142,1.13,2.47
2012.06.05 13:02:03.384,0.81399,0.8142,1.13,4.65
2012.06.05 13:02:03.526,0.81399,0.8142,1.13,3.90
2012.06.05 13:02:04.167,0.81399,0.8142,1.13,4.65
2012.06.05 13:02:04.674,0.81399,0.81419,1.13,1.72
2012.06.05 13:02:05.203,0.81398,0.81419,1.13,1.88
2012.06.05 13:02:05.691,0.81396,0.81415,1.88,1.13
2012.06.05 13:02:06.155,0.81394,0.81414,1.13,3.38
2012.06.05 13:02:06.641,0.81389,0.81407,6.68,1.13
2012.06.05 13:02:07.152,0.81389,0.81407,4.50,2.25
2012.06.05 13:02:07.494,0.81388,0.81407,1.13,1.13
2012.06.05 13:02:07.564,0.81391,0.81407,1.43,1.13
2012.06.05 13:02:07.891,0.81394,0.8141,1.43,2.25
2012.06.05 13:02:08.261,0.81389,0.81407,2.55,1.80
2012.06.05 13:02:08.863,0.8139,0.81407,1.13,1.80
2012.06.05 13:02:09.422,0.81391,0.81408,1.43,1.80
2012.06.05 13:02:09.493,0.81389,0.81406,1.43,1.43
2012.06.05 13:02:10.192,0.8139,0.81406,1.43,1.43
2012.06.05 13:02:10.322,0.81392,0.81409,1.43,1.80
2012.06.05 13:02:11.934,0.81389,0.81406,1.43,1.43
2012.06.05 13:02:13.012,0.81389,0.81406,1.43,2.18
2012.06.05 13:02:13.674,0.81389,0.81406,1.43,2.18
2012.06.05 13:02:13.922,0.81386,0.81405,2.55,2.18
2012.06.05 13:02:14.184,0.81386,0.81402,1.88,1.43
2012.06.05 13:02:15.283,0.81388,0.81402,1.13,1.43
2012.06.05 13:02:15.357,0.81388,0.81406,2.55,2.18
2012.06.05 13:02:16.511,0.81388,0.81406,1.43,1.43
2012.06.05 13:02:16.844,0.81386,0.81403,3.30,1.43
2012.06.05 13:02:22.342,0.81388,0.81403,1.13,1.43
2012.06.05 13:02:22.662,0.81391,0.81407,1.88,2.18
2012.06.05 13:02:22.853,0.81391,0.81407,1.88,1.43
2012.06.05 13:02:23.044,0.81393,0.8141,1.43,1.50
2012.06.05 13:02:23.572,0.81391,0.81408,3.30,2.18
2012.06.05 13:02:24.762,0.81393,0.81408,1.88,2.18
2012.06.05 13:02:25.116,0.814,0.81408,1.50,1.43
2012.06.05 13:02:25.183,0.81397,0.81408,2.93,1.43
2012.06.05 13:02:25.447,0.81397,0.81413,1.50,1.43
2012.06.05 13:02:26.256,0.81399,0.81415,1.43,2.85
2012.06.05 13:02:26.797,0.81399,0.81415,2.18,1.43
2012.06.05 13:02:27.528,0.814,0.81419,2.18,2.18
2012.06.05 13:02:27.830,0.81403,0.81419,2.93,2.18
2012.06.05 13:02:28.185,0.81412,0.81429,2.18,2.18
2012.06.05 13:02:28.329,0.81412,0.81429,2.18,1.43
2012.06.05 13:02:28.481,0.8141,0.81429,2.18,1.43
2012.06.05 13:02:28.684,0.81415,0.81429,1.43,1.43
2012.06.05 13:02:28.876,0.8141,0.81429,5.48,1.43
2012.06.05 13:02:28.944,0.81418,0.81431,1.43,2.18
2012.06.05 13:02:29.014,0.81411,0.81431,1.50,3.60
2012.06.05 13:02:29.499,0.81409,0.81428,1.88,1.43
2012.06.05 13:02:29.765,0.81412,0.81431,1.88,2.18
2012.06.05 13:02:29.892,0.81412,0.81431,2.63,1.43
2012.06.05 13:02:30.545,0.81413,0.81431,1.88,1.43
2012.06.05 13:02:30.894,0.81416,0.81434,1.88,1.50
2012.06.05 13:02:31.223,0.81415,0.81435,1.88,1.13
2012.06.05 13:02:31.293,0.81415,0.81437,1.88,1.13
2012.06.05 13:02:31.726,0.81423,0.81438,1.50,1.50
2012.06.05 13:02:31.797,0.81425,0.8144,1.43,1.50
2012.06.05 13:02:31.877,0.81427,0.8144,1.43,2.18
2012.06.05 13:02:31.955,0.81423,0.81438,1.50,1.43
2012.06.05 13:02:32.093,0.81423,0.81435,1.50,1.43
2012.06.05 13:02:32.297,0.81422,0.81438,2.10,2.18
2012.06.05 13:02:33.001,0.81422,0.81439,2.10,1.43
2012.06.05 13:02:33.522,0.81424,0.8144,1.43,1.50
2012.06.05 13:02:33.927,0.8142,0.81437,5.03,1.43
2012.06.05 13:02:34.063,0.8142,0.81437,2.18,2.18
2012.06.05 13:02:34.134,0.8142,0.81435,2.18,1.43
2012.06.05 13:02:34.205,0.81417,0.81434,1.50,2.18
2012.06.05 13:02:34.394,0.81416,0.81431,1.50,1.43
2012.06.05 13:02:34.723,0.81413,0.81425,4.50,1.43
2012.06.05 13:02:35.114,0.81412,0.81425,1.88,1.43
2012.06.05 13:02:35.623,0.81411,0.81421,1.50,1.43
2012.06.05 13:02:35.700,0.81411,0.81425,1.50,1.43
2012.06.05 13:02:35.904,0.81408,0.81425,5.18,1.43
2012.06.05 13:02:36.116,0.81408,0.81425,2.93,2.18
2012.06.05 13:02:36.258,0.81408,0.81422,1.43,2.18
2012.06.05 13:02:36.336,0.81408,0.81419,1.43,1.41
2012.06.05 13:02:36.617,0.81408,0.81422,1.43,4.35
2012.06.05 13:02:36.694,0.81402,0.81419,1.43,1.43
2012.06.05 13:02:36.765,0.81399,0.81416,2.93,1.43
2012.06.05 13:02:37.114,0.81399,0.81412,1.50,1.43
2012.06.05 13:02:37.254,0.81397,0.81414,2.55,1.43
2012.06.05 13:02:37.328,0.81397,0.81412,1.13,1.43
2012.06.05 13:02:37.476,0.81397,0.81414,2.55,1.43
2012.06.05 13:02:37.546,0.814,0.81417,1.43,2.18
2012.06.05 13:02:38.493,0.814,0.81419,2.18,2.18
2012.06.05 13:02:38.565,0.81399,0.81415,2.18,1.43
2012.06.05 13:02:38.848,0.81401,0.81419,2.63,2.18
2012.06.05 13:02:38.928,0.81401,0.81416,2.63,1.43
2012.06.05 13:02:39.214,0.81399,0.81416,2.85,1.43
2012.06.05 13:02:39.543,0.81403,0.81416,1.88,1.43
2012.06.05 13:02:40.055,0.81403,0.81415,1.88,1.43
2012.06.05 13:02:40.575,0.81403,0.8142,3.30,1.43
2012.06.05 13:02:41.014,0.81404,0.81414,1.13,1.43
2012.06.05 13:02:41.203,0.81404,0.81417,1.88,1.43
2012.06.05 13:02:41.274,0.81406,0.81417,1.88,1.43
2012.06.05 13:02:41.344,0.81406,0.81423,3.30,1.80
2012.06.05 13:02:41.483,0.81408,0.81424,1.50,2.18
2012.06.05 13:02:41.614,0.81405,0.81421,5.78,1.43
2012.06.05 13:02:41.750,0.81405,0.81421,2.85,1.43
2012.06.05 13:02:42.013,0.81406,0.81421,1.50,1.43
2012.06.05 13:02:42.596,0.81406,0.8142,1.50,1.43
2012.06.05 13:02:42.673,0.81407,0.81424,2.18,3.30
2012.06.05 13:02:42.744,0.81407,0.81424,2.18,3.30
2012.06.05 13:02:43.075,0.81402,0.8142,4.80,1.43
2012.06.05 13:02:43.863,0.81402,0.8142,1.50,2.18
2012.06.05 13:02:44.375,0.81402,0.8142,1.50,2.18
2012.06.05 13:02:45.043,0.81402,0.81417,1.50,1.43
2012.06.05 13:02:45.537,0.81402,0.81415,1.50,1.13
2012.06.05 13:02:45.877,0.81398,0.81412,2.18,2.55
2012.06.05 13:02:45.944,0.81392,0.8141,1.35,2.18
2012.06.05 13:02:46.147,0.81397,0.81412,1.43,3.30
2012.06.05 13:02:46.228,0.81395,0.81409,1.43,1.43
2012.06.05 13:02:46.305,0.81392,0.81409,2.48,1.43
2012.06.05 13:02:46.502,0.81393,0.81412,2.93,1.43
2012.06.05 13:02:46.576,0.81392,0.8141,3.90,1.43
2012.06.05 13:02:46.985,0.81385,0.8139,1.97,1.43
2012.06.05 13:02:47.335,0.8138,0.81392,2.93,1.43
2012.06.05 13:02:47.406,0.81378,0.8139,1.50,1.43
2012.06.05 13:02:47.546,0.81381,0.8139,1.50,1.43
2012.06.05 13:02:47.884,0.81386,0.8139,2.18,1.43
2012.06.05 13:02:47.954,0.81383,0.8139,2.63,1.43
2012.06.05 13:02:48.093,0.81383,0.81397,3.75,1.43
2012.06.05 13:02:48.227,0.81383,0.81396,6.68,1.43
2012.06.05 13:02:48.685,0.81386,0.81396,2.48,1.43
2012.06.05 13:02:48.758,0.81388,0.81406,1.43,2.55
2012.06.05 13:02:49.050,0.81391,0.81407,2.18,2.18
2012.06.05 13:02:49.130,0.81388,0.81407,2.18,1.43
2012.06.05 13:02:49.622,0.81394,0.81407,1.13,1.43
2012.06.05 13:02:49.777,0.81394,0.81409,3.30,1.43
2012.06.05 13:02:49.855,0.81394,0.81411,1.13,1.43
2012.06.05 13:02:50.373,0.81392,0.81411,1.13,1.43
2012.06.05 13:02:50.444,0.81392,0.81408,1.13,1.43
2012.06.05 13:02:51.572,0.81396,0.81412,1.43,3.00
2012.06.05 13:02:51.644,0.81396,0.8141,1.43,1.43
2012.06.05 13:02:52.001,0.81391,0.81408,1.88,1.43
2012.06.05 13:02:53.145,0.81391,0.81407,1.88,1.43
2012.06.05 13:02:53.215,0.81388,0.81404,1.50,1.43
2012.06.05 13:02:53.282,0.81388,0.81404,1.50,1.43
2012.06.05 13:02:53.482,0.81388,0.814,1.50,1.43
2012.06.05 13:02:53.674,0.81386,0.81403,2.48,1.43
2012.06.05 13:02:53.957,0.81388,0.81408,1.43,2.18
2012.06.05 13:02:54.674,0.81396,0.81408,1.13,1.43
2012.06.05 13:02:54.817,0.81396,0.81413,1.88,2.93
2012.06.05 13:02:55.142,0.81396,0.81413,1.88,2.18
2012.06.05 13:02:55.881,0.81396,0.8141,1.88,1.43
2012.06.05 13:02:56.593,0.81393,0.8141,1.88,1.43
2012.06.05 13:02:56.664,0.81393,0.81408,1.50,1.43
2012.06.05 13:02:56.794,0.81392,0.81408,1.35,1.43
2012.06.05 13:02:57.063,0.81392,0.8141,2.18,2.18
2012.06.05 13:02:58.091,0.81392,0.8141,4.43,1.43
2012.06.05 13:02:58.576,0.81398,0.8141,1.13,1.43
2012.06.05 13:02:58.716,0.81398,0.81413,1.13,1.50
2012.06.05 13:02:58.983,0.81398,0.81413,2.63,1.43
2012.06.05 13:02:59.703,0.81401,0.81413,1.13,1.43
2012.06.05 13:02:59.831,0.81401,0.81415,1.13,1.43
2012.06.05 13:03:00.512,0.814,0.81415,2.63,2.18
2012.06.05 13:03:00.831,0.81397,0.81414,2.63,2.18
2012.06.05 13:03:01.343,0.81397,0.81413,1.88,2.18
2012.06.05 13:03:02.996,0.81397,0.81414,2.18,1.88
2012.06.05 13:03:03.513,0.81395,0.81412,1.50,1.43
2012.06.05 13:03:03.715,0.81393,0.81412,4.13,1.43
2012.06.05 13:03:03.783,0.81393,0.81408,4.13,1.43
2012.06.05 13:03:04.215,0.81392,0.81408,1.50,1.43
2012.06.05 13:03:04.636,0.81392,0.81408,2.25,1.43
2012.06.05 13:03:04.972,0.81398,0.81408,1.13,1.43
2012.06.05 13:03:05.342,0.81398,0.81413,1.88,2.18
2012.06.05 13:03:05.981,0.81397,0.81413,1.88,2.18
2012.06.05 13:03:06.504,0.81395,0.81413,3.38,1.50
2012.06.05 13:03:06.572,0.81395,0.81413,3.38,1.50
2012.06.05 13:03:07.042,0.81391,0.8141,1.88,1.50
2012.06.05 13:03:07.983,0.81391,0.8141,1.88,1.13
2012.06.05 13:03:08.113,0.8139,0.8141,2.63,1.88
2012.06.05 13:03:08.447,0.81383,0.81405,4.13,1.50
2012.06.05 13:03:08.903,0.81385,0.81405,1.88,2.93
2012.06.05 13:03:09.427,0.81385,0.81404,1.50,2.63
2012.06.05 13:03:09.771,0.81386,0.814,1.13,1.43
2012.06.05 13:03:10.122,0.81388,0.81402,1.43,1.43
2012.06.05 13:03:10.334,0.81386,0.81404,1.13,2.55
2012.06.05 13:03:11.322,0.81384,0.81403,5.48,1.50
2012.06.05 13:03:11.522,0.81384,0.81401,2.18,1.43
2012.06.05 13:03:11.864,0.81381,0.81398,3.00,1.43
2012.06.05 13:03:12.172,0.81381,0.81395,1.50,1.43
2012.06.05 13:03:12.891,0.81381,0.81395,1.50,1.43
2012.06.05 13:03:12.963,0.81381,0.81398,2.93,2.55
2012.06.05 13:03:13.166,0.81381,0.81395,1.50,1.43
2012.06.05 13:03:13.537,0.81378,0.81395,2.18,2.18
2012.06.05 13:03:13.617,0.81378,0.81395,2.18,1.43
2012.06.05 13:03:13.755,0.81378,0.81395,2.18,1.43
2012.06.05 13:03:13.954,0.8138,0.81398,2.18,1.80
2012.06.05 13:03:14.025,0.81384,0.814,1.43,1.88
2012.06.05 13:03:16.608,0.81384,0.81397,1.43,1.13
2012.06.05 13:03:16.683,0.81379,0.81397,4.35,1.13
2012.06.05 13:03:17.192,0.81379,0.81398,2.18,2.55
2012.06.05 13:03:17.775,0.81379,0.81398,2.18,2.18
2012.06.05 13:03:24.327,0.81379,0.81398,2.18,3.96
2012.06.05 13:03:24.405,0.81378,0.81389,2.93,1.43
2012.06.05 13:03:24.474,0.81378,0.81389,2.18,1.43
2012.06.05 13:03:24.546,0.81378,0.81396,2.18,2.18
2012.06.05 13:03:24.614,0.81381,0.81396,1.13,2.93
2012.06.05 13:03:24.686,0.81381,0.81396,1.13,2.93
2012.06.05 13:03:24.757,0.81381,0.81395,2.63,1.43
2012.06.05 13:03:24.905,0.81384,0.81401,1.43,2.48
2012.06.05 13:03:25.532,0.81384,0.81401,2.18,2.48
2012.06.05 13:03:26.051,0.81387,0.81402,1.43,1.13
2012.06.05 13:03:26.596,0.81387,0.81403,1.43,2.55
2012.06.05 13:03:26.946,0.81389,0.81403,1.43,1.13
2012.06.05 13:03:27.875,0.81389,0.81404,1.43,2.63
2012.06.05 13:03:28.394,0.81391,0.81405,1.43,1.50
2012.06.05 13:03:28.743,0.81397,0.81408,1.43,1.50
2012.06.05 13:03:29.349,0.81401,0.81411,1.43,2.55
2012.06.05 13:03:29.430,0.81403,0.81411,1.43,1.80
2012.06.05 13:03:29.507,0.81401,0.81411,1.43,1.80
2012.06.05 13:03:29.644,0.81404,0.81418,1.43,1.50
2012.06.05 13:03:29.713,0.81404,0.81419,1.43,1.50
2012.06.05 13:03:29.782,0.81401,0.81419,2.18,2.93
2012.06.05 13:03:30.245,0.81403,0.81419,1.43,1.50
2012.06.05 13:03:30.383,0.81401,0.81418,1.43,1.43
2012.06.05 13:03:30.912,0.81398,0.81415,2.93,1.43
2012.06.05 13:03:32.143,0.81398,0.81415,2.93,1.43
2012.06.05 13:03:32.497,0.81403,0.81418,1.13,2.18
2012.06.05 13:03:33.133,0.81404,0.81421,1.43,2.18
2012.06.05 13:03:33.207,0.81404,0.8142,1.43,1.50
2012.06.05 13:03:33.423,0.81402,0.81419,1.50,2.93
2012.06.05 13:03:34.462,0.814,0.81418,2.55,1.50
2012.06.05 13:03:34.944,0.814,0.81416,1.88,1.43
2012.06.05 13:03:36.312,0.81399,0.81416,1.50,2.18
2012.06.05 13:03:36.854,0.81399,0.81416,1.50,1.43
2012.06.05 13:03:40.037,0.81399,0.81415,1.50,1.43
2012.06.05 13:03:40.113,0.81399,0.81412,1.50,1.43
2012.06.05 13:03:40.661,0.81398,0.81412,3.23,1.43
2012.06.05 13:03:42.704,0.81396,0.81409,1.13,1.43
2012.06.05 13:03:42.846,0.81394,0.81409,1.50,1.43
2012.06.05 13:03:42.915,0.81393,0.81411,3.30,2.55
2012.06.05 13:03:42.984,0.81393,0.81409,2.55,1.43
2012.06.05 13:03:43.341,0.81393,0.81406,1.43,1.43
2012.06.05 13:03:43.762,0.81388,0.81406,5.25,2.18
2012.06.05 13:03:44.236,0.81387,0.81406,2.55,2.18
2012.06.05 13:03:44.764,0.81388,0.81406,1.50,1.43
2012.06.05 13:03:46.351,0.81391,0.81407,1.43,1.43
2012.06.05 13:03:47.356,0.81391,0.81407,1.43,4.35
2012.06.05 13:03:47.825,0.8139,0.81409,2.18,2.18
2012.06.05 13:03:50.121,0.81393,0.81409,1.43,1.88
2012.06.05 13:03:53.670,0.81391,0.81408,2.18,2.18
2012.06.05 13:03:55.863,0.81394,0.8141,1.43,1.13
2012.06.05 13:03:56.621,0.81394,0.8141,1.43,1.88
2012.06.05 13:03:56.915,0.8139,0.81409,3.30,2.55
2012.06.05 13:03:57.723,0.8139,0.81409,3.30,2.55
2012.06.05 13:03:57.797,0.8139,0.81404,2.18,2.10
2012.06.05 13:03:58.137,0.81384,0.81399,2.93,1.50
2012.06.05 13:03:58.206,0.81383,0.81399,3.68,1.50
2012.06.05 13:03:58.276,0.81383,0.81401,4.43,2.18
2012.06.05 13:03:58.617,0.81386,0.81403,3.30,1.43
2012.06.05 13:03:58.698,0.8139,0.81407,1.43,2.93
2012.06.05 13:03:59.018,0.81392,0.81406,1.43,1.13
2012.06.05 13:03:59.364,0.81396,0.81409,1.43,1.13
2012.06.05 13:03:59.727,0.81394,0.8141,1.43,2.25
2012.06.05 13:04:00.043,0.81396,0.8141,1.43,1.13
2012.06.05 13:04:00.812,0.81394,0.8141,1.43,1.88
2012.06.05 13:04:01.684,0.81396,0.81409,1.43,1.50
2012.06.05 13:04:01.931,0.81394,0.81411,1.43,4.43
2012.06.05 13:04:02.251,0.81392,0.81409,2.18,2.55
2012.06.05 13:04:02.381,0.81392,0.81408,1.43,2.93
2012.06.05 13:04:02.511,0.81392,0.81408,1.43,2.18
2012.06.05 13:04:02.776,0.81393,0.81409,2.03,5.85
2012.06.05 13:04:03.127,0.81407,0.81413,2.10,2.18
2012.06.05 13:04:03.515,0.81415,0.81421,1.50,2.25
2012.06.05 13:04:03.856,0.81416,0.81421,1.50,1.43
2012.06.05 13:04:03.925,0.81416,0.81421,1.50,1.43
2012.06.05 13:04:04.203,0.81414,0.81419,1.35,1.43
2012.06.05 13:04:04.280,0.81425,0.81431,1.13,1.43
2012.06.05 13:04:04.362,0.81427,0.81435,1.13,2.09
2012.06.05 13:04:04.574,0.81428,0.81437,1.50,2.18
2012.06.05 13:04:04.718,0.8143,0.81437,3.30,1.43
2012.06.05 13:04:05.039,0.8143,0.81439,4.80,1.43
2012.06.05 13:04:05.257,0.81436,0.81444,1.50,1.43
2012.06.05 13:04:05.396,0.81436,0.81444,1.50,1.43
2012.06.05 13:04:05.466,0.81436,0.81447,1.50,1.43
2012.06.05 13:04:06.004,0.81435,0.81452,1.50,2.63
2012.06.05 13:04:06.075,0.81435,0.81452,1.50,2.63
2012.06.05 13:04:06.203,0.81436,0.81452,1.50,2.63
2012.06.05 13:04:06.794,0.81435,0.81452,2.25,1.13
2012.06.05 13:04:06.863,0.81435,0.81452,2.25,1.13
2012.06.05 13:04:07.609,0.81435,0.81453,2.25,1.50
2012.06.05 13:04:08.042,0.81437,0.81453,1.50,1.50
2012.06.05 13:04:08.610,0.81436,0.81452,2.18,1.13
2012.06.05 13:04:09.514,0.81438,0.81452,1.50,2.18
2012.06.05 13:04:10.074,0.81439,0.81451,1.43,2.18
2012.06.05 13:04:10.284,0.81435,0.81452,2.93,1.13
2012.06.05 13:04:10.806,0.81436,0.81452,2.18,1.13
2012.06.05 13:04:11.136,0.81439,0.81453,1.43,1.13
2012.06.05 13:04:11.686,0.81439,0.81455,1.43,1.88
2012.06.05 13:04:12.305,0.81439,0.81455,1.43,1.50
2012.06.05 13:04:12.372,0.81439,0.81455,2.93,1.50
2012.06.05 13:04:12.864,0.81441,0.81456,2.25,1.43
2012.06.05 13:04:13.006,0.81445,0.81459,1.50,1.43
2012.06.05 13:04:13.502,0.8145,0.81464,5.85,1.13
2012.06.05 13:04:13.577,0.81453,0.81468,2.93,2.55
2012.06.05 13:04:13.729,0.81456,0.81469,1.43,1.43
2012.06.05 13:04:14.057,0.81464,0.81477,1.43,1.50
2012.06.05 13:04:14.888,0.81469,0.81483,2.18,2.18
2012.06.05 13:04:14.976,0.81472,0.81487,2.93,1.13
2012.06.05 13:04:15.187,0.81475,0.8149,1.43,2.63
2012.06.05 13:04:15.729,0.81476,0.81491,2.18,1.50
2012.06.05 13:04:15.806,0.81481,0.81491,1.43,1.50
2012.06.05 13:04:15.950,0.81481,0.81492,1.43,1.50
2012.06.05 13:04:16.540,0.81482,0.81494,1.35,1.88
2012.06.05 13:04:16.626,0.81493,0.81504,1.88,1.13
2012.06.05 13:04:17.564,0.81492,0.81502,1.88,1.05
2012.06.05 13:04:17.790,0.81498,0.81507,2.18,1.50
2012.06.05 13:04:17.938,0.81507,0.81516,1.35,1.13
2012.06.05 13:04:18.299,0.81514,0.81519,2.78,1.43
2012.06.05 13:04:18.687,0.81522,0.81529,4.50,1.43
2012.06.05 13:04:18.919,0.81528,0.81534,1.50,1.43
2012.06.05 13:04:19.009,0.81529,0.81534,2.93,1.43
2012.06.05 13:04:19.158,0.81526,0.81532,1.50,1.58
2012.06.05 13:04:20.332,0.81518,0.8153,2.27,1.50
2012.06.05 13:04:20.739,0.8152,0.81535,1.43,1.50
2012.06.05 13:04:20.818,0.81524,0.81535,1.13,1.50
2012.06.05 13:04:21.183,0.8153,0.8154,1.43,1.13
2012.06.05 13:04:21.397,0.81525,0.8154,1.88,1.13
2012.06.05 13:04:21.996,0.8153,0.81543,1.43,1.88
2012.06.05 13:04:22.084,0.81526,0.81543,2.93,1.50
2012.06.05 13:04:22.375,0.81527,0.81542,1.50,1.13
2012.06.05 13:04:22.869,0.81527,0.81544,3.30,3.30
2012.06.05 13:04:22.953,0.81527,0.81544,3.30,1.13
2012.06.05 13:04:23.028,0.81527,0.81543,3.30,1.50
2012.06.05 13:04:23.575,0.81524,0.8154,3.30,1.50
2012.06.05 13:04:23.857,0.81527,0.8154,1.13,1.50
2012.06.05 13:04:24.010,0.81527,0.81543,1.13,2.18
2012.06.05 13:04:24.798,0.81532,0.81545,2.18,1.50
2012.06.05 13:04:25.540,0.81534,0.81548,1.43,1.13
2012.06.05 13:04:26.263,0.81534,0.81549,2.55,1.50
2012.06.05 13:04:27.016,0.81534,0.81549,2.55,1.50
2012.06.05 13:04:27.501,0.81534,0.81546,1.43,1.50
2012.06.05 13:04:27.716,0.81531,0.81546,1.43,1.50
2012.06.05 13:04:27.860,0.81529,0.81545,1.43,1.88
2012.06.05 13:04:28.077,0.81526,0.81542,1.22,2.63
2012.06.05 13:04:28.431,0.81524,0.81537,1.80,4.05
2012.06.05 13:04:28.577,0.81523,0.81534,1.50,1.43
2012.06.05 13:04:28.717,0.81523,0.81536,2.25,2.18
2012.06.05 13:04:28.786,0.81523,0.81536,1.88,2.18
2012.06.05 13:04:29.176,0.81519,0.81536,1.50,2.93
2012.06.05 13:04:29.317,0.81519,0.81532,1.50,1.43
2012.06.05 13:04:29.525,0.81519,0.81534,1.50,1.43
2012.06.05 13:04:30.073,0.81525,0.81535,1.50,1.43
2012.06.05 13:04:30.845,0.81527,0.81538,1.50,2.18
2012.06.05 13:04:30.987,0.81527,0.81534,1.50,2.18
2012.06.05 13:04:31.407,0.81524,0.81532,1.50,1.43
2012.06.05 13:04:31.757,0.81525,0.81531,1.50,1.13
2012.06.05 13:04:31.894,0.81521,0.81531,1.50,2.63
2012.06.05 13:04:32.212,0.81518,0.81523,1.50,1.43
2012.06.05 13:04:32.288,0.81516,0.81525,1.50,1.43
2012.06.05 13:04:32.636,0.81516,0.81525,1.50,1.43
2012.06.05 13:04:33.137,0.81513,0.81528,1.50,2.25
2012.06.05 13:04:33.425,0.81514,0.81522,1.50,1.43
2012.06.05 13:04:33.767,0.81512,0.81522,1.50,1.43
2012.06.05 13:04:33.839,0.8151,0.8152,1.50,1.43
2012.06.05 13:04:33.917,0.8151,0.81523,1.50,1.43
2012.06.05 13:04:33.996,0.81506,0.81523,3.30,1.43
2012.06.05 13:04:34.065,0.8151,0.81527,2.18,1.80
2012.06.05 13:04:34.137,0.81512,0.81528,1.43,1.13
2012.06.05 13:04:34.663,0.81512,0.81528,2.18,1.80
2012.06.05 13:04:35.023,0.81507,0.81524,1.88,1.43
2012.06.05 13:04:35.377,0.81505,0.81524,4.35,1.43
2012.06.05 13:04:35.458,0.81505,0.81523,1.43,1.88
2012.06.05 13:04:35.610,0.81505,0.81521,1.43,1.43
2012.06.05 13:04:35.943,0.81503,0.81519,1.50,1.43
2012.06.05 13:04:36.287,0.81502,0.81517,2.18,1.13
2012.06.05 13:04:36.552,0.815,0.81516,2.18,1.43
2012.06.05 13:04:36.686,0.81499,0.81513,1.50,1.13
2012.06.05 13:04:36.827,0.81498,0.81513,2.18,1.88
2012.06.05 13:04:36.895,0.81496,0.81511,2.18,1.43
2012.06.05 13:04:37.034,0.81491,0.81508,1.43,1.43
2012.06.05 13:04:37.425,0.81493,0.8151,1.43,1.50
2012.06.05 13:04:38.126,0.81493,0.81511,1.43,1.50
2012.06.05 13:04:38.444,0.81498,0.81512,2.18,1.43
2012.06.05 13:04:38.786,0.81512,0.8152,1.13,2.25
2012.06.05 13:04:38.930,0.81515,0.81521,2.55,1.50
2012.06.05 13:04:39.137,0.81517,0.81524,1.13,1.50
2012.06.05 13:04:39.413,0.81517,0.81535,1.13,2.18
2012.06.05 13:04:39.879,0.81511,0.81528,3.68,1.43
2012.06.05 13:04:40.233,0.81505,0.8152,1.43,1.43
2012.06.05 13:04:40.692,0.81508,0.8152,2.18,1.43
2012.06.05 13:04:40.920,0.81511,0.81528,4.73,1.13
2012.06.05 13:04:41.067,0.81516,0.81532,1.43,1.13
2012.06.05 13:04:41.133,0.81516,0.81533,1.43,3.30
2012.06.05 13:04:41.644,0.81513,0.8153,5.48,1.43
2012.06.05 13:04:42.187,0.81513,0.81528,2.18,1.88
2012.06.05 13:04:42.546,0.81511,0.81524,1.50,2.18
2012.06.05 13:04:42.916,0.81505,0.81524,3.30,1.43
2012.06.05 13:04:43.494,0.81506,0.81524,1.13,2.18
2012.06.05 13:04:44.495,0.81507,0.81524,1.13,1.43
2012.06.05 13:04:44.568,0.8151,0.81526,1.13,4.73
2012.06.05 13:04:45.164,0.81513,0.81529,2.55,1.80
2012.06.05 13:04:45.240,0.81515,0.81533,1.13,3.90
2012.06.05 13:04:45.834,0.81515,0.81532,1.13,1.50
2012.06.05 13:04:46.355,0.81515,0.81533,1.13,2.18
2012.06.05 13:04:46.913,0.81516,0.81532,1.13,1.43
2012.06.05 13:04:47.056,0.81521,0.81535,2.18,2.18
2012.06.05 13:04:47.323,0.81521,0.81538,1.43,1.13
2012.06.05 13:04:47.395,0.81521,0.81538,1.43,1.13
2012.06.05 13:04:48.135,0.81521,0.81539,2.55,1.13
2012.06.05 13:04:48.897,0.81521,0.81539,1.43,1.88
2012.06.05 13:04:49.244,0.8152,0.81534,1.43,1.43
2012.06.05 13:04:50.220,0.81521,0.81534,1.13,1.43
2012.06.05 13:04:50.299,0.81521,0.81538,2.55,1.50
2012.06.05 13:04:50.754,0.81521,0.81534,1.13,1.43
2012.06.05 13:04:51.094,0.81524,0.81537,1.13,1.43
2012.06.05 13:04:51.237,0.81528,0.81542,1.13,1.43
2012.06.05 13:04:51.776,0.81529,0.81542,4.05,1.43
2012.06.05 13:04:52.125,0.81536,0.81542,2.63,1.43
2012.06.05 13:04:52.326,0.81539,0.81554,1.43,1.50
2012.06.05 13:04:52.398,0.8154,0.81555,1.13,1.80
2012.06.05 13:04:52.546,0.81542,0.81558,1.43,1.13
2012.06.05 13:04:52.864,0.81544,0.81558,1.43,1.13
2012.06.05 13:04:53.199,0.81541,0.81558,3.30,1.13
2012.06.05 13:04:53.285,0.81545,0.8156,2.63,1.43
2012.06.05 13:04:53.544,0.81549,0.81566,1.43,1.43
2012.06.05 13:04:53.733,0.81552,0.81566,1.35,1.43
2012.06.05 13:04:54.059,0.81564,0.81572,1.13,1.04
2012.06.05 13:04:54.416,0.81571,0.81576,1.50,1.43
2012.06.05 13:04:54.754,0.81574,0.81581,1.43,1.20
2012.06.05 13:04:54.894,0.81578,0.81594,1.43,1.50
2012.06.05 13:04:54.968,0.81578,0.81593,1.43,1.13
2012.06.05 13:04:55.114,0.81582,0.81595,1.43,2.18
2012.06.05 13:04:55.188,0.81582,0.81595,1.43,1.43
2012.06.05 13:04:55.502,0.81583,0.81598,1.43,2.25
2012.06.05 13:04:55.596,0.81608,0.81613,1.35,1.43
2012.06.05 13:04:55.879,0.81613,0.81621,1.50,1.13
2012.06.05 13:04:55.960,0.81613,0.81619,1.50,1.13
2012.06.05 13:04:56.131,0.81614,0.81626,1.97,1.13
2012.06.05 13:04:56.212,0.81613,0.81636,2.63,1.88
2012.06.05 13:04:56.289,0.81614,0.81636,1.50,1.13
2012.06.05 13:04:56.370,0.81613,0.81635,1.50,1.50
2012.06.05 13:04:56.907,0.81618,0.81638,1.80,2.63
2012.06.05 13:04:57.412,0.81622,0.81642,1.73,2.25
2012.06.05 13:04:57.653,0.81626,0.81645,1.13,1.50
2012.06.05 13:04:57.970,0.81631,0.81647,1.43,1.50
2012.06.05 13:04:58.387,0.81634,0.81648,1.43,1.50
2012.06.05 13:04:58.877,0.81642,0.81649,1.13,1.50
2012.06.05 13:04:59.395,0.81642,0.81649,2.63,1.50
2012.06.05 13:04:59.481,0.81644,0.81649,1.43,1.50
2012.06.05 13:04:59.731,0.81646,0.81651,1.43,1.13
2012.06.05 13:04:59.840,0.81644,0.81649,2.55,1.50
2012.06.05 13:04:59.919,0.81647,0.81655,4.50,1.13
2012.06.05 13:05:00.346,0.81649,0.81668,4.05,2.16
2012.06.05 13:05:00.423,0.81654,0.81668,1.88,1.41
2012.06.05 13:05:00.505,0.81659,0.81671,1.13,1.80
2012.06.05 13:05:01.375,0.81661,0.81668,1.13,1.13
2012.06.05 13:05:01.503,0.81668,0.81679,2.93,3.00
2012.06.05 13:05:01.743,0.817,0.81709,3.23,1.71
2012.06.05 13:05:01.824,0.8171,0.81714,1.13,1.71
2012.06.05 13:05:01.977,0.81698,0.81703,1.13,2.18
2012.06.05 13:05:02.064,0.81714,0.81722,1.13,1.43
2012.06.05 13:05:03.137,0.81753,0.81778,2.18,1.84
2012.06.05 13:05:04.172,0.81751,0.81777,1.88,1.20
2012.06.05 13:05:04.267,0.81797,0.81821,1.50,1.13
2012.06.05 13:05:04.352,0.81797,0.81826,1.50,1.73
2012.06.05 13:05:04.868,0.81796,0.8183,2.18,1.41
2012.06.05 13:05:05.453,0.8182,0.81837,1.88,1.13
2012.06.05 13:05:05.725,0.81821,0.81841,3.53,2.09
2012.06.05 13:05:05.843,0.81836,0.81849,1.50,1.43
2012.06.05 13:05:05.921,0.81837,0.81851,1.88,1.43
2012.06.05 13:05:06.007,0.81831,0.81857,1.13,1.41
2012.06.05 13:05:06.085,0.81844,0.81858,1.13,1.41
2012.06.05 13:05:06.622,0.81844,0.8185,1.50,1.50
2012.06.05 13:05:07.417,0.81863,0.81869,1.50,1.13
2012.06.05 13:05:07.525,0.81862,0.81888,4.50,2.85
2012.06.05 13:05:07.618,0.81865,0.81883,1.50,1.88
2012.06.05 13:05:08.240,0.81862,0.81881,1.13,1.50
2012.06.05 13:05:08.322,0.81862,0.81881,1.13,2.25
2012.06.05 13:05:08.690,0.81855,0.81865,2.93,1.13
2012.06.05 13:05:09.215,0.81852,0.81859,1.50,1.88
2012.06.05 13:05:09.506,0.81839,0.81844,1.73,2.48
2012.06.05 13:05:09.667,0.81836,0.81842,1.22,1.13
2012.06.05 13:05:09.741,0.8183,0.81838,1.73,2.10
2012.06.05 13:05:10.103,0.81816,0.8182,1.43,1.35
2012.06.05 13:05:10.185,0.81818,0.81823,1.43,2.93
2012.06.05 13:05:10.590,0.81805,0.81811,1.51,1.88
2012.06.05 13:05:10.688,0.81771,0.81783,1.05,1.50
2012.06.05 13:05:10.825,0.81768,0.81773,1.05,1.35
2012.06.05 13:05:11.262,0.81758,0.81766,1.36,2.10
2012.06.05 13:05:11.359,0.81747,0.81752,1.43,1.35
2012.06.05 13:05:11.449,0.81744,0.81748,1.43,1.13
2012.06.05 13:05:11.539,0.81742,0.81746,1.43,1.13
2012.06.05 13:05:12.197,0.81736,0.81742,1.43,1.88
2012.06.05 13:05:12.296,0.81729,0.8174,1.43,2.10
2012.06.05 13:05:12.514,0.81726,0.8174,1.43,1.88
2012.06.05 13:05:12.764,0.81724,0.81744,2.27,1.13
2012.06.05 13:05:13.118,0.81766,0.81781,1.50,2.18
2012.06.05 13:05:13.202,0.81757,0.81771,1.50,2.55
2012.06.05 13:05:13.283,0.81749,0.81763,1.50,1.43
2012.06.05 13:05:13.359,0.8177,0.81786,1.50,1.13
2012.06.05 13:05:13.444,0.81741,0.81756,1.54,1.43
2012.06.05 13:05:13.587,0.81767,0.81808,2.25,1.13
2012.06.05 13:05:13.669,0.81767,0.81799,1.13,1.50
2012.06.05 13:05:14.017,0.81761,0.81791,1.28,4.50
2012.06.05 13:05:14.310,0.81753,0.81771,1.47,2.18
2012.06.05 13:05:14.780,0.81755,0.81766,1.89,1.13
2012.06.05 13:05:15.070,0.81743,0.81758,1.50,2.10
2012.06.05 13:05:15.222,0.81735,0.81755,1.13,1.35
2012.06.05 13:05:15.305,0.81739,0.81764,1.80,1.05
2012.06.05 13:05:15.446,0.81739,0.81751,1.52,1.13
2012.06.05 13:05:15.584,0.81739,0.81753,1.05,2.48
2012.06.05 13:05:16.261,0.81742,0.81756,1.50,1.50
2012.06.05 13:05:16.618,0.81747,0.81752,1.88,1.13
2012.06.05 13:05:16.942,0.81747,0.81755,1.35,1.50
2012.06.05 13:05:17.015,0.81743,0.81752,1.97,1.50
2012.06.05 13:05:17.619,0.81738,0.81755,2.27,2.63
2012.06.05 13:05:17.705,0.81738,0.81757,2.27,2.25
2012.06.05 13:05:17.786,0.81772,0.81777,1.43,3.00
2012.06.05 13:05:18.138,0.81754,0.81758,1.43,1.13
2012.06.05 13:05:18.216,0.81768,0.81772,1.43,1.05
2012.06.05 13:05:18.292,0.81751,0.81755,1.43,1.13
2012.06.05 13:05:18.774,0.81752,0.81757,1.43,2.63
2012.06.05 13:05:18.846,0.81747,0.81752,1.50,1.13
2012.06.05 13:05:18.918,0.81752,0.81759,1.43,4.50
2012.06.05 13:05:19.267,0.81744,0.81765,2.55,1.50
2012.06.05 13:05:19.415,0.81744,0.81763,1.43,1.50
2012.06.05 13:05:19.772,0.81747,0.81769,2.18,2.47
2012.06.05 13:05:19.846,0.8174,0.8176,1.35,1.50
2012.06.05 13:05:19.918,0.81739,0.8176,1.88,1.50
2012.06.05 13:05:20.001,0.81739,0.8176,1.88,1.13
2012.06.05 13:05:20.077,0.81743,0.81764,1.50,2.25
2012.06.05 13:05:20.286,0.81744,0.81764,1.13,1.50
2012.06.05 13:05:20.635,0.81745,0.81768,1.88,1.79
2012.06.05 13:05:21.078,0.81775,0.81779,0.75,2.10
2012.06.05 13:05:21.441,0.81757,0.81764,1.13,1.43
2012.06.05 13:05:21.729,0.81758,0.81771,1.13,1.43
2012.06.05 13:05:22.231,0.81769,0.8178,1.88,2.18
2012.06.05 13:05:22.310,0.81782,0.81788,1.35,1.43
2012.06.05 13:05:22.460,0.81787,0.81792,2.93,1.43
2012.06.05 13:05:22.680,0.81791,0.81798,1.88,2.18
2012.06.05 13:05:23.015,0.81793,0.818,1.35,1.43
2012.06.05 13:05:23.092,0.81784,0.81788,2.63,1.43
2012.06.05 13:05:23.166,0.81786,0.81811,1.73,1.35
2012.06.05 13:05:23.497,0.81786,0.81813,1.73,1.13
2012.06.05 13:05:23.647,0.81789,0.81794,1.73,1.43
2012.06.05 13:05:23.798,0.81787,0.81791,1.50,1.43
2012.06.05 13:05:23.998,0.81793,0.81814,1.13,1.13
2012.06.05 13:05:24.135,0.81793,0.81814,1.88,1.13
2012.06.05 13:05:24.458,0.81804,0.81817,4.50,1.50
2012.06.05 13:05:25.583,0.8181,0.81817,1.73,1.50
2012.06.05 13:05:25.671,0.81815,0.81822,2.48,2.18
2012.06.05 13:05:25.749,0.81809,0.81813,1.50,1.43
2012.06.05 13:05:25.827,0.81821,0.81826,3.30,2.18
2012.06.05 13:05:26.109,0.81823,0.81827,4.50,1.43
2012.06.05 13:05:26.257,0.81817,0.81823,1.66,1.43
2012.06.05 13:05:26.401,0.81815,0.81823,1.20,5.93
2012.06.05 13:05:26.477,0.81808,0.81819,1.50,1.35
2012.06.05 13:05:26.823,0.81797,0.81802,1.36,1.13
2012.06.05 13:05:27.180,0.81792,0.81801,1.80,4.50
2012.06.05 13:05:27.702,0.81775,0.81782,1.77,1.35
2012.06.05 13:05:27.865,0.81751,0.81772,1.62,1.88
2012.06.05 13:05:27.939,0.81751,0.81772,1.62,2.63
2012.06.05 13:05:28.299,0.81765,0.8177,1.43,1.73
2012.06.05 13:05:28.377,0.81768,0.81773,1.80,6.75
2012.06.05 13:05:28.668,0.81758,0.81762,1.43,1.13
2012.06.05 13:05:28.890,0.81752,0.81764,1.43,1.88
2012.06.05 13:05:29.035,0.81752,0.81764,1.43,1.13
2012.06.05 13:05:29.106,0.81745,0.81764,5.25,2.55
2012.06.05 13:05:29.179,0.81748,0.81764,1.35,2.55
2012.06.05 13:05:29.796,0.81756,0.81767,1.13,1.43
2012.06.05 13:05:29.872,0.81756,0.81775,1.13,1.43
2012.06.05 13:05:30.405,0.81755,0.81777,2.55,1.80
2012.06.05 13:05:30.544,0.81756,0.81777,1.13,2.93
2012.06.05 13:05:30.735,0.81753,0.81775,1.13,1.43
2012.06.05 13:05:30.949,0.81752,0.81775,1.13,3.30
2012.06.05 13:05:31.474,0.8175,0.81769,1.13,2.18
2012.06.05 13:05:31.604,0.8175,0.81769,1.13,2.18
2012.06.05 13:05:31.947,0.81746,0.81765,1.05,2.10
2012.06.05 13:05:32.029,0.81752,0.81758,1.50,1.35
2012.06.05 13:05:32.106,0.81746,0.81752,1.15,1.43
2012.06.05 13:05:32.425,0.81744,0.81754,1.66,2.85
2012.06.05 13:05:33.190,0.81731,0.81746,1.60,1.35
2012.06.05 13:05:33.292,0.81713,0.81731,1.07,1.43
2012.06.05 13:05:33.444,0.81713,0.81733,1.45,1.43
2012.06.05 13:05:33.514,0.81713,0.81735,1.45,3.30
2012.06.05 13:05:33.779,0.81711,0.81733,3.25,2.18
2012.06.05 13:05:34.284,0.81718,0.81738,1.52,1.50
2012.06.05 13:05:34.444,0.81718,0.81731,1.52,1.35
2012.06.05 13:05:34.768,0.81718,0.81727,1.43,1.13
2012.06.05 13:05:34.908,0.81708,0.81721,1.50,2.18
2012.06.05 13:05:34.987,0.81708,0.81718,1.50,2.18
2012.06.05 13:05:35.524,0.81706,0.81718,1.50,3.68
2012.06.05 13:05:35.612,0.81695,0.81711,1.37,1.13
2012.06.05 13:05:35.902,0.81691,0.81703,1.74,2.18
2012.06.05 13:05:36.046,0.81691,0.81706,1.74,2.55
2012.06.05 13:05:36.116,0.81686,0.81703,1.13,2.18
2012.06.05 13:05:36.397,0.8168,0.81702,1.05,1.50
2012.06.05 13:05:36.606,0.81675,0.81688,2.95,1.13
2012.06.05 13:05:36.677,0.81675,0.81688,2.70,2.48
2012.06.05 13:05:37.029,0.81661,0.81679,1.71,1.50
2012.06.05 13:05:37.374,0.81674,0.81682,1.13,4.50
2012.06.05 13:05:37.455,0.8167,0.81679,1.13,1.80
2012.06.05 13:05:37.529,0.81674,0.81682,1.13,3.75
2012.06.05 13:05:37.682,0.81661,0.81677,1.62,1.43
2012.06.05 13:05:37.760,0.81661,0.81674,1.62,1.43
2012.06.05 13:05:37.911,0.8166,0.81682,2.03,1.71
2012.06.05 13:05:37.988,0.81667,0.81683,1.13,2.84
2012.06.05 13:05:38.349,0.81678,0.81683,1.35,1.43
2012.06.05 13:05:38.891,0.81696,0.81702,1.50,2.30
2012.06.05 13:05:38.976,0.81696,0.81704,1.50,1.43
2012.06.05 13:05:39.188,0.81696,0.81712,2.93,1.62
2012.06.05 13:05:39.406,0.81701,0.81718,2.03,1.04
2012.06.05 13:05:39.476,0.81703,0.81718,1.43,1.04
2012.06.05 13:05:39.618,0.81703,0.81724,1.43,1.88
2012.06.05 13:05:39.697,0.81701,0.81723,3.45,2.18
2012.06.05 13:05:39.837,0.81704,0.81723,1.43,2.18
2012.06.05 13:05:40.175,0.81704,0.81723,2.18,1.43
2012.06.05 13:05:40.253,0.81705,0.81727,2.18,1.43
2012.06.05 13:05:40.396,0.81706,0.81728,2.18,1.88
2012.06.05 13:05:40.543,0.81706,0.81728,2.18,1.50
2012.06.05 13:05:40.618,0.81706,0.81728,2.18,1.13
2012.06.05 13:05:41.050,0.81709,0.81726,1.43,1.13
2012.06.05 13:05:41.470,0.81704,0.81723,1.88,1.43
2012.06.05 13:05:41.557,0.81704,0.81723,1.13,1.43
2012.06.05 13:05:42.177,0.81702,0.8172,1.35,1.43
2012.06.05 13:05:42.456,0.817,0.8172,1.73,1.43
2012.06.05 13:05:42.599,0.817,0.81717,1.13,1.43
2012.06.05 13:05:43.023,0.81697,0.81716,1.13,1.43
2012.06.05 13:05:43.169,0.81698,0.81714,1.13,1.43
2012.06.05 13:05:43.528,0.81701,0.81726,1.50,1.43
2012.06.05 13:05:43.745,0.81702,0.81719,1.43,2.85
2012.06.05 13:05:44.397,0.81704,0.81723,1.43,1.43
2012.06.05 13:05:44.623,0.81708,0.81725,1.43,2.18
2012.06.05 13:05:45.280,0.81708,0.81722,1.43,1.43
2012.06.05 13:05:45.494,0.81702,0.81721,1.43,2.18
2012.06.05 13:05:45.693,0.81702,0.81718,1.43,1.88
2012.06.05 13:05:45.766,0.81699,0.81716,1.43,2.93
2012.06.05 13:05:45.838,0.81698,0.81715,1.43,2.18
2012.06.05 13:05:45.986,0.81696,0.81715,1.43,1.43
2012.06.05 13:05:46.127,0.81695,0.81711,1.43,1.43
2012.06.05 13:05:46.855,0.81696,0.81714,1.43,1.43
2012.06.05 13:05:46.926,0.81693,0.81712,1.43,1.43
2012.06.05 13:05:47.944,0.81693,0.81712,1.43,2.18
2012.06.05 13:05:48.232,0.81691,0.81698,1.43,1.43
2012.06.05 13:05:48.311,0.81686,0.81698,1.13,1.43
2012.06.05 13:05:48.657,0.81681,0.81698,3.68,2.18
2012.06.05 13:05:48.728,0.81681,0.81688,2.93,1.13
2012.06.05 13:05:49.077,0.81675,0.81683,2.34,1.50
2012.06.05 13:05:49.148,0.81675,0.81683,2.04,1.50
2012.06.05 13:05:49.298,0.81668,0.81682,1.43,1.43
2012.06.05 13:05:49.439,0.81668,0.81675,1.43,1.43
2012.06.05 13:05:49.835,0.81658,0.81673,1.50,1.43
2012.06.05 13:05:49.914,0.81657,0.81676,1.43,1.43
2012.06.05 13:05:49.983,0.81656,0.8167,1.50,1.43
2012.06.05 13:05:50.112,0.81656,0.81673,2.93,1.43
2012.06.05 13:05:50.436,0.81655,0.81671,1.50,1.43
2012.06.05 13:05:50.763,0.81651,0.81667,1.88,1.43
2012.06.05 13:05:51.038,0.8165,0.81667,2.18,1.43
2012.06.05 13:05:51.437,0.81647,0.81669,1.80,1.35
2012.06.05 13:05:51.577,0.81645,0.8167,1.13,1.35
2012.06.05 13:05:51.952,0.81645,0.81671,1.50,2.10
2012.06.05 13:05:52.508,0.81646,0.81671,1.50,1.20
2012.06.05 13:05:52.871,0.81654,0.81675,1.50,1.35
2012.06.05 13:05:53.226,0.81649,0.81655,1.80,1.88
2012.06.05 13:05:53.297,0.8164,0.81655,2.18,1.88
2012.06.05 13:05:53.367,0.81638,0.81654,1.80,1.43
2012.06.05 13:05:53.447,0.81631,0.81654,2.18,1.43
2012.06.05 13:05:53.798,0.81631,0.8165,1.43,2.18
2012.06.05 13:05:54.132,0.81631,0.81654,1.43,2.93
2012.06.05 13:05:54.279,0.8163,0.81648,2.25,1.43
2012.06.05 13:05:54.627,0.81635,0.81656,1.88,1.72
2012.06.05 13:05:54.765,0.81638,0.81661,1.50,2.10
2012.06.05 13:05:55.154,0.81645,0.81656,2.18,1.43
2012.06.05 13:05:55.436,0.81649,0.8167,1.43,2.25
2012.06.05 13:05:55.573,0.81649,0.81666,1.43,1.88
2012.06.05 13:05:55.716,0.81649,0.81662,1.43,1.88
2012.06.05 13:05:55.785,0.81644,0.81661,1.43,1.50
2012.06.05 13:05:56.115,0.81644,0.81658,1.43,2.55
2012.06.05 13:05:56.326,0.81639,0.81656,1.43,1.43
2012.06.05 13:05:56.400,0.81641,0.8166,1.43,2.18
2012.06.05 13:05:57.216,0.8164,0.81655,1.43,1.43
2012.06.05 13:05:57.568,0.81641,0.8165,1.43,1.43
2012.06.05 13:05:57.651,0.81629,0.81648,1.50,1.43
2012.06.05 13:05:57.795,0.8163,0.81648,2.63,1.43
2012.06.05 13:05:57.867,0.81631,0.81655,2.18,2.18
2012.06.05 13:05:58.313,0.81633,0.81654,1.50,2.18
2012.06.05 13:05:58.654,0.81633,0.81654,2.10,1.43
2012.06.05 13:05:58.785,0.81633,0.81647,1.35,1.43
2012.06.05 13:05:58.997,0.81633,0.8165,2.18,1.43
2012.06.05 13:05:59.125,0.81635,0.81654,1.43,1.43
2012.06.05 13:05:59.266,0.81634,0.81649,1.50,1.43
2012.06.05 13:05:59.466,0.81634,0.81652,2.18,1.43
2012.06.05 13:05:59.536,0.81637,0.81652,1.43,1.43
2012.06.05 13:05:59.604,0.81637,0.81656,1.43,1.43
2012.06.05 13:06:00.117,0.81637,0.81657,1.43,2.18
2012.06.05 13:06:00.243,0.81637,0.81653,1.43,1.13
2012.06.05 13:06:00.588,0.81634,0.81645,1.43,2.25
2012.06.05 13:06:00.947,0.81627,0.81633,1.43,1.35
2012.06.05 13:06:01.302,0.81619,0.81624,1.43,1.50
2012.06.05 13:06:01.384,0.81605,0.81624,2.18,1.50
2012.06.05 13:06:01.664,0.81602,0.81625,1.50,1.35
2012.06.05 13:06:02.238,0.81605,0.81627,1.50,1.80
2012.06.05 13:06:02.543,0.81606,0.8163,1.88,2.70
2012.06.05 13:06:03.088,0.81606,0.81631,1.50,2.10
2012.06.05 13:06:03.225,0.81606,0.81631,1.13,2.10
2012.06.05 13:06:03.365,0.81605,0.81631,2.63,2.10
2012.06.05 13:06:03.565,0.81604,0.81629,1.50,1.13
2012.06.05 13:06:03.636,0.81604,0.81629,1.50,1.13
2012.06.05 13:06:03.706,0.81603,0.81629,2.25,1.88
2012.06.05 13:06:03.915,0.81605,0.81631,2.25,1.13
2012.06.05 13:06:04.571,0.81605,0.81631,2.25,1.13
2012.06.05 13:06:05.096,0.81606,0.81631,1.50,1.13
2012.06.05 13:06:05.239,0.81615,0.81636,1.13,2.03
2012.06.05 13:06:05.320,0.81615,0.81637,1.13,1.80
2012.06.05 13:06:05.398,0.81613,0.81638,3.38,1.43
2012.06.05 13:06:05.475,0.81614,0.81639,4.50,2.18
2012.06.05 13:06:05.544,0.81615,0.8164,1.50,1.13
2012.06.05 13:06:05.674,0.8162,0.8164,1.13,1.13
2012.06.05 13:06:05.996,0.81626,0.81647,1.50,2.48
2012.06.05 13:06:06.335,0.81628,0.81651,1.50,8.10
2012.06.05 13:06:06.718,0.81632,0.81652,1.50,2.03
2012.06.05 13:06:06.938,0.81632,0.81655,1.50,2.25
2012.06.05 13:06:07.017,0.8163,0.81654,1.88,1.43
2012.06.05 13:06:07.157,0.81635,0.81654,1.50,1.43
2012.06.05 13:06:07.549,0.81641,0.81664,1.88,1.50
2012.06.05 13:06:07.633,0.81637,0.81666,4.05,3.00
2012.06.05 13:06:07.703,0.81637,0.81664,2.93,1.35
2012.06.05 13:06:07.905,0.81637,0.81663,1.50,1.50
2012.06.05 13:06:08.124,0.81635,0.81663,2.25,2.25
2012.06.05 13:06:08.470,0.81644,0.8166,1.43,2.48
2012.06.05 13:06:09.026,0.81644,0.81659,1.43,1.43
2012.06.05 13:06:09.101,0.81638,0.81655,1.43,1.43
2012.06.05 13:06:09.459,0.8164,0.81659,1.43,1.43
2012.06.05 13:06:09.540,0.81644,0.81663,1.43,3.53
2012.06.05 13:06:09.886,0.81653,0.81672,1.88,2.55
2012.06.05 13:06:10.284,0.81658,0.81672,2.48,2.18
2012.06.05 13:06:10.636,0.81671,0.81681,1.50,2.18
2012.06.05 13:06:10.915,0.81673,0.81696,1.50,1.80
2012.06.05 13:06:11.253,0.81676,0.81699,1.88,1.50
2012.06.05 13:06:11.328,0.81678,0.817,1.88,1.13
2012.06.05 13:06:11.482,0.81678,0.81703,3.00,1.73
2012.06.05 13:06:11.938,0.81679,0.81703,1.50,1.35
2012.06.05 13:06:12.025,0.81675,0.81698,1.50,1.50
2012.06.05 13:06:12.306,0.81672,0.81697,1.13,1.50
2012.06.05 13:06:12.449,0.81671,0.81698,1.50,3.00
2012.06.05 13:06:12.666,0.81672,0.81698,1.60,1.50
2012.06.05 13:06:13.115,0.81678,0.81699,2.18,2.10
2012.06.05 13:06:13.672,0.81688,0.81699,1.50,1.35
2012.06.05 13:06:13.755,0.81674,0.81699,1.50,1.35
2012.06.05 13:06:13.898,0.81677,0.81699,1.50,1.35
2012.06.05 13:06:14.236,0.81676,0.81696,1.50,1.50
2012.06.05 13:06:14.589,0.81676,0.81696,1.35,1.50
2012.06.05 13:06:14.809,0.81677,0.81696,1.50,1.88
2012.06.05 13:06:14.956,0.81674,0.81695,1.50,1.50
2012.06.05 13:06:15.097,0.81674,0.81695,1.50,2.25
2012.06.05 13:06:15.409,0.81671,0.8169,2.25,1.50
2012.06.05 13:06:15.491,0.81671,0.81689,2.18,1.50
2012.06.05 13:06:15.825,0.81671,0.81687,1.43,1.50
2012.06.05 13:06:15.895,0.81669,0.81689,2.35,2.25
2012.06.05 13:06:16.306,0.81672,0.81687,1.43,1.50
2012.06.05 13:06:16.848,0.81669,0.81686,3.02,2.18
2012.06.05 13:06:16.926,0.81669,0.81685,1.52,1.50
2012.06.05 13:06:17.881,0.81669,0.81685,1.52,1.50
2012.06.05 13:06:17.955,0.81669,0.81683,1.52,1.50
2012.06.05 13:06:18.306,0.81669,0.81682,2.27,1.50
2012.06.05 13:06:18.936,0.81669,0.81683,2.27,1.50
2012.06.05 13:06:19.314,0.81662,0.81683,1.50,1.50
2012.06.05 13:06:19.655,0.81671,0.81686,2.18,1.50
2012.06.05 13:06:19.936,0.8167,0.81687,2.18,2.18
2012.06.05 13:06:20.006,0.81667,0.81686,1.43,1.50
2012.06.05 13:06:20.147,0.81669,0.81689,1.50,4.35
2012.06.05 13:06:20.223,0.8167,0.81689,1.43,4.35
2012.06.05 13:06:20.295,0.81668,0.81689,1.43,2.93
2012.06.05 13:06:20.509,0.8167,0.81689,1.43,2.18
2012.06.05 13:06:20.656,0.8167,0.81687,1.43,2.18
2012.06.05 13:06:21.133,0.8167,0.81688,1.43,1.50
2012.06.05 13:06:21.214,0.81673,0.81688,1.43,1.50
2012.06.05 13:06:21.357,0.81666,0.81687,2.18,1.50
2012.06.05 13:06:21.485,0.81673,0.81687,1.43,1.50
2012.06.05 13:06:21.612,0.81673,0.8169,1.43,1.50
2012.06.05 13:06:22.004,0.81676,0.81694,1.43,1.50
2012.06.05 13:06:22.258,0.81676,0.81695,1.43,2.55
2012.06.05 13:06:22.334,0.81676,0.81695,1.43,2.18
2012.06.05 13:06:22.544,0.81679,0.81695,1.43,2.18
2012.06.05 13:06:22.617,0.8168,0.81699,1.43,2.18
2012.06.05 13:06:22.885,0.8168,0.81699,1.43,2.18
2012.06.05 13:06:23.528,0.81681,0.81695,1.43,2.18
2012.06.05 13:06:23.676,0.81678,0.81695,2.18,2.18
2012.06.05 13:06:24.248,0.8168,0.81697,2.18,3.90
2012.06.05 13:06:24.471,0.8168,0.81693,2.18,1.50
2012.06.05 13:06:25.031,0.81674,0.81695,2.18,2.10
2012.06.05 13:06:25.250,0.81681,0.81698,1.50,4.50
2012.06.05 13:06:25.627,0.81679,0.81699,2.18,2.25
2012.06.05 13:06:25.836,0.81677,0.81695,2.93,1.43
2012.06.05 13:06:26.494,0.81675,0.81695,2.85,1.43
2012.06.05 13:06:26.991,0.81678,0.81696,2.18,1.50
2012.06.05 13:06:27.387,0.81678,0.81699,1.88,1.50
2012.06.05 13:06:27.468,0.81678,0.81702,2.63,1.50
2012.06.05 13:06:27.691,0.81681,0.81704,1.35,1.50
2012.06.05 13:06:27.937,0.81681,0.81703,1.35,1.50
2012.06.05 13:06:28.025,0.81686,0.81705,1.50,1.50
2012.06.05 13:06:28.099,0.81686,0.8171,2.10,2.25
2012.06.05 13:06:28.179,0.81686,0.8171,2.85,1.50
2012.06.05 13:06:28.255,0.81686,0.8171,2.10,1.50
2012.06.05 13:06:28.395,0.81686,0.81708,2.10,1.50
2012.06.05 13:06:28.667,0.8169,0.81708,1.43,1.50
2012.06.05 13:06:29.042,0.81688,0.81708,2.25,1.50
2012.06.05 13:06:29.400,0.81692,0.8171,2.18,1.50
2012.06.05 13:06:29.475,0.81693,0.81711,2.18,1.50
2012.06.05 13:06:29.962,0.81693,0.81711,2.18,1.50
2012.06.05 13:06:30.104,0.81695,0.81711,1.43,1.50
2012.06.05 13:06:30.442,0.81696,0.81712,1.43,2.25
2012.06.05 13:06:30.515,0.81694,0.81711,2.18,2.18
2012.06.05 13:06:30.583,0.81695,0.81711,1.43,2.18
2012.06.05 13:06:30.653,0.81696,0.81711,1.43,1.50
2012.06.05 13:06:30.785,0.81692,0.81708,2.18,2.18
2012.06.05 13:06:31.115,0.81684,0.81701,6.46,2.18
2012.06.05 13:06:31.255,0.81684,0.81701,2.48,2.18
2012.06.05 13:06:31.652,0.81683,0.81697,1.59,1.50
2012.06.05 13:06:32.133,0.8168,0.81699,2.18,1.50
2012.06.05 13:06:32.355,0.8168,0.817,2.25,1.50
2012.06.05 13:06:32.426,0.8168,0.817,1.50,1.50
2012.06.05 13:06:32.563,0.81678,0.817,2.25,1.50
2012.06.05 13:06:32.766,0.81678,0.81695,1.88,2.18
2012.06.05 13:06:32.978,0.81676,0.81693,1.88,1.88
2012.06.05 13:06:33.334,0.81666,0.81678,1.13,1.43
2012.06.05 13:06:33.408,0.81666,0.81684,1.50,2.18
2012.06.05 13:06:33.616,0.81665,0.81684,2.18,2.18
2012.06.05 13:06:33.818,0.81669,0.81684,2.18,1.35
2012.06.05 13:06:33.903,0.81666,0.81684,6.98,1.35
2012.06.05 13:06:34.047,0.81672,0.81685,1.50,1.43
2012.06.05 13:06:34.625,0.81673,0.81686,2.93,1.43
2012.06.05 13:06:34.707,0.81678,0.81696,2.93,1.50
2012.06.05 13:06:34.775,0.81679,0.81697,2.25,2.93
2012.06.05 13:06:34.845,0.81679,0.81697,1.50,2.93
2012.06.05 13:06:35.062,0.81679,0.81697,1.50,2.18
2012.06.05 13:06:35.714,0.8168,0.81697,2.18,1.43
2012.06.05 13:06:35.797,0.81682,0.81706,1.50,1.50
2012.06.05 13:06:35.869,0.81682,0.81706,2.25,1.50
2012.06.05 13:06:35.945,0.81682,0.81706,2.25,1.50
2012.06.05 13:06:36.471,0.81685,0.81706,1.50,1.50
2012.06.05 13:06:36.612,0.81684,0.81706,1.13,2.25
2012.06.05 13:06:37.266,0.81684,0.81704,1.13,1.50
2012.06.05 13:06:37.532,0.8168,0.81702,2.63,1.50
2012.06.05 13:06:38.639,0.81679,0.81702,1.50,2.25
2012.06.05 13:06:38.716,0.81679,0.81698,1.50,1.50
2012.06.05 13:06:39.087,0.81679,0.81698,1.50,1.50
2012.06.05 13:06:39.214,0.81679,0.817,1.50,1.50
2012.06.05 13:06:39.415,0.8168,0.81705,1.50,1.50
2012.06.05 13:06:39.548,0.81679,0.81705,1.50,1.50
2012.06.05 13:06:39.684,0.8168,0.81705,1.50,2.25
2012.06.05 13:06:39.824,0.81683,0.81705,1.50,2.25
2012.06.05 13:06:40.013,0.81682,0.81707,2.25,1.13
2012.06.05 13:06:40.689,0.81687,0.81707,2.35,1.13
2012.06.05 13:06:40.801,0.8169,0.81712,1.50,1.88
2012.06.05 13:06:41.353,0.8169,0.81704,1.50,1.13
2012.06.05 13:06:41.679,0.81685,0.81695,1.60,1.50
2012.06.05 13:06:41.954,0.81674,0.81687,2.34,1.88
2012.06.05 13:06:42.285,0.81674,0.81681,2.34,2.18
2012.06.05 13:06:42.608,0.81664,0.81681,2.18,1.43
2012.06.05 13:06:42.824,0.81667,0.81684,1.43,2.93
2012.06.05 13:06:43.035,0.81663,0.81682,2.18,1.43
2012.06.05 13:06:43.177,0.81662,0.81678,2.93,1.43
2012.06.05 13:06:43.590,0.81661,0.81677,2.18,1.43
2012.06.05 13:06:43.798,0.8166,0.81675,1.88,1.43
2012.06.05 13:06:44.159,0.81658,0.81664,1.43,1.50
2012.06.05 13:06:44.499,0.81658,0.81662,1.43,1.13
2012.06.05 13:06:44.576,0.81655,0.81662,1.43,1.88
2012.06.05 13:06:44.647,0.81661,0.81665,1.43,1.35
2012.06.05 13:06:44.777,0.81653,0.81659,2.18,1.50
2012.06.05 13:06:44.920,0.81649,0.81658,1.13,4.80
2012.06.05 13:06:44.996,0.81646,0.81652,1.88,1.43
2012.06.05 13:06:45.458,0.81647,0.81654,1.50,1.43
2012.06.05 13:06:45.943,0.81638,0.81658,1.50,1.50
2012.06.05 13:06:46.018,0.81637,0.81658,2.93,1.50
2012.06.05 13:06:46.443,0.81641,0.81657,1.50,2.18
2012.06.05 13:06:46.515,0.81641,0.81658,1.50,1.50
2012.06.05 13:06:46.587,0.81641,0.81659,1.50,1.50
2012.06.05 13:06:46.726,0.81637,0.81658,2.93,1.50
2012.06.05 13:06:46.794,0.81637,0.81658,2.18,1.50
2012.06.05 13:06:47.152,0.81637,0.81659,2.18,1.50
2012.06.05 13:06:47.477,0.8164,0.8166,2.93,2.18
2012.06.05 13:06:47.545,0.81643,0.81662,2.18,2.93
2012.06.05 13:06:47.684,0.81646,0.81662,1.43,2.18
2012.06.05 13:06:48.073,0.81653,0.81668,1.43,1.50
2012.06.05 13:06:48.603,0.81653,0.81669,1.43,2.10
2012.06.05 13:06:48.857,0.81649,0.81668,1.43,2.18
2012.06.05 13:06:49.277,0.81649,0.81668,2.18,1.43
2012.06.05 13:06:49.484,0.81649,0.81668,2.18,2.18
2012.06.05 13:06:49.697,0.81649,0.81665,2.25,1.43
2012.06.05 13:06:50.269,0.81649,0.81672,1.50,1.50
2012.06.05 13:06:50.347,0.81648,0.81672,1.50,1.50
2012.06.05 13:06:50.427,0.81648,0.81666,1.50,2.25
2012.06.05 13:06:50.566,0.81648,0.81663,1.50,1.50
2012.06.05 13:06:50.708,0.81648,0.81657,1.50,1.13
2012.06.05 13:06:50.786,0.81639,0.81654,1.80,1.50
2012.06.05 13:06:51.065,0.81633,0.81654,2.18,1.50
2012.06.05 13:06:51.616,0.81633,0.81652,1.43,2.18
2012.06.05 13:06:52.122,0.81631,0.81647,1.13,1.43
2012.06.05 13:06:52.192,0.8163,0.81647,3.30,1.43
2012.06.05 13:06:52.392,0.8163,0.81644,1.88,1.43
2012.06.05 13:06:53.068,0.81631,0.81644,1.13,1.43
2012.06.05 13:06:53.148,0.81637,0.81648,1.88,1.43
2012.06.05 13:06:53.226,0.81639,0.81648,1.50,1.43
2012.06.05 13:06:53.434,0.81638,0.81653,2.25,1.43
2012.06.05 13:06:53.853,0.8164,0.81657,1.43,2.18
2012.06.05 13:06:54.304,0.81639,0.81661,1.50,2.18
2012.06.05 13:06:54.447,0.81641,0.81661,1.43,2.18
2012.06.05 13:06:54.518,0.81643,0.81663,1.43,1.50
2012.06.05 13:06:54.797,0.81643,0.81665,4.58,2.18
2012.06.05 13:06:55.134,0.81652,0.81665,1.50,1.43
2012.06.05 13:06:55.464,0.81653,0.81672,1.50,1.04
2012.06.05 13:06:55.964,0.81653,0.81675,1.50,1.50
2012.06.05 13:06:56.037,0.81652,0.81675,1.50,1.50
2012.06.05 13:06:56.623,0.81653,0.81676,1.50,1.50
2012.06.05 13:06:56.691,0.81652,0.81675,1.50,1.50
2012.06.05 13:06:57.981,0.81651,0.81675,1.50,1.50
2012.06.05 13:06:58.366,0.81652,0.81675,1.50,1.50
2012.06.05 13:06:58.436,0.81652,0.81675,1.50,1.50
2012.06.05 13:06:58.509,0.81652,0.81675,1.50,1.50
2012.06.05 13:06:58.654,0.81651,0.81675,1.50,1.50
2012.06.05 13:06:59.263,0.81652,0.81674,1.13,2.18
2012.06.05 13:06:59.338,0.81652,0.81674,1.13,2.18
2012.06.05 13:07:00.605,0.81652,0.81674,1.88,1.43
2012.06.05 13:07:00.812,0.81652,0.81674,1.13,2.18
2012.06.05 13:07:01.118,0.81652,0.81675,1.88,1.88
2012.06.05 13:07:01.254,0.81652,0.81675,1.88,1.88
2012.06.05 13:07:01.805,0.81654,0.81669,1.88,1.88
2012.06.05 13:07:02.199,0.81651,0.81667,1.13,1.88
2012.06.05 13:07:02.745,0.8165,0.81667,3.00,1.13
2012.06.05 13:07:02.813,0.8165,0.81667,2.25,1.13
2012.06.05 13:07:03.145,0.81652,0.81667,1.13,1.13
2012.06.05 13:07:04.894,0.81652,0.81667,1.13,1.88
2012.06.05 13:07:05.039,0.81653,0.8167,1.88,1.88
2012.06.05 13:07:05.118,0.81653,0.8167,1.13,1.13
2012.06.05 13:07:05.328,0.81656,0.81672,1.13,1.50
2012.06.05 13:07:05.785,0.81662,0.81673,1.13,1.50
2012.06.05 13:07:06.195,0.81664,0.81679,1.13,1.88
2012.06.05 13:07:06.621,0.81661,0.81676,1.13,1.13
2012.06.05 13:07:06.765,0.81659,0.81674,1.88,1.13
2012.06.05 13:07:07.099,0.81655,0.81681,1.13,2.25
2012.06.05 13:07:07.177,0.81659,0.81676,1.13,1.13
2012.06.05 13:07:07.786,0.81658,0.81675,1.13,1.13
2012.06.05 13:07:08.245,0.81655,0.81672,1.13,1.13
2012.06.05 13:07:08.594,0.81652,0.81669,1.13,1.13
2012.06.05 13:07:08.947,0.81648,0.81665,2.25,1.13
2012.06.05 13:07:09.261,0.81646,0.81661,1.88,1.13
2012.06.05 13:07:09.336,0.81646,0.81661,1.13,1.13
2012.06.05 13:07:09.497,0.81644,0.81658,1.13,1.13
2012.06.05 13:07:10.046,0.81642,0.81659,1.88,1.13
2012.06.05 13:07:10.325,0.81639,0.81656,1.13,1.13
2012.06.05 13:07:10.843,0.81645,0.8166,1.13,3.90
2012.06.05 13:07:11.386,0.81648,0.8166,1.13,2.02
2012.06.05 13:07:11.466,0.81648,0.81663,1.13,1.13
2012.06.05 13:07:13.234,0.81644,0.81667,1.50,2.10
2012.06.05 13:07:13.952,0.81643,0.81667,1.88,2.55
2012.06.05 13:07:14.096,0.81641,0.81666,1.13,1.50
2012.06.05 13:07:14.615,0.81641,0.81664,1.13,3.30
2012.06.05 13:07:15.407,0.81641,0.81663,1.13,1.43
2012.06.05 13:07:15.475,0.81641,0.81661,1.13,2.18
2012.06.05 13:07:15.545,0.81637,0.81661,1.13,3.30
2012.06.05 13:07:15.753,0.81636,0.81658,1.50,2.47
2012.06.05 13:07:15.883,0.81636,0.81658,1.13,2.47
2012.06.05 13:07:16.404,0.81635,0.81658,1.13,2.10
2012.06.05 13:07:17.115,0.81635,0.81657,1.13,2.63
2012.06.05 13:07:17.530,0.81628,0.8164,1.50,1.43
2012.06.05 13:07:17.748,0.81625,0.81643,1.43,1.43
2012.06.05 13:07:17.828,0.81625,0.81639,1.43,1.43
2012.06.05 13:07:18.174,0.81624,0.81636,1.50,1.43
2012.06.05 13:07:18.504,0.81622,0.81636,1.50,1.43
2012.06.05 13:07:18.646,0.81618,0.81628,1.13,1.43
2012.06.05 13:07:18.787,0.81613,0.81629,1.88,1.43
2012.06.05 13:07:18.927,0.81613,0.81629,1.88,1.43
2012.06.05 13:07:19.314,0.81615,0.81633,1.13,1.43
2012.06.05 13:07:19.867,0.81614,0.81632,4.05,1.43
2012.06.05 13:07:19.997,0.81615,0.81636,1.43,1.43
2012.06.05 13:07:20.066,0.81614,0.81627,1.50,1.43
2012.06.05 13:07:20.639,0.81612,0.81627,3.38,1.43
2012.06.05 13:07:20.975,0.81616,0.81636,1.43,3.52
2012.06.05 13:07:21.245,0.81616,0.81634,1.43,1.50
2012.06.05 13:07:21.595,0.81612,0.81628,2.18,1.43
2012.06.05 13:07:22.016,0.8161,0.81627,2.93,1.43
2012.06.05 13:07:22.496,0.81613,0.81628,1.50,1.43
2012.06.05 13:07:22.836,0.81616,0.81628,1.88,1.43
2012.06.05 13:07:22.981,0.81616,0.81633,2.93,2.40
2012.06.05 13:07:23.056,0.81616,0.81633,2.93,2.02
2012.06.05 13:07:23.776,0.81616,0.81633,1.43,1.43
2012.06.05 13:07:23.851,0.81616,0.8163,1.43,1.43
2012.06.05 13:07:24.005,0.81616,0.81633,1.43,3.60
2012.06.05 13:07:24.149,0.81614,0.8163,1.50,1.43
2012.06.05 13:07:24.296,0.81614,0.81631,2.18,1.43
2012.06.05 13:07:24.568,0.81612,0.81629,2.63,1.43
2012.06.05 13:07:24.854,0.81612,0.81631,2.18,1.43
2012.06.05 13:07:25.435,0.81612,0.81628,1.50,1.43
2012.06.05 13:07:25.633,0.81613,0.81631,1.13,1.43
2012.06.05 13:07:26.409,0.81613,0.81631,1.88,1.43
2012.06.05 13:07:26.994,0.81615,0.81631,1.88,1.43
2012.06.05 13:07:27.677,0.81611,0.81625,3.30,1.73
2012.06.05 13:07:28.003,0.81609,0.81616,1.50,1.43
2012.06.05 13:07:28.080,0.81607,0.81612,1.80,1.43
2012.06.05 13:07:28.226,0.81609,0.81616,1.50,1.43
2012.06.05 13:07:28.787,0.81604,0.81616,1.13,1.13
2012.06.05 13:07:29.124,0.81602,0.81616,2.18,1.50
2012.06.05 13:07:29.195,0.81597,0.81614,2.18,1.43
2012.06.05 13:07:29.693,0.81599,0.81616,2.18,3.15
2012.06.05 13:07:29.841,0.816,0.81617,1.43,2.40
2012.06.05 13:07:29.978,0.81597,0.81615,1.43,1.80
2012.06.05 13:07:30.495,0.81596,0.81615,1.43,2.55
2012.06.05 13:07:31.054,0.81596,0.81614,1.43,1.50
2012.06.05 13:07:31.597,0.81593,0.81606,1.50,1.43
2012.06.05 13:07:31.793,0.81593,0.81608,1.50,2.85
2012.06.05 13:07:31.864,0.81591,0.81608,2.18,2.85
2012.06.05 13:07:32.065,0.81593,0.81612,2.18,2.18
2012.06.05 13:07:32.467,0.81597,0.81613,1.43,1.43
2012.06.05 13:07:32.803,0.81595,0.81611,1.43,1.43
2012.06.05 13:07:33.208,0.81601,0.81614,1.43,2.18
2012.06.05 13:07:33.496,0.81595,0.81612,1.80,1.43
2012.06.05 13:07:33.637,0.81598,0.81615,1.43,1.43
2012.06.05 13:07:34.299,0.81594,0.81614,1.43,1.43
2012.06.05 13:07:34.445,0.81596,0.81614,4.50,1.43
2012.06.05 13:07:34.775,0.81599,0.81616,1.50,1.43
2012.06.05 13:07:35.115,0.81599,0.81608,1.50,1.43
2012.06.05 13:07:35.258,0.81596,0.81611,4.88,1.43
2012.06.05 13:07:35.336,0.81594,0.81612,2.55,1.43
2012.06.05 13:07:35.757,0.81597,0.81614,1.43,1.43
2012.06.05 13:07:36.305,0.81596,0.81616,1.43,2.18
2012.06.05 13:07:36.715,0.81596,0.81614,1.43,1.04
2012.06.05 13:07:37.055,0.81591,0.816,1.13,1.43
2012.06.05 13:07:37.533,0.81589,0.816,1.13,1.43
2012.06.05 13:07:38.723,0.81584,0.816,1.13,1.43
2012.06.05 13:07:38.855,0.81584,0.81602,1.13,1.43
2012.06.05 13:07:39.428,0.81583,0.81597,1.50,1.35
2012.06.05 13:07:39.717,0.81574,0.81592,1.80,1.43
2012.06.05 13:07:39.786,0.81574,0.81592,1.05,2.78
2012.06.05 13:07:40.065,0.8157,0.81588,1.43,1.43
2012.06.05 13:07:40.312,0.81567,0.81587,1.43,1.43
2012.06.05 13:07:40.702,0.81567,0.81589,1.43,3.15
2012.06.05 13:07:41.903,0.81567,0.8159,1.80,1.50
2012.06.05 13:07:42.385,0.81566,0.81587,1.13,1.43
2012.06.05 13:07:42.728,0.8157,0.81587,2.25,1.43
2012.06.05 13:07:42.805,0.81571,0.81589,1.50,1.43
2012.06.05 13:07:43.194,0.8157,0.8159,1.13,1.43
2012.06.05 13:07:43.722,0.8157,0.81589,2.55,1.43
2012.06.05 13:07:44.327,0.8157,0.81589,2.59,1.43
2012.06.05 13:07:45.023,0.8157,0.81589,1.47,2.09
2012.06.05 13:07:45.095,0.8157,0.81586,1.43,1.13
2012.06.05 13:07:45.366,0.81564,0.81585,3.08,1.43
2012.06.05 13:07:45.508,0.81564,0.81582,1.65,1.43
2012.06.05 13:07:45.586,0.81564,0.81584,1.65,1.43
2012.06.05 13:07:45.659,0.81563,0.81586,2.33,1.50
2012.06.05 13:07:45.738,0.81562,0.81586,1.50,1.50
2012.06.05 13:07:46.274,0.81562,0.81587,2.25,2.18
2012.06.05 13:07:46.789,0.81565,0.81587,1.13,1.13
2012.06.05 13:07:47.006,0.81566,0.81588,2.18,2.47
2012.06.05 13:07:47.410,0.81571,0.81588,1.13,1.13
2012.06.05 13:07:47.765,0.81567,0.81582,1.13,1.13
2012.06.05 13:07:48.247,0.81565,0.81582,3.60,1.43
2012.06.05 13:07:49.165,0.81566,0.81584,1.43,1.88
2012.06.05 13:07:49.381,0.81563,0.81581,1.43,1.43
2012.06.05 13:07:49.460,0.81562,0.81579,1.43,1.43
2012.06.05 13:07:49.602,0.8156,0.81579,1.43,1.43
2012.06.05 13:07:50.016,0.81559,0.81576,1.43,1.43
2012.06.05 13:07:50.154,0.8156,0.81579,1.43,1.80
2012.06.05 13:07:50.655,0.81557,0.81576,1.80,1.43
2012.06.05 13:07:51.033,0.81556,0.81574,1.88,1.43
2012.06.05 13:07:51.606,0.81557,0.81577,1.43,1.43
2012.06.05 13:07:51.796,0.81557,0.81573,2.25,1.43
2012.06.05 13:07:52.530,0.8156,0.8158,1.43,2.40
2012.06.05 13:07:53.283,0.81563,0.81581,1.43,1.72
2012.06.05 13:07:53.649,0.81561,0.81578,2.93,1.43
2012.06.05 13:07:53.956,0.81563,0.8158,2.18,1.43
2012.06.05 13:07:54.143,0.81563,0.81582,2.18,1.43
2012.06.05 13:07:54.214,0.81563,0.81582,2.18,1.43
2012.06.05 13:07:55.479,0.81565,0.81582,1.43,1.43
2012.06.05 13:07:55.565,0.81558,0.81579,1.43,1.43
2012.06.05 13:07:55.982,0.81558,0.81577,1.43,1.43
2012.06.05 13:07:56.113,0.81556,0.81576,1.80,1.43
2012.06.05 13:07:56.736,0.81564,0.81576,1.13,1.43
2012.06.05 13:07:56.945,0.81564,0.81579,2.55,2.47
2012.06.05 13:07:57.473,0.81565,0.8158,1.13,1.13
2012.06.05 13:07:58.094,0.81566,0.81581,1.13,2.55
2012.06.05 13:07:58.223,0.81563,0.81581,1.43,1.43
2012.06.05 13:07:58.297,0.81565,0.81584,1.43,2.40
2012.06.05 13:07:58.887,0.81566,0.81583,1.43,2.02
2012.06.05 13:07:59.418,0.81562,0.81581,4.05,1.43
2012.06.05 13:07:59.737,0.81562,0.81581,4.80,1.43
2012.06.05 13:08:00.597,0.81562,0.81581,2.93,1.43
2012.06.05 13:08:00.740,0.81559,0.81577,1.50,1.43
2012.06.05 13:08:00.885,0.81558,0.81577,3.38,1.43
2012.06.05 13:08:01.284,0.81559,0.81577,2.25,1.43
2012.06.05 13:08:01.903,0.81563,0.81582,1.43,1.13
2012.06.05 13:08:02.039,0.81563,0.81582,1.43,2.55
2012.06.05 13:08:02.186,0.8156,0.8158,1.80,1.43
2012.06.05 13:08:02.545,0.81565,0.81582,1.13,3.90
2012.06.05 13:08:02.956,0.81567,0.81583,1.13,1.13
2012.06.05 13:08:03.517,0.81573,0.81588,1.43,1.41
2012.06.05 13:08:03.655,0.81571,0.81589,1.43,2.93
2012.06.05 13:08:03.726,0.81568,0.81586,1.43,1.43
2012.06.05 13:08:04.232,0.81567,0.81586,2.18,1.43
2012.06.05 13:08:04.695,0.81564,0.81583,2.93,1.43
2012.06.05 13:08:05.042,0.81568,0.81585,1.43,1.43
2012.06.05 13:08:05.504,0.81573,0.8159,1.43,2.18
2012.06.05 13:08:05.787,0.81567,0.81585,2.25,1.43
2012.06.05 13:08:05.855,0.81569,0.81585,1.13,1.43
2012.06.05 13:08:06.195,0.81573,0.8159,1.43,1.43
2012.06.05 13:08:06.267,0.81575,0.81593,1.43,1.43
2012.06.05 13:08:06.803,0.81575,0.81594,1.43,2.02
2012.06.05 13:08:06.948,0.81579,0.81595,1.43,1.43
2012.06.05 13:08:07.395,0.81582,0.81598,1.43,1.50
2012.06.05 13:08:07.925,0.81584,0.81603,1.43,1.43
2012.06.05 13:08:07.997,0.81588,0.81603,1.43,1.43
2012.06.05 13:08:08.502,0.81588,0.81605,1.43,2.18
2012.06.05 13:08:09.025,0.81591,0.81607,1.43,5.25
2012.06.05 13:08:09.163,0.81594,0.8161,1.43,3.15
2012.06.05 13:08:09.293,0.81592,0.81605,1.43,1.43
2012.06.05 13:08:09.365,0.81586,0.81605,2.18,1.43
2012.06.05 13:08:09.556,0.81582,0.81602,4.80,1.43
2012.06.05 13:08:09.696,0.81585,0.81606,2.18,1.43
2012.06.05 13:08:09.763,0.81585,0.81603,2.18,1.43
2012.06.05 13:08:09.834,0.81585,0.81606,1.43,3.60
2012.06.05 13:08:09.903,0.81582,0.81602,2.93,1.43
2012.06.05 13:08:10.222,0.81584,0.81601,1.43,1.43
2012.06.05 13:08:11.002,0.81584,0.81599,1.50,1.43
2012.06.05 13:08:11.774,0.81582,0.81598,3.75,1.43
2012.06.05 13:08:12.285,0.81584,0.81598,1.13,1.43
2012.06.05 13:08:12.922,0.81585,0.81598,1.13,1.43
2012.06.05 13:08:13.067,0.81588,0.81603,1.13,1.13
2012.06.05 13:08:13.963,0.81588,0.81602,1.43,1.13
2012.06.05 13:08:14.174,0.81588,0.81602,2.18,1.13
2012.06.05 13:08:14.304,0.81592,0.81607,1.88,2.18
2012.06.05 13:08:14.446,0.81592,0.81609,3.30,2.55
2012.06.05 13:08:14.515,0.81595,0.81609,1.13,1.43
2012.06.05 13:08:14.844,0.81598,0.81612,1.43,1.13
2012.06.05 13:08:15.486,0.81597,0.81612,1.13,1.13
2012.06.05 13:08:16.040,0.81597,0.81611,1.43,1.13
2012.06.05 13:08:16.455,0.81596,0.81608,2.55,1.43
2012.06.05 13:08:16.526,0.81594,0.81611,1.43,4.35
2012.06.05 13:08:16.897,0.81597,0.81612,1.43,1.50
2012.06.05 13:08:17.751,0.81593,0.81612,1.43,2.92
2012.06.05 13:08:18.262,0.81593,0.81612,1.43,2.03
2012.06.05 13:08:18.336,0.81592,0.81609,1.43,1.43
2012.06.05 13:08:18.671,0.81594,0.81611,1.43,1.43
2012.06.05 13:08:19.101,0.81594,0.81615,2.55,1.13
2012.06.05 13:08:19.412,0.81596,0.81614,1.88,1.43
2012.06.05 13:08:19.484,0.81596,0.81617,1.88,1.88
2012.06.05 13:08:19.556,0.81596,0.81617,1.13,1.88
2012.06.05 13:08:19.948,0.816,0.81621,1.13,3.38
2012.06.05 13:08:20.098,0.81597,0.8162,1.13,1.13
2012.06.05 13:08:20.245,0.81597,0.8162,1.88,1.13
2012.06.05 13:08:20.566,0.81597,0.81618,3.38,1.13
2012.06.05 13:08:21.112,0.81598,0.81619,2.25,1.13
2012.06.05 13:08:21.663,0.81598,0.81618,1.13,1.13
2012.06.05 13:08:22.172,0.81598,0.81619,1.13,1.88
2012.06.05 13:08:22.495,0.81594,0.81617,3.68,1.13
2012.06.05 13:08:23.023,0.81599,0.81622,1.88,2.25
2012.06.05 13:08:23.379,0.81604,0.81621,1.43,1.88
2012.06.05 13:08:23.936,0.81607,0.81623,1.43,1.50
2012.06.05 13:08:24.797,0.81606,0.81622,1.43,1.43
2012.06.05 13:08:25.313,0.81605,0.81621,1.43,1.13
2012.06.05 13:08:25.816,0.81605,0.81622,1.43,1.43
2012.06.05 13:08:27.257,0.81605,0.81621,1.43,1.13
2012.06.05 13:08:27.563,0.81601,0.8162,4.05,1.43
2012.06.05 13:08:27.695,0.81605,0.81621,1.43,1.43
2012.06.05 13:08:28.235,0.81605,0.81622,1.43,1.13
2012.06.05 13:08:28.683,0.81605,0.81624,1.43,1.88
2012.06.05 13:08:28.888,0.81608,0.81625,1.43,1.13
2012.06.05 13:08:29.423,0.81616,0.81626,1.43,1.13
2012.06.05 13:08:29.498,0.81611,0.81628,1.43,1.13
2012.06.05 13:08:29.573,0.81613,0.81628,1.43,1.13
2012.06.05 13:08:29.773,0.8161,0.81629,1.43,1.13
2012.06.05 13:08:29.847,0.81609,0.81629,2.18,1.13
2012.06.05 13:08:29.990,0.81617,0.81632,1.22,1.50
2012.06.05 13:08:30.070,0.8162,0.8164,1.50,2.18
2012.06.05 13:08:30.213,0.81619,0.8164,1.88,2.18
2012.06.05 13:08:30.474,0.81617,0.81637,2.18,1.88
2012.06.05 13:08:30.864,0.81618,0.81639,2.25,1.13
2012.06.05 13:08:31.006,0.81623,0.81639,1.43,1.13
2012.06.05 13:08:31.597,0.81624,0.81639,1.43,1.13
2012.06.05 13:08:31.940,0.81626,0.81641,1.43,1.50
2012.06.05 13:08:32.508,0.81629,0.81643,1.43,1.20
2012.06.05 13:08:33.087,0.81631,0.81647,1.43,2.92
2012.06.05 13:08:33.297,0.81629,0.81649,2.55,2.02
2012.06.05 13:08:33.365,0.81629,0.81649,2.55,2.18
2012.06.05 13:08:33.627,0.81629,0.81646,1.13,1.43
2012.06.05 13:08:33.826,0.81632,0.8165,1.43,2.55
2012.06.05 13:08:34.574,0.81632,0.81649,1.43,2.55
2012.06.05 13:08:34.659,0.81631,0.81645,3.30,1.43
2012.06.05 13:08:34.739,0.81633,0.81651,1.13,1.43
2012.06.05 13:08:34.946,0.81635,0.81653,1.43,1.50
2012.06.05 13:08:35.214,0.81635,0.81654,1.43,1.43
2012.06.05 13:08:35.404,0.81638,0.81654,1.13,1.43
2012.06.05 13:08:35.473,0.81638,0.81657,2.55,2.18
2012.06.05 13:08:35.606,0.81638,0.81654,1.13,1.43
2012.06.05 13:08:35.674,0.81639,0.81656,1.43,1.43
2012.06.05 13:08:35.827,0.8164,0.81658,1.13,2.93
2012.06.05 13:08:35.967,0.81644,0.8166,1.43,2.33
2012.06.05 13:08:36.421,0.81644,0.81661,1.43,3.98
2012.06.05 13:08:36.875,0.81641,0.81658,1.43,1.43
2012.06.05 13:08:37.073,0.81638,0.81656,1.43,1.43
2012.06.05 13:08:37.386,0.81635,0.81653,1.80,1.43
2012.06.05 13:08:37.454,0.81634,0.81653,4.05,1.43
2012.06.05 13:08:37.837,0.81631,0.81649,2.65,1.13
2012.06.05 13:08:38.172,0.81632,0.81646,1.43,1.13
2012.06.05 13:08:38.361,0.81632,0.81649,1.43,4.65
2012.06.05 13:08:38.432,0.8163,0.81646,1.43,1.43
2012.06.05 13:08:39.118,0.81628,0.81644,1.13,1.43
2012.06.05 13:08:39.254,0.81631,0.81649,1.43,1.13
2012.06.05 13:08:39.323,0.81628,0.81643,1.13,1.43
2012.06.05 13:08:39.453,0.81625,0.81642,4.35,1.43
2012.06.05 13:08:41.314,0.81625,0.81641,1.43,1.43
2012.06.05 13:08:41.383,0.81622,0.81639,2.55,1.43
2012.06.05 13:08:41.726,0.81625,0.81641,1.43,1.43
2012.06.05 13:08:42.049,0.81625,0.81636,1.43,1.13
2012.06.05 13:08:42.336,0.81617,0.81629,1.50,1.43
2012.06.05 13:08:42.475,0.81614,0.81622,2.25,1.43
2012.06.05 13:08:42.675,0.81614,0.81624,2.25,2.85
2012.06.05 13:08:42.807,0.81614,0.81626,2.25,1.43
2012.06.05 13:08:42.935,0.81614,0.81628,2.25,1.43
2012.06.05 13:08:43.204,0.81613,0.81629,1.50,2.93
2012.06.05 13:08:43.275,0.81611,0.81627,1.65,1.43
2012.06.05 13:08:43.345,0.81609,0.81627,2.34,1.43
2012.06.05 13:08:43.947,0.81609,0.81627,1.43,2.85
2012.06.05 13:08:44.075,0.81606,0.81625,1.80,1.43
2012.06.05 13:08:44.489,0.8161,0.81627,1.43,2.85
2012.06.05 13:08:45.453,0.81615,0.81627,1.13,1.43
2012.06.05 13:08:45.527,0.81615,0.81631,1.13,2.03
2012.06.05 13:08:46.053,0.81614,0.81632,1.43,1.43
2012.06.05 13:08:47.702,0.81613,0.8163,1.43,1.43
2012.06.05 13:08:48.486,0.8161,0.81626,3.30,1.43
2012.06.05 13:08:48.802,0.81606,0.81622,2.63,1.43
2012.06.05 13:08:49.265,0.81604,0.81618,2.18,1.43
2012.06.05 13:08:49.866,0.81602,0.81613,1.43,1.13
2012.06.05 13:08:50.215,0.81599,0.81607,1.50,1.43
2012.06.05 13:08:50.557,0.81599,0.81605,1.50,1.43
2012.06.05 13:08:50.768,0.81591,0.81605,1.13,1.43
2012.06.05 13:08:51.114,0.81588,0.81605,1.50,1.43
2012.06.05 13:08:51.635,0.81588,0.81605,1.50,1.43
2012.06.05 13:08:51.928,0.81586,0.81601,2.55,1.88
2012.06.05 13:08:52.397,0.81582,0.81587,2.18,2.78
2012.06.05 13:08:52.747,0.81573,0.8158,1.50,1.35
2012.06.05 13:08:52.817,0.81573,0.81583,1.50,1.13
2012.06.05 13:08:52.954,0.81564,0.81583,1.50,1.88
2012.06.05 13:08:53.433,0.8156,0.8158,1.50,1.43
2012.06.05 13:08:53.681,0.81562,0.81579,1.43,1.43
2012.06.05 13:08:53.814,0.81563,0.81582,1.43,2.18
2012.06.05 13:08:54.274,0.81565,0.81582,1.13,2.18
2012.06.05 13:08:54.624,0.81569,0.81585,1.43,1.50
2012.06.05 13:08:55.218,0.81571,0.81589,1.43,1.50
2012.06.05 13:08:55.367,0.81573,0.8159,1.43,1.43
2012.06.05 13:08:55.705,0.81575,0.8159,1.13,1.43
2012.06.05 13:08:56.054,0.81579,0.81594,1.43,1.50
2012.06.05 13:08:56.604,0.81579,0.81596,1.43,1.88
2012.06.05 13:08:56.674,0.81577,0.81594,1.43,1.43
2012.06.05 13:08:57.181,0.81576,0.81595,2.55,1.43
2012.06.05 13:08:57.438,0.81581,0.81597,1.13,2.18
2012.06.05 13:08:58.067,0.81582,0.81599,1.43,1.43
2012.06.05 13:08:58.143,0.81584,0.81602,1.43,1.88
2012.06.05 13:08:59.394,0.81581,0.81598,1.43,1.43
2012.06.05 13:08:59.465,0.81585,0.816,1.43,2.18
2012.06.05 13:08:59.605,0.81581,0.81598,1.43,1.43
2012.06.05 13:08:59.747,0.81583,0.81598,1.13,1.43
2012.06.05 13:08:59.958,0.81577,0.81596,2.55,2.55
2012.06.05 13:09:00.035,0.81577,0.81596,1.43,4.80
2012.06.05 13:09:00.174,0.81577,0.81594,1.43,2.55
2012.06.05 13:09:00.733,0.81573,0.81589,1.43,1.13
2012.06.05 13:09:01.076,0.81573,0.81578,1.43,1.13
2012.06.05 13:09:01.146,0.81566,0.81579,1.43,1.50
2012.06.05 13:09:01.213,0.81561,0.81579,1.43,1.50
2012.06.05 13:09:01.754,0.81561,0.8158,2.55,4.05
2012.06.05 13:09:02.258,0.81561,0.81577,1.43,1.13
2012.06.05 13:09:02.607,0.81561,0.81575,1.43,1.13
2012.06.05 13:09:02.736,0.81559,0.81575,2.85,1.13
2012.06.05 13:09:03.344,0.81559,0.81576,1.43,3.30
2012.06.05 13:09:03.484,0.81559,0.81574,1.43,1.43
2012.06.05 13:09:03.996,0.81559,0.81575,1.43,1.43
2012.06.05 13:09:04.208,0.81555,0.81573,2.25,2.93
2012.06.05 13:09:04.418,0.81554,0.81566,1.13,1.43
2012.06.05 13:09:04.855,0.81553,0.81566,1.13,1.43
2012.06.05 13:09:05.402,0.81552,0.81567,1.50,1.43
2012.06.05 13:09:05.544,0.81553,0.81572,1.80,2.18
2012.06.05 13:09:09.122,0.81551,0.81569,4.35,1.43
2012.06.05 13:09:09.882,0.81551,0.81569,3.30,1.43
2012.06.05 13:09:10.237,0.81555,0.8157,1.13,1.13
2012.06.05 13:09:10.381,0.81555,0.81572,1.13,1.43
2012.06.05 13:09:10.858,0.81555,0.81574,1.43,1.88
2012.06.05 13:09:11.337,0.81555,0.81574,1.43,1.88
2012.06.05 13:09:11.903,0.81554,0.81572,1.43,2.18
2012.06.05 13:09:12.452,0.81553,0.81572,2.55,1.43
2012.06.05 13:09:12.864,0.81553,0.81571,1.80,2.93
2012.06.05 13:09:13.191,0.81551,0.81569,2.18,2.18
2012.06.05 13:09:13.270,0.8155,0.81567,1.88,1.43
2012.06.05 13:09:13.675,0.8155,0.8157,2.55,1.50
2012.06.05 13:09:13.955,0.8155,0.81568,1.43,1.88
2012.06.05 13:09:14.155,0.81548,0.81566,2.18,2.18
2012.06.05 13:09:14.436,0.81551,0.81568,1.43,3.38
2012.06.05 13:09:14.945,0.81551,0.81568,1.43,2.63
2012.06.05 13:09:15.451,0.8155,0.81568,1.43,2.93
2012.06.05 13:09:15.761,0.8155,0.81568,1.43,2.93
2012.06.05 13:09:16.762,0.8155,0.81568,1.43,2.93
2012.06.05 13:09:18.387,0.81553,0.81568,1.43,1.50
2012.06.05 13:09:18.597,0.81546,0.81567,2.55,1.43
2012.06.05 13:09:19.312,0.81546,0.81563,1.13,1.43
2012.06.05 13:09:22.402,0.81548,0.81563,1.13,1.43
2012.06.05 13:09:22.873,0.81548,0.81567,1.13,3.30
2012.06.05 13:09:23.163,0.81545,0.81564,1.43,1.43
2012.06.05 13:09:23.752,0.81545,0.81562,1.13,1.43
2012.06.05 13:09:23.885,0.81543,0.81562,2.55,1.43
2012.06.05 13:09:24.835,0.81542,0.81561,2.55,1.43
2012.06.05 13:09:25.985,0.81544,0.81563,1.43,1.43
2012.06.05 13:09:26.761,0.81538,0.81557,3.68,1.13
2012.06.05 13:09:27.285,0.81541,0.8156,1.43,1.88
2012.06.05 13:09:27.427,0.81538,0.81556,1.13,1.43
2012.06.05 13:09:27.500,0.81535,0.81556,2.55,2.55
2012.06.05 13:09:27.716,0.81535,0.81556,1.43,3.30
2012.06.05 13:09:28.177,0.81535,0.81552,1.43,1.43
2012.06.05 13:09:28.734,0.81534,0.81551,1.13,1.43
2012.06.05 13:09:28.933,0.81534,0.81553,3.30,2.55
2012.06.05 13:09:29.445,0.81534,0.81553,2.55,2.93
2012.06.05 13:09:29.523,0.81534,0.81552,1.43,1.13
2012.06.05 13:09:29.595,0.81532,0.81549,2.55,1.43
2012.06.05 13:09:29.803,0.8153,0.81549,1.43,1.43
2012.06.05 13:09:30.102,0.81534,0.81552,1.43,2.25
2012.06.05 13:09:30.173,0.81534,0.81552,1.43,2.25
2012.06.05 13:09:30.465,0.81532,0.81552,1.43,2.25
2012.06.05 13:09:31.057,0.81531,0.81552,1.13,1.88
2012.06.05 13:09:31.182,0.81532,0.81552,1.50,1.13
2012.06.05 13:09:31.759,0.81532,0.81552,1.50,2.10
2012.06.05 13:09:32.863,0.81533,0.81554,3.75,1.72
2012.06.05 13:09:33.475,0.81534,0.81554,1.50,1.35
2012.06.05 13:09:33.985,0.81534,0.81554,1.88,1.35
2012.06.05 13:09:34.319,0.81542,0.8156,1.50,1.50
2012.06.05 13:09:34.396,0.81541,0.81561,1.88,2.25
2012.06.05 13:09:34.735,0.81541,0.81558,1.43,1.35
2012.06.05 13:09:35.273,0.81542,0.81558,1.43,4.65
2012.06.05 13:09:35.798,0.81538,0.81557,1.43,2.55
2012.06.05 13:09:35.877,0.81538,0.81557,1.43,3.30
2012.06.05 13:09:36.017,0.81536,0.81554,2.93,1.43
2012.06.05 13:09:36.389,0.81543,0.81558,1.43,1.50
2012.06.05 13:09:36.536,0.8154,0.81558,4.35,1.43
2012.06.05 13:09:36.677,0.8154,0.81558,2.93,1.43
2012.06.05 13:09:36.885,0.8154,0.81558,2.18,1.43
2012.06.05 13:09:37.014,0.81544,0.81559,1.43,1.13
2012.06.05 13:09:37.143,0.81544,0.81562,1.43,3.00
2012.06.05 13:09:37.413,0.81541,0.8156,2.18,1.43
2012.06.05 13:09:37.906,0.81541,0.81558,1.43,1.43
2012.06.05 13:09:39.417,0.81542,0.81558,1.43,1.43
2012.06.05 13:09:39.489,0.81544,0.81561,1.43,3.60
2012.06.05 13:09:39.568,0.81541,0.81558,1.43,1.43
2012.06.05 13:09:39.832,0.81543,0.81561,1.43,1.13
2012.06.05 13:09:40.155,0.81541,0.81558,1.43,1.43
2012.06.05 13:09:40.928,0.81544,0.81561,1.43,2.18
2012.06.05 13:09:41.731,0.81544,0.81561,1.43,3.30
2012.06.05 13:09:42.004,0.8154,0.81559,1.43,1.43
2012.06.05 13:09:42.343,0.8154,0.81557,1.43,1.13
2012.06.05 13:09:42.674,0.81537,0.81552,1.13,3.30
2012.06.05 13:09:43.024,0.81534,0.81546,2.63,1.43
2012.06.05 13:09:43.530,0.81534,0.81546,1.50,1.43
2012.06.05 13:09:43.885,0.81534,0.8155,1.50,1.43
2012.06.05 13:09:44.338,0.81534,0.81552,1.50,1.88
2012.06.05 13:09:45.452,0.81533,0.81553,1.50,2.63
2012.06.05 13:09:46.204,0.81535,0.81554,1.50,1.35
2012.06.05 13:09:46.865,0.81538,0.81556,1.50,1.05
2012.06.05 13:09:46.943,0.81541,0.81559,1.13,1.13
2012.06.05 13:09:47.086,0.81541,0.8156,1.13,1.13
2012.06.05 13:09:48.400,0.81541,0.81563,1.13,2.25
2012.06.05 13:09:48.479,0.81541,0.81563,1.88,1.50
2012.06.05 13:09:49.059,0.81567,0.81575,1.50,1.35
2012.06.05 13:09:49.280,0.81572,0.81576,1.50,1.05
2012.06.05 13:09:49.360,0.81571,0.81576,1.50,1.05
2012.06.05 13:09:49.441,0.81579,0.81584,1.13,1.43
2012.06.05 13:09:49.516,0.81576,0.8158,1.13,1.05
2012.06.05 13:09:49.655,0.81577,0.81593,1.13,2.91
2012.06.05 13:09:50.404,0.81578,0.81593,1.43,1.41
2012.06.05 13:09:50.474,0.81578,0.81593,1.43,1.41
2012.06.05 13:09:50.619,0.81579,0.81595,1.13,1.41
2012.06.05 13:09:50.766,0.81579,0.81595,1.13,1.41
2012.06.05 13:09:51.278,0.81579,0.81599,1.13,2.55
2012.06.05 13:09:51.825,0.8158,0.81599,1.13,1.80
2012.06.05 13:09:52.013,0.81577,0.81597,2.18,1.13
2012.06.05 13:09:52.083,0.81577,0.81597,1.43,1.13
2012.06.05 13:09:52.152,0.81577,0.81595,1.43,1.13
2012.06.05 13:09:52.713,0.81575,0.81594,1.13,2.55
2012.06.05 13:09:52.854,0.81573,0.81594,4.80,2.55
2012.06.05 13:09:52.923,0.81573,0.81592,3.38,1.43
2012.06.05 13:09:54.007,0.81573,0.81592,1.50,1.43
2012.06.05 13:09:54.148,0.81573,0.81594,1.50,1.13
2012.06.05 13:09:54.695,0.81575,0.81596,1.13,1.50
2012.06.05 13:09:54.969,0.81578,0.81598,1.88,1.43
2012.06.05 13:09:55.118,0.81577,0.81598,2.55,1.88
2012.06.05 13:09:55.655,0.81577,0.81598,3.38,1.88
2012.06.05 13:09:56.207,0.81576,0.81593,1.13,1.13
2012.06.05 13:09:57.303,0.81574,0.81593,4.50,1.13
2012.06.05 13:09:59.113,0.81576,0.81593,1.13,1.13
2012.06.05 13:09:59.955,0.81577,0.81593,1.43,1.13
2012.06.05 13:10:00.902,0.81577,0.81594,2.55,1.13
2012.06.05 13:10:01.498,0.81577,0.81596,1.88,1.13
2012.06.05 13:10:01.636,0.81578,0.81594,1.50,1.13
2012.06.05 13:10:01.846,0.81575,0.81592,2.63,1.13
2012.06.05 13:10:02.366,0.81574,0.81591,1.88,1.13
2012.06.05 13:10:02.516,0.81576,0.81593,1.13,1.13
2012.06.05 13:10:03.036,0.81575,0.81592,1.13,1.13
2012.06.05 13:10:03.356,0.81573,0.8159,2.25,1.13
2012.06.05 13:10:03.880,0.8157,0.81586,3.38,1.13
2012.06.05 13:10:04.545,0.8157,0.81587,1.13,1.13
2012.06.05 13:10:05.056,0.81571,0.81588,1.13,1.13
2012.06.05 13:10:07.825,0.81574,0.81591,1.13,1.50
2012.06.05 13:10:08.165,0.81578,0.81596,1.13,2.48
2012.06.05 13:10:08.364,0.81578,0.81596,1.13,1.13
2012.06.05 13:10:08.926,0.81578,0.81595,1.13,1.13
2012.06.05 13:10:10.354,0.81577,0.81594,1.13,1.13
2012.06.05 13:10:10.509,0.81575,0.81594,1.88,1.13
2012.06.05 13:10:12.575,0.81574,0.81593,1.13,1.88
2012.06.05 13:10:12.644,0.81574,0.81593,1.13,2.63
2012.06.05 13:10:13.093,0.81574,0.81593,1.13,1.88
2012.06.05 13:10:13.705,0.81574,0.81593,4.13,1.13
2012.06.05 13:10:14.239,0.81579,0.81595,1.43,1.13
2012.06.05 13:10:14.563,0.81579,0.81593,1.43,1.13
2012.06.05 13:10:15.724,0.81579,0.81594,1.43,1.13
2012.06.05 13:10:16.049,0.81577,0.81594,2.55,2.55
2012.06.05 13:10:16.199,0.8158,0.81594,1.13,1.43
2012.06.05 13:10:16.275,0.8158,0.81597,1.13,2.25
2012.06.05 13:10:16.818,0.81583,0.81599,1.43,2.85
2012.06.05 13:10:17.274,0.81587,0.81599,1.13,1.43
2012.06.05 13:10:17.631,0.81593,0.81607,1.13,2.25
2012.06.05 13:10:17.975,0.81596,0.8161,1.13,1.35
2012.06.05 13:10:18.317,0.81601,0.81613,1.13,2.18
2012.06.05 13:10:18.457,0.81608,0.81618,1.13,1.50
2012.06.05 13:10:18.808,0.81607,0.81622,2.55,2.25
2012.06.05 13:10:19.685,0.81607,0.81618,1.13,1.43
2012.06.05 13:10:19.893,0.81602,0.81617,1.88,1.43
2012.06.05 13:10:20.035,0.81601,0.81613,1.43,1.43
2012.06.05 13:10:20.363,0.816,0.8161,1.13,1.43
2012.06.05 13:10:20.805,0.816,0.81615,1.13,1.43
2012.06.05 13:10:20.875,0.81603,0.81618,1.13,2.18
2012.06.05 13:10:21.394,0.81603,0.81622,2.55,3.30
2012.06.05 13:10:21.467,0.81603,0.8162,1.43,1.13
2012.06.05 13:10:21.904,0.81605,0.81622,2.55,2.55
2012.06.05 13:10:22.244,0.81607,0.81623,1.43,1.88
2012.06.05 13:10:22.595,0.81604,0.81619,1.13,1.43
2012.06.05 13:10:22.915,0.81601,0.81616,1.50,1.13
2012.06.05 13:10:23.474,0.81601,0.81616,1.88,1.43
2012.06.05 13:10:23.743,0.81597,0.81614,4.73,1.13
2012.06.05 13:10:24.481,0.81598,0.81614,2.18,1.13
2012.06.05 13:10:24.841,0.81611,0.81617,1.88,1.43
2012.06.05 13:10:24.920,0.81615,0.81628,1.13,2.18
2012.06.05 13:10:24.997,0.81615,0.81628,1.13,1.43
2012.06.05 13:10:25.275,0.81616,0.81632,1.43,2.25
2012.06.05 13:10:26.513,0.81616,0.81631,1.43,1.13
2012.06.05 13:10:27.054,0.81616,0.81628,1.88,1.43
2012.06.05 13:10:27.526,0.81616,0.81632,1.88,2.18
2012.06.05 13:10:27.864,0.81616,0.81629,1.13,1.43
2012.06.05 13:10:28.066,0.81616,0.81632,1.13,1.43
2012.06.05 13:10:28.612,0.81615,0.81631,1.43,1.43
2012.06.05 13:10:28.684,0.81614,0.81629,1.88,1.43
2012.06.05 13:10:28.825,0.81615,0.81631,1.43,2.18
2012.06.05 13:10:28.893,0.81618,0.81634,1.43,1.88
2012.06.05 13:10:29.025,0.81618,0.81634,1.43,1.88
2012.06.05 13:10:29.558,0.81618,0.81633,1.43,1.13
2012.06.05 13:10:29.816,0.81616,0.81632,1.13,1.43
2012.06.05 13:10:30.006,0.81614,0.81632,2.63,2.18
2012.06.05 13:10:30.822,0.81614,0.81632,1.88,2.18
2012.06.05 13:10:31.813,0.81616,0.81632,1.43,1.43
2012.06.05 13:10:32.328,0.81619,0.81634,1.43,1.13
2012.06.05 13:10:32.685,0.81621,0.81633,1.43,1.13
2012.06.05 13:10:32.815,0.81621,0.81637,2.18,1.88
2012.06.05 13:10:32.958,0.81621,0.81635,1.88,1.43
2012.06.05 13:10:33.223,0.81622,0.81638,3.30,2.85
2012.06.05 13:10:33.733,0.81623,0.81639,2.18,1.88
2012.06.05 13:10:34.367,0.81623,0.81639,2.18,1.88
2012.06.05 13:10:34.677,0.81623,0.81633,2.18,1.13
2012.06.05 13:10:34.749,0.81623,0.81633,2.18,1.13
2012.06.05 13:10:34.827,0.81623,0.8163,1.43,1.13
2012.06.05 13:10:35.095,0.81621,0.81633,1.43,1.13
2012.06.05 13:10:35.425,0.81618,0.8163,2.18,1.13
2012.06.05 13:10:35.774,0.81614,0.81623,1.50,1.43
2012.06.05 13:10:36.342,0.81612,0.81626,1.35,1.43
2012.06.05 13:10:36.418,0.81612,0.81627,2.48,2.18
2012.06.05 13:10:36.565,0.81614,0.81631,2.18,3.30
2012.06.05 13:10:37.116,0.81614,0.81631,2.18,3.98
2012.06.05 13:10:37.317,0.81614,0.81629,1.43,1.13
2012.06.05 13:10:37.664,0.8162,0.81632,1.43,1.88
2012.06.05 13:10:38.105,0.8162,0.81634,1.43,1.13
2012.06.05 13:10:38.542,0.8162,0.81631,1.43,1.13
2012.06.05 13:10:38.936,0.8162,0.81634,1.43,1.88
2012.06.05 13:10:39.385,0.8162,0.81632,1.43,1.13
2012.06.05 13:10:39.785,0.81615,0.81632,3.30,2.55
2012.06.05 13:10:40.268,0.81615,0.8163,1.88,1.43
2012.06.05 13:10:40.416,0.81615,0.81632,3.68,1.43
2012.06.05 13:10:40.685,0.81616,0.81632,1.88,1.43
2012.06.05 13:10:41.036,0.81614,0.81627,1.50,2.55
2012.06.05 13:10:41.224,0.81612,0.81627,1.88,3.30
2012.06.05 13:10:41.733,0.8161,0.81626,1.73,1.13
2012.06.05 13:10:42.232,0.81611,0.81627,1.50,2.55
2012.06.05 13:10:43.428,0.81612,0.81628,1.43,2.55
2012.06.05 13:10:43.506,0.81609,0.81626,4.43,1.43
2012.06.05 13:10:44.367,0.81626,0.81631,1.50,2.25
2012.06.05 13:10:44.436,0.81639,0.81654,2.10,1.75
2012.06.05 13:10:44.507,0.81642,0.81655,1.35,2.43
2012.06.05 13:10:44.635,0.81645,0.81655,1.50,1.43
2012.06.05 13:10:44.707,0.81647,0.81655,2.63,1.43
2012.06.05 13:10:44.835,0.81652,0.81657,1.13,1.43
2012.06.05 13:10:45.316,0.81651,0.81667,1.88,2.18
2012.06.05 13:10:45.398,0.81653,0.81667,1.43,1.13
2012.06.05 13:10:45.716,0.81653,0.81662,1.43,1.13
2012.06.05 13:10:45.782,0.81645,0.81662,4.05,1.13
2012.06.05 13:10:45.853,0.81645,0.8166,1.50,1.43
2012.06.05 13:10:46.184,0.81643,0.81647,1.43,1.13
2012.06.05 13:10:46.513,0.81637,0.81646,2.18,2.16
2012.06.05 13:10:46.713,0.81637,0.81643,1.43,1.88
2012.06.05 13:10:46.848,0.81624,0.8164,1.43,1.13
2012.06.05 13:10:47.065,0.81624,0.8164,1.50,1.43
2012.06.05 13:10:47.415,0.81633,0.8165,1.43,1.50
2012.06.05 13:10:47.666,0.81633,0.81649,1.43,1.13
2012.06.05 13:10:47.736,0.81633,0.81646,1.43,1.43
2012.06.05 13:10:48.065,0.81627,0.81641,1.13,1.43
2012.06.05 13:10:48.463,0.81624,0.81639,2.55,1.50
2012.06.05 13:10:48.543,0.81618,0.81635,2.55,1.43
2012.06.05 13:10:49.043,0.8162,0.81638,1.43,1.72
2012.06.05 13:10:49.303,0.8162,0.81638,1.43,1.72
2012.06.05 13:10:49.650,0.8162,0.81638,2.18,1.35
2012.06.05 13:10:50.001,0.81638,0.81646,1.35,2.02
2012.06.05 13:10:50.077,0.81643,0.81656,1.13,1.50
2012.06.05 13:10:50.278,0.81646,0.81659,1.43,1.50
2012.06.05 13:10:50.810,0.8165,0.81662,1.43,1.13
2012.06.05 13:10:50.888,0.81648,0.81661,1.88,2.18
2012.06.05 13:10:50.963,0.81648,0.81661,1.88,2.18
2012.06.05 13:10:51.224,0.81648,0.81665,1.88,3.30
2012.06.05 13:10:51.294,0.81651,0.81665,1.13,3.30
2012.06.05 13:10:51.437,0.81653,0.81667,1.43,1.50
2012.06.05 13:10:51.507,0.81653,0.8167,1.43,1.35
2012.06.05 13:10:53.089,0.8165,0.81668,1.43,2.63
2012.06.05 13:10:53.237,0.81647,0.81666,2.18,2.55
2012.06.05 13:10:53.305,0.81647,0.81664,1.43,1.43
2012.06.05 13:10:53.841,0.81645,0.81662,1.13,1.43
2012.06.05 13:10:54.053,0.81643,0.81662,1.80,2.18
2012.06.05 13:10:54.125,0.81641,0.81658,5.85,1.43
2012.06.05 13:10:54.205,0.81644,0.81661,1.43,2.18
2012.06.05 13:10:54.341,0.81641,0.81658,2.93,1.43
2012.06.05 13:10:54.697,0.81639,0.81656,2.93,1.43
2012.06.05 13:10:54.896,0.81641,0.81656,2.93,2.18
2012.06.05 13:10:55.247,0.8164,0.8165,1.13,1.43
2012.06.05 13:10:55.499,0.81642,0.81659,2.55,2.18
2012.06.05 13:10:55.578,0.81645,0.81659,1.13,2.18
2012.06.05 13:10:55.658,0.81645,0.81659,1.88,1.43
2012.06.05 13:10:56.133,0.81645,0.81657,1.13,1.43
2012.06.05 13:10:56.446,0.81646,0.81654,1.13,1.43
2012.06.05 13:10:56.514,0.81646,0.81662,1.13,1.43
2012.06.05 13:10:57.363,0.81645,0.8166,1.88,1.43
2012.06.05 13:10:57.649,0.81641,0.8166,2.93,1.43
2012.06.05 13:10:57.729,0.8164,0.81655,2.93,1.43
2012.06.05 13:10:58.075,0.81638,0.81653,1.50,1.43
2012.06.05 13:10:58.404,0.81636,0.81653,1.43,2.93
2012.06.05 13:10:58.954,0.81635,0.81652,2.55,2.18
2012.06.05 13:10:59.165,0.81635,0.81649,1.13,1.43
2012.06.05 13:10:59.445,0.81632,0.81647,1.13,2.18
2012.06.05 13:10:59.648,0.81632,0.81644,1.13,1.43
2012.06.05 13:11:00.275,0.81632,0.81643,1.13,1.43
2012.06.05 13:11:00.356,0.8163,0.81643,1.13,1.43
2012.06.05 13:11:00.974,0.8163,0.81646,1.13,1.43
2012.06.05 13:11:01.784,0.81632,0.81646,1.13,1.43
2012.06.05 13:11:02.763,0.81634,0.81646,1.13,1.43
2012.06.05 13:11:02.835,0.81635,0.81648,1.43,1.43
2012.06.05 13:11:03.027,0.81636,0.81652,1.13,2.18
2012.06.05 13:11:03.410,0.8164,0.81652,1.13,2.18
2012.06.05 13:11:03.619,0.81638,0.81655,1.13,2.18
2012.06.05 13:11:03.695,0.8164,0.81655,1.13,2.18
2012.06.05 13:11:04.023,0.81644,0.81657,1.13,3.60
2012.06.05 13:11:04.154,0.81644,0.81657,1.13,2.85
2012.06.05 13:11:04.485,0.81644,0.8166,1.13,1.13
2012.06.05 13:11:05.614,0.81644,0.81658,1.13,1.43
2012.06.05 13:11:06.314,0.81643,0.81658,1.13,1.43
2012.06.05 13:11:08.714,0.81644,0.81658,1.13,1.43
2012.06.05 13:11:09.254,0.81644,0.8166,1.13,1.43
2012.06.05 13:11:10.416,0.81645,0.81663,1.43,2.25
2012.06.05 13:11:10.852,0.81644,0.8166,1.88,1.43
2012.06.05 13:11:12.008,0.81644,0.81659,1.13,1.43
2012.06.05 13:11:12.313,0.81643,0.81657,1.13,1.43
2012.06.05 13:11:14.001,0.81643,0.81659,1.13,1.43
2012.06.05 13:11:14.535,0.81647,0.81663,1.13,3.30
2012.06.05 13:11:14.884,0.81653,0.81671,2.55,5.48
2012.06.05 13:11:14.955,0.81656,0.81671,1.43,2.93
2012.06.05 13:11:15.341,0.81652,0.8167,1.43,1.13
2012.06.05 13:11:15.420,0.81651,0.81668,1.43,3.30
2012.06.05 13:11:15.874,0.81651,0.81668,1.43,3.30
2012.06.05 13:11:16.215,0.81651,0.81668,1.43,3.30
2012.06.05 13:11:16.489,0.81653,0.8167,1.43,1.50
2012.06.05 13:11:16.567,0.81653,0.81671,1.43,1.88
2012.06.05 13:11:16.635,0.81653,0.81671,1.43,1.88
2012.06.05 13:11:17.164,0.81652,0.81668,1.13,2.18
2012.06.05 13:11:17.674,0.81652,0.81668,1.13,2.18
2012.06.05 13:11:18.005,0.81654,0.81671,1.43,2.18
2012.06.05 13:11:18.575,0.81653,0.81668,1.13,2.18
2012.06.05 13:11:19.904,0.81655,0.81668,1.13,2.18
2012.06.05 13:11:20.093,0.81655,0.81671,1.13,1.88
2012.06.05 13:11:22.223,0.81653,0.81669,3.30,1.13
2012.06.05 13:11:22.664,0.81655,0.81672,1.13,3.30
2012.06.05 13:11:22.738,0.81659,0.81674,1.13,2.18
2012.06.05 13:11:23.094,0.81662,0.81677,1.13,1.50
2012.06.05 13:11:23.577,0.81661,0.81674,2.63,1.43
2012.06.05 13:11:23.960,0.8166,0.81672,1.13,1.43
2012.06.05 13:11:24.954,0.81661,0.81674,1.13,1.43
2012.06.05 13:11:25.484,0.81661,0.81675,1.13,1.43
2012.06.05 13:11:27.604,0.81661,0.81678,1.13,1.88
2012.06.05 13:11:28.223,0.81661,0.81675,1.13,1.43
2012.06.05 13:11:28.294,0.81659,0.81675,1.13,1.43
2012.06.05 13:11:28.434,0.81658,0.81673,2.63,1.43
2012.06.05 13:11:28.845,0.81662,0.81673,1.50,1.43
2012.06.05 13:11:29.317,0.81661,0.81675,2.78,1.13
2012.06.05 13:11:29.388,0.81658,0.81675,4.05,1.13
2012.06.05 13:11:29.571,0.81658,0.81674,2.18,1.88
2012.06.05 13:11:30.032,0.81654,0.81667,2.25,1.43
2012.06.05 13:11:30.556,0.81652,0.81668,2.93,2.18
2012.06.05 13:11:30.624,0.81652,0.81668,1.50,2.18
2012.06.05 13:11:30.906,0.8165,0.81668,1.50,3.30
2012.06.05 13:11:31.163,0.8165,0.81668,1.13,3.30
2012.06.05 13:11:31.725,0.81647,0.81663,2.18,1.13
2012.06.05 13:11:31.986,0.81647,0.81664,1.88,3.30
2012.06.05 13:11:32.303,0.81647,0.81662,1.88,2.18
2012.06.05 13:11:32.858,0.81647,0.81662,1.13,1.43
2012.06.05 13:11:33.427,0.81647,0.81661,1.13,1.43
2012.06.05 13:11:34.747,0.81647,0.81664,2.55,1.88
2012.06.05 13:11:34.957,0.81644,0.81663,3.30,3.30
2012.06.05 13:11:35.498,0.81644,0.81659,2.18,1.13
2012.06.05 13:11:35.810,0.81642,0.81656,1.88,2.18
2012.06.05 13:11:36.157,0.81645,0.81659,1.13,2.18
2012.06.05 13:11:36.435,0.81642,0.81659,1.13,4.35
2012.06.05 13:11:36.506,0.81642,0.81655,1.13,1.43
2012.06.05 13:11:37.075,0.81642,0.81658,1.13,4.35
2012.06.05 13:11:37.363,0.81645,0.81658,1.13,4.35
2012.06.05 13:11:37.506,0.81646,0.81661,1.43,1.50
2012.06.05 13:11:37.575,0.81645,0.81657,1.13,1.43
2012.06.05 13:11:38.088,0.81645,0.81659,1.13,2.18
2012.06.05 13:11:39.467,0.81645,0.81661,1.13,4.73
2012.06.05 13:11:39.603,0.81647,0.81661,1.13,1.43
2012.06.05 13:11:39.934,0.81645,0.81661,1.13,1.43
2012.06.05 13:11:40.007,0.81645,0.81659,1.13,1.43
2012.06.05 13:11:40.324,0.81647,0.8166,1.13,1.43
2012.06.05 13:11:40.395,0.81647,0.81663,1.13,1.43
2012.06.05 13:11:40.879,0.81647,0.81663,1.88,1.43
2012.06.05 13:11:41.020,0.81654,0.81667,1.50,2.93
2012.06.05 13:11:41.389,0.81655,0.8167,2.18,3.68
2012.06.05 13:11:41.664,0.81659,0.81669,1.13,2.18
2012.06.05 13:11:41.987,0.81672,0.81679,3.53,1.41
2012.06.05 13:11:42.058,0.8167,0.81675,3.53,1.43
2012.06.05 13:11:42.139,0.81677,0.81683,1.50,2.18
2012.06.05 13:11:42.291,0.81684,0.81689,1.45,1.43
2012.06.05 13:11:42.560,0.81692,0.817,1.88,1.50
2012.06.05 13:11:42.634,0.81692,0.81701,1.50,1.50
2012.06.05 13:11:42.706,0.81693,0.81701,1.13,1.50
2012.06.05 13:11:42.778,0.8169,0.81707,1.88,1.88
2012.06.05 13:11:42.857,0.81689,0.8171,7.80,2.55
2012.06.05 13:11:42.929,0.81689,0.8171,7.05,3.30
2012.06.05 13:11:43.003,0.81689,0.8171,7.80,2.55
2012.06.05 13:11:43.665,0.81694,0.8171,1.13,1.43
2012.06.05 13:11:43.961,0.81702,0.81714,1.43,2.55
2012.06.05 13:11:44.374,0.81702,0.81717,1.43,1.13
2012.06.05 13:11:44.649,0.81702,0.81717,1.43,2.55
2012.06.05 13:11:44.727,0.81696,0.81714,1.43,1.50
2012.06.05 13:11:44.796,0.81698,0.81714,1.13,1.35
2012.06.05 13:11:45.126,0.817,0.81715,1.22,1.43
2012.06.05 13:11:45.476,0.81708,0.81719,1.13,1.43
2012.06.05 13:11:45.916,0.81709,0.81722,1.13,1.05
2012.06.05 13:11:45.992,0.81714,0.81728,2.55,1.13
2012.06.05 13:11:46.407,0.81711,0.8173,2.55,2.55
2012.06.05 13:11:46.805,0.81711,0.81729,1.13,5.03
2012.06.05 13:11:47.004,0.81709,0.81728,1.43,1.13
2012.06.05 13:11:47.076,0.81708,0.81728,2.18,1.88
2012.06.05 13:11:47.347,0.81708,0.8173,2.55,3.30
2012.06.05 13:11:47.914,0.81708,0.81729,2.55,5.18
2012.06.05 13:11:48.278,0.81711,0.81729,1.88,1.88
2012.06.05 13:11:48.626,0.81709,0.8173,2.63,1.43
2012.06.05 13:11:48.695,0.81709,0.8173,1.88,1.43
2012.06.05 13:11:48.765,0.81709,0.81727,1.50,1.43
2012.06.05 13:11:49.637,0.81704,0.81726,1.13,1.13
2012.06.05 13:11:49.705,0.81704,0.81726,1.13,1.88
2012.06.05 13:11:50.396,0.81703,0.81726,1.50,1.88
2012.06.05 13:11:50.955,0.81704,0.81727,2.25,4.05
2012.06.05 13:11:51.245,0.81704,0.81725,2.25,1.43
2012.06.05 13:11:51.676,0.81704,0.81722,1.50,1.43
2012.06.05 13:11:51.992,0.81708,0.81722,1.88,1.43
2012.06.05 13:11:52.318,0.8172,0.81733,1.13,1.41
2012.06.05 13:11:52.457,0.81717,0.81733,1.13,1.41
2012.06.05 13:11:52.607,0.81715,0.81731,1.13,1.43
2012.06.05 13:11:52.735,0.81713,0.81729,1.50,1.13
2012.06.05 13:11:53.086,0.81709,0.81718,1.50,1.43
2012.06.05 13:11:53.687,0.81708,0.81716,1.50,1.43
2012.06.05 13:11:54.016,0.81694,0.81711,1.97,2.55
2012.06.05 13:11:54.296,0.81696,0.81713,1.13,1.43
2012.06.05 13:11:54.366,0.81693,0.8171,1.13,2.55
2012.06.05 13:11:54.695,0.81692,0.81707,1.13,1.43
2012.06.05 13:11:55.025,0.81694,0.81709,1.13,2.18
2012.06.05 13:11:55.364,0.81695,0.81711,1.43,1.50
2012.06.05 13:11:55.435,0.81695,0.81708,1.43,1.13
2012.06.05 13:11:55.508,0.81692,0.81708,2.85,1.13
2012.06.05 13:11:55.586,0.81692,0.81705,1.43,1.13
2012.06.05 13:11:55.926,0.81692,0.81701,1.43,1.13
2012.06.05 13:11:56.246,0.81688,0.81703,1.43,1.13
2012.06.05 13:11:56.385,0.81685,0.81702,4.43,1.43
2012.06.05 13:11:56.455,0.81685,0.81698,2.55,1.13
2012.06.05 13:11:56.806,0.81685,0.81694,1.43,1.13
2012.06.05 13:11:57.089,0.81678,0.8169,1.88,1.43
2012.06.05 13:11:57.171,0.81678,0.81695,1.88,2.55
2012.06.05 13:11:57.246,0.81679,0.81692,1.13,1.43
2012.06.05 13:11:57.458,0.81681,0.81696,1.43,1.50
2012.06.05 13:11:57.538,0.81679,0.81695,1.13,1.43
2012.06.05 13:11:58.165,0.81682,0.81695,1.13,1.43
2012.06.05 13:11:58.241,0.81686,0.817,1.43,2.25
2012.06.05 13:11:58.698,0.81684,0.817,2.55,1.43
2012.06.05 13:11:58.846,0.81684,0.81699,1.43,1.88
2012.06.05 13:11:58.987,0.8168,0.81699,2.55,3.30
2012.06.05 13:11:59.536,0.81681,0.81697,1.43,2.55
2012.06.05 13:11:59.750,0.81677,0.81695,1.88,2.55
2012.06.05 13:12:00.090,0.81676,0.81691,2.63,1.43
2012.06.05 13:12:00.170,0.81675,0.81691,2.25,1.43
2012.06.05 13:12:00.544,0.81675,0.81689,1.13,1.43
2012.06.05 13:12:00.874,0.81673,0.81685,1.13,1.43
2012.06.05 13:12:01.216,0.81676,0.81685,1.43,1.43
2012.06.05 13:12:01.343,0.81673,0.81689,2.18,1.43
2012.06.05 13:12:01.873,0.81671,0.81688,4.05,1.13
2012.06.05 13:12:02.013,0.81671,0.81688,3.30,1.13
2012.06.05 13:12:02.550,0.81671,0.81687,2.18,1.13
2012.06.05 13:12:02.914,0.8167,0.81685,2.63,1.43
2012.06.05 13:12:02.986,0.81671,0.81687,1.43,1.13
2012.06.05 13:12:03.182,0.8167,0.81683,2.63,1.43
2012.06.05 13:12:03.545,0.81669,0.81683,2.63,1.43
2012.06.05 13:12:04.075,0.8167,0.81683,1.13,1.43
2012.06.05 13:12:04.143,0.81675,0.81683,1.13,1.43
2012.06.05 13:12:04.522,0.81673,0.81683,1.13,1.43
2012.06.05 13:12:04.715,0.81673,0.81685,1.13,1.43
2012.06.05 13:12:04.788,0.81673,0.8169,1.13,3.30
2012.06.05 13:12:04.855,0.81673,0.81684,1.88,1.43
2012.06.05 13:12:05.217,0.8167,0.81684,1.88,1.43
2012.06.05 13:12:05.417,0.81673,0.81688,1.13,1.43
2012.06.05 13:12:05.603,0.81673,0.8169,1.43,3.30
2012.06.05 13:12:05.674,0.81673,0.8169,1.43,3.30
2012.06.05 13:12:06.217,0.81671,0.81683,1.13,1.43
2012.06.05 13:12:06.536,0.81669,0.81683,1.13,1.43
2012.06.05 13:12:06.994,0.81666,0.81679,1.73,1.43
2012.06.05 13:12:07.345,0.81658,0.81674,2.55,2.18
2012.06.05 13:12:07.673,0.81658,0.81673,1.43,2.63
2012.06.05 13:12:07.923,0.81656,0.81672,1.13,2.18
2012.06.05 13:12:08.123,0.81654,0.8167,1.88,1.43
2012.06.05 13:12:08.338,0.81654,0.81667,1.88,1.43
2012.06.05 13:12:08.930,0.81655,0.81672,1.13,3.30
2012.06.05 13:12:09.067,0.81655,0.81667,1.13,1.43
2012.06.05 13:12:09.827,0.81654,0.81667,1.13,2.18
2012.06.05 13:12:10.383,0.81653,0.81667,1.13,1.43
2012.06.05 13:12:10.916,0.8165,0.81665,2.18,1.13
2012.06.05 13:12:11.266,0.81644,0.81654,2.18,1.13
2012.06.05 13:12:11.586,0.81644,0.81653,1.43,2.18
2012.06.05 13:12:11.784,0.81639,0.81655,3.02,2.18
2012.06.05 13:12:11.921,0.81639,0.81653,1.60,2.18
2012.06.05 13:12:12.278,0.81637,0.81646,1.52,1.13
2012.06.05 13:12:12.349,0.81634,0.81642,3.60,1.13
2012.06.05 13:12:12.429,0.81634,0.8164,2.18,1.13
2012.06.05 13:12:12.872,0.81626,0.81636,1.15,1.13
2012.06.05 13:12:13.232,0.81618,0.81631,1.97,1.43
2012.06.05 13:12:13.307,0.81618,0.8163,1.22,1.43
2012.06.05 13:12:13.450,0.81616,0.81628,1.88,1.43
2012.06.05 13:12:13.995,0.81614,0.81628,1.13,1.43
2012.06.05 13:12:14.068,0.81615,0.81628,1.13,1.43
2012.06.05 13:12:14.491,0.81619,0.8163,1.13,1.43
2012.06.05 13:12:14.580,0.8162,0.81636,1.43,1.72
2012.06.05 13:12:14.846,0.8162,0.81637,2.55,1.88
2012.06.05 13:12:15.055,0.81624,0.81637,1.43,1.88
2012.06.05 13:12:15.753,0.8162,0.81637,2.55,1.88
2012.06.05 13:12:15.884,0.81624,0.81637,1.43,1.88
2012.06.05 13:12:16.149,0.81624,0.81639,1.43,1.50
2012.06.05 13:12:16.294,0.81627,0.81641,1.13,1.35
2012.06.05 13:12:16.505,0.81628,0.81643,2.85,1.35
2012.06.05 13:12:17.033,0.8163,0.81645,1.43,2.85
2012.06.05 13:12:17.665,0.8163,0.81645,1.43,2.85
2012.06.05 13:12:18.178,0.81631,0.81646,1.13,1.72
2012.06.05 13:12:18.794,0.81631,0.81644,1.13,1.13
2012.06.05 13:12:19.298,0.81631,0.81644,1.13,1.72
2012.06.05 13:12:19.803,0.81631,0.81644,1.13,2.55
2012.06.05 13:12:19.875,0.81629,0.81644,1.13,2.18
2012.06.05 13:12:20.484,0.81627,0.81642,1.13,2.18
2012.06.05 13:12:20.802,0.81625,0.81641,1.13,1.43
2012.06.05 13:12:20.880,0.81625,0.81637,1.13,1.43
2012.06.05 13:12:21.235,0.81628,0.8164,1.88,1.43
2012.06.05 13:12:21.307,0.81628,0.8164,1.13,1.43
2012.06.05 13:12:21.818,0.81623,0.8164,3.00,1.43
2012.06.05 13:12:21.897,0.81623,0.81638,2.25,1.43
2012.06.05 13:12:22.478,0.81623,0.81636,2.25,1.43
2012.06.05 13:12:23.595,0.81625,0.81636,1.88,1.43
2012.06.05 13:12:23.664,0.81625,0.81638,1.88,1.43
2012.06.05 13:12:23.737,0.81625,0.81641,1.88,2.18
2012.06.05 13:12:23.865,0.81625,0.81636,1.13,1.43
2012.06.05 13:12:24.845,0.81627,0.81636,1.13,1.43
2012.06.05 13:12:24.917,0.81627,0.8164,2.63,1.43
2012.06.05 13:12:25.455,0.81627,0.8164,1.88,1.43
2012.06.05 13:12:25.728,0.81626,0.8164,1.13,1.43
2012.06.05 13:12:25.940,0.81625,0.81637,1.13,1.43
2012.06.05 13:12:26.074,0.81625,0.8164,1.13,1.43
2012.06.05 13:12:26.672,0.81624,0.8164,1.13,1.43
2012.06.05 13:12:26.744,0.81624,0.81638,1.13,1.43
2012.06.05 13:12:26.813,0.81624,0.8164,1.13,1.43
2012.06.05 13:12:27.319,0.81624,0.81641,1.13,3.30
2012.06.05 13:12:28.235,0.81624,0.81637,1.13,1.43
2012.06.05 13:12:28.634,0.81621,0.81637,1.50,2.55
2012.06.05 13:12:28.704,0.81621,0.81635,1.50,1.43
2012.06.05 13:12:28.774,0.81618,0.81635,4.50,2.55
2012.06.05 13:12:28.846,0.81618,0.81632,3.75,1.43
2012.06.05 13:12:29.053,0.81616,0.81632,3.75,1.43
2012.06.05 13:12:29.554,0.81617,0.81632,1.88,1.43
2012.06.05 13:12:30.172,0.81619,0.81632,3.30,1.43
2012.06.05 13:12:30.603,0.81621,0.81638,1.43,3.30
2012.06.05 13:12:31.279,0.8162,0.81637,2.55,1.43
2012.06.05 13:12:31.645,0.81617,0.81632,1.43,1.13
2012.06.05 13:12:32.174,0.81618,0.81633,1.43,2.25
2012.06.05 13:12:32.448,0.81615,0.81632,2.55,1.43
2012.06.05 13:12:32.828,0.81615,0.8163,1.43,1.13
2012.06.05 13:12:32.954,0.81613,0.8163,2.55,1.13
2012.06.05 13:12:33.317,0.81612,0.81626,2.35,1.13
2012.06.05 13:12:33.855,0.81611,0.81625,1.60,1.13
2012.06.05 13:12:34.406,0.81611,0.81626,1.22,1.43
2012.06.05 13:12:34.603,0.81611,0.81628,1.22,2.18
2012.06.05 13:12:34.749,0.81617,0.8163,1.43,1.88
2012.06.05 13:12:35.094,0.8162,0.81632,1.43,1.88
2012.06.05 13:12:35.543,0.81618,0.81632,1.43,1.50
2012.06.05 13:12:35.736,0.81615,0.81632,1.13,3.30
2012.06.05 13:12:35.866,0.81615,0.81632,1.88,3.30
2012.06.05 13:12:36.185,0.81616,0.81633,3.30,2.85
2012.06.05 13:12:36.393,0.81622,0.81633,1.13,1.43
2012.06.05 13:12:37.030,0.81622,0.81636,1.13,2.18
2012.06.05 13:12:37.245,0.81622,0.81638,2.55,1.13
2012.06.05 13:12:37.577,0.81621,0.81636,1.13,2.09
2012.06.05 13:12:37.853,0.81621,0.81636,1.13,1.43
2012.06.05 13:12:38.385,0.81622,0.81637,1.43,1.13
2012.06.05 13:12:38.939,0.81622,0.81639,1.43,2.55
2012.06.05 13:12:39.018,0.8162,0.81637,1.13,1.43
2012.06.05 13:12:40.125,0.81622,0.81637,1.13,1.43
2012.06.05 13:12:40.388,0.81625,0.81641,1.13,2.93
2012.06.05 13:12:40.857,0.81626,0.81641,2.18,1.43
2012.06.05 13:12:40.927,0.81632,0.81646,1.88,1.43
2012.06.05 13:12:40.995,0.81638,0.81647,1.43,2.18
2012.06.05 13:12:41.597,0.81634,0.81646,1.13,1.43
2012.06.05 13:12:42.513,0.81634,0.81643,1.13,1.43
2012.06.05 13:12:42.694,0.81632,0.81643,1.88,1.43
2012.06.05 13:12:43.004,0.81636,0.81651,1.43,2.25
2012.06.05 13:12:43.511,0.81636,0.81651,1.43,2.25
2012.06.05 13:12:43.793,0.81636,0.81649,1.43,1.13
2012.06.05 13:12:43.973,0.81634,0.81649,1.43,2.55
2012.06.05 13:12:44.045,0.81632,0.81649,1.13,2.55
2012.06.05 13:12:44.788,0.81632,0.81649,1.88,1.13
2012.06.05 13:12:45.543,0.81632,0.81649,1.13,1.13
2012.06.05 13:12:46.207,0.8163,0.81649,1.88,3.75
2012.06.05 13:12:46.766,0.81632,0.81651,1.13,2.63
2012.06.05 13:12:46.975,0.81632,0.81651,1.88,2.63
2012.06.05 13:12:47.385,0.81635,0.81651,1.13,1.50
2012.06.05 13:12:47.905,0.81633,0.81651,1.88,1.13
2012.06.05 13:12:47.976,0.81633,0.81651,1.88,1.88
2012.06.05 13:12:48.120,0.81631,0.8165,1.88,2.63
2012.06.05 13:12:48.269,0.81628,0.81645,1.88,1.13
2012.06.05 13:12:48.628,0.81627,0.81642,1.50,1.13
2012.06.05 13:12:49.025,0.81627,0.81642,1.50,1.13
2012.06.05 13:12:51.254,0.81622,0.81639,1.88,1.13
2012.06.05 13:12:51.454,0.81622,0.81639,1.88,1.13
2012.06.05 13:12:51.844,0.81622,0.81639,1.88,1.13
2012.06.05 13:12:52.078,0.81622,0.81641,1.88,1.88
2012.06.05 13:12:52.997,0.81622,0.81641,2.63,1.88
2012.06.05 13:12:53.184,0.81624,0.81641,1.88,1.13
2012.06.05 13:12:53.655,0.81626,0.81643,1.88,1.13
2012.06.05 13:12:53.995,0.81626,0.81645,1.88,2.25
2012.06.05 13:12:54.325,0.81625,0.81642,1.88,1.13
2012.06.05 13:12:55.707,0.81626,0.81645,1.88,3.00
2012.06.05 13:12:56.086,0.81624,0.81641,1.88,1.13
2012.06.05 13:12:56.170,0.81625,0.81644,1.88,5.93
2012.06.05 13:12:56.250,0.81624,0.81641,1.88,1.13
2012.06.05 13:12:56.716,0.81625,0.81643,1.88,1.80
2012.06.05 13:12:57.313,0.81629,0.81643,1.13,1.80
2012.06.05 13:12:57.822,0.81628,0.81644,2.55,1.13
2012.06.05 13:12:58.175,0.81633,0.81647,1.43,2.18
2012.06.05 13:12:58.376,0.81633,0.81649,1.43,2.93
2012.06.05 13:12:58.516,0.81637,0.81649,1.43,1.13
2012.06.05 13:12:58.921,0.81635,0.81651,1.43,1.50
2012.06.05 13:12:59.345,0.81632,0.81648,1.43,2.25
2012.06.05 13:12:59.874,0.81632,0.81648,1.43,3.00
2012.06.05 13:13:00.994,0.81631,0.81647,1.13,2.18
2012.06.05 13:13:02.285,0.81634,0.81648,1.13,1.88
2012.06.05 13:13:02.802,0.81632,0.81648,1.88,2.55
2012.06.05 13:13:03.193,0.81631,0.81648,1.43,2.63
2012.06.05 13:13:03.325,0.81631,0.81645,1.43,1.13
2012.06.05 13:13:03.881,0.81629,0.81645,2.18,1.13
2012.06.05 13:13:04.627,0.81633,0.81645,1.50,1.13
2012.06.05 13:13:05.755,0.81633,0.81645,1.50,1.13
2012.06.05 13:13:06.516,0.81632,0.81645,2.18,1.13
2012.06.05 13:13:07.094,0.81632,0.81647,2.18,1.13
2012.06.05 13:13:07.285,0.81635,0.81647,1.43,1.13
2012.06.05 13:13:07.413,0.81635,0.81649,1.43,3.38
2012.06.05 13:13:07.543,0.81638,0.81649,1.43,2.63
2012.06.05 13:13:08.102,0.81638,0.8165,1.43,1.13
2012.06.05 13:13:08.464,0.81635,0.8165,1.43,1.13
2012.06.05 13:13:08.835,0.81634,0.81648,1.43,1.13
2012.06.05 13:13:09.342,0.81633,0.81648,1.43,1.88
2012.06.05 13:13:10.953,0.81628,0.81647,2.55,1.88
2012.06.05 13:13:12.324,0.8163,0.81647,1.50,1.13
2012.06.05 13:13:12.856,0.81629,0.81648,1.88,1.88
2012.06.05 13:13:14.213,0.81628,0.81647,1.88,1.88
2012.06.05 13:13:14.545,0.81626,0.81641,1.50,1.50
2012.06.05 13:13:14.746,0.81622,0.81638,1.50,2.63
2012.06.05 13:13:14.876,0.8162,0.8163,2.79,1.13
2012.06.05 13:13:15.435,0.81618,0.8163,1.43,1.13
2012.06.05 13:13:15.506,0.81613,0.8163,1.13,1.13
2012.06.05 13:13:18.835,0.81614,0.81633,1.13,1.88
2012.06.05 13:13:18.962,0.81616,0.81634,1.88,2.25
2012.06.05 13:13:19.463,0.81614,0.81631,1.88,1.13
2012.06.05 13:13:19.714,0.81614,0.81631,1.88,1.13
2012.06.05 13:13:20.161,0.81612,0.81629,3.38,1.13
2012.06.05 13:13:21.066,0.81614,0.8163,1.88,1.13
2012.06.05 13:13:21.406,0.81615,0.81632,1.88,1.13
2012.06.05 13:13:23.873,0.81616,0.81635,1.13,1.88
2012.06.05 13:13:24.690,0.81615,0.81634,1.88,1.13
2012.06.05 13:13:25.616,0.81615,0.81634,1.13,1.88
2012.06.05 13:13:26.054,0.81613,0.81628,2.25,1.13
2012.06.05 13:13:26.428,0.81609,0.81628,3.38,1.88
2012.06.05 13:13:26.775,0.81609,0.81625,3.75,1.43
2012.06.05 13:13:27.279,0.81609,0.81626,5.18,2.55
2012.06.05 13:13:27.602,0.81609,0.81623,3.00,1.43
2012.06.05 13:13:28.984,0.81606,0.81623,2.18,1.43
2012.06.05 13:13:29.491,0.81606,0.81623,2.18,1.43
2012.06.05 13:13:30.238,0.81606,0.8162,1.88,1.43
2012.06.05 13:13:30.774,0.81606,0.8162,1.13,1.43
2012.06.05 13:13:32.445,0.8161,0.81623,1.13,1.43
2012.06.05 13:13:32.996,0.81609,0.81623,1.88,1.43
2012.06.05 13:13:35.723,0.81609,0.81626,1.13,3.30
2012.06.05 13:13:36.122,0.81609,0.81622,1.13,1.43
2012.06.05 13:13:36.472,0.81606,0.81622,2.63,1.43
2012.06.05 13:13:36.541,0.81606,0.8162,1.50,1.13
2012.06.05 13:13:36.865,0.81602,0.81615,1.13,1.43
2012.06.05 13:13:37.203,0.816,0.81613,2.63,1.43
2012.06.05 13:13:39.295,0.816,0.81613,1.50,1.43
2012.06.05 13:13:40.502,0.816,0.81616,1.50,1.43
2012.06.05 13:13:41.687,0.81598,0.81613,2.93,1.88
2012.06.05 13:13:42.001,0.81596,0.81609,2.18,1.43
2012.06.05 13:13:42.080,0.81593,0.8161,3.38,2.55
2012.06.05 13:13:42.155,0.81593,0.8161,1.13,2.55
2012.06.05 13:13:42.225,0.81592,0.81607,2.25,1.13
2012.06.05 13:13:42.506,0.81592,0.8161,3.30,2.10
2012.06.05 13:13:42.705,0.81593,0.81611,1.50,3.68
2012.06.05 13:13:42.775,0.81593,0.81611,1.50,2.55
2012.06.05 13:13:42.845,0.81594,0.81608,1.50,1.43
2012.06.05 13:13:43.564,0.81594,0.8161,1.50,1.43
2012.06.05 13:13:44.475,0.81595,0.8161,1.50,1.43
2012.06.05 13:13:44.813,0.81604,0.81618,1.13,1.35
2012.06.05 13:13:45.128,0.81605,0.81618,3.68,1.43
2012.06.05 13:13:45.394,0.81609,0.81623,1.13,1.43
2012.06.05 13:13:45.464,0.81609,0.81625,2.55,1.43
2012.06.05 13:13:45.541,0.8161,0.81626,1.50,1.13
2012.06.05 13:13:45.956,0.8161,0.81628,1.88,1.43
2012.06.05 13:13:46.483,0.81612,0.81629,1.43,3.30
2012.06.05 13:13:47.617,0.81612,0.81627,1.43,1.13
2012.06.05 13:13:47.876,0.81607,0.81625,1.13,2.55
2012.06.05 13:13:48.006,0.81606,0.81623,2.93,1.13
2012.06.05 13:13:48.137,0.81606,0.81625,3.30,2.55
2012.06.05 13:13:48.278,0.81609,0.81625,1.88,1.43
2012.06.05 13:13:48.819,0.81615,0.81629,1.43,2.18
2012.06.05 13:13:48.901,0.81616,0.81631,1.43,4.43
2012.06.05 13:13:48.973,0.81616,0.8163,1.43,1.13
2012.06.05 13:13:51.235,0.81616,0.81626,1.43,1.13
2012.06.05 13:13:51.376,0.81609,0.81625,1.50,2.18
2012.06.05 13:13:51.625,0.81608,0.81625,2.18,2.18
2012.06.05 13:13:51.815,0.81611,0.81626,1.88,1.13
2012.06.05 13:13:51.884,0.81611,0.81628,1.88,1.80
2012.06.05 13:13:52.084,0.81609,0.81625,2.18,1.88
2012.06.05 13:13:52.273,0.81609,0.81625,2.18,1.13
2012.06.05 13:13:52.994,0.81611,0.81628,1.13,2.55
2012.06.05 13:13:53.362,0.81612,0.81629,2.18,1.13
2012.06.05 13:13:53.875,0.81611,0.81625,1.88,1.43
2012.06.05 13:13:54.016,0.8161,0.81625,2.63,2.18
2012.06.05 13:13:54.324,0.81611,0.81626,2.55,1.43
2012.06.05 13:13:54.394,0.81611,0.81628,2.55,1.43
2012.06.05 13:13:54.463,0.81608,0.81625,2.93,1.43
2012.06.05 13:13:54.983,0.81608,0.81625,2.18,2.18
2012.06.05 13:13:55.366,0.81611,0.81626,1.43,1.88
2012.06.05 13:13:55.497,0.81607,0.81623,2.18,1.13
2012.06.05 13:13:55.566,0.81606,0.8162,1.43,1.88
2012.06.05 13:13:55.711,0.81603,0.81618,1.50,1.88
2012.06.05 13:13:55.925,0.81601,0.81618,1.13,1.88
2012.06.05 13:13:56.518,0.816,0.81618,4.43,1.88
2012.06.05 13:13:57.084,0.816,0.81618,2.93,1.88
2012.06.05 13:13:57.607,0.816,0.81618,2.93,1.88
2012.06.05 13:13:57.747,0.81603,0.81618,1.43,1.88
2012.06.05 13:13:58.935,0.81601,0.81618,1.43,3.90
2012.06.05 13:13:59.854,0.81603,0.81618,1.13,2.77
2012.06.05 13:14:00.403,0.81604,0.8162,1.88,2.18
2012.06.05 13:14:00.544,0.81604,0.8162,2.63,1.43
2012.06.05 13:14:01.056,0.81606,0.8162,1.50,1.43
2012.06.05 13:14:01.604,0.81604,0.81619,1.50,1.13
2012.06.05 13:14:01.865,0.81604,0.81619,1.50,1.13
2012.06.05 13:14:02.414,0.81603,0.8162,1.88,1.43
2012.06.05 13:14:02.664,0.81602,0.81617,2.25,1.13
2012.06.05 13:14:03.085,0.81602,0.81615,1.43,1.13
2012.06.05 13:14:03.155,0.816,0.81615,1.50,1.13
2012.06.05 13:14:03.224,0.81603,0.81615,1.43,1.13
2012.06.05 13:14:03.615,0.81603,0.81612,1.43,1.43
2012.06.05 13:14:03.685,0.81598,0.81609,1.50,1.13
2012.06.05 13:14:03.886,0.81596,0.81608,1.50,2.18
2012.06.05 13:14:03.956,0.81594,0.81606,1.50,1.43
2012.06.05 13:14:04.403,0.81591,0.81606,1.13,1.43
2012.06.05 13:14:04.735,0.81588,0.81605,2.18,2.55
2012.06.05 13:14:05.391,0.81588,0.81605,2.18,2.55
2012.06.05 13:14:05.897,0.81588,0.81603,1.43,1.13
2012.06.05 13:14:06.244,0.81588,0.81601,1.43,1.13
2012.06.05 13:14:06.315,0.81585,0.81601,2.93,1.13
2012.06.05 13:14:06.383,0.81585,0.81598,1.43,1.13
2012.06.05 13:14:06.953,0.81585,0.816,1.43,3.22
2012.06.05 13:14:07.506,0.81585,0.816,1.43,3.97
2012.06.05 13:14:08.209,0.81582,0.81596,2.18,1.43
2012.06.05 13:14:08.291,0.81579,0.81596,4.43,2.55
2012.06.05 13:14:08.504,0.81579,0.81596,3.30,2.55
2012.06.05 13:14:09.048,0.81581,0.81593,1.43,1.13
2012.06.05 13:14:09.382,0.81578,0.8159,1.43,1.13
2012.06.05 13:14:09.634,0.81575,0.8159,1.50,1.13
2012.06.05 13:14:10.402,0.81574,0.8159,4.73,1.13
2012.06.05 13:14:12.105,0.81574,0.81588,3.30,1.13
2012.06.05 13:14:12.448,0.81576,0.81589,1.43,1.72
2012.06.05 13:14:12.726,0.81576,0.81589,1.43,1.13
2012.06.05 13:14:12.995,0.81573,0.81589,1.43,1.88
2012.06.05 13:14:13.070,0.81573,0.81587,1.43,2.55
2012.06.05 13:14:13.443,0.8157,0.81586,1.50,2.18
2012.06.05 13:14:13.587,0.81568,0.81584,3.68,1.13
2012.06.05 13:14:14.123,0.81568,0.81583,1.50,2.18
2012.06.05 13:14:14.446,0.81567,0.81577,1.43,1.43
2012.06.05 13:14:14.574,0.81568,0.81581,1.43,1.88
2012.06.05 13:14:14.833,0.81566,0.81582,2.18,1.13
2012.06.05 13:14:15.696,0.81566,0.81582,2.18,1.88
2012.06.05 13:14:16.105,0.81563,0.81578,2.18,1.13
2012.06.05 13:14:17.039,0.81566,0.81579,1.43,1.88
2012.06.05 13:14:17.608,0.81566,0.81579,1.43,1.13
2012.06.05 13:14:17.746,0.81564,0.81579,1.43,1.13
2012.06.05 13:14:17.813,0.81562,0.81579,2.18,1.13
2012.06.05 13:14:17.888,0.81562,0.81577,2.18,1.13
2012.06.05 13:14:18.223,0.81565,0.81579,1.43,1.88
2012.06.05 13:14:18.414,0.81562,0.81579,2.18,3.30
2012.06.05 13:14:19.241,0.81565,0.81579,1.43,1.88
2012.06.05 13:14:19.374,0.81565,0.8158,1.43,1.50
2012.06.05 13:14:19.636,0.81566,0.81582,1.13,2.18
2012.06.05 13:14:19.706,0.81568,0.81583,1.13,1.50
2012.06.05 13:14:20.256,0.81566,0.81578,2.18,1.43
2012.06.05 13:14:20.817,0.81566,0.81578,1.50,1.43
2012.06.05 13:14:21.337,0.81566,0.81581,2.18,2.63
2012.06.05 13:14:21.713,0.81564,0.8158,3.30,1.88
2012.06.05 13:14:22.203,0.81566,0.81579,1.43,2.18
2012.06.05 13:14:22.276,0.81567,0.81582,1.43,2.93
2012.06.05 13:14:22.838,0.81566,0.81583,2.18,2.48
2012.06.05 13:14:22.914,0.81566,0.81583,2.18,2.48
2012.06.05 13:14:23.477,0.81567,0.81583,1.13,1.35
2012.06.05 13:14:23.748,0.8157,0.81584,1.43,1.50
2012.06.05 13:14:24.687,0.81569,0.81585,1.13,2.18
2012.06.05 13:14:25.301,0.81567,0.81584,1.88,2.63
2012.06.05 13:14:25.656,0.8157,0.81584,1.43,2.63
2012.06.05 13:14:26.713,0.8157,0.81584,1.43,1.50
2012.06.05 13:14:28.202,0.8157,0.81586,1.43,4.43
2012.06.05 13:14:28.721,0.81568,0.81584,2.18,2.93
2012.06.05 13:14:29.044,0.8157,0.81584,1.43,3.68
2012.06.05 13:14:29.236,0.81567,0.81584,1.88,4.80
2012.06.05 13:14:31.280,0.81567,0.81584,1.88,5.18
2012.06.05 13:14:31.496,0.81568,0.81584,2.18,3.00
2012.06.05 13:14:32.076,0.81571,0.81586,1.13,3.30
2012.06.05 13:14:32.275,0.81575,0.81588,1.13,1.13
2012.06.05 13:14:32.414,0.81575,0.8159,1.13,4.80
2012.06.05 13:14:32.485,0.81576,0.8159,1.43,1.13
2012.06.05 13:14:32.743,0.81579,0.81593,1.43,3.30
2012.06.05 13:14:33.114,0.81579,0.81593,1.43,3.30
2012.06.05 13:14:33.305,0.81579,0.81592,1.43,2.25
2012.06.05 13:14:33.626,0.81579,0.81583,1.43,2.18
2012.06.05 13:14:33.695,0.81574,0.81585,1.13,1.13
2012.06.05 13:14:33.836,0.81574,0.81589,2.55,1.88
2012.06.05 13:14:33.906,0.81575,0.8159,1.43,1.88
2012.06.05 13:14:34.233,0.81575,0.81591,2.18,2.93
2012.06.05 13:14:36.439,0.81579,0.81591,1.43,3.30
2012.06.05 13:14:36.658,0.8158,0.81597,2.18,1.80
2012.06.05 13:14:36.792,0.8158,0.81597,2.18,3.68
2012.06.05 13:14:36.865,0.8158,0.81595,2.18,2.18
2012.06.05 13:14:37.404,0.81581,0.81596,1.43,1.50
2012.06.05 13:14:37.944,0.81582,0.81597,1.13,1.43
2012.06.05 13:14:38.650,0.81582,0.81599,2.55,4.05
2012.06.05 13:14:39.286,0.81582,0.81596,1.13,1.43
2012.06.05 13:14:39.591,0.81582,0.81598,2.55,2.93
2012.06.05 13:14:39.954,0.81582,0.81598,1.43,4.05
2012.06.05 13:14:42.047,0.8158,0.81596,1.13,2.18
2012.06.05 13:14:44.193,0.81581,0.81598,2.55,4.05
2012.06.05 13:14:44.457,0.81583,0.81598,1.13,1.50
2012.06.05 13:14:44.784,0.81585,0.81599,1.43,1.88
2012.06.05 13:14:46.163,0.81587,0.81599,1.43,1.35
2012.06.05 13:14:46.234,0.81587,0.81601,1.43,1.13
2012.06.05 13:14:46.814,0.81586,0.81601,1.13,1.13
2012.06.05 13:14:47.346,0.81585,0.81601,1.13,1.13
2012.06.05 13:14:48.481,0.81585,0.81601,1.13,1.13
2012.06.05 13:14:49.284,0.81585,0.81602,1.13,3.68
2012.06.05 13:14:49.826,0.81589,0.81603,1.13,1.13
2012.06.05 13:14:49.898,0.8159,0.81604,1.13,1.50
2012.06.05 13:14:49.979,0.81598,0.81605,1.13,1.43
2012.06.05 13:14:50.128,0.81595,0.8161,1.88,2.18
2012.06.05 13:14:50.407,0.81599,0.81611,1.43,1.50
2012.06.05 13:14:50.536,0.81596,0.8161,1.43,1.88
2012.06.05 13:14:51.124,0.81596,0.81607,1.43,1.13
2012.06.05 13:14:51.196,0.81591,0.81606,1.50,1.43
2012.06.05 13:14:51.721,0.8159,0.81606,1.88,1.43
2012.06.05 13:14:52.246,0.81592,0.81606,1.50,1.43
2012.06.05 13:14:52.456,0.81592,0.81608,1.50,1.43
2012.06.05 13:14:52.993,0.81593,0.81608,1.88,1.43
2012.06.05 13:14:53.775,0.81594,0.81608,1.88,1.43
2012.06.05 13:14:53.966,0.81592,0.81609,4.05,1.43
2012.06.05 13:14:54.035,0.81593,0.81611,2.18,2.55
2012.06.05 13:14:54.236,0.81593,0.81611,2.93,2.55
2012.06.05 13:14:54.562,0.81593,0.81609,2.25,1.43
2012.06.05 13:14:55.545,0.81594,0.8161,2.18,1.13
2012.06.05 13:14:57.121,0.81593,0.8161,2.18,1.88
2012.06.05 13:14:57.623,0.81591,0.81609,6.30,1.43
2012.06.05 13:14:58.182,0.81594,0.8161,2.18,1.13
2012.06.05 13:14:58.494,0.81603,0.81619,1.43,2.25
2012.06.05 13:14:58.704,0.81603,0.8162,1.43,1.43
2012.06.05 13:14:58.774,0.81605,0.81621,1.43,1.50
2012.06.05 13:14:59.506,0.81605,0.81622,1.43,2.55
2012.06.05 13:15:00.479,0.81603,0.8162,3.38,1.43
2012.06.05 13:15:01.436,0.81603,0.81618,2.18,1.13
2012.06.05 13:15:01.777,0.81599,0.81616,2.93,1.13
2012.06.05 13:15:01.972,0.81599,0.81616,2.18,1.13
2012.06.05 13:15:02.104,0.81598,0.81614,1.50,1.43
2012.06.05 13:15:03.189,0.81597,0.81611,4.05,1.13
2012.06.05 13:15:03.548,0.81595,0.81608,1.50,1.43
2012.06.05 13:15:03.618,0.81594,0.81608,2.25,1.43
2012.06.05 13:15:03.966,0.81593,0.81606,1.50,1.43
2012.06.05 13:15:04.455,0.81589,0.81602,1.88,1.13
2012.06.05 13:15:04.657,0.81587,0.81599,2.27,1.88
2012.06.05 13:15:04.726,0.81587,0.81599,1.52,1.88
2012.06.05 13:15:04.938,0.81585,0.81596,1.43,1.13
2012.06.05 13:15:05.565,0.8158,0.81596,2.18,1.13
2012.06.05 13:15:05.885,0.8158,0.81594,1.43,1.13
2012.06.05 13:15:05.960,0.81578,0.81594,1.43,1.13
2012.06.05 13:15:06.246,0.81577,0.81593,1.43,1.50
2012.06.05 13:15:06.714,0.81577,0.81593,2.18,2.63
2012.06.05 13:15:06.965,0.81577,0.81593,2.18,2.63
2012.06.05 13:15:07.493,0.81578,0.81594,1.43,1.88
2012.06.05 13:15:08.084,0.81579,0.81596,1.13,1.88
2012.06.05 13:15:08.493,0.81581,0.81596,1.43,1.88
2012.06.05 13:15:08.575,0.81584,0.81598,1.13,2.18
2012.06.05 13:15:08.721,0.81584,0.81596,1.13,1.43
2012.06.05 13:15:08.799,0.81581,0.81598,2.55,2.63
2012.06.05 13:15:08.879,0.81581,0.81597,1.13,2.18
2012.06.05 13:15:09.027,0.81578,0.81594,2.93,1.13
2012.06.05 13:15:09.545,0.81577,0.81594,1.50,2.18
2012.06.05 13:15:09.877,0.81575,0.81594,4.05,3.30
2012.06.05 13:15:09.943,0.81575,0.81594,4.05,3.30
2012.06.05 13:15:10.286,0.81575,0.8159,1.50,1.43
2012.06.05 13:15:10.484,0.81573,0.8159,3.68,1.43
2012.06.05 13:15:11.067,0.81573,0.81589,3.98,1.13
2012.06.05 13:15:11.207,0.81574,0.8159,2.18,1.43
2012.06.05 13:15:11.278,0.81575,0.81592,2.18,1.88
2012.06.05 13:15:11.488,0.81573,0.81591,1.88,2.18
2012.06.05 13:15:11.684,0.81572,0.8159,1.43,1.88
2012.06.05 13:15:12.396,0.81572,0.81589,2.18,1.88
2012.06.05 13:15:12.646,0.81571,0.81588,2.18,1.43
2012.06.05 13:15:13.154,0.81569,0.81587,2.18,1.13
2012.06.05 13:15:13.406,0.81572,0.81588,1.13,2.18
2012.06.05 13:15:13.546,0.81573,0.81589,1.43,1.88
2012.06.05 13:15:13.914,0.81573,0.81586,1.43,3.30
2012.06.05 13:15:14.267,0.81574,0.81584,1.43,1.13
2012.06.05 13:15:14.410,0.81566,0.81584,2.18,1.13
2012.06.05 13:15:14.486,0.81565,0.81578,1.50,1.43
2012.06.05 13:15:14.823,0.81563,0.81579,1.88,1.43
2012.06.05 13:15:15.340,0.81564,0.8158,2.18,1.88
2012.06.05 13:15:15.628,0.81564,0.81576,1.43,1.13
2012.06.05 13:15:15.766,0.81561,0.81576,2.18,1.13
2012.06.05 13:15:16.611,0.81561,0.81576,1.43,1.13
2012.06.05 13:15:16.949,0.81561,0.81578,3.30,1.88
2012.06.05 13:15:17.145,0.81564,0.81578,1.43,1.13
2012.06.05 13:15:17.415,0.81564,0.8158,1.43,1.50
2012.06.05 13:15:17.877,0.81565,0.81582,1.13,2.93
2012.06.05 13:15:17.947,0.81567,0.81583,1.43,1.35
2012.06.05 13:15:18.472,0.81567,0.81584,1.43,2.25
2012.06.05 13:15:19.747,0.81567,0.81584,1.43,1.13
2012.06.05 13:15:20.816,0.81568,0.81585,1.13,3.60
2012.06.05 13:15:21.214,0.81571,0.81585,1.13,1.43
2012.06.05 13:15:21.778,0.81571,0.81588,4.73,2.55
2012.06.05 13:15:21.905,0.81574,0.81588,1.43,1.13
2012.06.05 13:15:22.474,0.81574,0.8159,1.43,2.63
2012.06.05 13:15:23.483,0.81576,0.8159,1.43,1.88
2012.06.05 13:15:23.826,0.81587,0.81601,1.13,2.55
2012.06.05 13:15:24.204,0.81587,0.81602,1.13,1.43
2012.06.05 13:15:24.485,0.81585,0.81602,3.30,2.55
2012.06.05 13:15:24.556,0.81585,0.816,1.88,1.43
2012.06.05 13:15:24.749,0.81585,0.81602,1.88,1.13
2012.06.05 13:15:25.462,0.81587,0.81603,1.13,1.80
2012.06.05 13:15:26.156,0.81588,0.81604,1.43,1.13
2012.06.05 13:15:26.674,0.81588,0.81605,2.55,2.55
2012.06.05 13:15:27.536,0.8159,0.81605,1.13,1.43
2012.06.05 13:15:28.536,0.81591,0.81605,1.13,1.43
2012.06.05 13:15:28.674,0.81591,0.81608,1.13,2.63
2012.06.05 13:15:29.223,0.81591,0.81608,1.88,1.13
2012.06.05 13:15:29.655,0.81595,0.81609,1.13,1.43
2012.06.05 13:15:29.866,0.81593,0.81609,1.13,1.43
2012.06.05 13:15:29.992,0.81593,0.81609,1.88,1.43
2012.06.05 13:15:30.823,0.81593,0.81609,1.88,1.43
2012.06.05 13:15:31.246,0.81591,0.81609,1.13,4.05
2012.06.05 13:15:31.743,0.81591,0.81609,1.13,6.23
2012.06.05 13:15:33.015,0.81591,0.81609,1.88,2.93
2012.06.05 13:15:33.705,0.81591,0.81609,1.13,5.10
2012.06.05 13:15:34.366,0.8159,0.81609,3.30,6.23
2012.06.05 13:15:34.615,0.8159,0.81604,2.18,1.13
2012.06.05 13:15:34.968,0.81582,0.81597,1.50,1.43
2012.06.05 13:15:35.175,0.81579,0.81596,4.05,1.43
2012.06.05 13:15:35.583,0.8158,0.81594,2.18,2.18
2012.06.05 13:15:36.139,0.81581,0.81598,1.88,4.05
2012.06.05 13:15:36.503,0.81584,0.81597,1.43,2.18
2012.06.05 13:15:37.253,0.81584,0.81596,1.43,1.13
2012.06.05 13:15:37.797,0.81584,0.81595,1.43,1.73
2012.06.05 13:15:38.127,0.81584,0.8159,1.43,1.88
2012.06.05 13:15:38.257,0.8158,0.81587,1.43,1.13
2012.06.05 13:15:38.399,0.81571,0.81587,1.88,5.85
2012.06.05 13:15:39.116,0.81571,0.81586,1.88,2.18
2012.06.05 13:15:39.632,0.81571,0.81585,1.43,2.18
2012.06.05 13:15:40.964,0.81571,0.81583,1.43,2.18
2012.06.05 13:15:41.158,0.81568,0.81583,2.18,2.18
2012.06.05 13:15:41.535,0.81569,0.8158,1.43,1.13
2012.06.05 13:15:41.605,0.81569,0.81583,1.43,5.18
2012.06.05 13:15:41.677,0.81569,0.8158,1.43,1.50
2012.06.05 13:15:42.016,0.8157,0.81586,2.55,1.28
2012.06.05 13:15:42.145,0.8157,0.81586,2.55,1.28
2012.06.05 13:15:42.215,0.81572,0.81586,1.43,1.28
2012.06.05 13:15:42.676,0.81575,0.81587,1.43,2.18
2012.06.05 13:15:42.809,0.81572,0.81587,1.43,2.55
2012.06.05 13:15:42.890,0.81574,0.81583,1.43,1.13
2012.06.05 13:15:43.093,0.81571,0.81581,1.43,1.13
2012.06.05 13:15:43.755,0.81567,0.81581,2.18,1.88
2012.06.05 13:15:44.037,0.81566,0.81576,1.50,1.13
2012.06.05 13:15:44.566,0.8156,0.81576,2.18,2.55
2012.06.05 13:15:44.636,0.81562,0.81576,1.43,2.55
2012.06.05 13:15:45.083,0.81564,0.81577,1.43,1.13
2012.06.05 13:15:46.397,0.81564,0.81578,1.43,3.75
2012.06.05 13:15:46.468,0.81561,0.81578,2.55,3.75
2012.06.05 13:15:46.837,0.81561,0.81576,1.43,1.13
2012.06.05 13:15:47.257,0.81561,0.81575,1.43,1.88
2012.06.05 13:15:47.400,0.81558,0.81573,2.18,1.13
2012.06.05 13:15:47.477,0.8156,0.81572,1.43,2.18
2012.06.05 13:15:47.616,0.81561,0.81576,1.43,1.88
2012.06.05 13:15:47.757,0.81558,0.81575,1.43,2.18
2012.06.05 13:15:47.885,0.81558,0.81572,2.85,1.13
2012.06.05 13:15:48.235,0.81561,0.81572,1.43,3.30
2012.06.05 13:15:48.369,0.81551,0.81568,2.63,2.55
2012.06.05 13:15:48.515,0.8155,0.81568,1.13,3.68
2012.06.05 13:15:48.887,0.8155,0.81567,2.55,1.13
2012.06.05 13:15:49.226,0.81547,0.81566,2.55,3.68
2012.06.05 13:15:49.296,0.8155,0.81565,1.13,2.93
2012.06.05 13:15:49.556,0.81548,0.81565,1.13,2.25
2012.06.05 13:15:49.627,0.8155,0.81565,1.43,2.25
2012.06.05 13:15:49.878,0.81548,0.81562,1.43,1.13
2012.06.05 13:15:50.426,0.81547,0.81564,1.43,3.30
2012.06.05 13:15:50.955,0.81548,0.81564,1.13,2.55
2012.06.05 13:15:51.515,0.81547,0.81563,1.43,3.68
2012.06.05 13:15:52.379,0.81546,0.81563,2.55,4.80
2012.06.05 13:15:53.475,0.81547,0.81561,1.13,2.93
2012.06.05 13:15:54.323,0.81547,0.81562,1.13,2.55
2012.06.05 13:15:54.861,0.81547,0.81561,1.13,2.93
2012.06.05 13:15:55.803,0.81546,0.81561,1.43,2.93
2012.06.05 13:16:03.804,0.81546,0.81559,1.43,2.18
2012.06.05 13:16:04.087,0.8154,0.81556,1.13,2.18
2012.06.05 13:16:04.297,0.81537,0.81552,1.22,1.13
2012.06.05 13:16:04.624,0.81533,0.8155,3.10,1.13
2012.06.05 13:16:04.694,0.81533,0.8155,3.10,1.13
2012.06.05 13:16:05.251,0.81534,0.81551,1.13,2.55
2012.06.05 13:16:06.393,0.81534,0.81547,1.13,1.43
2012.06.05 13:16:06.479,0.81531,0.81547,2.25,1.43
2012.06.05 13:16:07.185,0.81533,0.81547,2.63,1.43
2012.06.05 13:16:07.515,0.81537,0.81547,1.13,1.43
2012.06.05 13:16:07.670,0.81537,0.81551,1.13,1.72
2012.06.05 13:16:07.947,0.81538,0.81553,1.13,1.43
2012.06.05 13:16:08.717,0.81538,0.81557,4.05,4.27
2012.06.05 13:16:09.294,0.81538,0.81556,4.80,1.50
2012.06.05 13:16:12.964,0.81538,0.81553,1.88,1.43
2012.06.05 13:16:13.346,0.81538,0.81553,2.63,1.43
2012.06.05 13:16:13.419,0.81538,0.81557,4.05,3.90
2012.06.05 13:16:14.901,0.81545,0.81557,1.13,2.02
2012.06.05 13:16:15.541,0.81545,0.81559,1.88,2.02
2012.06.05 13:16:15.620,0.81545,0.81561,3.30,1.43
2012.06.05 13:16:16.167,0.81545,0.81562,2.55,1.43
2012.06.05 13:16:16.671,0.81545,0.81561,1.13,1.43
2012.06.05 13:16:19.215,0.81542,0.8156,4.43,1.13
2012.06.05 13:16:19.286,0.81542,0.81557,3.00,1.13
2012.06.05 13:16:19.702,0.81539,0.81555,1.13,1.43
2012.06.05 13:16:20.224,0.81539,0.81555,1.88,1.43
2012.06.05 13:16:20.775,0.8154,0.81555,1.13,1.43
2012.06.05 13:16:21.996,0.8154,0.81554,1.13,1.43
2012.06.05 13:16:22.395,0.8154,0.81556,1.13,1.43
2012.06.05 13:16:22.812,0.8154,0.81552,1.13,1.43
2012.06.05 13:16:23.446,0.81537,0.81552,2.63,1.43
2012.06.05 13:16:23.573,0.81537,0.81549,1.13,1.43
2012.06.05 13:16:23.911,0.81533,0.81549,3.23,1.43
2012.06.05 13:16:23.986,0.81532,0.81549,4.05,2.18
2012.06.05 13:16:24.528,0.81532,0.81549,2.55,3.30
2012.06.05 13:16:24.906,0.81532,0.81546,1.13,1.43
2012.06.05 13:16:25.276,0.8153,0.81546,2.63,1.43
2012.06.05 13:16:25.736,0.8153,0.81543,1.13,1.43
2012.06.05 13:16:26.169,0.81526,0.8154,2.63,1.43
2012.06.05 13:16:26.245,0.81526,0.81542,1.88,3.30
2012.06.05 13:16:26.786,0.81525,0.81542,1.13,4.80
2012.06.05 13:16:27.407,0.81528,0.81541,1.13,2.18
2012.06.05 13:16:27.824,0.81526,0.81542,1.13,2.18
2012.06.05 13:16:28.484,0.81526,0.81542,1.13,2.18
2012.06.05 13:16:29.028,0.81526,0.81541,1.13,2.18
2012.06.05 13:16:29.402,0.81524,0.81541,3.30,3.30
2012.06.05 13:16:29.609,0.81524,0.81541,2.55,4.05
2012.06.05 13:16:29.889,0.81522,0.81538,1.13,1.50
2012.06.05 13:16:29.966,0.8152,0.81535,1.13,1.43
2012.06.05 13:16:30.304,0.81519,0.8153,1.13,1.43
2012.06.05 13:16:30.648,0.81519,0.81535,1.13,2.18
2012.06.05 13:16:31.234,0.81519,0.81535,1.13,1.43
2012.06.05 13:16:31.624,0.81519,0.81532,1.13,1.43
2012.06.05 13:16:32.382,0.81519,0.81534,1.13,2.18
2012.06.05 13:16:33.283,0.81521,0.81534,1.13,1.43
2012.06.05 13:16:33.621,0.81519,0.81538,4.05,4.05
2012.06.05 13:16:33.998,0.81519,0.81534,1.88,1.43
2012.06.05 13:16:34.504,0.81519,0.81533,1.13,3.68
2012.06.05 13:16:34.575,0.81517,0.81533,2.55,3.68
2012.06.05 13:16:34.644,0.81517,0.8153,1.43,1.13
2012.06.05 13:16:34.784,0.81517,0.81533,2.55,2.25
2012.06.05 13:16:34.856,0.81517,0.81529,1.13,1.43
2012.06.05 13:16:35.000,0.81518,0.81531,1.13,1.43
2012.06.05 13:16:35.215,0.81516,0.81531,1.88,1.43
2012.06.05 13:16:35.476,0.81516,0.81533,1.88,2.63
2012.06.05 13:16:35.620,0.81515,0.81531,1.88,1.43
2012.06.05 13:16:36.026,0.81517,0.81529,1.13,1.43
2012.06.05 13:16:36.216,0.81517,0.81531,1.13,1.43
2012.06.05 13:16:37.256,0.81516,0.81531,1.13,1.43
2012.06.05 13:16:37.944,0.81516,0.81533,1.13,3.30
2012.06.05 13:16:38.443,0.81516,0.81535,2.55,4.05
2012.06.05 13:16:38.872,0.8152,0.81535,1.43,2.63
2012.06.05 13:16:39.370,0.8152,0.81535,1.43,3.38
2012.06.05 13:16:39.948,0.8152,0.81533,1.43,1.50
2012.06.05 13:16:40.156,0.81516,0.81535,2.55,4.05
2012.06.05 13:16:40.404,0.81516,0.81535,2.55,4.05
2012.06.05 13:16:40.533,0.81518,0.81535,1.13,4.05
2012.06.05 13:16:40.823,0.81516,0.81534,3.30,1.50
2012.06.05 13:16:41.356,0.81516,0.81532,1.88,1.43
2012.06.05 13:16:42.437,0.81515,0.8153,1.50,1.13
2012.06.05 13:16:42.777,0.81512,0.81527,2.25,1.43
2012.06.05 13:16:43.578,0.81511,0.81527,3.98,1.43
2012.06.05 13:16:44.129,0.81511,0.81525,2.85,1.43
2012.06.05 13:16:44.464,0.81514,0.81525,1.13,1.43
2012.06.05 13:16:44.817,0.81514,0.81528,1.13,1.43
2012.06.05 13:16:46.171,0.81514,0.8153,1.13,3.68
2012.06.05 13:16:46.248,0.81514,0.81527,1.88,1.43
2012.06.05 13:16:46.465,0.81512,0.81526,1.88,1.43
2012.06.05 13:16:46.599,0.81512,0.8153,1.88,3.68
2012.06.05 13:16:47.136,0.81512,0.81526,1.13,1.43
2012.06.05 13:16:48.005,0.81513,0.81527,1.43,2.18
2012.06.05 13:16:48.359,0.81512,0.81525,1.13,2.18
2012.06.05 13:16:48.895,0.81512,0.81527,1.13,2.55
2012.06.05 13:16:49.765,0.81513,0.81527,1.13,2.55
2012.06.05 13:16:50.839,0.81514,0.81528,1.43,1.13
2012.06.05 13:16:51.043,0.81512,0.81528,1.43,3.30
2012.06.05 13:16:51.629,0.81511,0.81527,1.13,1.13
2012.06.05 13:16:52.153,0.81511,0.81525,1.13,2.18
2012.06.05 13:16:54.407,0.81511,0.81524,1.13,2.93
2012.06.05 13:16:54.474,0.81509,0.81524,1.13,2.93
2012.06.05 13:16:54.606,0.81509,0.81522,1.13,2.18
2012.06.05 13:16:55.114,0.81508,0.81522,1.13,2.18
2012.06.05 13:16:55.674,0.81508,0.81523,1.13,2.18
2012.06.05 13:16:55.875,0.81506,0.81522,2.18,1.13
2012.06.05 13:16:55.949,0.81504,0.81519,2.93,1.13
2012.06.05 13:16:56.156,0.815,0.81518,2.25,3.30
2012.06.05 13:16:56.792,0.81504,0.81521,1.13,3.30
2012.06.05 13:16:56.869,0.81502,0.81516,1.43,1.13
2012.06.05 13:16:56.945,0.81502,0.81519,2.55,2.63
2012.06.05 13:16:57.198,0.81499,0.81518,4.05,3.30
2012.06.05 13:16:57.268,0.81503,0.81518,1.13,2.18
2012.06.05 13:16:57.474,0.81505,0.81522,1.43,4.73
2012.06.05 13:16:57.663,0.81503,0.8152,1.88,1.43
2012.06.05 13:16:58.186,0.81505,0.81522,1.43,4.73
2012.06.05 13:16:58.516,0.81507,0.81522,1.13,1.43
2012.06.05 13:16:58.842,0.81507,0.81519,1.13,1.43
2012.06.05 13:16:59.163,0.81507,0.81521,1.13,1.43
2012.06.05 13:16:59.234,0.81507,0.81519,1.13,1.43
2012.06.05 13:16:59.375,0.81505,0.81519,1.13,1.43
2012.06.05 13:17:00.217,0.81503,0.81519,1.88,2.18
2012.06.05 13:17:00.590,0.81502,0.81518,2.25,1.43
2012.06.05 13:17:00.725,0.81502,0.81516,1.50,1.43
2012.06.05 13:17:01.445,0.81501,0.81515,1.13,1.43
2012.06.05 13:17:01.786,0.815,0.81512,1.13,1.43
2012.06.05 13:17:02.896,0.815,0.81512,1.88,1.43
2012.06.05 13:17:03.406,0.815,0.81516,1.88,1.43
2012.06.05 13:17:04.265,0.81501,0.81518,3.30,4.05
2012.06.05 13:17:04.587,0.81501,0.81516,1.88,1.43
2012.06.05 13:17:04.656,0.81501,0.81518,2.55,2.63
2012.06.05 13:17:04.728,0.81501,0.81515,1.13,1.43
2012.06.05 13:17:05.256,0.81502,0.81516,1.13,1.43
2012.06.05 13:17:05.735,0.81502,0.81518,1.13,1.43
2012.06.05 13:17:06.683,0.81507,0.8152,1.43,1.50
2012.06.05 13:17:07.128,0.81503,0.8152,2.55,2.25
2012.06.05 13:17:07.869,0.81507,0.81518,1.13,2.18
2012.06.05 13:17:08.014,0.81505,0.81519,1.13,1.50
2012.06.05 13:17:08.553,0.81505,0.81517,1.13,1.43
2012.06.05 13:17:08.996,0.81503,0.81519,1.13,2.18
2012.06.05 13:17:09.771,0.81503,0.81515,1.13,1.43
2012.06.05 13:17:09.847,0.81502,0.81517,1.13,1.43
2012.06.05 13:17:10.057,0.81505,0.8152,1.13,2.93
2012.06.05 13:17:11.805,0.81505,0.8152,1.13,1.43
2012.06.05 13:17:12.484,0.81505,0.8152,1.13,2.18
2012.06.05 13:17:13.176,0.81505,0.8152,1.13,1.43
2012.06.05 13:17:14.093,0.81503,0.8152,1.88,3.60
2012.06.05 13:17:14.515,0.81503,0.81516,1.13,1.43
2012.06.05 13:17:15.023,0.81502,0.81515,1.13,2.18
2012.06.05 13:17:15.284,0.81503,0.81517,1.13,1.43
2012.06.05 13:17:15.415,0.81503,0.81515,1.13,1.43
2012.06.05 13:17:15.556,0.81504,0.81517,1.13,1.43
2012.06.05 13:17:15.877,0.81508,0.81517,1.13,1.43
2012.06.05 13:17:16.193,0.81508,0.81514,1.13,1.43
2012.06.05 13:17:16.334,0.81508,0.81517,1.13,1.43
2012.06.05 13:17:16.405,0.81508,0.81519,1.13,1.43
2012.06.05 13:17:16.473,0.81508,0.81523,1.13,4.35
2012.06.05 13:17:17.192,0.81508,0.81523,1.13,2.93
2012.06.05 13:17:17.601,0.81508,0.81523,1.13,2.93
2012.06.05 13:17:18.536,0.81504,0.81518,1.88,1.50
2012.06.05 13:17:19.063,0.81503,0.81518,1.13,1.50
2012.06.05 13:17:19.475,0.815,0.81518,2.18,2.63
2012.06.05 13:17:19.684,0.815,0.81518,1.43,2.63
2012.06.05 13:17:20.217,0.81499,0.81514,1.13,1.43
2012.06.05 13:17:21.103,0.81501,0.81514,1.13,2.18
2012.06.05 13:17:21.433,0.81501,0.81512,1.13,1.43
2012.06.05 13:17:22.246,0.81499,0.81512,1.13,1.43
2012.06.05 13:17:22.494,0.81502,0.81512,1.13,1.43
2012.06.05 13:17:22.956,0.81502,0.81518,1.13,4.35
2012.06.05 13:17:24.255,0.81507,0.81518,1.13,1.43
2012.06.05 13:17:24.527,0.81508,0.81521,1.13,1.43
2012.06.05 13:17:24.716,0.81508,0.81523,1.13,2.18
2012.06.05 13:17:25.437,0.81508,0.81523,1.88,2.18
2012.06.05 13:17:25.795,0.8151,0.81523,2.63,1.43
2012.06.05 13:17:26.303,0.8151,0.81526,2.63,2.18
2012.06.05 13:17:26.379,0.8151,0.81524,2.63,1.43
2012.06.05 13:17:26.930,0.81512,0.81523,1.50,2.93
2012.06.05 13:17:27.211,0.81514,0.81527,1.13,1.43
2012.06.05 13:17:27.587,0.81514,0.81527,1.88,1.43
2012.06.05 13:17:28.119,0.81517,0.8153,1.50,3.60
2012.06.05 13:17:28.514,0.81515,0.81529,1.50,2.18
2012.06.05 13:17:29.323,0.81514,0.81529,1.50,3.68
2012.06.05 13:17:29.820,0.81516,0.81529,1.50,2.18
2012.06.05 13:17:30.918,0.81516,0.81527,1.50,1.43
2012.06.05 13:17:31.666,0.81515,0.81527,1.50,1.43
2012.06.05 13:17:31.936,0.81512,0.81527,1.50,3.30
2012.06.05 13:17:32.076,0.8151,0.81524,1.50,1.88
2012.06.05 13:17:32.605,0.81509,0.81523,1.50,1.50
2012.06.05 13:17:33.099,0.81507,0.81521,1.50,2.18
2012.06.05 13:17:33.960,0.81507,0.81521,1.50,2.18
2012.06.05 13:17:34.565,0.81507,0.81521,1.50,1.43
2012.06.05 13:17:34.946,0.81505,0.81521,1.13,1.43
2012.06.05 13:17:35.464,0.81503,0.81521,1.88,1.43
2012.06.05 13:17:36.537,0.81505,0.81521,1.13,1.43
2012.06.05 13:17:37.101,0.81505,0.81522,2.55,4.05
2012.06.05 13:17:37.237,0.81505,0.8152,2.55,2.18
2012.06.05 13:17:37.767,0.81504,0.81517,1.13,1.43
2012.06.05 13:17:37.839,0.81504,0.81519,1.13,1.43
2012.06.05 13:17:38.368,0.81503,0.8152,4.73,2.18
2012.06.05 13:17:38.438,0.81506,0.81522,1.43,4.05
2012.06.05 13:17:38.517,0.81503,0.8152,3.30,2.18
2012.06.05 13:17:38.587,0.81506,0.81522,1.43,4.05
2012.06.05 13:17:39.483,0.81509,0.81524,1.43,2.55
2012.06.05 13:17:39.626,0.81506,0.81523,2.55,1.43
2012.06.05 13:17:40.195,0.81508,0.81523,1.13,1.43
2012.06.05 13:17:40.527,0.81513,0.81523,1.13,1.43
2012.06.05 13:17:40.665,0.81513,0.81529,1.13,1.43
2012.06.05 13:17:40.735,0.81516,0.81531,1.88,4.73
2012.06.05 13:17:41.079,0.81518,0.8153,1.13,3.60
2012.06.05 13:17:41.164,0.81518,0.81533,1.13,2.18
2012.06.05 13:17:41.237,0.8152,0.81533,1.13,2.18
2012.06.05 13:17:41.752,0.81521,0.81536,1.88,1.43
2012.06.05 13:17:41.967,0.81523,0.8154,1.43,5.10
2012.06.05 13:17:42.036,0.81527,0.8154,1.43,3.30
2012.06.05 13:17:42.179,0.81527,0.81542,1.43,1.13
2012.06.05 13:17:43.373,0.81527,0.8154,1.43,1.13
2012.06.05 13:17:43.845,0.81524,0.8154,3.30,1.13
2012.06.05 13:17:44.093,0.81522,0.81538,2.63,1.43
2012.06.05 13:17:44.536,0.81521,0.81535,1.88,1.43
2012.06.05 13:17:44.665,0.81519,0.81535,3.00,1.43
2012.06.05 13:17:45.874,0.81519,0.81534,1.88,1.88
2012.06.05 13:17:46.088,0.81518,0.81534,1.43,2.63
2012.06.05 13:17:46.215,0.81516,0.81531,2.18,1.43
2012.06.05 13:17:46.724,0.81515,0.81531,1.88,1.43
2012.06.05 13:17:46.855,0.81516,0.81534,2.18,4.80
2012.06.05 13:17:46.929,0.81518,0.81534,1.13,3.68
2012.06.05 13:17:47.075,0.81518,0.81535,1.88,2.55
2012.06.05 13:17:47.644,0.81523,0.81536,1.43,1.13
2012.06.05 13:17:48.016,0.81523,0.81538,1.43,1.13
2012.06.05 13:17:48.206,0.81525,0.81538,1.43,1.13
2012.06.05 13:17:48.337,0.81525,0.8154,1.43,2.55
2012.06.05 13:17:48.826,0.81529,0.81542,1.43,2.55
2012.06.05 13:17:49.024,0.81533,0.81548,1.43,5.48
2012.06.05 13:17:49.831,0.81532,0.81548,1.13,2.18
2012.06.05 13:17:50.885,0.81531,0.81548,1.13,2.55
2012.06.05 13:17:51.030,0.81529,0.81546,3.30,1.13
2012.06.05 13:17:51.248,0.81528,0.81545,2.85,1.43
2012.06.05 13:17:51.323,0.81532,0.81546,1.43,1.13
2012.06.05 13:17:51.466,0.81529,0.81546,2.18,2.55
2012.06.05 13:17:51.714,0.81529,0.81543,2.18,1.88
2012.06.05 13:17:52.037,0.81533,0.81541,1.43,1.13
2012.06.05 13:17:52.115,0.81525,0.81539,1.13,1.43
2012.06.05 13:17:52.256,0.81525,0.81541,2.55,1.13
2012.06.05 13:17:52.830,0.81528,0.81541,1.43,1.13
2012.06.05 13:17:53.275,0.81528,0.81543,1.43,2.25
2012.06.05 13:17:54.378,0.81524,0.81542,2.18,1.13
2012.06.05 13:17:54.756,0.81524,0.81542,2.18,1.88
2012.06.05 13:17:55.385,0.81525,0.81542,1.13,1.88
2012.06.05 13:17:57.035,0.81525,0.8154,1.13,1.43
2012.06.05 13:17:57.543,0.81524,0.8154,2.18,1.13
2012.06.05 13:17:58.425,0.81528,0.81543,1.13,2.18
2012.06.05 13:17:58.496,0.81529,0.81544,2.18,2.18
2012.06.05 13:17:58.567,0.81533,0.81544,1.43,1.43
2012.06.05 13:17:58.705,0.81533,0.81546,1.43,2.93
2012.06.05 13:17:59.213,0.81534,0.81547,1.43,4.05
2012.06.05 13:17:59.760,0.81534,0.81547,1.43,1.13
2012.06.05 13:18:00.603,0.81534,0.81548,1.43,1.13
2012.06.05 13:18:00.857,0.81534,0.81545,1.43,1.13
2012.06.05 13:18:01.327,0.81535,0.81551,1.43,2.63
2012.06.05 13:18:01.840,0.81536,0.81547,1.43,1.13
2012.06.05 13:18:01.919,0.81533,0.81546,1.50,1.13
2012.06.05 13:18:02.137,0.81531,0.81544,1.50,1.13
2012.06.05 13:18:02.466,0.81529,0.81544,2.18,1.13
2012.06.05 13:18:02.537,0.81529,0.81544,1.43,1.13
2012.06.05 13:18:03.057,0.81529,0.81543,1.43,1.88
2012.06.05 13:18:03.129,0.81532,0.81543,1.43,1.88
2012.06.05 13:18:03.411,0.8153,0.81543,1.43,1.13
2012.06.05 13:18:04.090,0.8153,0.81544,1.43,1.13
2012.06.05 13:18:05.022,0.8153,0.81543,1.43,1.13
2012.06.05 13:18:06.175,0.8153,0.81544,1.43,1.13
2012.06.05 13:18:06.932,0.8153,0.81545,1.43,1.13
2012.06.05 13:18:07.145,0.8153,0.8154,1.43,1.13
2012.06.05 13:18:07.216,0.81527,0.8154,2.18,1.13
2012.06.05 13:18:07.349,0.81527,0.81538,2.18,1.13
2012.06.05 13:18:07.758,0.81525,0.81537,1.43,1.13
2012.06.05 13:18:07.885,0.81522,0.81537,1.43,1.13
2012.06.05 13:18:08.776,0.81526,0.81537,1.43,1.13
2012.06.05 13:18:09.094,0.81529,0.8154,1.43,1.13
2012.06.05 13:18:09.165,0.81526,0.8154,2.18,1.13
2012.06.05 13:18:09.810,0.81525,0.81543,1.43,2.63
2012.06.05 13:18:10.928,0.81525,0.81543,2.18,2.63
2012.06.05 13:18:11.687,0.81528,0.81543,2.85,1.88
2012.06.05 13:18:12.004,0.8153,0.81545,1.43,1.88
2012.06.05 13:18:12.667,0.81533,0.81546,1.43,1.13
2012.06.05 13:18:13.211,0.81529,0.81546,2.55,1.13
2012.06.05 13:18:13.504,0.81529,0.81544,1.43,1.13
2012.06.05 13:18:14.065,0.81528,0.81544,1.43,1.13
2012.06.05 13:18:14.567,0.81527,0.81544,2.55,3.30
2012.06.05 13:18:14.884,0.81529,0.81543,1.43,1.13
2012.06.05 13:18:15.345,0.81526,0.81543,1.88,1.13
2012.06.05 13:18:15.766,0.81528,0.81545,1.13,5.48
2012.06.05 13:18:16.758,0.81525,0.81544,3.30,4.80
2012.06.05 13:18:17.467,0.81525,0.81541,2.18,1.13
2012.06.05 13:18:17.804,0.81524,0.81539,1.13,1.43
2012.06.05 13:18:18.353,0.81521,0.81537,1.50,2.55
2012.06.05 13:18:18.430,0.81521,0.81535,1.50,1.43
2012.06.05 13:18:19.135,0.81521,0.81537,2.93,1.13
2012.06.05 13:18:19.336,0.81522,0.81539,1.13,1.88
2012.06.05 13:18:20.584,0.81522,0.81539,1.88,1.13
2012.06.05 13:18:22.303,0.81523,0.8154,1.13,2.55
2012.06.05 13:18:22.375,0.81521,0.81539,2.18,1.13
2012.06.05 13:18:22.567,0.8152,0.81537,2.63,1.43
2012.06.05 13:18:22.637,0.81518,0.81537,4.05,2.55
2012.06.05 13:18:23.756,0.81519,0.81537,2.18,1.13
2012.06.05 13:18:24.289,0.81519,0.81536,3.30,1.13
2012.06.05 13:18:24.459,0.81519,0.81534,1.88,1.43
2012.06.05 13:18:25.812,0.81519,0.81534,1.88,1.43
2012.06.05 13:18:26.426,0.81517,0.81534,3.30,1.43
2012.06.05 13:18:27.057,0.81517,0.81534,2.55,2.18
2012.06.05 13:18:27.576,0.81517,0.81532,1.13,1.43
2012.06.05 13:18:28.098,0.81516,0.81532,1.13,1.43
2012.06.05 13:18:28.607,0.81517,0.81533,2.18,1.13
2012.06.05 13:18:28.936,0.81517,0.81531,1.43,1.13
2012.06.05 13:18:29.090,0.81514,0.81531,5.48,2.55
2012.06.05 13:18:30.637,0.81514,0.81531,3.30,2.55
2012.06.05 13:18:30.711,0.81513,0.81529,1.50,1.43
2012.06.05 13:18:31.037,0.81513,0.81524,1.50,1.13
2012.06.05 13:18:31.108,0.81511,0.81524,2.85,1.13
2012.06.05 13:18:31.564,0.81508,0.81523,2.03,1.43
2012.06.05 13:18:31.634,0.81508,0.81523,1.28,1.43
2012.06.05 13:18:32.205,0.81504,0.81522,4.05,1.13
2012.06.05 13:18:32.756,0.81504,0.8152,2.18,1.13
2012.06.05 13:18:33.015,0.81504,0.81523,3.30,2.55
2012.06.05 13:18:33.193,0.81504,0.81523,3.30,2.55
2012.06.05 13:18:33.520,0.81504,0.81523,3.30,3.30
2012.06.05 13:18:33.868,0.81504,0.81518,2.18,1.13
2012.06.05 13:18:34.216,0.81502,0.81515,2.18,1.13
2012.06.05 13:18:34.424,0.81499,0.81515,1.43,1.13
2012.06.05 13:18:34.495,0.81502,0.81515,1.43,1.13
2012.06.05 13:18:34.636,0.81499,0.81515,1.43,1.13
2012.06.05 13:18:35.413,0.81498,0.81513,1.13,1.43
2012.06.05 13:18:36.049,0.81497,0.81513,1.13,1.43
2012.06.05 13:18:36.747,0.81496,0.81511,2.18,1.13
2012.06.05 13:18:36.886,0.81494,0.8151,3.38,1.43
2012.06.05 13:18:37.413,0.81493,0.81509,1.43,1.13
2012.06.05 13:18:38.268,0.81493,0.8151,2.55,1.13
2012.06.05 13:18:38.866,0.81493,0.8151,3.30,1.13
2012.06.05 13:18:39.387,0.81493,0.8151,3.30,1.13
2012.06.05 13:18:40.875,0.81494,0.81511,1.13,1.13
2012.06.05 13:18:41.383,0.81495,0.81512,1.13,2.55
2012.06.05 13:18:41.647,0.81496,0.8151,1.43,1.13
2012.06.05 13:18:41.844,0.81492,0.81508,3.30,1.88
2012.06.05 13:18:44.273,0.81493,0.81508,1.13,2.93
2012.06.05 13:18:44.833,0.81494,0.81508,2.55,2.93
2012.06.05 13:18:44.903,0.81494,0.81511,2.55,3.30
2012.06.05 13:18:44.977,0.81496,0.81511,1.43,3.30
2012.06.05 13:18:45.357,0.81498,0.81511,1.43,2.55
2012.06.05 13:18:46.340,0.81501,0.81513,1.43,1.13
2012.06.05 13:18:46.546,0.81503,0.81517,1.43,4.50
2012.06.05 13:18:46.692,0.81506,0.81517,1.43,2.63
2012.06.05 13:18:46.976,0.81508,0.81521,1.43,1.05
2012.06.05 13:18:47.104,0.81506,0.81521,1.43,1.05
2012.06.05 13:18:47.178,0.81509,0.81521,1.43,1.05
2012.06.05 13:18:47.406,0.81507,0.81521,1.43,1.43
2012.06.05 13:18:48.032,0.81507,0.8152,1.43,1.13
2012.06.05 13:18:48.354,0.81509,0.81522,1.43,1.50
2012.06.05 13:18:48.698,0.81511,0.81524,1.43,3.75
2012.06.05 13:18:48.834,0.81511,0.81525,1.43,1.50
2012.06.05 13:18:48.972,0.81508,0.81525,2.55,1.50
2012.06.05 13:18:50.098,0.81506,0.81521,2.18,1.13
2012.06.05 13:18:50.169,0.81506,0.81519,1.43,2.93
2012.06.05 13:18:50.579,0.81502,0.81518,2.18,1.50
2012.06.05 13:18:52.758,0.81502,0.81518,2.18,1.50
2012.06.05 13:18:54.538,0.81505,0.81519,1.43,1.50
2012.06.05 13:18:55.093,0.81503,0.81519,1.43,1.50
2012.06.05 13:18:56.785,0.81504,0.81519,1.43,1.13
2012.06.05 13:18:57.094,0.81502,0.81519,1.88,1.13
2012.06.05 13:18:57.466,0.81501,0.81517,1.88,1.43
2012.06.05 13:18:57.784,0.81502,0.81519,3.30,1.43
2012.06.05 13:18:57.926,0.81505,0.81521,1.43,1.13
2012.06.05 13:18:58.245,0.81507,0.81522,1.43,1.88
2012.06.05 13:18:59.594,0.81507,0.8152,1.43,1.13
2012.06.05 13:18:59.664,0.81505,0.8152,2.18,1.13
2012.06.05 13:19:00.075,0.81506,0.81522,1.13,1.43
2012.06.05 13:19:00.469,0.81508,0.81525,1.43,2.55
2012.06.05 13:19:00.550,0.81511,0.81526,1.43,1.50
2012.06.05 13:19:01.525,0.81509,0.81525,1.13,1.50
2012.06.05 13:19:02.034,0.8151,0.81527,2.55,1.50
2012.06.05 13:19:02.103,0.8151,0.81527,2.55,1.50
2012.06.05 13:19:02.608,0.81509,0.81526,1.13,2.55
2012.06.05 13:19:02.683,0.81506,0.81522,1.88,1.13
2012.06.05 13:19:02.761,0.81506,0.81522,1.13,1.88
2012.06.05 13:19:03.298,0.81506,0.8152,1.13,1.43
2012.06.05 13:19:03.610,0.81503,0.81519,1.43,2.63
2012.06.05 13:19:03.826,0.81503,0.81516,1.43,1.13
2012.06.05 13:19:04.165,0.81503,0.81508,1.43,1.13
2012.06.05 13:19:04.236,0.81501,0.81508,1.43,1.13
2012.06.05 13:19:04.310,0.81498,0.81508,1.43,1.13
2012.06.05 13:19:04.622,0.81496,0.81504,1.43,1.43
2012.06.05 13:19:04.839,0.8149,0.81506,4.65,1.43
2012.06.05 13:19:05.130,0.81487,0.81503,3.30,1.13
2012.06.05 13:19:05.487,0.81487,0.81496,1.43,1.13
2012.06.05 13:19:05.698,0.81485,0.81496,1.43,1.13
2012.06.05 13:19:05.771,0.81485,0.81494,1.43,1.13
2012.06.05 13:19:05.918,0.81477,0.81492,1.88,1.43
2012.06.05 13:19:06.221,0.81478,0.81494,2.18,1.13
2012.06.05 13:19:06.937,0.81479,0.81495,1.13,1.43
2012.06.05 13:19:07.075,0.81481,0.81496,1.43,1.13
2012.06.05 13:19:07.336,0.81481,0.81498,3.30,3.30
2012.06.05 13:19:08.046,0.81481,0.81498,3.30,2.55
2012.06.05 13:19:08.366,0.81484,0.81498,1.13,1.43
2012.06.05 13:19:08.436,0.81484,0.81501,2.55,1.88
2012.06.05 13:19:08.508,0.81486,0.81502,1.13,1.88
2012.06.05 13:19:08.577,0.81486,0.81502,1.13,1.13
2012.06.05 13:19:09.103,0.81487,0.81502,1.43,1.13
2012.06.05 13:19:09.682,0.81488,0.81502,1.43,1.13
2012.06.05 13:19:09.826,0.81488,0.81505,1.43,6.23
2012.06.05 13:19:10.352,0.81488,0.81505,3.30,2.55
2012.06.05 13:19:10.694,0.81488,0.81502,1.43,1.13
2012.06.05 13:19:10.824,0.81486,0.81502,1.13,2.55
2012.06.05 13:19:11.347,0.81491,0.81502,1.13,1.43
2012.06.05 13:19:11.416,0.81491,0.81505,1.13,2.85
2012.06.05 13:19:11.486,0.81491,0.81503,1.13,1.43
2012.06.05 13:19:11.556,0.81491,0.81507,2.55,1.13
2012.06.05 13:19:11.897,0.81491,0.81508,2.55,3.30
2012.06.05 13:19:13.556,0.81491,0.81508,2.55,2.18
2012.06.05 13:19:13.756,0.8149,0.81505,1.13,1.43
2012.06.05 13:19:14.064,0.81491,0.81502,1.88,1.43
2012.06.05 13:19:14.135,0.81488,0.81507,3.30,2.55
2012.06.05 13:19:14.205,0.81488,0.81501,1.13,1.43
2012.06.05 13:19:14.274,0.81488,0.81503,2.55,1.43
2012.06.05 13:19:14.346,0.81488,0.81505,1.43,2.55
2012.06.05 13:19:14.739,0.81485,0.81501,4.05,1.13
2012.06.05 13:19:15.099,0.81482,0.81499,3.30,1.13
2012.06.05 13:19:15.234,0.81482,0.81499,2.55,1.13
2012.06.05 13:19:15.602,0.81487,0.81501,1.43,1.13
2012.06.05 13:19:15.748,0.81487,0.81503,1.43,1.88
2012.06.05 13:19:16.229,0.81487,0.81502,1.43,2.93
2012.06.05 13:19:16.566,0.81485,0.81498,1.13,1.43
2012.06.05 13:19:16.743,0.81482,0.81498,1.88,1.43
2012.06.05 13:19:16.876,0.81481,0.81498,2.18,1.43
2012.06.05 13:19:18.514,0.81484,0.815,1.43,2.25
2012.06.05 13:19:19.194,0.81483,0.81499,1.13,2.02
2012.06.05 13:19:19.264,0.81481,0.81499,1.43,3.30
2012.06.05 13:19:19.454,0.81483,0.81499,1.43,1.88
2012.06.05 13:19:19.525,0.81481,0.81498,1.43,2.18
2012.06.05 13:19:19.665,0.81483,0.81499,1.43,1.88
2012.06.05 13:19:20.404,0.81481,0.81498,1.13,1.88
2012.06.05 13:19:20.473,0.81483,0.81499,1.13,2.18
2012.06.05 13:19:21.394,0.81484,0.815,1.43,6.15
2012.06.05 13:19:21.462,0.81484,0.815,1.43,3.97
2012.06.05 13:19:21.674,0.81481,0.81499,1.88,1.43
2012.06.05 13:19:21.748,0.81483,0.815,3.30,2.85
2012.06.05 13:19:22.176,0.81483,0.81502,3.30,5.02
2012.06.05 13:19:22.696,0.81485,0.81501,1.88,1.35
2012.06.05 13:19:22.772,0.81485,0.81502,1.88,3.30
2012.06.05 13:19:23.221,0.81487,0.81502,1.43,1.88
2012.06.05 13:19:23.536,0.81483,0.81502,3.30,5.10
2012.06.05 13:19:24.083,0.81483,0.81501,3.30,1.13
2012.06.05 13:19:24.623,0.81484,0.81501,1.13,1.13
2012.06.05 13:19:24.693,0.81484,0.81498,1.13,1.43
2012.06.05 13:19:26.446,0.81483,0.81498,1.88,2.18
2012.06.05 13:19:26.515,0.81481,0.81498,2.18,2.93
2012.06.05 13:19:26.838,0.8148,0.81495,1.13,1.43
2012.06.05 13:19:28.084,0.81479,0.81495,1.88,1.43
2012.06.05 13:19:28.414,0.81479,0.81495,1.13,2.18
2012.06.05 13:19:28.744,0.81477,0.81491,2.25,1.43
2012.06.05 13:19:29.369,0.81477,0.81494,4.43,1.43
2012.06.05 13:19:29.563,0.8148,0.81494,1.13,1.43
2012.06.05 13:19:31.485,0.81477,0.81493,1.80,1.13
2012.06.05 13:19:32.013,0.81476,0.81492,2.48,2.55
2012.06.05 13:19:32.990,0.81475,0.81492,1.13,2.55
2012.06.05 13:19:33.662,0.81477,0.81492,1.43,1.13
2012.06.05 13:19:34.064,0.8148,0.81494,1.43,3.30
2012.06.05 13:19:34.253,0.81478,0.81494,1.43,4.05
2012.06.05 13:19:34.394,0.81476,0.81493,1.43,1.13
2012.06.05 13:19:34.923,0.81476,0.81494,1.43,4.05
2012.06.05 13:19:35.548,0.81477,0.81495,1.13,4.73
2012.06.05 13:19:35.956,0.81479,0.81496,1.43,5.85
2012.06.05 13:19:36.307,0.81481,0.81497,1.13,1.13
2012.06.05 13:19:36.832,0.81479,0.81495,1.13,1.43
2012.06.05 13:19:37.465,0.81478,0.81494,1.43,1.13
2012.06.05 13:19:38.046,0.81477,0.81494,1.43,1.13
2012.06.05 13:19:38.117,0.81475,0.81493,3.23,2.18
2012.06.05 13:19:38.184,0.81478,0.81493,1.43,2.18
2012.06.05 13:19:38.705,0.81477,0.81494,1.43,4.80
2012.06.05 13:19:39.445,0.81477,0.81494,3.30,1.13
2012.06.05 13:19:39.785,0.8148,0.81494,1.43,1.13
2012.06.05 13:19:41.301,0.81481,0.81496,1.13,2.18
2012.06.05 13:19:41.377,0.81483,0.81498,1.13,1.43
2012.06.05 13:19:41.723,0.81486,0.815,1.43,1.13
2012.06.05 13:19:42.176,0.81487,0.81502,1.43,1.13
2012.06.05 13:19:42.869,0.81488,0.81502,1.43,1.13
2012.06.05 13:19:43.204,0.81489,0.81504,1.13,1.13
2012.06.05 13:19:43.346,0.81493,0.81505,1.13,3.30
2012.06.05 13:19:43.675,0.81496,0.81508,1.43,1.50
2012.06.05 13:19:43.923,0.81498,0.81512,1.43,1.13
2012.06.05 13:19:43.993,0.81498,0.81512,1.43,1.13
2012.06.05 13:19:44.510,0.81498,0.81512,1.43,1.13
2012.06.05 13:19:44.857,0.81498,0.81516,1.43,5.18
2012.06.05 13:19:45.291,0.81502,0.81516,1.43,4.43
2012.06.05 13:19:45.796,0.81502,0.81516,1.43,3.68
2012.06.05 13:19:46.364,0.81502,0.81516,1.43,3.30
2012.06.05 13:19:46.433,0.81498,0.81516,1.43,4.05
2012.06.05 13:19:47.267,0.81498,0.81516,2.93,3.30
2012.06.05 13:19:47.337,0.81504,0.81517,1.13,2.18
2012.06.05 13:19:47.675,0.81509,0.81525,1.43,1.13
2012.06.05 13:19:47.816,0.81504,0.8152,1.88,1.43
2012.06.05 13:19:47.954,0.81503,0.81518,1.50,1.43
2012.06.05 13:19:48.026,0.81502,0.81518,1.88,1.43
2012.06.05 13:19:48.156,0.81503,0.81513,1.43,1.13
2012.06.05 13:19:48.226,0.815,0.81513,1.43,1.13
2012.06.05 13:19:48.298,0.81501,0.81511,1.43,1.13
2012.06.05 13:19:48.435,0.81499,0.8151,1.50,1.43
2012.06.05 13:19:48.836,0.81496,0.81508,4.50,1.43
2012.06.05 13:19:49.347,0.81496,0.81511,4.50,2.55
2012.06.05 13:19:49.756,0.81494,0.81511,2.55,2.55
2012.06.05 13:19:50.155,0.81496,0.81511,1.43,1.13
2012.06.05 13:19:50.484,0.815,0.81513,1.43,1.88
2012.06.05 13:19:51.063,0.815,0.81516,1.43,4.05
2012.06.05 13:19:51.195,0.81502,0.81516,1.43,2.93
2012.06.05 13:19:51.734,0.81502,0.81517,1.43,4.05
2012.06.05 13:19:52.523,0.815,0.81517,2.55,4.05
2012.06.05 13:19:53.107,0.815,0.81517,1.13,4.80
2012.06.05 13:19:53.310,0.81496,0.81515,3.30,2.55
2012.06.05 13:19:53.386,0.81496,0.81513,2.18,1.13
2012.06.05 13:19:53.717,0.81494,0.81511,3.30,4.35
2012.06.05 13:19:54.726,0.81492,0.81509,3.30,4.73
2012.06.05 13:19:54.797,0.81494,0.81509,1.43,3.30
2012.06.05 13:19:55.315,0.81499,0.81511,1.43,1.88
2012.06.05 13:19:55.455,0.81497,0.81511,1.43,4.05
2012.06.05 13:19:56.237,0.81497,0.81512,1.43,2.18
2012.06.05 13:19:56.378,0.815,0.81513,1.43,1.88
2012.06.05 13:19:58.266,0.815,0.81511,1.43,1.88
2012.06.05 13:19:58.405,0.81492,0.81511,2.55,3.38
2012.06.05 13:19:59.066,0.81493,0.8151,1.43,3.30
2012.06.05 13:20:00.264,0.81493,0.81509,1.43,2.63
2012.06.05 13:20:00.480,0.81493,0.81506,1.43,1.13
2012.06.05 13:20:00.558,0.8149,0.81506,2.85,1.13
2012.06.05 13:20:02.023,0.8149,0.81505,1.43,1.13
2012.06.05 13:20:03.346,0.8149,0.81506,1.43,1.13
2012.06.05 13:20:04.394,0.81491,0.81509,1.13,4.43
2012.06.05 13:20:04.465,0.81493,0.81509,1.13,2.18
2012.06.05 13:20:04.926,0.81493,0.8151,3.30,1.50
2012.06.05 13:20:05.069,0.81494,0.8151,2.18,1.13
2012.06.05 13:20:05.392,0.81497,0.81512,1.43,1.50
2012.06.05 13:20:05.913,0.81497,0.8151,1.43,1.13
2012.06.05 13:20:06.056,0.81494,0.8151,3.30,1.13
2012.06.05 13:20:06.303,0.81494,0.81507,1.43,1.13
2012.06.05 13:20:06.848,0.81494,0.81509,1.43,1.13
2012.06.05 13:20:07.164,0.81493,0.81509,1.43,1.13
2012.06.05 13:20:07.723,0.81494,0.8151,1.13,1.43
2012.06.05 13:20:08.458,0.81493,0.81509,1.43,1.13
2012.06.05 13:20:09.144,0.81494,0.8151,1.13,2.55
2012.06.05 13:20:10.353,0.81493,0.8151,3.30,1.43
2012.06.05 13:20:10.727,0.81496,0.81512,1.43,3.68
2012.06.05 13:20:11.943,0.81493,0.81511,3.30,1.43
2012.06.05 13:20:12.704,0.81493,0.8151,1.13,1.88
2012.06.05 13:20:13.216,0.81494,0.81511,1.88,2.55
2012.06.05 13:20:13.410,0.81497,0.81511,1.43,2.55
2012.06.05 13:20:13.875,0.81499,0.81511,1.43,1.13
2012.06.05 13:20:14.084,0.81495,0.81511,2.18,1.13
2012.06.05 13:20:14.545,0.81501,0.81514,1.43,2.25
2012.06.05 13:20:14.617,0.81501,0.81514,1.43,1.88
2012.06.05 13:20:14.685,0.81498,0.81514,1.43,1.88
2012.06.05 13:20:14.754,0.81501,0.81514,1.43,1.88
2012.06.05 13:20:15.683,0.81502,0.81514,1.43,1.13
2012.06.05 13:20:16.236,0.81502,0.81515,1.43,1.13
2012.06.05 13:20:16.556,0.81504,0.81515,1.43,1.13
2012.06.05 13:20:17.006,0.81502,0.81515,1.43,1.13
2012.06.05 13:20:17.536,0.81502,0.81518,2.93,1.73
2012.06.05 13:20:17.606,0.81507,0.81519,2.55,1.50
2012.06.05 13:20:17.947,0.81513,0.81524,1.43,1.88
2012.06.05 13:20:18.154,0.81513,0.81528,1.43,2.25
2012.06.05 13:20:18.719,0.81513,0.81525,1.43,1.13
2012.06.05 13:20:19.266,0.81514,0.81527,1.43,1.13
2012.06.05 13:20:19.395,0.81516,0.81527,1.43,1.13
2012.06.05 13:20:19.652,0.81511,0.81527,1.43,1.13
2012.06.05 13:20:19.782,0.8151,0.81525,1.88,1.43
2012.06.05 13:20:20.315,0.81508,0.81525,3.30,2.55
2012.06.05 13:20:20.764,0.81508,0.81522,1.88,1.43
2012.06.05 13:20:20.956,0.81507,0.81522,1.50,1.43
2012.06.05 13:20:21.155,0.8151,0.81522,1.13,1.43
2012.06.05 13:20:21.286,0.8151,0.81525,4.35,1.13
2012.06.05 13:20:21.936,0.8151,0.81524,1.13,1.43
2012.06.05 13:20:22.074,0.81512,0.81526,1.43,1.13
2012.06.05 13:20:23.396,0.81511,0.81526,1.43,1.13
2012.06.05 13:20:23.462,0.81509,0.81527,2.18,1.13
2012.06.05 13:20:23.723,0.81509,0.81525,2.18,1.13
2012.06.05 13:20:23.794,0.81507,0.81525,4.05,2.55
2012.06.05 13:20:24.812,0.81509,0.81525,1.43,1.13
2012.06.05 13:20:25.572,0.81509,0.81527,1.43,1.88
2012.06.05 13:20:26.113,0.81509,0.81527,1.43,1.88
2012.06.05 13:20:27.465,0.81509,0.81526,1.43,1.88
2012.06.05 13:20:27.593,0.81507,0.81525,1.88,2.18
2012.06.05 13:20:28.015,0.81509,0.81526,1.43,3.30
2012.06.05 13:20:28.563,0.81509,0.81526,1.43,1.88
2012.06.05 13:20:28.866,0.81511,0.81527,1.43,1.88
2012.06.05 13:20:29.185,0.81507,0.81521,1.88,1.43
2012.06.05 13:20:29.254,0.81504,0.81521,6.23,1.43
2012.06.05 13:20:29.778,0.81504,0.81518,2.25,1.43
2012.06.05 13:20:29.978,0.81502,0.8152,2.63,3.60
2012.06.05 13:20:30.115,0.81502,0.81517,2.63,1.43
2012.06.05 13:20:30.452,0.81502,0.81517,3.30,1.43
2012.06.05 13:20:30.533,0.81502,0.81519,2.55,1.43
2012.06.05 13:20:31.379,0.81502,0.81516,1.43,1.13
2012.06.05 13:20:31.694,0.81499,0.81516,4.05,2.55
2012.06.05 13:20:32.366,0.81501,0.81517,2.18,1.13
2012.06.05 13:20:33.555,0.81501,0.81517,2.27,1.13
2012.06.05 13:20:33.910,0.8151,0.81517,2.93,1.13
2012.06.05 13:20:33.994,0.81512,0.81526,1.43,1.13
2012.06.05 13:20:34.523,0.81512,0.81527,1.43,1.13
2012.06.05 13:20:34.997,0.8151,0.81524,2.18,1.13
2012.06.05 13:20:35.335,0.81508,0.81522,1.43,1.13
2012.06.05 13:20:35.406,0.81503,0.81522,3.68,4.73
2012.06.05 13:20:35.534,0.81503,0.81522,3.30,3.30
2012.06.05 13:20:35.603,0.81506,0.81522,1.43,1.88
2012.06.05 13:20:35.853,0.81504,0.8152,1.43,1.13
2012.06.05 13:20:36.408,0.81503,0.8152,2.55,1.88
2012.06.05 13:20:37.735,0.81503,0.8152,3.30,1.13
2012.06.05 13:20:37.923,0.81507,0.8152,1.43,1.13
2012.06.05 13:20:43.844,0.81507,0.81522,1.43,2.63
2012.06.05 13:20:44.153,0.81509,0.81522,1.43,2.63
2012.06.05 13:20:45.817,0.81509,0.81524,2.55,4.05
2012.06.05 13:20:45.956,0.81515,0.81526,1.43,1.50
2012.06.05 13:20:46.098,0.81515,0.81527,1.43,1.13
2012.06.05 13:20:46.169,0.81517,0.81527,1.43,1.13
2012.06.05 13:20:46.542,0.81517,0.81531,1.43,1.88
2012.06.05 13:20:47.204,0.81517,0.81533,1.43,1.50
2012.06.05 13:20:48.005,0.81517,0.81532,1.43,3.30
2012.06.05 13:20:48.521,0.81517,0.81532,1.43,5.18
2012.06.05 13:20:48.595,0.81517,0.81531,1.43,3.30
2012.06.05 13:20:48.866,0.81507,0.81522,4.73,1.43
2012.06.05 13:20:49.067,0.81506,0.81521,1.43,2.18
2012.06.05 13:20:49.134,0.81506,0.81519,1.43,1.13
2012.06.05 13:20:49.212,0.81502,0.81519,1.88,1.13
2012.06.05 13:20:49.734,0.81504,0.81519,1.43,1.13
2012.06.05 13:20:50.744,0.81503,0.81519,1.13,1.43
2012.06.05 13:20:51.275,0.81503,0.8152,3.30,1.13
2012.06.05 13:20:53.192,0.81503,0.8152,3.30,1.13
2012.06.05 13:20:53.513,0.81506,0.8152,1.43,1.13
2012.06.05 13:20:56.421,0.81504,0.8152,1.43,1.13
2012.06.05 13:20:56.635,0.81501,0.81519,3.30,1.43
2012.06.05 13:20:57.304,0.81501,0.81519,3.30,1.43
2012.06.05 13:20:57.618,0.81501,0.81515,2.18,1.13
2012.06.05 13:20:57.897,0.8149,0.81506,4.43,1.43
2012.06.05 13:20:58.166,0.81488,0.81504,2.18,2.55
2012.06.05 13:20:58.669,0.81489,0.81504,1.50,2.55
2012.06.05 13:20:58.815,0.81492,0.81507,1.13,1.43
2012.06.05 13:20:58.891,0.81493,0.81511,1.43,3.00
2012.06.05 13:20:58.969,0.81495,0.81511,1.13,1.50
2012.06.05 13:20:59.324,0.81497,0.81512,1.43,1.88
2012.06.05 13:20:59.939,0.81494,0.81499,1.43,2.10
2012.06.05 13:21:00.023,0.81483,0.81497,1.80,2.18
2012.06.05 13:21:00.488,0.81483,0.81499,1.88,2.93
2012.06.05 13:21:00.737,0.81486,0.81499,1.13,2.93
2012.06.05 13:21:01.293,0.81486,0.81499,1.88,1.43
2012.06.05 13:21:01.616,0.81483,0.81499,1.88,1.43
2012.06.05 13:21:01.683,0.81485,0.81502,1.43,4.73
2012.06.05 13:21:01.754,0.81483,0.81499,2.55,1.43
2012.06.05 13:21:02.517,0.81485,0.81502,1.43,3.30
2012.06.05 13:21:03.144,0.81488,0.81502,1.43,1.88
2012.06.05 13:21:03.395,0.81488,0.81505,1.43,6.60
2012.06.05 13:21:04.117,0.81488,0.81503,1.43,1.13
2012.06.05 13:21:04.186,0.81485,0.81503,1.13,2.55
2012.06.05 13:21:04.824,0.81485,0.81503,1.13,3.30
2012.06.05 13:21:05.206,0.81484,0.81502,1.43,1.88
2012.06.05 13:21:05.693,0.81484,0.81502,1.13,2.18
2012.06.05 13:21:06.432,0.81484,0.81502,1.88,2.18
2012.06.05 13:21:07.265,0.81484,0.81502,1.13,2.18
2012.06.05 13:21:08.413,0.81484,0.81502,1.13,1.43
2012.06.05 13:21:08.486,0.81486,0.81503,1.43,1.88
2012.06.05 13:21:09.965,0.81486,0.81504,2.18,1.88
2012.06.05 13:21:10.533,0.81485,0.81502,1.88,1.43
2012.06.05 13:21:12.194,0.81487,0.81504,2.18,3.30
2012.06.05 13:21:12.540,0.81487,0.81504,1.43,3.30
2012.06.05 13:21:12.616,0.81487,0.81501,1.43,1.13
2012.06.05 13:21:12.824,0.81487,0.81504,3.30,3.30
2012.06.05 13:21:13.323,0.81487,0.81504,3.30,3.30
2012.06.05 13:21:13.596,0.81487,0.81504,1.88,1.88
2012.06.05 13:21:14.185,0.81487,0.81504,1.88,1.88
2012.06.05 13:21:15.214,0.8149,0.81506,1.13,1.88
2012.06.05 13:21:15.284,0.81492,0.81506,1.88,1.50
2012.06.05 13:21:15.696,0.81493,0.81509,1.43,3.00
2012.06.05 13:21:16.195,0.81493,0.81509,1.43,2.25
2012.06.05 13:21:16.264,0.81495,0.81509,1.43,2.25
2012.06.05 13:21:17.444,0.81495,0.81511,2.18,1.50
2012.06.05 13:21:17.789,0.81494,0.81512,2.18,3.68
2012.06.05 13:21:17.926,0.81493,0.8151,1.88,1.43
2012.06.05 13:21:19.136,0.81495,0.81512,1.43,5.85
2012.06.05 13:21:20.115,0.81495,0.81512,1.43,5.10
2012.06.05 13:21:21.330,0.81498,0.81512,1.43,3.30
2012.06.05 13:21:21.844,0.81498,0.81514,1.43,4.43
2012.06.05 13:21:22.285,0.81498,0.81511,1.43,1.13
2012.06.05 13:21:22.415,0.81495,0.81511,1.88,2.55
2012.06.05 13:21:22.617,0.81494,0.8151,1.43,1.43
2012.06.05 13:21:22.745,0.81496,0.81511,1.43,1.43
2012.06.05 13:21:23.063,0.81497,0.81511,1.50,1.43
2012.06.05 13:21:23.398,0.81504,0.81516,1.43,1.50
2012.06.05 13:21:23.664,0.81504,0.81519,1.43,1.13
2012.06.05 13:21:24.136,0.81506,0.8152,1.13,2.18
2012.06.05 13:21:24.207,0.81506,0.8152,1.13,1.43
2012.06.05 13:21:24.281,0.81509,0.8152,1.13,1.43
2012.06.05 13:21:24.637,0.81518,0.81529,1.88,1.41
2012.06.05 13:21:24.968,0.8152,0.81536,1.43,1.88
2012.06.05 13:21:25.226,0.81521,0.81537,1.13,2.18
2012.06.05 13:21:25.533,0.81519,0.81536,3.30,1.43
2012.06.05 13:21:25.730,0.81519,0.81536,3.30,1.43
2012.06.05 13:21:26.074,0.81516,0.81532,1.13,1.43
2012.06.05 13:21:26.875,0.81516,0.81532,1.88,1.43
2012.06.05 13:21:27.218,0.81536,0.81541,1.13,1.50
2012.06.05 13:21:27.501,0.81532,0.81541,1.88,1.50
2012.06.05 13:21:27.578,0.81541,0.81546,1.13,2.55
2012.06.05 13:21:27.651,0.81541,0.81546,1.13,2.18
2012.06.05 13:21:27.944,0.81546,0.8155,1.13,1.43
2012.06.05 13:21:28.018,0.81546,0.8155,1.13,1.43
2012.06.05 13:21:28.767,0.8155,0.81556,1.35,1.43
2012.06.05 13:21:28.851,0.81552,0.81556,1.50,2.18
2012.06.05 13:21:28.930,0.81555,0.8156,1.13,2.18
2012.06.05 13:21:29.080,0.81552,0.81565,1.88,1.43
2012.06.05 13:21:29.231,0.81551,0.81565,1.88,1.43
2012.06.05 13:21:29.312,0.81556,0.81568,1.43,1.88
2012.06.05 13:21:29.870,0.81551,0.81567,1.13,2.18
2012.06.05 13:21:30.347,0.81552,0.81567,1.13,1.43
2012.06.05 13:21:30.895,0.81551,0.81568,2.55,1.13
2012.06.05 13:21:31.407,0.8155,0.81566,1.13,1.43
2012.06.05 13:21:31.756,0.81553,0.81568,1.43,1.13
2012.06.05 13:21:32.097,0.81549,0.81562,1.43,1.13
2012.06.05 13:21:32.508,0.81549,0.81558,1.43,1.88
2012.06.05 13:21:32.786,0.81549,0.81561,1.43,1.13
2012.06.05 13:21:33.209,0.81553,0.81566,1.43,1.50
2012.06.05 13:21:33.574,0.81561,0.81568,1.43,1.41
2012.06.05 13:21:33.648,0.81561,0.81575,1.43,1.86
2012.06.05 13:21:33.718,0.81561,0.81576,1.43,2.54
2012.06.05 13:21:33.790,0.81561,0.81574,1.43,1.56
2012.06.05 13:21:34.437,0.81561,0.81576,1.43,1.88
2012.06.05 13:21:34.806,0.81563,0.81577,1.43,1.13
2012.06.05 13:21:35.074,0.8156,0.81577,1.43,1.13
2012.06.05 13:21:35.917,0.81562,0.81577,1.43,1.13
2012.06.05 13:21:36.463,0.81563,0.81577,1.43,1.13
2012.06.05 13:21:36.872,0.81559,0.81577,2.93,1.13
2012.06.05 13:21:37.074,0.8156,0.81577,2.55,1.13
2012.06.05 13:21:37.418,0.81577,0.81588,1.13,2.18
2012.06.05 13:21:37.686,0.81579,0.81591,2.93,2.18
2012.06.05 13:21:37.775,0.81582,0.81593,1.13,2.18
2012.06.05 13:21:37.852,0.81581,0.816,5.85,5.18
2012.06.05 13:21:38.404,0.81581,0.81597,1.13,1.43
2012.06.05 13:21:38.677,0.81585,0.81598,1.43,1.13
2012.06.05 13:21:38.800,0.81583,0.81598,1.43,1.13
2012.06.05 13:21:39.088,0.81585,0.81598,1.43,1.13
2012.06.05 13:21:39.159,0.81583,0.81598,1.43,1.13
2012.06.05 13:21:39.467,0.81583,0.81592,1.43,2.63
2012.06.05 13:21:39.827,0.81574,0.81584,2.85,1.13
2012.06.05 13:21:40.207,0.81574,0.81582,2.10,1.43
2012.06.05 13:21:40.420,0.81574,0.81584,2.85,1.13
2012.06.05 13:21:40.499,0.81574,0.81584,2.55,1.13
2012.06.05 13:21:40.651,0.81574,0.81581,2.55,2.18
2012.06.05 13:21:41.008,0.81562,0.8158,1.88,3.60
2012.06.05 13:21:41.217,0.81562,0.81577,1.88,1.43
2012.06.05 13:21:41.294,0.81562,0.81577,1.88,1.43
2012.06.05 13:21:42.295,0.8156,0.81577,1.88,1.43
2012.06.05 13:21:43.157,0.81558,0.81574,1.43,1.13
2012.06.05 13:21:43.496,0.81556,0.81572,1.13,1.43
2012.06.05 13:21:44.228,0.81555,0.81572,1.43,2.55
2012.06.05 13:21:44.536,0.81553,0.8157,2.25,1.43
2012.06.05 13:21:44.844,0.81553,0.81566,1.50,1.43
2012.06.05 13:21:45.333,0.81553,0.81569,1.50,3.98
2012.06.05 13:21:45.865,0.81552,0.81569,2.55,2.55
2012.06.05 13:21:48.700,0.81548,0.81565,2.18,1.13
2012.06.05 13:21:49.058,0.81544,0.81557,1.13,1.43
2012.06.05 13:21:49.406,0.81544,0.81554,1.13,1.43
2012.06.05 13:21:49.821,0.81541,0.81557,1.88,2.55
2012.06.05 13:21:49.967,0.81541,0.81557,1.13,2.55
2012.06.05 13:21:50.166,0.8154,0.81553,1.43,1.13
2012.06.05 13:21:50.366,0.81538,0.81553,1.43,3.30
2012.06.05 13:21:50.509,0.81536,0.81553,1.13,1.13
2012.06.05 13:21:50.589,0.81536,0.81551,1.13,1.43
2012.06.05 13:21:50.919,0.81529,0.81541,1.50,1.43
2012.06.05 13:21:51.233,0.81526,0.81542,1.50,2.55
2012.06.05 13:21:51.314,0.81525,0.81542,2.18,3.30
2012.06.05 13:21:51.524,0.81525,0.81538,1.43,1.13
2012.06.05 13:21:51.864,0.81525,0.81534,1.43,1.13
2012.06.05 13:21:52.119,0.8152,0.81534,1.43,1.13
2012.06.05 13:21:52.244,0.8152,0.81538,1.43,5.18
2012.06.05 13:21:52.315,0.81519,0.81531,2.55,1.43
2012.06.05 13:21:52.385,0.8152,0.81537,1.43,2.18
2012.06.05 13:21:52.896,0.8152,0.81537,1.43,2.18
2012.06.05 13:21:53.025,0.81518,0.81534,1.13,2.55
2012.06.05 13:21:53.364,0.8152,0.81537,1.43,4.80
2012.06.05 13:21:55.704,0.81523,0.81537,1.13,1.43
2012.06.05 13:21:56.237,0.81525,0.8154,1.13,1.43
2012.06.05 13:21:56.307,0.81523,0.81539,1.43,1.13
2012.06.05 13:21:56.845,0.81522,0.81539,2.55,1.13
2012.06.05 13:21:57.265,0.81521,0.81537,1.43,1.43
2012.06.05 13:21:57.810,0.81521,0.81537,1.43,2.18
2012.06.05 13:21:58.894,0.81521,0.81537,1.43,1.43
2012.06.05 13:21:59.496,0.81519,0.81536,2.55,2.18
2012.06.05 13:21:59.637,0.81516,0.8153,4.05,1.43
2012.06.05 13:21:59.706,0.81518,0.81534,2.18,1.13
2012.06.05 13:21:59.776,0.81518,0.81534,1.43,1.88
2012.06.05 13:21:59.845,0.81516,0.81532,2.55,2.18
2012.06.05 13:21:59.917,0.81519,0.81534,1.43,2.18
2012.06.05 13:21:59.986,0.81519,0.81535,1.43,1.88
2012.06.05 13:22:00.520,0.81518,0.81534,1.13,1.43
2012.06.05 13:22:01.048,0.81518,0.81533,1.13,1.43
2012.06.05 13:22:01.386,0.81516,0.81532,1.13,2.18
2012.06.05 13:22:01.765,0.81518,0.81535,1.13,3.68
2012.06.05 13:22:02.084,0.81518,0.81535,1.13,3.30
2012.06.05 13:22:02.716,0.81519,0.81535,1.13,2.18
2012.06.05 13:22:03.254,0.81519,0.81536,2.55,1.13
2012.06.05 13:22:04.157,0.81521,0.81537,1.13,1.13
2012.06.05 13:22:05.606,0.81523,0.81538,1.13,1.43
2012.06.05 13:22:05.744,0.81523,0.8154,1.13,1.50
2012.06.05 13:22:05.934,0.81523,0.81542,1.13,2.25
2012.06.05 13:22:06.862,0.81525,0.81542,1.13,2.25
2012.06.05 13:22:08.452,0.81525,0.81542,1.13,2.25
2012.06.05 13:22:09.276,0.81525,0.81542,1.13,2.25
2012.06.05 13:22:11.262,0.81525,0.81542,1.88,2.25
2012.06.05 13:22:16.133,0.81524,0.81541,1.88,1.13
2012.06.05 13:22:16.886,0.81522,0.81541,1.88,1.88
2012.06.05 13:22:17.038,0.81522,0.81539,1.88,1.88
2012.06.05 13:22:17.236,0.81522,0.81539,1.88,1.88
2012.06.05 13:22:17.306,0.81522,0.81539,1.88,1.88
2012.06.05 13:22:19.084,0.81522,0.81537,1.88,1.43
2012.06.05 13:22:19.400,0.81522,0.81539,2.18,2.18
2012.06.05 13:22:19.884,0.81525,0.8154,1.43,1.13
2012.06.05 13:22:20.444,0.81522,0.81539,2.18,1.43
2012.06.05 13:22:20.585,0.81522,0.81538,1.43,1.13
2012.06.05 13:22:20.954,0.81521,0.81535,1.88,1.43
2012.06.05 13:22:21.289,0.81522,0.81538,1.43,1.13
2012.06.05 13:22:21.944,0.81522,0.81535,1.43,1.13
2012.06.05 13:22:22.135,0.81519,0.81535,1.50,1.13
2012.06.05 13:22:22.386,0.81522,0.81535,2.18,1.13
2012.06.05 13:22:23.022,0.81522,0.81536,2.18,1.13
2012.06.05 13:22:24.247,0.81522,0.81538,2.18,1.88
2012.06.05 13:22:26.797,0.81522,0.81539,2.18,5.48
2012.06.05 13:22:28.103,0.81523,0.81539,1.13,1.43
2012.06.05 13:22:28.448,0.81524,0.81542,3.30,4.05
2012.06.05 13:22:28.643,0.81524,0.81542,4.05,3.30
2012.06.05 13:22:29.932,0.81524,0.81543,4.05,4.05
2012.06.05 13:22:30.503,0.81524,0.81543,1.88,5.18
2012.06.05 13:22:31.030,0.81524,0.81543,1.88,5.18
2012.06.05 13:22:31.476,0.81523,0.8154,2.63,1.13
2012.06.05 13:22:34.682,0.81523,0.8154,1.88,4.05
2012.06.05 13:22:35.872,0.81522,0.81539,1.88,1.88
2012.06.05 13:22:36.475,0.81522,0.81539,1.88,4.05
2012.06.05 13:22:38.709,0.8152,0.81539,2.63,4.05
2012.06.05 13:22:38.787,0.8152,0.81536,1.50,1.13
2012.06.05 13:22:39.107,0.81517,0.81536,1.88,1.88
2012.06.05 13:22:40.198,0.81518,0.81537,1.88,4.05
2012.06.05 13:22:40.409,0.81519,0.81538,1.88,4.80
2012.06.05 13:22:40.924,0.81519,0.81536,1.88,1.13
2012.06.05 13:22:41.243,0.81522,0.81538,1.13,4.80
2012.06.05 13:22:41.434,0.81523,0.8154,1.13,5.93
2012.06.05 13:22:41.983,0.81524,0.81541,1.13,1.50
2012.06.05 13:22:43.410,0.81525,0.81542,1.13,4.80
2012.06.05 13:22:46.487,0.81526,0.81542,1.13,2.93
2012.06.05 13:22:47.357,0.81526,0.81543,1.13,3.30
2012.06.05 13:22:47.737,0.81523,0.81542,1.13,4.80
2012.06.05 13:22:48.616,0.81521,0.8154,1.88,4.05
2012.06.05 13:22:49.786,0.81522,0.8154,1.13,2.93
2012.06.05 13:22:49.927,0.81524,0.8154,1.50,2.93
2012.06.05 13:22:50.186,0.81523,0.81541,1.88,1.13
2012.06.05 13:22:51.044,0.81523,0.81541,2.63,1.13
2012.06.05 13:22:51.552,0.81523,0.81541,2.63,1.13
2012.06.05 13:22:52.380,0.81523,0.8154,2.63,1.13
2012.06.05 13:22:52.895,0.8152,0.81539,3.00,1.88
2012.06.05 13:22:53.427,0.81521,0.81539,1.13,1.13
2012.06.05 13:22:54.359,0.81522,0.81538,1.13,1.13
2012.06.05 13:22:55.613,0.81523,0.8154,1.13,1.88
2012.06.05 13:22:56.136,0.81524,0.81541,1.13,1.13
2012.06.05 13:22:58.334,0.81522,0.81541,2.63,1.13
2012.06.05 13:22:58.866,0.81522,0.81541,1.88,1.13
2012.06.05 13:22:59.547,0.81522,0.81541,1.13,1.88
2012.06.05 13:23:00.177,0.81522,0.81541,1.13,1.88
2012.06.05 13:23:01.565,0.81521,0.8154,2.63,1.13
2012.06.05 13:23:05.676,0.81521,0.8154,2.63,1.13
2012.06.05 13:23:05.746,0.81524,0.81543,1.13,5.93
2012.06.05 13:23:06.074,0.81526,0.81543,4.05,1.13
2012.06.05 13:23:06.596,0.81527,0.81546,2.63,2.63
2012.06.05 13:23:09.276,0.81527,0.81546,3.38,1.88
2012.06.05 13:23:09.344,0.81532,0.81547,1.13,1.50
2012.06.05 13:23:09.619,0.8153,0.81546,1.13,1.88
2012.06.05 13:23:09.815,0.81528,0.81546,2.93,1.88
2012.06.05 13:23:10.327,0.81528,0.81546,2.25,1.13
2012.06.05 13:23:10.834,0.81529,0.81547,1.13,1.50
2012.06.05 13:23:12.635,0.81529,0.81547,1.88,2.93
2012.06.05 13:23:12.954,0.8153,0.81548,1.50,1.88
2012.06.05 13:23:13.906,0.81529,0.81548,1.88,1.88
2012.06.05 13:23:14.477,0.8153,0.81548,1.50,1.88
2012.06.05 13:23:15.152,0.81531,0.81548,1.88,1.88
2012.06.05 13:23:15.664,0.81531,0.81548,1.88,1.88
2012.06.05 13:23:16.277,0.81537,0.81548,1.43,1.13
2012.06.05 13:23:16.526,0.81539,0.81555,1.13,1.13
2012.06.05 13:23:16.723,0.81539,0.81556,2.63,1.13
2012.06.05 13:23:16.854,0.8154,0.81557,1.88,1.50
2012.06.05 13:23:18.596,0.81539,0.81557,1.50,1.13
2012.06.05 13:23:18.785,0.81539,0.81553,1.50,1.43
2012.06.05 13:23:18.916,0.81537,0.81553,1.13,1.43
2012.06.05 13:23:19.281,0.81536,0.8155,1.50,1.13
2012.06.05 13:23:19.358,0.81535,0.81552,2.63,1.13
2012.06.05 13:23:20.412,0.81535,0.81551,2.63,1.43
2012.06.05 13:23:20.560,0.81539,0.81551,1.13,1.43
2012.06.05 13:23:20.638,0.81539,0.81555,1.88,1.43
2012.06.05 13:23:21.095,0.81541,0.81555,1.43,2.55
2012.06.05 13:23:21.304,0.81534,0.81549,1.43,1.43
2012.06.05 13:23:21.376,0.81532,0.81549,1.50,1.43
2012.06.05 13:23:21.446,0.81534,0.8155,1.43,4.05
2012.06.05 13:23:21.936,0.81536,0.81551,1.13,1.43
2012.06.05 13:23:22.490,0.81537,0.81552,1.43,3.30
2012.06.05 13:23:22.954,0.81534,0.81552,1.13,3.98
2012.06.05 13:23:23.527,0.81534,0.81551,1.13,1.88
2012.06.05 13:23:24.897,0.81534,0.81548,1.13,1.43
2012.06.05 13:23:24.968,0.81531,0.81548,4.05,2.55
2012.06.05 13:23:25.805,0.81532,0.81548,2.63,1.43
2012.06.05 13:23:26.059,0.81533,0.81551,2.18,1.13
2012.06.05 13:23:26.125,0.81533,0.81547,2.18,1.13
2012.06.05 13:23:26.629,0.8153,0.81544,2.93,1.13
2012.06.05 13:23:26.697,0.81528,0.81544,2.25,1.13
2012.06.05 13:23:28.137,0.81527,0.81545,1.88,2.55
2012.06.05 13:23:28.652,0.81529,0.81545,1.43,1.13
2012.06.05 13:23:29.213,0.81529,0.81546,2.55,1.88
2012.06.05 13:23:29.540,0.81532,0.81547,1.13,2.93
2012.06.05 13:23:29.884,0.81534,0.81547,2.55,2.18
2012.06.05 13:23:29.956,0.81534,0.81551,2.55,2.18
2012.06.05 13:23:30.448,0.81533,0.81548,2.18,1.13
2012.06.05 13:23:30.657,0.81531,0.81548,2.18,2.55
2012.06.05 13:23:31.101,0.81531,0.81546,2.18,1.13
2012.06.05 13:23:31.317,0.81529,0.81546,3.60,3.30
2012.06.05 13:23:31.878,0.8153,0.81546,2.55,3.30
2012.06.05 13:23:31.947,0.81533,0.81546,2.55,2.18
2012.06.05 13:23:32.477,0.81536,0.81546,1.43,2.18
2012.06.05 13:23:32.619,0.81534,0.81551,1.88,6.23
2012.06.05 13:23:33.387,0.81534,0.81551,1.88,4.73
2012.06.05 13:23:33.644,0.81532,0.81551,2.55,5.48
2012.06.05 13:23:33.844,0.81532,0.81548,1.13,1.43
2012.06.05 13:23:34.520,0.81533,0.81549,1.43,1.43
2012.06.05 13:23:35.035,0.81533,0.8155,2.18,1.43
2012.06.05 13:23:35.706,0.81533,0.8155,1.43,2.18
2012.06.05 13:23:36.244,0.81532,0.81548,1.13,1.43
2012.06.05 13:23:36.579,0.8154,0.8155,1.13,1.43
2012.06.05 13:23:36.787,0.81541,0.81552,1.88,1.43
2012.06.05 13:23:37.224,0.81542,0.81559,4.05,2.18
2012.06.05 13:23:37.431,0.81545,0.81561,1.43,3.53
2012.06.05 13:23:37.895,0.81542,0.81559,2.85,1.43
2012.06.05 13:23:37.966,0.81544,0.8156,1.43,1.13
2012.06.05 13:23:41.515,0.81542,0.81557,1.43,1.13
2012.06.05 13:23:41.588,0.8154,0.81557,1.43,2.55
2012.06.05 13:23:41.845,0.81538,0.81554,2.55,1.43
2012.06.05 13:23:42.789,0.81541,0.81554,1.13,1.43
2012.06.05 13:23:42.868,0.81541,0.81558,4.73,3.98
2012.06.05 13:23:42.939,0.81544,0.81559,2.55,3.30
2012.06.05 13:23:43.017,0.81544,0.81559,2.55,2.18
2012.06.05 13:23:43.084,0.81546,0.81561,1.13,1.43
2012.06.05 13:23:43.284,0.81546,0.81563,1.13,4.05
2012.06.05 13:23:43.355,0.81548,0.81563,1.43,2.63
2012.06.05 13:23:43.887,0.81548,0.81562,1.43,2.18
2012.06.05 13:23:43.954,0.81548,0.81565,1.43,5.85
2012.06.05 13:23:44.026,0.81551,0.81565,1.43,4.43
2012.06.05 13:23:44.514,0.81548,0.81564,1.43,3.30
2012.06.05 13:23:45.147,0.81548,0.81561,1.43,2.18
2012.06.05 13:23:45.216,0.81545,0.81561,3.30,2.18
2012.06.05 13:23:45.487,0.81545,0.8156,1.43,2.63
2012.06.05 13:23:45.555,0.81542,0.81559,1.43,2.18
2012.06.05 13:23:46.546,0.81546,0.81559,1.43,1.43
2012.06.05 13:23:46.955,0.81546,0.81562,2.18,3.98
2012.06.05 13:23:47.936,0.81547,0.81563,2.18,2.18
2012.06.05 13:23:48.247,0.81547,0.81565,2.18,3.68
2012.06.05 13:23:48.317,0.81549,0.81565,2.18,3.68
2012.06.05 13:23:48.584,0.81548,0.81564,1.13,2.18
2012.06.05 13:23:48.895,0.81545,0.81563,1.50,2.55
2012.06.05 13:23:49.262,0.81544,0.81556,1.88,1.43
2012.06.05 13:23:49.478,0.81542,0.81559,1.88,1.13
2012.06.05 13:23:49.978,0.81545,0.8156,1.43,1.13
2012.06.05 13:23:50.235,0.81545,0.81562,2.55,3.30
2012.06.05 13:23:50.796,0.81545,0.81562,3.30,1.43
2012.06.05 13:23:51.128,0.81547,0.81564,3.30,2.18
2012.06.05 13:23:51.199,0.81547,0.81566,3.30,3.30
2012.06.05 13:23:51.269,0.81551,0.81566,1.43,1.88
2012.06.05 13:23:51.694,0.81548,0.81566,1.88,1.43
2012.06.05 13:23:51.983,0.81547,0.81566,2.55,3.30
2012.06.05 13:23:53.688,0.81547,0.81563,1.43,1.13
2012.06.05 13:23:54.027,0.81545,0.81559,2.18,1.13
2012.06.05 13:23:54.226,0.81543,0.81559,2.63,1.43
2012.06.05 13:23:54.738,0.81543,0.8156,4.05,1.13
2012.06.05 13:23:55.916,0.81543,0.8156,2.93,1.13
2012.06.05 13:23:56.135,0.81543,0.8156,2.93,1.13
2012.06.05 13:23:57.228,0.81544,0.81561,1.88,1.13
2012.06.05 13:23:57.766,0.81547,0.81561,1.43,1.13
2012.06.05 13:23:58.106,0.81542,0.81561,2.55,3.30
2012.06.05 13:23:59.060,0.81545,0.81561,1.13,2.55
2012.06.05 13:23:59.615,0.81544,0.8156,1.88,1.43
2012.06.05 13:24:00.123,0.81543,0.8156,1.43,2.18
2012.06.05 13:24:00.384,0.81541,0.81559,1.50,5.48
2012.06.05 13:24:00.513,0.8154,0.81556,1.88,1.43
2012.06.05 13:24:04.429,0.81543,0.81558,1.13,2.93
2012.06.05 13:24:04.637,0.81544,0.8156,1.43,2.18
2012.06.05 13:24:04.835,0.81542,0.81558,2.18,1.88
2012.06.05 13:24:05.375,0.81541,0.81558,1.13,4.05
2012.06.05 13:24:05.696,0.81538,0.81556,1.88,1.43
2012.06.05 13:24:05.833,0.81538,0.81555,1.13,1.13
2012.06.05 13:24:06.705,0.81539,0.81556,1.13,3.30
2012.06.05 13:24:06.845,0.81539,0.81556,1.13,4.05
2012.06.05 13:24:06.915,0.81537,0.81554,1.43,1.88
2012.06.05 13:24:06.988,0.81537,0.81551,1.43,1.43
2012.06.05 13:24:07.256,0.81535,0.81553,1.13,4.35
2012.06.05 13:24:07.326,0.81535,0.81548,1.88,1.43
2012.06.05 13:24:07.769,0.81535,0.81551,2.25,2.18
2012.06.05 13:24:08.208,0.81534,0.81551,4.05,2.55
2012.06.05 13:24:08.279,0.81534,0.81549,1.43,1.88
2012.06.05 13:24:08.838,0.81531,0.81549,2.18,2.63
2012.06.05 13:24:09.204,0.81533,0.8155,1.88,3.30
2012.06.05 13:24:09.995,0.81531,0.81548,3.30,1.13
2012.06.05 13:24:10.582,0.81532,0.81549,1.13,2.55
2012.06.05 13:24:17.736,0.81533,0.81549,1.13,1.43
2012.06.05 13:24:18.279,0.81534,0.8155,1.43,1.13
2012.06.05 13:24:18.615,0.81533,0.81549,1.13,2.18
2012.06.05 13:24:18.685,0.8153,0.81549,4.05,3.30
2012.06.05 13:24:18.955,0.81529,0.81546,1.88,1.43
2012.06.05 13:24:19.334,0.81531,0.81548,1.43,4.05
2012.06.05 13:24:21.106,0.81533,0.81548,1.43,1.88
2012.06.05 13:24:21.307,0.81531,0.81548,1.43,4.73
2012.06.05 13:24:21.376,0.81529,0.81546,2.63,1.43
2012.06.05 13:24:21.995,0.81527,0.81542,1.43,1.88
2012.06.05 13:24:22.317,0.81521,0.81537,2.63,1.43
2012.06.05 13:24:22.461,0.81522,0.81537,1.13,1.43
2012.06.05 13:24:22.847,0.81523,0.81541,1.13,2.93
2012.06.05 13:24:22.975,0.81521,0.81538,1.50,1.13
2012.06.05 13:24:23.297,0.8152,0.81534,1.43,1.13
2012.06.05 13:24:23.826,0.81518,0.81534,1.50,1.13
2012.06.05 13:24:24.365,0.81516,0.81534,1.50,3.30
2012.06.05 13:24:25.176,0.81517,0.81534,1.88,1.13
2012.06.05 13:24:27.192,0.81517,0.81534,1.13,4.05
2012.06.05 13:24:27.773,0.81516,0.81534,1.13,4.05
2012.06.05 13:24:29.654,0.81516,0.81534,2.63,2.93
2012.06.05 13:24:29.979,0.81518,0.81536,1.13,1.50
2012.06.05 13:24:30.485,0.81518,0.81537,2.63,5.18
2012.06.05 13:24:30.805,0.81516,0.81533,2.18,1.13
2012.06.05 13:24:31.275,0.81519,0.81534,1.43,1.50
2012.06.05 13:24:31.904,0.81519,0.81535,1.43,1.88
2012.06.05 13:24:35.294,0.81518,0.81535,1.13,3.30
2012.06.05 13:24:35.832,0.81517,0.81534,3.30,1.13
2012.06.05 13:24:36.296,0.81519,0.81535,1.13,3.68
2012.06.05 13:24:36.823,0.8152,0.81537,1.13,5.48
2012.06.05 13:24:36.964,0.8152,0.81537,1.13,5.48
2012.06.05 13:24:37.385,0.8152,0.81537,1.13,5.48
2012.06.05 13:24:38.566,0.81521,0.81537,1.13,1.43
2012.06.05 13:24:38.636,0.81524,0.81538,1.13,5.10
2012.06.05 13:24:39.105,0.81524,0.8154,1.13,1.43
2012.06.05 13:24:40.407,0.81524,0.8154,1.13,2.18
2012.06.05 13:24:40.925,0.81523,0.81538,2.18,1.88
2012.06.05 13:24:40.999,0.81521,0.81538,1.88,3.30
2012.06.05 13:24:41.495,0.81519,0.81535,1.43,1.13
2012.06.05 13:24:41.848,0.81516,0.81526,2.18,1.13
2012.06.05 13:24:41.918,0.81516,0.81529,1.43,2.63
2012.06.05 13:24:41.991,0.81511,0.81529,1.80,2.63
2012.06.05 13:24:42.384,0.81512,0.81526,1.43,1.13
2012.06.05 13:24:42.516,0.81508,0.81525,1.43,1.43
2012.06.05 13:24:43.743,0.81511,0.81527,1.43,1.88
2012.06.05 13:24:44.416,0.81511,0.81525,1.43,1.13
2012.06.05 13:24:44.733,0.81505,0.81523,3.30,1.13
2012.06.05 13:24:45.043,0.81505,0.81523,3.30,1.13
2012.06.05 13:24:47.510,0.81505,0.81524,3.30,3.30
2012.06.05 13:24:49.055,0.81507,0.81524,1.13,2.18
2012.06.05 13:24:49.435,0.81509,0.81525,1.43,2.18
2012.06.05 13:24:49.826,0.81512,0.81527,1.43,1.50
2012.06.05 13:24:50.386,0.81512,0.81527,1.43,1.88
2012.06.05 13:24:50.680,0.81509,0.81525,2.85,2.93
2012.06.05 13:24:51.228,0.81511,0.81526,1.13,3.30
2012.06.05 13:24:51.298,0.81511,0.81526,2.55,1.13
2012.06.05 13:24:51.438,0.81515,0.81526,1.43,1.13
2012.06.05 13:24:51.577,0.81514,0.8153,1.88,2.55
2012.06.05 13:24:52.114,0.81514,0.81531,4.05,1.13
2012.06.05 13:24:53.626,0.81514,0.81528,2.63,1.43
2012.06.05 13:24:54.016,0.81513,0.81528,1.88,1.43
2012.06.05 13:24:54.457,0.81514,0.8153,1.43,2.55
2012.06.05 13:24:55.169,0.81513,0.8153,3.30,1.13
2012.06.05 13:24:56.505,0.81515,0.8153,1.13,1.13
2012.06.05 13:24:57.015,0.81513,0.8153,2.18,3.30
2012.06.05 13:24:57.335,0.81512,0.81528,2.63,1.43
2012.06.05 13:24:57.726,0.81513,0.81528,3.30,1.43
2012.06.05 13:24:57.863,0.81512,0.81529,2.93,1.43
2012.06.05 13:24:58.165,0.81512,0.81526,1.50,1.43
2012.06.05 13:24:58.642,0.81512,0.8153,1.50,2.93
2012.06.05 13:24:58.863,0.81511,0.81527,2.93,1.13
2012.06.05 13:24:58.941,0.81511,0.81527,2.18,1.13
2012.06.05 13:24:59.714,0.8151,0.81527,1.88,3.68
2012.06.05 13:25:00.076,0.81511,0.81525,1.88,1.43
2012.06.05 13:25:00.345,0.81512,0.81528,2.55,1.43
2012.06.05 13:25:00.476,0.81512,0.81526,1.88,1.43
2012.06.05 13:25:00.756,0.81514,0.8153,1.88,2.18
2012.06.05 13:25:01.537,0.81515,0.81532,2.18,2.18
2012.06.05 13:25:02.146,0.81515,0.81532,3.30,2.18
2012.06.05 13:25:04.007,0.81515,0.8153,2.18,1.13
2012.06.05 13:25:04.148,0.81512,0.81529,2.18,1.43
2012.06.05 13:25:04.215,0.81512,0.81529,1.43,1.43
2012.06.05 13:25:05.706,0.81512,0.81528,1.43,1.13
2012.06.05 13:25:06.536,0.81512,0.81526,1.43,2.18
2012.06.05 13:25:06.617,0.81508,0.81525,3.30,2.18
2012.06.05 13:25:07.167,0.81507,0.81523,1.50,1.43
2012.06.05 13:25:08.549,0.81507,0.81523,1.50,2.18
2012.06.05 13:25:08.899,0.81497,0.8151,1.50,1.43
2012.06.05 13:25:09.045,0.81497,0.81513,2.63,2.55
2012.06.05 13:25:09.647,0.81495,0.81509,2.63,1.43
2012.06.05 13:25:10.165,0.81496,0.81509,1.50,1.43
2012.06.05 13:25:10.296,0.81496,0.81509,1.50,1.43
2012.06.05 13:25:10.368,0.81496,0.81512,1.50,1.13
2012.06.05 13:25:10.555,0.81496,0.81512,1.50,1.13
2012.06.05 13:25:12.727,0.81496,0.81511,1.50,1.43
2012.06.05 13:25:12.793,0.81496,0.81509,1.50,1.43
2012.06.05 13:25:14.026,0.81496,0.81512,1.50,1.13
2012.06.05 13:25:14.466,0.81498,0.81512,1.43,1.13
2012.06.05 13:25:15.047,0.81498,0.81515,2.55,5.48
2012.06.05 13:25:15.114,0.815,0.81515,1.43,4.05
2012.06.05 13:25:15.492,0.81498,0.81514,1.43,1.88
2012.06.05 13:25:15.564,0.81496,0.81514,1.50,3.30
2012.06.05 13:25:16.543,0.81498,0.81514,1.43,1.13
2012.06.05 13:25:16.994,0.81498,0.81516,1.43,3.00
2012.06.05 13:25:18.114,0.81498,0.81513,2.18,2.18
2012.06.05 13:25:18.187,0.81498,0.81515,2.18,2.18
2012.06.05 13:25:18.509,0.81502,0.81517,2.55,1.13
2012.06.05 13:25:19.227,0.81503,0.81519,1.43,1.50
2012.06.05 13:25:19.516,0.81502,0.81517,2.63,1.43
2012.06.05 13:25:19.717,0.815,0.81517,3.30,3.30
2012.06.05 13:25:19.786,0.815,0.81517,4.05,3.30
2012.06.05 13:25:19.853,0.815,0.81517,3.30,3.30
2012.06.05 13:25:19.924,0.815,0.81515,2.18,1.13
2012.06.05 13:25:20.444,0.815,0.81514,1.43,2.18
2012.06.05 13:25:20.637,0.81496,0.81513,2.55,3.60
2012.06.05 13:25:20.765,0.81499,0.81514,1.43,2.18
2012.06.05 13:25:21.405,0.81499,0.81515,1.43,1.88
2012.06.05 13:25:21.714,0.81496,0.81513,2.63,1.13
2012.06.05 13:25:21.917,0.81507,0.81513,1.43,1.13
2012.06.05 13:25:21.987,0.81509,0.8152,1.43,1.13
2012.06.05 13:25:22.058,0.81509,0.81522,1.43,1.13
2012.06.05 13:25:22.195,0.81507,0.81523,2.55,2.93
2012.06.05 13:25:22.467,0.81508,0.81523,1.88,2.18
2012.06.05 13:25:23.034,0.8151,0.81524,1.43,1.13
2012.06.05 13:25:23.294,0.81507,0.81524,2.93,4.73
2012.06.05 13:25:23.894,0.81506,0.81523,4.05,1.43
2012.06.05 13:25:24.484,0.81506,0.81522,2.93,1.13
2012.06.05 13:25:24.884,0.81505,0.8152,1.13,1.43
2012.06.05 13:25:25.263,0.81502,0.81519,2.93,1.13
2012.06.05 13:25:25.776,0.81502,0.81519,2.18,1.13
2012.06.05 13:25:26.276,0.81501,0.81517,1.50,1.43
2012.06.05 13:25:26.484,0.81501,0.81517,1.50,1.43
2012.06.05 13:25:27.055,0.81501,0.81517,1.50,1.43
2012.06.05 13:25:27.377,0.81502,0.81515,1.50,1.13
2012.06.05 13:25:27.447,0.815,0.81515,1.43,1.13
2012.06.05 13:25:27.591,0.81497,0.81514,2.63,3.30
2012.06.05 13:25:28.134,0.81499,0.81514,1.50,3.30
2012.06.05 13:25:28.795,0.81499,0.81515,1.50,1.43
2012.06.05 13:25:28.944,0.81499,0.81515,2.63,2.55
2012.06.05 13:25:29.566,0.815,0.81515,2.93,1.88
2012.06.05 13:25:29.905,0.81498,0.8151,2.63,1.43
2012.06.05 13:25:30.315,0.81498,0.81513,2.63,1.43
2012.06.05 13:25:30.385,0.81499,0.81516,1.50,2.18
2012.06.05 13:25:30.754,0.81502,0.81516,1.13,2.18
2012.06.05 13:25:30.826,0.81502,0.81518,1.13,4.73
2012.06.05 13:25:31.146,0.815,0.81515,1.50,1.43
2012.06.05 13:25:31.804,0.815,0.81515,1.50,1.43
2012.06.05 13:25:32.317,0.81498,0.81514,2.18,1.88
2012.06.05 13:25:32.388,0.81497,0.81507,1.35,1.43
2012.06.05 13:25:32.598,0.81495,0.81507,2.63,1.43
2012.06.05 13:25:32.806,0.81492,0.81505,1.50,2.18
2012.06.05 13:25:33.021,0.8149,0.81504,1.73,3.30
2012.06.05 13:25:33.099,0.81489,0.81501,2.70,1.43
2012.06.05 13:25:33.447,0.81489,0.81493,1.35,1.43
2012.06.05 13:25:33.514,0.81483,0.81498,1.88,1.43
2012.06.05 13:25:34.024,0.81483,0.81494,1.13,1.43
2012.06.05 13:25:34.605,0.81483,0.81496,1.13,1.43
2012.06.05 13:25:34.678,0.81483,0.81494,1.13,1.43
2012.06.05 13:25:34.806,0.81481,0.81494,1.13,1.43
2012.06.05 13:25:36.089,0.81481,0.81492,1.13,1.43
2012.06.05 13:25:36.516,0.81481,0.81495,1.13,1.43
2012.06.05 13:25:37.628,0.81479,0.81495,2.63,1.43
2012.06.05 13:25:38.156,0.8148,0.81496,1.43,1.43
2012.06.05 13:25:38.577,0.81479,0.81497,3.30,1.43
2012.06.05 13:25:39.104,0.81481,0.81497,1.88,1.43
2012.06.05 13:25:39.399,0.81483,0.81499,2.18,1.13
2012.06.05 13:25:40.349,0.81482,0.81498,1.88,1.43
2012.06.05 13:25:40.545,0.81484,0.815,1.13,1.13
2012.06.05 13:25:40.617,0.81486,0.81501,1.43,2.25
2012.06.05 13:25:40.758,0.81484,0.81501,1.13,3.68
2012.06.05 13:25:41.357,0.81485,0.81501,1.43,1.13
2012.06.05 13:25:41.434,0.81485,0.81493,1.43,1.13
2012.06.05 13:25:41.511,0.81483,0.81493,1.43,1.13
2012.06.05 13:25:41.592,0.81478,0.81493,1.88,1.43
2012.06.05 13:25:41.667,0.81478,0.81493,2.63,1.43
2012.06.05 13:25:41.735,0.81479,0.81496,1.43,1.43
2012.06.05 13:25:41.804,0.81482,0.81497,1.43,1.50
2012.06.05 13:25:42.326,0.81482,0.81498,2.18,1.50
2012.06.05 13:25:43.272,0.81482,0.81498,2.18,1.13
2012.06.05 13:25:43.744,0.81482,0.81498,2.18,1.13
2012.06.05 13:25:45.374,0.81482,0.81495,1.43,1.13
2012.06.05 13:25:45.927,0.81482,0.81494,1.43,2.18
2012.06.05 13:25:46.069,0.81476,0.81491,1.88,1.43
2012.06.05 13:25:46.216,0.81477,0.81494,2.18,1.43
2012.06.05 13:25:46.285,0.81476,0.81491,2.63,1.43
2012.06.05 13:25:46.685,0.81474,0.81491,4.05,2.55
2012.06.05 13:25:47.373,0.81474,0.81483,1.43,1.13
2012.06.05 13:25:47.507,0.81468,0.81482,1.50,1.43
2012.06.05 13:25:47.577,0.81468,0.81477,1.50,1.43
2012.06.05 13:25:47.646,0.81465,0.81474,1.35,1.43
2012.06.05 13:25:47.715,0.81465,0.81477,1.35,2.18
2012.06.05 13:25:47.905,0.81468,0.81479,1.88,1.43
2012.06.05 13:25:48.516,0.8147,0.81479,1.13,1.43
2012.06.05 13:25:48.595,0.81469,0.81485,2.63,1.43
2012.06.05 13:25:48.936,0.81468,0.81482,2.63,1.43
2012.06.05 13:25:49.405,0.81468,0.8148,1.88,1.43
2012.06.05 13:25:49.478,0.81468,0.81482,1.88,2.85
2012.06.05 13:25:51.518,0.81466,0.81482,2.63,1.43
2012.06.05 13:25:52.874,0.81466,0.81482,4.13,1.43
2012.06.05 13:25:53.025,0.81467,0.81482,1.50,1.43
2012.06.05 13:25:53.696,0.81467,0.81482,1.50,1.43
2012.06.05 13:25:53.946,0.81469,0.81486,1.13,2.55
2012.06.05 13:25:54.016,0.81471,0.81487,1.43,1.43
2012.06.05 13:25:54.333,0.81473,0.8149,2.55,5.10
2012.06.05 13:25:55.085,0.81473,0.8149,3.30,5.10
2012.06.05 13:25:55.725,0.81475,0.8149,1.13,3.98
2012.06.05 13:25:55.868,0.81478,0.8149,1.43,2.18
2012.06.05 13:25:56.436,0.81478,0.81491,1.43,2.18
2012.06.05 13:25:56.975,0.81478,0.81492,1.43,1.50
2012.06.05 13:25:57.496,0.81479,0.81495,1.13,1.13
2012.06.05 13:25:57.567,0.81479,0.81495,1.13,1.13
2012.06.05 13:25:57.636,0.81482,0.81496,1.13,4.35
2012.06.05 13:25:57.983,0.81482,0.81493,1.13,1.43
2012.06.05 13:25:58.057,0.81482,0.81496,1.13,1.43
2012.06.05 13:25:58.936,0.81481,0.81498,3.30,1.43
2012.06.05 13:26:03.454,0.81481,0.81497,2.18,1.13
2012.06.05 13:26:03.523,0.81481,0.81495,2.18,1.13
2012.06.05 13:26:04.225,0.81481,0.81495,2.18,1.13
2012.06.05 13:26:04.296,0.81481,0.81498,2.18,1.43
2012.06.05 13:26:04.662,0.81484,0.81501,3.30,3.30
2012.06.05 13:26:05.028,0.81486,0.81496,2.18,1.13
2012.06.05 13:26:05.160,0.81484,0.81495,2.18,2.18
2012.06.05 13:26:05.240,0.81484,0.81492,1.43,1.13
2012.06.05 13:26:05.390,0.81476,0.81489,1.50,1.43
2012.06.05 13:26:05.947,0.81476,0.81491,2.18,2.55
2012.06.05 13:26:06.786,0.81478,0.81491,1.43,1.13
2012.06.05 13:26:07.727,0.81478,0.81491,1.43,1.88
2012.06.05 13:26:07.996,0.81472,0.81489,3.30,2.18
2012.06.05 13:26:08.124,0.81472,0.81489,3.30,2.18
2012.06.05 13:26:09.305,0.81472,0.81489,3.30,2.18
2012.06.05 13:26:09.444,0.81472,0.81488,2.18,1.13
2012.06.05 13:26:12.880,0.81472,0.81485,2.18,1.13
2012.06.05 13:26:13.238,0.81465,0.81481,1.50,2.85
2012.06.05 13:26:13.564,0.81464,0.81475,1.50,1.43
2012.06.05 13:26:13.633,0.81464,0.81479,1.50,1.43
2012.06.05 13:26:13.955,0.81464,0.81481,4.05,1.43
2012.06.05 13:26:14.347,0.81467,0.81481,1.88,1.43
2012.06.05 13:26:14.418,0.81467,0.81485,1.88,3.30
2012.06.05 13:26:14.952,0.8147,0.81485,1.43,1.13
2012.06.05 13:26:15.460,0.81467,0.81484,2.18,5.85
2012.06.05 13:26:15.534,0.81465,0.81482,1.88,1.43
2012.06.05 13:26:15.665,0.81465,0.81482,1.88,1.43
2012.06.05 13:26:19.966,0.81469,0.81483,1.13,2.55
2012.06.05 13:26:20.289,0.81472,0.81483,1.13,1.43
2012.06.05 13:26:20.666,0.81474,0.81483,1.13,1.43
2012.06.05 13:26:20.926,0.81475,0.81487,1.13,1.43
2012.06.05 13:26:21.308,0.81477,0.81487,1.13,1.43
2012.06.05 13:26:21.650,0.81477,0.8149,1.88,1.43
2012.06.05 13:26:21.725,0.81477,0.81493,1.88,1.43
2012.06.05 13:26:21.853,0.81477,0.81493,1.88,1.43
2012.06.05 13:26:22.735,0.81476,0.81493,1.50,1.43
2012.06.05 13:26:22.988,0.81475,0.81493,1.88,1.43
2012.06.05 13:26:23.483,0.81477,0.81493,1.88,1.43
2012.06.05 13:26:24.006,0.81475,0.81492,3.30,2.18
2012.06.05 13:26:24.077,0.81475,0.81492,3.30,4.35
2012.06.05 13:26:24.683,0.81475,0.81492,2.18,3.30
2012.06.05 13:26:25.245,0.81476,0.81492,1.88,3.30
2012.06.05 13:26:26.207,0.81475,0.81491,3.30,2.18
2012.06.05 13:26:26.537,0.81475,0.81483,2.18,1.43
2012.06.05 13:26:27.090,0.81481,0.81489,1.13,2.18
2012.06.05 13:26:27.589,0.81484,0.81489,1.13,1.43
2012.06.05 13:26:27.937,0.81485,0.81489,2.93,1.43
2012.06.05 13:26:28.339,0.81489,0.81498,1.88,1.50
2012.06.05 13:26:28.641,0.81489,0.81499,1.88,1.43
2012.06.05 13:26:28.724,0.81492,0.81504,1.43,4.50
2012.06.05 13:26:28.857,0.81492,0.81508,2.18,1.88
2012.06.05 13:26:29.424,0.81493,0.81508,1.88,2.18
2012.06.05 13:26:29.924,0.81495,0.81511,1.88,2.18
2012.06.05 13:26:29.995,0.81495,0.81511,1.88,1.80
2012.06.05 13:26:30.245,0.81495,0.81508,1.88,1.43
2012.06.05 13:26:30.575,0.81488,0.81506,1.88,1.43
2012.06.05 13:26:32.233,0.81491,0.81507,2.18,1.50
2012.06.05 13:26:32.781,0.81491,0.81506,1.88,1.80
2012.06.05 13:26:33.413,0.81491,0.81507,1.88,1.80
2012.06.05 13:26:33.719,0.81491,0.81507,1.88,1.80
2012.06.05 13:26:34.161,0.81491,0.81507,1.88,1.80
2012.06.05 13:26:34.844,0.81491,0.81507,1.88,1.80
2012.06.05 13:26:35.315,0.81492,0.8151,3.30,1.88
2012.06.05 13:26:35.717,0.81494,0.81511,1.88,2.93
2012.06.05 13:26:36.232,0.81496,0.81512,1.43,1.50
2012.06.05 13:26:36.778,0.81494,0.8151,1.88,1.80
2012.06.05 13:26:37.118,0.81494,0.81508,1.88,1.43
2012.06.05 13:26:37.756,0.81494,0.81509,1.88,1.43
2012.06.05 13:26:38.257,0.81494,0.81508,1.13,1.43
2012.06.05 13:26:39.085,0.81495,0.81508,1.13,1.43
2012.06.05 13:26:39.225,0.81495,0.81511,1.13,3.98
2012.06.05 13:26:39.300,0.81497,0.81511,1.43,3.30
2012.06.05 13:26:40.003,0.81496,0.81505,1.13,1.43
2012.06.05 13:26:40.081,0.81491,0.81508,1.88,1.43
2012.06.05 13:26:40.275,0.81494,0.81508,1.13,1.43
2012.06.05 13:26:40.345,0.81494,0.81511,1.13,3.68
2012.06.05 13:26:40.993,0.81494,0.81508,1.13,1.43
2012.06.05 13:26:41.657,0.81495,0.81512,1.43,4.05
2012.06.05 13:26:42.185,0.81494,0.8151,1.88,1.80
2012.06.05 13:26:42.446,0.81496,0.8151,1.50,1.80
2012.06.05 13:26:42.514,0.81494,0.8151,1.13,1.80
2012.06.05 13:26:42.585,0.81496,0.8151,2.18,1.43
2012.06.05 13:26:42.914,0.81495,0.81506,1.50,1.43
2012.06.05 13:26:43.176,0.81494,0.81506,1.88,1.43
2012.06.05 13:26:43.476,0.81497,0.81506,1.13,1.43
2012.06.05 13:26:43.837,0.81498,0.81509,1.13,1.43
2012.06.05 13:26:44.178,0.81498,0.81514,1.88,2.93
2012.06.05 13:26:44.715,0.81499,0.81514,1.50,1.43
2012.06.05 13:26:45.136,0.81497,0.81511,1.50,1.43
2012.06.05 13:26:45.207,0.81497,0.81511,1.50,1.43
2012.06.05 13:26:45.397,0.81497,0.81509,1.50,1.43
2012.06.05 13:26:45.601,0.81495,0.81509,1.88,1.43
2012.06.05 13:26:46.737,0.81495,0.81506,1.13,1.43
2012.06.05 13:26:47.634,0.81493,0.81506,2.25,1.43
2012.06.05 13:26:47.704,0.81493,0.81506,2.25,1.43
2012.06.05 13:26:48.303,0.81495,0.81506,2.10,1.43
2012.06.05 13:26:48.374,0.81497,0.81512,1.88,3.60
2012.06.05 13:26:48.507,0.81495,0.8151,3.53,2.55
2012.06.05 13:26:48.853,0.81494,0.81508,5.25,1.43
2012.06.05 13:26:49.997,0.81494,0.81508,1.88,1.43
2012.06.05 13:26:50.064,0.81494,0.8151,1.88,1.43
2012.06.05 13:26:50.194,0.81496,0.81507,1.13,1.43
2012.06.05 13:26:51.613,0.81496,0.81511,1.13,1.43
2012.06.05 13:26:52.057,0.81496,0.81513,3.30,4.05
2012.06.05 13:26:53.127,0.81496,0.81513,2.55,3.38
2012.06.05 13:26:53.680,0.81496,0.81513,2.55,3.38
2012.06.05 13:26:54.164,0.81494,0.81507,1.13,1.43
2012.06.05 13:26:55.952,0.81493,0.81507,1.50,1.43
2012.06.05 13:26:59.063,0.81493,0.81507,1.88,1.43
2012.06.05 13:26:59.277,0.81494,0.81509,1.13,1.43
2012.06.05 13:26:59.345,0.81494,0.81507,1.13,1.43
2012.06.05 13:26:59.889,0.81493,0.81507,1.50,1.43
2012.06.05 13:27:02.003,0.81492,0.81505,2.25,1.13
2012.06.05 13:27:02.326,0.8149,0.81502,1.13,1.88
2012.06.05 13:27:02.657,0.81488,0.81502,1.80,3.38
2012.06.05 13:27:02.925,0.81484,0.81499,1.50,1.43
2012.06.05 13:27:03.356,0.81482,0.81499,2.55,3.30
2012.06.05 13:27:03.426,0.81482,0.81496,1.13,1.43
2012.06.05 13:27:04.559,0.81482,0.81496,1.88,1.43
2012.06.05 13:27:05.096,0.81482,0.81498,3.30,2.18
2012.06.05 13:27:06.630,0.81484,0.815,1.43,2.55
2012.06.05 13:27:06.716,0.81487,0.81501,1.88,1.43
2012.06.05 13:27:06.996,0.81487,0.81504,1.13,2.55
2012.06.05 13:27:07.776,0.8149,0.81504,1.43,1.13
2012.06.05 13:27:08.319,0.81489,0.81505,1.88,1.43
2012.06.05 13:27:08.695,0.81489,0.81508,3.30,3.30
2012.06.05 13:27:09.305,0.81489,0.81508,2.55,3.30
2012.06.05 13:27:09.656,0.81491,0.81508,1.13,3.30
2012.06.05 13:27:10.019,0.81493,0.81508,1.13,1.43
2012.06.05 13:27:10.405,0.81491,0.81508,1.13,4.05
2012.06.05 13:27:12.036,0.81491,0.81508,1.13,2.93
2012.06.05 13:27:12.756,0.81491,0.81508,2.63,2.93
2012.06.05 13:27:13.098,0.81494,0.81509,1.50,2.93
2012.06.05 13:27:13.647,0.81495,0.81511,2.55,1.88
2012.06.05 13:27:13.985,0.81499,0.81512,1.13,2.18
2012.06.05 13:27:14.255,0.81499,0.81515,1.13,1.43
2012.06.05 13:27:14.804,0.81499,0.81515,1.13,2.18
2012.06.05 13:27:14.878,0.81499,0.81514,1.13,2.93
2012.06.05 13:27:15.144,0.81495,0.81509,1.13,1.43
2012.06.05 13:27:15.845,0.81495,0.81511,1.13,1.43
2012.06.05 13:27:15.913,0.81495,0.81507,1.13,1.50
2012.06.05 13:27:16.951,0.81494,0.81503,1.13,1.43
2012.06.05 13:27:17.030,0.81494,0.81506,1.13,2.18
2012.06.05 13:27:18.290,0.81495,0.81509,1.13,1.50
2012.06.05 13:27:18.557,0.81495,0.8151,1.13,2.93
2012.06.05 13:27:18.886,0.81493,0.8151,1.43,4.05
2012.06.05 13:27:19.096,0.81491,0.81508,1.88,1.43
2012.06.05 13:27:19.167,0.81491,0.81508,1.88,2.18
2012.06.05 13:27:19.693,0.8149,0.81508,2.63,3.30
2012.06.05 13:27:20.274,0.8149,0.81505,1.88,1.43
2012.06.05 13:27:23.462,0.81488,0.81502,1.88,1.43
2012.06.05 13:27:23.784,0.81487,0.815,2.10,1.13
2012.06.05 13:27:24.137,0.81485,0.81495,1.50,1.13
2012.06.05 13:27:24.624,0.81479,0.81493,1.60,2.18
2012.06.05 13:27:24.876,0.81479,0.81493,1.50,1.43
2012.06.05 13:27:25.157,0.81475,0.81494,4.05,5.48
2012.06.05 13:27:25.227,0.81476,0.81493,1.43,2.93
2012.06.05 13:27:25.772,0.81476,0.81489,1.43,1.50
2012.06.05 13:27:26.338,0.81476,0.81491,1.43,1.50
2012.06.05 13:27:26.676,0.81473,0.81483,2.18,1.50
2012.06.05 13:27:26.876,0.81469,0.8148,1.88,1.43
2012.06.05 13:27:26.945,0.81469,0.81484,1.88,1.43
2012.06.05 13:27:27.014,0.81469,0.81484,1.88,2.18
2012.06.05 13:27:27.155,0.81465,0.81481,2.40,2.18
2012.06.05 13:27:27.228,0.81464,0.81478,1.28,1.43
2012.06.05 13:27:27.367,0.81462,0.81478,6.15,2.18
2012.06.05 13:27:27.924,0.81462,0.81477,1.13,1.50
2012.06.05 13:27:28.256,0.8146,0.81477,2.63,1.88
2012.06.05 13:27:28.468,0.8146,0.81471,2.63,1.43
2012.06.05 13:27:29.004,0.8146,0.81471,1.88,1.43
2012.06.05 13:27:29.405,0.8146,0.81475,1.13,1.43
2012.06.05 13:27:29.546,0.8146,0.81477,1.13,1.43
2012.06.05 13:27:29.690,0.8146,0.81476,1.13,1.50
2012.06.05 13:27:29.830,0.81457,0.81474,1.88,1.88
2012.06.05 13:27:29.911,0.81455,0.81468,2.25,1.13
2012.06.05 13:27:30.267,0.81454,0.81468,1.50,2.93
2012.06.05 13:27:30.527,0.81453,0.81472,1.88,4.35
2012.06.05 13:27:31.207,0.81453,0.8147,2.63,1.43
2012.06.05 13:27:32.506,0.81453,0.81466,2.63,1.43
2012.06.05 13:27:33.066,0.81453,0.8147,2.63,1.43
2012.06.05 13:27:34.007,0.81458,0.81472,1.43,2.55
2012.06.05 13:27:34.275,0.81457,0.81475,2.18,4.05
2012.06.05 13:27:34.643,0.81457,0.81475,2.18,1.13
2012.06.05 13:27:35.266,0.8146,0.81475,1.43,1.13
2012.06.05 13:27:36.471,0.81463,0.81479,1.43,4.05
2012.06.05 13:27:36.551,0.81465,0.81479,1.43,1.88
2012.06.05 13:27:37.099,0.81463,0.8148,1.88,1.13
2012.06.05 13:27:37.808,0.81463,0.8148,1.13,1.13
2012.06.05 13:27:38.684,0.81465,0.8148,1.43,1.13
2012.06.05 13:27:39.040,0.81473,0.81485,1.13,1.50
2012.06.05 13:27:39.385,0.81479,0.81486,1.13,1.50
2012.06.05 13:27:40.150,0.81479,0.81494,1.13,2.18
2012.06.05 13:27:40.230,0.81479,0.81494,1.13,1.43
2012.06.05 13:27:40.774,0.81478,0.81494,2.55,1.43
2012.06.05 13:27:41.239,0.81478,0.81492,1.13,1.43
2012.06.05 13:27:43.335,0.8148,0.81492,1.13,1.43
2012.06.05 13:27:43.403,0.8148,0.81495,1.13,2.18
2012.06.05 13:27:43.687,0.81482,0.81496,1.13,1.50
2012.06.05 13:27:44.146,0.81482,0.81492,1.88,1.43
2012.06.05 13:27:44.226,0.81488,0.81502,1.13,2.93
2012.06.05 13:27:44.297,0.81488,0.81502,1.13,2.93
2012.06.05 13:27:44.837,0.81487,0.81502,1.13,1.43
2012.06.05 13:27:45.607,0.81487,0.81502,1.13,2.18
2012.06.05 13:27:45.675,0.81485,0.81501,3.90,1.88
2012.06.05 13:27:46.235,0.81485,0.81499,2.48,1.43
2012.06.05 13:27:46.776,0.81482,0.81498,2.93,1.43
2012.06.05 13:27:47.324,0.81483,0.81497,1.50,1.43
2012.06.05 13:27:49.057,0.81483,0.815,2.25,2.55
2012.06.05 13:27:49.506,0.81486,0.815,1.13,1.43
2012.06.05 13:27:50.136,0.81486,0.81502,1.13,2.55
2012.06.05 13:27:50.453,0.81484,0.815,1.50,1.43
2012.06.05 13:27:52.586,0.81485,0.815,1.43,1.43
2012.06.05 13:27:52.658,0.81486,0.81502,1.43,1.13
2012.06.05 13:27:53.060,0.81491,0.81502,2.93,1.13
2012.06.05 13:27:53.138,0.81493,0.81505,1.13,2.93
2012.06.05 13:27:53.279,0.81494,0.81505,4.05,2.93
2012.06.05 13:27:53.585,0.81493,0.81503,1.50,1.50
2012.06.05 13:27:53.918,0.8148,0.81494,1.50,2.18
2012.06.05 13:27:53.993,0.81478,0.81486,1.50,1.13
2012.06.05 13:27:54.067,0.81477,0.81484,1.50,2.18
2012.06.05 13:27:54.136,0.81472,0.81477,1.50,1.13
2012.06.05 13:27:54.602,0.81462,0.81475,1.66,1.43
2012.06.05 13:27:54.680,0.8146,0.81473,1.66,1.43
2012.06.05 13:27:54.755,0.8146,0.81475,1.66,2.55
2012.06.05 13:27:54.885,0.81459,0.81475,1.88,2.55
2012.06.05 13:27:55.099,0.81464,0.81475,1.13,1.43
2012.06.05 13:27:55.447,0.81474,0.8148,1.13,1.50
2012.06.05 13:27:55.797,0.81476,0.81491,1.88,1.13
2012.06.05 13:27:55.984,0.81476,0.81487,1.13,1.50
2012.06.05 13:27:56.060,0.81478,0.81491,2.18,1.13
2012.06.05 13:27:56.200,0.81478,0.81491,1.43,2.18
2012.06.05 13:27:56.513,0.81477,0.81494,2.18,1.13
2012.06.05 13:27:57.017,0.81477,0.81494,3.30,2.63
2012.06.05 13:27:57.216,0.81477,0.81494,3.30,1.88
2012.06.05 13:27:57.640,0.81477,0.81494,3.30,1.88
2012.06.05 13:27:58.845,0.81481,0.81496,1.43,2.25
2012.06.05 13:27:58.914,0.81481,0.81496,1.43,2.25
2012.06.05 13:27:59.814,0.81478,0.81493,1.43,1.13
2012.06.05 13:27:59.904,0.81476,0.81492,2.55,1.43
2012.06.05 13:28:00.466,0.81478,0.81495,1.43,3.68
2012.06.05 13:28:00.796,0.81488,0.81495,1.13,1.43
2012.06.05 13:28:00.936,0.8149,0.815,1.43,1.13
2012.06.05 13:28:01.194,0.81491,0.81507,1.13,1.88
2012.06.05 13:28:01.514,0.81493,0.81507,1.43,1.13
2012.06.05 13:28:01.847,0.81482,0.81499,3.30,6.23
2012.06.05 13:28:01.985,0.81482,0.81497,1.43,2.63
2012.06.05 13:28:02.663,0.81482,0.81497,1.43,2.63
2012.06.05 13:28:02.741,0.81487,0.81501,1.43,1.50
2012.06.05 13:28:02.875,0.81487,0.81502,1.43,1.13
2012.06.05 13:28:03.258,0.81485,0.81502,1.43,2.55
2012.06.05 13:28:03.657,0.81487,0.81504,1.43,1.88
2012.06.05 13:28:04.476,0.81488,0.81504,1.13,1.13
2012.06.05 13:28:04.994,0.81488,0.81506,2.63,1.80
2012.06.05 13:28:05.072,0.81488,0.81506,4.80,1.43
2012.06.05 13:28:05.326,0.81487,0.81505,2.93,1.88
2012.06.05 13:28:05.464,0.81486,0.81505,1.88,1.88
2012.06.05 13:28:05.935,0.81486,0.81505,1.88,2.63
2012.06.05 13:28:09.106,0.81487,0.81503,1.50,1.88
2012.06.05 13:28:09.694,0.81487,0.81504,2.63,1.88
2012.06.05 13:28:10.275,0.81489,0.81504,1.50,1.88
2012.06.05 13:28:10.831,0.8149,0.81504,1.88,2.18
2012.06.05 13:28:11.447,0.8149,0.81504,1.88,1.43
2012.06.05 13:28:12.004,0.81489,0.81504,1.88,2.18
2012.06.05 13:28:13.020,0.81487,0.81503,1.43,1.88
2012.06.05 13:28:13.093,0.81485,0.81497,1.50,1.43
2012.06.05 13:28:13.606,0.81483,0.81498,2.63,1.43
2012.06.05 13:28:13.939,0.81484,0.81495,1.50,1.43
2012.06.05 13:28:14.451,0.81481,0.81495,1.50,1.43
2012.06.05 13:28:16.417,0.81481,0.81494,2.25,1.13
2012.06.05 13:28:16.559,0.8148,0.81494,1.50,1.13
2012.06.05 13:28:16.769,0.81479,0.81494,1.43,1.88
2012.06.05 13:28:16.850,0.81477,0.81491,2.63,1.43
2012.06.05 13:28:17.068,0.81477,0.81494,1.88,4.05
2012.06.05 13:28:17.208,0.81477,0.81491,1.88,1.43
2012.06.05 13:28:18.480,0.8148,0.81494,1.13,2.93
2012.06.05 13:28:19.017,0.8148,0.81493,1.88,1.43
2012.06.05 13:28:19.342,0.8148,0.81491,1.88,1.43
2012.06.05 13:28:21.034,0.8148,0.81494,1.88,1.43
2012.06.05 13:28:21.104,0.8148,0.81491,1.88,1.43
2012.06.05 13:28:22.103,0.81477,0.81491,1.88,1.43
2012.06.05 13:28:22.311,0.81477,0.81494,3.30,2.18
2012.06.05 13:28:22.625,0.81477,0.81494,3.30,2.93
2012.06.05 13:28:23.187,0.81478,0.81491,1.88,1.50
2012.06.05 13:28:23.555,0.81477,0.81492,2.18,1.50
2012.06.05 13:28:24.055,0.81474,0.81489,2.25,1.43
2012.06.05 13:28:26.124,0.81472,0.81489,4.65,2.18
2012.06.05 13:28:26.194,0.81472,0.81489,3.30,2.18
2012.06.05 13:28:29.774,0.81472,0.81486,1.43,1.13
2012.06.05 13:28:29.846,0.81472,0.81485,1.43,2.18
2012.06.05 13:28:29.986,0.81472,0.81484,1.43,1.88
2012.06.05 13:28:30.257,0.81472,0.81486,1.43,1.13
2012.06.05 13:28:30.385,0.81468,0.81482,1.50,1.43
2012.06.05 13:28:30.454,0.81468,0.81484,1.50,2.18
2012.06.05 13:28:32.547,0.81467,0.81481,1.88,1.43
2012.06.05 13:28:34.015,0.81467,0.81484,1.88,1.43
2012.06.05 13:28:34.790,0.81467,0.81484,1.88,1.43
2012.06.05 13:28:35.749,0.81469,0.81482,1.50,1.13
2012.06.05 13:28:36.097,0.81469,0.81478,1.50,1.43
2012.06.05 13:28:36.612,0.81465,0.81478,1.50,1.43
2012.06.05 13:28:37.176,0.81465,0.8148,2.18,2.55
2012.06.05 13:28:37.321,0.81463,0.81477,4.35,1.13
2012.06.05 13:28:37.648,0.81459,0.81473,2.93,3.38
2012.06.05 13:28:37.717,0.81458,0.81473,1.50,3.38
2012.06.05 13:28:38.367,0.8146,0.81473,1.13,1.50
2012.06.05 13:28:38.576,0.8146,0.81473,4.05,1.50
2012.06.05 13:28:38.647,0.81462,0.81476,3.30,1.50
2012.06.05 13:28:38.716,0.81462,0.81477,3.30,1.50
2012.06.05 13:28:39.094,0.81462,0.81479,4.05,1.13
2012.06.05 13:28:39.225,0.81464,0.81481,1.50,1.43
2012.06.05 13:28:39.888,0.81464,0.81481,2.18,2.18
2012.06.05 13:28:40.131,0.81467,0.81482,1.43,2.63
2012.06.05 13:28:40.964,0.81467,0.8148,1.43,1.13
2012.06.05 13:28:41.216,0.81463,0.81479,1.50,1.88
2012.06.05 13:28:41.415,0.81462,0.81475,2.93,1.50
2012.06.05 13:28:41.555,0.81459,0.81477,2.93,2.63
2012.06.05 13:28:41.684,0.81459,0.81477,2.18,2.63
2012.06.05 13:28:42.197,0.81461,0.81475,1.13,1.50
2012.06.05 13:28:42.516,0.81461,0.81478,4.05,1.88
2012.06.05 13:28:43.808,0.81461,0.81477,1.88,1.43
2012.06.05 13:28:44.074,0.8146,0.81476,1.88,1.13
2012.06.05 13:28:45.104,0.8146,0.81477,1.88,2.18
2012.06.05 13:28:45.296,0.8146,0.81477,3.30,2.18
2012.06.05 13:28:45.365,0.81462,0.81479,2.18,3.30
2012.06.05 13:28:45.434,0.81462,0.81478,2.18,1.50
2012.06.05 13:28:45.706,0.81462,0.81478,2.18,1.50
2012.06.05 13:28:45.777,0.81462,0.81478,2.93,1.50
2012.06.05 13:28:46.115,0.81465,0.81481,2.18,1.50
2012.06.05 13:28:46.376,0.81465,0.81482,2.18,3.30
2012.06.05 13:28:46.948,0.81468,0.81483,2.18,1.88
2012.06.05 13:28:47.597,0.81468,0.81483,2.93,1.13
2012.06.05 13:28:47.667,0.81468,0.81485,4.35,3.30
2012.06.05 13:28:47.745,0.8147,0.81485,3.30,1.50
2012.06.05 13:28:47.888,0.81471,0.81486,2.18,1.88
2012.06.05 13:28:48.073,0.81471,0.81485,2.18,1.50
2012.06.05 13:28:48.276,0.81471,0.81486,2.93,1.88
2012.06.05 13:28:48.824,0.81471,0.81486,2.93,1.13
2012.06.05 13:28:50.105,0.81471,0.81488,4.05,2.18
2012.06.05 13:28:50.179,0.81471,0.81487,4.05,1.50
2012.06.05 13:28:50.504,0.81475,0.81487,1.43,1.50
2012.06.05 13:28:51.218,0.81475,0.81487,1.43,1.50
2012.06.05 13:28:52.817,0.81471,0.81487,2.93,1.50
2012.06.05 13:28:54.254,0.81472,0.81489,1.13,3.38
2012.06.05 13:28:55.248,0.81472,0.81489,1.13,3.38
2012.06.05 13:28:55.933,0.81472,0.81486,1.13,2.18
2012.06.05 13:28:56.447,0.81472,0.81488,2.63,2.93
2012.06.05 13:28:58.026,0.81472,0.81488,2.63,3.68
2012.06.05 13:28:59.058,0.81472,0.81488,2.63,3.68
2012.06.05 13:28:59.194,0.81472,0.81483,1.50,1.43
2012.06.05 13:28:59.507,0.81467,0.81481,1.13,1.43
2012.06.05 13:28:59.633,0.81468,0.81481,1.50,1.43
2012.06.05 13:29:00.368,0.81469,0.81485,1.50,2.18
2012.06.05 13:29:03.967,0.81467,0.81479,1.88,1.88
2012.06.05 13:29:04.235,0.81462,0.81479,4.05,3.30
2012.06.05 13:29:04.567,0.81464,0.8148,1.50,3.30
2012.06.05 13:29:06.036,0.81463,0.8148,3.23,2.18
2012.06.05 13:29:06.614,0.81467,0.8148,1.50,1.43
2012.06.05 13:29:07.067,0.81467,0.81482,1.50,3.30
2012.06.05 13:29:07.613,0.81468,0.81482,2.25,1.43
2012.06.05 13:29:08.157,0.81468,0.81483,1.50,1.43
2012.06.05 13:29:08.476,0.8147,0.81483,1.50,1.43
2012.06.05 13:29:08.857,0.8147,0.81483,1.50,1.43
2012.06.05 13:29:09.403,0.8147,0.81484,1.50,1.43
2012.06.05 13:29:10.263,0.8147,0.81487,1.50,2.55
2012.06.05 13:29:11.098,0.8147,0.81487,1.50,1.13
2012.06.05 13:29:11.326,0.8147,0.81485,1.50,2.55
2012.06.05 13:29:11.866,0.8147,0.81485,1.88,2.18
2012.06.05 13:29:12.713,0.81469,0.81484,1.88,1.50
2012.06.05 13:29:13.128,0.81469,0.81485,1.13,2.18
2012.06.05 13:29:13.692,0.8147,0.81487,2.18,4.05
2012.06.05 13:29:13.835,0.81473,0.81487,1.43,2.63
2012.06.05 13:29:14.107,0.81471,0.81485,1.13,2.18
2012.06.05 13:29:14.614,0.8147,0.81485,1.88,2.18
2012.06.05 13:29:14.688,0.8147,0.81485,1.88,2.93
2012.06.05 13:29:14.952,0.8147,0.81485,1.88,2.18
2012.06.05 13:29:15.088,0.8147,0.81485,6.15,2.18
2012.06.05 13:29:15.836,0.81476,0.81488,1.43,1.50
2012.06.05 13:29:16.047,0.81472,0.8149,4.05,4.05
2012.06.05 13:29:16.186,0.81472,0.81488,2.63,1.43
2012.06.05 13:29:16.504,0.81472,0.81485,1.50,1.50
2012.06.05 13:29:16.778,0.8147,0.81485,1.88,1.50
2012.06.05 13:29:16.975,0.8147,0.81486,1.88,2.18
2012.06.05 13:29:17.165,0.8147,0.81485,1.88,1.50
2012.06.05 13:29:17.547,0.8147,0.81486,1.88,1.43
2012.06.05 13:29:17.616,0.8147,0.81486,1.88,2.18
2012.06.05 13:29:18.026,0.81468,0.81483,2.18,2.63
2012.06.05 13:29:18.098,0.81466,0.81482,2.18,2.55
2012.06.05 13:29:18.167,0.81466,0.81482,2.18,3.30
2012.06.05 13:29:18.695,0.81462,0.81479,2.18,2.18
2012.06.05 13:29:20.117,0.81465,0.81482,1.88,2.63
2012.06.05 13:29:20.246,0.81468,0.81482,1.43,1.13
2012.06.05 13:29:21.231,0.81468,0.81482,1.43,1.88
2012.06.05 13:29:21.376,0.81466,0.8148,2.18,1.13
2012.06.05 13:29:21.515,0.81463,0.8148,2.18,1.88
2012.06.05 13:29:21.586,0.81463,0.81478,2.18,1.50
2012.06.05 13:29:22.063,0.81461,0.81478,3.30,1.80
2012.06.05 13:29:22.527,0.81463,0.81479,2.18,5.93
2012.06.05 13:29:23.088,0.81461,0.81478,2.18,1.80
2012.06.05 13:29:23.575,0.81461,0.81478,2.18,1.80
2012.06.05 13:29:23.844,0.8146,0.81476,1.88,1.43
2012.06.05 13:29:24.394,0.8146,0.81476,1.13,1.43
2012.06.05 13:29:24.935,0.81459,0.81476,1.88,1.43
2012.06.05 13:29:25.257,0.81458,0.81474,1.88,2.18
2012.06.05 13:29:25.597,0.81455,0.81469,1.88,1.43
2012.06.05 13:29:27.886,0.81455,0.81472,3.30,2.93
2012.06.05 13:29:28.486,0.81455,0.81472,3.30,2.93
2012.06.05 13:29:29.346,0.81455,0.81472,2.18,4.73
2012.06.05 13:29:29.473,0.81453,0.81469,1.88,1.43
2012.06.05 13:29:29.886,0.81455,0.81469,2.18,1.43
2012.06.05 13:29:30.278,0.81459,0.81476,1.88,3.68
2012.06.05 13:29:30.806,0.81462,0.81477,1.43,5.03
2012.06.05 13:29:31.609,0.81462,0.81477,2.18,1.50
2012.06.05 13:29:31.815,0.81462,0.81479,3.30,2.55
2012.06.05 13:29:31.885,0.81465,0.81479,1.43,1.13
2012.06.05 13:29:32.203,0.81465,0.81481,2.18,1.50
2012.06.05 13:29:32.408,0.81467,0.81482,1.88,2.55
2012.06.05 13:29:32.619,0.81468,0.81485,1.88,1.13
2012.06.05 13:29:32.890,0.81474,0.81487,1.43,1.13
2012.06.05 13:29:33.414,0.81469,0.81486,1.88,1.43
2012.06.05 13:29:33.939,0.81469,0.81487,3.30,1.43
2012.06.05 13:29:34.495,0.81472,0.81488,2.18,1.88
2012.06.05 13:29:35.034,0.81469,0.81487,2.18,2.55
2012.06.05 13:29:36.256,0.81471,0.81488,3.30,1.13
2012.06.05 13:29:36.605,0.8147,0.81486,2.18,1.13
2012.06.05 13:29:36.914,0.81469,0.81486,1.88,1.13
2012.06.05 13:29:38.044,0.81471,0.81487,1.88,1.43
2012.06.05 13:29:38.323,0.81471,0.81487,1.88,1.43
2012.06.05 13:29:42.190,0.81473,0.8149,1.88,2.93
2012.06.05 13:29:42.338,0.81475,0.81492,2.18,5.10
2012.06.05 13:29:42.407,0.81475,0.81492,2.18,1.43
2012.06.05 13:29:42.934,0.81475,0.81491,2.18,2.55
2012.06.05 13:29:43.239,0.81475,0.81489,1.88,1.43
2012.06.05 13:29:43.484,0.81475,0.81492,1.88,1.13
2012.06.05 13:29:43.686,0.81475,0.81489,1.88,1.43
2012.06.05 13:29:44.106,0.81475,0.81489,1.88,1.43
2012.06.05 13:29:44.507,0.81475,0.81489,1.88,1.43
2012.06.05 13:29:44.914,0.81475,0.81489,1.13,1.43
2012.06.05 13:29:45.385,0.81475,0.81488,1.13,1.50
2012.06.05 13:29:45.655,0.8147,0.81485,1.50,1.88
2012.06.05 13:29:45.725,0.81469,0.81485,1.50,1.88
2012.06.05 13:29:46.409,0.81469,0.81485,1.50,1.88
2012.06.05 13:29:46.786,0.81472,0.81486,1.13,2.18
2012.06.05 13:29:46.937,0.81472,0.81486,1.13,2.18
2012.06.05 13:29:47.689,0.81474,0.81489,1.43,1.50
2012.06.05 13:29:47.827,0.81474,0.81491,2.18,6.98
2012.06.05 13:29:48.334,0.81474,0.81491,4.05,3.30
2012.06.05 13:29:48.525,0.81474,0.8149,4.05,1.50
2012.06.05 13:29:49.087,0.81474,0.81491,4.05,4.05
2012.06.05 13:29:49.215,0.81477,0.81491,1.13,2.93
2012.06.05 13:29:49.546,0.81479,0.81492,1.43,1.50
2012.06.05 13:29:49.794,0.81477,0.81492,2.55,1.50
2012.06.05 13:29:50.078,0.81479,0.81494,1.13,2.18
2012.06.05 13:29:50.156,0.8148,0.81496,1.43,2.18
2012.06.05 13:29:51.039,0.81479,0.81494,1.13,1.43
2012.06.05 13:29:51.543,0.81477,0.81493,3.30,1.50
2012.06.05 13:29:54.594,0.81478,0.81495,3.30,5.85
2012.06.05 13:29:54.664,0.81478,0.81495,2.55,4.43
2012.06.05 13:29:55.015,0.8148,0.81494,1.13,2.18
2012.06.05 13:29:55.539,0.8148,0.81496,1.50,2.55
2012.06.05 13:29:56.055,0.81479,0.81495,1.50,1.13
2012.06.05 13:29:56.258,0.81481,0.81497,2.18,2.18
2012.06.05 13:29:57.018,0.81482,0.81499,1.43,2.63
2012.06.05 13:29:57.554,0.81482,0.81499,4.05,1.50
2012.06.05 13:29:58.004,0.81483,0.815,1.88,1.50
2012.06.05 13:29:58.083,0.81486,0.81502,1.43,2.63
2012.06.05 13:29:58.405,0.81484,0.815,2.25,1.43
2012.06.05 13:29:58.827,0.81484,0.815,1.50,2.18
2012.06.05 13:29:58.896,0.81483,0.81501,1.88,1.43
2012.06.05 13:29:59.154,0.81483,0.81501,1.88,1.43
2012.06.05 13:30:00.357,0.81485,0.81501,1.13,1.43
2012.06.05 13:30:00.894,0.81491,0.81504,1.13,2.18
2012.06.05 13:30:01.165,0.81491,0.81506,1.13,1.43
2012.06.05 13:30:01.236,0.81494,0.81506,1.13,1.43
2012.06.05 13:30:01.801,0.81492,0.81508,1.43,1.50
2012.06.05 13:30:02.019,0.8149,0.81507,3.30,2.18
2012.06.05 13:30:02.528,0.8149,0.81506,1.88,1.43
2012.06.05 13:30:03.125,0.81489,0.81506,3.30,3.98
2012.06.05 13:30:03.411,0.81489,0.81503,1.88,1.43
2012.06.05 13:30:04.050,0.81489,0.81505,1.88,2.18
2012.06.05 13:30:04.746,0.81489,0.81506,1.88,2.63
2012.06.05 13:30:05.265,0.81489,0.81504,1.13,1.43
2012.06.05 13:30:05.397,0.81489,0.81505,2.55,1.13
2012.06.05 13:30:05.525,0.81487,0.81503,3.30,2.18
2012.06.05 13:30:06.035,0.81488,0.81503,1.43,1.50
2012.06.05 13:30:06.175,0.81488,0.81503,1.43,1.50
2012.06.05 13:30:07.337,0.81488,0.81502,1.43,1.50
2012.06.05 13:30:07.679,0.81491,0.81504,1.43,1.50
2012.06.05 13:30:07.804,0.81489,0.81503,2.18,1.50
2012.06.05 13:30:07.877,0.81489,0.81503,2.18,1.50
2012.06.05 13:30:08.004,0.81489,0.81503,1.43,2.25
2012.06.05 13:30:08.566,0.81488,0.81503,1.13,3.68
2012.06.05 13:30:08.860,0.81488,0.81503,1.13,3.68
2012.06.05 13:30:09.455,0.81486,0.81503,2.55,2.93
2012.06.05 13:30:09.718,0.8149,0.81503,1.43,1.50
2012.06.05 13:30:10.156,0.8149,0.81504,1.43,1.50
2012.06.05 13:30:11.047,0.8149,0.81503,1.43,1.13
2012.06.05 13:30:11.261,0.8149,0.815,1.43,1.13
2012.06.05 13:30:11.410,0.81486,0.815,1.43,1.88
2012.06.05 13:30:12.075,0.81486,0.81499,1.43,1.50
2012.06.05 13:30:12.149,0.81481,0.81499,1.88,2.93
2012.06.05 13:30:13.206,0.81481,0.81499,1.88,2.93
2012.06.05 13:30:13.496,0.81481,0.81497,1.88,1.50
2012.06.05 13:30:13.840,0.81481,0.81495,1.13,2.93
2012.06.05 13:30:13.917,0.81481,0.81495,1.13,4.35
2012.06.05 13:30:14.059,0.81478,0.81495,2.18,5.48
2012.06.05 13:30:14.199,0.81476,0.8149,1.88,2.18
2012.06.05 13:30:14.545,0.81475,0.81491,1.88,4.05
2012.06.05 13:30:15.086,0.81475,0.8149,1.88,1.50
2012.06.05 13:30:16.127,0.81472,0.81484,1.50,1.43
2012.06.05 13:30:16.202,0.81472,0.81484,1.50,1.43
2012.06.05 13:30:16.488,0.81471,0.81488,2.03,3.30
2012.06.05 13:30:17.626,0.81471,0.81486,1.88,1.43
2012.06.05 13:30:17.779,0.81471,0.81485,1.88,1.43
2012.06.05 13:30:17.921,0.81474,0.81483,1.13,1.43
2012.06.05 13:30:18.001,0.81472,0.81485,1.88,1.43
2012.06.05 13:30:18.081,0.81472,0.81487,1.13,1.43
2012.06.05 13:30:18.231,0.81473,0.81489,1.43,1.13
2012.06.05 13:30:18.309,0.81473,0.81484,1.43,1.13
2012.06.05 13:30:18.827,0.81473,0.81483,1.43,1.88
2012.06.05 13:30:18.906,0.81466,0.81482,1.35,1.43
2012.06.05 13:30:19.107,0.81466,0.81482,1.35,2.55
2012.06.05 13:30:19.638,0.81465,0.81482,2.18,2.55
2012.06.05 13:30:19.710,0.81465,0.81479,2.18,1.13
2012.06.05 13:30:20.073,0.8146,0.81475,2.18,2.55
2012.06.05 13:30:20.147,0.8146,0.81475,2.18,2.55
2012.06.05 13:30:20.967,0.81463,0.81474,1.43,1.88
2012.06.05 13:30:21.333,0.81466,0.81477,1.43,1.50
2012.06.05 13:30:21.673,0.81466,0.81477,2.18,1.50
2012.06.05 13:30:21.995,0.81466,0.8148,2.18,1.50
2012.06.05 13:30:22.135,0.81466,0.81483,2.18,4.05
2012.06.05 13:30:22.206,0.81466,0.81483,2.18,3.30
2012.06.05 13:30:22.727,0.81469,0.81486,2.18,3.30
2012.06.05 13:30:23.239,0.81472,0.81488,2.18,1.50
2012.06.05 13:30:23.569,0.81472,0.81489,4.05,2.18
2012.06.05 13:30:23.916,0.81477,0.81494,2.18,4.05
2012.06.05 13:30:24.347,0.81475,0.81493,3.38,2.93
2012.06.05 13:30:24.416,0.81475,0.81493,2.63,3.68
2012.06.05 13:30:24.796,0.81475,0.81493,2.63,2.93
2012.06.05 13:30:24.937,0.81475,0.81493,2.63,2.93
2012.06.05 13:30:25.209,0.81479,0.81494,2.18,1.88
2012.06.05 13:30:25.745,0.81485,0.81497,1.13,1.50
2012.06.05 13:30:26.098,0.81495,0.81502,1.13,2.93
2012.06.05 13:30:26.447,0.815,0.81512,1.43,1.13
2012.06.05 13:30:26.518,0.81495,0.81502,3.30,2.18
2012.06.05 13:30:26.647,0.81498,0.8151,1.43,2.18
2012.06.05 13:30:26.718,0.81494,0.81508,2.93,2.93
2012.06.05 13:30:27.180,0.81491,0.81509,2.63,2.93
2012.06.05 13:30:28.947,0.81491,0.81509,2.63,2.18
2012.06.05 13:30:29.518,0.81491,0.81508,3.30,2.18
2012.06.05 13:30:29.658,0.81491,0.81507,2.18,1.13
2012.06.05 13:30:29.929,0.81494,0.81509,2.18,1.13
2012.06.05 13:30:30.956,0.81491,0.81509,2.93,1.88
2012.06.05 13:30:31.159,0.81491,0.81509,2.93,1.88
2012.06.05 13:30:31.685,0.81491,0.81509,2.93,1.13
2012.06.05 13:30:31.757,0.81493,0.81509,1.50,1.13
2012.06.05 13:30:32.026,0.81494,0.81513,3.30,3.30
2012.06.05 13:30:32.527,0.81493,0.81512,3.30,2.55
2012.06.05 13:30:32.595,0.81493,0.8151,2.18,1.13
2012.06.05 13:30:32.915,0.81499,0.8151,1.43,1.13
2012.06.05 13:30:33.413,0.81499,0.81511,1.43,1.88
2012.06.05 13:30:34.097,0.81499,0.8151,1.43,1.50
2012.06.05 13:30:34.617,0.81497,0.8151,1.43,1.50
2012.06.05 13:30:36.008,0.81497,0.8151,1.43,1.50
2012.06.05 13:30:36.559,0.81495,0.8151,1.43,1.50
2012.06.05 13:30:36.625,0.81493,0.8151,2.55,1.50
2012.06.05 13:30:37.914,0.81493,0.8151,3.30,1.50
2012.06.05 13:30:38.481,0.81493,0.8151,3.30,1.50
2012.06.05 13:30:38.806,0.81494,0.81512,1.88,2.93
2012.06.05 13:30:38.949,0.81494,0.81512,1.88,1.43
2012.06.05 13:30:39.088,0.81492,0.81508,1.88,1.43
2012.06.05 13:30:39.336,0.81492,0.81508,1.88,1.43
2012.06.05 13:30:39.583,0.81492,0.81507,1.88,2.18
2012.06.05 13:30:40.099,0.81492,0.81508,1.13,3.30
2012.06.05 13:30:40.538,0.81488,0.81507,3.30,3.30
2012.06.05 13:30:42.809,0.81494,0.81507,1.13,2.18
2012.06.05 13:30:43.160,0.81495,0.81508,2.18,1.88
2012.06.05 13:30:43.623,0.81495,0.81507,2.18,1.88
2012.06.05 13:30:43.703,0.8149,0.81504,2.18,3.38
2012.06.05 13:30:44.076,0.81489,0.81504,1.43,3.38
2012.06.05 13:30:44.146,0.81485,0.81504,3.30,4.80
2012.06.05 13:30:44.217,0.81485,0.81501,2.18,1.13
2012.06.05 13:30:44.908,0.81485,0.81501,2.18,1.13
2012.06.05 13:30:45.277,0.81485,0.81498,2.18,1.13
2012.06.05 13:30:45.558,0.81483,0.81495,1.43,1.43
2012.06.05 13:30:45.628,0.81483,0.81498,1.43,2.55
2012.06.05 13:30:45.756,0.81481,0.81496,1.88,1.43
2012.06.05 13:30:46.170,0.81477,0.81493,2.18,1.13
2012.06.05 13:30:46.514,0.81477,0.81491,2.18,1.13
2012.06.05 13:30:46.592,0.81475,0.81489,1.13,1.43
2012.06.05 13:30:46.808,0.81473,0.81489,1.50,2.55
2012.06.05 13:30:46.952,0.81472,0.81486,2.18,1.13
2012.06.05 13:30:47.284,0.81472,0.81483,1.43,2.93
2012.06.05 13:30:47.358,0.81468,0.81481,2.25,1.13
2012.06.05 13:30:47.429,0.81468,0.81478,1.50,1.88
2012.06.05 13:30:47.697,0.81466,0.81478,1.43,1.13
2012.06.05 13:30:47.826,0.81464,0.81478,1.43,1.13
2012.06.05 13:30:48.365,0.81462,0.81477,2.18,1.13
2012.06.05 13:30:48.688,0.81462,0.81479,1.43,2.55
2012.06.05 13:30:49.140,0.81458,0.81471,3.68,2.93
2012.06.05 13:30:49.495,0.81456,0.81467,1.13,4.80
2012.06.05 13:30:49.564,0.81455,0.81467,1.13,4.05
2012.06.05 13:30:50.014,0.81454,0.81469,2.18,1.13
2012.06.05 13:30:50.716,0.81454,0.81469,1.43,1.13
2012.06.05 13:30:51.267,0.81454,0.81468,2.18,1.13
2012.06.05 13:30:51.578,0.81451,0.81468,3.30,2.93
2012.06.05 13:30:52.125,0.8145,0.81467,1.88,2.55
2012.06.05 13:30:52.537,0.8145,0.81467,1.88,2.55
2012.06.05 13:30:52.687,0.81448,0.81465,3.30,1.13
2012.06.05 13:30:53.147,0.81447,0.81463,2.18,1.43
2012.06.05 13:30:53.224,0.81446,0.81464,1.88,1.43
2012.06.05 13:30:53.735,0.81446,0.81463,1.88,1.13
2012.06.05 13:30:54.446,0.81445,0.81462,3.30,1.13
2012.06.05 13:30:54.726,0.81449,0.81464,2.18,1.13
2012.06.05 13:30:55.107,0.81449,0.81465,2.18,1.80
2012.06.05 13:30:55.439,0.81447,0.81462,2.63,1.43
2012.06.05 13:30:55.568,0.81448,0.81466,2.18,1.13
2012.06.05 13:30:56.410,0.81448,0.81463,1.50,1.43
2012.06.05 13:30:57.103,0.81447,0.81463,1.50,1.43
2012.06.05 13:30:57.388,0.81447,0.81461,1.50,1.13
2012.06.05 13:30:57.938,0.81442,0.81461,4.05,2.55
2012.06.05 13:30:58.485,0.81446,0.81461,2.18,1.13
2012.06.05 13:30:59.130,0.81446,0.81461,2.18,1.13
2012.06.05 13:31:00.480,0.81446,0.81463,2.93,1.43
2012.06.05 13:31:00.562,0.81446,0.81461,2.93,1.13
2012.06.05 13:31:01.129,0.81446,0.81461,2.18,1.13
2012.06.05 13:31:01.267,0.8145,0.81463,1.88,1.43
2012.06.05 13:31:01.346,0.81453,0.81468,1.88,1.88
2012.06.05 13:31:01.673,0.81453,0.81468,2.63,1.50
2012.06.05 13:31:01.755,0.81455,0.81471,2.18,1.13
2012.06.05 13:31:02.097,0.81456,0.81472,1.88,2.55
2012.06.05 13:31:03.525,0.81455,0.81472,2.63,1.13
2012.06.05 13:31:03.989,0.81455,0.8147,1.88,1.43
2012.06.05 13:31:04.380,0.81457,0.81474,3.30,2.18
2012.06.05 13:31:04.462,0.81461,0.81477,1.43,2.18
2012.06.05 13:31:05.152,0.81464,0.81479,1.88,3.98
2012.06.05 13:31:05.233,0.81466,0.81482,2.18,3.68
2012.06.05 13:31:05.377,0.81466,0.81482,2.18,1.50
2012.06.05 13:31:06.238,0.81466,0.81481,2.18,2.55
2012.06.05 13:31:06.746,0.81466,0.81481,2.18,1.13
2012.06.05 13:31:08.217,0.81469,0.81485,2.18,4.43
2012.06.05 13:31:08.294,0.81471,0.81486,1.88,1.80
2012.06.05 13:31:08.438,0.81474,0.81488,1.13,1.43
2012.06.05 13:31:08.579,0.81475,0.8149,2.18,1.13
2012.06.05 13:31:08.774,0.81475,0.8149,2.18,1.13
2012.06.05 13:31:09.124,0.81475,0.81492,3.30,2.93
2012.06.05 13:31:09.327,0.81478,0.81492,1.88,1.80
2012.06.05 13:31:09.637,0.81479,0.81492,2.18,1.43
2012.06.05 13:31:09.911,0.81482,0.81495,2.18,1.13
2012.06.05 13:31:10.061,0.81482,0.81498,3.30,2.93
2012.06.05 13:31:10.200,0.81485,0.81498,1.43,2.18
2012.06.05 13:31:10.547,0.81485,0.815,2.18,4.43
2012.06.05 13:31:11.075,0.81489,0.81505,2.18,2.93
2012.06.05 13:31:11.218,0.81489,0.81505,2.18,2.55
2012.06.05 13:31:11.755,0.81492,0.81509,3.30,2.93
2012.06.05 13:31:12.257,0.81494,0.81509,2.18,1.13
2012.06.05 13:31:12.458,0.81494,0.81509,2.18,1.13
2012.06.05 13:31:12.779,0.8149,0.81507,2.63,2.55
2012.06.05 13:31:12.847,0.8149,0.81507,2.63,2.55
2012.06.05 13:31:13.485,0.81491,0.81507,2.18,2.55
2012.06.05 13:31:14.265,0.81491,0.81507,2.18,4.73
2012.06.05 13:31:14.408,0.81489,0.81505,2.18,1.43
2012.06.05 13:31:14.956,0.81488,0.81504,3.30,1.13
2012.06.05 13:31:16.237,0.81489,0.81505,1.88,3.60
2012.06.05 13:31:16.705,0.8149,0.81508,2.18,5.85
2012.06.05 13:31:17.101,0.81494,0.81508,1.13,3.60
2012.06.05 13:31:17.502,0.81496,0.81513,2.55,2.93
2012.06.05 13:31:17.584,0.81499,0.81515,2.18,5.18
2012.06.05 13:31:18.113,0.81499,0.81515,2.18,3.00
2012.06.05 13:31:18.588,0.81495,0.8151,1.50,1.43
2012.06.05 13:31:18.713,0.81494,0.8151,2.93,1.43
2012.06.05 13:31:21.526,0.81494,0.8151,1.88,1.13
2012.06.05 13:31:22.366,0.81494,0.81508,3.38,1.43
2012.06.05 13:31:23.945,0.81494,0.81509,1.50,1.43
2012.06.05 13:31:26.596,0.81494,0.81509,1.50,1.13
2012.06.05 13:31:26.933,0.81495,0.81509,1.50,1.13
2012.06.05 13:31:27.259,0.81496,0.81512,2.25,2.93
2012.06.05 13:31:27.327,0.81496,0.81512,2.25,2.93
2012.06.05 13:31:28.797,0.81496,0.81514,2.25,1.88
2012.06.05 13:31:29.123,0.81501,0.81515,1.13,1.80
2012.06.05 13:31:29.458,0.81504,0.81515,1.13,1.43
2012.06.05 13:31:29.536,0.81505,0.8152,1.13,4.73
2012.06.05 13:31:29.748,0.81505,0.8152,1.88,2.18
2012.06.05 13:31:30.880,0.81505,0.81524,1.88,2.25
2012.06.05 13:31:31.167,0.81505,0.81524,1.88,1.50
2012.06.05 13:31:31.795,0.81505,0.81524,3.38,1.50
2012.06.05 13:31:35.028,0.81506,0.81523,1.88,1.13
2012.06.05 13:31:38.625,0.81507,0.81524,1.88,1.50
2012.06.05 13:31:39.924,0.81511,0.81527,1.13,1.50
2012.06.05 13:31:40.248,0.81511,0.81528,1.88,1.13
2012.06.05 13:31:40.315,0.81511,0.8153,1.88,1.50
2012.06.05 13:31:40.626,0.81511,0.8153,1.88,1.50
2012.06.05 13:31:40.698,0.81513,0.81529,2.18,1.50
2012.06.05 13:31:42.510,0.81514,0.81531,1.88,2.25
2012.06.05 13:31:42.918,0.81516,0.81533,1.50,1.50
2012.06.05 13:31:42.987,0.81516,0.81533,2.25,1.13
2012.06.05 13:31:43.058,0.81516,0.81533,2.25,1.13
2012.06.05 13:31:43.517,0.81521,0.81535,2.18,1.13
2012.06.05 13:31:44.043,0.81523,0.81535,1.43,1.13
2012.06.05 13:31:44.188,0.81526,0.81539,1.43,1.88
2012.06.05 13:31:44.574,0.81523,0.81539,2.18,1.50
2012.06.05 13:31:44.977,0.81524,0.81541,2.18,1.43
2012.06.05 13:31:45.489,0.81524,0.81541,1.43,1.80
2012.06.05 13:31:45.558,0.81524,0.81541,2.18,1.80
2012.06.05 13:31:45.769,0.81524,0.81541,1.43,1.80
2012.06.05 13:31:46.246,0.81526,0.81542,1.43,2.25
2012.06.05 13:31:47.418,0.81533,0.81545,1.43,1.88
2012.06.05 13:31:47.558,0.81533,0.81546,1.43,2.63
2012.06.05 13:31:48.183,0.81534,0.81549,1.50,1.50
2012.06.05 13:31:48.261,0.81535,0.81547,2.18,1.88
2012.06.05 13:31:48.821,0.81535,0.81549,2.18,1.50
2012.06.05 13:31:49.258,0.81534,0.81552,1.88,1.88
2012.06.05 13:31:49.616,0.81534,0.81553,1.88,2.25
2012.06.05 13:31:49.876,0.81534,0.81553,1.88,2.25
2012.06.05 13:31:50.386,0.81534,0.81553,1.88,3.00
2012.06.05 13:31:50.850,0.81533,0.8155,1.88,1.13
2012.06.05 13:31:51.198,0.81529,0.81546,1.50,1.13
2012.06.05 13:31:51.778,0.81531,0.81548,1.13,1.13
2012.06.05 13:31:51.917,0.81529,0.81547,2.25,1.13
2012.06.05 13:31:52.447,0.81529,0.81548,2.63,1.13
2012.06.05 13:31:52.799,0.81529,0.81545,1.50,1.13
2012.06.05 13:31:53.326,0.81526,0.81545,3.23,1.13
2012.06.05 13:31:54.137,0.81529,0.81547,1.13,1.13
2012.06.05 13:31:54.208,0.81536,0.81547,1.13,1.13
2012.06.05 13:31:54.545,0.81536,0.81553,1.13,2.55
2012.06.05 13:31:54.690,0.81535,0.81551,1.13,2.55
2012.06.05 13:31:54.836,0.81533,0.8155,1.88,2.55
2012.06.05 13:31:54.976,0.81531,0.81549,2.93,3.30
2012.06.05 13:31:55.295,0.81531,0.81547,1.43,1.13
2012.06.05 13:31:56.037,0.81532,0.81547,1.43,1.13
2012.06.05 13:31:56.554,0.81532,0.81548,1.43,1.13
2012.06.05 13:31:57.310,0.81532,0.81549,3.30,2.55
2012.06.05 13:31:57.648,0.81534,0.8155,2.18,1.13
2012.06.05 13:31:57.985,0.81537,0.81552,1.43,1.13
2012.06.05 13:31:58.385,0.81537,0.81554,1.43,1.13
2012.06.05 13:31:59.357,0.81541,0.81555,1.43,1.13
2012.06.05 13:31:59.578,0.81538,0.81555,2.55,1.13
2012.06.05 13:31:59.787,0.81537,0.81551,1.88,1.43
2012.06.05 13:31:59.987,0.81538,0.81555,2.85,1.43
2012.06.05 13:32:00.789,0.81539,0.81555,1.13,1.43
2012.06.05 13:32:00.990,0.81536,0.81553,1.88,2.55
2012.06.05 13:32:01.197,0.81535,0.81552,1.88,1.13
2012.06.05 13:32:01.268,0.81535,0.81551,2.63,1.43
2012.06.05 13:32:01.335,0.81535,0.81551,1.13,1.43
2012.06.05 13:32:01.919,0.81534,0.81551,3.09,1.43
2012.06.05 13:32:02.409,0.81533,0.81548,1.35,1.13
2012.06.05 13:32:02.764,0.81529,0.81546,3.23,1.43
2012.06.05 13:32:02.841,0.81529,0.81545,3.15,1.43
2012.06.05 13:32:02.980,0.81529,0.81543,3.45,1.43
2012.06.05 13:32:03.060,0.81529,0.81545,3.15,1.43
2012.06.05 13:32:03.603,0.81531,0.81549,1.88,2.93
2012.06.05 13:32:03.748,0.81531,0.81549,1.88,2.93
2012.06.05 13:32:04.482,0.8153,0.81549,3.30,4.05
2012.06.05 13:32:04.749,0.8153,0.81546,2.93,1.13
2012.06.05 13:32:05.088,0.81538,0.81554,1.43,2.18
2012.06.05 13:32:05.232,0.81536,0.81551,2.18,1.88
2012.06.05 13:32:05.309,0.81532,0.81548,4.13,1.43
2012.06.05 13:32:05.377,0.81532,0.81546,2.25,1.13
2012.06.05 13:32:05.729,0.8153,0.8154,1.13,1.13
2012.06.05 13:32:05.802,0.81529,0.8154,1.80,1.13
2012.06.05 13:32:05.880,0.81529,0.81536,1.05,1.13
2012.06.05 13:32:06.436,0.81524,0.81536,1.73,1.88
2012.06.05 13:32:07.046,0.81523,0.81534,1.35,1.13
2012.06.05 13:32:07.292,0.81517,0.81534,2.55,1.13
2012.06.05 13:32:07.366,0.8152,0.81534,1.43,1.13
2012.06.05 13:32:07.761,0.81517,0.81534,1.43,1.88
2012.06.05 13:32:08.497,0.81518,0.81534,1.13,1.88
2012.06.05 13:32:09.017,0.81517,0.81534,2.18,1.88
2012.06.05 13:32:09.571,0.81517,0.81534,2.18,1.13
2012.06.05 13:32:09.794,0.81516,0.81531,1.50,1.43
2012.06.05 13:32:10.328,0.81518,0.81531,2.93,1.43
2012.06.05 13:32:10.398,0.81521,0.81536,1.43,1.88
2012.06.05 13:32:10.927,0.81521,0.81536,1.43,1.13
2012.06.05 13:32:11.577,0.81519,0.81534,2.18,1.43
2012.06.05 13:32:11.622,0.81522,0.81538,1.13,2.93
2012.06.05 13:32:11.696,0.81522,0.81538,1.13,2.18
2012.06.05 13:32:12.205,0.81523,0.81538,1.13,2.18
2012.06.05 13:32:12.720,0.81523,0.81537,1.13,1.43
2012.06.05 13:32:13.234,0.81524,0.81537,1.13,1.43
2012.06.05 13:32:13.579,0.81521,0.81536,4.80,1.43
2012.06.05 13:32:13.826,0.81521,0.81534,4.05,1.43
2012.06.05 13:32:13.896,0.81521,0.81536,2.18,1.13
2012.06.05 13:32:14.565,0.8152,0.81533,2.93,1.43
2012.06.05 13:32:14.937,0.8152,0.81535,2.93,1.43
2012.06.05 13:32:15.521,0.8152,0.81534,2.93,1.43
2012.06.05 13:32:15.654,0.8152,0.81536,2.93,2.85
2012.06.05 13:32:16.417,0.8152,0.81533,2.93,1.43
2012.06.05 13:32:16.764,0.8152,0.81535,2.93,1.43
2012.06.05 13:32:17.538,0.81522,0.81536,3.60,1.13
2012.06.05 13:32:17.665,0.81522,0.81538,4.35,2.55
2012.06.05 13:32:18.162,0.81522,0.81536,3.30,1.43
2012.06.05 13:32:18.747,0.81519,0.81536,4.43,1.43
2012.06.05 13:32:19.277,0.81519,0.81535,2.55,1.13
2012.06.05 13:32:20.128,0.8152,0.81535,2.93,1.13
2012.06.05 13:32:20.468,0.81523,0.81536,2.93,1.43
2012.06.05 13:32:20.809,0.81526,0.8154,2.18,1.43
2012.06.05 13:32:20.879,0.81526,0.81543,2.18,2.63
2012.06.05 13:32:21.521,0.81527,0.81543,2.18,1.13
2012.06.05 13:32:21.854,0.81527,0.81543,2.18,2.63
2012.06.05 13:32:22.937,0.81527,0.81543,2.18,1.88
2012.06.05 13:32:23.387,0.81531,0.81543,2.93,1.13
2012.06.05 13:32:23.741,0.81539,0.81544,1.13,1.43
2012.06.05 13:32:23.950,0.8154,0.81554,2.18,1.50
2012.06.05 13:32:24.255,0.8154,0.81557,2.18,2.55
2012.06.05 13:32:25.135,0.8154,0.81557,1.43,2.55
2012.06.05 13:32:25.489,0.8154,0.81552,1.43,1.13
2012.06.05 13:32:25.817,0.8154,0.8155,1.43,1.13
2012.06.05 13:32:26.030,0.81537,0.81549,1.43,1.13
2012.06.05 13:32:26.108,0.81532,0.81549,2.18,2.55
2012.06.05 13:32:26.913,0.81531,0.81549,1.50,2.55
2012.06.05 13:32:27.788,0.81531,0.81546,1.88,1.13
2012.06.05 13:32:28.345,0.81531,0.81546,1.88,1.13
2012.06.05 13:32:28.621,0.81532,0.81549,1.13,3.30
2012.06.05 13:32:29.383,0.81532,0.81549,1.88,2.55
2012.06.05 13:32:29.625,0.81535,0.81549,1.13,1.43
2012.06.05 13:32:30.068,0.81537,0.81552,1.13,1.88
2012.06.05 13:32:30.136,0.81537,0.81552,1.88,1.13
2012.06.05 13:32:30.205,0.81537,0.81554,1.88,1.88
2012.06.05 13:32:30.477,0.81537,0.81554,1.88,1.13
2012.06.05 13:32:31.021,0.8154,0.81554,1.43,1.13
2012.06.05 13:32:31.239,0.81538,0.81553,1.43,1.13
2012.06.05 13:32:32.137,0.81538,0.81554,1.43,2.55
2012.06.05 13:32:33.505,0.8154,0.81554,1.43,2.55
2012.06.05 13:32:34.036,0.81541,0.81555,2.18,1.13
2012.06.05 13:32:34.714,0.81542,0.81555,1.43,1.13
2012.06.05 13:32:35.286,0.81542,0.81554,1.43,1.13
2012.06.05 13:32:35.646,0.81542,0.81551,1.43,1.13
2012.06.05 13:32:35.908,0.81539,0.81551,1.43,1.13
2012.06.05 13:32:35.976,0.81539,0.81553,1.43,1.13
2012.06.05 13:32:38.166,0.81539,0.81553,1.43,1.88
2012.06.05 13:32:38.545,0.81539,0.81553,1.43,1.13
2012.06.05 13:32:39.076,0.81539,0.81554,1.43,1.88
2012.06.05 13:32:40.655,0.81538,0.81552,1.43,1.13
2012.06.05 13:32:41.957,0.81541,0.81557,1.13,4.35
2012.06.05 13:32:42.157,0.8154,0.81554,3.68,1.13
2012.06.05 13:32:42.366,0.81537,0.81554,4.05,2.55
2012.06.05 13:32:43.095,0.81537,0.81552,3.30,1.13
2012.06.05 13:32:46.671,0.81537,0.81551,1.43,1.13
2012.06.05 13:32:47.279,0.81536,0.81551,2.55,1.13
2012.06.05 13:32:47.796,0.81536,0.81551,1.88,1.13
2012.06.05 13:32:48.336,0.81533,0.8155,4.05,1.13
2012.06.05 13:32:48.408,0.81533,0.81548,2.93,1.13
2012.06.05 13:32:48.756,0.81533,0.81545,1.43,1.13
2012.06.05 13:32:49.163,0.81528,0.81538,2.18,1.13
2012.06.05 13:32:49.447,0.81522,0.81537,1.35,2.55
2012.06.05 13:32:49.516,0.81522,0.81537,1.13,2.55
2012.06.05 13:32:49.965,0.81523,0.81537,2.18,1.13
2012.06.05 13:32:50.349,0.81524,0.81541,1.88,1.13
2012.06.05 13:32:50.804,0.81527,0.81542,1.13,2.55
2012.06.05 13:32:51.376,0.81526,0.81542,4.05,1.43
2012.06.05 13:32:51.885,0.81526,0.81543,2.63,1.88
2012.06.05 13:32:52.841,0.81526,0.81543,4.80,1.13
2012.06.05 13:32:53.198,0.81524,0.81541,1.13,3.30
2012.06.05 13:32:53.547,0.81521,0.81535,1.50,1.13
2012.06.05 13:32:54.089,0.81521,0.81534,1.50,1.88
2012.06.05 13:32:54.585,0.81518,0.81533,4.88,1.13
2012.06.05 13:32:55.090,0.81518,0.81533,4.05,1.13
2012.06.05 13:32:55.646,0.81518,0.81532,2.93,1.13
2012.06.05 13:32:56.178,0.81517,0.81535,3.30,2.18
2012.06.05 13:32:56.255,0.81521,0.81537,2.93,3.68
2012.06.05 13:32:56.333,0.81521,0.81538,2.93,1.50
2012.06.05 13:32:56.407,0.81526,0.81538,1.13,1.50
2012.06.05 13:32:56.948,0.81525,0.81537,1.43,1.88
2012.06.05 13:32:57.406,0.81521,0.81536,1.88,2.55
2012.06.05 13:32:57.936,0.8152,0.81536,1.88,1.43
2012.06.05 13:32:58.488,0.81521,0.81536,1.88,1.43
2012.06.05 13:32:59.148,0.81523,0.81536,1.13,1.43
2012.06.05 13:32:59.218,0.81525,0.81536,1.13,1.43
2012.06.05 13:32:59.417,0.81525,0.81538,3.30,1.43
2012.06.05 13:32:59.486,0.81525,0.81542,3.30,2.55
2012.06.05 13:33:00.367,0.81524,0.81539,1.88,2.55
2012.06.05 13:33:00.446,0.81524,0.81539,1.13,1.13
2012.06.05 13:33:00.517,0.81524,0.81539,1.13,1.88
2012.06.05 13:33:01.025,0.81524,0.81539,1.13,1.88
2012.06.05 13:33:01.215,0.81525,0.81539,2.18,1.13
2012.06.05 13:33:01.430,0.81525,0.81542,3.30,1.88
2012.06.05 13:33:01.565,0.81525,0.81542,3.30,1.13
2012.06.05 13:33:02.117,0.81527,0.81541,1.88,1.13
2012.06.05 13:33:03.305,0.81526,0.81541,1.13,1.13
2012.06.05 13:33:03.657,0.81526,0.81537,1.13,1.50
2012.06.05 13:33:03.845,0.81524,0.81537,1.13,1.50
2012.06.05 13:33:04.810,0.81522,0.81537,1.13,2.18
2012.06.05 13:33:05.185,0.8152,0.81536,2.55,2.18
2012.06.05 13:33:05.255,0.8152,0.81534,1.13,1.43
2012.06.05 13:33:05.325,0.8152,0.81537,3.30,2.63
2012.06.05 13:33:05.862,0.8152,0.81537,1.13,1.88
2012.06.05 13:33:05.947,0.8152,0.81535,1.13,1.13
2012.06.05 13:33:06.298,0.81522,0.81534,1.88,1.43
2012.06.05 13:33:06.971,0.81522,0.81537,1.88,1.50
2012.06.05 13:33:07.522,0.81524,0.81537,1.13,1.50
2012.06.05 13:33:08.077,0.81524,0.81537,1.88,1.50
2012.06.05 13:33:08.601,0.81524,0.81536,1.13,1.50
2012.06.05 13:33:09.112,0.81524,0.81538,1.88,1.50
2012.06.05 13:33:09.578,0.81524,0.81539,4.05,1.43
2012.06.05 13:33:09.766,0.81524,0.81541,4.05,2.63
2012.06.05 13:33:10.209,0.81526,0.8154,1.13,1.13
2012.06.05 13:33:10.904,0.81527,0.81542,1.13,4.05
2012.06.05 13:33:11.199,0.81529,0.81543,2.18,2.63
2012.06.05 13:33:12.106,0.8153,0.81547,1.88,2.63
2012.06.05 13:33:12.178,0.8153,0.81547,1.88,1.13
2012.06.05 13:33:12.506,0.81531,0.81547,2.93,1.88
2012.06.05 13:33:12.704,0.81531,0.81547,2.93,1.13
2012.06.05 13:33:13.250,0.81533,0.81548,1.13,3.30
2012.06.05 13:33:13.790,0.8154,0.81546,1.13,1.50
2012.06.05 13:33:13.870,0.8154,0.81551,1.13,1.43
2012.06.05 13:33:14.017,0.8154,0.81557,5.48,2.63
2012.06.05 13:33:14.628,0.8154,0.81557,1.88,1.88
2012.06.05 13:33:15.160,0.81541,0.81557,4.35,1.88
2012.06.05 13:33:15.367,0.81543,0.81558,2.55,1.13
2012.06.05 13:33:15.565,0.81543,0.81554,1.43,1.13
2012.06.05 13:33:15.916,0.8154,0.81554,2.18,1.13
2012.06.05 13:33:15.989,0.8154,0.81554,2.18,1.13
2012.06.05 13:33:16.617,0.8154,0.81555,3.30,1.13
2012.06.05 13:33:17.162,0.81542,0.81555,1.43,1.13
2012.06.05 13:33:17.558,0.8154,0.81554,1.43,3.30
2012.06.05 13:33:18.093,0.81539,0.81554,1.13,2.55
2012.06.05 13:33:18.644,0.81537,0.81554,3.30,2.55
2012.06.05 13:33:19.637,0.8154,0.81557,1.13,3.38
2012.06.05 13:33:19.709,0.8154,0.81557,1.13,2.63
2012.06.05 13:33:19.776,0.81542,0.81558,1.13,2.18
2012.06.05 13:33:20.405,0.81541,0.81557,1.13,1.13
2012.06.05 13:33:20.477,0.81541,0.81555,1.13,1.43
2012.06.05 13:33:20.982,0.8154,0.81555,1.50,2.55
2012.06.05 13:33:21.196,0.81541,0.81557,1.13,2.55
2012.06.05 13:33:21.567,0.81543,0.81557,1.13,1.43
2012.06.05 13:33:22.134,0.81543,0.81558,1.13,1.13
2012.06.05 13:33:22.525,0.81543,0.8156,1.13,2.63
2012.06.05 13:33:23.047,0.81543,0.8156,1.88,1.13
2012.06.05 13:33:23.639,0.81545,0.8156,1.43,1.88
2012.06.05 13:33:24.256,0.81545,0.8156,1.43,1.13
2012.06.05 13:33:24.903,0.81545,0.81561,1.43,2.63
2012.06.05 13:33:24.984,0.81544,0.81559,1.13,1.88
2012.06.05 13:33:25.524,0.81544,0.81556,1.13,1.50
2012.06.05 13:33:25.714,0.81544,0.81559,1.13,1.13
2012.06.05 13:33:26.186,0.81542,0.81559,1.13,1.13
2012.06.05 13:33:26.321,0.81542,0.81556,1.13,1.43
2012.06.05 13:33:28.988,0.81542,0.81558,1.13,1.43
2012.06.05 13:33:29.304,0.81542,0.81559,1.88,1.13
2012.06.05 13:33:29.846,0.81545,0.8156,1.13,2.55
2012.06.05 13:33:31.870,0.81545,0.81559,1.13,1.43
2012.06.05 13:33:32.228,0.81547,0.8156,3.30,1.50
2012.06.05 13:33:32.296,0.81547,0.81562,3.30,1.88
2012.06.05 13:33:32.805,0.81551,0.8156,1.13,1.50
2012.06.05 13:33:33.219,0.81551,0.81565,1.13,1.50
2012.06.05 13:33:33.735,0.81551,0.81566,3.30,1.50
2012.06.05 13:33:34.130,0.81553,0.81566,1.43,1.13
2012.06.05 13:33:34.210,0.81549,0.81564,1.88,1.43
2012.06.05 13:33:34.290,0.81549,0.81564,1.88,1.43
2012.06.05 13:33:34.485,0.81549,0.81564,1.88,3.30
2012.06.05 13:33:34.556,0.81549,0.81564,1.88,2.55
2012.06.05 13:33:34.809,0.81549,0.81564,1.13,5.48
2012.06.05 13:33:35.184,0.81549,0.81564,1.13,3.30
2012.06.05 13:33:35.296,0.81547,0.81564,3.30,3.30
2012.06.05 13:33:35.364,0.81547,0.81564,3.30,2.55
2012.06.05 13:33:35.643,0.81547,0.81564,3.30,4.05
2012.06.05 13:33:35.777,0.81547,0.81562,1.88,1.43
2012.06.05 13:33:40.257,0.81547,0.81562,1.88,2.18
2012.06.05 13:33:44.835,0.81547,0.81562,1.88,2.18
2012.06.05 13:33:45.178,0.81549,0.81564,4.05,2.63
2012.06.05 13:33:45.562,0.8155,0.81564,1.88,1.50
2012.06.05 13:33:45.646,0.81551,0.81564,2.18,1.50
2012.06.05 13:33:46.209,0.81552,0.81565,2.18,1.88
2012.06.05 13:33:46.718,0.81551,0.81565,1.43,1.88
2012.06.05 13:33:47.264,0.81549,0.81564,1.88,1.88
2012.06.05 13:33:47.656,0.81548,0.81565,1.88,2.63
2012.06.05 13:33:47.724,0.81548,0.81565,1.88,1.88
2012.06.05 13:33:48.706,0.8155,0.81566,1.13,4.80
2012.06.05 13:33:49.215,0.81552,0.81568,1.13,2.93
2012.06.05 13:33:50.094,0.81551,0.81565,1.43,1.13
2012.06.05 13:33:50.646,0.81551,0.81566,2.55,1.88
2012.06.05 13:33:50.983,0.81555,0.81568,1.13,2.18
2012.06.05 13:33:51.062,0.81556,0.81571,1.13,1.13
2012.06.05 13:33:52.065,0.81553,0.81569,1.43,1.13
2012.06.05 13:33:52.508,0.81552,0.81568,1.13,2.18
2012.06.05 13:33:52.973,0.81551,0.81565,2.18,1.13
2012.06.05 13:33:53.120,0.81549,0.81565,1.13,2.55
2012.06.05 13:33:53.188,0.81549,0.81563,1.13,1.43
2012.06.05 13:33:53.317,0.81549,0.81565,1.13,3.30
2012.06.05 13:33:53.789,0.81551,0.81566,1.13,4.05
2012.06.05 13:33:54.120,0.81555,0.81568,1.13,2.93
2012.06.05 13:33:54.528,0.81558,0.81573,1.13,3.75
2012.06.05 13:33:54.797,0.81559,0.81573,1.13,1.50
2012.06.05 13:33:55.209,0.81562,0.81576,1.43,1.88
2012.06.05 13:33:55.465,0.8156,0.81574,2.85,1.88
2012.06.05 13:33:55.534,0.8156,0.81574,2.85,1.13
2012.06.05 13:33:55.855,0.81563,0.81575,1.43,2.25
2012.06.05 13:33:56.060,0.81563,0.81577,1.43,1.88
2012.06.05 13:33:56.388,0.81562,0.81577,1.13,1.88
2012.06.05 13:33:56.728,0.81561,0.81576,1.13,1.13
2012.06.05 13:33:56.985,0.81559,0.81574,3.30,1.88
2012.06.05 13:33:57.540,0.81558,0.81573,1.13,2.55
2012.06.05 13:33:57.964,0.81555,0.81571,1.88,1.43
2012.06.05 13:33:58.506,0.81555,0.81572,3.30,1.88
2012.06.05 13:33:59.131,0.81555,0.81571,1.88,2.18
2012.06.05 13:33:59.486,0.81554,0.81567,1.13,1.43
2012.06.05 13:33:59.559,0.81552,0.81567,1.13,2.55
2012.06.05 13:34:00.086,0.81552,0.81566,1.13,1.43
2012.06.05 13:34:00.163,0.8155,0.81564,1.88,1.43
2012.06.05 13:34:00.957,0.8155,0.81565,3.30,1.13
2012.06.05 13:34:01.298,0.81553,0.8157,2.55,4.73
2012.06.05 13:34:01.438,0.81553,0.81569,2.55,1.50
2012.06.05 13:34:02.223,0.81553,0.8157,2.55,4.05
2012.06.05 13:34:02.311,0.81552,0.81568,1.43,1.88
2012.06.05 13:34:02.866,0.81553,0.81567,1.13,1.43
2012.06.05 13:34:02.936,0.81551,0.81567,1.13,2.55
2012.06.05 13:34:03.605,0.81551,0.81567,1.13,3.30
2012.06.05 13:34:04.117,0.8155,0.81566,1.43,1.13
2012.06.05 13:34:04.653,0.81547,0.81564,5.18,2.55
2012.06.05 13:34:05.201,0.81547,0.81564,3.68,3.30
2012.06.05 13:34:05.275,0.81547,0.81564,3.68,3.30
2012.06.05 13:34:05.827,0.81548,0.81563,2.18,1.13
2012.06.05 13:34:06.346,0.81547,0.81562,1.50,1.43
2012.06.05 13:34:06.854,0.81547,0.81562,1.88,1.13
2012.06.05 13:34:08.181,0.81547,0.81562,1.88,1.13
2012.06.05 13:34:10.137,0.81548,0.81562,1.43,1.13
2012.06.05 13:34:10.688,0.81546,0.81563,3.30,2.55
2012.06.05 13:34:11.218,0.81548,0.81563,2.63,1.43
2012.06.05 13:34:11.289,0.81548,0.81565,4.05,1.13
2012.06.05 13:34:11.616,0.81548,0.81563,1.13,1.13
2012.06.05 13:34:12.158,0.81548,0.81563,1.13,1.13
2012.06.05 13:34:12.695,0.81548,0.81564,1.13,1.43
2012.06.05 13:34:13.028,0.81552,0.81562,1.43,1.13
2012.06.05 13:34:13.100,0.81549,0.81565,1.43,1.88
2012.06.05 13:34:13.637,0.81549,0.81564,1.13,1.13
2012.06.05 13:34:14.016,0.81551,0.81562,1.43,1.13
2012.06.05 13:34:15.335,0.81551,0.81561,1.43,1.13
2012.06.05 13:34:15.680,0.81551,0.81557,1.43,1.13
2012.06.05 13:34:15.897,0.8154,0.81557,3.68,1.13
2012.06.05 13:34:16.285,0.8154,0.81555,1.88,1.13
2012.06.05 13:34:16.820,0.81541,0.81556,2.55,1.13
2012.06.05 13:34:17.363,0.81544,0.81559,1.13,1.13
2012.06.05 13:34:17.636,0.81544,0.81561,1.13,1.13
2012.06.05 13:34:17.835,0.81546,0.81562,1.43,1.88
2012.06.05 13:34:18.336,0.81545,0.81561,1.13,2.18
2012.06.05 13:34:18.895,0.81544,0.8156,2.55,1.88
2012.06.05 13:34:20.394,0.81544,0.81559,2.55,1.13
2012.06.05 13:34:21.177,0.81546,0.81559,1.43,1.13
2012.06.05 13:34:21.733,0.81546,0.8156,1.43,1.88
2012.06.05 13:34:23.176,0.81547,0.81563,1.13,1.50
2012.06.05 13:34:23.529,0.81552,0.81567,1.13,2.25
2012.06.05 13:34:24.082,0.81551,0.81566,1.13,3.30
2012.06.05 13:34:24.621,0.81551,0.81566,2.55,1.88
2012.06.05 13:34:25.120,0.81551,0.81565,1.43,1.13
2012.06.05 13:34:25.260,0.81548,0.81563,2.55,1.13
2012.06.05 13:34:25.540,0.81546,0.81561,3.38,1.13
2012.06.05 13:34:25.860,0.81549,0.81563,1.13,1.13
2012.06.05 13:34:26.479,0.81555,0.81565,1.13,1.43
2012.06.05 13:34:26.548,0.81555,0.81569,1.13,1.65
2012.06.05 13:34:26.886,0.81558,0.81571,2.55,2.18
2012.06.05 13:34:27.098,0.8156,0.81575,2.85,1.50
2012.06.05 13:34:27.237,0.81562,0.81575,1.43,1.13
2012.06.05 13:34:27.556,0.8156,0.81575,2.85,1.88
2012.06.05 13:34:27.685,0.81562,0.81575,1.43,1.88
2012.06.05 13:34:28.495,0.81562,0.81576,1.43,1.88
2012.06.05 13:34:32.259,0.81565,0.81579,1.43,4.43
2012.06.05 13:34:32.609,0.81569,0.81579,1.43,1.13
2012.06.05 13:34:33.227,0.81571,0.81579,1.43,1.13
2012.06.05 13:34:33.301,0.81569,0.81583,1.50,1.13
2012.06.05 13:34:33.380,0.81573,0.81588,1.13,1.88
2012.06.05 13:34:33.448,0.81573,0.81585,1.13,1.43
2012.06.05 13:34:33.519,0.81569,0.81585,1.13,1.43
2012.06.05 13:34:33.590,0.81568,0.81583,2.63,1.13
2012.06.05 13:34:33.718,0.8157,0.81587,1.13,1.88
2012.06.05 13:34:33.964,0.81572,0.81587,1.13,1.88
2012.06.05 13:34:34.405,0.81572,0.81587,1.13,1.88
2012.06.05 13:34:34.748,0.81575,0.81589,1.13,1.72
2012.06.05 13:34:35.068,0.81574,0.81588,1.43,1.13
2012.06.05 13:34:35.138,0.81574,0.81588,1.43,1.88
2012.06.05 13:34:35.730,0.81574,0.81586,1.43,1.88
2012.06.05 13:34:35.811,0.81571,0.81586,1.13,1.88
2012.06.05 13:34:37.118,0.81571,0.81577,1.43,1.13
2012.06.05 13:34:37.460,0.81563,0.81572,3.00,1.13
2012.06.05 13:34:37.539,0.81563,0.81574,3.00,3.30
2012.06.05 13:34:37.751,0.81563,0.81574,1.50,2.55
2012.06.05 13:34:37.831,0.81562,0.81571,1.50,1.13
2012.06.05 13:34:38.196,0.81558,0.81571,1.73,1.13
2012.06.05 13:34:38.857,0.81559,0.8157,1.43,1.13
2012.06.05 13:34:39.569,0.81559,0.81568,1.43,1.13
2012.06.05 13:34:40.091,0.81553,0.81568,1.88,2.55
2012.06.05 13:34:40.242,0.81553,0.81568,3.30,1.13
2012.06.05 13:34:40.387,0.81556,0.81573,2.55,5.55
2012.06.05 13:34:40.696,0.81559,0.81574,1.13,1.88
2012.06.05 13:34:41.022,0.81561,0.81575,1.88,1.50
2012.06.05 13:34:41.397,0.81561,0.81576,2.55,1.88
2012.06.05 13:34:42.471,0.81561,0.81576,2.55,1.13
2012.06.05 13:34:42.558,0.81565,0.81579,1.13,2.18
2012.06.05 13:34:42.886,0.81567,0.8158,1.88,1.13
2012.06.05 13:34:43.238,0.81558,0.81575,2.78,2.55
2012.06.05 13:34:43.308,0.81561,0.81573,1.50,1.13
2012.06.05 13:34:43.577,0.81557,0.81572,1.50,1.13
2012.06.05 13:34:43.897,0.81557,0.81572,1.50,3.30
2012.06.05 13:34:44.179,0.81557,0.8157,2.18,1.13
2012.06.05 13:34:44.766,0.81557,0.8157,2.18,1.13
2012.06.05 13:34:44.980,0.81558,0.81573,1.88,1.13
2012.06.05 13:34:45.048,0.81558,0.81572,1.88,1.43
2012.06.05 13:34:45.257,0.81556,0.81572,2.18,2.55
2012.06.05 13:34:45.331,0.81555,0.8157,1.88,1.43
2012.06.05 13:34:45.750,0.81558,0.81573,1.13,1.88
2012.06.05 13:34:46.258,0.81557,0.81572,1.43,1.13
2012.06.05 13:34:46.635,0.81558,0.81572,2.18,1.13
2012.06.05 13:34:47.442,0.81558,0.81572,2.18,1.13
2012.06.05 13:34:47.802,0.81563,0.81573,2.18,1.13
2012.06.05 13:34:48.344,0.81563,0.81573,1.43,1.13
2012.06.05 13:34:48.420,0.81559,0.81573,2.18,1.13
2012.06.05 13:34:48.976,0.81559,0.81575,2.18,1.13
2012.06.05 13:34:49.049,0.81559,0.81573,2.18,1.13
2012.06.05 13:34:50.092,0.81559,0.81569,1.43,1.13
2012.06.05 13:34:50.379,0.81554,0.81569,1.88,1.13
2012.06.05 13:34:50.757,0.81555,0.81569,2.18,1.13
2012.06.05 13:34:51.107,0.81559,0.81573,2.18,1.13
2012.06.05 13:34:51.547,0.81559,0.81573,2.18,1.13
2012.06.05 13:34:51.690,0.81559,0.8157,2.18,1.13
2012.06.05 13:34:51.954,0.81555,0.81572,1.88,1.13
2012.06.05 13:34:52.024,0.81555,0.81572,1.88,1.13
2012.06.05 13:34:53.227,0.81557,0.81572,2.18,1.13
2012.06.05 13:34:53.546,0.81554,0.81568,2.18,1.13
2012.06.05 13:34:53.617,0.81553,0.81568,2.93,1.13
2012.06.05 13:34:53.819,0.81554,0.81569,2.18,1.13
2012.06.05 13:34:54.345,0.81554,0.81569,2.18,1.13
2012.06.05 13:34:55.658,0.81554,0.81569,2.18,1.13
2012.06.05 13:34:56.162,0.81554,0.81569,2.25,1.13
2012.06.05 13:34:56.626,0.81554,0.81566,1.50,1.13
2012.06.05 13:34:56.968,0.81549,0.81561,2.93,1.13
2012.06.05 13:34:57.097,0.81549,0.81561,2.93,1.13
2012.06.05 13:34:57.238,0.81547,0.81563,2.63,1.43
2012.06.05 13:34:57.309,0.81547,0.81563,2.63,1.43
2012.06.05 13:34:57.828,0.81548,0.81563,1.88,1.13
2012.06.05 13:34:58.086,0.81548,0.81563,1.88,1.13
2012.06.05 13:34:58.226,0.81548,0.81565,1.88,1.13
2012.06.05 13:34:58.294,0.81548,0.81565,1.88,1.13
2012.06.05 13:34:58.487,0.81548,0.81565,1.88,1.13
2012.06.05 13:34:59.430,0.81549,0.81562,2.18,1.13
2012.06.05 13:34:59.747,0.81549,0.81564,3.30,1.13
2012.06.05 13:35:00.031,0.8155,0.81565,1.88,1.13
2012.06.05 13:35:00.536,0.8155,0.81565,1.88,1.13
2012.06.05 13:35:00.897,0.8155,0.81565,1.88,1.13
2012.06.05 13:35:01.407,0.81549,0.81564,3.30,1.13
2012.06.05 13:35:01.736,0.81552,0.81566,1.43,1.13
2012.06.05 13:35:02.017,0.81554,0.81566,1.13,2.18
2012.06.05 13:35:02.157,0.81556,0.8157,1.13,1.13
2012.06.05 13:35:02.990,0.81556,0.81571,2.55,2.63
2012.06.05 13:35:03.401,0.81557,0.81572,2.63,2.63
2012.06.05 13:35:03.790,0.8156,0.81574,1.13,1.13
2012.06.05 13:35:04.298,0.81559,0.81573,1.43,1.13
2012.06.05 13:35:04.508,0.81556,0.81573,1.88,1.13
2012.06.05 13:35:05.160,0.81555,0.81572,3.30,1.13
2012.06.05 13:35:06.139,0.81555,0.81571,1.43,1.13
2012.06.05 13:35:06.282,0.81553,0.81568,1.88,1.13
2012.06.05 13:35:06.487,0.81555,0.81571,1.50,1.13
2012.06.05 13:35:06.999,0.81555,0.81571,2.25,1.13
2012.06.05 13:35:07.300,0.81555,0.81569,1.50,1.13
2012.06.05 13:35:07.377,0.81555,0.81571,1.50,1.88
2012.06.05 13:35:07.717,0.81554,0.81571,2.63,1.13
2012.06.05 13:35:08.226,0.81555,0.81571,1.88,1.43
2012.06.05 13:35:09.267,0.81557,0.81571,1.88,1.43
2012.06.05 13:35:09.799,0.8156,0.81574,1.43,1.13
2012.06.05 13:35:09.935,0.81561,0.81576,1.13,1.13
2012.06.05 13:35:10.294,0.81563,0.81578,1.13,1.43
2012.06.05 13:35:10.629,0.81566,0.81579,1.43,1.43
2012.06.05 13:35:10.826,0.81566,0.81581,1.43,1.13
2012.06.05 13:35:10.993,0.81564,0.81581,1.88,2.55
2012.06.05 13:35:11.548,0.81565,0.81581,1.43,1.13
2012.06.05 13:35:11.985,0.81569,0.81582,1.13,1.43
2012.06.05 13:35:12.128,0.81569,0.81584,1.88,2.55
2012.06.05 13:35:13.257,0.81566,0.81581,6.30,1.13
2012.06.05 13:35:13.585,0.81564,0.81577,1.88,1.43
2012.06.05 13:35:14.026,0.81564,0.81579,1.88,1.13
2012.06.05 13:35:14.597,0.81565,0.8158,1.13,1.13
2012.06.05 13:35:15.105,0.81566,0.81581,4.05,2.55
2012.06.05 13:35:15.697,0.81567,0.81582,1.88,1.13
2012.06.05 13:35:16.105,0.81569,0.81582,2.93,1.13
2012.06.05 13:35:16.178,0.8157,0.81585,1.88,1.13
2012.06.05 13:35:16.247,0.81572,0.81587,1.88,1.13
2012.06.05 13:35:16.755,0.81573,0.81587,2.18,1.13
2012.06.05 13:35:17.885,0.81572,0.81587,2.63,1.13
2012.06.05 13:35:17.957,0.81573,0.81589,1.50,1.13
2012.06.05 13:35:18.227,0.81575,0.8159,1.50,1.13
2012.06.05 13:35:18.611,0.81575,0.8159,1.50,1.13
2012.06.05 13:35:18.759,0.81575,0.81589,1.50,1.13
2012.06.05 13:35:19.285,0.81578,0.81589,1.50,1.13
2012.06.05 13:35:19.796,0.81576,0.8159,1.50,1.13
2012.06.05 13:35:19.866,0.81575,0.8159,2.63,1.13
2012.06.05 13:35:19.937,0.81575,0.81588,1.50,1.13
2012.06.05 13:35:20.197,0.81575,0.81588,1.50,1.13
2012.06.05 13:35:20.409,0.81576,0.81588,1.50,1.13
2012.06.05 13:35:20.914,0.81572,0.81587,2.63,1.13
2012.06.05 13:35:21.656,0.81574,0.81588,1.50,1.13
2012.06.05 13:35:21.800,0.81574,0.81588,1.50,1.13
2012.06.05 13:35:21.877,0.81576,0.81588,1.50,1.13
2012.06.05 13:35:22.279,0.81576,0.8159,1.50,1.88
2012.06.05 13:35:22.767,0.81573,0.81585,2.25,1.13
2012.06.05 13:35:23.121,0.81569,0.81581,1.50,1.13
2012.06.05 13:35:23.197,0.81567,0.81581,1.50,1.13
2012.06.05 13:35:23.268,0.81567,0.81581,1.50,1.13
2012.06.05 13:35:23.338,0.81567,0.81584,2.63,1.13
2012.06.05 13:35:24.006,0.81569,0.81581,2.18,1.13
2012.06.05 13:35:24.531,0.81572,0.81581,1.43,1.13
2012.06.05 13:35:24.749,0.8157,0.81585,1.50,1.88
2012.06.05 13:35:25.187,0.81569,0.81584,2.18,1.88
2012.06.05 13:35:25.702,0.81569,0.81584,2.18,1.88
2012.06.05 13:35:26.382,0.81569,0.81584,2.93,2.63
2012.06.05 13:35:27.849,0.81572,0.81584,2.18,2.63
2012.06.05 13:35:27.916,0.8157,0.81584,2.18,1.13
2012.06.05 13:35:28.715,0.8157,0.81583,1.50,1.13
2012.06.05 13:35:29.431,0.81569,0.81583,2.93,1.88
2012.06.05 13:35:29.505,0.81569,0.81581,1.50,1.13
2012.06.05 13:35:29.829,0.81569,0.81581,1.50,1.13
2012.06.05 13:35:29.903,0.81569,0.81584,1.50,3.30
2012.06.05 13:35:30.431,0.81569,0.81581,1.50,1.13
2012.06.05 13:35:30.949,0.81567,0.8158,1.50,1.13
2012.06.05 13:35:31.269,0.81566,0.81582,2.93,1.88
2012.06.05 13:35:31.787,0.8157,0.81582,1.50,1.88
2012.06.05 13:35:32.062,0.8157,0.81583,1.88,1.50
2012.06.05 13:35:32.139,0.8157,0.81585,1.88,1.13
2012.06.05 13:35:32.607,0.81571,0.81585,1.50,1.13
2012.06.05 13:35:33.127,0.81569,0.81584,1.88,1.88
2012.06.05 13:35:33.757,0.8157,0.81585,2.63,1.88
2012.06.05 13:35:34.287,0.8157,0.81585,2.63,1.88
2012.06.05 13:35:34.608,0.81569,0.81582,1.50,1.88
2012.06.05 13:35:35.135,0.81567,0.81582,1.50,1.88
2012.06.05 13:35:35.687,0.81568,0.81582,1.50,1.13
2012.06.05 13:35:36.216,0.81568,0.81581,1.50,1.13
2012.06.05 13:35:36.936,0.81568,0.81584,1.50,1.13
2012.06.05 13:35:37.289,0.81571,0.81585,1.50,2.63
2012.06.05 13:35:37.497,0.8157,0.81585,1.50,1.88
2012.06.05 13:35:37.996,0.8157,0.81586,2.63,1.13
2012.06.05 13:35:38.067,0.81571,0.81586,1.50,1.13
2012.06.05 13:35:39.148,0.81572,0.81589,1.88,2.63
2012.06.05 13:35:39.499,0.81579,0.81594,2.55,1.13
2012.06.05 13:35:39.708,0.81581,0.81596,3.30,1.88
2012.06.05 13:35:40.250,0.81582,0.81596,1.43,1.13
2012.06.05 13:35:40.539,0.81582,0.81599,3.30,2.25
2012.06.05 13:35:40.934,0.81582,0.81597,1.88,1.43
2012.06.05 13:35:41.078,0.81583,0.81599,1.50,1.13
2012.06.05 13:35:41.668,0.81585,0.816,1.88,1.88
2012.06.05 13:35:42.629,0.81583,0.81599,3.00,1.43
2012.06.05 13:35:42.698,0.81583,0.81597,3.00,1.43
2012.06.05 13:35:43.259,0.81581,0.81597,1.88,2.85
2012.06.05 13:35:43.749,0.81581,0.81595,2.63,1.43
2012.06.05 13:35:44.511,0.81579,0.81594,2.25,2.55
2012.06.05 13:35:44.814,0.81578,0.8159,2.25,1.43
2012.06.05 13:35:45.100,0.81575,0.8159,2.63,2.55
2012.06.05 13:35:46.255,0.81577,0.8159,1.13,1.43
2012.06.05 13:35:46.338,0.81578,0.81592,1.43,1.13
2012.06.05 13:35:46.747,0.81578,0.81594,2.55,1.88
2012.06.05 13:35:46.977,0.81576,0.81589,1.88,1.43
2012.06.05 13:35:47.793,0.81576,0.81588,1.13,1.43
2012.06.05 13:35:48.346,0.81576,0.81589,1.13,1.43
2012.06.05 13:35:53.711,0.81575,0.81589,1.88,1.43
2012.06.05 13:35:54.279,0.81574,0.81589,1.13,2.55
2012.06.05 13:35:54.629,0.81572,0.81584,2.18,1.13
2012.06.05 13:35:54.968,0.81568,0.81582,1.50,1.13
2012.06.05 13:35:55.336,0.81567,0.81582,1.50,1.13
2012.06.05 13:35:55.810,0.81567,0.81579,1.50,1.13
2012.06.05 13:35:56.358,0.81563,0.81578,1.88,1.13
2012.06.05 13:35:56.434,0.81562,0.81577,2.18,1.13
2012.06.05 13:35:56.509,0.8156,0.81575,3.68,1.13
2012.06.05 13:35:56.636,0.81558,0.81573,1.88,1.13
2012.06.05 13:35:56.767,0.81557,0.81567,2.93,1.13
2012.06.05 13:35:57.118,0.81553,0.81561,1.50,1.43
2012.06.05 13:35:57.189,0.81551,0.81561,1.05,1.43
2012.06.05 13:35:57.257,0.81548,0.81561,3.00,1.43
2012.06.05 13:35:57.515,0.81548,0.81561,3.00,1.43
2012.06.05 13:35:57.659,0.81548,0.81558,3.00,1.43
2012.06.05 13:35:58.056,0.81549,0.8156,1.13,1.43
2012.06.05 13:35:59.126,0.81549,0.8156,1.88,1.43
2012.06.05 13:35:59.258,0.81549,0.81564,1.88,1.13
2012.06.05 13:35:59.858,0.81552,0.81564,1.43,1.13
2012.06.05 13:36:00.178,0.81551,0.81566,1.88,2.55
2012.06.05 13:36:00.246,0.81551,0.81563,1.88,1.43
2012.06.05 13:36:00.795,0.8155,0.81563,1.13,1.43
2012.06.05 13:36:01.612,0.81548,0.81563,1.88,2.55
2012.06.05 13:36:01.957,0.81548,0.81561,1.13,1.43
2012.06.05 13:36:02.565,0.81547,0.81561,1.13,1.43
2012.06.05 13:36:03.207,0.81548,0.81561,1.13,1.43
2012.06.05 13:36:03.608,0.81549,0.81564,1.13,2.55
2012.06.05 13:36:04.134,0.81548,0.81564,1.88,1.43
2012.06.05 13:36:04.818,0.81549,0.81564,1.13,1.43
2012.06.05 13:36:06.048,0.81548,0.81564,1.13,1.43
2012.06.05 13:36:06.717,0.81549,0.81564,1.13,1.43
2012.06.05 13:36:06.786,0.81549,0.81561,1.13,1.43
2012.06.05 13:36:07.877,0.81547,0.81561,1.13,1.43
2012.06.05 13:36:08.087,0.81544,0.81561,7.73,2.55
2012.06.05 13:36:08.157,0.81544,0.81559,3.38,1.43
2012.06.05 13:36:08.720,0.81544,0.81561,3.30,2.55
2012.06.05 13:36:09.099,0.81547,0.81564,3.30,2.55
2012.06.05 13:36:09.247,0.8155,0.81564,1.43,1.13
2012.06.05 13:36:09.918,0.81547,0.81564,7.73,2.55
2012.06.05 13:36:10.237,0.81551,0.81567,1.13,1.43
2012.06.05 13:36:10.367,0.81553,0.81568,1.43,1.13
2012.06.05 13:36:10.909,0.81551,0.81568,1.88,3.30
2012.06.05 13:36:11.502,0.81549,0.81564,1.88,2.55
2012.06.05 13:36:11.577,0.81549,0.81564,1.88,2.55
2012.06.05 13:36:12.166,0.81549,0.81564,1.88,1.13
2012.06.05 13:36:12.958,0.81549,0.81564,1.13,1.13
2012.06.05 13:36:14.575,0.8155,0.81565,1.13,1.13
2012.06.05 13:36:15.177,0.81551,0.81566,1.13,1.13
2012.06.05 13:36:16.217,0.8155,0.81565,2.55,1.13
2012.06.05 13:36:18.855,0.81549,0.81564,1.13,1.13
2012.06.05 13:36:19.914,0.81549,0.81564,1.88,1.13
2012.06.05 13:36:20.260,0.81549,0.81566,3.30,1.13
2012.06.05 13:36:20.810,0.81552,0.81567,1.88,1.13
2012.06.05 13:36:21.509,0.81551,0.81566,1.88,1.13
2012.06.05 13:36:21.858,0.81551,0.81564,1.13,1.43
2012.06.05 13:36:22.722,0.8155,0.81564,1.88,1.43
2012.06.05 13:36:23.274,0.8155,0.81564,1.88,1.43
2012.06.05 13:36:23.349,0.81552,0.81567,1.13,2.55
2012.06.05 13:36:23.898,0.8155,0.81567,3.30,3.30
2012.06.05 13:36:24.100,0.8155,0.81564,2.18,1.13
2012.06.05 13:36:24.297,0.81546,0.81563,5.55,1.13
2012.06.05 13:36:24.507,0.81546,0.81561,4.13,1.43
2012.06.05 13:36:24.579,0.81549,0.81561,1.13,1.43
2012.06.05 13:36:24.709,0.8155,0.81564,3.30,1.43
2012.06.05 13:36:24.776,0.8155,0.81567,3.30,4.05
2012.06.05 13:36:24.966,0.8155,0.81567,3.30,3.30
2012.06.05 13:36:25.279,0.81549,0.81564,1.88,2.55
2012.06.05 13:36:25.346,0.81549,0.81564,1.88,2.55
2012.06.05 13:36:25.627,0.81551,0.81564,1.13,1.43
2012.06.05 13:36:25.998,0.81558,0.81569,1.88,1.50
2012.06.05 13:36:26.256,0.8156,0.81571,1.88,1.50
2012.06.05 13:36:26.777,0.81558,0.81571,3.30,2.93
2012.06.05 13:36:26.990,0.81558,0.81574,2.18,3.30
2012.06.05 13:36:27.546,0.81556,0.81573,3.68,1.13
2012.06.05 13:36:27.617,0.81556,0.81573,3.68,1.13
2012.06.05 13:36:28.127,0.81558,0.81575,1.88,2.55
2012.06.05 13:36:28.456,0.81557,0.81573,1.88,1.43
2012.06.05 13:36:28.807,0.81557,0.81571,1.88,1.43
2012.06.05 13:36:29.162,0.81555,0.81568,1.88,1.43
2012.06.05 13:36:29.588,0.81555,0.81568,1.88,1.43
2012.06.05 13:36:29.718,0.81555,0.81572,1.88,2.55
2012.06.05 13:36:29.856,0.81553,0.81568,5.93,1.13
2012.06.05 13:36:29.999,0.81553,0.81568,3.00,2.55
2012.06.05 13:36:30.267,0.81553,0.81568,3.00,2.55
2012.06.05 13:36:30.538,0.81554,0.8157,1.88,1.43
2012.06.05 13:36:31.039,0.81559,0.8157,1.88,1.43
2012.06.05 13:36:31.378,0.81565,0.81571,1.88,1.43
2012.06.05 13:36:31.449,0.81565,0.8158,1.88,2.18
2012.06.05 13:36:31.589,0.81569,0.8158,1.88,1.43
2012.06.05 13:36:31.859,0.81569,0.8158,2.63,1.43
2012.06.05 13:36:31.928,0.81569,0.81582,2.63,2.18
2012.06.05 13:36:32.201,0.81569,0.81584,2.63,1.50
2012.06.05 13:36:32.278,0.81575,0.81584,1.13,1.50
2012.06.05 13:36:32.627,0.81577,0.81586,1.43,1.50
2012.06.05 13:36:32.841,0.81575,0.8159,1.88,1.88
2012.06.05 13:36:32.976,0.81575,0.8159,1.88,1.13
2012.06.05 13:36:35.326,0.81573,0.81588,1.88,1.43
2012.06.05 13:36:35.906,0.81572,0.81588,2.18,1.13
2012.06.05 13:36:36.430,0.81572,0.81587,2.18,1.13
2012.06.05 13:36:36.511,0.81572,0.81583,2.18,1.13
2012.06.05 13:36:36.591,0.81572,0.81583,2.18,1.13
2012.06.05 13:36:37.086,0.81568,0.81583,1.88,1.13
2012.06.05 13:36:37.456,0.81568,0.81583,1.88,1.13
2012.06.05 13:36:37.524,0.81568,0.81583,1.88,1.13
2012.06.05 13:36:38.261,0.81568,0.81585,1.88,1.13
2012.06.05 13:36:38.465,0.81568,0.81585,1.88,1.13
2012.06.05 13:36:38.797,0.81571,0.81586,1.13,1.13
2012.06.05 13:36:38.868,0.81571,0.81584,1.13,3.68
2012.06.05 13:36:39.205,0.81573,0.81585,1.43,2.93
2012.06.05 13:36:39.407,0.81571,0.81584,1.43,1.88
2012.06.05 13:36:39.917,0.81571,0.81585,3.30,2.63
2012.06.05 13:36:40.117,0.81571,0.81585,3.30,1.88
2012.06.05 13:36:40.306,0.81571,0.81585,3.30,1.13
2012.06.05 13:36:40.709,0.81567,0.81583,1.88,1.43
2012.06.05 13:36:40.979,0.81566,0.81583,1.88,4.73
2012.06.05 13:36:41.525,0.81566,0.81583,3.30,4.73
2012.06.05 13:36:42.408,0.81569,0.81584,1.13,3.30
2012.06.05 13:36:42.776,0.81571,0.81584,1.43,3.30
2012.06.05 13:36:42.848,0.81571,0.81586,2.18,2.63
2012.06.05 13:36:43.375,0.81571,0.81585,1.43,2.18
2012.06.05 13:36:43.730,0.81571,0.81587,2.55,2.25
2012.06.05 13:36:44.052,0.81572,0.81588,3.30,4.35
2012.06.05 13:36:44.134,0.81573,0.81587,2.18,3.30
2012.06.05 13:36:44.338,0.81571,0.81586,3.30,1.13
2012.06.05 13:36:44.599,0.81573,0.81588,2.55,2.18
2012.06.05 13:36:45.067,0.81573,0.81585,2.18,1.13
2012.06.05 13:36:45.276,0.81569,0.81583,1.88,1.13
2012.06.05 13:36:46.411,0.81569,0.81586,3.30,3.30
2012.06.05 13:36:46.494,0.81572,0.81587,1.88,1.88
2012.06.05 13:36:46.957,0.81575,0.81588,1.43,2.63
2012.06.05 13:36:47.367,0.81574,0.81588,1.13,4.80
2012.06.05 13:36:47.436,0.81572,0.81587,1.88,2.55
2012.06.05 13:36:48.075,0.81572,0.81587,3.30,1.13
2012.06.05 13:36:48.586,0.81573,0.81588,1.88,2.25
2012.06.05 13:36:49.017,0.8157,0.81587,4.73,4.73
2012.06.05 13:36:49.581,0.8157,0.81587,3.30,5.48
2012.06.05 13:36:49.656,0.8157,0.81584,2.18,1.13
2012.06.05 13:36:49.797,0.8157,0.81584,2.18,1.13
2012.06.05 13:36:50.570,0.81569,0.81582,1.88,1.43
2012.06.05 13:36:50.646,0.81569,0.81584,1.88,2.55
2012.06.05 13:36:51.685,0.81567,0.81583,3.30,1.13
2012.06.05 13:36:54.977,0.81566,0.81581,4.05,1.13
2012.06.05 13:36:55.175,0.81565,0.8158,1.50,1.13
2012.06.05 13:36:55.247,0.81565,0.81582,2.63,2.55
2012.06.05 13:36:55.448,0.81565,0.81582,2.63,2.55
2012.06.05 13:36:55.955,0.81567,0.81583,2.18,1.13
2012.06.05 13:36:56.205,0.81567,0.81582,2.18,1.13
2012.06.05 13:36:56.420,0.81567,0.81582,2.18,1.13
2012.06.05 13:36:56.940,0.81568,0.81583,2.18,1.13
2012.06.05 13:36:57.020,0.81567,0.81583,2.18,1.13
2012.06.05 13:36:57.575,0.8157,0.81583,2.18,1.13
2012.06.05 13:36:57.645,0.8157,0.81585,2.18,1.13
2012.06.05 13:36:58.187,0.81568,0.81585,3.30,2.55
2012.06.05 13:37:00.627,0.8157,0.81586,2.18,1.13
2012.06.05 13:37:00.912,0.81572,0.81586,1.88,1.13
2012.06.05 13:37:01.602,0.81575,0.81588,2.18,1.13
2012.06.05 13:37:01.679,0.81575,0.8159,2.18,1.13
2012.06.05 13:37:02.726,0.81575,0.81589,3.30,1.13
2012.06.05 13:37:03.386,0.81575,0.81589,2.55,1.13
2012.06.05 13:37:03.525,0.81576,0.81591,1.13,1.13
2012.06.05 13:37:03.958,0.81575,0.81589,2.55,1.13
2012.06.05 13:37:04.986,0.81573,0.8159,3.30,1.13
2012.06.05 13:37:05.561,0.81573,0.81589,2.18,1.13
2012.06.05 13:37:05.899,0.81576,0.81589,1.43,1.13
2012.06.05 13:37:09.199,0.8157,0.81585,2.63,1.13
2012.06.05 13:37:09.550,0.81568,0.81581,1.88,1.43
2012.06.05 13:37:09.675,0.81568,0.81581,1.88,1.43
2012.06.05 13:37:12.698,0.81568,0.81583,1.88,2.55
2012.06.05 13:37:12.767,0.81568,0.81585,1.88,2.55
2012.06.05 13:37:13.285,0.81569,0.81586,4.05,1.13
2012.06.05 13:37:13.362,0.81569,0.81586,4.05,1.13
2012.06.05 13:37:16.296,0.81569,0.81586,3.30,1.13
2012.06.05 13:37:16.833,0.81569,0.81585,1.88,1.43
2012.06.05 13:37:17.849,0.81569,0.81585,1.88,1.43
2012.06.05 13:37:18.419,0.81569,0.81582,1.88,1.43
2012.06.05 13:37:20.189,0.81568,0.81582,1.88,1.43
2012.06.05 13:37:20.575,0.8157,0.81585,1.88,1.13
2012.06.05 13:37:21.067,0.8157,0.81584,1.13,1.43
2012.06.05 13:37:21.981,0.81569,0.81584,1.88,2.55
2012.06.05 13:37:22.048,0.81569,0.81581,1.13,1.43
2012.06.05 13:37:24.485,0.81568,0.81581,1.13,1.43
2012.06.05 13:37:25.051,0.81569,0.81584,1.88,1.43
2012.06.05 13:37:31.809,0.81567,0.81584,5.55,2.55
2012.06.05 13:37:31.879,0.81567,0.81582,2.63,1.43
2012.06.05 13:37:34.134,0.81565,0.8158,1.13,1.13
2012.06.05 13:37:34.863,0.81558,0.81571,4.05,1.43
2012.06.05 13:37:35.077,0.81555,0.81571,1.13,3.30
2012.06.05 13:37:35.428,0.81557,0.81571,1.13,1.43
2012.06.05 13:37:35.738,0.81557,0.81574,1.13,1.88
2012.06.05 13:37:36.064,0.81559,0.81574,1.43,1.88
2012.06.05 13:37:36.579,0.81559,0.81573,1.43,1.13
2012.06.05 13:37:37.126,0.81557,0.81574,3.30,2.55
2012.06.05 13:37:38.156,0.81557,0.81574,4.05,3.30
2012.06.05 13:37:39.045,0.81558,0.81574,1.88,1.43
2012.06.05 13:37:39.584,0.81558,0.81573,2.63,1.13
2012.06.05 13:37:41.835,0.81558,0.81572,1.88,1.43
2012.06.05 13:37:45.989,0.81558,0.81571,1.13,1.43
2012.06.05 13:37:46.357,0.81553,0.81568,1.13,1.13
2012.06.05 13:37:46.430,0.81551,0.81565,2.18,1.13
2012.06.05 13:37:46.959,0.81549,0.81564,1.50,1.43
2012.06.05 13:37:47.532,0.81548,0.81563,3.00,1.13
2012.06.05 13:37:48.047,0.81547,0.81561,1.88,2.55
2012.06.05 13:37:48.247,0.81546,0.81561,1.88,1.13
2012.06.05 13:37:49.038,0.81547,0.81561,1.43,1.13
2012.06.05 13:37:49.822,0.81547,0.81558,1.43,1.88
2012.06.05 13:37:50.040,0.81544,0.81558,1.43,1.88
2012.06.05 13:37:50.570,0.81543,0.81559,2.18,1.13
2012.06.05 13:37:50.700,0.81546,0.81559,1.43,1.13
2012.06.05 13:37:50.970,0.81544,0.81558,1.43,1.13
2012.06.05 13:37:51.495,0.81544,0.81559,1.13,1.13
2012.06.05 13:37:52.668,0.81544,0.81559,1.88,1.13
2012.06.05 13:37:52.904,0.81546,0.81561,1.88,1.13
2012.06.05 13:37:53.416,0.81547,0.81561,1.43,1.13
2012.06.05 13:37:53.788,0.81551,0.81563,1.43,1.50
2012.06.05 13:37:53.916,0.81551,0.81565,1.43,1.88
2012.06.05 13:37:54.187,0.81551,0.81566,1.43,1.88
2012.06.05 13:37:54.941,0.81553,0.81567,1.43,1.13
2012.06.05 13:37:55.539,0.81553,0.81566,1.43,1.13
2012.06.05 13:37:55.800,0.81548,0.81563,2.55,1.88
2012.06.05 13:37:56.266,0.81548,0.81563,3.30,1.88
2012.06.05 13:37:57.817,0.81548,0.81562,2.93,1.13
2012.06.05 13:37:58.194,0.81547,0.81562,2.63,2.55
2012.06.05 13:37:58.467,0.81547,0.81562,1.88,1.13
2012.06.05 13:38:01.248,0.81546,0.8156,2.63,2.55
2012.06.05 13:38:01.924,0.81547,0.8156,1.50,1.13
2012.06.05 13:38:02.888,0.81546,0.8156,1.50,1.13
2012.06.05 13:38:03.478,0.81545,0.81559,1.50,1.88
2012.06.05 13:38:05.488,0.81546,0.81562,1.50,1.88
2012.06.05 13:38:05.807,0.81549,0.81563,1.50,1.13
2012.06.05 13:38:06.768,0.81551,0.81566,1.88,4.05
2012.06.05 13:38:07.339,0.81552,0.81566,1.43,1.88
2012.06.05 13:38:07.849,0.81552,0.81566,2.18,1.88
2012.06.05 13:38:08.271,0.81552,0.81569,1.88,3.30
2012.06.05 13:38:08.617,0.81553,0.8157,2.63,3.30
2012.06.05 13:38:08.966,0.81553,0.81569,2.25,1.13
2012.06.05 13:38:12.217,0.81558,0.8157,1.50,1.13
2012.06.05 13:38:12.727,0.81558,0.81572,1.50,1.88
2012.06.05 13:38:13.408,0.81558,0.81572,1.50,1.13
2012.06.05 13:38:16.399,0.81558,0.81572,1.50,1.13
2012.06.05 13:38:16.738,0.81561,0.81575,2.18,1.43
2012.06.05 13:38:17.278,0.81561,0.81576,2.93,1.43
2012.06.05 13:38:17.349,0.81563,0.81574,1.50,1.43
2012.06.05 13:38:20.017,0.81564,0.81575,1.50,1.13
2012.06.05 13:38:20.574,0.81564,0.81574,1.50,1.43
2012.06.05 13:38:21.917,0.81564,0.81572,1.50,1.13
2012.06.05 13:38:22.119,0.8156,0.81571,1.50,1.43
2012.06.05 13:38:22.390,0.8156,0.81568,1.50,1.13
2012.06.05 13:38:22.599,0.81558,0.81568,1.50,1.13
2012.06.05 13:38:22.953,0.81556,0.81568,1.50,1.13
2012.06.05 13:38:23.512,0.81557,0.81568,1.50,1.13
2012.06.05 13:38:25.117,0.81557,0.8157,1.50,1.13
2012.06.05 13:38:25.625,0.81559,0.8157,1.50,1.13
2012.06.05 13:38:27.679,0.81559,0.81571,1.50,2.18
2012.06.05 13:38:27.819,0.81559,0.81571,1.50,2.18
2012.06.05 13:38:27.890,0.81561,0.81573,1.50,3.30
2012.06.05 13:38:28.460,0.81561,0.81573,1.50,1.13
2012.06.05 13:38:28.738,0.81561,0.81572,1.50,1.13
2012.06.05 13:38:28.868,0.81559,0.81572,1.50,1.88
2012.06.05 13:38:30.047,0.8156,0.81572,1.50,1.13
2012.06.05 13:38:32.386,0.8156,0.81573,1.50,1.88
2012.06.05 13:38:32.585,0.8156,0.81571,1.50,1.43
2012.06.05 13:38:32.715,0.81559,0.81571,1.50,1.43
2012.06.05 13:38:33.188,0.81557,0.81569,1.50,1.43
2012.06.05 13:38:33.543,0.81557,0.81567,1.50,1.13
2012.06.05 13:38:34.047,0.81557,0.81568,1.50,1.13
2012.06.05 13:38:34.409,0.81555,0.81568,1.50,1.13
2012.06.05 13:38:35.572,0.81554,0.81565,1.50,2.55
2012.06.05 13:38:35.921,0.81554,0.81567,1.50,1.43
2012.06.05 13:38:36.070,0.81555,0.81569,2.18,1.13
2012.06.05 13:38:36.509,0.81555,0.81569,4.35,1.13
2012.06.05 13:38:36.578,0.81556,0.81571,1.88,1.13
2012.06.05 13:38:37.124,0.81555,0.8157,4.05,1.13
2012.06.05 13:38:37.736,0.81558,0.81572,1.50,2.55
2012.06.05 13:38:37.867,0.81557,0.81572,1.50,2.55
2012.06.05 13:38:37.996,0.81556,0.81572,1.50,2.55
2012.06.05 13:38:38.697,0.81556,0.81572,1.50,2.55
2012.06.05 13:38:38.825,0.81556,0.8157,1.50,1.13
2012.06.05 13:38:39.086,0.81557,0.81572,1.88,2.55
2012.06.05 13:38:39.290,0.81557,0.8157,1.88,1.43
2012.06.05 13:38:39.358,0.81559,0.81572,1.50,2.55
2012.06.05 13:38:39.499,0.81559,0.8157,1.50,1.13
2012.06.05 13:38:40.269,0.8156,0.81572,1.88,1.43
2012.06.05 13:38:40.785,0.81562,0.81572,1.13,1.43
2012.06.05 13:38:40.917,0.81562,0.81574,1.13,1.43
2012.06.05 13:38:41.047,0.81559,0.81575,4.80,1.13
2012.06.05 13:38:41.179,0.81559,0.81573,2.93,1.13
2012.06.05 13:38:41.247,0.81559,0.81573,1.50,1.13
2012.06.05 13:38:41.393,0.81559,0.8157,1.50,1.13
2012.06.05 13:38:41.474,0.81555,0.81569,1.50,1.43
2012.06.05 13:38:41.817,0.81555,0.81571,2.63,2.18
2012.06.05 13:38:42.323,0.81555,0.81572,1.88,1.13
2012.06.05 13:38:42.876,0.81556,0.81572,1.50,1.13
2012.06.05 13:38:43.155,0.81558,0.81573,2.18,1.13
2012.06.05 13:38:43.714,0.81557,0.81571,1.50,1.13
2012.06.05 13:38:44.183,0.81557,0.8157,1.50,1.13
2012.06.05 13:38:44.707,0.81556,0.81572,1.50,1.13
2012.06.05 13:38:44.777,0.81557,0.81572,1.50,1.13
2012.06.05 13:38:45.129,0.81557,0.8157,2.93,1.13
2012.06.05 13:38:45.786,0.81557,0.81572,3.68,1.13
2012.06.05 13:38:46.987,0.81557,0.81571,2.25,1.13
2012.06.05 13:38:49.689,0.81559,0.81575,1.50,1.50
2012.06.05 13:38:49.970,0.81561,0.81577,1.13,3.30
2012.06.05 13:38:50.352,0.81566,0.8158,1.13,2.33
2012.06.05 13:38:50.688,0.81566,0.8158,1.50,1.28
2012.06.05 13:38:51.452,0.81567,0.8158,1.50,1.13
2012.06.05 13:38:51.978,0.81567,0.81582,2.25,1.13
2012.06.05 13:38:52.490,0.81567,0.81583,2.25,1.13
2012.06.05 13:38:53.536,0.81567,0.81581,1.50,1.13
2012.06.05 13:38:54.278,0.81567,0.8158,1.50,1.13
2012.06.05 13:38:54.608,0.81569,0.81583,2.63,1.13
2012.06.05 13:38:54.678,0.81569,0.81583,2.63,1.13
2012.06.05 13:38:54.818,0.81569,0.81581,1.50,1.13
2012.06.05 13:38:55.347,0.8157,0.81581,1.50,1.13
2012.06.05 13:38:57.198,0.8157,0.81581,1.50,1.13
2012.06.05 13:39:01.885,0.81568,0.81583,1.88,1.13
2012.06.05 13:39:02.265,0.81571,0.81586,2.55,1.88
2012.06.05 13:39:02.481,0.81568,0.81583,2.18,1.13
2012.06.05 13:39:02.548,0.81566,0.81583,2.63,2.55
2012.06.05 13:39:03.111,0.81565,0.81582,1.88,1.13
2012.06.05 13:39:03.729,0.81567,0.81582,1.43,1.13
2012.06.05 13:39:03.941,0.81565,0.81579,2.18,1.13
2012.06.05 13:39:04.303,0.81563,0.81575,1.50,1.13
2012.06.05 13:39:04.750,0.8156,0.81575,1.88,1.13
2012.06.05 13:39:05.306,0.8156,0.81575,1.13,1.13
2012.06.05 13:39:05.566,0.8156,0.81573,1.13,1.43
2012.06.05 13:39:06.924,0.8156,0.81575,1.88,1.13
2012.06.05 13:39:08.499,0.8156,0.81574,1.13,1.43
2012.06.05 13:39:08.568,0.81557,0.81571,2.63,1.43
2012.06.05 13:39:09.005,0.81556,0.81571,2.63,1.43
2012.06.05 13:39:09.997,0.81556,0.81572,1.13,1.13
2012.06.05 13:39:10.545,0.81557,0.81572,1.88,1.13
2012.06.05 13:39:11.446,0.8156,0.81575,1.13,1.88
2012.06.05 13:39:12.013,0.8156,0.81573,1.13,1.43
2012.06.05 13:39:12.405,0.81558,0.81573,1.13,2.55
2012.06.05 13:39:12.485,0.8156,0.81573,2.55,2.18
2012.06.05 13:39:12.987,0.81558,0.81572,2.63,1.43
2012.06.05 13:39:13.515,0.81558,0.81572,1.13,1.43
2012.06.05 13:39:13.827,0.8156,0.81572,1.43,1.43
2012.06.05 13:39:13.897,0.81562,0.81576,1.43,1.88
2012.06.05 13:39:14.437,0.81562,0.81576,2.18,2.55
2012.06.05 13:39:14.510,0.81566,0.81576,1.13,1.43
2012.06.05 13:39:14.647,0.81566,0.81578,1.13,1.43
2012.06.05 13:39:14.920,0.81566,0.81581,1.13,1.43
2012.06.05 13:39:15.389,0.81564,0.81579,1.13,1.43
2012.06.05 13:39:16.627,0.81564,0.81579,1.13,2.18
2012.06.05 13:39:17.167,0.81563,0.81579,1.13,2.18
2012.06.05 13:39:18.556,0.81563,0.81578,1.13,1.88
2012.06.05 13:39:19.097,0.81562,0.81576,1.13,2.18
2012.06.05 13:39:19.778,0.8156,0.81576,1.88,1.43
2012.06.05 13:39:20.707,0.81562,0.81576,1.13,2.55
2012.06.05 13:39:21.360,0.81562,0.81576,1.13,3.30
2012.06.05 13:39:21.909,0.81562,0.81573,1.13,1.43
2012.06.05 13:39:22.096,0.81558,0.81573,1.50,1.43
2012.06.05 13:39:22.666,0.81558,0.81569,1.50,1.43
2012.06.05 13:39:22.807,0.81558,0.81572,1.50,1.13
2012.06.05 13:39:22.966,0.81559,0.81574,1.13,2.55
2012.06.05 13:39:24.340,0.81561,0.81577,1.13,2.18
2012.06.05 13:39:24.609,0.81563,0.81579,1.88,2.18
2012.06.05 13:39:25.573,0.81563,0.81577,1.13,2.18
2012.06.05 13:39:26.539,0.81562,0.81577,1.13,2.18
2012.06.05 13:39:26.874,0.81561,0.81573,1.13,1.43
2012.06.05 13:39:27.427,0.81559,0.81573,1.50,1.43
2012.06.05 13:39:27.496,0.81557,0.81572,1.88,1.13
2012.06.05 13:39:27.566,0.81557,0.8157,1.13,1.43
2012.06.05 13:39:27.937,0.81556,0.81568,1.43,1.13
2012.06.05 13:39:28.400,0.81553,0.81566,1.13,1.43
2012.06.05 13:39:29.216,0.81552,0.81564,4.50,1.13
2012.06.05 13:39:29.295,0.81547,0.81559,1.13,1.13
2012.06.05 13:39:29.377,0.81546,0.81558,1.13,1.43
2012.06.05 13:39:29.519,0.81545,0.81558,1.13,1.43
2012.06.05 13:39:29.999,0.81541,0.81553,4.50,1.13
2012.06.05 13:39:30.268,0.81538,0.81552,2.93,1.13
2012.06.05 13:39:30.343,0.81538,0.8155,2.93,1.13
2012.06.05 13:39:31.291,0.81536,0.8155,1.50,1.13
2012.06.05 13:39:31.529,0.81535,0.8155,2.55,1.13
2012.06.05 13:39:31.974,0.81535,0.8155,4.05,1.13
2012.06.05 13:39:32.319,0.81546,0.81554,1.13,1.50
2012.06.05 13:39:32.392,0.81546,0.81559,1.13,1.50
2012.06.05 13:39:32.472,0.81542,0.81559,4.05,1.50
2012.06.05 13:39:32.549,0.81542,0.81561,4.80,2.18
2012.06.05 13:39:32.623,0.81542,0.81561,4.80,2.18
2012.06.05 13:39:33.132,0.81544,0.81561,2.25,1.43
2012.06.05 13:39:34.226,0.81544,0.81561,1.50,2.18
2012.06.05 13:39:34.415,0.81544,0.81561,2.25,2.18
2012.06.05 13:39:34.606,0.81544,0.81561,2.25,2.18
2012.06.05 13:39:34.950,0.81546,0.8156,1.43,1.50
2012.06.05 13:39:35.022,0.81543,0.8156,3.60,2.93
2012.06.05 13:39:35.172,0.81545,0.8156,1.50,2.18
2012.06.05 13:39:35.316,0.81541,0.81557,1.43,2.18
2012.06.05 13:39:35.667,0.81543,0.81559,1.43,2.93
2012.06.05 13:39:35.812,0.81543,0.81559,1.43,1.43
2012.06.05 13:39:36.031,0.81542,0.81554,2.25,1.43
2012.06.05 13:39:36.109,0.81544,0.81563,1.43,2.93
2012.06.05 13:39:36.249,0.81544,0.81563,2.18,2.93
2012.06.05 13:39:36.557,0.81544,0.81563,1.43,2.93
2012.06.05 13:39:37.160,0.81544,0.81563,2.18,2.93
2012.06.05 13:39:37.295,0.81544,0.81563,2.93,2.18
2012.06.05 13:39:37.490,0.81544,0.81561,4.05,1.13
2012.06.05 13:39:38.008,0.81544,0.81561,3.30,1.88
2012.06.05 13:39:38.974,0.81544,0.81561,3.30,1.13
2012.06.05 13:39:39.896,0.81547,0.81562,1.13,1.88
2012.06.05 13:39:40.207,0.8155,0.81565,1.43,1.13
2012.06.05 13:39:40.547,0.81553,0.81565,1.43,1.88
2012.06.05 13:39:40.760,0.81553,0.81568,1.43,1.13
2012.06.05 13:39:40.967,0.81553,0.8157,3.30,1.13
2012.06.05 13:39:41.095,0.81553,0.8157,3.30,1.13
2012.06.05 13:39:41.578,0.81554,0.8157,2.18,1.13
2012.06.05 13:39:41.753,0.81557,0.8157,1.43,1.13
2012.06.05 13:39:43.256,0.81557,0.81572,1.43,1.13
2012.06.05 13:39:43.451,0.81557,0.81572,2.18,1.13
2012.06.05 13:39:43.529,0.81557,0.81574,4.05,2.55
2012.06.05 13:39:43.598,0.81557,0.81574,4.05,2.55
2012.06.05 13:39:44.721,0.81558,0.81573,1.50,1.88
2012.06.05 13:39:44.787,0.81558,0.81571,1.50,1.13
2012.06.05 13:39:48.688,0.81557,0.81569,1.50,1.13
2012.06.05 13:39:49.005,0.81556,0.81569,2.18,1.13
2012.06.05 13:39:49.259,0.81556,0.81566,1.50,1.13
2012.06.05 13:39:49.328,0.81554,0.81566,1.50,1.13
2012.06.05 13:39:50.130,0.81555,0.81567,2.18,1.13
2012.06.05 13:39:50.607,0.81559,0.81567,1.43,1.13
2012.06.05 13:39:50.748,0.81557,0.81569,1.43,1.13
2012.06.05 13:39:51.250,0.81557,0.81568,1.43,1.13
2012.06.05 13:39:51.759,0.81557,0.81567,1.43,1.13
2012.06.05 13:39:52.289,0.81557,0.81567,2.18,1.13
2012.06.05 13:39:52.426,0.81558,0.81571,1.50,2.93
2012.06.05 13:39:52.627,0.81561,0.81573,1.88,1.50
2012.06.05 13:39:52.766,0.81562,0.81576,1.50,1.88
2012.06.05 13:39:53.027,0.81562,0.81575,1.50,1.13
2012.06.05 13:39:53.656,0.81561,0.81575,1.50,1.13
2012.06.05 13:39:54.429,0.81562,0.81577,2.93,1.13
2012.06.05 13:39:54.988,0.81565,0.81577,1.50,1.13
2012.06.05 13:39:55.987,0.81565,0.81577,1.43,1.13
2012.06.05 13:39:56.505,0.81562,0.81576,2.25,1.13
2012.06.05 13:39:57.055,0.81563,0.81576,1.50,1.13
2012.06.05 13:39:57.709,0.81563,0.81577,2.93,1.13
2012.06.05 13:39:58.298,0.81562,0.81576,1.50,1.13
2012.06.05 13:39:58.736,0.81563,0.81574,1.50,1.13
2012.06.05 13:39:58.986,0.81562,0.81574,1.50,1.13
2012.06.05 13:39:59.579,0.81561,0.81574,1.50,1.13
2012.06.05 13:40:01.378,0.81561,0.81574,1.50,1.13
2012.06.05 13:40:01.588,0.81558,0.81567,2.18,1.13
2012.06.05 13:40:01.940,0.81554,0.81559,1.43,1.13
2012.06.05 13:40:02.267,0.8155,0.81555,2.18,1.13
2012.06.05 13:40:02.603,0.8155,0.81555,1.43,1.13
2012.06.05 13:40:02.684,0.81545,0.81556,1.50,1.13
2012.06.05 13:40:03.237,0.81544,0.81556,1.50,1.13
2012.06.05 13:40:03.419,0.81545,0.81556,1.50,1.13
2012.06.05 13:40:03.947,0.81545,0.81556,1.50,1.13
2012.06.05 13:40:04.299,0.8154,0.81554,1.50,1.88
2012.06.05 13:40:04.508,0.81542,0.81554,1.50,1.88
2012.06.05 13:40:05.037,0.81541,0.81555,2.18,1.13
2012.06.05 13:40:05.348,0.8154,0.81555,1.88,1.13
2012.06.05 13:40:06.018,0.81541,0.81556,1.88,1.13
2012.06.05 13:40:06.345,0.8154,0.81554,1.88,1.13
2012.06.05 13:40:06.538,0.8154,0.81557,2.63,2.55
2012.06.05 13:40:07.069,0.81539,0.81553,1.50,1.13
2012.06.05 13:40:07.138,0.81539,0.81553,1.50,1.13
2012.06.05 13:40:08.081,0.8154,0.81553,2.93,1.13
2012.06.05 13:40:08.287,0.8154,0.81556,3.68,1.13
2012.06.05 13:40:10.458,0.81541,0.81556,1.50,1.13
2012.06.05 13:40:10.799,0.81544,0.81559,1.50,2.55
2012.06.05 13:40:12.742,0.81547,0.81561,1.50,3.30
2012.06.05 13:40:14.256,0.81547,0.81561,1.50,1.13
2012.06.05 13:40:14.400,0.81548,0.81563,1.88,1.13
2012.06.05 13:40:14.470,0.81548,0.81563,1.88,1.13
2012.06.05 13:40:14.815,0.81555,0.81565,1.88,1.43
2012.06.05 13:40:15.169,0.81565,0.81569,1.50,1.43
2012.06.05 13:40:15.518,0.81568,0.81578,1.50,1.43
2012.06.05 13:40:15.916,0.81569,0.81584,2.18,2.18
2012.06.05 13:40:15.986,0.81571,0.81584,1.50,1.43
2012.06.05 13:40:16.901,0.81571,0.81585,1.50,1.88
2012.06.05 13:40:17.192,0.81569,0.81582,2.18,1.13
2012.06.05 13:40:17.414,0.81565,0.81579,1.88,1.88
2012.06.05 13:40:17.968,0.81567,0.81581,1.50,3.30
2012.06.05 13:40:18.350,0.81567,0.81581,1.50,3.30
2012.06.05 13:40:18.677,0.81564,0.81577,1.50,1.13
2012.06.05 13:40:19.173,0.81564,0.81574,1.50,1.43
2012.06.05 13:40:20.317,0.81562,0.81574,1.50,1.43
2012.06.05 13:40:20.862,0.81562,0.81574,1.50,1.43
2012.06.05 13:40:22.060,0.81565,0.81578,2.18,1.88
2012.06.05 13:40:22.328,0.81565,0.8158,3.30,1.13
2012.06.05 13:40:22.606,0.81565,0.8158,3.30,1.13
2012.06.05 13:40:23.146,0.81565,0.81579,2.18,1.13
2012.06.05 13:40:24.297,0.81568,0.81579,2.18,1.13
2012.06.05 13:40:24.806,0.81568,0.81579,2.18,1.13
2012.06.05 13:40:24.879,0.81568,0.81585,3.30,1.88
2012.06.05 13:40:25.361,0.81571,0.81584,1.88,1.43
2012.06.05 13:40:25.768,0.81572,0.81586,1.50,2.55
2012.06.05 13:40:26.191,0.81572,0.81586,1.50,2.55
2012.06.05 13:40:26.538,0.81578,0.81586,1.88,1.43
2012.06.05 13:40:26.668,0.8158,0.81593,2.18,1.88
2012.06.05 13:40:26.998,0.81581,0.81593,1.50,1.13
2012.06.05 13:40:27.459,0.81581,0.81593,1.50,2.18
2012.06.05 13:40:27.977,0.81583,0.81592,1.50,1.43
2012.06.05 13:40:28.492,0.81583,0.81594,1.50,2.55
2012.06.05 13:40:29.865,0.81583,0.81594,1.50,1.43
2012.06.05 13:40:30.287,0.81583,0.81596,1.50,3.30
2012.06.05 13:40:34.605,0.81581,0.81594,1.50,1.13
2012.06.05 13:40:34.948,0.81576,0.81591,2.63,1.13
2012.06.05 13:40:35.406,0.81578,0.81591,1.50,2.55
2012.06.05 13:40:38.618,0.81578,0.81591,1.50,2.18
2012.06.05 13:40:39.857,0.81578,0.81591,1.50,1.43
2012.06.05 13:40:40.165,0.8158,0.81591,1.50,3.30
2012.06.05 13:40:40.237,0.81577,0.81591,1.50,3.30
2012.06.05 13:40:40.968,0.81576,0.8159,1.50,1.88
2012.06.05 13:40:41.466,0.81576,0.81591,2.63,2.55
2012.06.05 13:40:41.595,0.81576,0.81591,1.88,2.55
2012.06.05 13:40:41.814,0.81576,0.8159,1.88,1.13
2012.06.05 13:40:41.892,0.81576,0.8159,1.88,1.13
2012.06.05 13:40:42.435,0.81576,0.81589,1.88,1.43
2012.06.05 13:40:42.914,0.81576,0.81591,2.63,3.30
2012.06.05 13:40:43.286,0.81576,0.8159,2.63,1.43
2012.06.05 13:40:46.458,0.81575,0.81589,1.50,1.13
2012.06.05 13:40:46.845,0.81574,0.81586,2.63,1.43
2012.06.05 13:40:47.377,0.81573,0.81586,1.50,1.43
2012.06.05 13:40:48.004,0.81573,0.81586,1.50,2.85
2012.06.05 13:40:48.363,0.81573,0.81584,1.50,1.43
2012.06.05 13:40:48.719,0.81566,0.81572,1.50,1.13
2012.06.05 13:40:48.921,0.81564,0.81574,1.50,1.13
2012.06.05 13:40:49.199,0.81559,0.81569,2.18,1.13
2012.06.05 13:40:49.409,0.81559,0.81566,1.43,1.13
2012.06.05 13:40:49.760,0.81559,0.81564,1.43,1.88
2012.06.05 13:40:49.832,0.81556,0.81562,1.43,1.13
2012.06.05 13:40:49.909,0.81552,0.81562,1.50,1.13
2012.06.05 13:40:49.979,0.81552,0.81559,1.50,1.43
2012.06.05 13:40:50.052,0.81552,0.81561,1.50,1.43
2012.06.05 13:40:50.129,0.81552,0.81564,1.50,3.60
2012.06.05 13:40:51.091,0.81553,0.81566,1.43,2.85
2012.06.05 13:40:51.444,0.81551,0.81562,2.18,1.13
2012.06.05 13:40:51.523,0.81551,0.81562,2.18,1.13
2012.06.05 13:40:51.598,0.81551,0.81562,1.43,1.50
2012.06.05 13:40:52.407,0.81549,0.81562,2.18,2.25
2012.06.05 13:40:52.485,0.8155,0.81566,4.13,2.18
2012.06.05 13:40:52.563,0.81554,0.81565,1.50,1.88
2012.06.05 13:40:53.085,0.81554,0.81565,1.50,2.55
2012.06.05 13:40:53.509,0.81554,0.81567,1.50,1.13
2012.06.05 13:40:54.028,0.81554,0.81567,1.50,1.13
2012.06.05 13:40:54.101,0.81554,0.81564,1.50,1.13
2012.06.05 13:40:54.378,0.81554,0.81564,1.50,1.13
2012.06.05 13:40:55.400,0.81552,0.81565,1.50,1.13
2012.06.05 13:40:55.855,0.81552,0.81563,1.50,1.13
2012.06.05 13:40:56.139,0.81551,0.81562,1.50,1.13
2012.06.05 13:40:56.907,0.81551,0.81562,1.50,2.55
2012.06.05 13:40:57.889,0.81551,0.81564,1.50,1.13
2012.06.05 13:40:59.329,0.8155,0.81563,1.50,1.43
2012.06.05 13:40:59.888,0.8155,0.81563,1.50,3.30
2012.06.05 13:41:00.578,0.8155,0.81564,1.50,1.88
2012.06.05 13:41:01.426,0.81553,0.81565,1.50,1.13
2012.06.05 13:41:01.758,0.81554,0.81565,2.18,1.13
2012.06.05 13:41:02.458,0.81554,0.81566,2.18,1.13
2012.06.05 13:41:03.519,0.81551,0.81566,2.93,1.88
2012.06.05 13:41:04.036,0.81552,0.81567,1.50,1.88
2012.06.05 13:41:04.107,0.81552,0.81567,1.50,1.88
2012.06.05 13:41:04.625,0.81552,0.81567,1.50,1.88
2012.06.05 13:41:04.958,0.81551,0.81563,2.93,1.88
2012.06.05 13:41:05.299,0.81548,0.81561,1.50,1.43
2012.06.05 13:41:05.487,0.81548,0.81562,1.50,3.30
2012.06.05 13:41:05.619,0.81545,0.81558,1.50,1.43
2012.06.05 13:41:05.805,0.81545,0.8156,2.63,1.13
2012.06.05 13:41:05.949,0.81547,0.81561,1.88,1.88
2012.06.05 13:41:06.291,0.81547,0.81559,1.88,1.43
2012.06.05 13:41:06.850,0.81546,0.81558,1.50,1.13
2012.06.05 13:41:06.922,0.81545,0.81558,1.50,1.13
2012.06.05 13:41:07.676,0.81543,0.81558,2.93,1.13
2012.06.05 13:41:07.810,0.81543,0.81556,2.93,1.13
2012.06.05 13:41:08.669,0.81545,0.81557,1.50,1.13
2012.06.05 13:41:09.216,0.81543,0.81556,2.93,1.13
2012.06.05 13:41:10.038,0.81543,0.81556,1.50,1.13
2012.06.05 13:41:10.488,0.81543,0.81558,3.38,2.55
2012.06.05 13:41:10.555,0.81543,0.81558,3.38,2.55
2012.06.05 13:41:10.936,0.81549,0.81558,1.50,1.43
2012.06.05 13:41:11.127,0.81549,0.81561,1.50,2.55
2012.06.05 13:41:11.580,0.81548,0.81563,2.63,1.88
2012.06.05 13:41:11.777,0.81548,0.81563,2.63,1.88
2012.06.05 13:41:12.311,0.81547,0.8156,1.50,1.13
2012.06.05 13:41:12.646,0.81545,0.8156,1.50,2.55
2012.06.05 13:41:12.780,0.81545,0.8156,1.50,2.55
2012.06.05 13:41:13.117,0.81547,0.8156,1.50,1.13
2012.06.05 13:41:13.732,0.81546,0.81561,4.05,1.13
2012.06.05 13:41:14.247,0.81546,0.81561,4.05,1.13
2012.06.05 13:41:14.317,0.81546,0.81561,4.05,1.88
2012.06.05 13:41:14.719,0.81546,0.8156,1.50,2.55
2012.06.05 13:41:15.287,0.81547,0.81559,1.50,1.13
2012.06.05 13:41:16.771,0.81547,0.81559,1.50,1.13
2012.06.05 13:41:18.574,0.81547,0.8156,2.63,1.43
2012.06.05 13:41:18.965,0.8155,0.81566,1.50,3.30
2012.06.05 13:41:19.356,0.81552,0.81566,1.50,3.30
2012.06.05 13:41:19.654,0.8155,0.81563,1.50,1.13
2012.06.05 13:41:21.039,0.81549,0.81565,2.93,1.88
2012.06.05 13:41:21.179,0.81554,0.81566,1.13,4.35
2012.06.05 13:41:21.519,0.81558,0.81566,1.50,1.43
2012.06.05 13:41:21.662,0.8156,0.81569,1.88,1.43
2012.06.05 13:41:21.744,0.81563,0.81574,2.18,1.88
2012.06.05 13:41:22.265,0.81561,0.81574,1.50,1.88
2012.06.05 13:41:23.477,0.81561,0.81575,1.50,1.13
2012.06.05 13:41:24.018,0.81563,0.81575,2.18,1.13
2012.06.05 13:41:24.392,0.81564,0.81579,1.88,1.88
2012.06.05 13:41:24.470,0.81564,0.81579,2.63,1.13
2012.06.05 13:41:25.297,0.81564,0.81579,1.50,1.88
2012.06.05 13:41:25.854,0.81564,0.8158,1.50,3.30
2012.06.05 13:41:26.420,0.81565,0.8158,2.18,1.13
2012.06.05 13:41:26.489,0.81566,0.8158,1.50,1.13
2012.06.05 13:41:27.028,0.81566,0.8158,4.05,1.13
2012.06.05 13:41:27.344,0.81566,0.81583,4.05,3.30
2012.06.05 13:41:27.817,0.81568,0.81585,4.05,1.88
2012.06.05 13:41:27.959,0.81569,0.81586,1.88,1.88
2012.06.05 13:41:28.157,0.81571,0.81584,1.50,1.13
2012.06.05 13:41:28.477,0.81571,0.81584,1.50,1.13
2012.06.05 13:41:28.746,0.8157,0.81584,1.50,1.13
2012.06.05 13:41:29.277,0.8157,0.81584,2.93,1.13
2012.06.05 13:41:29.350,0.81572,0.81587,3.30,1.88
2012.06.05 13:41:29.490,0.81576,0.81588,1.43,1.88
2012.06.05 13:41:29.628,0.81576,0.81588,1.43,1.13
2012.06.05 13:41:30.559,0.81576,0.81588,1.43,2.63
2012.06.05 13:41:30.628,0.81573,0.81588,1.88,4.05
2012.06.05 13:41:31.134,0.81571,0.81586,1.50,1.13
2012.06.05 13:41:31.877,0.81571,0.81585,1.50,1.13
2012.06.05 13:41:32.017,0.81571,0.81585,1.50,1.13
2012.06.05 13:41:32.337,0.81572,0.81585,1.50,1.13
2012.06.05 13:41:33.015,0.81572,0.81586,1.50,1.13
2012.06.05 13:41:33.562,0.81575,0.81589,1.50,1.13
2012.06.05 13:41:37.077,0.81575,0.81588,1.50,1.88
2012.06.05 13:41:37.685,0.81576,0.81588,1.50,1.88
2012.06.05 13:41:39.198,0.81575,0.8159,2.25,1.88
2012.06.05 13:41:39.267,0.81576,0.81591,2.63,1.13
2012.06.05 13:41:39.469,0.81577,0.81593,2.18,2.63
2012.06.05 13:41:39.610,0.81581,0.81593,1.43,1.88
2012.06.05 13:41:40.276,0.81581,0.81593,2.18,3.00
2012.06.05 13:41:40.697,0.81574,0.81588,1.50,1.13
2012.06.05 13:41:41.175,0.81575,0.81585,1.50,1.43
2012.06.05 13:41:41.598,0.81572,0.81585,1.50,1.13
2012.06.05 13:41:41.845,0.81573,0.81587,1.50,2.55
2012.06.05 13:41:42.468,0.81572,0.81587,1.50,2.55
2012.06.05 13:41:42.597,0.81573,0.81585,1.50,1.13
2012.06.05 13:41:42.916,0.8157,0.81583,3.38,1.43
2012.06.05 13:41:43.294,0.81572,0.81583,1.50,1.43
2012.06.05 13:41:44.027,0.81572,0.81585,1.50,1.13
2012.06.05 13:41:44.550,0.81573,0.81585,1.50,1.13
2012.06.05 13:41:45.768,0.81573,0.81585,1.50,1.13
2012.06.05 13:41:46.387,0.81573,0.81583,1.50,1.43
2012.06.05 13:41:47.339,0.81572,0.81583,1.50,1.43
2012.06.05 13:41:47.618,0.81566,0.8158,2.93,1.88
2012.06.05 13:41:48.099,0.81563,0.81578,4.80,5.48
2012.06.05 13:41:48.663,0.81563,0.81576,3.38,1.43
2012.06.05 13:41:49.203,0.81563,0.81577,1.50,2.18
2012.06.05 13:41:50.193,0.81562,0.81574,1.50,1.13
2012.06.05 13:41:50.517,0.81559,0.81573,1.50,1.43
2012.06.05 13:41:51.066,0.81559,0.81571,1.50,1.13
2012.06.05 13:41:51.444,0.81559,0.81569,1.50,1.13
2012.06.05 13:41:51.524,0.81556,0.81566,2.93,1.13
2012.06.05 13:41:52.048,0.81553,0.81561,1.50,1.13
2012.06.05 13:41:52.118,0.81551,0.8156,1.50,1.13
2012.06.05 13:41:52.190,0.81551,0.8156,1.50,1.88
2012.06.05 13:41:52.273,0.81549,0.8156,2.18,1.88
2012.06.05 13:41:52.347,0.81549,0.8156,2.18,1.13
2012.06.05 13:41:52.488,0.81547,0.8156,1.50,1.13
2012.06.05 13:41:52.770,0.81547,0.81557,1.50,1.43
2012.06.05 13:41:52.983,0.81547,0.8156,1.50,2.18
2012.06.05 13:41:53.057,0.81547,0.81558,1.50,1.43
2012.06.05 13:41:54.697,0.81547,0.81558,1.50,1.43
2012.06.05 13:41:54.768,0.81545,0.81558,2.63,1.43
2012.06.05 13:41:55.147,0.81545,0.81558,1.13,1.43
2012.06.05 13:41:55.709,0.81544,0.81558,1.13,1.43
2012.06.05 13:41:56.483,0.81546,0.81558,1.13,1.43
2012.06.05 13:41:56.860,0.81546,0.8156,1.13,1.88
2012.06.05 13:41:57.455,0.81544,0.81561,1.13,3.30
2012.06.05 13:41:57.524,0.81546,0.81561,1.13,1.43
2012.06.05 13:41:58.086,0.81545,0.8156,3.30,1.13
2012.06.05 13:41:58.388,0.81545,0.81562,3.30,1.88
2012.06.05 13:41:58.726,0.81549,0.81562,1.43,1.13
2012.06.05 13:41:59.297,0.81549,0.81563,3.30,1.13
2012.06.05 13:41:59.425,0.8155,0.81565,1.88,1.13
2012.06.05 13:42:01.247,0.81551,0.81565,1.13,1.13
2012.06.05 13:42:03.365,0.81551,0.81566,1.13,3.30
2012.06.05 13:42:04.204,0.81552,0.81566,1.43,1.88
2012.06.05 13:42:04.589,0.8155,0.81565,1.13,1.13
2012.06.05 13:42:06.957,0.8155,0.81565,1.13,1.88
2012.06.05 13:42:07.091,0.81547,0.81564,2.63,3.30
2012.06.05 13:42:07.307,0.81546,0.81562,1.88,1.13
2012.06.05 13:42:07.762,0.81545,0.8156,3.30,1.13
2012.06.05 13:42:08.123,0.81545,0.81558,1.13,1.43
2012.06.05 13:42:08.687,0.81543,0.81558,1.88,1.43
2012.06.05 13:42:09.244,0.81543,0.81558,1.13,1.43
2012.06.05 13:42:10.231,0.81543,0.8156,3.30,2.55
2012.06.05 13:42:11.387,0.81544,0.8156,1.88,1.43
2012.06.05 13:42:11.728,0.81547,0.81562,1.88,3.30
2012.06.05 13:42:12.108,0.81551,0.81564,1.13,2.18
2012.06.05 13:42:12.239,0.81551,0.81566,1.13,2.55
2012.06.05 13:42:12.366,0.81549,0.81565,1.13,1.13
2012.06.05 13:42:12.915,0.81549,0.81565,1.88,1.13
2012.06.05 13:42:13.464,0.81549,0.81565,1.13,1.13
2012.06.05 13:42:14.303,0.81549,0.81564,1.88,1.13
2012.06.05 13:42:15.058,0.8155,0.81566,1.13,2.18
2012.06.05 13:42:15.187,0.81552,0.81567,1.13,2.55
2012.06.05 13:42:15.527,0.81554,0.81568,1.13,1.43
2012.06.05 13:42:15.886,0.81554,0.81566,1.13,1.43
2012.06.05 13:42:16.457,0.81553,0.81566,1.13,1.43
2012.06.05 13:42:17.096,0.81554,0.81569,1.13,1.13
2012.06.05 13:42:17.370,0.8155,0.81563,2.18,1.13
2012.06.05 13:42:17.440,0.8155,0.81563,2.18,2.55
2012.06.05 13:42:17.647,0.81547,0.81563,2.93,2.55
2012.06.05 13:42:17.718,0.81549,0.81563,1.43,1.13
2012.06.05 13:42:17.858,0.81551,0.81568,2.55,2.63
2012.06.05 13:42:17.928,0.81551,0.81568,2.55,1.13
2012.06.05 13:42:18.726,0.81551,0.81568,3.30,1.88
2012.06.05 13:42:18.796,0.81551,0.81566,3.30,1.13
2012.06.05 13:42:22.230,0.81554,0.81566,1.13,1.43
2012.06.05 13:42:22.439,0.81555,0.8157,2.55,1.88
2012.06.05 13:42:22.817,0.81556,0.81572,2.63,2.18
2012.06.05 13:42:23.356,0.81558,0.81572,1.13,1.43
2012.06.05 13:42:23.706,0.81561,0.81576,1.43,2.63
2012.06.05 13:42:23.908,0.81561,0.81574,1.43,1.13
2012.06.05 13:42:23.976,0.81558,0.81574,1.88,1.13
2012.06.05 13:42:24.553,0.81558,0.81573,1.88,1.43
2012.06.05 13:42:25.361,0.81558,0.81574,2.55,1.13
2012.06.05 13:42:25.894,0.81558,0.81573,2.55,1.13
2012.06.05 13:42:26.704,0.81558,0.81573,3.30,1.13
2012.06.05 13:42:28.980,0.81559,0.81574,1.88,1.13
2012.06.05 13:42:30.004,0.81559,0.81574,1.88,1.13
2012.06.05 13:42:30.527,0.81561,0.81575,1.13,2.55
2012.06.05 13:42:31.047,0.81561,0.81574,1.13,1.43
2012.06.05 13:42:31.597,0.8156,0.81574,1.88,1.43
2012.06.05 13:42:35.453,0.81562,0.81578,1.13,3.60
2012.06.05 13:42:35.588,0.81562,0.81575,1.88,1.43
2012.06.05 13:42:36.128,0.81562,0.81575,1.88,1.43
2012.06.05 13:42:36.199,0.81562,0.81579,1.88,2.55
2012.06.05 13:42:36.921,0.81562,0.81579,1.88,2.55
2012.06.05 13:42:37.445,0.81567,0.81581,1.13,2.18
2012.06.05 13:42:37.957,0.81567,0.81581,1.88,1.43
2012.06.05 13:42:38.467,0.81567,0.81582,1.88,1.13
2012.06.05 13:42:38.678,0.81569,0.81585,1.13,2.18
2012.06.05 13:42:39.317,0.81569,0.81586,3.30,1.88
2012.06.05 13:42:40.705,0.81569,0.81584,1.88,1.43
2012.06.05 13:42:41.260,0.81568,0.81583,1.13,2.55
2012.06.05 13:42:43.895,0.81565,0.81579,1.50,1.13
2012.06.05 13:42:44.457,0.81564,0.81578,1.43,2.18
2012.06.05 13:42:44.533,0.81562,0.81578,3.30,2.18
2012.06.05 13:42:45.067,0.81563,0.81579,1.13,1.43
2012.06.05 13:42:45.268,0.81562,0.81577,1.88,1.13
2012.06.05 13:42:46.055,0.81563,0.81577,1.43,1.13
2012.06.05 13:42:46.218,0.8156,0.81577,3.30,1.13
2012.06.05 13:42:47.947,0.81564,0.81579,1.13,2.55
2012.06.05 13:42:49.148,0.81564,0.81579,2.63,2.55
2012.06.05 13:42:49.502,0.81567,0.81579,1.13,1.43
2012.06.05 13:42:49.777,0.81569,0.81583,1.88,1.43
2012.06.05 13:42:49.905,0.81569,0.81584,1.88,1.13
2012.06.05 13:42:50.156,0.81569,0.81584,1.13,1.13
2012.06.05 13:42:50.439,0.8157,0.81586,1.13,1.43
2012.06.05 13:42:51.042,0.81571,0.81587,1.43,1.13
2012.06.05 13:42:51.237,0.81571,0.81584,1.43,1.13
2012.06.05 13:42:51.382,0.81569,0.81583,1.13,1.43
2012.06.05 13:42:51.900,0.81569,0.81584,1.13,1.13
2012.06.05 13:42:52.409,0.81569,0.81583,1.88,1.13
2012.06.05 13:42:54.326,0.8157,0.81583,1.43,1.13
2012.06.05 13:42:54.927,0.81571,0.81585,1.88,1.13
2012.06.05 13:42:55.608,0.8157,0.81584,1.43,1.13
2012.06.05 13:42:55.680,0.8157,0.81581,1.43,1.13
2012.06.05 13:42:55.867,0.81566,0.81581,1.88,1.13
2012.06.05 13:42:55.941,0.81564,0.81579,1.88,2.55
2012.06.05 13:42:56.147,0.81568,0.81582,1.13,1.43
2012.06.05 13:42:57.095,0.81567,0.81584,3.30,3.30
2012.06.05 13:42:57.715,0.81567,0.81584,2.55,3.30
2012.06.05 13:42:58.077,0.81567,0.81584,3.30,3.30
2012.06.05 13:42:58.242,0.81567,0.81584,2.55,3.30
2012.06.05 13:43:01.051,0.81568,0.81584,1.13,2.18
2012.06.05 13:43:01.265,0.81568,0.81584,1.13,2.18
2012.06.05 13:43:03.016,0.81569,0.81584,1.13,2.18
2012.06.05 13:43:06.685,0.81571,0.81584,1.13,2.18
2012.06.05 13:43:07.683,0.8157,0.81584,1.13,1.43
2012.06.05 13:43:08.542,0.8157,0.81584,1.13,2.18
2012.06.05 13:43:08.741,0.81567,0.81582,2.55,1.13
2012.06.05 13:43:08.820,0.81567,0.8158,1.43,1.43
2012.06.05 13:43:09.088,0.81564,0.8158,1.43,2.55
2012.06.05 13:43:09.931,0.81563,0.81579,1.88,1.43
2012.06.05 13:43:10.680,0.81564,0.81579,1.13,1.43
2012.06.05 13:43:12.376,0.81562,0.81577,1.88,1.13
2012.06.05 13:43:12.726,0.81562,0.81574,1.13,2.25
2012.06.05 13:43:13.069,0.81558,0.81568,1.50,2.55
2012.06.05 13:43:13.869,0.81556,0.8157,1.13,1.43
2012.06.05 13:43:14.229,0.8156,0.81574,1.13,2.18
2012.06.05 13:43:14.627,0.81558,0.81575,2.55,2.25
2012.06.05 13:43:14.878,0.8156,0.81577,1.13,7.35
2012.06.05 13:43:15.135,0.8156,0.81577,1.13,3.68
2012.06.05 13:43:18.505,0.8156,0.81574,1.13,1.43
2012.06.05 13:43:18.587,0.81558,0.81573,1.13,1.88
2012.06.05 13:43:19.096,0.81558,0.81573,1.13,1.88
2012.06.05 13:43:19.309,0.81556,0.81571,1.13,1.13
2012.06.05 13:43:19.445,0.81555,0.81569,2.18,1.13
2012.06.05 13:43:19.955,0.81555,0.8157,1.13,1.43
2012.06.05 13:43:23.745,0.81555,0.81567,1.13,1.43
2012.06.05 13:43:24.383,0.81554,0.81567,1.13,1.43
2012.06.05 13:43:24.996,0.81553,0.81567,1.13,1.43
2012.06.05 13:43:25.341,0.81549,0.81562,2.63,1.43
2012.06.05 13:43:25.860,0.81547,0.81562,1.13,1.43
2012.06.05 13:43:26.205,0.81545,0.81561,2.18,1.88
2012.06.05 13:43:26.517,0.81547,0.81562,1.13,3.30
2012.06.05 13:43:26.872,0.8155,0.8156,1.13,1.43
2012.06.05 13:43:26.948,0.8155,0.81564,1.13,2.18
2012.06.05 13:43:27.092,0.81553,0.81567,1.43,1.88
2012.06.05 13:43:27.168,0.8155,0.81566,3.30,1.43
2012.06.05 13:43:27.486,0.81552,0.81567,1.13,1.88
2012.06.05 13:43:27.968,0.81551,0.81564,1.43,1.13
2012.06.05 13:43:28.306,0.81551,0.81561,1.43,1.13
2012.06.05 13:43:28.711,0.81546,0.81561,3.30,1.13
2012.06.05 13:43:28.788,0.81549,0.81562,1.13,1.43
2012.06.05 13:43:29.130,0.81549,0.81564,1.13,1.13
2012.06.05 13:43:29.268,0.81551,0.81564,1.43,1.13
2012.06.05 13:43:29.786,0.81548,0.81563,1.88,1.13
2012.06.05 13:43:30.735,0.81549,0.81564,1.13,1.13
2012.06.05 13:43:34.637,0.81549,0.81562,1.13,1.43
2012.06.05 13:43:34.707,0.81549,0.81564,1.13,2.55
2012.06.05 13:43:35.746,0.81549,0.81564,1.13,1.88
2012.06.05 13:43:35.995,0.81549,0.81565,1.13,2.18
2012.06.05 13:43:37.258,0.81549,0.81565,1.88,1.43
2012.06.05 13:43:37.328,0.81554,0.81567,1.13,2.93
2012.06.05 13:43:37.682,0.81556,0.81568,1.43,1.13
2012.06.05 13:43:38.181,0.81556,0.8157,1.43,3.30
2012.06.05 13:43:38.326,0.81554,0.8157,2.55,4.73
2012.06.05 13:43:38.660,0.81557,0.81571,1.13,1.13
2012.06.05 13:43:40.401,0.81559,0.81573,1.43,2.93
2012.06.05 13:43:40.688,0.81562,0.81576,1.43,1.88
2012.06.05 13:43:41.017,0.81559,0.81576,2.55,1.13
2012.06.05 13:43:41.751,0.81561,0.81577,1.13,2.18
2012.06.05 13:43:42.296,0.81562,0.81578,1.43,2.63
2012.06.05 13:43:42.745,0.81564,0.81578,1.13,1.50
2012.06.05 13:43:43.068,0.81565,0.81579,1.43,3.68
2012.06.05 13:43:43.850,0.81569,0.81579,1.13,2.18
2012.06.05 13:43:44.245,0.8157,0.81583,1.43,1.13
2012.06.05 13:43:44.530,0.81572,0.81584,1.43,1.88
2012.06.05 13:43:44.930,0.81574,0.81584,1.43,1.13
2012.06.05 13:43:45.136,0.81574,0.81588,1.43,1.88
2012.06.05 13:43:45.587,0.81576,0.81591,1.13,3.68
2012.06.05 13:43:45.660,0.81576,0.81591,2.55,1.88
2012.06.05 13:43:46.298,0.81576,0.8159,1.43,1.13
2012.06.05 13:43:46.560,0.81573,0.81589,1.88,1.43
2012.06.05 13:43:47.068,0.81574,0.81588,1.43,1.13
2012.06.05 13:43:47.498,0.81577,0.81588,1.43,1.13
2012.06.05 13:43:47.793,0.81575,0.8159,1.88,1.50
2012.06.05 13:43:47.870,0.81573,0.8159,3.98,2.63
2012.06.05 13:43:48.358,0.81572,0.81587,2.63,1.43
2012.06.05 13:43:48.427,0.81572,0.81587,1.88,1.43
2012.06.05 13:43:48.700,0.81573,0.8159,3.30,3.30
2012.06.05 13:43:49.259,0.81573,0.8159,1.13,4.05
2012.06.05 13:43:49.545,0.81576,0.81591,1.13,3.30
2012.06.05 13:43:49.807,0.81576,0.81591,1.13,3.30
2012.06.05 13:43:50.477,0.81574,0.81589,1.13,1.13
2012.06.05 13:43:50.956,0.81574,0.81587,1.13,1.43
2012.06.05 13:43:51.086,0.81574,0.81589,1.13,1.88
2012.06.05 13:43:53.035,0.81574,0.81588,1.13,1.43
2012.06.05 13:43:53.108,0.81571,0.81588,2.63,2.55
2012.06.05 13:43:53.309,0.81571,0.81586,1.88,1.13
2012.06.05 13:43:53.719,0.81573,0.81587,1.43,1.13
2012.06.05 13:43:53.785,0.81574,0.81589,1.43,1.88
2012.06.05 13:43:54.326,0.81575,0.8159,1.13,3.30
2012.06.05 13:43:55.287,0.81575,0.81589,1.13,1.13
2012.06.05 13:43:56.867,0.81575,0.81587,1.13,1.43
2012.06.05 13:43:57.875,0.81575,0.81589,1.13,2.55
2012.06.05 13:43:58.799,0.81579,0.8159,1.13,1.43
2012.06.05 13:43:59.011,0.81584,0.81597,1.13,1.50
2012.06.05 13:43:59.465,0.81584,0.81601,1.13,3.30
2012.06.05 13:43:59.669,0.81584,0.81597,1.13,1.43
2012.06.05 13:43:59.739,0.81582,0.81597,4.05,2.55
2012.06.05 13:44:00.185,0.8158,0.81596,1.50,3.30
2012.06.05 13:44:00.745,0.81579,0.81596,2.55,3.30
2012.06.05 13:44:01.406,0.81579,0.81594,1.43,1.13
2012.06.05 13:44:01.788,0.81577,0.81594,1.88,4.05
2012.06.05 13:44:02.176,0.81575,0.8159,3.68,1.13
2012.06.05 13:44:02.306,0.81575,0.8159,1.50,2.55
2012.06.05 13:44:02.911,0.81575,0.8159,1.13,3.30
2012.06.05 13:44:03.227,0.81573,0.8159,1.13,1.88
2012.06.05 13:44:03.556,0.81574,0.81589,1.13,1.88
2012.06.05 13:44:04.376,0.81572,0.81589,2.55,1.88
2012.06.05 13:44:04.912,0.81569,0.81584,1.88,1.13
2012.06.05 13:44:05.059,0.81569,0.81584,1.13,1.88
2012.06.05 13:44:05.822,0.8157,0.81584,1.43,1.88
2012.06.05 13:44:06.338,0.81569,0.81584,1.13,1.88
2012.06.05 13:44:06.913,0.8157,0.81587,2.55,4.27
2012.06.05 13:44:07.317,0.8157,0.81586,2.55,1.35
2012.06.05 13:44:08.508,0.8157,0.81583,1.13,2.18
2012.06.05 13:44:08.635,0.81568,0.81583,1.13,2.18
2012.06.05 13:44:09.407,0.81568,0.81581,1.13,1.43
2012.06.05 13:44:09.688,0.81568,0.81583,1.13,1.43
2012.06.05 13:44:09.889,0.81568,0.81585,1.13,3.30
2012.06.05 13:44:10.778,0.8157,0.81585,1.43,1.88
2012.06.05 13:44:11.047,0.81572,0.81586,1.13,1.13
2012.06.05 13:44:11.174,0.81572,0.81586,1.13,1.13
2012.06.05 13:44:11.317,0.8157,0.81585,2.55,1.88
2012.06.05 13:44:13.908,0.81568,0.81585,1.13,3.30
2012.06.05 13:44:14.251,0.81566,0.81581,1.13,1.13
2012.06.05 13:44:14.577,0.81566,0.81581,1.13,1.88
2012.06.05 13:44:14.648,0.81563,0.81579,1.43,2.25
2012.06.05 13:44:15.159,0.81562,0.81575,1.13,1.43
2012.06.05 13:44:15.716,0.81562,0.81579,1.13,3.68
2012.06.05 13:44:17.386,0.81561,0.81576,1.13,2.18
2012.06.05 13:44:17.897,0.8156,0.81576,1.13,2.18
2012.06.05 13:44:18.132,0.81558,0.81575,1.13,1.13
2012.06.05 13:44:18.343,0.81556,0.81572,4.13,1.43
2012.06.05 13:44:18.757,0.81556,0.8157,1.13,1.43
2012.06.05 13:44:19.327,0.81555,0.81572,2.55,4.73
2012.06.05 13:44:19.684,0.81559,0.81572,1.13,2.18
2012.06.05 13:44:20.458,0.81556,0.81572,1.13,2.18
2012.06.05 13:44:21.059,0.81558,0.8157,1.13,2.18
2012.06.05 13:44:21.680,0.81558,0.81572,1.13,1.43
2012.06.05 13:44:21.750,0.81558,0.81572,1.13,2.18
2012.06.05 13:44:22.117,0.81562,0.81572,1.13,2.18
2012.06.05 13:44:22.193,0.81562,0.81574,1.13,2.02
2012.06.05 13:44:22.477,0.81564,0.81576,1.13,1.72
2012.06.05 13:44:22.796,0.81566,0.81578,1.13,2.55
2012.06.05 13:44:23.090,0.81563,0.81579,2.55,1.35
2012.06.05 13:44:23.634,0.81563,0.81578,1.13,1.50
2012.06.05 13:44:23.706,0.8156,0.81573,1.43,1.13
2012.06.05 13:44:24.086,0.81557,0.81572,1.13,1.88
2012.06.05 13:44:24.624,0.81557,0.81574,1.13,4.05
2012.06.05 13:44:25.574,0.81556,0.81571,1.13,1.43
2012.06.05 13:44:26.257,0.81557,0.81571,1.43,2.18
2012.06.05 13:44:26.587,0.81561,0.81575,1.13,2.18
2012.06.05 13:44:26.658,0.81559,0.81575,1.13,2.18
2012.06.05 13:44:26.930,0.81561,0.81577,1.13,1.50
2012.06.05 13:44:26.997,0.81561,0.81578,1.13,1.88
2012.06.05 13:44:27.065,0.81563,0.81578,1.13,1.88
2012.06.05 13:44:27.265,0.8156,0.81577,3.30,1.88
2012.06.05 13:44:27.516,0.81563,0.81578,1.13,4.05
2012.06.05 13:44:28.081,0.81563,0.81578,2.55,3.30
2012.06.05 13:44:28.596,0.81562,0.81577,1.13,1.88
2012.06.05 13:44:30.836,0.81563,0.81574,1.13,1.50
2012.06.05 13:44:31.479,0.81564,0.81574,1.43,1.50
2012.06.05 13:44:32.128,0.81564,0.81574,2.55,1.50
2012.06.05 13:44:32.267,0.81565,0.81578,1.13,1.50
2012.06.05 13:44:32.406,0.81565,0.81579,1.88,1.50
2012.06.05 13:44:32.538,0.81565,0.81581,1.88,3.30
2012.06.05 13:44:32.669,0.81565,0.81579,1.88,2.18
2012.06.05 13:44:33.415,0.81566,0.8158,1.43,2.18
2012.06.05 13:44:35.418,0.81566,0.81581,2.55,4.05
2012.06.05 13:44:35.748,0.81566,0.81579,1.43,1.88
2012.06.05 13:44:36.311,0.81566,0.81577,1.43,2.18
2012.06.05 13:44:36.654,0.81564,0.81576,1.13,2.93
2012.06.05 13:44:37.230,0.81564,0.81576,1.13,3.68
2012.06.05 13:44:37.369,0.81564,0.81576,1.13,3.68
2012.06.05 13:44:37.616,0.8156,0.81574,2.55,2.93
2012.06.05 13:44:38.359,0.81561,0.81574,2.55,1.13
2012.06.05 13:44:38.488,0.81561,0.81576,2.55,1.88
2012.06.05 13:44:38.628,0.81563,0.81578,1.43,5.55
2012.06.05 13:44:38.964,0.81563,0.81575,1.43,1.13
2012.06.05 13:44:39.229,0.8156,0.81575,1.13,1.13
2012.06.05 13:44:39.368,0.81558,0.81573,2.55,1.13
2012.06.05 13:44:40.722,0.81559,0.81574,1.13,1.88
2012.06.05 13:44:41.080,0.81557,0.81572,1.13,1.88
2012.06.05 13:44:42.015,0.81556,0.81572,1.43,1.88
2012.06.05 13:44:42.326,0.81554,0.81569,2.55,1.88
2012.06.05 13:44:42.587,0.81552,0.81568,2.63,2.55
2012.06.05 13:44:42.788,0.81554,0.81568,1.13,1.43
2012.06.05 13:44:43.171,0.81552,0.81567,1.13,3.30
2012.06.05 13:44:43.586,0.8155,0.81564,1.13,1.88
2012.06.05 13:44:43.665,0.81547,0.81564,1.13,3.30
2012.06.05 13:44:43.741,0.81547,0.81564,1.13,3.30
2012.06.05 13:44:44.349,0.81549,0.81564,1.43,2.63
2012.06.05 13:44:44.865,0.81549,0.81563,1.43,1.88
2012.06.05 13:44:44.997,0.81546,0.81563,2.55,1.88
2012.06.05 13:44:45.686,0.81546,0.81561,1.43,1.13
2012.06.05 13:44:46.881,0.81544,0.81559,4.05,1.13
2012.06.05 13:44:47.438,0.81545,0.81561,1.88,1.43
2012.06.05 13:44:47.977,0.81547,0.81562,1.43,1.88
2012.06.05 13:44:48.356,0.81545,0.81562,1.88,2.93
2012.06.05 13:44:48.904,0.81546,0.81562,2.18,1.50
2012.06.05 13:44:51.093,0.81548,0.81562,1.43,1.13
2012.06.05 13:44:51.173,0.81548,0.81565,3.30,1.88
2012.06.05 13:44:51.968,0.81548,0.81563,2.55,1.13
2012.06.05 13:44:52.305,0.8155,0.81565,1.13,1.88
2012.06.05 13:44:53.654,0.81549,0.81564,1.13,1.13
2012.06.05 13:44:55.133,0.81549,0.81564,1.13,1.88
2012.06.05 13:44:55.746,0.81548,0.81563,1.13,1.13
2012.06.05 13:44:56.232,0.81551,0.81563,2.18,1.13
2012.06.05 13:44:56.310,0.81551,0.81567,2.18,1.88
2012.06.05 13:44:56.506,0.81551,0.81567,2.93,1.13
2012.06.05 13:44:57.307,0.81551,0.81565,2.18,1.13
2012.06.05 13:44:57.876,0.8155,0.81565,1.88,1.13
2012.06.05 13:44:59.316,0.81548,0.81562,1.88,1.13
2012.06.05 13:44:59.649,0.81549,0.81564,1.13,1.13
2012.06.05 13:44:59.723,0.81547,0.81563,2.18,1.13
2012.06.05 13:44:59.858,0.81549,0.81562,1.43,1.13
2012.06.05 13:45:00.064,0.81546,0.81563,3.30,1.13
2012.06.05 13:45:00.198,0.81549,0.81564,1.13,2.55
2012.06.05 13:45:00.589,0.81551,0.81564,1.13,1.43
2012.06.05 13:45:00.662,0.81551,0.81566,1.88,2.55
2012.06.05 13:45:00.745,0.81553,0.81568,1.13,1.13
2012.06.05 13:45:01.988,0.81555,0.81568,1.43,1.13
2012.06.05 13:45:02.368,0.81553,0.81568,1.13,1.13
2012.06.05 13:45:02.758,0.81555,0.81569,1.13,1.50
2012.06.05 13:45:03.087,0.81558,0.8157,1.43,1.13
2012.06.05 13:45:03.407,0.81556,0.8157,1.43,1.13
2012.06.05 13:45:05.377,0.81556,0.81573,3.98,3.38
2012.06.05 13:45:05.448,0.81559,0.81573,1.43,3.38
2012.06.05 13:45:05.765,0.81562,0.81573,1.43,1.13
2012.06.05 13:45:06.064,0.81559,0.81573,2.85,1.13
2012.06.05 13:45:09.067,0.81561,0.81573,1.43,1.13
2012.06.05 13:45:09.290,0.81559,0.81573,2.85,1.13
2012.06.05 13:45:09.715,0.81561,0.81573,1.43,1.13
2012.06.05 13:45:10.420,0.81565,0.81576,1.13,1.50
2012.06.05 13:45:10.627,0.81562,0.81578,2.18,1.88
2012.06.05 13:45:11.178,0.81563,0.81578,1.43,1.88
2012.06.05 13:45:11.308,0.81563,0.81578,1.43,1.13
2012.06.05 13:45:12.110,0.81563,0.81579,1.43,1.88
2012.06.05 13:45:12.755,0.81563,0.81577,2.18,1.13
2012.06.05 13:45:12.886,0.81564,0.81581,1.13,3.68
2012.06.05 13:45:13.842,0.81563,0.81579,1.43,1.88
2012.06.05 13:45:14.379,0.81563,0.81578,1.43,1.88
2012.06.05 13:45:14.517,0.81563,0.81576,1.43,1.13
2012.06.05 13:45:14.857,0.8156,0.81573,2.18,1.13
2012.06.05 13:45:15.186,0.8156,0.81573,2.18,1.13
2012.06.05 13:45:15.477,0.81564,0.81578,1.13,1.43
2012.06.05 13:45:15.630,0.81562,0.81577,3.30,1.13
2012.06.05 13:45:16.186,0.81563,0.81578,1.13,1.50
2012.06.05 13:45:16.390,0.81568,0.81579,1.43,2.18
2012.06.05 13:45:16.516,0.81565,0.81579,2.55,2.18
2012.06.05 13:45:17.017,0.81564,0.8158,1.43,1.88
2012.06.05 13:45:18.405,0.81565,0.8158,1.13,1.88
2012.06.05 13:45:18.666,0.81565,0.81581,1.13,1.13
2012.06.05 13:45:19.146,0.81568,0.81581,1.13,1.13
2012.06.05 13:45:19.490,0.81566,0.81579,1.43,1.13
2012.06.05 13:45:19.745,0.81566,0.81579,1.43,1.88
2012.06.05 13:45:19.959,0.81563,0.81578,1.13,1.88
2012.06.05 13:45:20.496,0.81563,0.81578,1.88,1.88
2012.06.05 13:45:24.266,0.81564,0.81579,1.13,1.13
2012.06.05 13:45:24.957,0.81566,0.81581,1.13,1.88
2012.06.05 13:45:25.367,0.81568,0.81581,1.43,1.13
2012.06.05 13:45:25.896,0.81567,0.81581,2.18,1.13
2012.06.05 13:45:26.288,0.81568,0.81585,2.55,4.80
2012.06.05 13:45:26.625,0.8157,0.81586,1.13,1.13
2012.06.05 13:45:27.719,0.81571,0.81587,1.43,2.63
2012.06.05 13:45:28.449,0.81573,0.81588,2.55,1.50
2012.06.05 13:45:28.780,0.81578,0.8159,1.13,1.88
2012.06.05 13:45:29.188,0.8158,0.81595,1.13,1.50
2012.06.05 13:45:29.330,0.81582,0.81596,1.13,1.13
2012.06.05 13:45:29.460,0.81582,0.81597,1.13,1.13
2012.06.05 13:45:29.646,0.81583,0.81599,1.88,3.30
2012.06.05 13:45:30.364,0.81584,0.816,1.13,2.25
2012.06.05 13:45:30.514,0.81586,0.816,1.13,1.50
2012.06.05 13:45:30.658,0.81586,0.81601,1.13,4.05
2012.06.05 13:45:31.299,0.81584,0.81601,1.13,1.13
2012.06.05 13:45:31.438,0.81583,0.81598,1.88,1.13
2012.06.05 13:45:31.717,0.81587,0.81603,1.13,1.13
2012.06.05 13:45:31.787,0.81589,0.81603,1.13,1.13
2012.06.05 13:45:32.108,0.81593,0.81604,1.13,2.18
2012.06.05 13:45:32.547,0.81593,0.81608,2.55,1.50
2012.06.05 13:45:32.943,0.81594,0.81609,1.13,3.75
2012.06.05 13:45:34.185,0.81594,0.81609,1.13,2.63
2012.06.05 13:45:34.926,0.81591,0.81608,1.13,2.63
2012.06.05 13:45:34.994,0.81591,0.81608,1.13,2.63
2012.06.05 13:45:35.500,0.81591,0.81608,1.13,2.63
2012.06.05 13:45:37.769,0.8159,0.81607,1.13,1.88
2012.06.05 13:45:38.078,0.81591,0.81604,1.43,1.13
2012.06.05 13:45:38.149,0.81589,0.81604,1.88,1.13
2012.06.05 13:45:39.410,0.81589,0.81604,4.73,1.13
2012.06.05 13:45:39.552,0.81595,0.8161,1.13,1.88
2012.06.05 13:45:39.823,0.81597,0.81612,1.13,3.38
2012.06.05 13:45:40.250,0.81598,0.81613,1.13,1.13
2012.06.05 13:45:40.918,0.81597,0.81612,1.13,1.13
2012.06.05 13:45:44.641,0.81595,0.8161,2.55,1.13
2012.06.05 13:45:47.819,0.81595,0.81611,1.13,1.13
2012.06.05 13:45:49.250,0.81594,0.81611,1.88,1.13
2012.06.05 13:45:50.892,0.81597,0.81611,1.43,1.13
2012.06.05 13:45:51.038,0.81599,0.81614,1.13,1.88
2012.06.05 13:45:51.112,0.81601,0.81616,1.13,1.88
2012.06.05 13:45:51.646,0.81601,0.81616,1.88,1.13
2012.06.05 13:45:53.111,0.81601,0.81618,1.13,4.50
2012.06.05 13:45:53.429,0.81599,0.81616,1.13,1.88
2012.06.05 13:45:54.513,0.81598,0.81613,1.13,1.13
2012.06.05 13:45:55.108,0.81595,0.8161,2.63,1.13
2012.06.05 13:45:55.626,0.81595,0.8161,1.88,1.13
2012.06.05 13:45:56.161,0.81595,0.8161,1.88,1.13
2012.06.05 13:45:56.687,0.81595,0.8161,1.88,1.13
2012.06.05 13:45:57.018,0.81597,0.81612,1.13,1.13
2012.06.05 13:45:58.017,0.81595,0.8161,1.88,1.13
2012.06.05 13:45:58.345,0.81592,0.81607,1.88,1.13
2012.06.05 13:46:00.317,0.81593,0.81607,1.13,1.13
2012.06.05 13:46:06.084,0.81592,0.81609,3.30,1.13
2012.06.05 13:46:06.214,0.81592,0.81608,1.88,1.43
2012.06.05 13:46:06.646,0.81591,0.81608,2.55,2.55
2012.06.05 13:46:07.768,0.81591,0.81607,1.43,1.13
2012.06.05 13:46:08.280,0.8159,0.81606,1.88,1.43
2012.06.05 13:46:08.478,0.81588,0.81603,1.88,1.13
2012.06.05 13:46:08.677,0.81588,0.81603,1.13,1.13
2012.06.05 13:46:08.749,0.81587,0.81601,2.18,1.13
2012.06.05 13:46:09.010,0.81584,0.81601,3.30,1.88
2012.06.05 13:46:09.080,0.81584,0.81598,3.30,1.43
2012.06.05 13:46:09.617,0.81583,0.81599,2.25,1.43
2012.06.05 13:46:10.126,0.81583,0.81599,1.13,1.43
2012.06.05 13:46:11.457,0.81583,0.81596,1.13,1.43
2012.06.05 13:46:11.921,0.81581,0.81596,1.88,2.55
2012.06.05 13:46:12.337,0.81581,0.81593,1.13,1.43
2012.06.05 13:46:13.219,0.81582,0.81593,1.13,1.43
2012.06.05 13:46:13.289,0.81582,0.81596,1.13,1.43
2012.06.05 13:46:13.679,0.81582,0.81599,1.88,1.88
2012.06.05 13:46:14.258,0.81581,0.81598,3.30,1.88
2012.06.05 13:46:14.457,0.81581,0.81596,1.88,1.43
2012.06.05 13:46:15.038,0.81581,0.81595,1.13,1.50
2012.06.05 13:46:15.248,0.81576,0.81591,2.55,1.13
2012.06.05 13:46:15.632,0.81577,0.81594,1.13,1.13
2012.06.05 13:46:15.917,0.8158,0.81594,1.43,1.13
2012.06.05 13:46:16.140,0.81578,0.81594,1.43,2.55
2012.06.05 13:46:16.689,0.81579,0.81594,2.18,1.13
2012.06.05 13:46:16.967,0.81582,0.81596,1.13,2.18
2012.06.05 13:46:17.247,0.81584,0.81599,1.88,1.13
2012.06.05 13:46:17.438,0.81586,0.81599,1.43,1.13
2012.06.05 13:46:18.076,0.81584,0.81599,3.30,1.13
2012.06.05 13:46:18.666,0.81586,0.81599,1.43,1.13
2012.06.05 13:46:18.798,0.81584,0.81598,1.43,1.13
2012.06.05 13:46:18.868,0.81582,0.81598,1.43,1.13
2012.06.05 13:46:19.009,0.81583,0.81598,2.18,1.13
2012.06.05 13:46:19.346,0.81589,0.81598,1.43,1.13
2012.06.05 13:46:19.788,0.81587,0.81601,1.43,1.13
2012.06.05 13:46:20.607,0.81586,0.81601,1.13,1.13
2012.06.05 13:46:21.146,0.81585,0.816,1.88,1.13
2012.06.05 13:46:21.516,0.81583,0.816,3.30,1.88
2012.06.05 13:46:21.938,0.81583,0.81598,1.43,1.13
2012.06.05 13:46:22.012,0.81581,0.81598,2.55,2.55
2012.06.05 13:46:22.440,0.81581,0.81596,1.43,1.13
2012.06.05 13:46:22.775,0.81579,0.81593,2.55,1.43
2012.06.05 13:46:22.987,0.81579,0.81596,1.13,3.68
2012.06.05 13:46:23.268,0.81582,0.81596,1.13,1.88
2012.06.05 13:46:23.827,0.81582,0.81596,1.13,1.13
2012.06.05 13:46:24.617,0.81581,0.81596,3.30,1.13
2012.06.05 13:46:25.237,0.81584,0.81599,1.13,2.63
2012.06.05 13:46:25.846,0.81584,0.81599,2.18,1.13
2012.06.05 13:46:26.170,0.81585,0.81601,2.18,1.50
2012.06.05 13:46:26.591,0.81588,0.816,1.88,1.43
2012.06.05 13:46:27.511,0.8159,0.81603,2.18,1.13
2012.06.05 13:46:27.952,0.8159,0.81607,3.98,4.43
2012.06.05 13:46:28.300,0.8159,0.81607,1.88,1.13
2012.06.05 13:46:28.815,0.81593,0.81607,1.43,1.13
2012.06.05 13:46:30.459,0.81593,0.81607,2.18,1.13
2012.06.05 13:46:30.786,0.81596,0.81607,1.43,1.13
2012.06.05 13:46:30.856,0.81592,0.81607,2.18,1.13
2012.06.05 13:46:31.397,0.81594,0.81607,2.18,1.13
2012.06.05 13:46:31.737,0.81595,0.81609,2.18,1.13
2012.06.05 13:46:33.724,0.81597,0.81611,1.43,1.13
2012.06.05 13:46:34.768,0.81597,0.81609,1.43,1.13
2012.06.05 13:46:35.520,0.81597,0.81608,1.43,1.13
2012.06.05 13:46:36.095,0.81593,0.81608,2.18,1.13
2012.06.05 13:46:36.593,0.81591,0.81605,2.18,1.13
2012.06.05 13:46:36.919,0.8159,0.81603,2.18,2.55
2012.06.05 13:46:37.468,0.81588,0.81603,2.18,1.13
2012.06.05 13:46:38.144,0.81588,0.81604,2.18,1.13
2012.06.05 13:46:38.414,0.81588,0.81604,2.18,1.13
2012.06.05 13:46:38.617,0.81588,0.81604,2.18,1.13
2012.06.05 13:46:38.959,0.81585,0.81599,1.50,1.13
2012.06.05 13:46:39.352,0.81586,0.81601,1.88,1.43
2012.06.05 13:46:39.639,0.81589,0.81605,2.18,1.13
2012.06.05 13:46:39.836,0.81589,0.81603,2.18,1.13
2012.06.05 13:46:40.059,0.81591,0.81606,1.88,4.73
2012.06.05 13:46:40.201,0.81591,0.81603,1.88,1.43
2012.06.05 13:46:40.651,0.81591,0.81606,3.30,1.13
2012.06.05 13:46:41.192,0.81592,0.81607,1.88,1.13
2012.06.05 13:46:41.319,0.81592,0.81607,1.88,1.13
2012.06.05 13:46:42.812,0.81592,0.81607,1.88,2.55
2012.06.05 13:46:42.892,0.81592,0.81605,1.88,1.43
2012.06.05 13:46:43.101,0.81589,0.81605,1.88,1.43
2012.06.05 13:46:43.321,0.81588,0.81602,1.88,1.43
2012.06.05 13:46:43.819,0.81587,0.816,1.88,1.43
2012.06.05 13:46:43.887,0.81587,0.816,1.13,1.43
2012.06.05 13:46:44.227,0.81584,0.81597,1.13,1.43
2012.06.05 13:46:44.788,0.81583,0.81597,1.50,1.43
2012.06.05 13:46:45.127,0.8158,0.81594,1.88,2.18
2012.06.05 13:46:45.644,0.8158,0.81592,1.88,2.18
2012.06.05 13:46:46.002,0.81579,0.81592,2.63,2.93
2012.06.05 13:46:46.328,0.81575,0.81589,1.50,1.88
2012.06.05 13:46:46.866,0.81574,0.81589,1.88,1.13
2012.06.05 13:46:47.056,0.81574,0.81589,1.13,1.13
2012.06.05 13:46:47.576,0.81574,0.8159,1.13,3.30
2012.06.05 13:46:48.438,0.81573,0.81589,2.18,1.13
2012.06.05 13:46:49.703,0.81575,0.8159,1.13,3.30
2012.06.05 13:46:52.415,0.81574,0.81589,1.13,1.13
2012.06.05 13:46:54.216,0.81574,0.8159,1.13,2.18
2012.06.05 13:46:55.325,0.81576,0.8159,1.13,2.18
2012.06.05 13:46:55.917,0.81577,0.8159,1.13,1.43
2012.06.05 13:47:01.057,0.81576,0.8159,2.25,1.43
2012.06.05 13:47:01.926,0.81576,0.8159,3.00,1.43
2012.06.05 13:47:02.494,0.81577,0.81591,1.50,1.13
2012.06.05 13:47:03.238,0.81577,0.81593,1.50,1.13
2012.06.05 13:47:03.365,0.81577,0.81593,2.25,1.13
2012.06.05 13:47:06.728,0.81577,0.81592,4.80,1.13
2012.06.05 13:47:07.354,0.81577,0.81592,4.80,1.13
2012.06.05 13:47:07.897,0.81579,0.81594,1.13,2.55
2012.06.05 13:47:08.603,0.81579,0.81594,1.88,1.13
2012.06.05 13:47:09.257,0.81579,0.81594,1.13,1.13
2012.06.05 13:47:09.627,0.81579,0.81594,1.88,1.13
2012.06.05 13:47:15.007,0.81579,0.81596,1.88,1.13
2012.06.05 13:47:15.319,0.81579,0.81596,1.88,1.88
2012.06.05 13:47:15.387,0.81578,0.81594,3.68,1.13
2012.06.05 13:47:15.728,0.81578,0.81589,1.43,1.13
2012.06.05 13:47:16.068,0.81575,0.81589,1.50,1.13
2012.06.05 13:47:16.605,0.81573,0.81588,1.50,1.43
2012.06.05 13:47:17.229,0.81574,0.81589,1.50,1.13
2012.06.05 13:47:17.740,0.81572,0.81588,2.63,1.43
2012.06.05 13:47:23.397,0.81573,0.81588,1.88,2.55
2012.06.05 13:47:23.845,0.81574,0.81591,1.88,1.13
2012.06.05 13:47:26.179,0.81574,0.81588,1.88,1.43
2012.06.05 13:47:26.728,0.81572,0.81588,1.88,1.43
2012.06.05 13:47:27.367,0.81575,0.81588,1.13,1.43
2012.06.05 13:47:27.511,0.81577,0.81591,1.43,1.13
2012.06.05 13:47:27.882,0.81578,0.81594,1.88,1.43
2012.06.05 13:47:28.208,0.81581,0.81594,1.88,1.43
2012.06.05 13:47:28.398,0.81581,0.81596,1.88,1.13
2012.06.05 13:47:28.682,0.81586,0.816,1.43,2.63
2012.06.05 13:47:28.761,0.81586,0.816,1.43,1.13
2012.06.05 13:47:28.978,0.81586,0.81603,3.98,3.68
2012.06.05 13:47:29.049,0.81588,0.81603,1.43,2.25
2012.06.05 13:47:29.388,0.81588,0.81603,3.30,1.13
2012.06.05 13:47:30.035,0.81591,0.81603,1.43,1.13
2012.06.05 13:47:31.221,0.81591,0.81606,1.43,1.13
2012.06.05 13:47:31.297,0.81595,0.81606,1.43,1.13
2012.06.05 13:47:31.758,0.81592,0.81606,1.43,1.13
2012.06.05 13:47:33.076,0.81592,0.81603,1.43,1.88
2012.06.05 13:47:33.152,0.81588,0.81602,1.43,1.13
2012.06.05 13:47:33.228,0.81586,0.81602,2.25,1.13
2012.06.05 13:47:33.302,0.81585,0.81599,1.50,1.13
2012.06.05 13:47:33.848,0.81583,0.81598,5.93,1.13
2012.06.05 13:47:34.511,0.81583,0.81598,1.43,1.13
2012.06.05 13:47:34.646,0.81583,0.81596,1.43,1.13
2012.06.05 13:47:34.930,0.8158,0.81595,2.18,1.13
2012.06.05 13:47:36.366,0.81578,0.81595,1.50,2.55
2012.06.05 13:47:36.928,0.81577,0.81594,2.63,1.13
2012.06.05 13:47:37.469,0.81578,0.81594,1.50,1.13
2012.06.05 13:47:38.017,0.81577,0.81594,2.63,1.13
2012.06.05 13:47:38.518,0.81577,0.81594,1.88,1.13
2012.06.05 13:47:39.078,0.81577,0.81594,3.38,1.13
2012.06.05 13:47:39.209,0.81577,0.81592,2.25,1.13
2012.06.05 13:47:39.857,0.81577,0.81593,1.50,1.13
2012.06.05 13:47:40.209,0.81577,0.81593,2.25,1.13
2012.06.05 13:47:40.399,0.81578,0.81595,1.88,2.55
2012.06.05 13:47:40.544,0.81582,0.81595,2.25,1.13
2012.06.05 13:47:40.759,0.81585,0.81599,1.88,1.72
2012.06.05 13:47:41.136,0.81585,0.816,1.88,1.50
2012.06.05 13:47:41.482,0.8159,0.81601,2.55,1.13
2012.06.05 13:47:41.768,0.8159,0.81602,3.30,1.50
2012.06.05 13:47:42.047,0.81592,0.81606,2.18,1.50
2012.06.05 13:47:42.116,0.81592,0.81606,2.18,1.50
2012.06.05 13:47:42.318,0.8159,0.81602,2.93,1.13
2012.06.05 13:47:43.070,0.81587,0.81602,2.63,1.13
2012.06.05 13:47:43.149,0.81587,0.81599,1.50,1.13
2012.06.05 13:47:44.330,0.81587,0.81599,2.25,1.13
2012.06.05 13:47:44.649,0.81596,0.81604,1.43,1.13
2012.06.05 13:47:44.849,0.81596,0.81611,2.55,1.88
2012.06.05 13:47:46.205,0.81596,0.81611,1.88,1.13
2012.06.05 13:47:46.336,0.81596,0.81612,1.88,1.50
2012.06.05 13:47:46.866,0.81595,0.81611,2.18,1.13
2012.06.05 13:47:47.419,0.81595,0.81611,2.18,1.13
2012.06.05 13:47:47.818,0.81593,0.81609,2.18,3.30
2012.06.05 13:47:48.214,0.81595,0.8161,1.13,3.30
2012.06.05 13:47:48.945,0.81594,0.81609,1.88,1.13
2012.06.05 13:47:49.539,0.81597,0.81609,1.43,1.13
2012.06.05 13:47:51.555,0.81594,0.81609,1.13,1.13
2012.06.05 13:47:52.145,0.81592,0.81609,2.55,1.13
2012.06.05 13:47:52.738,0.81592,0.81609,3.30,1.13
2012.06.05 13:47:53.266,0.81593,0.8161,1.88,1.88
2012.06.05 13:47:53.336,0.81593,0.8161,1.88,1.13
2012.06.05 13:47:53.841,0.81593,0.81608,1.88,1.13
2012.06.05 13:47:54.157,0.81593,0.81607,1.13,1.43
2012.06.05 13:47:54.708,0.81594,0.81607,1.88,1.43
2012.06.05 13:47:55.257,0.81598,0.81607,1.13,1.43
2012.06.05 13:47:55.489,0.81598,0.8161,1.88,1.43
2012.06.05 13:47:55.559,0.81598,0.81612,1.88,1.43
2012.06.05 13:47:55.690,0.81599,0.81614,1.13,1.13
2012.06.05 13:47:56.234,0.816,0.81614,1.43,1.13
2012.06.05 13:47:56.808,0.816,0.81617,2.55,2.55
2012.06.05 13:47:56.879,0.816,0.81615,1.13,1.43
2012.06.05 13:47:57.269,0.81604,0.81617,1.13,1.43
2012.06.05 13:47:57.479,0.81607,0.81622,1.43,1.13
2012.06.05 13:47:58.007,0.81607,0.81623,2.55,1.88
2012.06.05 13:47:58.215,0.81607,0.81623,4.73,1.88
2012.06.05 13:47:58.446,0.81607,0.81623,3.98,1.88
2012.06.05 13:47:58.666,0.81609,0.81623,1.43,2.63
2012.06.05 13:47:58.878,0.81606,0.81622,2.55,2.18
2012.06.05 13:47:59.554,0.81609,0.81624,1.13,2.55
2012.06.05 13:48:00.118,0.8161,0.81625,2.18,2.55
2012.06.05 13:48:01.025,0.81609,0.81623,1.13,1.13
2012.06.05 13:48:01.586,0.81609,0.81621,1.13,1.43
2012.06.05 13:48:02.268,0.81607,0.81621,1.13,1.43
2012.06.05 13:48:02.776,0.81606,0.8162,1.13,1.43
2012.06.05 13:48:02.978,0.81608,0.81622,1.43,1.13
2012.06.05 13:48:03.118,0.81606,0.81621,1.13,1.13
2012.06.05 13:48:03.594,0.81605,0.81617,3.30,1.43
2012.06.05 13:48:03.668,0.81605,0.81619,1.13,2.85
2012.06.05 13:48:03.799,0.81607,0.81619,1.13,1.43
2012.06.05 13:48:04.280,0.81608,0.81623,1.13,1.43
2012.06.05 13:48:04.488,0.81607,0.8162,1.13,1.43
2012.06.05 13:48:04.688,0.81605,0.8162,1.13,1.43
2012.06.05 13:48:04.755,0.81605,0.81618,1.13,1.43
2012.06.05 13:48:04.826,0.81605,0.8162,1.13,1.43
2012.06.05 13:48:05.349,0.81608,0.81622,1.13,4.73
2012.06.05 13:48:05.418,0.81608,0.81623,1.13,1.88
2012.06.05 13:48:05.959,0.81606,0.81619,1.13,1.43
2012.06.05 13:48:06.033,0.81606,0.81621,1.13,1.43
2012.06.05 13:48:06.397,0.81607,0.81624,1.13,1.88
2012.06.05 13:48:06.474,0.81607,0.81622,1.88,1.13
2012.06.05 13:48:07.030,0.81607,0.81621,1.88,1.43
2012.06.05 13:48:07.720,0.81608,0.81623,1.88,1.13
2012.06.05 13:48:08.297,0.81608,0.81621,1.88,1.43
2012.06.05 13:48:08.940,0.81611,0.81624,1.13,1.43
2012.06.05 13:48:09.269,0.81609,0.81621,1.13,1.43
2012.06.05 13:48:09.663,0.81609,0.81624,1.13,2.55
2012.06.05 13:48:10.209,0.8161,0.81623,1.43,1.13
2012.06.05 13:48:10.836,0.81607,0.81624,3.30,2.93
2012.06.05 13:48:10.909,0.81607,0.81622,3.30,1.13
2012.06.05 13:48:11.447,0.81607,0.81618,1.43,1.13
2012.06.05 13:48:12.001,0.81603,0.81618,1.88,1.13
2012.06.05 13:48:12.658,0.81603,0.81617,1.88,1.43
2012.06.05 13:48:12.738,0.81601,0.81616,1.50,1.13
2012.06.05 13:48:15.806,0.81598,0.81613,5.48,1.13
2012.06.05 13:48:16.055,0.81598,0.81613,3.30,1.13
2012.06.05 13:48:16.932,0.81599,0.81614,3.30,1.13
2012.06.05 13:48:17.437,0.81597,0.81613,3.38,1.43
2012.06.05 13:48:18.048,0.81597,0.81613,1.88,1.43
2012.06.05 13:48:19.083,0.81599,0.81614,2.93,1.13
2012.06.05 13:48:19.709,0.81601,0.81614,2.93,1.13
2012.06.05 13:48:20.349,0.81601,0.81617,2.93,1.13
2012.06.05 13:48:20.860,0.81602,0.81618,1.88,1.43
2012.06.05 13:48:22.109,0.81601,0.81614,2.18,1.13
2012.06.05 13:48:22.320,0.81601,0.81614,1.43,1.13
2012.06.05 13:48:22.388,0.81598,0.81614,1.43,1.13
2012.06.05 13:48:22.459,0.81597,0.81612,2.78,1.43
2012.06.05 13:48:23.050,0.816,0.81612,1.13,1.43
2012.06.05 13:48:23.123,0.816,0.81615,1.13,2.55
2012.06.05 13:48:23.701,0.816,0.81615,1.88,2.55
2012.06.05 13:48:24.158,0.81597,0.81613,1.50,1.13
2012.06.05 13:48:24.350,0.81597,0.8161,1.50,1.13
2012.06.05 13:48:24.855,0.81595,0.8161,1.50,1.13
2012.06.05 13:48:25.208,0.81595,0.81608,1.50,1.43
2012.06.05 13:48:25.397,0.81593,0.81608,1.50,1.43
2012.06.05 13:48:25.941,0.81592,0.81607,3.30,1.13
2012.06.05 13:48:27.297,0.81592,0.81607,3.30,1.13
2012.06.05 13:48:27.371,0.81596,0.81611,1.88,2.18
2012.06.05 13:48:27.901,0.81602,0.81616,2.18,1.88
2012.06.05 13:48:28.180,0.816,0.81615,1.43,2.18
2012.06.05 13:48:28.388,0.81599,0.81615,1.13,1.43
2012.06.05 13:48:28.768,0.81599,0.81612,1.13,1.43
2012.06.05 13:48:29.110,0.81595,0.8161,2.63,1.13
2012.06.05 13:48:29.659,0.81594,0.81611,1.88,3.30
2012.06.05 13:48:30.371,0.81595,0.8161,1.13,2.55
2012.06.05 13:48:30.878,0.81595,0.81609,1.13,1.43
2012.06.05 13:48:31.445,0.81596,0.8161,1.50,1.13
2012.06.05 13:48:31.989,0.81594,0.81609,4.73,2.55
2012.06.05 13:48:32.468,0.81594,0.81606,3.53,1.13
2012.06.05 13:48:32.973,0.81591,0.81607,1.88,3.60
2012.06.05 13:48:33.048,0.81591,0.81607,1.13,3.60
2012.06.05 13:48:33.398,0.81593,0.81607,1.43,2.18
2012.06.05 13:48:35.476,0.81591,0.81605,1.13,1.43
2012.06.05 13:48:35.556,0.81589,0.81605,1.13,1.43
2012.06.05 13:48:36.036,0.81586,0.81603,4.05,2.55
2012.06.05 13:48:36.358,0.81585,0.81601,1.88,2.85
2012.06.05 13:48:36.866,0.81585,0.81601,1.88,1.43
2012.06.05 13:48:37.437,0.81589,0.81601,1.13,1.43
2012.06.05 13:48:38.420,0.81586,0.81601,1.88,1.43
2012.06.05 13:48:38.866,0.81591,0.81601,1.13,1.43
2012.06.05 13:48:39.318,0.81591,0.81605,1.13,2.18
2012.06.05 13:48:39.908,0.81592,0.81605,1.13,2.18
2012.06.05 13:48:42.299,0.81593,0.81606,1.13,2.18
2012.06.05 13:48:42.369,0.81593,0.81604,1.13,1.43
2012.06.05 13:48:42.496,0.81591,0.81607,1.88,1.13
2012.06.05 13:48:42.687,0.81591,0.81605,1.88,1.43
2012.06.05 13:48:43.668,0.81592,0.81605,1.13,1.43
2012.06.05 13:48:44.061,0.81592,0.81607,1.13,1.43
2012.06.05 13:48:45.288,0.81594,0.81607,1.13,1.43
2012.06.05 13:48:45.358,0.81594,0.81609,2.55,1.88
2012.06.05 13:48:45.430,0.81594,0.81607,1.13,1.43
2012.06.05 13:48:45.567,0.81594,0.81609,1.13,1.13
2012.06.05 13:48:46.076,0.81594,0.81609,1.13,1.88
2012.06.05 13:48:47.245,0.81594,0.81607,1.13,1.43
2012.06.05 13:48:47.319,0.81591,0.81607,1.88,1.43
2012.06.05 13:48:47.386,0.81594,0.81608,1.43,1.88
2012.06.05 13:48:47.457,0.81591,0.81608,1.88,3.30
2012.06.05 13:48:50.217,0.81591,0.81603,1.88,1.43
2012.06.05 13:48:50.347,0.81591,0.81607,1.88,1.43
2012.06.05 13:48:51.032,0.81591,0.81605,1.88,1.43
2012.06.05 13:48:51.108,0.81591,0.81605,1.13,1.43
2012.06.05 13:48:55.305,0.81591,0.81608,3.30,1.13
2012.06.05 13:48:55.856,0.81591,0.81608,4.80,1.13
2012.06.05 13:48:56.666,0.81592,0.81609,2.63,1.13
2012.06.05 13:48:57.006,0.81592,0.81607,1.88,1.13
2012.06.05 13:48:57.507,0.81592,0.81606,1.88,1.43
2012.06.05 13:48:58.035,0.81592,0.81607,1.13,1.13
2012.06.05 13:48:58.565,0.81592,0.81606,1.13,1.43
2012.06.05 13:48:58.636,0.81589,0.81606,5.18,2.55
2012.06.05 13:48:59.226,0.81591,0.81606,1.13,2.55
2012.06.05 13:48:59.479,0.8159,0.81603,1.88,1.43
2012.06.05 13:48:59.605,0.8159,0.81605,1.88,1.13
2012.06.05 13:49:00.435,0.8159,0.81603,1.13,1.43
2012.06.05 13:49:01.619,0.8159,0.81605,1.88,1.13
2012.06.05 13:49:01.958,0.8159,0.81603,1.13,1.43
2012.06.05 13:49:02.147,0.81588,0.81603,1.13,2.55
2012.06.05 13:49:03.169,0.81589,0.81603,1.13,1.43
2012.06.05 13:49:04.125,0.81589,0.81604,4.80,1.13
2012.06.05 13:49:04.268,0.81591,0.81607,2.55,2.55
2012.06.05 13:49:04.843,0.81591,0.81607,4.80,1.13
2012.06.05 13:49:06.068,0.81591,0.81608,4.80,2.55
2012.06.05 13:49:06.838,0.81596,0.81608,1.13,1.43
2012.06.05 13:49:07.147,0.81598,0.81608,1.13,1.43
2012.06.05 13:49:07.280,0.81599,0.81611,1.13,1.43
2012.06.05 13:49:07.351,0.81601,0.81612,1.13,1.43
2012.06.05 13:49:07.417,0.81601,0.81614,1.13,2.18
2012.06.05 13:49:07.746,0.81601,0.81616,1.13,1.13
2012.06.05 13:49:08.005,0.81601,0.81614,1.13,1.43
2012.06.05 13:49:09.419,0.81597,0.81614,3.30,2.55
2012.06.05 13:49:09.491,0.81597,0.81611,1.88,1.43
2012.06.05 13:49:09.709,0.81601,0.81616,1.13,1.88
2012.06.05 13:49:10.162,0.81603,0.81617,1.13,2.18
2012.06.05 13:49:10.488,0.81603,0.81612,1.13,1.43
2012.06.05 13:49:10.765,0.81599,0.81612,1.13,1.43
2012.06.05 13:49:14.636,0.81599,0.81613,1.13,1.43
2012.06.05 13:49:14.946,0.81599,0.81615,1.13,2.18
2012.06.05 13:49:16.144,0.81599,0.81615,1.13,2.18
2012.06.05 13:49:16.969,0.81599,0.81615,1.88,1.43
2012.06.05 13:49:17.908,0.81599,0.81614,1.13,1.43
2012.06.05 13:49:17.978,0.81599,0.81611,1.13,1.43
2012.06.05 13:49:18.106,0.81596,0.8161,2.63,1.13
2012.06.05 13:49:18.693,0.81594,0.81609,3.30,1.13
2012.06.05 13:49:19.276,0.81594,0.81608,1.13,1.43
2012.06.05 13:49:21.390,0.81595,0.81608,1.13,1.43
2012.06.05 13:49:21.904,0.81596,0.81608,1.13,1.43
2012.06.05 13:49:22.366,0.81594,0.81608,1.13,1.43
2012.06.05 13:49:24.308,0.81595,0.81608,1.13,1.43
2012.06.05 13:49:25.349,0.81595,0.8161,2.55,1.13
2012.06.05 13:49:25.420,0.81597,0.8161,1.43,1.13
2012.06.05 13:49:25.488,0.81595,0.8161,1.13,1.13
2012.06.05 13:49:27.516,0.81595,0.81611,1.88,1.43
2012.06.05 13:49:28.288,0.81595,0.81611,1.13,2.18
2012.06.05 13:49:30.036,0.81595,0.81611,1.13,2.18
2012.06.05 13:49:30.377,0.81597,0.81611,1.13,2.18
2012.06.05 13:49:30.905,0.81597,0.81611,1.13,1.43
2012.06.05 13:49:32.386,0.81596,0.81611,1.13,2.55
2012.06.05 13:49:33.096,0.81597,0.81611,1.13,1.43
2012.06.05 13:49:33.166,0.81597,0.81614,1.13,2.63
2012.06.05 13:49:33.795,0.81597,0.81611,1.13,1.43
2012.06.05 13:49:33.865,0.81597,0.81614,2.55,2.55
2012.06.05 13:49:34.197,0.81597,0.81611,1.13,1.43
2012.06.05 13:49:34.629,0.81595,0.81611,1.13,2.18
2012.06.05 13:49:35.235,0.81594,0.81609,3.90,1.13
2012.06.05 13:49:35.522,0.81591,0.81607,1.80,1.88
2012.06.05 13:49:35.601,0.8159,0.81605,5.18,1.43
2012.06.05 13:49:36.291,0.8159,0.81605,1.88,1.13
2012.06.05 13:49:36.686,0.81587,0.816,3.38,1.43
2012.06.05 13:49:37.277,0.81587,0.81604,1.88,3.30
2012.06.05 13:49:37.348,0.81587,0.816,1.13,1.43
2012.06.05 13:49:40.796,0.81586,0.816,1.88,1.43
2012.06.05 13:49:41.279,0.81589,0.81604,1.13,3.30
2012.06.05 13:49:41.628,0.81589,0.81604,1.88,3.30
2012.06.05 13:49:42.149,0.8159,0.81604,1.50,1.13
2012.06.05 13:49:42.748,0.81591,0.81606,1.13,3.30
2012.06.05 13:49:43.754,0.8159,0.81605,1.88,1.13
2012.06.05 13:49:45.846,0.81591,0.81606,1.13,3.30
2012.06.05 13:49:46.189,0.81591,0.81608,3.30,1.13
2012.06.05 13:49:46.927,0.81593,0.81608,1.13,1.13
2012.06.05 13:49:47.907,0.81593,0.8161,1.88,3.30
2012.06.05 13:49:48.579,0.81593,0.8161,2.63,3.30
2012.06.05 13:49:49.082,0.81593,0.8161,1.88,3.30
2012.06.05 13:49:50.277,0.81593,0.8161,2.63,3.30
2012.06.05 13:49:50.848,0.81596,0.81611,1.13,3.30
2012.06.05 13:49:51.037,0.81597,0.81612,2.55,1.88
2012.06.05 13:49:51.577,0.81597,0.81612,1.13,3.30
2012.06.05 13:49:52.182,0.81596,0.81612,1.50,3.30
2012.06.05 13:49:52.707,0.81595,0.81612,3.30,3.30
2012.06.05 13:49:52.899,0.81594,0.81609,2.63,1.43
2012.06.05 13:49:53.864,0.81593,0.81609,3.23,1.43
2012.06.05 13:49:54.568,0.81593,0.81607,1.35,1.13
2012.06.05 13:49:55.090,0.81592,0.81607,2.55,1.88
2012.06.05 13:49:55.641,0.81592,0.81607,2.55,1.13
2012.06.05 13:49:56.179,0.81593,0.81608,1.13,1.88
2012.06.05 13:49:56.490,0.81593,0.81607,1.13,2.18
2012.06.05 13:49:57.075,0.81593,0.81607,1.13,2.18
2012.06.05 13:49:57.146,0.8159,0.81607,1.13,3.30
2012.06.05 13:49:57.969,0.8159,0.81607,1.13,3.30
2012.06.05 13:49:58.105,0.8159,0.81607,1.13,3.30
2012.06.05 13:49:58.495,0.8159,0.81607,1.13,3.30
2012.06.05 13:49:59.050,0.8159,0.81607,1.88,3.30
2012.06.05 13:49:59.497,0.81592,0.81606,1.13,1.13
2012.06.05 13:50:00.655,0.81591,0.81606,1.13,1.13
2012.06.05 13:50:01.164,0.81591,0.81606,1.13,1.88
2012.06.05 13:50:01.748,0.81591,0.81606,1.13,1.13
2012.06.05 13:50:03.307,0.81592,0.81607,1.13,1.13
2012.06.05 13:50:03.817,0.81592,0.81609,1.13,1.88
2012.06.05 13:50:06.398,0.81594,0.81609,1.13,1.88
2012.06.05 13:50:07.159,0.81596,0.8161,1.13,1.43
2012.06.05 13:50:07.476,0.81598,0.81612,1.88,2.18
2012.06.05 13:50:08.007,0.81597,0.81611,1.13,1.13
2012.06.05 13:50:08.816,0.81599,0.81611,1.43,1.13
2012.06.05 13:50:09.147,0.81599,0.81613,1.43,1.88
2012.06.05 13:50:09.947,0.81598,0.81613,1.13,1.88
2012.06.05 13:50:10.751,0.81601,0.81613,1.50,1.13
2012.06.05 13:50:11.508,0.81603,0.81613,1.50,1.13
2012.06.05 13:50:12.082,0.81604,0.81613,1.50,1.13
2012.06.05 13:50:12.606,0.81604,0.81614,1.50,1.13
2012.06.05 13:50:13.088,0.81605,0.81618,2.25,1.13
2012.06.05 13:50:13.230,0.81607,0.81618,1.50,1.13
2012.06.05 13:50:13.737,0.81608,0.8162,1.50,1.13
2012.06.05 13:50:14.068,0.81607,0.81618,1.50,1.13
2012.06.05 13:50:14.212,0.81604,0.81618,2.25,1.13
2012.06.05 13:50:14.817,0.81603,0.81614,1.50,1.13
2012.06.05 13:50:15.601,0.81606,0.81618,1.50,1.88
2012.06.05 13:50:15.677,0.81606,0.81615,1.50,1.13
2012.06.05 13:50:16.082,0.81606,0.81614,1.50,1.13
2012.06.05 13:50:16.158,0.816,0.81614,1.50,1.13
2012.06.05 13:50:16.441,0.81599,0.81614,3.68,1.13
2012.06.05 13:50:17.193,0.81599,0.81614,2.18,1.13
2012.06.05 13:50:19.538,0.81599,0.81614,2.55,1.88
2012.06.05 13:50:19.670,0.81603,0.81614,1.43,1.88
2012.06.05 13:50:19.810,0.81597,0.81613,1.13,2.18
2012.06.05 13:50:19.962,0.81596,0.81611,2.18,1.13
2012.06.05 13:50:20.528,0.81595,0.81609,1.13,1.43
2012.06.05 13:50:21.035,0.81595,0.8161,1.13,2.93
2012.06.05 13:50:21.816,0.81595,0.81609,1.13,2.18
2012.06.05 13:50:22.336,0.81595,0.8161,2.55,4.05
2012.06.05 13:50:24.058,0.81593,0.8161,3.30,5.48
2012.06.05 13:50:24.801,0.81593,0.8161,1.13,5.48
2012.06.05 13:50:24.878,0.81593,0.8161,1.13,5.48
2012.06.05 13:50:25.447,0.81593,0.8161,1.13,6.23
2012.06.05 13:50:26.008,0.81595,0.8161,1.43,4.80
2012.06.05 13:50:26.598,0.81595,0.8161,2.55,4.05
2012.06.05 13:50:27.048,0.81595,0.8161,2.55,1.88
2012.06.05 13:50:27.385,0.81594,0.81609,1.13,3.30
2012.06.05 13:50:27.897,0.81595,0.8161,1.13,3.68
2012.06.05 13:50:28.294,0.81598,0.81613,1.13,3.30
2012.06.05 13:50:28.438,0.81599,0.81613,1.43,1.13
2012.06.05 13:50:28.582,0.81602,0.81615,1.13,2.10
2012.06.05 13:50:28.927,0.81605,0.81616,1.43,1.35
2012.06.05 13:50:29.138,0.81605,0.81617,1.43,1.13
2012.06.05 13:50:29.279,0.81602,0.81616,1.43,1.13
2012.06.05 13:50:29.598,0.81604,0.81616,1.43,1.88
2012.06.05 13:50:29.669,0.81601,0.81615,1.13,1.43
2012.06.05 13:50:29.738,0.81599,0.81615,2.93,2.55
2012.06.05 13:50:29.946,0.816,0.81615,1.43,1.88
2012.06.05 13:50:30.016,0.81598,0.81614,1.13,2.18
2012.06.05 13:50:30.146,0.816,0.81615,1.43,1.88
2012.06.05 13:50:30.444,0.816,0.81615,1.43,1.88
2012.06.05 13:50:33.359,0.816,0.81614,1.43,1.13
2012.06.05 13:50:33.826,0.816,0.81617,2.55,3.30
2012.06.05 13:50:34.379,0.816,0.81617,4.73,3.30
2012.06.05 13:50:34.454,0.81603,0.81618,1.43,1.88
2012.06.05 13:50:34.907,0.816,0.81616,2.18,1.13
2012.06.05 13:50:35.308,0.81599,0.81615,1.88,2.18
2012.06.05 13:50:38.539,0.81597,0.81614,3.38,1.88
2012.06.05 13:50:39.260,0.81597,0.81614,1.13,1.88
2012.06.05 13:50:39.450,0.81599,0.81612,1.43,1.13
2012.06.05 13:50:39.976,0.81598,0.81613,1.13,1.88
2012.06.05 13:50:40.485,0.81597,0.81612,2.55,1.88
2012.06.05 13:50:41.046,0.81597,0.81611,1.13,1.43
2012.06.05 13:50:41.717,0.81595,0.81611,1.88,1.43
2012.06.05 13:50:42.050,0.81594,0.81609,1.43,1.13
2012.06.05 13:50:42.558,0.81594,0.81607,1.43,1.13
2012.06.05 13:50:42.882,0.81592,0.81607,1.13,1.88
2012.06.05 13:50:43.580,0.81592,0.81606,1.13,1.43
2012.06.05 13:50:44.389,0.81592,0.81607,1.13,1.13
2012.06.05 13:50:44.731,0.81588,0.81602,2.63,1.43
2012.06.05 13:50:45.259,0.81588,0.81602,1.13,1.43
2012.06.05 13:50:45.789,0.81587,0.81602,1.13,3.30
2012.06.05 13:50:46.139,0.81585,0.816,1.13,2.55
2012.06.05 13:50:46.467,0.81582,0.81599,2.63,1.13
2012.06.05 13:50:46.880,0.81582,0.81599,3.38,1.13
2012.06.05 13:50:47.186,0.81582,0.81596,3.38,1.43
2012.06.05 13:50:47.944,0.81582,0.81596,3.38,1.43
2012.06.05 13:50:48.019,0.81582,0.81599,2.63,1.13
2012.06.05 13:50:48.944,0.81582,0.81599,2.63,1.13
2012.06.05 13:50:49.209,0.81582,0.81596,2.63,1.43
2012.06.05 13:50:49.778,0.8158,0.81596,3.00,1.43
2012.06.05 13:50:50.321,0.81583,0.81597,1.43,1.88
2012.06.05 13:50:50.471,0.81581,0.81597,1.43,1.13
2012.06.05 13:50:50.750,0.81583,0.816,2.55,3.30
2012.06.05 13:50:51.377,0.81583,0.81597,1.13,1.13
2012.06.05 13:50:52.286,0.81584,0.81599,1.13,2.55
2012.06.05 13:50:52.619,0.81584,0.81597,1.50,1.13
2012.06.05 13:50:53.174,0.81583,0.81597,2.25,1.13
2012.06.05 13:50:53.708,0.81583,0.81598,1.13,2.55
2012.06.05 13:50:54.529,0.81583,0.81598,1.13,3.30
2012.06.05 13:50:56.518,0.81585,0.81598,1.13,1.43
2012.06.05 13:50:57.037,0.81585,0.81599,1.13,2.18
2012.06.05 13:50:57.937,0.81582,0.81599,2.63,3.30
2012.06.05 13:50:58.255,0.81581,0.81598,1.13,1.88
2012.06.05 13:50:58.648,0.81579,0.81596,2.63,3.30
2012.06.05 13:50:58.790,0.81581,0.81597,1.43,1.13
2012.06.05 13:50:59.128,0.8158,0.81595,1.13,1.43
2012.06.05 13:50:59.677,0.81582,0.81595,1.13,1.43
2012.06.05 13:51:00.219,0.81582,0.81597,1.13,1.88
2012.06.05 13:51:00.775,0.81582,0.81597,1.13,1.13
2012.06.05 13:51:01.302,0.81582,0.81599,1.13,3.30
2012.06.05 13:51:01.996,0.81583,0.81599,1.43,1.88
2012.06.05 13:51:02.619,0.81582,0.81597,1.13,1.88
2012.06.05 13:51:03.349,0.81581,0.81596,1.13,1.13
2012.06.05 13:51:04.357,0.81581,0.81596,1.13,1.88
2012.06.05 13:51:04.680,0.81576,0.81591,1.88,1.13
2012.06.05 13:51:05.009,0.81574,0.8159,1.88,1.43
2012.06.05 13:51:05.159,0.81576,0.81591,1.43,1.88
2012.06.05 13:51:05.417,0.81574,0.8159,1.13,1.43
2012.06.05 13:51:05.786,0.81574,0.8159,1.13,2.18
2012.06.05 13:51:06.076,0.81575,0.8159,1.13,1.43
2012.06.05 13:51:06.292,0.81573,0.8159,4.05,2.55
2012.06.05 13:51:07.137,0.81573,0.8159,3.68,3.30
2012.06.05 13:51:07.487,0.81573,0.81587,3.00,1.43
2012.06.05 13:51:09.769,0.81573,0.81587,3.00,1.43
2012.06.05 13:51:10.107,0.81574,0.81585,1.43,1.13
2012.06.05 13:51:10.372,0.81568,0.81582,2.55,1.13
2012.06.05 13:51:10.648,0.81565,0.81578,2.18,1.13
2012.06.05 13:51:10.896,0.81565,0.81578,1.43,2.55
2012.06.05 13:51:11.558,0.81563,0.81578,2.93,1.13
2012.06.05 13:51:12.113,0.81563,0.81579,1.50,2.55
2012.06.05 13:51:12.631,0.81562,0.81579,1.88,2.55
2012.06.05 13:51:13.331,0.81561,0.81578,3.68,1.13
2012.06.05 13:51:13.414,0.81561,0.81576,2.25,1.43
2012.06.05 13:51:13.627,0.8156,0.81575,4.05,1.13
2012.06.05 13:51:13.875,0.8156,0.81575,1.88,1.13
2012.06.05 13:51:14.080,0.8156,0.81575,1.88,1.13
2012.06.05 13:51:14.627,0.8156,0.81575,1.88,1.13
2012.06.05 13:51:15.026,0.81561,0.81577,1.13,1.43
2012.06.05 13:51:15.106,0.81563,0.81578,2.18,1.88
2012.06.05 13:51:15.455,0.81566,0.81578,1.43,1.13
2012.06.05 13:51:15.526,0.81562,0.81578,1.43,1.13
2012.06.05 13:51:15.736,0.81564,0.81578,1.43,1.13
2012.06.05 13:51:15.875,0.81561,0.81578,3.30,1.13
2012.06.05 13:51:16.156,0.81562,0.81576,1.13,1.13
2012.06.05 13:51:16.648,0.81559,0.81576,1.88,1.13
2012.06.05 13:51:17.127,0.81559,0.81573,1.88,1.43
2012.06.05 13:51:18.229,0.81559,0.81574,2.55,1.13
2012.06.05 13:51:18.538,0.81559,0.81576,2.55,5.48
2012.06.05 13:51:19.075,0.81559,0.81576,1.13,1.88
2012.06.05 13:51:19.793,0.81559,0.81576,1.88,1.13
2012.06.05 13:51:20.765,0.81559,0.81575,1.88,1.13
2012.06.05 13:51:20.908,0.81559,0.81575,2.63,1.13
2012.06.05 13:51:21.101,0.81563,0.81577,2.18,1.88
2012.06.05 13:51:21.649,0.81566,0.81581,1.13,1.88
2012.06.05 13:51:22.001,0.81572,0.81583,1.13,1.43
2012.06.05 13:51:22.326,0.81573,0.81583,2.18,1.43
2012.06.05 13:51:22.399,0.81573,0.81589,3.60,2.25
2012.06.05 13:51:22.916,0.81575,0.81589,2.18,1.13
2012.06.05 13:51:23.638,0.81574,0.81589,2.55,1.13
2012.06.05 13:51:24.158,0.81574,0.81589,3.30,1.13
2012.06.05 13:51:24.758,0.81574,0.81589,1.88,1.13
2012.06.05 13:51:25.317,0.81571,0.81586,3.30,1.13
2012.06.05 13:51:25.826,0.81572,0.81589,1.88,1.13
2012.06.05 13:51:26.095,0.81577,0.8159,1.43,1.13
2012.06.05 13:51:26.507,0.81578,0.81592,1.43,1.13
2012.06.05 13:51:27.055,0.81577,0.81592,1.13,1.13
2012.06.05 13:51:27.640,0.81575,0.81592,1.88,1.13
2012.06.05 13:51:27.710,0.81575,0.81592,1.88,1.13
2012.06.05 13:51:28.228,0.81575,0.81592,1.88,1.13
2012.06.05 13:51:28.757,0.81578,0.81593,2.55,1.13
2012.06.05 13:51:30.278,0.81578,0.81591,1.43,1.13
2012.06.05 13:51:30.728,0.81576,0.81591,1.88,1.13
2012.06.05 13:51:31.276,0.81576,0.81591,1.88,1.13
2012.06.05 13:51:31.547,0.81574,0.81591,4.05,1.13
2012.06.05 13:51:33.090,0.81576,0.81591,1.13,1.13
2012.06.05 13:51:33.407,0.81578,0.81594,1.13,1.88
2012.06.05 13:51:33.478,0.8158,0.81595,1.13,1.88
2012.06.05 13:51:33.997,0.8158,0.81595,1.88,1.13
2012.06.05 13:51:37.946,0.8158,0.81595,1.13,2.55
2012.06.05 13:51:38.466,0.81578,0.81595,3.30,2.55
2012.06.05 13:51:39.026,0.81578,0.81595,3.30,2.55
2012.06.05 13:51:40.762,0.81578,0.81594,2.18,1.13
2012.06.05 13:51:41.178,0.81577,0.81592,2.63,1.13
2012.06.05 13:51:41.579,0.81579,0.81593,1.13,2.55
2012.06.05 13:51:41.906,0.81581,0.81595,1.13,2.55
2012.06.05 13:51:42.310,0.81583,0.81598,1.13,1.13
2012.06.05 13:51:42.858,0.81584,0.81599,2.55,1.13
2012.06.05 13:51:46.526,0.81584,0.81597,3.30,2.93
2012.06.05 13:51:46.800,0.81576,0.81593,2.93,2.18
2012.06.05 13:51:46.997,0.81574,0.81588,1.50,1.13
2012.06.05 13:51:47.258,0.81573,0.81588,1.50,1.13
2012.06.05 13:51:47.517,0.81575,0.81591,1.13,2.55
2012.06.05 13:51:48.397,0.81574,0.81589,1.13,1.13
2012.06.05 13:51:48.957,0.81574,0.81588,1.13,1.43
2012.06.05 13:51:49.028,0.81571,0.81588,3.30,2.55
2012.06.05 13:51:49.169,0.81578,0.81588,1.13,1.43
2012.06.05 13:51:49.297,0.81578,0.81591,1.88,2.85
2012.06.05 13:51:49.572,0.81577,0.81594,3.30,2.93
2012.06.05 13:51:49.722,0.81579,0.81594,3.30,1.13
2012.06.05 13:51:50.212,0.81582,0.81594,2.18,1.13
2012.06.05 13:51:51.077,0.8158,0.81596,2.18,1.13
2012.06.05 13:51:54.016,0.81582,0.81597,3.30,1.13
2012.06.05 13:51:54.337,0.81582,0.81597,6.23,1.13
2012.06.05 13:51:54.416,0.81586,0.81601,1.88,2.55
2012.06.05 13:51:54.491,0.81585,0.81597,2.63,1.43
2012.06.05 13:51:54.559,0.81585,0.81597,1.50,1.43
2012.06.05 13:51:54.757,0.81585,0.816,2.63,1.43
2012.06.05 13:51:54.826,0.81585,0.816,1.88,1.43
2012.06.05 13:51:55.288,0.81585,0.81602,3.30,2.55
2012.06.05 13:51:55.831,0.81585,0.816,1.88,1.43
2012.06.05 13:51:55.972,0.81585,0.816,1.88,2.55
2012.06.05 13:51:56.191,0.81585,0.81597,1.88,1.43
2012.06.05 13:51:56.599,0.81592,0.81597,2.18,1.43
2012.06.05 13:51:57.156,0.81593,0.816,3.68,1.13
2012.06.05 13:51:57.508,0.81601,0.81605,2.18,1.13
2012.06.05 13:51:57.889,0.81598,0.81602,1.43,1.13
2012.06.05 13:51:57.960,0.81601,0.81615,1.88,1.43
2012.06.05 13:51:58.170,0.81607,0.81618,1.13,1.43
2012.06.05 13:51:58.520,0.81612,0.81622,1.13,1.50
2012.06.05 13:51:58.588,0.81612,0.81626,1.13,1.41
2012.06.05 13:51:58.990,0.81612,0.81627,1.88,3.30
2012.06.05 13:51:59.398,0.81612,0.81627,1.13,2.55
2012.06.05 13:51:59.559,0.8161,0.81625,1.88,1.13
2012.06.05 13:52:00.064,0.81611,0.81626,1.88,1.43
2012.06.05 13:52:00.398,0.81609,0.81621,2.25,1.43
2012.06.05 13:52:00.739,0.81609,0.81618,1.13,1.43
2012.06.05 13:52:01.216,0.81606,0.81616,1.13,1.43
2012.06.05 13:52:01.502,0.81603,0.81616,1.13,1.43
2012.06.05 13:52:01.792,0.8161,0.81617,1.13,1.43
2012.06.05 13:52:01.875,0.81611,0.81621,1.13,1.43
2012.06.05 13:52:01.952,0.81611,0.81624,1.13,1.50
2012.06.05 13:52:02.171,0.81617,0.81626,1.13,2.25
2012.06.05 13:52:02.636,0.81619,0.81631,1.13,2.18
2012.06.05 13:52:02.851,0.81619,0.81634,1.13,2.85
2012.06.05 13:52:03.259,0.81621,0.81634,1.13,1.13
2012.06.05 13:52:03.590,0.81621,0.81634,1.13,1.13
2012.06.05 13:52:03.801,0.81621,0.81634,1.88,1.13
2012.06.05 13:52:03.870,0.81621,0.81635,2.55,1.13
2012.06.05 13:52:04.069,0.81623,0.81636,1.13,1.13
2012.06.05 13:52:04.597,0.81623,0.81638,1.13,1.13
2012.06.05 13:52:05.440,0.81623,0.81639,1.13,2.55
2012.06.05 13:52:06.111,0.81623,0.8164,1.13,3.68
2012.06.05 13:52:07.723,0.81628,0.8164,1.13,3.98
2012.06.05 13:52:07.806,0.81628,0.8164,1.13,1.43
2012.06.05 13:52:07.953,0.8163,0.8164,1.13,1.43
2012.06.05 13:52:08.100,0.8163,0.81642,1.13,1.43
2012.06.05 13:52:08.232,0.8163,0.81644,1.13,1.43
2012.06.05 13:52:08.787,0.8163,0.81645,1.13,2.55
2012.06.05 13:52:10.286,0.8163,0.81645,1.13,3.30
2012.06.05 13:52:10.669,0.8163,0.81642,1.13,1.50
2012.06.05 13:52:11.618,0.81629,0.81642,1.13,1.50
2012.06.05 13:52:12.057,0.81629,0.81642,1.13,1.43
2012.06.05 13:52:12.397,0.81625,0.81641,3.30,1.88
2012.06.05 13:52:12.906,0.81626,0.81642,1.13,2.93
2012.06.05 13:52:13.556,0.81626,0.81641,1.13,1.88
2012.06.05 13:52:13.626,0.81625,0.8164,1.88,1.88
2012.06.05 13:52:14.329,0.81625,0.8164,1.13,1.88
2012.06.05 13:52:14.799,0.81628,0.8164,1.43,1.88
2012.06.05 13:52:15.150,0.81634,0.8164,1.43,1.13
2012.06.05 13:52:15.874,0.81634,0.81649,2.55,1.13
2012.06.05 13:52:16.531,0.81635,0.8165,1.43,1.13
2012.06.05 13:52:16.660,0.81637,0.81649,2.18,1.13
2012.06.05 13:52:16.733,0.81638,0.81652,1.13,2.18
2012.06.05 13:52:16.880,0.8164,0.81653,1.13,1.50
2012.06.05 13:52:17.229,0.8164,0.81653,3.30,1.50
2012.06.05 13:52:17.499,0.8164,0.81654,1.88,2.25
2012.06.05 13:52:17.726,0.81642,0.81654,1.88,2.25
2012.06.05 13:52:17.929,0.81645,0.81654,1.88,2.25
2012.06.05 13:52:18.883,0.81644,0.81654,1.13,1.50
2012.06.05 13:52:18.959,0.81644,0.81657,1.88,2.93
2012.06.05 13:52:19.173,0.81644,0.81657,1.88,2.18
2012.06.05 13:52:19.326,0.81642,0.81654,1.88,1.43
2012.06.05 13:52:19.943,0.81641,0.81654,1.88,2.18
2012.06.05 13:52:20.027,0.81643,0.81656,1.88,1.43
2012.06.05 13:52:20.172,0.81643,0.81658,1.88,2.18
2012.06.05 13:52:20.247,0.81643,0.81658,1.88,2.93
2012.06.05 13:52:20.460,0.81641,0.81658,1.88,3.30
2012.06.05 13:52:20.860,0.81643,0.81658,1.88,3.30
2012.06.05 13:52:21.056,0.81643,0.81658,1.88,3.30
2012.06.05 13:52:21.559,0.81642,0.81657,1.88,1.13
2012.06.05 13:52:21.752,0.81638,0.81654,3.00,1.13
2012.06.05 13:52:21.829,0.81638,0.81654,3.00,1.13
2012.06.05 13:52:22.182,0.81638,0.81651,2.25,1.43
2012.06.05 13:52:22.331,0.81638,0.81651,1.50,1.43
2012.06.05 13:52:22.875,0.81637,0.81652,2.18,1.13
2012.06.05 13:52:22.950,0.81637,0.81652,2.18,1.13
2012.06.05 13:52:23.209,0.8164,0.81655,1.88,1.13
2012.06.05 13:52:23.674,0.81644,0.81659,3.30,1.41
2012.06.05 13:52:23.959,0.81644,0.81661,3.30,3.75
2012.06.05 13:52:24.031,0.81644,0.81661,3.30,3.00
2012.06.05 13:52:24.097,0.81644,0.81661,3.30,1.88
2012.06.05 13:52:24.607,0.81644,0.81659,1.88,3.30
2012.06.05 13:52:25.127,0.81642,0.81657,1.88,1.13
2012.06.05 13:52:25.729,0.81643,0.81656,2.18,1.13
2012.06.05 13:52:25.936,0.81639,0.81655,1.88,1.43
2012.06.05 13:52:26.506,0.81639,0.81655,1.88,2.18
2012.06.05 13:52:26.638,0.81639,0.81655,1.88,2.18
2012.06.05 13:52:27.199,0.81638,0.81653,3.30,1.88
2012.06.05 13:52:27.770,0.81638,0.81652,1.88,1.43
2012.06.05 13:52:27.987,0.81634,0.81649,1.88,1.43
2012.06.05 13:52:28.061,0.81633,0.81648,1.88,1.13
2012.06.05 13:52:28.588,0.81633,0.81648,1.88,1.13
2012.06.05 13:52:28.719,0.81632,0.81646,2.18,1.13
2012.06.05 13:52:28.788,0.81632,0.81646,2.18,1.13
2012.06.05 13:52:28.918,0.81632,0.81643,2.18,1.13
2012.06.05 13:52:29.136,0.81632,0.81643,2.18,1.13
2012.06.05 13:52:29.688,0.81629,0.81642,1.88,1.43
2012.06.05 13:52:30.258,0.81629,0.81643,1.88,1.13
2012.06.05 13:52:31.109,0.81632,0.81647,1.88,3.30
2012.06.05 13:52:31.254,0.81634,0.81648,3.30,2.18
2012.06.05 13:52:31.848,0.81634,0.81648,1.88,2.93
2012.06.05 13:52:32.379,0.81632,0.81648,1.88,2.18
2012.06.05 13:52:32.729,0.81632,0.81645,1.88,1.43
2012.06.05 13:52:33.140,0.81633,0.81649,2.18,1.88
2012.06.05 13:52:33.640,0.81633,0.81649,2.18,1.88
2012.06.05 13:52:33.838,0.81633,0.81649,2.18,1.88
2012.06.05 13:52:34.296,0.81633,0.81649,2.18,1.88
2012.06.05 13:52:35.539,0.81631,0.81648,3.30,3.30
2012.06.05 13:52:36.071,0.81634,0.8165,2.18,1.88
2012.06.05 13:52:36.587,0.81633,0.81649,1.88,2.18
2012.06.05 13:52:37.176,0.81633,0.81649,1.88,2.18
2012.06.05 13:52:37.676,0.81632,0.81649,3.30,3.30
2012.06.05 13:52:38.417,0.81632,0.81647,3.30,1.13
2012.06.05 13:52:39.298,0.81632,0.81647,3.30,1.13
2012.06.05 13:52:39.784,0.81632,0.81647,1.88,3.30
2012.06.05 13:52:40.419,0.81627,0.81643,4.05,2.18
2012.06.05 13:52:41.210,0.81627,0.81642,2.18,1.88
2012.06.05 13:52:41.281,0.81627,0.8164,2.18,1.13
2012.06.05 13:52:41.632,0.81624,0.81639,1.50,2.18
2012.06.05 13:52:41.997,0.8162,0.81634,2.18,1.88
2012.06.05 13:52:43.329,0.81619,0.81636,3.30,1.88
2012.06.05 13:52:43.841,0.81622,0.81636,2.18,1.13
2012.06.05 13:52:44.426,0.81619,0.81636,4.05,1.88
2012.06.05 13:52:44.839,0.8162,0.81637,1.88,1.88
2012.06.05 13:52:46.181,0.81626,0.81638,1.88,2.18
2012.06.05 13:52:46.460,0.81627,0.81644,3.30,2.25
2012.06.05 13:52:46.660,0.81627,0.81643,1.88,2.18
2012.06.05 13:52:46.988,0.81628,0.81644,2.18,1.88
2012.06.05 13:52:48.324,0.81628,0.81644,2.18,2.63
2012.06.05 13:52:48.940,0.81628,0.81642,2.18,1.13
2012.06.05 13:52:49.150,0.81627,0.81642,1.88,1.13
2012.06.05 13:52:49.349,0.81627,0.81642,1.88,1.88
2012.06.05 13:52:50.153,0.81626,0.81641,2.18,1.88
2012.06.05 13:52:51.338,0.81624,0.81641,1.88,3.30
2012.06.05 13:52:52.652,0.81624,0.81641,1.88,3.30
2012.06.05 13:52:53.001,0.81632,0.81643,1.43,1.88
2012.06.05 13:52:53.569,0.81629,0.81644,1.88,1.50
2012.06.05 13:52:54.358,0.81631,0.81644,1.43,1.50
2012.06.05 13:52:54.883,0.81632,0.81645,1.13,1.13
2012.06.05 13:52:54.962,0.81632,0.81648,1.88,4.80
2012.06.05 13:52:55.243,0.81636,0.8165,1.88,2.18
2012.06.05 13:52:55.442,0.81638,0.81652,2.18,1.88
2012.06.05 13:52:55.659,0.81638,0.81652,2.18,1.88
2012.06.05 13:52:56.518,0.81639,0.81653,1.88,2.25
2012.06.05 13:52:57.096,0.81643,0.81655,1.13,1.43
2012.06.05 13:52:57.449,0.81648,0.81656,1.43,1.13
2012.06.05 13:52:57.590,0.81648,0.81659,1.43,1.50
2012.06.05 13:52:57.732,0.81648,0.81656,1.43,1.13
2012.06.05 13:52:57.813,0.81641,0.81656,3.30,1.13
2012.06.05 13:52:57.963,0.81641,0.81656,1.88,2.55
2012.06.05 13:52:58.717,0.81641,0.81656,1.88,2.55
2012.06.05 13:52:59.040,0.81638,0.81654,2.93,1.88
2012.06.05 13:52:59.576,0.81637,0.81654,4.05,1.88
2012.06.05 13:53:00.133,0.81637,0.81652,1.50,2.55
2012.06.05 13:53:00.213,0.81637,0.81652,1.50,3.30
2012.06.05 13:53:00.288,0.81635,0.81652,6.23,3.30
2012.06.05 13:53:00.819,0.81636,0.81653,1.88,4.05
2012.06.05 13:53:01.160,0.81636,0.81653,1.88,4.05
2012.06.05 13:53:01.787,0.81638,0.81653,2.18,2.63
2012.06.05 13:53:02.640,0.81638,0.81652,2.18,1.88
2012.06.05 13:53:02.717,0.81635,0.8165,3.30,1.88
2012.06.05 13:53:03.180,0.81637,0.81651,2.18,1.13
2012.06.05 13:53:03.519,0.81638,0.81653,1.88,1.13
2012.06.05 13:53:04.607,0.81638,0.81653,3.30,1.88
2012.06.05 13:53:05.028,0.81635,0.81651,1.50,3.30
2012.06.05 13:53:05.100,0.81635,0.81651,2.18,1.88
2012.06.05 13:53:05.240,0.81635,0.81651,2.18,1.88
2012.06.05 13:53:05.497,0.81635,0.81651,2.18,1.88
2012.06.05 13:53:05.568,0.81635,0.81651,2.18,1.88
2012.06.05 13:53:05.918,0.81635,0.81651,2.18,1.88
2012.06.05 13:53:06.188,0.81633,0.81648,1.88,1.88
2012.06.05 13:53:07.027,0.81633,0.81648,1.88,1.88
2012.06.05 13:53:08.308,0.81633,0.81647,1.88,2.18
2012.06.05 13:53:08.868,0.81633,0.81648,3.30,1.13
2012.06.05 13:53:09.431,0.81633,0.81648,1.88,1.13
2012.06.05 13:53:14.275,0.81632,0.81647,3.30,1.13
2012.06.05 13:53:14.578,0.81632,0.81647,3.30,1.88
2012.06.05 13:53:18.239,0.81633,0.81647,2.18,1.13
2012.06.05 13:53:19.378,0.8163,0.81647,2.63,1.13
2012.06.05 13:53:19.897,0.8163,0.81646,1.50,1.13
2012.06.05 13:53:21.346,0.81631,0.81647,2.18,1.13
2012.06.05 13:53:21.418,0.81631,0.81647,2.18,1.13
2012.06.05 13:53:21.735,0.81631,0.81647,2.93,1.13
2012.06.05 13:53:21.987,0.81633,0.81647,1.50,1.13
2012.06.05 13:53:24.944,0.81631,0.81646,1.50,1.13
2012.06.05 13:53:25.468,0.81629,0.81646,1.88,1.88
2012.06.05 13:53:25.800,0.81628,0.81642,2.25,1.13
2012.06.05 13:53:26.067,0.81628,0.81642,1.50,1.13
2012.06.05 13:53:26.138,0.81627,0.81642,1.88,1.13
2012.06.05 13:53:27.086,0.81625,0.81641,1.88,1.13
2012.06.05 13:53:27.156,0.81625,0.81641,1.88,1.13
2012.06.05 13:53:27.408,0.81625,0.81641,1.88,1.88
2012.06.05 13:53:27.730,0.81621,0.81635,1.50,1.13
2012.06.05 13:53:28.265,0.81622,0.81636,1.88,1.88
2012.06.05 13:53:29.260,0.81621,0.81636,1.88,1.88
2012.06.05 13:53:29.778,0.81621,0.81636,1.88,1.88
2012.06.05 13:53:33.066,0.81622,0.81636,1.88,1.88
2012.06.05 13:53:34.181,0.8162,0.81633,1.50,1.13
2012.06.05 13:53:34.389,0.81619,0.81633,2.25,1.13
2012.06.05 13:53:34.529,0.81619,0.81631,1.50,1.13
2012.06.05 13:53:35.009,0.81617,0.81629,1.50,1.13
2012.06.05 13:53:35.559,0.81613,0.81629,2.18,1.13
2012.06.05 13:53:36.092,0.81618,0.81629,2.18,1.13
2012.06.05 13:53:36.171,0.8162,0.81634,2.18,2.25
2012.06.05 13:53:36.735,0.81618,0.81632,1.88,1.88
2012.06.05 13:53:37.341,0.81618,0.81632,1.88,1.88
2012.06.05 13:53:38.055,0.8162,0.81635,1.88,1.88
2012.06.05 13:53:38.830,0.8162,0.81636,1.88,2.18
2012.06.05 13:53:38.898,0.8162,0.81636,1.88,2.18
2012.06.05 13:53:39.429,0.81619,0.81635,1.88,3.30
2012.06.05 13:53:40.241,0.81618,0.81634,2.18,3.30
2012.06.05 13:53:40.380,0.81617,0.81632,1.88,3.30
2012.06.05 13:53:40.813,0.81613,0.8163,3.38,1.13
2012.06.05 13:53:41.377,0.81616,0.8163,2.18,1.88
2012.06.05 13:53:41.760,0.81616,0.8163,2.18,1.88
2012.06.05 13:53:42.484,0.81617,0.81631,1.88,1.88
2012.06.05 13:53:42.866,0.81617,0.81631,1.88,1.13
2012.06.05 13:53:43.708,0.81618,0.81633,3.30,1.88
2012.06.05 13:53:44.496,0.81618,0.81633,3.30,1.88
2012.06.05 13:53:45.557,0.81618,0.81635,3.30,3.30
2012.06.05 13:53:45.688,0.81621,0.81635,2.18,1.88
2012.06.05 13:53:45.818,0.81621,0.81636,2.18,1.88
2012.06.05 13:53:46.320,0.81621,0.81636,3.30,1.88
2012.06.05 13:53:46.866,0.81621,0.81635,1.88,1.43
2012.06.05 13:53:47.354,0.81622,0.81634,2.18,1.88
2012.06.05 13:53:47.628,0.81623,0.81636,2.18,1.88
2012.06.05 13:53:48.482,0.81625,0.81636,1.43,1.13
2012.06.05 13:53:48.629,0.81625,0.81639,1.43,1.13
2012.06.05 13:53:48.900,0.81625,0.81641,2.18,2.63
2012.06.05 13:53:49.426,0.81629,0.81641,3.60,1.50
2012.06.05 13:53:49.778,0.81631,0.81643,2.18,2.63
2012.06.05 13:53:50.278,0.81629,0.81643,2.18,1.50
2012.06.05 13:53:50.631,0.81631,0.81645,2.18,2.63
2012.06.05 13:53:50.909,0.81631,0.81645,2.18,1.88
2012.06.05 13:53:51.181,0.81628,0.81644,4.05,1.50
2012.06.05 13:53:51.261,0.81627,0.81639,3.68,1.13
2012.06.05 13:53:51.806,0.81625,0.81639,2.18,1.13
2012.06.05 13:53:52.131,0.81627,0.81642,1.88,3.30
2012.06.05 13:53:52.457,0.81627,0.81642,1.88,2.55
2012.06.05 13:53:52.527,0.81627,0.81642,1.88,2.55
2012.06.05 13:53:53.348,0.81628,0.81642,2.18,1.13
2012.06.05 13:53:53.656,0.81624,0.8164,2.93,2.55
2012.06.05 13:53:54.187,0.81626,0.81639,2.18,1.13
2012.06.05 13:53:54.969,0.81625,0.81641,1.88,2.18
2012.06.05 13:53:55.299,0.81627,0.81643,1.88,4.35
2012.06.05 13:53:55.972,0.8163,0.81644,1.88,1.13
2012.06.05 13:53:56.938,0.81632,0.81647,2.18,1.88
2012.06.05 13:53:58.778,0.81632,0.81647,2.18,1.13
2012.06.05 13:53:59.318,0.81635,0.81647,2.18,1.13
2012.06.05 13:53:59.909,0.81635,0.81647,2.18,1.13
2012.06.05 13:54:00.113,0.81635,0.8165,2.18,1.13
2012.06.05 13:54:00.644,0.81634,0.81649,2.18,1.13
2012.06.05 13:54:00.723,0.81634,0.81649,3.30,1.13
2012.06.05 13:54:01.259,0.81634,0.81649,1.88,1.13
2012.06.05 13:54:01.764,0.81638,0.81652,1.88,1.13
2012.06.05 13:54:01.981,0.81639,0.81655,1.50,2.55
2012.06.05 13:54:02.448,0.8164,0.81655,2.18,1.13
2012.06.05 13:54:02.982,0.81641,0.81656,2.63,1.13
2012.06.05 13:54:03.375,0.81641,0.81656,1.50,1.13
2012.06.05 13:54:03.909,0.81643,0.81657,2.18,1.88
2012.06.05 13:54:04.452,0.81643,0.81658,2.18,1.88
2012.06.05 13:54:04.531,0.81643,0.81658,2.18,1.88
2012.06.05 13:54:04.677,0.81642,0.81658,2.18,2.63
2012.06.05 13:54:04.820,0.81646,0.81659,1.43,1.88
2012.06.05 13:54:05.360,0.81651,0.81658,1.43,1.50
2012.06.05 13:54:05.692,0.81656,0.81664,1.13,1.50
2012.06.05 13:54:05.774,0.81661,0.81667,1.88,1.50
2012.06.05 13:54:05.993,0.81665,0.81673,1.88,1.05
2012.06.05 13:54:06.303,0.81665,0.81673,2.18,1.05
2012.06.05 13:54:06.378,0.81659,0.81667,1.13,1.50
2012.06.05 13:54:06.455,0.81665,0.81673,2.18,1.05
2012.06.05 13:54:06.604,0.81667,0.81672,2.18,1.05
2012.06.05 13:54:06.776,0.81667,0.81677,2.18,1.50
2012.06.05 13:54:06.922,0.81669,0.81681,1.88,1.50
2012.06.05 13:54:07.069,0.8167,0.8168,1.88,1.50
2012.06.05 13:54:07.579,0.8167,0.81685,1.88,1.88
2012.06.05 13:54:07.777,0.8167,0.81683,3.30,1.50
2012.06.05 13:54:07.908,0.81667,0.81683,1.88,2.18
2012.06.05 13:54:08.229,0.81668,0.81681,2.18,1.13
2012.06.05 13:54:08.428,0.81665,0.8168,1.50,2.55
2012.06.05 13:54:08.499,0.81665,0.8168,1.50,2.55
2012.06.05 13:54:08.851,0.81665,0.81679,2.93,1.13
2012.06.05 13:54:09.538,0.81667,0.81682,1.88,3.30
2012.06.05 13:54:10.448,0.81669,0.81682,2.18,1.88
2012.06.05 13:54:10.809,0.81666,0.81682,2.18,1.13
2012.06.05 13:54:11.310,0.8167,0.8168,1.50,1.43
2012.06.05 13:54:11.863,0.8167,0.81682,1.50,1.88
2012.06.05 13:54:12.299,0.81672,0.81685,1.50,1.88
2012.06.05 13:54:12.738,0.8167,0.81684,1.50,4.05
2012.06.05 13:54:13.090,0.81669,0.81682,1.50,1.88
2012.06.05 13:54:13.677,0.8167,0.81682,1.50,1.88
2012.06.05 13:54:14.197,0.81671,0.81683,1.50,3.30
2012.06.05 13:54:15.589,0.81663,0.81679,2.25,3.30
2012.06.05 13:54:15.936,0.81666,0.81677,1.50,1.13
2012.06.05 13:54:16.471,0.81664,0.81676,1.50,2.18
2012.06.05 13:54:16.739,0.81664,0.81677,1.50,3.68
2012.06.05 13:54:17.289,0.81663,0.81678,1.50,2.93
2012.06.05 13:54:17.548,0.81662,0.81678,2.18,3.68
2012.06.05 13:54:18.060,0.81662,0.81677,2.18,1.88
2012.06.05 13:54:18.731,0.8166,0.81677,1.88,5.48
2012.06.05 13:54:19.263,0.81659,0.81674,2.63,1.13
2012.06.05 13:54:20.398,0.81659,0.81674,1.88,1.88
2012.06.05 13:54:20.727,0.81659,0.81674,1.88,1.13
2012.06.05 13:54:21.342,0.81658,0.81671,2.18,1.88
2012.06.05 13:54:21.914,0.81654,0.8167,1.88,2.18
2012.06.05 13:54:22.132,0.81654,0.8167,1.88,4.73
2012.06.05 13:54:22.478,0.81658,0.8167,1.88,1.13
2012.06.05 13:54:23.049,0.81658,0.81672,1.88,2.93
2012.06.05 13:54:23.659,0.81656,0.81671,1.88,1.88
2012.06.05 13:54:25.007,0.81656,0.81671,1.88,1.88
2012.06.05 13:54:25.475,0.81658,0.81673,1.88,1.88
2012.06.05 13:54:25.988,0.81656,0.81671,1.88,2.93
2012.06.05 13:54:26.537,0.81656,0.81671,1.88,2.93
2012.06.05 13:54:27.447,0.81656,0.81671,1.88,2.93
2012.06.05 13:54:27.950,0.81656,0.8167,1.88,2.93
2012.06.05 13:54:28.029,0.81653,0.81666,1.43,1.13
2012.06.05 13:54:28.098,0.81653,0.81664,1.43,1.13
2012.06.05 13:54:28.170,0.8165,0.81664,2.18,1.13
2012.06.05 13:54:28.242,0.8165,0.81664,2.18,1.13
2012.06.05 13:54:28.747,0.81651,0.81665,2.18,1.88
2012.06.05 13:54:29.290,0.8165,0.81665,1.88,1.88
2012.06.05 13:54:29.900,0.81651,0.81664,2.18,1.13
2012.06.05 13:54:30.249,0.81648,0.81662,1.88,2.55
2012.06.05 13:54:30.539,0.81649,0.81664,1.88,1.13
2012.06.05 13:54:31.067,0.81651,0.81665,2.18,1.88
2012.06.05 13:54:31.440,0.81652,0.81667,1.88,4.05
2012.06.05 13:54:31.759,0.81653,0.81667,1.88,2.18
2012.06.05 13:54:31.828,0.81654,0.81667,2.18,2.18
2012.06.05 13:54:32.369,0.81654,0.81668,2.18,1.88
2012.06.05 13:54:32.890,0.81654,0.81667,2.18,1.13
2012.06.05 13:54:33.450,0.81657,0.81667,1.43,1.13
2012.06.05 13:54:34.062,0.81658,0.81672,1.88,1.43
2012.06.05 13:54:34.798,0.81656,0.81672,2.63,1.43
2012.06.05 13:54:35.148,0.81655,0.81668,2.93,1.13
2012.06.05 13:54:35.218,0.81655,0.81665,2.18,1.13
2012.06.05 13:54:35.420,0.81655,0.81665,2.18,1.88
2012.06.05 13:54:35.959,0.81654,0.81662,1.50,2.18
2012.06.05 13:54:36.349,0.81648,0.81662,1.50,3.30
2012.06.05 13:54:36.787,0.81645,0.81658,4.05,2.18
2012.06.05 13:54:36.929,0.81646,0.81661,1.88,5.48
2012.06.05 13:54:37.469,0.81646,0.81661,1.88,1.88
2012.06.05 13:54:37.772,0.81646,0.81661,1.88,1.88
2012.06.05 13:54:38.057,0.81646,0.8166,1.88,2.18
2012.06.05 13:54:38.349,0.81646,0.8166,1.88,2.18
2012.06.05 13:54:38.538,0.81646,0.8166,1.88,2.18
2012.06.05 13:54:39.451,0.81648,0.81662,1.88,2.18
2012.06.05 13:54:39.520,0.81648,0.81662,2.63,1.43
2012.06.05 13:54:39.590,0.81653,0.81662,1.13,1.43
2012.06.05 13:54:39.664,0.81653,0.81665,1.88,1.13
2012.06.05 13:54:39.740,0.81653,0.81666,1.88,2.18
2012.06.05 13:54:39.941,0.81653,0.81667,1.88,1.43
2012.06.05 13:54:40.019,0.81653,0.81669,1.88,1.43
2012.06.05 13:54:40.568,0.81654,0.8167,2.18,1.88
2012.06.05 13:54:41.857,0.81654,0.81669,3.30,1.88
2012.06.05 13:54:42.612,0.81654,0.81668,1.88,1.43
2012.06.05 13:54:47.017,0.81654,0.81668,2.18,1.13
2012.06.05 13:54:47.555,0.81653,0.81668,2.18,1.13
2012.06.05 13:54:48.060,0.81653,0.81667,2.18,1.88
2012.06.05 13:54:52.647,0.81652,0.81661,3.30,2.18
2012.06.05 13:54:52.719,0.81652,0.81661,1.43,2.18
2012.06.05 13:54:52.859,0.81648,0.81661,1.50,3.30
2012.06.05 13:54:52.927,0.81648,0.81661,1.50,2.18
2012.06.05 13:54:53.235,0.81651,0.81664,1.88,2.93
2012.06.05 13:54:53.309,0.81651,0.81665,1.88,2.93
2012.06.05 13:54:53.448,0.81653,0.81666,1.88,3.30
2012.06.05 13:54:54.007,0.81651,0.81666,1.88,1.13
2012.06.05 13:54:56.020,0.81651,0.81668,1.88,1.88
2012.06.05 13:54:56.585,0.81653,0.81668,1.88,1.88
2012.06.05 13:54:56.732,0.81653,0.81666,1.88,1.35
2012.06.05 13:54:57.089,0.8165,0.81659,2.18,1.13
2012.06.05 13:54:57.305,0.81653,0.81665,2.18,1.13
2012.06.05 13:54:57.659,0.81653,0.81664,1.43,1.13
2012.06.05 13:54:57.733,0.81649,0.81664,1.88,4.73
2012.06.05 13:54:57.878,0.81649,0.81662,1.50,1.13
2012.06.05 13:54:58.017,0.81647,0.81662,4.05,1.13
2012.06.05 13:54:58.329,0.81647,0.81662,4.05,1.13
2012.06.05 13:54:58.531,0.81647,0.81662,4.05,3.30
2012.06.05 13:55:00.424,0.81647,0.81662,1.88,3.30
2012.06.05 13:55:00.782,0.81647,0.81659,1.13,2.18
2012.06.05 13:55:00.860,0.81642,0.81659,1.88,3.30
2012.06.05 13:55:01.473,0.81645,0.81659,2.18,1.13
2012.06.05 13:55:02.054,0.81645,0.8166,2.18,1.50
2012.06.05 13:55:03.247,0.81645,0.8166,1.43,2.25
2012.06.05 13:55:04.024,0.81642,0.81655,2.18,1.13
2012.06.05 13:55:04.311,0.8164,0.81655,2.63,1.13
2012.06.05 13:55:04.521,0.81643,0.81657,1.13,2.18
2012.06.05 13:55:04.851,0.8164,0.81654,1.88,2.18
2012.06.05 13:55:05.319,0.81643,0.81658,1.88,4.05
2012.06.05 13:55:08.118,0.81643,0.8166,1.88,6.23
2012.06.05 13:55:11.291,0.81642,0.81658,1.88,2.18
2012.06.05 13:55:11.428,0.81642,0.81654,1.50,1.13
2012.06.05 13:55:11.769,0.81645,0.81659,1.88,2.18
2012.06.05 13:55:11.982,0.81648,0.81661,1.88,1.43
2012.06.05 13:55:12.694,0.81648,0.81662,1.88,2.18
2012.06.05 13:55:12.771,0.81648,0.8166,1.88,1.43
2012.06.05 13:55:13.357,0.81649,0.8166,1.88,1.43
2012.06.05 13:55:14.017,0.81649,0.81661,1.88,1.43
2012.06.05 13:55:14.086,0.81649,0.81664,1.88,1.88
2012.06.05 13:55:15.027,0.81649,0.81663,1.88,1.43
2012.06.05 13:55:15.742,0.81649,0.81664,1.88,1.13
2012.06.05 13:55:16.208,0.81649,0.81666,1.88,4.43
2012.06.05 13:55:17.377,0.81654,0.81666,1.13,2.55
2012.06.05 13:55:17.648,0.81655,0.81669,1.88,1.13
2012.06.05 13:55:17.839,0.81655,0.81665,1.88,1.43
2012.06.05 13:55:18.311,0.81655,0.8167,1.88,3.30
2012.06.05 13:55:19.378,0.81655,0.8167,1.88,3.30
2012.06.05 13:55:21.234,0.81656,0.81671,1.88,1.13
2012.06.05 13:55:21.745,0.81656,0.8167,1.88,1.43
2012.06.05 13:55:22.190,0.81655,0.81668,2.18,1.13
2012.06.05 13:55:22.317,0.81655,0.81668,1.43,1.13
2012.06.05 13:55:22.829,0.8165,0.81667,4.80,2.55
2012.06.05 13:55:22.964,0.8165,0.81665,2.63,1.43
2012.06.05 13:55:23.040,0.8165,0.81665,1.50,1.43
2012.06.05 13:55:23.239,0.8165,0.81664,1.50,1.88
2012.06.05 13:55:23.782,0.81647,0.81664,3.30,1.88
2012.06.05 13:55:24.865,0.81647,0.81664,3.30,1.88
2012.06.05 13:55:25.657,0.81647,0.81662,1.88,1.43
2012.06.05 13:55:26.369,0.81648,0.81664,2.18,1.88
2012.06.05 13:55:26.438,0.81648,0.81665,3.30,4.73
2012.06.05 13:55:26.976,0.81649,0.81665,1.88,1.43
2012.06.05 13:55:27.638,0.8165,0.81665,1.50,1.43
2012.06.05 13:55:27.852,0.81651,0.81667,3.30,1.43
2012.06.05 13:55:28.424,0.81651,0.81668,3.30,2.55
2012.06.05 13:55:30.727,0.81651,0.81668,3.30,3.30
2012.06.05 13:55:32.845,0.81653,0.81668,1.88,2.55
2012.06.05 13:55:34.376,0.81653,0.81668,4.05,1.13
2012.06.05 13:55:34.767,0.81653,0.8167,3.30,1.88
2012.06.05 13:55:34.908,0.81656,0.81669,1.43,2.18
2012.06.05 13:55:35.036,0.81656,0.81667,2.18,1.43
2012.06.05 13:55:35.177,0.81653,0.8167,4.05,2.55
2012.06.05 13:55:35.741,0.81655,0.81666,1.88,1.43
2012.06.05 13:55:35.807,0.81655,0.8167,1.88,1.88
2012.06.05 13:55:36.968,0.81652,0.81669,4.05,1.13
2012.06.05 13:55:37.481,0.81653,0.81669,2.18,3.30
2012.06.05 13:55:37.620,0.81654,0.81669,1.88,2.55
2012.06.05 13:55:39.841,0.81655,0.81669,2.18,1.13
2012.06.05 13:55:40.286,0.81654,0.81669,1.88,3.30
2012.06.05 13:55:40.356,0.81654,0.81667,1.88,2.93
2012.06.05 13:55:40.849,0.81651,0.81663,1.88,1.43
2012.06.05 13:55:41.406,0.81651,0.81664,1.88,1.43
2012.06.05 13:55:41.966,0.81649,0.81664,1.88,2.18
2012.06.05 13:55:44.643,0.81648,0.81663,1.88,1.88
2012.06.05 13:55:48.166,0.81646,0.81661,1.88,2.18
2012.06.05 13:55:48.503,0.81643,0.81658,1.88,2.55
2012.06.05 13:55:48.652,0.81641,0.81656,2.25,1.13
2012.06.05 13:55:49.062,0.81639,0.81653,2.93,1.13
2012.06.05 13:55:49.478,0.81639,0.81654,1.50,1.88
2012.06.05 13:55:49.727,0.81639,0.81653,1.50,1.43
2012.06.05 13:55:50.258,0.8164,0.81654,2.18,1.88
2012.06.05 13:55:50.956,0.8164,0.81655,3.30,1.13
2012.06.05 13:55:52.208,0.8164,0.81654,2.18,1.13
2012.06.05 13:55:52.375,0.8164,0.81652,2.18,1.13
2012.06.05 13:55:52.720,0.8164,0.8165,1.43,2.18
2012.06.05 13:55:52.790,0.8164,0.81652,1.43,1.88
2012.06.05 13:55:53.182,0.81635,0.81649,1.88,1.43
2012.06.05 13:55:53.609,0.81636,0.81651,2.18,1.13
2012.06.05 13:55:54.338,0.81634,0.8165,1.88,1.43
2012.06.05 13:55:54.848,0.81634,0.8165,1.88,2.18
2012.06.05 13:55:54.982,0.81634,0.8165,1.88,2.18
2012.06.05 13:55:55.329,0.81634,0.8165,1.88,2.18
2012.06.05 13:55:55.721,0.81632,0.81646,1.88,2.10
2012.06.05 13:55:56.030,0.8163,0.81639,2.18,1.88
2012.06.05 13:55:56.288,0.81627,0.81638,2.18,1.13
2012.06.05 13:55:57.488,0.81623,0.81638,1.88,1.13
2012.06.05 13:56:03.507,0.81621,0.81635,1.50,1.13
2012.06.05 13:56:03.708,0.81619,0.81635,2.63,2.55
2012.06.05 13:56:03.956,0.8162,0.81636,1.88,2.18
2012.06.05 13:56:04.519,0.8162,0.81637,3.30,1.13
2012.06.05 13:56:05.431,0.81624,0.81639,2.18,2.25
2012.06.05 13:56:05.746,0.81631,0.81643,1.88,1.13
2012.06.05 13:56:06.083,0.81631,0.81646,1.88,3.30
2012.06.05 13:56:06.718,0.8163,0.81645,1.88,1.13
2012.06.05 13:56:07.971,0.81634,0.81648,1.88,2.18
2012.06.05 13:56:08.170,0.81634,0.81649,1.88,2.63
2012.06.05 13:56:08.690,0.81634,0.81649,1.88,1.13
2012.06.05 13:56:09.175,0.81635,0.81649,1.50,1.13
2012.06.05 13:56:09.247,0.81635,0.81649,1.50,1.13
2012.06.05 13:56:09.663,0.81636,0.81651,2.18,1.13
2012.06.05 13:56:09.741,0.81636,0.81653,3.30,2.55
2012.06.05 13:56:11.136,0.81636,0.81651,3.30,1.13
2012.06.05 13:56:11.559,0.81636,0.8165,2.18,1.13
2012.06.05 13:56:12.468,0.81639,0.8165,1.43,1.13
2012.06.05 13:56:13.336,0.81639,0.81651,1.43,1.13
2012.06.05 13:56:13.739,0.81638,0.81653,1.88,3.30
2012.06.05 13:56:13.999,0.81639,0.81653,2.63,1.43
2012.06.05 13:56:14.259,0.8164,0.81655,1.50,1.43
2012.06.05 13:56:14.580,0.81643,0.81658,1.88,2.93
2012.06.05 13:56:15.047,0.81645,0.8166,2.18,2.55
2012.06.05 13:56:15.119,0.81645,0.81661,2.18,1.50
2012.06.05 13:56:15.700,0.81648,0.81661,2.18,1.13
2012.06.05 13:56:16.781,0.81647,0.81662,1.88,3.30
2012.06.05 13:56:20.916,0.81647,0.81662,1.50,3.30
2012.06.05 13:56:21.667,0.81645,0.8166,2.63,1.43
2012.06.05 13:56:22.297,0.81644,0.8166,2.63,1.43
2012.06.05 13:56:22.718,0.81644,0.8166,2.63,1.43
2012.06.05 13:56:23.037,0.81645,0.8166,1.88,3.30
2012.06.05 13:56:23.811,0.81645,0.8166,1.88,1.50
2012.06.05 13:56:29.869,0.81644,0.8166,3.30,1.13
2012.06.05 13:56:32.446,0.81646,0.8166,1.88,1.50
2012.06.05 13:56:34.715,0.81645,0.81661,1.88,1.50
2012.06.05 13:56:37.139,0.81644,0.81659,1.88,1.13
2012.06.05 13:56:37.338,0.81644,0.81659,1.88,1.88
2012.06.05 13:56:37.648,0.81641,0.81658,3.30,1.88
2012.06.05 13:56:38.040,0.81641,0.81655,1.88,1.13
2012.06.05 13:56:38.831,0.81641,0.81655,1.88,1.13
2012.06.05 13:56:46.160,0.81644,0.81658,1.88,1.13
2012.06.05 13:56:46.298,0.81644,0.81659,1.88,1.13
2012.06.05 13:56:46.368,0.81643,0.81659,1.88,1.13
2012.06.05 13:56:46.816,0.81643,0.8166,2.63,3.30
2012.06.05 13:56:47.868,0.81643,0.81658,2.63,1.13
2012.06.05 13:56:48.646,0.81642,0.81657,1.88,1.13
2012.06.05 13:56:49.249,0.81643,0.8166,1.88,3.30
2012.06.05 13:56:49.757,0.81645,0.8166,2.93,1.13
2012.06.05 13:56:50.499,0.81647,0.81661,1.50,3.30
2012.06.05 13:56:50.609,0.81647,0.81661,1.50,3.30
2012.06.05 13:56:50.987,0.81647,0.81661,1.50,2.18
2012.06.05 13:56:51.129,0.81653,0.81664,1.88,2.18
2012.06.05 13:56:51.201,0.81653,0.81664,2.63,1.43
2012.06.05 13:56:51.663,0.81657,0.8167,2.18,1.13
2012.06.05 13:56:52.389,0.81658,0.81673,2.18,2.25
2012.06.05 13:56:52.529,0.81658,0.81674,2.18,1.88
2012.06.05 13:56:53.048,0.81658,0.81674,2.18,1.13
2012.06.05 13:56:53.698,0.8166,0.81672,2.93,1.13
2012.06.05 13:56:54.562,0.8166,0.81674,1.50,2.55
2012.06.05 13:56:54.712,0.81661,0.81676,1.50,1.88
2012.06.05 13:56:55.941,0.8166,0.81675,1.50,1.43
2012.06.05 13:56:56.650,0.81658,0.81671,2.63,1.43
2012.06.05 13:56:56.987,0.81656,0.81667,2.63,1.43
2012.06.05 13:56:58.747,0.81656,0.81667,1.88,1.43
2012.06.05 13:56:58.818,0.81656,0.81669,1.88,1.43
2012.06.05 13:56:59.320,0.81654,0.81668,2.63,1.43
2012.06.05 13:57:00.678,0.81653,0.81666,1.88,1.43
2012.06.05 13:57:02.248,0.81654,0.81666,1.88,1.43
2012.06.05 13:57:02.570,0.81654,0.81668,2.63,1.43
2012.06.05 13:57:04.283,0.81656,0.8167,1.50,1.43
2012.06.05 13:57:04.364,0.81657,0.8167,1.88,1.43
2012.06.05 13:57:08.626,0.81659,0.8167,1.13,1.43
2012.06.05 13:57:08.696,0.81659,0.81672,1.13,1.43
2012.06.05 13:57:08.765,0.81659,0.8167,1.13,1.43
2012.06.05 13:57:09.410,0.81659,0.81672,1.13,2.85
2012.06.05 13:57:10.486,0.81659,0.81674,1.13,1.13
2012.06.05 13:57:11.068,0.81659,0.81672,1.13,1.43
2012.06.05 13:57:11.588,0.81659,0.81671,1.13,1.43
2012.06.05 13:57:12.030,0.81657,0.81667,1.88,1.43
2012.06.05 13:57:12.302,0.81652,0.81667,3.38,1.43
2012.06.05 13:57:12.947,0.81652,0.81667,1.88,2.18
2012.06.05 13:57:13.022,0.81652,0.81664,1.88,1.43
2012.06.05 13:57:14.453,0.81652,0.81664,1.88,1.43
2012.06.05 13:57:15.257,0.8165,0.81664,1.50,1.43
2012.06.05 13:57:15.870,0.8165,0.81664,1.50,1.43
2012.06.05 13:57:16.620,0.81648,0.81664,2.63,1.43
2012.06.05 13:57:18.452,0.8165,0.81664,1.50,1.43
2012.06.05 13:57:18.865,0.81651,0.81667,1.50,2.55
2012.06.05 13:57:19.206,0.81651,0.81664,1.50,1.43
2012.06.05 13:57:19.618,0.81651,0.81666,1.50,1.43
2012.06.05 13:57:20.156,0.81652,0.81667,1.13,1.13
2012.06.05 13:57:20.227,0.81652,0.81664,1.13,1.43
2012.06.05 13:57:20.500,0.81652,0.81667,1.13,3.98
2012.06.05 13:57:21.007,0.81651,0.81666,1.88,1.13
2012.06.05 13:57:21.520,0.81651,0.81665,1.88,1.43
2012.06.05 13:57:21.897,0.81649,0.81662,1.50,1.13
2012.06.05 13:57:22.088,0.81648,0.8166,1.50,1.43
2012.06.05 13:57:22.590,0.81647,0.81661,1.50,1.43
2012.06.05 13:57:22.729,0.81645,0.81658,1.50,1.43
2012.06.05 13:57:22.860,0.81646,0.8166,1.50,1.43
2012.06.05 13:57:23.378,0.81645,0.81661,1.88,1.43
2012.06.05 13:57:24.217,0.81645,0.81658,1.88,1.43
2012.06.05 13:57:26.406,0.81645,0.8166,1.88,2.18
2012.06.05 13:57:26.669,0.81645,0.81662,1.88,1.13
2012.06.05 13:57:27.226,0.81646,0.81663,1.88,3.30
2012.06.05 13:57:27.776,0.81647,0.81662,1.50,1.13
2012.06.05 13:57:27.989,0.81644,0.8166,4.05,1.13
2012.06.05 13:57:28.652,0.81644,0.81659,2.63,1.43
2012.06.05 13:57:32.021,0.81646,0.81662,2.18,2.55
2012.06.05 13:57:32.149,0.81651,0.81663,1.13,1.43
2012.06.05 13:57:32.478,0.81651,0.81663,1.88,1.43
2012.06.05 13:57:32.897,0.81651,0.81666,1.88,1.13
2012.06.05 13:57:33.725,0.81651,0.81664,1.88,1.43
2012.06.05 13:57:34.390,0.81649,0.81664,1.88,1.43
2012.06.05 13:57:34.957,0.81649,0.81663,1.50,1.13
2012.06.05 13:57:35.029,0.81648,0.81661,1.50,1.13
2012.06.05 13:57:35.168,0.81647,0.81661,2.93,1.13
2012.06.05 13:57:35.307,0.81644,0.81657,2.63,1.43
2012.06.05 13:57:37.712,0.81643,0.81657,1.88,1.43
2012.06.05 13:57:37.907,0.81643,0.8166,3.30,2.55
2012.06.05 13:57:39.022,0.81645,0.8166,1.88,2.63
2012.06.05 13:57:39.230,0.81643,0.81658,1.88,2.55
2012.06.05 13:57:39.306,0.8164,0.81656,2.63,1.43
2012.06.05 13:57:39.639,0.8164,0.81655,1.88,1.43
2012.06.05 13:57:39.709,0.8164,0.81653,1.88,1.43
2012.06.05 13:57:40.262,0.81641,0.81655,1.88,2.18
2012.06.05 13:57:40.882,0.81641,0.81656,1.88,1.13
2012.06.05 13:57:43.076,0.81642,0.81656,1.50,1.13
2012.06.05 13:57:43.327,0.81642,0.81658,1.50,2.55
2012.06.05 13:57:45.433,0.81643,0.81658,1.88,3.30
2012.06.05 13:57:46.296,0.81643,0.81658,1.88,2.55
2012.06.05 13:57:46.828,0.81643,0.81657,1.88,1.13
2012.06.05 13:57:47.475,0.81641,0.81656,1.88,1.13
2012.06.05 13:57:49.068,0.81642,0.81657,2.63,1.13
2012.06.05 13:57:49.573,0.81643,0.81657,2.18,1.13
2012.06.05 13:57:50.180,0.81643,0.81659,2.18,1.13
2012.06.05 13:57:50.438,0.81643,0.8166,3.30,2.55
2012.06.05 13:57:51.487,0.81643,0.8166,3.30,3.30
2012.06.05 13:57:51.678,0.81643,0.81658,1.88,2.55
2012.06.05 13:57:54.951,0.81642,0.81657,2.63,1.43
2012.06.05 13:57:55.019,0.81642,0.81657,2.63,1.43
2012.06.05 13:57:55.565,0.81644,0.81657,1.88,1.43
2012.06.05 13:58:00.607,0.81644,0.81659,1.88,1.13
2012.06.05 13:58:01.766,0.81644,0.81659,1.50,1.13
2012.06.05 13:58:06.226,0.81643,0.81655,2.18,1.13
2012.06.05 13:58:06.299,0.8164,0.81655,2.63,1.13
2012.06.05 13:58:06.672,0.81639,0.81654,1.50,1.13
2012.06.05 13:58:09.979,0.81637,0.81652,3.00,1.43
2012.06.05 13:58:10.118,0.81637,0.81652,3.00,1.43
2012.06.05 13:58:11.285,0.81636,0.8165,1.50,1.13
2012.06.05 13:58:11.634,0.81636,0.81651,1.50,1.13
2012.06.05 13:58:12.316,0.81637,0.81651,1.43,1.13
2012.06.05 13:58:12.511,0.81637,0.81647,1.43,1.13
2012.06.05 13:58:12.767,0.81633,0.81649,1.50,2.55
2012.06.05 13:58:13.288,0.81632,0.81648,2.63,1.43
2012.06.05 13:58:13.590,0.81632,0.81648,1.88,2.18
2012.06.05 13:58:13.848,0.81633,0.81648,1.50,1.43
2012.06.05 13:58:14.459,0.81632,0.81648,2.63,1.43
2012.06.05 13:58:14.529,0.81635,0.81648,1.88,1.43
2012.06.05 13:58:15.071,0.81635,0.81649,1.88,1.13
2012.06.05 13:58:15.145,0.81637,0.81652,1.88,1.50
2012.06.05 13:58:16.247,0.81637,0.81652,1.88,1.88
2012.06.05 13:58:16.749,0.81636,0.81652,2.18,1.13
2012.06.05 13:58:16.887,0.81636,0.81652,2.18,1.13
2012.06.05 13:58:16.957,0.81636,0.81649,2.18,1.13
2012.06.05 13:58:17.918,0.81636,0.81651,3.30,1.13
2012.06.05 13:58:18.631,0.81636,0.81651,2.18,1.88
2012.06.05 13:58:19.691,0.81636,0.8165,3.30,1.13
2012.06.05 13:58:21.063,0.81635,0.81648,1.50,1.13
2012.06.05 13:58:21.467,0.81633,0.81648,4.80,1.13
2012.06.05 13:58:21.732,0.81635,0.8165,1.88,2.18
2012.06.05 13:58:21.938,0.81634,0.81649,2.18,1.13
2012.06.05 13:58:22.423,0.81634,0.8165,1.50,2.55
2012.06.05 13:58:22.849,0.81633,0.8165,4.05,3.30
2012.06.05 13:58:24.070,0.81633,0.81645,2.93,1.13
2012.06.05 13:58:24.216,0.81633,0.81645,2.18,1.13
2012.06.05 13:58:24.768,0.81629,0.81645,2.18,1.88
2012.06.05 13:58:25.358,0.81629,0.81643,2.18,1.13
2012.06.05 13:58:25.608,0.8163,0.81646,1.88,1.43
2012.06.05 13:58:26.229,0.81632,0.81648,2.18,1.88
2012.06.05 13:58:27.005,0.81632,0.81648,2.18,1.13
2012.06.05 13:58:27.530,0.81632,0.81648,2.18,1.13
2012.06.05 13:58:28.180,0.81634,0.81649,1.88,3.30
2012.06.05 13:58:28.601,0.81634,0.81649,1.88,2.55
2012.06.05 13:58:29.098,0.81634,0.81649,1.13,2.18
2012.06.05 13:58:29.693,0.81635,0.81649,1.13,2.18
2012.06.05 13:58:29.958,0.81633,0.81649,1.88,4.35
2012.06.05 13:58:30.433,0.81635,0.81649,1.13,4.35
2012.06.05 13:58:30.961,0.81636,0.81649,1.13,2.18
2012.06.05 13:58:31.268,0.81634,0.81647,2.18,1.13
2012.06.05 13:58:31.558,0.81635,0.8165,1.13,1.88
2012.06.05 13:58:32.071,0.81635,0.8165,1.13,1.13
2012.06.05 13:58:32.739,0.81634,0.81649,2.55,1.13
2012.06.05 13:58:33.393,0.81634,0.81649,1.13,1.88
2012.06.05 13:58:34.447,0.81632,0.81649,1.13,1.88
2012.06.05 13:58:34.988,0.81632,0.81649,1.13,1.88
2012.06.05 13:58:35.056,0.81632,0.81649,1.88,1.88
2012.06.05 13:58:35.788,0.81632,0.81649,1.13,1.88
2012.06.05 13:58:36.046,0.81632,0.81649,1.13,1.88
2012.06.05 13:58:36.419,0.81632,0.81647,1.13,1.13
2012.06.05 13:58:36.976,0.81631,0.81646,2.55,1.13
2012.06.05 13:58:37.298,0.81635,0.81649,1.13,1.88
2012.06.05 13:58:37.854,0.81636,0.81649,1.43,1.13
2012.06.05 13:58:38.428,0.81636,0.8165,1.43,1.13
2012.06.05 13:58:39.539,0.81636,0.81648,1.43,1.13
2012.06.05 13:58:41.725,0.81636,0.81649,1.43,1.13
2012.06.05 13:58:42.194,0.81636,0.81652,2.18,1.13
2012.06.05 13:58:42.863,0.81639,0.81652,1.43,1.13
2012.06.05 13:58:43.439,0.81637,0.81652,1.13,1.13
2012.06.05 13:58:44.258,0.81636,0.81651,2.63,1.13
2012.06.05 13:58:44.916,0.81636,0.81651,4.05,1.13
2012.06.05 13:58:45.450,0.81636,0.81651,3.30,1.13
2012.06.05 13:58:45.521,0.81638,0.81653,3.30,1.13
2012.06.05 13:58:45.970,0.81638,0.81655,1.88,3.30
2012.06.05 13:58:46.320,0.81641,0.81654,1.43,1.13
2012.06.05 13:58:46.535,0.81641,0.81656,2.55,1.13
2012.06.05 13:58:47.237,0.81642,0.81656,1.43,1.13
2012.06.05 13:58:48.969,0.81642,0.81654,2.18,1.13
2012.06.05 13:58:49.478,0.81641,0.81655,1.43,1.13
2012.06.05 13:58:50.050,0.81641,0.81652,1.43,1.13
2012.06.05 13:58:50.179,0.81638,0.81652,2.18,1.13
2012.06.05 13:58:50.310,0.81638,0.8165,2.18,1.13
2012.06.05 13:58:50.381,0.81638,0.81654,2.18,1.88
2012.06.05 13:58:50.588,0.81638,0.81654,1.43,1.88
2012.06.05 13:58:51.097,0.81637,0.81653,2.63,1.43
2012.06.05 13:58:51.171,0.81641,0.81654,1.43,1.13
2012.06.05 13:58:51.672,0.81641,0.81652,1.43,1.13
2012.06.05 13:58:51.800,0.81641,0.81654,1.43,1.13
2012.06.05 13:58:51.870,0.81643,0.81654,1.43,1.13
2012.06.05 13:58:52.070,0.8164,0.81654,2.18,1.13
2012.06.05 13:58:53.421,0.8164,0.81652,1.43,1.13
2012.06.05 13:58:53.998,0.81639,0.81654,1.88,3.30
2012.06.05 13:58:54.070,0.81639,0.81653,2.18,1.88
2012.06.05 13:58:54.258,0.81638,0.81653,2.63,1.88
2012.06.05 13:58:55.438,0.81639,0.81653,1.50,1.13
2012.06.05 13:58:55.567,0.8164,0.81653,1.50,1.13
2012.06.05 13:58:56.174,0.81638,0.81655,1.13,1.88
2012.06.05 13:58:56.255,0.81638,0.81651,2.18,1.13
2012.06.05 13:58:57.211,0.81638,0.81651,2.18,1.13
2012.06.05 13:58:57.279,0.81639,0.81655,1.88,1.43
2012.06.05 13:58:57.353,0.81641,0.81656,1.43,1.88
2012.06.05 13:58:57.679,0.81645,0.81658,1.88,1.43
2012.06.05 13:58:58.010,0.81647,0.81662,1.88,2.18
2012.06.05 13:58:58.210,0.81648,0.81662,1.88,1.43
2012.06.05 13:58:58.280,0.81648,0.81665,3.30,3.30
2012.06.05 13:58:58.488,0.81648,0.81665,3.30,2.55
2012.06.05 13:58:58.778,0.81649,0.81665,1.88,2.18
2012.06.05 13:58:59.184,0.81651,0.81667,2.55,3.30
2012.06.05 13:59:00.270,0.81653,0.81667,1.43,1.80
2012.06.05 13:59:00.410,0.81653,0.81668,1.43,1.88
2012.06.05 13:59:03.967,0.81653,0.81667,1.43,1.13
2012.06.05 13:59:07.316,0.81652,0.81667,1.13,1.88
2012.06.05 13:59:07.989,0.81651,0.81665,1.13,1.13
2012.06.05 13:59:08.941,0.8165,0.81665,1.43,1.13
2012.06.05 13:59:09.980,0.8165,0.81664,1.43,1.13
2012.06.05 13:59:10.549,0.81648,0.81664,1.43,1.13
2012.06.05 13:59:11.638,0.81648,0.81665,4.73,2.55
2012.06.05 13:59:11.961,0.8165,0.81665,1.43,1.13
2012.06.05 13:59:14.850,0.8165,0.81664,1.43,1.13
2012.06.05 13:59:15.181,0.81655,0.81664,1.43,1.13
2012.06.05 13:59:15.719,0.81655,0.81665,1.43,1.13
2012.06.05 13:59:15.920,0.81653,0.81665,1.43,1.13
2012.06.05 13:59:16.555,0.81652,0.81667,2.55,1.13
2012.06.05 13:59:16.634,0.81652,0.81664,1.43,1.13
2012.06.05 13:59:17.228,0.81648,0.81664,2.18,2.55
2012.06.05 13:59:20.525,0.81647,0.81661,1.13,1.43
2012.06.05 13:59:20.600,0.81644,0.81659,1.88,1.13
2012.06.05 13:59:21.054,0.81642,0.81656,2.93,1.13
2012.06.05 13:59:21.391,0.81644,0.8166,1.13,2.93
2012.06.05 13:59:21.590,0.81645,0.81661,2.55,2.78
2012.06.05 13:59:21.661,0.81647,0.81661,1.43,1.50
2012.06.05 13:59:22.610,0.81647,0.81662,1.43,2.63
2012.06.05 13:59:23.168,0.81647,0.81662,2.55,4.05
2012.06.05 13:59:23.692,0.81647,0.81662,1.43,3.30
2012.06.05 13:59:24.048,0.81647,0.81662,1.43,4.05
2012.06.05 13:59:24.428,0.81644,0.81659,1.13,3.30
2012.06.05 13:59:25.339,0.81644,0.81659,1.88,3.30
2012.06.05 13:59:25.827,0.81645,0.81661,3.30,4.73
2012.06.05 13:59:26.347,0.81645,0.81661,1.13,4.05
2012.06.05 13:59:28.117,0.81646,0.81662,1.13,2.18
2012.06.05 13:59:28.192,0.81648,0.81663,1.43,3.30
2012.06.05 13:59:28.379,0.81648,0.81663,1.43,2.55
2012.06.05 13:59:28.936,0.81646,0.81662,1.13,2.18
2012.06.05 13:59:30.740,0.81648,0.81662,1.13,1.43
2012.06.05 13:59:31.702,0.81648,0.81663,2.55,2.63
2012.06.05 13:59:32.008,0.81645,0.8166,1.13,1.13
2012.06.05 13:59:32.830,0.81645,0.81662,1.13,3.30
2012.06.05 13:59:33.289,0.81649,0.81662,1.13,2.18
2012.06.05 13:59:33.677,0.81649,0.81664,1.13,3.30
2012.06.05 13:59:33.950,0.81649,0.81664,1.13,1.88
2012.06.05 13:59:34.258,0.81649,0.81664,1.13,1.13
2012.06.05 13:59:35.259,0.8165,0.81665,1.43,1.88
2012.06.05 13:59:35.430,0.81648,0.81664,2.55,1.43
2012.06.05 13:59:36.104,0.8165,0.81664,3.02,1.43
2012.06.05 13:59:36.439,0.81652,0.81664,1.43,1.43
2012.06.05 13:59:36.579,0.81655,0.81666,1.43,1.13
2012.06.05 13:59:36.718,0.81651,0.81666,2.18,1.13
2012.06.05 13:59:36.967,0.81649,0.81666,1.13,3.30
2012.06.05 13:59:37.038,0.81649,0.81666,1.13,3.30
2012.06.05 13:59:37.358,0.81651,0.81666,1.88,2.18
2012.06.05 13:59:37.616,0.81657,0.81673,1.43,1.50
2012.06.05 13:59:37.807,0.81657,0.81674,1.43,2.18
2012.06.05 13:59:38.548,0.81657,0.81674,1.43,1.43
2012.06.05 13:59:39.098,0.81656,0.81672,3.00,1.43
2012.06.05 13:59:39.431,0.81662,0.81672,1.13,1.43
2012.06.05 13:59:39.560,0.81661,0.81675,1.13,1.43
2012.06.05 13:59:40.308,0.81661,0.81675,1.88,1.43
2012.06.05 13:59:40.632,0.81677,0.81683,1.50,4.35
2012.06.05 13:59:41.129,0.81677,0.81693,1.43,2.18
2012.06.05 13:59:41.204,0.81675,0.81694,2.18,2.55
2012.06.05 13:59:41.531,0.81674,0.81691,2.93,2.18
2012.06.05 13:59:41.941,0.81673,0.81691,1.50,2.18
2012.06.05 13:59:42.290,0.81676,0.81693,2.18,2.18
2012.06.05 13:59:42.611,0.81676,0.81694,2.18,1.35
2012.06.05 13:59:42.738,0.81676,0.81693,2.18,1.35
2012.06.05 13:59:43.507,0.81678,0.81695,1.50,2.18
2012.06.05 13:59:43.968,0.81676,0.81695,2.93,2.18
2012.06.05 13:59:44.422,0.8168,0.81696,1.50,2.18
2012.06.05 13:59:44.739,0.81674,0.8169,1.50,1.43
2012.06.05 13:59:44.998,0.81673,0.8169,2.18,2.18
2012.06.05 13:59:45.249,0.81673,0.8169,2.93,2.18
2012.06.05 13:59:45.509,0.81676,0.8169,1.43,1.43
2012.06.05 13:59:45.580,0.81678,0.81694,1.43,1.50
2012.06.05 13:59:45.767,0.81674,0.81693,2.18,2.18
2012.06.05 13:59:46.198,0.81675,0.81693,3.68,2.18
2012.06.05 13:59:46.446,0.81681,0.81695,2.18,1.43
2012.06.05 13:59:46.747,0.81683,0.81697,1.43,1.50
2012.06.05 13:59:46.881,0.81679,0.81696,2.93,2.18
2012.06.05 13:59:46.947,0.81677,0.81695,2.18,1.50
2012.06.05 13:59:47.277,0.81677,0.81696,2.93,2.18
2012.06.05 13:59:47.408,0.81677,0.81696,3.68,2.18
2012.06.05 13:59:47.901,0.81677,0.81696,2.18,2.18
2012.06.05 13:59:47.967,0.81677,0.81696,2.18,2.18
2012.06.05 13:59:48.537,0.81678,0.81696,1.50,1.43
2012.06.05 13:59:48.608,0.81678,0.81696,1.50,1.43
2012.06.05 13:59:48.943,0.81693,0.81708,1.50,2.18
2012.06.05 13:59:49.303,0.81694,0.81711,2.18,2.18
2012.06.05 13:59:49.913,0.81692,0.81708,1.50,2.18
2012.06.05 13:59:50.310,0.81692,0.8171,2.25,1.43
2012.06.05 13:59:50.571,0.81698,0.81708,2.18,1.43
2012.06.05 13:59:50.702,0.81694,0.81711,2.18,1.43
2012.06.05 13:59:50.771,0.81694,0.81711,2.18,1.43
2012.06.05 13:59:50.841,0.81697,0.81714,2.18,3.60
2012.06.05 13:59:51.238,0.81694,0.81712,2.25,1.43
2012.06.05 13:59:51.455,0.81693,0.81712,2.18,2.18
2012.06.05 13:59:51.532,0.81693,0.81712,2.18,2.18
2012.06.05 13:59:51.873,0.81696,0.81715,2.18,2.18
2012.06.05 13:59:52.082,0.81696,0.81715,2.18,2.18
2012.06.05 13:59:52.289,0.81694,0.81711,2.18,1.43
2012.06.05 13:59:53.780,0.81695,0.8171,1.43,2.18
2012.06.05 13:59:53.922,0.8169,0.81709,2.27,1.43
2012.06.05 13:59:54.191,0.81696,0.81713,2.18,1.43
2012.06.05 13:59:54.530,0.81696,0.81713,2.18,1.43
2012.06.05 13:59:54.741,0.81697,0.81714,2.18,2.18
2012.06.05 13:59:55.276,0.81692,0.81711,2.93,1.43
2012.06.05 13:59:55.481,0.81695,0.81712,2.18,1.43
2012.06.05 13:59:55.682,0.81693,0.81716,2.18,1.43
2012.06.05 13:59:55.822,0.81679,0.81725,1.15,1.13
2012.06.05 13:59:55.891,0.81688,0.81715,2.93,2.18
2012.06.05 13:59:57.120,0.8169,0.81715,2.93,2.18
2012.06.05 13:59:57.512,0.81687,0.81716,2.93,2.18
2012.06.05 13:59:57.890,0.81687,0.81714,2.93,2.18
2012.06.05 13:59:58.328,0.81688,0.81715,3.02,2.18
2012.06.05 13:59:58.402,0.8169,0.81727,2.93,1.35
2012.06.05 13:59:58.528,0.81695,0.81727,2.93,1.35
2012.06.05 13:59:58.740,0.817,0.81739,3.30,2.84
2012.06.05 13:59:58.992,0.81702,0.81737,2.93,2.84
2012.06.05 13:59:59.122,0.81702,0.81737,3.02,2.18
2012.06.05 13:59:59.750,0.81706,0.81738,3.02,2.18
