2018.05.24 07:00:00.135,1.10198,1.10208,1.00,1.00
2018.05.24 07:00:00.680,1.10197,1.10209,1.10,1.00
2018.05.24 07:00:01.185,1.10195,1.10209,1.69,1.00
2018.05.24 07:00:01.698,1.102,1.10211,1.25,1.19
2018.05.24 07:00:01.875,1.102,1.10213,1.69,1.12
2018.05.24 07:00:02.082,1.10202,1.10215,1.25,1.12
2018.05.24 07:00:02.585,1.10203,1.10214,1.00,1.00
2018.05.24 07:00:02.894,1.10212,1.10221,1.00,1.19
2018.05.24 07:00:03.233,1.10214,1.1022,1.00,1.00
2018.05.24 07:00:03.654,1.10215,1.10225,1.00,1.19
2018.05.24 07:00:03.705,1.10216,1.10226,1.00,1.25
2018.05.24 07:00:04.065,1.10216,1.1023,1.00,1.20
2018.05.24 07:00:04.554,1.10213,1.10227,1.44,1.25
2018.05.24 07:00:04.710,1.10213,1.10226,1.25,1.25
2018.05.24 07:00:05.206,1.10212,1.10226,1.25,1.95
2018.05.24 07:00:05.465,1.10211,1.10226,1.19,1.12
2018.05.24 07:00:05.699,1.10213,1.10226,1.19,1.00
2018.05.24 07:00:05.751,1.10209,1.10224,1.87,1.25
2018.05.24 07:00:05.802,1.10209,1.10223,1.12,1.69
2018.05.24 07:00:06.315,1.1021,1.10224,1.00,1.44
2018.05.24 07:00:06.830,1.10211,1.10224,1.50,1.20
2018.05.24 07:00:07.392,1.10211,1.10222,1.00,1.19
2018.05.24 07:00:07.444,1.10209,1.10222,1.00,1.19
2018.05.24 07:00:07.984,1.10208,1.10221,1.00,2.44
2018.05.24 07:00:08.264,1.10209,1.10223,1.00,1.20
2018.05.24 07:00:08.710,1.1021,1.10223,1.00,1.44
2018.05.24 07:00:09.261,1.1021,1.10223,1.00,2.44
2018.05.24 07:00:09.471,1.1021,1.10224,1.00,1.20
2018.05.24 07:00:09.793,1.10216,1.10228,1.00,1.20
2018.05.24 07:00:09.844,1.10216,1.1023,1.69,2.62
2018.05.24 07:00:10.153,1.10214,1.10228,1.76,1.44
2018.05.24 07:00:10.547,1.10214,1.10227,1.00,1.19
2018.05.24 07:00:10.600,1.10212,1.10228,1.76,2.62
2018.05.24 07:00:10.653,1.10213,1.10227,1.00,1.87
2018.05.24 07:00:11.175,1.10211,1.10223,1.00,1.19
2018.05.24 07:00:11.226,1.10211,1.10225,1.25,1.19
2018.05.24 07:00:11.432,1.10211,1.10224,1.00,1.19
2018.05.24 07:00:11.873,1.10209,1.10221,1.10,1.37
2018.05.24 07:00:12.029,1.10209,1.10223,1.00,1.87
2018.05.24 07:00:12.277,1.10209,1.10221,1.00,1.19
2018.05.24 07:00:12.330,1.10209,1.10223,1.00,1.87
2018.05.24 07:00:12.766,1.10214,1.10223,1.00,1.19
2018.05.24 07:00:12.870,1.10211,1.10224,1.00,1.44
2018.05.24 07:00:13.315,1.10213,1.10225,1.00,1.37
2018.05.24 07:00:13.368,1.10214,1.10229,1.25,3.19
2018.05.24 07:00:13.420,1.10214,1.10227,1.19,1.19
2018.05.24 07:00:13.472,1.10213,1.10229,1.69,3.19
2018.05.24 07:00:13.524,1.10214,1.10229,1.69,2.44
2018.05.24 07:00:13.732,1.10211,1.10224,1.25,1.25
2018.05.24 07:00:14.065,1.1021,1.10224,1.00,1.69
2018.05.24 07:00:14.567,1.10209,1.10224,1.19,1.87
2018.05.24 07:00:14.676,1.10209,1.10223,1.01,1.69
2018.05.24 07:00:14.939,1.10209,1.10224,1.19,2.44
2018.05.24 07:00:14.991,1.10209,1.10223,1.00,1.37
2018.05.24 07:00:15.095,1.10213,1.10223,1.00,1.69
2018.05.24 07:00:15.242,1.1021,1.1022,1.00,1.25
2018.05.24 07:00:15.293,1.10208,1.1022,1.00,2.44
2018.05.24 07:00:15.499,1.10209,1.10221,1.00,1.25
2018.05.24 07:00:15.704,1.10211,1.10224,1.00,2.62
2018.05.24 07:00:16.022,1.10213,1.10223,1.00,1.25
2018.05.24 07:00:16.488,1.10216,1.10227,1.00,1.19
2018.05.24 07:00:16.820,1.10221,1.10232,1.00,1.50
2018.05.24 07:00:17.194,1.10216,1.10226,1.00,1.00
2018.05.24 07:00:17.350,1.10218,1.10231,1.00,2.62
2018.05.24 07:00:17.763,1.10222,1.10235,1.50,1.69
2018.05.24 07:00:17.816,1.10224,1.10236,1.00,1.87
2018.05.24 07:00:18.135,1.1023,1.10238,1.50,1.00
2018.05.24 07:00:18.188,1.10232,1.10244,1.00,1.44
2018.05.24 07:00:18.590,1.10234,1.10245,1.00,1.19
2018.05.24 07:00:18.642,1.10234,1.10246,1.00,1.25
2018.05.24 07:00:18.746,1.10237,1.10245,1.00,1.00
2018.05.24 07:00:18.797,1.10237,1.10248,1.00,1.87
2018.05.24 07:00:19.039,1.10237,1.10251,1.00,1.44
2018.05.24 07:00:19.245,1.10241,1.10251,1.00,1.00
2018.05.24 07:00:19.348,1.1024,1.10253,1.00,1.00
2018.05.24 07:00:19.590,1.10241,1.10255,1.25,1.01
2018.05.24 07:00:19.642,1.10242,1.10254,1.00,1.19
2018.05.24 07:00:19.694,1.1024,1.10253,1.00,1.28
2018.05.24 07:00:20.233,1.10239,1.10253,1.00,2.44
2018.05.24 07:00:20.441,1.10241,1.10253,1.00,3.19
2018.05.24 07:00:20.952,1.10242,1.10253,1.00,1.37
2018.05.24 07:00:21.078,1.10242,1.10254,1.00,1.25
2018.05.24 07:00:21.138,1.10241,1.10251,1.00,1.19
2018.05.24 07:00:21.246,1.10239,1.10252,1.00,1.87
2018.05.24 07:00:21.350,1.10241,1.10251,1.00,1.37
2018.05.24 07:00:21.403,1.10239,1.10253,1.50,1.69
2018.05.24 07:00:21.605,1.10241,1.10254,1.00,4.01
2018.05.24 07:00:21.709,1.10239,1.10251,1.00,1.19
2018.05.24 07:00:21.970,1.1024,1.10253,1.25,1.87
2018.05.24 07:00:22.129,1.10239,1.10251,1.00,1.44
2018.05.24 07:00:22.477,1.10241,1.10253,1.00,1.69
2018.05.24 07:00:22.632,1.1024,1.10254,1.50,3.45
2018.05.24 07:00:22.684,1.10242,1.10253,1.00,1.37
2018.05.24 07:00:22.933,1.10239,1.10251,1.00,1.37
2018.05.24 07:00:23.089,1.10237,1.10251,1.00,2.44
2018.05.24 07:00:23.141,1.10239,1.10251,1.00,1.37
2018.05.24 07:00:23.401,1.10237,1.10251,1.10,1.69
2018.05.24 07:00:23.904,1.10236,1.10251,1.76,3.19
2018.05.24 07:00:24.271,1.10239,1.10251,1.00,2.44
2018.05.24 07:00:24.585,1.10237,1.10251,1.50,1.87
2018.05.24 07:00:24.637,1.10239,1.10251,1.00,1.37
2018.05.24 07:00:24.847,1.10239,1.10252,1.00,1.19
2018.05.24 07:00:25.284,1.10241,1.10254,1.00,1.12
2018.05.24 07:00:26.113,1.10241,1.10255,1.00,2.62
2018.05.24 07:00:26.267,1.10243,1.10255,1.00,1.87
2018.05.24 07:00:26.423,1.10241,1.10255,1.50,1.37
2018.05.24 07:00:26.665,1.10242,1.10258,1.76,2.44
2018.05.24 07:00:26.718,1.10244,1.10258,1.50,1.44
2018.05.24 07:00:26.825,1.10244,1.10258,1.50,1.94
2018.05.24 07:00:26.984,1.10244,1.10258,1.19,1.19
2018.05.24 07:00:27.198,1.10247,1.10261,1.00,2.51
2018.05.24 07:00:27.525,1.10255,1.10263,1.00,1.19
2018.05.24 07:00:27.800,1.1025,1.10262,1.00,1.19
2018.05.24 07:00:27.852,1.10253,1.10262,1.00,1.44
2018.05.24 07:00:27.956,1.10251,1.10262,1.00,1.44
2018.05.24 07:00:28.061,1.10251,1.10265,1.00,1.69
2018.05.24 07:00:28.560,1.10249,1.10262,1.00,1.37
2018.05.24 07:00:28.720,1.1025,1.10264,1.00,1.76
2018.05.24 07:00:28.824,1.1025,1.10265,1.19,1.20
2018.05.24 07:00:29.141,1.10252,1.10264,1.00,2.44
2018.05.24 07:00:29.295,1.10249,1.10264,1.69,1.87
2018.05.24 07:00:29.407,1.10249,1.10262,1.00,1.37
2018.05.24 07:00:29.734,1.10252,1.10265,1.00,1.44
2018.05.24 07:00:30.594,1.10252,1.10265,1.25,1.50
2018.05.24 07:00:30.699,1.10252,1.10266,1.00,1.87
2018.05.24 07:00:30.901,1.10257,1.10266,1.00,1.69
2018.05.24 07:00:30.957,1.10258,1.1027,1.00,1.44
2018.05.24 07:00:31.061,1.10256,1.1027,1.00,1.87
2018.05.24 07:00:31.220,1.10253,1.10267,1.01,1.19
2018.05.24 07:00:31.769,1.10252,1.10266,1.50,1.44
2018.05.24 07:00:32.240,1.10254,1.10269,1.25,1.44
2018.05.24 07:00:32.800,1.10251,1.10265,1.76,1.00
2018.05.24 07:00:33.402,1.10252,1.10265,1.25,1.12
2018.05.24 07:00:33.968,1.10251,1.10266,1.00,1.44
2018.05.24 07:00:34.313,1.10253,1.10266,1.25,1.44
2018.05.24 07:00:34.366,1.10253,1.10266,1.25,1.12
2018.05.24 07:00:34.872,1.10254,1.10268,1.19,1.19
2018.05.24 07:00:35.434,1.10253,1.10267,1.19,1.19
2018.05.24 07:00:35.487,1.10254,1.10271,1.69,2.14
2018.05.24 07:00:35.695,1.10258,1.10273,1.00,2.32
2018.05.24 07:00:35.850,1.10261,1.10276,1.69,1.87
2018.05.24 07:00:35.901,1.10261,1.10274,1.00,1.19
2018.05.24 07:00:36.212,1.10264,1.10275,1.00,1.44
2018.05.24 07:00:36.264,1.10262,1.10276,1.00,1.37
2018.05.24 07:00:36.368,1.10262,1.10273,1.00,1.37
2018.05.24 07:00:36.523,1.10262,1.10276,1.00,1.37
2018.05.24 07:00:36.575,1.10262,1.10278,1.87,2.70
2018.05.24 07:00:36.627,1.10262,1.10276,1.69,1.19
2018.05.24 07:00:36.897,1.10266,1.1028,1.00,1.44
2018.05.24 07:00:37.051,1.10265,1.1028,1.25,1.69
2018.05.24 07:00:37.358,1.10263,1.10276,1.25,1.37
2018.05.24 07:00:37.679,1.10263,1.10275,1.00,1.44
2018.05.24 07:00:37.730,1.10263,1.10276,1.25,1.37
2018.05.24 07:00:37.833,1.10265,1.10275,1.00,1.44
2018.05.24 07:00:37.885,1.10265,1.10278,1.00,1.32
2018.05.24 07:00:37.938,1.10266,1.1028,1.00,2.70
2018.05.24 07:00:38.041,1.10265,1.1028,1.00,2.44
2018.05.24 07:00:38.372,1.10271,1.10284,1.00,1.29
2018.05.24 07:00:38.689,1.10273,1.10286,1.00,1.51
2018.05.24 07:00:38.960,1.10271,1.10285,1.00,1.37
2018.05.24 07:00:39.116,1.10269,1.10285,1.69,2.51
2018.05.24 07:00:39.441,1.10271,1.10283,1.00,1.19
2018.05.24 07:00:39.492,1.10272,1.10285,1.00,1.44
2018.05.24 07:00:39.544,1.10272,1.10287,1.00,2.70
2018.05.24 07:00:39.646,1.10272,1.10285,1.00,1.51
2018.05.24 07:00:39.953,1.10269,1.10284,1.50,1.37
2018.05.24 07:00:40.056,1.10271,1.10285,1.00,1.19
2018.05.24 07:00:40.192,1.10271,1.10286,1.69,1.25
2018.05.24 07:00:40.243,1.10271,1.10286,1.50,1.44
2018.05.24 07:00:40.652,1.10273,1.10286,1.00,1.37
2018.05.24 07:00:40.915,1.10274,1.10288,1.00,1.95
2018.05.24 07:00:41.172,1.10276,1.10289,1.00,3.07
2018.05.24 07:00:41.718,1.10274,1.10288,1.00,1.69
2018.05.24 07:00:41.821,1.10273,1.10286,1.00,1.19
2018.05.24 07:00:42.364,1.10272,1.10286,1.00,1.19
2018.05.24 07:00:42.949,1.10273,1.10286,1.00,1.19
2018.05.24 07:00:44.230,1.10272,1.10286,1.00,1.69
2018.05.24 07:00:44.844,1.10272,1.10285,1.00,1.19
2018.05.24 07:00:45.364,1.10272,1.10286,1.10,1.19
2018.05.24 07:00:45.754,1.10268,1.10282,1.57,1.19
2018.05.24 07:00:45.909,1.1027,1.10283,1.00,1.69
2018.05.24 07:00:46.438,1.1027,1.10283,1.10,1.44
2018.05.24 07:00:46.593,1.10268,1.10282,1.10,1.25
2018.05.24 07:00:47.141,1.10269,1.10284,1.57,1.87
2018.05.24 07:00:47.299,1.10269,1.10282,1.07,1.19
2018.05.24 07:00:47.895,1.10268,1.10283,1.95,1.37
2018.05.24 07:00:48.308,1.10269,1.10281,1.10,1.19
2018.05.24 07:00:48.360,1.10268,1.10283,1.07,1.37
2018.05.24 07:00:48.414,1.10267,1.1028,1.20,1.69
2018.05.24 07:00:48.466,1.10267,1.1028,1.57,1.25
2018.05.24 07:00:48.569,1.10267,1.10282,1.07,1.12
2018.05.24 07:00:48.688,1.10266,1.10278,1.20,1.12
2018.05.24 07:00:48.792,1.10265,1.10278,1.10,1.44
2018.05.24 07:00:49.313,1.10265,1.10277,1.10,1.19
2018.05.24 07:00:49.687,1.10266,1.1028,1.00,1.19
2018.05.24 07:00:49.845,1.10266,1.10279,1.50,1.19
2018.05.24 07:00:50.361,1.10264,1.10277,1.26,1.00
2018.05.24 07:00:50.903,1.10264,1.10278,1.26,1.69
2018.05.24 07:00:51.217,1.10261,1.10273,1.10,1.25
2018.05.24 07:00:51.912,1.10261,1.10274,1.07,1.25
2018.05.24 07:00:52.392,1.10262,1.10272,1.10,1.25
2018.05.24 07:00:52.447,1.10258,1.10272,1.01,1.44
2018.05.24 07:00:52.672,1.10258,1.10271,1.29,1.50
2018.05.24 07:00:52.725,1.10258,1.10271,1.10,1.25
2018.05.24 07:00:53.256,1.10258,1.1027,1.10,1.00
2018.05.24 07:00:53.761,1.10259,1.10272,1.69,1.19
2018.05.24 07:00:54.069,1.1026,1.10274,1.25,1.19
2018.05.24 07:00:54.273,1.10261,1.10275,1.20,1.19
2018.05.24 07:00:54.810,1.10263,1.10275,1.00,1.19
2018.05.24 07:00:55.318,1.10263,1.10275,1.00,1.25
2018.05.24 07:00:55.692,1.10261,1.10272,1.00,1.00
2018.05.24 07:00:55.848,1.10261,1.10274,1.50,1.25
2018.05.24 07:00:56.109,1.10265,1.10279,1.00,1.95
2018.05.24 07:00:56.823,1.10265,1.10279,1.50,1.44
2018.05.24 07:00:57.286,1.10267,1.10279,1.00,1.44
2018.05.24 07:00:57.795,1.10268,1.1028,1.00,1.19
2018.05.24 07:00:58.343,1.10268,1.1028,1.10,1.19
2018.05.24 07:00:59.070,1.10268,1.10282,1.10,1.87
2018.05.24 07:00:59.281,1.10263,1.10277,2.51,1.25
2018.05.24 07:00:59.945,1.10263,1.10278,1.76,1.44
2018.05.24 07:01:00.090,1.10265,1.10279,1.76,1.00
2018.05.24 07:01:00.143,1.10267,1.1028,1.00,1.19
2018.05.24 07:01:00.300,1.10268,1.10281,1.25,1.19
2018.05.24 07:01:00.354,1.10267,1.10278,1.00,1.25
2018.05.24 07:01:00.909,1.10265,1.10278,1.50,1.19
2018.05.24 07:01:01.472,1.10265,1.10278,1.25,1.20
2018.05.24 07:01:02.470,1.10263,1.10278,1.69,1.76
2018.05.24 07:01:02.577,1.10266,1.10277,1.00,1.00
2018.05.24 07:01:03.101,1.10265,1.10278,1.19,1.00
2018.05.24 07:01:03.154,1.10269,1.10282,1.00,1.45
2018.05.24 07:01:03.687,1.10269,1.10284,1.19,1.87
2018.05.24 07:01:04.055,1.1027,1.10284,1.19,1.25
2018.05.24 07:01:04.505,1.10272,1.10286,1.69,1.26
2018.05.24 07:01:04.662,1.10274,1.10287,1.00,1.69
2018.05.24 07:01:05.110,1.10276,1.10287,1.00,1.00
2018.05.24 07:01:05.163,1.10276,1.10289,1.69,1.00
2018.05.24 07:01:05.374,1.10277,1.1029,1.19,1.00
2018.05.24 07:01:05.649,1.10272,1.10285,1.00,1.69
2018.05.24 07:01:06.058,1.10268,1.10283,1.57,1.44
2018.05.24 07:01:06.212,1.10268,1.10281,1.00,1.19
2018.05.24 07:01:06.439,1.10268,1.10281,1.00,1.25
2018.05.24 07:01:06.646,1.1027,1.10285,1.00,1.76
2018.05.24 07:01:06.801,1.10272,1.10286,1.69,1.76
2018.05.24 07:01:06.853,1.10272,1.10286,1.19,1.76
2018.05.24 07:01:07.314,1.10271,1.10285,1.69,1.00
2018.05.24 07:01:07.366,1.10271,1.10282,1.00,1.00
2018.05.24 07:01:07.468,1.10269,1.10281,1.50,1.00
2018.05.24 07:01:07.851,1.10269,1.10283,1.69,1.00
2018.05.24 07:01:08.212,1.1027,1.10282,1.19,1.00
2018.05.24 07:01:08.265,1.1027,1.10284,1.19,1.57
2018.05.24 07:01:09.077,1.10271,1.10283,1.00,1.25
2018.05.24 07:01:09.240,1.1027,1.10281,1.69,1.00
2018.05.24 07:01:09.348,1.10269,1.10283,1.19,1.87
2018.05.24 07:01:09.490,1.10267,1.1028,1.25,1.19
2018.05.24 07:01:09.551,1.10267,1.10281,1.19,1.20
2018.05.24 07:01:10.161,1.10268,1.1028,1.00,1.44
2018.05.24 07:01:10.319,1.10266,1.1028,1.25,1.25
2018.05.24 07:01:10.877,1.10264,1.1028,1.29,1.87
2018.05.24 07:01:11.389,1.10265,1.10278,1.19,1.00
2018.05.24 07:01:11.545,1.10263,1.10277,1.69,1.00
2018.05.24 07:01:12.081,1.10263,1.10277,1.69,1.50
2018.05.24 07:01:12.134,1.10265,1.10277,1.19,1.00
2018.05.24 07:01:12.309,1.10263,1.10275,1.69,1.00
2018.05.24 07:01:12.835,1.10263,1.10275,1.25,1.00
2018.05.24 07:01:13.123,1.10259,1.10274,1.44,2.44
2018.05.24 07:01:13.382,1.10259,1.10271,1.25,1.25
2018.05.24 07:01:13.592,1.10257,1.1027,1.00,1.00
2018.05.24 07:01:14.110,1.10254,1.10269,3.56,1.00
2018.05.24 07:01:14.213,1.10253,1.10268,2.81,1.25
2018.05.24 07:01:14.315,1.10256,1.10269,1.69,1.00
2018.05.24 07:01:14.456,1.10258,1.10271,1.19,1.00
2018.05.24 07:01:14.971,1.10259,1.10272,1.00,1.00
2018.05.24 07:01:15.179,1.1026,1.10275,1.87,1.10
2018.05.24 07:01:15.363,1.10261,1.10276,1.25,1.25
2018.05.24 07:01:15.415,1.10261,1.10276,1.44,1.01
2018.05.24 07:01:15.956,1.10261,1.10276,1.19,1.44
2018.05.24 07:01:16.494,1.10263,1.10275,1.19,1.00
2018.05.24 07:01:16.547,1.10262,1.10279,1.95,2.70
2018.05.24 07:01:18.215,1.10263,1.10277,1.47,1.00
2018.05.24 07:01:18.483,1.10263,1.10279,1.20,1.25
2018.05.24 07:01:18.900,1.10263,1.10277,1.95,1.00
2018.05.24 07:01:19.317,1.10265,1.10278,1.19,1.00
2018.05.24 07:01:19.591,1.10265,1.10279,1.25,1.87
2018.05.24 07:01:20.113,1.10265,1.10278,1.19,1.00
2018.05.24 07:01:20.165,1.10265,1.10276,1.44,1.00
2018.05.24 07:01:20.676,1.10265,1.10276,1.12,1.00
2018.05.24 07:01:21.055,1.10262,1.10277,2.51,1.50
2018.05.24 07:01:21.571,1.10262,1.10276,1.69,1.25
2018.05.24 07:01:22.051,1.10261,1.10274,1.69,1.00
2018.05.24 07:01:22.348,1.10262,1.10276,1.37,1.50
2018.05.24 07:01:22.400,1.10262,1.10274,1.19,1.00
2018.05.24 07:01:22.555,1.10261,1.10275,1.50,1.69
2018.05.24 07:01:22.610,1.1026,1.10272,1.00,1.25
2018.05.24 07:01:23.124,1.1026,1.10274,1.00,1.19
2018.05.24 07:01:23.669,1.10261,1.10274,1.00,1.50
2018.05.24 07:01:24.252,1.1026,1.10274,1.25,1.00
2018.05.24 07:01:24.797,1.10259,1.10272,1.10,1.19
2018.05.24 07:01:25.061,1.10254,1.10269,1.29,1.50
2018.05.24 07:01:25.338,1.10253,1.10267,1.19,1.69
2018.05.24 07:01:25.440,1.10252,1.10268,1.25,1.87
2018.05.24 07:01:25.543,1.10255,1.10269,1.25,2.51
2018.05.24 07:01:25.699,1.10256,1.1027,1.00,1.69
2018.05.24 07:01:25.751,1.10257,1.10272,1.00,2.51
2018.05.24 07:01:25.940,1.10257,1.1027,1.19,1.69
2018.05.24 07:01:26.147,1.10256,1.10271,1.01,1.44
2018.05.24 07:01:26.199,1.10255,1.10271,1.76,2.44
2018.05.24 07:01:26.602,1.10256,1.1027,1.01,1.19
2018.05.24 07:01:27.125,1.10256,1.1027,1.25,1.00
2018.05.24 07:01:27.640,1.10255,1.1027,2.51,1.00
2018.05.24 07:01:27.947,1.10258,1.10272,1.19,1.50
2018.05.24 07:01:28.253,1.10258,1.10273,1.69,1.69
2018.05.24 07:01:28.530,1.10258,1.10273,1.19,2.44
2018.05.24 07:01:29.036,1.10258,1.10273,1.25,2.70
2018.05.24 07:01:29.297,1.10256,1.10269,1.51,1.00
2018.05.24 07:01:29.350,1.10256,1.10271,1.76,1.25
2018.05.24 07:01:29.896,1.10256,1.1027,1.44,1.69
2018.05.24 07:01:30.063,1.10255,1.1027,1.01,1.25
2018.05.24 07:01:30.117,1.10255,1.1027,1.29,1.25
2018.05.24 07:01:31.006,1.10256,1.10271,1.19,2.25
2018.05.24 07:01:31.535,1.10257,1.10271,1.19,1.25
2018.05.24 07:01:32.975,1.10257,1.10271,1.19,1.00
2018.05.24 07:01:33.185,1.10259,1.10275,1.19,1.76
2018.05.24 07:01:33.340,1.10258,1.10275,2.70,2.70
2018.05.24 07:01:33.547,1.10258,1.10271,1.12,1.25
2018.05.24 07:01:34.058,1.10256,1.1027,1.29,1.00
2018.05.24 07:01:34.604,1.10256,1.10271,1.19,1.87
2018.05.24 07:01:35.203,1.10256,1.10267,1.19,1.00
2018.05.24 07:01:35.254,1.10254,1.10268,1.01,1.25
2018.05.24 07:01:35.461,1.10251,1.10265,1.19,1.69
2018.05.24 07:01:35.989,1.1025,1.10266,1.20,2.62
2018.05.24 07:01:36.375,1.10252,1.10266,2.51,1.00
2018.05.24 07:01:36.427,1.10252,1.10266,1.95,1.50
2018.05.24 07:01:36.587,1.10252,1.10268,3.07,1.50
2018.05.24 07:01:37.104,1.10252,1.10265,1.07,1.00
2018.05.24 07:01:37.533,1.10251,1.10266,1.25,1.50
2018.05.24 07:01:37.637,1.10251,1.10266,1.29,1.50
2018.05.24 07:01:38.186,1.10251,1.10265,1.29,1.00
2018.05.24 07:01:38.341,1.10251,1.10264,1.01,1.00
2018.05.24 07:01:38.936,1.1025,1.10264,1.29,1.00
2018.05.24 07:01:39.099,1.10252,1.10267,1.95,1.50
2018.05.24 07:01:39.257,1.10251,1.10265,1.95,1.00
2018.05.24 07:01:39.809,1.10253,1.10264,1.19,1.00
2018.05.24 07:01:39.999,1.10253,1.10266,1.19,1.25
2018.05.24 07:01:40.551,1.10252,1.10267,1.00,1.69
2018.05.24 07:01:40.904,1.10252,1.10268,1.29,2.44
2018.05.24 07:01:41.276,1.10252,1.10266,1.70,1.00
2018.05.24 07:01:41.900,1.10252,1.10267,1.76,1.50
2018.05.24 07:01:42.248,1.1025,1.10263,1.64,1.00
2018.05.24 07:01:42.460,1.10246,1.10261,3.64,1.69
2018.05.24 07:01:42.836,1.10245,1.10259,2.14,1.19
2018.05.24 07:01:42.993,1.10242,1.10255,1.29,1.25
2018.05.24 07:01:43.046,1.10239,1.10253,2.14,1.19
2018.05.24 07:01:43.098,1.1024,1.10253,1.29,1.00
2018.05.24 07:01:43.151,1.10239,1.10253,1.26,1.19
2018.05.24 07:01:43.564,1.10239,1.10253,1.25,1.12
2018.05.24 07:01:43.721,1.10238,1.10249,1.26,1.00
2018.05.24 07:01:44.144,1.10238,1.1025,1.19,1.00
2018.05.24 07:01:44.302,1.10237,1.10251,1.29,1.25
2018.05.24 07:01:44.855,1.10236,1.1025,1.19,1.25
2018.05.24 07:01:45.637,1.10235,1.10251,2.44,2.51
2018.05.24 07:01:46.020,1.10241,1.10252,1.19,1.00
2018.05.24 07:01:46.177,1.10242,1.10256,1.19,1.76
2018.05.24 07:01:46.385,1.10243,1.10256,1.19,1.69
2018.05.24 07:01:46.625,1.10244,1.10258,1.69,1.01
2018.05.24 07:01:46.678,1.10245,1.1026,1.69,1.25
2018.05.24 07:01:48.195,1.10245,1.10259,2.44,1.00
2018.05.24 07:01:48.701,1.10245,1.10261,1.19,2.70
2018.05.24 07:01:49.532,1.10249,1.10264,1.25,3.82
2018.05.24 07:01:49.586,1.10249,1.10264,1.25,2.51
2018.05.24 07:01:49.641,1.10249,1.10264,2.44,1.57
2018.05.24 07:01:49.784,1.10251,1.10265,1.69,1.01
2018.05.24 07:01:50.303,1.10249,1.10265,1.87,1.19
2018.05.24 07:01:50.836,1.10251,1.10265,1.19,1.69
2018.05.24 07:01:52.096,1.10252,1.10265,1.19,1.00
2018.05.24 07:01:52.147,1.10252,1.10265,1.25,1.00
2018.05.24 07:01:52.425,1.1025,1.10265,1.69,1.01
2018.05.24 07:01:52.537,1.1025,1.10263,1.25,1.00
2018.05.24 07:01:52.588,1.10248,1.10262,1.25,1.00
2018.05.24 07:01:52.691,1.10246,1.1026,1.51,1.00
2018.05.24 07:01:52.999,1.10241,1.10255,1.50,1.10
2018.05.24 07:01:53.153,1.10241,1.10257,1.69,2.70
2018.05.24 07:01:53.361,1.10242,1.10256,1.69,1.00
2018.05.24 07:01:53.467,1.10243,1.10257,1.12,1.10
2018.05.24 07:01:53.622,1.10243,1.10257,1.44,1.10
2018.05.24 07:01:53.882,1.10243,1.10257,1.25,1.00
2018.05.24 07:01:54.034,1.10243,1.10257,1.44,1.00
2018.05.24 07:01:54.677,1.10243,1.10258,1.19,1.00
2018.05.24 07:01:55.215,1.10243,1.10259,1.44,2.32
2018.05.24 07:01:55.755,1.10243,1.10258,1.19,1.10
2018.05.24 07:01:56.392,1.10244,1.10258,1.44,1.00
2018.05.24 07:01:56.650,1.10244,1.10258,1.25,1.50
2018.05.24 07:01:57.164,1.10243,1.10257,1.69,1.00
2018.05.24 07:01:57.632,1.10243,1.10259,1.19,1.00
2018.05.24 07:01:58.478,1.10244,1.10259,1.44,1.10
2018.05.24 07:01:58.530,1.10243,1.10259,2.62,1.01
2018.05.24 07:01:58.584,1.10247,1.10262,1.19,3.26
2018.05.24 07:01:58.741,1.10248,1.10263,1.69,1.10
2018.05.24 07:01:59.238,1.10248,1.10262,1.19,1.20
2018.05.24 07:01:59.343,1.10246,1.1026,1.76,1.00
2018.05.24 07:01:59.395,1.10245,1.10259,1.19,1.00
2018.05.24 07:01:59.551,1.10242,1.10256,3.26,1.00
2018.05.24 07:01:59.892,1.10244,1.10258,1.44,1.50
2018.05.24 07:02:00.363,1.10244,1.10258,1.19,1.69
2018.05.24 07:02:00.605,1.10243,1.10258,1.19,1.87
2018.05.24 07:02:01.137,1.10243,1.10258,1.19,1.76
2018.05.24 07:02:01.850,1.10244,1.10258,1.19,2.32
2018.05.24 07:02:02.108,1.10246,1.10259,1.87,1.10
2018.05.24 07:02:02.493,1.10245,1.10259,1.69,1.50
2018.05.24 07:02:02.749,1.10242,1.10258,1.95,1.69
2018.05.24 07:02:02.800,1.10243,1.10258,1.19,1.50
2018.05.24 07:02:03.313,1.10243,1.10258,1.69,1.12
2018.05.24 07:02:03.648,1.10244,1.10256,1.19,1.00
2018.05.24 07:02:04.154,1.10244,1.10257,1.19,1.50
2018.05.24 07:02:04.825,1.10243,1.10257,1.19,1.00
2018.05.24 07:02:05.669,1.10243,1.10258,1.29,1.00
2018.05.24 07:02:06.008,1.10245,1.1026,1.69,1.76
2018.05.24 07:02:07.006,1.10248,1.1026,1.19,1.76
2018.05.24 07:02:07.108,1.10246,1.1026,1.19,2.44
2018.05.24 07:02:07.211,1.10246,1.1026,1.69,1.00
2018.05.24 07:02:07.718,1.10245,1.10259,1.19,1.25
2018.05.24 07:02:08.297,1.10246,1.10259,1.19,1.00
2018.05.24 07:02:08.738,1.10244,1.10259,1.69,1.00
2018.05.24 07:02:09.917,1.10244,1.10259,1.69,1.19
2018.05.24 07:02:10.024,1.10245,1.10259,1.19,2.25
2018.05.24 07:02:10.547,1.10246,1.10261,1.19,2.06
2018.05.24 07:02:11.588,1.10246,1.10259,1.69,1.00
2018.05.24 07:02:12.140,1.10248,1.1026,1.25,1.25
2018.05.24 07:02:12.728,1.10248,1.10261,1.25,1.39
2018.05.24 07:02:13.356,1.10249,1.10261,1.25,1.25
2018.05.24 07:02:15.033,1.10249,1.10261,1.00,1.44
2018.05.24 07:02:15.710,1.10249,1.10261,1.00,1.69
2018.05.24 07:02:16.331,1.10248,1.10261,1.25,1.69
2018.05.24 07:02:16.866,1.10248,1.10261,1.69,1.69
2018.05.24 07:02:18.111,1.10248,1.10261,1.19,1.69
2018.05.24 07:02:18.894,1.10248,1.10261,1.19,1.50
2018.05.24 07:02:19.238,1.1025,1.10262,1.19,1.00
2018.05.24 07:02:19.741,1.1025,1.10263,1.19,1.25
2018.05.24 07:02:20.104,1.10247,1.10261,1.69,1.00
2018.05.24 07:02:20.210,1.10247,1.10259,1.00,1.00
2018.05.24 07:02:20.579,1.10244,1.10259,1.69,1.00
2018.05.24 07:02:20.787,1.10245,1.10258,1.19,1.50
2018.05.24 07:02:20.839,1.10244,1.10258,1.69,1.69
2018.05.24 07:02:21.239,1.10243,1.10258,1.25,1.69
2018.05.24 07:02:21.341,1.10244,1.10257,1.19,1.00
2018.05.24 07:02:21.857,1.10245,1.10258,1.25,1.00
2018.05.24 07:02:22.261,1.10245,1.10258,1.19,1.00
2018.05.24 07:02:22.564,1.10244,1.10258,1.19,1.00
2018.05.24 07:02:23.079,1.10242,1.10257,3.37,1.57
2018.05.24 07:02:23.206,1.10242,1.10257,1.00,1.76
2018.05.24 07:02:23.257,1.10242,1.10256,1.69,1.00
2018.05.24 07:02:23.309,1.10242,1.10256,1.00,1.25
2018.05.24 07:02:23.411,1.10242,1.10256,1.19,1.00
2018.05.24 07:02:23.462,1.10241,1.10256,2.44,1.00
2018.05.24 07:02:23.565,1.10244,1.10256,1.19,1.45
2018.05.24 07:02:23.671,1.10243,1.10257,1.19,1.32
2018.05.24 07:02:24.273,1.10244,1.10258,1.19,1.45
2018.05.24 07:02:24.824,1.10245,1.10258,1.19,1.20
2018.05.24 07:02:24.876,1.10245,1.10258,1.19,1.10
2018.05.24 07:02:25.183,1.10245,1.10258,1.19,1.20
2018.05.24 07:02:25.487,1.10244,1.10258,1.19,1.57
2018.05.24 07:02:25.993,1.10244,1.10257,2.44,1.00
2018.05.24 07:02:26.045,1.10244,1.10257,1.25,1.32
2018.05.24 07:02:26.097,1.10245,1.10258,1.69,1.20
2018.05.24 07:02:26.203,1.10244,1.10258,1.69,1.10
2018.05.24 07:02:26.358,1.10243,1.10258,1.25,1.76
2018.05.24 07:02:26.409,1.10244,1.10257,1.19,1.00
2018.05.24 07:02:26.513,1.10243,1.10257,1.25,1.57
2018.05.24 07:02:26.565,1.10241,1.10252,1.19,1.10
2018.05.24 07:02:26.896,1.10239,1.1025,1.19,1.10
2018.05.24 07:02:27.101,1.1024,1.10255,1.25,1.82
2018.05.24 07:02:27.645,1.10241,1.10256,1.25,2.70
2018.05.24 07:02:27.749,1.10241,1.10256,1.25,2.70
2018.05.24 07:02:27.801,1.10241,1.10256,1.25,2.25
2018.05.24 07:02:27.904,1.1024,1.10251,1.00,1.00
2018.05.24 07:02:28.451,1.10239,1.10253,1.19,1.07
2018.05.24 07:02:28.711,1.10239,1.10254,1.25,2.51
2018.05.24 07:02:28.814,1.10239,1.10254,1.69,2.51
2018.05.24 07:02:29.427,1.10238,1.10254,2.44,1.70
2018.05.24 07:02:29.864,1.10238,1.10254,2.62,2.14
2018.05.24 07:02:29.918,1.10238,1.10251,1.25,1.00
2018.05.24 07:02:30.457,1.10239,1.10252,1.50,1.29
2018.05.24 07:02:30.509,1.10239,1.10254,1.50,2.32
2018.05.24 07:02:31.032,1.1024,1.10253,1.00,1.20
2018.05.24 07:02:32.419,1.10239,1.10253,2.44,1.07
2018.05.24 07:02:32.472,1.10241,1.10253,1.25,1.07
2018.05.24 07:02:33.135,1.10239,1.10253,1.69,1.20
2018.05.24 07:02:33.241,1.10238,1.10251,1.25,1.50
2018.05.24 07:02:33.345,1.10235,1.10248,1.19,1.10
2018.05.24 07:02:33.694,1.10234,1.10248,1.19,1.95
2018.05.24 07:02:33.801,1.10233,1.10248,2.44,1.57
2018.05.24 07:02:34.060,1.10235,1.1025,1.69,1.95
2018.05.24 07:02:34.602,1.10235,1.10249,1.19,1.44
2018.05.24 07:02:35.225,1.10236,1.1025,1.19,1.57
2018.05.24 07:02:35.379,1.10238,1.10252,1.50,2.14
2018.05.24 07:02:35.431,1.1024,1.10252,1.00,1.39
2018.05.24 07:02:35.483,1.1024,1.10253,1.25,1.76
2018.05.24 07:02:35.985,1.1024,1.10254,1.19,2.14
2018.05.24 07:02:36.528,1.1024,1.10253,1.19,1.39
2018.05.24 07:02:36.739,1.10239,1.10252,1.00,1.07
2018.05.24 07:02:37.263,1.1024,1.10251,1.00,1.10
2018.05.24 07:02:37.732,1.10238,1.10251,1.00,1.10
2018.05.24 07:02:37.999,1.10239,1.10252,1.00,2.32
2018.05.24 07:02:38.211,1.10235,1.10247,1.50,1.00
2018.05.24 07:02:38.268,1.10233,1.10246,1.25,1.00
2018.05.24 07:02:38.803,1.10233,1.10247,1.25,1.39
2018.05.24 07:02:39.016,1.10235,1.10247,1.00,1.29
2018.05.24 07:02:39.480,1.10233,1.10248,1.00,2.32
2018.05.24 07:02:39.731,1.10232,1.10246,1.19,1.20
2018.05.24 07:02:40.041,1.1023,1.10244,2.25,1.20
2018.05.24 07:02:40.094,1.1023,1.10244,2.25,1.10
2018.05.24 07:02:40.147,1.1023,1.10244,2.44,1.10
2018.05.24 07:02:40.476,1.1023,1.10244,1.69,1.20
2018.05.24 07:02:40.706,1.1023,1.10244,2.44,1.20
2018.05.24 07:02:40.758,1.1023,1.10244,1.69,1.20
2018.05.24 07:02:40.812,1.1023,1.10243,1.00,1.32
2018.05.24 07:02:41.155,1.1023,1.10242,2.44,1.32
2018.05.24 07:02:41.217,1.10231,1.10243,1.00,1.20
2018.05.24 07:02:41.482,1.10233,1.10246,1.00,2.14
2018.05.24 07:02:41.638,1.10233,1.10246,1.00,1.26
2018.05.24 07:02:42.575,1.10232,1.10246,1.00,1.29
2018.05.24 07:02:42.634,1.10231,1.10245,1.50,2.14
2018.05.24 07:02:43.182,1.1023,1.10243,1.50,1.01
2018.05.24 07:02:44.431,1.1023,1.10243,1.50,1.20
2018.05.24 07:02:44.949,1.1023,1.10243,1.50,1.07
2018.05.24 07:02:45.261,1.10233,1.10243,1.00,1.12
2018.05.24 07:02:45.519,1.10231,1.10244,1.00,1.29
2018.05.24 07:02:45.570,1.10229,1.10241,2.62,1.00
2018.05.24 07:02:45.918,1.10227,1.10238,1.00,1.01
2018.05.24 07:02:45.970,1.10224,1.10238,1.87,1.01
2018.05.24 07:02:46.500,1.10225,1.10238,1.25,1.57
2018.05.24 07:02:47.151,1.10227,1.10239,1.25,1.07
2018.05.24 07:02:47.406,1.10229,1.10241,1.19,1.10
2018.05.24 07:02:47.964,1.10229,1.10242,1.19,1.01
2018.05.24 07:02:48.128,1.10229,1.10242,1.19,1.32
2018.05.24 07:02:48.337,1.10226,1.1024,1.69,1.26
2018.05.24 07:02:48.883,1.10226,1.10238,1.25,1.32
2018.05.24 07:02:49.743,1.10226,1.10238,1.25,1.25
2018.05.24 07:02:50.139,1.10226,1.10238,1.25,1.76
2018.05.24 07:02:50.691,1.10227,1.10238,1.19,1.10
2018.05.24 07:02:50.742,1.10225,1.10239,1.19,1.07
2018.05.24 07:02:50.793,1.10226,1.10239,1.19,1.01
2018.05.24 07:02:50.845,1.10226,1.1024,1.25,1.76
2018.05.24 07:02:50.944,1.10226,1.1024,1.19,1.76
2018.05.24 07:02:50.996,1.10229,1.10242,1.19,1.76
2018.05.24 07:02:51.201,1.1023,1.10244,1.00,1.51
2018.05.24 07:02:51.507,1.1023,1.10244,1.00,2.32
2018.05.24 07:02:51.833,1.1023,1.10237,1.00,1.00
2018.05.24 07:02:52.090,1.10227,1.10237,1.00,1.00
2018.05.24 07:02:52.416,1.10227,1.10235,1.25,1.00
2018.05.24 07:02:52.990,1.10227,1.10235,1.44,1.00
2018.05.24 07:02:53.124,1.10227,1.10237,1.44,1.00
2018.05.24 07:02:53.550,1.10227,1.10235,1.19,1.00
2018.05.24 07:02:53.862,1.10227,1.10237,1.19,1.00
2018.05.24 07:02:53.927,1.10227,1.10239,1.19,1.00
2018.05.24 07:02:55.363,1.10227,1.10238,1.19,1.00
2018.05.24 07:02:56.862,1.10228,1.1024,1.25,1.00
2018.05.24 07:02:57.365,1.10228,1.10239,1.25,1.00
2018.05.24 07:02:58.440,1.10226,1.10239,2.44,1.00
2018.05.24 07:02:59.231,1.10228,1.1024,1.00,1.25
2018.05.24 07:02:59.723,1.10229,1.10241,1.19,1.00
2018.05.24 07:03:00.166,1.10227,1.10234,1.69,1.00
2018.05.24 07:03:00.474,1.10227,1.10236,1.87,1.00
2018.05.24 07:03:00.918,1.10227,1.10234,1.25,1.00
2018.05.24 07:03:01.181,1.10225,1.10235,2.44,1.00
2018.05.24 07:03:01.671,1.10227,1.10234,1.00,1.00
2018.05.24 07:03:02.212,1.10226,1.10235,1.00,1.00
2018.05.24 07:03:02.652,1.10226,1.10233,1.00,1.00
2018.05.24 07:03:02.967,1.10224,1.10231,1.00,1.00
2018.05.24 07:03:03.357,1.10221,1.10229,1.69,1.00
2018.05.24 07:03:03.894,1.1022,1.10228,1.69,1.00
2018.05.24 07:03:03.998,1.10219,1.10228,1.25,1.00
2018.05.24 07:03:04.221,1.10218,1.10226,1.69,1.00
2018.05.24 07:03:04.564,1.10221,1.10229,1.19,1.00
2018.05.24 07:03:04.913,1.10225,1.10231,1.00,1.00
2018.05.24 07:03:04.965,1.10225,1.10233,1.00,1.00
2018.05.24 07:03:05.883,1.10226,1.10233,1.00,1.00
2018.05.24 07:03:06.278,1.10226,1.10235,1.69,1.00
2018.05.24 07:03:06.847,1.10226,1.10234,1.69,1.00
2018.05.24 07:03:06.954,1.10225,1.10232,1.00,1.00
2018.05.24 07:03:07.715,1.10225,1.10232,1.19,1.00
2018.05.24 07:03:08.235,1.10225,1.10233,1.19,1.00
2018.05.24 07:03:09.309,1.10225,1.10233,1.00,1.00
2018.05.24 07:03:09.651,1.10224,1.1023,1.50,1.00
2018.05.24 07:03:09.810,1.10222,1.1023,1.00,1.00
2018.05.24 07:03:09.863,1.1022,1.10229,1.25,1.00
2018.05.24 07:03:09.916,1.1022,1.10227,1.25,1.00
2018.05.24 07:03:10.451,1.1022,1.10226,1.25,1.00
2018.05.24 07:03:10.754,1.1022,1.10229,1.19,1.00
2018.05.24 07:03:11.100,1.10222,1.10231,1.00,1.00
2018.05.24 07:03:11.627,1.10222,1.10229,1.00,1.00
2018.05.24 07:03:12.415,1.10222,1.10232,1.00,1.00
2018.05.24 07:03:12.954,1.10221,1.10232,1.00,1.00
2018.05.24 07:03:13.008,1.10219,1.10227,1.00,1.00
2018.05.24 07:03:13.062,1.10215,1.10227,1.00,1.00
2018.05.24 07:03:13.169,1.10213,1.10225,1.69,1.50
2018.05.24 07:03:13.520,1.10214,1.10223,1.00,1.00
2018.05.24 07:03:13.624,1.1021,1.10223,2.44,1.00
2018.05.24 07:03:13.677,1.1021,1.10225,2.51,1.00
2018.05.24 07:03:13.856,1.10213,1.10226,1.19,1.00
2018.05.24 07:03:13.917,1.10212,1.10227,1.69,1.10
2018.05.24 07:03:13.985,1.10213,1.10227,1.69,1.10
2018.05.24 07:03:14.366,1.10213,1.10222,1.25,1.00
2018.05.24 07:03:14.679,1.10213,1.10219,1.25,1.00
2018.05.24 07:03:14.732,1.10213,1.10221,1.25,1.00
2018.05.24 07:03:15.237,1.10211,1.1022,1.19,1.00
2018.05.24 07:03:15.291,1.10211,1.10218,1.19,1.00
2018.05.24 07:03:15.398,1.10213,1.10221,1.25,1.00
2018.05.24 07:03:15.453,1.10213,1.10223,1.12,1.00
2018.05.24 07:03:15.506,1.10214,1.10225,1.87,1.00
2018.05.24 07:03:15.685,1.10213,1.10224,1.10,1.00
2018.05.24 07:03:15.738,1.10211,1.10221,3.19,1.00
2018.05.24 07:03:16.261,1.10211,1.10221,1.69,1.00
2018.05.24 07:03:16.780,1.10212,1.10221,4.12,1.00
2018.05.24 07:03:16.834,1.10214,1.10223,1.19,1.00
2018.05.24 07:03:17.253,1.10215,1.10223,1.69,1.00
2018.05.24 07:03:17.306,1.10215,1.10223,1.12,1.00
2018.05.24 07:03:17.833,1.10214,1.10222,1.50,1.00
2018.05.24 07:03:19.667,1.10214,1.10222,1.87,1.00
2018.05.24 07:03:19.772,1.10215,1.10224,1.44,1.00
2018.05.24 07:03:20.135,1.10218,1.10226,1.69,1.00
2018.05.24 07:03:20.241,1.10222,1.1023,1.19,1.00
2018.05.24 07:03:20.293,1.10221,1.1023,1.44,1.00
2018.05.24 07:03:20.398,1.10222,1.10233,1.25,1.00
2018.05.24 07:03:20.502,1.10222,1.10232,1.87,1.00
2018.05.24 07:03:20.852,1.10224,1.10234,1.44,1.00
2018.05.24 07:03:21.007,1.10228,1.10238,1.69,1.00
2018.05.24 07:03:21.470,1.10228,1.10243,2.44,1.00
2018.05.24 07:03:21.777,1.10231,1.10245,1.25,1.69
2018.05.24 07:03:22.086,1.10233,1.10246,1.19,1.00
2018.05.24 07:03:22.398,1.10238,1.10246,1.69,1.00
2018.05.24 07:03:22.450,1.10238,1.10248,1.69,1.00
2018.05.24 07:03:22.503,1.10238,1.10251,1.69,1.00
2018.05.24 07:03:22.557,1.1024,1.10254,1.69,1.50
2018.05.24 07:03:22.739,1.10245,1.10255,1.25,1.50
2018.05.24 07:03:22.953,1.10242,1.10256,1.25,1.50
2018.05.24 07:03:23.163,1.1024,1.10254,1.19,1.00
2018.05.24 07:03:23.679,1.10242,1.10256,1.69,1.57
2018.05.24 07:03:23.888,1.10246,1.1026,1.00,1.69
2018.05.24 07:03:24.291,1.10246,1.1026,1.00,1.69
2018.05.24 07:03:24.342,1.10245,1.1026,2.44,1.25
2018.05.24 07:03:24.394,1.10245,1.1026,2.44,1.25
2018.05.24 07:03:24.905,1.10245,1.10262,2.62,3.45
2018.05.24 07:03:25.224,1.10245,1.10259,1.69,1.69
2018.05.24 07:03:25.582,1.10245,1.10259,1.00,1.69
2018.05.24 07:03:25.634,1.10245,1.10259,1.00,1.69
2018.05.24 07:03:25.992,1.10246,1.10261,1.19,1.25
2018.05.24 07:03:26.096,1.10246,1.10261,1.00,1.87
2018.05.24 07:03:26.453,1.10246,1.10261,1.31,1.87
2018.05.24 07:03:26.505,1.10245,1.10261,2.06,1.87
2018.05.24 07:03:26.776,1.10246,1.10261,2.06,2.25
2018.05.24 07:03:27.294,1.10246,1.1026,1.20,1.25
2018.05.24 07:03:27.848,1.10246,1.10261,1.31,1.37
2018.05.24 07:03:28.385,1.10246,1.10261,1.00,1.44
2018.05.24 07:03:28.439,1.10242,1.10257,1.57,1.19
2018.05.24 07:03:28.561,1.10242,1.10257,1.00,1.44
2018.05.24 07:03:28.715,1.10242,1.10257,1.00,2.44
2018.05.24 07:03:28.767,1.10242,1.10257,1.19,2.44
2018.05.24 07:03:29.030,1.10242,1.10256,1.31,1.19
2018.05.24 07:03:29.498,1.1024,1.10256,1.25,1.37
2018.05.24 07:03:30.070,1.10239,1.10254,1.25,1.19
2018.05.24 07:03:30.191,1.10239,1.10253,1.10,1.69
2018.05.24 07:03:31.091,1.10238,1.10253,1.76,1.25
2018.05.24 07:03:31.245,1.1024,1.10255,1.00,1.87
2018.05.24 07:03:31.682,1.10241,1.10255,1.69,1.00
2018.05.24 07:03:31.734,1.10243,1.10258,1.25,1.29
2018.05.24 07:03:31.785,1.10243,1.10258,1.19,1.19
2018.05.24 07:03:32.042,1.10242,1.10258,1.76,1.87
2018.05.24 07:03:32.555,1.1024,1.10258,5.32,1.87
2018.05.24 07:03:32.983,1.1024,1.10255,1.76,1.37
2018.05.24 07:03:33.188,1.10239,1.10252,1.50,1.00
2018.05.24 07:03:33.240,1.10238,1.10252,1.10,1.44
2018.05.24 07:03:33.292,1.10236,1.10252,1.76,1.69
2018.05.24 07:03:33.344,1.10236,1.10252,1.76,1.69
2018.05.24 07:03:33.723,1.10234,1.1025,1.00,1.87
2018.05.24 07:03:33.932,1.10233,1.10248,1.19,1.69
2018.05.24 07:03:34.687,1.10232,1.10246,1.01,1.19
2018.05.24 07:03:35.115,1.1023,1.10245,1.69,2.44
2018.05.24 07:03:35.536,1.1023,1.10245,1.76,1.25
2018.05.24 07:03:35.588,1.1023,1.10243,1.57,1.19
2018.05.24 07:03:35.747,1.10227,1.10241,1.50,1.25
2018.05.24 07:03:36.192,1.1023,1.10243,1.00,1.19
2018.05.24 07:03:36.244,1.10228,1.10244,1.69,1.37
2018.05.24 07:03:36.350,1.10232,1.10244,1.00,1.37
2018.05.24 07:03:36.664,1.10229,1.10241,1.00,1.44
2018.05.24 07:03:36.717,1.10229,1.10241,1.00,1.12
2018.05.24 07:03:37.321,1.1023,1.1024,1.00,1.44
2018.05.24 07:03:37.373,1.10228,1.1024,1.00,1.87
2018.05.24 07:03:37.425,1.10228,1.1024,1.00,1.87
2018.05.24 07:03:37.476,1.10228,1.1024,1.00,2.62
2018.05.24 07:03:37.811,1.10228,1.10241,1.00,1.44
2018.05.24 07:03:38.123,1.10231,1.10242,1.00,1.69
2018.05.24 07:03:38.632,1.10231,1.10242,1.00,1.12
2018.05.24 07:03:38.944,1.10231,1.10242,1.00,1.44
2018.05.24 07:03:38.998,1.10231,1.10242,1.00,1.50
2018.05.24 07:03:39.051,1.10231,1.10242,1.00,1.69
2018.05.24 07:03:39.591,1.10231,1.10242,1.00,1.19
2018.05.24 07:03:39.796,1.10229,1.10242,1.00,1.69
2018.05.24 07:03:40.171,1.10227,1.10241,1.10,1.12
2018.05.24 07:03:40.532,1.10227,1.10239,1.50,1.00
2018.05.24 07:03:40.687,1.10225,1.10238,1.10,1.25
2018.05.24 07:03:41.194,1.10226,1.10239,1.00,1.25
2018.05.24 07:03:41.520,1.10226,1.10239,1.00,1.69
2018.05.24 07:03:42.036,1.10227,1.1024,1.00,2.62
2018.05.24 07:03:43.043,1.10227,1.10239,1.00,1.12
2018.05.24 07:03:44.145,1.10227,1.10239,1.00,1.44
2018.05.24 07:03:44.199,1.10227,1.1024,1.00,1.00
2018.05.24 07:03:44.774,1.10226,1.10238,1.00,1.44
2018.05.24 07:03:44.881,1.10224,1.10235,1.00,1.69
2018.05.24 07:03:45.092,1.10224,1.10236,1.00,2.62
2018.05.24 07:03:46.137,1.10225,1.10234,1.00,1.25
2018.05.24 07:03:46.401,1.10223,1.10235,1.00,1.25
2018.05.24 07:03:46.930,1.10224,1.10235,1.00,1.00
2018.05.24 07:03:47.439,1.10224,1.10236,1.00,1.00
2018.05.24 07:03:47.925,1.10226,1.10237,1.00,1.00
2018.05.24 07:03:48.701,1.10226,1.10236,1.00,1.00
2018.05.24 07:03:48.961,1.10224,1.10236,1.00,1.44
2018.05.24 07:03:49.155,1.10225,1.10237,1.00,2.44
2018.05.24 07:03:49.422,1.10225,1.10235,1.00,1.12
2018.05.24 07:03:49.528,1.10223,1.10234,1.00,1.69
2018.05.24 07:03:49.581,1.10223,1.10234,1.00,1.19
2018.05.24 07:03:49.634,1.10223,1.10234,1.00,1.25
2018.05.24 07:03:52.354,1.10221,1.10233,1.00,1.25
2018.05.24 07:03:53.456,1.10221,1.10233,1.19,1.00
2018.05.24 07:03:53.508,1.10223,1.10237,1.19,1.69
2018.05.24 07:03:53.941,1.10227,1.10238,1.00,2.25
2018.05.24 07:03:54.252,1.10225,1.10236,1.00,1.19
2018.05.24 07:03:54.494,1.10223,1.10234,1.00,1.12
2018.05.24 07:03:54.548,1.10219,1.10231,1.50,1.25
2018.05.24 07:03:55.069,1.1022,1.10233,1.00,1.37
2018.05.24 07:03:55.604,1.10217,1.1023,1.19,1.00
2018.05.24 07:03:55.656,1.10216,1.10229,1.01,1.00
2018.05.24 07:03:55.708,1.10216,1.10227,1.10,1.00
2018.05.24 07:03:55.811,1.10214,1.10227,1.01,1.00
2018.05.24 07:03:56.038,1.10216,1.10227,1.00,1.00
2018.05.24 07:03:56.349,1.10217,1.1023,1.00,1.25
2018.05.24 07:03:56.402,1.10219,1.1023,1.00,1.25
2018.05.24 07:03:57.267,1.10219,1.10229,1.00,1.19
2018.05.24 07:03:57.528,1.10218,1.1023,1.00,1.12
2018.05.24 07:03:57.783,1.10222,1.10233,1.00,1.44
2018.05.24 07:03:57.894,1.1022,1.10233,1.25,1.44
2018.05.24 07:03:58.107,1.10222,1.10234,1.25,1.00
2018.05.24 07:03:58.455,1.10219,1.10232,1.00,2.44
2018.05.24 07:03:58.995,1.10218,1.10231,1.00,1.12
2018.05.24 07:03:59.303,1.1022,1.10232,1.00,1.44
2018.05.24 07:03:59.672,1.10222,1.10232,1.00,1.44
2018.05.24 07:04:00.586,1.1022,1.10232,1.00,1.44
2018.05.24 07:04:01.089,1.10222,1.10232,1.00,1.12
2018.05.24 07:04:01.350,1.10222,1.10235,1.00,1.69
2018.05.24 07:04:01.404,1.10222,1.10235,1.00,1.87
2018.05.24 07:04:01.457,1.10222,1.10235,1.00,1.69
2018.05.24 07:04:01.673,1.10222,1.10233,1.00,1.19
2018.05.24 07:04:01.778,1.1022,1.10231,1.00,1.00
2018.05.24 07:04:02.818,1.10221,1.10233,1.00,1.87
2018.05.24 07:04:03.923,1.10219,1.10233,1.00,1.87
2018.05.24 07:04:04.147,1.10218,1.10231,1.00,1.19
2018.05.24 07:04:04.358,1.10218,1.10232,1.00,1.76
2018.05.24 07:04:04.906,1.10219,1.10231,1.00,1.69
2018.05.24 07:04:05.112,1.10218,1.10227,1.00,1.00
2018.05.24 07:04:05.165,1.10216,1.10227,1.10,1.00
2018.05.24 07:04:05.749,1.10215,1.10227,1.00,1.00
2018.05.24 07:04:06.254,1.10214,1.10227,1.00,1.37
2018.05.24 07:04:06.461,1.10215,1.10227,1.19,1.00
2018.05.24 07:04:06.897,1.10216,1.10227,1.00,1.37
2018.05.24 07:04:07.255,1.10213,1.10228,1.69,1.00
2018.05.24 07:04:07.857,1.10213,1.10229,2.14,1.25
2018.05.24 07:04:08.205,1.10213,1.10228,1.39,1.87
2018.05.24 07:04:08.752,1.10214,1.10227,1.19,1.00
2018.05.24 07:04:08.855,1.10214,1.10229,1.19,1.50
2018.05.24 07:04:09.369,1.10214,1.10229,1.76,1.19
2018.05.24 07:04:10.287,1.10214,1.10227,1.19,1.00
2018.05.24 07:04:10.662,1.10212,1.10227,1.76,1.87
2018.05.24 07:04:11.024,1.10215,1.10227,1.00,1.00
2018.05.24 07:04:11.224,1.10207,1.10222,3.94,1.69
2018.05.24 07:04:11.437,1.10207,1.10218,1.50,1.25
2018.05.24 07:04:11.943,1.10206,1.10217,1.50,1.00
2018.05.24 07:04:12.370,1.10204,1.10219,1.69,2.44
2018.05.24 07:04:12.878,1.10204,1.10218,1.19,1.25
2018.05.24 07:04:13.046,1.10206,1.10221,1.69,1.57
2018.05.24 07:04:13.579,1.10207,1.10222,1.69,1.69
2018.05.24 07:04:13.887,1.10212,1.10225,1.25,2.25
2018.05.24 07:04:14.237,1.10208,1.10223,2.32,1.00
2018.05.24 07:04:14.766,1.1021,1.10223,1.47,1.00
2018.05.24 07:04:14.926,1.10208,1.10224,1.51,2.44
2018.05.24 07:04:15.137,1.10207,1.10221,1.69,1.00
2018.05.24 07:04:15.189,1.10206,1.10222,1.50,1.12
2018.05.24 07:04:15.512,1.10206,1.10221,1.50,1.00
2018.05.24 07:04:16.016,1.10207,1.10221,1.19,1.00
2018.05.24 07:04:16.587,1.10206,1.10222,1.87,1.00
2018.05.24 07:04:16.894,1.10206,1.10219,1.95,1.00
2018.05.24 07:04:17.438,1.10207,1.10218,1.31,1.00
2018.05.24 07:04:17.597,1.10204,1.10217,2.51,1.00
2018.05.24 07:04:17.786,1.10204,1.10219,1.95,1.25
2018.05.24 07:04:18.732,1.10205,1.10219,1.10,1.25
2018.05.24 07:04:19.409,1.10205,1.10219,1.20,1.25
2018.05.24 07:04:19.986,1.10203,1.10217,3.07,1.00
2018.05.24 07:04:20.500,1.10205,1.1022,1.69,1.25
2018.05.24 07:04:20.757,1.10208,1.1022,1.19,1.00
2018.05.24 07:04:21.278,1.10207,1.1022,1.95,1.00
2018.05.24 07:04:21.704,1.10208,1.1022,1.44,1.00
2018.05.24 07:04:21.808,1.10214,1.10227,1.19,1.10
2018.05.24 07:04:21.860,1.10215,1.10228,1.87,1.00
2018.05.24 07:04:21.962,1.10219,1.10231,1.00,1.00
2018.05.24 07:04:22.289,1.10221,1.10231,1.00,1.00
2018.05.24 07:04:22.609,1.10223,1.10233,1.00,1.19
2018.05.24 07:04:22.822,1.10223,1.10233,1.00,1.25
2018.05.24 07:04:23.666,1.10223,1.10233,1.00,1.44
2018.05.24 07:04:23.918,1.10221,1.10233,1.00,1.44
2018.05.24 07:04:24.563,1.10221,1.10234,1.00,1.50
2018.05.24 07:04:24.618,1.10226,1.10235,1.00,1.00
2018.05.24 07:04:24.920,1.10231,1.10244,1.00,2.14
2018.05.24 07:04:24.973,1.10231,1.10244,1.00,1.69
2018.05.24 07:04:25.750,1.10233,1.10244,1.00,1.25
2018.05.24 07:04:25.855,1.1023,1.10244,1.00,1.87
2018.05.24 07:04:26.393,1.10231,1.10243,1.00,1.69
2018.05.24 07:04:26.551,1.10231,1.10246,2.25,3.19
2018.05.24 07:04:26.603,1.10232,1.10245,1.00,1.19
2018.05.24 07:04:26.654,1.10232,1.10246,1.00,3.94
2018.05.24 07:04:27.221,1.10232,1.10246,1.00,2.44
2018.05.24 07:04:27.797,1.10234,1.10245,1.00,1.19
2018.05.24 07:04:28.351,1.10233,1.10245,1.25,1.25
2018.05.24 07:04:28.707,1.10236,1.10248,1.00,1.87
2018.05.24 07:04:29.231,1.10237,1.10249,1.00,2.44
2018.05.24 07:04:29.612,1.10236,1.10246,1.00,1.19
2018.05.24 07:04:29.664,1.10233,1.10247,1.12,1.87
2018.05.24 07:04:29.919,1.10233,1.10245,1.00,1.69
2018.05.24 07:04:30.248,1.10233,1.10247,1.00,1.95
2018.05.24 07:04:30.554,1.10235,1.10247,1.00,2.44
2018.05.24 07:04:31.094,1.10233,1.10247,1.00,2.62
2018.05.24 07:04:31.607,1.10234,1.10247,1.00,2.44
2018.05.24 07:04:32.129,1.10234,1.10245,1.00,1.19
2018.05.24 07:04:32.287,1.10232,1.10244,1.00,1.25
2018.05.24 07:04:32.442,1.10232,1.10243,1.00,1.19
2018.05.24 07:04:32.599,1.1023,1.10243,1.00,1.19
2018.05.24 07:04:32.795,1.1023,1.10244,1.00,1.95
2018.05.24 07:04:32.848,1.1023,1.10244,1.00,1.44
2018.05.24 07:04:33.081,1.10233,1.10248,1.00,2.62
2018.05.24 07:04:33.132,1.10235,1.10248,1.00,1.87
2018.05.24 07:04:35.317,1.10235,1.10247,1.00,1.25
2018.05.24 07:04:35.681,1.10235,1.10246,1.00,1.44
2018.05.24 07:04:35.924,1.10235,1.10249,1.00,1.25
2018.05.24 07:04:35.976,1.10237,1.10248,1.00,1.44
2018.05.24 07:04:36.182,1.10234,1.10246,1.50,1.25
2018.05.24 07:04:36.728,1.10234,1.10247,1.00,1.44
2018.05.24 07:04:37.003,1.10234,1.10249,1.00,3.37
2018.05.24 07:04:37.208,1.10237,1.10249,1.00,1.25
2018.05.24 07:04:37.478,1.10236,1.10252,1.00,3.37
2018.05.24 07:04:37.585,1.10239,1.10251,1.00,1.44
2018.05.24 07:04:38.106,1.10239,1.10252,1.00,1.69
2018.05.24 07:04:38.628,1.10238,1.10253,1.00,1.87
2018.05.24 07:04:38.973,1.1024,1.10254,1.50,1.19
2018.05.24 07:04:39.355,1.10239,1.1025,1.00,1.25
2018.05.24 07:04:39.669,1.10238,1.10251,1.00,1.95
2018.05.24 07:04:40.192,1.10237,1.10251,1.10,1.87
2018.05.24 07:04:40.500,1.10239,1.10253,1.00,1.95
2018.05.24 07:04:40.809,1.10241,1.10253,1.00,1.19
2018.05.24 07:04:41.353,1.1024,1.10253,1.00,1.44
2018.05.24 07:04:42.380,1.10241,1.10253,1.00,1.44
2018.05.24 07:04:42.859,1.1024,1.10252,1.00,1.69
2018.05.24 07:04:42.964,1.10237,1.10252,1.01,1.37
2018.05.24 07:04:43.382,1.10239,1.10255,1.00,3.26
2018.05.24 07:04:43.607,1.10239,1.10255,2.44,4.76
2018.05.24 07:04:44.130,1.10241,1.10255,1.00,1.37
2018.05.24 07:04:44.841,1.10241,1.10255,1.00,1.87
2018.05.24 07:04:45.411,1.1024,1.10253,1.00,1.87
2018.05.24 07:04:45.571,1.10238,1.10252,1.00,1.44
2018.05.24 07:04:46.173,1.10239,1.10252,1.25,1.19
2018.05.24 07:04:46.277,1.10241,1.10254,1.00,1.37
2018.05.24 07:04:46.960,1.10242,1.10255,1.00,1.50
2018.05.24 07:04:49.830,1.10242,1.10257,1.12,1.25
2018.05.24 07:04:49.933,1.10242,1.10257,2.14,1.19
2018.05.24 07:04:50.468,1.10242,1.10256,1.00,1.44
2018.05.24 07:04:50.981,1.10243,1.10258,1.00,2.62
2018.05.24 07:04:51.519,1.10243,1.10257,1.00,1.69
2018.05.24 07:04:52.085,1.10243,1.10258,1.00,3.19
2018.05.24 07:04:52.555,1.10245,1.10258,1.00,1.69
2018.05.24 07:04:53.053,1.10245,1.10258,1.00,1.87
2018.05.24 07:04:53.343,1.10243,1.10258,1.00,1.37
2018.05.24 07:04:53.498,1.10245,1.10257,1.00,1.44
2018.05.24 07:04:55.069,1.10245,1.10258,1.00,3.19
2018.05.24 07:04:55.120,1.10245,1.10259,1.00,3.37
2018.05.24 07:04:56.090,1.10245,1.10258,1.00,1.37
2018.05.24 07:04:56.817,1.10243,1.10256,1.10,1.19
2018.05.24 07:04:56.921,1.10244,1.10257,1.25,1.25
2018.05.24 07:04:57.075,1.10243,1.10255,1.10,1.19
2018.05.24 07:04:57.396,1.10242,1.10254,1.00,1.37
2018.05.24 07:04:57.573,1.1024,1.10252,1.00,1.25
2018.05.24 07:04:57.624,1.10239,1.10251,1.00,1.37
2018.05.24 07:04:58.092,1.10239,1.10249,1.00,1.37
2018.05.24 07:04:58.145,1.10236,1.10249,1.10,1.37
2018.05.24 07:04:58.690,1.10236,1.10248,1.00,1.69
2018.05.24 07:04:59.006,1.10236,1.10246,1.00,1.44
2018.05.24 07:04:59.114,1.10233,1.10245,1.00,1.87
2018.05.24 07:04:59.306,1.10232,1.10244,1.00,1.37
2018.05.24 07:04:59.514,1.10229,1.10242,1.25,1.87
2018.05.24 07:05:00.124,1.10229,1.10239,1.00,1.00
2018.05.24 07:05:00.284,1.10227,1.10239,1.00,1.19
2018.05.24 07:05:00.542,1.10227,1.10238,1.00,1.19
2018.05.24 07:05:01.088,1.10226,1.10237,1.00,1.25
2018.05.24 07:05:01.293,1.10224,1.10238,1.25,1.44
2018.05.24 07:05:01.812,1.10225,1.10238,1.00,3.19
2018.05.24 07:05:02.375,1.10224,1.10238,1.19,1.37
2018.05.24 07:05:02.581,1.10228,1.1024,1.00,1.87
2018.05.24 07:05:03.044,1.10227,1.1024,1.00,3.19
2018.05.24 07:05:03.513,1.10224,1.10239,1.10,1.87
2018.05.24 07:05:03.566,1.10224,1.10238,1.10,1.37
2018.05.24 07:05:03.937,1.10226,1.10238,1.00,1.87
2018.05.24 07:05:04.052,1.10224,1.10238,1.10,1.87
2018.05.24 07:05:04.586,1.10224,1.10238,1.25,1.87
2018.05.24 07:05:05.206,1.10225,1.10238,1.00,1.87
2018.05.24 07:05:05.899,1.10223,1.10237,1.19,1.19
2018.05.24 07:05:06.380,1.10224,1.10237,1.19,1.25
2018.05.24 07:05:06.627,1.10224,1.10238,1.00,1.87
2018.05.24 07:05:07.046,1.10227,1.10238,1.00,1.00
2018.05.24 07:05:07.312,1.10227,1.10241,1.25,2.25
2018.05.24 07:05:07.365,1.10227,1.10241,1.19,1.87
2018.05.24 07:05:08.046,1.10227,1.10241,1.19,1.87
2018.05.24 07:05:09.261,1.10227,1.10241,1.25,2.62
2018.05.24 07:05:09.578,1.10225,1.10237,1.00,1.37
2018.05.24 07:05:10.029,1.10223,1.10236,1.00,1.37
2018.05.24 07:05:10.134,1.10222,1.10235,1.00,1.44
2018.05.24 07:05:10.409,1.1022,1.10233,1.00,1.12
2018.05.24 07:05:10.669,1.10222,1.10236,1.00,5.51
2018.05.24 07:05:10.876,1.10223,1.10235,1.00,1.44
2018.05.24 07:05:11.422,1.10223,1.10236,1.00,2.44
2018.05.24 07:05:12.078,1.10224,1.10236,1.00,1.50
2018.05.24 07:05:12.906,1.10224,1.10236,1.00,2.44
2018.05.24 07:05:13.378,1.10224,1.10238,1.76,1.19
2018.05.24 07:05:13.480,1.10226,1.10239,1.00,1.87
2018.05.24 07:05:13.997,1.10226,1.10239,1.00,1.44
2018.05.24 07:05:14.404,1.10228,1.10239,1.00,1.25
2018.05.24 07:05:14.935,1.10228,1.1024,1.00,1.12
2018.05.24 07:05:15.472,1.1023,1.10242,1.00,3.37
2018.05.24 07:05:15.779,1.10228,1.10241,1.00,1.94
2018.05.24 07:05:16.269,1.10226,1.1024,1.10,1.87
2018.05.24 07:05:16.899,1.10226,1.10237,1.00,1.44
2018.05.24 07:05:17.054,1.10222,1.10235,1.00,1.44
2018.05.24 07:05:17.473,1.10221,1.10234,1.00,1.75
2018.05.24 07:05:18.019,1.1022,1.10234,1.00,1.69
2018.05.24 07:05:18.332,1.10218,1.10234,2.44,1.69
2018.05.24 07:05:18.385,1.10218,1.10233,2.25,1.69
2018.05.24 07:05:18.904,1.10217,1.10233,2.32,1.69
2018.05.24 07:05:19.216,1.10217,1.10231,2.32,1.75
2018.05.24 07:05:19.659,1.10217,1.1023,1.10,1.75
2018.05.24 07:05:19.803,1.10215,1.1023,1.57,2.44
2018.05.24 07:05:20.065,1.10214,1.10229,1.10,1.87
2018.05.24 07:05:20.118,1.10214,1.10229,1.01,3.00
2018.05.24 07:05:20.766,1.10213,1.10228,3.26,1.19
2018.05.24 07:05:20.819,1.10213,1.10228,1.76,1.37
2018.05.24 07:05:21.589,1.10212,1.10228,3.49,1.69
2018.05.24 07:05:22.138,1.10213,1.10227,1.01,1.19
2018.05.24 07:05:22.344,1.10213,1.10228,1.76,2.25
2018.05.24 07:05:22.883,1.10214,1.10229,1.19,2.25
2018.05.24 07:05:23.759,1.10214,1.10229,1.31,3.19
2018.05.24 07:05:24.429,1.10214,1.10229,1.31,3.19
2018.05.24 07:05:24.949,1.10213,1.10228,1.47,1.87
2018.05.24 07:05:25.001,1.10213,1.10227,1.10,1.44
2018.05.24 07:05:25.512,1.10213,1.10227,1.00,1.37
2018.05.24 07:05:25.998,1.10211,1.10225,2.32,1.44
2018.05.24 07:05:26.524,1.10211,1.10226,1.50,1.87
2018.05.24 07:05:26.832,1.10214,1.10229,1.00,1.69
2018.05.24 07:05:27.372,1.10215,1.10229,1.50,1.37
2018.05.24 07:05:29.705,1.10215,1.10229,1.57,1.37
2018.05.24 07:05:30.428,1.10215,1.10229,1.57,1.69
2018.05.24 07:05:30.992,1.10216,1.10231,2.70,1.12
2018.05.24 07:05:31.247,1.10216,1.1023,1.10,1.44
2018.05.24 07:05:31.796,1.10215,1.1023,2.32,1.69
2018.05.24 07:05:32.477,1.10216,1.1023,1.10,1.69
2018.05.24 07:05:33.986,1.10216,1.10231,1.57,2.44
2018.05.24 07:05:34.526,1.10218,1.10229,1.00,1.19
2018.05.24 07:05:35.226,1.10218,1.10231,1.10,1.37
2018.05.24 07:05:35.487,1.10218,1.10229,1.00,1.19
2018.05.24 07:05:35.542,1.10216,1.10229,1.00,1.44
2018.05.24 07:05:35.730,1.10215,1.10227,1.10,1.87
2018.05.24 07:05:36.231,1.10215,1.10227,1.00,2.44
2018.05.24 07:05:36.868,1.10212,1.10225,2.32,1.87
2018.05.24 07:05:37.494,1.10213,1.10226,1.00,1.37
2018.05.24 07:05:38.089,1.10213,1.10226,1.00,2.44
2018.05.24 07:05:39.683,1.10214,1.10226,1.00,1.69
2018.05.24 07:05:39.735,1.10214,1.10227,1.00,1.69
2018.05.24 07:05:40.174,1.10217,1.1023,1.01,1.69
2018.05.24 07:05:40.280,1.10218,1.1023,1.00,1.19
2018.05.24 07:05:40.496,1.10218,1.10232,1.50,1.37
2018.05.24 07:05:40.974,1.10219,1.10234,1.00,2.44
2018.05.24 07:05:41.027,1.10221,1.10233,1.00,1.19
2018.05.24 07:05:41.436,1.1022,1.10235,1.87,1.19
2018.05.24 07:05:42.076,1.1022,1.10234,1.12,1.37
2018.05.24 07:05:42.732,1.10221,1.10236,1.00,1.87
2018.05.24 07:05:42.884,1.10223,1.10236,1.00,1.87
2018.05.24 07:05:43.950,1.10224,1.10237,1.00,1.37
2018.05.24 07:05:44.104,1.10225,1.10239,1.87,1.44
2018.05.24 07:05:44.258,1.10225,1.10237,1.00,1.44
2018.05.24 07:05:44.463,1.10223,1.10237,1.12,1.44
2018.05.24 07:05:45.124,1.10223,1.10236,1.00,1.44
2018.05.24 07:05:45.177,1.10223,1.10238,1.00,1.69
2018.05.24 07:05:45.710,1.10222,1.10237,1.20,1.37
2018.05.24 07:05:46.222,1.10223,1.10238,1.00,3.19
2018.05.24 07:05:46.480,1.10225,1.10239,1.00,1.19
2018.05.24 07:05:46.532,1.10226,1.10241,1.12,2.51
2018.05.24 07:05:46.583,1.10227,1.1024,1.00,1.19
2018.05.24 07:05:46.798,1.10229,1.10241,1.00,1.69
2018.05.24 07:05:46.857,1.10231,1.10241,1.00,1.19
2018.05.24 07:05:46.961,1.10232,1.10242,1.00,1.00
2018.05.24 07:05:47.065,1.10234,1.10242,1.00,1.00
2018.05.24 07:05:47.126,1.10232,1.10242,2.32,1.00
2018.05.24 07:05:47.370,1.10236,1.10248,1.12,1.19
2018.05.24 07:05:47.686,1.10234,1.10247,1.00,1.44
2018.05.24 07:05:48.247,1.10233,1.10249,1.87,2.44
2018.05.24 07:05:48.553,1.10235,1.10249,1.00,1.47
2018.05.24 07:05:48.893,1.10235,1.10247,1.00,1.87
2018.05.24 07:05:49.412,1.10234,1.10247,1.00,1.37
2018.05.24 07:05:50.292,1.10233,1.10248,1.00,2.44
2018.05.24 07:05:50.829,1.10232,1.10248,2.14,3.19
2018.05.24 07:05:51.356,1.10232,1.10248,2.06,3.94
2018.05.24 07:05:51.701,1.1023,1.10245,1.12,2.44
2018.05.24 07:05:52.211,1.10231,1.10245,1.00,1.37
2018.05.24 07:05:52.582,1.10232,1.10247,1.00,2.44
2018.05.24 07:05:52.768,1.10234,1.10249,1.00,1.44
2018.05.24 07:05:52.961,1.10235,1.10249,1.00,1.12
2018.05.24 07:05:53.178,1.10235,1.10249,1.00,1.44
2018.05.24 07:05:53.738,1.10235,1.10249,1.00,1.69
2018.05.24 07:05:54.533,1.10235,1.10249,1.00,1.87
2018.05.24 07:05:54.884,1.10235,1.1025,1.87,1.20
2018.05.24 07:05:54.935,1.1024,1.10253,1.00,2.70
2018.05.24 07:05:54.987,1.10238,1.10253,1.50,1.47
2018.05.24 07:05:55.039,1.1024,1.10254,1.12,1.69
2018.05.24 07:05:55.091,1.10241,1.10257,1.50,3.45
2018.05.24 07:05:55.143,1.10245,1.10257,1.00,1.57
2018.05.24 07:05:55.463,1.1025,1.10259,1.00,1.00
2018.05.24 07:05:56.028,1.1025,1.10265,1.50,1.87
2018.05.24 07:05:56.569,1.1025,1.10264,1.50,1.87
2018.05.24 07:05:57.186,1.10249,1.10262,1.50,1.69
2018.05.24 07:05:57.326,1.1025,1.10264,1.00,1.87
2018.05.24 07:05:57.848,1.10251,1.10264,1.00,1.37
2018.05.24 07:05:57.901,1.10253,1.10266,1.50,3.19
2018.05.24 07:05:58.007,1.10256,1.10269,1.12,1.87
2018.05.24 07:05:58.170,1.10254,1.10265,1.00,1.44
2018.05.24 07:05:58.696,1.10251,1.10265,1.87,1.19
2018.05.24 07:05:59.009,1.10248,1.10259,1.00,1.19
2018.05.24 07:05:59.061,1.10248,1.10263,1.00,1.87
2018.05.24 07:05:59.239,1.10253,1.10263,1.00,1.37
2018.05.24 07:05:59.291,1.10253,1.10264,1.00,1.37
2018.05.24 07:05:59.344,1.10251,1.10264,1.12,1.37
2018.05.24 07:05:59.709,1.10249,1.10262,1.00,1.37
2018.05.24 07:06:00.234,1.1025,1.10262,1.00,1.44
2018.05.24 07:06:00.875,1.10248,1.10262,1.00,1.44
2018.05.24 07:06:01.291,1.10246,1.10259,1.95,1.37
2018.05.24 07:06:01.839,1.10246,1.10258,1.50,1.00
2018.05.24 07:06:02.384,1.10246,1.10258,1.50,1.44
2018.05.24 07:06:02.982,1.10246,1.10258,1.50,1.12
2018.05.24 07:06:03.622,1.10245,1.10257,1.00,1.37
2018.05.24 07:06:03.675,1.10243,1.10257,1.50,1.87
2018.05.24 07:06:03.826,1.10242,1.10255,1.00,1.44
2018.05.24 07:06:03.987,1.10242,1.10257,1.87,1.87
2018.05.24 07:06:04.042,1.10244,1.10257,1.00,1.37
2018.05.24 07:06:04.588,1.10245,1.10256,1.00,1.37
2018.05.24 07:06:05.351,1.10242,1.10253,1.10,1.19
2018.05.24 07:06:05.402,1.1024,1.10252,1.50,1.19
2018.05.24 07:06:05.944,1.10241,1.10252,1.00,1.44
2018.05.24 07:06:06.159,1.10241,1.10254,1.50,2.44
2018.05.24 07:06:06.363,1.10242,1.10253,1.00,1.37
2018.05.24 07:06:06.985,1.10242,1.10254,1.00,1.69
2018.05.24 07:06:07.505,1.10243,1.10254,1.00,1.37
2018.05.24 07:06:08.197,1.10241,1.10255,1.00,3.94
2018.05.24 07:06:08.403,1.10244,1.10254,1.00,1.44
2018.05.24 07:06:08.456,1.10242,1.10255,1.50,1.69
2018.05.24 07:06:08.507,1.10244,1.10255,1.00,1.44
2018.05.24 07:06:09.032,1.10243,1.10255,1.00,1.19
2018.05.24 07:06:09.582,1.10243,1.10255,1.00,2.44
2018.05.24 07:06:10.935,1.10242,1.10255,1.00,2.00
2018.05.24 07:06:11.487,1.10241,1.10255,1.50,2.00
2018.05.24 07:06:12.047,1.10241,1.10253,1.50,1.19
2018.05.24 07:06:13.317,1.10241,1.10254,1.87,1.19
2018.05.24 07:06:14.286,1.10242,1.10254,1.00,1.19
2018.05.24 07:06:14.601,1.1024,1.10252,1.00,1.19
2018.05.24 07:06:15.133,1.10239,1.1025,1.00,1.44
2018.05.24 07:06:15.563,1.10237,1.1025,1.00,2.44
2018.05.24 07:06:17.378,1.10237,1.1025,1.00,2.44
2018.05.24 07:06:17.481,1.10238,1.10252,1.50,1.37
2018.05.24 07:06:17.793,1.1024,1.10253,1.00,2.44
2018.05.24 07:06:18.027,1.1024,1.10255,1.00,1.69
2018.05.24 07:06:18.587,1.10241,1.10254,1.00,1.19
2018.05.24 07:06:19.101,1.10241,1.10253,1.00,1.69
2018.05.24 07:06:19.206,1.10239,1.10253,1.20,1.69
2018.05.24 07:06:20.066,1.1024,1.10253,1.00,1.69
2018.05.24 07:06:20.599,1.1024,1.10254,1.00,3.19
2018.05.24 07:06:21.341,1.1024,1.10252,1.00,1.69
2018.05.24 07:06:21.867,1.10239,1.10252,1.00,3.19
2018.05.24 07:06:22.375,1.10239,1.10252,1.00,3.19
2018.05.24 07:06:22.918,1.1024,1.10252,1.00,2.44
2018.05.24 07:06:24.274,1.1024,1.10252,1.87,1.25
2018.05.24 07:06:24.330,1.10239,1.10252,1.00,1.87
2018.05.24 07:06:24.850,1.10239,1.10251,1.00,2.44
2018.05.24 07:06:25.167,1.10239,1.10249,1.00,1.19
2018.05.24 07:06:25.530,1.10237,1.1025,1.00,3.94
2018.05.24 07:06:25.583,1.10237,1.10249,1.00,1.19
2018.05.24 07:06:25.934,1.10236,1.10248,1.00,1.69
2018.05.24 07:06:25.988,1.10236,1.10249,1.00,1.50
2018.05.24 07:06:26.704,1.10237,1.1025,1.50,1.44
2018.05.24 07:06:27.448,1.10238,1.1025,1.00,1.44
2018.05.24 07:06:27.862,1.10239,1.10253,1.00,2.44
2018.05.24 07:06:27.914,1.10241,1.10253,1.50,1.25
2018.05.24 07:06:28.471,1.10242,1.10253,1.50,1.25
2018.05.24 07:06:28.985,1.10242,1.10254,1.00,1.25
2018.05.24 07:06:29.321,1.10245,1.10254,1.00,1.00
2018.05.24 07:06:29.374,1.10245,1.10257,1.00,1.25
2018.05.24 07:06:29.583,1.10244,1.10257,1.12,1.44
2018.05.24 07:06:29.941,1.10244,1.10255,1.00,1.19
2018.05.24 07:06:30.201,1.1024,1.10255,1.00,1.87
2018.05.24 07:06:30.660,1.10243,1.10255,1.00,1.37
2018.05.24 07:06:31.178,1.10244,1.10256,1.00,1.44
2018.05.24 07:06:31.719,1.10244,1.10257,1.00,1.87
2018.05.24 07:06:32.276,1.10243,1.10256,1.00,1.87
2018.05.24 07:06:33.061,1.10243,1.10257,1.50,1.37
2018.05.24 07:06:33.573,1.10245,1.10258,1.00,3.19
2018.05.24 07:06:34.378,1.10245,1.10258,1.00,1.37
2018.05.24 07:06:34.924,1.10244,1.10257,1.00,1.44
2018.05.24 07:06:35.417,1.10245,1.10258,1.87,1.25
2018.05.24 07:06:35.469,1.10245,1.10258,1.87,1.87
2018.05.24 07:06:36.019,1.10244,1.10258,1.50,1.19
2018.05.24 07:06:36.335,1.10244,1.10256,1.00,3.94
2018.05.24 07:06:36.782,1.10242,1.10256,1.00,3.37
2018.05.24 07:06:37.524,1.10242,1.10256,1.00,4.69
2018.05.24 07:06:38.077,1.10241,1.10254,1.00,1.69
2018.05.24 07:06:38.181,1.10239,1.10253,2.25,1.87
2018.05.24 07:06:38.699,1.10239,1.10253,2.32,1.44
2018.05.24 07:06:39.111,1.10242,1.10255,1.00,1.37
2018.05.24 07:06:39.214,1.10242,1.10256,1.31,1.37
2018.05.24 07:06:39.765,1.10242,1.10256,1.31,1.19
2018.05.24 07:06:40.300,1.10242,1.10256,2.62,1.19
2018.05.24 07:06:40.633,1.10242,1.10257,1.69,1.19
2018.05.24 07:06:41.162,1.10242,1.10257,2.25,1.76
2018.05.24 07:06:41.419,1.10244,1.10258,1.00,1.76
2018.05.24 07:06:41.997,1.10243,1.10258,1.00,1.69
2018.05.24 07:06:42.541,1.10243,1.10258,1.87,1.19
2018.05.24 07:06:43.010,1.10245,1.10259,1.31,1.69
2018.05.24 07:06:43.372,1.10245,1.1026,1.31,1.37
2018.05.24 07:06:43.587,1.10243,1.10258,2.62,1.87
2018.05.24 07:06:43.693,1.10243,1.10258,2.51,1.25
2018.05.24 07:06:43.746,1.10243,1.10256,1.69,1.00
2018.05.24 07:06:44.237,1.10243,1.10258,4.01,1.69
2018.05.24 07:06:44.289,1.10243,1.10258,3.19,2.44
2018.05.24 07:06:44.552,1.10243,1.10258,1.00,2.44
2018.05.24 07:06:44.607,1.10243,1.10256,1.00,1.75
2018.05.24 07:06:44.659,1.10242,1.10257,1.31,1.57
2018.05.24 07:06:45.098,1.1024,1.10255,1.69,1.50
2018.05.24 07:06:45.302,1.1024,1.10254,1.69,1.69
2018.05.24 07:06:46.204,1.10239,1.10254,1.37,1.87
2018.05.24 07:06:46.359,1.10238,1.10254,1.50,3.45
2018.05.24 07:06:46.864,1.10237,1.10252,2.89,1.25
2018.05.24 07:06:47.171,1.10232,1.10244,1.50,1.50
2018.05.24 07:06:47.222,1.10232,1.10246,2.44,3.75
2018.05.24 07:06:47.622,1.10232,1.10245,2.44,2.25
2018.05.24 07:06:47.891,1.10232,1.10244,1.25,1.25
2018.05.24 07:06:49.971,1.1023,1.10245,1.31,1.87
2018.05.24 07:06:50.515,1.10231,1.10244,1.25,2.00
2018.05.24 07:06:51.045,1.10231,1.10245,1.25,2.25
2018.05.24 07:06:51.552,1.10232,1.10244,1.00,2.25
2018.05.24 07:06:53.044,1.10232,1.10244,1.25,1.00
2018.05.24 07:06:57.402,1.10233,1.10244,1.19,1.00
2018.05.24 07:06:57.817,1.10241,1.10254,1.00,2.25
2018.05.24 07:06:58.078,1.10243,1.10254,1.00,1.69
2018.05.24 07:06:58.235,1.10242,1.10255,1.25,1.25
2018.05.24 07:06:58.804,1.10242,1.10255,1.25,1.69
2018.05.24 07:06:59.314,1.1024,1.10255,1.25,2.44
2018.05.24 07:06:59.480,1.1024,1.10255,1.19,2.25
2018.05.24 07:06:59.570,1.1024,1.10254,1.19,1.75
2018.05.24 07:06:59.672,1.10238,1.10253,2.06,1.19
2018.05.24 07:07:00.658,1.10239,1.10253,1.25,1.25
2018.05.24 07:07:01.187,1.10237,1.10254,1.69,2.44
2018.05.24 07:07:01.345,1.10236,1.10251,1.50,1.37
2018.05.24 07:07:01.677,1.10233,1.10247,1.00,1.19
2018.05.24 07:07:01.783,1.10234,1.10249,1.31,1.20
2018.05.24 07:07:02.160,1.10235,1.1025,2.44,1.19
2018.05.24 07:07:02.265,1.10236,1.10251,1.69,2.62
2018.05.24 07:07:02.318,1.10236,1.10251,3.26,1.19
2018.05.24 07:07:02.631,1.10235,1.10249,1.31,1.69
2018.05.24 07:07:03.042,1.10234,1.1025,2.81,2.44
2018.05.24 07:07:03.554,1.10235,1.10249,1.69,1.50
2018.05.24 07:07:04.118,1.10235,1.10249,1.69,1.25
2018.05.24 07:07:04.626,1.10238,1.10249,1.00,1.19
2018.05.24 07:07:05.944,1.10237,1.10248,1.00,2.44
2018.05.24 07:07:06.101,1.10234,1.10246,1.00,1.25
2018.05.24 07:07:06.206,1.10234,1.10245,1.00,2.25
2018.05.24 07:07:06.806,1.10233,1.10246,1.25,1.19
2018.05.24 07:07:07.342,1.10233,1.10245,1.25,1.25
2018.05.24 07:07:07.941,1.10233,1.10245,1.25,1.19
2018.05.24 07:07:08.442,1.10233,1.10244,1.00,1.25
2018.05.24 07:07:09.926,1.10233,1.10245,1.00,1.44
2018.05.24 07:07:11.165,1.10233,1.10245,1.00,1.44
2018.05.24 07:07:11.507,1.1023,1.10243,1.01,1.19
2018.05.24 07:07:12.033,1.1023,1.10244,1.25,1.37
2018.05.24 07:07:12.805,1.1023,1.10244,1.00,1.94
2018.05.24 07:07:13.346,1.10229,1.10244,1.25,2.44
2018.05.24 07:07:13.967,1.10229,1.10244,1.69,2.25
2018.05.24 07:07:14.124,1.10229,1.10244,1.25,1.87
2018.05.24 07:07:14.290,1.10228,1.10242,1.25,2.25
2018.05.24 07:07:14.856,1.10227,1.10242,1.29,3.00
2018.05.24 07:07:15.317,1.10226,1.10239,1.25,1.19
2018.05.24 07:07:15.421,1.10226,1.1024,1.19,2.32
2018.05.24 07:07:15.525,1.10226,1.10242,1.69,1.76
2018.05.24 07:07:15.578,1.10227,1.10242,1.19,1.29
2018.05.24 07:07:15.682,1.10228,1.10243,1.25,1.87
2018.05.24 07:07:15.734,1.10228,1.10243,1.25,1.87
2018.05.24 07:07:16.273,1.10228,1.10243,1.69,1.19
2018.05.24 07:07:16.619,1.10229,1.10243,1.19,1.25
2018.05.24 07:07:17.144,1.1023,1.10245,1.25,2.14
2018.05.24 07:07:17.672,1.10229,1.10242,1.25,1.00
2018.05.24 07:07:18.209,1.1023,1.10243,1.00,1.00
2018.05.24 07:07:18.715,1.10232,1.10244,1.00,1.87
2018.05.24 07:07:19.916,1.1023,1.10243,1.00,1.25
2018.05.24 07:07:20.225,1.10227,1.10241,1.00,3.37
2018.05.24 07:07:20.740,1.10227,1.10241,1.00,2.44
2018.05.24 07:07:21.729,1.10227,1.1024,1.00,1.44
2018.05.24 07:07:22.047,1.10226,1.10238,1.00,1.87
2018.05.24 07:07:23.078,1.10226,1.10239,1.00,1.87
2018.05.24 07:07:23.883,1.10225,1.10239,1.00,1.69
2018.05.24 07:07:24.185,1.10228,1.10241,1.00,1.44
2018.05.24 07:07:25.057,1.10228,1.1024,1.00,1.69
2018.05.24 07:07:25.822,1.10227,1.1024,1.00,3.94
2018.05.24 07:07:26.129,1.10226,1.10238,1.00,1.19
2018.05.24 07:07:26.182,1.10226,1.10239,1.00,3.19
2018.05.24 07:07:26.339,1.10224,1.10237,1.00,3.37
2018.05.24 07:07:26.926,1.10223,1.10236,1.00,1.25
2018.05.24 07:07:27.030,1.10223,1.10236,1.00,1.50
2018.05.24 07:07:27.135,1.10222,1.10236,1.25,1.25
2018.05.24 07:07:27.258,1.10222,1.10235,1.25,1.19
2018.05.24 07:07:27.802,1.10222,1.10237,1.25,4.12
2018.05.24 07:07:28.136,1.10224,1.10237,1.00,5.44
2018.05.24 07:07:28.474,1.10223,1.10236,1.25,1.87
2018.05.24 07:07:28.840,1.10223,1.10237,2.06,1.25
2018.05.24 07:07:29.296,1.10227,1.10238,1.00,1.50
2018.05.24 07:07:29.805,1.10227,1.10237,1.00,1.00
2018.05.24 07:07:30.011,1.10227,1.10239,1.00,1.87
2018.05.24 07:07:31.017,1.10227,1.10239,1.00,1.87
2018.05.24 07:07:31.561,1.10227,1.10239,1.00,1.69
2018.05.24 07:07:32.338,1.10227,1.10239,1.00,1.87
2018.05.24 07:07:32.906,1.10227,1.10239,1.00,1.25
2018.05.24 07:07:33.497,1.10227,1.1024,1.00,2.62
2018.05.24 07:07:33.600,1.10225,1.1024,1.50,2.62
2018.05.24 07:07:34.151,1.10226,1.1024,1.00,1.25
2018.05.24 07:07:34.689,1.10225,1.1024,1.50,1.69
2018.05.24 07:07:34.849,1.10227,1.10241,1.00,1.37
2018.05.24 07:07:34.954,1.10227,1.10241,1.00,1.12
2018.05.24 07:07:35.197,1.10225,1.1024,1.76,1.87
2018.05.24 07:07:35.617,1.10225,1.10238,1.00,1.44
2018.05.24 07:07:35.773,1.10225,1.10239,1.25,1.01
2018.05.24 07:07:36.225,1.10225,1.10241,2.14,1.12
2018.05.24 07:07:36.331,1.10226,1.10241,1.31,1.69
2018.05.24 07:07:36.712,1.10228,1.10242,1.19,1.19
2018.05.24 07:07:37.139,1.1023,1.10244,1.69,1.01
2018.05.24 07:07:37.693,1.10231,1.10245,1.19,1.69
2018.05.24 07:07:37.745,1.10231,1.10245,1.00,1.69
2018.05.24 07:07:37.918,1.1023,1.10243,1.19,1.00
2018.05.24 07:07:38.428,1.1023,1.10246,1.31,6.94
2018.05.24 07:07:39.081,1.1023,1.10245,1.31,1.00
2018.05.24 07:07:40.342,1.1023,1.10244,1.31,1.25
2018.05.24 07:07:40.658,1.10229,1.10242,1.00,1.37
2018.05.24 07:07:41.493,1.10229,1.10242,1.25,1.69
2018.05.24 07:07:42.043,1.10227,1.10242,1.31,1.69
2018.05.24 07:07:42.308,1.10229,1.10244,1.69,2.44
2018.05.24 07:07:42.467,1.10229,1.10243,1.69,1.19
2018.05.24 07:07:42.520,1.10229,1.10245,1.19,2.51
2018.05.24 07:07:42.848,1.10232,1.10246,1.00,2.14
2018.05.24 07:07:43.055,1.10233,1.10246,1.25,1.00
2018.05.24 07:07:43.315,1.10231,1.10247,3.26,1.87
2018.05.24 07:07:43.853,1.10231,1.10247,1.69,1.29
2018.05.24 07:07:44.388,1.10231,1.10243,1.69,1.00
2018.05.24 07:07:44.492,1.10231,1.10246,1.69,1.50
2018.05.24 07:07:45.062,1.10231,1.10246,1.50,2.25
2018.05.24 07:07:45.433,1.10229,1.10242,1.00,1.25
2018.05.24 07:07:45.484,1.10227,1.10242,1.50,1.25
2018.05.24 07:07:46.144,1.10227,1.10241,1.50,1.00
2018.05.24 07:07:46.661,1.10227,1.10242,1.25,1.50
2018.05.24 07:07:46.865,1.10227,1.10243,2.81,1.00
2018.05.24 07:07:46.968,1.10231,1.10246,1.50,3.26
2018.05.24 07:07:47.020,1.10234,1.10246,1.56,1.00
2018.05.24 07:07:47.123,1.10234,1.10249,2.06,1.25
2018.05.24 07:07:47.269,1.10237,1.10251,1.25,2.70
2018.05.24 07:07:47.374,1.10238,1.10252,1.19,1.00
2018.05.24 07:07:47.581,1.10237,1.10253,2.51,2.44
2018.05.24 07:07:47.684,1.10237,1.10253,1.69,1.69
2018.05.24 07:07:47.736,1.10237,1.10253,1.87,1.69
2018.05.24 07:07:48.298,1.10237,1.10252,1.25,1.00
2018.05.24 07:07:48.615,1.10236,1.10251,1.12,1.19
2018.05.24 07:07:49.077,1.10233,1.10246,1.70,1.00
2018.05.24 07:07:49.234,1.10231,1.10245,1.00,1.69
2018.05.24 07:07:49.474,1.10229,1.10244,1.31,1.19
2018.05.24 07:07:50.756,1.10228,1.10245,1.69,1.95
2018.05.24 07:07:51.267,1.10227,1.10245,3.94,2.70
2018.05.24 07:07:52.239,1.10227,1.10243,2.44,1.20
2018.05.24 07:07:52.754,1.10227,1.10243,1.62,1.87
2018.05.24 07:07:52.996,1.10225,1.10241,3.00,1.87
2018.05.24 07:07:53.305,1.10226,1.10242,1.19,1.76
2018.05.24 07:07:54.043,1.10226,1.10242,1.19,1.47
2018.05.24 07:07:55.046,1.10226,1.10242,1.69,1.47
2018.05.24 07:07:58.928,1.10226,1.10242,1.69,1.47
2018.05.24 07:07:59.457,1.10225,1.10239,1.69,1.00
2018.05.24 07:07:59.976,1.10224,1.10239,1.69,1.25
2018.05.24 07:08:00.516,1.10224,1.10238,1.31,1.00
2018.05.24 07:08:01.043,1.10224,1.10238,1.31,1.20
2018.05.24 07:08:01.545,1.10224,1.10237,1.00,1.25
2018.05.24 07:08:02.053,1.10221,1.10237,1.69,1.76
2018.05.24 07:08:02.604,1.10223,1.10237,1.19,1.00
2018.05.24 07:08:03.146,1.10223,1.10238,1.19,1.25
2018.05.24 07:08:04.081,1.10223,1.10238,1.19,1.44
2018.05.24 07:08:04.631,1.10225,1.10239,1.31,1.19
2018.05.24 07:08:05.133,1.10225,1.1024,1.62,1.01
2018.05.24 07:08:05.645,1.10225,1.10241,1.56,2.70
2018.05.24 07:08:06.293,1.10226,1.10241,1.31,2.51
2018.05.24 07:08:07.032,1.10226,1.10241,1.31,1.95
2018.05.24 07:08:07.423,1.10227,1.10241,1.69,1.44
2018.05.24 07:08:07.948,1.10227,1.10241,1.69,1.20
2018.05.24 07:08:08.935,1.10228,1.10244,1.50,1.95
2018.05.24 07:08:10.223,1.1023,1.10246,1.00,2.62
2018.05.24 07:08:10.325,1.10231,1.10246,1.50,1.37
2018.05.24 07:08:10.776,1.10231,1.10247,2.44,1.69
2018.05.24 07:08:10.828,1.10231,1.10247,1.69,1.37
2018.05.24 07:08:11.174,1.10231,1.10247,1.69,1.01
2018.05.24 07:08:11.563,1.10231,1.10246,2.06,1.25
2018.05.24 07:08:11.669,1.10231,1.10245,1.31,1.87
2018.05.24 07:08:12.307,1.10231,1.10245,1.31,1.87
2018.05.24 07:08:12.840,1.10231,1.10245,1.31,1.87
2018.05.24 07:08:13.651,1.1023,1.10245,1.69,1.87
2018.05.24 07:08:14.690,1.1023,1.10245,1.12,1.95
2018.05.24 07:08:14.897,1.1023,1.10245,1.31,1.76
2018.05.24 07:08:15.223,1.1023,1.10245,1.12,1.37
2018.05.24 07:08:15.533,1.10229,1.10246,2.44,2.70
2018.05.24 07:08:16.328,1.10229,1.10246,2.62,1.87
2018.05.24 07:08:16.879,1.1023,1.10245,3.19,1.47
2018.05.24 07:08:19.883,1.1023,1.10245,3.00,1.19
2018.05.24 07:08:19.937,1.1023,1.10245,1.87,1.37
2018.05.24 07:08:20.481,1.10229,1.10244,1.00,1.20
2018.05.24 07:08:20.999,1.10229,1.10245,1.50,1.47
2018.05.24 07:08:21.804,1.10229,1.10245,1.50,1.47
2018.05.24 07:08:22.352,1.10228,1.10243,1.76,1.25
2018.05.24 07:08:22.851,1.10229,1.10243,1.19,1.25
2018.05.24 07:08:23.273,1.10231,1.10246,1.50,1.87
2018.05.24 07:08:23.788,1.1023,1.10245,1.12,1.37
2018.05.24 07:08:25.134,1.10229,1.10245,2.62,1.87
2018.05.24 07:08:25.497,1.10229,1.10246,3.26,1.87
2018.05.24 07:08:26.001,1.10231,1.10246,1.12,1.19
2018.05.24 07:08:26.054,1.10231,1.10246,3.19,1.19
2018.05.24 07:08:26.370,1.10234,1.10248,1.19,1.19
2018.05.24 07:08:26.722,1.10235,1.10249,2.25,1.19
2018.05.24 07:08:27.237,1.10237,1.10251,1.19,1.19
2018.05.24 07:08:27.748,1.10237,1.10251,1.19,1.19
2018.05.24 07:08:28.196,1.10237,1.10251,1.19,1.69
2018.05.24 07:08:30.289,1.10236,1.1025,2.62,1.19
2018.05.24 07:08:31.712,1.10235,1.10248,1.50,1.19
2018.05.24 07:08:32.532,1.10234,1.10248,1.25,1.19
2018.05.24 07:08:33.117,1.10234,1.10246,1.50,1.00
2018.05.24 07:08:33.700,1.10233,1.10246,1.31,1.00
2018.05.24 07:08:33.754,1.10232,1.10246,4.01,1.19
2018.05.24 07:08:34.265,1.10232,1.10246,3.45,1.19
2018.05.24 07:08:35.379,1.10233,1.10248,1.50,1.19
2018.05.24 07:08:35.845,1.10234,1.10248,1.50,1.69
2018.05.24 07:08:35.897,1.10236,1.10248,1.75,1.25
2018.05.24 07:08:36.000,1.10236,1.10248,1.25,1.25
2018.05.24 07:08:36.572,1.10236,1.10251,1.12,1.29
2018.05.24 07:08:37.077,1.10237,1.10251,1.25,1.29
2018.05.24 07:08:37.865,1.10238,1.10252,1.12,1.19
2018.05.24 07:08:38.233,1.10239,1.10252,1.50,1.19
2018.05.24 07:08:38.815,1.1024,1.10251,1.00,1.25
2018.05.24 07:08:39.351,1.1024,1.10252,1.19,1.19
2018.05.24 07:08:40.290,1.1024,1.10252,1.50,1.25
2018.05.24 07:08:40.774,1.10239,1.10254,1.00,1.29
2018.05.24 07:08:40.979,1.10238,1.10252,1.50,1.69
2018.05.24 07:08:42.140,1.10238,1.10252,1.25,1.19
2018.05.24 07:08:43.608,1.1024,1.10251,1.00,1.25
2018.05.24 07:08:43.950,1.10246,1.10256,1.00,1.25
2018.05.24 07:08:44.263,1.10247,1.1026,1.19,1.19
2018.05.24 07:08:45.258,1.10249,1.1026,1.00,1.19
2018.05.24 07:08:45.786,1.10248,1.1026,1.25,1.19
2018.05.24 07:08:47.395,1.10246,1.1026,1.25,1.19
2018.05.24 07:08:47.966,1.10246,1.1026,1.19,1.19
2018.05.24 07:08:48.508,1.10242,1.10258,3.26,2.44
2018.05.24 07:08:49.025,1.10242,1.10256,3.00,1.19
2018.05.24 07:08:49.883,1.10242,1.10257,2.25,1.69
2018.05.24 07:08:50.094,1.10242,1.10253,1.25,1.19
2018.05.24 07:08:50.228,1.10242,1.10255,1.50,1.25
2018.05.24 07:08:50.798,1.10242,1.10258,1.50,1.19
2018.05.24 07:08:51.729,1.10243,1.10258,2.25,2.44
2018.05.24 07:08:52.025,1.10243,1.10257,2.25,1.69
2018.05.24 07:08:52.179,1.10241,1.10255,2.25,1.19
2018.05.24 07:08:52.335,1.10241,1.10254,1.75,1.19
2018.05.24 07:08:52.439,1.10241,1.10255,1.75,1.19
2018.05.24 07:08:52.975,1.10241,1.10256,1.50,1.29
2018.05.24 07:08:53.613,1.10241,1.10256,2.25,1.19
2018.05.24 07:08:54.700,1.10241,1.10256,2.44,1.19
2018.05.24 07:08:55.666,1.10241,1.10257,1.69,1.69
2018.05.24 07:08:57.127,1.10241,1.10257,2.25,2.70
2018.05.24 07:08:57.478,1.10235,1.10248,2.25,1.19
2018.05.24 07:08:57.531,1.10234,1.10248,1.50,1.19
2018.05.24 07:08:57.895,1.10233,1.10247,1.25,1.19
2018.05.24 07:08:57.998,1.10231,1.10245,1.50,1.69
2018.05.24 07:08:58.050,1.10232,1.10244,1.19,1.00
2018.05.24 07:08:58.101,1.10229,1.10243,4.87,1.25
2018.05.24 07:08:58.241,1.10229,1.10243,1.25,1.69
2018.05.24 07:08:58.610,1.10226,1.10241,3.82,1.19
2018.05.24 07:08:58.714,1.10226,1.10241,1.19,1.19
2018.05.24 07:08:59.353,1.10225,1.1024,1.25,1.19
2018.05.24 07:08:59.514,1.10222,1.10237,3.26,1.19
2018.05.24 07:08:59.670,1.10222,1.10237,1.12,1.19
2018.05.24 07:09:00.188,1.10222,1.10237,1.25,1.44
2018.05.24 07:09:01.595,1.10223,1.10236,1.50,1.25
2018.05.24 07:09:01.872,1.10225,1.1024,1.50,1.25
2018.05.24 07:09:02.078,1.10226,1.10241,1.75,1.69
2018.05.24 07:09:02.132,1.10224,1.10238,3.00,1.25
2018.05.24 07:09:02.397,1.10222,1.10235,1.07,1.19
2018.05.24 07:09:02.504,1.10219,1.1023,1.00,1.19
2018.05.24 07:09:02.784,1.1022,1.1023,1.00,1.95
2018.05.24 07:09:03.044,1.1021,1.10221,1.00,1.19
2018.05.24 07:09:03.097,1.10206,1.10222,19.99,1.69
2018.05.24 07:09:03.149,1.10207,1.10222,1.25,1.19
2018.05.24 07:09:03.202,1.10215,1.10223,1.00,1.44
2018.05.24 07:09:03.307,1.10213,1.10224,1.00,2.81
2018.05.24 07:09:03.460,1.10209,1.10224,1.25,1.19
2018.05.24 07:09:03.512,1.10211,1.10227,1.50,1.26
2018.05.24 07:09:03.618,1.10212,1.10228,2.62,1.69
2018.05.24 07:09:03.773,1.10212,1.10228,1.87,1.69
2018.05.24 07:09:04.185,1.10212,1.10221,4.20,1.00
2018.05.24 07:09:04.237,1.10212,1.10227,4.20,1.00
2018.05.24 07:09:04.391,1.10214,1.1023,1.44,1.19
2018.05.24 07:09:04.443,1.10217,1.10231,1.44,1.10
2018.05.24 07:09:04.766,1.10217,1.1023,1.19,1.19
2018.05.24 07:09:05.074,1.10214,1.10229,3.19,1.19
2018.05.24 07:09:05.844,1.10214,1.10229,1.12,1.19
2018.05.24 07:09:06.109,1.10214,1.10229,1.25,1.20
2018.05.24 07:09:06.592,1.10214,1.1023,1.25,1.29
2018.05.24 07:09:06.953,1.10214,1.1023,1.25,1.95
2018.05.24 07:09:07.229,1.10217,1.10232,1.44,1.95
2018.05.24 07:09:07.391,1.10217,1.10232,1.69,1.51
2018.05.24 07:09:08.066,1.10217,1.1023,1.19,1.25
2018.05.24 07:09:08.469,1.10216,1.1023,1.69,1.29
2018.05.24 07:09:08.781,1.10216,1.10229,1.25,1.25
2018.05.24 07:09:09.276,1.10219,1.10231,1.25,1.19
2018.05.24 07:09:09.329,1.10219,1.10233,1.87,1.32
2018.05.24 07:09:09.489,1.1022,1.10237,1.87,1.95
2018.05.24 07:09:09.804,1.10222,1.10236,2.25,1.19
2018.05.24 07:09:10.152,1.10221,1.10235,1.50,1.19
2018.05.24 07:09:10.305,1.10223,1.10238,2.44,1.76
2018.05.24 07:09:10.864,1.10226,1.10241,1.19,2.44
2018.05.24 07:09:11.736,1.10228,1.10243,1.01,2.44
2018.05.24 07:09:12.053,1.1023,1.10244,1.25,1.19
2018.05.24 07:09:12.276,1.10228,1.10243,2.06,1.19
2018.05.24 07:09:12.537,1.10229,1.10243,1.00,1.19
2018.05.24 07:09:13.052,1.10228,1.10243,2.25,1.25
2018.05.24 07:09:13.157,1.10228,1.10244,2.25,1.76
2018.05.24 07:09:13.584,1.10225,1.10236,1.00,1.00
2018.05.24 07:09:13.851,1.10222,1.10237,2.14,1.25
2018.05.24 07:09:13.906,1.10222,1.10237,1.44,1.19
2018.05.24 07:09:14.427,1.10222,1.10236,2.44,1.19
2018.05.24 07:09:14.737,1.10221,1.10235,2.81,1.19
2018.05.24 07:09:14.936,1.10221,1.10236,4.12,1.19
2018.05.24 07:09:15.161,1.10221,1.10236,2.81,1.19
2018.05.24 07:09:15.214,1.10223,1.10237,1.75,1.19
2018.05.24 07:09:15.370,1.10226,1.10241,1.50,1.29
2018.05.24 07:09:15.476,1.10231,1.10243,2.25,1.19
2018.05.24 07:09:15.619,1.10229,1.10244,1.50,1.76
2018.05.24 07:09:15.722,1.10229,1.10244,1.00,2.70
2018.05.24 07:09:16.238,1.10227,1.1024,1.50,1.19
2018.05.24 07:09:16.845,1.10228,1.10243,1.19,1.76
2018.05.24 07:09:16.951,1.10229,1.10244,1.56,1.29
2018.05.24 07:09:17.161,1.10229,1.10242,1.31,1.25
2018.05.24 07:09:17.666,1.1023,1.10244,2.25,1.76
2018.05.24 07:09:17.771,1.10232,1.10246,4.87,1.29
2018.05.24 07:09:17.823,1.10232,1.10244,1.00,1.19
2018.05.24 07:09:18.335,1.10234,1.10247,1.25,1.26
2018.05.24 07:09:18.496,1.10232,1.10246,1.00,1.19
2018.05.24 07:09:18.997,1.10232,1.10245,1.41,1.00
2018.05.24 07:09:19.049,1.10235,1.10248,1.91,1.76
2018.05.24 07:09:19.435,1.10239,1.10254,2.47,1.26
2018.05.24 07:09:19.488,1.10241,1.10254,1.35,1.00
2018.05.24 07:09:20.003,1.1024,1.10255,1.50,1.76
2018.05.24 07:09:20.723,1.1024,1.10255,1.50,3.26
2018.05.24 07:09:21.084,1.10242,1.10256,3.00,1.29
2018.05.24 07:09:21.612,1.10244,1.10258,1.69,2.51
2018.05.24 07:09:23.032,1.10246,1.10258,1.75,1.69
2018.05.24 07:09:23.140,1.10244,1.10258,2.81,1.69
2018.05.24 07:09:23.194,1.10244,1.10256,1.50,1.25
2018.05.24 07:09:23.511,1.10238,1.10248,1.50,1.25
2018.05.24 07:09:23.860,1.10238,1.10251,1.00,1.32
2018.05.24 07:09:24.016,1.10239,1.10251,1.50,1.25
2018.05.24 07:09:24.520,1.10238,1.10251,2.44,1.69
2018.05.24 07:09:24.689,1.10238,1.10251,1.12,1.19
2018.05.24 07:09:24.843,1.10238,1.10251,2.44,1.19
2018.05.24 07:09:25.355,1.10238,1.1025,1.69,1.25
2018.05.24 07:09:25.917,1.10237,1.1025,1.50,1.25
2018.05.24 07:09:26.022,1.10235,1.10247,1.69,1.00
2018.05.24 07:09:26.544,1.10235,1.10247,1.50,1.25
2018.05.24 07:09:27.249,1.10235,1.10246,1.50,1.00
2018.05.24 07:09:27.966,1.10235,1.10247,2.25,1.25
2018.05.24 07:09:28.275,1.10234,1.10244,1.50,1.00
2018.05.24 07:09:28.804,1.10231,1.10244,1.87,1.69
2018.05.24 07:09:28.859,1.10229,1.10242,1.75,1.25
2018.05.24 07:09:29.592,1.10228,1.10242,3.19,1.19
2018.05.24 07:09:29.698,1.10228,1.10241,1.25,1.19
2018.05.24 07:09:30.116,1.10228,1.1024,1.00,1.19
2018.05.24 07:09:30.220,1.10228,1.1024,1.00,1.25
2018.05.24 07:09:30.743,1.10226,1.10239,2.06,1.25
2018.05.24 07:09:31.283,1.10226,1.10238,2.62,1.00
2018.05.24 07:09:31.424,1.10226,1.10238,2.06,1.00
2018.05.24 07:09:31.885,1.10226,1.10237,2.25,1.00
2018.05.24 07:09:32.038,1.10227,1.10239,2.25,1.00
2018.05.24 07:09:32.140,1.10228,1.10239,3.56,1.00
2018.05.24 07:09:32.192,1.10229,1.10242,1.50,1.01
2018.05.24 07:09:32.772,1.10229,1.10241,2.25,1.00
2018.05.24 07:09:33.876,1.1023,1.10243,1.75,1.00
2018.05.24 07:09:35.158,1.1023,1.10243,1.69,1.00
2018.05.24 07:09:35.769,1.1023,1.10244,1.87,1.69
2018.05.24 07:09:36.316,1.1023,1.10244,2.44,1.69
2018.05.24 07:09:37.058,1.10231,1.10244,1.50,1.00
2018.05.24 07:09:37.211,1.10232,1.10244,1.50,1.25
2018.05.24 07:09:37.742,1.10231,1.10244,1.50,1.25
2018.05.24 07:09:38.065,1.10231,1.10244,1.69,1.25
2018.05.24 07:09:38.408,1.1023,1.10244,1.50,1.19
2018.05.24 07:09:38.512,1.10229,1.10244,2.25,1.01
2018.05.24 07:09:38.719,1.10229,1.10243,2.25,1.19
2018.05.24 07:09:39.683,1.10228,1.10241,1.50,1.25
2018.05.24 07:09:39.788,1.10227,1.10239,1.57,1.00
2018.05.24 07:09:40.096,1.10227,1.10239,1.75,1.00
2018.05.24 07:09:40.381,1.10225,1.10239,3.64,1.00
2018.05.24 07:09:41.490,1.10225,1.10239,2.06,1.00
2018.05.24 07:09:41.998,1.10226,1.1024,1.75,1.19
2018.05.24 07:09:43.116,1.10225,1.1024,2.06,1.19
2018.05.24 07:09:43.620,1.10225,1.10238,1.50,1.19
2018.05.24 07:09:44.117,1.10225,1.10239,1.50,1.00
2018.05.24 07:09:45.426,1.10225,1.10239,3.00,1.00
2018.05.24 07:09:45.977,1.10225,1.10239,1.50,1.10
2018.05.24 07:09:46.618,1.10225,1.10239,2.25,1.00
2018.05.24 07:09:46.826,1.10225,1.10237,2.25,1.00
2018.05.24 07:09:46.933,1.10226,1.10239,1.50,1.25
2018.05.24 07:09:47.143,1.10227,1.10239,1.75,1.25
2018.05.24 07:09:47.245,1.10228,1.10241,1.19,1.00
2018.05.24 07:09:47.750,1.10228,1.10241,1.75,1.25
2018.05.24 07:09:48.253,1.10229,1.10242,1.25,1.69
2018.05.24 07:09:48.873,1.10229,1.10243,2.25,1.76
2018.05.24 07:09:49.416,1.10229,1.10242,1.50,1.19
2018.05.24 07:09:52.178,1.1023,1.10242,1.50,1.19
2018.05.24 07:09:52.337,1.10231,1.10243,1.50,1.25
2018.05.24 07:09:53.136,1.10231,1.10243,1.50,1.19
2018.05.24 07:09:53.693,1.1023,1.10243,1.50,1.19
2018.05.24 07:09:55.779,1.1023,1.10243,2.25,1.25
2018.05.24 07:09:55.990,1.10232,1.10246,2.25,1.69
2018.05.24 07:09:56.044,1.10234,1.10247,2.25,1.10
2018.05.24 07:09:56.411,1.10233,1.10246,2.25,1.19
2018.05.24 07:09:56.998,1.10234,1.10246,1.75,1.00
2018.05.24 07:09:57.513,1.10235,1.10248,1.50,1.69
2018.05.24 07:09:58.155,1.10236,1.10249,2.44,1.00
2018.05.24 07:09:58.472,1.10237,1.10249,1.75,1.00
2018.05.24 07:09:58.973,1.10239,1.1025,1.00,1.00
2018.05.24 07:09:59.280,1.10239,1.10251,2.25,1.25
2018.05.24 07:09:59.808,1.1024,1.10252,1.50,1.19
2018.05.24 07:10:00.016,1.10238,1.10252,1.69,1.19
2018.05.24 07:10:01.562,1.10238,1.10253,1.76,1.25
2018.05.24 07:10:01.614,1.10241,1.10255,1.87,1.07
2018.05.24 07:10:01.938,1.10243,1.10256,2.44,1.00
2018.05.24 07:10:02.325,1.10245,1.10258,1.69,1.25
2018.05.24 07:10:02.478,1.10246,1.10257,1.75,1.00
2018.05.24 07:10:02.709,1.10245,1.10257,3.19,1.00
2018.05.24 07:10:03.277,1.10245,1.10256,2.25,1.00
2018.05.24 07:10:03.787,1.10245,1.10257,1.25,1.25
2018.05.24 07:10:03.894,1.10242,1.10255,1.57,1.19
2018.05.24 07:10:04.370,1.10239,1.10252,1.69,1.00
2018.05.24 07:10:04.475,1.10239,1.10252,1.12,1.00
2018.05.24 07:10:05.003,1.10239,1.10251,1.50,1.25
2018.05.24 07:10:05.439,1.10238,1.10249,2.44,1.00
2018.05.24 07:10:05.941,1.10238,1.10249,1.69,1.00
2018.05.24 07:10:07.141,1.10238,1.10249,1.50,1.19
2018.05.24 07:10:07.352,1.10235,1.10248,1.75,1.19
2018.05.24 07:10:07.979,1.10234,1.10248,3.00,1.19
2018.05.24 07:10:10.153,1.10235,1.10248,1.50,1.19
2018.05.24 07:10:10.204,1.10238,1.10248,1.19,1.19
2018.05.24 07:10:10.410,1.10241,1.10252,3.00,1.00
2018.05.24 07:10:10.738,1.10243,1.10253,2.25,1.00
2018.05.24 07:10:11.261,1.10244,1.10254,1.50,1.00
2018.05.24 07:10:11.793,1.10243,1.10254,1.69,1.00
2018.05.24 07:10:12.217,1.10241,1.10251,1.25,1.00
2018.05.24 07:10:12.750,1.1024,1.10251,2.25,1.00
2018.05.24 07:10:12.955,1.10241,1.10253,1.69,1.25
2018.05.24 07:10:13.847,1.10242,1.10253,1.50,1.25
2018.05.24 07:10:14.263,1.10243,1.10253,2.00,1.00
2018.05.24 07:10:14.316,1.10243,1.10254,1.12,1.00
2018.05.24 07:10:14.472,1.10244,1.10254,2.00,1.00
2018.05.24 07:10:14.524,1.10245,1.10256,1.19,1.00
2018.05.24 07:10:14.688,1.10245,1.10257,2.44,1.25
2018.05.24 07:10:15.218,1.10245,1.10257,2.44,1.25
2018.05.24 07:10:15.799,1.10245,1.10255,1.44,1.00
2018.05.24 07:10:16.131,1.10247,1.10258,1.44,1.00
2018.05.24 07:10:16.184,1.10249,1.10259,1.19,1.00
2018.05.24 07:10:16.236,1.1025,1.10261,1.25,1.00
2018.05.24 07:10:16.390,1.10249,1.10259,1.25,1.00
2018.05.24 07:10:16.899,1.10249,1.1026,1.44,1.00
2018.05.24 07:10:17.211,1.10251,1.10262,1.19,1.00
2018.05.24 07:10:17.827,1.10251,1.10263,2.25,1.00
2018.05.24 07:10:18.140,1.10258,1.10268,1.44,1.00
2018.05.24 07:10:18.593,1.10259,1.10269,1.75,1.00
2018.05.24 07:10:19.141,1.10258,1.1027,1.87,1.00
2018.05.24 07:10:19.660,1.10259,1.10271,2.00,1.00
2018.05.24 07:10:20.058,1.10258,1.10269,1.44,1.00
2018.05.24 07:10:20.373,1.10256,1.10268,1.31,1.00
2018.05.24 07:10:20.832,1.10254,1.10268,3.26,1.00
2018.05.24 07:10:20.884,1.10254,1.10265,2.32,1.00
2018.05.24 07:10:21.280,1.10257,1.10268,2.44,1.00
2018.05.24 07:10:21.489,1.10255,1.10269,3.26,1.00
2018.05.24 07:10:22.019,1.10255,1.10267,3.19,1.00
2018.05.24 07:10:22.394,1.10257,1.10269,1.25,1.00
2018.05.24 07:10:22.548,1.10259,1.10269,1.12,1.00
2018.05.24 07:10:23.169,1.10256,1.10269,3.56,1.00
2018.05.24 07:10:23.714,1.10257,1.1027,1.75,1.25
2018.05.24 07:10:24.080,1.10258,1.10268,1.75,1.00
2018.05.24 07:10:24.292,1.10258,1.1027,1.50,1.00
2018.05.24 07:10:24.811,1.10258,1.10272,1.50,1.19
2018.05.24 07:10:24.918,1.10261,1.10273,1.50,1.00
2018.05.24 07:10:24.972,1.10259,1.10273,1.50,1.00
2018.05.24 07:10:25.127,1.1026,1.10271,3.00,1.00
2018.05.24 07:10:25.485,1.10257,1.10269,2.81,1.00
2018.05.24 07:10:25.803,1.10262,1.10268,1.25,1.00
2018.05.24 07:10:25.856,1.10261,1.10272,1.69,1.00
2018.05.24 07:10:25.910,1.1026,1.1027,1.69,1.00
2018.05.24 07:10:26.222,1.10257,1.10267,1.50,1.00
2018.05.24 07:10:26.489,1.10258,1.10272,2.06,1.00
2018.05.24 07:10:26.594,1.10261,1.10273,1.19,1.00
2018.05.24 07:10:26.793,1.10261,1.10275,2.44,1.25
2018.05.24 07:10:26.845,1.10263,1.10275,1.69,1.25
2018.05.24 07:10:27.175,1.10263,1.10273,1.69,1.00
2018.05.24 07:10:27.630,1.10265,1.10277,2.44,1.00
2018.05.24 07:10:28.090,1.10263,1.10276,2.44,1.00
2018.05.24 07:10:28.196,1.10262,1.10274,1.25,1.00
2018.05.24 07:10:28.334,1.10261,1.10272,1.25,1.00
2018.05.24 07:10:28.550,1.10262,1.10275,3.19,1.00
2018.05.24 07:10:28.710,1.10263,1.10274,3.19,1.00
2018.05.24 07:10:28.763,1.10264,1.10277,2.00,1.00
2018.05.24 07:10:29.163,1.10262,1.10275,2.81,1.00
2018.05.24 07:10:29.679,1.10263,1.10276,1.50,1.00
2018.05.24 07:10:29.819,1.10262,1.10276,1.44,1.00
2018.05.24 07:10:29.871,1.10262,1.10274,1.69,1.00
2018.05.24 07:10:30.194,1.10268,1.1028,2.44,1.00
2018.05.24 07:10:30.518,1.10272,1.10283,1.50,1.50
2018.05.24 07:10:30.830,1.10277,1.10288,3.19,1.00
2018.05.24 07:10:31.139,1.10282,1.1029,1.00,1.00
2018.05.24 07:10:31.289,1.10282,1.10292,1.00,1.00
2018.05.24 07:10:31.801,1.10283,1.10292,1.50,1.00
2018.05.24 07:10:32.227,1.10281,1.10294,1.87,1.00
2018.05.24 07:10:32.283,1.10284,1.10294,2.00,1.00
2018.05.24 07:10:32.494,1.10284,1.10297,1.19,1.25
2018.05.24 07:10:32.600,1.10284,1.10295,1.50,1.00
2018.05.24 07:10:33.119,1.10284,1.10296,1.19,1.00
2018.05.24 07:10:33.508,1.10289,1.10298,1.00,1.00
2018.05.24 07:10:33.562,1.10285,1.10297,1.19,1.00
2018.05.24 07:10:33.773,1.10287,1.10297,2.00,1.00
2018.05.24 07:10:33.879,1.10285,1.10297,3.19,1.00
2018.05.24 07:10:33.932,1.10289,1.10299,1.19,1.00
2018.05.24 07:10:33.985,1.10288,1.10298,1.00,1.00
2018.05.24 07:10:34.279,1.10287,1.103,2.00,1.69
2018.05.24 07:10:34.598,1.10286,1.10296,1.00,1.00
2018.05.24 07:10:34.992,1.10285,1.10294,1.75,1.00
2018.05.24 07:10:35.223,1.10285,1.10299,2.00,1.50
2018.05.24 07:10:35.276,1.10289,1.103,2.44,1.00
2018.05.24 07:10:35.917,1.10289,1.10299,1.19,1.00
2018.05.24 07:10:36.113,1.10289,1.10301,1.69,1.00
2018.05.24 07:10:36.626,1.10291,1.10302,1.50,1.00
2018.05.24 07:10:37.576,1.1029,1.10302,1.31,1.00
2018.05.24 07:10:37.684,1.10291,1.10302,1.50,1.00
2018.05.24 07:10:38.104,1.10291,1.103,1.44,1.00
2018.05.24 07:10:38.880,1.10289,1.103,2.81,1.00
2018.05.24 07:10:39.299,1.10291,1.10301,2.06,1.00
2018.05.24 07:10:39.601,1.10293,1.10303,2.81,1.00
2018.05.24 07:10:40.143,1.10295,1.10304,1.00,1.00
2018.05.24 07:10:40.291,1.10295,1.10306,1.31,1.00
2018.05.24 07:10:40.397,1.10293,1.10305,1.75,1.19
2018.05.24 07:10:40.812,1.10293,1.10302,1.50,1.25
2018.05.24 07:10:41.035,1.1029,1.10301,1.44,1.00
2018.05.24 07:10:41.254,1.10292,1.10301,3.00,1.00
2018.05.24 07:10:41.306,1.10292,1.10304,2.44,1.00
2018.05.24 07:10:41.567,1.10294,1.10306,1.87,1.00
2018.05.24 07:10:41.673,1.10293,1.10306,3.26,1.00
2018.05.24 07:10:41.763,1.10295,1.10306,1.50,1.00
2018.05.24 07:10:42.019,1.10294,1.10305,1.44,1.00
2018.05.24 07:10:42.536,1.10293,1.10305,1.81,1.00
2018.05.24 07:10:42.588,1.10294,1.10306,1.87,1.00
2018.05.24 07:10:42.916,1.10293,1.10304,1.87,1.00
2018.05.24 07:10:43.352,1.10293,1.10304,1.44,1.00
2018.05.24 07:10:43.669,1.10293,1.10304,1.87,1.00
2018.05.24 07:10:43.980,1.10293,1.10306,1.87,1.00
2018.05.24 07:10:44.505,1.10293,1.10304,1.87,1.00
2018.05.24 07:10:45.229,1.10292,1.10304,1.76,1.00
2018.05.24 07:10:45.283,1.10294,1.10301,1.00,1.00
2018.05.24 07:10:45.390,1.10295,1.10305,1.50,1.00
2018.05.24 07:10:45.654,1.10295,1.10307,3.00,1.25
2018.05.24 07:10:45.707,1.10295,1.10303,1.50,1.00
2018.05.24 07:10:45.761,1.10293,1.10305,1.76,1.00
2018.05.24 07:10:45.890,1.10293,1.10303,2.44,1.00
2018.05.24 07:10:46.198,1.10292,1.10301,2.25,1.00
2018.05.24 07:10:46.300,1.10293,1.10303,1.50,1.00
2018.05.24 07:10:46.352,1.1029,1.10303,1.69,1.00
2018.05.24 07:10:46.404,1.10289,1.103,1.19,1.00
2018.05.24 07:10:47.584,1.10289,1.103,2.00,1.00
2018.05.24 07:10:47.793,1.10291,1.10302,1.19,1.00
2018.05.24 07:10:48.228,1.10289,1.103,2.00,1.00
2018.05.24 07:10:48.753,1.1029,1.103,1.19,1.00
2018.05.24 07:10:49.103,1.10287,1.10299,1.01,1.00
2018.05.24 07:10:49.156,1.10288,1.10299,1.50,1.00
2018.05.24 07:10:49.731,1.10287,1.10298,1.50,1.00
2018.05.24 07:10:50.348,1.10288,1.10297,1.19,1.00
2018.05.24 07:10:50.590,1.10288,1.10301,1.19,1.69
2018.05.24 07:10:51.138,1.10288,1.10299,1.50,1.00
2018.05.24 07:10:51.485,1.10287,1.10297,1.75,1.00
2018.05.24 07:10:51.537,1.10286,1.10297,2.44,1.00
2018.05.24 07:10:52.538,1.10289,1.103,1.25,1.00
2018.05.24 07:10:52.590,1.10291,1.103,1.50,1.00
2018.05.24 07:10:52.641,1.10291,1.10302,1.50,1.00
2018.05.24 07:10:52.692,1.10289,1.10302,1.50,1.00
2018.05.24 07:10:52.795,1.10289,1.10299,1.50,1.00
2018.05.24 07:10:53.338,1.10289,1.10298,1.50,1.00
2018.05.24 07:10:55.221,1.10289,1.103,1.50,1.00
2018.05.24 07:10:55.529,1.10288,1.10302,2.25,1.25
2018.05.24 07:10:56.080,1.10289,1.10302,1.50,1.00
2018.05.24 07:10:56.946,1.10289,1.10302,2.25,1.00
2018.05.24 07:10:57.152,1.10289,1.10302,1.50,1.00
2018.05.24 07:10:57.256,1.10287,1.10299,1.69,1.00
2018.05.24 07:10:57.505,1.1029,1.10303,2.44,1.00
2018.05.24 07:10:57.608,1.1029,1.10305,2.51,1.25
2018.05.24 07:10:57.711,1.10292,1.10305,1.50,1.25
2018.05.24 07:10:58.216,1.10292,1.10307,2.44,1.69
2018.05.24 07:10:59.751,1.10293,1.10307,1.19,1.69
2018.05.24 07:11:00.060,1.10296,1.10308,1.19,1.25
2018.05.24 07:11:00.267,1.10294,1.10306,2.62,1.00
2018.05.24 07:11:00.794,1.10294,1.10308,2.44,1.69
2018.05.24 07:11:01.352,1.10295,1.1031,2.25,2.44
2018.05.24 07:11:01.564,1.10294,1.10308,1.50,1.69
2018.05.24 07:11:01.616,1.10293,1.10307,1.19,1.19
2018.05.24 07:11:02.028,1.1029,1.10305,2.44,1.19
2018.05.24 07:11:02.233,1.10291,1.10303,1.19,1.25
2018.05.24 07:11:02.761,1.10292,1.10304,1.50,1.19
2018.05.24 07:11:03.305,1.10291,1.10306,2.44,1.69
2018.05.24 07:11:03.812,1.10291,1.10306,1.50,1.69
2018.05.24 07:11:04.141,1.10292,1.10306,1.75,1.69
2018.05.24 07:11:04.695,1.10292,1.10306,1.75,1.69
2018.05.24 07:11:05.241,1.10294,1.10305,1.19,1.00
2018.05.24 07:11:05.823,1.10294,1.10306,1.19,1.25
2018.05.24 07:11:07.241,1.10294,1.10307,2.00,1.19
2018.05.24 07:11:07.426,1.10293,1.10307,1.69,1.19
2018.05.24 07:11:08.343,1.10293,1.10307,1.69,1.25
2018.05.24 07:11:08.905,1.10296,1.10307,1.69,1.00
2018.05.24 07:11:08.958,1.10295,1.10309,2.25,1.19
2018.05.24 07:11:09.010,1.10294,1.10306,2.51,1.00
2018.05.24 07:11:09.461,1.10296,1.10306,2.44,1.00
2018.05.24 07:11:09.515,1.10296,1.10309,1.44,1.25
2018.05.24 07:11:09.622,1.10296,1.10309,1.50,1.69
2018.05.24 07:11:09.675,1.10294,1.10308,4.31,1.25
2018.05.24 07:11:09.729,1.10294,1.10308,2.44,1.19
2018.05.24 07:11:10.255,1.10294,1.10306,2.25,1.19
2018.05.24 07:11:11.329,1.10294,1.10306,1.25,1.19
2018.05.24 07:11:12.182,1.10295,1.10308,1.50,1.19
2018.05.24 07:11:12.234,1.10294,1.10308,1.12,1.19
2018.05.24 07:11:12.545,1.10296,1.10308,2.44,1.25
2018.05.24 07:11:12.852,1.10298,1.10308,1.50,1.00
2018.05.24 07:11:13.392,1.10297,1.10309,2.25,1.25
2018.05.24 07:11:14.517,1.10297,1.1031,2.25,1.19
2018.05.24 07:11:15.296,1.10297,1.10311,2.25,1.19
2018.05.24 07:11:15.811,1.10297,1.10311,2.25,1.69
2018.05.24 07:11:16.334,1.10296,1.10309,2.25,1.25
2018.05.24 07:11:16.943,1.10297,1.1031,2.44,1.19
2018.05.24 07:11:17.471,1.10298,1.1031,1.75,1.19
2018.05.24 07:11:17.574,1.10297,1.1031,1.69,1.19
2018.05.24 07:11:18.002,1.10294,1.10308,1.75,1.19
2018.05.24 07:11:18.202,1.10296,1.10308,1.69,1.25
2018.05.24 07:11:18.820,1.10296,1.10307,1.50,1.00
2018.05.24 07:11:19.368,1.10296,1.10309,1.25,1.19
2018.05.24 07:11:19.729,1.10296,1.10308,3.19,1.25
2018.05.24 07:11:20.034,1.10294,1.10307,2.25,1.25
2018.05.24 07:11:20.151,1.10292,1.10305,1.50,1.25
2018.05.24 07:11:20.467,1.1029,1.10303,2.81,1.00
2018.05.24 07:11:21.084,1.1029,1.10303,2.25,1.00
2018.05.24 07:11:21.597,1.1029,1.10303,1.69,1.25
2018.05.24 07:11:21.751,1.10289,1.10303,1.00,1.19
2018.05.24 07:11:22.242,1.10287,1.10301,2.70,1.19
2018.05.24 07:11:22.599,1.10287,1.10298,1.50,1.25
2018.05.24 07:11:23.173,1.10287,1.10299,1.25,1.25
2018.05.24 07:11:24.038,1.10288,1.103,2.44,1.00
2018.05.24 07:11:24.437,1.10289,1.10303,2.44,1.00
2018.05.24 07:11:25.100,1.10289,1.10302,2.44,1.00
2018.05.24 07:11:25.620,1.10289,1.10302,1.69,1.00
2018.05.24 07:11:26.218,1.1029,1.10302,1.37,1.00
2018.05.24 07:11:26.791,1.10289,1.10302,1.69,1.00
2018.05.24 07:11:27.111,1.10291,1.10304,2.44,1.25
2018.05.24 07:11:27.450,1.10291,1.10302,1.19,1.00
2018.05.24 07:11:27.768,1.10288,1.10297,3.07,1.00
2018.05.24 07:11:27.824,1.10285,1.10295,1.69,1.25
2018.05.24 07:11:27.878,1.10283,1.10294,1.25,1.00
2018.05.24 07:11:28.418,1.10283,1.10294,1.50,1.00
2018.05.24 07:11:28.971,1.10283,1.10294,1.00,1.00
2018.05.24 07:11:29.472,1.10283,1.10293,1.25,1.00
2018.05.24 07:11:30.869,1.1028,1.10293,2.44,1.00
2018.05.24 07:11:32.361,1.1028,1.10292,2.44,1.00
2018.05.24 07:11:33.017,1.1028,1.10291,1.19,1.00
2018.05.24 07:11:33.623,1.10279,1.10291,3.19,1.00
2018.05.24 07:11:34.274,1.10279,1.10291,3.19,1.00
2018.05.24 07:11:34.592,1.10279,1.10293,3.19,1.00
2018.05.24 07:11:35.209,1.10279,1.10293,3.19,1.25
2018.05.24 07:11:35.793,1.10279,1.10292,2.51,1.25
2018.05.24 07:11:35.846,1.10279,1.10291,1.75,1.19
2018.05.24 07:11:36.025,1.10276,1.1029,4.01,1.19
2018.05.24 07:11:36.688,1.10276,1.10288,2.25,1.00
2018.05.24 07:11:37.371,1.10275,1.10287,1.69,1.00
2018.05.24 07:11:37.476,1.10273,1.10284,1.00,1.25
2018.05.24 07:11:37.633,1.1027,1.10284,2.32,1.25
2018.05.24 07:11:37.937,1.10271,1.10284,1.50,1.50
2018.05.24 07:11:38.445,1.1027,1.10285,2.44,1.19
2018.05.24 07:11:39.115,1.1027,1.10285,3.19,1.25
2018.05.24 07:11:39.664,1.1027,1.10284,1.00,1.69
2018.05.24 07:11:39.972,1.10267,1.1028,1.75,1.25
2018.05.24 07:11:40.336,1.10269,1.10283,1.75,1.00
2018.05.24 07:11:40.446,1.10269,1.10285,2.06,1.25
2018.05.24 07:11:40.979,1.10268,1.1028,1.39,1.00
2018.05.24 07:11:41.135,1.10267,1.10283,3.00,1.29
2018.05.24 07:11:41.532,1.10268,1.10284,1.50,1.50
2018.05.24 07:11:41.587,1.10269,1.10284,2.44,1.50
2018.05.24 07:11:42.004,1.10269,1.10284,1.19,1.19
2018.05.24 07:11:42.330,1.10268,1.10284,2.81,1.19
2018.05.24 07:11:42.436,1.1027,1.10284,2.25,1.19
2018.05.24 07:11:42.593,1.1027,1.10284,1.12,1.19
2018.05.24 07:11:42.855,1.10269,1.10285,2.00,1.76
2018.05.24 07:11:43.201,1.10268,1.10285,2.89,1.95
2018.05.24 07:11:46.062,1.1027,1.10285,1.12,1.76
2018.05.24 07:11:46.613,1.10268,1.10283,2.89,1.00
2018.05.24 07:11:47.161,1.10268,1.10284,1.31,1.69
2018.05.24 07:11:47.356,1.10268,1.10284,1.12,1.69
2018.05.24 07:11:47.773,1.10268,1.10284,3.56,1.19
2018.05.24 07:11:48.303,1.10267,1.10284,2.51,2.51
2018.05.24 07:11:48.408,1.10267,1.10283,3.26,1.19
2018.05.24 07:11:48.758,1.10267,1.10283,1.75,2.89
2018.05.24 07:11:49.026,1.10263,1.10277,1.75,2.06
2018.05.24 07:11:49.544,1.10263,1.10278,2.51,1.25
2018.05.24 07:11:51.231,1.10266,1.10279,1.19,1.01
2018.05.24 07:11:51.471,1.10266,1.10279,1.50,1.00
2018.05.24 07:11:51.574,1.10267,1.10282,1.69,1.00
2018.05.24 07:11:52.092,1.10267,1.10284,1.69,2.51
2018.05.24 07:11:52.196,1.10269,1.10284,1.19,2.44
2018.05.24 07:11:52.663,1.1027,1.10286,1.94,1.50
2018.05.24 07:11:53.342,1.10271,1.10285,1.19,1.00
2018.05.24 07:11:53.892,1.10273,1.10287,1.75,1.19
2018.05.24 07:11:54.336,1.10272,1.10289,1.69,3.26
2018.05.24 07:11:54.449,1.10273,1.10289,1.19,3.26
2018.05.24 07:11:55.107,1.10271,1.10289,4.31,3.26
2018.05.24 07:11:55.650,1.10273,1.10287,1.19,1.19
2018.05.24 07:11:56.448,1.10273,1.10289,1.94,1.76
2018.05.24 07:11:56.990,1.10273,1.10288,1.50,1.19
2018.05.24 07:11:57.521,1.10273,1.10288,3.19,1.25
2018.05.24 07:11:57.575,1.10273,1.10289,2.00,1.69
2018.05.24 07:11:57.694,1.10272,1.10287,3.26,1.19
2018.05.24 07:11:57.854,1.10273,1.10287,2.00,1.19
2018.05.24 07:11:58.336,1.10274,1.10289,2.81,1.50
2018.05.24 07:11:59.137,1.10276,1.1029,2.44,1.00
2018.05.24 07:11:59.292,1.10278,1.10292,1.75,1.76
2018.05.24 07:11:59.804,1.10277,1.10293,3.00,2.06
2018.05.24 07:12:00.143,1.10279,1.10294,1.50,3.19
2018.05.24 07:12:00.677,1.10281,1.10295,1.50,1.19
2018.05.24 07:12:01.647,1.10282,1.10295,1.50,1.19
2018.05.24 07:12:01.836,1.10283,1.10296,1.00,1.69
2018.05.24 07:12:03.019,1.10284,1.10296,1.50,1.19
2018.05.24 07:12:03.224,1.1028,1.10296,2.44,1.76
2018.05.24 07:12:03.377,1.10281,1.10295,1.75,1.19
2018.05.24 07:12:03.920,1.1028,1.10294,2.25,1.25
2018.05.24 07:12:04.155,1.1028,1.10294,1.69,1.25
2018.05.24 07:12:04.363,1.1028,1.10292,2.32,1.00
2018.05.24 07:12:04.424,1.10279,1.10291,1.07,1.69
2018.05.24 07:12:04.766,1.10281,1.10294,1.75,1.50
2018.05.24 07:12:05.298,1.10281,1.10295,1.75,1.25
2018.05.24 07:12:05.822,1.10281,1.10295,1.75,1.19
2018.05.24 07:12:06.323,1.10281,1.10294,1.75,1.19
2018.05.24 07:12:06.854,1.10281,1.10296,1.44,1.76
2018.05.24 07:12:07.205,1.10282,1.10295,1.50,1.00
2018.05.24 07:12:08.298,1.10281,1.10295,1.44,1.00
2018.05.24 07:12:10.274,1.10281,1.10295,2.06,1.00
2018.05.24 07:12:10.581,1.1028,1.10295,2.00,1.19
2018.05.24 07:12:10.944,1.10282,1.10295,1.75,1.69
2018.05.24 07:12:11.098,1.10279,1.10292,1.76,1.00
2018.05.24 07:12:11.150,1.10279,1.10291,1.50,1.19
2018.05.24 07:12:11.254,1.10279,1.10291,1.25,1.19
2018.05.24 07:12:11.411,1.10279,1.10293,1.69,1.19
2018.05.24 07:12:11.463,1.1028,1.10295,2.44,2.51
2018.05.24 07:12:12.013,1.10281,1.10295,1.44,1.25
2018.05.24 07:12:12.332,1.10282,1.10296,1.75,1.00
2018.05.24 07:12:12.844,1.10283,1.10296,1.19,1.25
2018.05.24 07:12:13.378,1.10282,1.10296,2.62,1.00
2018.05.24 07:12:13.881,1.10283,1.10296,3.00,1.00
2018.05.24 07:12:14.476,1.10284,1.10296,1.75,1.00
2018.05.24 07:12:14.579,1.10284,1.10298,1.50,1.25
2018.05.24 07:12:14.733,1.10283,1.10297,2.25,1.19
2018.05.24 07:12:15.053,1.10285,1.10298,1.25,1.19
2018.05.24 07:12:15.475,1.10285,1.103,1.50,1.01
2018.05.24 07:12:15.679,1.10286,1.103,2.00,1.00
2018.05.24 07:12:16.194,1.10288,1.103,1.50,1.00
2018.05.24 07:12:16.514,1.10289,1.10304,1.25,4.01
2018.05.24 07:12:16.936,1.10289,1.10303,1.50,1.69
2018.05.24 07:12:17.442,1.1029,1.10304,1.00,1.69
2018.05.24 07:12:18.168,1.10292,1.10304,1.25,1.25
2018.05.24 07:12:18.518,1.10291,1.10304,1.50,1.19
2018.05.24 07:12:18.890,1.10291,1.10305,1.75,1.76
2018.05.24 07:12:19.452,1.1029,1.10305,1.75,1.76
2018.05.24 07:12:19.729,1.10291,1.10305,2.25,1.29
2018.05.24 07:12:20.274,1.10292,1.10305,1.75,1.19
2018.05.24 07:12:20.841,1.10291,1.10305,2.25,1.19
2018.05.24 07:12:21.513,1.10291,1.10305,1.19,1.29
2018.05.24 07:12:21.895,1.10292,1.10305,2.25,1.10
2018.05.24 07:12:22.050,1.10292,1.10305,1.25,1.00
2018.05.24 07:12:24.614,1.10291,1.10305,1.31,1.25
2018.05.24 07:12:25.064,1.10293,1.10305,1.50,1.00
2018.05.24 07:12:25.646,1.10293,1.10305,1.75,1.19
2018.05.24 07:12:26.182,1.10293,1.10305,1.50,1.25
2018.05.24 07:12:27.010,1.10292,1.10305,1.69,1.25
2018.05.24 07:12:28.134,1.10292,1.10303,1.50,1.00
2018.05.24 07:12:28.448,1.10293,1.10303,1.75,1.00
2018.05.24 07:12:28.985,1.10292,1.10305,1.75,1.69
2018.05.24 07:12:29.457,1.10291,1.10304,1.19,1.19
2018.05.24 07:12:29.569,1.10291,1.10305,1.69,1.19
2018.05.24 07:12:29.761,1.10292,1.10307,1.39,1.25
2018.05.24 07:12:30.448,1.10293,1.10308,1.44,1.25
2018.05.24 07:12:30.604,1.10294,1.10308,1.50,1.69
2018.05.24 07:12:31.132,1.10294,1.10308,1.50,1.69
2018.05.24 07:12:31.680,1.10293,1.10308,1.50,1.69
2018.05.24 07:12:33.724,1.10293,1.10308,2.25,1.19
2018.05.24 07:12:34.040,1.10291,1.10306,1.75,2.44
2018.05.24 07:12:34.840,1.1029,1.10306,1.19,2.44
2018.05.24 07:12:36.424,1.10291,1.10306,1.50,2.44
2018.05.24 07:12:37.454,1.1029,1.10305,2.25,1.19
2018.05.24 07:12:37.609,1.10289,1.10304,1.87,3.19
2018.05.24 07:12:37.664,1.10287,1.10302,2.14,1.69
2018.05.24 07:12:37.718,1.10286,1.10298,1.19,1.00
2018.05.24 07:12:37.822,1.10284,1.10298,1.10,1.19
2018.05.24 07:12:37.875,1.10284,1.10296,1.00,1.19
2018.05.24 07:12:38.042,1.10283,1.10297,1.25,1.19
2018.05.24 07:12:38.458,1.10283,1.10296,1.19,1.69
2018.05.24 07:12:39.071,1.10283,1.10296,1.50,1.69
2018.05.24 07:12:39.548,1.10283,1.10296,1.25,1.69
2018.05.24 07:12:39.705,1.10283,1.10296,1.19,1.25
2018.05.24 07:12:44.508,1.10282,1.10296,1.87,1.69
2018.05.24 07:12:44.614,1.10282,1.10296,1.44,1.25
2018.05.24 07:12:44.719,1.10281,1.10296,4.31,1.69
2018.05.24 07:12:45.144,1.10282,1.10296,1.50,1.25
2018.05.24 07:12:45.413,1.10281,1.10296,1.31,1.25
2018.05.24 07:12:45.937,1.10281,1.10296,1.87,1.19
2018.05.24 07:12:46.473,1.10281,1.10296,2.62,1.25
2018.05.24 07:12:46.999,1.10282,1.10296,1.19,1.25
2018.05.24 07:12:47.293,1.10283,1.10296,2.25,1.00
2018.05.24 07:12:47.398,1.10282,1.10296,1.50,1.00
2018.05.24 07:12:47.507,1.10284,1.103,1.69,1.25
2018.05.24 07:12:47.561,1.10286,1.103,2.25,1.25
2018.05.24 07:12:47.773,1.10286,1.103,1.25,1.25
2018.05.24 07:12:48.315,1.10286,1.10301,1.31,1.69
2018.05.24 07:12:48.838,1.10286,1.10301,2.32,1.69
2018.05.24 07:12:49.615,1.10287,1.10301,1.01,1.69
2018.05.24 07:12:49.816,1.10288,1.10302,1.25,1.69
2018.05.24 07:12:50.328,1.10289,1.10302,1.00,1.00
2018.05.24 07:12:50.825,1.1029,1.10304,1.25,1.25
2018.05.24 07:12:52.264,1.10289,1.103,1.00,1.69
2018.05.24 07:12:52.315,1.10285,1.10299,1.32,1.19
2018.05.24 07:12:52.866,1.10285,1.10298,1.00,1.69
2018.05.24 07:12:53.551,1.10284,1.10298,1.25,3.19
2018.05.24 07:12:54.942,1.10283,1.10298,1.12,3.37
2018.05.24 07:12:55.267,1.10283,1.10296,1.25,1.19
2018.05.24 07:12:55.745,1.10281,1.10296,1.69,1.25
2018.05.24 07:12:56.247,1.10282,1.10296,1.25,1.25
2018.05.24 07:12:58.183,1.10278,1.10294,2.70,2.44
2018.05.24 07:12:58.553,1.10277,1.10292,1.00,1.25
2018.05.24 07:12:58.843,1.10277,1.10292,2.25,1.25
2018.05.24 07:12:59.355,1.10276,1.10292,2.25,1.69
2018.05.24 07:12:59.800,1.10277,1.10292,1.25,1.25
2018.05.24 07:13:00.326,1.10277,1.10291,1.44,1.00
2018.05.24 07:13:00.649,1.10279,1.10293,1.12,1.00
2018.05.24 07:13:00.755,1.1028,1.10293,1.50,1.00
2018.05.24 07:13:01.275,1.1028,1.10293,1.25,1.00
2018.05.24 07:13:01.851,1.10279,1.10294,2.06,1.00
2018.05.24 07:13:03.063,1.10279,1.10294,2.14,1.00
2018.05.24 07:13:03.796,1.1028,1.10294,1.87,1.00
2018.05.24 07:13:04.333,1.1028,1.10294,1.37,1.25
2018.05.24 07:13:05.043,1.1028,1.10294,2.44,1.25
2018.05.24 07:13:05.557,1.10281,1.10294,1.12,1.00
2018.05.24 07:13:06.932,1.1028,1.10294,1.69,1.25
2018.05.24 07:13:07.453,1.10278,1.10293,2.70,1.25
2018.05.24 07:13:08.622,1.10278,1.10293,1.87,1.25
2018.05.24 07:13:11.306,1.10276,1.10293,4.20,2.70
2018.05.24 07:13:12.436,1.10276,1.10293,4.01,2.51
2018.05.24 07:13:14.627,1.10276,1.10293,3.45,1.95
2018.05.24 07:13:14.731,1.10276,1.10293,2.70,1.76
2018.05.24 07:13:15.293,1.10276,1.10293,4.01,1.76
2018.05.24 07:13:16.044,1.10276,1.10293,4.20,1.76
2018.05.24 07:13:16.235,1.1028,1.10293,2.62,1.00
2018.05.24 07:13:16.292,1.10281,1.10295,1.44,1.25
2018.05.24 07:13:17.962,1.10282,1.10295,1.87,1.00
2018.05.24 07:13:18.489,1.10282,1.10295,1.87,1.25
2018.05.24 07:13:18.542,1.1028,1.10295,1.95,1.19
2018.05.24 07:13:18.705,1.10282,1.10295,1.25,1.25
2018.05.24 07:13:19.045,1.1028,1.10295,1.12,1.25
2018.05.24 07:13:20.072,1.1028,1.10295,1.20,1.25
2018.05.24 07:13:20.417,1.1028,1.10295,1.20,1.19
2018.05.24 07:13:20.944,1.1028,1.10295,1.20,1.69
2018.05.24 07:13:21.512,1.10279,1.10293,1.95,1.00
2018.05.24 07:13:21.935,1.10278,1.10293,1.20,1.25
2018.05.24 07:13:23.335,1.10279,1.10293,1.44,1.00
2018.05.24 07:13:23.869,1.10279,1.10293,1.00,1.19
2018.05.24 07:13:24.079,1.10275,1.10291,2.51,1.25
2018.05.24 07:13:24.133,1.10274,1.1029,3.07,1.19
2018.05.24 07:13:24.185,1.10274,1.10288,1.31,1.19
2018.05.24 07:13:24.444,1.10274,1.10288,1.50,1.00
2018.05.24 07:13:25.200,1.10274,1.10288,1.01,1.25
2018.05.24 07:13:25.514,1.10271,1.10288,3.00,1.44
2018.05.24 07:13:26.046,1.10272,1.10287,1.87,1.57
2018.05.24 07:13:26.361,1.1027,1.10285,3.94,1.25
2018.05.24 07:13:26.713,1.1027,1.10282,1.31,1.00
2018.05.24 07:13:27.179,1.10272,1.10284,1.19,1.00
2018.05.24 07:13:27.548,1.10269,1.10282,2.51,1.00
2018.05.24 07:13:27.653,1.10268,1.10281,1.44,1.50
2018.05.24 07:13:27.757,1.10267,1.10279,1.69,1.00
2018.05.24 07:13:28.145,1.1027,1.10281,1.19,1.00
2018.05.24 07:13:28.198,1.1027,1.10283,1.19,1.69
2018.05.24 07:13:28.668,1.10268,1.10283,1.87,1.69
2018.05.24 07:13:28.825,1.10268,1.10281,1.87,1.00
2018.05.24 07:13:29.187,1.10269,1.10283,1.87,1.50
2018.05.24 07:13:29.399,1.10269,1.10285,2.44,1.76
2018.05.24 07:13:29.907,1.10271,1.10285,1.50,1.69
2018.05.24 07:13:30.437,1.1027,1.10284,2.32,1.00
2018.05.24 07:13:31.046,1.10271,1.10284,1.50,1.00
2018.05.24 07:13:31.350,1.10271,1.10284,1.31,1.00
2018.05.24 07:13:31.783,1.10273,1.10284,1.87,1.00
2018.05.24 07:13:31.834,1.10273,1.10286,1.12,1.00
2018.05.24 07:13:32.348,1.10273,1.10286,1.44,1.00
2018.05.24 07:13:32.877,1.10274,1.10287,1.12,1.25
2018.05.24 07:13:33.490,1.10272,1.10285,1.69,1.00
2018.05.24 07:13:34.012,1.10273,1.10285,1.00,1.00
2018.05.24 07:13:34.438,1.10272,1.10287,1.57,1.00
2018.05.24 07:13:35.042,1.10271,1.10286,1.50,1.00
2018.05.24 07:13:36.824,1.10271,1.10286,1.50,1.01
2018.05.24 07:13:36.877,1.1027,1.10286,2.14,1.19
2018.05.24 07:13:36.982,1.10274,1.10288,1.19,2.44
2018.05.24 07:13:37.932,1.10271,1.10285,1.00,1.00
2018.05.24 07:13:37.984,1.10271,1.10284,1.44,1.00
2018.05.24 07:13:38.035,1.1027,1.10286,1.87,2.62
2018.05.24 07:13:38.139,1.1027,1.10284,1.87,1.00
2018.05.24 07:13:38.258,1.10273,1.10287,1.25,1.69
2018.05.24 07:13:38.309,1.10274,1.10287,1.37,1.00
2018.05.24 07:13:38.413,1.10275,1.10289,1.44,1.00
2018.05.24 07:13:38.515,1.10274,1.10287,1.95,1.00
2018.05.24 07:13:38.567,1.10272,1.10287,2.32,1.50
2018.05.24 07:13:38.620,1.10272,1.10286,1.44,1.00
2018.05.24 07:13:39.158,1.10271,1.10287,1.50,1.69
2018.05.24 07:13:39.546,1.1027,1.10284,1.76,1.25
2018.05.24 07:13:40.085,1.1027,1.10284,1.44,1.25
2018.05.24 07:13:40.636,1.1027,1.10284,1.69,1.19
2018.05.24 07:13:40.850,1.10271,1.10285,1.12,1.69
2018.05.24 07:13:41.059,1.10273,1.10285,1.69,1.10
2018.05.24 07:13:41.111,1.10271,1.10285,2.81,1.00
2018.05.24 07:13:41.652,1.10272,1.10285,1.37,1.00
2018.05.24 07:13:42.378,1.10273,1.10285,1.19,1.00
2018.05.24 07:13:42.592,1.10272,1.10285,1.50,1.00
2018.05.24 07:13:42.850,1.10272,1.10287,1.50,1.25
2018.05.24 07:13:43.090,1.10273,1.10287,1.47,1.00
2018.05.24 07:13:43.977,1.10275,1.10287,2.25,1.00
2018.05.24 07:13:44.029,1.10276,1.10289,1.19,1.00
2018.05.24 07:13:44.325,1.10274,1.10288,1.12,1.69
2018.05.24 07:13:44.637,1.10272,1.10287,1.50,1.00
2018.05.24 07:13:44.689,1.10272,1.10285,1.50,1.50
2018.05.24 07:13:46.075,1.10272,1.10285,1.44,1.00
2018.05.24 07:13:46.440,1.10275,1.10288,2.25,1.00
2018.05.24 07:13:47.066,1.10275,1.10288,2.62,1.00
2018.05.24 07:13:47.484,1.10275,1.1029,1.87,1.00
2018.05.24 07:13:48.006,1.10275,1.10289,1.31,1.69
2018.05.24 07:13:48.211,1.10274,1.10289,1.19,1.69
2018.05.24 07:13:48.397,1.10273,1.10286,1.25,1.00
2018.05.24 07:13:48.500,1.10275,1.10286,1.25,1.00
2018.05.24 07:13:49.025,1.10271,1.10286,2.32,1.00
2018.05.24 07:13:49.282,1.10272,1.10286,2.81,1.00
2018.05.24 07:13:49.824,1.10271,1.10286,4.39,1.50
2018.05.24 07:13:51.048,1.10273,1.10286,1.57,1.00
2018.05.24 07:13:51.683,1.10273,1.10286,1.29,1.00
2018.05.24 07:13:52.979,1.10274,1.10286,1.19,1.00
2018.05.24 07:13:53.083,1.10274,1.10288,1.87,1.25
2018.05.24 07:13:53.137,1.10275,1.10288,1.87,1.25
2018.05.24 07:13:53.242,1.1028,1.10292,1.25,1.00
2018.05.24 07:13:53.378,1.1028,1.10292,2.25,1.00
2018.05.24 07:13:53.430,1.1028,1.10292,1.69,1.00
2018.05.24 07:13:53.950,1.10279,1.10292,1.00,1.00
2018.05.24 07:13:54.674,1.10279,1.10292,2.06,1.00
2018.05.24 07:13:54.728,1.10279,1.10292,1.25,1.50
2018.05.24 07:13:54.782,1.10277,1.1029,1.00,1.19
2018.05.24 07:13:55.290,1.10276,1.1029,1.12,1.19
2018.05.24 07:13:55.856,1.10275,1.10289,1.69,1.25
2018.05.24 07:13:56.242,1.10273,1.10288,1.37,1.19
2018.05.24 07:13:56.770,1.10272,1.10288,4.95,1.50
2018.05.24 07:13:58.067,1.10272,1.10288,4.95,1.50
2018.05.24 07:13:58.379,1.10272,1.10286,1.87,1.00
2018.05.24 07:13:58.981,1.10272,1.10286,2.06,1.00
2018.05.24 07:14:01.180,1.1027,1.10285,3.07,1.00
2018.05.24 07:14:01.714,1.10271,1.10284,1.50,1.00
2018.05.24 07:14:02.302,1.10268,1.10282,2.25,1.00
2018.05.24 07:14:02.355,1.10267,1.10281,1.10,1.50
2018.05.24 07:14:02.492,1.10266,1.10279,1.45,1.00
2018.05.24 07:14:02.595,1.10268,1.10281,1.00,1.50
2018.05.24 07:14:02.647,1.1027,1.10283,1.00,1.25
2018.05.24 07:14:03.158,1.10268,1.10282,3.07,1.00
2018.05.24 07:14:03.692,1.10268,1.10281,1.25,1.00
2018.05.24 07:14:04.226,1.10268,1.10281,1.44,1.00
2018.05.24 07:14:04.787,1.10268,1.10281,1.00,1.00
2018.05.24 07:14:06.094,1.10268,1.10281,1.29,1.25
2018.05.24 07:14:06.606,1.10267,1.10281,1.95,1.19
2018.05.24 07:14:06.969,1.10268,1.10281,1.19,1.69
2018.05.24 07:14:07.474,1.10269,1.10281,1.76,1.00
2018.05.24 07:14:07.631,1.10269,1.10283,2.44,1.69
2018.05.24 07:14:08.027,1.10269,1.10283,1.25,1.69
2018.05.24 07:14:09.062,1.10269,1.10283,1.69,1.69
2018.05.24 07:14:09.585,1.10268,1.10283,1.69,1.19
2018.05.24 07:14:12.586,1.10269,1.10283,1.12,1.69
2018.05.24 07:14:12.791,1.10271,1.10283,1.00,1.00
2018.05.24 07:14:12.944,1.10271,1.10285,1.12,1.00
2018.05.24 07:14:13.065,1.10271,1.10285,1.76,1.00
2018.05.24 07:14:13.736,1.10271,1.10285,2.14,1.19
2018.05.24 07:14:13.997,1.10273,1.10286,1.44,1.25
2018.05.24 07:14:14.637,1.10271,1.10286,4.39,1.25
2018.05.24 07:14:15.191,1.10273,1.10286,1.19,1.00
2018.05.24 07:14:16.112,1.10273,1.10286,1.69,1.00
2018.05.24 07:14:16.446,1.10273,1.10286,3.19,1.00
2018.05.24 07:14:17.150,1.10274,1.10286,2.44,1.00
2018.05.24 07:14:17.252,1.10276,1.1029,1.19,1.69
2018.05.24 07:14:17.853,1.10276,1.1029,1.44,1.69
2018.05.24 07:14:18.539,1.10276,1.1029,1.19,1.69
2018.05.24 07:14:18.593,1.10277,1.1029,1.87,1.25
2018.05.24 07:14:18.964,1.10277,1.1029,1.87,1.00
2018.05.24 07:14:19.483,1.10277,1.10291,1.87,1.00
2018.05.24 07:14:19.637,1.10275,1.10291,2.89,1.19
2018.05.24 07:14:20.063,1.10274,1.1029,3.37,1.69
2018.05.24 07:14:20.517,1.10275,1.1029,2.25,1.69
2018.05.24 07:14:21.033,1.10275,1.10289,2.81,1.00
2018.05.24 07:14:21.852,1.10275,1.10289,1.69,1.19
2018.05.24 07:14:23.303,1.10275,1.1029,3.19,1.25
2018.05.24 07:14:23.459,1.10276,1.1029,1.01,1.19
2018.05.24 07:14:24.007,1.10274,1.1029,2.06,1.29
2018.05.24 07:14:24.748,1.10274,1.10288,1.25,1.25
2018.05.24 07:14:25.256,1.10273,1.10287,1.19,1.69
2018.05.24 07:14:25.364,1.10272,1.10286,1.10,1.19
2018.05.24 07:14:25.470,1.10272,1.10284,1.00,1.19
2018.05.24 07:14:25.629,1.10271,1.10285,2.51,1.25
2018.05.24 07:14:26.180,1.10271,1.10286,1.95,1.69
2018.05.24 07:14:26.766,1.10271,1.10286,1.00,1.19
2018.05.24 07:14:26.870,1.10272,1.10286,1.50,1.69
2018.05.24 07:14:26.973,1.10271,1.10286,1.19,1.69
2018.05.24 07:14:27.521,1.10272,1.10284,1.00,1.00
2018.05.24 07:14:28.131,1.10271,1.10284,1.10,1.00
2018.05.24 07:14:30.322,1.1027,1.10284,1.12,1.00
2018.05.24 07:14:30.375,1.1027,1.10284,2.32,1.00
2018.05.24 07:14:30.955,1.10271,1.10284,1.25,1.19
2018.05.24 07:14:31.474,1.1027,1.10284,1.57,1.00
2018.05.24 07:14:32.018,1.1027,1.10284,1.12,1.25
2018.05.24 07:14:32.626,1.10271,1.10284,1.25,1.25
2018.05.24 07:14:33.726,1.1027,1.10284,1.19,1.69
2018.05.24 07:14:34.249,1.1027,1.10284,1.25,1.69
2018.05.24 07:14:34.953,1.10268,1.10284,3.26,1.69
2018.05.24 07:14:35.465,1.10269,1.10283,1.25,1.19
2018.05.24 07:14:36.430,1.10268,1.10283,1.87,1.19
2018.05.24 07:14:36.870,1.10266,1.1028,2.51,1.50
2018.05.24 07:14:37.228,1.10266,1.1028,1.69,1.00
2018.05.24 07:14:37.331,1.10269,1.10283,1.37,1.00
2018.05.24 07:14:37.913,1.10269,1.10283,1.87,1.50
2018.05.24 07:14:39.474,1.1027,1.10283,1.37,1.50
2018.05.24 07:14:40.049,1.1027,1.10283,2.51,1.00
2018.05.24 07:14:40.370,1.1027,1.10283,1.47,1.00
2018.05.24 07:14:41.051,1.1027,1.10283,1.25,1.50
2018.05.24 07:14:41.614,1.10269,1.10283,1.87,1.50
2018.05.24 07:14:43.318,1.10272,1.10283,1.19,1.00
2018.05.24 07:14:43.370,1.10272,1.10285,1.19,1.50
2018.05.24 07:14:43.534,1.10272,1.10282,1.00,1.00
2018.05.24 07:14:43.587,1.10268,1.10282,2.51,1.50
2018.05.24 07:14:44.745,1.10268,1.10282,1.20,1.25
2018.05.24 07:14:45.321,1.10268,1.10282,1.44,1.50
2018.05.24 07:14:45.888,1.10267,1.10282,2.06,1.25
2018.05.24 07:14:46.866,1.10267,1.10281,2.81,1.00
2018.05.24 07:14:47.127,1.10267,1.10281,1.87,1.00
2018.05.24 07:14:48.774,1.10267,1.1028,1.25,1.00
2018.05.24 07:14:50.361,1.10267,1.10282,1.44,1.57
2018.05.24 07:14:50.912,1.10268,1.10282,1.37,1.50
2018.05.24 07:14:51.495,1.10268,1.10282,1.69,1.50
2018.05.24 07:14:56.757,1.10268,1.10282,1.37,1.50
2018.05.24 07:14:57.120,1.10267,1.10282,1.12,1.69
2018.05.24 07:14:57.224,1.10268,1.1028,1.00,1.00
2018.05.24 07:14:57.736,1.10268,1.1028,1.87,1.00
2018.05.24 07:14:57.790,1.10269,1.10283,1.69,1.50
2018.05.24 07:14:58.306,1.1027,1.10283,1.44,1.00
2018.05.24 07:14:58.820,1.10269,1.10283,1.37,1.00
2018.05.24 07:14:58.978,1.10273,1.10283,1.00,1.12
2018.05.24 07:14:59.032,1.10274,1.10285,1.25,1.00
2018.05.24 07:14:59.085,1.10275,1.10288,1.00,1.07
2018.05.24 07:14:59.137,1.10275,1.10289,1.00,1.57
2018.05.24 07:14:59.190,1.10276,1.10289,1.00,1.00
2018.05.24 07:14:59.500,1.10277,1.10292,1.25,1.69
2018.05.24 07:14:59.969,1.10279,1.10292,1.00,1.69
2018.05.24 07:15:00.183,1.1028,1.10294,1.50,1.25
2018.05.24 07:15:00.445,1.10282,1.10296,1.00,1.69
2018.05.24 07:15:00.758,1.10285,1.10299,1.69,1.25
2018.05.24 07:15:01.147,1.10287,1.10301,1.25,1.25
2018.05.24 07:15:01.465,1.10292,1.10305,1.00,1.19
2018.05.24 07:15:01.801,1.10293,1.10308,2.62,1.19
2018.05.24 07:15:01.852,1.10293,1.10309,2.62,1.29
2018.05.24 07:15:02.390,1.10294,1.10308,1.00,1.19
2018.05.24 07:15:02.559,1.10295,1.10309,1.19,1.76
2018.05.24 07:15:02.983,1.10296,1.10309,1.25,1.19
2018.05.24 07:15:03.090,1.10296,1.10312,2.44,1.76
2018.05.24 07:15:03.615,1.10296,1.10311,3.07,1.69
2018.05.24 07:15:03.849,1.10298,1.10312,1.25,1.19
2018.05.24 07:15:03.900,1.103,1.10312,1.00,1.19
2018.05.24 07:15:04.426,1.10299,1.10312,1.00,1.19
2018.05.24 07:15:04.745,1.10291,1.10306,1.57,1.19
2018.05.24 07:15:05.295,1.10291,1.10305,1.00,1.19
2018.05.24 07:15:05.831,1.1029,1.10304,1.25,1.19
2018.05.24 07:15:06.398,1.10289,1.10303,1.25,1.19
2018.05.24 07:15:06.925,1.10287,1.10303,1.20,1.19
2018.05.24 07:15:07.451,1.10287,1.10301,1.20,1.19
2018.05.24 07:15:07.554,1.10287,1.10301,1.12,1.25
2018.05.24 07:15:07.765,1.10285,1.10301,1.87,1.29
2018.05.24 07:15:07.818,1.10285,1.10299,2.44,1.19
2018.05.24 07:15:09.047,1.10284,1.10299,1.25,1.19
2018.05.24 07:15:09.603,1.10284,1.10299,1.00,1.69
2018.05.24 07:15:09.868,1.10281,1.10298,3.45,2.06
2018.05.24 07:15:09.972,1.10282,1.10298,1.25,1.66
2018.05.24 07:15:10.328,1.10282,1.10295,1.00,1.25
2018.05.24 07:15:10.799,1.10284,1.10298,1.00,1.66
2018.05.24 07:15:11.083,1.10284,1.10299,1.00,1.76
2018.05.24 07:15:11.135,1.10285,1.103,1.69,1.56
2018.05.24 07:15:11.188,1.10287,1.10299,1.00,1.31
2018.05.24 07:15:11.240,1.10285,1.10299,1.25,1.39
2018.05.24 07:15:11.843,1.10283,1.10299,1.87,1.31
2018.05.24 07:15:12.356,1.10285,1.10299,1.00,1.31
2018.05.24 07:15:13.115,1.10284,1.10299,1.25,2.06
2018.05.24 07:15:13.468,1.10284,1.10297,1.00,1.69
2018.05.24 07:15:13.573,1.1028,1.10294,1.25,1.19
2018.05.24 07:15:14.080,1.10278,1.10294,1.44,1.20
2018.05.24 07:15:15.027,1.1028,1.10295,1.00,2.14
2018.05.24 07:15:18.764,1.10279,1.10293,1.25,1.25
2018.05.24 07:15:18.816,1.1028,1.10295,1.87,1.50
2018.05.24 07:15:19.281,1.10279,1.10294,1.76,1.69
2018.05.24 07:15:19.856,1.10278,1.10294,1.44,1.69
2018.05.24 07:15:20.120,1.10278,1.10292,1.12,1.00
2018.05.24 07:15:20.664,1.10278,1.10291,1.19,1.00
2018.05.24 07:15:21.201,1.10276,1.10291,2.44,1.00
2018.05.24 07:15:21.823,1.10278,1.10291,1.44,1.00
2018.05.24 07:15:22.029,1.1028,1.10291,1.19,1.00
2018.05.24 07:15:22.080,1.10279,1.10294,3.94,1.25
2018.05.24 07:15:22.588,1.10282,1.10295,1.69,1.00
2018.05.24 07:15:22.975,1.10284,1.10298,1.69,1.19
2018.05.24 07:15:23.285,1.10286,1.10298,1.00,1.00
2018.05.24 07:15:24.115,1.10285,1.10298,1.25,1.25
2018.05.24 07:15:24.451,1.10287,1.10301,1.25,1.26
2018.05.24 07:15:26.651,1.10285,1.103,1.69,1.29
2018.05.24 07:15:26.705,1.10284,1.10299,1.69,1.19
2018.05.24 07:15:27.372,1.10284,1.10299,1.50,3.19
2018.05.24 07:15:27.899,1.10284,1.10299,1.00,3.19
2018.05.24 07:15:28.465,1.10284,1.10299,1.69,2.44
2018.05.24 07:15:28.572,1.10284,1.10299,1.95,1.25
2018.05.24 07:15:28.716,1.10284,1.10299,3.26,1.25
2018.05.24 07:15:29.225,1.10285,1.10299,2.25,1.25
2018.05.24 07:15:29.771,1.10285,1.10299,1.69,1.69
2018.05.24 07:15:30.077,1.10284,1.10299,2.44,1.19
2018.05.24 07:15:30.398,1.10281,1.10294,2.00,1.25
2018.05.24 07:15:30.973,1.10281,1.10293,2.00,1.00
2018.05.24 07:15:31.508,1.10281,1.10293,1.19,1.00
2018.05.24 07:15:32.126,1.10277,1.10292,3.45,1.50
2018.05.24 07:15:32.180,1.10277,1.10292,2.70,1.69
2018.05.24 07:15:32.339,1.10277,1.10289,1.19,1.25
2018.05.24 07:15:32.965,1.10277,1.10289,1.69,1.25
2018.05.24 07:15:34.671,1.10276,1.10289,1.69,1.25
2018.05.24 07:15:35.035,1.1028,1.1029,1.00,1.00
2018.05.24 07:15:35.091,1.1028,1.10292,1.44,1.50
2018.05.24 07:15:35.944,1.10278,1.10293,1.12,1.69
2018.05.24 07:15:37.652,1.10275,1.1029,3.26,1.19
2018.05.24 07:15:38.531,1.10275,1.1029,2.25,1.25
2018.05.24 07:15:38.875,1.10274,1.10288,3.19,1.25
2018.05.24 07:15:42.973,1.10274,1.10288,3.19,1.00
2018.05.24 07:15:43.301,1.10277,1.10289,1.19,1.00
2018.05.24 07:15:43.505,1.10276,1.10289,1.37,1.00
2018.05.24 07:15:44.094,1.10276,1.10289,1.69,1.00
2018.05.24 07:15:44.742,1.10276,1.10289,1.95,1.00
2018.05.24 07:15:45.652,1.10275,1.10288,1.87,1.50
2018.05.24 07:15:48.540,1.10278,1.1029,1.44,1.00
2018.05.24 07:15:48.881,1.10279,1.1029,1.19,1.00
2018.05.24 07:15:48.936,1.1028,1.10292,1.37,1.00
2018.05.24 07:15:48.990,1.10281,1.10293,1.69,1.00
2018.05.24 07:15:49.096,1.10281,1.10295,2.44,1.00
2018.05.24 07:15:49.203,1.10286,1.10299,1.44,1.69
2018.05.24 07:15:49.309,1.10286,1.10299,1.87,1.00
2018.05.24 07:15:49.362,1.10287,1.10299,1.00,1.00
2018.05.24 07:15:49.585,1.10287,1.10299,2.81,1.00
2018.05.24 07:15:49.740,1.10289,1.10302,1.19,1.00
2018.05.24 07:15:49.995,1.10291,1.10303,1.44,1.00
2018.05.24 07:15:50.317,1.10297,1.10305,1.00,1.00
2018.05.24 07:15:50.579,1.10296,1.1031,1.19,1.69
2018.05.24 07:15:51.041,1.10293,1.10305,2.44,1.00
2018.05.24 07:15:51.575,1.10294,1.10305,2.44,1.00
2018.05.24 07:15:52.146,1.10294,1.10306,2.44,1.00
2018.05.24 07:15:52.763,1.10294,1.10304,1.00,1.19
2018.05.24 07:15:52.815,1.10289,1.103,3.75,1.00
2018.05.24 07:15:53.328,1.1029,1.10299,1.00,1.00
2018.05.24 07:15:53.481,1.10288,1.10299,1.25,1.00
2018.05.24 07:15:53.995,1.10286,1.10298,2.62,1.00
2018.05.24 07:15:54.765,1.10286,1.10298,1.12,1.00
2018.05.24 07:15:55.796,1.10287,1.10298,1.25,1.00
2018.05.24 07:15:56.016,1.10284,1.10297,3.19,1.00
2018.05.24 07:15:56.523,1.10286,1.10296,1.69,1.00
2018.05.24 07:15:57.336,1.10286,1.10296,1.44,1.00
2018.05.24 07:15:57.964,1.10286,1.10297,2.44,1.00
2018.05.24 07:15:58.567,1.10286,1.10297,1.69,1.00
2018.05.24 07:15:58.968,1.10282,1.10297,2.44,1.50
2018.05.24 07:15:59.021,1.10282,1.10294,1.94,1.00
2018.05.24 07:15:59.229,1.10283,1.10296,1.69,1.00
2018.05.24 07:15:59.838,1.10281,1.10295,2.25,1.00
2018.05.24 07:16:00.183,1.10282,1.10295,2.06,1.00
2018.05.24 07:16:00.540,1.10281,1.10295,2.44,1.00
2018.05.24 07:16:01.041,1.10283,1.10294,1.19,1.00
2018.05.24 07:16:01.605,1.10281,1.10294,1.37,1.00
2018.05.24 07:16:02.250,1.10281,1.10294,3.26,1.00
2018.05.24 07:16:02.765,1.10281,1.10295,2.51,1.00
2018.05.24 07:16:03.310,1.10282,1.10295,1.69,1.00
2018.05.24 07:16:04.689,1.10282,1.10295,1.44,1.00
2018.05.24 07:16:04.792,1.10285,1.10297,2.00,1.00
2018.05.24 07:16:05.228,1.10286,1.10299,1.50,1.00
2018.05.24 07:16:06.449,1.10287,1.10298,1.00,1.00
2018.05.24 07:16:06.502,1.10289,1.103,1.19,1.10
2018.05.24 07:16:07.025,1.10289,1.10301,1.37,1.00
2018.05.24 07:16:07.080,1.10289,1.10303,1.44,2.25
2018.05.24 07:16:07.134,1.1029,1.10303,1.69,1.00
2018.05.24 07:16:07.483,1.10294,1.10306,1.69,1.00
2018.05.24 07:16:08.023,1.10293,1.10306,3.19,1.00
2018.05.24 07:16:09.054,1.10293,1.10306,1.87,1.00
2018.05.24 07:16:10.072,1.10294,1.10304,1.25,1.00
2018.05.24 07:16:10.123,1.1029,1.10303,1.29,1.25
2018.05.24 07:16:10.630,1.10291,1.10303,1.19,1.00
2018.05.24 07:16:11.149,1.1029,1.10305,1.01,1.69
2018.05.24 07:16:11.716,1.10291,1.10305,2.44,1.19
2018.05.24 07:16:12.218,1.10292,1.10305,2.25,1.19
2018.05.24 07:16:13.486,1.10291,1.10305,2.44,1.00
2018.05.24 07:16:13.591,1.10293,1.10307,1.37,1.69
2018.05.24 07:16:13.643,1.10295,1.10308,1.75,1.00
2018.05.24 07:16:13.816,1.10295,1.1031,2.00,1.50
2018.05.24 07:16:14.465,1.10295,1.10309,2.51,1.00
2018.05.24 07:16:15.011,1.10295,1.1031,4.39,1.69
2018.05.24 07:16:15.609,1.10297,1.1031,1.50,1.00
2018.05.24 07:16:16.048,1.10297,1.10308,1.75,1.00
2018.05.24 07:16:16.336,1.10294,1.10308,4.57,1.69
2018.05.24 07:16:16.387,1.10295,1.10308,1.75,1.25
2018.05.24 07:16:16.643,1.10297,1.1031,1.19,1.25
2018.05.24 07:16:17.056,1.10298,1.1031,1.50,1.25
2018.05.24 07:16:17.214,1.10296,1.10309,2.25,1.25
2018.05.24 07:16:17.725,1.10298,1.1031,1.69,1.50
2018.05.24 07:16:18.262,1.10297,1.1031,1.44,1.50
2018.05.24 07:16:20.115,1.10295,1.1031,2.51,2.44
2018.05.24 07:16:20.377,1.10296,1.1031,2.44,1.00
2018.05.24 07:16:20.534,1.10298,1.10312,1.44,1.25
2018.05.24 07:16:20.885,1.10307,1.10319,1.50,1.00
2018.05.24 07:16:21.096,1.10306,1.10321,3.19,1.76
2018.05.24 07:16:21.601,1.10306,1.1032,3.94,1.00
2018.05.24 07:16:22.115,1.10306,1.10321,3.94,1.19
2018.05.24 07:16:24.131,1.10308,1.10322,1.50,1.69
2018.05.24 07:16:24.289,1.10306,1.10318,1.10,1.00
2018.05.24 07:16:24.397,1.10305,1.10317,1.00,1.19
2018.05.24 07:16:24.503,1.10304,1.10319,2.44,2.51
2018.05.24 07:16:24.714,1.10305,1.1032,1.19,1.01
2018.05.24 07:16:24.980,1.10307,1.10322,2.00,1.29
2018.05.24 07:16:25.342,1.10308,1.10322,1.25,1.19
2018.05.24 07:16:25.534,1.10308,1.10322,1.12,1.00
2018.05.24 07:16:26.041,1.10309,1.10322,1.19,1.25
2018.05.24 07:16:26.440,1.10307,1.10321,1.19,1.19
2018.05.24 07:16:26.990,1.10306,1.1032,2.44,1.00
2018.05.24 07:16:28.426,1.10306,1.10321,1.19,1.69
2018.05.24 07:16:28.734,1.10306,1.10321,1.50,1.69
2018.05.24 07:16:29.565,1.10306,1.10321,1.69,1.69
2018.05.24 07:16:29.945,1.10305,1.10317,1.19,1.00
2018.05.24 07:16:30.295,1.10302,1.10317,2.00,1.10
2018.05.24 07:16:31.626,1.10303,1.10318,2.00,1.69
2018.05.24 07:16:32.290,1.10306,1.10319,1.50,1.19
2018.05.24 07:16:32.495,1.10306,1.1032,1.69,1.76
2018.05.24 07:16:32.753,1.10308,1.10322,1.50,1.10
2018.05.24 07:16:33.068,1.1031,1.10325,1.50,2.51
2018.05.24 07:16:34.460,1.10309,1.10321,1.69,1.00
2018.05.24 07:16:34.684,1.10305,1.10321,2.06,1.57
2018.05.24 07:16:34.792,1.10308,1.10321,2.44,1.10
2018.05.24 07:16:35.106,1.10306,1.10322,2.51,1.69
2018.05.24 07:16:35.261,1.10309,1.10322,2.25,1.69
2018.05.24 07:16:35.569,1.10311,1.10322,1.25,1.00
2018.05.24 07:16:36.102,1.10312,1.10324,1.50,1.52
2018.05.24 07:16:36.260,1.10312,1.10324,1.50,1.00
2018.05.24 07:16:36.981,1.10315,1.10326,1.00,1.00
2018.05.24 07:16:37.633,1.10316,1.10326,1.00,1.00
2018.05.24 07:16:38.648,1.10314,1.10324,1.00,1.00
2018.05.24 07:16:38.985,1.10314,1.10326,1.25,1.69
2018.05.24 07:16:39.090,1.10314,1.10325,1.25,1.19
2018.05.24 07:16:39.203,1.10313,1.10326,2.25,1.00
2018.05.24 07:16:39.603,1.10312,1.10323,1.00,1.50
2018.05.24 07:16:39.772,1.10309,1.10322,1.00,1.19
2018.05.24 07:16:40.106,1.10308,1.10319,1.00,2.44
2018.05.24 07:16:40.329,1.10305,1.10316,1.10,2.44
2018.05.24 07:16:40.483,1.10306,1.10318,1.50,1.69
2018.05.24 07:16:40.642,1.10307,1.1032,1.44,1.00
2018.05.24 07:16:41.006,1.10311,1.1032,1.00,1.25
2018.05.24 07:16:42.297,1.1031,1.1032,1.00,1.00
2018.05.24 07:16:45.361,1.10309,1.1032,1.25,1.00
2018.05.24 07:16:47.119,1.10308,1.1032,1.00,1.19
2018.05.24 07:16:47.175,1.10308,1.1032,1.25,1.00
2018.05.24 07:16:47.687,1.10309,1.10319,1.00,1.00
2018.05.24 07:16:48.224,1.1031,1.10319,1.00,1.00
2018.05.24 07:16:48.378,1.10305,1.10318,1.57,1.50
2018.05.24 07:16:48.481,1.10308,1.10317,1.00,1.00
2018.05.24 07:16:48.583,1.10306,1.10317,1.25,1.00
2018.05.24 07:16:49.092,1.10307,1.10317,1.00,1.00
2018.05.24 07:16:49.146,1.10308,1.1032,1.50,1.50
2018.05.24 07:16:49.304,1.10309,1.10322,1.25,1.25
2018.05.24 07:16:49.513,1.10313,1.10322,1.00,1.00
2018.05.24 07:16:49.669,1.10313,1.10324,1.00,1.69
2018.05.24 07:16:50.214,1.10311,1.10324,1.50,2.25
2018.05.24 07:16:50.863,1.10311,1.10324,1.25,2.25
2018.05.24 07:16:51.803,1.10311,1.10324,1.44,1.50
2018.05.24 07:16:52.059,1.10314,1.10324,2.25,1.00
2018.05.24 07:16:52.296,1.10316,1.1033,2.44,1.25
2018.05.24 07:16:53.275,1.10317,1.1033,1.69,1.25
2018.05.24 07:16:53.687,1.10316,1.10326,1.25,1.25
2018.05.24 07:16:53.793,1.10313,1.10324,1.00,1.25
2018.05.24 07:16:55.789,1.10312,1.10324,1.00,1.00
2018.05.24 07:16:56.198,1.10311,1.10322,1.00,1.25
2018.05.24 07:16:56.729,1.10311,1.10323,1.25,1.00
2018.05.24 07:16:57.259,1.10311,1.10324,1.25,2.44
2018.05.24 07:16:57.572,1.10313,1.10324,1.25,1.69
2018.05.24 07:16:58.118,1.10313,1.10323,1.00,1.00
2018.05.24 07:16:58.222,1.10311,1.10323,1.00,1.00
2018.05.24 07:16:59.622,1.1031,1.10322,1.25,1.00
2018.05.24 07:16:59.781,1.1031,1.10322,1.69,2.44
2018.05.24 07:16:59.993,1.1031,1.10321,1.00,1.25
2018.05.24 07:17:00.498,1.1031,1.1032,1.00,1.00
2018.05.24 07:17:01.007,1.1031,1.10322,1.50,1.00
2018.05.24 07:17:01.530,1.1031,1.10322,1.25,1.50
2018.05.24 07:17:02.048,1.1031,1.10322,1.44,1.00
2018.05.24 07:17:02.585,1.1031,1.10322,1.25,1.50
2018.05.24 07:17:03.117,1.1031,1.10321,1.00,1.50
2018.05.24 07:17:03.377,1.1031,1.10321,2.25,1.00
2018.05.24 07:17:03.717,1.10311,1.10323,1.50,1.00
2018.05.24 07:17:03.769,1.10314,1.10323,1.00,1.00
2018.05.24 07:17:04.031,1.10312,1.10324,1.00,1.69
2018.05.24 07:17:04.953,1.10312,1.10323,1.50,1.00
2018.05.24 07:17:07.966,1.10312,1.10323,1.69,1.00
2018.05.24 07:17:08.069,1.10313,1.10326,1.25,1.50
2018.05.24 07:17:08.209,1.10315,1.10326,1.25,1.00
2018.05.24 07:17:08.952,1.10314,1.10326,1.12,1.00
2018.05.24 07:17:09.459,1.10315,1.10327,1.12,1.00
2018.05.24 07:17:11.847,1.10315,1.10327,1.19,1.50
2018.05.24 07:17:12.169,1.10317,1.10322,1.00,1.00
2018.05.24 07:17:12.223,1.10312,1.10322,1.25,1.00
2018.05.24 07:17:12.813,1.1031,1.10321,2.25,1.00
2018.05.24 07:17:13.349,1.1031,1.1032,1.25,1.00
2018.05.24 07:17:14.229,1.1031,1.10321,1.00,1.25
2018.05.24 07:17:18.176,1.1031,1.1032,1.00,1.00
2018.05.24 07:17:18.895,1.1031,1.1032,2.25,1.00
2018.05.24 07:17:19.132,1.10312,1.10325,2.25,1.57
2018.05.24 07:17:19.186,1.10315,1.10323,1.25,1.00
2018.05.24 07:17:19.702,1.10315,1.10324,1.00,1.00
2018.05.24 07:17:20.239,1.10315,1.10325,1.25,1.00
2018.05.24 07:17:20.750,1.10314,1.10325,1.25,1.00
2018.05.24 07:17:21.101,1.10316,1.10325,1.25,1.50
2018.05.24 07:17:22.326,1.10315,1.10325,1.25,1.00
2018.05.24 07:17:22.639,1.10315,1.10328,1.25,1.69
2018.05.24 07:17:23.152,1.10316,1.10328,1.00,1.00
2018.05.24 07:17:23.914,1.10316,1.10328,1.19,1.25
2018.05.24 07:17:25.083,1.10317,1.10328,1.50,1.00
2018.05.24 07:17:25.586,1.10317,1.10329,1.69,1.00
2018.05.24 07:17:26.655,1.10317,1.10329,1.12,1.00
2018.05.24 07:17:26.706,1.10319,1.10329,1.00,1.00
2018.05.24 07:17:27.241,1.10318,1.10329,1.00,1.00
2018.05.24 07:17:28.994,1.10318,1.10328,1.00,1.00
2018.05.24 07:17:29.229,1.10318,1.1033,1.00,1.69
2018.05.24 07:17:29.758,1.10319,1.1033,1.00,1.50
2018.05.24 07:17:29.914,1.10317,1.1033,1.12,1.50
2018.05.24 07:17:30.358,1.1032,1.10331,1.12,1.00
2018.05.24 07:17:30.517,1.10321,1.10333,1.69,1.57
2018.05.24 07:17:30.807,1.10322,1.10332,2.44,1.00
2018.05.24 07:17:31.120,1.10325,1.10337,2.25,1.50
2018.05.24 07:17:31.172,1.10325,1.10337,1.19,1.50
2018.05.24 07:17:31.712,1.10327,1.10338,1.00,1.00
2018.05.24 07:17:32.298,1.10325,1.10337,1.25,1.50
2018.05.24 07:17:32.847,1.10326,1.10336,1.00,1.00
2018.05.24 07:17:33.420,1.10325,1.10337,1.25,1.69
2018.05.24 07:17:33.968,1.10325,1.10336,1.00,1.00
2018.05.24 07:17:34.776,1.10326,1.10336,1.00,1.00
2018.05.24 07:17:34.881,1.10327,1.10338,1.25,1.25
2018.05.24 07:17:34.986,1.10329,1.10339,1.50,1.19
2018.05.24 07:17:35.038,1.10327,1.10338,2.25,1.00
2018.05.24 07:17:35.379,1.10326,1.10337,1.12,1.00
2018.05.24 07:17:35.793,1.10328,1.10338,1.25,1.50
2018.05.24 07:17:36.083,1.10329,1.1034,1.00,1.25
2018.05.24 07:17:36.677,1.10326,1.10339,2.44,1.00
2018.05.24 07:17:36.780,1.10326,1.10338,1.25,1.00
2018.05.24 07:17:36.832,1.10328,1.10337,1.00,1.00
2018.05.24 07:17:37.022,1.10326,1.10337,1.12,1.00
2018.05.24 07:17:37.794,1.10326,1.10336,1.00,1.00
2018.05.24 07:17:38.305,1.10325,1.10336,1.25,1.00
2018.05.24 07:17:38.512,1.10327,1.10337,1.00,1.00
2018.05.24 07:17:38.773,1.10328,1.1034,1.00,1.69
2018.05.24 07:17:39.227,1.10328,1.10339,1.00,1.19
2018.05.24 07:17:39.736,1.10325,1.10337,1.00,1.69
2018.05.24 07:17:40.050,1.10325,1.10336,1.00,1.69
2018.05.24 07:17:40.373,1.1032,1.10331,1.00,1.50
2018.05.24 07:17:40.537,1.10321,1.10334,1.50,1.69
2018.05.24 07:17:40.903,1.10324,1.10334,1.00,1.19
2018.05.24 07:17:41.450,1.10323,1.10334,1.25,1.50
2018.05.24 07:17:41.756,1.10325,1.10334,1.00,1.00
2018.05.24 07:17:42.308,1.10324,1.10335,1.00,1.69
2018.05.24 07:17:42.362,1.10322,1.10334,1.00,1.25
2018.05.24 07:17:42.975,1.10323,1.10334,1.25,1.00
2018.05.24 07:17:44.729,1.10323,1.10335,1.25,1.50
2018.05.24 07:17:45.268,1.10324,1.10335,2.25,1.00
2018.05.24 07:17:45.320,1.10324,1.10337,2.25,1.69
2018.05.24 07:17:45.628,1.10327,1.10337,1.00,1.25
2018.05.24 07:17:45.986,1.10327,1.1034,1.25,2.25
2018.05.24 07:17:46.038,1.10329,1.1034,1.00,2.25
2018.05.24 07:17:46.192,1.10325,1.10337,1.12,1.50
2018.05.24 07:17:46.383,1.10328,1.1034,1.00,1.50
2018.05.24 07:17:47.018,1.10328,1.10339,1.00,1.25
2018.05.24 07:17:47.558,1.10328,1.10338,1.12,1.00
2018.05.24 07:17:47.882,1.10329,1.10339,1.19,1.00
2018.05.24 07:17:47.935,1.10329,1.10341,1.19,1.69
2018.05.24 07:17:48.444,1.10329,1.10341,1.25,1.25
2018.05.24 07:17:48.971,1.10329,1.10341,1.19,1.69
2018.05.24 07:17:50.069,1.1033,1.10342,1.69,1.00
2018.05.24 07:17:50.378,1.10334,1.10346,1.69,1.50
2018.05.24 07:17:50.482,1.10336,1.10348,1.19,1.50
2018.05.24 07:17:51.551,1.10336,1.10347,1.50,1.00
2018.05.24 07:17:53.463,1.10336,1.10346,1.50,1.00
2018.05.24 07:17:54.080,1.10335,1.10344,2.25,1.00
2018.05.24 07:17:54.184,1.10335,1.10344,1.25,1.00
2018.05.24 07:17:54.413,1.10334,1.10346,1.19,1.25
2018.05.24 07:17:54.970,1.10334,1.10346,1.50,1.25
2018.05.24 07:17:56.146,1.10336,1.10347,1.57,1.25
2018.05.24 07:17:56.656,1.10337,1.10348,1.50,1.25
2018.05.24 07:17:58.463,1.10336,1.10348,1.57,1.25
2018.05.24 07:17:59.090,1.10336,1.10348,2.32,1.00
2018.05.24 07:18:00.038,1.10334,1.10346,2.51,1.00
2018.05.24 07:18:00.355,1.10331,1.10341,2.00,1.00
2018.05.24 07:18:01.114,1.1033,1.1034,2.32,1.00
2018.05.24 07:18:01.168,1.1033,1.10342,1.57,1.00
2018.05.24 07:18:01.706,1.1033,1.10342,2.25,1.00
2018.05.24 07:18:02.235,1.1033,1.10342,1.19,1.00
2018.05.24 07:18:03.322,1.10329,1.10341,1.25,1.00
2018.05.24 07:18:03.829,1.10327,1.10341,2.51,1.25
2018.05.24 07:18:04.232,1.10328,1.10341,2.32,1.00
2018.05.24 07:18:04.745,1.10329,1.1034,1.50,1.00
2018.05.24 07:18:05.263,1.1033,1.10341,1.00,1.50
2018.05.24 07:18:06.136,1.1033,1.10341,1.69,1.00
2018.05.24 07:18:06.637,1.10331,1.10342,1.00,1.00
2018.05.24 07:18:07.145,1.1033,1.10342,1.25,1.00
2018.05.24 07:18:07.662,1.10331,1.1034,1.00,1.00
2018.05.24 07:18:08.173,1.1033,1.10341,1.25,1.00
2018.05.24 07:18:08.692,1.1033,1.10342,1.25,1.25
2018.05.24 07:18:09.262,1.1033,1.10342,2.25,1.00
2018.05.24 07:18:09.641,1.10328,1.10338,1.00,1.25
2018.05.24 07:18:09.692,1.10326,1.10337,1.01,1.00
2018.05.24 07:18:10.250,1.10324,1.10337,1.50,1.19
2018.05.24 07:18:10.665,1.10327,1.10339,1.50,1.69
2018.05.24 07:18:11.247,1.10327,1.1034,2.25,1.00
2018.05.24 07:18:11.762,1.10328,1.10341,1.50,1.00
2018.05.24 07:18:11.813,1.1033,1.10341,1.19,1.00
2018.05.24 07:18:12.472,1.1033,1.10342,1.19,1.69
2018.05.24 07:18:12.977,1.10331,1.10342,1.50,1.00
2018.05.24 07:18:13.505,1.10331,1.10343,1.25,1.69
2018.05.24 07:18:14.093,1.1033,1.10343,1.19,1.69
2018.05.24 07:18:14.605,1.10332,1.10342,1.00,1.00
2018.05.24 07:18:15.152,1.10331,1.10342,1.10,1.25
2018.05.24 07:18:15.676,1.10329,1.10341,1.26,1.00
2018.05.24 07:18:17.520,1.10331,1.10341,1.00,1.00
2018.05.24 07:18:18.459,1.10327,1.10338,1.32,1.00
2018.05.24 07:18:18.563,1.10329,1.1034,1.00,1.25
2018.05.24 07:18:18.670,1.1033,1.10342,1.19,1.50
2018.05.24 07:18:18.987,1.10329,1.10338,1.10,1.25
2018.05.24 07:18:19.353,1.10331,1.10342,1.00,1.69
2018.05.24 07:18:19.658,1.10328,1.10342,1.57,1.69
2018.05.24 07:18:19.974,1.1033,1.10341,1.19,1.00
2018.05.24 07:18:20.132,1.1033,1.10344,1.25,1.69
2018.05.24 07:18:20.349,1.10331,1.10344,1.32,1.69
2018.05.24 07:18:20.886,1.10333,1.10345,1.01,1.25
2018.05.24 07:18:21.370,1.10333,1.10343,1.00,1.00
2018.05.24 07:18:21.682,1.10331,1.10341,1.00,1.00
2018.05.24 07:18:22.186,1.10331,1.10342,1.76,1.00
2018.05.24 07:18:22.549,1.10331,1.10344,1.20,2.44
2018.05.24 07:18:22.714,1.10332,1.10343,1.26,1.00
2018.05.24 07:18:23.283,1.10334,1.10344,1.00,1.25
2018.05.24 07:18:24.111,1.10334,1.10343,1.10,1.00
2018.05.24 07:18:24.392,1.10333,1.10345,1.01,1.25
2018.05.24 07:18:24.446,1.10335,1.10346,1.00,1.69
2018.05.24 07:18:24.973,1.10335,1.10346,1.00,1.69
2018.05.24 07:18:25.434,1.10337,1.10346,1.00,1.25
2018.05.24 07:18:25.649,1.10335,1.10347,1.10,1.69
2018.05.24 07:18:26.345,1.10336,1.10347,1.00,1.69
2018.05.24 07:18:27.847,1.10336,1.10346,1.00,1.00
2018.05.24 07:18:28.378,1.10334,1.10345,1.00,1.25
2018.05.24 07:18:28.485,1.10331,1.10345,1.29,1.25
2018.05.24 07:18:28.596,1.10331,1.10345,2.32,1.25
2018.05.24 07:18:28.922,1.10333,1.10347,2.00,1.69
2018.05.24 07:18:29.449,1.10334,1.10347,2.25,1.50
2018.05.24 07:18:29.984,1.10335,1.10347,1.69,1.00
2018.05.24 07:18:30.141,1.10335,1.10349,1.19,2.44
2018.05.24 07:18:30.507,1.10332,1.10348,2.51,1.25
2018.05.24 07:18:30.561,1.10334,1.10348,1.19,1.69
2018.05.24 07:18:31.344,1.10334,1.10347,1.19,1.00
2018.05.24 07:18:31.500,1.10334,1.10349,1.01,2.06
2018.05.24 07:18:31.992,1.10334,1.10349,1.85,2.06
2018.05.24 07:18:32.553,1.10335,1.10349,1.19,2.06
2018.05.24 07:18:33.143,1.10336,1.1035,2.25,1.19
2018.05.24 07:18:33.644,1.10335,1.1035,1.76,2.44
2018.05.24 07:18:34.524,1.10335,1.10349,1.50,1.69
2018.05.24 07:18:35.045,1.10334,1.10349,1.69,1.69
2018.05.24 07:18:35.872,1.10334,1.10347,1.50,1.25
2018.05.24 07:18:36.076,1.10333,1.10347,1.95,1.25
2018.05.24 07:18:36.331,1.10334,1.10347,1.50,1.25
2018.05.24 07:18:36.905,1.10333,1.10348,1.76,1.69
2018.05.24 07:18:37.455,1.10334,1.10348,1.12,1.69
2018.05.24 07:18:38.180,1.10333,1.10347,1.95,1.19
2018.05.24 07:18:38.544,1.10333,1.10348,3.26,1.69
2018.05.24 07:18:39.905,1.10334,1.10347,1.19,1.19
2018.05.24 07:18:40.470,1.10333,1.10347,1.76,1.69
2018.05.24 07:18:40.991,1.10333,1.10346,1.75,1.19
2018.05.24 07:18:41.538,1.10334,1.10348,1.50,2.44
2018.05.24 07:18:41.742,1.10332,1.10347,3.26,1.19
2018.05.24 07:18:42.285,1.10333,1.10347,1.69,1.69
2018.05.24 07:18:42.796,1.10334,1.10347,1.57,1.00
2018.05.24 07:18:43.304,1.10335,1.10348,1.95,1.25
2018.05.24 07:18:43.625,1.10335,1.10349,3.26,2.44
2018.05.24 07:18:43.960,1.10334,1.10346,1.29,1.00
2018.05.24 07:18:44.244,1.10334,1.10348,1.69,1.25
2018.05.24 07:18:44.425,1.10336,1.10348,1.50,1.25
2018.05.24 07:18:45.410,1.10334,1.10348,3.00,1.19
2018.05.24 07:18:46.194,1.10333,1.10348,1.62,1.19
2018.05.24 07:18:46.714,1.10332,1.10346,2.32,1.25
2018.05.24 07:18:46.820,1.10331,1.10344,1.01,1.19
2018.05.24 07:18:47.302,1.10328,1.10342,1.44,1.25
2018.05.24 07:18:47.456,1.10326,1.1034,1.69,1.00
2018.05.24 07:18:47.559,1.10325,1.1034,1.87,2.44
2018.05.24 07:18:48.104,1.10324,1.1034,1.37,2.44
2018.05.24 07:18:48.563,1.10324,1.1034,1.44,3.19
2018.05.24 07:18:50.165,1.10323,1.10337,1.87,1.00
2018.05.24 07:18:50.217,1.10323,1.10338,1.12,2.62
2018.05.24 07:18:50.577,1.10321,1.10336,3.56,1.00
2018.05.24 07:18:50.979,1.10323,1.10337,1.69,1.00
2018.05.24 07:18:51.612,1.10323,1.10337,1.69,1.00
2018.05.24 07:18:52.185,1.10323,1.10337,1.12,1.00
2018.05.24 07:18:52.591,1.10323,1.10336,1.19,1.00
2018.05.24 07:18:53.163,1.10321,1.10336,1.50,1.00
2018.05.24 07:18:53.359,1.10323,1.10334,1.44,1.00
2018.05.24 07:18:53.412,1.10323,1.10336,1.12,1.00
2018.05.24 07:18:53.515,1.10323,1.10336,1.44,1.00
2018.05.24 07:18:54.065,1.10323,1.10335,1.69,1.00
2018.05.24 07:18:54.333,1.10323,1.10338,2.44,1.29
2018.05.24 07:18:54.853,1.10324,1.10337,3.94,1.19
2018.05.24 07:18:55.864,1.10323,1.10336,1.25,1.25
2018.05.24 07:18:56.396,1.10323,1.10336,1.44,1.25
2018.05.24 07:18:56.654,1.10326,1.10337,1.00,1.00
2018.05.24 07:18:56.812,1.10326,1.10339,1.31,1.50
2018.05.24 07:18:57.087,1.10327,1.10339,1.87,1.00
2018.05.24 07:18:57.347,1.10329,1.10343,1.25,1.69
2018.05.24 07:18:57.556,1.10327,1.10342,1.39,1.19
2018.05.24 07:18:57.815,1.10327,1.10339,1.87,1.00
2018.05.24 07:18:57.974,1.10326,1.10339,2.06,1.19
2018.05.24 07:18:58.205,1.10327,1.10339,1.19,1.25
2018.05.24 07:18:58.748,1.10328,1.10341,1.19,1.19
2018.05.24 07:18:59.250,1.10329,1.10341,1.69,1.00
2018.05.24 07:18:59.512,1.1033,1.10344,1.44,2.44
2018.05.24 07:18:59.771,1.10329,1.10342,3.37,1.25
2018.05.24 07:19:00.078,1.10329,1.10342,4.12,1.25
2018.05.24 07:19:00.129,1.10329,1.10342,4.12,1.25
2018.05.24 07:19:00.662,1.10329,1.10342,3.94,1.19
2018.05.24 07:19:00.714,1.10329,1.10337,2.25,1.00
2018.05.24 07:19:00.829,1.10327,1.10337,1.00,1.00
2018.05.24 07:19:00.883,1.10325,1.10337,1.25,1.00
2018.05.24 07:19:02.475,1.10324,1.10337,2.81,1.00
2018.05.24 07:19:02.527,1.10326,1.10338,1.19,1.00
2018.05.24 07:19:02.631,1.10326,1.10339,1.12,1.19
2018.05.24 07:19:03.164,1.10325,1.10339,2.89,1.25
2018.05.24 07:19:03.628,1.10328,1.1034,1.50,1.00
2018.05.24 07:19:04.181,1.10329,1.10341,1.19,1.00
2018.05.24 07:19:04.842,1.10329,1.10343,1.19,1.69
2018.05.24 07:19:07.341,1.10331,1.10343,1.62,1.00
2018.05.24 07:19:09.125,1.1033,1.10343,1.12,1.25
2018.05.24 07:19:09.872,1.10329,1.10342,1.50,1.00
2018.05.24 07:19:10.408,1.10328,1.10341,1.50,1.00
2018.05.24 07:19:10.670,1.10332,1.10346,1.69,1.69
2018.05.24 07:19:11.095,1.10331,1.10344,1.69,1.00
2018.05.24 07:19:11.720,1.10331,1.10345,1.69,1.00
2018.05.24 07:19:12.390,1.10332,1.10345,1.75,1.25
2018.05.24 07:19:13.624,1.10332,1.10346,2.25,1.25
2018.05.24 07:19:13.911,1.10335,1.10351,3.75,3.19
2018.05.24 07:19:14.064,1.10336,1.10351,1.75,2.44
2018.05.24 07:19:14.959,1.10336,1.1035,2.25,1.19
2018.05.24 07:19:15.470,1.10338,1.10351,1.50,1.19
2018.05.24 07:19:15.521,1.10338,1.10352,3.19,1.25
2018.05.24 07:19:15.624,1.10341,1.10355,1.50,1.76
2018.05.24 07:19:16.176,1.10341,1.10356,1.50,2.44
2018.05.24 07:19:16.649,1.10341,1.10354,2.25,1.19
2018.05.24 07:19:16.988,1.10341,1.10354,1.50,1.19
2018.05.24 07:19:17.669,1.10342,1.10355,1.25,1.25
2018.05.24 07:19:17.720,1.10342,1.10355,1.50,1.25
2018.05.24 07:19:18.237,1.10341,1.10355,1.69,1.69
2018.05.24 07:19:19.024,1.10339,1.10353,1.10,1.19
2018.05.24 07:19:19.541,1.1034,1.10353,1.00,1.19
2018.05.24 07:19:20.471,1.10341,1.10353,1.00,1.19
2018.05.24 07:19:20.522,1.10342,1.10355,1.50,1.69
2018.05.24 07:19:20.866,1.10345,1.10355,1.50,1.50
2018.05.24 07:19:21.090,1.10346,1.10358,1.50,1.01
2018.05.24 07:19:21.645,1.10346,1.10359,1.50,1.00
2018.05.24 07:19:22.218,1.10347,1.10359,1.69,1.00
2018.05.24 07:19:22.733,1.10348,1.1036,1.50,1.50
2018.05.24 07:19:23.090,1.10349,1.10362,2.51,1.25
2018.05.24 07:19:23.245,1.10352,1.10365,1.12,1.25
2018.05.24 07:19:23.297,1.10353,1.10366,2.62,1.00
2018.05.24 07:19:23.399,1.10354,1.10369,2.25,2.44
2018.05.24 07:19:23.451,1.10353,1.10368,1.20,1.19
2018.05.24 07:19:23.787,1.10351,1.10365,1.50,1.25
2018.05.24 07:19:23.839,1.10353,1.10368,1.50,2.51
2018.05.24 07:19:24.365,1.10354,1.10366,1.87,1.00
2018.05.24 07:19:24.874,1.10354,1.10368,2.62,1.19
2018.05.24 07:19:25.181,1.10353,1.10363,1.50,1.00
2018.05.24 07:19:25.713,1.10353,1.10364,1.50,1.00
2018.05.24 07:19:25.895,1.10352,1.10364,1.25,1.00
2018.05.24 07:19:26.048,1.10353,1.10364,1.69,1.00
2018.05.24 07:19:26.100,1.10356,1.10369,2.44,1.00
2018.05.24 07:19:26.152,1.10359,1.10371,1.69,1.10
2018.05.24 07:19:26.479,1.10363,1.10375,1.50,1.69
2018.05.24 07:19:27.013,1.10363,1.10375,1.50,1.19
2018.05.24 07:19:27.543,1.10362,1.10374,1.50,1.25
2018.05.24 07:19:28.086,1.10362,1.10375,2.25,1.19
2018.05.24 07:19:28.490,1.10361,1.10371,1.50,1.25
2018.05.24 07:19:28.543,1.10358,1.10371,3.94,1.00
2018.05.24 07:19:28.755,1.1036,1.10373,1.00,1.25
2018.05.24 07:19:29.261,1.1036,1.10372,1.19,1.25
2018.05.24 07:19:29.544,1.10362,1.10374,1.25,1.25
2018.05.24 07:19:29.598,1.10361,1.10374,1.00,1.19
2018.05.24 07:19:30.138,1.10361,1.10374,1.25,1.69
2018.05.24 07:19:30.396,1.10359,1.10372,1.12,1.19
2018.05.24 07:19:30.940,1.10359,1.10372,1.25,1.25
2018.05.24 07:19:31.000,1.10359,1.10372,1.25,1.19
2018.05.24 07:19:31.550,1.10355,1.10369,1.76,1.19
2018.05.24 07:19:31.657,1.10358,1.10371,1.00,1.69
2018.05.24 07:19:32.253,1.10357,1.10372,1.95,1.19
2018.05.24 07:19:32.358,1.10357,1.10372,1.95,1.25
2018.05.24 07:19:32.618,1.10358,1.10372,1.00,1.19
2018.05.24 07:19:32.882,1.10357,1.10372,1.87,1.25
2018.05.24 07:19:33.040,1.10359,1.10372,1.00,1.25
2018.05.24 07:19:33.375,1.10356,1.10369,1.76,1.25
2018.05.24 07:19:33.885,1.10356,1.10369,1.57,1.19
2018.05.24 07:19:34.394,1.10356,1.10369,1.01,1.19
2018.05.24 07:19:34.995,1.10356,1.10368,1.00,1.19
2018.05.24 07:19:35.153,1.10352,1.10365,1.00,1.19
2018.05.24 07:19:35.668,1.10351,1.10364,1.25,1.25
2018.05.24 07:19:35.774,1.10348,1.1036,1.66,1.00
2018.05.24 07:19:35.828,1.10349,1.10362,1.25,1.00
2018.05.24 07:19:36.337,1.10347,1.10362,1.87,1.00
2018.05.24 07:19:37.693,1.1035,1.10362,1.19,1.00
2018.05.24 07:19:38.012,1.10348,1.10362,1.87,1.00
2018.05.24 07:19:38.574,1.10348,1.10363,1.87,2.25
2018.05.24 07:19:39.097,1.10348,1.10363,2.44,2.25
2018.05.24 07:19:39.305,1.10348,1.10362,1.69,1.69
2018.05.24 07:19:39.849,1.10348,1.10361,3.26,1.00
2018.05.24 07:19:40.445,1.1035,1.10363,1.69,1.50
2018.05.24 07:19:40.977,1.10352,1.10365,1.00,1.00
2018.05.24 07:19:41.450,1.10353,1.10366,1.44,1.00
2018.05.24 07:19:41.939,1.10353,1.10367,3.26,1.00
2018.05.24 07:19:42.643,1.10356,1.10369,2.44,1.00
2018.05.24 07:19:43.090,1.10355,1.10367,2.06,1.00
2018.05.24 07:19:43.829,1.10356,1.10368,1.44,1.00
2018.05.24 07:19:44.203,1.10355,1.10366,1.95,1.00
2018.05.24 07:19:44.542,1.10355,1.10366,1.31,1.69
2018.05.24 07:19:44.910,1.10354,1.10366,1.19,1.00
2018.05.24 07:19:45.533,1.10354,1.10366,1.69,1.00
2018.05.24 07:19:45.929,1.10352,1.10366,1.95,1.69
2018.05.24 07:19:46.312,1.10352,1.10365,1.25,1.25
2018.05.24 07:19:47.077,1.10352,1.10363,1.25,1.00
2018.05.24 07:19:47.604,1.1035,1.10363,2.25,1.00
2018.05.24 07:19:48.148,1.1035,1.10363,1.00,1.19
2018.05.24 07:19:48.455,1.10351,1.10363,1.69,1.00
2018.05.24 07:19:49.336,1.10351,1.10363,1.25,1.25
2018.05.24 07:19:50.153,1.10351,1.10363,2.44,1.00
2018.05.24 07:19:50.722,1.10353,1.10366,1.31,1.19
2018.05.24 07:19:51.074,1.10356,1.10369,1.19,1.69
2018.05.24 07:19:51.231,1.10359,1.10369,1.00,1.25
2018.05.24 07:19:51.589,1.10357,1.1037,1.25,1.19
2018.05.24 07:19:52.262,1.10357,1.10371,1.19,1.69
2018.05.24 07:19:52.774,1.10357,1.1037,2.25,1.19
2018.05.24 07:19:53.275,1.10358,1.1037,2.25,1.19
2018.05.24 07:19:53.484,1.10358,1.1037,1.25,1.19
2018.05.24 07:19:54.012,1.10358,1.10371,1.25,1.69
2018.05.24 07:19:54.378,1.10358,1.10372,3.19,1.69
2018.05.24 07:19:55.143,1.1036,1.10371,1.12,1.00
2018.05.24 07:19:56.010,1.1036,1.10372,1.19,1.00
2018.05.24 07:19:56.300,1.10362,1.10375,2.44,1.69
2018.05.24 07:19:56.351,1.10365,1.10376,1.69,1.50
2018.05.24 07:19:56.696,1.10364,1.10374,1.00,1.00
2018.05.24 07:19:56.854,1.10358,1.10371,2.70,1.25
2018.05.24 07:19:57.013,1.10359,1.1037,1.29,1.19
2018.05.24 07:19:57.505,1.10359,1.10373,1.25,1.19
2018.05.24 07:19:58.049,1.10359,1.10369,1.19,1.00
2018.05.24 07:19:58.570,1.10359,1.1037,1.19,1.50
2018.05.24 07:19:59.102,1.10359,1.1037,1.00,1.00
2018.05.24 07:19:59.579,1.1036,1.10372,1.00,1.00
2018.05.24 07:19:59.885,1.10362,1.10375,2.44,1.00
2018.05.24 07:20:00.251,1.10365,1.10377,1.00,1.69
2018.05.24 07:20:01.007,1.10365,1.10377,1.00,1.25
2018.05.24 07:20:01.431,1.10362,1.10374,1.00,1.25
2018.05.24 07:20:01.853,1.10364,1.10376,1.50,1.19
2018.05.24 07:20:02.182,1.10366,1.10377,1.19,1.00
2018.05.24 07:20:02.288,1.10364,1.10373,1.00,1.19
2018.05.24 07:20:02.820,1.10363,1.10373,1.00,1.19
2018.05.24 07:20:03.270,1.10363,1.10375,1.50,1.69
2018.05.24 07:20:03.425,1.10363,1.10375,1.25,1.19
2018.05.24 07:20:04.124,1.10363,1.10373,1.19,1.00
2018.05.24 07:20:04.771,1.10363,1.10374,1.19,1.25
2018.05.24 07:20:05.286,1.10362,1.10376,2.44,2.44
2018.05.24 07:20:05.796,1.10363,1.10376,1.44,1.25
2018.05.24 07:20:06.335,1.10362,1.10376,1.75,2.44
2018.05.24 07:20:06.744,1.10364,1.10376,1.75,1.69
2018.05.24 07:20:06.796,1.10362,1.10376,3.00,1.19
2018.05.24 07:20:07.129,1.10366,1.10377,1.19,1.25
2018.05.24 07:20:07.488,1.10366,1.1038,3.94,1.25
2018.05.24 07:20:07.848,1.10368,1.1038,2.00,1.00
2018.05.24 07:20:07.978,1.10368,1.10382,2.00,2.25
2018.05.24 07:20:08.505,1.10368,1.10382,3.19,1.19
2018.05.24 07:20:09.104,1.10368,1.10382,3.19,1.19
2018.05.24 07:20:09.207,1.10368,1.10382,1.25,1.69
2018.05.24 07:20:09.361,1.10367,1.10379,1.25,1.19
2018.05.24 07:20:10.250,1.10366,1.1038,1.37,1.00
2018.05.24 07:20:10.303,1.10366,1.10381,4.31,1.00
2018.05.24 07:20:10.626,1.1037,1.10383,1.50,1.25
2018.05.24 07:20:11.001,1.10372,1.10386,1.75,2.44
2018.05.24 07:20:11.308,1.10374,1.10387,1.25,1.19
2018.05.24 07:20:11.359,1.10375,1.10387,1.19,1.19
2018.05.24 07:20:11.514,1.10372,1.10384,1.31,1.00
2018.05.24 07:20:11.567,1.10372,1.10385,2.44,1.00
2018.05.24 07:20:11.906,1.10372,1.10383,1.75,1.00
2018.05.24 07:20:12.468,1.10373,1.10387,1.75,2.44
2018.05.24 07:20:12.628,1.10371,1.10385,3.19,1.00
2018.05.24 07:20:12.782,1.10374,1.10387,1.75,1.26
2018.05.24 07:20:13.080,1.10375,1.10388,1.44,1.00
2018.05.24 07:20:13.895,1.10377,1.10389,1.50,1.69
2018.05.24 07:20:14.050,1.10375,1.10387,1.69,1.00
2018.05.24 07:20:14.209,1.10374,1.10388,1.25,1.19
2018.05.24 07:20:14.264,1.10374,1.10388,2.25,2.44
2018.05.24 07:20:14.415,1.10373,1.10387,1.19,1.19
2018.05.24 07:20:14.518,1.10372,1.10385,1.25,1.19
2018.05.24 07:20:14.824,1.10372,1.10387,2.25,1.31
2018.05.24 07:20:15.019,1.10372,1.10387,1.45,1.00
2018.05.24 07:20:15.153,1.10376,1.10389,1.75,1.69
2018.05.24 07:20:15.462,1.10382,1.10389,1.00,1.00
2018.05.24 07:20:15.620,1.1038,1.1039,1.00,1.00
2018.05.24 07:20:15.738,1.10382,1.10391,1.00,1.25
2018.05.24 07:20:16.052,1.10384,1.10392,1.00,1.25
2018.05.24 07:20:16.156,1.10379,1.10392,1.75,1.19
2018.05.24 07:20:16.685,1.1038,1.10391,1.00,1.25
2018.05.24 07:20:17.231,1.1038,1.10392,1.00,1.25
2018.05.24 07:20:17.509,1.1038,1.10393,1.75,1.19
2018.05.24 07:20:18.006,1.10379,1.10392,1.50,1.00
2018.05.24 07:20:18.121,1.10376,1.10387,4.76,1.00
2018.05.24 07:20:18.231,1.10376,1.10387,1.25,1.00
2018.05.24 07:20:18.338,1.10376,1.1039,2.44,1.00
2018.05.24 07:20:18.497,1.10376,1.1039,1.85,1.19
2018.05.24 07:20:18.786,1.10374,1.10386,1.57,1.00
2018.05.24 07:20:18.892,1.10375,1.10389,1.50,1.25
2018.05.24 07:20:19.437,1.10375,1.10387,3.19,1.00
2018.05.24 07:20:19.491,1.10375,1.10389,2.00,1.00
2018.05.24 07:20:20.107,1.10375,1.10388,2.25,1.25
2018.05.24 07:20:20.620,1.10375,1.10388,2.25,1.19
2018.05.24 07:20:20.671,1.10374,1.10388,2.51,1.00
2018.05.24 07:20:20.774,1.10374,1.10386,1.95,1.00
2018.05.24 07:20:20.990,1.10371,1.10384,1.69,1.00
2018.05.24 07:20:21.493,1.10371,1.10384,1.37,1.00
2018.05.24 07:20:21.878,1.1037,1.10383,1.69,1.19
2018.05.24 07:20:22.407,1.1037,1.10384,1.20,1.69
2018.05.24 07:20:23.019,1.10371,1.10384,1.25,1.19
2018.05.24 07:20:23.130,1.10371,1.10384,1.25,1.25
2018.05.24 07:20:23.668,1.10371,1.10386,1.87,1.69
2018.05.24 07:20:24.315,1.10371,1.10386,1.69,1.69
2018.05.24 07:20:24.503,1.10371,1.10386,1.87,1.69
2018.05.24 07:20:25.018,1.10371,1.10386,2.44,1.25
2018.05.24 07:20:25.071,1.10371,1.10386,1.69,2.44
2018.05.24 07:20:25.383,1.10372,1.10386,1.69,1.19
2018.05.24 07:20:25.898,1.10373,1.10388,1.87,1.69
2018.05.24 07:20:26.538,1.10372,1.10387,2.51,1.69
2018.05.24 07:20:26.591,1.10372,1.10386,1.95,1.19
2018.05.24 07:20:26.645,1.10372,1.10386,2.51,1.19
2018.05.24 07:20:26.698,1.10372,1.10388,1.95,1.69
2018.05.24 07:20:26.960,1.10373,1.10388,1.69,1.29
2018.05.24 07:20:27.013,1.10374,1.10389,1.44,1.76
2018.05.24 07:20:27.533,1.10374,1.1039,1.12,2.44
2018.05.24 07:20:27.652,1.10374,1.1039,1.37,2.44
2018.05.24 07:20:28.227,1.10374,1.10388,1.44,1.19
2018.05.24 07:20:29.076,1.10372,1.10388,2.62,1.29
2018.05.24 07:20:29.706,1.10373,1.10389,2.44,2.44
2018.05.24 07:20:31.083,1.10373,1.10389,2.89,2.44
2018.05.24 07:20:31.338,1.10374,1.10389,1.12,2.44
2018.05.24 07:20:31.427,1.10374,1.10389,1.44,2.44
2018.05.24 07:20:31.581,1.10374,1.10389,1.01,2.44
2018.05.24 07:20:32.089,1.10374,1.10389,1.20,2.44
2018.05.24 07:20:32.675,1.10374,1.10389,1.69,1.00
2018.05.24 07:20:32.931,1.10376,1.10391,1.87,1.69
2018.05.24 07:20:34.058,1.10377,1.10391,1.87,1.19
2018.05.24 07:20:34.570,1.10377,1.10392,1.44,4.01
2018.05.24 07:20:35.085,1.10377,1.10392,1.37,2.44
2018.05.24 07:20:35.397,1.10378,1.10392,1.50,1.19
2018.05.24 07:20:35.450,1.10377,1.10391,1.19,1.19
2018.05.24 07:20:36.017,1.10377,1.10392,1.25,1.69
2018.05.24 07:20:37.359,1.10377,1.10392,1.12,1.69
2018.05.24 07:20:37.515,1.10379,1.10392,1.44,1.10
2018.05.24 07:20:37.698,1.10378,1.10392,1.69,1.25
2018.05.24 07:20:37.854,1.10377,1.10392,1.69,1.69
2018.05.24 07:20:38.503,1.10375,1.10392,2.62,1.19
2018.05.24 07:20:38.917,1.10378,1.10393,1.87,1.76
2018.05.24 07:20:39.481,1.10379,1.10393,1.87,1.00
2018.05.24 07:20:39.805,1.10378,1.10393,1.87,1.69
2018.05.24 07:20:40.514,1.10378,1.10393,1.69,2.44
2018.05.24 07:20:41.041,1.10378,1.10393,1.87,1.69
2018.05.24 07:20:41.401,1.10378,1.10393,2.44,1.69
2018.05.24 07:20:42.078,1.10378,1.10393,1.87,1.69
2018.05.24 07:20:42.197,1.10379,1.10393,1.19,1.19
2018.05.24 07:20:42.722,1.10379,1.10393,1.19,1.19
2018.05.24 07:20:43.921,1.10378,1.10393,1.44,1.69
2018.05.24 07:20:44.227,1.10376,1.10392,5.51,1.19
2018.05.24 07:20:44.770,1.10376,1.10391,1.87,1.69
2018.05.24 07:20:45.701,1.10375,1.1039,2.44,1.25
2018.05.24 07:20:46.277,1.10377,1.1039,1.19,1.25
2018.05.24 07:20:46.805,1.10376,1.1039,1.69,1.19
2018.05.24 07:20:47.316,1.10376,1.1039,1.44,1.19
2018.05.24 07:20:47.933,1.10375,1.1039,2.44,1.69
2018.05.24 07:20:49.148,1.10377,1.10392,1.87,1.69
2018.05.24 07:20:49.711,1.10378,1.10391,1.44,1.00
2018.05.24 07:20:49.763,1.10378,1.10391,1.12,1.00
2018.05.24 07:20:50.173,1.10379,1.10391,1.69,1.00
2018.05.24 07:20:50.519,1.10381,1.10394,1.25,1.25
2018.05.24 07:20:50.724,1.1038,1.10394,1.25,1.69
2018.05.24 07:20:51.134,1.1038,1.10395,1.44,2.44
2018.05.24 07:20:51.589,1.1038,1.10395,1.76,2.44
2018.05.24 07:20:52.712,1.1038,1.10395,1.47,2.25
2018.05.24 07:20:53.235,1.1038,1.10395,1.76,2.44
2018.05.24 07:20:53.772,1.1038,1.10395,1.76,2.44
2018.05.24 07:20:54.400,1.1038,1.10395,1.20,2.44
2018.05.24 07:20:55.390,1.1038,1.10395,1.76,2.44
2018.05.24 07:20:55.929,1.1038,1.10394,4.01,1.00
2018.05.24 07:20:56.735,1.10381,1.10394,1.69,1.00
2018.05.24 07:20:57.258,1.10381,1.10396,2.06,1.19
2018.05.24 07:20:57.795,1.10382,1.10396,1.19,1.19
2018.05.24 07:20:58.695,1.10383,1.10395,1.50,1.00
2018.05.24 07:20:59.217,1.10383,1.10396,1.37,1.00
2018.05.24 07:21:00.131,1.10382,1.10395,2.44,1.00
2018.05.24 07:21:00.674,1.10382,1.10396,2.00,1.25
2018.05.24 07:21:00.779,1.10382,1.10396,1.25,1.69
2018.05.24 07:21:00.833,1.1038,1.10394,1.20,1.50
2018.05.24 07:21:01.169,1.10378,1.10391,2.81,1.25
2018.05.24 07:21:01.686,1.10377,1.10391,2.44,1.25
2018.05.24 07:21:02.233,1.10377,1.1039,1.12,1.25
2018.05.24 07:21:02.774,1.10375,1.10389,2.44,1.25
2018.05.24 07:21:03.196,1.10373,1.10386,1.20,1.00
2018.05.24 07:21:03.601,1.10373,1.10387,1.62,1.50
2018.05.24 07:21:03.926,1.10377,1.10389,1.44,1.50
2018.05.24 07:21:04.320,1.10376,1.10388,1.25,1.19
2018.05.24 07:21:04.534,1.10373,1.10385,1.00,1.25
2018.05.24 07:21:04.867,1.1037,1.10385,1.19,2.14
2018.05.24 07:21:05.073,1.10363,1.1038,2.62,2.89
2018.05.24 07:21:05.621,1.10362,1.10375,2.00,1.25
2018.05.24 07:21:05.674,1.10362,1.10375,1.19,1.01
2018.05.24 07:21:06.041,1.10364,1.10377,1.19,1.20
2018.05.24 07:21:06.095,1.10364,1.10377,1.44,1.00
2018.05.24 07:21:06.148,1.10365,1.10377,1.19,1.00
2018.05.24 07:21:06.485,1.10363,1.10377,1.37,1.00
2018.05.24 07:21:06.540,1.10366,1.10378,1.44,1.07
2018.05.24 07:21:06.753,1.10365,1.10379,1.69,1.69
2018.05.24 07:21:06.859,1.10363,1.10377,1.19,2.44
2018.05.24 07:21:07.171,1.1036,1.10375,3.94,1.20
2018.05.24 07:21:07.223,1.10361,1.10376,1.69,1.07
2018.05.24 07:21:07.696,1.10358,1.10374,3.19,1.19
2018.05.24 07:21:07.749,1.10361,1.10374,2.25,1.00
2018.05.24 07:21:08.259,1.10361,1.10375,1.44,1.07
2018.05.24 07:21:08.816,1.10363,1.10376,1.00,1.01
2018.05.24 07:21:09.133,1.10364,1.10377,1.69,1.39
2018.05.24 07:21:09.238,1.10364,1.10378,1.69,1.10
2018.05.24 07:21:09.928,1.10365,1.10379,3.19,1.19
2018.05.24 07:21:10.034,1.10367,1.10379,2.25,1.00
2018.05.24 07:21:10.140,1.10367,1.10381,2.44,1.01
2018.05.24 07:21:10.553,1.10366,1.10381,3.19,1.69
2018.05.24 07:21:11.185,1.10367,1.10381,1.50,1.29
2018.05.24 07:21:11.493,1.1037,1.10381,2.00,1.00
2018.05.24 07:21:11.595,1.10372,1.10386,1.19,1.76
2018.05.24 07:21:11.731,1.10373,1.10383,1.50,1.00
2018.05.24 07:21:12.285,1.10372,1.10384,1.50,1.00
2018.05.24 07:21:12.336,1.10371,1.10384,1.19,1.00
2018.05.24 07:21:12.600,1.10371,1.10384,1.75,1.19
2018.05.24 07:21:12.651,1.1037,1.10384,1.50,1.00
2018.05.24 07:21:13.009,1.10372,1.10384,1.75,1.00
2018.05.24 07:21:13.232,1.1037,1.10384,1.10,1.69
2018.05.24 07:21:13.285,1.1037,1.10384,2.51,1.25
2018.05.24 07:21:13.593,1.10372,1.10384,1.50,1.00
2018.05.24 07:21:13.644,1.1037,1.10384,1.69,1.00
2018.05.24 07:21:13.916,1.10372,1.10385,1.75,1.19
2018.05.24 07:21:14.022,1.10369,1.10385,2.51,1.69
2018.05.24 07:21:14.076,1.10372,1.10384,1.75,1.00
2018.05.24 07:21:14.233,1.10373,1.10387,1.75,1.01
2018.05.24 07:21:14.737,1.10373,1.10387,1.75,1.29
2018.05.24 07:21:14.992,1.10372,1.10384,1.94,1.00
2018.05.24 07:21:15.291,1.10374,1.10388,2.44,1.19
2018.05.24 07:21:15.345,1.10376,1.10389,1.50,1.50
2018.05.24 07:21:15.762,1.10374,1.10389,1.76,1.25
2018.05.24 07:21:16.092,1.10376,1.1039,1.75,1.69
2018.05.24 07:21:17.082,1.10377,1.1039,1.75,1.69
2018.05.24 07:21:17.611,1.10377,1.10391,1.50,1.19
2018.05.24 07:21:18.113,1.10376,1.1039,1.25,1.19
2018.05.24 07:21:18.164,1.10378,1.1039,1.19,1.00
2018.05.24 07:21:18.665,1.10377,1.1039,2.00,1.00
2018.05.24 07:21:19.190,1.10378,1.10389,1.19,1.00
2018.05.24 07:21:19.535,1.10378,1.1039,2.44,1.00
2018.05.24 07:21:20.043,1.1038,1.10389,1.19,1.00
2018.05.24 07:21:20.353,1.10378,1.10389,1.69,1.00
2018.05.24 07:21:21.380,1.10375,1.10389,2.51,1.19
2018.05.24 07:21:21.561,1.10374,1.10386,2.14,1.00
2018.05.24 07:21:22.356,1.10375,1.10386,1.69,1.00
2018.05.24 07:21:22.879,1.10377,1.10386,1.19,1.00
2018.05.24 07:21:24.066,1.10375,1.10386,2.06,1.00
2018.05.24 07:21:24.274,1.10378,1.10386,1.75,1.00
2018.05.24 07:21:24.815,1.10378,1.10386,1.50,1.00
2018.05.24 07:21:25.333,1.10377,1.10386,1.69,1.00
2018.05.24 07:21:25.559,1.10377,1.10388,2.44,1.00
2018.05.24 07:21:26.396,1.10377,1.10387,1.31,1.00
2018.05.24 07:21:26.972,1.10378,1.10387,1.62,1.00
2018.05.24 07:21:28.063,1.10377,1.10387,2.06,1.00
2018.05.24 07:21:28.569,1.10378,1.10387,1.62,1.00
2018.05.24 07:21:29.195,1.10377,1.10387,1.19,1.00
2018.05.24 07:21:30.095,1.10376,1.10387,3.19,1.00
2018.05.24 07:21:30.628,1.10377,1.10387,2.44,1.00
2018.05.24 07:21:30.937,1.10379,1.10387,1.19,1.00
2018.05.24 07:21:31.522,1.10379,1.10387,1.94,1.00
2018.05.24 07:21:31.645,1.10382,1.10391,2.44,1.00
2018.05.24 07:21:31.910,1.10382,1.10391,1.50,1.00
2018.05.24 07:21:32.127,1.10382,1.10391,2.81,1.00
2018.05.24 07:21:32.639,1.10383,1.10391,1.19,1.00
2018.05.24 07:21:33.340,1.10386,1.10391,1.00,1.00
2018.05.24 07:21:33.653,1.10388,1.10392,1.00,1.00
2018.05.24 07:21:33.789,1.10388,1.10393,1.00,1.00
2018.05.24 07:21:34.509,1.10387,1.10393,1.00,1.00
2018.05.24 07:21:34.562,1.10385,1.10393,1.25,1.00
2018.05.24 07:21:35.098,1.10386,1.10393,1.25,1.00
2018.05.24 07:21:35.625,1.10387,1.10393,1.00,1.00
2018.05.24 07:21:35.872,1.10385,1.10393,1.25,1.00
2018.05.24 07:21:36.408,1.10382,1.10392,1.25,1.00
2018.05.24 07:21:37.048,1.10381,1.10392,1.12,1.00
2018.05.24 07:21:37.207,1.10383,1.10392,1.25,1.00
2018.05.24 07:21:37.908,1.10383,1.10392,1.44,1.00
2018.05.24 07:21:38.419,1.10383,1.10392,1.50,1.00
2018.05.24 07:21:40.894,1.10385,1.10395,1.25,1.00
2018.05.24 07:21:41.687,1.10386,1.10395,1.00,1.00
2018.05.24 07:21:42.324,1.10385,1.10395,1.69,1.00
2018.05.24 07:21:42.832,1.10385,1.10395,1.19,1.00
2018.05.24 07:21:44.454,1.10385,1.10395,1.00,1.00
2018.05.24 07:21:47.087,1.10383,1.10395,2.00,1.00
2018.05.24 07:21:47.665,1.10384,1.10393,1.19,1.00
2018.05.24 07:21:48.125,1.10383,1.10393,1.19,1.00
2018.05.24 07:21:48.702,1.10385,1.10393,1.00,1.00
2018.05.24 07:21:49.207,1.10386,1.10393,1.00,1.00
2018.05.24 07:21:50.086,1.10385,1.1039,1.00,1.00
2018.05.24 07:21:50.137,1.10382,1.1039,1.00,1.00
2018.05.24 07:21:50.189,1.10381,1.10388,1.00,1.00
2018.05.24 07:21:51.415,1.10379,1.10388,1.00,1.25
2018.05.24 07:21:51.606,1.10377,1.10388,1.00,1.69
2018.05.24 07:21:52.261,1.10378,1.10388,1.00,1.50
2018.05.24 07:21:52.507,1.1038,1.10388,1.00,1.00
2018.05.24 07:21:52.560,1.10378,1.10388,1.00,1.25
2018.05.24 07:21:52.612,1.1038,1.10388,1.00,1.25
2018.05.24 07:21:53.371,1.10379,1.10388,1.00,1.00
2018.05.24 07:21:54.010,1.10378,1.10388,1.00,1.00
2018.05.24 07:21:54.905,1.10376,1.10388,1.31,1.00
2018.05.24 07:21:55.444,1.10377,1.10388,1.50,1.00
2018.05.24 07:21:55.965,1.10378,1.10388,1.00,1.00
2018.05.24 07:21:57.623,1.10378,1.10388,1.69,1.00
2018.05.24 07:21:58.420,1.10378,1.10388,1.25,1.00
2018.05.24 07:21:58.930,1.10378,1.1039,1.50,1.29
2018.05.24 07:21:59.450,1.10378,1.1039,1.19,1.25
2018.05.24 07:22:00.047,1.10379,1.1039,1.50,1.00
2018.05.24 07:22:00.560,1.10379,1.1039,2.44,1.00
2018.05.24 07:22:00.924,1.1038,1.10392,2.44,1.00
2018.05.24 07:22:01.428,1.10382,1.10392,1.19,1.00
2018.05.24 07:22:01.481,1.1038,1.10392,2.44,1.00
2018.05.24 07:22:01.640,1.10381,1.10392,2.44,1.00
2018.05.24 07:22:01.693,1.10381,1.10394,1.50,1.00
2018.05.24 07:22:01.800,1.1038,1.10393,2.25,1.19
2018.05.24 07:22:02.309,1.10379,1.1039,3.94,1.00
2018.05.24 07:22:03.672,1.10379,1.1039,1.69,1.00
2018.05.24 07:22:04.363,1.10379,1.1039,1.69,1.00
2018.05.24 07:22:04.882,1.10379,1.1039,1.69,1.00
2018.05.24 07:22:05.537,1.10379,1.1039,1.87,1.00
2018.05.24 07:22:06.419,1.10379,1.1039,1.69,1.00
2018.05.24 07:22:06.746,1.1038,1.1039,1.19,1.00
2018.05.24 07:22:06.799,1.10381,1.10394,1.25,1.25
2018.05.24 07:22:07.007,1.10381,1.10394,1.19,1.19
2018.05.24 07:22:07.355,1.10379,1.10393,1.00,1.19
2018.05.24 07:22:07.865,1.1038,1.10391,1.00,1.25
2018.05.24 07:22:08.374,1.10379,1.10391,3.19,1.00
2018.05.24 07:22:08.915,1.10381,1.10391,1.19,1.00
2018.05.24 07:22:09.229,1.10383,1.10395,1.25,1.00
2018.05.24 07:22:09.767,1.10384,1.10395,1.00,1.00
2018.05.24 07:22:10.756,1.10382,1.10394,2.25,1.19
2018.05.24 07:22:11.050,1.10381,1.10394,2.25,1.19
2018.05.24 07:22:11.511,1.10377,1.10391,3.75,1.19
2018.05.24 07:22:11.818,1.10377,1.10388,1.25,1.00
2018.05.24 07:22:13.091,1.10376,1.10386,1.00,1.50
2018.05.24 07:22:13.144,1.10372,1.10384,1.19,1.00
2018.05.24 07:22:13.197,1.1037,1.1038,1.25,1.00
2018.05.24 07:22:13.712,1.10369,1.1038,1.50,1.00
2018.05.24 07:22:14.355,1.10369,1.1038,1.69,1.00
2018.05.24 07:22:15.048,1.10369,1.1038,1.44,1.00
2018.05.24 07:22:16.087,1.10369,1.1038,2.44,1.00
2018.05.24 07:22:16.636,1.10369,1.1038,1.44,1.00
2018.05.24 07:22:17.239,1.10368,1.1038,1.37,1.00
2018.05.24 07:22:17.771,1.10368,1.1038,2.44,1.00
2018.05.24 07:22:19.301,1.10368,1.1038,1.50,1.19
2018.05.24 07:22:19.355,1.10367,1.10378,1.50,1.00
2018.05.24 07:22:20.306,1.10364,1.10378,5.44,1.00
2018.05.24 07:22:20.828,1.10365,1.10378,1.69,1.00
2018.05.24 07:22:21.447,1.10368,1.10378,1.19,1.00
2018.05.24 07:22:23.203,1.10368,1.10378,1.19,1.00
2018.05.24 07:22:24.416,1.10368,1.10378,1.25,1.00
2018.05.24 07:22:25.461,1.1037,1.10378,1.19,1.00
2018.05.24 07:22:26.458,1.10369,1.1038,1.25,1.19
2018.05.24 07:22:27.008,1.10366,1.1038,2.44,1.00
2018.05.24 07:22:27.112,1.10368,1.1038,1.19,1.00
2018.05.24 07:22:27.537,1.10366,1.10378,1.76,1.00
2018.05.24 07:22:28.239,1.10368,1.10378,2.00,1.00
2018.05.24 07:22:32.599,1.10369,1.10378,1.25,1.00
2018.05.24 07:22:33.190,1.1037,1.10378,1.00,1.00
2018.05.24 07:22:33.824,1.10371,1.10378,1.00,1.00
2018.05.24 07:22:34.344,1.10368,1.10378,1.69,1.00
2018.05.24 07:22:34.924,1.10368,1.10378,1.69,1.00
2018.05.24 07:22:36.152,1.10367,1.10378,1.69,1.00
2018.05.24 07:22:38.765,1.10366,1.10377,1.75,1.25
2018.05.24 07:22:39.264,1.1037,1.10378,1.00,1.50
2018.05.24 07:22:39.803,1.10368,1.10378,1.19,1.50
2018.05.24 07:22:43.177,1.10369,1.10378,1.19,1.00
2018.05.24 07:22:43.711,1.10369,1.10379,1.19,1.00
2018.05.24 07:22:43.815,1.10366,1.10379,1.69,1.00
2018.05.24 07:22:44.586,1.10367,1.10379,1.19,1.00
2018.05.24 07:22:44.771,1.10368,1.10377,1.69,1.00
2018.05.24 07:22:44.823,1.1037,1.10381,1.75,1.00
2018.05.24 07:22:45.030,1.10372,1.10383,1.19,1.07
2018.05.24 07:22:45.187,1.10372,1.10385,1.19,1.50
2018.05.24 07:22:45.725,1.10373,1.10385,1.94,1.00
2018.05.24 07:22:46.261,1.10372,1.10386,2.00,1.00
2018.05.24 07:22:46.772,1.10374,1.10387,1.50,2.25
2018.05.24 07:22:47.451,1.10374,1.10387,1.19,1.00
2018.05.24 07:22:47.998,1.10374,1.10387,1.69,1.00
2018.05.24 07:22:48.560,1.10373,1.10387,2.51,1.19
2018.05.24 07:22:49.064,1.10373,1.10387,3.19,1.19
2018.05.24 07:22:49.187,1.10372,1.10387,2.44,1.69
2018.05.24 07:22:49.240,1.10372,1.10384,1.50,1.00
2018.05.24 07:22:49.553,1.1037,1.10377,1.00,1.25
2018.05.24 07:22:49.766,1.10364,1.10375,1.00,2.44
2018.05.24 07:22:49.818,1.10364,1.10374,1.00,2.44
2018.05.24 07:22:49.922,1.10359,1.10374,1.69,4.01
2018.05.24 07:22:50.471,1.10359,1.10374,1.69,2.25
2018.05.24 07:22:50.874,1.1036,1.10374,2.81,1.00
2018.05.24 07:22:51.714,1.10361,1.10374,1.50,1.00
2018.05.24 07:22:52.149,1.10359,1.10373,2.14,1.19
2018.05.24 07:22:52.200,1.10358,1.10373,1.95,1.69
2018.05.24 07:22:52.802,1.10358,1.10373,1.37,1.69
2018.05.24 07:22:53.162,1.10356,1.1037,1.29,1.50
2018.05.24 07:22:53.677,1.10356,1.10369,1.44,1.00
2018.05.24 07:22:54.221,1.10355,1.10369,1.37,1.69
2018.05.24 07:22:54.707,1.10353,1.10368,1.12,1.69
2018.05.24 07:22:54.761,1.10353,1.10367,2.44,1.00
2018.05.24 07:22:55.218,1.10352,1.10368,1.37,1.76
2018.05.24 07:22:55.372,1.10351,1.10366,4.39,1.00
2018.05.24 07:22:55.678,1.10351,1.10367,3.64,1.50
2018.05.24 07:22:56.273,1.10352,1.10367,1.69,2.25
2018.05.24 07:22:56.811,1.10354,1.10367,1.19,1.50
2018.05.24 07:22:57.100,1.10354,1.10369,1.37,1.69
2018.05.24 07:22:57.227,1.10356,1.1037,1.69,1.19
2018.05.24 07:22:57.749,1.10357,1.10372,2.44,1.50
2018.05.24 07:22:58.145,1.1036,1.10374,1.94,1.69
2018.05.24 07:22:58.196,1.10359,1.10374,1.69,1.50
2018.05.24 07:22:58.248,1.10359,1.10372,1.37,1.00
2018.05.24 07:22:58.409,1.10361,1.10375,1.69,1.01
2018.05.24 07:22:58.924,1.10361,1.10374,1.19,1.69
2018.05.24 07:22:59.179,1.10359,1.10372,2.25,1.00
2018.05.24 07:22:59.231,1.10358,1.10372,1.20,1.69
2018.05.24 07:22:59.436,1.10358,1.10371,2.00,1.25
2018.05.24 07:22:59.589,1.10357,1.10371,3.26,1.25
2018.05.24 07:23:00.111,1.10357,1.10371,1.19,1.69
2018.05.24 07:23:00.943,1.10357,1.1037,1.19,1.50
2018.05.24 07:23:01.198,1.10354,1.10367,1.25,1.19
2018.05.24 07:23:01.763,1.10351,1.10365,2.51,1.00
2018.05.24 07:23:02.295,1.10351,1.10365,3.94,1.00
2018.05.24 07:23:02.934,1.10351,1.10365,4.69,1.50
2018.05.24 07:23:04.206,1.10352,1.10365,1.50,1.50
2018.05.24 07:23:05.019,1.10352,1.10365,1.69,1.50
2018.05.24 07:23:05.126,1.10349,1.10363,2.89,1.00
2018.05.24 07:23:05.179,1.10349,1.10363,2.70,1.00
2018.05.24 07:23:05.541,1.10349,1.10361,1.87,1.00
2018.05.24 07:23:05.827,1.1035,1.10364,1.69,2.44
2018.05.24 07:23:06.093,1.10351,1.10364,2.44,1.00
2018.05.24 07:23:06.145,1.10353,1.10367,1.44,1.10
2018.05.24 07:23:06.660,1.10352,1.10364,1.19,1.00
2018.05.24 07:23:06.713,1.1035,1.10364,2.51,1.00
2018.05.24 07:23:06.816,1.10349,1.10362,1.20,1.25
2018.05.24 07:23:06.970,1.10347,1.10361,1.44,1.00
2018.05.24 07:23:07.271,1.10346,1.10359,1.69,1.00
2018.05.24 07:23:07.378,1.10346,1.10358,1.87,1.00
2018.05.24 07:23:07.532,1.10346,1.10356,2.44,1.00
2018.05.24 07:23:07.817,1.10344,1.10356,1.69,1.00
2018.05.24 07:23:08.346,1.10344,1.10357,1.12,1.25
2018.05.24 07:23:08.880,1.10343,1.10358,2.89,1.25
2018.05.24 07:23:09.037,1.10344,1.10357,1.00,1.19
2018.05.24 07:23:09.194,1.10343,1.10358,2.06,1.00
2018.05.24 07:23:10.221,1.10343,1.10359,1.62,2.44
2018.05.24 07:23:10.376,1.10343,1.10359,1.57,2.44
2018.05.24 07:23:10.925,1.10343,1.10358,1.25,1.69
2018.05.24 07:23:11.433,1.10343,1.10358,1.19,1.69
2018.05.24 07:23:11.979,1.10343,1.10358,1.37,1.00
2018.05.24 07:23:14.043,1.10344,1.10358,1.19,1.25
2018.05.24 07:23:14.774,1.10344,1.1036,1.69,3.26
2018.05.24 07:23:15.459,1.10344,1.10359,1.50,2.44
2018.05.24 07:23:15.835,1.10344,1.10356,1.25,1.00
2018.05.24 07:23:16.160,1.10344,1.10357,2.25,1.25
2018.05.24 07:23:16.834,1.10344,1.10359,3.26,1.50
2018.05.24 07:23:17.131,1.10345,1.10357,1.50,1.25
2018.05.24 07:23:17.654,1.10344,1.10356,2.25,1.00
2018.05.24 07:23:18.048,1.10344,1.10356,1.25,1.19
2018.05.24 07:23:18.587,1.10343,1.10354,1.25,1.00
2018.05.24 07:23:18.640,1.10343,1.10355,2.25,1.00
2018.05.24 07:23:19.146,1.10342,1.10354,3.75,1.25
2018.05.24 07:23:19.680,1.10342,1.10355,3.94,1.00
2018.05.24 07:23:20.072,1.10347,1.10356,1.00,1.00
2018.05.24 07:23:20.598,1.10347,1.10357,1.00,1.00
2018.05.24 07:23:21.116,1.10347,1.10358,1.00,1.00
2018.05.24 07:23:21.940,1.10347,1.10359,1.00,1.69
2018.05.24 07:23:22.251,1.10351,1.10361,1.00,1.00
2018.05.24 07:23:22.303,1.10351,1.10363,1.00,1.00
2018.05.24 07:23:22.600,1.10353,1.10365,1.00,1.00
2018.05.24 07:23:23.203,1.10353,1.10363,1.00,1.00
2018.05.24 07:23:23.791,1.10353,1.10365,1.25,1.00
2018.05.24 07:23:23.895,1.10353,1.10363,1.25,1.00
2018.05.24 07:23:24.237,1.10353,1.10365,1.00,1.00
2018.05.24 07:23:24.395,1.10353,1.10362,1.00,1.00
2018.05.24 07:23:24.553,1.10352,1.10364,1.00,1.00
2018.05.24 07:23:24.942,1.10352,1.10362,1.00,1.00
2018.05.24 07:23:25.498,1.10352,1.1036,1.00,1.00
2018.05.24 07:23:25.549,1.1035,1.1036,1.25,1.00
2018.05.24 07:23:25.600,1.1035,1.10362,1.29,1.25
2018.05.24 07:23:26.118,1.1035,1.10362,1.25,1.25
2018.05.24 07:23:26.822,1.10351,1.10363,1.19,1.00
2018.05.24 07:23:27.032,1.1035,1.10362,1.00,1.25
2018.05.24 07:23:27.139,1.10347,1.10359,1.07,1.00
2018.05.24 07:23:28.414,1.1035,1.1036,1.00,1.69
2018.05.24 07:23:28.632,1.1035,1.10363,1.00,1.50
2018.05.24 07:23:29.104,1.1035,1.10363,2.25,1.50
2018.05.24 07:23:29.610,1.1035,1.10363,1.31,1.50
2018.05.24 07:23:30.502,1.1035,1.10362,1.31,1.00
2018.05.24 07:23:30.772,1.10346,1.10357,1.69,1.00
2018.05.24 07:23:31.029,1.10345,1.10359,1.44,1.00
2018.05.24 07:23:31.562,1.10345,1.10359,1.87,1.00
2018.05.24 07:23:31.974,1.10345,1.10359,1.87,1.00
2018.05.24 07:23:32.025,1.10346,1.10359,1.19,1.00
2018.05.24 07:23:32.077,1.10346,1.10358,1.25,1.00
2018.05.24 07:23:33.114,1.10346,1.10358,1.19,1.00
2018.05.24 07:23:33.964,1.10346,1.10358,1.25,1.00
2018.05.24 07:23:35.056,1.10345,1.10357,1.19,1.25
2018.05.24 07:23:35.490,1.10344,1.10354,1.50,1.00
2018.05.24 07:23:35.634,1.10345,1.10358,1.19,1.50
2018.05.24 07:23:36.180,1.10346,1.10358,1.19,1.50
2018.05.24 07:23:36.283,1.10346,1.10356,1.19,1.00
2018.05.24 07:23:36.686,1.10346,1.10358,1.44,1.50
2018.05.24 07:23:37.203,1.10346,1.10358,1.12,1.50
2018.05.24 07:23:38.172,1.10346,1.10357,1.69,1.00
2018.05.24 07:23:38.758,1.10346,1.10358,1.69,1.00
2018.05.24 07:23:39.361,1.10346,1.10357,1.69,1.00
2018.05.24 07:23:39.744,1.10347,1.10358,2.25,1.00
2018.05.24 07:23:40.267,1.10348,1.10359,1.19,1.00
2018.05.24 07:23:40.441,1.10348,1.10361,1.19,1.25
2018.05.24 07:23:41.479,1.10349,1.10361,2.25,1.00
2018.05.24 07:23:42.065,1.10351,1.1036,1.00,1.00
2018.05.24 07:23:42.170,1.10351,1.10362,1.25,1.50
2018.05.24 07:23:42.699,1.1035,1.10362,1.19,1.50
2018.05.24 07:23:42.855,1.1035,1.10362,1.25,1.50
2018.05.24 07:23:43.390,1.10349,1.10361,2.44,1.00
2018.05.24 07:23:43.896,1.10349,1.10361,2.44,1.00
2018.05.24 07:23:44.016,1.10351,1.10364,1.25,1.69
2018.05.24 07:23:44.367,1.10351,1.10365,2.25,1.00
2018.05.24 07:23:44.878,1.10351,1.10365,1.19,1.00
2018.05.24 07:23:44.982,1.1035,1.10365,1.20,1.00
2018.05.24 07:23:45.158,1.10351,1.10364,1.87,1.00
2018.05.24 07:23:45.856,1.10351,1.10364,1.95,1.00
2018.05.24 07:23:46.319,1.10353,1.10364,1.00,1.00
2018.05.24 07:23:46.523,1.10355,1.10367,1.00,1.00
2018.05.24 07:23:46.845,1.10354,1.10363,1.50,1.00
2018.05.24 07:23:47.076,1.10354,1.10365,1.25,1.00
2018.05.24 07:23:47.588,1.10353,1.10364,1.00,1.00
2018.05.24 07:23:47.639,1.10353,1.10362,1.00,1.25
2018.05.24 07:23:48.168,1.10353,1.10363,1.00,1.00
2018.05.24 07:23:48.596,1.10353,1.10365,1.00,1.00
2018.05.24 07:23:48.936,1.10353,1.10362,1.00,1.00
2018.05.24 07:23:48.988,1.10353,1.10365,1.00,1.00
2018.05.24 07:23:49.247,1.10353,1.10363,1.00,1.00
2018.05.24 07:23:49.751,1.10352,1.10362,1.00,1.00
2018.05.24 07:23:50.292,1.10352,1.10363,1.00,1.25
2018.05.24 07:23:50.822,1.10352,1.10363,1.00,1.19
2018.05.24 07:23:51.377,1.10352,1.10363,1.00,1.25
2018.05.24 07:23:54.117,1.10352,1.10362,1.25,1.00
2018.05.24 07:23:55.338,1.10353,1.10363,1.00,1.00
2018.05.24 07:23:56.100,1.10352,1.10363,1.69,1.00
2018.05.24 07:23:56.391,1.10352,1.10365,1.69,1.00
2018.05.24 07:23:57.084,1.10352,1.10363,1.69,1.00
2018.05.24 07:23:58.348,1.10352,1.10358,1.00,1.00
2018.05.24 07:23:58.402,1.10349,1.10358,1.25,1.25
2018.05.24 07:23:58.942,1.10348,1.10359,1.69,1.25
2018.05.24 07:23:59.445,1.10347,1.10357,1.19,1.00
2018.05.24 07:23:59.995,1.10347,1.10356,1.25,1.00
2018.05.24 07:24:00.278,1.10342,1.10352,1.50,1.25
2018.05.24 07:24:00.845,1.10341,1.10351,1.50,1.25
2018.05.24 07:24:00.950,1.10341,1.10351,1.25,1.00
2018.05.24 07:24:01.459,1.10341,1.1035,1.00,1.00
2018.05.24 07:24:01.999,1.10341,1.10349,1.00,1.00
2018.05.24 07:24:02.519,1.10339,1.10349,1.69,1.00
2018.05.24 07:24:03.047,1.10339,1.10349,1.69,1.00
2018.05.24 07:24:03.787,1.10339,1.10348,1.25,1.00
2018.05.24 07:24:03.997,1.10337,1.10349,1.69,1.25
2018.05.24 07:24:04.537,1.10338,1.10348,1.25,1.25
2018.05.24 07:24:04.749,1.10336,1.1035,1.76,1.50
2018.05.24 07:24:04.905,1.10335,1.10348,1.76,1.00
2018.05.24 07:24:05.218,1.10333,1.10346,1.69,1.25
2018.05.24 07:24:05.326,1.10333,1.10348,1.76,1.69
2018.05.24 07:24:05.879,1.10335,1.10349,1.12,1.25
2018.05.24 07:24:06.333,1.10335,1.10347,1.50,1.00
2018.05.24 07:24:06.817,1.10334,1.10345,1.69,1.00
2018.05.24 07:24:07.366,1.10334,1.10345,2.25,1.00
2018.05.24 07:24:08.237,1.10333,1.10345,1.25,1.00
2018.05.24 07:24:08.750,1.10332,1.10346,1.50,1.25
2018.05.24 07:24:09.088,1.10332,1.10344,1.69,1.25
2018.05.24 07:24:09.627,1.10333,1.10343,1.00,1.25
2018.05.24 07:24:10.137,1.10332,1.10344,1.19,1.00
2018.05.24 07:24:10.637,1.10331,1.10346,3.75,1.25
2018.05.24 07:24:11.166,1.10331,1.10345,3.94,1.25
2018.05.24 07:24:11.217,1.10331,1.10347,3.94,1.25
2018.05.24 07:24:11.608,1.1033,1.10342,1.29,1.19
2018.05.24 07:24:11.662,1.1033,1.10344,1.76,1.00
2018.05.24 07:24:11.768,1.10331,1.10346,2.44,1.69
2018.05.24 07:24:12.312,1.10334,1.10346,1.19,1.25
2018.05.24 07:24:12.553,1.10332,1.10347,1.57,1.25
2018.05.24 07:24:13.073,1.10333,1.10346,1.69,1.25
2018.05.24 07:24:13.531,1.10334,1.10346,2.32,1.25
2018.05.24 07:24:13.634,1.10334,1.10347,1.76,1.25
2018.05.24 07:24:13.686,1.10334,1.10345,1.76,1.00
2018.05.24 07:24:14.202,1.10335,1.10347,1.25,1.00
2018.05.24 07:24:14.464,1.10337,1.10347,1.25,1.00
2018.05.24 07:24:14.995,1.10337,1.10349,1.69,1.00
2018.05.24 07:24:16.135,1.10336,1.10349,1.75,1.25
2018.05.24 07:24:16.239,1.10339,1.10351,1.25,1.25
2018.05.24 07:24:16.445,1.10339,1.10349,1.25,1.00
2018.05.24 07:24:16.967,1.10339,1.1035,1.69,1.00
2018.05.24 07:24:17.531,1.10339,1.10349,1.25,1.00
2018.05.24 07:24:18.473,1.10338,1.1035,1.25,1.00
2018.05.24 07:24:18.783,1.10339,1.1035,1.19,1.25
2018.05.24 07:24:19.303,1.10338,1.1035,1.69,1.25
2018.05.24 07:24:19.885,1.10342,1.10353,1.19,1.00
2018.05.24 07:24:19.988,1.1034,1.10351,1.50,1.25
2018.05.24 07:24:20.040,1.10338,1.10353,3.19,1.25
2018.05.24 07:24:20.454,1.10337,1.10351,1.01,1.00
2018.05.24 07:24:20.769,1.10334,1.10347,1.19,1.00
2018.05.24 07:24:21.106,1.10334,1.10349,1.87,1.00
2018.05.24 07:24:22.131,1.10335,1.10347,1.19,1.00
2018.05.24 07:24:22.233,1.10336,1.10347,1.00,1.00
2018.05.24 07:24:22.478,1.10335,1.10347,1.44,1.00
2018.05.24 07:24:22.530,1.10335,1.10349,1.87,1.00
2018.05.24 07:24:22.889,1.10336,1.10351,3.94,1.25
2018.05.24 07:24:23.397,1.10336,1.10351,3.19,1.25
2018.05.24 07:24:23.915,1.10336,1.10351,3.94,1.25
2018.05.24 07:24:24.904,1.10338,1.10352,1.44,1.00
2018.05.24 07:24:25.007,1.10338,1.10352,3.19,1.00
2018.05.24 07:24:25.377,1.1034,1.10355,1.69,2.51
2018.05.24 07:24:26.084,1.1034,1.10355,1.44,1.69
2018.05.24 07:24:27.044,1.10341,1.10355,1.19,2.44
2018.05.24 07:24:27.098,1.10342,1.10355,2.25,1.25
2018.05.24 07:24:27.643,1.10343,1.10358,3.19,1.25
2018.05.24 07:24:28.150,1.10343,1.10358,2.44,1.25
2018.05.24 07:24:28.842,1.10343,1.10358,1.57,1.69
2018.05.24 07:24:28.897,1.10343,1.10356,1.50,1.19
2018.05.24 07:24:28.949,1.10342,1.10358,1.44,1.76
2018.05.24 07:24:29.474,1.10342,1.10357,2.44,1.69
2018.05.24 07:24:30.647,1.10342,1.10356,1.69,1.19
2018.05.24 07:24:30.751,1.10341,1.10357,2.51,1.00
2018.05.24 07:24:31.065,1.10343,1.10357,1.94,1.00
2018.05.24 07:24:31.634,1.10344,1.10357,1.19,1.25
2018.05.24 07:24:32.040,1.10347,1.10358,1.19,1.00
2018.05.24 07:24:32.144,1.10345,1.1036,2.44,2.25
2018.05.24 07:24:35.812,1.10344,1.10359,3.26,1.00
2018.05.24 07:24:35.968,1.10345,1.10357,1.19,1.25
2018.05.24 07:24:36.653,1.10344,1.10356,1.75,1.00
2018.05.24 07:24:36.760,1.10343,1.10354,1.69,1.00
2018.05.24 07:24:36.918,1.10343,1.10355,3.00,1.00
2018.05.24 07:24:38.015,1.10343,1.10353,1.50,1.25
2018.05.24 07:24:38.792,1.10342,1.10355,3.64,1.25
2018.05.24 07:24:41.295,1.10342,1.10353,2.32,1.25
2018.05.24 07:24:41.501,1.10341,1.10353,1.57,1.25
2018.05.24 07:24:41.605,1.1034,1.10351,1.01,1.00
2018.05.24 07:24:42.209,1.1034,1.1035,1.25,1.00
2018.05.24 07:24:42.793,1.1034,1.10352,1.19,1.25
2018.05.24 07:24:42.846,1.1034,1.10352,2.32,1.25
2018.05.24 07:24:43.328,1.1034,1.10352,1.19,1.25
2018.05.24 07:24:43.430,1.1034,1.1035,1.25,1.00
2018.05.24 07:24:43.980,1.10338,1.1035,1.19,1.00
2018.05.24 07:24:46.528,1.10337,1.10349,1.57,1.25
2018.05.24 07:24:46.746,1.10336,1.1035,1.45,1.25
2018.05.24 07:24:47.260,1.10336,1.10349,1.19,1.25
2018.05.24 07:24:47.415,1.10335,1.10348,1.95,1.25
2018.05.24 07:24:47.892,1.10336,1.1035,1.25,1.25
2018.05.24 07:24:48.403,1.10336,1.10347,1.19,1.00
2018.05.24 07:24:49.035,1.10334,1.10347,1.95,1.25
2018.05.24 07:24:50.205,1.10334,1.10346,1.19,1.25
2018.05.24 07:24:50.257,1.10335,1.10349,1.12,3.00
2018.05.24 07:24:50.360,1.10335,1.10349,1.69,2.25
2018.05.24 07:24:50.693,1.10334,1.10346,2.44,1.00
2018.05.24 07:24:51.386,1.10334,1.10349,1.69,1.69
2018.05.24 07:24:51.927,1.10335,1.10348,1.37,1.50
2018.05.24 07:24:52.424,1.10333,1.10346,1.47,1.00
2018.05.24 07:24:52.977,1.10333,1.10346,1.76,1.25
2018.05.24 07:24:53.372,1.10332,1.10344,2.89,1.00
2018.05.24 07:24:53.626,1.10332,1.10346,3.64,1.00
2018.05.24 07:24:54.159,1.10332,1.10345,3.45,1.00
2018.05.24 07:24:54.210,1.10332,1.10343,2.70,1.00
2018.05.24 07:24:54.567,1.1033,1.10345,2.51,1.00
2018.05.24 07:24:54.670,1.1033,1.10343,2.32,1.25
2018.05.24 07:24:54.825,1.10329,1.10343,1.37,1.00
2018.05.24 07:24:54.879,1.10329,1.10343,1.69,1.50
2018.05.24 07:24:55.430,1.10329,1.10344,3.64,1.25
2018.05.24 07:24:56.012,1.1033,1.10343,2.00,1.00
2018.05.24 07:24:56.562,1.1033,1.10343,1.44,1.00
2018.05.24 07:24:57.076,1.10331,1.10345,1.44,1.25
2018.05.24 07:24:57.589,1.10332,1.10346,1.44,2.44
2018.05.24 07:24:58.212,1.10333,1.10346,1.44,1.69
2018.05.24 07:24:58.759,1.10333,1.10346,1.12,1.00
2018.05.24 07:24:59.583,1.10332,1.10347,1.95,1.00
2018.05.24 07:25:00.166,1.10332,1.10347,1.95,1.69
2018.05.24 07:25:00.217,1.10332,1.10345,1.20,1.00
2018.05.24 07:25:00.738,1.10332,1.10345,1.20,1.00
2018.05.24 07:25:01.931,1.1033,1.10343,2.25,1.25
2018.05.24 07:25:02.238,1.1033,1.10341,1.19,1.00
2018.05.24 07:25:02.374,1.10329,1.10343,1.81,1.50
2018.05.24 07:25:02.785,1.1033,1.1034,1.19,1.00
2018.05.24 07:25:03.130,1.10329,1.10342,1.50,1.00
2018.05.24 07:25:03.671,1.10329,1.10342,2.25,1.00
2018.05.24 07:25:04.311,1.10329,1.10342,2.25,1.00
2018.05.24 07:25:05.032,1.1033,1.10342,1.00,1.00
2018.05.24 07:25:05.327,1.1033,1.10344,1.12,1.00
2018.05.24 07:25:05.789,1.1033,1.10344,1.75,1.00
2018.05.24 07:25:06.316,1.1033,1.10343,1.87,1.00
2018.05.24 07:25:06.834,1.1033,1.10344,2.81,1.00
2018.05.24 07:25:07.954,1.10333,1.10346,1.25,1.69
2018.05.24 07:25:08.007,1.10333,1.10344,1.00,1.00
2018.05.24 07:25:08.213,1.10333,1.10346,1.00,1.50
2018.05.24 07:25:08.265,1.10333,1.10346,1.37,1.00
2018.05.24 07:25:08.787,1.10335,1.10347,1.25,1.50
2018.05.24 07:25:10.762,1.10334,1.10348,1.12,1.25
2018.05.24 07:25:11.074,1.10336,1.10348,1.00,1.25
2018.05.24 07:25:11.805,1.10336,1.10347,1.69,1.25
2018.05.24 07:25:14.169,1.10337,1.10347,1.00,1.25
2018.05.24 07:25:14.435,1.10337,1.10349,1.00,1.00
2018.05.24 07:25:14.542,1.10337,1.10349,2.44,1.00
2018.05.24 07:25:14.657,1.10337,1.10351,1.69,1.00
2018.05.24 07:25:15.135,1.1034,1.10351,1.19,1.00
2018.05.24 07:25:15.299,1.1034,1.10353,1.50,1.25
2018.05.24 07:25:15.720,1.1034,1.10353,1.37,1.00
2018.05.24 07:25:16.152,1.10344,1.10356,1.25,1.19
2018.05.24 07:25:17.075,1.10342,1.10355,1.87,1.00
2018.05.24 07:25:17.864,1.10351,1.10359,1.00,1.10
2018.05.24 07:25:17.918,1.10351,1.10362,1.25,1.50
2018.05.24 07:25:18.081,1.10353,1.10365,1.44,1.50
2018.05.24 07:25:18.787,1.10353,1.10366,1.44,1.00
2018.05.24 07:25:19.091,1.10352,1.10363,1.25,1.00
2018.05.24 07:25:19.399,1.10348,1.1036,1.69,1.25
2018.05.24 07:25:19.931,1.10347,1.1036,1.51,1.25
2018.05.24 07:25:20.238,1.10347,1.10358,1.20,1.00
2018.05.24 07:25:20.740,1.10347,1.10358,1.25,1.00
2018.05.24 07:25:21.613,1.10346,1.10358,1.69,1.00
2018.05.24 07:25:21.945,1.10347,1.1036,1.76,1.25
2018.05.24 07:25:21.998,1.10347,1.1036,3.07,1.25
2018.05.24 07:25:23.510,1.10349,1.10361,1.29,1.25
2018.05.24 07:25:23.883,1.10349,1.10363,1.76,1.25
2018.05.24 07:25:24.042,1.10354,1.10364,1.50,1.00
2018.05.24 07:25:24.095,1.10353,1.10364,1.00,1.25
2018.05.24 07:25:24.314,1.10354,1.10365,1.44,1.00
2018.05.24 07:25:24.616,1.10358,1.10369,1.75,1.25
2018.05.24 07:25:24.961,1.10366,1.10373,1.25,1.00
2018.05.24 07:25:25.013,1.10367,1.10375,1.50,1.00
2018.05.24 07:25:25.218,1.10366,1.10372,1.00,1.25
2018.05.24 07:25:25.480,1.10364,1.10372,1.25,1.25
2018.05.24 07:25:25.538,1.10364,1.10375,1.25,1.50
2018.05.24 07:25:25.702,1.10364,1.10373,1.00,1.25
2018.05.24 07:25:26.034,1.10363,1.10371,1.00,1.25
2018.05.24 07:25:26.606,1.1036,1.1037,1.69,1.25
2018.05.24 07:25:27.132,1.1036,1.10371,1.69,1.25
2018.05.24 07:25:27.481,1.10359,1.10368,1.69,1.25
2018.05.24 07:25:27.534,1.10359,1.1037,1.69,1.25
2018.05.24 07:25:27.589,1.1036,1.10372,1.50,1.19
2018.05.24 07:25:27.908,1.10359,1.10369,3.00,1.25
2018.05.24 07:25:28.090,1.1036,1.10371,1.69,1.00
2018.05.24 07:25:28.144,1.10362,1.10375,1.00,1.10
2018.05.24 07:25:28.511,1.10363,1.10374,1.19,1.00
2018.05.24 07:25:28.672,1.10362,1.10377,3.07,1.25
2018.05.24 07:25:28.981,1.10362,1.10374,3.56,1.25
2018.05.24 07:25:29.084,1.10364,1.10376,1.25,1.25
2018.05.24 07:25:30.076,1.10364,1.10376,1.69,1.25
2018.05.24 07:25:30.589,1.10364,1.10376,2.51,1.25
2018.05.24 07:25:31.135,1.10365,1.10377,1.44,1.00
2018.05.24 07:25:31.342,1.10365,1.10378,3.26,1.00
2018.05.24 07:25:31.678,1.10369,1.1038,3.07,1.25
2018.05.24 07:25:31.940,1.1037,1.10382,2.62,1.00
2018.05.24 07:25:32.554,1.1037,1.10382,1.87,1.00
2018.05.24 07:25:33.121,1.1037,1.10382,2.44,1.00
2018.05.24 07:25:33.674,1.10371,1.10383,1.37,1.00
2018.05.24 07:25:34.047,1.10371,1.10383,1.69,1.00
2018.05.24 07:25:34.387,1.1037,1.10383,1.37,1.00
2018.05.24 07:25:34.690,1.10368,1.10381,3.07,1.00
2018.05.24 07:25:34.896,1.10369,1.10383,1.44,1.00
2018.05.24 07:25:35.410,1.10369,1.10382,2.32,1.00
2018.05.24 07:25:35.463,1.10369,1.1038,2.25,1.00
2018.05.24 07:25:35.617,1.10369,1.10382,2.51,1.25
2018.05.24 07:25:36.191,1.10372,1.10383,1.25,1.25
2018.05.24 07:25:36.535,1.10369,1.10381,1.57,1.25
2018.05.24 07:25:36.593,1.10368,1.1038,1.87,1.25
2018.05.24 07:25:36.805,1.10368,1.10378,1.19,1.00
2018.05.24 07:25:36.857,1.10367,1.10378,2.25,1.00
2018.05.24 07:25:37.375,1.10367,1.10378,1.69,1.00
2018.05.24 07:25:37.782,1.10367,1.1038,1.44,1.25
2018.05.24 07:25:38.102,1.10366,1.10378,1.69,1.25
2018.05.24 07:25:38.606,1.10365,1.10377,1.19,1.25
2018.05.24 07:25:39.115,1.10365,1.10377,1.76,1.25
2018.05.24 07:25:39.625,1.10365,1.10378,2.51,1.25
2018.05.24 07:25:40.095,1.10365,1.1038,3.26,1.50
2018.05.24 07:25:41.895,1.10367,1.10378,1.00,1.00
2018.05.24 07:25:42.325,1.10365,1.10377,1.25,1.25
2018.05.24 07:25:42.830,1.10365,1.10376,1.01,1.25
2018.05.24 07:25:43.059,1.10365,1.10376,1.57,1.25
2018.05.24 07:25:43.120,1.10365,1.10378,2.32,1.25
2018.05.24 07:25:43.384,1.10367,1.1038,1.25,1.00
2018.05.24 07:25:43.492,1.10368,1.10381,1.37,1.50
2018.05.24 07:25:44.017,1.10369,1.10381,1.19,1.50
2018.05.24 07:25:44.560,1.10369,1.10382,1.19,1.00
2018.05.24 07:25:44.717,1.10371,1.10384,1.69,1.00
2018.05.24 07:25:44.983,1.1037,1.10379,1.25,1.00
2018.05.24 07:25:45.138,1.1037,1.10381,1.25,1.25
2018.05.24 07:25:45.191,1.10369,1.10378,1.00,1.00
2018.05.24 07:25:45.243,1.10367,1.10381,2.32,1.00
2018.05.24 07:25:45.295,1.10367,1.10379,2.14,1.00
2018.05.24 07:25:45.850,1.10367,1.1038,1.69,1.25
2018.05.24 07:25:46.054,1.10367,1.1038,1.12,1.25
2018.05.24 07:25:46.105,1.10366,1.10381,3.45,2.44
2018.05.24 07:25:46.313,1.10366,1.10379,1.50,1.00
2018.05.24 07:25:46.420,1.10366,1.10377,1.19,1.25
2018.05.24 07:25:46.617,1.10364,1.10376,1.19,1.69
2018.05.24 07:25:46.669,1.10363,1.10374,1.25,1.25
2018.05.24 07:25:47.180,1.10361,1.10374,2.62,1.25
2018.05.24 07:25:47.697,1.10361,1.10374,2.44,1.25
2018.05.24 07:25:48.008,1.10363,1.10376,2.44,1.25
2018.05.24 07:25:48.330,1.10363,1.10376,1.25,1.25
2018.05.24 07:25:48.817,1.10364,1.10375,1.19,1.00
2018.05.24 07:25:48.870,1.10364,1.10377,1.19,1.69
2018.05.24 07:25:49.428,1.10363,1.10375,1.19,1.25
2018.05.24 07:25:49.947,1.10363,1.10375,1.50,1.25
2018.05.24 07:25:50.715,1.10362,1.10375,1.50,1.25
2018.05.24 07:25:51.171,1.10361,1.10373,1.95,1.25
2018.05.24 07:25:51.520,1.10361,1.10373,1.25,1.25
2018.05.24 07:25:51.572,1.10359,1.10371,1.44,1.00
2018.05.24 07:25:51.623,1.10359,1.10373,1.12,1.50
2018.05.24 07:25:51.726,1.10359,1.10371,1.12,1.00
2018.05.24 07:25:53.010,1.10357,1.1037,3.26,1.00
2018.05.24 07:25:53.336,1.10356,1.10368,1.19,1.00
2018.05.24 07:25:53.656,1.10355,1.10366,1.50,1.00
2018.05.24 07:25:54.279,1.10355,1.10367,1.20,1.00
2018.05.24 07:25:54.974,1.10355,1.10366,1.19,1.00
2018.05.24 07:25:55.525,1.10354,1.10367,1.69,1.25
2018.05.24 07:25:57.093,1.10356,1.10368,1.37,1.00
2018.05.24 07:25:57.196,1.10357,1.1037,1.19,1.50
2018.05.24 07:25:57.714,1.10358,1.1037,1.44,1.00
2018.05.24 07:25:59.087,1.10358,1.1037,1.69,1.00
2018.05.24 07:25:59.648,1.10358,1.10371,1.69,1.00
2018.05.24 07:26:00.270,1.10359,1.1037,1.19,1.00
2018.05.24 07:26:00.479,1.10359,1.10372,1.19,1.50
2018.05.24 07:26:01.056,1.10358,1.10371,1.69,1.00
2018.05.24 07:26:01.108,1.10359,1.10372,1.25,1.50
2018.05.24 07:26:01.670,1.10358,1.10372,1.20,1.50
2018.05.24 07:26:01.800,1.10358,1.1037,1.12,1.00
2018.05.24 07:26:02.326,1.10359,1.1037,1.00,1.00
2018.05.24 07:26:02.669,1.10361,1.1037,1.00,1.00
2018.05.24 07:26:02.721,1.10359,1.1037,1.00,1.00
2018.05.24 07:26:03.523,1.10361,1.1037,1.00,1.00
2018.05.24 07:26:03.828,1.10364,1.10373,1.00,1.69
2018.05.24 07:26:03.881,1.10362,1.10373,1.00,1.50
2018.05.24 07:26:04.293,1.10364,1.10373,1.00,1.50
2018.05.24 07:26:04.567,1.10365,1.10375,1.00,1.00
2018.05.24 07:26:04.618,1.10367,1.10375,1.00,1.00
2018.05.24 07:26:05.081,1.10363,1.10372,1.00,1.50
2018.05.24 07:26:06.328,1.10365,1.10375,1.00,1.50
2018.05.24 07:26:06.919,1.10366,1.10376,1.00,1.00
2018.05.24 07:26:07.612,1.10366,1.10375,1.00,1.00
2018.05.24 07:26:08.235,1.10366,1.10376,1.00,1.00
2018.05.24 07:26:09.420,1.10366,1.10377,1.00,1.00
2018.05.24 07:26:09.969,1.10367,1.10378,1.00,2.25
2018.05.24 07:26:10.866,1.10369,1.10378,1.00,1.00
2018.05.24 07:26:11.861,1.10368,1.10378,1.00,1.00
2018.05.24 07:26:12.175,1.10371,1.10382,1.00,1.69
2018.05.24 07:26:12.283,1.10372,1.10384,1.00,1.69
2018.05.24 07:26:12.390,1.10371,1.1038,1.00,1.00
2018.05.24 07:26:12.769,1.10369,1.1038,1.00,1.00
2018.05.24 07:26:13.319,1.1037,1.1038,1.00,1.00
2018.05.24 07:26:13.837,1.10368,1.10379,1.19,1.00
2018.05.24 07:26:14.359,1.10368,1.10379,1.00,1.00
2018.05.24 07:26:14.899,1.10368,1.10378,1.19,1.00
2018.05.24 07:26:15.421,1.10368,1.10378,1.00,1.00
2018.05.24 07:26:17.430,1.10369,1.10378,1.00,1.00
2018.05.24 07:26:17.482,1.10371,1.10378,1.00,1.00
2018.05.24 07:26:17.686,1.10369,1.10378,1.00,1.00
2018.05.24 07:26:18.301,1.10368,1.10378,1.25,1.00
2018.05.24 07:26:18.676,1.10366,1.10375,1.00,1.00
2018.05.24 07:26:19.214,1.10367,1.10375,1.25,1.00
2018.05.24 07:26:19.915,1.10365,1.10375,1.00,1.00
2018.05.24 07:26:20.463,1.10365,1.10376,1.69,1.00
2018.05.24 07:26:20.801,1.10367,1.10378,1.19,1.00
2018.05.24 07:26:21.351,1.10367,1.10378,1.00,1.00
2018.05.24 07:26:22.858,1.10366,1.10378,1.25,1.00
2018.05.24 07:26:23.489,1.10366,1.10378,1.25,1.69
2018.05.24 07:26:23.772,1.10366,1.10379,1.25,2.44
2018.05.24 07:26:23.895,1.10368,1.10379,1.25,1.69
2018.05.24 07:26:24.105,1.10366,1.10378,1.25,1.69
2018.05.24 07:26:24.157,1.10365,1.10376,1.50,1.00
2018.05.24 07:26:24.670,1.10365,1.10376,1.12,1.00
2018.05.24 07:26:24.898,1.10365,1.10379,1.12,2.44
2018.05.24 07:26:25.157,1.10367,1.10379,1.00,2.44
2018.05.24 07:26:25.608,1.10365,1.10378,1.00,1.69
2018.05.24 07:26:25.769,1.10367,1.10376,1.00,1.00
2018.05.24 07:26:25.927,1.10364,1.10376,1.25,1.00
2018.05.24 07:26:25.980,1.10366,1.10376,1.00,1.50
2018.05.24 07:26:27.638,1.1037,1.10381,1.00,1.25
2018.05.24 07:26:27.851,1.10369,1.10381,1.00,1.19
2018.05.24 07:26:28.396,1.10369,1.1038,1.00,1.19
2018.05.24 07:26:28.500,1.1037,1.10381,1.00,1.50
2018.05.24 07:26:28.810,1.1037,1.10379,1.00,1.00
2018.05.24 07:26:28.991,1.10367,1.10378,1.19,1.00
2018.05.24 07:26:29.516,1.10367,1.10378,1.00,1.00
2018.05.24 07:26:30.740,1.10366,1.10379,1.00,1.19
2018.05.24 07:26:31.003,1.10366,1.10379,1.50,1.19
2018.05.24 07:26:31.393,1.10367,1.10382,1.37,1.69
2018.05.24 07:26:31.731,1.10368,1.10382,2.00,1.00
2018.05.24 07:26:32.078,1.10372,1.10383,1.25,1.00
2018.05.24 07:26:32.562,1.10372,1.10381,1.00,1.25
2018.05.24 07:26:32.667,1.1037,1.10381,1.00,1.69
2018.05.24 07:26:34.442,1.10369,1.10381,1.25,1.69
2018.05.24 07:26:34.701,1.10371,1.10384,1.25,1.01
2018.05.24 07:26:34.857,1.10373,1.10384,1.50,1.25
2018.05.24 07:26:35.108,1.10376,1.10387,1.25,1.00
2018.05.24 07:26:35.653,1.10376,1.10387,1.19,1.00
2018.05.24 07:26:36.161,1.10376,1.10387,1.25,1.00
2018.05.24 07:26:36.676,1.10376,1.10388,1.00,1.00
2018.05.24 07:26:40.100,1.10377,1.10388,1.00,1.00
2018.05.24 07:26:41.486,1.10377,1.10388,1.00,1.19
2018.05.24 07:26:42.025,1.10377,1.10388,1.00,1.25
2018.05.24 07:26:42.576,1.10377,1.10388,1.25,1.19
2018.05.24 07:26:44.295,1.10376,1.10388,1.19,1.69
2018.05.24 07:26:44.619,1.10374,1.10386,1.00,1.69
2018.05.24 07:26:44.724,1.10373,1.10385,1.00,1.19
2018.05.24 07:26:45.326,1.10371,1.10385,1.19,1.69
2018.05.24 07:26:46.905,1.10371,1.10385,1.25,1.69
2018.05.24 07:26:47.223,1.10376,1.10387,1.00,1.25
2018.05.24 07:26:47.766,1.10376,1.10387,1.00,1.19
2018.05.24 07:26:48.937,1.10376,1.10385,1.00,1.25
2018.05.24 07:26:48.993,1.10374,1.10385,1.00,1.25
2018.05.24 07:26:49.198,1.10371,1.10384,1.32,1.25
2018.05.24 07:26:49.702,1.10371,1.10384,1.25,1.50
2018.05.24 07:26:49.871,1.10371,1.10384,1.50,1.25
2018.05.24 07:26:50.367,1.10371,1.10384,1.12,1.00
2018.05.24 07:26:50.917,1.10372,1.10384,1.25,1.00
2018.05.24 07:26:51.070,1.10372,1.10384,1.19,1.00
2018.05.24 07:26:51.122,1.10374,1.10386,1.37,1.00
2018.05.24 07:26:51.280,1.10377,1.10386,1.00,1.00
2018.05.24 07:26:51.565,1.10375,1.10386,1.12,1.00
2018.05.24 07:26:51.870,1.10377,1.10386,1.00,1.00
2018.05.24 07:26:51.923,1.10377,1.10388,1.00,1.00
2018.05.24 07:26:52.592,1.10378,1.10388,1.00,1.00
2018.05.24 07:26:53.872,1.10376,1.10388,1.25,1.00
2018.05.24 07:26:54.757,1.10375,1.10388,1.25,1.00
2018.05.24 07:26:55.272,1.10375,1.10387,1.00,1.25
2018.05.24 07:26:55.483,1.10373,1.10386,1.12,2.44
2018.05.24 07:26:56.075,1.10372,1.10386,1.44,2.44
2018.05.24 07:26:56.319,1.10375,1.10386,1.00,2.25
2018.05.24 07:26:56.635,1.10379,1.1039,1.00,1.00
2018.05.24 07:26:56.960,1.10381,1.10393,1.12,1.00
2018.05.24 07:26:57.329,1.10381,1.10394,2.44,1.00
2018.05.24 07:27:00.105,1.10384,1.10394,1.00,1.00
2018.05.24 07:27:01.053,1.10384,1.10395,1.00,1.00
2018.05.24 07:27:01.571,1.10383,1.10395,1.00,1.25
2018.05.24 07:27:02.121,1.10382,1.10395,1.25,1.00
2018.05.24 07:27:02.664,1.10383,1.10395,2.25,1.00
2018.05.24 07:27:02.716,1.10384,1.10397,1.19,1.00
2018.05.24 07:27:02.768,1.10384,1.10397,2.44,1.00
2018.05.24 07:27:03.355,1.10385,1.10399,1.50,1.69
2018.05.24 07:27:04.592,1.10385,1.10399,2.25,1.25
2018.05.24 07:27:08.011,1.10385,1.10399,2.25,1.69
2018.05.24 07:27:08.535,1.10384,1.10399,1.69,1.69
2018.05.24 07:27:09.087,1.10385,1.10399,2.00,1.69
2018.05.24 07:27:09.587,1.10384,1.10399,1.69,2.44
2018.05.24 07:27:09.798,1.1038,1.10394,2.89,1.00
2018.05.24 07:27:10.217,1.10382,1.10396,1.69,1.19
2018.05.24 07:27:10.355,1.10382,1.10397,2.51,1.69
2018.05.24 07:27:10.889,1.10382,1.10397,2.44,1.69
2018.05.24 07:27:11.535,1.10381,1.10396,4.76,1.19
2018.05.24 07:27:13.722,1.10379,1.10392,2.07,1.25
2018.05.24 07:27:13.916,1.10377,1.10392,2.51,1.25
2018.05.24 07:27:13.988,1.10377,1.10392,2.51,1.19
2018.05.24 07:27:14.761,1.10379,1.10392,1.19,1.19
2018.05.24 07:27:14.919,1.10379,1.10393,3.19,1.00
2018.05.24 07:27:15.013,1.1038,1.10393,2.00,1.00
2018.05.24 07:27:15.561,1.1038,1.10394,1.69,1.50
2018.05.24 07:27:15.969,1.10381,1.10394,1.75,1.00
2018.05.24 07:27:17.213,1.1038,1.10394,2.44,1.00
2018.05.24 07:27:18.353,1.10384,1.10394,1.25,1.00
2018.05.24 07:27:18.888,1.10382,1.10394,2.81,1.00
2018.05.24 07:27:19.488,1.10382,1.10394,1.62,1.00
2018.05.24 07:27:19.715,1.10381,1.10394,1.37,1.00
2018.05.24 07:27:19.832,1.10382,1.10394,1.19,1.00
2018.05.24 07:27:20.717,1.10383,1.10394,1.12,1.00
2018.05.24 07:27:21.105,1.10383,1.10394,1.69,1.00
2018.05.24 07:27:21.636,1.10383,1.10394,2.51,1.00
2018.05.24 07:27:22.144,1.10383,1.10394,2.51,1.00
2018.05.24 07:27:23.081,1.10382,1.10396,2.14,1.00
2018.05.24 07:27:23.855,1.10382,1.10397,2.14,1.00
2018.05.24 07:27:24.505,1.10382,1.10397,3.64,1.00
2018.05.24 07:27:25.353,1.10385,1.10398,1.69,1.25
2018.05.24 07:27:25.867,1.10385,1.10398,3.26,1.00
2018.05.24 07:27:26.388,1.10385,1.10398,1.44,1.00
2018.05.24 07:27:27.295,1.10384,1.10398,1.44,1.25
2018.05.24 07:27:27.681,1.10387,1.10398,1.00,1.25
2018.05.24 07:27:28.416,1.10386,1.10398,1.25,1.00
2018.05.24 07:27:33.264,1.10386,1.10398,1.19,1.00
2018.05.24 07:27:33.799,1.10386,1.10398,1.25,1.00
2018.05.24 07:27:34.819,1.10386,1.10398,1.00,1.19
2018.05.24 07:27:35.333,1.10386,1.10398,1.00,1.00
2018.05.24 07:27:36.293,1.10385,1.10398,1.25,1.25
2018.05.24 07:27:37.118,1.10384,1.10397,2.44,1.00
2018.05.24 07:27:37.664,1.10384,1.10397,1.50,1.25
2018.05.24 07:27:38.203,1.10385,1.10397,1.37,1.00
2018.05.24 07:27:40.473,1.10385,1.10399,1.37,1.50
2018.05.24 07:27:40.525,1.10385,1.10399,3.19,1.50
2018.05.24 07:27:40.794,1.10385,1.10401,2.89,1.00
2018.05.24 07:27:41.507,1.10387,1.10402,1.44,3.19
2018.05.24 07:27:42.260,1.10387,1.10402,3.19,2.44
2018.05.24 07:27:42.646,1.10386,1.104,1.82,1.69
2018.05.24 07:27:43.181,1.10389,1.104,1.19,1.00
2018.05.24 07:27:43.235,1.10391,1.10403,1.25,1.19
2018.05.24 07:27:43.362,1.10391,1.10403,1.76,1.00
2018.05.24 07:27:43.415,1.10392,1.10405,1.44,1.50
2018.05.24 07:27:43.731,1.10391,1.10405,1.12,1.19
2018.05.24 07:27:44.336,1.10392,1.10405,1.12,1.50
2018.05.24 07:27:44.548,1.10392,1.10405,1.19,1.00
2018.05.24 07:27:44.601,1.10393,1.10409,1.37,2.51
2018.05.24 07:27:44.706,1.10393,1.10406,1.87,1.00
2018.05.24 07:27:45.326,1.10395,1.10406,1.69,1.00
2018.05.24 07:27:45.862,1.10395,1.10406,1.12,1.00
2018.05.24 07:27:46.757,1.10394,1.10406,1.25,1.25
2018.05.24 07:27:47.191,1.10392,1.10405,1.57,1.19
2018.05.24 07:27:47.294,1.10391,1.10405,1.19,1.69
2018.05.24 07:27:47.816,1.10389,1.10403,2.25,1.25
2018.05.24 07:27:48.015,1.10389,1.10401,2.25,1.00
2018.05.24 07:27:49.144,1.10389,1.10401,1.69,1.00
2018.05.24 07:27:50.157,1.10389,1.10401,1.19,1.19
2018.05.24 07:27:50.618,1.10387,1.10401,2.44,1.25
2018.05.24 07:27:52.126,1.10388,1.10401,1.87,1.00
2018.05.24 07:27:52.726,1.10389,1.10401,1.87,1.00
2018.05.24 07:27:53.600,1.10389,1.10401,2.70,1.00
2018.05.24 07:27:53.855,1.1039,1.10403,1.51,1.00
2018.05.24 07:27:54.954,1.10393,1.10406,1.01,1.00
2018.05.24 07:27:55.843,1.10393,1.10406,1.76,1.00
2018.05.24 07:27:56.349,1.10393,1.10406,3.64,1.00
2018.05.24 07:27:56.468,1.10393,1.10406,3.26,1.00
2018.05.24 07:27:56.639,1.10393,1.10406,3.64,1.00
2018.05.24 07:27:57.151,1.10394,1.10406,1.29,1.00
2018.05.24 07:27:57.809,1.10395,1.10407,1.19,1.00
2018.05.24 07:27:58.097,1.1039,1.10405,1.95,1.19
2018.05.24 07:27:58.649,1.1039,1.10404,1.25,1.25
2018.05.24 07:27:59.851,1.10388,1.10403,3.45,1.00
2018.05.24 07:28:00.113,1.10388,1.10403,2.44,1.25
2018.05.24 07:28:00.420,1.10388,1.10402,1.50,1.19
2018.05.24 07:28:01.314,1.10388,1.10402,1.87,1.00
2018.05.24 07:28:03.883,1.10387,1.10402,1.87,1.69
2018.05.24 07:28:04.482,1.10387,1.10402,1.87,1.50
2018.05.24 07:28:05.199,1.10387,1.10402,1.87,1.69
2018.05.24 07:28:05.702,1.10387,1.10401,1.12,1.19
2018.05.24 07:28:06.445,1.10387,1.10402,1.44,1.87
2018.05.24 07:28:06.962,1.10387,1.10402,1.12,1.69
2018.05.24 07:28:07.380,1.10385,1.10402,2.70,3.19
2018.05.24 07:28:07.826,1.10384,1.10398,3.45,1.00
2018.05.24 07:28:08.333,1.10386,1.10399,1.87,1.00
2018.05.24 07:28:09.960,1.10386,1.10401,2.44,2.44
2018.05.24 07:28:10.469,1.10386,1.10401,1.37,1.50
2018.05.24 07:28:11.058,1.10387,1.10401,1.44,1.50
2018.05.24 07:28:12.120,1.10386,1.10401,1.87,1.69
2018.05.24 07:28:12.429,1.10386,1.10401,1.87,2.44
2018.05.24 07:28:12.480,1.10386,1.10401,1.87,2.44
2018.05.24 07:28:13.169,1.10386,1.104,1.37,1.00
2018.05.24 07:28:13.942,1.10386,1.104,1.44,1.00
2018.05.24 07:28:14.947,1.10386,1.104,1.37,1.00
2018.05.24 07:28:15.469,1.10386,1.10399,1.37,1.00
2018.05.24 07:28:16.820,1.10386,1.10399,1.87,1.00
2018.05.24 07:28:17.135,1.10384,1.10399,1.12,1.69
2018.05.24 07:28:17.240,1.10386,1.10399,1.00,1.69
2018.05.24 07:28:18.813,1.10387,1.10399,1.19,1.19
2018.05.24 07:28:18.917,1.10389,1.10401,1.50,1.25
2018.05.24 07:28:19.021,1.10389,1.10403,1.44,1.00
2018.05.24 07:28:19.302,1.1039,1.10404,1.00,3.19
2018.05.24 07:28:19.791,1.10389,1.10404,1.87,1.69
2018.05.24 07:28:20.097,1.10389,1.10403,1.44,1.19
2018.05.24 07:28:20.279,1.1039,1.10404,1.25,1.50
2018.05.24 07:28:20.780,1.10391,1.10403,1.25,1.00
2018.05.24 07:28:21.306,1.1039,1.10403,1.19,1.25
2018.05.24 07:28:21.436,1.10389,1.10403,2.62,1.25
2018.05.24 07:28:21.977,1.10389,1.10403,2.62,1.00
2018.05.24 07:28:22.414,1.10392,1.10404,1.87,1.00
2018.05.24 07:28:23.003,1.10392,1.10405,1.87,1.00
2018.05.24 07:28:24.195,1.10392,1.10405,1.00,1.00
2018.05.24 07:28:24.793,1.10392,1.10405,1.44,1.00
2018.05.24 07:28:26.085,1.10392,1.10405,1.95,1.00
2018.05.24 07:28:26.418,1.10392,1.10405,2.32,1.00
2018.05.24 07:28:26.906,1.10394,1.10405,1.20,1.00
2018.05.24 07:28:26.958,1.10394,1.10407,1.25,1.00
2018.05.24 07:28:27.112,1.10394,1.10407,1.25,2.44
2018.05.24 07:28:27.422,1.10395,1.10408,1.51,1.00
2018.05.24 07:28:27.942,1.10395,1.10408,1.76,1.25
2018.05.24 07:28:30.095,1.10394,1.10407,1.95,1.00
2018.05.24 07:28:30.561,1.10397,1.10408,1.37,1.00
2018.05.24 07:28:30.664,1.104,1.10411,1.12,1.50
2018.05.24 07:28:31.585,1.10398,1.10411,1.95,1.19
2018.05.24 07:28:32.095,1.10397,1.10409,1.57,1.00
2018.05.24 07:28:32.151,1.10396,1.10408,1.29,1.25
2018.05.24 07:28:32.363,1.10395,1.10407,1.01,1.25
2018.05.24 07:28:33.209,1.10395,1.10407,1.25,1.19
2018.05.24 07:28:33.751,1.10392,1.10407,2.14,1.69
2018.05.24 07:28:34.273,1.10393,1.10407,1.26,1.69
2018.05.24 07:28:36.187,1.10392,1.104,1.39,1.00
2018.05.24 07:28:36.294,1.10387,1.104,1.20,1.00
2018.05.24 07:28:36.348,1.10386,1.10398,4.20,1.00
2018.05.24 07:28:36.933,1.10388,1.10399,1.25,1.25
2018.05.24 07:28:37.460,1.10387,1.104,1.51,1.00
2018.05.24 07:28:37.850,1.10387,1.104,1.00,1.69
2018.05.24 07:28:37.901,1.10387,1.104,1.57,1.69
2018.05.24 07:28:38.473,1.10387,1.104,1.76,1.69
2018.05.24 07:28:38.525,1.10387,1.10399,1.10,1.19
2018.05.24 07:28:38.630,1.10385,1.10399,1.76,1.69
2018.05.24 07:28:39.174,1.10385,1.10399,1.20,1.25
2018.05.24 07:28:39.830,1.10387,1.10399,1.25,1.25
2018.05.24 07:28:40.038,1.10385,1.10398,1.20,1.00
2018.05.24 07:28:40.248,1.10385,1.10397,1.00,1.19
2018.05.24 07:28:40.761,1.10382,1.10395,2.32,1.00
2018.05.24 07:28:41.127,1.10379,1.10392,2.89,1.00
2018.05.24 07:28:41.441,1.10378,1.1039,1.07,1.00
2018.05.24 07:28:41.604,1.10379,1.10392,1.00,1.69
2018.05.24 07:28:41.867,1.10382,1.10394,1.00,1.19
2018.05.24 07:28:41.971,1.10384,1.10396,1.00,1.50
2018.05.24 07:28:42.513,1.10384,1.10396,1.29,1.00
2018.05.24 07:28:43.045,1.10384,1.10396,1.57,1.69
2018.05.24 07:28:43.592,1.10383,1.10396,2.32,1.00
2018.05.24 07:28:43.699,1.10383,1.10396,1.95,1.00
2018.05.24 07:28:43.794,1.10383,1.10396,2.32,1.00
2018.05.24 07:28:44.197,1.10383,1.10396,1.76,1.25
2018.05.24 07:28:44.710,1.10382,1.10396,1.95,1.50
2018.05.24 07:28:45.072,1.10382,1.10395,1.95,1.25
2018.05.24 07:28:45.604,1.10383,1.10395,1.00,1.00
2018.05.24 07:28:46.121,1.10383,1.10396,1.95,1.50
2018.05.24 07:28:46.377,1.1038,1.10393,1.95,1.00
2018.05.24 07:28:46.969,1.1038,1.10393,1.87,1.25
2018.05.24 07:28:47.573,1.10381,1.10392,1.00,1.00
2018.05.24 07:28:47.887,1.10382,1.10395,1.76,1.00
2018.05.24 07:28:48.202,1.10381,1.10392,1.39,1.00
2018.05.24 07:28:48.703,1.10382,1.10394,1.25,1.19
2018.05.24 07:28:48.964,1.10382,1.10395,1.25,1.69
2018.05.24 07:28:49.019,1.10385,1.10395,1.19,1.00
2018.05.24 07:28:49.071,1.10387,1.10399,1.19,1.00
2018.05.24 07:28:49.123,1.10389,1.10401,1.25,1.00
2018.05.24 07:28:49.382,1.10388,1.10398,1.00,1.00
2018.05.24 07:28:49.899,1.10388,1.10399,1.00,1.00
2018.05.24 07:28:50.430,1.10386,1.10399,1.95,1.00
2018.05.24 07:28:50.815,1.10386,1.10399,3.19,1.00
2018.05.24 07:28:51.380,1.10388,1.10401,1.87,1.25
2018.05.24 07:28:51.432,1.10386,1.104,1.95,1.69
2018.05.24 07:28:51.944,1.10385,1.104,1.87,1.69
2018.05.24 07:28:52.377,1.10387,1.104,1.19,1.00
2018.05.24 07:28:52.768,1.10387,1.104,1.44,1.00
2018.05.24 07:28:55.054,1.10388,1.10401,1.19,1.00
2018.05.24 07:28:55.167,1.10388,1.10403,1.87,1.25
2018.05.24 07:28:55.324,1.10389,1.10404,1.19,3.19
2018.05.24 07:28:55.715,1.10387,1.10404,2.70,4.20
2018.05.24 07:28:56.181,1.10385,1.104,1.29,1.50
2018.05.24 07:28:56.445,1.10385,1.10398,1.25,1.00
2018.05.24 07:28:56.958,1.10385,1.10398,1.19,1.00
2018.05.24 07:28:57.064,1.10391,1.10403,1.25,1.00
2018.05.24 07:28:57.117,1.1039,1.10405,2.44,2.51
2018.05.24 07:28:57.186,1.10392,1.10405,1.69,1.00
2018.05.24 07:28:57.242,1.10392,1.10405,1.87,1.00
2018.05.24 07:28:57.296,1.10393,1.10405,1.19,1.00
2018.05.24 07:28:57.796,1.1039,1.10405,1.20,2.25
2018.05.24 07:28:58.348,1.10391,1.10405,1.69,1.00
2018.05.24 07:28:58.402,1.1039,1.10404,1.50,1.19
2018.05.24 07:28:58.506,1.10389,1.10404,1.69,1.10
2018.05.24 07:28:58.609,1.10389,1.10404,1.25,1.69
2018.05.24 07:28:58.956,1.10391,1.10401,1.50,1.00
2018.05.24 07:28:59.909,1.10391,1.10403,1.50,1.00
2018.05.24 07:29:00.122,1.10389,1.10403,1.25,1.25
2018.05.24 07:29:00.225,1.10389,1.10401,1.00,1.25
2018.05.24 07:29:01.137,1.10389,1.10401,1.00,1.19
2018.05.24 07:29:01.188,1.10387,1.10401,1.25,1.19
2018.05.24 07:29:01.240,1.10387,1.10401,2.44,1.19
2018.05.24 07:29:01.785,1.10387,1.10401,1.87,1.00
2018.05.24 07:29:02.358,1.10388,1.10401,1.00,1.19
2018.05.24 07:29:02.839,1.10386,1.104,1.25,1.19
2018.05.24 07:29:03.099,1.10387,1.104,2.25,1.25
2018.05.24 07:29:04.384,1.10387,1.10401,1.76,1.00
2018.05.24 07:29:04.711,1.10392,1.10404,1.19,1.25
2018.05.24 07:29:05.019,1.10389,1.10404,3.45,1.19
2018.05.24 07:29:05.121,1.10388,1.10401,2.70,1.19
2018.05.24 07:29:05.644,1.10388,1.10401,2.32,1.00
2018.05.24 07:29:06.002,1.10388,1.10401,1.26,1.00
2018.05.24 07:29:06.126,1.10386,1.10401,1.76,1.19
2018.05.24 07:29:07.264,1.10386,1.104,1.87,1.19
2018.05.24 07:29:08.125,1.10386,1.10398,1.25,1.00
2018.05.24 07:29:08.232,1.10385,1.10398,1.00,1.69
2018.05.24 07:29:08.437,1.10385,1.10398,1.19,1.00
2018.05.24 07:29:09.019,1.10384,1.10398,1.26,3.19
2018.05.24 07:29:09.071,1.10383,1.10398,1.20,3.19
2018.05.24 07:29:09.666,1.10382,1.10398,1.85,3.94
2018.05.24 07:29:09.718,1.10381,1.10396,1.32,2.44
2018.05.24 07:29:09.826,1.10379,1.10392,1.32,1.25
2018.05.24 07:29:10.047,1.10377,1.10391,2.14,1.19
2018.05.24 07:29:10.099,1.10376,1.1039,1.20,1.69
2018.05.24 07:29:10.151,1.10374,1.10388,2.89,1.69
2018.05.24 07:29:10.254,1.10373,1.10388,1.76,2.44
2018.05.24 07:29:10.306,1.10373,1.10388,1.76,2.44
2018.05.24 07:29:10.818,1.10372,1.10387,1.69,1.29
2018.05.24 07:29:11.153,1.10373,1.10385,1.75,1.00
2018.05.24 07:29:11.586,1.10372,1.10384,1.75,1.19
2018.05.24 07:29:11.638,1.10371,1.10384,2.44,1.25
2018.05.24 07:29:11.961,1.10371,1.10384,1.75,1.69
2018.05.24 07:29:12.013,1.10369,1.10384,3.75,1.19
2018.05.24 07:29:12.176,1.10371,1.10384,2.00,1.01
2018.05.24 07:29:12.527,1.10373,1.10384,1.19,1.00
2018.05.24 07:29:14.931,1.1037,1.10382,2.51,1.50
2018.05.24 07:29:15.301,1.10368,1.10383,1.87,1.69
2018.05.24 07:29:15.836,1.10368,1.10383,1.69,1.19
2018.05.24 07:29:16.307,1.1037,1.10383,1.94,1.00
2018.05.24 07:29:16.973,1.10371,1.10384,1.44,1.00
2018.05.24 07:29:17.320,1.10368,1.10382,3.26,1.00
2018.05.24 07:29:17.830,1.10369,1.10384,1.57,2.44
2018.05.24 07:29:18.575,1.10368,1.10383,1.26,1.19
2018.05.24 07:29:18.679,1.10368,1.10384,1.01,2.44
2018.05.24 07:29:19.030,1.10368,1.10384,2.07,3.19
2018.05.24 07:29:19.200,1.10369,1.10384,1.01,1.69
2018.05.24 07:29:19.408,1.10369,1.10384,1.51,2.44
2018.05.24 07:29:20.027,1.10369,1.10384,1.82,3.19
2018.05.24 07:29:20.079,1.10368,1.10382,1.70,1.00
2018.05.24 07:29:20.687,1.10368,1.10381,1.19,1.00
2018.05.24 07:29:21.264,1.10367,1.10381,1.19,1.69
2018.05.24 07:29:21.347,1.10367,1.10379,1.19,1.00
2018.05.24 07:29:21.770,1.10365,1.10377,2.51,1.00
2018.05.24 07:29:22.351,1.10365,1.10377,1.76,1.00
2018.05.24 07:29:22.897,1.10364,1.10378,1.76,1.50
2018.05.24 07:29:23.228,1.10364,1.10376,2.51,1.00
2018.05.24 07:29:23.629,1.10366,1.10377,1.69,1.00
2018.05.24 07:29:24.221,1.10366,1.10378,1.94,1.00
2018.05.24 07:29:24.477,1.10364,1.10378,3.64,1.25
2018.05.24 07:29:24.529,1.10363,1.10377,2.14,1.19
2018.05.24 07:29:25.075,1.10364,1.10377,1.85,1.19
2018.05.24 07:29:25.614,1.10363,1.10375,2.32,1.25
2018.05.24 07:29:26.364,1.10362,1.10375,1.57,1.00
2018.05.24 07:29:26.756,1.10359,1.1037,2.25,1.25
2018.05.24 07:29:26.809,1.10359,1.1037,1.19,1.25
2018.05.24 07:29:27.069,1.10357,1.1037,1.12,1.25
2018.05.24 07:29:27.123,1.10357,1.10367,1.00,1.19
2018.05.24 07:29:27.372,1.10352,1.10364,1.82,1.00
2018.05.24 07:29:27.735,1.10353,1.10366,1.19,1.25
2018.05.24 07:29:27.788,1.10354,1.10368,1.75,1.69
2018.05.24 07:29:27.997,1.10357,1.10371,1.29,1.69
2018.05.24 07:29:29.063,1.10357,1.10371,1.51,1.19
2018.05.24 07:29:29.793,1.10357,1.10369,1.57,1.00
2018.05.24 07:29:30.479,1.10355,1.10369,1.89,1.19
2018.05.24 07:29:30.989,1.10355,1.10367,1.89,1.00
2018.05.24 07:29:31.503,1.10355,1.10369,1.89,1.19
2018.05.24 07:29:32.413,1.10358,1.1037,1.01,1.00
2018.05.24 07:29:32.920,1.10358,1.1037,1.70,1.00
2018.05.24 07:29:33.428,1.10358,1.10372,1.70,1.25
2018.05.24 07:29:33.713,1.10358,1.1037,1.70,1.00
2018.05.24 07:29:34.220,1.10356,1.10369,2.89,1.00
2018.05.24 07:29:34.728,1.10356,1.10369,2.89,1.00
2018.05.24 07:29:35.302,1.10356,1.10369,2.32,1.00
2018.05.24 07:29:35.510,1.10356,1.10371,1.95,1.00
2018.05.24 07:29:35.926,1.10358,1.10373,1.44,1.50
2018.05.24 07:29:36.899,1.10358,1.10374,1.76,2.25
2018.05.24 07:29:37.107,1.10362,1.10374,1.51,1.00
2018.05.24 07:29:37.417,1.10362,1.10371,1.00,1.19
2018.05.24 07:29:37.470,1.10356,1.1037,1.32,1.19
2018.05.24 07:29:37.522,1.10358,1.1037,1.50,1.19
2018.05.24 07:29:37.651,1.10358,1.1037,1.69,1.19
2018.05.24 07:29:38.176,1.10357,1.10369,1.85,1.69
2018.05.24 07:29:39.051,1.10358,1.10368,1.50,1.00
2018.05.24 07:29:39.153,1.10359,1.10371,1.75,1.00
2018.05.24 07:29:39.645,1.10357,1.1037,4.57,1.19
2018.05.24 07:29:40.187,1.10358,1.1037,1.85,1.19
2018.05.24 07:29:40.725,1.10358,1.1037,1.85,1.00
2018.05.24 07:29:41.150,1.10359,1.10372,2.25,1.50
2018.05.24 07:29:41.655,1.10359,1.10371,1.75,1.00
2018.05.24 07:29:42.175,1.10358,1.10371,3.00,1.00
2018.05.24 07:29:42.431,1.10359,1.10373,1.85,1.25
2018.05.24 07:29:42.949,1.10361,1.10372,1.50,1.00
2018.05.24 07:29:44.081,1.1036,1.10374,1.85,1.50
2018.05.24 07:29:44.590,1.1036,1.10373,2.32,1.00
2018.05.24 07:29:45.140,1.1036,1.10373,1.50,1.19
2018.05.24 07:29:45.709,1.10358,1.10373,2.51,1.00
2018.05.24 07:29:46.506,1.10359,1.10373,2.32,1.00
2018.05.24 07:29:47.612,1.10359,1.10373,2.32,1.25
2018.05.24 07:29:48.138,1.10359,1.10374,2.70,1.25
2018.05.24 07:29:48.759,1.10361,1.10373,1.29,1.00
2018.05.24 07:29:49.332,1.10362,1.10373,1.75,1.00
2018.05.24 07:29:49.640,1.10365,1.10375,1.57,1.00
2018.05.24 07:29:49.955,1.10367,1.10375,3.07,1.00
2018.05.24 07:29:50.133,1.10367,1.10377,2.70,1.00
2018.05.24 07:29:50.236,1.10367,1.10379,2.70,1.25
2018.05.24 07:29:50.814,1.10366,1.1038,1.75,1.19
2018.05.24 07:29:51.323,1.10366,1.1038,2.25,1.69
2018.05.24 07:29:52.792,1.10365,1.10379,1.82,1.19
2018.05.24 07:29:53.342,1.10366,1.10379,1.85,1.69
2018.05.24 07:29:53.793,1.10367,1.10374,1.00,1.00
2018.05.24 07:29:53.845,1.10363,1.10376,2.89,1.25
2018.05.24 07:29:53.897,1.10361,1.10375,1.20,1.19
2018.05.24 07:29:53.949,1.10361,1.10375,1.76,1.25
2018.05.24 07:29:54.017,1.10361,1.10374,1.76,1.19
2018.05.24 07:29:54.172,1.10361,1.10374,1.57,1.00
2018.05.24 07:29:54.276,1.10363,1.10377,1.01,1.50
2018.05.24 07:29:54.483,1.10365,1.10378,1.01,1.00
2018.05.24 07:29:54.859,1.10366,1.10378,2.70,1.00
2018.05.24 07:29:54.962,1.10366,1.1038,2.51,1.00
2018.05.24 07:29:55.882,1.10366,1.1038,1.19,1.19
2018.05.24 07:29:55.985,1.10364,1.10376,1.07,1.00
2018.05.24 07:29:56.520,1.10361,1.10376,2.51,1.50
2018.05.24 07:29:56.822,1.10364,1.1038,1.69,1.50
2018.05.24 07:29:56.874,1.10365,1.1038,1.76,1.00
2018.05.24 07:29:57.082,1.10365,1.1038,1.44,1.00
2018.05.24 07:29:57.886,1.10364,1.1038,1.76,1.00
2018.05.24 07:29:58.430,1.10366,1.1038,1.20,1.50
2018.05.24 07:29:58.902,1.10366,1.1038,1.25,1.25
2018.05.24 07:29:59.006,1.10365,1.10381,3.82,1.50
2018.05.24 07:29:59.345,1.10368,1.10381,3.45,1.00
2018.05.24 07:29:59.396,1.10368,1.10384,3.45,1.50
2018.05.24 07:29:59.912,1.10369,1.10384,1.95,2.25
2018.05.24 07:30:00.016,1.10369,1.10383,1.29,1.19
2018.05.24 07:30:00.517,1.10369,1.10381,1.20,1.50
2018.05.24 07:30:00.950,1.10366,1.10381,1.87,1.50
2018.05.24 07:30:01.156,1.10366,1.10381,1.87,1.50
2018.05.24 07:30:01.312,1.10364,1.10379,1.44,1.25
2018.05.24 07:30:01.464,1.10363,1.10378,1.76,1.69
2018.05.24 07:30:02.006,1.10361,1.10378,4.69,1.87
2018.05.24 07:30:02.566,1.10361,1.10378,5.51,1.69
2018.05.24 07:30:02.985,1.10367,1.10381,1.12,1.76
2018.05.24 07:30:03.038,1.10367,1.10381,1.44,1.01
2018.05.24 07:30:03.237,1.10372,1.10382,1.00,1.00
2018.05.24 07:30:03.293,1.10372,1.10385,1.25,1.32
2018.05.24 07:30:03.507,1.10369,1.10385,2.25,1.19
2018.05.24 07:30:03.769,1.10371,1.10385,1.50,1.29
2018.05.24 07:30:03.887,1.10371,1.10385,1.50,1.01
2018.05.24 07:30:05.057,1.10371,1.10385,2.44,1.00
2018.05.24 07:30:05.274,1.10374,1.10388,1.37,1.32
2018.05.24 07:30:05.824,1.10374,1.10388,2.25,1.01
2018.05.24 07:30:06.282,1.10375,1.1039,1.50,1.57
2018.05.24 07:30:06.334,1.10378,1.1039,1.44,1.00
2018.05.24 07:30:06.677,1.10383,1.10391,1.00,1.00
2018.05.24 07:30:07.092,1.10381,1.10394,1.81,1.00
2018.05.24 07:30:07.196,1.10379,1.10394,1.87,1.10
2018.05.24 07:30:07.359,1.10379,1.10394,2.44,1.01
2018.05.24 07:30:08.772,1.10382,1.10396,2.06,1.76
2018.05.24 07:30:09.102,1.10387,1.10399,3.00,1.25
2018.05.24 07:30:09.156,1.1039,1.10403,1.12,1.32
2018.05.24 07:30:09.209,1.10392,1.10402,3.00,1.00
2018.05.24 07:30:09.261,1.10392,1.10407,3.19,2.14
2018.05.24 07:30:09.315,1.10394,1.10407,1.50,2.51
2018.05.24 07:30:09.524,1.10389,1.10405,4.31,1.26
2018.05.24 07:30:09.680,1.10391,1.10405,1.50,1.19
2018.05.24 07:30:09.732,1.10392,1.10407,4.31,1.50
2018.05.24 07:30:09.834,1.10394,1.10407,1.50,1.00
2018.05.24 07:30:09.886,1.10394,1.10409,1.50,1.10
2018.05.24 07:30:10.425,1.10395,1.1041,1.37,1.76
2018.05.24 07:30:10.499,1.10397,1.10412,1.62,1.25
2018.05.24 07:30:12.218,1.10397,1.10412,2.25,1.69
2018.05.24 07:30:12.290,1.10396,1.10411,1.76,1.19
2018.05.24 07:30:12.430,1.10395,1.10409,2.89,1.19
2018.05.24 07:30:12.635,1.10395,1.1041,1.87,2.44
2018.05.24 07:30:13.460,1.10395,1.1041,1.87,2.44
2018.05.24 07:30:13.798,1.10395,1.1041,3.19,2.44
2018.05.24 07:30:14.007,1.10395,1.1041,1.87,3.19
2018.05.24 07:30:14.518,1.10396,1.1041,1.50,2.44
2018.05.24 07:30:14.681,1.10395,1.1041,1.95,3.19
2018.05.24 07:30:14.837,1.10394,1.1041,1.76,2.44
2018.05.24 07:30:14.891,1.10394,1.1041,1.76,2.44
2018.05.24 07:30:15.406,1.10395,1.1041,1.12,2.44
2018.05.24 07:30:15.923,1.10394,1.1041,1.29,2.44
2018.05.24 07:30:16.072,1.10394,1.1041,2.51,1.69
2018.05.24 07:30:16.595,1.10395,1.1041,2.06,1.50
2018.05.24 07:30:16.986,1.10395,1.1041,1.69,1.69
2018.05.24 07:30:17.195,1.10395,1.1041,1.12,1.69
2018.05.24 07:30:17.636,1.10395,1.1041,1.76,1.69
2018.05.24 07:30:17.688,1.10395,1.1041,1.69,1.69
2018.05.24 07:30:17.740,1.10393,1.1041,3.64,1.69
2018.05.24 07:30:17.952,1.10394,1.1041,1.76,1.69
2018.05.24 07:30:18.109,1.10395,1.1041,3.00,3.19
2018.05.24 07:30:18.661,1.10395,1.1041,2.25,2.44
2018.05.24 07:30:18.974,1.10392,1.10408,2.89,1.19
2018.05.24 07:30:19.312,1.1039,1.10406,1.20,3.94
2018.05.24 07:30:19.378,1.10389,1.10405,1.25,3.19
2018.05.24 07:30:19.945,1.10388,1.10403,1.12,1.31
2018.05.24 07:30:20.121,1.10388,1.10403,1.25,3.94
2018.05.24 07:30:20.173,1.10388,1.10403,1.69,1.50
2018.05.24 07:30:20.225,1.10388,1.10403,2.44,1.50
2018.05.24 07:30:20.431,1.10388,1.10402,1.47,1.00
2018.05.24 07:30:20.967,1.10387,1.10401,1.01,1.00
2018.05.24 07:30:21.489,1.10388,1.10402,1.37,1.00
2018.05.24 07:30:21.647,1.10389,1.10404,1.01,1.00
2018.05.24 07:30:22.091,1.10389,1.10404,1.01,1.69
2018.05.24 07:30:22.270,1.10389,1.10404,1.76,1.69
2018.05.24 07:30:22.631,1.10392,1.10404,1.69,1.00
2018.05.24 07:30:22.683,1.10393,1.10407,1.69,1.19
2018.05.24 07:30:22.735,1.10395,1.10407,1.87,1.00
2018.05.24 07:30:23.080,1.10394,1.10409,3.07,1.25
2018.05.24 07:30:23.662,1.10394,1.10409,1.76,1.00
2018.05.24 07:30:23.713,1.10396,1.1041,2.04,1.00
2018.05.24 07:30:24.212,1.10396,1.10409,1.76,1.00
2018.05.24 07:30:24.264,1.10394,1.10409,2.51,1.00
2018.05.24 07:30:24.798,1.10394,1.10408,1.01,1.25
2018.05.24 07:30:25.335,1.10395,1.10408,2.51,1.25
2018.05.24 07:30:25.389,1.10397,1.10411,1.69,1.00
2018.05.24 07:30:25.988,1.10397,1.10411,2.32,1.00
2018.05.24 07:30:26.090,1.10398,1.10411,1.76,1.00
2018.05.24 07:30:26.193,1.10395,1.10409,1.89,1.25
2018.05.24 07:30:26.297,1.10396,1.10411,2.44,1.00
2018.05.24 07:30:26.421,1.10398,1.10411,1.19,1.00
2018.05.24 07:30:26.736,1.10396,1.10411,4.39,1.00
2018.05.24 07:30:26.790,1.10394,1.10409,2.89,1.50
2018.05.24 07:30:26.842,1.10394,1.10409,1.76,1.50
2018.05.24 07:30:27.488,1.10393,1.10407,1.01,1.19
2018.05.24 07:30:28.348,1.10393,1.10407,1.19,1.25
2018.05.24 07:30:28.688,1.10392,1.10408,1.01,3.56
2018.05.24 07:30:28.987,1.10391,1.10407,2.04,2.44
2018.05.24 07:30:29.827,1.1039,1.10405,1.95,2.44
2018.05.24 07:30:31.192,1.10392,1.10405,1.25,2.06
2018.05.24 07:30:31.522,1.1039,1.10404,1.57,1.69
2018.05.24 07:30:31.741,1.10388,1.10402,1.76,1.25
2018.05.24 07:30:32.995,1.10387,1.10402,1.01,1.25
2018.05.24 07:30:35.142,1.10386,1.10403,3.45,2.25
2018.05.24 07:30:35.359,1.10389,1.10405,1.87,1.25
2018.05.24 07:30:35.669,1.1039,1.10402,1.00,1.00
2018.05.24 07:30:39.973,1.1039,1.10402,1.19,1.50
2018.05.24 07:30:40.308,1.10388,1.10402,1.25,2.44
2018.05.24 07:30:40.516,1.1039,1.10402,1.25,1.25
2018.05.24 07:30:41.021,1.10391,1.10403,1.69,1.00
2018.05.24 07:30:41.278,1.10389,1.10402,1.01,1.25
2018.05.24 07:30:42.932,1.10387,1.10402,1.95,1.25
2018.05.24 07:30:43.137,1.10387,1.10402,1.95,1.25
2018.05.24 07:30:43.188,1.10387,1.10402,1.95,1.25
2018.05.24 07:30:43.755,1.10389,1.10402,1.25,1.00
2018.05.24 07:30:45.201,1.10387,1.10402,1.44,1.69
2018.05.24 07:30:45.741,1.10386,1.104,2.44,1.00
2018.05.24 07:30:46.495,1.10386,1.104,1.69,1.19
2018.05.24 07:30:47.058,1.10386,1.104,1.69,1.00
2018.05.24 07:30:47.583,1.10388,1.104,1.44,1.00
2018.05.24 07:30:49.200,1.10388,1.104,1.44,1.00
2018.05.24 07:30:49.311,1.10391,1.10403,1.25,1.25
2018.05.24 07:30:49.816,1.1039,1.10403,1.00,1.69
2018.05.24 07:30:50.416,1.1039,1.10402,1.00,1.00
2018.05.24 07:30:50.965,1.10388,1.10402,1.44,1.00
2018.05.24 07:30:51.563,1.10388,1.10402,1.25,1.19
2018.05.24 07:30:52.045,1.10388,1.10402,1.19,1.25
2018.05.24 07:30:53.206,1.10391,1.10403,1.00,1.69
2018.05.24 07:30:53.899,1.10389,1.10403,2.25,1.69
2018.05.24 07:30:54.078,1.10389,1.10403,2.06,1.25
2018.05.24 07:30:54.692,1.10389,1.10403,2.25,1.69
2018.05.24 07:30:55.230,1.10389,1.10403,1.00,1.69
2018.05.24 07:30:55.283,1.10389,1.10401,1.00,1.19
2018.05.24 07:30:55.786,1.10388,1.10401,1.00,1.19
2018.05.24 07:30:57.970,1.10386,1.104,1.00,1.29
2018.05.24 07:30:58.025,1.10383,1.10397,3.00,2.62
2018.05.24 07:30:58.228,1.10379,1.10392,1.50,1.25
2018.05.24 07:30:58.542,1.10379,1.10392,1.87,1.00
2018.05.24 07:30:59.070,1.10381,1.10393,1.19,1.00
2018.05.24 07:30:59.486,1.10379,1.10393,3.07,1.69
2018.05.24 07:30:59.538,1.10379,1.10392,1.50,2.62
2018.05.24 07:30:59.867,1.1038,1.10389,1.00,1.69
2018.05.24 07:31:00.071,1.10378,1.10389,1.00,1.69
2018.05.24 07:31:00.228,1.10378,1.10389,1.00,1.00
2018.05.24 07:31:00.512,1.10376,1.10389,1.00,1.00
2018.05.24 07:31:01.036,1.10377,1.10389,1.00,1.00
2018.05.24 07:31:01.380,1.10377,1.10391,2.25,1.19
2018.05.24 07:31:01.486,1.10375,1.10389,2.44,1.00
2018.05.24 07:31:01.539,1.10373,1.10387,1.32,1.25
2018.05.24 07:31:01.911,1.10373,1.10384,1.00,1.19
2018.05.24 07:31:01.963,1.10373,1.10385,1.00,1.19
2018.05.24 07:31:02.066,1.10373,1.10384,1.00,1.19
2018.05.24 07:31:02.328,1.10371,1.10385,2.44,1.69
2018.05.24 07:31:02.829,1.1037,1.10385,2.44,3.19
2018.05.24 07:31:03.206,1.1037,1.10385,1.69,2.44
2018.05.24 07:31:04.197,1.1037,1.10384,1.20,1.00
2018.05.24 07:31:04.252,1.10369,1.10384,1.32,1.87
2018.05.24 07:31:04.497,1.10366,1.10382,1.26,1.50
2018.05.24 07:31:04.550,1.10366,1.1038,1.01,1.00
2018.05.24 07:31:04.871,1.10365,1.1038,1.44,1.00
2018.05.24 07:31:05.297,1.10365,1.1038,1.37,1.50
2018.05.24 07:31:05.878,1.10364,1.1038,1.76,1.00
2018.05.24 07:31:06.393,1.10365,1.1038,1.57,1.25
2018.05.24 07:31:06.551,1.10367,1.1038,1.19,1.19
2018.05.24 07:31:06.605,1.10365,1.1038,1.57,2.44
2018.05.24 07:31:07.119,1.10364,1.10379,1.19,1.19
2018.05.24 07:31:07.914,1.10363,1.10379,3.19,1.19
2018.05.24 07:31:08.761,1.10363,1.10379,3.45,1.19
2018.05.24 07:31:09.027,1.1036,1.10376,3.45,1.19
2018.05.24 07:31:09.234,1.1036,1.10375,2.70,1.19
2018.05.24 07:31:09.940,1.1036,1.10376,2.70,2.44
2018.05.24 07:31:11.544,1.10361,1.10376,2.70,1.69
2018.05.24 07:31:11.597,1.10361,1.10376,1.20,1.69
2018.05.24 07:31:11.932,1.10363,1.10379,1.20,3.94
2018.05.24 07:31:12.491,1.10363,1.10379,1.95,1.69
2018.05.24 07:31:13.018,1.10364,1.10378,1.25,1.19
2018.05.24 07:31:13.427,1.10366,1.10378,1.69,1.69
2018.05.24 07:31:13.480,1.10368,1.10381,1.00,1.76
2018.05.24 07:31:13.532,1.10368,1.10382,1.25,1.76
2018.05.24 07:31:13.660,1.1037,1.10383,2.00,1.50
2018.05.24 07:31:13.713,1.10373,1.10385,1.25,1.25
2018.05.24 07:31:13.872,1.10372,1.10385,1.19,1.69
2018.05.24 07:31:13.925,1.10372,1.10385,1.50,1.00
2018.05.24 07:31:14.031,1.10372,1.10385,1.50,1.69
2018.05.24 07:31:14.560,1.1037,1.10385,3.00,1.69
2018.05.24 07:31:15.558,1.10372,1.10385,1.19,1.19
2018.05.24 07:31:15.864,1.1037,1.10383,1.19,1.19
2018.05.24 07:31:16.400,1.10368,1.10382,2.25,1.69
2018.05.24 07:31:16.894,1.10367,1.10382,1.19,3.94
2018.05.24 07:31:17.336,1.10368,1.10382,1.69,1.19
2018.05.24 07:31:17.937,1.10368,1.10382,1.50,1.25
2018.05.24 07:31:18.640,1.10371,1.10382,1.19,1.00
2018.05.24 07:31:18.692,1.10371,1.10385,1.12,1.19
2018.05.24 07:31:19.070,1.1037,1.10385,3.00,1.69
2018.05.24 07:31:19.506,1.1037,1.10386,2.51,1.50
2018.05.24 07:31:19.611,1.10371,1.10386,1.19,2.44
2018.05.24 07:31:20.114,1.1037,1.10385,2.32,1.00
2018.05.24 07:31:20.636,1.10369,1.10384,2.14,1.00
2018.05.24 07:31:21.362,1.10371,1.10385,1.20,1.19
2018.05.24 07:31:21.675,1.10372,1.10385,1.07,1.19
2018.05.24 07:31:21.992,1.10372,1.10386,1.26,1.69
2018.05.24 07:31:22.043,1.10373,1.10386,2.44,1.25
2018.05.24 07:31:22.146,1.10373,1.10388,3.26,2.44
2018.05.24 07:31:22.301,1.10375,1.10389,1.64,1.19
2018.05.24 07:31:22.352,1.10375,1.10389,1.89,1.00
2018.05.24 07:31:22.894,1.10374,1.1039,1.95,2.44
2018.05.24 07:31:23.415,1.10376,1.1039,1.10,1.19
2018.05.24 07:31:23.733,1.10376,1.10389,1.10,1.19
2018.05.24 07:31:24.048,1.10378,1.1039,1.01,1.69
2018.05.24 07:31:24.516,1.10377,1.10389,1.51,1.19
2018.05.24 07:31:25.081,1.10376,1.10389,1.32,1.19
2018.05.24 07:31:25.351,1.10376,1.1039,1.32,1.19
2018.05.24 07:31:25.775,1.10376,1.10388,1.25,1.19
2018.05.24 07:31:25.993,1.10376,1.1039,1.25,1.69
2018.05.24 07:31:26.706,1.10377,1.1039,1.00,1.25
2018.05.24 07:31:26.758,1.10378,1.1039,1.19,1.00
2018.05.24 07:31:28.075,1.10379,1.10392,1.19,1.69
2018.05.24 07:31:28.684,1.1038,1.10392,1.19,1.25
2018.05.24 07:31:28.895,1.10378,1.10394,1.29,1.69
2018.05.24 07:31:29.306,1.10378,1.10389,1.25,1.19
2018.05.24 07:31:29.360,1.10377,1.10391,1.01,1.69
2018.05.24 07:31:29.414,1.10377,1.10389,1.00,1.19
2018.05.24 07:31:29.466,1.10376,1.1039,1.12,1.19
2018.05.24 07:31:29.827,1.10373,1.10388,3.07,1.19
2018.05.24 07:31:29.931,1.10374,1.10388,1.01,1.19
2018.05.24 07:31:30.484,1.10376,1.10389,1.00,1.19
2018.05.24 07:31:30.751,1.10374,1.10388,1.25,1.19
2018.05.24 07:31:30.841,1.10374,1.1039,1.25,3.94
2018.05.24 07:31:30.899,1.10373,1.10388,1.29,1.69
2018.05.24 07:31:31.007,1.10372,1.10386,1.25,1.19
2018.05.24 07:31:31.061,1.1037,1.10384,1.01,1.19
2018.05.24 07:31:31.168,1.10367,1.10381,1.00,1.19
2018.05.24 07:31:31.328,1.10365,1.10379,1.01,2.44
2018.05.24 07:31:31.869,1.10364,1.10378,1.50,1.19
2018.05.24 07:31:32.108,1.10364,1.10379,1.57,2.44
2018.05.24 07:31:32.694,1.10363,1.10379,2.25,2.44
2018.05.24 07:31:33.365,1.10363,1.10379,1.69,2.44
2018.05.24 07:31:34.013,1.10364,1.10379,1.19,2.44
2018.05.24 07:31:34.485,1.10362,1.10377,2.44,2.44
2018.05.24 07:31:34.601,1.10361,1.10376,1.12,1.69
2018.05.24 07:31:36.046,1.10361,1.10376,1.76,1.69
2018.05.24 07:31:36.481,1.10363,1.10377,1.12,1.00
2018.05.24 07:31:36.584,1.10361,1.10376,1.51,1.19
2018.05.24 07:31:36.686,1.1036,1.10375,1.25,2.44
2018.05.24 07:31:37.256,1.1036,1.10374,1.00,1.69
2018.05.24 07:31:37.792,1.10358,1.10373,2.44,3.19
2018.05.24 07:31:38.202,1.10358,1.10373,1.20,1.69
2018.05.24 07:31:38.736,1.10359,1.10373,1.25,1.00
2018.05.24 07:31:40.260,1.10359,1.10373,1.50,1.19
2018.05.24 07:31:40.793,1.10359,1.10374,1.20,1.19
2018.05.24 07:31:41.144,1.10358,1.10372,1.25,1.25
2018.05.24 07:31:41.301,1.10358,1.10372,1.25,1.69
2018.05.24 07:31:41.836,1.10358,1.10372,2.70,1.19
2018.05.24 07:31:42.327,1.10355,1.10369,2.32,1.00
2018.05.24 07:31:42.429,1.10358,1.10372,1.19,1.25
2018.05.24 07:31:42.950,1.10358,1.10373,1.19,1.69
2018.05.24 07:31:43.479,1.10358,1.10372,2.25,1.19
2018.05.24 07:31:44.011,1.10358,1.10373,1.69,1.19
2018.05.24 07:31:44.799,1.10359,1.10374,1.12,2.44
2018.05.24 07:31:45.316,1.10359,1.10374,1.87,1.19
2018.05.24 07:31:45.804,1.10357,1.10372,2.25,1.19
2018.05.24 07:31:45.857,1.10357,1.10371,1.69,1.25
2018.05.24 07:31:47.082,1.10356,1.1037,1.69,1.19
2018.05.24 07:31:47.344,1.10355,1.1037,1.01,1.69
2018.05.24 07:31:47.449,1.10358,1.10371,1.00,1.69
2018.05.24 07:31:47.555,1.10357,1.10373,2.62,1.29
2018.05.24 07:31:47.819,1.1036,1.10373,1.25,1.25
2018.05.24 07:31:48.133,1.10359,1.10372,1.00,1.19
2018.05.24 07:31:48.678,1.10359,1.10372,1.00,1.69
2018.05.24 07:31:48.733,1.10359,1.10372,1.00,1.25
2018.05.24 07:31:48.786,1.10359,1.10372,1.00,1.69
2018.05.24 07:31:48.893,1.10357,1.10372,1.69,1.69
2018.05.24 07:31:49.387,1.10358,1.10372,1.25,1.69
2018.05.24 07:31:49.724,1.10354,1.10368,1.57,1.19
2018.05.24 07:31:50.516,1.10357,1.10371,1.50,1.76
2018.05.24 07:31:50.621,1.10353,1.10367,1.39,1.19
2018.05.24 07:31:50.934,1.10355,1.10369,1.50,1.69
2018.05.24 07:31:50.987,1.10355,1.10369,1.50,1.25
2018.05.24 07:31:51.117,1.10352,1.10367,1.76,1.69
2018.05.24 07:31:51.626,1.10352,1.10366,1.51,1.19
2018.05.24 07:31:51.915,1.10352,1.10366,1.29,1.25
2018.05.24 07:31:52.713,1.10352,1.10367,1.95,1.19
2018.05.24 07:31:53.046,1.10353,1.10368,4.01,1.00
2018.05.24 07:31:53.660,1.10352,1.10367,3.26,1.25
2018.05.24 07:31:54.188,1.10354,1.10368,1.47,1.25
2018.05.24 07:31:54.622,1.10355,1.10369,1.19,2.44
2018.05.24 07:31:55.194,1.10357,1.10369,1.76,1.00
2018.05.24 07:31:55.695,1.10357,1.10369,2.44,1.00
2018.05.24 07:31:55.800,1.10357,1.10371,2.44,1.25
2018.05.24 07:31:56.302,1.1036,1.10371,1.25,1.25
2018.05.24 07:31:56.857,1.1036,1.10371,1.19,1.00
2018.05.24 07:31:57.162,1.1036,1.10373,1.00,1.25
2018.05.24 07:31:57.216,1.10362,1.10374,1.00,1.69
2018.05.24 07:31:57.733,1.1036,1.10376,2.32,2.81
2018.05.24 07:31:58.068,1.10363,1.10377,2.51,1.31
2018.05.24 07:31:58.736,1.10363,1.10378,2.32,2.06
2018.05.24 07:31:59.265,1.10363,1.10377,1.19,1.69
2018.05.24 07:31:59.818,1.10363,1.10377,1.76,2.44
2018.05.24 07:32:00.076,1.10363,1.10377,1.01,1.19
2018.05.24 07:32:00.577,1.10364,1.10377,1.00,1.19
2018.05.24 07:32:01.082,1.10363,1.10377,1.20,1.19
2018.05.24 07:32:01.622,1.10363,1.10377,1.76,1.19
2018.05.24 07:32:01.832,1.10363,1.10378,1.50,1.19
2018.05.24 07:32:01.934,1.10362,1.10377,1.51,1.19
2018.05.24 07:32:02.443,1.10362,1.10377,1.20,1.19
2018.05.24 07:32:02.958,1.10362,1.10377,1.20,1.19
2018.05.24 07:32:04.030,1.10362,1.10376,1.19,1.25
2018.05.24 07:32:04.545,1.10362,1.10376,2.51,1.25
2018.05.24 07:32:05.095,1.10363,1.10377,2.51,1.69
2018.05.24 07:32:05.624,1.10364,1.10377,1.76,1.25
2018.05.24 07:32:05.900,1.10364,1.10378,1.01,1.19
2018.05.24 07:32:06.143,1.10366,1.10378,1.00,1.25
2018.05.24 07:32:06.659,1.10365,1.10379,1.76,1.00
2018.05.24 07:32:07.213,1.10365,1.10379,2.70,1.00
2018.05.24 07:32:07.390,1.10366,1.10381,1.95,1.69
2018.05.24 07:32:07.933,1.10368,1.10381,1.00,1.69
2018.05.24 07:32:08.350,1.1037,1.10381,1.00,1.69
2018.05.24 07:32:09.034,1.10371,1.10381,1.00,1.25
2018.05.24 07:32:09.295,1.1037,1.10383,1.00,1.25
2018.05.24 07:32:09.943,1.1037,1.10383,1.20,1.25
2018.05.24 07:32:10.151,1.1037,1.10383,1.10,1.19
2018.05.24 07:32:10.203,1.1037,1.10383,1.10,1.69
2018.05.24 07:32:10.964,1.10371,1.10383,1.00,1.25
2018.05.24 07:32:12.231,1.1037,1.10383,1.01,1.25
2018.05.24 07:32:13.166,1.10368,1.10383,1.76,2.81
2018.05.24 07:32:13.219,1.10368,1.10383,1.25,3.64
2018.05.24 07:32:13.373,1.10366,1.10381,1.76,1.76
2018.05.24 07:32:13.425,1.10368,1.10381,1.00,1.76
2018.05.24 07:32:13.854,1.10371,1.10384,1.25,1.10
2018.05.24 07:32:14.372,1.10372,1.10384,1.00,1.00
2018.05.24 07:32:14.943,1.10371,1.10384,1.25,1.12
2018.05.24 07:32:16.089,1.10372,1.10384,1.00,1.12
2018.05.24 07:32:17.215,1.10374,1.10384,1.00,1.00
2018.05.24 07:32:17.431,1.10377,1.10388,1.00,1.01
2018.05.24 07:32:17.611,1.10377,1.10388,1.00,1.19
2018.05.24 07:32:17.662,1.10375,1.10388,1.00,1.19
2018.05.24 07:32:18.034,1.10377,1.10389,1.25,1.19
2018.05.24 07:32:18.086,1.10377,1.10389,1.85,1.00
2018.05.24 07:32:18.140,1.10378,1.10389,1.44,1.00
2018.05.24 07:32:18.193,1.10378,1.10391,1.44,1.00
2018.05.24 07:32:18.737,1.10378,1.10392,1.19,2.06
2018.05.24 07:32:19.256,1.10377,1.10391,1.69,1.19
2018.05.24 07:32:19.837,1.10378,1.10391,1.00,1.19
2018.05.24 07:32:20.868,1.10379,1.10392,1.00,1.19
2018.05.24 07:32:21.412,1.10378,1.10392,1.00,1.69
2018.05.24 07:32:21.962,1.10377,1.10392,1.01,1.69
2018.05.24 07:32:22.531,1.10378,1.10392,1.00,1.69
2018.05.24 07:32:24.404,1.10377,1.10392,1.19,3.19
2018.05.24 07:32:24.457,1.10377,1.10389,1.07,1.69
2018.05.24 07:32:24.509,1.10375,1.10388,1.00,1.19
2018.05.24 07:32:24.872,1.10374,1.10389,2.51,1.25
2018.05.24 07:32:25.418,1.10375,1.10389,1.29,1.19
2018.05.24 07:32:25.471,1.10376,1.10388,1.00,1.19
2018.05.24 07:32:25.576,1.10374,1.10388,1.50,1.19
2018.05.24 07:32:25.680,1.10374,1.10388,1.76,1.25
2018.05.24 07:32:26.222,1.10375,1.10389,1.12,1.01
2018.05.24 07:32:26.746,1.10376,1.10389,1.00,1.19
2018.05.24 07:32:27.641,1.10376,1.10389,1.19,1.25
2018.05.24 07:32:27.745,1.10379,1.10391,1.00,1.69
2018.05.24 07:32:28.966,1.10379,1.10391,1.00,1.69
2018.05.24 07:32:29.019,1.10379,1.10391,1.00,1.69
2018.05.24 07:32:29.340,1.10381,1.10391,1.00,1.69
2018.05.24 07:32:30.654,1.10381,1.1039,1.00,1.19
2018.05.24 07:32:31.201,1.10381,1.1039,1.00,1.25
2018.05.24 07:32:32.208,1.10381,1.1039,1.00,1.19
2018.05.24 07:32:32.742,1.10377,1.1039,1.25,1.25
2018.05.24 07:32:32.930,1.10378,1.10389,1.00,1.69
2018.05.24 07:32:33.033,1.10375,1.10389,1.69,1.19
2018.05.24 07:32:33.443,1.10371,1.10385,1.57,1.69
2018.05.24 07:32:33.496,1.1037,1.10383,2.62,1.00
2018.05.24 07:32:34.024,1.10369,1.10383,1.69,1.69
2018.05.24 07:32:35.459,1.10369,1.10382,1.37,1.00
2018.05.24 07:32:36.922,1.10368,1.10382,1.95,1.69
2018.05.24 07:32:38.173,1.10367,1.10382,1.87,1.69
2018.05.24 07:32:38.277,1.10371,1.10382,1.25,1.69
2018.05.24 07:32:38.431,1.10367,1.1038,1.29,1.25
2018.05.24 07:32:38.579,1.10369,1.10384,1.37,1.69
2018.05.24 07:32:39.107,1.10369,1.10382,1.12,1.19
2018.05.24 07:32:39.434,1.1037,1.10384,1.87,1.00
2018.05.24 07:32:39.537,1.10368,1.10383,5.51,1.25
2018.05.24 07:32:40.771,1.10368,1.10384,1.87,2.51
2018.05.24 07:32:41.355,1.10368,1.10382,1.87,1.25
2018.05.24 07:32:41.458,1.10367,1.10382,1.20,1.69
2018.05.24 07:32:41.561,1.10368,1.10381,1.37,1.00
2018.05.24 07:32:42.105,1.10368,1.10382,3.19,1.50
2018.05.24 07:32:42.419,1.10372,1.10384,1.44,1.00
2018.05.24 07:32:42.809,1.10372,1.10384,1.87,1.00
2018.05.24 07:32:42.861,1.10372,1.10386,1.87,1.00
2018.05.24 07:32:44.256,1.10372,1.10386,1.44,1.25
2018.05.24 07:32:44.806,1.10372,1.10386,1.47,1.25
2018.05.24 07:32:45.334,1.10373,1.10386,1.12,1.19
2018.05.24 07:32:45.873,1.10373,1.10386,1.44,1.25
2018.05.24 07:32:46.405,1.10373,1.10387,1.47,1.00
2018.05.24 07:32:47.049,1.10373,1.10387,1.20,1.25
2018.05.24 07:32:47.585,1.10373,1.10387,1.20,1.00
2018.05.24 07:32:48.133,1.10373,1.10387,1.76,1.25
2018.05.24 07:32:48.893,1.10373,1.10387,1.76,1.69
2018.05.24 07:32:49.240,1.10373,1.10387,1.25,3.19
2018.05.24 07:32:49.342,1.1037,1.10385,2.51,1.19
2018.05.24 07:32:49.636,1.10373,1.10387,1.37,1.00
2018.05.24 07:32:50.875,1.10373,1.10388,2.62,1.00
2018.05.24 07:32:51.606,1.10373,1.10388,2.62,1.00
2018.05.24 07:32:52.034,1.10375,1.10388,1.87,1.00
2018.05.24 07:32:52.088,1.1038,1.10392,1.69,1.10
2018.05.24 07:32:52.141,1.10381,1.10394,1.87,1.00
2018.05.24 07:32:52.194,1.10381,1.10396,2.62,1.57
2018.05.24 07:32:52.301,1.10385,1.10398,1.50,2.44
2018.05.24 07:32:52.645,1.10386,1.10399,1.87,1.00
2018.05.24 07:32:53.087,1.10383,1.10397,4.39,1.00
2018.05.24 07:32:53.605,1.10382,1.10397,1.95,1.25
2018.05.24 07:32:55.326,1.10382,1.10397,2.51,1.69
2018.05.24 07:32:55.377,1.10382,1.10397,2.44,1.19
2018.05.24 07:32:55.558,1.10383,1.10397,4.69,1.00
2018.05.24 07:32:55.872,1.10382,1.10397,1.47,1.69
2018.05.24 07:32:56.030,1.1038,1.10395,3.64,1.19
2018.05.24 07:32:56.719,1.10381,1.10395,1.95,1.25
2018.05.24 07:32:57.261,1.1038,1.10395,1.47,1.25
2018.05.24 07:32:58.044,1.1038,1.10395,1.76,1.31
2018.05.24 07:32:58.147,1.1038,1.10395,1.69,1.19
2018.05.24 07:32:58.250,1.10378,1.10392,1.76,1.19
2018.05.24 07:32:58.303,1.10376,1.10388,1.20,1.69
2018.05.24 07:32:58.356,1.10376,1.10387,1.50,1.00
2018.05.24 07:32:58.652,1.10373,1.10388,1.95,3.19
2018.05.24 07:32:59.203,1.10373,1.10388,1.87,1.50
2018.05.24 07:32:59.750,1.10376,1.10388,1.25,1.50
2018.05.24 07:33:00.435,1.10376,1.10388,3.19,1.50
2018.05.24 07:33:00.591,1.10374,1.10388,2.89,1.00
2018.05.24 07:33:00.796,1.10371,1.10384,2.51,1.00
2018.05.24 07:33:01.147,1.10367,1.10379,1.20,1.00
2018.05.24 07:33:01.198,1.10368,1.10382,3.94,1.00
2018.05.24 07:33:01.351,1.10368,1.1038,1.20,1.00
2018.05.24 07:33:01.608,1.10364,1.10377,1.95,1.00
2018.05.24 07:33:01.841,1.10367,1.10377,1.44,1.00
2018.05.24 07:33:01.895,1.10367,1.10381,2.44,1.50
2018.05.24 07:33:02.418,1.10369,1.10382,1.69,1.50
2018.05.24 07:33:02.967,1.10368,1.10381,1.01,1.00
2018.05.24 07:33:03.236,1.10365,1.10379,2.89,1.00
2018.05.24 07:33:03.714,1.10365,1.10377,1.76,1.00
2018.05.24 07:33:03.924,1.10365,1.10379,1.01,1.50
2018.05.24 07:33:04.479,1.10365,1.10379,1.76,1.00
2018.05.24 07:33:04.994,1.10366,1.10379,1.47,1.00
2018.05.24 07:33:05.200,1.10368,1.1038,1.69,1.00
2018.05.24 07:33:05.666,1.10368,1.10382,1.76,1.00
2018.05.24 07:33:06.040,1.10368,1.10382,1.20,1.00
2018.05.24 07:33:06.476,1.10369,1.10383,1.20,1.00
2018.05.24 07:33:06.977,1.10368,1.10382,1.95,1.00
2018.05.24 07:33:07.508,1.10369,1.10383,1.47,1.69
2018.05.24 07:33:08.042,1.10369,1.10382,1.69,1.19
2018.05.24 07:33:08.507,1.10369,1.10383,1.12,1.00
2018.05.24 07:33:09.025,1.10369,1.10382,1.25,1.00
2018.05.24 07:33:09.606,1.10368,1.10382,1.12,1.00
2018.05.24 07:33:09.810,1.10368,1.10382,1.19,1.76
2018.05.24 07:33:09.913,1.10366,1.10379,3.94,1.00
2018.05.24 07:33:10.277,1.10365,1.10377,1.44,1.00
2018.05.24 07:33:10.606,1.10372,1.10386,2.25,1.69
2018.05.24 07:33:10.659,1.10371,1.10385,1.69,1.19
2018.05.24 07:33:10.764,1.1037,1.10383,1.12,1.69
2018.05.24 07:33:10.816,1.10371,1.10385,1.69,2.44
2018.05.24 07:33:11.322,1.10372,1.10384,1.25,1.19
2018.05.24 07:33:11.598,1.10369,1.10382,1.95,1.00
2018.05.24 07:33:11.650,1.10369,1.10382,1.87,1.50
2018.05.24 07:33:12.194,1.10369,1.1038,1.10,1.00
2018.05.24 07:33:12.299,1.10369,1.1038,2.44,1.00
2018.05.24 07:33:12.403,1.1037,1.10385,1.69,2.51
2018.05.24 07:33:13.219,1.10373,1.10385,1.19,1.50
2018.05.24 07:33:13.325,1.10371,1.10385,1.01,1.25
2018.05.24 07:33:13.481,1.10371,1.10385,1.29,1.25
2018.05.24 07:33:13.608,1.10371,1.10385,2.44,1.25
2018.05.24 07:33:13.669,1.10371,1.10383,1.25,1.25
2018.05.24 07:33:13.779,1.10371,1.10384,1.69,1.10
2018.05.24 07:33:13.948,1.10373,1.10387,1.19,1.50
2018.05.24 07:33:14.504,1.10375,1.10387,1.00,1.19
2018.05.24 07:33:14.965,1.10371,1.10385,1.29,1.37
2018.05.24 07:33:15.297,1.10373,1.10388,1.19,2.51
2018.05.24 07:33:15.808,1.10372,1.10385,1.69,1.00
2018.05.24 07:33:15.912,1.10371,1.10385,1.25,1.69
2018.05.24 07:33:15.963,1.10371,1.10385,1.19,1.69
2018.05.24 07:33:16.444,1.10373,1.10387,1.69,1.76
2018.05.24 07:33:16.991,1.10375,1.10389,2.25,1.00
2018.05.24 07:33:17.247,1.10377,1.10392,1.19,1.50
2018.05.24 07:33:17.747,1.10377,1.10392,2.44,1.10
2018.05.24 07:33:18.288,1.10377,1.10393,3.19,1.20
2018.05.24 07:33:18.590,1.10376,1.10391,1.87,1.00
2018.05.24 07:33:19.132,1.10378,1.10392,1.19,1.25
2018.05.24 07:33:19.756,1.10381,1.10394,1.00,1.95
2018.05.24 07:33:20.512,1.1038,1.10394,1.25,1.87
2018.05.24 07:33:20.850,1.10378,1.10393,1.69,1.19
2018.05.24 07:33:21.157,1.10381,1.10394,1.19,1.00
2018.05.24 07:33:21.374,1.10383,1.10395,1.19,1.00
2018.05.24 07:33:22.235,1.10383,1.10396,1.19,1.00
2018.05.24 07:33:23.164,1.10384,1.10397,2.44,1.00
2018.05.24 07:33:23.825,1.10384,1.10398,2.44,1.00
2018.05.24 07:33:24.326,1.10383,1.10397,2.44,1.00
2018.05.24 07:33:24.806,1.10382,1.10396,1.69,1.00
2018.05.24 07:33:24.866,1.10379,1.10391,1.26,1.00
2018.05.24 07:33:25.410,1.10378,1.10391,2.44,1.19
2018.05.24 07:33:25.958,1.10378,1.10391,1.69,1.25
2018.05.24 07:33:26.344,1.10378,1.10389,1.19,1.00
2018.05.24 07:33:27.434,1.1038,1.1039,1.19,1.00
2018.05.24 07:33:27.537,1.10385,1.10396,1.19,1.00
2018.05.24 07:33:28.081,1.10384,1.10396,1.19,1.00
2018.05.24 07:33:29.135,1.10382,1.10395,1.19,1.69
2018.05.24 07:33:29.187,1.1038,1.10393,1.76,1.00
2018.05.24 07:33:29.458,1.10384,1.10397,1.25,1.50
2018.05.24 07:33:29.562,1.10384,1.10395,1.25,1.00
2018.05.24 07:33:30.095,1.10384,1.10395,1.19,1.00
2018.05.24 07:33:31.201,1.10384,1.10395,1.00,1.00
2018.05.24 07:33:31.610,1.10382,1.10394,1.50,1.25
2018.05.24 07:33:32.136,1.10381,1.10394,2.44,1.00
2018.05.24 07:33:32.678,1.10379,1.10391,1.19,1.00
2018.05.24 07:33:32.733,1.10377,1.10391,1.76,1.50
2018.05.24 07:33:32.790,1.10376,1.10391,2.89,1.87
2018.05.24 07:33:33.333,1.10377,1.10391,1.19,1.87
2018.05.24 07:33:33.848,1.10376,1.10391,1.69,1.25
2018.05.24 07:33:34.375,1.10377,1.10391,1.19,1.00
2018.05.24 07:33:34.723,1.10375,1.1039,2.51,1.12
2018.05.24 07:33:34.779,1.10375,1.1039,2.44,1.12
2018.05.24 07:33:34.830,1.10375,1.1039,2.44,1.12
2018.05.24 07:33:34.882,1.10375,1.1039,1.25,1.37
2018.05.24 07:33:35.398,1.10376,1.1039,1.19,1.44
2018.05.24 07:33:35.602,1.10376,1.1039,1.69,1.25
2018.05.24 07:33:36.223,1.10376,1.1039,1.69,2.44
2018.05.24 07:33:36.983,1.10376,1.1039,1.50,2.62
2018.05.24 07:33:37.523,1.10375,1.10389,1.29,1.69
2018.05.24 07:33:37.676,1.10374,1.10389,1.01,1.87
2018.05.24 07:33:37.727,1.10372,1.10389,2.51,3.37
2018.05.24 07:33:38.056,1.10376,1.10388,1.00,1.25
2018.05.24 07:33:38.574,1.10376,1.10388,1.00,1.19
2018.05.24 07:33:39.586,1.10376,1.10389,1.00,2.25
2018.05.24 07:33:39.693,1.10376,1.10388,1.25,1.19
2018.05.24 07:33:39.744,1.10376,1.10389,1.25,1.69
2018.05.24 07:33:40.382,1.10376,1.10388,1.00,1.00
2018.05.24 07:33:40.766,1.10378,1.10389,1.00,1.00
2018.05.24 07:33:41.208,1.10377,1.10387,1.00,1.00
2018.05.24 07:33:41.413,1.10375,1.10387,1.00,1.25
2018.05.24 07:33:42.144,1.10375,1.10387,1.00,1.19
2018.05.24 07:33:42.701,1.10375,1.10387,1.00,2.44
2018.05.24 07:33:42.859,1.10375,1.10387,1.00,2.44
2018.05.24 07:33:43.380,1.10374,1.10385,1.00,1.69
2018.05.24 07:33:43.902,1.10374,1.10385,1.00,1.50
2018.05.24 07:33:44.286,1.10376,1.10385,1.25,1.00
2018.05.24 07:33:44.513,1.10377,1.10388,1.00,1.50
2018.05.24 07:33:44.565,1.10379,1.10388,1.00,1.00
2018.05.24 07:33:45.905,1.10379,1.10387,1.00,1.00
2018.05.24 07:33:45.959,1.10377,1.10388,1.00,1.69
2018.05.24 07:33:46.219,1.10377,1.10387,1.00,1.19
2018.05.24 07:33:46.734,1.10377,1.10388,1.00,1.69
2018.05.24 07:33:47.650,1.10377,1.10388,1.00,1.69
2018.05.24 07:33:47.965,1.1038,1.10391,1.00,1.00
2018.05.24 07:33:48.279,1.10382,1.10391,1.00,1.00
2018.05.24 07:33:48.413,1.1038,1.10391,1.00,1.00
2018.05.24 07:33:49.154,1.1038,1.10391,1.00,1.69
2018.05.24 07:33:49.794,1.10379,1.10391,1.00,1.69
2018.05.24 07:33:51.439,1.10379,1.10389,1.00,1.00
2018.05.24 07:33:51.960,1.10379,1.10389,1.00,1.19
2018.05.24 07:33:52.396,1.10379,1.1039,1.00,1.69
2018.05.24 07:33:53.582,1.10379,1.10391,1.00,1.69
2018.05.24 07:33:53.846,1.10378,1.10391,1.00,1.25
2018.05.24 07:33:53.952,1.1038,1.10391,1.00,1.25
2018.05.24 07:33:54.488,1.10379,1.10392,1.25,1.50
2018.05.24 07:33:55.025,1.10379,1.10391,1.00,1.25
2018.05.24 07:33:57.721,1.10379,1.10393,1.00,2.81
2018.05.24 07:33:57.874,1.10377,1.10393,1.37,3.26
2018.05.24 07:33:58.269,1.10378,1.10393,2.44,2.25
2018.05.24 07:33:58.815,1.10373,1.10387,1.95,1.19
2018.05.24 07:33:59.075,1.10375,1.10389,1.25,1.29
2018.05.24 07:34:01.078,1.10375,1.10389,1.69,1.69
2018.05.24 07:34:01.336,1.10373,1.10389,1.25,3.94
2018.05.24 07:34:01.640,1.10375,1.10389,1.19,1.19
2018.05.24 07:34:02.177,1.10375,1.10389,1.25,1.01
2018.05.24 07:34:02.833,1.10374,1.10389,1.69,2.44
2018.05.24 07:34:02.989,1.10375,1.10389,1.44,1.19
2018.05.24 07:34:03.188,1.10377,1.10389,1.50,1.25
2018.05.24 07:34:03.422,1.10377,1.10392,1.19,2.51
2018.05.24 07:34:03.958,1.10377,1.10391,1.25,1.25
2018.05.24 07:34:04.205,1.10378,1.10393,2.44,1.50
2018.05.24 07:34:04.540,1.10385,1.10395,1.25,1.19
2018.05.24 07:34:04.592,1.10386,1.10395,1.87,1.00
2018.05.24 07:34:05.179,1.10386,1.10396,1.31,1.00
2018.05.24 07:34:05.749,1.10387,1.10396,1.00,1.00
2018.05.24 07:34:06.794,1.10385,1.10397,1.69,1.00
2018.05.24 07:34:07.344,1.10386,1.10401,1.12,1.25
2018.05.24 07:34:07.760,1.10386,1.10401,1.25,1.76
2018.05.24 07:34:08.128,1.10385,1.10401,1.69,1.69
2018.05.24 07:34:08.580,1.10385,1.104,1.19,1.19
2018.05.24 07:34:08.736,1.10389,1.10403,1.69,1.76
2018.05.24 07:34:08.842,1.10386,1.10401,1.76,1.19
2018.05.24 07:34:08.895,1.10387,1.10401,1.25,1.25
2018.05.24 07:34:08.949,1.10387,1.10401,1.25,1.19
2018.05.24 07:34:09.149,1.10387,1.10402,1.19,2.70
2018.05.24 07:34:09.611,1.10388,1.10402,1.44,1.10
2018.05.24 07:34:09.714,1.10388,1.10402,1.87,1.00
2018.05.24 07:34:09.888,1.10389,1.10402,2.00,1.25
2018.05.24 07:34:10.452,1.10388,1.10402,2.06,1.19
2018.05.24 07:34:10.625,1.10389,1.10403,1.12,1.00
2018.05.24 07:34:10.710,1.10391,1.10405,1.37,1.69
2018.05.24 07:34:11.323,1.10391,1.10404,1.25,1.00
2018.05.24 07:34:11.831,1.10391,1.10403,1.00,1.00
2018.05.24 07:34:12.189,1.1039,1.10405,3.19,1.10
2018.05.24 07:34:12.705,1.10389,1.10403,2.06,1.19
2018.05.24 07:34:12.917,1.10397,1.10409,1.00,1.50
2018.05.24 07:34:13.022,1.10396,1.10411,3.94,1.25
2018.05.24 07:34:13.156,1.10397,1.10411,1.75,1.19
2018.05.24 07:34:13.591,1.10396,1.1041,2.25,1.69
2018.05.24 07:34:13.644,1.10396,1.1041,2.25,1.25
2018.05.24 07:34:13.697,1.10397,1.10412,1.50,1.69
2018.05.24 07:34:14.221,1.10398,1.10412,2.44,1.69
2018.05.24 07:34:14.765,1.10397,1.10412,2.25,1.69
2018.05.24 07:34:15.292,1.10398,1.10412,1.19,1.25
2018.05.24 07:34:15.825,1.10397,1.10412,2.51,1.25
2018.05.24 07:34:16.176,1.10395,1.10409,1.50,1.25
2018.05.24 07:34:16.499,1.10394,1.10407,1.00,1.19
2018.05.24 07:34:16.808,1.10394,1.10408,2.44,1.00
2018.05.24 07:34:17.326,1.10394,1.10407,2.44,1.00
2018.05.24 07:34:17.587,1.10394,1.10408,1.12,1.69
2018.05.24 07:34:17.744,1.10394,1.10408,1.69,1.69
2018.05.24 07:34:19.011,1.10401,1.10411,1.12,1.57
2018.05.24 07:34:19.064,1.10402,1.10414,1.69,1.57
2018.05.24 07:34:19.121,1.10404,1.10416,2.44,1.00
2018.05.24 07:34:19.177,1.10405,1.10418,1.69,1.50
2018.05.24 07:34:20.078,1.10406,1.10418,1.00,1.00
2018.05.24 07:34:20.632,1.10404,1.10418,1.19,1.25
2018.05.24 07:34:21.037,1.10406,1.1042,1.87,1.25
2018.05.24 07:34:21.354,1.10407,1.10421,1.19,1.00
2018.05.24 07:34:21.898,1.10406,1.10421,1.69,1.00
2018.05.24 07:34:22.208,1.10408,1.10423,2.70,1.69
2018.05.24 07:34:22.261,1.10409,1.10423,1.12,1.76
2018.05.24 07:34:22.313,1.10415,1.10423,1.19,1.00
2018.05.24 07:34:22.498,1.10419,1.10429,1.25,1.19
2018.05.24 07:34:22.552,1.10419,1.1043,1.00,1.25
2018.05.24 07:34:22.605,1.10417,1.10429,1.12,1.00
2018.05.24 07:34:22.659,1.10417,1.10429,2.44,1.00
2018.05.24 07:34:22.711,1.1042,1.10433,1.44,1.57
2018.05.24 07:34:23.057,1.10422,1.10436,1.76,1.00
2018.05.24 07:34:23.364,1.10423,1.10439,3.75,2.51
2018.05.24 07:34:24.031,1.10426,1.10437,1.00,1.19
2018.05.24 07:34:24.620,1.10425,1.10436,1.00,1.25
2018.05.24 07:34:25.160,1.10424,1.10438,1.44,1.19
2018.05.24 07:34:25.682,1.10424,1.10438,1.44,1.50
2018.05.24 07:34:26.032,1.10426,1.10439,2.44,1.50
2018.05.24 07:34:26.138,1.10428,1.10442,2.25,1.19
2018.05.24 07:34:27.064,1.10429,1.10441,1.50,1.25
2018.05.24 07:34:27.116,1.10428,1.10441,1.00,1.25
2018.05.24 07:34:27.220,1.10426,1.10438,1.25,1.25
2018.05.24 07:34:27.976,1.10426,1.10439,1.69,1.19
2018.05.24 07:34:28.027,1.10426,1.10439,1.00,1.00
2018.05.24 07:34:28.079,1.10427,1.1044,1.19,1.25
2018.05.24 07:34:28.402,1.10423,1.10434,1.00,1.25
2018.05.24 07:34:28.703,1.10423,1.10431,1.00,1.00
2018.05.24 07:34:29.140,1.1042,1.10431,1.00,1.19
2018.05.24 07:34:29.665,1.1042,1.10431,1.00,1.25
2018.05.24 07:34:30.288,1.10419,1.10431,1.00,1.00
2018.05.24 07:34:31.130,1.10419,1.10432,1.00,1.50
2018.05.24 07:34:31.530,1.10421,1.10431,1.00,1.25
2018.05.24 07:34:31.636,1.10418,1.10431,1.69,1.12
2018.05.24 07:34:33.434,1.10418,1.10431,1.00,1.44
2018.05.24 07:34:34.239,1.10418,1.10431,1.29,1.00
2018.05.24 07:34:34.813,1.10418,1.10431,1.00,1.50
2018.05.24 07:34:35.746,1.10419,1.10431,1.25,1.00
2018.05.24 07:34:36.289,1.10419,1.10432,1.00,2.44
2018.05.24 07:34:36.597,1.10418,1.10432,1.12,2.62
2018.05.24 07:34:36.900,1.10415,1.10426,1.00,1.19
2018.05.24 07:34:37.158,1.10415,1.10427,1.00,1.25
2018.05.24 07:34:37.696,1.10415,1.10427,1.00,1.19
2018.05.24 07:34:38.039,1.10415,1.10428,1.00,1.25
2018.05.24 07:34:38.547,1.10416,1.10428,1.00,1.19
2018.05.24 07:34:38.599,1.10414,1.10428,1.25,1.69
2018.05.24 07:34:39.521,1.10414,1.10428,1.00,1.69
2018.05.24 07:34:39.737,1.10413,1.10424,1.25,1.00
2018.05.24 07:34:40.050,1.10416,1.10427,1.00,1.25
2018.05.24 07:34:40.358,1.10415,1.1043,2.81,1.69
2018.05.24 07:34:40.891,1.10416,1.1043,1.00,1.69
2018.05.24 07:34:41.217,1.10419,1.10431,1.00,2.44
2018.05.24 07:34:41.336,1.10417,1.10431,1.10,3.37
2018.05.24 07:34:41.541,1.10417,1.10429,1.00,1.19
2018.05.24 07:34:42.317,1.10416,1.10429,1.00,1.19
2018.05.24 07:34:42.786,1.10417,1.1043,1.50,1.00
2018.05.24 07:34:42.889,1.1042,1.10432,1.00,1.00
2018.05.24 07:34:43.230,1.10423,1.10432,1.00,1.00
2018.05.24 07:34:43.544,1.10425,1.10432,1.00,1.00
2018.05.24 07:34:43.724,1.10425,1.10437,1.00,2.62
2018.05.24 07:34:43.777,1.10423,1.10437,1.01,2.62
2018.05.24 07:34:44.251,1.10423,1.10436,2.44,1.50
2018.05.24 07:34:44.554,1.10426,1.10437,1.31,1.50
2018.05.24 07:34:44.865,1.10432,1.10443,1.00,1.00
2018.05.24 07:34:45.078,1.10428,1.10443,1.69,2.62
2018.05.24 07:34:45.607,1.10427,1.10441,1.76,1.25
2018.05.24 07:34:45.805,1.10426,1.10436,1.10,1.00
2018.05.24 07:34:45.912,1.10422,1.10437,1.10,1.87
2018.05.24 07:34:46.018,1.10422,1.10437,1.29,1.87
2018.05.24 07:34:46.072,1.10423,1.10437,1.25,1.00
2018.05.24 07:34:46.178,1.10425,1.10439,1.69,1.25
2018.05.24 07:34:46.685,1.10425,1.10442,2.32,2.70
2018.05.24 07:34:47.043,1.10424,1.10439,3.07,1.69
2018.05.24 07:34:47.350,1.10423,1.10436,1.00,1.37
2018.05.24 07:34:47.767,1.1042,1.10434,1.19,1.12
2018.05.24 07:34:47.925,1.10419,1.10433,1.01,1.87
2018.05.24 07:34:48.461,1.10418,1.10433,1.69,1.87
2018.05.24 07:34:48.984,1.10417,1.10433,1.39,1.87
2018.05.24 07:34:49.401,1.10417,1.10431,1.12,1.19
2018.05.24 07:34:49.643,1.10414,1.10429,1.25,1.37
2018.05.24 07:34:49.747,1.10416,1.10429,1.00,1.69
2018.05.24 07:34:49.907,1.10413,1.10429,2.06,2.62
2018.05.24 07:34:50.645,1.10413,1.10429,2.89,1.19
2018.05.24 07:34:51.196,1.10414,1.10429,1.44,1.50
2018.05.24 07:34:51.353,1.10416,1.10431,2.06,1.12
2018.05.24 07:34:51.566,1.10421,1.10436,3.19,2.51
2018.05.24 07:34:51.672,1.10421,1.10435,1.12,1.19
2018.05.24 07:34:52.018,1.10418,1.10432,1.69,1.00
2018.05.24 07:34:52.123,1.1042,1.10435,1.19,1.95
2018.05.24 07:34:52.573,1.1042,1.10436,1.00,2.44
2018.05.24 07:34:52.887,1.1042,1.10434,1.00,2.62
2018.05.24 07:34:53.475,1.10419,1.10434,2.25,2.62
2018.05.24 07:34:54.293,1.10418,1.10433,1.69,1.69
2018.05.24 07:34:54.603,1.10421,1.10435,1.25,1.00
2018.05.24 07:34:54.931,1.10419,1.10433,1.31,2.44
2018.05.24 07:34:55.289,1.10418,1.10431,1.69,1.12
2018.05.24 07:34:55.894,1.10418,1.10431,1.19,1.25
2018.05.24 07:34:56.682,1.10415,1.10429,2.89,1.00
2018.05.24 07:34:56.733,1.10415,1.10429,1.19,1.69
2018.05.24 07:34:57.040,1.10413,1.10428,1.19,1.76
2018.05.24 07:34:57.898,1.10415,1.10429,1.25,1.87
2018.05.24 07:34:58.002,1.10412,1.10428,1.69,1.76
2018.05.24 07:34:58.275,1.10411,1.10426,1.31,1.95
2018.05.24 07:34:58.797,1.1041,1.10424,1.69,1.00
2018.05.24 07:34:59.314,1.10411,1.10424,2.44,1.00
2018.05.24 07:34:59.628,1.10413,1.10427,1.29,1.69
2018.05.24 07:35:00.183,1.10413,1.10427,1.19,1.50
2018.05.24 07:35:00.702,1.10412,1.10426,1.76,1.00
2018.05.24 07:35:01.082,1.10415,1.10428,1.25,1.00
2018.05.24 07:35:01.614,1.10416,1.10429,1.50,1.19
2018.05.24 07:35:02.121,1.10416,1.1043,1.12,1.69
2018.05.24 07:35:02.631,1.10415,1.10429,1.12,1.19
2018.05.24 07:35:03.194,1.10415,1.10429,1.76,1.25
2018.05.24 07:35:03.734,1.10413,1.10428,2.62,1.50
2018.05.24 07:35:04.152,1.10414,1.10428,1.25,1.50
2018.05.24 07:35:04.255,1.10416,1.10428,1.25,1.50
2018.05.24 07:35:05.277,1.10414,1.10427,1.00,1.19
2018.05.24 07:35:05.788,1.10415,1.10425,1.00,1.00
2018.05.24 07:35:06.398,1.10416,1.10426,1.00,1.00
2018.05.24 07:35:07.041,1.10415,1.10427,1.00,1.00
2018.05.24 07:35:07.852,1.10415,1.10423,1.00,1.00
2018.05.24 07:35:07.906,1.10412,1.10421,1.00,1.00
2018.05.24 07:35:08.013,1.10409,1.10421,1.00,1.25
2018.05.24 07:35:08.551,1.1041,1.10421,1.00,1.00
2018.05.24 07:35:08.707,1.1041,1.10423,1.44,1.00
2018.05.24 07:35:08.970,1.10409,1.10422,1.50,1.00
2018.05.24 07:35:09.086,1.10411,1.10423,1.50,1.69
2018.05.24 07:35:09.138,1.10412,1.10425,1.00,1.50
2018.05.24 07:35:09.398,1.10411,1.10423,1.00,1.19
2018.05.24 07:35:09.556,1.10411,1.10424,1.00,1.25
2018.05.24 07:35:09.610,1.10411,1.10424,1.00,1.19
2018.05.24 07:35:09.767,1.10411,1.10424,1.00,1.25
2018.05.24 07:35:09.947,1.10411,1.10422,1.00,1.25
2018.05.24 07:35:10.312,1.10409,1.10422,1.69,1.25
2018.05.24 07:35:10.366,1.10411,1.10422,1.00,1.50
2018.05.24 07:35:10.420,1.10411,1.10425,1.31,1.57
2018.05.24 07:35:10.524,1.10412,1.10423,1.19,1.00
2018.05.24 07:35:10.690,1.1041,1.10421,1.00,1.00
2018.05.24 07:35:11.203,1.10411,1.1042,1.00,1.00
2018.05.24 07:35:12.496,1.1041,1.1042,1.00,1.00
2018.05.24 07:35:12.835,1.10408,1.10422,1.00,1.44
2018.05.24 07:35:12.886,1.1041,1.10422,1.31,1.00
2018.05.24 07:35:12.938,1.10412,1.10425,1.69,1.00
2018.05.24 07:35:12.991,1.10415,1.10427,1.87,1.00
2018.05.24 07:35:13.045,1.10417,1.1043,1.44,1.50
2018.05.24 07:35:13.099,1.10416,1.10429,1.19,1.00
2018.05.24 07:35:13.204,1.10416,1.10429,1.25,1.00
2018.05.24 07:35:13.821,1.10417,1.10429,1.00,1.00
2018.05.24 07:35:14.419,1.10416,1.10428,1.19,1.00
2018.05.24 07:35:14.480,1.1042,1.10431,1.25,1.50
2018.05.24 07:35:14.693,1.10421,1.10434,1.00,2.62
2018.05.24 07:35:14.806,1.10421,1.10434,1.69,1.50
2018.05.24 07:35:15.450,1.10421,1.10433,1.19,1.00
2018.05.24 07:35:15.669,1.10419,1.10431,1.69,1.00
2018.05.24 07:35:15.932,1.10419,1.10432,1.69,1.00
2018.05.24 07:35:16.543,1.10421,1.10432,1.00,1.00
2018.05.24 07:35:17.087,1.1042,1.10432,1.25,1.50
2018.05.24 07:35:17.634,1.1042,1.10432,1.19,1.50
2018.05.24 07:35:18.286,1.1042,1.10432,1.25,1.50
2018.05.24 07:35:18.720,1.1042,1.10433,1.19,1.00
2018.05.24 07:35:18.878,1.10421,1.10436,2.62,1.25
2018.05.24 07:35:19.032,1.10425,1.10436,1.00,1.00
2018.05.24 07:35:19.824,1.10424,1.10436,1.25,1.00
2018.05.24 07:35:20.341,1.10425,1.10436,1.00,1.50
2018.05.24 07:35:20.899,1.10425,1.10435,1.00,1.00
2018.05.24 07:35:20.951,1.10423,1.10435,1.69,2.44
2018.05.24 07:35:21.003,1.10423,1.10433,1.19,1.00
2018.05.24 07:35:21.107,1.10425,1.10435,1.25,1.00
2018.05.24 07:35:21.432,1.10423,1.10434,1.25,1.00
2018.05.24 07:35:21.484,1.10423,1.10436,1.25,1.69
2018.05.24 07:35:21.717,1.10423,1.10435,1.25,1.87
2018.05.24 07:35:22.038,1.10416,1.10429,2.44,1.00
2018.05.24 07:35:22.576,1.10416,1.1043,2.44,2.44
2018.05.24 07:35:23.111,1.10416,1.10429,1.69,1.00
2018.05.24 07:35:23.571,1.1042,1.10433,1.25,1.95
2018.05.24 07:35:23.624,1.10422,1.10433,1.00,1.00
2018.05.24 07:35:24.166,1.10423,1.10434,1.69,1.00
2018.05.24 07:35:24.322,1.10424,1.10436,1.25,1.00
2018.05.24 07:35:24.826,1.10423,1.10436,1.19,1.00
2018.05.24 07:35:25.678,1.10423,1.10436,1.19,1.00
2018.05.24 07:35:26.184,1.10426,1.10437,1.00,1.00
2018.05.24 07:35:26.389,1.10426,1.10438,1.69,1.50
2018.05.24 07:35:26.441,1.10426,1.10438,1.00,1.69
2018.05.24 07:35:26.953,1.10429,1.1044,1.00,1.00
2018.05.24 07:35:28.369,1.10427,1.10439,1.00,1.69
2018.05.24 07:35:28.880,1.10426,1.10438,1.00,1.12
2018.05.24 07:35:29.395,1.10425,1.10438,2.44,1.00
2018.05.24 07:35:29.908,1.10426,1.10439,1.19,1.69
2018.05.24 07:35:30.281,1.10428,1.10438,1.19,1.00
2018.05.24 07:35:30.829,1.10428,1.10441,1.69,1.69
2018.05.24 07:35:31.103,1.10428,1.10441,1.00,1.69
2018.05.24 07:35:31.155,1.10428,1.10441,1.25,1.50
2018.05.24 07:35:31.497,1.10428,1.10441,1.00,1.69
2018.05.24 07:35:31.660,1.10428,1.10441,1.69,1.69
2018.05.24 07:35:31.765,1.1043,1.10441,1.69,1.00
2018.05.24 07:35:32.023,1.10428,1.10441,1.19,1.50
2018.05.24 07:35:32.538,1.10429,1.10441,1.00,2.44
2018.05.24 07:35:32.794,1.10428,1.10438,1.00,1.00
2018.05.24 07:35:33.328,1.10428,1.10439,1.00,1.25
2018.05.24 07:35:33.902,1.10427,1.10439,3.19,1.50
2018.05.24 07:35:34.415,1.10424,1.10439,3.19,1.00
2018.05.24 07:35:34.805,1.10424,1.10438,2.25,1.00
2018.05.24 07:35:34.949,1.10425,1.10436,1.19,1.00
2018.05.24 07:35:35.498,1.10424,1.10437,3.19,1.00
2018.05.24 07:35:36.003,1.10425,1.10437,1.19,1.00
2018.05.24 07:35:36.682,1.10424,1.10437,1.50,1.00
2018.05.24 07:35:36.735,1.10424,1.10437,2.44,1.00
2018.05.24 07:35:37.054,1.10426,1.10438,1.19,1.00
2018.05.24 07:35:37.106,1.10424,1.10438,3.26,1.00
2018.05.24 07:35:37.708,1.10425,1.10438,1.19,1.50
2018.05.24 07:35:38.382,1.10427,1.10439,1.25,1.69
2018.05.24 07:35:39.000,1.10425,1.10439,1.69,2.25
2018.05.24 07:35:39.623,1.10426,1.10439,1.19,2.44
2018.05.24 07:35:39.829,1.10425,1.10437,1.25,1.00
2018.05.24 07:35:39.880,1.10425,1.10438,1.69,1.25
2018.05.24 07:35:40.449,1.10425,1.10438,1.19,1.00
2018.05.24 07:35:40.793,1.10431,1.10438,1.00,1.00
2018.05.24 07:35:42.187,1.10429,1.10437,1.00,1.00
2018.05.24 07:35:42.481,1.10431,1.10437,1.00,1.00
2018.05.24 07:35:42.703,1.10431,1.10439,1.00,2.25
2018.05.24 07:35:50.208,1.10431,1.10438,1.00,1.00
2018.05.24 07:35:50.748,1.10431,1.10439,1.00,1.50
2018.05.24 07:35:51.565,1.10431,1.1044,1.00,1.50
2018.05.24 07:35:51.783,1.10427,1.10437,1.25,1.00
2018.05.24 07:35:51.836,1.10429,1.10437,1.00,1.00
2018.05.24 07:35:52.361,1.10429,1.10437,1.00,1.19
2018.05.24 07:35:53.075,1.10429,1.10437,1.00,1.25
2018.05.24 07:35:53.595,1.10426,1.10435,1.00,1.00
2018.05.24 07:35:53.647,1.10427,1.10437,1.00,1.76
2018.05.24 07:35:53.698,1.10425,1.10437,1.00,1.76
2018.05.24 07:35:53.750,1.10425,1.10434,1.00,1.25
2018.05.24 07:35:54.283,1.10425,1.10433,1.00,1.50
2018.05.24 07:35:54.601,1.10421,1.10428,1.00,1.00
2018.05.24 07:35:55.154,1.1042,1.10428,1.00,1.00
2018.05.24 07:35:55.656,1.10419,1.10428,1.00,1.00
2018.05.24 07:35:55.762,1.10419,1.1043,1.25,1.25
2018.05.24 07:35:55.934,1.10423,1.10433,1.00,1.10
2018.05.24 07:35:56.852,1.10423,1.10434,1.25,1.00
2018.05.24 07:35:57.389,1.10424,1.10435,1.00,1.00
2018.05.24 07:35:58.045,1.10422,1.10434,1.19,1.00
2018.05.24 07:35:58.533,1.10424,1.10437,1.19,1.57
2018.05.24 07:35:59.073,1.10426,1.10437,1.19,1.00
2018.05.24 07:35:59.333,1.10425,1.10437,1.00,1.69
2018.05.24 07:35:59.488,1.10424,1.10435,1.19,1.00
2018.05.24 07:35:59.697,1.10423,1.10436,1.25,1.69
2018.05.24 07:35:59.824,1.10423,1.10434,1.25,1.00
2018.05.24 07:36:00.162,1.10423,1.10432,1.00,1.00
2018.05.24 07:36:00.431,1.10421,1.10434,1.25,1.12
2018.05.24 07:36:00.765,1.10421,1.10433,1.00,1.19
2018.05.24 07:36:01.071,1.10419,1.10431,1.00,2.62
2018.05.24 07:36:01.653,1.1042,1.1043,1.00,1.87
2018.05.24 07:36:02.773,1.10419,1.1043,1.00,1.87
2018.05.24 07:36:03.314,1.10419,1.10427,1.00,1.00
2018.05.24 07:36:06.680,1.10419,1.10428,1.00,1.00
2018.05.24 07:36:07.366,1.10418,1.10428,1.00,1.00
2018.05.24 07:36:08.075,1.10418,1.10425,1.00,1.00
2018.05.24 07:36:08.212,1.10416,1.10424,1.00,1.00
2018.05.24 07:36:08.856,1.10415,1.10424,1.00,1.00
2018.05.24 07:36:09.435,1.10418,1.10425,1.00,1.00
2018.05.24 07:36:09.599,1.1042,1.10428,1.00,1.00
2018.05.24 07:36:09.651,1.10422,1.10428,1.00,1.00
2018.05.24 07:36:10.683,1.10422,1.10427,1.00,1.25
2018.05.24 07:36:10.737,1.1042,1.10427,1.00,1.00
2018.05.24 07:36:10.998,1.1042,1.10429,1.00,1.87
2018.05.24 07:36:11.244,1.10422,1.10429,1.00,1.69
2018.05.24 07:36:11.846,1.10422,1.10429,1.00,1.69
2018.05.24 07:36:15.699,1.10421,1.10429,1.00,1.19
2018.05.24 07:36:16.377,1.10419,1.10429,1.00,3.19
2018.05.24 07:36:16.433,1.10421,1.10429,1.00,2.44
2018.05.24 07:36:16.700,1.10419,1.10429,1.00,1.12
2018.05.24 07:36:16.857,1.10417,1.10426,1.00,1.19
2018.05.24 07:36:17.012,1.10414,1.10424,1.00,1.25
2018.05.24 07:36:17.069,1.10414,1.10421,1.00,1.25
2018.05.24 07:36:17.122,1.10412,1.10422,1.00,1.69
2018.05.24 07:36:17.281,1.10412,1.10421,1.00,1.87
2018.05.24 07:36:17.488,1.1041,1.1042,1.00,1.12
2018.05.24 07:36:18.012,1.1041,1.1042,1.00,1.37
2018.05.24 07:36:18.255,1.1041,1.10419,1.00,1.44
2018.05.24 07:36:18.792,1.1041,1.10419,1.00,1.87
2018.05.24 07:36:19.332,1.1041,1.10417,1.00,1.19
2018.05.24 07:36:19.631,1.1041,1.10418,1.00,1.25
2018.05.24 07:36:20.098,1.1041,1.10417,1.00,1.19
2018.05.24 07:36:20.658,1.1041,1.10417,1.00,1.25
2018.05.24 07:36:21.236,1.1041,1.10418,1.00,1.50
2018.05.24 07:36:21.781,1.10411,1.10418,1.00,1.50
2018.05.24 07:36:22.059,1.10407,1.10415,1.00,1.12
2018.05.24 07:36:22.111,1.10407,1.10413,1.00,1.00
2018.05.24 07:36:22.163,1.10405,1.10414,1.00,1.00
2018.05.24 07:36:22.538,1.10405,1.10413,1.00,1.69
2018.05.24 07:36:23.040,1.10405,1.10413,1.00,1.25
2018.05.24 07:36:23.389,1.10407,1.10416,1.00,1.50
2018.05.24 07:36:23.942,1.10407,1.10413,1.00,1.00
2018.05.24 07:36:24.049,1.10405,1.10413,1.00,1.25
2018.05.24 07:36:24.805,1.10405,1.10412,1.00,1.00
2018.05.24 07:36:25.118,1.10403,1.10412,1.00,1.25
2018.05.24 07:36:25.650,1.10404,1.10412,1.00,1.00
2018.05.24 07:36:25.756,1.10407,1.10413,1.00,1.44
2018.05.24 07:36:25.863,1.10407,1.10416,1.00,1.69
2018.05.24 07:36:25.966,1.10407,1.10416,1.00,1.69
2018.05.24 07:36:26.018,1.10407,1.10414,1.00,1.00
2018.05.24 07:36:26.524,1.10406,1.10413,1.00,1.00
2018.05.24 07:36:26.817,1.10404,1.10412,1.00,1.00
2018.05.24 07:36:27.321,1.10405,1.10413,1.00,1.00
2018.05.24 07:36:27.426,1.10406,1.10415,1.00,1.76
2018.05.24 07:36:27.479,1.10406,1.10413,1.00,1.00
2018.05.24 07:36:28.032,1.10405,1.10413,1.00,1.25
2018.05.24 07:36:29.251,1.10405,1.10413,1.00,1.19
2018.05.24 07:36:29.304,1.10405,1.10413,1.00,1.00
2018.05.24 07:36:29.665,1.10405,1.10411,1.00,1.00
2018.05.24 07:36:29.717,1.10403,1.10411,1.00,1.00
2018.05.24 07:36:30.060,1.10403,1.10409,1.00,1.00
2018.05.24 07:36:30.366,1.10405,1.1041,1.00,1.00
2018.05.24 07:36:30.611,1.10405,1.10412,1.00,1.25
2018.05.24 07:36:30.713,1.10403,1.10411,1.00,1.25
2018.05.24 07:36:33.411,1.10403,1.10411,1.00,1.87
2018.05.24 07:36:33.463,1.104,1.10409,1.00,1.50
2018.05.24 07:36:33.514,1.10399,1.10407,1.00,1.00
2018.05.24 07:36:34.035,1.10398,1.10407,1.00,1.19
2018.05.24 07:36:34.558,1.10398,1.10406,1.00,1.19
2018.05.24 07:36:35.063,1.10398,1.10408,1.00,2.44
2018.05.24 07:36:35.325,1.104,1.10406,1.00,1.00
2018.05.24 07:36:35.525,1.10401,1.10408,1.00,1.00
2018.05.24 07:36:35.679,1.10399,1.10407,1.00,1.00
2018.05.24 07:36:36.309,1.10401,1.10407,1.00,1.00
2018.05.24 07:36:36.857,1.104,1.10407,1.00,1.00
2018.05.24 07:36:37.697,1.10401,1.10407,1.00,1.00
2018.05.24 07:36:38.220,1.10402,1.10408,1.00,1.00
2018.05.24 07:36:38.741,1.10401,1.10408,1.00,1.00
2018.05.24 07:36:39.245,1.10402,1.10408,1.00,1.00
2018.05.24 07:36:39.689,1.10399,1.10406,1.00,1.00
2018.05.24 07:36:40.208,1.104,1.10407,1.00,1.00
2018.05.24 07:36:40.564,1.10399,1.10405,1.00,1.00
2018.05.24 07:36:41.088,1.10398,1.10405,1.00,1.00
2018.05.24 07:36:41.634,1.10399,1.10405,1.00,1.00
2018.05.24 07:36:42.147,1.10398,1.10405,1.00,1.00
2018.05.24 07:36:42.200,1.10398,1.10407,1.00,1.25
2018.05.24 07:36:42.415,1.104,1.10408,1.00,1.19
2018.05.24 07:36:42.879,1.10398,1.10407,1.00,1.00
2018.05.24 07:36:43.372,1.10399,1.10405,1.00,1.00
2018.05.24 07:36:43.738,1.10396,1.10405,1.00,1.00
2018.05.24 07:36:44.324,1.10396,1.10406,1.00,1.00
2018.05.24 07:36:44.377,1.10398,1.10406,1.00,1.00
2018.05.24 07:36:44.882,1.10399,1.10407,1.00,1.25
2018.05.24 07:36:45.192,1.10397,1.10404,1.00,1.00
2018.05.24 07:36:45.735,1.10396,1.10404,1.00,1.00
2018.05.24 07:36:46.481,1.10397,1.10404,1.00,1.00
2018.05.24 07:36:46.742,1.10395,1.10403,1.00,1.00
2018.05.24 07:36:47.293,1.10396,1.10403,1.00,1.00
2018.05.24 07:36:47.487,1.10398,1.10406,1.00,1.00
2018.05.24 07:36:47.539,1.104,1.10405,1.00,1.00
2018.05.24 07:36:47.591,1.104,1.10407,1.00,1.25
2018.05.24 07:36:47.942,1.10398,1.10406,1.00,1.00
2018.05.24 07:36:48.045,1.10398,1.10404,1.00,1.00
2018.05.24 07:36:48.352,1.10398,1.10406,1.00,1.00
2018.05.24 07:36:48.885,1.10397,1.10405,1.00,1.00
2018.05.24 07:36:49.498,1.10396,1.10405,1.00,1.00
2018.05.24 07:36:49.552,1.10397,1.10407,1.00,1.25
2018.05.24 07:36:49.657,1.10396,1.10407,1.00,1.69
2018.05.24 07:36:49.761,1.10396,1.10407,1.00,1.25
2018.05.24 07:36:49.812,1.10398,1.10407,1.00,1.25
2018.05.24 07:36:50.323,1.10399,1.10408,1.00,1.12
2018.05.24 07:36:51.050,1.104,1.10408,1.00,1.00
2018.05.24 07:36:51.103,1.10398,1.10409,1.00,2.44
2018.05.24 07:36:51.469,1.10398,1.10407,1.00,1.19
2018.05.24 07:36:51.625,1.10398,1.10408,1.00,1.69
2018.05.24 07:36:51.833,1.10398,1.10408,1.00,3.19
2018.05.24 07:36:52.377,1.10397,1.10407,1.00,1.19
2018.05.24 07:36:53.923,1.10397,1.10406,1.00,1.69
2018.05.24 07:36:54.091,1.10397,1.10406,1.00,1.25
2018.05.24 07:36:54.470,1.10397,1.10405,1.00,1.19
2018.05.24 07:36:54.997,1.10397,1.10405,1.00,1.25
2018.05.24 07:36:55.517,1.10397,1.10404,1.00,1.19
2018.05.24 07:36:55.570,1.10397,1.10405,1.00,1.25
2018.05.24 07:36:55.857,1.10397,1.10403,1.00,1.00
2018.05.24 07:36:57.432,1.10397,1.10406,1.00,1.19
2018.05.24 07:36:57.676,1.10395,1.10406,1.00,1.19
2018.05.24 07:36:58.194,1.10395,1.10406,1.00,1.25
2018.05.24 07:36:58.786,1.10395,1.10406,1.00,1.19
2018.05.24 07:36:58.838,1.10396,1.10404,1.00,1.19
2018.05.24 07:36:58.891,1.10396,1.10405,1.00,1.19
2018.05.24 07:36:59.400,1.10396,1.10406,1.00,1.69
2018.05.24 07:37:00.749,1.10396,1.10406,1.00,1.25
2018.05.24 07:37:01.691,1.10396,1.10406,1.00,1.19
2018.05.24 07:37:02.866,1.10397,1.10406,1.00,1.19
2018.05.24 07:37:03.477,1.10396,1.10404,1.00,1.00
2018.05.24 07:37:03.568,1.10393,1.10403,1.00,2.62
2018.05.24 07:37:03.675,1.10395,1.10406,1.00,1.19
2018.05.24 07:37:03.729,1.10397,1.10406,1.00,1.00
2018.05.24 07:37:04.036,1.10394,1.10405,1.00,1.69
2018.05.24 07:37:04.618,1.10395,1.10405,1.00,1.25
2018.05.24 07:37:05.248,1.10394,1.10405,1.00,1.12
2018.05.24 07:37:06.017,1.10394,1.10405,1.00,1.37
2018.05.24 07:37:06.558,1.10393,1.10404,1.00,1.12
2018.05.24 07:37:07.172,1.10394,1.10404,1.00,1.12
2018.05.24 07:37:08.116,1.10393,1.10404,1.00,1.87
2018.05.24 07:37:08.745,1.10393,1.10403,1.00,1.00
2018.05.24 07:37:09.354,1.10392,1.10403,1.00,1.12
2018.05.24 07:37:10.373,1.10392,1.10402,1.00,1.00
2018.05.24 07:37:10.969,1.10391,1.10402,1.00,1.25
2018.05.24 07:37:11.179,1.10391,1.10401,1.00,1.44
2018.05.24 07:37:11.335,1.10389,1.10399,1.00,1.00
2018.05.24 07:37:12.036,1.10387,1.10397,1.25,1.00
2018.05.24 07:37:12.543,1.10388,1.10397,1.00,1.00
2018.05.24 07:37:13.030,1.10386,1.10396,1.00,1.00
2018.05.24 07:37:13.135,1.10386,1.10398,1.00,1.00
2018.05.24 07:37:13.189,1.10388,1.10398,1.00,1.50
2018.05.24 07:37:14.986,1.10388,1.10397,1.00,1.25
2018.05.24 07:37:16.216,1.10388,1.10396,1.00,1.00
2018.05.24 07:37:16.269,1.10388,1.10398,1.00,1.00
2018.05.24 07:37:17.454,1.10388,1.10398,1.00,1.44
2018.05.24 07:37:17.797,1.10387,1.10395,1.00,1.00
2018.05.24 07:37:18.327,1.10386,1.10396,1.00,2.25
2018.05.24 07:37:18.865,1.10386,1.10395,1.00,1.00
2018.05.24 07:37:20.577,1.10386,1.10393,1.00,1.00
2018.05.24 07:37:20.679,1.10386,1.10395,1.00,1.25
2018.05.24 07:37:20.935,1.10386,1.10395,1.00,1.69
2018.05.24 07:37:21.449,1.10386,1.10395,1.00,1.19
2018.05.24 07:37:21.992,1.10386,1.10395,1.00,1.25
2018.05.24 07:37:22.577,1.10385,1.10393,1.00,1.00
2018.05.24 07:37:22.963,1.10385,1.10395,1.50,1.25
2018.05.24 07:37:23.015,1.10387,1.10397,1.00,1.00
2018.05.24 07:37:23.321,1.10389,1.10399,1.00,1.19
2018.05.24 07:37:23.873,1.10388,1.10399,1.00,1.25
2018.05.24 07:37:24.189,1.10388,1.10397,1.00,1.00
2018.05.24 07:37:24.718,1.10388,1.10398,1.00,1.00
2018.05.24 07:37:25.031,1.10387,1.10396,1.00,1.00
2018.05.24 07:37:25.549,1.10388,1.10397,1.00,1.00
2018.05.24 07:37:26.078,1.10389,1.10397,1.00,1.00
2018.05.24 07:37:26.182,1.10386,1.10396,1.00,1.00
2018.05.24 07:37:26.709,1.10386,1.10394,1.00,1.00
2018.05.24 07:37:26.813,1.10386,1.10396,1.00,2.62
2018.05.24 07:37:27.995,1.10386,1.10396,1.00,2.62
2018.05.24 07:37:28.508,1.10386,1.10394,1.00,1.00
2018.05.24 07:37:28.916,1.10384,1.10395,1.00,1.69
2018.05.24 07:37:29.073,1.10386,1.10395,1.00,1.69
2018.05.24 07:37:29.281,1.10384,1.10395,1.00,1.50
2018.05.24 07:37:29.950,1.10384,1.10393,1.00,1.00
2018.05.24 07:37:30.735,1.10384,1.10394,1.00,1.00
2018.05.24 07:37:31.261,1.10385,1.10393,1.00,1.00
2018.05.24 07:37:31.619,1.10385,1.10395,1.00,2.44
2018.05.24 07:37:32.169,1.10385,1.10395,1.00,2.62
2018.05.24 07:37:32.605,1.10385,1.10393,1.00,1.44
2018.05.24 07:37:32.657,1.10385,1.10395,1.00,2.62
2018.05.24 07:37:33.456,1.10384,1.10393,1.00,1.12
2018.05.24 07:37:33.509,1.10382,1.10393,1.00,1.44
2018.05.24 07:37:34.917,1.10383,1.10395,1.00,1.50
2018.05.24 07:37:34.969,1.10386,1.10395,1.00,1.50
2018.05.24 07:37:35.647,1.10386,1.10395,1.00,2.44
2018.05.24 07:37:35.754,1.10382,1.10393,1.00,1.25
2018.05.24 07:37:37.395,1.10382,1.10394,1.00,1.87
2018.05.24 07:37:37.901,1.10382,1.10394,1.00,1.37
2018.05.24 07:37:39.158,1.10382,1.10393,1.00,1.44
2018.05.24 07:37:39.833,1.10382,1.10394,1.00,2.62
2018.05.24 07:37:39.886,1.10382,1.10394,1.00,1.87
2018.05.24 07:37:39.990,1.10382,1.10394,1.00,1.69
2018.05.24 07:37:40.494,1.10382,1.10393,1.00,1.25
2018.05.24 07:37:40.914,1.10385,1.10397,1.00,1.87
2018.05.24 07:37:41.219,1.10382,1.10392,1.00,1.87
2018.05.24 07:37:41.529,1.1038,1.10391,1.00,1.44
2018.05.24 07:37:42.141,1.10379,1.10391,1.00,1.69
2018.05.24 07:37:42.686,1.10379,1.10391,1.00,1.00
2018.05.24 07:37:44.230,1.10379,1.10391,1.00,1.44
2018.05.24 07:37:44.761,1.10379,1.10389,1.00,1.25
2018.05.24 07:37:47.233,1.10379,1.10389,1.00,1.87
2018.05.24 07:37:47.390,1.10379,1.10388,1.00,1.69
2018.05.24 07:37:47.443,1.10379,1.10388,1.00,1.00
2018.05.24 07:37:48.138,1.10379,1.10386,1.00,1.19
2018.05.24 07:37:48.191,1.10379,1.10388,1.00,1.25
2018.05.24 07:37:48.245,1.10379,1.10388,1.00,1.69
2018.05.24 07:37:48.914,1.10379,1.1039,1.00,3.37
2018.05.24 07:37:49.032,1.10379,1.10387,1.00,1.00
2018.05.24 07:37:49.535,1.10381,1.1039,1.00,1.00
2018.05.24 07:37:49.590,1.10382,1.10388,1.00,1.00
2018.05.24 07:37:49.857,1.1038,1.10387,1.00,1.00
2018.05.24 07:37:50.397,1.1038,1.10386,1.00,1.00
2018.05.24 07:37:53.663,1.1038,1.10387,1.00,1.00
2018.05.24 07:37:54.515,1.10378,1.10387,1.00,1.00
2018.05.24 07:37:55.207,1.10378,1.10385,1.00,1.00
2018.05.24 07:37:55.472,1.10379,1.10388,1.00,1.50
2018.05.24 07:37:56.023,1.10379,1.10387,1.00,1.00
2018.05.24 07:37:56.348,1.10378,1.10384,1.00,1.00
2018.05.24 07:37:56.553,1.10374,1.10384,1.00,1.25
2018.05.24 07:37:56.655,1.10373,1.10382,1.00,1.00
2018.05.24 07:37:57.006,1.10376,1.10383,1.00,1.00
2018.05.24 07:37:57.108,1.10376,1.10385,1.00,1.00
2018.05.24 07:37:57.211,1.10378,1.10385,1.00,1.00
2018.05.24 07:37:57.744,1.10377,1.10384,1.00,1.00
2018.05.24 07:38:00.174,1.10377,1.10385,1.00,1.00
2018.05.24 07:38:00.598,1.10377,1.10387,1.00,1.00
2018.05.24 07:38:00.701,1.10377,1.10385,1.00,1.00
2018.05.24 07:38:00.753,1.10377,1.10387,1.00,1.25
2018.05.24 07:38:01.324,1.10377,1.10384,1.00,1.00
2018.05.24 07:38:02.231,1.10377,1.10386,1.00,1.12
2018.05.24 07:38:02.283,1.10376,1.10383,1.00,1.00
2018.05.24 07:38:02.385,1.10374,1.10383,1.00,1.00
2018.05.24 07:38:02.895,1.10373,1.10383,1.00,1.25
2018.05.24 07:38:03.372,1.10375,1.10384,1.00,1.19
2018.05.24 07:38:03.939,1.10375,1.10384,1.00,1.00
2018.05.24 07:38:04.456,1.10375,1.10385,1.00,1.87
2018.05.24 07:38:04.563,1.10373,1.10384,1.00,2.25
2018.05.24 07:38:04.615,1.10373,1.10383,1.00,1.19
2018.05.24 07:38:05.227,1.10373,1.10383,1.00,1.00
2018.05.24 07:38:05.754,1.10372,1.10381,1.00,1.25
2018.05.24 07:38:06.424,1.10372,1.10381,1.00,1.44
2018.05.24 07:38:06.928,1.1037,1.10381,1.00,1.44
2018.05.24 07:38:07.031,1.10373,1.10383,1.00,1.87
2018.05.24 07:38:07.133,1.10374,1.10385,1.00,2.62
2018.05.24 07:38:07.185,1.10375,1.10384,1.00,1.44
2018.05.24 07:38:07.561,1.10377,1.10386,1.00,1.25
2018.05.24 07:38:08.109,1.10377,1.10387,1.00,1.25
2018.05.24 07:38:09.188,1.10377,1.10387,1.00,1.19
2018.05.24 07:38:09.241,1.1038,1.10388,1.00,1.25
2018.05.24 07:38:09.819,1.10379,1.10388,1.00,1.12
2018.05.24 07:38:10.402,1.10381,1.10389,1.00,1.19
2018.05.24 07:38:10.455,1.10379,1.1039,1.00,1.37
2018.05.24 07:38:11.003,1.1038,1.10389,1.00,1.00
2018.05.24 07:38:11.578,1.1038,1.10389,1.00,1.19
2018.05.24 07:38:12.464,1.1038,1.1039,1.00,1.25
2018.05.24 07:38:13.179,1.1038,1.10392,1.00,1.44
2018.05.24 07:38:13.317,1.10382,1.10392,1.00,1.19
2018.05.24 07:38:13.891,1.10382,1.10392,1.00,1.00
2018.05.24 07:38:14.216,1.10384,1.10392,1.00,1.00
2018.05.24 07:38:14.577,1.10382,1.10391,1.00,1.00
2018.05.24 07:38:14.885,1.10386,1.10395,1.00,1.25
2018.05.24 07:38:15.219,1.10389,1.10396,1.00,1.00
2018.05.24 07:38:15.531,1.10389,1.104,1.00,1.25
2018.05.24 07:38:15.810,1.10391,1.10401,1.00,1.00
2018.05.24 07:38:16.123,1.10388,1.10398,1.00,1.00
2018.05.24 07:38:16.919,1.10391,1.10398,1.00,1.00
2018.05.24 07:38:17.742,1.10391,1.10399,1.00,1.00
2018.05.24 07:38:18.287,1.1039,1.10399,1.00,1.25
2018.05.24 07:38:18.693,1.1039,1.10397,1.00,1.00
2018.05.24 07:38:19.150,1.1039,1.10399,1.00,1.69
2018.05.24 07:38:19.824,1.1039,1.10398,1.00,1.00
2018.05.24 07:38:20.355,1.1039,1.104,1.00,3.37
2018.05.24 07:38:21.636,1.10389,1.10399,1.00,1.25
2018.05.24 07:38:22.165,1.1039,1.10399,1.00,1.25
2018.05.24 07:38:22.548,1.1039,1.10399,1.00,2.44
2018.05.24 07:38:23.052,1.1039,1.10399,1.00,1.69
2018.05.24 07:38:23.569,1.1039,1.10399,1.00,2.44
2018.05.24 07:38:24.039,1.10387,1.10396,1.00,2.44
2018.05.24 07:38:24.409,1.10387,1.10395,1.00,1.19
2018.05.24 07:38:24.957,1.10387,1.10395,1.00,1.25
2018.05.24 07:38:25.364,1.10385,1.10394,1.00,1.69
2018.05.24 07:38:26.907,1.10385,1.10392,1.00,1.87
2018.05.24 07:38:27.221,1.10382,1.1039,1.00,1.44
2018.05.24 07:38:27.737,1.10381,1.1039,1.00,1.44
2018.05.24 07:38:27.950,1.10383,1.10392,1.00,1.69
2018.05.24 07:38:28.157,1.10386,1.10392,1.00,1.25
2018.05.24 07:38:28.699,1.10387,1.10393,1.00,1.25
2018.05.24 07:38:28.941,1.10388,1.10396,1.00,1.87
2018.05.24 07:38:29.404,1.1039,1.10398,1.00,3.37
2018.05.24 07:38:29.572,1.1039,1.10398,1.00,2.62
2018.05.24 07:38:29.674,1.1039,1.10397,1.00,1.69
2018.05.24 07:38:30.584,1.10391,1.10398,1.00,1.69
2018.05.24 07:38:31.570,1.10389,1.10399,1.00,3.37
2018.05.24 07:38:31.723,1.10389,1.10399,1.00,1.12
2018.05.24 07:38:32.301,1.1039,1.10399,1.00,1.87
2018.05.24 07:38:34.052,1.1039,1.10399,1.00,1.69
2018.05.24 07:38:35.217,1.10392,1.104,1.00,2.62
2018.05.24 07:38:35.425,1.10396,1.10404,1.00,1.25
2018.05.24 07:38:35.478,1.10394,1.10401,1.00,1.00
2018.05.24 07:38:35.669,1.10396,1.10404,1.00,1.69
2018.05.24 07:38:36.184,1.10397,1.10405,1.00,1.69
2018.05.24 07:38:36.702,1.10397,1.10405,1.00,1.19
2018.05.24 07:38:37.573,1.10397,1.10405,1.00,1.25
2018.05.24 07:38:38.102,1.10398,1.10405,1.00,1.25
2018.05.24 07:38:38.751,1.10398,1.10406,1.00,1.00
2018.05.24 07:38:38.911,1.104,1.10408,1.00,2.44
2018.05.24 07:38:39.455,1.10401,1.10408,1.00,1.25
2018.05.24 07:38:39.761,1.10399,1.10406,1.00,1.44
2018.05.24 07:38:40.020,1.10396,1.10404,1.00,1.00
2018.05.24 07:38:40.543,1.10396,1.10405,1.00,1.25
2018.05.24 07:38:41.045,1.10397,1.10405,1.00,1.00
2018.05.24 07:38:42.411,1.10397,1.10402,1.00,1.00
2018.05.24 07:38:43.080,1.10397,1.10406,1.00,1.87
2018.05.24 07:38:44.650,1.10397,1.10406,1.00,1.25
2018.05.24 07:38:45.100,1.10394,1.10406,1.00,1.25
2018.05.24 07:38:45.612,1.10393,1.10406,1.00,1.19
2018.05.24 07:38:45.932,1.10393,1.10403,1.00,1.19
2018.05.24 07:38:46.035,1.10393,1.10405,1.00,1.19
2018.05.24 07:38:46.957,1.10393,1.10404,1.00,1.19
2018.05.24 07:38:47.527,1.10392,1.10404,1.00,1.19
2018.05.24 07:38:47.582,1.10392,1.10404,1.00,1.00
2018.05.24 07:38:48.183,1.10393,1.10406,1.00,1.69
2018.05.24 07:38:49.708,1.10393,1.10404,1.50,1.19
2018.05.24 07:38:50.044,1.10393,1.10405,1.50,1.00
2018.05.24 07:38:50.096,1.10393,1.10405,1.50,1.69
2018.05.24 07:38:50.148,1.10393,1.10405,1.69,1.25
2018.05.24 07:38:50.202,1.10395,1.10406,1.00,1.25
2018.05.24 07:38:50.518,1.10396,1.10404,1.00,1.00
2018.05.24 07:38:50.570,1.10394,1.10406,1.01,1.25
2018.05.24 07:38:50.623,1.10394,1.10403,1.01,1.00
2018.05.24 07:38:52.579,1.10396,1.10403,1.00,1.00
2018.05.24 07:38:53.230,1.10395,1.10403,1.00,1.25
2018.05.24 07:38:54.952,1.10393,1.10404,1.50,1.00
2018.05.24 07:38:55.156,1.10395,1.10404,1.00,1.00
2018.05.24 07:38:55.352,1.10393,1.10403,1.00,1.00
2018.05.24 07:38:55.868,1.10393,1.10402,1.00,1.25
2018.05.24 07:38:56.514,1.10394,1.10404,1.00,1.19
2018.05.24 07:38:56.877,1.10394,1.10405,1.00,1.25
2018.05.24 07:38:56.928,1.10392,1.10405,1.00,1.19
2018.05.24 07:38:58.070,1.10392,1.10405,1.25,1.00
2018.05.24 07:38:58.406,1.10392,1.10405,1.00,1.69
2018.05.24 07:38:58.989,1.10393,1.10406,1.00,2.62
2018.05.24 07:38:59.578,1.10393,1.10406,1.00,1.87
2018.05.24 07:39:00.118,1.10392,1.10405,1.00,1.00
2018.05.24 07:39:00.170,1.10394,1.10405,1.00,1.00
2018.05.24 07:39:00.734,1.10394,1.10405,1.00,1.19
2018.05.24 07:39:00.785,1.10392,1.10405,1.50,1.19
2018.05.24 07:39:01.315,1.10393,1.10405,1.00,1.00
2018.05.24 07:39:02.041,1.10394,1.10405,1.00,1.00
2018.05.24 07:39:02.569,1.10395,1.10406,1.25,1.00
2018.05.24 07:39:03.232,1.10394,1.10406,1.00,1.25
2018.05.24 07:39:03.403,1.10392,1.10405,1.50,1.12
2018.05.24 07:39:03.918,1.10393,1.10405,1.00,1.12
2018.05.24 07:39:04.079,1.10391,1.10405,1.00,1.25
2018.05.24 07:39:04.596,1.10392,1.10405,1.00,1.25
2018.05.24 07:39:05.852,1.10393,1.10405,1.00,1.25
2018.05.24 07:39:08.190,1.10393,1.10404,1.00,1.25
2018.05.24 07:39:08.243,1.10391,1.10402,1.00,1.00
2018.05.24 07:39:08.295,1.10389,1.10402,1.50,1.19
2018.05.24 07:39:08.722,1.10387,1.10402,1.57,1.19
2018.05.24 07:39:09.669,1.10388,1.10402,1.00,1.19
2018.05.24 07:39:10.173,1.10387,1.10402,1.00,1.19
2018.05.24 07:39:10.719,1.10388,1.10401,1.00,1.69
2018.05.24 07:39:11.702,1.10388,1.10402,1.00,1.87
2018.05.24 07:39:12.285,1.10389,1.10402,1.00,2.62
2018.05.24 07:39:12.957,1.10389,1.10402,1.00,1.50
2018.05.24 07:39:13.377,1.10391,1.10404,1.00,1.00
2018.05.24 07:39:13.755,1.10393,1.10404,1.00,1.00
2018.05.24 07:39:14.277,1.10393,1.10407,1.00,2.62
2018.05.24 07:39:14.789,1.10393,1.10407,1.00,3.37
2018.05.24 07:39:15.129,1.10389,1.10401,1.00,1.69
2018.05.24 07:39:15.181,1.10387,1.10401,1.10,1.19
2018.05.24 07:39:15.391,1.10387,1.10402,1.01,1.87
2018.05.24 07:39:15.929,1.10388,1.10402,1.00,1.87
2018.05.24 07:39:16.461,1.10388,1.10401,1.00,1.69
2018.05.24 07:39:16.719,1.10388,1.10399,1.00,1.19
2018.05.24 07:39:16.772,1.10388,1.10401,1.00,1.69
2018.05.24 07:39:16.980,1.10388,1.104,1.00,1.19
2018.05.24 07:39:17.031,1.10388,1.10401,1.00,1.25
2018.05.24 07:39:17.338,1.10386,1.104,1.76,1.19
2018.05.24 07:39:17.841,1.10386,1.104,1.57,1.25
2018.05.24 07:39:18.349,1.10386,1.104,1.87,1.50
2018.05.24 07:39:18.923,1.10386,1.104,1.12,1.50
2018.05.24 07:39:19.235,1.10389,1.104,1.00,1.50
2018.05.24 07:39:19.771,1.10388,1.10401,1.00,1.50
2018.05.24 07:39:21.159,1.10388,1.10399,1.00,1.00
2018.05.24 07:39:21.682,1.10387,1.10399,1.00,1.00
2018.05.24 07:39:25.836,1.10387,1.10399,1.19,1.00
2018.05.24 07:39:26.421,1.10386,1.10399,1.69,1.87
2018.05.24 07:39:26.958,1.10385,1.10398,1.69,1.19
2018.05.24 07:39:30.357,1.10387,1.10399,1.00,1.87
2018.05.24 07:39:30.414,1.10389,1.10403,1.19,1.87
2018.05.24 07:39:30.622,1.10389,1.104,1.00,1.00
2018.05.24 07:39:31.166,1.10387,1.10399,1.19,1.00
2018.05.24 07:39:31.668,1.10386,1.10399,1.25,1.19
2018.05.24 07:39:32.178,1.10386,1.10399,1.19,1.00
2018.05.24 07:39:34.027,1.10388,1.10399,1.00,1.00
2018.05.24 07:39:34.693,1.10388,1.104,1.00,1.00
2018.05.24 07:39:36.434,1.1039,1.104,1.00,1.00
2018.05.24 07:39:36.744,1.10387,1.104,1.00,1.25
2018.05.24 07:39:38.742,1.10387,1.104,1.07,1.25
2018.05.24 07:39:39.251,1.10389,1.10404,1.29,1.95
2018.05.24 07:39:40.040,1.10392,1.10404,1.00,1.37
2018.05.24 07:39:40.249,1.1039,1.10405,1.26,1.44
2018.05.24 07:39:40.623,1.10389,1.10403,2.51,1.37
2018.05.24 07:39:40.833,1.10388,1.10402,2.32,1.37
2018.05.24 07:39:41.868,1.10388,1.10403,2.32,1.37
2018.05.24 07:39:42.390,1.10388,1.10402,2.32,1.37
2018.05.24 07:39:42.530,1.10386,1.10401,1.95,2.62
2018.05.24 07:39:42.587,1.10386,1.10401,1.57,2.62
2018.05.24 07:39:43.119,1.10385,1.104,3.45,1.37
2018.05.24 07:39:43.171,1.10385,1.10396,1.20,1.00
2018.05.24 07:39:43.223,1.10382,1.10395,1.00,1.19
2018.05.24 07:39:43.378,1.10379,1.10395,1.76,2.44
2018.05.24 07:39:43.926,1.10378,1.10395,2.51,2.70
2018.05.24 07:39:45.059,1.10379,1.10392,1.01,1.12
2018.05.24 07:39:45.373,1.1038,1.10394,2.32,1.69
2018.05.24 07:39:45.478,1.1038,1.10395,2.32,3.37
2018.05.24 07:39:45.953,1.1038,1.10395,1.10,2.70
2018.05.24 07:39:46.138,1.10379,1.10393,1.32,1.00
2018.05.24 07:39:46.447,1.10383,1.10392,1.00,1.69
2018.05.24 07:39:46.959,1.10382,1.10392,1.00,1.25
2018.05.24 07:39:47.073,1.1038,1.10392,1.00,1.25
2018.05.24 07:39:48.269,1.10377,1.1039,1.32,1.69
2018.05.24 07:39:49.171,1.10378,1.1039,1.25,1.25
2018.05.24 07:39:49.555,1.10378,1.1039,1.19,1.25
2018.05.24 07:39:49.714,1.1038,1.10392,1.19,1.69
2018.05.24 07:39:49.767,1.10379,1.10392,1.01,1.00
2018.05.24 07:39:49.820,1.1038,1.10392,1.19,1.00
2018.05.24 07:39:50.362,1.10382,1.10393,1.00,1.87
2018.05.24 07:39:50.804,1.10379,1.10391,1.29,1.00
2018.05.24 07:39:50.954,1.10378,1.10389,1.10,1.69
2018.05.24 07:39:51.544,1.10377,1.10389,1.19,1.19
2018.05.24 07:39:52.067,1.10377,1.10388,1.00,1.19
2018.05.24 07:39:52.635,1.10376,1.10388,1.25,1.69
2018.05.24 07:39:53.309,1.10376,1.10388,1.19,1.69
2018.05.24 07:39:53.463,1.10374,1.10388,1.69,1.69
2018.05.24 07:39:54.006,1.10375,1.10386,1.25,1.00
2018.05.24 07:39:54.552,1.10374,1.10386,1.69,1.69
2018.05.24 07:39:55.380,1.10373,1.10386,1.69,2.62
2018.05.24 07:39:55.982,1.10373,1.10386,1.25,2.44
2018.05.24 07:39:56.497,1.10371,1.10384,1.29,1.12
2018.05.24 07:39:57.044,1.10372,1.10383,1.19,1.25
2018.05.24 07:39:57.486,1.10369,1.10381,1.25,1.19
2018.05.24 07:39:58.292,1.10369,1.10381,1.00,1.00
2018.05.24 07:39:58.830,1.10369,1.10382,1.00,1.25
2018.05.24 07:39:59.240,1.1037,1.10381,1.69,1.00
2018.05.24 07:39:59.347,1.1037,1.10381,1.25,1.00
2018.05.24 07:39:59.883,1.10367,1.10381,2.44,1.12
2018.05.24 07:40:00.406,1.10368,1.1038,1.00,1.00
2018.05.24 07:40:00.721,1.10366,1.10379,1.69,1.19
2018.05.24 07:40:00.773,1.10364,1.10377,1.76,1.25
2018.05.24 07:40:01.288,1.10364,1.10378,1.69,1.00
2018.05.24 07:40:01.808,1.10364,1.10377,1.01,1.50
2018.05.24 07:40:01.963,1.10364,1.10379,3.19,2.25
2018.05.24 07:40:02.015,1.10366,1.10381,2.44,1.25
2018.05.24 07:40:02.561,1.10368,1.10381,1.69,1.25
2018.05.24 07:40:02.875,1.10371,1.10383,1.25,1.00
2018.05.24 07:40:03.381,1.10372,1.10384,1.00,1.00
2018.05.24 07:40:03.919,1.10371,1.10383,1.19,1.00
2018.05.24 07:40:04.437,1.10369,1.10383,1.19,1.00
2018.05.24 07:40:04.751,1.10366,1.1038,1.29,1.25
2018.05.24 07:40:05.274,1.10366,1.1038,1.69,1.44
2018.05.24 07:40:06.085,1.10366,1.1038,1.29,2.25
2018.05.24 07:40:06.707,1.10365,1.10378,1.19,1.50
2018.05.24 07:40:06.966,1.10364,1.10377,1.20,1.00
2018.05.24 07:40:07.508,1.10362,1.10376,1.95,1.00
2018.05.24 07:40:08.042,1.10362,1.10375,1.37,1.00
2018.05.24 07:40:08.753,1.10362,1.10373,1.19,1.00
2018.05.24 07:40:08.806,1.1036,1.10372,2.44,1.00
2018.05.24 07:40:08.963,1.10361,1.10375,2.44,1.25
2018.05.24 07:40:09.070,1.10363,1.10375,1.19,1.00
2018.05.24 07:40:09.332,1.10364,1.10379,1.69,2.51
2018.05.24 07:40:09.386,1.10369,1.10381,1.00,1.07
2018.05.24 07:40:09.492,1.1037,1.10385,1.19,2.70
2018.05.24 07:40:10.012,1.10369,1.10385,1.95,1.87
2018.05.24 07:40:10.551,1.10369,1.10384,1.44,1.00
2018.05.24 07:40:10.773,1.10369,1.10382,1.25,1.00
2018.05.24 07:40:11.264,1.10367,1.10381,1.25,1.25
2018.05.24 07:40:11.580,1.10368,1.10383,1.87,2.70
2018.05.24 07:40:11.903,1.10371,1.10384,1.19,1.25
2018.05.24 07:40:12.069,1.10368,1.10383,1.19,3.37
2018.05.24 07:40:12.122,1.10366,1.10382,3.45,1.25
2018.05.24 07:40:12.385,1.10369,1.10384,2.44,1.87
2018.05.24 07:40:12.779,1.10366,1.1038,1.69,1.00
2018.05.24 07:40:13.295,1.10367,1.1038,1.19,1.00
2018.05.24 07:40:13.797,1.10366,1.1038,1.19,1.00
2018.05.24 07:40:14.331,1.10368,1.10381,1.19,1.69
2018.05.24 07:40:14.869,1.10367,1.10381,1.19,1.50
2018.05.24 07:40:15.769,1.10366,1.10381,1.44,3.37
2018.05.24 07:40:16.119,1.10365,1.10379,1.00,1.44
2018.05.24 07:40:16.381,1.10364,1.10379,1.19,2.44
2018.05.24 07:40:16.958,1.10363,1.10375,1.87,1.00
2018.05.24 07:40:17.275,1.10363,1.10374,1.25,1.00
2018.05.24 07:40:17.328,1.10362,1.10372,1.44,1.00
2018.05.24 07:40:17.764,1.10362,1.10369,1.25,1.00
2018.05.24 07:40:17.974,1.1036,1.1037,1.69,1.00
2018.05.24 07:40:18.356,1.1036,1.10367,1.00,1.00
2018.05.24 07:40:18.408,1.10358,1.10367,1.25,1.00
2018.05.24 07:40:18.769,1.10358,1.10369,1.25,1.00
2018.05.24 07:40:19.620,1.10357,1.10367,1.19,1.00
2018.05.24 07:40:20.134,1.10357,1.10368,1.19,1.00
2018.05.24 07:40:20.507,1.10356,1.10367,1.25,1.00
2018.05.24 07:40:20.560,1.10357,1.10367,1.19,1.00
2018.05.24 07:40:20.664,1.10357,1.10369,1.00,1.00
2018.05.24 07:40:21.215,1.10357,1.1037,1.87,1.00
2018.05.24 07:40:22.557,1.10358,1.10369,1.12,1.00
2018.05.24 07:40:23.270,1.1036,1.10369,1.00,1.00
2018.05.24 07:40:23.424,1.1036,1.10371,1.25,1.00
2018.05.24 07:40:23.779,1.10358,1.10371,1.12,1.25
2018.05.24 07:40:24.187,1.10358,1.10369,1.87,1.00
2018.05.24 07:40:24.548,1.10354,1.10365,1.50,1.00
2018.05.24 07:40:25.059,1.10353,1.10364,1.12,1.00
2018.05.24 07:40:25.636,1.10354,1.10364,1.00,1.00
2018.05.24 07:40:26.490,1.10353,1.10364,1.12,1.00
2018.05.24 07:40:27.125,1.10353,1.10364,1.19,1.00
2018.05.24 07:40:27.712,1.10353,1.10364,1.69,1.00
2018.05.24 07:40:28.052,1.10353,1.10364,1.69,1.00
2018.05.24 07:40:29.172,1.10353,1.10363,1.69,1.00
2018.05.24 07:40:29.375,1.10354,1.10365,1.19,1.00
2018.05.24 07:40:29.530,1.10353,1.10364,1.00,1.00
2018.05.24 07:40:29.635,1.10355,1.10367,1.00,1.25
2018.05.24 07:40:29.974,1.10353,1.10367,1.69,1.19
2018.05.24 07:40:30.032,1.10353,1.10365,1.00,1.44
2018.05.24 07:40:30.452,1.10354,1.10367,1.00,1.25
2018.05.24 07:40:31.049,1.10355,1.10367,1.00,1.25
2018.05.24 07:40:32.154,1.10355,1.10367,1.19,1.00
2018.05.24 07:40:32.696,1.10357,1.10368,1.00,1.00
2018.05.24 07:40:33.368,1.10359,1.1037,1.00,1.00
2018.05.24 07:40:33.473,1.1036,1.10372,1.00,1.00
2018.05.24 07:40:33.748,1.1036,1.1037,1.00,1.00
2018.05.24 07:40:34.657,1.1036,1.10372,1.00,1.00
2018.05.24 07:40:35.375,1.10361,1.10372,1.69,1.00
2018.05.24 07:40:35.926,1.10362,1.10373,1.87,1.00
2018.05.24 07:40:36.734,1.10361,1.10373,1.00,1.00
2018.05.24 07:40:37.288,1.1036,1.10373,1.12,1.00
2018.05.24 07:40:38.150,1.10358,1.10371,1.95,1.00
2018.05.24 07:40:38.307,1.10356,1.1037,1.76,1.00
2018.05.24 07:40:38.851,1.10359,1.10371,1.00,1.25
2018.05.24 07:40:40.488,1.10359,1.10372,1.25,1.25
2018.05.24 07:40:41.451,1.10357,1.10369,1.25,1.00
2018.05.24 07:40:44.640,1.10356,1.10368,1.19,1.00
2018.05.24 07:40:45.209,1.10356,1.10368,1.25,1.00
2018.05.24 07:40:45.657,1.10355,1.10368,1.00,2.25
2018.05.24 07:40:47.872,1.10354,1.10366,1.50,1.00
2018.05.24 07:40:48.391,1.10353,1.10366,1.50,1.00
2018.05.24 07:40:48.698,1.10355,1.10366,1.00,1.00
2018.05.24 07:40:48.802,1.10356,1.10368,1.00,1.50
2018.05.24 07:40:49.272,1.10356,1.10368,1.19,1.50
2018.05.24 07:40:50.154,1.10356,1.10368,1.25,1.00
2018.05.24 07:40:50.257,1.10357,1.10368,1.19,1.00
2018.05.24 07:40:50.462,1.10359,1.10371,1.00,1.50
2018.05.24 07:40:50.994,1.10359,1.1037,1.00,1.00
2018.05.24 07:40:51.252,1.10361,1.10371,1.25,1.00
2018.05.24 07:40:51.409,1.10362,1.10374,1.00,1.50
2018.05.24 07:40:51.564,1.1036,1.10373,1.00,1.00
2018.05.24 07:40:52.173,1.1036,1.10372,1.19,1.00
2018.05.24 07:40:52.806,1.10361,1.10373,1.19,1.00
2018.05.24 07:40:53.006,1.10362,1.10375,1.19,1.00
2018.05.24 07:40:53.058,1.10364,1.10376,1.25,1.00
2018.05.24 07:40:53.213,1.1036,1.10373,1.95,1.00
2018.05.24 07:40:53.719,1.1036,1.10374,1.12,1.50
2018.05.24 07:40:54.092,1.10362,1.10374,1.00,1.25
2018.05.24 07:40:54.545,1.10359,1.10374,1.01,1.44
2018.05.24 07:40:55.050,1.1036,1.10373,1.00,1.44
2018.05.24 07:40:55.381,1.10361,1.10374,1.25,1.87
2018.05.24 07:40:55.541,1.10364,1.10374,1.00,1.00
2018.05.24 07:40:55.595,1.10365,1.10377,1.00,1.69
2018.05.24 07:40:55.648,1.10367,1.10379,1.00,2.44
2018.05.24 07:40:55.968,1.10366,1.10378,1.00,1.19
2018.05.24 07:40:56.577,1.10365,1.10378,1.50,1.19
2018.05.24 07:40:56.865,1.10365,1.1038,2.06,1.69
2018.05.24 07:40:57.174,1.10368,1.10382,1.00,3.19
2018.05.24 07:40:57.470,1.10372,1.10387,1.00,1.87
2018.05.24 07:40:57.577,1.10373,1.10388,1.44,1.69
2018.05.24 07:40:58.078,1.10373,1.10388,1.10,1.44
2018.05.24 07:40:58.635,1.10374,1.10389,1.00,3.94
2018.05.24 07:40:58.689,1.10374,1.10389,1.00,2.44
2018.05.24 07:40:58.742,1.10374,1.10389,1.00,3.19
2018.05.24 07:40:58.848,1.10373,1.10388,2.51,1.25
2018.05.24 07:40:59.350,1.10373,1.10388,1.01,1.25
2018.05.24 07:40:59.765,1.10372,1.10388,2.14,2.44
2018.05.24 07:41:00.595,1.10372,1.10388,1.39,1.87
2018.05.24 07:41:01.241,1.10372,1.10387,1.00,1.69
2018.05.24 07:41:02.328,1.10372,1.10387,1.00,1.19
2018.05.24 07:41:02.642,1.10375,1.10388,1.00,1.00
2018.05.24 07:41:03.150,1.10374,1.10389,1.01,1.44
2018.05.24 07:41:03.485,1.10376,1.10389,1.00,1.19
2018.05.24 07:41:04.104,1.10376,1.10389,1.00,1.25
2018.05.24 07:41:04.515,1.10374,1.1039,1.10,2.62
2018.05.24 07:41:05.145,1.10373,1.10388,1.10,1.44
2018.05.24 07:41:05.351,1.10371,1.10385,1.25,1.50
2018.05.24 07:41:06.736,1.1037,1.10385,1.01,1.19
2018.05.24 07:41:07.268,1.1037,1.10383,1.00,1.25
2018.05.24 07:41:09.873,1.10369,1.10385,1.19,2.62
2018.05.24 07:41:10.418,1.10369,1.10385,1.45,2.51
2018.05.24 07:41:10.676,1.1037,1.10386,1.45,1.00
2018.05.24 07:41:10.942,1.1037,1.10384,1.45,1.00
2018.05.24 07:41:11.257,1.10374,1.10386,1.00,1.50
2018.05.24 07:41:11.414,1.10372,1.10386,1.01,1.00
2018.05.24 07:41:11.467,1.10373,1.10388,1.07,1.25
2018.05.24 07:41:11.781,1.10374,1.10389,1.57,1.69
2018.05.24 07:41:12.923,1.10375,1.10389,1.01,1.00
2018.05.24 07:41:13.239,1.10375,1.10389,1.76,1.00
2018.05.24 07:41:13.557,1.10371,1.10386,1.95,1.00
2018.05.24 07:41:13.770,1.10377,1.10389,1.00,1.29
2018.05.24 07:41:13.877,1.10373,1.10388,1.10,1.44
2018.05.24 07:41:14.061,1.10371,1.10385,1.69,1.69
2018.05.24 07:41:14.114,1.10372,1.10386,1.25,1.12
2018.05.24 07:41:14.622,1.10373,1.10388,1.25,1.87
2018.05.24 07:41:15.135,1.10372,1.10386,1.29,1.25
2018.05.24 07:41:15.680,1.10371,1.10386,1.39,1.19
2018.05.24 07:41:16.190,1.10371,1.10386,1.57,1.25
2018.05.24 07:41:17.084,1.10373,1.10387,1.25,1.25
2018.05.24 07:41:17.357,1.10373,1.10389,2.70,1.44
2018.05.24 07:41:17.891,1.10373,1.10388,1.29,1.87
2018.05.24 07:41:18.415,1.10372,1.10388,1.26,2.44
2018.05.24 07:41:18.805,1.10371,1.10385,1.07,1.44
2018.05.24 07:41:18.910,1.10369,1.10385,1.95,1.87
2018.05.24 07:41:19.069,1.10367,1.10382,1.76,1.87
2018.05.24 07:41:19.235,1.10365,1.1038,1.32,1.25
2018.05.24 07:41:19.296,1.10365,1.10379,1.25,1.00
2018.05.24 07:41:19.969,1.10364,1.10379,1.12,1.25
2018.05.24 07:41:20.740,1.10364,1.10378,1.12,1.00
2018.05.24 07:41:20.845,1.10363,1.10378,1.87,2.62
2018.05.24 07:41:21.001,1.10363,1.10378,1.69,1.69
2018.05.24 07:41:21.332,1.10363,1.10378,2.62,1.69
2018.05.24 07:41:21.385,1.10363,1.10378,2.44,1.87
2018.05.24 07:41:21.906,1.10365,1.10378,1.00,1.25
2018.05.24 07:41:22.409,1.10363,1.1038,1.87,3.37
2018.05.24 07:41:23.018,1.10361,1.10377,1.76,2.44
2018.05.24 07:41:23.070,1.10362,1.10377,1.00,2.62
2018.05.24 07:41:23.176,1.1036,1.10375,1.95,1.69
2018.05.24 07:41:23.993,1.10363,1.10375,1.69,1.00
2018.05.24 07:41:24.046,1.10363,1.10379,1.69,1.44
2018.05.24 07:41:24.461,1.10363,1.10379,1.29,1.25
2018.05.24 07:41:24.566,1.10365,1.10379,1.00,1.87
2018.05.24 07:41:25.222,1.10364,1.10379,1.01,1.44
2018.05.24 07:41:27.277,1.10371,1.10382,2.81,1.29
2018.05.24 07:41:27.529,1.10377,1.10388,1.00,1.00
2018.05.24 07:41:27.582,1.10379,1.10388,1.25,1.00
2018.05.24 07:41:27.791,1.10377,1.10389,1.95,1.00
2018.05.24 07:41:27.944,1.10378,1.10393,1.00,1.87
2018.05.24 07:41:28.048,1.10376,1.10391,1.57,1.69
2018.05.24 07:41:28.353,1.10378,1.10392,1.10,1.44
2018.05.24 07:41:29.483,1.10377,1.10393,1.95,2.62
2018.05.24 07:41:30.344,1.10379,1.10393,1.00,2.62
2018.05.24 07:41:30.654,1.10374,1.10389,2.14,2.44
2018.05.24 07:41:30.872,1.1037,1.10384,1.10,1.87
2018.05.24 07:41:30.974,1.10371,1.10381,1.00,1.87
2018.05.24 07:41:31.026,1.10367,1.1038,1.10,1.37
2018.05.24 07:41:31.180,1.10365,1.1038,1.57,1.19
2018.05.24 07:41:31.703,1.10365,1.10379,1.01,1.19
2018.05.24 07:41:31.755,1.10365,1.10379,1.00,1.69
2018.05.24 07:41:32.166,1.10364,1.10378,1.10,1.69
2018.05.24 07:41:32.711,1.10362,1.10377,2.70,1.25
2018.05.24 07:41:33.255,1.10362,1.10377,2.70,1.25
2018.05.24 07:41:33.752,1.10364,1.10379,1.76,1.44
2018.05.24 07:41:34.273,1.10364,1.10379,1.00,1.87
2018.05.24 07:41:34.604,1.10363,1.10376,1.10,1.00
2018.05.24 07:41:35.274,1.10362,1.10376,1.25,1.00
2018.05.24 07:41:35.728,1.10365,1.10378,1.00,1.01
2018.05.24 07:41:35.994,1.1037,1.10384,1.00,1.00
2018.05.24 07:41:36.047,1.10372,1.10384,1.00,1.19
2018.05.24 07:41:36.100,1.1037,1.10385,1.00,1.19
2018.05.24 07:41:36.153,1.10372,1.10386,1.25,1.69
2018.05.24 07:41:36.667,1.10371,1.10386,2.44,1.87
2018.05.24 07:41:37.250,1.10373,1.10385,1.00,1.19
2018.05.24 07:41:37.302,1.10373,1.10386,1.00,1.19
2018.05.24 07:41:37.470,1.10371,1.10386,2.44,1.87
2018.05.24 07:41:37.631,1.10371,1.10386,1.69,1.69
2018.05.24 07:41:38.143,1.10372,1.10386,1.00,1.69
2018.05.24 07:41:38.696,1.10371,1.10386,1.29,1.69
2018.05.24 07:41:39.138,1.1037,1.10385,1.69,1.25
2018.05.24 07:41:39.396,1.10371,1.10385,1.25,1.69
2018.05.24 07:41:39.758,1.10369,1.10384,2.06,1.19
2018.05.24 07:41:39.920,1.1037,1.10385,1.69,1.29
2018.05.24 07:41:39.971,1.10372,1.10386,1.29,1.19
2018.05.24 07:41:40.279,1.10376,1.10387,1.00,1.19
2018.05.24 07:41:40.330,1.10374,1.10388,2.70,1.19
2018.05.24 07:41:40.836,1.10374,1.10388,1.01,1.25
2018.05.24 07:41:41.641,1.10373,1.10388,2.51,1.69
2018.05.24 07:41:42.182,1.10374,1.10388,1.00,1.69
2018.05.24 07:41:43.045,1.10373,1.10388,1.69,1.25
2018.05.24 07:41:43.250,1.10373,1.10388,1.69,1.19
2018.05.24 07:41:43.773,1.10374,1.10387,1.00,1.19
2018.05.24 07:41:44.856,1.10374,1.10388,1.00,1.44
2018.05.24 07:41:45.124,1.10377,1.10392,1.69,1.25
2018.05.24 07:41:45.230,1.10376,1.10392,2.81,1.69
2018.05.24 07:41:45.283,1.10376,1.10392,2.81,1.25
2018.05.24 07:41:45.336,1.10375,1.10392,3.19,4.12
2018.05.24 07:41:45.869,1.10374,1.1039,1.69,1.69
2018.05.24 07:41:46.345,1.10374,1.10388,1.19,1.00
2018.05.24 07:41:46.437,1.10373,1.10388,1.12,1.69
2018.05.24 07:41:47.172,1.10373,1.10387,1.25,1.69
2018.05.24 07:41:47.717,1.10372,1.10387,1.25,1.69
2018.05.24 07:41:48.238,1.10373,1.10388,1.00,3.37
2018.05.24 07:41:48.421,1.10373,1.10388,1.25,2.62
2018.05.24 07:41:49.302,1.10373,1.10388,1.69,1.87
2018.05.24 07:41:49.851,1.10373,1.10388,1.76,1.69
2018.05.24 07:41:51.943,1.10373,1.10388,1.50,2.44
2018.05.24 07:41:52.449,1.10373,1.10387,1.19,1.25
2018.05.24 07:41:52.988,1.10372,1.10387,1.25,1.19
2018.05.24 07:41:53.520,1.10373,1.10387,1.50,1.19
2018.05.24 07:41:53.782,1.10372,1.10388,1.69,1.95
2018.05.24 07:41:53.886,1.10372,1.10388,2.44,1.29
2018.05.24 07:41:54.327,1.10373,1.10386,1.19,1.19
2018.05.24 07:41:54.484,1.10373,1.10387,1.19,1.25
2018.05.24 07:41:54.537,1.10373,1.10386,1.00,1.19
2018.05.24 07:41:55.159,1.10372,1.10387,1.95,1.69
2018.05.24 07:41:55.407,1.10374,1.10388,1.10,1.00
2018.05.24 07:41:55.950,1.10374,1.10388,1.57,1.25
2018.05.24 07:41:56.860,1.10376,1.1039,1.50,1.25
2018.05.24 07:41:56.914,1.10378,1.1039,1.00,1.00
2018.05.24 07:41:57.281,1.10375,1.1039,2.32,1.19
2018.05.24 07:41:57.386,1.10375,1.10391,1.57,1.69
2018.05.24 07:41:57.987,1.10376,1.10391,1.00,3.19
2018.05.24 07:41:58.089,1.10376,1.1039,1.19,1.25
2018.05.24 07:41:58.242,1.10378,1.10393,1.01,2.44
2018.05.24 07:41:58.860,1.10378,1.10393,1.01,3.19
2018.05.24 07:41:59.398,1.10379,1.10393,1.25,1.19
2018.05.24 07:42:00.112,1.1038,1.10393,1.69,1.25
2018.05.24 07:42:00.450,1.10383,1.10397,1.25,1.00
2018.05.24 07:42:01.716,1.10382,1.10397,1.10,1.69
2018.05.24 07:42:02.277,1.10383,1.10397,1.00,1.87
2018.05.24 07:42:02.483,1.10383,1.10397,1.00,2.62
2018.05.24 07:42:03.219,1.10382,1.10397,1.25,2.62
2018.05.24 07:42:05.367,1.10382,1.10397,1.00,2.62
2018.05.24 07:42:06.127,1.10382,1.10397,1.00,3.37
2018.05.24 07:42:06.230,1.10382,1.10397,1.51,1.69
2018.05.24 07:42:06.428,1.10382,1.10397,2.32,1.00
2018.05.24 07:42:06.531,1.10383,1.10399,2.51,1.69
2018.05.24 07:42:06.635,1.10385,1.104,1.69,1.00
2018.05.24 07:42:07.195,1.10385,1.10401,1.95,2.44
2018.05.24 07:42:07.788,1.10386,1.10401,1.20,2.44
2018.05.24 07:42:08.105,1.10385,1.104,1.57,1.19
2018.05.24 07:42:08.158,1.10384,1.10398,1.00,1.69
2018.05.24 07:42:08.211,1.10384,1.10397,1.00,1.19
2018.05.24 07:42:08.766,1.10382,1.10396,1.69,1.25
2018.05.24 07:42:09.074,1.10381,1.10394,1.95,1.25
2018.05.24 07:42:09.381,1.10381,1.10394,1.69,1.69
2018.05.24 07:42:09.580,1.10379,1.10393,1.76,1.69
2018.05.24 07:42:09.631,1.10379,1.10391,1.10,1.69
2018.05.24 07:42:09.683,1.10376,1.1039,3.07,1.19
2018.05.24 07:42:10.261,1.10377,1.1039,1.00,1.19
2018.05.24 07:42:10.420,1.1038,1.10392,1.00,1.19
2018.05.24 07:42:11.105,1.10379,1.1039,1.00,1.00
2018.05.24 07:42:11.607,1.10378,1.10391,1.00,1.00
2018.05.24 07:42:12.124,1.10377,1.1039,1.87,1.00
2018.05.24 07:42:12.652,1.10378,1.10391,1.19,1.19
2018.05.24 07:42:13.166,1.10376,1.1039,1.26,1.19
2018.05.24 07:42:13.676,1.10377,1.1039,1.19,1.19
2018.05.24 07:42:14.200,1.10377,1.1039,1.25,1.19
2018.05.24 07:42:14.811,1.10378,1.1039,1.00,1.19
2018.05.24 07:42:15.335,1.10378,1.1039,1.25,1.25
2018.05.24 07:42:15.609,1.10378,1.1039,1.50,1.25
2018.05.24 07:42:17.524,1.10377,1.10389,2.00,1.00
2018.05.24 07:42:17.810,1.10376,1.10389,1.57,1.00
2018.05.24 07:42:18.457,1.10378,1.10391,1.29,1.19
2018.05.24 07:42:18.854,1.1038,1.10388,1.00,1.00
2018.05.24 07:42:18.911,1.10379,1.1039,1.69,1.00
2018.05.24 07:42:18.966,1.10381,1.10391,1.00,1.00
2018.05.24 07:42:19.276,1.10383,1.10393,1.00,1.19
2018.05.24 07:42:19.334,1.10381,1.10393,1.00,1.19
2018.05.24 07:42:19.796,1.10384,1.10394,1.19,1.00
2018.05.24 07:42:19.850,1.10385,1.10396,1.19,1.69
2018.05.24 07:42:20.471,1.10385,1.10397,1.01,1.00
2018.05.24 07:42:20.887,1.10387,1.10398,1.00,1.00
2018.05.24 07:42:21.203,1.10388,1.104,2.00,1.00
2018.05.24 07:42:22.260,1.10392,1.10402,1.44,1.00
2018.05.24 07:42:22.314,1.10392,1.10405,1.87,1.00
2018.05.24 07:42:22.483,1.10394,1.10405,1.20,1.00
2018.05.24 07:42:22.586,1.10393,1.10407,1.76,1.00
2018.05.24 07:42:22.689,1.10399,1.10407,1.00,1.00
2018.05.24 07:42:22.945,1.10402,1.10412,1.25,1.00
2018.05.24 07:42:23.048,1.10404,1.10413,1.00,1.00
2018.05.24 07:42:23.278,1.10408,1.10418,1.00,1.00
2018.05.24 07:42:23.381,1.10409,1.1042,1.00,1.25
2018.05.24 07:42:23.894,1.1041,1.10421,1.00,1.00
2018.05.24 07:42:23.998,1.10412,1.10421,1.00,1.00
2018.05.24 07:42:24.365,1.10412,1.10424,1.00,1.69
2018.05.24 07:42:25.002,1.10411,1.10424,1.00,1.69
2018.05.24 07:42:25.163,1.10411,1.10421,1.00,1.00
2018.05.24 07:42:25.495,1.10416,1.10425,1.00,1.25
2018.05.24 07:42:26.009,1.10416,1.10426,1.00,1.00
2018.05.24 07:42:26.213,1.10416,1.10429,1.00,1.69
2018.05.24 07:42:26.368,1.10417,1.10428,1.00,1.19
2018.05.24 07:42:26.711,1.10415,1.10425,1.00,1.25
2018.05.24 07:42:27.854,1.10417,1.10425,1.00,1.00
2018.05.24 07:42:28.072,1.10416,1.10428,2.25,1.19
2018.05.24 07:42:28.580,1.10419,1.10428,1.00,1.19
2018.05.24 07:42:28.633,1.10417,1.10428,1.00,1.19
2018.05.24 07:42:28.742,1.10415,1.10425,1.19,1.00
2018.05.24 07:42:29.096,1.10419,1.10427,1.00,1.25
2018.05.24 07:42:29.152,1.10419,1.10429,1.00,1.00
2018.05.24 07:42:29.205,1.10419,1.10431,1.25,1.25
2018.05.24 07:42:29.258,1.10421,1.10431,1.19,1.25
2018.05.24 07:42:29.773,1.10421,1.10432,1.00,1.19
2018.05.24 07:42:30.148,1.1042,1.10429,1.00,1.00
2018.05.24 07:42:30.695,1.10421,1.1043,1.00,1.19
2018.05.24 07:42:30.850,1.10419,1.1043,1.00,1.69
2018.05.24 07:42:31.649,1.10418,1.1043,1.69,1.69
2018.05.24 07:42:32.049,1.10416,1.10429,1.76,1.19
2018.05.24 07:42:32.100,1.10419,1.1043,1.00,1.19
2018.05.24 07:42:32.152,1.10417,1.10429,1.00,1.25
2018.05.24 07:42:32.462,1.10416,1.10429,2.25,1.69
2018.05.24 07:42:32.951,1.10417,1.10429,1.50,1.25
2018.05.24 07:42:33.491,1.10413,1.10427,2.32,1.19
2018.05.24 07:42:33.543,1.10413,1.10427,1.69,1.69
2018.05.24 07:42:34.065,1.10412,1.10425,2.25,1.19
2018.05.24 07:42:34.605,1.10413,1.10425,1.25,1.00
2018.05.24 07:42:37.838,1.10414,1.10425,1.00,1.25
2018.05.24 07:42:38.440,1.10413,1.10424,1.69,1.00
2018.05.24 07:42:39.142,1.10413,1.10424,1.69,1.00
2018.05.24 07:42:39.659,1.10412,1.10424,1.69,1.00
2018.05.24 07:42:39.712,1.10414,1.10424,1.00,1.00
2018.05.24 07:42:40.633,1.10411,1.10424,1.69,1.19
2018.05.24 07:42:40.892,1.10413,1.10424,1.00,1.19
2018.05.24 07:42:41.854,1.10413,1.10425,1.25,1.25
2018.05.24 07:42:41.907,1.10413,1.10425,1.50,1.19
2018.05.24 07:42:42.064,1.10413,1.10425,1.25,1.25
2018.05.24 07:42:42.486,1.10415,1.10427,1.00,1.19
2018.05.24 07:42:42.538,1.10416,1.10428,1.00,1.25
2018.05.24 07:42:42.641,1.10418,1.10428,1.00,1.25
2018.05.24 07:42:42.693,1.10416,1.10428,1.69,1.00
2018.05.24 07:42:42.744,1.10418,1.10428,1.00,1.00
2018.05.24 07:42:42.796,1.10416,1.10428,1.25,1.00
2018.05.24 07:42:43.108,1.10419,1.10428,1.00,1.00
2018.05.24 07:42:43.278,1.10417,1.10428,1.00,1.00
2018.05.24 07:42:43.331,1.1042,1.10428,1.00,1.00
2018.05.24 07:42:43.644,1.10418,1.1043,1.25,1.69
2018.05.24 07:42:43.748,1.10416,1.10428,1.25,1.69
2018.05.24 07:42:44.295,1.10415,1.10427,1.25,1.19
2018.05.24 07:42:44.401,1.10415,1.10428,1.00,1.19
2018.05.24 07:42:44.556,1.10417,1.10428,1.00,1.25
2018.05.24 07:42:45.387,1.10417,1.10427,1.00,1.00
2018.05.24 07:42:45.617,1.10414,1.10425,1.00,1.00
2018.05.24 07:42:45.670,1.1041,1.10423,1.00,1.25
2018.05.24 07:42:45.724,1.10409,1.10421,1.00,1.69
2018.05.24 07:42:45.777,1.1041,1.10421,1.00,1.00
2018.05.24 07:42:45.829,1.10408,1.10421,1.50,1.19
2018.05.24 07:42:47.058,1.10408,1.10422,1.50,1.25
2018.05.24 07:42:48.254,1.10409,1.10422,1.00,1.25
2018.05.24 07:42:51.443,1.10409,1.10421,1.00,1.19
2018.05.24 07:42:51.979,1.10408,1.1042,1.00,1.25
2018.05.24 07:42:52.402,1.10408,1.10418,1.00,1.00
2018.05.24 07:42:52.615,1.10408,1.1042,1.00,1.25
2018.05.24 07:42:53.388,1.10409,1.1042,1.00,1.25
2018.05.24 07:42:53.493,1.10411,1.10421,1.00,1.00
2018.05.24 07:42:55.717,1.10412,1.10422,1.00,1.00
2018.05.24 07:42:55.769,1.10413,1.10424,1.00,1.00
2018.05.24 07:42:56.334,1.10415,1.10424,1.00,1.25
2018.05.24 07:42:56.385,1.10413,1.10424,1.00,1.00
2018.05.24 07:42:56.489,1.10412,1.10421,1.50,1.00
2018.05.24 07:42:56.614,1.10412,1.10424,1.50,1.00
2018.05.24 07:42:56.768,1.10415,1.10424,1.00,1.00
2018.05.24 07:42:57.289,1.10412,1.10425,1.00,1.25
2018.05.24 07:42:57.490,1.10412,1.10423,1.00,1.19
2018.05.24 07:42:58.137,1.10412,1.10424,1.00,2.62
2018.05.24 07:42:58.189,1.10409,1.10424,1.25,2.62
2018.05.24 07:42:58.887,1.10408,1.10423,2.32,2.44
2018.05.24 07:42:59.778,1.10408,1.10423,1.50,2.62
2018.05.24 07:43:00.325,1.10408,1.10421,1.50,1.19
2018.05.24 07:43:00.581,1.10408,1.10419,1.00,1.69
2018.05.24 07:43:00.778,1.10405,1.10417,1.00,1.69
2018.05.24 07:43:00.830,1.10405,1.10419,1.50,1.25
2018.05.24 07:43:00.882,1.10405,1.10419,1.50,1.69
2018.05.24 07:43:01.556,1.10405,1.10417,1.00,1.44
2018.05.24 07:43:01.607,1.10403,1.10417,1.50,2.62
2018.05.24 07:43:01.764,1.10401,1.10415,1.50,1.19
2018.05.24 07:43:01.818,1.10403,1.10415,1.00,1.25
2018.05.24 07:43:02.510,1.10404,1.10417,1.00,2.44
2018.05.24 07:43:03.046,1.10404,1.10417,1.00,1.69
2018.05.24 07:43:03.583,1.10405,1.10419,1.50,2.44
2018.05.24 07:43:03.687,1.10406,1.10419,1.00,1.69
2018.05.24 07:43:04.076,1.10407,1.10421,1.19,1.25
2018.05.24 07:43:04.604,1.10406,1.10422,1.76,1.44
2018.05.24 07:43:05.565,1.10407,1.10423,1.01,1.87
2018.05.24 07:43:06.086,1.10407,1.10423,1.32,1.37
2018.05.24 07:43:06.620,1.10408,1.10424,1.76,2.62
2018.05.24 07:43:06.726,1.10409,1.10425,2.32,1.69
2018.05.24 07:43:07.231,1.10409,1.10424,3.26,1.00
2018.05.24 07:43:07.985,1.10409,1.10424,1.76,2.44
2018.05.24 07:43:08.492,1.10407,1.10423,2.51,1.44
2018.05.24 07:43:08.993,1.10408,1.10423,1.19,1.25
2018.05.24 07:43:10.126,1.10408,1.10421,1.01,1.00
2018.05.24 07:43:10.379,1.10406,1.10421,1.01,1.25
2018.05.24 07:43:10.954,1.10406,1.10422,1.76,1.44
2018.05.24 07:43:11.058,1.10406,1.10422,1.25,1.87
2018.05.24 07:43:11.592,1.10408,1.10421,1.10,1.00
2018.05.24 07:43:12.057,1.10407,1.10421,1.50,2.62
2018.05.24 07:43:12.285,1.10405,1.1042,1.69,1.25
2018.05.24 07:43:12.388,1.10407,1.1042,1.00,1.19
2018.05.24 07:43:13.094,1.10407,1.10422,1.25,3.37
2018.05.24 07:43:13.707,1.10407,1.1042,1.00,1.44
2018.05.24 07:43:13.969,1.10409,1.10424,1.69,2.44
2018.05.24 07:43:14.147,1.1041,1.10422,1.10,1.19
2018.05.24 07:43:14.201,1.10407,1.10421,1.10,2.62
2018.05.24 07:43:14.411,1.10405,1.10419,1.00,1.25
2018.05.24 07:43:14.517,1.10404,1.10419,1.76,2.62
2018.05.24 07:43:15.089,1.10402,1.10418,2.51,1.87
2018.05.24 07:43:15.979,1.10403,1.10418,1.69,1.87
2018.05.24 07:43:16.349,1.10401,1.10417,2.51,1.44
2018.05.24 07:43:17.165,1.10401,1.10417,1.76,1.44
2018.05.24 07:43:17.672,1.10401,1.10417,3.26,1.25
2018.05.24 07:43:18.411,1.10403,1.10417,1.01,1.19
2018.05.24 07:43:19.227,1.10402,1.10416,1.26,1.00
2018.05.24 07:43:19.772,1.10403,1.10416,1.00,1.00
2018.05.24 07:43:20.577,1.10402,1.10416,1.25,1.00
2018.05.24 07:43:21.176,1.10402,1.10417,1.19,1.25
2018.05.24 07:43:21.717,1.10402,1.10417,1.25,1.87
2018.05.24 07:43:22.297,1.10402,1.10417,1.19,1.12
2018.05.24 07:43:23.433,1.10403,1.10418,1.19,1.87
2018.05.24 07:43:23.965,1.10403,1.10418,1.76,1.00
2018.05.24 07:43:24.383,1.10404,1.10419,1.19,1.12
2018.05.24 07:43:24.705,1.10404,1.10419,1.19,1.44
2018.05.24 07:43:25.226,1.10403,1.10418,2.51,1.87
2018.05.24 07:43:25.903,1.10403,1.10416,1.00,1.25
2018.05.24 07:43:26.444,1.10402,1.10417,1.00,3.37
2018.05.24 07:43:28.505,1.104,1.10417,2.51,4.12
2018.05.24 07:43:29.517,1.104,1.10416,1.76,3.04
2018.05.24 07:43:29.832,1.10398,1.10412,1.25,1.19
2018.05.24 07:43:30.363,1.10402,1.10416,1.25,3.37
2018.05.24 07:43:30.688,1.10398,1.10411,1.32,1.25
2018.05.24 07:43:31.205,1.10398,1.1041,1.00,1.25
2018.05.24 07:43:31.783,1.10396,1.1041,1.10,1.25
2018.05.24 07:43:32.963,1.10395,1.10408,3.26,1.25
2018.05.24 07:43:33.292,1.10391,1.10404,2.51,1.25
2018.05.24 07:43:35.098,1.1039,1.10404,1.76,1.69
2018.05.24 07:43:35.409,1.1039,1.10402,1.50,1.25
2018.05.24 07:43:36.539,1.10387,1.104,1.01,1.25
2018.05.24 07:43:36.590,1.10389,1.104,1.00,1.25
2018.05.24 07:43:36.862,1.10391,1.10403,1.00,1.25
2018.05.24 07:43:37.318,1.10391,1.10401,1.00,1.25
2018.05.24 07:43:37.372,1.10388,1.104,1.10,1.25
2018.05.24 07:43:37.577,1.10385,1.10398,1.01,1.25
2018.05.24 07:43:38.120,1.1038,1.10392,2.25,1.00
2018.05.24 07:43:38.258,1.10378,1.10391,2.51,1.25
2018.05.24 07:43:38.668,1.1038,1.1039,1.00,1.25
2018.05.24 07:43:39.197,1.10379,1.10387,1.00,1.87
2018.05.24 07:43:39.669,1.10377,1.10386,1.00,1.25
2018.05.24 07:43:39.825,1.10373,1.10386,1.00,1.25
2018.05.24 07:43:40.087,1.10375,1.10386,1.00,1.25
2018.05.24 07:43:40.610,1.10374,1.10388,1.50,1.87
2018.05.24 07:43:40.954,1.10373,1.10384,1.00,1.00
2018.05.24 07:43:41.057,1.10369,1.10383,1.50,1.25
2018.05.24 07:43:41.109,1.10369,1.10381,1.50,1.25
2018.05.24 07:43:41.679,1.10369,1.10384,1.25,1.37
2018.05.24 07:43:41.991,1.10373,1.10387,1.00,1.44
2018.05.24 07:43:42.526,1.10373,1.10387,1.00,1.29
2018.05.24 07:43:42.730,1.10371,1.10385,1.69,1.25
2018.05.24 07:43:43.242,1.10369,1.10384,1.69,1.00
2018.05.24 07:43:43.425,1.10369,1.10384,1.25,1.19
2018.05.24 07:43:43.634,1.10368,1.10382,1.19,1.19
2018.05.24 07:43:44.171,1.10368,1.10384,1.00,1.95
2018.05.24 07:43:44.520,1.10372,1.10387,1.25,1.47
2018.05.24 07:43:45.297,1.10372,1.10388,1.69,1.47
2018.05.24 07:43:45.840,1.10374,1.10389,1.25,1.44
2018.05.24 07:43:46.169,1.1038,1.10394,1.00,1.95
2018.05.24 07:43:47.314,1.1038,1.10393,1.00,1.00
2018.05.24 07:43:49.518,1.1038,1.10393,1.00,1.19
2018.05.24 07:43:50.246,1.1038,1.10395,1.00,1.44
2018.05.24 07:43:50.350,1.10382,1.10395,1.00,1.44
2018.05.24 07:43:50.454,1.10383,1.10397,1.25,1.20
2018.05.24 07:43:50.558,1.10383,1.10396,1.25,1.44
2018.05.24 07:43:50.901,1.10385,1.10398,1.00,1.44
2018.05.24 07:43:51.430,1.10386,1.10398,1.00,1.44
2018.05.24 07:43:52.274,1.10385,1.10397,1.00,1.12
2018.05.24 07:43:52.596,1.10383,1.10394,1.00,1.12
2018.05.24 07:43:53.127,1.10384,1.10395,1.00,1.00
2018.05.24 07:43:53.672,1.10385,1.10395,1.00,1.00
2018.05.24 07:43:54.887,1.10382,1.10395,1.00,1.00
2018.05.24 07:43:54.989,1.10381,1.10393,1.00,1.25
2018.05.24 07:43:55.292,1.10383,1.10396,1.00,1.12
2018.05.24 07:43:55.804,1.10383,1.10397,1.50,1.12
2018.05.24 07:43:56.312,1.10385,1.10397,1.50,1.25
2018.05.24 07:43:56.578,1.10382,1.10395,1.00,1.12
2018.05.24 07:43:57.123,1.10383,1.10395,1.00,1.25
2018.05.24 07:43:57.665,1.10384,1.10395,1.00,1.25
2018.05.24 07:43:58.664,1.10385,1.10395,1.00,1.25
2018.05.24 07:43:58.767,1.10386,1.10397,1.00,1.25
2018.05.24 07:43:59.169,1.10384,1.10394,1.00,1.25
2018.05.24 07:43:59.222,1.10382,1.10395,1.10,1.25
2018.05.24 07:43:59.431,1.10382,1.10393,1.00,1.00
2018.05.24 07:43:59.936,1.10382,1.10392,1.00,1.00
2018.05.24 07:44:00.455,1.10381,1.10393,2.25,1.25
2018.05.24 07:44:00.803,1.10381,1.10391,1.50,1.25
2018.05.24 07:44:01.488,1.10381,1.10392,1.50,1.25
2018.05.24 07:44:01.773,1.10382,1.10394,1.00,1.25
2018.05.24 07:44:01.983,1.10384,1.10394,1.00,1.00
2018.05.24 07:44:02.674,1.10383,1.10394,1.00,1.00
2018.05.24 07:44:02.999,1.10384,1.10392,1.00,1.25
2018.05.24 07:44:03.539,1.10383,1.10391,1.00,1.25
2018.05.24 07:44:03.747,1.10381,1.10391,1.50,1.00
2018.05.24 07:44:04.211,1.10382,1.10393,1.00,1.25
2018.05.24 07:44:04.361,1.10384,1.10394,1.00,1.25
2018.05.24 07:44:05.972,1.10384,1.10393,1.00,1.25
2018.05.24 07:44:06.474,1.10383,1.10394,1.00,1.25
2018.05.24 07:44:07.100,1.10383,1.10395,1.00,1.00
2018.05.24 07:44:07.953,1.10384,1.10395,1.00,1.00
2018.05.24 07:44:08.491,1.10383,1.10395,1.00,1.25
2018.05.24 07:44:08.827,1.10383,1.10393,1.00,1.00
2018.05.24 07:44:09.081,1.10384,1.10395,1.00,1.00
2018.05.24 07:44:09.594,1.10385,1.10395,1.00,1.00
2018.05.24 07:44:10.101,1.10384,1.10395,1.00,1.00
2018.05.24 07:44:13.160,1.10384,1.10394,1.00,1.00
2018.05.24 07:44:13.212,1.10381,1.10392,1.10,1.25
2018.05.24 07:44:13.417,1.1038,1.1039,1.00,1.25
2018.05.24 07:44:13.802,1.1038,1.10394,1.25,1.76
2018.05.24 07:44:15.156,1.10379,1.10394,1.25,1.76
2018.05.24 07:44:18.121,1.10379,1.10394,1.00,1.95
2018.05.24 07:44:18.250,1.10384,1.10394,1.00,1.29
2018.05.24 07:44:18.461,1.10384,1.10398,1.00,1.95
2018.05.24 07:44:19.159,1.10384,1.10398,1.00,1.95
2018.05.24 07:44:19.318,1.10384,1.10396,1.00,1.19
2018.05.24 07:44:19.757,1.10379,1.1039,1.07,1.25
2018.05.24 07:44:19.979,1.1038,1.10393,1.00,1.19
2018.05.24 07:44:20.490,1.10378,1.10394,1.19,1.87
2018.05.24 07:44:21.027,1.10378,1.10392,1.25,1.19
2018.05.24 07:44:21.577,1.10378,1.10392,1.00,1.87
2018.05.24 07:44:21.996,1.10376,1.10391,2.44,1.12
2018.05.24 07:44:22.535,1.10377,1.10393,1.00,2.70
2018.05.24 07:44:23.062,1.10377,1.10392,1.00,1.37
2018.05.24 07:44:23.355,1.10377,1.10389,1.00,1.44
2018.05.24 07:44:23.898,1.10377,1.1039,1.00,1.95
2018.05.24 07:44:24.897,1.10378,1.1039,1.00,1.19
2018.05.24 07:44:24.950,1.10378,1.10391,1.00,1.19
2018.05.24 07:44:25.497,1.10377,1.1039,1.00,1.19
2018.05.24 07:44:26.253,1.10379,1.10391,1.00,1.37
2018.05.24 07:44:26.848,1.10379,1.10392,1.00,1.19
2018.05.24 07:44:27.971,1.10376,1.10389,1.57,1.19
2018.05.24 07:44:28.486,1.10376,1.1039,1.10,1.44
2018.05.24 07:44:30.543,1.10377,1.10391,1.00,1.19
2018.05.24 07:44:31.670,1.10378,1.10391,1.00,1.44
2018.05.24 07:44:32.966,1.10377,1.10391,1.00,1.19
2018.05.24 07:44:33.350,1.10381,1.10393,1.00,2.44
2018.05.24 07:44:33.663,1.10383,1.10394,1.00,1.19
2018.05.24 07:44:34.190,1.10382,1.10395,1.00,1.19
2018.05.24 07:44:36.060,1.10382,1.10396,1.00,1.44
2018.05.24 07:44:37.506,1.10382,1.10396,1.25,1.19
2018.05.24 07:44:38.158,1.10382,1.10397,1.25,1.44
2018.05.24 07:44:38.700,1.10383,1.10397,1.00,1.87
2018.05.24 07:44:42.439,1.10384,1.10398,1.00,3.19
2018.05.24 07:44:42.745,1.10384,1.10396,1.00,1.44
2018.05.24 07:44:43.296,1.10383,1.10396,1.00,1.37
2018.05.24 07:44:44.135,1.10381,1.10396,1.69,1.44
2018.05.24 07:44:44.686,1.10381,1.10395,1.50,1.37
2018.05.24 07:44:44.796,1.10381,1.10397,1.50,2.62
2018.05.24 07:44:45.203,1.10382,1.10395,1.00,1.19
2018.05.24 07:44:45.740,1.10382,1.10396,1.00,1.19
2018.05.24 07:44:47.454,1.10379,1.10393,1.57,1.19
2018.05.24 07:44:47.781,1.10382,1.10395,1.00,1.19
2018.05.24 07:44:49.722,1.10381,1.10393,1.50,1.00
2018.05.24 07:44:50.210,1.10381,1.10393,1.00,1.69
2018.05.24 07:44:50.365,1.10381,1.10393,1.00,1.00
2018.05.24 07:44:50.951,1.10381,1.10394,1.50,1.00
2018.05.24 07:44:51.056,1.10381,1.10397,2.70,1.44
2018.05.24 07:44:51.390,1.10381,1.10395,2.62,1.69
2018.05.24 07:44:51.548,1.10381,1.10396,1.69,1.25
2018.05.24 07:44:51.754,1.10381,1.10395,1.69,1.19
2018.05.24 07:44:52.479,1.10381,1.10396,2.44,1.69
2018.05.24 07:44:53.279,1.10381,1.10396,2.44,1.87
2018.05.24 07:44:54.567,1.10381,1.10396,2.44,1.87
2018.05.24 07:44:55.200,1.10382,1.10396,1.87,1.25
2018.05.24 07:44:55.827,1.10384,1.10396,1.50,1.25
2018.05.24 07:44:56.209,1.10384,1.10398,2.25,1.25
2018.05.24 07:44:56.641,1.10386,1.10399,1.00,1.44
2018.05.24 07:44:59.881,1.10386,1.10398,1.50,1.19
2018.05.24 07:44:59.933,1.10386,1.10399,1.00,1.19
2018.05.24 07:45:00.358,1.10384,1.10397,1.00,1.19
2018.05.24 07:45:00.515,1.10382,1.10396,1.76,1.19
2018.05.24 07:45:00.738,1.10382,1.10394,1.50,1.19
2018.05.24 07:45:01.096,1.1038,1.10394,1.95,1.25
2018.05.24 07:45:01.148,1.10378,1.10387,1.00,1.19
2018.05.24 07:45:01.251,1.10374,1.10387,1.00,1.19
2018.05.24 07:45:01.798,1.10373,1.10387,1.00,1.19
2018.05.24 07:45:02.324,1.10373,1.10385,1.00,1.19
2018.05.24 07:45:04.322,1.10373,1.10385,1.00,1.25
2018.05.24 07:45:04.709,1.10375,1.10388,1.00,1.19
2018.05.24 07:45:04.812,1.10376,1.10389,1.10,1.19
2018.05.24 07:45:05.600,1.10376,1.10388,1.00,1.19
2018.05.24 07:45:06.478,1.10376,1.10389,1.00,1.19
2018.05.24 07:45:07.024,1.10376,1.10389,1.50,1.19
2018.05.24 07:45:08.288,1.10376,1.10391,1.50,1.69
2018.05.24 07:45:08.870,1.10376,1.10391,1.50,1.69
2018.05.24 07:45:09.661,1.10376,1.10391,1.50,1.69
2018.05.24 07:45:09.983,1.10376,1.10388,1.50,1.19
2018.05.24 07:45:10.087,1.10376,1.1039,1.50,1.19
2018.05.24 07:45:10.639,1.10375,1.1039,1.76,1.19
2018.05.24 07:45:12.984,1.10376,1.1039,1.00,1.44
2018.05.24 07:45:14.337,1.10376,1.10389,1.00,1.19
2018.05.24 07:45:14.491,1.10376,1.1039,1.00,1.37
2018.05.24 07:45:15.081,1.10375,1.1039,1.57,1.19
2018.05.24 07:45:15.841,1.10375,1.10389,1.57,1.19
2018.05.24 07:45:20.409,1.10374,1.10389,1.25,1.44
2018.05.24 07:45:21.027,1.10374,1.10389,1.10,1.87
2018.05.24 07:45:22.592,1.10374,1.10388,1.50,1.44
2018.05.24 07:45:23.136,1.10375,1.10387,1.00,1.19
2018.05.24 07:45:23.243,1.10373,1.10388,2.32,1.19
2018.05.24 07:45:23.300,1.10375,1.10389,1.00,1.19
2018.05.24 07:45:23.353,1.10375,1.1039,1.00,1.44
2018.05.24 07:45:23.562,1.10374,1.10389,2.44,1.19
2018.05.24 07:45:24.089,1.10374,1.10387,1.50,1.19
2018.05.24 07:45:24.912,1.10374,1.10389,1.50,1.69
2018.05.24 07:45:25.457,1.10374,1.10387,1.69,1.25
2018.05.24 07:45:25.561,1.10376,1.10388,1.00,1.19
2018.05.24 07:45:26.154,1.10375,1.10389,1.00,1.19
2018.05.24 07:45:26.477,1.10377,1.10389,1.00,1.19
2018.05.24 07:45:27.744,1.10377,1.10389,1.00,1.69
2018.05.24 07:45:28.317,1.10376,1.10387,1.00,1.25
2018.05.24 07:45:28.626,1.10378,1.10389,1.00,1.69
2018.05.24 07:45:30.333,1.10378,1.10389,1.00,1.87
2018.05.24 07:45:32.942,1.10379,1.1039,1.00,1.19
2018.05.24 07:45:33.266,1.10384,1.10395,1.00,1.19
2018.05.24 07:45:34.980,1.10384,1.10393,1.00,1.19
2018.05.24 07:45:35.032,1.10382,1.10393,1.00,1.19
2018.05.24 07:45:35.085,1.10381,1.1039,1.50,1.19
2018.05.24 07:45:35.190,1.10383,1.10393,1.00,1.19
2018.05.24 07:45:35.694,1.10383,1.10392,1.00,1.19
2018.05.24 07:45:38.893,1.10382,1.10392,1.00,1.19
2018.05.24 07:45:39.287,1.10381,1.10395,1.00,1.95
2018.05.24 07:45:39.341,1.10386,1.10396,1.00,1.19
2018.05.24 07:45:39.602,1.10387,1.10398,1.00,1.87
2018.05.24 07:45:40.144,1.10387,1.10398,1.00,1.69
2018.05.24 07:45:40.665,1.10387,1.10398,1.00,1.19
2018.05.24 07:45:41.238,1.10388,1.10399,1.00,1.69
2018.05.24 07:45:41.927,1.10388,1.10397,1.00,1.19
2018.05.24 07:45:43.161,1.10387,1.10397,1.00,1.19
2018.05.24 07:45:43.688,1.10387,1.10399,1.00,1.37
2018.05.24 07:45:44.496,1.10387,1.104,1.00,1.37
2018.05.24 07:45:44.824,1.10388,1.10398,1.00,1.19
2018.05.24 07:45:45.640,1.10387,1.10398,1.00,1.19
2018.05.24 07:45:48.312,1.10387,1.10399,1.00,1.44
2018.05.24 07:45:49.349,1.10387,1.10399,1.00,1.44
2018.05.24 07:45:49.678,1.10387,1.10399,1.00,1.12
2018.05.24 07:45:49.851,1.10389,1.10399,1.00,1.44
2018.05.24 07:45:50.805,1.10388,1.10399,1.00,1.44
2018.05.24 07:45:51.298,1.10388,1.10401,1.00,1.87
2018.05.24 07:45:51.698,1.10388,1.104,1.00,1.44
2018.05.24 07:45:52.216,1.10388,1.10398,1.00,1.19
2018.05.24 07:45:52.756,1.10387,1.10398,1.00,1.19
2018.05.24 07:45:53.362,1.10386,1.10396,1.00,1.19
2018.05.24 07:45:53.525,1.10384,1.10395,1.00,1.00
2018.05.24 07:45:53.632,1.10386,1.10396,1.00,1.25
2018.05.24 07:45:54.137,1.10385,1.10397,1.00,1.19
2018.05.24 07:45:54.954,1.10384,1.10396,1.00,1.87
2018.05.24 07:45:55.512,1.10384,1.10396,1.00,1.00
2018.05.24 07:45:56.050,1.10384,1.10398,1.00,1.37
2018.05.24 07:45:56.353,1.10384,1.10396,1.00,1.44
2018.05.24 07:45:57.938,1.10384,1.10395,1.00,1.19
2018.05.24 07:45:58.449,1.10383,1.10394,1.00,1.19
2018.05.24 07:45:59.588,1.10383,1.10395,1.00,1.19
2018.05.24 07:45:59.920,1.10385,1.10397,1.00,1.69
2018.05.24 07:46:00.230,1.10389,1.10399,1.00,1.19
2018.05.24 07:46:00.333,1.10385,1.10396,1.00,1.19
2018.05.24 07:46:00.385,1.10386,1.10397,1.00,1.12
2018.05.24 07:46:00.926,1.10385,1.10397,1.00,1.69
2018.05.24 07:46:01.087,1.10386,1.10399,1.00,1.00
2018.05.24 07:46:01.138,1.10386,1.10398,1.00,1.19
2018.05.24 07:46:01.474,1.10384,1.10395,1.00,1.19
2018.05.24 07:46:01.576,1.10384,1.10398,1.00,2.62
2018.05.24 07:46:02.095,1.10385,1.10397,1.00,1.19
2018.05.24 07:46:02.606,1.10384,1.10398,1.00,1.37
2018.05.24 07:46:02.973,1.10386,1.10398,1.00,1.37
2018.05.24 07:46:03.516,1.10386,1.10397,1.00,1.19
2018.05.24 07:46:03.951,1.10387,1.10399,1.00,2.44
2018.05.24 07:46:04.109,1.10386,1.10398,1.00,1.19
2018.05.24 07:46:04.701,1.10386,1.10399,1.00,1.87
2018.05.24 07:46:05.266,1.10386,1.10398,1.00,1.19
2018.05.24 07:46:06.474,1.10384,1.10398,1.50,1.19
2018.05.24 07:46:06.990,1.10385,1.10395,1.00,1.19
2018.05.24 07:46:07.042,1.10383,1.10395,1.00,1.19
2018.05.24 07:46:07.619,1.10383,1.10394,1.00,1.19
2018.05.24 07:46:08.123,1.10383,1.10396,1.00,1.37
2018.05.24 07:46:08.380,1.10385,1.10398,1.00,2.62
2018.05.24 07:46:08.639,1.10386,1.10399,1.00,1.25
2018.05.24 07:46:08.692,1.10386,1.10398,1.00,1.19
2018.05.24 07:46:09.191,1.10388,1.10399,1.00,1.69
2018.05.24 07:46:09.508,1.10388,1.10402,1.00,2.62
2018.05.24 07:46:09.903,1.10389,1.10402,1.00,2.44
2018.05.24 07:46:10.011,1.10392,1.10402,1.00,1.25
2018.05.24 07:46:10.115,1.1039,1.10403,1.00,1.69
2018.05.24 07:46:10.650,1.10393,1.10404,1.00,2.44
2018.05.24 07:46:10.760,1.10392,1.10404,1.00,1.25
2018.05.24 07:46:10.919,1.10394,1.10406,1.00,1.95
2018.05.24 07:46:11.464,1.10393,1.10405,1.00,1.19
2018.05.24 07:46:12.749,1.10394,1.10404,1.00,1.19
2018.05.24 07:46:12.851,1.10395,1.10406,1.00,1.25
2018.05.24 07:46:13.108,1.10395,1.10405,1.00,1.19
2018.05.24 07:46:13.537,1.10392,1.10404,1.00,1.19
2018.05.24 07:46:13.647,1.10391,1.10402,1.00,1.19
2018.05.24 07:46:14.085,1.10394,1.10403,1.00,1.19
2018.05.24 07:46:14.137,1.10394,1.10405,1.00,1.69
2018.05.24 07:46:15.042,1.10394,1.10404,1.00,1.19
2018.05.24 07:46:16.199,1.10389,1.10404,3.26,1.69
2018.05.24 07:46:16.303,1.1039,1.10404,2.62,1.00
2018.05.24 07:46:16.884,1.1039,1.10405,2.32,1.44
2018.05.24 07:46:17.282,1.1039,1.10404,1.00,1.44
2018.05.24 07:46:17.844,1.10389,1.10404,2.25,1.37
2018.05.24 07:46:21.261,1.10389,1.10402,1.50,1.44
2018.05.24 07:46:21.475,1.10389,1.10404,1.57,1.19
2018.05.24 07:46:21.583,1.1039,1.10406,1.25,2.44
2018.05.24 07:46:21.852,1.10393,1.10406,1.00,1.19
2018.05.24 07:46:22.141,1.10391,1.10405,1.00,1.19
2018.05.24 07:46:22.452,1.10389,1.10404,1.76,1.87
2018.05.24 07:46:22.963,1.1039,1.10405,1.01,2.62
2018.05.24 07:46:23.275,1.10389,1.10403,2.44,1.19
2018.05.24 07:46:23.838,1.10387,1.10402,1.00,1.44
2018.05.24 07:46:24.386,1.10387,1.10401,1.00,1.69
2018.05.24 07:46:24.969,1.10386,1.10399,1.50,1.19
2018.05.24 07:46:25.765,1.10385,1.10398,1.10,1.19
2018.05.24 07:46:26.681,1.10385,1.104,1.25,2.44
2018.05.24 07:46:27.215,1.10385,1.10398,1.00,1.44
2018.05.24 07:46:27.717,1.10384,1.10399,1.19,1.19
2018.05.24 07:46:27.976,1.10382,1.10398,2.32,1.44
2018.05.24 07:46:28.336,1.10382,1.10399,1.76,1.95
2018.05.24 07:46:28.695,1.10385,1.10397,1.50,1.19
2018.05.24 07:46:28.747,1.10385,1.104,1.50,1.29
2018.05.24 07:46:28.953,1.10384,1.10396,1.50,1.19
2018.05.24 07:46:29.287,1.10382,1.10395,1.50,1.19
2018.05.24 07:46:29.547,1.1038,1.10395,1.50,1.19
2018.05.24 07:46:29.755,1.10382,1.10395,1.00,1.19
2018.05.24 07:46:29.981,1.10382,1.10397,1.50,1.76
2018.05.24 07:46:30.187,1.10382,1.10394,1.00,1.25
2018.05.24 07:46:30.393,1.1038,1.10393,1.50,1.25
2018.05.24 07:46:30.508,1.10382,1.10394,1.00,1.00
2018.05.24 07:46:30.903,1.1038,1.10394,1.00,1.25
2018.05.24 07:46:31.496,1.1038,1.10393,1.00,1.00
2018.05.24 07:46:32.026,1.10379,1.10394,2.25,1.25
2018.05.24 07:46:32.574,1.10379,1.10394,1.50,1.25
2018.05.24 07:46:32.679,1.10379,1.10394,1.25,2.70
2018.05.24 07:46:33.149,1.1038,1.10395,1.50,1.29
2018.05.24 07:46:33.205,1.10382,1.10396,1.00,1.76
2018.05.24 07:46:33.812,1.10381,1.10396,1.25,1.19
2018.05.24 07:46:34.340,1.10381,1.10396,1.00,1.19
2018.05.24 07:46:34.765,1.10382,1.10395,1.19,1.25
2018.05.24 07:46:35.286,1.10381,1.10397,1.44,1.37
2018.05.24 07:46:35.337,1.10381,1.10397,1.12,1.37
2018.05.24 07:46:35.628,1.10381,1.10396,1.25,1.19
2018.05.24 07:46:36.161,1.1038,1.10395,1.87,1.25
2018.05.24 07:46:37.286,1.1038,1.10395,2.70,1.19
2018.05.24 07:46:37.860,1.10381,1.10396,1.44,1.69
2018.05.24 07:46:38.054,1.10383,1.10398,1.50,1.87
2018.05.24 07:46:38.461,1.10383,1.10397,1.50,1.69
2018.05.24 07:46:38.720,1.10383,1.10398,1.50,1.87
2018.05.24 07:46:39.244,1.10383,1.10398,1.69,1.87
2018.05.24 07:46:39.767,1.10383,1.10398,1.50,1.87
2018.05.24 07:46:39.821,1.10383,1.10396,1.00,1.69
2018.05.24 07:46:40.346,1.10382,1.10396,1.50,1.19
2018.05.24 07:46:40.556,1.1038,1.10396,1.76,1.44
2018.05.24 07:46:40.769,1.10381,1.10395,1.19,1.19
2018.05.24 07:46:41.273,1.1038,1.10394,2.47,1.19
2018.05.24 07:46:43.079,1.10382,1.10394,1.00,1.19
2018.05.24 07:46:43.131,1.1038,1.10395,1.69,1.19
2018.05.24 07:46:43.236,1.10381,1.10396,1.42,1.37
2018.05.24 07:46:43.878,1.10383,1.10396,1.00,1.25
2018.05.24 07:46:44.923,1.10383,1.10398,1.00,1.44
2018.05.24 07:46:45.267,1.10383,1.10396,1.00,1.37
2018.05.24 07:46:45.587,1.10383,1.10398,1.00,1.95
2018.05.24 07:46:45.745,1.10382,1.10396,2.25,1.19
2018.05.24 07:46:45.908,1.1038,1.10396,1.00,2.51
2018.05.24 07:46:46.043,1.1038,1.10394,1.00,1.19
2018.05.24 07:46:46.149,1.1038,1.10397,2.25,4.95
2018.05.24 07:46:46.202,1.1038,1.10397,1.69,4.95
2018.05.24 07:46:46.850,1.10381,1.10396,1.87,1.44
2018.05.24 07:46:47.246,1.10382,1.10397,1.69,1.25
2018.05.24 07:46:47.749,1.10383,1.10398,1.00,1.19
2018.05.24 07:46:48.295,1.10383,1.10399,1.25,1.95
2018.05.24 07:46:48.398,1.10385,1.10399,1.25,1.69
2018.05.24 07:46:48.808,1.10387,1.104,1.25,1.00
2018.05.24 07:46:48.860,1.10387,1.10403,1.25,1.44
2018.05.24 07:46:49.177,1.10389,1.10404,1.50,2.62
2018.05.24 07:46:49.655,1.10388,1.104,1.00,1.25
2018.05.24 07:46:49.860,1.10386,1.104,1.00,1.25
2018.05.24 07:46:50.483,1.10386,1.10402,2.36,1.87
2018.05.24 07:46:51.419,1.10386,1.10401,2.10,1.19
2018.05.24 07:46:52.680,1.10386,1.10401,1.57,1.69
2018.05.24 07:46:52.783,1.10386,1.10399,1.00,1.19
2018.05.24 07:46:53.140,1.10386,1.10397,1.00,1.19
2018.05.24 07:46:53.194,1.10384,1.10398,1.10,1.25
2018.05.24 07:46:53.246,1.10384,1.10399,1.69,1.12
2018.05.24 07:46:53.593,1.10389,1.10404,1.25,1.95
2018.05.24 07:46:53.697,1.10389,1.10405,1.69,1.95
2018.05.24 07:46:54.220,1.1039,1.10404,1.19,1.12
2018.05.24 07:46:54.429,1.1039,1.10403,1.00,1.19
2018.05.24 07:46:54.586,1.10388,1.10403,1.50,1.44
2018.05.24 07:46:55.610,1.10389,1.10403,1.00,1.44
2018.05.24 07:46:55.767,1.10387,1.10402,1.50,1.87
2018.05.24 07:46:56.040,1.10388,1.10404,1.37,1.57
2018.05.24 07:46:56.093,1.10388,1.10404,1.37,1.12
2018.05.24 07:46:56.624,1.10388,1.10403,1.87,1.25
2018.05.24 07:46:57.128,1.10388,1.10402,1.00,1.19
2018.05.24 07:46:57.385,1.10386,1.104,1.12,1.19
2018.05.24 07:46:57.489,1.10384,1.10398,1.10,1.12
2018.05.24 07:46:58.009,1.10383,1.10399,1.69,1.87
2018.05.24 07:46:58.379,1.10383,1.10399,2.44,2.51
2018.05.24 07:46:58.728,1.10386,1.10401,1.19,1.19
2018.05.24 07:46:59.238,1.10386,1.10401,2.44,1.87
2018.05.24 07:46:59.597,1.10386,1.10401,2.51,1.25
2018.05.24 07:46:59.811,1.10388,1.10404,2.25,1.01
2018.05.24 07:47:00.174,1.10392,1.10404,1.00,2.62
2018.05.24 07:47:00.462,1.10392,1.10404,1.00,1.76
2018.05.24 07:47:00.986,1.10392,1.10405,1.00,1.12
2018.05.24 07:47:01.247,1.10389,1.10405,2.70,1.12
2018.05.24 07:47:01.433,1.10393,1.10404,1.00,1.25
2018.05.24 07:47:01.743,1.10391,1.10402,1.00,1.19
2018.05.24 07:47:01.795,1.10389,1.104,1.00,1.44
2018.05.24 07:47:02.180,1.10388,1.10401,1.00,1.87
2018.05.24 07:47:02.598,1.10388,1.10401,1.00,1.87
2018.05.24 07:47:02.938,1.10388,1.10397,1.00,1.00
2018.05.24 07:47:02.993,1.10383,1.10396,1.10,1.87
2018.05.24 07:47:03.046,1.10385,1.10396,1.00,1.69
2018.05.24 07:47:03.152,1.10381,1.10396,1.69,1.00
2018.05.24 07:47:03.701,1.10382,1.10397,1.31,1.25
2018.05.24 07:47:03.854,1.10381,1.10396,2.14,1.44
2018.05.24 07:47:04.112,1.10381,1.10397,3.00,1.12
2018.05.24 07:47:04.216,1.10383,1.10398,1.31,1.69
2018.05.24 07:47:04.905,1.10385,1.104,1.44,1.76
2018.05.24 07:47:05.218,1.10387,1.10403,2.25,2.32
2018.05.24 07:47:05.437,1.10387,1.10401,1.12,1.00
2018.05.24 07:47:05.698,1.10387,1.10403,1.31,1.25
2018.05.24 07:47:05.752,1.10389,1.10403,1.69,1.25
2018.05.24 07:47:06.313,1.10389,1.10403,1.69,1.00
2018.05.24 07:47:06.818,1.10389,1.10403,1.69,1.00
2018.05.24 07:47:07.158,1.10392,1.10405,1.00,1.25
2018.05.24 07:47:07.676,1.10392,1.10406,1.19,1.00
2018.05.24 07:47:08.177,1.10393,1.10406,1.19,1.00
2018.05.24 07:47:08.382,1.10391,1.10406,2.32,1.00
2018.05.24 07:47:08.909,1.10391,1.10405,1.50,1.00
2018.05.24 07:47:09.221,1.1039,1.10404,1.05,1.00
2018.05.24 07:47:09.736,1.10391,1.10406,1.00,1.69
2018.05.24 07:47:09.789,1.10391,1.10405,1.00,1.19
2018.05.24 07:47:10.207,1.10389,1.10404,2.51,1.37
2018.05.24 07:47:10.616,1.10391,1.10404,1.00,1.25
2018.05.24 07:47:11.123,1.1039,1.10404,1.76,1.25
2018.05.24 07:47:11.471,1.10392,1.10406,1.00,1.19
2018.05.24 07:47:12.070,1.10392,1.10406,1.00,1.69
2018.05.24 07:47:12.771,1.10391,1.10406,1.00,1.19
2018.05.24 07:47:13.320,1.10392,1.10406,1.25,1.00
2018.05.24 07:47:13.839,1.10391,1.10406,1.69,1.25
2018.05.24 07:47:14.357,1.10391,1.10406,1.25,1.69
2018.05.24 07:47:15.360,1.10392,1.10406,1.00,1.69
2018.05.24 07:47:15.695,1.1039,1.10405,1.50,1.25
2018.05.24 07:47:16.214,1.10391,1.10406,1.87,1.25
2018.05.24 07:47:16.764,1.10392,1.10406,1.00,1.25
2018.05.24 07:47:17.354,1.10391,1.10406,1.12,1.69
2018.05.24 07:47:17.865,1.10392,1.10405,1.00,1.19
2018.05.24 07:47:18.407,1.10391,1.10405,1.12,1.25
2018.05.24 07:47:19.388,1.1039,1.10407,2.06,2.62
2018.05.24 07:47:19.700,1.10391,1.10407,1.69,1.20
2018.05.24 07:47:19.943,1.10392,1.10406,1.00,1.19
2018.05.24 07:47:21.537,1.10392,1.10407,1.25,1.95
2018.05.24 07:47:22.670,1.10393,1.10407,1.00,1.20
2018.05.24 07:47:23.306,1.10392,1.10407,1.25,1.20
2018.05.24 07:47:23.904,1.10392,1.10406,1.00,1.19
2018.05.24 07:47:24.177,1.10395,1.10409,1.00,1.87
2018.05.24 07:47:24.544,1.10397,1.10409,1.00,1.25
2018.05.24 07:47:25.085,1.10397,1.10412,1.00,1.37
2018.05.24 07:47:26.150,1.10398,1.10412,1.00,1.19
2018.05.24 07:47:26.685,1.10397,1.10412,1.20,1.19
2018.05.24 07:47:26.840,1.10398,1.10412,1.29,1.19
2018.05.24 07:47:27.046,1.10397,1.10413,1.50,1.44
2018.05.24 07:47:30.041,1.10398,1.10413,1.00,1.37
2018.05.24 07:47:30.638,1.10397,1.10413,2.25,1.87
2018.05.24 07:47:30.945,1.10399,1.10413,1.00,1.87
2018.05.24 07:47:32.068,1.10399,1.10413,1.00,1.00
2018.05.24 07:47:32.591,1.10399,1.10412,1.25,1.00
2018.05.24 07:47:33.253,1.10399,1.10414,1.25,1.19
2018.05.24 07:47:33.786,1.10399,1.10414,1.95,1.25
2018.05.24 07:47:34.295,1.10399,1.10414,1.50,1.19
2018.05.24 07:47:34.721,1.10401,1.10414,1.00,1.69
2018.05.24 07:47:35.382,1.10401,1.10414,1.00,1.19
2018.05.24 07:47:36.171,1.10403,1.10417,1.00,1.19
2018.05.24 07:47:36.538,1.10404,1.10419,1.00,1.87
2018.05.24 07:47:37.059,1.10405,1.10418,1.00,1.19
2018.05.24 07:47:42.092,1.10405,1.10418,1.00,1.25
2018.05.24 07:47:43.447,1.10404,1.1042,1.25,2.32
2018.05.24 07:47:44.051,1.10404,1.10419,1.00,1.12
2018.05.24 07:47:45.065,1.10405,1.10419,1.00,1.12
2018.05.24 07:47:45.602,1.10404,1.10419,1.57,1.12
2018.05.24 07:47:47.591,1.10407,1.10422,1.50,1.95
2018.05.24 07:47:47.906,1.10404,1.10419,1.10,1.19
2018.05.24 07:47:48.570,1.10404,1.10419,1.00,1.12
2018.05.24 07:47:49.080,1.10404,1.10419,1.19,1.19
2018.05.24 07:47:49.554,1.10403,1.1042,1.29,3.64
2018.05.24 07:47:50.072,1.10403,1.10418,1.76,1.44
2018.05.24 07:47:50.436,1.10403,1.10419,1.19,2.51
2018.05.24 07:47:50.505,1.10403,1.10419,1.25,2.51
2018.05.24 07:47:51.192,1.10403,1.10419,1.25,1.95
2018.05.24 07:47:52.042,1.10403,1.10419,1.19,1.95
2018.05.24 07:47:52.215,1.10404,1.10419,1.19,1.20
2018.05.24 07:47:52.845,1.10404,1.10419,1.19,1.20
2018.05.24 07:47:54.242,1.10403,1.10419,1.69,1.44
2018.05.24 07:47:54.608,1.10405,1.1042,1.19,1.44
2018.05.24 07:47:54.660,1.10405,1.1042,1.69,1.44
2018.05.24 07:47:54.712,1.10405,1.10421,1.29,2.81
2018.05.24 07:47:54.916,1.10405,1.10421,1.76,2.25
2018.05.24 07:47:56.820,1.10406,1.10421,1.19,1.00
2018.05.24 07:47:57.703,1.10406,1.10421,1.69,1.00
2018.05.24 07:47:58.356,1.10406,1.10423,1.69,2.44
2018.05.24 07:47:58.509,1.10408,1.10423,1.19,1.95
2018.05.24 07:47:58.665,1.10407,1.10422,1.25,1.44
2018.05.24 07:47:58.717,1.10407,1.10422,1.25,1.69
2018.05.24 07:47:59.254,1.10407,1.10422,1.25,1.37
2018.05.24 07:47:59.763,1.10407,1.10422,1.25,1.69
2018.05.24 07:48:00.085,1.10407,1.10422,1.29,1.44
2018.05.24 07:48:01.051,1.10407,1.10421,1.01,1.25
2018.05.24 07:48:01.228,1.10406,1.10421,1.69,1.12
2018.05.24 07:48:01.279,1.10406,1.1042,1.19,1.12
2018.05.24 07:48:01.798,1.10406,1.10421,1.19,1.12
2018.05.24 07:48:02.081,1.10406,1.10421,1.69,1.12
2018.05.24 07:48:02.134,1.10406,1.10421,1.69,1.12
2018.05.24 07:48:02.548,1.10406,1.10419,1.69,1.25
2018.05.24 07:48:03.077,1.10406,1.10419,1.00,1.37
2018.05.24 07:48:03.792,1.10407,1.1042,1.00,1.19
2018.05.24 07:48:04.313,1.10406,1.1042,1.69,1.19
2018.05.24 07:48:05.524,1.10407,1.1042,1.00,1.44
2018.05.24 07:48:05.761,1.10407,1.1042,1.19,1.12
2018.05.24 07:48:11.224,1.10406,1.1042,1.00,1.25
2018.05.24 07:48:11.743,1.10406,1.10421,2.44,1.12
2018.05.24 07:48:13.761,1.10408,1.10423,1.25,1.50
2018.05.24 07:48:14.502,1.10408,1.10422,1.00,1.44
2018.05.24 07:48:14.819,1.10405,1.10418,2.25,1.37
2018.05.24 07:48:15.166,1.10407,1.10421,1.00,1.94
2018.05.24 07:48:15.988,1.10407,1.10418,1.00,1.37
2018.05.24 07:48:16.042,1.10403,1.10417,1.69,1.44
2018.05.24 07:48:16.566,1.10402,1.10415,1.50,1.25
2018.05.24 07:48:17.115,1.10402,1.10415,1.00,1.44
2018.05.24 07:48:17.218,1.10402,1.10416,1.25,1.69
2018.05.24 07:48:17.321,1.10402,1.10416,1.50,1.37
2018.05.24 07:48:17.825,1.10402,1.10416,1.69,1.44
2018.05.24 07:48:18.344,1.10402,1.10414,1.50,1.25
2018.05.24 07:48:18.903,1.10402,1.10415,1.00,1.12
2018.05.24 07:48:19.799,1.104,1.10415,1.25,1.12
2018.05.24 07:48:20.727,1.104,1.10415,1.00,1.44
2018.05.24 07:48:21.357,1.104,1.10415,1.25,1.44
2018.05.24 07:48:22.313,1.10401,1.10414,1.00,1.37
2018.05.24 07:48:22.419,1.10399,1.10411,1.00,1.44
2018.05.24 07:48:22.477,1.10395,1.10409,1.00,1.37
2018.05.24 07:48:22.709,1.10395,1.10409,1.00,1.37
2018.05.24 07:48:23.169,1.1039,1.10405,1.07,1.87
2018.05.24 07:48:23.350,1.10389,1.10404,1.00,1.37
2018.05.24 07:48:23.561,1.10389,1.10404,1.19,1.19
2018.05.24 07:48:24.454,1.10389,1.10405,1.69,1.69
2018.05.24 07:48:24.767,1.10392,1.10406,1.19,1.12
2018.05.24 07:48:25.293,1.10392,1.10406,1.19,1.20
2018.05.24 07:48:25.911,1.10389,1.10404,1.00,1.44
2018.05.24 07:48:26.613,1.1039,1.10404,1.00,1.19
2018.05.24 07:48:27.274,1.1039,1.10404,1.00,1.37
2018.05.24 07:48:27.991,1.10388,1.10404,1.50,1.47
2018.05.24 07:48:30.051,1.10387,1.10404,1.69,1.95
2018.05.24 07:48:30.716,1.10388,1.10402,1.25,1.37
2018.05.24 07:48:30.823,1.10384,1.10401,3.26,1.95
2018.05.24 07:48:30.876,1.10385,1.10397,1.19,1.25
2018.05.24 07:48:30.981,1.10384,1.10397,1.69,1.00
2018.05.24 07:48:31.377,1.10384,1.10395,1.69,1.00
2018.05.24 07:48:31.637,1.10381,1.10394,2.81,1.25
2018.05.24 07:48:32.098,1.1038,1.10394,1.69,1.19
2018.05.24 07:48:32.354,1.10381,1.10396,2.62,1.44
2018.05.24 07:48:32.859,1.10382,1.10397,1.25,1.44
2018.05.24 07:48:32.911,1.10386,1.10397,1.00,1.19
2018.05.24 07:48:32.963,1.10381,1.10394,2.44,1.00
2018.05.24 07:48:33.014,1.10381,1.10394,1.25,1.19
2018.05.24 07:48:34.719,1.1038,1.10394,1.69,1.87
2018.05.24 07:48:35.026,1.10383,1.10395,1.50,1.37
2018.05.24 07:48:35.266,1.10385,1.10397,1.00,1.69
2018.05.24 07:48:35.773,1.10386,1.10398,1.00,1.44
2018.05.24 07:48:36.294,1.10384,1.10398,1.69,1.44
2018.05.24 07:48:36.884,1.10384,1.10396,1.25,1.25
2018.05.24 07:48:37.406,1.10383,1.10396,1.50,1.19
2018.05.24 07:48:37.662,1.10382,1.10395,1.19,1.44
2018.05.24 07:48:37.826,1.10382,1.10395,1.25,1.25
2018.05.24 07:48:37.929,1.10384,1.10397,1.00,1.20
2018.05.24 07:48:38.479,1.10385,1.10399,1.00,1.45
2018.05.24 07:48:39.013,1.10386,1.10398,1.00,1.37
2018.05.24 07:48:39.436,1.10386,1.10399,1.00,1.25
2018.05.24 07:48:40.606,1.10385,1.104,1.50,1.37
2018.05.24 07:48:40.919,1.10387,1.10399,1.00,1.25
2018.05.24 07:48:41.440,1.10387,1.10398,1.00,1.00
2018.05.24 07:48:42.045,1.10387,1.10399,1.00,1.25
2018.05.24 07:48:42.360,1.1039,1.10404,1.69,1.50
2018.05.24 07:48:42.466,1.10392,1.10406,1.00,1.95
2018.05.24 07:48:42.672,1.10394,1.10408,1.25,1.01
2018.05.24 07:48:43.189,1.10394,1.10408,1.25,1.19
2018.05.24 07:48:43.294,1.10392,1.10405,1.57,1.44
2018.05.24 07:48:43.845,1.10392,1.10405,1.00,1.00
2018.05.24 07:48:44.156,1.10391,1.10405,1.00,3.37
2018.05.24 07:48:44.209,1.1039,1.10405,1.19,1.44
2018.05.24 07:48:44.343,1.10394,1.10407,1.19,1.00
2018.05.24 07:48:44.864,1.10394,1.10408,1.00,2.51
2018.05.24 07:48:45.683,1.10394,1.10408,1.19,1.20
2018.05.24 07:48:45.736,1.10394,1.10408,1.19,1.20
2018.05.24 07:48:46.324,1.10394,1.10408,1.69,1.10
2018.05.24 07:48:46.532,1.10392,1.10405,2.44,1.00
2018.05.24 07:48:47.060,1.10393,1.10407,1.25,1.76
2018.05.24 07:48:47.164,1.10393,1.10405,1.00,1.25
2018.05.24 07:48:47.894,1.10392,1.10405,1.00,1.25
2018.05.24 07:48:48.243,1.10389,1.10405,2.81,1.37
2018.05.24 07:48:48.781,1.10389,1.10404,1.19,1.95
2018.05.24 07:48:48.986,1.10389,1.10405,2.06,2.51
2018.05.24 07:48:49.038,1.10389,1.10405,2.06,1.95
2018.05.24 07:48:49.344,1.10389,1.10405,2.89,1.37
2018.05.24 07:48:49.649,1.1039,1.10405,1.19,1.37
2018.05.24 07:48:49.912,1.10391,1.10406,1.87,2.62
2018.05.24 07:48:50.014,1.10391,1.10406,2.62,1.87
2018.05.24 07:48:50.065,1.10391,1.10406,2.44,1.87
2018.05.24 07:48:51.811,1.10391,1.10406,1.01,1.87
2018.05.24 07:48:52.207,1.10391,1.10408,2.44,3.07
2018.05.24 07:48:52.259,1.10392,1.10407,1.00,1.37
2018.05.24 07:48:52.311,1.10393,1.10407,1.25,1.37
2018.05.24 07:48:52.859,1.10394,1.10409,1.25,1.95
2018.05.24 07:48:53.370,1.10394,1.10409,1.25,1.37
2018.05.24 07:48:53.716,1.10394,1.10409,1.01,1.44
2018.05.24 07:48:53.870,1.10395,1.1041,1.00,2.62
2018.05.24 07:48:54.126,1.10394,1.1041,1.25,1.44
2018.05.24 07:48:54.240,1.10396,1.1041,1.25,1.44
2018.05.24 07:48:56.758,1.10395,1.10409,1.25,1.37
2018.05.24 07:48:57.069,1.10396,1.10411,1.00,1.37
2018.05.24 07:48:57.581,1.10396,1.10412,1.25,3.07
2018.05.24 07:48:58.579,1.10396,1.1041,1.19,1.25
2018.05.24 07:48:58.739,1.10397,1.10412,1.12,1.57
2018.05.24 07:48:59.266,1.10398,1.10414,1.25,1.51
2018.05.24 07:48:59.320,1.104,1.10415,1.37,1.50
2018.05.24 07:48:59.646,1.10399,1.10415,1.31,1.69
2018.05.24 07:49:00.134,1.10401,1.10414,1.44,1.00
2018.05.24 07:49:00.342,1.10402,1.10416,1.44,1.00
2018.05.24 07:49:01.759,1.10407,1.10416,1.00,1.25
2018.05.24 07:49:03.802,1.10407,1.10417,1.00,1.25
2018.05.24 07:49:04.962,1.10407,1.10419,1.00,1.00
2018.05.24 07:49:05.014,1.10409,1.1042,1.00,1.00
2018.05.24 07:49:05.539,1.10408,1.10422,1.00,2.44
2018.05.24 07:49:05.957,1.10411,1.10424,1.69,1.19
2018.05.24 07:49:06.461,1.10412,1.10425,1.25,1.87
2018.05.24 07:49:07.005,1.10413,1.10425,1.25,1.69
2018.05.24 07:49:08.522,1.10413,1.10425,1.25,1.19
2018.05.24 07:49:09.100,1.10413,1.10426,1.19,1.44
2018.05.24 07:49:09.682,1.10413,1.10424,1.00,1.19
2018.05.24 07:49:09.735,1.1041,1.10422,1.01,1.25
2018.05.24 07:49:09.839,1.10408,1.10421,1.10,1.87
2018.05.24 07:49:09.991,1.10406,1.1042,1.39,1.19
2018.05.24 07:49:10.098,1.10407,1.10421,1.00,1.25
2018.05.24 07:49:10.152,1.10409,1.10422,1.00,1.44
2018.05.24 07:49:10.260,1.10407,1.10421,1.10,1.19
2018.05.24 07:49:10.523,1.10409,1.10422,1.00,2.62
2018.05.24 07:49:10.576,1.10407,1.10423,1.00,1.87
2018.05.24 07:49:10.628,1.10409,1.10423,1.00,1.69
2018.05.24 07:49:11.155,1.10409,1.10423,1.00,1.50
2018.05.24 07:49:11.686,1.10407,1.10422,1.31,1.25
2018.05.24 07:49:12.099,1.10406,1.10422,1.95,1.25
2018.05.24 07:49:12.663,1.10406,1.10422,1.95,1.25
2018.05.24 07:49:13.447,1.10406,1.10421,1.20,1.00
2018.05.24 07:49:14.044,1.10406,1.10421,1.20,1.00
2018.05.24 07:49:14.598,1.10406,1.10422,1.20,1.25
2018.05.24 07:49:15.110,1.10405,1.10418,1.07,1.69
2018.05.24 07:49:15.427,1.10401,1.10415,2.51,1.19
2018.05.24 07:49:15.806,1.10401,1.10415,1.25,1.69
2018.05.24 07:49:16.333,1.10402,1.10415,1.00,1.19
2018.05.24 07:49:16.469,1.10402,1.10415,1.00,1.25
2018.05.24 07:49:16.872,1.10402,1.10415,1.00,1.44
2018.05.24 07:49:18.910,1.10402,1.10414,1.00,1.25
2018.05.24 07:49:19.016,1.10401,1.10416,1.25,1.25
2018.05.24 07:49:19.173,1.10403,1.10417,1.00,1.69
2018.05.24 07:49:19.752,1.10405,1.10417,1.00,1.69
2018.05.24 07:49:19.860,1.10405,1.10419,1.12,2.44
2018.05.24 07:49:20.224,1.10407,1.10419,1.00,2.44
2018.05.24 07:49:20.829,1.10404,1.10419,1.37,1.69
2018.05.24 07:49:21.173,1.10403,1.10417,2.81,1.00
2018.05.24 07:49:21.227,1.10403,1.10418,2.89,1.25
2018.05.24 07:49:21.341,1.10403,1.10418,2.81,1.25
2018.05.24 07:49:21.907,1.10402,1.10418,3.82,1.44
2018.05.24 07:49:22.449,1.10402,1.10416,1.87,1.00
2018.05.24 07:49:23.001,1.104,1.10415,2.44,1.25
2018.05.24 07:49:23.105,1.10399,1.10415,1.10,1.19
2018.05.24 07:49:23.229,1.10399,1.10414,1.10,1.19
2018.05.24 07:49:23.830,1.10398,1.10414,2.14,1.44
2018.05.24 07:49:24.386,1.10398,1.10412,1.69,1.00
2018.05.24 07:49:24.599,1.10394,1.10411,5.32,1.12
2018.05.24 07:49:24.651,1.10395,1.10409,1.12,1.00
2018.05.24 07:49:25.179,1.10394,1.10408,1.31,1.00
2018.05.24 07:49:25.833,1.10392,1.10408,3.45,1.00
2018.05.24 07:49:26.149,1.10394,1.10409,1.19,1.44
2018.05.24 07:49:26.399,1.10392,1.10407,2.44,1.87
2018.05.24 07:49:26.553,1.10392,1.10407,3.19,1.01
2018.05.24 07:49:26.809,1.10392,1.10406,1.69,1.00
2018.05.24 07:49:26.861,1.1039,1.10404,1.32,1.44
2018.05.24 07:49:26.964,1.10389,1.10403,1.19,1.44
2018.05.24 07:49:27.067,1.10387,1.10401,1.19,1.00
2018.05.24 07:49:27.930,1.10387,1.10401,1.69,1.00
2018.05.24 07:49:28.142,1.10387,1.10402,2.44,1.87
2018.05.24 07:49:28.490,1.10387,1.10401,1.69,1.25
2018.05.24 07:49:28.970,1.1039,1.10404,1.00,1.44
2018.05.24 07:49:29.194,1.10388,1.10403,2.06,1.69
2018.05.24 07:49:29.834,1.10389,1.10403,1.00,2.25
2018.05.24 07:49:30.273,1.10391,1.10403,1.00,1.00
2018.05.24 07:49:30.856,1.10391,1.10404,1.00,1.25
2018.05.24 07:49:32.375,1.10391,1.10405,1.00,1.25
2018.05.24 07:49:32.687,1.10393,1.10406,1.00,1.25
2018.05.24 07:49:34.119,1.1039,1.10406,1.31,2.44
2018.05.24 07:49:34.223,1.1039,1.10403,1.25,1.87
2018.05.24 07:49:34.738,1.10388,1.10401,1.19,1.25
2018.05.24 07:49:35.247,1.10387,1.10401,1.19,1.44
2018.05.24 07:49:36.839,1.10387,1.10401,1.19,1.69
2018.05.24 07:49:37.323,1.10387,1.10401,1.25,1.12
2018.05.24 07:49:38.738,1.10387,1.104,1.25,1.00
2018.05.24 07:49:39.478,1.10387,1.104,1.25,1.50
2018.05.24 07:49:40.391,1.10387,1.104,1.25,1.25
2018.05.24 07:49:41.731,1.10387,1.104,1.19,1.25
2018.05.24 07:49:42.500,1.10387,1.10401,1.19,1.50
2018.05.24 07:49:43.196,1.10387,1.104,1.19,1.00
2018.05.24 07:49:43.851,1.10386,1.10402,2.44,2.44
2018.05.24 07:49:44.287,1.10386,1.104,1.19,1.19
2018.05.24 07:49:44.731,1.10386,1.10401,1.19,1.44
2018.05.24 07:49:44.783,1.10385,1.10401,1.31,1.19
2018.05.24 07:49:44.887,1.10385,1.104,1.31,1.69
2018.05.24 07:49:45.484,1.10386,1.104,1.00,2.44
2018.05.24 07:49:46.006,1.10385,1.104,1.31,2.44
2018.05.24 07:49:48.578,1.10385,1.10397,1.25,1.00
2018.05.24 07:49:48.862,1.10381,1.10395,1.01,1.37
2018.05.24 07:49:49.330,1.10378,1.10393,1.07,1.69
2018.05.24 07:49:49.849,1.10378,1.10393,1.19,1.37
2018.05.24 07:49:50.384,1.10378,1.10393,1.19,1.69
2018.05.24 07:49:51.133,1.10378,1.10392,1.00,1.87
2018.05.24 07:49:51.601,1.10378,1.10393,1.19,1.12
2018.05.24 07:49:52.310,1.10377,1.10394,3.45,1.19
2018.05.24 07:49:52.746,1.10377,1.10391,1.31,1.00
2018.05.24 07:49:53.288,1.10375,1.1039,1.31,2.25
2018.05.24 07:49:53.809,1.10373,1.10389,4.01,1.50
2018.05.24 07:49:55.505,1.10376,1.10389,1.19,1.00
2018.05.24 07:49:55.557,1.10377,1.10392,1.19,1.95
2018.05.24 07:49:56.069,1.10377,1.10392,1.19,1.50
2018.05.24 07:49:56.696,1.10377,1.10393,1.29,1.25
2018.05.24 07:49:57.156,1.10375,1.10391,1.76,1.50
2018.05.24 07:49:57.472,1.10373,1.10387,2.44,1.00
2018.05.24 07:49:58.022,1.10373,1.10388,2.44,1.69
2018.05.24 07:49:58.230,1.10373,1.10388,1.69,1.87
2018.05.24 07:49:58.346,1.10373,1.10386,1.39,1.25
2018.05.24 07:49:58.663,1.10373,1.10389,2.06,3.45
2018.05.24 07:49:59.182,1.10375,1.10389,2.04,1.44
2018.05.24 07:49:59.236,1.10376,1.10392,2.14,1.44
2018.05.24 07:49:59.446,1.10376,1.10392,2.14,1.87
2018.05.24 07:49:59.498,1.10376,1.10392,2.14,1.44
2018.05.24 07:50:00.072,1.10376,1.10392,1.29,1.12
2018.05.24 07:50:00.173,1.10376,1.10392,1.29,1.44
2018.05.24 07:50:00.385,1.10378,1.10393,1.19,1.69
2018.05.24 07:50:00.597,1.10376,1.10391,1.56,1.37
2018.05.24 07:50:01.105,1.10375,1.1039,2.06,1.25
2018.05.24 07:50:01.627,1.10375,1.10392,3.26,1.44
2018.05.24 07:50:02.088,1.10375,1.10392,3.26,1.87
2018.05.24 07:50:02.837,1.10375,1.10391,3.26,1.00
2018.05.24 07:50:02.888,1.10375,1.10391,2.51,1.00
2018.05.24 07:50:03.406,1.10376,1.10391,1.31,1.87
2018.05.24 07:50:03.961,1.10376,1.10391,2.14,1.69
2018.05.24 07:50:05.109,1.10377,1.10391,3.19,1.69
2018.05.24 07:50:05.951,1.10378,1.10392,1.69,2.44
2018.05.24 07:50:06.476,1.10378,1.10392,1.31,1.25
2018.05.24 07:50:06.843,1.1038,1.10394,1.19,1.69
2018.05.24 07:50:07.107,1.10382,1.10397,1.19,1.76
2018.05.24 07:50:09.044,1.10383,1.10396,1.25,1.87
2018.05.24 07:50:09.279,1.10381,1.10395,1.25,1.25
2018.05.24 07:50:09.382,1.10383,1.10395,1.19,1.00
2018.05.24 07:50:09.571,1.10381,1.10394,1.19,1.25
2018.05.24 07:50:09.625,1.1038,1.10392,1.19,1.00
2018.05.24 07:50:09.938,1.10379,1.10394,1.69,1.01
2018.05.24 07:50:10.639,1.1038,1.10393,1.19,1.00
2018.05.24 07:50:11.481,1.1038,1.10393,1.19,1.25
2018.05.24 07:50:11.633,1.10378,1.10393,2.25,1.25
2018.05.24 07:50:11.685,1.1038,1.10393,1.19,1.25
2018.05.24 07:50:11.891,1.10377,1.10391,1.19,1.25
2018.05.24 07:50:11.944,1.10379,1.10391,1.19,1.00
2018.05.24 07:50:12.447,1.10379,1.10392,1.31,1.25
2018.05.24 07:50:12.652,1.10378,1.10393,1.19,2.70
2018.05.24 07:50:12.705,1.10378,1.1039,1.00,1.19
2018.05.24 07:50:13.114,1.10376,1.10391,1.31,3.19
2018.05.24 07:50:13.217,1.10377,1.10391,1.19,2.62
2018.05.24 07:50:13.347,1.10376,1.10391,2.44,1.87
2018.05.24 07:50:13.896,1.10376,1.10391,2.51,1.87
2018.05.24 07:50:13.948,1.10378,1.10391,1.19,1.69
2018.05.24 07:50:14.479,1.10378,1.10391,1.69,1.69
2018.05.24 07:50:15.313,1.10378,1.10391,1.25,1.00
2018.05.24 07:50:15.482,1.10378,1.10393,2.70,1.00
2018.05.24 07:50:16.838,1.10379,1.10393,1.20,1.87
2018.05.24 07:50:17.712,1.1038,1.10393,1.00,1.87
2018.05.24 07:50:19.043,1.1038,1.10393,1.00,1.44
2018.05.24 07:50:20.589,1.10377,1.10391,1.32,1.69
2018.05.24 07:50:20.902,1.10378,1.10391,2.44,1.25
2018.05.24 07:50:21.411,1.10377,1.10391,1.69,1.00
2018.05.24 07:50:21.949,1.10378,1.10393,1.69,2.25
2018.05.24 07:50:22.261,1.1038,1.10393,1.19,1.50
2018.05.24 07:50:22.490,1.10379,1.10393,1.69,1.87
2018.05.24 07:50:22.854,1.1038,1.10393,1.19,1.50
2018.05.24 07:50:23.392,1.1038,1.10393,1.19,1.69
2018.05.24 07:50:23.652,1.10379,1.10392,1.19,1.69
2018.05.24 07:50:24.159,1.10379,1.10393,1.19,3.19
2018.05.24 07:50:24.713,1.10377,1.10393,1.19,3.19
2018.05.24 07:50:25.159,1.10378,1.10391,1.00,1.44
2018.05.24 07:50:25.264,1.10376,1.1039,1.25,1.25
2018.05.24 07:50:25.316,1.10376,1.1039,1.25,1.50
2018.05.24 07:50:25.480,1.10376,1.1039,1.19,1.87
2018.05.24 07:50:25.538,1.10376,1.1039,1.19,2.44
2018.05.24 07:50:25.801,1.10372,1.10386,2.44,1.25
2018.05.24 07:50:26.443,1.10372,1.10386,1.19,1.12
2018.05.24 07:50:26.599,1.10372,1.10385,1.00,1.19
2018.05.24 07:50:27.119,1.10372,1.10385,1.00,1.00
2018.05.24 07:50:28.231,1.10373,1.10385,2.44,1.00
2018.05.24 07:50:28.485,1.10374,1.10389,1.00,1.37
2018.05.24 07:50:29.012,1.10373,1.10389,3.56,1.37
2018.05.24 07:50:29.116,1.10374,1.10389,1.19,1.44
2018.05.24 07:50:29.744,1.10375,1.10389,1.25,1.00
2018.05.24 07:50:30.377,1.10375,1.10389,1.31,2.00
2018.05.24 07:50:30.429,1.10376,1.10389,1.00,1.19
2018.05.24 07:50:30.533,1.10374,1.10388,1.25,1.19
2018.05.24 07:50:30.637,1.10374,1.10388,1.19,2.00
2018.05.24 07:50:31.049,1.10372,1.10388,2.14,1.19
2018.05.24 07:50:31.193,1.10371,1.10385,2.51,1.19
2018.05.24 07:50:31.400,1.10372,1.10386,1.19,1.87
2018.05.24 07:50:31.711,1.10371,1.10386,1.25,1.87
2018.05.24 07:50:31.917,1.10373,1.10386,1.00,1.87
2018.05.24 07:50:32.470,1.10374,1.10386,1.00,1.87
2018.05.24 07:50:33.052,1.10374,1.10386,1.00,1.25
2018.05.24 07:50:34.193,1.10372,1.10386,1.00,1.87
2018.05.24 07:50:35.983,1.10371,1.10386,1.76,1.87
2018.05.24 07:50:38.211,1.10372,1.10384,1.19,1.00
2018.05.24 07:50:38.828,1.10371,1.10384,1.69,1.00
2018.05.24 07:50:39.329,1.10371,1.10386,1.69,1.37
2018.05.24 07:50:39.842,1.10373,1.10386,1.25,1.44
2018.05.24 07:50:40.369,1.10374,1.10385,1.25,1.00
2018.05.24 07:50:40.664,1.10373,1.10387,1.69,1.87
2018.05.24 07:50:40.810,1.10373,1.10385,1.69,1.00
2018.05.24 07:50:41.097,1.1037,1.10385,2.44,1.25
2018.05.24 07:50:41.303,1.10373,1.10387,1.19,2.51
2018.05.24 07:50:41.812,1.10373,1.10386,1.19,1.00
2018.05.24 07:50:43.352,1.10374,1.10387,1.25,1.25
2018.05.24 07:50:46.155,1.10375,1.10387,1.00,1.25
2018.05.24 07:50:46.568,1.10375,1.10389,1.25,1.00
2018.05.24 07:50:47.911,1.10375,1.10389,1.25,1.19
2018.05.24 07:50:48.412,1.10375,1.10389,1.00,2.44
2018.05.24 07:50:48.725,1.10374,1.10386,1.00,1.19
2018.05.24 07:50:48.778,1.1037,1.10386,2.44,1.19
2018.05.24 07:50:49.313,1.1037,1.10386,1.69,1.69
2018.05.24 07:50:49.834,1.10372,1.10385,1.00,1.50
2018.05.24 07:50:49.888,1.10368,1.10385,3.26,2.44
2018.05.24 07:50:50.413,1.10368,1.10382,1.76,1.00
2018.05.24 07:50:50.920,1.10371,1.10383,1.25,1.25
2018.05.24 07:50:57.242,1.1037,1.10383,1.00,1.50
2018.05.24 07:50:58.647,1.10368,1.10381,1.00,1.25
2018.05.24 07:50:59.186,1.10366,1.1038,1.19,1.00
2018.05.24 07:51:00.326,1.10365,1.1038,2.44,1.29
2018.05.24 07:51:00.862,1.10367,1.1038,1.19,1.01
2018.05.24 07:51:02.804,1.10366,1.1038,1.25,1.25
2018.05.24 07:51:02.906,1.10367,1.1038,1.19,1.69
2018.05.24 07:51:04.123,1.10365,1.1038,1.69,1.87
2018.05.24 07:51:04.453,1.10367,1.1038,1.19,1.87
2018.05.24 07:51:04.966,1.10367,1.1038,1.69,1.00
2018.05.24 07:51:07.453,1.1037,1.10382,1.19,1.00
2018.05.24 07:51:08.135,1.1037,1.10384,1.19,1.69
2018.05.24 07:51:08.698,1.1037,1.10384,1.19,1.69
2018.05.24 07:51:09.028,1.10372,1.10386,1.19,2.51
2018.05.24 07:51:09.980,1.10372,1.10385,1.19,1.25
2018.05.24 07:51:10.428,1.10374,1.10386,1.69,1.00
2018.05.24 07:51:10.632,1.10374,1.10388,1.69,1.00
2018.05.24 07:51:11.685,1.10375,1.10389,1.19,1.25
2018.05.24 07:51:11.796,1.10374,1.10387,1.76,1.25
2018.05.24 07:51:11.850,1.10373,1.10386,1.26,1.69
2018.05.24 07:51:12.007,1.10372,1.10384,1.25,1.25
2018.05.24 07:51:12.504,1.1037,1.10386,1.19,1.87
2018.05.24 07:51:12.555,1.1037,1.10386,1.19,2.44
2018.05.24 07:51:12.904,1.10369,1.10382,1.19,1.00
2018.05.24 07:51:13.861,1.10369,1.10383,1.19,1.87
2018.05.24 07:51:14.641,1.10369,1.10382,1.19,1.00
2018.05.24 07:51:15.147,1.10368,1.10382,1.19,1.87
2018.05.24 07:51:21.321,1.10368,1.10382,1.19,1.00
2018.05.24 07:51:21.373,1.10368,1.10382,1.69,1.00
2018.05.24 07:51:22.049,1.10368,1.10382,1.19,1.69
2018.05.24 07:51:22.101,1.10368,1.10381,1.19,1.19
2018.05.24 07:51:25.824,1.10368,1.10382,1.19,1.69
2018.05.24 07:51:26.853,1.10369,1.10382,1.25,1.50
2018.05.24 07:51:28.617,1.10367,1.10382,2.44,1.50
2018.05.24 07:51:30.020,1.10369,1.10382,1.00,1.50
2018.05.24 07:51:30.664,1.10369,1.10383,1.25,1.25
2018.05.24 07:51:38.376,1.10369,1.10382,1.25,1.00
2018.05.24 07:51:38.879,1.10369,1.10383,1.25,1.00
2018.05.24 07:51:39.036,1.1037,1.10385,1.19,1.00
2018.05.24 07:51:39.375,1.10374,1.10389,1.19,1.19
2018.05.24 07:51:39.690,1.10376,1.1039,1.19,1.00
2018.05.24 07:51:40.041,1.10381,1.10393,1.25,1.00
2018.05.24 07:51:40.501,1.10382,1.10395,1.00,1.50
2018.05.24 07:51:40.607,1.10382,1.10395,1.00,1.87
2018.05.24 07:51:40.713,1.10382,1.10395,1.25,1.87
2018.05.24 07:51:42.819,1.10382,1.10395,1.19,1.00
2018.05.24 07:51:43.527,1.10382,1.10395,1.25,1.12
2018.05.24 07:51:44.076,1.10381,1.10395,1.19,2.44
2018.05.24 07:51:44.357,1.10381,1.10395,1.00,2.44
2018.05.24 07:51:45.085,1.10381,1.10395,1.00,1.44
2018.05.24 07:51:45.633,1.10381,1.10395,1.00,1.69
2018.05.24 07:51:46.189,1.10381,1.10395,1.00,1.44
2018.05.24 07:51:46.789,1.10377,1.1039,1.07,1.37
2018.05.24 07:51:46.841,1.10375,1.10389,1.25,1.69
2018.05.24 07:51:46.997,1.10376,1.10391,1.19,1.37
2018.05.24 07:51:47.313,1.10375,1.10389,1.00,1.94
2018.05.24 07:51:47.850,1.10375,1.10388,1.00,1.94
2018.05.24 07:51:48.459,1.10375,1.10389,1.00,2.89
2018.05.24 07:51:48.933,1.10375,1.10387,1.00,1.87
2018.05.24 07:51:49.089,1.10373,1.10387,1.25,1.25
2018.05.24 07:51:49.782,1.10373,1.10387,1.00,1.19
2018.05.24 07:51:50.320,1.10372,1.10385,1.00,1.37
2018.05.24 07:51:50.425,1.1037,1.10384,1.10,1.69
2018.05.24 07:51:50.780,1.10369,1.10385,1.69,2.44
2018.05.24 07:51:51.137,1.10368,1.1038,1.00,1.44
2018.05.24 07:51:51.638,1.10368,1.1038,1.19,1.00
2018.05.24 07:51:52.141,1.10368,1.10382,1.19,1.37
2018.05.24 07:51:52.777,1.10369,1.10382,1.19,1.19
2018.05.24 07:51:53.295,1.10369,1.10382,1.19,1.00
2018.05.24 07:51:53.835,1.10368,1.10382,1.31,1.69
2018.05.24 07:51:54.353,1.10369,1.10382,1.19,1.50
2018.05.24 07:51:55.374,1.10368,1.10382,1.25,1.44
2018.05.24 07:51:55.429,1.10363,1.10379,4.01,2.00
2018.05.24 07:51:55.534,1.10363,1.10378,1.76,1.25
2018.05.24 07:51:56.080,1.10364,1.10378,1.19,1.25
2018.05.24 07:51:56.510,1.10364,1.10379,1.19,1.85
2018.05.24 07:51:57.095,1.10364,1.10379,1.19,2.25
2018.05.24 07:51:57.403,1.10365,1.10379,1.19,1.25
2018.05.24 07:51:57.826,1.10366,1.10381,1.69,1.01
2018.05.24 07:51:58.346,1.10366,1.10381,1.69,1.76
2018.05.24 07:51:58.778,1.10364,1.1038,2.14,1.69
2018.05.24 07:51:59.080,1.10366,1.10378,1.19,1.00
2018.05.24 07:51:59.626,1.10364,1.10378,1.69,2.25
2018.05.24 07:52:00.112,1.10365,1.10378,1.19,1.87
2018.05.24 07:52:00.375,1.10363,1.10378,1.69,1.87
2018.05.24 07:52:00.530,1.10364,1.10378,1.19,2.44
2018.05.24 07:52:00.726,1.10362,1.10376,1.69,1.87
2018.05.24 07:52:01.256,1.10363,1.10376,1.69,1.00
2018.05.24 07:52:01.897,1.10363,1.10377,1.69,1.00
2018.05.24 07:52:02.466,1.10363,1.10376,1.69,1.00
2018.05.24 07:52:03.309,1.10366,1.10376,1.19,1.00
2018.05.24 07:52:03.515,1.10366,1.10378,1.19,1.25
2018.05.24 07:52:04.572,1.10365,1.10378,2.06,1.19
2018.05.24 07:52:05.095,1.10366,1.10379,1.19,1.19
2018.05.24 07:52:08.712,1.10367,1.10379,1.19,1.00
2018.05.24 07:52:10.312,1.1037,1.10381,1.69,1.00
2018.05.24 07:52:10.418,1.10369,1.10382,1.31,1.50
2018.05.24 07:52:10.523,1.1037,1.10382,1.25,1.00
2018.05.24 07:52:11.068,1.10371,1.10382,1.00,1.00
2018.05.24 07:52:11.178,1.10371,1.10383,1.69,1.25
2018.05.24 07:52:11.333,1.10372,1.10385,1.69,1.69
2018.05.24 07:52:11.589,1.1037,1.10384,2.51,1.12
2018.05.24 07:52:11.641,1.10372,1.10384,1.19,1.25
2018.05.24 07:52:12.840,1.10372,1.10385,1.69,1.25
2018.05.24 07:52:13.228,1.10373,1.10386,1.69,3.00
2018.05.24 07:52:13.772,1.10373,1.10386,1.69,1.00
2018.05.24 07:52:14.243,1.10376,1.10388,1.25,1.25
2018.05.24 07:52:14.921,1.10376,1.10388,1.19,1.76
2018.05.24 07:52:15.402,1.10382,1.10391,1.00,1.69
2018.05.24 07:52:15.506,1.10379,1.10392,1.69,1.00
2018.05.24 07:52:15.558,1.10378,1.10389,1.19,1.00
2018.05.24 07:52:15.610,1.10377,1.10389,1.00,1.25
2018.05.24 07:52:15.661,1.10374,1.10389,1.32,1.69
2018.05.24 07:52:16.186,1.10373,1.10387,1.25,1.69
2018.05.24 07:52:16.888,1.10373,1.10385,1.00,1.19
2018.05.24 07:52:22.471,1.10371,1.10383,1.19,1.25
2018.05.24 07:52:22.680,1.10369,1.10382,2.06,1.00
2018.05.24 07:52:23.256,1.1037,1.10382,1.19,1.00
2018.05.24 07:52:23.309,1.10369,1.10382,1.00,1.19
2018.05.24 07:52:23.362,1.10367,1.1038,1.10,1.19
2018.05.24 07:52:23.675,1.10364,1.10376,1.39,1.00
2018.05.24 07:52:23.873,1.10362,1.10376,1.19,1.69
2018.05.24 07:52:24.390,1.10362,1.10375,1.19,1.00
2018.05.24 07:52:24.723,1.10361,1.10375,1.69,1.25
2018.05.24 07:52:25.256,1.10361,1.10375,2.44,1.00
2018.05.24 07:52:25.934,1.10361,1.10374,2.44,1.00
2018.05.24 07:52:26.473,1.10362,1.10374,1.19,1.00
2018.05.24 07:52:26.984,1.1036,1.10374,1.29,1.00
2018.05.24 07:52:27.518,1.1036,1.10373,1.69,1.25
2018.05.24 07:52:28.123,1.1036,1.10374,1.69,1.00
2018.05.24 07:52:31.027,1.1036,1.10375,1.19,1.12
2018.05.24 07:52:31.286,1.10359,1.10375,1.44,1.20
2018.05.24 07:52:31.557,1.10361,1.10374,1.19,1.19
2018.05.24 07:52:32.076,1.1036,1.10374,1.19,1.00
2018.05.24 07:52:34.405,1.10359,1.10374,1.29,1.37
2018.05.24 07:52:34.949,1.1036,1.10375,1.69,3.19
2018.05.24 07:52:35.724,1.1036,1.10374,1.19,1.12
2018.05.24 07:52:36.130,1.10359,1.10372,1.19,1.00
2018.05.24 07:52:37.453,1.10359,1.10373,1.19,1.25
2018.05.24 07:52:37.794,1.1036,1.10374,1.19,1.00
2018.05.24 07:52:38.362,1.1036,1.10375,1.76,3.00
2018.05.24 07:52:39.044,1.1036,1.10375,1.19,1.50
2018.05.24 07:52:39.375,1.10358,1.10373,1.39,1.25
2018.05.24 07:52:40.018,1.10359,1.10374,1.19,1.25
2018.05.24 07:52:40.857,1.10358,1.10373,2.14,1.00
2018.05.24 07:52:41.667,1.10359,1.10374,1.19,1.25
2018.05.24 07:52:42.176,1.10358,1.10374,2.06,3.00
2018.05.24 07:52:42.780,1.10358,1.10374,2.06,2.44
2018.05.24 07:52:44.217,1.10358,1.10374,2.06,2.62
2018.05.24 07:52:44.803,1.10359,1.10375,1.44,2.51
2018.05.24 07:52:45.328,1.10359,1.10374,1.20,1.00
2018.05.24 07:52:45.846,1.10359,1.10375,1.50,1.69
2018.05.24 07:52:47.470,1.10361,1.10375,1.19,2.44
2018.05.24 07:52:48.495,1.10359,1.10375,3.00,1.69
2018.05.24 07:52:48.835,1.10366,1.10378,1.19,1.10
2018.05.24 07:52:48.943,1.10364,1.10378,1.19,1.29
2018.05.24 07:52:49.487,1.10365,1.10378,1.19,1.12
2018.05.24 07:52:52.158,1.10364,1.10378,1.25,1.87
2018.05.24 07:52:52.744,1.10362,1.10377,4.20,1.12
2018.05.24 07:52:52.796,1.10363,1.10377,1.19,1.00
2018.05.24 07:52:53.563,1.10363,1.10376,1.44,1.00
2018.05.24 07:52:54.030,1.10365,1.10376,1.19,1.00
2018.05.24 07:52:54.435,1.10363,1.10376,1.87,1.00
2018.05.24 07:53:06.972,1.10365,1.10376,1.19,1.00
2018.05.24 07:53:07.078,1.10365,1.10378,1.19,1.00
2018.05.24 07:53:08.097,1.10366,1.10379,1.19,1.50
2018.05.24 07:53:12.072,1.10367,1.1038,1.69,1.00
2018.05.24 07:53:13.165,1.10367,1.10378,1.19,1.00
2018.05.24 07:53:13.322,1.10365,1.10378,3.00,1.00
2018.05.24 07:53:13.491,1.10367,1.10378,1.19,1.00
2018.05.24 07:53:13.887,1.10365,1.10378,1.50,1.00
2018.05.24 07:53:14.312,1.10367,1.1038,1.19,1.25
2018.05.24 07:53:14.471,1.10366,1.1038,1.57,1.00
2018.05.24 07:53:14.525,1.10366,1.1038,1.01,1.44
2018.05.24 07:53:14.655,1.10366,1.1038,2.25,1.25
2018.05.24 07:53:14.709,1.10369,1.10382,2.81,1.00
2018.05.24 07:53:15.152,1.10371,1.10385,1.19,1.69
2018.05.24 07:53:15.737,1.1037,1.10385,2.06,1.69
2018.05.24 07:53:16.373,1.10371,1.10385,1.19,1.69
2018.05.24 07:53:16.901,1.10373,1.10386,1.19,1.50
2018.05.24 07:53:17.731,1.10372,1.10386,2.62,1.00
2018.05.24 07:53:18.275,1.10371,1.10386,2.25,1.00
2018.05.24 07:53:18.797,1.10372,1.10386,1.19,1.00
2018.05.24 07:53:19.359,1.10371,1.10385,2.06,1.00
2018.05.24 07:53:20.137,1.1037,1.10385,2.44,1.19
2018.05.24 07:53:20.651,1.10371,1.10385,1.19,1.69
2018.05.24 07:53:21.177,1.10371,1.10384,1.19,1.00
2018.05.24 07:53:21.425,1.1037,1.10384,1.01,1.00
2018.05.24 07:53:21.476,1.10371,1.10384,1.19,1.00
2018.05.24 07:53:22.588,1.10374,1.10385,1.19,1.50
2018.05.24 07:53:23.139,1.10374,1.10386,1.19,1.50
2018.05.24 07:53:23.963,1.10372,1.10386,1.76,2.25
2018.05.24 07:53:24.504,1.10371,1.10385,1.29,1.12
2018.05.24 07:53:24.870,1.10371,1.10383,1.19,1.00
2018.05.24 07:53:24.922,1.10367,1.10381,2.89,1.00
2018.05.24 07:53:24.975,1.10368,1.1038,1.19,1.00
2018.05.24 07:53:25.026,1.10366,1.1038,2.70,1.00
2018.05.24 07:53:25.942,1.10368,1.10379,1.19,1.50
2018.05.24 07:53:26.462,1.10367,1.10379,1.19,1.50
2018.05.24 07:53:26.691,1.10365,1.10379,1.87,1.00
2018.05.24 07:53:27.201,1.10366,1.1038,1.69,1.25
2018.05.24 07:53:31.885,1.10367,1.1038,1.19,1.00
2018.05.24 07:53:31.938,1.10366,1.10378,1.25,1.00
2018.05.24 07:53:32.044,1.10367,1.10378,1.19,1.00
2018.05.24 07:53:32.439,1.10367,1.10381,1.69,2.44
2018.05.24 07:53:33.155,1.10367,1.10381,1.19,2.62
2018.05.24 07:53:33.374,1.10366,1.1038,1.01,1.25
2018.05.24 07:53:35.047,1.10366,1.1038,1.19,1.00
2018.05.24 07:53:35.577,1.10367,1.1038,1.25,1.00
2018.05.24 07:53:36.117,1.10367,1.1038,1.19,1.00
2018.05.24 07:53:36.687,1.10365,1.1038,1.29,1.25
2018.05.24 07:53:36.740,1.10365,1.10377,1.01,1.44
2018.05.24 07:53:36.845,1.10364,1.10378,1.69,1.25
2018.05.24 07:53:37.336,1.10364,1.10377,1.69,1.19
2018.05.24 07:53:37.438,1.10362,1.10377,1.29,1.19
2018.05.24 07:53:38.086,1.10362,1.10377,1.19,1.50
2018.05.24 07:53:38.651,1.10363,1.10378,1.19,1.76
2018.05.24 07:53:38.757,1.10364,1.10378,1.12,1.29
2018.05.24 07:53:38.809,1.10364,1.10378,1.12,1.01
2018.05.24 07:53:40.576,1.10365,1.10379,1.00,3.37
2018.05.24 07:53:41.088,1.10364,1.10379,1.12,2.62
2018.05.24 07:53:42.161,1.10364,1.10379,1.87,2.62
2018.05.24 07:53:42.616,1.10365,1.10377,1.19,1.00
2018.05.24 07:53:43.189,1.10364,1.10378,1.19,1.00
2018.05.24 07:53:43.747,1.10368,1.1038,1.00,1.29
2018.05.24 07:53:43.924,1.10369,1.10382,1.19,1.69
2018.05.24 07:53:44.130,1.1037,1.10381,1.25,1.19
2018.05.24 07:53:44.336,1.10371,1.10382,1.25,1.25
2018.05.24 07:53:45.123,1.1037,1.10385,1.19,3.37
2018.05.24 07:53:45.277,1.10372,1.10385,1.19,1.00
2018.05.24 07:53:46.094,1.10375,1.10387,1.25,1.19
2018.05.24 07:53:46.602,1.10375,1.10388,1.25,1.44
2018.05.24 07:53:47.125,1.10374,1.10387,1.00,1.25
2018.05.24 07:53:47.639,1.10371,1.10386,2.89,1.00
2018.05.24 07:53:47.742,1.10371,1.10386,2.14,1.25
2018.05.24 07:53:48.951,1.10371,1.10386,3.07,1.25
2018.05.24 07:53:49.953,1.10372,1.10387,1.19,2.51
2018.05.24 07:53:50.273,1.10376,1.10387,1.25,1.00
2018.05.24 07:53:50.829,1.10376,1.10388,1.25,1.50
2018.05.24 07:53:53.554,1.10374,1.10388,3.19,1.00
2018.05.24 07:53:54.073,1.10375,1.10388,1.20,1.25
2018.05.24 07:53:54.405,1.10377,1.10391,3.64,1.00
2018.05.24 07:53:54.875,1.10377,1.1039,1.00,1.44
2018.05.24 07:53:55.029,1.10374,1.1039,2.32,1.87
2018.05.24 07:53:55.555,1.10374,1.10388,1.19,1.00
2018.05.24 07:53:56.065,1.10375,1.10388,1.19,1.69
2018.05.24 07:53:56.692,1.10373,1.10387,2.89,1.00
2018.05.24 07:53:57.206,1.10375,1.10387,1.19,1.50
2018.05.24 07:53:57.745,1.10375,1.10389,1.19,1.87
2018.05.24 07:53:59.081,1.10375,1.10389,1.25,1.87
2018.05.24 07:53:59.955,1.10374,1.10389,2.51,1.87
2018.05.24 07:54:00.303,1.10377,1.10391,2.89,1.00
2018.05.24 07:54:00.575,1.10378,1.10394,1.19,2.62
2018.05.24 07:54:01.041,1.10381,1.10393,1.00,1.00
2018.05.24 07:54:01.147,1.10382,1.10396,1.69,1.19
2018.05.24 07:54:01.583,1.10379,1.10392,1.32,1.00
2018.05.24 07:54:01.999,1.10377,1.10392,1.69,1.25
2018.05.24 07:54:02.467,1.10377,1.1039,1.69,1.00
2018.05.24 07:54:02.982,1.10377,1.1039,1.25,1.00
2018.05.24 07:54:03.385,1.10374,1.10388,2.70,1.00
2018.05.24 07:54:03.901,1.10375,1.10389,2.14,1.00
2018.05.24 07:54:04.436,1.10375,1.10388,2.14,1.00
2018.05.24 07:54:05.216,1.10377,1.10389,1.19,1.00
2018.05.24 07:54:05.533,1.10379,1.1039,1.19,1.00
2018.05.24 07:54:05.772,1.10376,1.1039,1.69,1.00
2018.05.24 07:54:06.279,1.10376,1.10389,1.69,1.00
2018.05.24 07:54:07.807,1.10375,1.10388,1.51,1.25
2018.05.24 07:54:07.983,1.10372,1.10387,3.56,1.12
2018.05.24 07:54:08.243,1.10374,1.10387,2.81,1.25
2018.05.24 07:54:08.902,1.10375,1.10387,1.00,1.69
2018.05.24 07:54:09.455,1.10375,1.10387,1.00,1.50
2018.05.24 07:54:10.281,1.10374,1.10387,1.01,1.50
2018.05.24 07:54:13.131,1.10373,1.10385,1.69,1.00
2018.05.24 07:54:14.339,1.10374,1.10385,1.19,1.00
2018.05.24 07:54:17.560,1.10375,1.10387,1.87,1.50
2018.05.24 07:54:18.206,1.10375,1.10387,1.12,1.00
2018.05.24 07:54:18.738,1.10375,1.10387,1.44,1.00
2018.05.24 07:54:20.154,1.10376,1.10387,1.19,1.00
2018.05.24 07:54:20.484,1.10376,1.1039,1.19,1.69
2018.05.24 07:54:20.694,1.10379,1.1039,1.00,1.50
2018.05.24 07:54:20.907,1.1038,1.10392,1.25,1.00
2018.05.24 07:54:21.273,1.10379,1.1039,1.19,1.00
2018.05.24 07:54:22.029,1.10378,1.1039,1.20,1.00
2018.05.24 07:54:22.539,1.10378,1.1039,1.00,1.00
2018.05.24 07:54:23.434,1.10377,1.1039,1.10,1.19
2018.05.24 07:54:23.984,1.10377,1.10388,1.00,1.00
2018.05.24 07:54:24.591,1.10375,1.10388,1.69,1.00
2018.05.24 07:54:25.134,1.10377,1.10387,1.00,1.25
2018.05.24 07:54:25.689,1.10377,1.10385,1.00,1.00
2018.05.24 07:54:26.079,1.10378,1.10388,1.00,1.50
2018.05.24 07:54:26.594,1.10377,1.10388,1.00,1.50
2018.05.24 07:54:28.358,1.10376,1.10388,1.25,1.69
2018.05.24 07:54:28.716,1.10375,1.10386,1.00,1.00
2018.05.24 07:54:29.357,1.10375,1.10386,1.19,1.00
2018.05.24 07:54:29.664,1.10372,1.10384,1.69,1.00
2018.05.24 07:54:29.873,1.10372,1.10384,1.69,1.00
2018.05.24 07:54:30.410,1.10372,1.10384,1.19,1.00
2018.05.24 07:54:34.972,1.10373,1.10384,1.00,1.00
2018.05.24 07:54:35.025,1.1037,1.10383,1.39,1.00
2018.05.24 07:54:35.079,1.10369,1.10383,1.31,1.00
2018.05.24 07:54:35.236,1.10369,1.10381,1.01,1.00
2018.05.24 07:54:36.106,1.10371,1.10381,1.00,1.00
2018.05.24 07:54:36.368,1.10372,1.10383,1.00,1.00
2018.05.24 07:54:36.881,1.10372,1.10384,1.25,1.00
2018.05.24 07:54:38.786,1.10372,1.10384,1.19,1.00
2018.05.24 07:54:41.155,1.10373,1.10385,1.69,1.00
2018.05.24 07:54:41.704,1.10373,1.10386,1.69,1.00
2018.05.24 07:54:42.275,1.10372,1.10386,1.37,1.19
2018.05.24 07:54:42.327,1.10373,1.10384,1.69,1.00
2018.05.24 07:54:42.439,1.10371,1.10384,1.25,1.00
2018.05.24 07:54:42.491,1.10369,1.10381,1.87,1.00
2018.05.24 07:54:43.035,1.1037,1.10379,1.19,1.00
2018.05.24 07:54:43.540,1.10368,1.1038,2.25,1.00
2018.05.24 07:54:46.202,1.10367,1.1038,2.62,1.00
2018.05.24 07:54:46.746,1.10367,1.1038,1.87,1.00
2018.05.24 07:54:50.039,1.10367,1.1038,1.44,1.00
2018.05.24 07:54:50.591,1.10367,1.1038,1.25,1.00
2018.05.24 07:54:52.390,1.10367,1.1038,1.00,1.19
2018.05.24 07:54:52.961,1.10367,1.10379,1.19,1.00
2018.05.24 07:54:53.268,1.10367,1.10381,1.44,1.00
2018.05.24 07:54:53.483,1.10367,1.10379,1.19,1.50
2018.05.24 07:54:54.023,1.10367,1.10379,1.19,1.50
2018.05.24 07:54:54.181,1.10367,1.10379,1.19,1.50
2018.05.24 07:54:54.713,1.10367,1.10379,1.44,1.50
2018.05.24 07:54:55.699,1.10367,1.10379,1.44,1.50
2018.05.24 07:54:56.230,1.10367,1.10379,1.00,1.50
2018.05.24 07:54:58.573,1.10366,1.10379,1.50,1.00
2018.05.24 07:54:59.080,1.10365,1.10378,1.69,1.00
2018.05.24 07:55:00.148,1.10366,1.10378,1.00,1.19
2018.05.24 07:55:00.254,1.10364,1.10375,1.00,1.25
2018.05.24 07:55:00.723,1.10365,1.10376,1.44,1.00
2018.05.24 07:55:00.866,1.10365,1.10378,1.44,1.50
2018.05.24 07:55:02.705,1.10367,1.10378,1.00,1.00
2018.05.24 07:55:03.230,1.10365,1.10378,1.50,1.19
2018.05.24 07:55:03.389,1.10361,1.10373,1.32,1.00
2018.05.24 07:55:03.908,1.10361,1.10372,1.25,1.00
2018.05.24 07:55:04.424,1.1036,1.10372,1.00,1.19
2018.05.24 07:55:04.533,1.10359,1.10372,1.12,1.25
2018.05.24 07:55:05.149,1.10364,1.10373,1.00,1.00
2018.05.24 07:55:05.668,1.10364,1.10374,1.00,1.00
2018.05.24 07:55:06.284,1.10363,1.10374,1.25,1.00
2018.05.24 07:55:06.495,1.10361,1.10373,1.25,1.00
2018.05.24 07:55:06.549,1.10361,1.10371,1.00,1.00
2018.05.24 07:55:06.871,1.10359,1.10372,1.25,1.69
2018.05.24 07:55:07.396,1.10359,1.1037,1.00,1.00
2018.05.24 07:55:07.702,1.10353,1.10364,1.00,1.00
2018.05.24 07:55:08.016,1.10354,1.10366,1.19,1.00
2018.05.24 07:55:08.363,1.10354,1.10364,1.00,1.00
2018.05.24 07:55:08.518,1.10354,1.10366,1.25,1.00
2018.05.24 07:55:08.919,1.10354,1.10366,1.19,1.00
2018.05.24 07:55:09.235,1.10359,1.1037,1.00,1.00
2018.05.24 07:55:11.562,1.10359,1.10368,1.00,1.00
2018.05.24 07:55:12.108,1.10359,1.1037,1.00,1.00
2018.05.24 07:55:12.263,1.10356,1.1037,1.00,1.87
2018.05.24 07:55:12.315,1.10356,1.10368,1.00,1.25
2018.05.24 07:55:12.623,1.10357,1.10367,1.19,1.00
2018.05.24 07:55:12.675,1.10356,1.10368,1.50,1.19
2018.05.24 07:55:13.228,1.10355,1.10366,1.25,1.00
2018.05.24 07:55:13.739,1.10355,1.10365,1.25,1.00
2018.05.24 07:55:14.496,1.10354,1.10365,1.00,1.00
2018.05.24 07:55:14.997,1.10354,1.10365,1.44,1.00
2018.05.24 07:55:16.233,1.10355,1.10367,1.25,1.00
2018.05.24 07:55:17.376,1.10354,1.10367,1.25,1.69
2018.05.24 07:55:17.429,1.10354,1.10364,1.25,1.00
2018.05.24 07:55:18.123,1.10354,1.10363,1.00,1.00
2018.05.24 07:55:18.654,1.10354,1.10366,1.25,1.25
2018.05.24 07:55:18.999,1.10354,1.10364,1.69,1.00
2018.05.24 07:55:19.510,1.10355,1.10364,1.00,1.00
2018.05.24 07:55:20.033,1.10355,1.10365,1.00,1.00
2018.05.24 07:55:20.346,1.10355,1.10367,1.00,1.25
2018.05.24 07:55:20.401,1.10355,1.10365,1.00,1.00
2018.05.24 07:55:21.401,1.10355,1.10366,1.00,1.25
2018.05.24 07:55:22.425,1.10355,1.10365,1.00,1.00
2018.05.24 07:55:22.795,1.10354,1.10363,1.00,1.00
2018.05.24 07:55:23.623,1.10354,1.10364,1.00,1.00
2018.05.24 07:55:24.145,1.10355,1.10364,1.00,1.00
2018.05.24 07:55:24.905,1.10355,1.10367,1.00,1.19
2018.05.24 07:55:24.959,1.10355,1.10369,2.70,1.00
2018.05.24 07:55:25.013,1.10359,1.10369,1.00,1.00
2018.05.24 07:55:25.222,1.10359,1.10371,1.00,1.25
2018.05.24 07:55:25.980,1.10359,1.1037,1.00,1.00
2018.05.24 07:55:26.258,1.10361,1.1037,1.00,1.00
2018.05.24 07:55:26.511,1.10363,1.10374,1.00,1.19
2018.05.24 07:55:27.061,1.10364,1.10373,1.00,1.00
2018.05.24 07:55:27.234,1.10363,1.10375,1.00,1.25
2018.05.24 07:55:27.395,1.10365,1.10375,1.00,1.25
2018.05.24 07:55:28.156,1.10364,1.10375,1.00,1.25
2018.05.24 07:55:28.696,1.10364,1.10374,1.00,1.00
2018.05.24 07:55:29.793,1.10366,1.10375,1.00,1.00
2018.05.24 07:55:30.106,1.1036,1.10375,4.01,1.00
2018.05.24 07:55:30.265,1.10359,1.10371,1.07,1.00
2018.05.24 07:55:30.383,1.10357,1.10371,2.25,1.69
2018.05.24 07:55:30.489,1.10357,1.10369,1.00,1.00
2018.05.24 07:55:30.812,1.10356,1.10366,1.00,1.00
2018.05.24 07:55:31.080,1.10355,1.10369,1.69,1.69
2018.05.24 07:55:31.182,1.10355,1.10367,1.76,1.00
2018.05.24 07:55:31.696,1.10356,1.10367,1.00,1.00
2018.05.24 07:55:32.343,1.10356,1.10368,1.00,1.00
2018.05.24 07:55:34.076,1.10357,1.10369,1.00,1.00
2018.05.24 07:55:34.439,1.10355,1.10368,1.76,1.00
2018.05.24 07:55:34.759,1.10355,1.10366,1.25,1.00
2018.05.24 07:55:35.278,1.10355,1.10368,1.00,1.19
2018.05.24 07:55:37.868,1.10355,1.10369,1.25,1.95
2018.05.24 07:55:38.672,1.10356,1.10368,1.00,1.25
2018.05.24 07:55:39.154,1.10354,1.10367,1.69,1.25
2018.05.24 07:55:39.771,1.10356,1.10367,1.00,1.25
2018.05.24 07:55:40.152,1.10354,1.10368,1.25,1.25
2018.05.24 07:55:40.305,1.10353,1.10366,1.10,1.00
2018.05.24 07:55:40.829,1.10353,1.10365,1.25,1.00
2018.05.24 07:55:41.398,1.10352,1.10364,1.19,1.00
2018.05.24 07:55:42.502,1.10351,1.10365,1.19,1.25
2018.05.24 07:55:42.843,1.10355,1.10365,1.00,1.00
2018.05.24 07:55:42.894,1.10353,1.10365,2.06,1.00
2018.05.24 07:55:42.946,1.10355,1.10365,1.00,1.00
2018.05.24 07:55:43.253,1.10357,1.10366,1.00,1.00
2018.05.24 07:55:43.305,1.10357,1.10369,1.25,1.00
2018.05.24 07:55:43.358,1.10359,1.1037,1.19,1.10
2018.05.24 07:55:43.470,1.10358,1.1037,1.69,1.00
2018.05.24 07:55:43.977,1.10359,1.1037,1.00,1.00
2018.05.24 07:55:44.541,1.10361,1.1037,1.00,1.00
2018.05.24 07:55:45.210,1.10361,1.10371,1.25,1.00
2018.05.24 07:55:45.320,1.10361,1.10374,1.50,1.29
2018.05.24 07:55:45.855,1.1036,1.10372,1.00,1.25
2018.05.24 07:55:46.360,1.10361,1.10372,1.00,1.25
2018.05.24 07:55:46.918,1.10363,1.10373,1.00,1.00
2018.05.24 07:55:46.971,1.10363,1.10375,1.00,1.01
2018.05.24 07:55:47.487,1.10364,1.10376,1.00,2.44
2018.05.24 07:55:47.789,1.10362,1.10374,1.00,1.00
2018.05.24 07:55:48.352,1.10362,1.10373,1.00,1.00
2018.05.24 07:55:49.393,1.1036,1.10373,1.62,1.00
2018.05.24 07:55:49.447,1.10359,1.10369,1.01,1.00
2018.05.24 07:55:49.909,1.10357,1.10369,1.87,1.00
2018.05.24 07:55:50.120,1.10357,1.10367,1.00,1.00
2018.05.24 07:55:50.436,1.10358,1.10368,1.19,1.00
2018.05.24 07:55:50.596,1.10356,1.10369,2.06,1.00
2018.05.24 07:55:51.128,1.10356,1.10369,1.25,1.25
2018.05.24 07:55:51.646,1.10355,1.10366,1.25,1.00
2018.05.24 07:55:53.939,1.10355,1.10367,1.25,1.00
2018.05.24 07:55:54.256,1.10354,1.10365,1.50,1.00
2018.05.24 07:55:54.968,1.10354,1.10364,1.00,1.00
2018.05.24 07:55:55.223,1.10354,1.10366,1.00,1.00
2018.05.24 07:55:55.749,1.10354,1.10365,1.00,1.00
2018.05.24 07:55:56.812,1.10354,1.10366,1.00,1.00
2018.05.24 07:55:57.428,1.10353,1.10365,1.69,1.00
2018.05.24 07:55:57.722,1.10355,1.10366,1.00,1.00
2018.05.24 07:55:58.247,1.10354,1.10366,1.00,1.00
2018.05.24 07:55:59.280,1.10355,1.10368,1.25,1.95
2018.05.24 07:55:59.491,1.10356,1.10368,1.19,1.69
2018.05.24 07:56:00.048,1.10356,1.10368,1.25,1.00
2018.05.24 07:56:00.405,1.10358,1.10368,1.19,1.00
2018.05.24 07:56:00.671,1.1036,1.10371,1.00,1.12
2018.05.24 07:56:01.831,1.10358,1.10369,1.19,1.00
2018.05.24 07:56:02.353,1.10358,1.10369,1.19,1.00
2018.05.24 07:56:02.598,1.10355,1.10368,2.81,1.00
2018.05.24 07:56:02.764,1.10356,1.10368,1.19,1.00
2018.05.24 07:56:02.867,1.10355,1.10368,2.06,1.00
2018.05.24 07:56:03.609,1.10359,1.10368,1.00,1.00
2018.05.24 07:56:03.661,1.10359,1.1037,1.00,1.50
2018.05.24 07:56:06.411,1.10363,1.1037,1.00,1.00
2018.05.24 07:56:06.463,1.10364,1.10372,1.00,1.00
2018.05.24 07:56:06.516,1.10364,1.10374,1.00,1.00
2018.05.24 07:56:06.824,1.10362,1.10374,1.00,1.00
2018.05.24 07:56:06.926,1.1036,1.10374,1.50,1.19
2018.05.24 07:56:07.214,1.1036,1.10371,1.50,1.00
2018.05.24 07:56:07.956,1.10359,1.10371,1.00,1.00
2018.05.24 07:56:09.558,1.10359,1.10371,1.19,1.00
2018.05.24 07:56:10.114,1.10361,1.10371,1.00,1.00
2018.05.24 07:56:11.464,1.10359,1.10371,1.25,1.25
2018.05.24 07:56:11.570,1.10359,1.10369,1.25,1.00
2018.05.24 07:56:12.041,1.10359,1.10371,1.00,1.25
2018.05.24 07:56:12.615,1.10359,1.10372,1.00,2.44
2018.05.24 07:56:14.033,1.10359,1.10372,1.00,1.87
2018.05.24 07:56:15.114,1.10359,1.10371,1.19,1.00
2018.05.24 07:56:16.592,1.10359,1.10371,1.25,1.00
2018.05.24 07:56:19.137,1.10356,1.10368,1.10,1.00
2018.05.24 07:56:19.448,1.10355,1.10365,1.00,1.00
2018.05.24 07:56:20.524,1.10355,1.10367,1.00,1.37
2018.05.24 07:56:20.831,1.10358,1.10368,1.00,1.00
2018.05.24 07:56:20.884,1.10359,1.10372,1.00,1.87
2018.05.24 07:56:21.928,1.10359,1.10372,1.50,1.87
2018.05.24 07:56:24.519,1.10359,1.10372,1.00,1.69
2018.05.24 07:56:25.992,1.10361,1.10372,1.00,1.69
2018.05.24 07:56:26.044,1.10361,1.10372,1.00,1.25
2018.05.24 07:56:28.827,1.10362,1.10372,1.00,1.00
2018.05.24 07:56:29.432,1.10362,1.10374,1.00,1.44
2018.05.24 07:56:30.068,1.10363,1.10374,1.00,1.44
2018.05.24 07:56:35.325,1.10363,1.10373,1.00,1.44
2018.05.24 07:56:35.883,1.10363,1.10373,1.00,1.37
2018.05.24 07:56:36.121,1.10363,1.10373,1.00,1.25
2018.05.24 07:56:37.101,1.10363,1.10372,1.00,1.00
2018.05.24 07:56:38.124,1.10363,1.10374,1.00,2.25
2018.05.24 07:56:38.651,1.10363,1.10374,1.25,1.50
2018.05.24 07:56:38.705,1.10366,1.10374,1.00,1.00
2018.05.24 07:56:38.811,1.10368,1.10377,1.00,1.00
2018.05.24 07:56:38.975,1.10369,1.1038,1.00,1.19
2018.05.24 07:56:39.485,1.10368,1.10379,1.00,1.00
2018.05.24 07:56:39.989,1.10372,1.1038,1.00,1.25
2018.05.24 07:56:40.042,1.10372,1.10382,1.00,1.00
2018.05.24 07:56:40.147,1.1037,1.10382,1.25,1.00
2018.05.24 07:56:41.017,1.1037,1.10381,1.25,1.00
2018.05.24 07:56:41.177,1.10368,1.1038,1.00,1.44
2018.05.24 07:56:41.334,1.10366,1.1038,1.25,1.37
2018.05.24 07:56:41.876,1.10366,1.1038,1.25,1.25
2018.05.24 07:56:42.453,1.10367,1.1038,1.19,1.00
2018.05.24 07:56:42.977,1.10367,1.1038,1.00,1.19
2018.05.24 07:56:43.747,1.10368,1.10381,1.00,1.87
2018.05.24 07:56:44.477,1.10368,1.10381,1.00,2.62
2018.05.24 07:56:45.084,1.10369,1.10381,1.00,2.44
2018.05.24 07:56:45.453,1.10369,1.10384,1.00,3.26
2018.05.24 07:56:45.505,1.10372,1.10383,1.00,1.19
2018.05.24 07:56:46.151,1.10371,1.10383,1.00,1.69
2018.05.24 07:56:46.566,1.10368,1.10381,1.19,1.50
2018.05.24 07:56:48.707,1.10369,1.10383,1.19,2.25
2018.05.24 07:56:49.395,1.10369,1.10382,1.25,1.25
2018.05.24 07:56:49.833,1.10371,1.10381,1.00,1.25
2018.05.24 07:56:50.367,1.10371,1.10381,1.00,1.19
2018.05.24 07:56:50.474,1.10371,1.10383,1.00,1.01
2018.05.24 07:56:50.903,1.10374,1.10384,1.00,1.25
2018.05.24 07:56:51.388,1.10372,1.10384,1.00,1.44
2018.05.24 07:56:53.054,1.10372,1.10384,1.00,2.44
2018.05.24 07:56:53.696,1.10372,1.10385,1.25,3.07
2018.05.24 07:56:53.748,1.10373,1.10386,1.19,1.19
2018.05.24 07:56:54.367,1.10374,1.10386,1.25,1.25
2018.05.24 07:56:54.878,1.10374,1.10387,1.25,1.87
2018.05.24 07:56:55.410,1.10374,1.10387,1.19,1.00
2018.05.24 07:56:55.577,1.10374,1.1039,1.19,2.62
2018.05.24 07:56:56.090,1.10374,1.1039,1.44,3.37
2018.05.24 07:56:56.143,1.10374,1.10388,1.44,1.25
2018.05.24 07:56:56.672,1.10374,1.10387,1.19,1.25
2018.05.24 07:56:58.731,1.10374,1.10387,1.00,1.44
2018.05.24 07:56:59.245,1.10373,1.10386,1.25,1.37
2018.05.24 07:56:59.768,1.10372,1.10386,1.29,2.44
2018.05.24 07:57:00.572,1.10372,1.10386,1.19,1.19
2018.05.24 07:57:01.449,1.10372,1.10386,1.19,1.50
2018.05.24 07:57:01.968,1.10372,1.10386,1.39,1.37
2018.05.24 07:57:02.414,1.10373,1.10387,1.01,1.25
2018.05.24 07:57:03.030,1.10373,1.10387,1.01,1.19
2018.05.24 07:57:03.631,1.10373,1.10387,1.32,1.50
2018.05.24 07:57:04.138,1.10373,1.10387,1.01,1.19
2018.05.24 07:57:04.781,1.10373,1.10387,1.26,1.19
2018.05.24 07:57:05.862,1.10375,1.10387,1.19,1.19
2018.05.24 07:57:06.397,1.10376,1.10387,1.25,1.00
2018.05.24 07:57:07.163,1.10374,1.10387,1.07,1.69
2018.05.24 07:57:07.694,1.10376,1.10387,1.25,1.00
2018.05.24 07:57:08.358,1.10376,1.10388,1.25,1.25
2018.05.24 07:57:08.781,1.10373,1.10386,1.76,1.19
2018.05.24 07:57:08.903,1.10373,1.10386,1.69,1.19
2018.05.24 07:57:11.291,1.10373,1.10386,1.19,1.00
2018.05.24 07:57:11.656,1.10375,1.10388,1.25,1.25
2018.05.24 07:57:12.180,1.10376,1.1039,1.25,2.51
2018.05.24 07:57:12.530,1.10376,1.1039,1.25,1.76
2018.05.24 07:57:12.793,1.10376,1.1039,1.19,1.00
2018.05.24 07:57:12.907,1.10376,1.1039,1.25,1.00
2018.05.24 07:57:13.439,1.10378,1.10391,1.69,1.00
2018.05.24 07:57:13.754,1.10378,1.10394,2.51,1.25
2018.05.24 07:57:14.065,1.10378,1.10394,1.76,2.62
2018.05.24 07:57:15.603,1.10379,1.10394,1.69,1.87
2018.05.24 07:57:15.813,1.10376,1.10391,1.10,1.50
2018.05.24 07:57:16.334,1.10375,1.10391,1.95,2.32
2018.05.24 07:57:17.202,1.10377,1.10391,1.00,2.32
2018.05.24 07:57:17.740,1.10378,1.10391,1.00,1.00
2018.05.24 07:57:18.261,1.10378,1.10393,1.00,1.95
2018.05.24 07:57:18.789,1.10378,1.10392,1.00,1.19
2018.05.24 07:57:19.311,1.10378,1.10394,1.19,3.26
2018.05.24 07:57:20.151,1.1038,1.10393,1.25,1.19
2018.05.24 07:57:20.656,1.10381,1.10394,1.25,1.44
2018.05.24 07:57:20.964,1.10384,1.10396,1.00,1.00
2018.05.24 07:57:21.117,1.10386,1.104,1.25,1.69
2018.05.24 07:57:22.743,1.10388,1.104,1.00,1.44
2018.05.24 07:57:25.098,1.10386,1.104,1.25,1.44
2018.05.24 07:57:25.151,1.10388,1.104,1.00,1.44
2018.05.24 07:57:25.672,1.10387,1.10401,1.00,1.76
2018.05.24 07:57:26.216,1.10387,1.104,1.00,1.20
2018.05.24 07:57:26.268,1.10388,1.10401,1.25,1.76
2018.05.24 07:57:26.373,1.10388,1.10401,1.19,1.10
2018.05.24 07:57:26.552,1.10391,1.10405,1.00,3.94
2018.05.24 07:57:27.067,1.10392,1.10407,1.01,1.69
2018.05.24 07:57:27.600,1.10394,1.10408,1.19,1.76
2018.05.24 07:57:27.904,1.10395,1.10408,1.25,1.25
2018.05.24 07:57:28.974,1.10395,1.10408,1.25,1.19
2018.05.24 07:57:30.118,1.10393,1.10408,1.76,1.25
2018.05.24 07:57:30.677,1.10392,1.10408,2.32,1.31
2018.05.24 07:57:30.946,1.10392,1.10407,1.00,1.95
2018.05.24 07:57:31.257,1.10394,1.10408,1.19,1.12
2018.05.24 07:57:32.422,1.10394,1.10409,1.69,1.25
2018.05.24 07:57:35.018,1.10394,1.10408,1.44,1.00
2018.05.24 07:57:35.520,1.10394,1.10409,1.25,1.76
2018.05.24 07:57:36.066,1.10392,1.10408,1.50,1.19
2018.05.24 07:57:36.118,1.10392,1.10408,1.25,1.81
2018.05.24 07:57:36.690,1.10392,1.10406,1.00,1.95
2018.05.24 07:57:37.220,1.10391,1.10405,1.00,1.01
2018.05.24 07:57:39.043,1.10389,1.10404,1.19,1.19
2018.05.24 07:57:40.643,1.10388,1.10403,1.25,1.76
2018.05.24 07:57:40.747,1.10386,1.10401,1.87,1.57
2018.05.24 07:57:43.054,1.10385,1.10399,1.19,1.00
2018.05.24 07:57:43.296,1.10384,1.10399,1.19,1.76
2018.05.24 07:57:43.348,1.10384,1.10398,1.00,1.19
2018.05.24 07:57:43.555,1.10382,1.10397,1.00,2.44
2018.05.24 07:57:43.606,1.10379,1.10395,1.26,1.19
2018.05.24 07:57:43.658,1.10379,1.10395,1.01,1.20
2018.05.24 07:57:43.965,1.10382,1.10395,1.00,1.69
2018.05.24 07:57:44.450,1.10382,1.10397,1.19,2.25
2018.05.24 07:57:44.737,1.10381,1.10395,1.25,1.00
2018.05.24 07:57:45.050,1.10377,1.10391,1.69,1.00
2018.05.24 07:57:45.648,1.10378,1.10392,1.25,1.50
2018.05.24 07:57:46.238,1.10377,1.10392,1.44,1.69
2018.05.24 07:57:48.088,1.10376,1.10392,1.29,1.69
2018.05.24 07:57:48.734,1.10376,1.10391,1.29,1.00
2018.05.24 07:57:49.542,1.10376,1.10391,1.19,1.00
2018.05.24 07:57:50.059,1.10376,1.10389,1.29,1.00
2018.05.24 07:57:50.595,1.10374,1.10389,1.95,1.69
2018.05.24 07:57:51.172,1.10374,1.10389,1.69,1.50
2018.05.24 07:57:52.874,1.10374,1.10389,1.19,2.44
2018.05.24 07:57:53.378,1.10375,1.10389,1.29,1.25
2018.05.24 07:57:53.621,1.10374,1.10389,1.26,1.69
2018.05.24 07:57:54.096,1.10375,1.10389,1.19,1.25
2018.05.24 07:57:54.670,1.10375,1.10389,1.19,1.00
2018.05.24 07:57:55.202,1.10375,1.10389,1.51,1.00
2018.05.24 07:57:56.813,1.10376,1.10389,1.37,1.00
2018.05.24 07:57:58.178,1.10379,1.10391,1.69,1.00
2018.05.24 07:57:58.679,1.10381,1.10391,1.00,1.00
2018.05.24 07:57:58.936,1.10381,1.10394,1.00,3.00
2018.05.24 07:57:59.765,1.10381,1.10392,1.00,1.00
2018.05.24 07:58:00.266,1.1038,1.10393,1.00,1.00
2018.05.24 07:58:00.813,1.10378,1.10393,1.57,1.00
2018.05.24 07:58:01.315,1.10378,1.10393,1.57,1.00
2018.05.24 07:58:03.139,1.10381,1.10394,1.00,1.19
2018.05.24 07:58:03.350,1.10382,1.10395,1.19,1.69
2018.05.24 07:58:03.612,1.10383,1.10395,1.44,1.00
2018.05.24 07:58:04.156,1.10385,1.10396,1.00,1.00
2018.05.24 07:58:04.651,1.10382,1.10396,1.20,1.25
2018.05.24 07:58:05.155,1.10383,1.10396,1.00,1.25
2018.05.24 07:58:05.676,1.10381,1.10395,1.20,1.00
2018.05.24 07:58:06.015,1.10379,1.10394,1.26,1.25
2018.05.24 07:58:06.069,1.10378,1.10392,1.26,1.00
2018.05.24 07:58:06.224,1.10378,1.10391,1.00,1.25
2018.05.24 07:58:06.833,1.10378,1.1039,1.00,1.00
2018.05.24 07:58:07.339,1.10378,1.10391,1.19,1.25
2018.05.24 07:58:07.906,1.10378,1.10391,1.00,2.44
2018.05.24 07:58:08.435,1.10378,1.10391,1.19,1.00
2018.05.24 07:58:08.640,1.10377,1.10391,1.10,1.19
2018.05.24 07:58:08.787,1.10377,1.10389,1.00,1.19
2018.05.24 07:58:08.839,1.10375,1.10388,1.00,1.29
2018.05.24 07:58:08.891,1.10377,1.10388,1.69,1.00
2018.05.24 07:58:09.204,1.10383,1.10395,1.50,1.19
2018.05.24 07:58:09.514,1.10385,1.10396,1.00,1.50
2018.05.24 07:58:10.050,1.10385,1.10397,1.00,1.25
2018.05.24 07:58:10.399,1.10383,1.10398,1.69,2.51
2018.05.24 07:58:12.473,1.10382,1.10397,1.69,1.19
2018.05.24 07:58:13.431,1.10382,1.10396,1.69,1.50
2018.05.24 07:58:14.045,1.10382,1.10396,1.87,1.25
2018.05.24 07:58:14.647,1.10382,1.10396,1.25,1.69
2018.05.24 07:58:15.271,1.10382,1.10396,1.44,1.19
2018.05.24 07:58:15.374,1.10381,1.10395,1.50,1.12
2018.05.24 07:58:15.426,1.10381,1.10394,1.50,1.19
2018.05.24 07:58:15.985,1.10382,1.10394,1.69,1.00
2018.05.24 07:58:16.713,1.10382,1.10396,1.69,1.69
2018.05.24 07:58:19.372,1.10386,1.10397,1.25,1.00
2018.05.24 07:58:19.912,1.10386,1.10398,1.25,1.00
2018.05.24 07:58:20.433,1.10385,1.10398,1.25,1.00
2018.05.24 07:58:22.271,1.10385,1.10398,1.19,1.00
2018.05.24 07:58:22.782,1.10387,1.10398,1.00,1.00
2018.05.24 07:58:26.695,1.10388,1.10401,1.19,1.87
2018.05.24 07:58:27.225,1.10387,1.10401,1.69,1.87
2018.05.24 07:58:28.043,1.10387,1.10401,1.69,1.87
2018.05.24 07:58:29.587,1.10387,1.10401,1.69,1.87
2018.05.24 07:58:31.584,1.10391,1.10403,1.00,2.70
2018.05.24 07:58:31.637,1.10391,1.10403,1.25,1.10
2018.05.24 07:58:31.790,1.10393,1.10404,1.19,1.00
2018.05.24 07:58:32.414,1.10392,1.10405,1.19,1.25
2018.05.24 07:58:32.789,1.10395,1.10407,1.19,1.00
2018.05.24 07:58:33.103,1.10398,1.10409,1.00,1.87
2018.05.24 07:58:35.310,1.10395,1.10409,1.19,1.69
2018.05.24 07:58:35.850,1.10393,1.10407,1.29,1.25
2018.05.24 07:58:35.903,1.10392,1.10407,1.26,1.25
2018.05.24 07:58:37.450,1.10393,1.10407,1.69,1.69
2018.05.24 07:58:44.354,1.10392,1.10407,1.19,1.69
2018.05.24 07:58:44.666,1.10391,1.10404,3.00,1.25
2018.05.24 07:58:45.230,1.10391,1.10406,3.19,1.29
2018.05.24 07:58:46.985,1.10389,1.10403,1.12,1.19
2018.05.24 07:58:47.513,1.10389,1.10403,1.87,1.25
2018.05.24 07:58:48.143,1.10389,1.10404,1.95,1.25
2018.05.24 07:58:51.186,1.10388,1.10403,1.07,1.44
2018.05.24 07:58:51.736,1.10389,1.10401,1.19,1.00
2018.05.24 07:58:52.289,1.10389,1.10402,1.69,1.00
2018.05.24 07:58:53.304,1.1039,1.10402,1.19,1.25
2018.05.24 07:58:53.358,1.1039,1.10404,1.19,1.69
2018.05.24 07:58:53.672,1.1039,1.10403,1.19,1.69
2018.05.24 07:58:54.546,1.10389,1.10402,1.19,1.12
2018.05.24 07:58:55.192,1.10389,1.10402,1.19,1.87
2018.05.24 07:58:55.295,1.10387,1.10399,1.19,1.25
2018.05.24 07:58:57.575,1.10386,1.10399,1.19,1.00
2018.05.24 07:58:58.128,1.10387,1.10401,1.19,2.51
2018.05.24 07:58:58.179,1.10386,1.104,1.31,1.12
2018.05.24 07:58:58.282,1.10385,1.10399,1.19,1.95
2018.05.24 07:58:58.589,1.10384,1.10397,1.69,1.19
2018.05.24 07:58:58.692,1.10383,1.10398,1.19,2.62
2018.05.24 07:58:58.899,1.10382,1.10394,1.31,1.19
2018.05.24 07:58:59.424,1.10381,1.10395,1.69,1.19
2018.05.24 07:58:59.918,1.10382,1.10395,1.25,1.12
2018.05.24 07:59:00.446,1.10383,1.10398,1.12,3.19
2018.05.24 07:59:01.007,1.10383,1.10398,2.06,3.19
2018.05.24 07:59:01.392,1.10385,1.10398,1.25,2.25
2018.05.24 07:59:01.649,1.10387,1.10399,1.19,1.69
2018.05.24 07:59:02.163,1.10387,1.104,1.69,2.44
2018.05.24 07:59:02.666,1.10387,1.104,1.19,1.87
2018.05.24 07:59:03.263,1.10388,1.104,1.19,1.19
2018.05.24 07:59:05.245,1.10387,1.10399,1.19,1.25
2018.05.24 07:59:05.453,1.10385,1.10398,1.25,1.19
2018.05.24 07:59:05.982,1.10386,1.10398,1.69,1.00
2018.05.24 07:59:06.553,1.10386,1.10399,1.76,1.00
2018.05.24 07:59:07.216,1.10386,1.10399,1.25,1.00
2018.05.24 07:59:07.961,1.10387,1.10399,1.00,1.00
2018.05.24 07:59:08.493,1.10388,1.104,1.00,1.25
2018.05.24 07:59:09.031,1.10388,1.10399,1.00,1.00
2018.05.24 07:59:10.007,1.10388,1.10401,1.00,1.87
2018.05.24 07:59:10.459,1.1039,1.10402,1.19,1.69
2018.05.24 07:59:10.565,1.10391,1.10404,1.69,1.25
2018.05.24 07:59:10.618,1.10393,1.10404,1.19,1.19
2018.05.24 07:59:10.721,1.10394,1.10405,1.19,1.00
2018.05.24 07:59:10.874,1.10395,1.10408,1.69,1.19
2018.05.24 07:59:11.368,1.10395,1.10409,1.19,1.69
2018.05.24 07:59:11.909,1.10395,1.10408,1.76,1.25
2018.05.24 07:59:12.321,1.10394,1.10408,1.01,1.44
2018.05.24 07:59:13.074,1.10394,1.10408,1.01,1.44
2018.05.24 07:59:13.684,1.10394,1.10408,1.25,1.12
2018.05.24 07:59:13.997,1.10391,1.10405,1.76,1.25
2018.05.24 07:59:14.538,1.10391,1.10405,1.01,1.69
2018.05.24 07:59:15.088,1.10391,1.10403,1.00,1.00
2018.05.24 07:59:15.630,1.10391,1.10404,1.25,1.25
2018.05.24 07:59:16.048,1.10392,1.10404,1.19,1.25
2018.05.24 07:59:16.593,1.10391,1.10404,1.19,1.69
2018.05.24 07:59:17.550,1.10391,1.10403,1.19,1.00
2018.05.24 07:59:18.888,1.10391,1.10405,1.19,2.44
2018.05.24 07:59:19.682,1.10394,1.10405,1.19,1.25
2018.05.24 07:59:20.013,1.10396,1.10407,1.19,1.00
2018.05.24 07:59:20.519,1.10396,1.10408,1.19,1.25
2018.05.24 07:59:21.398,1.10397,1.10408,1.19,1.25
2018.05.24 07:59:21.944,1.10397,1.10411,1.19,2.25
2018.05.24 07:59:22.099,1.10398,1.10412,1.19,1.19
2018.05.24 07:59:23.862,1.10398,1.10412,1.25,2.25
2018.05.24 07:59:24.072,1.10398,1.10412,1.25,1.01
2018.05.24 07:59:24.177,1.10399,1.10412,1.19,1.25
2018.05.24 07:59:26.629,1.10398,1.10412,1.69,1.87
2018.05.24 07:59:27.408,1.10398,1.10412,1.25,2.62
2018.05.24 07:59:27.832,1.10399,1.10412,1.69,1.69
2018.05.24 07:59:28.237,1.10397,1.10409,1.69,1.25
2018.05.24 07:59:29.246,1.10396,1.10408,1.19,1.00
2018.05.24 07:59:30.356,1.10395,1.10408,1.69,1.00
2018.05.24 07:59:30.874,1.10395,1.10407,1.19,1.25
2018.05.24 07:59:32.539,1.10395,1.10406,1.19,1.00
2018.05.24 07:59:33.369,1.10394,1.10405,1.25,1.00
2018.05.24 07:59:33.690,1.10392,1.10405,1.25,1.69
2018.05.24 07:59:33.963,1.10392,1.10402,1.00,1.00
2018.05.24 07:59:36.663,1.10389,1.10402,1.19,1.69
2018.05.24 07:59:37.604,1.10391,1.10404,1.25,1.76
2018.05.24 07:59:38.794,1.10391,1.10402,1.00,1.00
2018.05.24 07:59:40.127,1.10389,1.10402,1.00,1.95
2018.05.24 07:59:40.645,1.10387,1.10399,1.69,1.00
2018.05.24 07:59:41.224,1.10389,1.10399,1.00,1.00
2018.05.24 07:59:41.848,1.1039,1.104,1.19,1.29
2018.05.24 07:59:42.373,1.1039,1.104,1.69,1.00
2018.05.24 07:59:42.928,1.1039,1.10402,1.19,1.69
2018.05.24 07:59:43.430,1.1039,1.10402,1.19,1.25
2018.05.24 07:59:43.962,1.1039,1.10402,1.25,1.25
2018.05.24 07:59:44.486,1.1039,1.10402,1.25,1.19
2018.05.24 07:59:45.028,1.10388,1.104,1.19,1.25
2018.05.24 07:59:45.480,1.1039,1.10402,1.00,1.50
2018.05.24 07:59:47.006,1.10389,1.10402,1.25,1.10
2018.05.24 07:59:47.493,1.10391,1.10402,1.00,1.50
2018.05.24 07:59:48.200,1.10391,1.10401,1.00,1.00
2018.05.24 07:59:48.712,1.10389,1.10401,1.25,1.00
2018.05.24 07:59:49.285,1.10389,1.10401,1.25,1.44
2018.05.24 07:59:51.083,1.10388,1.10401,1.19,1.19
2018.05.24 07:59:51.625,1.1039,1.10401,1.25,1.25
2018.05.24 07:59:52.196,1.1039,1.10401,1.69,1.00
2018.05.24 07:59:52.513,1.10388,1.10402,1.69,1.29
2018.05.24 07:59:53.659,1.1039,1.10402,1.25,1.01
2018.05.24 07:59:53.764,1.1039,1.10402,1.69,1.19
2018.05.24 07:59:54.834,1.10389,1.10402,1.19,1.87
2018.05.24 07:59:55.339,1.10389,1.104,1.25,1.25
2018.05.24 07:59:56.077,1.10388,1.104,1.19,1.25
2018.05.24 07:59:56.580,1.10389,1.104,1.19,1.25
2018.05.24 07:59:57.056,1.10394,1.10402,1.19,1.00
2018.05.24 07:59:57.370,1.10399,1.10405,1.19,1.00
2018.05.24 07:59:57.526,1.10397,1.10413,2.70,2.17
2018.05.24 07:59:58.003,1.104,1.10411,1.00,1.54
2018.05.24 07:59:58.105,1.10398,1.10408,1.50,1.25
2018.05.24 07:59:58.614,1.10396,1.10408,1.19,1.25
2018.05.24 07:59:59.754,1.10396,1.10408,1.25,1.25
