2010.03.22 04:00:01.015,0.85255,0.8528,9.20,8.00
2010.03.22 04:00:01.412,0.8526,0.85285,8.00,10.40
2010.03.22 04:00:01.871,0.85255,0.85285,16.40,8.80
2010.03.22 04:00:07.434,0.8526,0.85285,8.40,8.00
2010.03.22 04:00:07.510,0.85265,0.8529,8.00,8.80
2010.03.22 04:00:07.987,0.85265,0.8529,8.40,8.80
2010.03.22 04:00:08.672,0.85265,0.8529,8.40,8.80
2010.03.22 04:00:10.053,0.85265,0.8529,8.40,8.00
2010.03.22 04:00:10.150,0.85265,0.8529,8.40,8.00
2010.03.22 04:00:10.891,0.85265,0.8529,8.40,8.80
2010.03.22 04:00:11.221,0.8526,0.85285,8.40,8.00
2010.03.22 04:00:13.206,0.8526,0.85285,9.20,8.00
2010.03.22 04:00:20.639,0.85265,0.85285,1.00,8.00
2010.03.22 04:00:20.689,0.85265,0.85285,4.00,4.00
2010.03.22 04:00:20.768,0.85265,0.8529,8.00,8.80
2010.03.22 04:00:22.630,0.85265,0.8529,8.40,8.80
2010.03.22 04:00:23.145,0.85265,0.8529,8.40,8.80
2010.03.22 04:00:25.695,0.85265,0.8529,8.40,8.80
2010.03.22 04:00:33.635,0.85265,0.8529,8.40,8.00
2010.03.22 04:00:38.176,0.85265,0.8529,8.40,8.80
2010.03.22 04:00:38.344,0.85265,0.8529,8.40,11.30
2010.03.22 04:00:38.505,0.85265,0.85285,1.00,8.00
2010.03.22 04:00:39.021,0.8526,0.85285,10.90,8.00
2010.03.22 04:00:44.149,0.8526,0.85285,11.00,8.00
2010.03.22 04:00:45.620,0.85265,0.85285,1.00,8.00
2010.03.22 04:00:50.310,0.85265,0.85285,4.40,4.00
2010.03.22 04:00:50.639,0.85265,0.85285,4.00,4.00
2010.03.22 04:00:55.369,0.8526,0.8529,11.00,19.30
2010.03.22 04:00:55.678,0.85265,0.8529,8.00,11.30
2010.03.22 04:00:55.971,0.85265,0.8529,10.50,11.30
2010.03.22 04:00:56.131,0.85265,0.8529,10.90,11.30
2010.03.22 04:00:56.327,0.85265,0.8529,8.40,11.30
2010.03.22 04:00:59.107,0.85265,0.8529,8.00,11.30
2010.03.22 04:00:59.292,0.85265,0.85285,8.00,1.00
2010.03.22 04:00:59.478,0.85265,0.85285,4.00,4.80
2010.03.22 04:01:02.540,0.8526,0.85285,8.40,8.80
2010.03.22 04:01:04.836,0.8526,0.8529,4.00,23.00
2010.03.22 04:01:10.465,0.8526,0.8528,4.00,4.00
2010.03.22 04:01:10.634,0.85255,0.8528,10.00,8.00
2010.03.22 04:01:10.764,0.8526,0.85285,4.00,8.80
2010.03.22 04:01:11.918,0.8526,0.85285,4.40,8.80
2010.03.22 04:01:15.883,0.85265,0.85285,1.00,8.00
2010.03.22 04:01:16.024,0.85265,0.85285,4.40,4.00
2010.03.22 04:01:16.922,0.85265,0.85285,4.00,4.00
2010.03.22 04:01:17.359,0.85265,0.8529,8.00,11.30
2010.03.22 04:01:19.159,0.85265,0.8529,8.40,11.30
2010.03.22 04:01:19.444,0.8527,0.8529,2.50,8.80
2010.03.22 04:01:19.545,0.8527,0.8529,2.50,8.00
2010.03.22 04:01:20.792,0.8527,0.8529,6.50,4.00
2010.03.22 04:01:21.512,0.8527,0.8529,4.00,7.30
2010.03.22 04:01:21.849,0.85265,0.85285,10.50,4.00
2010.03.22 04:01:22.016,0.85265,0.85285,6.90,4.00
2010.03.22 04:01:22.172,0.85265,0.8529,10.90,11.30
2010.03.22 04:01:23.233,0.85265,0.8529,8.00,11.30
2010.03.22 04:01:28.212,0.85265,0.8529,11.30,8.00
2010.03.22 04:01:28.473,0.8527,0.8529,4.80,4.00
2010.03.22 04:01:28.730,0.8527,0.8529,4.00,4.00
2010.03.22 04:01:29.409,0.8527,0.85295,4.00,12.20
2010.03.22 04:01:30.579,0.8527,0.85295,4.00,13.00
2010.03.22 04:01:30.691,0.8527,0.8529,4.00,1.00
2010.03.22 04:01:35.237,0.8527,0.85295,4.00,13.10
2010.03.22 04:01:35.433,0.8527,0.85295,4.00,13.00
2010.03.22 04:01:35.630,0.8527,0.8529,4.00,4.00
2010.03.22 04:01:35.820,0.85265,0.8529,8.40,8.00
2010.03.22 04:01:52.845,0.8527,0.8529,4.00,4.00
2010.03.22 04:02:19.430,0.8527,0.8529,4.40,4.00
2010.03.22 04:02:19.569,0.8527,0.85295,4.40,10.50
2010.03.22 04:02:19.710,0.8527,0.85295,8.40,10.50
2010.03.22 04:02:19.853,0.85275,0.85295,6.50,4.00
2010.03.22 04:02:20.141,0.85275,0.853,10.90,8.00
2010.03.22 04:02:20.279,0.8528,0.853,4.00,8.00
2010.03.22 04:02:20.619,0.8528,0.853,4.00,4.00
2010.03.22 04:02:23.796,0.85275,0.853,10.90,8.00
2010.03.22 04:02:31.390,0.85275,0.853,12.50,8.00
2010.03.22 04:02:31.457,0.8528,0.853,4.00,4.00
2010.03.22 04:02:37.001,0.85275,0.853,10.90,4.00
2010.03.22 04:02:37.045,0.85275,0.853,10.90,8.00
2010.03.22 04:02:50.963,0.85275,0.853,11.70,8.00
2010.03.22 04:02:51.315,0.8528,0.853,2.90,8.00
2010.03.22 04:02:51.361,0.8528,0.85305,10.90,8.00
2010.03.22 04:02:52.120,0.8528,0.85305,11.00,8.00
2010.03.22 04:02:56.212,0.8528,0.853,1.00,8.00
2010.03.22 04:02:56.769,0.8528,0.853,1.00,11.30
2010.03.22 04:02:56.970,0.85275,0.853,10.00,11.30
2010.03.22 04:02:57.811,0.85275,0.853,8.40,11.30
2010.03.22 04:03:06.927,0.85275,0.853,8.40,10.50
2010.03.22 04:03:07.555,0.85275,0.853,8.40,11.30
2010.03.22 04:03:09.511,0.85275,0.85295,8.40,2.50
2010.03.22 04:03:09.762,0.85275,0.85295,8.00,2.50
2010.03.22 04:03:10.249,0.85275,0.85295,8.00,3.30
2010.03.22 04:03:10.491,0.8527,0.85295,8.40,11.30
2010.03.22 04:03:18.903,0.8527,0.85295,8.40,10.50
2010.03.22 04:03:27.278,0.8527,0.85295,4.40,10.50
2010.03.22 04:03:28.552,0.8527,0.85295,8.40,10.50
2010.03.22 04:03:36.420,0.8527,0.85295,8.40,11.30
2010.03.22 04:03:36.642,0.8527,0.85295,8.00,11.30
2010.03.22 04:03:37.121,0.8527,0.85295,4.00,11.30
2010.03.22 04:03:38.060,0.85265,0.8529,14.00,4.00
2010.03.22 04:03:40.102,0.8527,0.8529,4.00,8.00
2010.03.22 04:03:40.287,0.85265,0.8529,10.00,8.00
2010.03.22 04:03:44.138,0.8527,0.8529,4.00,8.00
2010.03.22 04:03:44.417,0.8527,0.8529,4.00,4.00
2010.03.22 04:03:54.804,0.8527,0.85295,4.00,11.30
2010.03.22 04:03:59.875,0.8527,0.8529,4.00,4.00
2010.03.22 04:04:02.222,0.8527,0.85295,4.00,11.30
2010.03.22 04:04:05.693,0.8527,0.8529,4.00,4.00
2010.03.22 04:04:18.080,0.8527,0.8529,4.00,7.30
2010.03.22 04:04:18.307,0.85265,0.8529,8.00,11.30
2010.03.22 04:04:18.534,0.85265,0.85285,4.00,4.00
2010.03.22 04:04:18.754,0.85265,0.85285,4.00,8.00
2010.03.22 04:04:18.980,0.85265,0.85285,4.00,8.80
2010.03.22 04:04:19.658,0.8526,0.85285,4.00,8.80
2010.03.22 04:04:21.889,0.8526,0.8528,4.00,4.00
2010.03.22 04:04:21.939,0.8526,0.8528,6.50,4.00
2010.03.22 04:04:22.073,0.8526,0.85285,10.90,8.00
2010.03.22 04:04:22.370,0.8526,0.85285,11.80,8.00
2010.03.22 04:04:22.457,0.85265,0.8529,8.00,10.50
2010.03.22 04:04:22.507,0.8527,0.8529,8.00,2.50
2010.03.22 04:04:22.589,0.85265,0.8529,16.40,2.50
2010.03.22 04:04:22.817,0.8527,0.85295,4.00,10.50
2010.03.22 04:04:23.165,0.8527,0.85295,8.00,10.50
2010.03.22 04:04:25.098,0.8527,0.85295,4.00,10.50
2010.03.22 04:04:36.746,0.8527,0.8529,4.00,2.50
2010.03.22 04:04:36.912,0.85265,0.8529,12.00,6.50
2010.03.22 04:04:36.978,0.85265,0.8529,8.00,10.50
2010.03.22 04:04:40.159,0.85265,0.8529,8.00,10.50
2010.03.22 04:04:42.715,0.85265,0.8529,8.80,10.50
2010.03.22 04:04:42.772,0.85265,0.8529,9.20,10.50
2010.03.22 04:04:42.835,0.85265,0.8529,11.80,8.00
2010.03.22 04:04:43.014,0.85265,0.8529,11.80,4.00
2010.03.22 04:04:43.223,0.85265,0.8529,11.80,8.00
2010.03.22 04:04:43.403,0.85265,0.8529,15.80,4.00
2010.03.22 04:04:43.803,0.8527,0.85295,4.00,10.50
2010.03.22 04:04:44.143,0.8527,0.85295,8.40,10.50
2010.03.22 04:04:46.721,0.8527,0.85295,10.90,10.50
2010.03.22 04:04:46.984,0.85275,0.85295,4.00,6.50
2010.03.22 04:04:47.513,0.85275,0.85295,8.00,2.50
2010.03.22 04:04:47.782,0.85275,0.853,8.00,10.50
2010.03.22 04:04:50.142,0.8528,0.853,4.00,10.50
2010.03.22 04:04:50.480,0.85275,0.853,8.40,10.50
2010.03.22 04:04:56.450,0.85275,0.853,4.40,10.50
2010.03.22 04:04:56.649,0.85275,0.853,8.40,10.50
2010.03.22 04:05:03.067,0.85275,0.853,8.00,10.50
2010.03.22 04:05:05.087,0.85275,0.85295,4.00,4.00
2010.03.22 04:05:07.682,0.85275,0.85295,4.00,6.50
2010.03.22 04:05:08.357,0.8527,0.85295,8.00,10.50
2010.03.22 04:05:09.267,0.8527,0.85295,10.50,10.50
2010.03.22 04:05:09.877,0.8527,0.85295,10.50,12.10
2010.03.22 04:05:10.118,0.8527,0.8529,4.00,6.50
2010.03.22 04:05:10.386,0.85265,0.8529,10.60,10.50
2010.03.22 04:05:10.656,0.85265,0.8529,11.00,10.50
2010.03.22 04:05:11.840,0.85265,0.8529,8.40,11.30
2010.03.22 04:05:11.937,0.85265,0.8529,8.00,11.30
2010.03.22 04:05:21.434,0.85265,0.85285,8.00,1.00
2010.03.22 04:05:21.544,0.85265,0.85285,8.00,3.30
2010.03.22 04:05:21.654,0.85265,0.85285,4.00,7.30
2010.03.22 04:05:21.985,0.85265,0.85285,4.00,6.50
2010.03.22 04:05:22.125,0.85265,0.85285,4.40,4.00
2010.03.22 04:05:22.265,0.85265,0.8529,4.40,11.70
2010.03.22 04:05:22.552,0.85265,0.8529,8.40,11.30
2010.03.22 04:05:44.801,0.85265,0.8529,11.00,10.50
2010.03.22 04:05:45.790,0.85265,0.8529,8.00,11.30
2010.03.22 04:05:46.009,0.85265,0.85285,4.40,4.00
2010.03.22 04:05:46.158,0.85265,0.8529,8.40,11.30
2010.03.22 04:05:47.609,0.85265,0.85285,8.40,2.50
2010.03.22 04:05:49.180,0.85265,0.8529,10.50,10.50
2010.03.22 04:05:49.488,0.8527,0.8529,4.00,2.50
2010.03.22 04:05:49.798,0.8527,0.8529,4.00,6.50
2010.03.22 04:05:54.126,0.85265,0.8529,10.90,10.50
2010.03.22 04:05:55.895,0.85265,0.8529,10.90,11.30
2010.03.22 04:05:56.026,0.85265,0.8529,10.50,11.30
2010.03.22 04:05:56.575,0.85265,0.8529,10.50,10.50
2010.03.22 04:05:56.705,0.85265,0.8529,10.90,10.50
2010.03.22 04:05:56.835,0.8527,0.8529,4.00,2.50
2010.03.22 04:05:57.175,0.85265,0.8529,10.90,10.50
2010.03.22 04:06:06.903,0.85265,0.8529,10.50,10.50
2010.03.22 04:06:45.145,0.85265,0.8529,10.50,11.30
2010.03.22 04:06:45.345,0.8526,0.85285,10.50,10.50
2010.03.22 04:06:45.543,0.8526,0.85285,10.50,6.50
2010.03.22 04:06:45.743,0.85265,0.85285,4.00,6.50
2010.03.22 04:06:47.154,0.85265,0.85285,4.00,10.50
2010.03.22 04:06:47.253,0.8526,0.85285,10.50,10.50
2010.03.22 04:07:03.132,0.85265,0.85285,2.50,8.00
2010.03.22 04:07:03.352,0.85265,0.85285,6.50,4.00
2010.03.22 04:07:03.687,0.85265,0.85285,7.30,4.00
2010.03.22 04:07:03.912,0.85265,0.8529,11.30,8.00
2010.03.22 04:07:04.809,0.8527,0.8529,4.00,4.00
2010.03.22 04:07:05.149,0.85265,0.8529,11.30,8.00
2010.03.22 04:07:10.888,0.8527,0.8529,4.00,4.00
2010.03.22 04:07:11.197,0.85265,0.8529,11.30,8.00
2010.03.22 04:07:17.235,0.85265,0.8529,15.30,4.00
2010.03.22 04:07:17.317,0.8527,0.85295,4.00,10.50
2010.03.22 04:07:17.567,0.8527,0.8529,4.00,4.00
2010.03.22 04:07:18.228,0.85265,0.8529,11.30,8.00
2010.03.22 04:07:19.669,0.8527,0.8529,2.50,8.00
2010.03.22 04:07:19.836,0.8527,0.8529,6.50,8.00
2010.03.22 04:07:20.006,0.8527,0.85295,6.50,8.00
2010.03.22 04:07:20.268,0.85265,0.85295,25.70,8.00
2010.03.22 04:07:20.606,0.8527,0.85295,11.30,8.00
2010.03.22 04:08:09.603,0.85275,0.853,8.00,10.60
2010.03.22 04:08:09.847,0.85275,0.85295,4.00,4.00
2010.03.22 04:08:10.773,0.85275,0.853,4.00,10.50
2010.03.22 04:08:11.112,0.85275,0.853,8.00,10.50
2010.03.22 04:08:28.762,0.85275,0.853,8.00,10.60
2010.03.22 04:08:49.484,0.85275,0.853,8.00,10.50
2010.03.22 04:09:05.085,0.85275,0.85295,8.10,4.00
2010.03.22 04:09:05.286,0.85275,0.853,8.00,10.50
2010.03.22 04:09:05.771,0.85275,0.85295,4.00,4.00
2010.03.22 04:09:17.242,0.85275,0.85295,4.00,8.00
2010.03.22 04:09:17.319,0.8527,0.85295,11.40,8.00
2010.03.22 04:09:17.490,0.8527,0.85295,11.30,4.00
2010.03.22 04:09:17.749,0.8527,0.85295,11.30,8.00
2010.03.22 04:09:19.583,0.8527,0.85295,11.30,10.50
2010.03.22 04:09:24.128,0.8527,0.85295,10.50,10.50
2010.03.22 04:09:24.288,0.8527,0.8529,8.00,2.50
2010.03.22 04:09:24.787,0.85265,0.8529,11.30,8.00
2010.03.22 04:09:26.215,0.8527,0.8529,4.00,4.00
2010.03.22 04:09:36.042,0.8527,0.8529,4.00,8.00
2010.03.22 04:09:36.262,0.85265,0.8529,11.30,8.00
2010.03.22 04:09:44.512,0.85265,0.8529,10.50,8.00
2010.03.22 04:09:44.762,0.85265,0.8529,8.00,10.50
2010.03.22 04:09:48.296,0.85265,0.8529,8.00,11.30
2010.03.22 04:09:48.450,0.85265,0.8529,8.00,11.40
2010.03.22 04:09:48.759,0.8526,0.85285,8.00,8.00
2010.03.22 04:10:33.929,0.8526,0.85285,8.00,10.50
2010.03.22 04:10:34.270,0.8526,0.8528,4.00,4.00
2010.03.22 04:10:34.609,0.85255,0.8528,8.00,8.00
2010.03.22 04:10:43.686,0.85255,0.8528,8.10,8.00
2010.03.22 04:10:43.917,0.85255,0.8528,13.00,8.00
2010.03.22 04:10:44.147,0.8526,0.85285,8.00,8.00
2010.03.22 04:10:47.517,0.8526,0.85285,8.80,8.00
2010.03.22 04:10:47.666,0.8526,0.85285,11.30,8.00
2010.03.22 04:10:47.797,0.85265,0.85285,4.00,4.00
2010.03.22 04:10:47.827,0.85265,0.8529,8.00,8.00
2010.03.22 04:10:55.383,0.85265,0.8529,10.50,8.00
2010.03.22 04:10:55.967,0.85265,0.8529,11.40,8.00
2010.03.22 04:10:56.623,0.8527,0.85295,8.00,12.10
2010.03.22 04:10:58.652,0.8527,0.85295,8.00,10.50
2010.03.22 04:10:58.726,0.8527,0.85295,8.00,10.50
2010.03.22 04:10:59.071,0.8527,0.85295,10.60,10.50
2010.03.22 04:11:03.837,0.85275,0.853,8.00,10.50
2010.03.22 04:11:04.182,0.8527,0.85295,11.40,8.00
2010.03.22 04:11:04.864,0.85275,0.85295,6.50,4.00
2010.03.22 04:11:05.205,0.85275,0.853,8.00,10.50
2010.03.22 04:11:05.883,0.85275,0.85295,4.00,4.00
2010.03.22 04:11:06.210,0.85275,0.853,4.00,10.50
2010.03.22 04:11:06.710,0.85275,0.853,8.00,10.50
2010.03.22 04:11:07.782,0.85275,0.85295,4.00,4.00
2010.03.22 04:11:09.213,0.85275,0.85295,4.00,8.00
2010.03.22 04:11:09.627,0.8527,0.85295,11.40,8.00
2010.03.22 04:11:10.137,0.85275,0.85295,4.00,8.00
2010.03.22 04:11:10.479,0.85275,0.85295,4.00,4.00
2010.03.22 04:11:13.025,0.85275,0.85295,4.00,8.00
2010.03.22 04:11:13.068,0.8527,0.85295,11.40,8.00
2010.03.22 04:11:17.079,0.8527,0.85295,11.30,8.00
2010.03.22 04:11:17.483,0.8527,0.85295,8.00,12.10
2010.03.22 04:11:18.188,0.85265,0.8529,11.30,8.00
2010.03.22 04:11:22.310,0.85265,0.8529,10.50,8.00
2010.03.22 04:11:22.586,0.85265,0.8529,8.00,10.50
2010.03.22 04:11:27.357,0.85265,0.85285,8.00,2.50
2010.03.22 04:11:27.707,0.85265,0.85285,4.00,2.50
2010.03.22 04:11:27.777,0.85265,0.8529,4.00,15.30
2010.03.22 04:11:31.125,0.85265,0.85285,4.00,2.50
2010.03.22 04:11:31.374,0.85265,0.85285,8.00,2.50
2010.03.22 04:11:33.585,0.85265,0.85285,8.00,3.30
2010.03.22 04:11:36.353,0.85265,0.8527,8.00,1.00
2010.03.22 04:11:36.649,0.85265,0.85275,4.00,7.70
2010.03.22 04:11:36.797,0.85245,0.85265,8.00,1.00
2010.03.22 04:11:37.226,0.8524,0.85265,8.00,8.80
2010.03.22 04:11:37.504,0.85245,0.85265,4.00,4.80
2010.03.22 04:11:37.784,0.8524,0.85265,8.00,8.80
2010.03.22 04:11:40.094,0.8524,0.85265,10.60,8.00
2010.03.22 04:11:40.612,0.85245,0.85265,4.00,8.00
2010.03.22 04:11:40.873,0.85245,0.85265,4.00,4.00
2010.03.22 04:11:41.259,0.85245,0.85265,4.00,4.80
2010.03.22 04:11:41.524,0.85235,0.85265,5.00,1.00
2010.03.22 04:11:41.573,0.8524,0.85265,4.00,4.80
2010.03.22 04:11:41.623,0.8524,0.85265,8.00,8.80
2010.03.22 04:11:42.063,0.8524,0.8526,8.00,4.00
2010.03.22 04:11:42.112,0.8524,0.8526,4.00,4.00
2010.03.22 04:11:42.549,0.85235,0.8526,13.00,4.00
2010.03.22 04:11:42.672,0.85235,0.8526,13.00,8.00
2010.03.22 04:11:45.361,0.8524,0.8526,4.00,4.00
2010.03.22 04:11:47.626,0.8524,0.8526,4.00,8.00
2010.03.22 04:11:47.681,0.85235,0.8526,13.00,8.00
2010.03.22 04:11:48.870,0.8524,0.8526,4.00,4.00
2010.03.22 04:11:49.060,0.8524,0.85265,4.00,8.80
2010.03.22 04:11:52.853,0.8524,0.85265,10.70,8.00
2010.03.22 04:11:53.026,0.8524,0.85265,10.60,8.00
2010.03.22 04:11:53.512,0.8524,0.85265,10.60,4.00
2010.03.22 04:11:53.629,0.85245,0.85265,4.00,4.00
2010.03.22 04:11:54.679,0.85245,0.85265,8.00,4.00
2010.03.22 04:11:55.019,0.8524,0.85265,10.50,8.00
2010.03.22 04:11:59.936,0.85245,0.8527,1.00,18.50
2010.03.22 04:12:00.121,0.85245,0.8527,10.60,8.00
2010.03.22 04:12:00.758,0.85245,0.8527,10.50,8.00
2010.03.22 04:12:03.548,0.85245,0.8527,8.00,10.50
2010.03.22 04:12:03.749,0.85245,0.8527,8.00,11.30
2010.03.22 04:12:04.019,0.85245,0.85265,4.00,4.00
2010.03.22 04:12:04.221,0.8524,0.85265,10.50,8.00
2010.03.22 04:12:04.611,0.85245,0.85265,2.50,8.00
2010.03.22 04:12:04.947,0.85245,0.8527,10.50,8.00
2010.03.22 04:12:10.979,0.85245,0.8527,12.20,8.00
2010.03.22 04:12:11.348,0.8525,0.8527,2.50,8.00
2010.03.22 04:12:11.635,0.8525,0.8527,6.50,4.00
2010.03.22 04:12:11.926,0.8525,0.85275,10.50,10.50
2010.03.22 04:12:15.926,0.8525,0.85275,11.30,10.50
2010.03.22 04:12:16.094,0.85255,0.85275,2.50,8.00
2010.03.22 04:12:16.264,0.85255,0.8528,10.50,10.50
2010.03.22 04:12:30.574,0.8526,0.8528,2.50,8.00
2010.03.22 04:12:30.801,0.8526,0.85285,10.50,10.50
2010.03.22 04:12:37.572,0.8526,0.85285,10.50,11.30
2010.03.22 04:12:37.589,0.8526,0.8528,8.00,2.50
2010.03.22 04:12:37.937,0.8526,0.85285,4.00,16.90
2010.03.22 04:12:37.951,0.85255,0.8528,10.50,10.50
2010.03.22 04:13:03.685,0.85255,0.8528,12.90,10.50
2010.03.22 04:13:03.766,0.85255,0.8528,14.60,10.50
2010.03.22 04:13:03.983,0.85255,0.8528,18.60,4.00
2010.03.22 04:13:04.063,0.8526,0.85285,4.00,10.50
2010.03.22 04:13:04.163,0.8526,0.85285,8.00,10.50
2010.03.22 04:13:11.660,0.8526,0.85285,8.00,11.30
2010.03.22 04:13:12.055,0.8526,0.8528,4.00,2.50
2010.03.22 04:13:12.623,0.8526,0.8528,4.00,6.50
2010.03.22 04:13:12.960,0.85255,0.8528,8.00,10.50
2010.03.22 04:13:14.670,0.85255,0.8528,8.00,10.60
2010.03.22 04:13:14.789,0.85255,0.85275,8.00,2.50
2010.03.22 04:13:15.470,0.85255,0.85275,4.00,6.50
2010.03.22 04:14:03.754,0.85255,0.85275,4.00,6.60
2010.03.22 04:14:03.919,0.8525,0.85275,11.30,10.60
2010.03.22 04:14:04.132,0.8525,0.8527,8.80,2.50
2010.03.22 04:14:04.224,0.8525,0.8527,8.00,2.50
2010.03.22 04:14:04.829,0.85245,0.8527,12.80,6.60
2010.03.22 04:14:05.169,0.85245,0.8527,8.80,10.60
2010.03.22 04:14:05.639,0.85245,0.85265,8.00,2.40
2010.03.22 04:14:05.875,0.85235,0.85255,8.00,2.50
2010.03.22 04:14:06.108,0.85235,0.85255,4.00,6.50
2010.03.22 04:14:06.348,0.8523,0.85255,11.30,10.50
2010.03.22 04:14:18.355,0.85235,0.85255,3.30,8.00
2010.03.22 04:14:18.607,0.85235,0.85255,7.30,4.00
2010.03.22 04:14:18.655,0.85235,0.8526,11.30,8.00
2010.03.22 04:14:18.828,0.85235,0.8526,12.90,8.00
2010.03.22 04:14:18.882,0.8524,0.85265,8.00,8.00
2010.03.22 04:14:18.937,0.85245,0.85265,4.00,4.00
2010.03.22 04:14:18.985,0.85245,0.8527,10.50,10.50
2010.03.22 04:14:44.119,0.85245,0.8527,6.50,10.50
2010.03.22 04:14:44.358,0.8525,0.8527,4.00,6.50
2010.03.22 04:14:44.598,0.85245,0.8527,10.50,10.50
2010.03.22 04:14:52.071,0.85245,0.85265,6.50,4.00
2010.03.22 04:14:52.536,0.85245,0.85265,10.50,4.00
2010.03.22 04:14:52.666,0.85245,0.8527,10.50,10.50
2010.03.22 04:14:53.439,0.85245,0.85265,6.50,4.00
2010.03.22 04:14:56.636,0.85245,0.8527,10.50,8.00
2010.03.22 04:14:56.746,0.85245,0.8527,12.90,8.00
2010.03.22 04:14:56.965,0.8525,0.85275,4.00,10.50
2010.03.22 04:14:57.076,0.8525,0.8527,4.80,4.00
2010.03.22 04:14:57.186,0.85255,0.8527,2.50,4.00
2010.03.22 04:14:57.406,0.85255,0.85275,2.50,8.00
2010.03.22 04:14:57.677,0.85255,0.85275,6.50,4.00
2010.03.22 04:14:59.635,0.85255,0.8528,10.50,10.50
2010.03.22 04:15:00.170,0.85255,0.85275,10.50,4.00
2010.03.22 04:15:00.514,0.85255,0.85275,6.50,4.00
2010.03.22 04:15:02.633,0.85255,0.8528,10.50,10.50
2010.03.22 04:15:18.283,0.85255,0.8528,10.50,11.30
2010.03.22 04:15:18.365,0.85255,0.85275,8.00,2.50
2010.03.22 04:15:18.630,0.8525,0.85275,8.00,10.50
2010.03.22 04:15:36.195,0.85245,0.8527,12.90,8.00
2010.03.22 04:15:36.746,0.8525,0.85275,4.00,20.10
2010.03.22 04:15:36.945,0.85245,0.8527,11.30,10.50
2010.03.22 04:15:43.778,0.85245,0.8527,11.50,8.00
2010.03.22 04:15:43.854,0.85245,0.8527,12.90,8.00
2010.03.22 04:15:44.184,0.85245,0.8527,11.30,8.00
2010.03.22 04:15:48.736,0.85245,0.8527,11.40,8.00
2010.03.22 04:16:03.050,0.85245,0.8527,10.60,8.00
2010.03.22 04:16:03.109,0.85245,0.8527,10.50,8.00
2010.03.22 04:16:03.173,0.85245,0.8527,8.00,10.50
2010.03.22 04:16:05.066,0.85245,0.85265,8.00,2.50
2010.03.22 04:16:05.322,0.8524,0.85265,8.00,10.50
2010.03.22 04:16:59.575,0.85245,0.85265,4.00,6.50
2010.03.22 04:17:00.304,0.8524,0.85265,8.00,10.50
2010.03.22 04:17:00.944,0.8524,0.85265,12.00,6.50
2010.03.22 04:17:01.245,0.8524,0.85265,8.00,10.50
2010.03.22 04:17:08.731,0.8524,0.85265,4.00,10.50
2010.03.22 04:17:18.679,0.8524,0.85265,8.00,10.50
2010.03.22 04:17:21.598,0.8524,0.85265,8.80,10.50
2010.03.22 04:17:23.588,0.8524,0.85265,4.80,10.50
2010.03.22 04:17:29.205,0.8524,0.85265,4.00,10.50
2010.03.22 04:17:29.266,0.8524,0.85265,4.80,10.50
2010.03.22 04:17:33.296,0.8524,0.85265,4.80,8.00
2010.03.22 04:17:38.063,0.8524,0.85265,7.30,8.00
2010.03.22 04:17:40.855,0.85245,0.85265,4.00,4.00
2010.03.22 04:17:41.253,0.8524,0.85265,11.30,8.00
2010.03.22 04:17:47.856,0.8524,0.85265,11.40,8.00
2010.03.22 04:17:48.083,0.85245,0.8527,8.00,11.30
2010.03.22 04:17:48.173,0.85245,0.85265,4.00,4.00
2010.03.22 04:17:48.342,0.85245,0.85265,8.00,4.00
2010.03.22 04:17:48.511,0.85245,0.85265,4.00,8.00
2010.03.22 04:17:48.591,0.85245,0.85265,4.00,4.00
2010.03.22 04:17:49.084,0.8524,0.85265,11.40,4.00
2010.03.22 04:17:49.171,0.8524,0.85265,11.40,8.00
2010.03.22 04:17:50.243,0.85245,0.8527,10.50,8.00
2010.03.22 04:18:09.467,0.85245,0.8527,11.30,8.00
2010.03.22 04:18:09.517,0.8525,0.8527,2.50,8.00
2010.03.22 04:18:09.790,0.8525,0.85275,10.50,8.00
2010.03.22 04:18:18.788,0.8525,0.85275,10.50,8.80
2010.03.22 04:18:19.005,0.8525,0.85275,8.00,8.80
2010.03.22 04:18:19.054,0.8525,0.8527,4.00,4.00
2010.03.22 04:18:19.095,0.85245,0.8527,8.80,8.00
2010.03.22 04:18:54.125,0.85245,0.8527,8.00,8.00
2010.03.22 04:18:54.557,0.85245,0.85265,8.00,4.00
2010.03.22 04:18:54.635,0.85245,0.85265,4.00,4.00
2010.03.22 04:19:01.723,0.85245,0.8527,4.00,8.00
2010.03.22 04:19:02.003,0.85245,0.8527,8.00,8.00
2010.03.22 04:19:06.125,0.85245,0.8527,8.80,8.00
2010.03.22 04:19:06.844,0.8525,0.85275,8.00,8.80
2010.03.22 04:19:07.183,0.8525,0.8527,4.00,4.00
2010.03.22 04:19:07.353,0.85245,0.8527,9.60,8.00
2010.03.22 04:19:26.850,0.85245,0.8527,8.00,8.00
2010.03.22 04:19:27.032,0.85245,0.8527,8.00,8.80
2010.03.22 04:19:27.211,0.85245,0.85265,4.00,4.00
2010.03.22 04:19:41.302,0.85245,0.85265,5.60,4.00
2010.03.22 04:19:41.526,0.85245,0.8527,12.20,8.00
2010.03.22 04:19:57.281,0.85245,0.8527,10.60,8.00
2010.03.22 04:20:12.151,0.8525,0.85275,8.00,10.50
2010.03.22 04:20:12.363,0.8525,0.85275,10.60,10.50
2010.03.22 04:20:19.972,0.8525,0.85275,8.00,11.30
2010.03.22 04:20:20.316,0.8525,0.85275,4.00,11.30
2010.03.22 04:20:20.659,0.8525,0.85275,4.00,12.10
2010.03.22 04:20:32.996,0.8525,0.85275,4.00,11.70
2010.03.22 04:20:41.768,0.8525,0.8527,4.00,1.00
2010.03.22 04:20:41.975,0.85245,0.8527,8.00,8.80
2010.03.22 04:21:12.448,0.85245,0.85265,8.00,2.50
2010.03.22 04:21:12.704,0.85245,0.85265,8.00,4.10
2010.03.22 04:21:12.983,0.8524,0.8526,4.00,4.00
2010.03.22 04:21:13.118,0.8524,0.85265,4.00,10.90
2010.03.22 04:21:13.251,0.8524,0.85265,4.00,10.90
2010.03.22 04:21:13.598,0.8524,0.85265,4.00,12.50
2010.03.22 04:21:14.055,0.8524,0.8526,4.00,4.00
2010.03.22 04:21:28.145,0.8524,0.85265,4.00,11.30
2010.03.22 04:21:28.349,0.8524,0.85265,4.00,11.70
2010.03.22 04:21:29.690,0.8524,0.8526,4.00,4.00
2010.03.22 04:21:37.753,0.8524,0.8526,4.00,8.00
2010.03.22 04:21:37.956,0.85235,0.8526,11.40,8.00
2010.03.22 04:21:38.438,0.8524,0.8526,4.00,8.00
2010.03.22 04:21:38.856,0.8524,0.8526,4.00,4.00
2010.03.22 04:22:38.462,0.85235,0.85265,7.30,6.90
2010.03.22 04:22:39.330,0.85235,0.85265,3.30,2.90
2010.03.22 04:22:45.428,0.85235,0.85265,3.30,2.50
2010.03.22 04:22:46.620,0.8524,0.85265,1.00,2.50
2010.03.22 04:22:46.885,0.8525,0.8527,4.00,2.50
2010.03.22 04:22:47.103,0.8525,0.85265,2.50,4.00
2010.03.22 04:22:47.321,0.8525,0.8527,2.50,8.00
2010.03.22 04:22:47.541,0.8525,0.8527,6.50,4.00
2010.03.22 04:22:47.870,0.8525,0.8527,10.50,4.00
2010.03.22 04:22:47.980,0.8525,0.85275,10.50,12.10
2010.03.22 04:22:49.148,0.8525,0.85275,10.50,8.10
2010.03.22 04:22:49.280,0.85255,0.85275,4.00,8.10
2010.03.22 04:22:53.949,0.8526,0.85275,1.00,8.10
2010.03.22 04:22:54.101,0.85265,0.85275,4.00,4.00
2010.03.22 04:22:54.253,0.8526,0.8528,2.50,8.00
2010.03.22 04:22:54.560,0.85255,0.8528,8.00,10.50
2010.03.22 04:22:55.198,0.85255,0.85285,8.00,23.30
2010.03.22 04:23:24.308,0.85255,0.8528,10.50,8.40
2010.03.22 04:23:24.423,0.85255,0.8528,11.30,8.40
2010.03.22 04:23:24.608,0.8526,0.8528,4.00,1.00
2010.03.22 04:23:24.691,0.8526,0.8528,4.00,4.40
2010.03.22 04:23:34.335,0.8526,0.8528,6.50,4.40
2010.03.22 04:23:34.400,0.8526,0.8528,7.30,4.40
2010.03.22 04:23:34.582,0.8526,0.8528,7.30,4.00
2010.03.22 04:23:34.680,0.85265,0.85285,4.00,5.60
2010.03.22 04:23:34.958,0.85265,0.85285,4.00,4.00
2010.03.22 04:23:35.148,0.85265,0.85285,8.00,4.00
2010.03.22 04:23:35.248,0.85265,0.8529,8.00,10.90
2010.03.22 04:23:38.834,0.85265,0.8529,8.00,10.50
2010.03.22 04:23:39.049,0.85265,0.8529,11.30,8.00
2010.03.22 04:23:39.271,0.85275,0.85295,1.00,8.00
2010.03.22 04:23:39.490,0.85275,0.853,11.30,8.40
2010.03.22 04:23:39.709,0.85275,0.853,10.50,8.40
2010.03.22 04:23:40.019,0.85275,0.853,8.00,10.90
2010.03.22 04:23:42.567,0.85275,0.853,8.00,11.70
2010.03.22 04:23:45.023,0.85275,0.853,8.00,11.70
2010.03.22 04:23:45.059,0.85275,0.853,9.60,11.30
2010.03.22 04:23:45.147,0.85275,0.853,12.20,11.30
2010.03.22 04:23:45.184,0.85275,0.853,12.20,10.50
2010.03.22 04:23:45.826,0.8528,0.853,8.00,2.50
2010.03.22 04:23:47.046,0.8528,0.85305,10.50,10.00
2010.03.22 04:23:47.269,0.8528,0.85305,10.50,9.60
2010.03.22 04:23:47.535,0.8528,0.85305,10.50,10.00
2010.03.22 04:23:53.594,0.8528,0.85305,8.00,10.00
2010.03.22 04:23:53.725,0.8528,0.85305,10.50,10.80
2010.03.22 04:23:53.854,0.8528,0.85305,4.00,10.80
2010.03.22 04:23:57.181,0.8528,0.853,4.00,4.00
2010.03.22 04:23:57.394,0.85275,0.853,8.00,8.00
2010.03.22 04:24:00.446,0.8528,0.853,4.00,8.00
2010.03.22 04:24:00.725,0.8528,0.853,4.00,4.00
2010.03.22 04:24:22.228,0.8528,0.853,4.00,7.70
2010.03.22 04:24:22.518,0.85275,0.853,8.00,11.70
2010.03.22 04:24:22.953,0.85275,0.85295,4.00,4.00
2010.03.22 04:24:23.221,0.8527,0.85295,11.40,8.00
2010.03.22 04:24:34.742,0.8527,0.85295,11.40,4.00
2010.03.22 04:24:34.813,0.85275,0.85295,4.00,4.00
2010.03.22 04:24:51.401,0.85275,0.85295,4.00,6.00
2010.03.22 04:24:51.683,0.85265,0.8529,8.00,11.70
2010.03.22 04:24:51.952,0.8526,0.85285,8.00,10.90
2010.03.22 04:24:52.221,0.8526,0.85285,4.00,12.50
2010.03.22 04:24:52.491,0.8526,0.8528,4.00,4.00
2010.03.22 04:24:57.962,0.85255,0.8528,11.30,8.00
2010.03.22 04:25:03.346,0.85255,0.8528,11.30,8.40
2010.03.22 04:25:05.942,0.85255,0.8528,11.30,8.00
2010.03.22 04:25:06.626,0.8526,0.8528,4.00,4.00
2010.03.22 04:25:07.826,0.8526,0.85285,4.00,12.10
2010.03.22 04:25:08.386,0.8526,0.85285,7.50,9.60
2010.03.22 04:25:08.506,0.8526,0.85285,7.40,8.00
2010.03.22 04:25:08.626,0.85265,0.8529,8.00,10.50
2010.03.22 04:25:08.996,0.85265,0.8529,8.80,10.50
2010.03.22 04:25:09.358,0.8527,0.8529,4.00,4.00
2010.03.22 04:25:16.173,0.85265,0.8529,11.30,8.00
2010.03.22 04:25:33.442,0.85265,0.8529,10.50,8.00
2010.03.22 04:25:33.560,0.85265,0.8529,8.00,10.50
2010.03.22 04:25:33.681,0.85265,0.85285,4.00,4.00
2010.03.22 04:26:00.179,0.85265,0.85285,4.10,4.00
2010.03.22 04:26:00.757,0.85265,0.8529,10.60,8.00
2010.03.22 04:26:01.096,0.8527,0.85295,4.00,12.90
2010.03.22 04:26:01.433,0.85265,0.8529,13.00,8.00
2010.03.22 04:26:02.657,0.8527,0.8529,4.00,6.50
2010.03.22 04:26:02.812,0.85265,0.8529,12.90,6.50
2010.03.22 04:26:03.108,0.8527,0.8529,8.00,2.50
2010.03.22 04:26:03.255,0.85265,0.8529,12.90,10.50
2010.03.22 04:26:12.504,0.85265,0.8529,8.00,10.50
2010.03.22 04:26:12.661,0.85265,0.85285,4.00,4.00
2010.03.22 04:26:13.011,0.8526,0.85285,8.00,10.50
2010.03.22 04:26:14.495,0.85265,0.85285,1.00,8.00
2010.03.22 04:26:14.628,0.85265,0.85285,1.00,8.00
2010.03.22 04:26:14.831,0.85265,0.85285,4.80,4.00
2010.03.22 04:26:14.873,0.8527,0.8529,4.00,4.00
2010.03.22 04:26:15.142,0.8527,0.8529,4.00,8.00
2010.03.22 04:26:15.179,0.85265,0.8529,13.00,8.00
2010.03.22 04:26:19.309,0.85265,0.8529,12.90,8.00
2010.03.22 04:26:19.523,0.8527,0.8529,4.00,4.00
2010.03.22 04:26:19.600,0.85265,0.8529,13.00,4.00
2010.03.22 04:26:19.943,0.85265,0.8529,12.90,8.00
2010.03.22 04:26:20.281,0.8527,0.8529,4.00,4.00
2010.03.22 04:26:20.958,0.85265,0.8529,12.90,8.00
2010.03.22 04:26:23.030,0.85265,0.8529,12.90,4.00
2010.03.22 04:26:23.199,0.8527,0.8529,4.00,4.00
2010.03.22 04:26:37.434,0.85265,0.8529,12.90,8.00
2010.03.22 04:26:49.084,0.85265,0.8529,13.00,8.00
2010.03.22 04:26:52.062,0.85265,0.8529,8.00,11.30
2010.03.22 04:26:52.343,0.85265,0.85285,4.00,4.00
2010.03.22 04:26:55.913,0.8526,0.85285,11.30,4.00
2010.03.22 04:26:56.371,0.8526,0.85285,11.30,8.00
2010.03.22 04:27:26.206,0.8526,0.85285,7.30,8.00
2010.03.22 04:27:26.343,0.8526,0.85285,11.30,8.00
2010.03.22 04:27:31.381,0.8526,0.85285,11.40,8.00
2010.03.22 04:27:31.671,0.85265,0.85285,6.50,4.00
2010.03.22 04:27:37.750,0.85265,0.85285,2.50,8.00
2010.03.22 04:27:39.520,0.8526,0.85285,11.40,8.00
2010.03.22 04:27:39.562,0.8526,0.85285,11.30,8.00
2010.03.22 04:27:43.248,0.8526,0.85285,7.30,8.00
2010.03.22 04:27:47.137,0.8526,0.85285,11.30,8.00
2010.03.22 04:27:53.236,0.8526,0.85285,7.30,8.00
2010.03.22 04:27:58.894,0.8526,0.85285,6.50,8.00
2010.03.22 04:27:59.165,0.8526,0.85285,4.00,10.50
2010.03.22 04:28:02.743,0.85255,0.8528,16.90,4.00
2010.03.22 04:28:02.953,0.85255,0.8528,12.90,8.00
2010.03.22 04:28:21.943,0.85255,0.8528,11.30,8.00
2010.03.22 04:28:27.416,0.8526,0.8528,1.00,8.00
2010.03.22 04:28:27.588,0.8526,0.8528,3.40,8.00
2010.03.22 04:28:27.769,0.8526,0.85285,11.40,8.00
2010.03.22 04:28:34.077,0.85265,0.85285,1.00,8.00
2010.03.22 04:28:34.216,0.8527,0.85285,1.00,8.00
2010.03.22 04:28:34.275,0.8527,0.85285,2.60,8.00
2010.03.22 04:28:34.336,0.8527,0.85285,2.50,8.00
2010.03.22 04:28:34.397,0.8526,0.85285,11.40,8.00
2010.03.22 04:28:39.214,0.8527,0.85285,1.60,8.00
2010.03.22 04:28:39.327,0.8526,0.85285,11.40,8.00
2010.03.22 04:29:14.848,0.8526,0.85285,10.50,8.00
2010.03.22 04:29:15.008,0.8526,0.85285,10.50,8.10
2010.03.22 04:29:15.173,0.8526,0.85285,10.50,8.80
2010.03.22 04:29:15.332,0.85255,0.8528,8.00,8.00
2010.03.22 04:29:15.571,0.8525,0.85275,8.00,8.00
2010.03.22 04:29:16.499,0.85255,0.85275,4.00,8.00
2010.03.22 04:29:16.836,0.85255,0.85275,4.00,4.00
2010.03.22 04:29:20.645,0.8525,0.8527,6.50,4.00
2010.03.22 04:29:20.725,0.8525,0.8527,2.50,8.00
2010.03.22 04:29:21.106,0.8525,0.85265,2.50,4.00
2010.03.22 04:29:21.785,0.8525,0.8527,2.50,8.00
2010.03.22 04:29:23.074,0.8525,0.8527,6.50,4.00
2010.03.22 04:29:23.274,0.8525,0.8527,2.50,8.00
2010.03.22 04:29:28.973,0.8525,0.8527,6.50,4.00
2010.03.22 04:29:29.225,0.8525,0.8527,2.50,8.00
2010.03.22 04:29:36.622,0.8525,0.8527,2.60,8.00
2010.03.22 04:29:36.999,0.85255,0.8528,11.30,8.00
2010.03.22 04:29:37.921,0.85255,0.8528,12.90,8.00
2010.03.22 04:29:41.076,0.85255,0.8528,11.30,8.00
2010.03.22 04:29:41.133,0.85255,0.8527,7.30,4.00
2010.03.22 04:29:41.169,0.85255,0.8527,3.30,8.00
2010.03.22 04:29:41.510,0.85255,0.85275,3.30,8.00
2010.03.22 04:29:46.229,0.85255,0.85275,7.30,8.00
2010.03.22 04:29:46.580,0.85255,0.85275,7.30,4.00
2010.03.22 04:29:53.807,0.85255,0.8528,11.30,8.00
2010.03.22 04:29:55.348,0.85255,0.8528,12.90,8.00
2010.03.22 04:30:02.754,0.8526,0.8528,4.00,4.00
2010.03.22 04:30:09.434,0.8526,0.8528,7.30,4.00
2010.03.22 04:30:09.575,0.8526,0.8528,11.30,4.00
2010.03.22 04:30:09.713,0.85265,0.85285,4.00,4.00
2010.03.22 04:30:09.853,0.8526,0.85285,11.30,8.00
2010.03.22 04:30:12.114,0.8526,0.8528,3.30,4.00
2010.03.22 04:30:12.324,0.85265,0.8528,6.60,4.00
2010.03.22 04:30:12.534,0.85265,0.85285,6.60,4.00
2010.03.22 04:30:12.746,0.8527,0.8529,3.30,8.00
2010.03.22 04:30:12.953,0.8527,0.8529,3.30,4.00
2010.03.22 04:30:13.168,0.85275,0.8529,4.20,4.00
2010.03.22 04:30:13.405,0.85275,0.85295,4.20,4.00
2010.03.22 04:30:13.645,0.85275,0.85295,4.90,4.00
2010.03.22 04:30:13.887,0.85275,0.853,14.60,6.50
2010.03.22 04:30:14.125,0.8528,0.853,2.50,8.00
2010.03.22 04:30:17.480,0.85275,0.853,10.60,8.00
2010.03.22 04:30:17.696,0.85275,0.853,8.90,8.00
2010.03.22 04:30:18.127,0.8527,0.853,8.40,11.30
2010.03.22 04:30:18.342,0.85265,0.8529,5.00,8.00
2010.03.22 04:30:18.554,0.85265,0.8529,4.90,8.00
2010.03.22 04:30:22.400,0.8527,0.85295,4.00,8.00
2010.03.22 04:30:29.578,0.8527,0.8529,4.00,4.00
2010.03.22 04:30:29.787,0.8527,0.85295,4.00,8.00
2010.03.22 04:30:55.480,0.8527,0.8529,4.00,4.00
2010.03.22 04:31:01.293,0.8527,0.8529,4.00,8.00
2010.03.22 04:31:01.651,0.8527,0.8529,4.00,4.00
2010.03.22 04:31:08.701,0.8527,0.8529,6.50,4.00
2010.03.22 04:31:09.102,0.85275,0.85295,3.30,8.00
2010.03.22 04:31:09.239,0.85275,0.853,11.30,8.00
2010.03.22 04:31:09.373,0.85275,0.85305,8.00,26.10
2010.03.22 04:31:09.504,0.85275,0.85295,4.00,4.00
2010.03.22 04:31:09.640,0.85275,0.85295,7.30,4.00
2010.03.22 04:31:09.983,0.8528,0.85305,6.50,8.00
2010.03.22 04:31:10.319,0.85285,0.85305,4.00,4.00
2010.03.22 04:31:10.659,0.8528,0.85305,10.50,8.00
2010.03.22 04:31:11.630,0.8528,0.85305,8.00,8.80
2010.03.22 04:31:11.841,0.8528,0.853,4.00,6.50
2010.03.22 04:31:12.181,0.85275,0.853,8.00,11.30
2010.03.22 04:31:12.519,0.85275,0.853,4.00,11.30
2010.03.22 04:31:12.859,0.85275,0.85295,4.00,4.00
2010.03.22 04:31:22.520,0.85265,0.8529,12.10,10.50
2010.03.22 04:31:22.956,0.8527,0.8529,4.00,6.50
2010.03.22 04:31:23.311,0.85265,0.8529,12.90,10.50
2010.03.22 04:31:23.399,0.8527,0.8529,3.30,8.00
2010.03.22 04:31:23.617,0.8527,0.85295,11.40,8.00
2010.03.22 04:31:30.513,0.8527,0.85295,10.60,8.00
2010.03.22 04:31:30.573,0.8527,0.85295,10.50,8.00
2010.03.22 04:31:30.633,0.8527,0.85295,8.00,8.00
2010.03.22 04:31:30.745,0.8527,0.85295,4.00,11.30
2010.03.22 04:31:31.046,0.85265,0.8529,9.60,8.00
2010.03.22 04:31:31.344,0.8527,0.8529,4.00,4.00
2010.03.22 04:31:31.943,0.85265,0.8529,8.00,8.00
2010.03.22 04:31:32.243,0.85265,0.85285,4.00,4.00
2010.03.22 04:31:39.544,0.85265,0.8529,4.00,8.00
2010.03.22 04:31:39.801,0.85265,0.8529,8.00,8.00
2010.03.22 04:31:47.971,0.85265,0.8529,8.00,10.50
2010.03.22 04:31:48.173,0.85265,0.8529,8.00,11.30
2010.03.22 04:31:48.591,0.8526,0.85285,8.00,8.00
2010.03.22 04:31:50.060,0.8526,0.85285,4.00,8.00
2010.03.22 04:31:52.621,0.85265,0.85285,4.00,4.00
2010.03.22 04:31:52.930,0.85265,0.8529,8.00,8.00
2010.03.22 04:31:53.690,0.85265,0.8529,8.00,10.50
2010.03.22 04:31:53.899,0.85265,0.8529,9.60,10.50
2010.03.22 04:31:54.253,0.85265,0.85285,4.00,7.30
2010.03.22 04:31:54.472,0.8526,0.8528,4.00,4.00
2010.03.22 04:31:54.679,0.8526,0.85285,4.00,11.30
2010.03.22 04:31:54.888,0.8526,0.8528,4.00,4.00
2010.03.22 04:31:56.292,0.8526,0.8528,8.00,4.00
2010.03.22 04:31:56.582,0.85265,0.85285,1.60,8.00
2010.03.22 04:31:56.870,0.85265,0.8529,9.60,10.50
2010.03.22 04:31:57.150,0.85265,0.8529,9.60,8.00
2010.03.22 04:31:57.840,0.85265,0.8529,8.00,8.00
2010.03.22 04:31:58.217,0.85265,0.8529,8.00,11.40
2010.03.22 04:31:58.540,0.8526,0.85285,8.00,8.00
2010.03.22 04:31:59.062,0.85265,0.8529,8.00,11.30
2010.03.22 04:31:59.320,0.85265,0.85285,5.60,4.00
2010.03.22 04:31:59.578,0.85265,0.85285,4.00,4.00
2010.03.22 04:32:00.642,0.85265,0.8529,8.00,8.80
2010.03.22 04:32:00.872,0.85265,0.8529,8.00,11.40
2010.03.22 04:32:01.098,0.8526,0.85285,8.00,8.00
2010.03.22 04:32:02.310,0.85265,0.8529,9.60,8.80
2010.03.22 04:32:02.648,0.8527,0.8529,1.00,8.00
2010.03.22 04:32:02.990,0.8527,0.85295,11.30,8.00
2010.03.22 04:32:03.415,0.8527,0.85295,11.40,8.00
2010.03.22 04:32:04.018,0.8527,0.85295,8.80,8.00
2010.03.22 04:32:04.308,0.8527,0.85295,8.00,8.00
2010.03.22 04:32:04.716,0.8527,0.85295,4.00,8.00
2010.03.22 04:32:09.194,0.8527,0.85295,8.00,8.00
2010.03.22 04:32:09.604,0.8527,0.85295,4.00,8.00
2010.03.22 04:32:11.720,0.8527,0.85295,4.00,13.00
2010.03.22 04:32:12.055,0.85265,0.8529,13.60,4.80
2010.03.22 04:32:12.397,0.85265,0.8529,8.00,11.30
2010.03.22 04:32:15.054,0.85265,0.85285,4.00,4.00
2010.03.22 04:32:15.305,0.8526,0.85285,8.00,8.00
2010.03.22 04:32:25.095,0.8526,0.85285,10.60,8.00
2010.03.22 04:32:26.899,0.8526,0.8528,8.00,4.80
2010.03.22 04:32:27.226,0.8526,0.85275,4.00,6.50
2010.03.22 04:32:27.634,0.8525,0.85275,8.00,10.50
2010.03.22 04:32:27.975,0.8525,0.8527,4.00,2.50
2010.03.22 04:32:28.326,0.85245,0.85265,2.50,8.00
2010.03.22 04:32:28.671,0.8524,0.85265,10.50,8.00
2010.03.22 04:32:29.679,0.8524,0.85265,10.60,8.00
2010.03.22 04:32:30.224,0.85245,0.85265,5.00,8.00
2010.03.22 04:32:30.466,0.8525,0.85275,4.00,10.50
2010.03.22 04:32:33.364,0.8525,0.8527,4.00,4.00
2010.03.22 04:32:34.878,0.8525,0.85275,4.00,10.50
2010.03.22 04:32:37.648,0.8525,0.85275,4.10,10.50
2010.03.22 04:32:37.877,0.8525,0.85275,6.60,10.50
2010.03.22 04:32:38.170,0.8525,0.85275,8.00,10.50
2010.03.22 04:32:40.178,0.8525,0.85275,8.00,10.50
2010.03.22 04:32:40.894,0.85255,0.85275,4.00,6.50
2010.03.22 04:32:51.976,0.85255,0.85275,4.00,4.00
2010.03.22 04:32:52.468,0.8526,0.8528,4.00,4.00
2010.03.22 04:32:52.784,0.85255,0.8528,12.20,8.00
2010.03.22 04:32:57.072,0.85255,0.8528,13.00,8.00
2010.03.22 04:33:00.725,0.8526,0.8528,4.00,4.00
2010.03.22 04:33:01.104,0.8526,0.85285,8.00,8.00
2010.03.22 04:33:02.515,0.8526,0.85285,8.00,11.30
2010.03.22 04:33:02.733,0.8526,0.85285,4.00,11.40
2010.03.22 04:33:02.954,0.8526,0.8528,4.00,4.00
2010.03.22 04:33:03.172,0.85255,0.8528,8.00,8.00
2010.03.22 04:33:05.424,0.85255,0.85275,8.00,6.50
2010.03.22 04:33:05.503,0.85255,0.85275,4.00,6.50
2010.03.22 04:33:05.586,0.85255,0.85275,4.00,4.00
2010.03.22 04:33:05.663,0.85255,0.85275,4.00,6.50
2010.03.22 04:33:05.743,0.8525,0.85275,4.00,10.50
2010.03.22 04:33:08.708,0.8525,0.85275,6.50,10.50
2010.03.22 04:33:08.962,0.8525,0.85275,4.80,8.00
2010.03.22 04:33:09.360,0.8525,0.85275,8.80,8.00
2010.03.22 04:33:12.163,0.85255,0.85275,4.00,8.00
2010.03.22 04:33:12.398,0.85255,0.85275,4.00,4.00
2010.03.22 04:33:16.179,0.85255,0.8528,8.00,8.00
2010.03.22 04:33:21.089,0.85255,0.8528,8.00,8.00
2010.03.22 04:33:21.642,0.85255,0.8528,9.60,8.00
2010.03.22 04:33:29.855,0.85255,0.8528,9.60,10.50
2010.03.22 04:33:29.918,0.85255,0.8528,9.60,10.60
2010.03.22 04:33:29.976,0.85255,0.8528,8.00,10.60
2010.03.22 04:33:30.128,0.85255,0.8528,8.00,8.00
2010.03.22 04:33:30.191,0.85255,0.85275,4.00,4.00
2010.03.22 04:33:30.247,0.8525,0.85275,19.40,4.00
2010.03.22 04:33:30.305,0.85255,0.8528,8.00,8.00
2010.03.22 04:33:34.263,0.85255,0.85275,4.00,4.00
2010.03.22 04:34:03.238,0.85255,0.8528,8.00,8.00
2010.03.22 04:34:18.948,0.85255,0.8528,8.00,8.00
2010.03.22 04:34:19.077,0.85255,0.8528,11.40,8.00
2010.03.22 04:34:19.204,0.85255,0.8528,13.00,8.00
2010.03.22 04:34:20.524,0.85255,0.8528,8.00,8.00
2010.03.22 04:34:23.564,0.85255,0.8528,9.60,8.00
2010.03.22 04:34:25.102,0.85255,0.8528,8.00,8.00
2010.03.22 04:34:25.353,0.85255,0.8528,8.00,8.00
2010.03.22 04:34:25.687,0.85255,0.8528,4.00,8.00
2010.03.22 04:34:25.771,0.85255,0.85275,4.00,4.00
2010.03.22 04:34:44.817,0.85255,0.85275,4.10,4.00
2010.03.22 04:34:44.855,0.85255,0.85275,5.70,4.00
2010.03.22 04:34:44.972,0.85255,0.85275,5.60,4.00
2010.03.22 04:34:45.118,0.85255,0.85275,9.60,4.00
2010.03.22 04:34:45.188,0.85255,0.8528,9.60,8.00
2010.03.22 04:35:02.094,0.8526,0.8528,1.00,8.00
2010.03.22 04:35:02.435,0.8526,0.85285,8.00,8.00
2010.03.22 04:35:06.364,0.8526,0.85285,10.60,8.00
2010.03.22 04:35:06.922,0.8526,0.85285,8.00,8.00
2010.03.22 04:35:19.544,0.8526,0.85285,10.60,8.00
2010.03.22 04:35:23.331,0.8526,0.85285,8.00,8.00
2010.03.22 04:35:27.097,0.8526,0.85285,10.60,8.00
2010.03.22 04:35:28.207,0.8526,0.85285,10.50,8.00
2010.03.22 04:35:28.479,0.8526,0.85285,8.00,11.30
2010.03.22 04:35:29.039,0.8526,0.8528,4.00,4.00
2010.03.22 04:35:29.326,0.85255,0.8528,8.00,8.00
2010.03.22 04:35:51.141,0.85255,0.8528,9.60,8.00
2010.03.22 04:36:01.239,0.85255,0.8528,8.00,8.00
2010.03.22 04:36:01.849,0.85255,0.8528,8.80,8.00
2010.03.22 04:36:02.170,0.8526,0.8528,4.00,8.00
2010.03.22 04:36:02.489,0.8526,0.8528,4.00,4.00
2010.03.22 04:36:02.809,0.85255,0.8528,10.40,8.00
2010.03.22 04:36:03.839,0.85255,0.8528,8.00,8.00
2010.03.22 04:36:04.010,0.85255,0.8528,8.00,10.50
2010.03.22 04:36:04.184,0.85255,0.8528,8.00,11.30
2010.03.22 04:36:07.077,0.85255,0.8528,8.00,7.30
2010.03.22 04:36:07.226,0.8526,0.8528,4.00,7.30
2010.03.22 04:36:13.258,0.8526,0.8528,4.00,6.50
2010.03.22 04:36:13.723,0.8526,0.8528,3.30,8.00
2010.03.22 04:36:13.887,0.85265,0.85285,8.00,1.60
2010.03.22 04:36:14.056,0.85265,0.85285,4.00,5.60
2010.03.22 04:36:14.399,0.85265,0.85285,4.00,4.00
2010.03.22 04:36:14.737,0.8526,0.85285,8.00,4.00
2010.03.22 04:36:15.075,0.8526,0.85285,8.00,8.00
2010.03.22 04:36:20.626,0.8526,0.85285,10.50,8.00
2010.03.22 04:36:20.827,0.85265,0.85285,4.00,8.00
2010.03.22 04:36:21.214,0.85265,0.85285,4.00,4.00
2010.03.22 04:36:21.604,0.8527,0.85295,8.00,12.90
2010.03.22 04:36:23.360,0.85265,0.8529,8.00,8.00
2010.03.22 04:36:35.073,0.8527,0.8529,4.00,4.00
2010.03.22 04:36:35.124,0.8527,0.8529,4.00,1.00
2010.03.22 04:36:35.152,0.8527,0.8529,4.00,3.30
2010.03.22 04:36:35.230,0.85265,0.85285,12.00,4.00
2010.03.22 04:36:35.282,0.85265,0.85285,4.00,4.00
2010.03.22 04:36:35.593,0.85265,0.85285,4.00,8.00
2010.03.22 04:36:35.620,0.8526,0.85285,8.00,8.00
2010.03.22 04:37:03.425,0.8526,0.85285,11.30,8.00
2010.03.22 04:37:03.546,0.85265,0.85285,4.00,4.00
2010.03.22 04:37:03.664,0.85265,0.8529,8.00,10.50
2010.03.22 04:37:03.787,0.85265,0.85285,1.00,8.00
2010.03.22 04:37:03.905,0.8527,0.8529,4.00,4.00
2010.03.22 04:37:04.407,0.8527,0.85295,8.00,10.50
2010.03.22 04:37:04.747,0.8527,0.8529,4.00,4.00
2010.03.22 04:37:05.273,0.85265,0.8529,8.00,8.00
2010.03.22 04:37:10.532,0.85265,0.8529,9.60,8.00
2010.03.22 04:37:11.962,0.85265,0.8529,8.00,8.00
2010.03.22 04:37:12.411,0.85265,0.8529,9.60,8.00
2010.03.22 04:37:34.591,0.85265,0.8529,10.40,8.00
2010.03.22 04:37:34.630,0.85265,0.8529,10.40,8.00
2010.03.22 04:37:34.649,0.85265,0.8529,13.00,8.00
2010.03.22 04:37:34.796,0.8527,0.8529,4.00,4.00
2010.03.22 04:37:34.840,0.8527,0.85295,8.00,8.00
2010.03.22 04:37:35.207,0.8527,0.8529,4.00,4.00
2010.03.22 04:38:28.623,0.8527,0.85295,4.00,8.00
2010.03.22 04:38:31.441,0.8527,0.85295,4.00,10.50
2010.03.22 04:38:31.871,0.85265,0.8529,9.60,8.00
2010.03.22 04:38:34.070,0.85265,0.8529,8.00,8.00
2010.03.22 04:38:34.994,0.85265,0.8529,8.80,8.00
2010.03.22 04:38:35.202,0.8527,0.8529,4.00,4.00
2010.03.22 04:38:35.261,0.8527,0.85295,4.00,8.00
2010.03.22 04:38:35.321,0.85265,0.85295,19.30,8.00
2010.03.22 04:38:35.641,0.8527,0.85295,4.00,8.00
2010.03.22 04:38:48.928,0.8527,0.8529,4.00,4.00
2010.03.22 04:39:01.343,0.8527,0.85295,4.00,8.00
2010.03.22 04:39:07.013,0.8527,0.85295,8.00,8.00
2010.03.22 04:39:23.744,0.85275,0.85295,6.50,8.00
2010.03.22 04:39:23.993,0.85275,0.85295,2.50,8.00
2010.03.22 04:39:24.240,0.8528,0.853,4.00,2.50
2010.03.22 04:39:24.490,0.8528,0.853,4.00,6.50
2010.03.22 04:39:34.042,0.8528,0.853,4.00,10.50
2010.03.22 04:39:34.276,0.85275,0.853,10.50,10.50
2010.03.22 04:39:45.525,0.85275,0.853,10.60,10.50
2010.03.22 04:39:47.698,0.85275,0.853,10.50,10.50
2010.03.22 04:40:02.271,0.85275,0.853,10.50,6.50
2010.03.22 04:40:02.610,0.8528,0.853,4.00,6.50
2010.03.22 04:40:18.326,0.85275,0.853,10.50,10.50
2010.03.22 04:41:59.604,0.8528,0.853,2.50,8.00
2010.03.22 04:41:59.751,0.8528,0.853,6.50,4.00
2010.03.22 04:41:59.832,0.8528,0.85305,6.50,12.10
2010.03.22 04:42:16.555,0.8528,0.85305,10.50,12.10
2010.03.22 04:42:34.106,0.8528,0.85305,10.50,10.50
2010.03.22 04:42:54.881,0.8528,0.85305,11.40,8.00
2010.03.22 04:42:55.051,0.85285,0.8531,9.60,10.50
2010.03.22 04:43:02.298,0.8529,0.8531,2.50,8.00
2010.03.22 04:43:02.491,0.85295,0.8531,2.50,8.00
2010.03.22 04:43:02.874,0.8529,0.85315,8.00,8.00
2010.03.22 04:43:03.221,0.85295,0.85315,4.00,4.00
2010.03.22 04:43:03.558,0.85295,0.8532,8.00,11.40
2010.03.22 04:43:03.818,0.85295,0.85315,4.00,4.00
2010.03.22 04:43:04.078,0.85295,0.8532,8.00,10.60
2010.03.22 04:43:04.338,0.85295,0.85315,4.00,4.00
2010.03.22 04:43:04.598,0.85295,0.85315,8.00,4.00
2010.03.22 04:43:04.857,0.85295,0.8532,8.00,11.40
2010.03.22 04:43:05.028,0.85295,0.85315,8.00,4.00
2010.03.22 04:43:05.197,0.85295,0.85315,4.00,4.00
2010.03.22 04:43:05.368,0.85295,0.85315,8.00,4.00
2010.03.22 04:43:05.537,0.85295,0.85315,4.00,4.00
2010.03.22 04:43:05.707,0.85295,0.8532,8.00,8.00
2010.03.22 04:43:05.947,0.85295,0.85315,8.00,4.00
2010.03.22 04:43:06.100,0.85295,0.8532,8.00,10.50
2010.03.22 04:43:06.248,0.85295,0.85315,4.00,4.00
2010.03.22 04:43:06.397,0.85295,0.85315,8.00,4.00
2010.03.22 04:43:06.548,0.85295,0.8532,8.00,8.00
2010.03.22 04:43:07.006,0.853,0.85325,4.00,12.90
2010.03.22 04:43:20.520,0.85295,0.8532,12.00,4.00
2010.03.22 04:43:20.603,0.85295,0.8532,8.00,8.00
2010.03.22 04:43:35.961,0.85295,0.85315,8.00,1.00
2010.03.22 04:43:36.052,0.85295,0.8532,8.00,17.70
2010.03.22 04:43:36.140,0.8529,0.8531,4.00,4.00
2010.03.22 04:43:36.629,0.8529,0.85315,8.00,12.90
2010.03.22 04:43:36.832,0.8529,0.8531,4.00,4.00
2010.03.22 04:43:38.330,0.8529,0.85315,4.00,12.90
2010.03.22 04:43:38.608,0.8529,0.85315,4.00,9.60
2010.03.22 04:43:38.763,0.85295,0.85315,8.00,1.60
2010.03.22 04:43:39.048,0.85295,0.85315,4.00,5.60
2010.03.22 04:43:39.669,0.85295,0.85315,4.00,8.90
2010.03.22 04:43:39.969,0.8529,0.85315,8.00,12.90
2010.03.22 04:43:40.329,0.8529,0.85315,4.00,12.90
2010.03.22 04:43:57.967,0.8529,0.85315,4.00,12.10
2010.03.22 04:43:58.283,0.8529,0.85315,4.00,9.60
2010.03.22 04:43:58.604,0.85295,0.85315,8.00,1.60
2010.03.22 04:43:58.923,0.8529,0.85315,12.00,5.60
2010.03.22 04:43:59.243,0.85295,0.85315,8.00,1.60
2010.03.22 04:44:06.023,0.85295,0.8532,8.00,10.50
2010.03.22 04:44:06.122,0.85295,0.8532,8.00,6.50
2010.03.22 04:44:06.152,0.853,0.8532,4.00,6.50
2010.03.22 04:44:06.672,0.85295,0.8532,8.00,10.50
2010.03.22 04:44:08.752,0.85295,0.85315,8.00,2.50
2010.03.22 04:44:08.903,0.85295,0.8532,10.60,8.00
2010.03.22 04:44:09.116,0.85295,0.8532,11.40,8.00
2010.03.22 04:44:09.263,0.853,0.85325,8.00,12.10
2010.03.22 04:44:09.411,0.853,0.85325,8.00,12.90
2010.03.22 04:44:09.703,0.853,0.8532,4.00,6.50
2010.03.22 04:44:10.271,0.85295,0.8532,8.00,10.50
2010.03.22 04:44:13.720,0.85295,0.8532,11.30,8.00
2010.03.22 04:44:13.873,0.853,0.8532,4.00,4.00
2010.03.22 04:44:14.021,0.853,0.85325,8.00,12.90
2010.03.22 04:44:14.620,0.853,0.85325,4.00,12.90
2010.03.22 04:44:14.797,0.853,0.85325,8.00,12.90
2010.03.22 04:44:16.042,0.853,0.85325,11.50,9.60
2010.03.22 04:44:16.270,0.85305,0.8533,8.00,10.50
2010.03.22 04:44:16.959,0.85305,0.8533,8.00,11.30
2010.03.22 04:44:29.475,0.85305,0.8533,8.00,10.50
2010.03.22 04:45:18.014,0.85305,0.85325,4.00,4.00
2010.03.22 04:45:18.153,0.853,0.85325,12.90,8.00
2010.03.22 04:45:22.284,0.853,0.85325,11.30,8.00
2010.03.22 04:45:22.474,0.853,0.85325,12.90,8.00
2010.03.22 04:45:27.933,0.853,0.85325,11.30,8.00
2010.03.22 04:45:34.530,0.85305,0.85325,4.00,4.00
2010.03.22 04:45:34.731,0.85305,0.8533,11.40,10.50
2010.03.22 04:45:34.932,0.8531,0.8533,4.00,6.50
2010.03.22 04:45:35.131,0.85305,0.8533,11.40,10.50
2010.03.22 04:45:46.597,0.8531,0.8533,8.00,2.50
2010.03.22 04:45:47.319,0.85315,0.85335,4.00,10.50
2010.03.22 04:45:47.562,0.85315,0.8534,4.00,10.50
2010.03.22 04:45:47.908,0.85315,0.8534,8.00,10.50
2010.03.22 04:45:51.618,0.85315,0.8534,10.50,8.00
2010.03.22 04:45:51.676,0.85315,0.8534,11.30,8.00
2010.03.22 04:45:52.060,0.8532,0.85345,4.00,10.50
2010.03.22 04:45:52.256,0.85315,0.8534,11.30,8.00
2010.03.22 04:45:52.989,0.85315,0.8534,12.90,8.00
2010.03.22 04:45:53.258,0.8532,0.85345,11.40,8.00
2010.03.22 04:45:56.607,0.85325,0.85345,4.00,4.00
2010.03.22 04:45:56.644,0.85325,0.8535,8.00,10.50
2010.03.22 04:46:04.124,0.8533,0.8535,4.00,10.50
2010.03.22 04:46:04.262,0.8533,0.8535,4.00,6.50
2010.03.22 04:46:07.144,0.8533,0.8535,4.00,10.50
2010.03.22 04:46:07.271,0.85325,0.8535,8.00,10.50
2010.03.22 04:46:08.125,0.85325,0.8535,12.00,6.50
2010.03.22 04:46:08.805,0.85325,0.8535,8.00,10.50
2010.03.22 04:46:22.724,0.8533,0.8535,4.00,10.50
2010.03.22 04:46:22.753,0.8533,0.8535,4.00,8.00
2010.03.22 04:46:22.845,0.8533,0.8535,4.00,4.00
2010.03.22 04:46:23.678,0.8533,0.85355,4.00,9.60
2010.03.22 04:46:24.748,0.8533,0.85355,8.00,9.60
2010.03.22 04:46:28.346,0.8533,0.8536,8.00,20.20
2010.03.22 04:46:28.598,0.8533,0.85355,11.50,8.00
2010.03.22 04:46:28.850,0.85335,0.85355,4.20,8.00
2010.03.22 04:46:29.101,0.8534,0.85365,8.00,12.10
2010.03.22 04:46:29.348,0.8534,0.85365,8.00,9.60
2010.03.22 04:46:30.366,0.8534,0.85365,8.00,8.00
2010.03.22 04:46:30.597,0.8534,0.85365,11.30,8.00
2010.03.22 04:46:30.945,0.85345,0.8537,8.00,10.40
2010.03.22 04:46:31.183,0.85345,0.8537,8.00,8.00
2010.03.22 04:46:31.528,0.8535,0.8537,1.00,8.00
2010.03.22 04:46:31.709,0.85355,0.8537,4.00,4.00
2010.03.22 04:46:31.890,0.8535,0.85375,4.00,12.10
2010.03.22 04:46:32.890,0.8535,0.8537,4.00,4.00
2010.03.22 04:46:38.795,0.85345,0.8537,8.00,8.00
2010.03.22 04:46:39.391,0.85345,0.8537,8.00,11.30
2010.03.22 04:46:39.566,0.8534,0.85365,8.00,8.00
2010.03.22 04:46:39.746,0.85335,0.85365,16.00,8.80
2010.03.22 04:46:40.018,0.8534,0.8536,4.00,4.80
2010.03.22 04:46:40.636,0.8533,0.85355,8.80,8.00
2010.03.22 04:46:50.193,0.85335,0.85355,4.00,4.00
2010.03.22 04:46:50.572,0.85335,0.8536,8.00,10.40
2010.03.22 04:46:53.155,0.85335,0.8536,8.00,11.20
2010.03.22 04:46:53.425,0.8533,0.8535,4.00,4.00
2010.03.22 04:46:53.705,0.85325,0.8535,8.00,8.00
2010.03.22 04:46:54.261,0.85325,0.85345,8.00,4.00
2010.03.22 04:46:54.540,0.85325,0.85345,4.00,4.00
2010.03.22 04:46:55.331,0.8532,0.85345,11.30,8.00
2010.03.22 04:46:55.741,0.85325,0.85345,4.00,4.00
2010.03.22 04:46:56.284,0.85325,0.85345,4.80,4.00
2010.03.22 04:46:56.511,0.85325,0.85345,7.30,4.00
2010.03.22 04:46:56.675,0.85325,0.8535,11.30,8.00
2010.03.22 04:46:57.023,0.85325,0.8535,11.40,8.00
2010.03.22 04:46:57.192,0.8533,0.8535,4.00,4.00
2010.03.22 04:47:07.128,0.85325,0.8535,11.40,8.00
2010.03.22 04:47:08.587,0.85325,0.8535,11.40,4.00
2010.03.22 04:47:08.927,0.8533,0.8535,4.00,4.00
2010.03.22 04:47:14.587,0.8533,0.8535,4.00,8.00
2010.03.22 04:47:14.846,0.85325,0.8535,11.40,8.00
2010.03.22 04:47:22.475,0.85325,0.8535,11.40,10.40
2010.03.22 04:47:23.915,0.85325,0.8535,8.80,10.40
2010.03.22 04:47:24.057,0.85325,0.8535,8.00,10.40
2010.03.22 04:47:24.586,0.8532,0.85345,8.80,8.00
2010.03.22 04:47:24.724,0.85325,0.85345,4.00,4.00
2010.03.22 04:47:29.970,0.8532,0.85345,8.80,4.00
2010.03.22 04:47:30.233,0.8532,0.85345,8.00,8.00
2010.03.22 04:47:30.378,0.8532,0.8534,4.00,4.00
2010.03.22 04:47:30.524,0.85315,0.8534,11.30,8.00
2010.03.22 04:47:39.398,0.85315,0.8534,11.40,8.00
2010.03.22 04:47:39.582,0.85315,0.8534,11.30,8.00
2010.03.22 04:47:41.842,0.85315,0.8534,8.00,11.30
2010.03.22 04:47:41.980,0.8531,0.85335,11.40,8.00
2010.03.22 04:47:43.112,0.8531,0.85335,8.00,8.00
2010.03.22 04:47:43.351,0.85305,0.8533,12.90,8.00
2010.03.22 04:47:43.589,0.85305,0.8533,11.30,8.00
2010.03.22 04:47:55.763,0.85305,0.8533,11.40,8.00
2010.03.22 04:47:59.066,0.85305,0.8533,11.30,8.00
2010.03.22 04:47:59.672,0.85305,0.8533,11.50,8.00
2010.03.22 04:47:59.886,0.85305,0.8533,11.40,8.00
2010.03.22 04:48:11.862,0.85305,0.8533,10.60,8.00
2010.03.22 04:48:12.002,0.85305,0.8533,8.00,8.00
2010.03.22 04:48:20.984,0.85305,0.8533,9.60,8.00
2010.03.22 04:48:21.113,0.85305,0.8533,12.20,8.00
2010.03.22 04:48:22.021,0.85305,0.8533,10.60,8.00
2010.03.22 04:48:22.358,0.8531,0.8533,4.00,4.00
2010.03.22 04:48:22.675,0.85305,0.8533,8.00,8.00
2010.03.22 04:48:27.584,0.85305,0.8533,9.60,8.00
2010.03.22 04:48:29.434,0.85305,0.8533,9.60,8.00
2010.03.22 04:48:29.642,0.8531,0.8533,2.50,8.00
2010.03.22 04:48:29.849,0.85305,0.8533,13.00,8.00
2010.03.22 04:48:30.059,0.8531,0.8533,4.00,4.00
2010.03.22 04:48:30.314,0.8531,0.85335,8.00,10.50
2010.03.22 04:48:30.662,0.85305,0.8533,12.90,8.00
2010.03.22 04:48:34.632,0.85305,0.8533,13.00,8.00
2010.03.22 04:48:34.937,0.85305,0.8533,13.00,4.00
2010.03.22 04:48:35.245,0.8531,0.8533,4.00,4.00
2010.03.22 04:48:36.730,0.8531,0.8533,6.50,4.00
2010.03.22 04:48:37.248,0.8531,0.85335,6.50,10.50
2010.03.22 04:48:37.939,0.8531,0.85335,4.00,10.50
2010.03.22 04:48:38.246,0.8531,0.85335,4.00,12.90
2010.03.22 04:48:38.555,0.8531,0.8533,4.00,4.00
2010.03.22 04:48:41.650,0.85305,0.8533,12.90,4.00
2010.03.22 04:48:41.834,0.85305,0.8533,12.90,8.00
2010.03.22 04:48:45.305,0.85305,0.8533,10.40,8.00
2010.03.22 04:48:45.525,0.85305,0.8533,9.60,8.00
2010.03.22 04:48:54.433,0.85305,0.8533,9.60,8.00
2010.03.22 04:48:54.643,0.8531,0.8533,4.00,4.00
2010.03.22 04:48:59.061,0.85305,0.8533,8.00,8.00
2010.03.22 04:49:01.572,0.85305,0.8533,9.60,8.00
2010.03.22 04:49:01.690,0.85305,0.8533,9.60,8.00
2010.03.22 04:49:01.811,0.8531,0.8533,4.00,4.00
2010.03.22 04:49:02.422,0.85305,0.8533,8.00,8.00
2010.03.22 04:49:07.853,0.85305,0.8533,8.00,12.10
2010.03.22 04:49:08.197,0.853,0.8532,1.00,8.00
2010.03.22 04:49:08.540,0.853,0.85325,4.80,8.80
2010.03.22 04:49:09.191,0.853,0.8532,1.00,8.00
2010.03.22 04:49:10.180,0.853,0.85325,4.80,8.80
2010.03.22 04:49:10.618,0.853,0.8532,8.80,4.00
2010.03.22 04:49:10.748,0.853,0.85325,8.80,8.80
2010.03.22 04:49:11.006,0.853,0.85325,8.00,8.80
2010.03.22 04:49:11.250,0.853,0.85325,10.50,8.00
2010.03.22 04:49:11.729,0.85305,0.8533,8.00,13.70
2010.03.22 04:49:15.017,0.85305,0.8533,8.00,11.30
2010.03.22 04:49:17.686,0.85305,0.8533,8.00,11.30
2010.03.22 04:49:17.747,0.85305,0.8533,8.00,11.30
2010.03.22 04:49:18.009,0.8531,0.8533,4.00,7.30
2010.03.22 04:49:18.265,0.85305,0.8533,8.00,11.30
2010.03.22 04:49:20.076,0.85305,0.8533,8.00,11.30
2010.03.22 04:49:20.207,0.8531,0.8533,4.00,3.40
2010.03.22 04:49:20.336,0.853,0.85325,4.00,8.00
2010.03.22 04:49:20.676,0.853,0.85325,8.00,8.00
2010.03.22 04:49:21.064,0.853,0.85325,8.00,10.50
2010.03.22 04:49:22.346,0.853,0.85325,10.50,8.00
2010.03.22 04:49:22.884,0.853,0.85325,8.00,10.50
2010.03.22 04:49:47.182,0.853,0.85325,8.80,10.50
2010.03.22 04:50:05.185,0.853,0.85325,4.80,10.50
2010.03.22 04:50:05.635,0.853,0.85325,8.80,10.50
2010.03.22 04:50:06.108,0.853,0.85325,4.80,10.50
2010.03.22 04:50:06.775,0.853,0.85325,8.80,10.50
2010.03.22 04:50:06.945,0.853,0.85325,4.80,10.50
2010.03.22 04:50:08.696,0.853,0.85325,8.80,10.90
2010.03.22 04:50:09.188,0.853,0.8532,4.00,4.00
2010.03.22 04:50:09.529,0.853,0.8532,4.00,7.70
2010.03.22 04:50:09.866,0.8529,0.8532,8.00,24.20
2010.03.22 04:50:10.209,0.85285,0.8531,9.60,8.00
2010.03.22 04:50:10.554,0.85285,0.8531,8.00,8.00
2010.03.22 04:50:11.054,0.8529,0.85315,8.00,14.10
2010.03.22 04:50:12.545,0.8529,0.85315,8.00,14.50
2010.03.22 04:50:14.315,0.8529,0.85315,8.00,14.60
2010.03.22 04:50:14.464,0.8529,0.8531,8.00,1.00
2010.03.22 04:50:14.613,0.8529,0.8531,4.00,4.40
2010.03.22 04:50:20.512,0.8529,0.8531,4.00,8.40
2010.03.22 04:50:20.652,0.85285,0.85305,4.00,4.00
2010.03.22 04:50:24.702,0.85285,0.8531,8.00,8.40
2010.03.22 04:50:26.737,0.85285,0.85305,8.00,2.50
2010.03.22 04:50:26.895,0.85285,0.85305,4.00,6.50
2010.03.22 04:50:27.207,0.85285,0.85305,4.00,10.50
2010.03.22 04:50:27.364,0.85285,0.85305,4.00,6.60
2010.03.22 04:50:27.523,0.8528,0.85305,8.00,11.80
2010.03.22 04:50:27.686,0.8528,0.85305,8.00,11.30
2010.03.22 04:50:28.031,0.85275,0.853,12.90,8.00
2010.03.22 04:50:28.430,0.8528,0.85305,4.00,11.30
2010.03.22 04:50:28.771,0.8528,0.85305,4.00,11.70
2010.03.22 04:50:31.610,0.8528,0.853,4.00,4.00
2010.03.22 04:50:38.498,0.85275,0.853,12.90,8.00
2010.03.22 04:50:38.798,0.8528,0.853,4.00,4.00
2010.03.22 04:50:39.099,0.85275,0.853,12.90,8.00
2010.03.22 04:50:39.610,0.8528,0.853,4.00,8.00
2010.03.22 04:50:39.789,0.8528,0.853,4.00,4.00
2010.03.22 04:50:42.707,0.8528,0.85305,8.00,14.20
2010.03.22 04:50:43.987,0.8528,0.853,4.00,4.00
2010.03.22 04:50:45.217,0.8528,0.853,4.00,4.80
2010.03.22 04:50:48.749,0.8528,0.853,4.00,1.00
2010.03.22 04:50:56.288,0.8528,0.853,4.00,1.00
2010.03.22 04:50:56.572,0.8528,0.85305,4.00,14.50
2010.03.22 04:50:56.660,0.85275,0.853,9.60,8.00
2010.03.22 04:50:57.570,0.8527,0.853,24.50,8.00
2010.03.22 04:50:57.918,0.8528,0.853,4.00,4.00
2010.03.22 04:50:58.268,0.8528,0.853,2.50,8.00
2010.03.22 04:50:58.742,0.85285,0.85305,4.00,6.50
2010.03.22 04:50:59.084,0.85285,0.85305,8.00,2.50
2010.03.22 04:51:05.583,0.85285,0.85305,8.00,3.30
2010.03.22 04:51:05.702,0.85285,0.853,8.00,2.50
2010.03.22 04:51:05.822,0.8528,0.853,4.00,2.50
2010.03.22 04:51:10.701,0.8528,0.853,4.00,4.90
2010.03.22 04:51:10.851,0.8528,0.853,4.00,5.70
2010.03.22 04:51:11.001,0.85275,0.853,12.10,13.70
2010.03.22 04:51:22.087,0.85275,0.85295,12.10,4.00
2010.03.22 04:51:22.107,0.85275,0.85295,8.10,4.00
2010.03.22 04:51:38.475,0.85275,0.85295,4.00,4.00
2010.03.22 04:52:11.385,0.8527,0.85295,8.00,4.00
2010.03.22 04:52:11.565,0.8527,0.85295,8.00,8.00
2010.03.22 04:52:12.736,0.8527,0.85295,8.00,10.40
2010.03.22 04:52:14.305,0.8527,0.85295,8.00,8.00
2010.03.22 04:52:20.420,0.8527,0.85295,8.00,8.00
2010.03.22 04:52:20.673,0.8527,0.85295,4.00,8.00
2010.03.22 04:52:21.173,0.8527,0.85295,4.00,10.80
2010.03.22 04:52:25.974,0.8527,0.85295,4.00,8.40
2010.03.22 04:52:27.062,0.8527,0.85295,8.00,8.40
2010.03.22 04:52:28.682,0.8527,0.85295,4.00,8.40
2010.03.22 04:52:30.581,0.8527,0.85295,8.00,8.40
2010.03.22 04:52:32.612,0.8527,0.85295,4.00,8.40
2010.03.22 04:52:35.609,0.8527,0.85295,8.00,8.40
2010.03.22 04:52:36.292,0.8527,0.85295,8.00,8.00
2010.03.22 04:52:36.619,0.8527,0.85295,4.00,8.00
2010.03.22 04:52:46.228,0.8527,0.85295,4.00,10.60
2010.03.22 04:52:47.963,0.8527,0.85295,4.00,10.50
2010.03.22 04:52:48.019,0.8527,0.85295,4.00,8.00
2010.03.22 04:52:48.197,0.8527,0.85295,8.00,8.00
2010.03.22 04:52:50.276,0.8527,0.85295,8.00,10.60
2010.03.22 04:52:50.518,0.8527,0.85295,4.00,10.60
2010.03.22 04:53:11.305,0.8527,0.8529,4.00,6.50
2010.03.22 04:53:11.402,0.85265,0.8529,9.60,10.50
2010.03.22 04:53:12.311,0.85265,0.8529,9.60,11.30
2010.03.22 04:53:20.343,0.85265,0.8529,9.60,8.80
2010.03.22 04:53:20.890,0.8527,0.8529,4.00,4.80
2010.03.22 04:53:27.201,0.8527,0.8529,4.00,1.00
2010.03.22 04:53:27.279,0.8527,0.8529,8.00,1.00
2010.03.22 04:53:27.559,0.8527,0.85295,8.00,13.30
2010.03.22 04:53:27.598,0.8527,0.8529,4.00,4.00
2010.03.22 04:53:27.638,0.85265,0.8529,12.90,8.00
2010.03.22 04:53:27.883,0.8527,0.8529,2.50,8.00
2010.03.22 04:53:27.934,0.8527,0.8529,7.30,4.00
2010.03.22 04:53:27.978,0.8527,0.85295,11.30,10.50
2010.03.22 04:53:28.321,0.85275,0.85295,8.00,2.50
2010.03.22 04:53:37.565,0.85275,0.85295,8.00,4.90
2010.03.22 04:53:37.605,0.85275,0.85295,8.00,5.70
2010.03.22 04:53:37.647,0.85275,0.85295,4.00,8.90
2010.03.22 04:53:37.715,0.8527,0.85295,10.50,12.90
2010.03.22 04:53:37.755,0.8527,0.85295,8.00,12.90
2010.03.22 04:53:55.223,0.8527,0.85295,4.00,12.90
2010.03.22 04:53:55.344,0.8527,0.8529,4.00,1.00
2010.03.22 04:53:56.311,0.85265,0.8529,9.60,8.80
2010.03.22 04:54:16.506,0.85265,0.8529,9.60,9.60
2010.03.22 04:54:16.566,0.85265,0.85285,9.60,2.50
2010.03.22 04:54:16.826,0.85265,0.85285,1.60,10.50
2010.03.22 04:54:16.936,0.85265,0.85285,1.60,11.30
2010.03.22 04:54:16.998,0.8526,0.85285,8.00,11.70
2010.03.22 04:54:17.105,0.8526,0.85285,4.00,11.70
2010.03.22 04:54:17.166,0.8526,0.8528,4.00,4.00
2010.03.22 04:54:17.853,0.85265,0.85285,1.60,9.20
2010.03.22 04:54:18.075,0.85265,0.85285,1.60,9.60
2010.03.22 04:54:19.386,0.85265,0.85285,1.60,8.40
2010.03.22 04:54:28.354,0.85265,0.85285,1.60,8.00
2010.03.22 04:54:34.302,0.85265,0.85285,1.60,10.50
2010.03.22 04:54:34.633,0.8526,0.85285,8.00,8.80
2010.03.22 04:54:34.962,0.85255,0.8528,12.90,8.00
2010.03.22 04:54:53.919,0.8526,0.85285,8.00,13.30
2010.03.22 04:55:03.266,0.8526,0.85285,8.00,12.90
2010.03.22 04:55:03.342,0.85265,0.85285,1.60,10.50
2010.03.22 04:55:03.391,0.85265,0.85285,1.60,8.00
2010.03.22 04:55:03.547,0.85265,0.85285,5.60,4.00
2010.03.22 04:55:03.564,0.85265,0.8529,9.60,12.10
2010.03.22 04:55:03.910,0.85265,0.85285,5.60,4.00
2010.03.22 04:55:04.256,0.85265,0.85285,1.60,8.00
2010.03.22 04:55:04.936,0.85265,0.85285,6.50,8.00
2010.03.22 04:55:05.275,0.85265,0.8529,14.50,8.00
2010.03.22 04:55:05.615,0.85265,0.8529,12.90,8.00
2010.03.22 04:55:05.784,0.85265,0.8529,10.40,10.50
2010.03.22 04:55:05.955,0.85265,0.85285,1.60,8.00
2010.03.22 04:55:06.129,0.85265,0.85285,5.60,4.00
2010.03.22 04:55:06.686,0.85265,0.8528,1.60,4.00
2010.03.22 04:55:06.814,0.8526,0.8528,4.00,4.00
2010.03.22 04:55:17.493,0.8526,0.8528,4.00,6.50
2010.03.22 04:55:17.530,0.8526,0.8528,4.00,10.50
2010.03.22 04:55:17.573,0.85255,0.8528,12.90,10.50
2010.03.22 04:55:18.093,0.85255,0.8528,12.10,10.50
2010.03.22 04:55:19.075,0.8526,0.8528,4.00,4.00
2010.03.22 04:55:19.761,0.8526,0.85285,4.00,11.70
2010.03.22 04:55:32.598,0.85255,0.8528,16.90,4.00
2010.03.22 04:55:32.670,0.85255,0.8528,12.90,8.00
2010.03.22 04:55:36.706,0.85255,0.8528,12.90,8.40
2010.03.22 04:55:36.840,0.85255,0.85275,1.60,8.00
2010.03.22 04:55:41.526,0.85255,0.85275,2.40,8.00
2010.03.22 04:55:41.577,0.85255,0.85275,4.90,8.00
2010.03.22 04:55:41.666,0.85255,0.8528,12.90,8.00
2010.03.22 04:55:55.413,0.85255,0.8528,12.90,8.40
2010.03.22 04:55:55.553,0.8526,0.8528,4.00,8.40
2010.03.22 04:55:55.693,0.85255,0.8528,12.90,8.40
2010.03.22 04:55:56.193,0.8526,0.85285,6.50,13.30
2010.03.22 04:55:56.692,0.8526,0.85285,10.50,13.30
2010.03.22 04:55:57.043,0.8526,0.85285,8.00,13.30
2010.03.22 04:55:57.143,0.8526,0.8528,4.00,4.00
2010.03.22 04:55:57.673,0.8526,0.85285,4.00,13.70
2010.03.22 04:55:59.476,0.8526,0.8528,7.30,4.00
2010.03.22 04:56:00.172,0.8526,0.85285,8.00,11.70
2010.03.22 04:56:03.233,0.8526,0.85285,10.50,9.20
2010.03.22 04:56:03.372,0.8526,0.85285,11.30,9.20
2010.03.22 04:56:03.514,0.8526,0.85285,11.40,8.80
2010.03.22 04:56:03.652,0.85265,0.8529,8.00,13.30
2010.03.22 04:56:06.547,0.85265,0.85285,8.00,4.00
2010.03.22 04:56:06.583,0.85265,0.85285,4.00,4.00
2010.03.22 04:56:18.010,0.8526,0.85285,8.00,11.20
2010.03.22 04:56:18.130,0.8526,0.8528,4.00,3.30
2010.03.22 04:56:18.418,0.85255,0.85275,5.60,4.00
2010.03.22 04:56:18.707,0.85255,0.8528,9.60,11.30
2010.03.22 04:56:19.014,0.85255,0.8528,9.60,8.80
2010.03.22 04:56:48.782,0.85255,0.8528,12.10,8.80
2010.03.22 04:56:48.999,0.85255,0.8528,12.20,8.80
2010.03.22 04:56:49.221,0.8526,0.8528,2.50,8.00
2010.03.22 04:56:49.440,0.8526,0.85285,10.50,10.50
2010.03.22 04:56:58.657,0.85265,0.85285,4.00,6.50
2010.03.22 04:56:58.787,0.8526,0.85285,10.50,10.50
2010.03.22 04:57:09.705,0.85265,0.85285,4.00,6.50
2010.03.22 04:57:17.053,0.85265,0.85285,4.00,7.40
2010.03.22 04:57:17.213,0.8526,0.85285,8.00,7.40
2010.03.22 04:57:17.293,0.8526,0.85285,4.00,11.40
2010.03.22 04:57:17.843,0.85255,0.8528,9.60,8.00
2010.03.22 04:57:21.183,0.8526,0.8528,1.00,8.00
2010.03.22 04:57:21.302,0.85265,0.8528,1.60,8.00
2010.03.22 04:57:21.543,0.85265,0.85285,5.60,4.00
2010.03.22 04:57:22.722,0.85265,0.8529,9.60,8.80
2010.03.22 04:57:23.590,0.85265,0.8529,9.60,8.00
2010.03.22 04:57:29.397,0.8527,0.8529,1.00,8.00
2010.03.22 04:57:29.611,0.8527,0.8529,3.30,8.00
2010.03.22 04:57:29.741,0.8527,0.8529,2.50,8.00
2010.03.22 04:57:29.872,0.8527,0.85295,8.00,8.80
2010.03.22 04:57:30.000,0.8527,0.8529,4.00,4.00
2010.03.22 04:57:30.377,0.8527,0.85295,8.00,8.00
2010.03.22 04:57:35.628,0.8527,0.85295,8.00,8.80
2010.03.22 04:57:38.508,0.8527,0.85295,8.00,11.20
2010.03.22 04:57:38.657,0.8527,0.85295,4.00,11.20
2010.03.22 04:57:44.300,0.8527,0.8529,4.00,7.30
2010.03.22 04:57:44.637,0.85265,0.8529,12.10,11.30
2010.03.22 04:57:44.976,0.85265,0.8529,12.10,13.70
2010.03.22 04:57:47.186,0.85265,0.8529,10.50,13.70
2010.03.22 04:57:47.272,0.85265,0.85285,6.50,4.00
2010.03.22 04:57:47.353,0.85265,0.85285,2.50,8.00
2010.03.22 04:57:47.666,0.85265,0.85285,6.50,4.00
2010.03.22 04:57:47.695,0.85265,0.8529,10.50,13.70
2010.03.22 04:58:53.209,0.85265,0.8529,10.50,12.90
2010.03.22 04:58:53.239,0.8527,0.8529,2.50,10.40
2010.03.22 04:58:54.449,0.85265,0.8529,12.20,13.70
2010.03.22 04:58:54.790,0.85265,0.85285,2.50,8.00
2010.03.22 04:58:55.240,0.85265,0.85285,6.50,4.00
2010.03.22 04:59:14.286,0.85265,0.85285,6.60,4.00
2010.03.22 04:59:14.626,0.8527,0.8529,2.50,11.20
2010.03.22 04:59:15.009,0.8527,0.8529,2.50,10.40
2010.03.22 04:59:15.355,0.8527,0.8529,2.50,8.80
2010.03.22 04:59:29.329,0.85265,0.8529,12.20,10.50
2010.03.22 04:59:29.687,0.8527,0.85295,10.50,11.30
2010.03.22 04:59:30.041,0.85275,0.85295,1.60,8.00
2010.03.22 04:59:30.386,0.85275,0.853,12.90,8.00
2010.03.22 04:59:30.734,0.8528,0.85305,8.00,11.30
2010.03.22 04:59:31.071,0.85285,0.85305,4.00,7.30
2010.03.22 04:59:31.973,0.85285,0.853,4.00,3.30
2010.03.22 04:59:32.254,0.85275,0.85295,5.60,4.00
2010.03.22 04:59:32.642,0.85275,0.85295,1.60,8.00
2010.03.22 04:59:44.082,0.85275,0.85295,1.60,8.80
2010.03.22 04:59:44.247,0.85275,0.85295,1.60,8.00
2010.03.22 04:59:48.677,0.85275,0.85295,4.10,8.00
2010.03.22 04:59:48.798,0.85275,0.85295,4.20,8.00
2010.03.22 04:59:49.138,0.85275,0.85295,8.20,4.00
2010.03.22 04:59:50.887,0.8528,0.853,6.50,8.00
2010.03.22 04:59:51.146,0.8528,0.853,2.50,8.00
2010.03.22 04:59:57.588,0.85275,0.853,13.00,8.00
