2009.01.02 14:00:03.491,0.8497,0.8499,1.60,1.80
2009.01.02 14:00:04.171,0.8497,0.85,1.60,1.80
2009.01.02 14:00:04.511,0.8497,0.85005,2.80,2.60
2009.01.02 14:00:04.861,0.8497,0.85,1.60,1.80
2009.01.02 14:00:06.421,0.84965,0.85,2.80,4.20
2009.01.02 14:00:07.000,0.8495,0.8498,1.60,1.80
2009.01.02 14:00:07.470,0.8495,0.84985,1.20,2.60
2009.01.02 14:00:07.960,0.8495,0.84985,1.20,4.20
2009.01.02 14:00:08.610,0.84945,0.84975,1.60,1.80
2009.01.02 14:00:09.070,0.8496,0.84975,1.60,1.80
2009.01.02 14:00:09.820,0.84945,0.84975,1.60,1.80
2009.01.02 14:00:10.340,0.8495,0.84975,1.60,1.80
2009.01.02 14:00:10.749,0.8495,0.8498,1.60,1.80
2009.01.02 14:00:12.949,0.8495,0.84985,2.80,2.60
2009.01.02 14:00:13.009,0.8495,0.8498,1.60,1.80
2009.01.02 14:00:15.209,0.84945,0.8498,2.80,1.80
2009.01.02 14:00:15.808,0.84945,0.84975,1.60,1.80
2009.01.02 14:00:16.888,0.84945,0.84975,1.60,2.60
2009.01.02 14:00:17.298,0.84945,0.8497,1.60,1.80
2009.01.02 14:00:18.098,0.8495,0.8497,1.60,1.80
2009.01.02 14:00:18.558,0.8495,0.84975,1.60,1.80
2009.01.02 14:00:19.097,0.8495,0.8498,1.60,2.60
2009.01.02 14:00:19.608,0.8495,0.84975,1.60,1.80
2009.01.02 14:00:22.037,0.8495,0.8498,2.80,1.80
2009.01.02 14:00:22.987,0.8495,0.8498,2.80,2.60
2009.01.02 14:00:23.107,0.8495,0.8498,1.60,1.80
2009.01.02 14:00:23.387,0.8495,0.8498,2.80,1.80
2009.01.02 14:00:25.056,0.8495,0.84975,1.60,1.80
2009.01.02 14:00:25.436,0.8495,0.8498,2.80,2.60
2009.01.02 14:00:25.846,0.8494,0.8497,2.80,2.60
2009.01.02 14:00:26.426,0.84935,0.84965,2.80,1.80
2009.01.02 14:00:26.996,0.84935,0.84965,1.60,1.80
2009.01.02 14:00:29.165,0.8494,0.84965,1.60,1.80
2009.01.02 14:00:29.225,0.8493,0.8496,1.60,1.80
2009.01.02 14:00:29.565,0.8494,0.8496,1.60,1.80
2009.01.02 14:00:29.615,0.8494,0.84965,1.60,1.80
2009.01.02 14:00:29.735,0.8493,0.84965,2.80,2.60
2009.01.02 14:00:30.025,0.8493,0.8496,1.60,1.80
2009.01.02 14:00:32.474,0.84935,0.8496,1.60,1.80
2009.01.02 14:00:33.005,0.84945,0.8497,1.60,1.80
2009.01.02 14:00:33.354,0.8495,0.84975,1.60,1.80
2009.01.02 14:00:35.304,0.8494,0.84965,1.60,1.80
2009.01.02 14:00:40.003,0.84935,0.84965,2.80,1.80
2009.01.02 14:00:40.122,0.84935,0.8496,1.60,1.80
2009.01.02 14:00:43.042,0.8493,0.8496,2.80,1.80
2009.01.02 14:00:43.222,0.8493,0.8496,1.60,1.80
2009.01.02 14:00:43.861,0.8494,0.8497,1.60,2.60
2009.01.02 14:00:44.341,0.8495,0.84975,1.60,1.80
2009.01.02 14:00:44.841,0.84945,0.84965,1.60,1.80
2009.01.02 14:00:45.431,0.84945,0.8497,1.60,1.80
2009.01.02 14:00:46.021,0.8495,0.8497,1.60,1.80
2009.01.02 14:00:46.421,0.8495,0.84975,1.60,1.80
2009.01.02 14:00:46.941,0.8496,0.84975,1.60,1.80
2009.01.02 14:00:47.411,0.8496,0.8499,1.60,1.80
2009.01.02 14:00:49.210,0.84965,0.8499,1.60,1.80
2009.01.02 14:00:52.989,0.8497,0.8499,1.60,1.80
2009.01.02 14:00:53.579,0.8497,0.84995,1.60,1.80
2009.01.02 14:00:53.919,0.84965,0.8499,1.60,1.80
2009.01.02 14:00:55.299,0.84955,0.84985,1.60,1.80
2009.01.02 14:00:56.069,0.84955,0.8498,1.60,1.80
2009.01.02 14:00:57.969,0.8496,0.8499,1.60,1.80
2009.01.02 14:00:58.598,0.84955,0.8498,1.60,1.80
2009.01.02 14:00:59.638,0.84965,0.8499,1.60,1.80
2009.01.02 14:01:02.297,0.84965,0.8498,1.60,1.80
2009.01.02 14:01:03.107,0.84965,0.8499,1.60,1.80
2009.01.02 14:01:06.776,0.8496,0.8499,3.20,1.80
2009.01.02 14:01:07.196,0.8496,0.8499,1.60,1.80
2009.01.02 14:01:09.926,0.8496,0.84995,4.40,2.60
2009.01.02 14:01:10.315,0.8497,0.84995,1.60,1.80
2009.01.02 14:01:13.634,0.84965,0.84995,1.60,2.60
2009.01.02 14:01:16.064,0.84945,0.8497,1.60,1.80
2009.01.02 14:01:18.983,0.8494,0.8497,1.60,2.60
2009.01.02 14:01:19.103,0.8494,0.84965,1.60,1.80
2009.01.02 14:01:40.218,0.8495,0.84975,1.60,1.80
2009.01.02 14:01:41.018,0.8495,0.84975,1.60,3.40
2009.01.02 14:01:41.478,0.84945,0.8497,1.60,1.80
2009.01.02 14:01:44.247,0.84945,0.84975,1.60,1.80
2009.01.02 14:01:44.637,0.8495,0.84975,1.60,1.80
2009.01.02 14:01:47.986,0.8495,0.84975,1.60,3.40
2009.01.02 14:01:48.386,0.84945,0.84975,1.60,3.40
2009.01.02 14:01:48.616,0.84945,0.8497,1.60,1.80
2009.01.02 14:01:50.905,0.84945,0.8497,1.60,3.40
2009.01.02 14:01:51.425,0.84945,0.84965,1.60,1.80
2009.01.02 14:01:51.825,0.8494,0.84965,1.60,1.80
2009.01.02 14:01:53.825,0.84935,0.84965,1.60,4.20
2009.01.02 14:01:54.225,0.84935,0.8496,1.60,1.80
2009.01.02 14:01:59.483,0.84935,0.8496,1.60,3.40
2009.01.02 14:02:11.670,0.84935,0.8496,1.60,1.80
2009.01.02 14:02:14.780,0.84925,0.8495,1.60,1.80
2009.01.02 14:02:15.981,0.8492,0.84945,1.60,1.80
2009.01.02 14:02:18.689,0.84915,0.84945,2.80,1.80
2009.01.02 14:02:19.030,0.8492,0.84945,1.60,1.80
2009.01.02 14:02:21.748,0.84925,0.84945,1.60,1.80
2009.01.02 14:02:22.268,0.84925,0.8495,1.60,1.80
2009.01.02 14:02:22.738,0.84925,0.8493,1.60,3.40
2009.01.02 14:02:23.018,0.8492,0.84925,2.10,1.80
2009.01.02 14:02:23.528,0.84905,0.84925,1.60,1.80
2009.01.02 14:02:24.048,0.84905,0.84935,2.80,1.80
2009.01.02 14:02:24.607,0.84905,0.8494,2.80,1.80
2009.01.02 14:02:25.187,0.84905,0.84935,2.80,1.80
2009.01.02 14:02:25.587,0.849,0.8493,1.60,3.40
2009.01.02 14:02:26.937,0.84905,0.8493,1.60,3.40
2009.01.02 14:02:28.156,0.84905,0.84925,1.60,1.80
2009.01.02 14:02:28.896,0.84895,0.84925,1.60,1.80
2009.01.02 14:02:29.356,0.84895,0.8493,2.80,4.20
2009.01.02 14:02:29.476,0.84895,0.84925,1.60,1.80
2009.01.02 14:02:30.406,0.84895,0.8493,2.80,4.20
2009.01.02 14:02:35.394,0.84895,0.84925,1.60,1.80
2009.01.02 14:02:36.495,0.84895,0.8492,1.60,1.60
2009.01.02 14:02:36.614,0.84895,0.8492,1.60,3.40
2009.01.02 14:02:37.014,0.84895,0.84915,1.60,1.80
2009.01.02 14:02:37.894,0.84895,0.84925,1.60,5.00
2009.01.02 14:02:38.294,0.849,0.84925,1.60,3.40
2009.01.02 14:02:38.524,0.849,0.8492,1.60,1.80
2009.01.02 14:02:39.314,0.849,0.84925,1.60,3.40
2009.01.02 14:02:39.844,0.849,0.84925,1.60,1.80
2009.01.02 14:02:40.023,0.849,0.84925,1.60,3.40
2009.01.02 14:02:44.823,0.849,0.8493,1.60,2.60
2009.01.02 14:02:45.122,0.849,0.84925,1.60,1.80
2009.01.02 14:02:45.982,0.84905,0.84925,1.60,1.80
2009.01.02 14:02:46.462,0.84905,0.8493,1.60,1.80
2009.01.02 14:02:46.922,0.8491,0.84935,1.60,1.80
2009.01.02 14:02:47.142,0.84915,0.84945,1.60,1.80
2009.01.02 14:02:48.831,0.84915,0.84935,1.60,1.80
2009.01.02 14:02:49.271,0.8492,0.84935,1.60,1.80
2009.01.02 14:02:49.661,0.84925,0.84945,1.60,1.80
2009.01.02 14:02:49.781,0.8492,0.8495,4.40,1.80
2009.01.02 14:02:50.241,0.84925,0.8495,1.60,1.80
2009.01.02 14:02:51.111,0.84925,0.8495,3.20,1.80
2009.01.02 14:02:51.271,0.8494,0.8497,1.60,1.80
2009.01.02 14:02:51.681,0.84945,0.8497,1.60,1.80
2009.01.02 14:02:51.981,0.84935,0.84965,1.60,1.80
2009.01.02 14:02:52.691,0.84935,0.8497,2.80,1.80
2009.01.02 14:02:52.861,0.84945,0.8497,1.60,1.80
2009.01.02 14:02:53.390,0.84945,0.84975,1.60,1.80
2009.01.02 14:02:53.560,0.8495,0.84975,1.60,1.80
2009.01.02 14:02:53.860,0.84945,0.84965,1.60,1.80
2009.01.02 14:02:56.729,0.8494,0.84965,1.60,1.80
2009.01.02 14:02:57.239,0.84935,0.84965,2.80,2.60
2009.01.02 14:02:57.799,0.84935,0.8496,1.60,1.80
2009.01.02 14:02:58.259,0.8493,0.84955,1.60,1.80
2009.01.02 14:02:59.989,0.84935,0.8496,1.60,1.80
2009.01.02 14:03:02.368,0.8494,0.8496,1.60,1.80
2009.01.02 14:03:02.878,0.8494,0.84965,1.60,1.80
2009.01.02 14:03:06.827,0.84945,0.84965,1.60,1.80
2009.01.02 14:03:12.426,0.84935,0.8496,1.60,1.80
2009.01.02 14:03:12.546,0.84935,0.84955,1.60,1.80
2009.01.02 14:03:13.066,0.84925,0.84955,1.60,1.80
2009.01.02 14:03:13.175,0.84925,0.8495,1.60,1.80
2009.01.02 14:03:20.114,0.8493,0.84955,1.60,1.80
2009.01.02 14:03:20.674,0.84935,0.84955,1.60,1.80
2009.01.02 14:03:21.074,0.84935,0.8496,1.60,1.80
2009.01.02 14:03:22.843,0.8493,0.84955,1.60,1.80
2009.01.02 14:03:24.813,0.84925,0.84955,1.60,2.60
2009.01.02 14:03:25.453,0.84925,0.8495,1.60,1.80
2009.01.02 14:03:33.841,0.8493,0.8495,1.60,1.80
2009.01.02 14:03:34.241,0.8493,0.84955,1.60,1.80
2009.01.02 14:03:34.660,0.8493,0.8496,1.60,1.80
2009.01.02 14:03:35.110,0.84935,0.84965,1.60,1.80
2009.01.02 14:03:35.600,0.8494,0.84965,1.60,1.80
2009.01.02 14:03:36.700,0.84935,0.84965,1.60,1.80
2009.01.02 14:03:37.200,0.8493,0.84965,2.80,2.60
2009.01.02 14:03:37.660,0.84935,0.8497,4.40,2.60
2009.01.02 14:03:38.229,0.84935,0.84965,3.20,1.80
2009.01.02 14:03:39.329,0.84945,0.8497,1.60,2.60
2009.01.02 14:03:39.779,0.84945,0.8497,1.60,1.80
2009.01.02 14:03:40.189,0.84955,0.84975,1.60,1.80
2009.01.02 14:03:40.599,0.8496,0.8498,3.20,1.80
2009.01.02 14:03:40.879,0.8497,0.84975,1.60,1.80
2009.01.02 14:03:41.699,0.8497,0.8499,1.60,1.80
2009.01.02 14:03:41.979,0.8497,0.85,3.20,1.80
2009.01.02 14:03:44.838,0.8497,0.85,1.60,2.60
2009.01.02 14:03:44.948,0.8497,0.84995,1.60,1.80
2009.01.02 14:03:46.208,0.84965,0.84995,2.80,2.60
2009.01.02 14:03:46.678,0.84965,0.8499,1.60,1.80
2009.01.02 14:03:47.267,0.8496,0.8499,3.20,2.60
2009.01.02 14:03:48.017,0.84965,0.8499,1.60,1.80
2009.01.02 14:03:48.417,0.8497,0.84995,1.60,1.80
2009.01.02 14:03:49.007,0.84965,0.84995,2.80,2.60
2009.01.02 14:03:49.177,0.84965,0.8499,1.60,1.80
2009.01.02 14:03:49.627,0.84965,0.84995,1.60,2.60
2009.01.02 14:03:51.906,0.8496,0.84995,2.80,2.60
2009.01.02 14:03:52.356,0.8496,0.8499,3.20,1.80
2009.01.02 14:03:52.526,0.8496,0.8499,1.60,1.80
2009.01.02 14:03:54.946,0.84965,0.8499,1.60,1.80
2009.01.02 14:03:55.245,0.84965,0.84995,1.60,2.60
2009.01.02 14:03:57.485,0.8497,0.84995,1.60,2.60
2009.01.02 14:03:58.055,0.84975,0.85005,1.60,2.60
2009.01.02 14:03:58.685,0.8496,0.84995,4.40,1.80
2009.01.02 14:04:06.093,0.84975,0.85005,1.60,1.80
2009.01.02 14:04:10.522,0.84975,0.85005,3.20,1.80
2009.01.02 14:04:11.151,0.84975,0.85005,1.60,3.40
2009.01.02 14:04:11.622,0.84975,0.85005,1.60,4.20
2009.01.02 14:04:12.311,0.84975,0.85005,1.60,4.20
2009.01.02 14:04:13.191,0.84975,0.85,1.60,1.80
2009.01.02 14:04:14.701,0.8498,0.85,1.60,1.80
2009.01.02 14:04:15.691,0.84985,0.85,1.60,1.80
2009.01.02 14:04:15.920,0.84985,0.85015,1.60,3.40
2009.01.02 14:04:16.381,0.84985,0.8501,1.60,1.60
2009.01.02 14:04:16.730,0.8499,0.8501,1.60,3.40
2009.01.02 14:04:17.300,0.8499,0.8502,1.60,2.60
2009.01.02 14:04:17.480,0.84995,0.8502,1.60,1.80
2009.01.02 14:04:18.070,0.84995,0.85025,1.60,4.20
2009.01.02 14:04:19.230,0.8499,0.8502,2.80,1.40
2009.01.02 14:04:19.280,0.8499,0.8502,1.60,4.20
2009.01.02 14:04:19.630,0.84995,0.8502,1.60,1.80
2009.01.02 14:04:20.499,0.84995,0.85025,1.60,4.20
2009.01.02 14:04:21.130,0.8499,0.8502,1.60,4.20
2009.01.02 14:04:21.579,0.84985,0.8501,2.80,1.60
2009.01.02 14:04:22.149,0.8498,0.85005,1.60,1.80
2009.01.02 14:04:23.009,0.84985,0.85015,1.60,3.40
2009.01.02 14:04:23.458,0.85,0.8505,1.60,3.40
2009.01.02 14:04:24.419,0.85015,0.8504,1.60,1.80
2009.01.02 14:04:24.908,0.85015,0.85045,1.60,1.80
2009.01.02 14:04:25.468,0.85015,0.85035,1.60,1.80
2009.01.02 14:04:25.888,0.85005,0.85035,1.60,3.40
2009.01.02 14:04:26.178,0.84995,0.8503,2.80,3.40
2009.01.02 14:04:27.517,0.84995,0.85025,2.80,1.60
2009.01.02 14:04:27.798,0.84995,0.85015,2.80,1.00
2009.01.02 14:04:27.978,0.84995,0.85015,2.80,1.60
2009.01.02 14:04:28.098,0.84995,0.85015,1.60,1.60
2009.01.02 14:04:28.387,0.84995,0.85025,1.60,3.40
2009.01.02 14:04:28.787,0.84995,0.85025,2.80,1.60
2009.01.02 14:04:29.237,0.84995,0.85025,2.80,2.40
2009.01.02 14:04:29.467,0.8499,0.8502,1.60,4.20
2009.01.02 14:04:29.807,0.84985,0.8502,2.80,4.20
2009.01.02 14:04:30.167,0.8499,0.85015,1.60,1.80
2009.01.02 14:04:30.338,0.8499,0.8502,1.60,4.20
2009.01.02 14:04:31.596,0.8499,0.8502,1.60,2.60
2009.01.02 14:04:31.987,0.85,0.85025,1.60,3.40
2009.01.02 14:04:32.586,0.85,0.8502,1.60,1.60
2009.01.02 14:04:32.866,0.84995,0.8502,2.80,1.60
2009.01.02 14:04:33.266,0.8499,0.8502,1.60,4.20
2009.01.02 14:04:36.126,0.8499,0.8502,1.60,2.60
2009.01.02 14:04:36.526,0.85,0.8502,1.60,1.80
2009.01.02 14:04:36.695,0.85,0.85025,2.80,1.60
2009.01.02 14:04:36.865,0.85,0.85025,1.60,3.40
2009.01.02 14:04:37.085,0.8499,0.8502,2.80,2.20
2009.01.02 14:04:37.455,0.8499,0.8502,1.60,4.20
2009.01.02 14:04:37.805,0.84985,0.8502,2.80,4.20
2009.01.02 14:04:38.195,0.84985,0.85015,1.60,1.80
2009.01.02 14:04:38.415,0.84985,0.85015,1.60,3.40
2009.01.02 14:04:40.824,0.84985,0.85015,1.60,1.80
2009.01.02 14:04:41.674,0.84995,0.8502,1.60,1.60
2009.01.02 14:04:42.584,0.84995,0.85025,1.60,2.60
2009.01.02 14:04:42.984,0.85005,0.85025,1.60,1.80
2009.01.02 14:04:43.044,0.85005,0.85035,1.60,3.40
2009.01.02 14:04:43.904,0.8501,0.85035,1.60,1.80
2009.01.02 14:04:44.304,0.8501,0.8504,1.60,3.40
2009.01.02 14:04:45.283,0.85005,0.8504,2.80,5.00
2009.01.02 14:04:45.393,0.85005,0.85035,1.60,3.40
2009.01.02 14:04:46.583,0.8501,0.8504,1.60,3.40
2009.01.02 14:04:50.222,0.85015,0.8504,1.60,3.40
2009.01.02 14:04:50.502,0.85015,0.8504,1.60,1.60
2009.01.02 14:04:51.982,0.85005,0.8504,2.80,3.40
2009.01.02 14:04:54.671,0.85015,0.8504,1.60,3.40
2009.01.02 14:04:54.731,0.85015,0.8504,1.60,1.60
2009.01.02 14:04:55.721,0.85015,0.85045,1.60,4.20
2009.01.02 14:04:55.821,0.8502,0.85045,1.60,1.60
2009.01.02 14:04:56.621,0.8502,0.8505,1.60,4.20
2009.01.02 14:04:58.400,0.8502,0.85045,1.60,1.60
2009.01.02 14:04:58.460,0.85025,0.85045,1.60,1.60
2009.01.02 14:04:59.040,0.85025,0.85055,1.60,4.20
2009.01.02 14:04:59.900,0.85025,0.8505,1.60,1.60
2009.01.02 14:05:00.191,0.85005,0.8503,1.20,2.20
2009.01.02 14:05:00.530,0.85,0.85025,2.80,1.60
2009.01.02 14:05:00.820,0.85,0.85025,1.60,3.40
2009.01.02 14:05:01.109,0.85,0.8503,2.80,1.60
2009.01.02 14:05:01.639,0.85,0.85025,1.60,1.60
2009.01.02 14:05:01.920,0.85015,0.8504,1.60,3.40
2009.01.02 14:05:02.499,0.84995,0.85025,2.80,3.40
2009.01.02 14:05:02.799,0.84995,0.85025,2.80,4.20
2009.01.02 14:05:03.019,0.84995,0.8502,1.60,1.60
2009.01.02 14:05:03.549,0.85,0.85025,1.60,3.40
2009.01.02 14:05:03.719,0.85,0.85025,1.60,1.60
2009.01.02 14:05:04.179,0.85,0.85015,1.60,2.60
2009.01.02 14:05:04.349,0.84985,0.85015,1.60,2.60
2009.01.02 14:05:04.739,0.8499,0.85015,1.60,1.80
2009.01.02 14:05:04.849,0.85,0.85025,1.60,3.40
2009.01.02 14:05:04.969,0.85,0.85025,1.60,4.20
2009.01.02 14:05:05.559,0.84995,0.85025,1.20,4.20
2009.01.02 14:05:06.028,0.85,0.85025,1.60,1.60
2009.01.02 14:05:06.548,0.85,0.8503,1.60,3.40
2009.01.02 14:05:06.788,0.85,0.8503,2.80,3.40
2009.01.02 14:05:07.468,0.85,0.8503,2.80,1.80
2009.01.02 14:05:07.988,0.85005,0.8503,1.60,1.60
2009.01.02 14:05:08.908,0.8501,0.85035,1.60,3.40
2009.01.02 14:05:09.437,0.85005,0.85035,1.60,4.20
2009.01.02 14:05:12.187,0.85005,0.85035,2.80,2.20
2009.01.02 14:05:12.587,0.8501,0.85035,1.60,1.60
2009.01.02 14:05:12.877,0.85005,0.85025,1.20,1.60
2009.01.02 14:05:12.997,0.85,0.85025,2.80,1.00
2009.01.02 14:05:13.307,0.84995,0.8503,2.80,1.80
2009.01.02 14:05:14.506,0.85005,0.85025,1.20,1.60
2009.01.02 14:05:15.206,0.85005,0.85025,1.20,1.00
2009.01.02 14:05:15.436,0.85005,0.85035,1.20,3.40
2009.01.02 14:05:15.787,0.85005,0.8503,1.20,1.00
2009.01.02 14:05:16.186,0.85,0.8503,2.80,2.60
2009.01.02 14:05:18.365,0.85,0.8503,2.80,1.80
2009.01.02 14:05:18.526,0.85005,0.85035,1.20,2.60
2009.01.02 14:05:18.645,0.85005,0.85035,2.80,1.80
2009.01.02 14:05:19.105,0.85005,0.85035,1.60,1.80
2009.01.02 14:05:19.635,0.85,0.85025,1.60,1.80
2009.01.02 14:05:20.275,0.84995,0.85025,2.80,1.80
2009.01.02 14:05:20.505,0.85,0.85025,1.60,1.80
2009.01.02 14:05:20.965,0.85,0.8503,1.60,1.80
2009.01.02 14:05:22.124,0.85,0.8503,1.60,2.60
2009.01.02 14:05:22.354,0.85,0.85025,1.60,1.80
2009.01.02 14:05:33.682,0.85,0.85035,2.80,2.60
2009.01.02 14:05:34.631,0.85,0.8503,2.80,1.80
2009.01.02 14:05:35.031,0.85,0.85025,1.60,1.80
2009.01.02 14:05:49.818,0.85005,0.85025,1.60,1.80
2009.01.02 14:05:50.348,0.85005,0.85035,1.60,4.20
2009.01.02 14:05:53.047,0.85005,0.8503,1.60,1.80
2009.01.02 14:05:53.227,0.85005,0.85035,1.60,4.20
2009.01.02 14:05:54.117,0.85005,0.8503,1.60,1.80
2009.01.02 14:05:57.146,0.85005,0.8503,1.60,3.40
2009.01.02 14:05:57.506,0.85,0.85025,1.60,1.80
2009.01.02 14:05:57.796,0.85,0.8503,1.60,4.20
2009.01.02 14:05:59.876,0.8498,0.8501,1.20,1.80
2009.01.02 14:06:00.375,0.8498,0.85005,1.20,1.60
2009.01.02 14:06:00.605,0.84975,0.85005,1.60,3.40
2009.01.02 14:06:03.335,0.8497,0.85005,2.80,4.20
2009.01.02 14:06:03.795,0.8497,0.85,1.60,1.80
2009.01.02 14:06:05.074,0.8497,0.85,1.60,2.60
2009.01.02 14:06:05.754,0.8497,0.84995,1.60,1.80
2009.01.02 14:06:06.254,0.84975,0.85005,1.60,3.40
2009.01.02 14:06:07.714,0.8498,0.85005,1.60,1.80
2009.01.02 14:06:08.114,0.8498,0.8501,1.60,4.20
2009.01.02 14:06:08.703,0.8498,0.8501,1.60,2.60
2009.01.02 14:06:08.973,0.8498,0.8501,2.80,2.60
2009.01.02 14:06:09.563,0.84985,0.8501,1.60,1.80
2009.01.02 14:06:10.063,0.8498,0.8501,1.60,4.20
2009.01.02 14:06:10.533,0.8498,0.8501,1.60,2.60
2009.01.02 14:06:11.163,0.84985,0.8501,1.60,1.80
2009.01.02 14:06:14.672,0.8498,0.8501,2.80,4.20
2009.01.02 14:06:14.782,0.8498,0.8501,1.60,4.20
2009.01.02 14:06:16.702,0.84985,0.8501,1.60,1.80
2009.01.02 14:07:04.929,0.8499,0.8501,1.60,1.80
2009.01.02 14:07:05.270,0.8499,0.85015,1.60,1.80
2009.01.02 14:07:09.000,0.84985,0.8501,1.60,1.80
2009.01.02 14:07:09.169,0.8498,0.8501,1.60,1.80
2009.01.02 14:07:11.698,0.8498,0.8501,2.80,1.80
2009.01.02 14:07:12.678,0.84985,0.8501,1.60,1.80
2009.01.02 14:07:12.908,0.84985,0.85015,1.60,1.80
2009.01.02 14:07:18.737,0.8499,0.85015,1.60,1.80
2009.01.02 14:07:18.906,0.8499,0.8502,1.60,1.80
2009.01.02 14:07:20.816,0.84995,0.85025,1.60,1.80
2009.01.02 14:07:24.155,0.84995,0.8502,1.60,1.80
2009.01.02 14:07:24.435,0.84995,0.85025,1.60,1.80
2009.01.02 14:07:34.343,0.85,0.85025,1.60,1.80
2009.01.02 14:07:37.752,0.84995,0.85025,2.80,1.80
2009.01.02 14:07:38.972,0.84995,0.85025,1.60,1.80
2009.01.02 14:07:44.290,0.84995,0.8503,2.80,1.80
2009.01.02 14:07:45.030,0.8501,0.85035,1.60,1.80
2009.01.02 14:07:45.710,0.85005,0.85035,1.60,1.80
2009.01.02 14:07:49.589,0.85005,0.8504,2.80,2.60
2009.01.02 14:07:50.949,0.85005,0.85035,2.80,1.00
2009.01.02 14:07:51.398,0.85005,0.85035,1.60,1.80
2009.01.02 14:07:51.638,0.8501,0.8504,1.60,1.80
2009.01.02 14:07:52.089,0.8501,0.85035,1.60,1.80
2009.01.02 14:08:00.216,0.85,0.85035,2.80,2.60
2009.01.02 14:08:00.686,0.85,0.8503,2.80,1.80
2009.01.02 14:08:12.193,0.8501,0.85035,1.60,1.80
2009.01.02 14:08:14.273,0.85,0.85035,2.80,2.60
2009.01.02 14:08:14.713,0.85,0.8503,1.60,1.80
2009.01.02 14:08:14.823,0.85,0.8503,2.80,1.80
2009.01.02 14:08:21.471,0.85,0.85025,1.60,1.80
2009.01.02 14:08:21.941,0.85,0.8503,2.80,1.80
2009.01.02 14:08:22.221,0.85,0.8503,1.20,2.60
2009.01.02 14:08:22.461,0.85,0.85025,1.20,1.00
2009.01.02 14:08:22.801,0.8499,0.8502,1.60,1.80
2009.01.02 14:08:35.878,0.84995,0.8502,1.60,1.80
2009.01.02 14:08:36.448,0.84995,0.85025,1.60,1.80
2009.01.02 14:08:37.297,0.85,0.8503,1.60,1.80
2009.01.02 14:08:37.627,0.85,0.8503,1.20,4.20
2009.01.02 14:08:37.927,0.8499,0.85025,2.80,4.20
2009.01.02 14:08:38.437,0.8499,0.8502,1.60,1.80
2009.01.02 14:09:07.270,0.8499,0.8502,1.60,3.40
2009.01.02 14:09:07.510,0.84985,0.8502,2.80,4.20
2009.01.02 14:09:07.730,0.84985,0.85015,1.60,1.80
2009.01.02 14:09:14.029,0.8498,0.85015,2.80,2.60
2009.01.02 14:09:14.438,0.8498,0.8501,1.60,1.80
2009.01.02 14:09:14.498,0.8498,0.8501,2.80,1.80
2009.01.02 14:09:22.596,0.84985,0.8501,1.60,1.80
2009.01.02 14:09:23.056,0.8498,0.8501,1.60,2.60
2009.01.02 14:09:39.253,0.84985,0.8501,1.60,1.80
2009.01.02 14:09:39.303,0.8498,0.8501,2.80,2.60
2009.01.02 14:09:39.712,0.8498,0.8501,1.60,2.60
2009.01.02 14:09:40.572,0.84985,0.8501,1.60,1.80
2009.01.02 14:09:41.022,0.84995,0.85015,1.60,1.80
2009.01.02 14:09:41.382,0.84985,0.85015,1.60,1.80
2009.01.02 14:09:42.292,0.8499,0.85015,1.60,1.80
2009.01.02 14:09:42.462,0.8499,0.8502,1.60,1.80
2009.01.02 14:09:45.231,0.8499,0.8502,1.60,2.60
2009.01.02 14:09:45.351,0.8499,0.85015,1.60,1.80
2009.01.02 14:09:46.351,0.8499,0.8502,1.60,1.80
2009.01.02 14:09:47.920,0.84995,0.85025,2.80,1.80
2009.01.02 14:09:49.980,0.85,0.85025,1.60,1.80
2009.01.02 14:09:50.040,0.85015,0.85035,1.60,1.80
2009.01.02 14:09:50.440,0.85015,0.8504,1.60,1.80
2009.01.02 14:09:51.640,0.85015,0.85045,1.60,2.60
2009.01.02 14:09:51.870,0.85015,0.85045,1.60,1.80
2009.01.02 14:09:54.349,0.8502,0.85045,1.60,1.80
2009.01.02 14:09:54.969,0.8502,0.8505,2.80,1.60
2009.01.02 14:09:55.558,0.8502,0.8505,1.60,3.40
2009.01.02 14:10:00.727,0.85025,0.8505,1.60,1.80
2009.01.02 14:10:01.367,0.8502,0.8505,2.80,1.60
2009.01.02 14:10:01.827,0.8502,0.8505,1.60,3.40
2009.01.02 14:10:02.009,0.8502,0.8505,1.60,5.00
2009.01.02 14:10:02.287,0.85015,0.8504,1.60,1.80
2009.01.02 14:10:03.737,0.8502,0.8504,1.60,1.80
2009.01.02 14:10:04.027,0.8502,0.8505,1.60,3.40
2009.01.02 14:10:05.396,0.85015,0.8505,2.80,3.40
2009.01.02 14:10:05.966,0.85015,0.85045,1.60,1.80
2009.01.02 14:10:08.436,0.85015,0.85045,1.60,2.60
2009.01.02 14:10:08.715,0.85015,0.8504,1.60,1.80
2009.01.02 14:10:11.885,0.8503,0.85045,1.60,1.80
2009.01.02 14:10:12.295,0.8503,0.85055,1.60,1.80
2009.01.02 14:10:12.534,0.85035,0.8506,1.60,5.00
2009.01.02 14:10:13.045,0.85035,0.8506,1.60,3.20
2009.01.02 14:10:25.851,0.85045,0.85075,1.20,2.60
2009.01.02 14:10:26.611,0.8505,0.8506,1.60,3.20
2009.01.02 14:10:28.531,0.8505,0.8508,1.60,1.80
2009.01.02 14:10:29.111,0.8505,0.85075,1.60,1.80
2009.01.02 14:10:30.190,0.8505,0.8506,1.60,3.20
2009.01.02 14:10:30.550,0.8505,0.8508,1.60,1.80
2009.01.02 14:10:32.030,0.8505,0.8508,1.60,3.40
2009.01.02 14:10:32.200,0.8505,0.85075,1.60,1.80
2009.01.02 14:10:32.770,0.8505,0.8508,1.60,1.80
2009.01.02 14:10:34.409,0.8505,0.8508,1.60,3.40
2009.01.02 14:10:35.699,0.8505,0.8506,1.60,3.20
2009.01.02 14:10:36.279,0.85045,0.8506,1.60,3.20
2009.01.02 14:10:38.158,0.85045,0.8507,1.60,1.80
2009.01.02 14:10:41.428,0.8504,0.8507,2.80,2.60
2009.01.02 14:10:41.727,0.8504,0.8507,1.60,2.60
2009.01.02 14:10:42.247,0.85045,0.8507,1.60,1.80
2009.01.02 14:10:42.417,0.85045,0.8506,1.60,3.20
2009.01.02 14:10:43.167,0.85045,0.85075,2.80,2.60
2009.01.02 14:10:44.487,0.85045,0.8507,1.60,1.80
2009.01.02 14:10:45.117,0.85045,0.8506,1.60,3.20
2009.01.02 14:10:46.606,0.8504,0.8507,1.60,2.60
2009.01.02 14:10:47.806,0.8504,0.8507,2.80,2.60
2009.01.02 14:10:48.306,0.85045,0.8506,1.60,3.20
2009.01.02 14:10:53.295,0.8505,0.8506,1.60,3.20
2009.01.02 14:10:53.745,0.85045,0.85075,2.80,1.80
2009.01.02 14:10:54.674,0.85045,0.8507,1.60,1.80
2009.01.02 14:10:55.534,0.8503,0.8506,2.80,5.00
2009.01.02 14:10:56.984,0.85035,0.8506,1.60,3.20
2009.01.02 14:10:58.454,0.8504,0.8507,1.60,1.80
2009.01.02 14:11:08.731,0.8504,0.8506,1.60,3.20
2009.01.02 14:11:08.891,0.8504,0.8507,1.60,1.80
2009.01.02 14:11:09.531,0.85035,0.8507,2.80,4.20
2009.01.02 14:11:09.891,0.85035,0.8506,1.60,3.20
2009.01.02 14:11:10.920,0.8504,0.8506,1.60,3.20
2009.01.02 14:11:11.560,0.8504,0.8507,1.60,4.20
2009.01.02 14:11:11.970,0.8505,0.8507,1.60,1.80
2009.01.02 14:11:12.260,0.8505,0.8506,1.60,3.20
2009.01.02 14:11:13.330,0.85045,0.8506,1.60,3.20
2009.01.02 14:11:15.159,0.85045,0.8506,2.80,3.20
2009.01.02 14:11:15.279,0.8505,0.8506,1.60,3.20
2009.01.02 14:11:15.630,0.8505,0.85075,1.60,1.80
2009.01.02 14:11:18.498,0.8505,0.8506,1.60,3.20
2009.01.02 14:11:19.548,0.85045,0.8507,1.20,1.00
2009.01.02 14:11:19.948,0.85035,0.85065,1.20,2.20
2009.01.02 14:11:20.408,0.8503,0.8506,2.80,5.00
2009.01.02 14:11:21.058,0.8503,0.8506,1.60,5.00
2009.01.02 14:11:21.468,0.8503,0.8506,2.80,5.00
2009.01.02 14:11:24.588,0.8503,0.8506,1.60,5.00
2009.01.02 14:11:25.287,0.8503,0.8506,2.80,5.00
2009.01.02 14:11:26.157,0.8503,0.8506,1.60,5.00
2009.01.02 14:11:26.907,0.8503,0.8506,2.80,5.00
2009.01.02 14:11:32.555,0.85035,0.8506,1.60,3.20
2009.01.02 14:11:33.575,0.8504,0.8507,1.60,2.60
2009.01.02 14:11:35.134,0.85035,0.8506,1.60,6.60
2009.01.02 14:11:35.296,0.8503,0.8506,2.80,7.40
2009.01.02 14:11:35.925,0.8503,0.85055,1.60,1.80
2009.01.02 14:11:40.543,0.8503,0.8506,2.80,5.00
2009.01.02 14:11:40.944,0.85035,0.8506,1.60,3.20
2009.01.02 14:11:44.072,0.85035,0.85055,1.60,1.60
2009.01.02 14:11:44.582,0.8502,0.85045,1.20,1.60
2009.01.02 14:11:44.872,0.85015,0.85045,1.60,3.40
2009.01.02 14:11:44.992,0.85015,0.85045,1.60,1.80
2009.01.02 14:11:45.802,0.8501,0.85045,2.80,4.20
2009.01.02 14:11:46.082,0.85015,0.8504,1.60,1.80
2009.01.02 14:11:51.031,0.85015,0.85045,1.60,1.80
2009.01.02 14:11:51.431,0.85015,0.85045,2.80,1.80
2009.01.02 14:11:52.730,0.85015,0.85045,2.80,2.60
2009.01.02 14:11:53.340,0.85015,0.8504,1.60,1.80
2009.01.02 14:11:54.030,0.85015,0.85045,2.80,1.00
2009.01.02 14:11:54.500,0.8503,0.85055,1.60,1.80
2009.01.02 14:11:54.941,0.85025,0.85055,1.60,1.80
2009.01.02 14:12:01.748,0.85025,0.8505,1.60,1.80
2009.01.02 14:12:02.268,0.85015,0.8505,2.80,1.80
2009.01.02 14:12:02.788,0.85015,0.8504,1.60,1.80
2009.01.02 14:12:03.078,0.85025,0.85055,1.60,1.80
2009.01.02 14:12:07.587,0.8503,0.8506,1.60,5.00
2009.01.02 14:12:13.486,0.8503,0.8506,1.60,5.80
2009.01.02 14:12:15.365,0.8503,0.8506,2.80,5.80
2009.01.02 14:12:15.595,0.8503,0.8506,1.60,5.80
2009.01.02 14:12:16.934,0.8503,0.8506,1.60,5.00
2009.01.02 14:12:17.565,0.8504,0.8506,1.60,5.00
2009.01.02 14:12:17.964,0.8504,0.8506,1.60,3.20
2009.01.02 14:12:21.363,0.8504,0.85065,1.60,5.00
2009.01.02 14:12:22.123,0.8504,0.8507,2.80,7.40
2009.01.02 14:12:23.443,0.8504,0.8506,2.80,3.20
2009.01.02 14:12:27.972,0.85045,0.8507,1.60,1.80
2009.01.02 14:12:28.022,0.85045,0.85075,2.80,1.80
2009.01.02 14:12:38.179,0.85045,0.8508,2.80,2.60
2009.01.02 14:12:38.519,0.8505,0.8506,1.60,3.20
2009.01.02 14:12:39.159,0.85045,0.85075,2.80,1.80
2009.01.02 14:12:43.698,0.8506,0.85075,1.60,1.80
2009.01.02 14:12:44.238,0.8505,0.8508,1.60,1.80
2009.01.02 14:12:46.897,0.8506,0.8508,1.60,1.80
2009.01.02 14:12:47.447,0.85065,0.8509,1.60,1.80
2009.01.02 14:12:47.797,0.85055,0.8509,2.80,2.60
2009.01.02 14:12:48.597,0.85055,0.85085,2.80,1.00
2009.01.02 14:12:48.717,0.85055,0.85085,1.60,2.60
2009.01.02 14:12:49.467,0.85065,0.85095,1.60,2.60
2009.01.02 14:12:49.887,0.85065,0.8509,1.60,1.80
2009.01.02 14:12:50.366,0.8507,0.85095,1.60,1.80
2009.01.02 14:12:50.596,0.8507,0.851,1.60,1.80
2009.01.02 14:12:51.656,0.85075,0.851,1.60,1.80
2009.01.02 14:12:58.645,0.85075,0.85105,2.80,1.80
2009.01.02 14:12:59.064,0.85085,0.85115,1.60,2.60
2009.01.02 14:12:59.174,0.8508,0.8511,2.80,1.00
2009.01.02 14:12:59.594,0.8508,0.8511,1.60,2.60
2009.01.02 14:13:00.884,0.8509,0.8511,1.60,1.80
2009.01.02 14:13:01.224,0.8509,0.85115,1.60,1.80
2009.01.02 14:13:01.854,0.8509,0.8512,1.60,4.20
2009.01.02 14:13:02.993,0.8509,0.8512,1.60,1.80
2009.01.02 14:13:03.983,0.85095,0.85125,1.60,1.80
2009.01.02 14:13:04.813,0.85105,0.8513,1.60,1.80
2009.01.02 14:13:05.343,0.85105,0.85135,1.60,2.60
2009.01.02 14:13:05.793,0.8511,0.85135,1.60,1.80
2009.01.02 14:13:06.322,0.85125,0.85155,1.60,2.60
2009.01.02 14:13:06.662,0.85125,0.85155,1.60,1.80
2009.01.02 14:13:07.083,0.85125,0.8516,2.80,2.60
2009.01.02 14:13:08.432,0.85125,0.8516,2.80,4.20
2009.01.02 14:13:09.852,0.8513,0.8516,1.60,1.80
2009.01.02 14:13:10.401,0.85125,0.8515,1.20,1.00
2009.01.02 14:13:10.752,0.85125,0.85155,1.60,2.60
2009.01.02 14:13:11.841,0.85125,0.8515,1.60,1.60
2009.01.02 14:13:12.081,0.85115,0.8515,2.80,4.20
2009.01.02 14:13:12.141,0.8512,0.85145,1.60,1.80
2009.01.02 14:13:12.491,0.8512,0.8515,2.80,1.00
2009.01.02 14:13:12.612,0.8512,0.8515,1.60,2.60
2009.01.02 14:13:14.321,0.85115,0.85145,1.60,1.80
2009.01.02 14:13:14.720,0.8512,0.85145,1.60,1.80
2009.01.02 14:13:14.830,0.8512,0.8515,1.60,2.60
2009.01.02 14:13:15.520,0.8512,0.8515,2.80,2.60
2009.01.02 14:13:16.500,0.85125,0.85155,1.60,1.80
2009.01.02 14:13:17.000,0.85125,0.8516,2.80,2.60
2009.01.02 14:13:18.090,0.8513,0.8516,1.60,1.80
2009.01.02 14:13:19.940,0.85125,0.8516,2.80,2.60
2009.01.02 14:13:20.919,0.85125,0.85155,1.60,2.60
2009.01.02 14:13:21.279,0.85125,0.85155,1.60,1.80
2009.01.02 14:13:21.689,0.85125,0.85145,1.60,1.80
2009.01.02 14:13:22.778,0.85125,0.85155,1.60,2.60
2009.01.02 14:13:30.697,0.85125,0.8515,1.60,1.80
2009.01.02 14:13:31.038,0.8513,0.8516,1.60,1.80
2009.01.02 14:13:31.676,0.85125,0.8516,2.80,2.60
2009.01.02 14:13:32.546,0.85125,0.85155,2.80,1.00
2009.01.02 14:13:33.116,0.85125,0.8515,1.60,1.80
2009.01.02 14:13:33.526,0.85125,0.8516,2.80,2.60
2009.01.02 14:13:33.916,0.8513,0.8516,1.60,1.80
2009.01.02 14:13:34.256,0.85135,0.85165,1.60,2.60
2009.01.02 14:13:35.006,0.85135,0.85165,1.60,1.80
2009.01.02 14:13:35.526,0.85145,0.85175,2.80,1.00
2009.01.02 14:13:35.985,0.8515,0.8517,2.80,1.20
2009.01.02 14:13:37.245,0.8515,0.8517,1.60,1.20
2009.01.02 14:13:38.155,0.85145,0.8517,1.60,1.20
2009.01.02 14:13:41.435,0.8514,0.8517,2.80,3.00
2009.01.02 14:13:41.834,0.85135,0.85165,2.80,4.20
2009.01.02 14:13:42.304,0.85135,0.85165,1.60,4.20
2009.01.02 14:13:44.043,0.8514,0.85165,1.60,1.80
2009.01.02 14:13:44.503,0.8514,0.8517,2.80,3.00
2009.01.02 14:13:44.793,0.8514,0.8517,2.80,1.20
2009.01.02 14:13:45.193,0.8514,0.8517,2.80,2.80
2009.01.02 14:13:46.103,0.85145,0.8517,1.60,1.20
2009.01.02 14:13:46.223,0.85145,0.85175,2.80,1.60
2009.01.02 14:13:46.633,0.85145,0.8517,1.60,1.20
2009.01.02 14:13:46.873,0.8515,0.85175,1.60,1.60
2009.01.02 14:13:47.393,0.8515,0.85175,2.80,1.60
2009.01.02 14:13:47.913,0.8515,0.85175,1.60,1.60
2009.01.02 14:13:48.203,0.85145,0.8517,1.60,1.20
2009.01.02 14:13:50.712,0.85145,0.8517,1.60,2.00
2009.01.02 14:13:51.183,0.8514,0.8517,2.80,2.80
2009.01.02 14:13:52.112,0.85135,0.85165,2.80,3.40
2009.01.02 14:13:52.412,0.85135,0.85165,2.80,1.60
2009.01.02 14:13:53.031,0.85135,0.85165,1.20,2.20
2009.01.02 14:13:53.321,0.85135,0.85165,1.60,5.00
2009.01.02 14:13:53.771,0.85135,0.85165,1.60,4.20
2009.01.02 14:13:54.181,0.85125,0.8516,2.80,1.80
2009.01.02 14:13:54.901,0.85135,0.8516,1.60,3.40
2009.01.02 14:13:55.421,0.85135,0.8516,1.60,1.60
2009.01.02 14:13:55.931,0.8513,0.8515,1.20,1.60
2009.01.02 14:13:56.272,0.8512,0.8515,2.80,3.40
2009.01.02 14:13:57.820,0.8512,0.8515,1.20,4.20
2009.01.02 14:13:58.040,0.85115,0.85145,2.80,1.60
2009.01.02 14:13:58.780,0.85115,0.85145,2.80,2.20
2009.01.02 14:13:59.070,0.85115,0.85145,1.60,4.20
2009.01.02 14:14:01.689,0.8511,0.8514,2.80,1.00
2009.01.02 14:14:02.149,0.8511,0.8514,1.60,4.20
2009.01.02 14:14:03.199,0.8512,0.8514,1.60,1.80
2009.01.02 14:14:03.549,0.8512,0.85145,1.60,1.60
2009.01.02 14:14:04.249,0.8512,0.8515,2.80,3.40
2009.01.02 14:14:04.599,0.8513,0.8516,1.60,4.20
2009.01.02 14:14:05.418,0.8513,0.85155,1.60,1.60
2009.01.02 14:14:05.758,0.85135,0.85155,1.60,1.60
2009.01.02 14:14:06.058,0.85135,0.8516,1.60,1.60
2009.01.02 14:14:06.508,0.85135,0.85165,1.60,2.60
2009.01.02 14:14:06.918,0.8514,0.8517,2.80,2.80
2009.01.02 14:14:08.108,0.8514,0.8517,2.80,4.60
2009.01.02 14:14:08.627,0.8514,0.85165,1.60,1.60
2009.01.02 14:14:09.097,0.85135,0.85165,2.80,1.60
2009.01.02 14:14:11.087,0.8514,0.8517,2.80,4.60
2009.01.02 14:14:11.557,0.8514,0.8517,2.80,2.80
2009.01.02 14:14:13.656,0.8514,0.8517,1.20,4.20
2009.01.02 14:14:13.946,0.8514,0.85165,1.20,1.60
2009.01.02 14:14:14.056,0.85135,0.85165,2.80,3.40
2009.01.02 14:14:14.796,0.85135,0.85165,2.80,1.60
2009.01.02 14:14:15.606,0.85135,0.85155,1.20,1.00
2009.01.02 14:14:16.136,0.8513,0.8516,1.20,3.00
2009.01.02 14:14:16.366,0.85125,0.85155,2.80,1.60
2009.01.02 14:14:17.405,0.85125,0.85155,2.80,3.40
2009.01.02 14:14:18.705,0.85125,0.8516,2.80,4.20
2009.01.02 14:14:19.345,0.85135,0.8516,1.60,1.80
2009.01.02 14:14:19.815,0.8514,0.8517,1.60,3.00
2009.01.02 14:14:19.875,0.85145,0.8517,1.60,3.00
2009.01.02 14:14:20.455,0.85145,0.8517,1.60,1.20
2009.01.02 14:14:23.454,0.8515,0.8518,1.60,4.20
2009.01.02 14:14:26.923,0.8515,0.85175,1.60,1.60
2009.01.02 14:14:27.513,0.85145,0.8517,1.60,1.20
2009.01.02 14:14:30.392,0.85145,0.8517,1.60,2.80
2009.01.02 14:14:31.042,0.8514,0.8517,2.80,2.80
2009.01.02 14:14:31.282,0.85145,0.8517,1.60,2.00
2009.01.02 14:14:31.452,0.85145,0.8517,1.60,1.20
2009.01.02 14:14:32.102,0.85145,0.8517,1.60,2.80
2009.01.02 14:14:32.272,0.8514,0.8517,2.80,4.60
2009.01.02 14:14:32.962,0.8514,0.8517,2.80,2.80
2009.01.02 14:14:45.289,0.85145,0.85175,1.60,3.80
2009.01.02 14:14:46.258,0.8514,0.85175,2.80,3.80
2009.01.02 14:14:46.649,0.8514,0.8517,2.80,1.20
2009.01.02 14:14:47.228,0.8514,0.8517,2.80,3.00
2009.01.02 14:14:47.518,0.85145,0.8517,1.60,1.20
2009.01.02 14:14:48.088,0.8514,0.8517,2.80,1.20
2009.01.02 14:14:48.548,0.85145,0.8517,1.60,3.00
2009.01.02 14:14:49.028,0.85145,0.8517,1.60,1.20
2009.01.02 14:14:49.518,0.85155,0.8517,1.60,1.20
2009.01.02 14:14:50.048,0.8515,0.8518,1.60,2.60
2009.01.02 14:14:50.857,0.8515,0.8517,1.60,1.20
2009.01.02 14:14:52.237,0.8515,0.8517,2.80,1.20
2009.01.02 14:14:52.817,0.8515,0.8517,1.60,1.20
2009.01.02 14:14:56.126,0.8515,0.8518,1.60,3.80
2009.01.02 14:15:00.055,0.8515,0.8518,2.80,3.80
2009.01.02 14:15:03.014,0.8515,0.8518,2.80,2.60
2009.01.02 14:15:04.004,0.85155,0.85185,1.60,2.60
2009.01.02 14:15:04.504,0.8516,0.85195,2.80,2.60
2009.01.02 14:15:04.864,0.8517,0.852,1.60,2.60
2009.01.02 14:15:07.743,0.85165,0.85195,2.80,1.00
2009.01.02 14:15:08.253,0.85165,0.85195,2.80,2.60
2009.01.02 14:15:13.012,0.85165,0.8519,1.20,1.00
2009.01.02 14:15:13.252,0.85155,0.8519,2.80,2.60
2009.01.02 14:15:14.512,0.85165,0.85195,1.60,2.60
2009.01.02 14:15:14.792,0.85165,0.85195,2.80,2.60
2009.01.02 14:15:16.931,0.85175,0.85195,1.60,1.80
2009.01.02 14:15:17.211,0.85175,0.852,1.60,1.80
2009.01.02 14:15:17.391,0.8517,0.852,1.60,2.60
2009.01.02 14:15:18.371,0.85165,0.85195,1.60,2.60
2009.01.02 14:15:18.971,0.85155,0.8519,2.80,2.60
2009.01.02 14:15:23.360,0.8516,0.8519,1.60,1.80
2009.01.02 14:15:24.130,0.8516,0.85195,2.80,2.60
2009.01.02 14:15:33.997,0.8516,0.8519,1.20,1.00
2009.01.02 14:15:34.587,0.85155,0.8519,2.80,2.60
2009.01.02 14:15:38.706,0.85165,0.8519,1.60,1.80
2009.01.02 14:15:39.106,0.8516,0.8519,1.60,2.60
2009.01.02 14:15:41.435,0.8516,0.85195,2.80,2.60
2009.01.02 14:15:41.675,0.8516,0.8519,2.80,1.00
2009.01.02 14:15:42.375,0.8516,0.8519,1.60,2.60
2009.01.02 14:15:42.775,0.8516,0.85195,2.80,2.60
2009.01.02 14:15:47.344,0.8516,0.8519,1.60,1.80
2009.01.02 14:15:47.874,0.8517,0.852,1.60,1.80
2009.01.02 14:15:48.334,0.85165,0.852,2.80,2.60
2009.01.02 14:15:48.733,0.8516,0.85195,2.80,1.80
2009.01.02 14:15:54.502,0.8516,0.85195,1.20,2.60
2009.01.02 14:15:57.701,0.85165,0.85195,1.20,2.60
2009.01.02 14:16:01.900,0.8516,0.85195,1.20,2.60
2009.01.02 14:16:02.630,0.85155,0.85185,1.20,1.00
2009.01.02 14:16:04.690,0.85155,0.8519,2.80,1.80
2009.01.02 14:16:04.809,0.85165,0.85195,1.20,2.60
2009.01.02 14:16:07.389,0.85165,0.8519,1.20,1.00
2009.01.02 14:16:07.729,0.85155,0.8519,1.20,2.60
2009.01.02 14:16:10.248,0.85155,0.85185,1.20,2.60
2009.01.02 14:16:10.298,0.85155,0.85185,2.80,1.80
2009.01.02 14:16:10.528,0.8516,0.8519,1.20,1.00
2009.01.02 14:16:21.295,0.8516,0.85185,1.20,1.00
2009.01.02 14:16:21.586,0.85155,0.85185,1.20,2.60
2009.01.02 14:16:21.696,0.85155,0.85185,1.20,1.00
2009.01.02 14:16:23.045,0.85155,0.85185,2.80,1.00
2009.01.02 14:16:23.445,0.8515,0.85185,2.80,2.60
2009.01.02 14:16:23.975,0.85155,0.85175,1.20,1.00
2009.01.02 14:16:24.365,0.85145,0.85175,2.80,1.00
2009.01.02 14:16:24.665,0.85145,0.8517,1.20,1.00
2009.01.02 14:16:25.215,0.8514,0.8517,2.80,1.00
2009.01.02 14:16:26.764,0.85145,0.85175,1.60,2.60
2009.01.02 14:16:27.274,0.85145,0.85175,2.80,1.00
2009.01.02 14:16:30.813,0.85145,0.8518,1.20,1.80
2009.01.02 14:16:33.344,0.8514,0.85175,1.20,1.80
2009.01.02 14:16:33.692,0.8514,0.8517,2.80,1.00
2009.01.02 14:16:34.222,0.8514,0.85175,1.20,1.80
2009.01.02 14:16:35.692,0.85135,0.85165,1.20,1.80
2009.01.02 14:16:35.802,0.85135,0.85165,1.20,2.60
2009.01.02 14:16:36.942,0.85135,0.8516,1.20,1.00
2009.01.02 14:16:37.362,0.8513,0.8516,1.20,1.00
2009.01.02 14:16:39.212,0.8513,0.85165,2.80,2.60
2009.01.02 14:16:39.731,0.85135,0.85165,1.20,1.00
2009.01.02 14:16:55.537,0.85135,0.8516,1.20,1.00
2009.01.02 14:16:55.887,0.8513,0.8516,1.20,1.00
2009.01.02 14:16:58.097,0.85125,0.85155,2.80,1.00
2009.01.02 14:16:59.097,0.8512,0.85145,1.20,1.00
2009.01.02 14:16:59.506,0.8511,0.8514,1.20,1.00
2009.01.02 14:17:00.196,0.8511,0.85135,1.20,1.00
2009.01.02 14:17:00.666,0.85105,0.85135,2.80,1.00
2009.01.02 14:17:03.595,0.85105,0.85135,1.20,2.60
2009.01.02 14:17:04.335,0.85105,0.8513,1.20,1.00
2009.01.02 14:17:04.785,0.851,0.8513,1.20,1.00
2009.01.02 14:17:06.065,0.85095,0.8513,2.80,2.60
2009.01.02 14:17:06.175,0.851,0.8513,1.20,1.00
2009.01.02 14:17:07.804,0.85105,0.85135,2.80,1.00
2009.01.02 14:17:12.093,0.85105,0.85135,1.20,2.60
2009.01.02 14:17:13.813,0.85105,0.8513,1.20,1.00
2009.01.02 14:17:14.153,0.851,0.8513,1.20,1.00
2009.01.02 14:17:16.292,0.85095,0.85125,1.20,1.00
2009.01.02 14:17:16.752,0.85095,0.8513,2.80,2.60
2009.01.02 14:17:16.972,0.851,0.8513,1.20,1.00
2009.01.02 14:17:28.239,0.85105,0.8513,1.20,1.00
2009.01.02 14:17:30.969,0.851,0.8513,1.20,1.00
2009.01.02 14:17:31.199,0.85105,0.8513,1.20,1.00
2009.01.02 14:17:34.208,0.85105,0.85125,1.20,1.00
2009.01.02 14:17:34.318,0.85095,0.85125,2.80,1.00
2009.01.02 14:17:39.497,0.85095,0.8513,2.80,2.60
2009.01.02 14:17:40.237,0.851,0.8513,1.20,1.00
2009.01.02 14:17:51.854,0.85105,0.8513,1.20,1.00
2009.01.02 14:17:53.624,0.851,0.8513,1.20,1.00
2009.01.02 14:18:15.029,0.851,0.85125,1.20,1.00
2009.01.02 14:18:15.368,0.85095,0.85125,2.80,1.00
2009.01.02 14:18:16.138,0.85105,0.8513,1.20,1.00
2009.01.02 14:18:16.698,0.85105,0.8514,2.80,4.20
2009.01.02 14:18:17.230,0.85105,0.85135,1.20,1.00
2009.01.02 14:18:17.688,0.8511,0.8514,1.20,1.00
2009.01.02 14:18:23.696,0.85115,0.85145,1.20,1.00
2009.01.02 14:18:24.096,0.85115,0.8515,1.20,2.60
2009.01.02 14:18:25.156,0.8512,0.8515,1.20,2.60
2009.01.02 14:18:25.856,0.8512,0.85145,1.20,1.00
2009.01.02 14:18:26.036,0.8511,0.85145,2.80,2.60
2009.01.02 14:18:26.635,0.85115,0.85145,1.20,1.00
2009.01.02 14:18:28.595,0.85115,0.8514,1.20,1.00
2009.01.02 14:18:28.995,0.8511,0.8514,1.20,1.00
2009.01.02 14:18:30.985,0.8511,0.85145,2.80,2.60
2009.01.02 14:18:31.394,0.85115,0.85145,1.20,1.00
2009.01.02 14:18:34.364,0.85115,0.85145,1.60,2.60
2009.01.02 14:18:34.764,0.8512,0.85145,1.20,1.00
2009.01.02 14:18:35.284,0.8512,0.8515,1.20,2.60
2009.01.02 14:18:35.693,0.85125,0.85155,1.20,1.00
2009.01.02 14:18:36.053,0.85125,0.8516,1.20,2.60
2009.01.02 14:18:46.381,0.85125,0.85155,1.20,1.00
2009.01.02 14:18:46.721,0.8512,0.8515,2.80,1.80
2009.01.02 14:18:49.110,0.85105,0.85135,1.20,1.00
2009.01.02 14:18:50.090,0.851,0.8513,2.80,1.80
2009.01.02 14:18:50.450,0.85115,0.85145,2.80,1.80
2009.01.02 14:18:51.265,0.85115,0.8514,1.20,2.20
2009.01.02 14:18:51.779,0.8511,0.8514,1.20,1.80
2009.01.02 14:18:52.809,0.85105,0.85125,1.20,1.00
2009.01.02 14:18:53.289,0.8509,0.8512,1.20,1.80
2009.01.02 14:18:53.759,0.8509,0.8512,1.20,4.20
2009.01.02 14:18:54.219,0.85085,0.85115,1.60,3.40
2009.01.02 14:18:54.609,0.85075,0.85105,2.80,1.80
2009.01.02 14:18:54.779,0.8508,0.8511,1.20,2.60
2009.01.02 14:18:55.549,0.8508,0.85105,1.60,1.80
2009.01.02 14:18:55.729,0.85085,0.8511,1.60,1.80
2009.01.02 14:18:56.248,0.85085,0.85115,1.60,1.80
2009.01.02 14:18:56.658,0.85085,0.8512,2.80,2.60
2009.01.02 14:18:57.128,0.85085,0.85115,1.20,1.00
2009.01.02 14:18:58.188,0.8508,0.85115,1.20,2.60
2009.01.02 14:18:58.938,0.85065,0.851,1.20,4.20
2009.01.02 14:18:59.168,0.8506,0.85085,1.20,2.20
2009.01.02 14:18:59.898,0.8505,0.85085,2.80,3.40
2009.01.02 14:19:00.347,0.8505,0.8508,1.60,1.80
2009.01.02 14:19:00.747,0.85045,0.85075,1.60,2.60
2009.01.02 14:19:02.197,0.8505,0.85075,1.60,1.80
2009.01.02 14:19:02.637,0.8505,0.8508,1.60,2.60
2009.01.02 14:19:04.516,0.8505,0.8508,1.60,4.20
2009.01.02 14:19:04.976,0.8505,0.85075,1.60,1.80
2009.01.02 14:19:05.326,0.8504,0.8507,2.80,1.00
2009.01.02 14:19:05.496,0.8504,0.8507,1.60,2.60
2009.01.02 14:19:06.286,0.8504,0.8507,1.60,1.80
2009.01.02 14:19:08.006,0.8504,0.85075,2.80,1.80
2009.01.02 14:19:08.736,0.85045,0.85075,1.60,1.80
2009.01.02 14:19:09.935,0.8505,0.85075,1.60,1.80
2009.01.02 14:19:10.405,0.8505,0.85075,1.60,3.40
2009.01.02 14:19:10.565,0.85045,0.8507,1.60,1.80
2009.01.02 14:19:11.654,0.85055,0.8508,1.60,1.80
2009.01.02 14:19:12.844,0.8507,0.85095,1.60,1.80
2009.01.02 14:19:13.254,0.8507,0.851,1.60,1.80
2009.01.02 14:19:13.484,0.85075,0.851,1.60,1.80
2009.01.02 14:19:22.002,0.85085,0.851,1.60,1.80
2009.01.02 14:19:23.432,0.85085,0.85095,1.60,1.80
2009.01.02 14:19:23.552,0.8508,0.85095,1.60,1.80
2009.01.02 14:19:34.740,0.85075,0.8509,1.60,1.80
2009.01.02 14:19:35.729,0.8506,0.8509,1.60,1.80
2009.01.02 14:19:36.089,0.8506,0.8508,1.60,1.80
2009.01.02 14:19:37.268,0.85055,0.8508,1.60,3.40
2009.01.02 14:19:37.798,0.85055,0.8507,1.60,1.80
2009.01.02 14:19:39.658,0.8505,0.85065,1.60,1.80
2009.01.02 14:19:44.827,0.85065,0.8507,1.60,1.80
2009.01.02 14:19:45.476,0.8506,0.8507,1.60,1.80
2009.01.02 14:19:46.256,0.85055,0.85075,1.60,1.80
2009.01.02 14:19:46.726,0.8507,0.85075,1.60,1.80
2009.01.02 14:19:47.076,0.85065,0.8509,1.60,1.80
2009.01.02 14:19:47.246,0.8507,0.8509,1.60,1.80
2009.01.02 14:19:47.826,0.8508,0.85095,1.60,1.80
2009.01.02 14:19:50.905,0.85085,0.85095,1.60,1.80
2009.01.02 14:19:51.185,0.85085,0.851,1.60,1.80
2009.01.02 14:19:55.184,0.8509,0.851,1.60,1.80
2009.01.02 14:19:55.764,0.8509,0.85105,1.60,1.80
2009.01.02 14:19:56.274,0.85095,0.8511,1.60,1.80
2009.01.02 14:19:56.624,0.85105,0.85115,1.60,1.80
2009.01.02 14:19:56.844,0.851,0.85115,1.60,1.80
2009.01.02 14:20:00.693,0.851,0.8512,1.60,1.80
2009.01.02 14:20:00.753,0.85105,0.8512,1.60,1.80
2009.01.02 14:20:02.462,0.8511,0.8512,1.60,1.80
2009.01.02 14:20:02.813,0.85115,0.85125,1.60,1.80
2009.01.02 14:20:03.272,0.85115,0.8513,1.60,1.80
2009.01.02 14:20:03.632,0.85125,0.8514,1.60,1.80
2009.01.02 14:20:04.922,0.8513,0.85155,1.60,1.80
2009.01.02 14:20:05.332,0.85155,0.85195,1.60,1.80
2009.01.02 14:20:07.371,0.85165,0.8518,1.60,1.80
2009.01.02 14:20:07.821,0.8516,0.85175,1.60,1.80
2009.01.02 14:20:08.521,0.85145,0.85165,1.60,1.80
2009.01.02 14:20:10.781,0.8514,0.85155,1.60,1.60
2009.01.02 14:20:11.400,0.85125,0.85145,1.60,1.60
2009.01.02 14:20:12.020,0.85115,0.85135,1.60,1.80
2009.01.02 14:20:12.420,0.85115,0.8513,1.60,1.80
2009.01.02 14:20:13.070,0.8512,0.85135,1.60,1.80
2009.01.02 14:20:13.470,0.8512,0.8514,1.60,1.80
2009.01.02 14:20:13.989,0.85125,0.8514,1.60,1.80
2009.01.02 14:20:14.279,0.85125,0.85145,1.60,1.80
2009.01.02 14:20:14.869,0.8512,0.8514,1.60,1.80
2009.01.02 14:20:19.059,0.85115,0.8514,1.60,1.80
2009.01.02 14:20:20.148,0.8511,0.8514,1.60,1.80
2009.01.02 14:20:22.908,0.85115,0.85145,1.60,1.80
2009.01.02 14:20:31.075,0.8512,0.85145,1.60,1.80
2009.01.02 14:20:32.345,0.85125,0.8515,1.60,1.80
2009.01.02 14:20:33.165,0.85145,0.85155,1.60,1.80
2009.01.02 14:20:33.755,0.85145,0.85165,1.60,1.80
2009.01.02 14:20:34.275,0.85145,0.8517,1.60,1.80
2009.01.02 14:20:34.805,0.85145,0.85175,1.60,1.80
2009.01.02 14:20:35.335,0.85145,0.8517,1.60,1.80
2009.01.02 14:20:37.424,0.85155,0.8517,1.60,1.80
2009.01.02 14:20:38.094,0.8515,0.8518,1.60,1.80
2009.01.02 14:20:38.484,0.8515,0.85175,1.60,1.80
2009.01.02 14:20:39.303,0.8515,0.8517,1.60,1.80
2009.01.02 14:20:39.804,0.85145,0.8517,1.60,1.80
2009.01.02 14:20:40.553,0.85145,0.85165,1.60,1.80
2009.01.02 14:20:41.263,0.85135,0.85165,2.80,1.80
2009.01.02 14:20:41.553,0.85125,0.85155,1.60,1.80
2009.01.02 14:20:42.193,0.85125,0.8515,1.60,1.80
2009.01.02 14:20:45.392,0.8513,0.8515,1.60,1.80
2009.01.02 14:20:46.332,0.8513,0.85155,1.60,1.80
2009.01.02 14:20:47.592,0.8513,0.8515,1.60,1.80
2009.01.02 14:20:48.111,0.85125,0.8515,1.60,1.80
2009.01.02 14:20:48.291,0.85125,0.85145,1.60,1.80
2009.01.02 14:20:49.021,0.85125,0.8515,1.60,1.80
2009.01.02 14:20:52.010,0.8512,0.8515,1.60,1.80
2009.01.02 14:20:52.120,0.85115,0.85145,1.60,1.80
2009.01.02 14:20:52.460,0.85115,0.8514,1.60,1.80
2009.01.02 14:20:52.870,0.85115,0.85145,1.60,1.80
2009.01.02 14:20:56.159,0.85115,0.8514,1.60,1.60
2009.01.02 14:20:57.199,0.8511,0.8513,2.80,1.60
2009.01.02 14:20:57.439,0.8511,0.8513,1.60,1.60
2009.01.02 14:20:59.379,0.85105,0.85125,1.60,1.60
2009.01.02 14:20:59.729,0.851,0.85125,2.80,1.60
2009.01.02 14:21:00.069,0.851,0.8512,1.60,1.60
2009.01.02 14:21:00.718,0.851,0.85125,1.60,4.20
2009.01.02 14:21:01.188,0.851,0.85125,1.60,3.40
2009.01.02 14:21:03.388,0.85055,0.851,2.60,3.40
2009.01.02 14:21:03.788,0.85055,0.85095,1.60,1.60
2009.01.02 14:21:04.187,0.85045,0.8508,2.80,1.60
2009.01.02 14:21:04.707,0.85045,0.8507,1.60,1.60
2009.01.02 14:21:05.187,0.85045,0.8507,1.60,3.40
2009.01.02 14:21:06.177,0.8504,0.8506,1.60,1.60
2009.01.02 14:21:07.047,0.8504,0.85065,1.60,3.40
2009.01.02 14:21:08.237,0.85035,0.8506,1.60,1.60
2009.01.02 14:21:08.876,0.85035,0.8506,1.60,1.80
2009.01.02 14:21:09.257,0.8504,0.85065,1.60,1.80
2009.01.02 14:21:11.406,0.8504,0.85065,1.60,3.40
2009.01.02 14:21:16.434,0.8504,0.8506,1.60,1.60
2009.01.02 14:21:16.834,0.85035,0.8506,1.60,3.40
2009.01.02 14:21:19.604,0.85045,0.85065,1.60,1.80
2009.01.02 14:21:20.314,0.85065,0.85085,1.60,1.80
2009.01.02 14:21:20.614,0.85065,0.8509,1.60,3.40
2009.01.02 14:21:23.203,0.85065,0.8509,1.60,4.20
2009.01.02 14:21:23.433,0.85065,0.85085,1.60,3.40
2009.01.02 14:21:31.981,0.8506,0.85085,1.60,3.40
2009.01.02 14:21:42.628,0.8506,0.8508,1.60,3.40
2009.01.02 14:21:42.738,0.85055,0.8508,1.60,3.40
2009.01.02 14:21:46.997,0.8506,0.85085,1.60,3.40
2009.01.02 14:21:48.607,0.8506,0.8508,1.60,1.60
2009.01.02 14:21:49.677,0.85055,0.85075,1.60,1.60
2009.01.02 14:21:50.436,0.8506,0.85075,1.60,1.60
2009.01.02 14:21:50.776,0.8506,0.8508,1.60,2.40
2009.01.02 14:21:50.886,0.85065,0.8508,1.60,1.60
2009.01.02 14:21:52.606,0.85065,0.85085,1.60,4.20
2009.01.02 14:21:52.906,0.8508,0.85085,1.60,3.40
2009.01.02 14:21:53.326,0.85075,0.8509,1.60,1.80
2009.01.02 14:21:53.376,0.8508,0.851,1.60,3.40
2009.01.02 14:21:53.896,0.85075,0.851,1.60,3.40
2009.01.02 14:21:54.006,0.85075,0.851,1.60,1.80
2009.01.02 14:21:55.006,0.8507,0.851,2.80,1.80
2009.01.02 14:21:55.745,0.85075,0.851,1.60,1.80
2009.01.02 14:21:56.145,0.85075,0.85095,1.60,1.80
2009.01.02 14:21:56.535,0.8508,0.85095,1.60,1.80
2009.01.02 14:21:57.275,0.85075,0.851,1.60,1.80
2009.01.02 14:21:57.695,0.85075,0.85095,1.60,1.80
2009.01.02 14:21:57.995,0.85085,0.8511,1.60,1.80
2009.01.02 14:21:58.435,0.8507,0.85095,1.60,1.80
2009.01.02 14:21:58.664,0.8507,0.85095,1.60,3.40
2009.01.02 14:21:59.124,0.8507,0.85095,2.80,1.00
2009.01.02 14:21:59.464,0.8507,0.851,2.80,2.60
2009.01.02 14:21:59.854,0.8508,0.851,1.60,1.80
2009.01.02 14:22:00.894,0.8508,0.85105,1.60,3.40
2009.01.02 14:22:01.004,0.85085,0.85105,1.60,1.80
2009.01.02 14:22:01.384,0.85085,0.8511,1.60,3.40
2009.01.02 14:22:02.144,0.8508,0.85105,1.60,1.60
2009.01.02 14:22:02.783,0.8507,0.85095,1.60,1.80
2009.01.02 14:22:03.233,0.85065,0.85085,1.60,1.80
2009.01.02 14:22:04.453,0.8507,0.85085,1.60,1.80
2009.01.02 14:22:04.813,0.8507,0.85095,1.60,1.80
2009.01.02 14:22:05.803,0.8507,0.8509,1.60,1.80
2009.01.02 14:22:06.253,0.8506,0.8509,1.60,1.80
2009.01.02 14:22:06.813,0.8506,0.85085,1.60,1.80
2009.01.02 14:22:07.272,0.85075,0.851,1.60,3.40
2009.01.02 14:22:07.493,0.85065,0.85085,1.60,1.80
2009.01.02 14:22:12.011,0.8506,0.85085,1.60,1.80
2009.01.02 14:22:14.941,0.8506,0.8508,1.60,1.80
2009.01.02 14:22:15.690,0.85065,0.8508,1.60,1.80
2009.01.02 14:22:16.100,0.8506,0.8509,2.80,1.80
2009.01.02 14:22:16.570,0.8506,0.85085,1.60,1.80
2009.01.02 14:22:17.200,0.85055,0.85085,1.60,1.80
2009.01.02 14:22:18.070,0.85045,0.8507,1.60,1.80
2009.01.02 14:22:18.480,0.8505,0.85075,1.60,1.80
2009.01.02 14:22:22.469,0.85055,0.85075,1.60,1.80
2009.01.02 14:22:26.728,0.85055,0.85085,1.60,1.80
2009.01.02 14:22:27.868,0.8506,0.85085,1.60,1.80
2009.01.02 14:22:28.267,0.8507,0.8509,1.60,1.80
2009.01.02 14:22:28.707,0.8507,0.85095,1.60,1.80
2009.01.02 14:22:31.847,0.8507,0.8509,1.60,1.80
2009.01.02 14:22:32.016,0.85065,0.8509,1.60,1.80
2009.01.02 14:22:37.095,0.8507,0.8509,1.60,1.80
2009.01.02 14:22:42.114,0.8507,0.85095,1.60,1.80
2009.01.02 14:22:45.883,0.85065,0.8509,1.60,1.80
2009.01.02 14:22:48.493,0.85065,0.85095,1.60,1.80
2009.01.02 14:22:48.832,0.8507,0.85095,1.60,1.80
2009.01.02 14:22:50.442,0.85075,0.85095,1.60,1.80
2009.01.02 14:22:50.862,0.85075,0.851,1.60,1.80
2009.01.02 14:22:58.110,0.85095,0.8512,1.60,1.80
2009.01.02 14:22:58.740,0.85105,0.8512,1.60,1.80
2009.01.02 14:22:59.040,0.85105,0.8513,1.60,1.80
2009.01.02 14:22:59.470,0.8511,0.85135,1.60,1.80
2009.01.02 14:22:59.890,0.85105,0.8513,1.60,1.80
2009.01.02 14:23:00.229,0.8511,0.8513,1.60,1.80
2009.01.02 14:23:00.740,0.8511,0.85135,1.60,1.80
2009.01.02 14:23:01.459,0.8511,0.8513,1.60,1.80
2009.01.02 14:23:01.800,0.85105,0.8513,1.60,1.80
2009.01.02 14:23:02.269,0.85105,0.85125,1.60,1.80
2009.01.02 14:23:02.559,0.851,0.85125,1.60,1.80
2009.01.02 14:23:04.298,0.851,0.8512,1.60,1.80
2009.01.02 14:23:04.469,0.85095,0.8512,1.60,1.80
2009.01.02 14:23:05.398,0.85105,0.8512,1.60,1.80
2009.01.02 14:23:05.559,0.851,0.85125,1.60,1.80
2009.01.02 14:23:07.158,0.85095,0.8512,1.60,1.80
2009.01.02 14:23:14.726,0.851,0.8512,1.60,1.80
2009.01.02 14:23:15.306,0.85095,0.8512,1.60,1.80
2009.01.02 14:23:17.295,0.85095,0.85125,1.60,1.80
2009.01.02 14:23:17.755,0.85095,0.8512,1.60,1.80
2009.01.02 14:23:17.875,0.85105,0.85125,1.60,1.80
2009.01.02 14:23:17.995,0.851,0.85125,1.60,1.80
2009.01.02 14:23:18.625,0.85105,0.85125,1.60,1.80
2009.01.02 14:23:18.805,0.85105,0.8513,1.60,1.80
2009.01.02 14:23:19.785,0.851,0.8513,1.60,1.80
2009.01.02 14:23:20.065,0.851,0.85125,1.60,1.80
2009.01.02 14:23:22.914,0.85105,0.85125,1.60,1.80
2009.01.02 14:23:23.704,0.8511,0.8513,1.60,1.80
2009.01.02 14:23:24.094,0.8511,0.85135,1.60,1.80
2009.01.02 14:23:24.314,0.851,0.85125,1.60,1.80
2009.01.02 14:23:25.004,0.851,0.8513,1.60,1.80
2009.01.02 14:23:40.030,0.85105,0.8513,1.60,1.80
2009.01.02 14:23:40.430,0.8511,0.85135,1.60,1.80
2009.01.02 14:23:41.360,0.85105,0.8513,1.60,1.80
2009.01.02 14:23:43.789,0.8511,0.8513,1.60,1.80
2009.01.02 14:23:44.189,0.8511,0.85135,1.60,1.80
2009.01.02 14:23:46.069,0.85105,0.85135,1.60,1.80
2009.01.02 14:23:46.479,0.85105,0.8513,1.60,1.80
2009.01.02 14:23:48.428,0.8511,0.85135,1.60,1.80
2009.01.02 14:23:50.567,0.85105,0.8513,1.60,1.80
2009.01.02 14:23:52.097,0.8511,0.85135,1.60,1.80
2009.01.02 14:23:52.957,0.8511,0.8514,1.60,3.00
2009.01.02 14:23:54.696,0.8511,0.85135,1.60,1.80
2009.01.02 14:24:11.562,0.8511,0.8513,1.60,1.80
2009.01.02 14:24:11.852,0.8511,0.85135,1.60,1.80
2009.01.02 14:24:14.042,0.85105,0.8513,1.60,1.80
2009.01.02 14:24:14.452,0.8511,0.85135,1.60,1.80
2009.01.02 14:24:20.251,0.85115,0.85135,1.60,1.80
2009.01.02 14:24:23.060,0.8511,0.85135,1.60,1.80
2009.01.02 14:24:27.509,0.85115,0.85135,1.60,1.80
2009.01.02 14:24:28.478,0.8511,0.85135,1.60,1.80
2009.01.02 14:24:31.538,0.85115,0.85135,1.60,1.80
2009.01.02 14:24:32.077,0.85115,0.8514,1.60,3.00
2009.01.02 14:24:32.607,0.85115,0.8514,1.60,1.20
2009.01.02 14:24:33.717,0.85105,0.85135,1.60,1.80
2009.01.02 14:24:33.947,0.85105,0.8513,1.60,1.80
2009.01.02 14:24:37.206,0.851,0.8513,1.60,1.80
2009.01.02 14:24:38.346,0.85105,0.8513,1.60,1.80
2009.01.02 14:24:38.906,0.8511,0.8513,1.60,1.80
2009.01.02 14:24:39.406,0.8511,0.85135,1.60,1.80
2009.01.02 14:24:39.975,0.8511,0.85135,3.20,1.80
2009.01.02 14:24:40.305,0.8512,0.85135,1.60,1.80
2009.01.02 14:24:40.955,0.8512,0.8514,1.60,1.20
2009.01.02 14:24:43.984,0.8512,0.85145,1.60,3.00
2009.01.02 14:24:47.654,0.8511,0.85145,2.80,3.00
2009.01.02 14:24:48.124,0.8511,0.85135,1.60,1.80
2009.01.02 14:24:52.322,0.8511,0.8514,1.60,3.00
2009.01.02 14:24:53.452,0.85125,0.8514,1.60,3.00
2009.01.02 14:24:54.122,0.85125,0.85155,2.80,1.80
2009.01.02 14:24:54.183,0.85125,0.8514,2.80,1.20
2009.01.02 14:24:57.251,0.85125,0.85155,2.80,13.80
2009.01.02 14:24:58.271,0.85135,0.8515,1.60,10.80
2009.01.02 14:24:58.601,0.85135,0.8514,1.60,1.20
2009.01.02 14:25:01.001,0.85135,0.8516,1.60,1.80
2009.01.02 14:25:02.820,0.85145,0.8516,1.60,1.80
2009.01.02 14:25:03.180,0.85145,0.8517,1.60,5.40
2009.01.02 14:25:03.710,0.8515,0.8517,1.60,1.80
2009.01.02 14:25:04.120,0.85155,0.8518,1.60,1.80
2009.01.02 14:25:04.910,0.8516,0.8518,1.60,1.80
2009.01.02 14:25:05.270,0.85165,0.85185,1.60,1.80
2009.01.02 14:25:05.790,0.85165,0.8519,1.60,1.80
2009.01.02 14:25:06.649,0.8516,0.8519,1.60,1.80
2009.01.02 14:25:14.867,0.85155,0.8519,2.80,1.80
2009.01.02 14:25:15.327,0.85155,0.85185,1.60,1.80
2009.01.02 14:25:18.856,0.8515,0.85185,2.80,1.80
2009.01.02 14:25:19.916,0.85155,0.8519,1.20,1.80
2009.01.02 14:25:20.546,0.8515,0.85185,2.80,1.80
2009.01.02 14:25:38.751,0.8515,0.85185,1.20,1.80
2009.01.02 14:25:38.811,0.85145,0.8518,2.80,1.80
2009.01.02 14:25:41.411,0.8515,0.85185,2.80,1.80
2009.01.02 14:26:03.336,0.8516,0.85195,2.80,1.80
2009.01.02 14:26:05.445,0.85165,0.85195,2.80,1.80
2009.01.02 14:26:09.414,0.85165,0.85195,1.20,2.60
2009.01.02 14:26:09.884,0.85155,0.8519,2.80,1.80
2009.01.02 14:26:10.224,0.8516,0.85195,2.80,1.80
2009.01.02 14:26:19.851,0.85155,0.8519,2.80,1.80
2009.01.02 14:26:22.371,0.85155,0.8519,1.20,1.80
2009.01.02 14:26:22.721,0.8515,0.85185,2.80,1.80
2009.01.02 14:26:23.860,0.8515,0.8518,1.20,1.80
2009.01.02 14:26:24.330,0.8514,0.85175,2.80,1.80
2009.01.02 14:26:31.399,0.85145,0.85175,1.60,1.80
2009.01.02 14:26:32.148,0.85145,0.8518,2.80,1.80
2009.01.02 14:26:32.318,0.8515,0.85185,2.80,1.80
2009.01.02 14:26:42.336,0.8515,0.8518,1.60,1.80
2009.01.02 14:26:42.556,0.85145,0.8518,2.80,1.80
2009.01.02 14:26:52.784,0.8515,0.85185,2.80,1.80
2009.01.02 14:26:53.983,0.85145,0.8518,2.80,1.80
2009.01.02 14:26:57.632,0.8515,0.85185,2.80,1.80
2009.01.02 14:27:21.407,0.8515,0.8518,1.60,1.80
2009.01.02 14:27:21.577,0.85145,0.8518,2.80,1.80
2009.01.02 14:27:33.924,0.85145,0.8518,1.20,1.80
2009.01.02 14:27:34.163,0.8514,0.85175,2.80,1.80
2009.01.02 14:27:36.123,0.85145,0.85175,1.60,1.80
2009.01.02 14:27:36.583,0.8514,0.8516,1.20,2.20
2009.01.02 14:27:36.993,0.8512,0.8515,2.80,1.80
2009.01.02 14:27:42.331,0.8512,0.8515,1.60,1.80
2009.01.02 14:27:42.822,0.85105,0.8514,2.80,1.80
2009.01.02 14:27:43.763,0.85105,0.8514,1.20,4.20
2009.01.02 14:27:44.002,0.851,0.85135,2.80,1.80
2009.01.02 14:27:45.571,0.8509,0.8512,1.60,1.80
2009.01.02 14:27:46.691,0.8509,0.85125,2.80,1.80
2009.01.02 14:27:47.390,0.8509,0.8512,1.60,1.80
2009.01.02 14:27:47.630,0.85085,0.85115,1.60,1.80
2009.01.02 14:27:51.319,0.8509,0.85115,1.60,1.80
2009.01.02 14:27:51.380,0.8509,0.85125,2.80,1.80
2009.01.02 14:27:52.479,0.851,0.8513,1.60,1.80
2009.01.02 14:27:52.769,0.851,0.85135,2.80,1.80
2009.01.02 14:27:54.059,0.85095,0.8513,2.80,1.80
2009.01.02 14:27:54.579,0.85105,0.8513,1.60,1.80
2009.01.02 14:27:55.039,0.85105,0.85135,2.80,1.80
2009.01.02 14:27:55.209,0.851,0.85135,2.80,1.80
2009.01.02 14:27:55.978,0.85105,0.85135,1.60,1.80
2009.01.02 14:27:56.798,0.85105,0.85135,2.80,1.80
2009.01.02 14:28:04.616,0.85105,0.85135,1.20,1.80
2009.01.02 14:28:05.156,0.851,0.85135,2.80,1.80
2009.01.02 14:28:05.666,0.85105,0.85135,1.60,1.80
2009.01.02 14:28:06.006,0.85105,0.85135,2.80,1.80
2009.01.02 14:28:06.356,0.85105,0.8514,2.80,1.80
2009.01.02 14:28:11.515,0.85105,0.85135,2.80,1.80
2009.01.02 14:28:12.034,0.8511,0.8514,1.60,1.80
2009.01.02 14:28:12.454,0.85105,0.8514,2.80,1.80
2009.01.02 14:28:12.864,0.85105,0.85135,2.80,1.80
2009.01.02 14:28:13.874,0.85105,0.85135,1.20,1.80
2009.01.02 14:28:13.994,0.851,0.85135,2.80,1.80
2009.01.02 14:28:21.702,0.85105,0.8514,2.80,1.80
2009.01.02 14:28:25.141,0.85105,0.85135,1.60,1.80
2009.01.02 14:28:25.321,0.85105,0.85135,2.80,1.80
2009.01.02 14:28:25.951,0.851,0.8513,1.60,1.80
2009.01.02 14:28:30.120,0.85095,0.8513,1.20,1.80
2009.01.02 14:28:30.640,0.8509,0.85125,2.80,3.40
2009.01.02 14:28:30.700,0.85085,0.8512,2.80,1.80
2009.01.02 14:28:30.760,0.85085,0.85115,1.60,1.80
2009.01.02 14:28:31.959,0.8508,0.85115,2.80,1.80
2009.01.02 14:28:32.180,0.8508,0.85115,1.20,1.80
2009.01.02 14:28:32.759,0.85075,0.85105,2.80,1.80
2009.01.02 14:28:34.259,0.8509,0.85105,1.60,1.80
2009.01.02 14:28:34.899,0.8509,0.85145,2.80,1.80
2009.01.02 14:28:35.249,0.8508,0.85135,2.80,1.80
2009.01.02 14:28:36.289,0.8508,0.85115,2.80,1.80
2009.01.02 14:28:36.749,0.85085,0.8512,1.20,1.80
2009.01.02 14:28:37.148,0.85075,0.8511,1.20,1.80
2009.01.02 14:28:38.298,0.85075,0.85105,1.20,1.80
2009.01.02 14:28:38.828,0.85075,0.85105,2.80,1.80
2009.01.02 14:28:40.198,0.85075,0.85105,1.20,1.80
2009.01.02 14:28:41.068,0.85075,0.8511,1.20,1.80
2009.01.02 14:28:41.367,0.85075,0.85105,1.20,1.80
2009.01.02 14:28:42.287,0.8508,0.8511,1.60,1.80
2009.01.02 14:28:42.517,0.85085,0.8511,1.60,1.80
2009.01.02 14:28:43.107,0.85085,0.85115,2.80,1.80
2009.01.02 14:28:48.746,0.85065,0.85095,3.20,1.80
2009.01.02 14:28:49.265,0.8507,0.851,1.20,1.80
2009.01.02 14:28:50.375,0.85065,0.85095,1.60,1.80
2009.01.02 14:28:50.895,0.85075,0.8511,2.80,1.80
2009.01.02 14:28:52.455,0.8508,0.8511,1.60,1.80
2009.01.02 14:28:52.904,0.8508,0.85115,2.80,1.80
2009.01.02 14:28:54.404,0.8508,0.85115,1.20,1.80
2009.01.02 14:28:54.624,0.85075,0.8511,2.80,1.80
2009.01.02 14:28:55.524,0.8508,0.8511,1.60,1.80
2009.01.02 14:28:55.814,0.8508,0.85115,2.80,1.80
2009.01.02 14:28:56.384,0.85085,0.85115,1.60,1.80
2009.01.02 14:28:56.954,0.85085,0.85115,2.80,1.80
2009.01.02 14:28:57.823,0.85085,0.85115,1.20,1.80
2009.01.02 14:28:58.713,0.8509,0.85115,1.60,1.80
2009.01.02 14:28:59.183,0.85085,0.85115,2.80,1.80
2009.01.02 14:28:59.703,0.8508,0.85115,2.80,1.80
2009.01.02 14:29:02.802,0.85085,0.8512,2.80,1.80
2009.01.02 14:29:03.362,0.8509,0.8512,2.80,1.80
2009.01.02 14:29:09.471,0.85095,0.8513,1.20,2.60
2009.01.02 14:29:09.812,0.85095,0.8513,2.80,1.80
2009.01.02 14:29:14.119,0.85095,0.85125,1.60,1.80
2009.01.02 14:29:21.707,0.8509,0.85125,2.80,1.80
2009.01.02 14:29:22.227,0.8509,0.8512,1.60,1.80
2009.01.02 14:29:22.697,0.8509,0.8512,2.80,1.80
2009.01.02 14:29:24.048,0.8509,0.85125,2.80,2.60
2009.01.02 14:29:24.407,0.8509,0.8512,1.20,1.00
2009.01.02 14:29:24.797,0.8508,0.8511,1.60,1.80
2009.01.02 14:29:25.097,0.85075,0.8511,4.40,2.60
2009.01.02 14:29:25.867,0.8508,0.8511,1.60,1.80
2009.01.02 14:29:25.926,0.8508,0.8511,2.80,1.00
2009.01.02 14:29:26.317,0.8508,0.8511,1.20,1.00
2009.01.02 14:29:26.426,0.85075,0.8511,2.80,2.60
2009.01.02 14:29:28.026,0.85075,0.8511,1.20,2.60
2009.01.02 14:29:28.196,0.85075,0.85105,1.20,1.80
2009.01.02 14:29:28.366,0.8507,0.85105,2.80,1.80
2009.01.02 14:29:29.906,0.8507,0.85105,1.20,2.60
2009.01.02 14:29:30.285,0.85065,0.851,4.40,1.80
2009.01.02 14:29:31.615,0.85065,0.851,2.80,1.80
2009.01.02 14:29:32.925,0.85065,0.851,4.40,1.80
2009.01.02 14:29:45.782,0.85065,0.851,2.80,1.80
2009.01.02 14:29:46.012,0.85065,0.851,4.40,1.80
2009.01.02 14:29:46.352,0.85065,0.851,2.80,1.80
2009.01.02 14:29:47.991,0.85065,0.851,4.40,1.80
2009.01.02 14:30:02.068,0.8507,0.851,1.60,1.80
2009.01.02 14:30:02.248,0.8507,0.85105,2.80,1.80
2009.01.02 14:30:25.322,0.85075,0.85105,1.20,1.80
2009.01.02 14:30:25.832,0.8507,0.85105,4.40,1.80
2009.01.02 14:30:39.609,0.85085,0.8511,1.20,1.00
2009.01.02 14:30:42.318,0.8509,0.8511,1.20,1.00
2009.01.02 14:30:49.706,0.85075,0.8511,4.40,2.60
2009.01.02 14:30:50.296,0.8509,0.8511,1.60,1.80
2009.01.02 14:30:51.026,0.8509,0.8512,1.60,1.80
2009.01.02 14:30:51.426,0.8509,0.85125,2.80,2.60
2009.01.02 14:30:52.666,0.8509,0.8512,1.60,1.80
2009.01.02 14:30:53.296,0.85085,0.8512,4.40,2.60
2009.01.02 14:30:53.765,0.8509,0.8512,2.80,1.80
2009.01.02 14:30:54.175,0.8509,0.85125,2.80,2.60
2009.01.02 14:30:54.625,0.85085,0.8512,4.40,2.60
2009.01.02 14:30:57.394,0.85085,0.8512,4.40,1.80
2009.01.02 14:30:57.975,0.85085,0.8512,2.80,2.60
2009.01.02 14:30:58.254,0.8508,0.8511,1.20,1.00
2009.01.02 14:30:58.494,0.85075,0.85105,2.80,1.80
2009.01.02 14:30:58.834,0.8507,0.85105,6.00,2.60
2009.01.02 14:30:59.054,0.8507,0.85105,4.40,2.60
2009.01.02 14:30:59.344,0.8507,0.85105,2.80,2.60
2009.01.02 14:31:01.894,0.8507,0.85105,1.20,2.60
2009.01.02 14:31:02.253,0.85065,0.851,2.80,1.80
2009.01.02 14:31:05.593,0.85075,0.8511,4.40,1.80
2009.01.02 14:31:06.092,0.85085,0.8512,2.80,1.80
2009.01.02 14:31:06.732,0.85085,0.8512,2.80,3.40
2009.01.02 14:31:07.272,0.8508,0.8511,1.60,1.80
2009.01.02 14:31:07.672,0.8507,0.85105,2.80,2.60
2009.01.02 14:31:08.202,0.8507,0.85105,1.20,2.60
2009.01.02 14:31:08.622,0.85065,0.851,2.80,1.80
2009.01.02 14:31:09.192,0.85065,0.85095,1.60,1.80
2009.01.02 14:31:16.240,0.85065,0.851,2.80,1.80
2009.01.02 14:31:16.870,0.85065,0.85095,1.60,1.80
2009.01.02 14:31:19.289,0.85065,0.851,2.80,1.80
2009.01.02 14:31:19.619,0.8507,0.851,1.60,1.80
2009.01.02 14:31:20.249,0.8507,0.85105,2.80,2.60
2009.01.02 14:31:29.217,0.8508,0.85115,2.80,2.60
2009.01.02 14:31:29.557,0.8508,0.8511,1.60,1.80
2009.01.02 14:31:30.317,0.85075,0.8511,1.20,1.80
2009.01.02 14:31:30.596,0.85075,0.85105,1.20,1.80
2009.01.02 14:31:31.126,0.85075,0.8511,1.20,1.80
2009.01.02 14:31:31.297,0.85075,0.85105,1.20,1.80
2009.01.02 14:31:35.606,0.8508,0.85105,1.60,1.80
2009.01.02 14:31:35.936,0.8508,0.85115,2.80,1.80
2009.01.02 14:31:36.585,0.85085,0.8512,1.20,1.80
2009.01.02 14:31:43.194,0.8509,0.8512,1.60,1.80
2009.01.02 14:31:43.404,0.8509,0.85125,2.80,2.60
2009.01.02 14:31:46.773,0.85095,0.85125,1.60,1.80
2009.01.02 14:31:47.363,0.85105,0.85135,2.80,1.80
2009.01.02 14:31:56.920,0.851,0.85135,2.80,1.80
2009.01.02 14:31:58.100,0.851,0.85135,2.80,2.60
2009.01.02 14:31:58.560,0.851,0.8513,1.60,1.80
2009.01.02 14:31:59.150,0.85105,0.8513,1.60,1.80
2009.01.02 14:31:59.720,0.8511,0.8514,1.60,1.80
2009.01.02 14:32:00.531,0.85105,0.8514,2.80,2.60
2009.01.02 14:32:01.149,0.851,0.85135,2.80,1.80
2009.01.02 14:32:02.189,0.851,0.8513,1.60,1.80
2009.01.02 14:32:02.649,0.85095,0.8513,2.80,2.60
2009.01.02 14:32:03.349,0.851,0.8513,1.60,1.80
2009.01.02 14:32:06.288,0.85105,0.8514,2.80,2.60
2009.01.02 14:32:06.578,0.851,0.8513,1.60,1.80
2009.01.02 14:32:08.217,0.85105,0.8513,1.60,1.80
2009.01.02 14:32:08.387,0.85105,0.8514,2.80,2.60
2009.01.02 14:32:10.787,0.85105,0.85135,1.20,1.00
2009.01.02 14:32:11.077,0.851,0.8513,1.60,1.80
2009.01.02 14:32:11.257,0.85105,0.8514,2.80,2.60
2009.01.02 14:32:12.247,0.8511,0.8514,1.60,1.80
2009.01.02 14:32:12.636,0.8511,0.85145,2.80,2.60
2009.01.02 14:32:14.066,0.8511,0.8514,1.20,1.00
2009.01.02 14:32:14.356,0.85105,0.8514,2.80,2.60
2009.01.02 14:32:15.976,0.85105,0.8514,1.20,2.60
2009.01.02 14:32:16.336,0.8511,0.8514,1.20,1.00
2009.01.02 14:32:16.835,0.851,0.85135,2.80,1.80
2009.01.02 14:32:16.895,0.851,0.85135,2.80,2.60
2009.01.02 14:32:17.015,0.851,0.85135,2.80,1.80
2009.01.02 14:32:17.195,0.8511,0.8514,1.20,1.00
2009.01.02 14:32:17.475,0.851,0.85135,2.80,1.80
2009.01.02 14:32:21.524,0.8511,0.8513,1.60,1.80
2009.01.02 14:32:22.084,0.8511,0.8514,1.20,1.00
2009.01.02 14:32:22.314,0.8511,0.85145,2.80,2.60
2009.01.02 14:32:26.223,0.85115,0.85145,1.60,1.80
2009.01.02 14:32:45.768,0.8512,0.85145,1.60,1.80
2009.01.02 14:32:46.278,0.8512,0.8515,2.80,1.80
2009.01.02 14:32:53.557,0.85125,0.85155,1.20,1.80
2009.01.02 14:32:53.957,0.85125,0.8516,2.80,1.80
2009.01.02 14:32:58.075,0.85125,0.85155,2.80,1.80
2009.01.02 14:32:58.305,0.85125,0.85155,1.60,1.80
2009.01.02 14:33:00.195,0.85115,0.8515,2.80,1.80
2009.01.02 14:33:02.794,0.8511,0.85145,4.40,1.80
2009.01.02 14:33:03.374,0.85115,0.85145,1.60,1.80
2009.01.02 14:33:03.764,0.85115,0.8515,2.80,1.80
2009.01.02 14:33:10.592,0.85115,0.8515,2.80,2.60
2009.01.02 14:33:11.352,0.85115,0.85145,1.60,1.80
2009.01.02 14:33:34.517,0.8511,0.85145,2.80,2.60
2009.01.02 14:33:34.986,0.85115,0.85145,1.60,1.80
2009.01.02 14:33:36.486,0.8511,0.85145,2.80,2.60
2009.01.02 14:33:47.404,0.85115,0.85145,1.60,1.80
2009.01.02 14:33:54.732,0.8511,0.85145,2.80,2.60
2009.01.02 14:33:55.202,0.85115,0.85145,1.60,1.80
2009.01.02 14:33:55.602,0.8511,0.85145,2.80,2.60
2009.01.02 14:33:58.631,0.85105,0.8514,2.80,2.60
2009.01.02 14:33:58.981,0.8511,0.85145,2.80,2.60
2009.01.02 14:34:04.249,0.85115,0.85145,1.60,1.80
2009.01.02 14:34:04.429,0.85115,0.8515,2.80,2.60
2009.01.02 14:34:04.899,0.85115,0.85145,1.60,1.80
2009.01.02 14:34:24.355,0.8512,0.85145,1.60,1.80
2009.01.02 14:34:24.685,0.8512,0.8515,2.80,1.80
2009.01.02 14:34:25.264,0.8512,0.8515,1.60,1.80
2009.01.02 14:34:41.541,0.85125,0.85155,1.60,1.80
2009.01.02 14:34:42.001,0.8514,0.8517,1.60,1.80
2009.01.02 14:34:42.690,0.85145,0.85175,1.60,1.80
2009.01.02 14:34:43.080,0.8515,0.8518,1.60,1.80
2009.01.02 14:34:43.360,0.85155,0.85185,2.80,1.80
2009.01.02 14:34:43.930,0.85155,0.85185,1.60,1.80
2009.01.02 14:34:44.260,0.85155,0.85185,2.80,1.80
2009.01.02 14:34:45.080,0.85155,0.85185,1.60,1.80
2009.01.02 14:34:45.580,0.8515,0.8518,2.80,1.80
2009.01.02 14:34:47.869,0.8515,0.8518,1.20,2.60
2009.01.02 14:34:48.329,0.85145,0.8518,4.40,2.60
2009.01.02 14:34:48.799,0.8515,0.8518,1.60,1.80
2009.01.02 14:34:49.219,0.8515,0.8518,2.80,1.80
2009.01.02 14:34:50.238,0.85155,0.85185,2.80,1.80
2009.01.02 14:34:51.068,0.85155,0.85185,1.60,1.80
2009.01.02 14:34:52.118,0.8516,0.85185,1.60,1.80
2009.01.02 14:34:52.518,0.85155,0.8519,4.40,1.80
2009.01.02 14:34:54.667,0.85155,0.8519,2.80,1.80
2009.01.02 14:34:55.287,0.85155,0.8519,2.80,2.60
2009.01.02 14:34:55.887,0.85155,0.85185,1.60,1.80
2009.01.02 14:34:58.816,0.8515,0.85185,4.40,2.60
2009.01.02 14:34:59.176,0.8515,0.85185,2.80,2.60
2009.01.02 14:34:59.826,0.85155,0.8519,2.80,2.60
2009.01.02 14:35:00.176,0.85145,0.8518,2.80,2.60
2009.01.02 14:35:00.816,0.8514,0.85175,2.80,1.80
2009.01.02 14:35:02.135,0.8514,0.8517,2.80,1.80
2009.01.02 14:35:02.595,0.8514,0.8517,1.60,1.80
2009.01.02 14:35:10.644,0.8514,0.85175,2.80,1.80
2009.01.02 14:35:11.553,0.8515,0.85175,1.60,1.80
2009.01.02 14:35:12.123,0.85155,0.85185,1.60,1.80
2009.01.02 14:35:13.913,0.85155,0.8518,1.60,1.80
2009.01.02 14:35:14.523,0.8515,0.85185,2.80,2.60
2009.01.02 14:35:14.873,0.85155,0.85185,1.60,1.80
2009.01.02 14:35:17.112,0.85155,0.8519,2.80,2.60
2009.01.02 14:35:17.562,0.85155,0.8519,2.80,1.80
2009.01.02 14:35:18.032,0.85155,0.8519,2.80,2.60
2009.01.02 14:35:18.602,0.85155,0.85185,2.80,1.80
2009.01.02 14:35:18.881,0.85155,0.85185,1.60,1.80
2009.01.02 14:35:19.631,0.8515,0.8518,2.80,1.80
2009.01.02 14:35:20.781,0.85155,0.85185,1.60,1.80
2009.01.02 14:35:33.728,0.85155,0.85185,2.80,1.80
2009.01.02 14:35:34.598,0.85155,0.8519,2.80,1.80
2009.01.02 14:35:36.997,0.85155,0.8519,2.80,3.40
2009.01.02 14:35:37.347,0.8515,0.8518,1.20,1.80
2009.01.02 14:35:37.877,0.85155,0.8518,1.60,1.80
2009.01.02 14:35:38.107,0.85155,0.8519,2.80,2.60
2009.01.02 14:35:39.687,0.8515,0.8518,1.60,1.80
2009.01.02 14:35:39.966,0.85145,0.8518,2.80,1.80
2009.01.02 14:35:40.756,0.8515,0.8518,1.20,1.80
2009.01.02 14:35:41.226,0.85145,0.8518,2.80,1.80
2009.01.02 14:35:46.125,0.85145,0.8518,2.80,1.80
2009.01.02 14:35:47.165,0.85145,0.8518,1.20,2.60
2009.01.02 14:35:47.745,0.8514,0.85175,2.80,1.80
2009.01.02 14:35:50.134,0.8514,0.8517,1.60,1.80
2009.01.02 14:35:50.244,0.85135,0.8517,2.80,1.80
2009.01.02 14:35:54.233,0.8514,0.85175,1.20,2.60
2009.01.02 14:35:54.673,0.8514,0.85175,2.80,2.60
2009.01.02 14:35:55.343,0.8514,0.8517,1.60,1.80
2009.01.02 14:35:55.573,0.85135,0.8517,2.80,1.80
2009.01.02 14:36:06.620,0.8514,0.8517,1.60,1.80
2009.01.02 14:36:06.970,0.8514,0.85175,2.80,1.80
2009.01.02 14:36:13.828,0.85145,0.85175,1.60,1.80
2009.01.02 14:36:14.358,0.8514,0.85175,2.80,1.80
2009.01.02 14:36:14.758,0.85135,0.8517,2.80,1.80
2009.01.02 14:36:15.248,0.8514,0.8516,1.20,1.00
2009.01.02 14:36:15.718,0.8512,0.85155,1.20,2.60
2009.01.02 14:36:16.008,0.8512,0.8515,1.20,1.80
2009.01.02 14:36:17.108,0.8512,0.8515,2.80,1.80
2009.01.02 14:36:17.518,0.85125,0.85155,1.60,1.80
2009.01.02 14:36:18.037,0.85125,0.8516,2.80,2.60
2009.01.02 14:36:18.937,0.8513,0.85165,2.80,2.60
2009.01.02 14:36:19.407,0.85135,0.85165,1.60,1.80
2009.01.02 14:36:20.367,0.85135,0.85165,2.80,1.80
2009.01.02 14:36:21.246,0.8514,0.8517,1.20,1.80
2009.01.02 14:36:21.537,0.85135,0.8517,2.80,1.80
2009.01.02 14:36:23.566,0.8514,0.8517,1.60,1.80
2009.01.02 14:36:24.626,0.85145,0.8518,2.80,4.20
2009.01.02 14:36:25.086,0.85145,0.8518,2.80,5.00
2009.01.02 14:36:25.206,0.85145,0.8518,2.80,4.20
2009.01.02 14:36:28.515,0.85145,0.85175,1.20,1.60
2009.01.02 14:36:28.635,0.8514,0.85175,2.80,3.40
2009.01.02 14:36:28.745,0.85145,0.85175,1.60,1.80
2009.01.02 14:36:29.145,0.85145,0.8518,2.80,4.20
2009.01.02 14:36:32.534,0.85145,0.85175,1.20,1.40
2009.01.02 14:36:32.994,0.8514,0.85175,2.80,1.80
2009.01.02 14:36:33.393,0.85145,0.8518,1.20,4.20
2009.01.02 14:36:33.734,0.85145,0.8518,2.80,4.20
2009.01.02 14:36:35.193,0.8514,0.85175,2.80,1.80
2009.01.02 14:36:35.583,0.85145,0.8518,2.80,4.20
2009.01.02 14:36:37.623,0.85145,0.8517,2.80,1.60
2009.01.02 14:36:37.682,0.85145,0.8517,1.20,2.20
2009.01.02 14:36:38.022,0.8514,0.8517,1.20,2.20
2009.01.02 14:36:38.702,0.8513,0.85165,1.20,1.80
2009.01.02 14:36:39.112,0.8513,0.8516,1.60,1.80
2009.01.02 14:36:39.512,0.85125,0.8516,2.80,1.80
2009.01.02 14:36:44.311,0.8513,0.85165,2.80,1.80
2009.01.02 14:36:44.991,0.8513,0.85165,2.80,3.40
2009.01.02 14:36:45.381,0.8513,0.8516,1.60,1.80
2009.01.02 14:36:45.731,0.8513,0.85165,2.80,3.40
2009.01.02 14:36:46.021,0.8513,0.85165,2.80,1.80
2009.01.02 14:36:55.588,0.8513,0.85165,2.80,3.40
2009.01.02 14:36:55.698,0.8513,0.8516,1.20,1.00
2009.01.02 14:36:55.928,0.8513,0.85155,1.20,1.00
2009.01.02 14:36:56.108,0.85125,0.8516,1.20,4.20
2009.01.02 14:36:57.098,0.8512,0.85155,1.20,1.80
2009.01.02 14:36:58.787,0.85125,0.85155,1.60,1.80
2009.01.02 14:36:59.417,0.8513,0.85165,2.80,2.60
2009.01.02 14:36:59.807,0.8513,0.85165,2.80,1.80
2009.01.02 14:37:03.207,0.8513,0.85165,1.20,3.40
2009.01.02 14:37:03.716,0.85125,0.8516,2.80,1.80
2009.01.02 14:37:04.126,0.85125,0.8516,2.80,2.60
2009.01.02 14:37:04.696,0.85125,0.8516,2.80,4.20
2009.01.02 14:37:05.916,0.85125,0.8516,2.80,2.60
2009.01.02 14:37:07.065,0.8512,0.85155,2.80,2.60
2009.01.02 14:37:07.585,0.85125,0.8516,2.80,2.60
2009.01.02 14:37:08.825,0.85125,0.8516,2.80,4.20
2009.01.02 14:37:09.415,0.85125,0.85155,1.60,1.80
2009.01.02 14:37:09.765,0.85125,0.8516,2.80,2.60
2009.01.02 14:37:09.885,0.8513,0.8516,1.60,1.80
2009.01.02 14:37:10.235,0.85135,0.85165,1.60,1.80
2009.01.02 14:37:10.635,0.85135,0.85165,2.80,1.80
2009.01.02 14:37:11.744,0.85135,0.8517,2.80,3.40
2009.01.02 14:37:12.154,0.85135,0.85165,1.60,1.80
2009.01.02 14:37:19.802,0.8513,0.85165,2.80,2.60
2009.01.02 14:37:20.332,0.85135,0.85165,1.60,1.80
2009.01.02 14:37:21.872,0.85135,0.8516,1.60,3.40
2009.01.02 14:37:22.332,0.8513,0.8516,1.60,1.80
2009.01.02 14:37:22.512,0.85135,0.85165,2.80,1.80
2009.01.02 14:37:22.672,0.85135,0.85165,1.60,1.80
2009.01.02 14:37:30.500,0.85135,0.8516,1.60,1.80
2009.01.02 14:37:30.960,0.8513,0.8516,1.60,1.80
2009.01.02 14:37:36.418,0.8512,0.85155,2.80,2.60
2009.01.02 14:37:37.048,0.8513,0.85155,1.60,1.80
2009.01.02 14:37:37.628,0.8513,0.8516,1.60,1.80
2009.01.02 14:37:38.238,0.8513,0.85165,2.80,4.20
2009.01.02 14:37:38.628,0.85135,0.85165,1.60,1.80
2009.01.02 14:37:42.197,0.85135,0.85165,1.60,3.40
2009.01.02 14:37:42.597,0.8513,0.85165,1.20,3.40
2009.01.02 14:37:42.647,0.85125,0.8516,2.80,1.80
2009.01.02 14:37:48.035,0.85125,0.8516,1.20,2.60
2009.01.02 14:37:48.625,0.85125,0.85145,1.20,1.60
2009.01.02 14:37:48.796,0.85105,0.8515,1.20,3.40
2009.01.02 14:37:49.135,0.85105,0.85145,1.20,1.80
2009.01.02 14:37:53.684,0.851,0.8513,1.60,1.80
2009.01.02 14:37:53.904,0.851,0.85125,1.60,1.80
2009.01.02 14:37:55.074,0.8509,0.85115,1.60,1.80
2009.01.02 14:37:57.283,0.85085,0.85115,1.60,1.80
2009.01.02 14:37:57.643,0.85085,0.8511,1.60,1.80
2009.01.02 14:37:59.203,0.85085,0.85105,1.60,1.80
2009.01.02 14:37:59.423,0.85085,0.8511,1.60,1.80
2009.01.02 14:38:00.263,0.8508,0.8511,1.60,1.80
2009.01.02 14:38:00.613,0.8508,0.85105,1.60,1.80
2009.01.02 14:38:04.722,0.8508,0.851,1.60,1.80
2009.01.02 14:38:05.701,0.8509,0.8511,1.60,1.80
2009.01.02 14:38:05.991,0.8508,0.8511,1.60,1.80
2009.01.02 14:38:06.101,0.8508,0.85105,1.60,1.80
2009.01.02 14:38:06.611,0.8508,0.8511,1.60,1.80
2009.01.02 14:38:06.951,0.8509,0.8512,1.20,1.80
2009.01.02 14:38:07.701,0.8509,0.85105,1.20,1.60
2009.01.02 14:38:07.921,0.85075,0.85105,1.20,3.40
2009.01.02 14:38:08.501,0.8507,0.851,1.20,1.80
2009.01.02 14:38:10.420,0.8507,0.851,1.20,3.40
2009.01.02 14:38:10.860,0.85065,0.851,1.20,1.80
2009.01.02 14:38:11.150,0.8507,0.851,2.80,1.80
2009.01.02 14:38:11.910,0.8507,0.85105,2.80,3.40
2009.01.02 14:38:12.370,0.85075,0.85105,1.20,3.40
2009.01.02 14:38:12.540,0.8507,0.85095,1.60,1.80
2009.01.02 14:38:13.119,0.85075,0.85105,1.20,3.40
2009.01.02 14:38:13.469,0.85065,0.851,2.80,1.80
2009.01.02 14:38:13.929,0.85065,0.85085,1.20,1.60
2009.01.02 14:38:14.209,0.8505,0.85085,2.80,3.40
2009.01.02 14:38:15.319,0.8505,0.85085,1.20,3.40
2009.01.02 14:38:15.869,0.85045,0.8508,2.80,1.80
2009.01.02 14:38:16.768,0.85045,0.8508,2.80,3.40
2009.01.02 14:38:17.619,0.8505,0.8508,1.60,3.40
2009.01.02 14:38:18.318,0.8505,0.85085,2.80,3.40
2009.01.02 14:38:19.738,0.8505,0.85085,2.80,1.80
2009.01.02 14:38:19.898,0.85055,0.8509,2.80,2.60
2009.01.02 14:38:23.118,0.85055,0.8509,2.80,1.80
2009.01.02 14:38:28.396,0.85055,0.8509,2.80,3.40
2009.01.02 14:38:28.906,0.8505,0.85085,2.80,1.80
2009.01.02 14:38:29.486,0.85055,0.8509,2.80,3.40
2009.01.02 14:38:32.705,0.85055,0.8509,2.80,1.80
2009.01.02 14:38:32.825,0.8506,0.8509,1.60,1.80
2009.01.02 14:38:33.235,0.8506,0.85095,2.80,3.40
2009.01.02 14:38:33.755,0.8506,0.8509,1.60,1.80
2009.01.02 14:38:33.875,0.85055,0.8509,2.80,1.80
2009.01.02 14:38:36.074,0.85055,0.8508,1.60,1.80
2009.01.02 14:38:36.604,0.85055,0.85085,1.20,4.20
2009.01.02 14:38:36.954,0.85055,0.8508,1.60,1.80
2009.01.02 14:38:42.112,0.8505,0.85075,1.60,1.80
2009.01.02 14:38:47.421,0.8505,0.8508,1.60,1.80
2009.01.02 14:38:50.920,0.8505,0.8508,1.60,3.40
2009.01.02 14:38:53.010,0.8505,0.8508,1.60,1.80
2009.01.02 14:38:53.350,0.8505,0.85085,2.80,3.40
2009.01.02 14:38:58.978,0.8505,0.85085,2.80,1.80
2009.01.02 14:39:00.298,0.8506,0.8509,1.60,1.80
2009.01.02 14:39:00.358,0.8506,0.85095,2.80,3.40
2009.01.02 14:39:03.028,0.8506,0.8509,1.60,3.40
2009.01.02 14:39:03.348,0.8506,0.8509,1.20,1.60
2009.01.02 14:39:03.887,0.85055,0.8509,2.80,3.40
2009.01.02 14:39:04.527,0.85055,0.85085,1.20,1.60
2009.01.02 14:39:05.117,0.8505,0.85085,1.20,1.80
2009.01.02 14:39:05.437,0.85055,0.85085,1.60,1.80
2009.01.02 14:39:05.617,0.85055,0.85085,2.80,1.80
2009.01.02 14:39:05.977,0.8506,0.85095,2.80,1.80
2009.01.02 14:39:07.527,0.8506,0.85095,2.80,3.40
2009.01.02 14:39:07.816,0.8506,0.85095,1.20,4.20
2009.01.02 14:39:08.409,0.85055,0.8509,2.80,3.40
2009.01.02 14:39:10.925,0.8506,0.8509,1.60,1.80
2009.01.02 14:39:11.146,0.8506,0.85095,2.80,3.40
2009.01.02 14:39:11.846,0.8506,0.85095,2.80,4.20
2009.01.02 14:39:12.135,0.8506,0.8509,1.60,1.80
2009.01.02 14:39:12.595,0.85055,0.8509,2.80,1.80
2009.01.02 14:39:12.775,0.85055,0.8509,2.80,3.40
2009.01.02 14:39:15.065,0.85055,0.8509,2.80,1.80
2009.01.02 14:39:15.395,0.8506,0.85095,2.80,3.40
2009.01.02 14:39:15.614,0.8506,0.85095,2.80,1.80
2009.01.02 14:39:16.304,0.8506,0.85095,2.80,3.40
2009.01.02 14:39:17.994,0.8506,0.8509,1.60,3.40
2009.01.02 14:39:21.693,0.85055,0.85085,2.80,1.60
2009.01.02 14:39:21.973,0.85055,0.85085,1.20,1.60
2009.01.02 14:39:22.203,0.8505,0.85085,2.80,3.40
2009.01.02 14:39:22.943,0.85055,0.85085,2.80,1.80
2009.01.02 14:39:23.343,0.8506,0.85095,2.80,3.40
2009.01.02 14:39:23.462,0.8506,0.85095,2.80,1.80
2009.01.02 14:39:23.563,0.85065,0.85095,1.60,1.80
2009.01.02 14:39:23.833,0.85065,0.851,2.80,3.40
2009.01.02 14:39:25.202,0.85065,0.8509,1.20,1.60
2009.01.02 14:39:25.492,0.8506,0.8509,1.60,3.40
2009.01.02 14:39:26.582,0.85055,0.8509,1.20,3.40
2009.01.02 14:39:26.942,0.85055,0.85085,1.20,1.80
2009.01.02 14:39:27.362,0.8505,0.85085,2.80,1.80
2009.01.02 14:39:27.742,0.8506,0.8509,1.60,1.80
2009.01.02 14:39:28.031,0.8506,0.8509,1.60,3.40
2009.01.02 14:39:28.961,0.85065,0.8509,1.60,1.80
2009.01.02 14:39:29.421,0.85065,0.851,2.80,3.40
2009.01.02 14:39:29.591,0.85065,0.85095,2.80,1.60
2009.01.02 14:39:29.941,0.85065,0.85095,1.60,3.40
2009.01.02 14:39:31.611,0.85065,0.8509,1.60,1.60
2009.01.02 14:39:31.900,0.8506,0.8509,2.80,1.60
2009.01.02 14:39:32.130,0.8506,0.8509,1.60,3.40
2009.01.02 14:39:34.350,0.8506,0.85085,1.60,1.60
2009.01.02 14:39:34.510,0.8505,0.85085,2.80,3.40
2009.01.02 14:39:35.630,0.85055,0.85085,1.60,1.80
2009.01.02 14:39:35.690,0.8506,0.85085,1.60,1.80
2009.01.02 14:39:36.080,0.8506,0.8509,1.60,3.40
2009.01.02 14:39:38.049,0.8506,0.8509,1.60,1.80
2009.01.02 14:39:38.409,0.8506,0.8509,1.60,3.40
2009.01.02 14:39:39.349,0.8506,0.8509,1.60,1.80
2009.01.02 14:39:42.428,0.8506,0.8509,1.60,3.40
2009.01.02 14:39:45.637,0.85055,0.8509,1.20,3.40
2009.01.02 14:39:45.917,0.8505,0.85085,2.80,1.80
2009.01.02 14:39:46.367,0.85055,0.85085,1.20,1.80
2009.01.02 14:39:46.487,0.8505,0.85085,2.80,1.80
2009.01.02 14:39:48.327,0.8505,0.85085,1.20,3.40
2009.01.02 14:39:48.626,0.85045,0.8508,2.80,1.80
2009.01.02 14:39:49.076,0.85045,0.8508,2.80,3.40
2009.01.02 14:39:49.416,0.85045,0.85075,2.80,1.80
2009.01.02 14:39:50.986,0.85045,0.8508,2.80,3.40
2009.01.02 14:39:54.275,0.85045,0.85075,2.80,1.80
2009.01.02 14:39:55.925,0.85045,0.8508,2.80,1.80
2009.01.02 14:39:56.255,0.8505,0.85085,2.80,1.80
2009.01.02 14:40:02.083,0.85055,0.85085,2.80,3.40
2009.01.02 14:40:02.373,0.85055,0.85085,1.20,3.40
2009.01.02 14:40:02.613,0.85045,0.8508,2.80,1.80
2009.01.02 14:40:02.793,0.85055,0.8508,1.60,1.80
2009.01.02 14:40:03.153,0.85055,0.85085,2.80,3.40
2009.01.02 14:40:04.443,0.85045,0.8508,2.80,1.80
2009.01.02 14:40:06.382,0.85055,0.85085,1.20,3.40
2009.01.02 14:40:06.792,0.85055,0.85085,1.20,1.80
2009.01.02 14:40:07.152,0.85055,0.8509,1.20,3.40
2009.01.02 14:40:07.542,0.8505,0.85085,2.80,1.80
2009.01.02 14:40:08.862,0.8505,0.8508,2.80,1.60
2009.01.02 14:40:08.921,0.85055,0.85085,1.60,4.20
2009.01.02 14:40:09.261,0.85055,0.85085,2.80,3.40
2009.01.02 14:40:09.381,0.85045,0.8508,2.80,1.80
2009.01.02 14:40:11.761,0.85045,0.8508,2.80,3.40
2009.01.02 14:40:13.441,0.85055,0.8508,1.60,3.40
2009.01.02 14:40:14.020,0.85055,0.85085,2.80,3.40
2009.01.02 14:40:15.140,0.85065,0.85095,1.60,3.40
2009.01.02 14:40:16.400,0.85065,0.85095,1.60,1.80
2009.01.02 14:40:16.860,0.85065,0.851,2.80,3.40
2009.01.02 14:40:19.179,0.85065,0.8509,1.20,1.60
2009.01.02 14:40:19.459,0.85065,0.8509,1.60,3.40
2009.01.02 14:40:19.579,0.8506,0.8509,1.60,3.40
2009.01.02 14:40:19.869,0.8506,0.8509,1.60,1.80
2009.01.02 14:40:20.039,0.85065,0.8509,1.60,1.80
2009.01.02 14:40:20.319,0.85065,0.85095,1.60,3.40
2009.01.02 14:40:20.549,0.8506,0.85095,2.80,4.20
2009.01.02 14:40:21.069,0.8506,0.8509,1.60,3.40
2009.01.02 14:40:21.309,0.8506,0.8509,1.60,1.80
2009.01.02 14:40:21.859,0.8506,0.8509,1.60,3.40
2009.01.02 14:40:23.168,0.85065,0.8509,1.60,3.40
2009.01.02 14:40:23.698,0.8506,0.8509,1.60,3.40
2009.01.02 14:40:25.768,0.8506,0.8509,3.20,3.40
2009.01.02 14:40:26.107,0.85075,0.8509,1.60,1.80
2009.01.02 14:40:26.338,0.85075,0.85105,1.60,3.40
2009.01.02 14:40:30.896,0.85075,0.85105,1.60,1.80
2009.01.02 14:40:31.128,0.85075,0.8511,2.80,3.40
2009.01.02 14:40:32.526,0.85075,0.85105,1.60,3.40
2009.01.02 14:40:35.535,0.85075,0.8511,2.80,3.40
2009.01.02 14:40:36.465,0.85075,0.85105,2.80,1.60
2009.01.02 14:40:36.765,0.85075,0.85105,1.60,3.40
2009.01.02 14:40:37.305,0.85075,0.85105,1.60,1.80
2009.01.02 14:40:37.705,0.85075,0.85105,2.80,1.60
2009.01.02 14:40:37.885,0.85075,0.85105,1.60,3.40
2009.01.02 14:40:48.992,0.85075,0.851,1.60,1.60
2009.01.02 14:40:49.232,0.8507,0.851,1.60,3.40
2009.01.02 14:40:51.132,0.85065,0.8509,1.20,1.00
2009.01.02 14:40:51.432,0.85065,0.8509,1.20,1.60
2009.01.02 14:40:51.891,0.8505,0.85075,1.20,2.20
2009.01.02 14:40:52.291,0.85035,0.8507,2.80,3.40
2009.01.02 14:40:52.931,0.85045,0.85065,1.60,1.80
2009.01.02 14:40:53.391,0.85045,0.85075,1.60,1.80
2009.01.02 14:40:53.661,0.8505,0.85085,2.80,3.40
2009.01.02 14:40:57.790,0.8505,0.85085,1.20,5.00
2009.01.02 14:40:57.970,0.85045,0.8508,2.80,1.80
2009.01.02 14:41:02.149,0.85045,0.8508,2.80,2.60
2009.01.02 14:41:02.329,0.85045,0.85075,1.60,1.80
2009.01.02 14:41:04.788,0.8504,0.8507,1.20,1.00
2009.01.02 14:41:05.348,0.85035,0.8506,1.60,1.80
2009.01.02 14:41:05.808,0.85025,0.8506,2.80,1.80
2009.01.02 14:41:06.028,0.85025,0.85055,2.80,1.80
2009.01.02 14:41:06.498,0.85025,0.85055,1.60,1.80
2009.01.02 14:41:06.618,0.8502,0.85055,1.20,1.80
2009.01.02 14:41:06.738,0.85015,0.8505,2.80,1.80
2009.01.02 14:41:07.028,0.85025,0.8505,1.60,1.80
2009.01.02 14:41:07.737,0.85025,0.85055,1.60,1.80
2009.01.02 14:41:08.937,0.8503,0.8506,1.60,1.80
2009.01.02 14:41:10.297,0.85025,0.8506,2.80,1.80
2009.01.02 14:41:10.417,0.85025,0.85055,1.60,1.80
2009.01.02 14:41:10.817,0.8502,0.85055,1.20,1.80
2009.01.02 14:41:10.987,0.85015,0.8505,2.80,1.80
2009.01.02 14:41:11.397,0.85015,0.8505,1.20,2.60
2009.01.02 14:41:11.566,0.8501,0.8504,1.60,1.80
2009.01.02 14:41:12.096,0.85005,0.8504,2.80,1.80
2009.01.02 14:41:13.496,0.8501,0.8504,2.80,1.80
2009.01.02 14:41:13.716,0.8501,0.85045,2.80,1.80
2009.01.02 14:41:14.246,0.85005,0.8504,2.80,1.80
2009.01.02 14:41:15.206,0.8501,0.85045,1.20,1.80
2009.01.02 14:41:15.676,0.85015,0.85045,2.80,1.80
2009.01.02 14:41:15.845,0.85015,0.8505,2.80,1.80
2009.01.02 14:41:18.805,0.8502,0.8505,1.60,1.80
2009.01.02 14:41:26.863,0.85025,0.8505,1.60,1.80
2009.01.02 14:41:27.273,0.85025,0.85055,1.60,1.80
2009.01.02 14:41:57.806,0.8502,0.85055,2.80,2.60
2009.01.02 14:41:57.865,0.8502,0.8505,1.60,1.80
2009.01.02 14:41:59.945,0.8503,0.85055,1.60,1.80
2009.01.02 14:42:00.575,0.85025,0.8506,2.80,2.60
2009.01.02 14:42:01.325,0.8502,0.8505,1.60,1.80
2009.01.02 14:42:01.775,0.85025,0.8505,1.60,1.80
2009.01.02 14:42:02.074,0.85025,0.8506,2.80,1.80
2009.01.02 14:42:02.484,0.85025,0.85055,2.80,1.80
2009.01.02 14:42:03.644,0.85035,0.85065,1.60,1.80
2009.01.02 14:42:04.694,0.8503,0.8506,1.60,1.80
2009.01.02 14:42:05.543,0.8503,0.85055,1.60,1.80
2009.01.02 14:42:06.004,0.85025,0.85055,1.60,1.80
2009.01.02 14:42:07.683,0.8502,0.8505,1.60,1.80
2009.01.02 14:42:08.783,0.85025,0.85055,1.60,1.80
2009.01.02 14:42:08.953,0.8502,0.85055,2.80,2.60
2009.01.02 14:42:09.373,0.8502,0.8505,1.60,1.80
2009.01.02 14:42:15.591,0.8502,0.85055,2.80,1.80
2009.01.02 14:42:16.001,0.85025,0.8506,2.80,1.80
2009.01.02 14:42:16.351,0.85035,0.8506,1.60,1.80
2009.01.02 14:42:16.461,0.85035,0.8507,2.80,1.80
2009.01.02 14:42:16.851,0.8503,0.85065,2.80,1.80
2009.01.02 14:42:18.310,0.8503,0.8506,1.60,1.80
2009.01.02 14:42:18.641,0.85025,0.8506,2.80,1.80
2009.01.02 14:42:18.750,0.85025,0.8506,2.80,2.60
2009.01.02 14:42:18.870,0.85025,0.85055,1.60,1.80
2009.01.02 14:42:19.330,0.85025,0.8505,1.60,1.80
2009.01.02 14:42:19.440,0.8502,0.8505,1.60,1.80
2009.01.02 14:42:20.361,0.85015,0.8504,1.60,1.80
2009.01.02 14:42:20.830,0.8501,0.85045,2.80,1.80
2009.01.02 14:42:21.450,0.85015,0.8504,1.60,3.40
2009.01.02 14:42:21.990,0.84995,0.8503,3.20,1.80
2009.01.02 14:42:22.279,0.8499,0.85025,2.80,1.80
2009.01.02 14:42:22.649,0.8499,0.85025,1.20,1.80
2009.01.02 14:42:23.109,0.8498,0.8501,2.80,1.80
2009.01.02 14:42:23.449,0.84985,0.8502,2.80,1.80
2009.01.02 14:42:25.129,0.84985,0.8502,2.80,3.40
2009.01.02 14:42:25.419,0.84975,0.8501,2.80,1.80
2009.01.02 14:42:25.879,0.8498,0.8501,1.60,1.80
2009.01.02 14:42:26.279,0.84985,0.8501,1.60,1.80
2009.01.02 14:42:26.729,0.8499,0.85025,2.80,1.80
2009.01.02 14:42:27.998,0.84995,0.8503,2.80,1.80
2009.01.02 14:42:28.108,0.85,0.85035,2.80,1.80
2009.01.02 14:42:29.528,0.85005,0.8504,1.20,1.80
2009.01.02 14:42:30.108,0.85,0.85035,2.80,1.80
2009.01.02 14:42:30.688,0.85005,0.8504,2.80,1.80
2009.01.02 14:42:31.217,0.85,0.8503,1.60,1.80
2009.01.02 14:42:38.855,0.85,0.85035,2.80,2.60
2009.01.02 14:42:39.255,0.85,0.85035,1.20,1.80
2009.01.02 14:42:39.435,0.84995,0.8503,2.80,1.80
2009.01.02 14:42:40.115,0.85,0.8503,1.60,1.80
2009.01.02 14:42:40.355,0.84995,0.8503,2.80,1.80
2009.01.02 14:42:40.645,0.85,0.85035,2.80,1.80
2009.01.02 14:42:45.494,0.85005,0.8504,2.80,1.80
2009.01.02 14:42:46.194,0.85,0.85035,2.80,1.80
2009.01.02 14:42:52.912,0.85,0.85035,4.40,1.80
2009.01.02 14:42:53.322,0.85005,0.8504,2.80,1.80
2009.01.02 14:42:57.621,0.8501,0.8504,2.80,1.80
2009.01.02 14:43:00.220,0.8501,0.8504,1.20,2.60
2009.01.02 14:43:00.670,0.85,0.85035,2.80,1.80
2009.01.02 14:43:02.120,0.84995,0.85025,2.80,1.80
2009.01.02 14:43:02.930,0.84995,0.85025,1.60,1.80
2009.01.02 14:43:03.320,0.84985,0.8502,2.80,1.80
2009.01.02 14:43:04.969,0.8499,0.8502,1.60,1.80
2009.01.02 14:43:05.479,0.84995,0.85025,1.60,1.80
2009.01.02 14:43:05.819,0.84995,0.85025,2.80,1.80
2009.01.02 14:43:07.799,0.85,0.85025,1.60,1.80
2009.01.02 14:43:07.969,0.84995,0.85025,2.80,1.80
2009.01.02 14:43:12.607,0.85,0.85035,1.20,1.80
2009.01.02 14:43:14.147,0.85,0.8503,1.20,1.00
2009.01.02 14:43:14.837,0.84995,0.85025,2.80,1.80
2009.01.02 14:43:15.287,0.85,0.85035,1.20,1.80
2009.01.02 14:43:16.656,0.84995,0.85025,1.60,1.80
2009.01.02 14:43:17.066,0.84995,0.85025,2.80,1.80
2009.01.02 14:43:17.676,0.85,0.85035,1.20,1.80
2009.01.02 14:43:19.126,0.85,0.85035,2.80,1.80
2009.01.02 14:43:19.566,0.85005,0.8504,1.20,2.60
2009.01.02 14:43:19.975,0.85,0.85035,2.80,1.80
2009.01.02 14:43:20.326,0.85005,0.8504,2.80,1.80
2009.01.02 14:43:37.961,0.8501,0.8504,1.60,1.80
2009.01.02 14:43:38.131,0.8501,0.8504,2.80,1.80
2009.01.02 14:43:38.371,0.8501,0.8504,2.80,3.40
2009.01.02 14:43:39.131,0.85,0.8503,1.60,1.80
2009.01.02 14:43:39.371,0.8499,0.8502,1.60,1.80
2009.01.02 14:43:39.781,0.84995,0.8502,1.60,1.80
2009.01.02 14:43:40.011,0.84995,0.85025,1.60,1.80
2009.01.02 14:43:56.947,0.84995,0.85025,1.60,3.40
2009.01.02 14:43:57.506,0.8498,0.8501,1.60,1.80
2009.01.02 14:43:58.486,0.84985,0.8501,1.60,1.80
2009.01.02 14:43:58.786,0.84995,0.8502,1.60,1.80
2009.01.02 14:43:59.176,0.84995,0.8503,2.80,1.80
2009.01.02 14:43:59.986,0.85,0.85035,2.80,1.80
2009.01.02 14:44:00.676,0.84995,0.8503,1.20,1.80
2009.01.02 14:44:01.016,0.8499,0.85025,2.80,1.80
2009.01.02 14:44:01.615,0.84995,0.8503,1.20,1.80
2009.01.02 14:44:05.195,0.85,0.8503,1.60,1.80
2009.01.02 14:44:05.374,0.85,0.85035,2.80,1.80
2009.01.02 14:44:07.384,0.85005,0.85035,1.60,1.80
2009.01.02 14:44:07.964,0.85005,0.8504,1.20,2.60
2009.01.02 14:44:08.144,0.85,0.85035,2.80,1.80
2009.01.02 14:44:14.682,0.85,0.85035,1.20,2.60
2009.01.02 14:44:14.972,0.8499,0.85025,2.80,1.80
2009.01.02 14:44:28.539,0.84985,0.8502,2.80,1.80
2009.01.02 14:44:36.797,0.84985,0.8502,1.20,2.60
2009.01.02 14:44:37.207,0.8498,0.85015,2.80,1.80
2009.01.02 14:44:41.226,0.84985,0.8502,2.80,1.80
2009.01.02 14:44:45.185,0.84985,0.8501,1.60,1.80
2009.01.02 14:44:52.283,0.84985,0.8502,2.80,1.80
2009.01.02 14:44:53.423,0.84985,0.85015,1.20,1.00
2009.01.02 14:44:54.113,0.8497,0.85005,2.80,1.80
2009.01.02 14:44:54.583,0.8497,0.85005,1.20,2.60
2009.01.02 14:44:54.943,0.8496,0.84995,1.20,2.60
2009.01.02 14:44:55.415,0.84955,0.84985,1.60,1.80
2009.01.02 14:44:56.033,0.8496,0.84985,1.60,1.80
2009.01.02 14:44:56.693,0.8496,0.84995,2.80,1.80
2009.01.02 14:44:56.862,0.84965,0.85,2.80,1.80
2009.01.02 14:44:58.782,0.8497,0.8499,2.80,1.60
2009.01.02 14:44:59.422,0.8497,0.85005,1.20,4.20
2009.01.02 14:45:00.002,0.8496,0.8499,1.60,3.40
2009.01.02 14:45:00.351,0.84955,0.84985,1.20,1.00
2009.01.02 14:45:00.701,0.8495,0.8498,1.60,1.80
2009.01.02 14:45:04.221,0.84945,0.8498,2.80,2.60
2009.01.02 14:45:04.690,0.84945,0.84975,1.60,1.80
2009.01.02 14:45:07.000,0.8495,0.84975,1.60,1.80
2009.01.02 14:45:07.060,0.8495,0.84985,2.80,1.80
2009.01.02 14:45:07.240,0.8495,0.84985,2.80,2.60
2009.01.02 14:45:07.650,0.8495,0.8498,1.60,1.80
2009.01.02 14:45:10.329,0.8495,0.84985,2.80,1.80
2009.01.02 14:45:17.157,0.8495,0.8498,1.60,1.80
2009.01.02 14:45:23.696,0.8495,0.8498,2.80,1.80
2009.01.02 14:45:23.816,0.8495,0.8498,1.60,1.80
2009.01.02 14:45:24.515,0.8495,0.8498,2.80,1.80
2009.01.02 14:45:24.916,0.8495,0.8498,1.60,1.80
2009.01.02 14:45:26.055,0.84945,0.84975,1.60,1.80
2009.01.02 14:45:26.635,0.8495,0.8498,1.20,2.60
2009.01.02 14:45:26.915,0.8495,0.8498,1.20,1.80
2009.01.02 14:45:27.095,0.8495,0.8498,2.80,1.80
2009.01.02 14:45:27.565,0.8495,0.84985,2.80,2.60
2009.01.02 14:45:27.835,0.8495,0.84985,2.80,1.80
2009.01.02 14:45:28.245,0.8495,0.8498,2.80,1.80
2009.01.02 14:45:28.815,0.8495,0.84985,2.80,1.80
2009.01.02 14:45:29.275,0.8495,0.84985,2.80,2.60
2009.01.02 14:45:29.854,0.8495,0.8498,1.60,1.80
2009.01.02 14:45:31.234,0.8495,0.84985,2.80,1.80
2009.01.02 14:45:33.134,0.8495,0.84985,2.80,2.60
2009.01.02 14:45:33.773,0.8495,0.8498,2.80,1.80
2009.01.02 14:45:34.163,0.8494,0.8497,1.60,1.80
2009.01.02 14:45:34.743,0.84945,0.84975,1.60,1.80
2009.01.02 14:45:36.113,0.8494,0.84975,1.20,1.80
2009.01.02 14:45:36.573,0.84945,0.8498,1.20,1.80
2009.01.02 14:45:37.093,0.8495,0.84985,1.20,1.80
2009.01.02 14:45:37.902,0.8495,0.8498,1.20,1.80
2009.01.02 14:45:38.982,0.84955,0.8499,1.20,1.80
2009.01.02 14:45:39.552,0.84955,0.8499,2.80,1.80
2009.01.02 14:45:39.952,0.8495,0.8498,2.80,1.80
2009.01.02 14:45:40.352,0.8495,0.84985,2.80,1.80
2009.01.02 14:45:40.872,0.84955,0.84985,1.60,1.80
2009.01.02 14:45:41.392,0.8496,0.8499,1.60,1.80
2009.01.02 14:45:42.032,0.84955,0.8499,2.80,1.80
2009.01.02 14:45:42.532,0.84965,0.8499,1.60,1.80
2009.01.02 14:45:43.211,0.84965,0.84995,1.60,1.80
2009.01.02 14:45:49.359,0.8496,0.84995,2.80,1.80
2009.01.02 14:45:49.699,0.8496,0.8499,1.60,1.80
2009.01.02 14:45:53.069,0.84965,0.84995,1.60,1.80
2009.01.02 14:45:55.348,0.8496,0.8499,2.80,1.80
2009.01.02 14:45:55.578,0.8496,0.8499,1.60,1.80
2009.01.02 14:45:57.517,0.8496,0.84995,2.80,1.80
2009.01.02 14:45:58.027,0.84965,0.84995,1.60,1.80
2009.01.02 14:46:02.376,0.84965,0.85,2.80,1.80
2009.01.02 14:46:02.606,0.84975,0.85,1.60,1.80
2009.01.02 14:46:02.906,0.8497,0.85005,2.80,1.80
2009.01.02 14:46:05.116,0.8497,0.85,1.60,1.80
2009.01.02 14:46:05.756,0.84965,0.85,2.80,1.80
2009.01.02 14:46:06.285,0.84965,0.84995,2.80,1.80
2009.01.02 14:46:08.215,0.84965,0.8499,1.60,1.80
2009.01.02 14:46:08.575,0.8496,0.8499,2.80,1.80
2009.01.02 14:46:08.975,0.84965,0.8499,1.60,1.80
2009.01.02 14:46:09.265,0.84965,0.84995,2.80,1.80
2009.01.02 14:46:10.465,0.84965,0.84995,1.20,1.80
2009.01.02 14:46:10.874,0.84965,0.84995,2.80,1.80
2009.01.02 14:46:12.274,0.8497,0.84995,4.80,1.80
2009.01.02 14:46:13.754,0.84965,0.8499,1.60,1.80
2009.01.02 14:46:13.934,0.8497,0.84995,4.80,1.80
2009.01.02 14:46:15.063,0.8497,0.84995,1.60,1.80
2009.01.02 14:46:15.574,0.84965,0.85,2.80,1.80
2009.01.02 14:46:15.743,0.8497,0.85,6.40,1.80
2009.01.02 14:46:22.731,0.8497,0.85,4.80,1.80
2009.01.02 14:46:22.911,0.8497,0.84995,4.80,1.80
2009.01.02 14:46:24.541,0.84965,0.84995,2.80,1.80
2009.01.02 14:46:25.111,0.8498,0.8501,1.60,1.80
2009.01.02 14:46:25.341,0.8498,0.8501,2.80,1.80
2009.01.02 14:46:28.100,0.84975,0.85005,1.60,1.80
2009.01.02 14:46:28.660,0.8498,0.8501,1.60,1.80
2009.01.02 14:46:28.950,0.8498,0.8501,1.20,1.80
2009.01.02 14:46:29.340,0.8499,0.8502,1.60,1.80
2009.01.02 14:46:29.960,0.8499,0.8501,4.80,1.80
2009.01.02 14:46:30.250,0.8499,0.8501,3.20,1.80
2009.01.02 14:46:31.040,0.8499,0.85015,3.20,1.80
2009.01.02 14:46:31.609,0.85,0.85015,1.60,1.80
2009.01.02 14:46:31.889,0.84995,0.85025,1.60,1.80
2009.01.02 14:46:33.009,0.8499,0.8502,3.20,1.80
2009.01.02 14:46:33.419,0.84985,0.85015,1.60,1.80
2009.01.02 14:46:35.818,0.8499,0.85025,1.20,2.60
2009.01.02 14:46:36.278,0.8499,0.85025,6.00,1.80
2009.01.02 14:46:36.398,0.84995,0.8502,1.60,1.80
2009.01.02 14:46:36.958,0.8499,0.8502,4.80,1.80
2009.01.02 14:46:37.118,0.84995,0.8502,1.60,1.80
2009.01.02 14:46:37.468,0.84995,0.85025,1.60,1.80
2009.01.02 14:46:38.118,0.8501,0.85025,1.60,1.80
2009.01.02 14:46:38.508,0.84995,0.8503,1.20,4.20
2009.01.02 14:46:38.788,0.85,0.8503,1.60,1.80
2009.01.02 14:46:39.498,0.84995,0.8503,2.80,2.60
2009.01.02 14:46:39.867,0.84995,0.85025,1.60,1.80
2009.01.02 14:46:41.497,0.8499,0.8502,3.20,1.80
2009.01.02 14:46:42.237,0.8499,0.8502,3.20,2.60
2009.01.02 14:46:42.297,0.8499,0.8502,4.40,2.60
2009.01.02 14:46:42.417,0.85,0.8502,1.20,1.00
2009.01.02 14:46:43.106,0.85,0.85025,1.20,2.20
2009.01.02 14:46:47.465,0.85,0.85025,1.20,4.20
2009.01.02 14:46:48.295,0.85005,0.8503,1.20,1.80
2009.01.02 14:46:48.535,0.85015,0.8504,1.20,4.20
2009.01.02 14:46:50.745,0.85015,0.8503,1.20,1.00
2009.01.02 14:46:51.095,0.8501,0.8503,1.20,1.00
2009.01.02 14:46:52.004,0.85,0.8503,1.20,1.00
2009.01.02 14:46:52.354,0.85,0.85035,2.80,2.60
2009.01.02 14:46:52.474,0.85,0.8503,1.60,1.80
2009.01.02 14:46:52.774,0.85,0.85025,1.60,1.80
2009.01.02 14:46:53.304,0.85,0.8503,1.60,1.80
2009.01.02 14:46:55.304,0.85005,0.8503,1.60,1.80
2009.01.02 14:46:55.533,0.85005,0.85035,1.60,1.80
2009.01.02 14:46:58.603,0.85,0.85035,1.20,1.80
2009.01.02 14:46:59.073,0.85,0.85025,1.60,1.80
2009.01.02 14:46:59.423,0.85,0.85035,2.80,2.60
2009.01.02 14:47:00.212,0.85,0.8503,1.60,1.80
2009.01.02 14:47:04.841,0.85005,0.8503,1.60,1.80
2009.01.02 14:47:05.191,0.85005,0.85035,1.60,1.80
2009.01.02 14:47:06.001,0.8501,0.8504,1.20,2.60
2009.01.02 14:47:06.281,0.85015,0.8504,1.60,1.80
2009.01.02 14:47:06.861,0.8501,0.8504,1.20,1.80
2009.01.02 14:47:07.151,0.85005,0.8504,2.80,1.80
2009.01.02 14:47:07.321,0.8501,0.8504,1.60,1.80
2009.01.02 14:47:07.721,0.8501,0.8504,2.80,1.80
2009.01.02 14:47:08.061,0.85,0.85035,2.80,1.80
2009.01.02 14:47:08.661,0.85005,0.8504,2.80,1.80
2009.01.02 14:47:09.130,0.85015,0.85045,1.60,1.80
2009.01.02 14:47:14.329,0.85025,0.85045,1.60,1.80
2009.01.02 14:47:14.899,0.85015,0.85045,1.60,1.80
2009.01.02 14:47:15.129,0.8502,0.8505,1.60,1.80
2009.01.02 14:47:15.719,0.8502,0.85045,1.60,1.80
2009.01.02 14:47:16.119,0.85015,0.8505,1.20,1.80
2009.01.02 14:47:16.858,0.8501,0.8504,2.80,1.80
2009.01.02 14:47:17.158,0.8501,0.8504,1.60,1.80
2009.01.02 14:47:17.548,0.85005,0.8504,2.80,1.80
2009.01.02 14:47:17.888,0.85015,0.85045,1.60,1.80
2009.01.02 14:47:20.058,0.85015,0.8505,2.80,1.80
2009.01.02 14:47:20.957,0.85015,0.8505,2.80,3.40
2009.01.02 14:47:21.307,0.85015,0.85045,1.60,1.80
2009.01.02 14:47:21.797,0.8501,0.85045,2.80,2.60
2009.01.02 14:47:22.087,0.85015,0.8504,1.60,1.80
2009.01.02 14:47:22.487,0.85015,0.85045,1.60,1.80
2009.01.02 14:47:22.897,0.85015,0.8505,2.80,1.80
2009.01.02 14:47:29.435,0.85015,0.8505,2.80,3.40
2009.01.02 14:47:29.785,0.8501,0.8504,1.60,1.80
2009.01.02 14:47:34.034,0.8501,0.85045,2.80,2.60
2009.01.02 14:47:34.434,0.8501,0.8504,2.80,1.60
2009.01.02 14:47:35.064,0.85015,0.85045,1.60,1.80
2009.01.02 14:47:35.585,0.8501,0.8504,1.60,1.80
2009.01.02 14:47:36.504,0.85015,0.8504,1.60,1.80
2009.01.02 14:47:37.573,0.85015,0.8505,2.80,1.80
2009.01.02 14:47:42.123,0.85015,0.8504,1.60,1.80
2009.01.02 14:47:42.362,0.8501,0.8504,2.80,1.80
2009.01.02 14:47:43.332,0.85015,0.8505,2.80,1.80
2009.01.02 14:47:43.902,0.85015,0.85045,1.60,1.80
2009.01.02 14:47:47.411,0.85015,0.8505,2.80,1.80
2009.01.02 14:47:47.911,0.8503,0.85065,2.80,1.80
2009.01.02 14:47:48.321,0.85035,0.85065,1.60,1.80
2009.01.02 14:47:48.781,0.8503,0.8506,1.20,1.80
2009.01.02 14:47:49.181,0.85025,0.85055,1.20,1.80
2009.01.02 14:47:52.660,0.85025,0.85055,1.20,3.40
2009.01.02 14:47:53.160,0.85015,0.8505,1.20,4.20
2009.01.02 14:47:53.690,0.8501,0.8504,1.20,1.80
2009.01.02 14:47:54.260,0.8501,0.85045,1.20,1.80
2009.01.02 14:47:54.380,0.8501,0.8504,1.20,1.80
2009.01.02 14:47:55.119,0.8501,0.85045,1.20,1.80
2009.01.02 14:47:56.439,0.85005,0.85035,1.60,1.80
2009.01.02 14:47:56.909,0.85,0.85035,1.20,4.20
2009.01.02 14:47:57.079,0.84995,0.85025,1.20,1.80
2009.01.02 14:47:57.599,0.8499,0.85025,4.40,1.80
2009.01.02 14:47:57.828,0.84995,0.85025,1.60,1.80
2009.01.02 14:47:58.289,0.84995,0.8503,2.80,1.80
2009.01.02 14:47:58.619,0.85,0.85035,1.20,1.80
2009.01.02 14:47:58.848,0.84995,0.8503,1.20,1.80
2009.01.02 14:48:00.138,0.84995,0.8503,2.80,1.80
2009.01.02 14:48:00.248,0.85,0.85035,1.20,1.80
2009.01.02 14:48:02.457,0.85,0.85035,2.80,1.80
2009.01.02 14:48:03.037,0.85005,0.8504,1.20,1.80
2009.01.02 14:48:03.327,0.85,0.85035,1.20,1.80
2009.01.02 14:48:05.087,0.84995,0.8503,2.80,1.80
2009.01.02 14:48:05.377,0.85,0.85035,1.20,3.40
2009.01.02 14:48:05.557,0.84995,0.8503,1.20,1.80
2009.01.02 14:48:06.467,0.84995,0.8503,2.80,1.80
2009.01.02 14:48:07.126,0.85,0.85035,2.80,1.80
2009.01.02 14:48:07.346,0.85005,0.8504,1.20,1.80
2009.01.02 14:48:08.716,0.8501,0.85045,2.80,2.60
2009.01.02 14:48:09.116,0.85005,0.8504,2.80,1.80
2009.01.02 14:48:10.946,0.8501,0.8504,1.60,1.80
2009.01.02 14:48:11.345,0.8501,0.85045,2.80,2.60
2009.01.02 14:48:15.115,0.85015,0.85045,1.60,1.80
2009.01.02 14:48:15.294,0.85015,0.85045,2.80,1.80
2009.01.02 14:48:15.764,0.85015,0.8505,2.80,2.60
2009.01.02 14:48:17.224,0.8502,0.8505,1.60,1.80
2009.01.02 14:48:17.334,0.8503,0.8506,1.20,4.20
2009.01.02 14:48:17.614,0.8502,0.85055,1.20,1.80
2009.01.02 14:48:21.423,0.85025,0.85055,1.20,1.80
2009.01.02 14:48:24.612,0.8502,0.85055,1.20,1.80
2009.01.02 14:48:24.952,0.85025,0.85055,1.20,1.80
2009.01.02 14:48:25.122,0.8503,0.8506,1.20,1.80
2009.01.02 14:48:25.652,0.85025,0.85055,1.20,1.80
2009.01.02 14:48:30.261,0.85015,0.8505,2.80,1.80
2009.01.02 14:48:30.491,0.85025,0.85055,1.20,1.80
2009.01.02 14:48:33.810,0.8503,0.8506,1.20,1.80
2009.01.02 14:48:35.559,0.8503,0.85065,1.20,2.60
2009.01.02 14:48:35.960,0.8503,0.85065,1.20,4.20
2009.01.02 14:48:36.359,0.85025,0.8506,2.80,1.80
2009.01.02 14:48:36.649,0.85025,0.8506,1.20,1.80
2009.01.02 14:48:37.399,0.85025,0.85055,1.20,1.80
2009.01.02 14:48:38.938,0.85025,0.8506,1.20,1.80
2009.01.02 14:48:39.628,0.85025,0.8506,2.80,1.80
2009.01.02 14:48:45.687,0.8502,0.85055,2.80,1.80
2009.01.02 14:48:53.435,0.85025,0.85055,2.80,1.80
2009.01.02 14:48:54.115,0.85025,0.8506,2.80,1.80
2009.01.02 14:48:57.624,0.85025,0.8506,1.20,2.60
2009.01.02 14:48:57.684,0.85025,0.8506,1.20,4.20
2009.01.02 14:48:57.974,0.8502,0.85055,2.80,1.80
2009.01.02 14:48:59.404,0.85025,0.8506,1.20,2.60
2009.01.02 14:48:59.864,0.85025,0.8506,2.80,1.80
2009.01.02 14:49:01.653,0.85025,0.8506,2.80,3.40
2009.01.02 14:49:01.993,0.85015,0.8505,2.80,1.80
2009.01.02 14:49:04.343,0.85015,0.85045,1.20,1.00
2009.01.02 14:49:05.102,0.8501,0.85045,4.40,2.60
2009.01.02 14:49:05.552,0.8501,0.8504,3.20,1.80
2009.01.02 14:49:07.752,0.8501,0.85045,4.40,4.20
2009.01.02 14:49:07.922,0.85015,0.85045,1.60,1.80
2009.01.02 14:49:08.152,0.85015,0.85045,2.80,1.80
2009.01.02 14:49:08.381,0.85015,0.8505,2.80,2.60
2009.01.02 14:49:08.961,0.85015,0.85045,1.20,1.00
2009.01.02 14:49:09.541,0.8501,0.85045,6.00,2.60
2009.01.02 14:49:10.851,0.8501,0.8504,6.00,1.60
2009.01.02 14:49:11.421,0.8501,0.8504,3.20,1.80
2009.01.02 14:49:13.380,0.8501,0.8504,4.40,1.80
2009.01.02 14:49:14.150,0.85015,0.8504,1.60,1.80
2009.01.02 14:49:14.380,0.8501,0.8504,6.00,1.80
2009.01.02 14:49:14.730,0.85015,0.8505,1.20,1.80
2009.01.02 14:49:15.010,0.8501,0.85045,6.00,1.80
2009.01.02 14:49:15.470,0.8501,0.85035,1.60,1.80
2009.01.02 14:49:15.530,0.85015,0.85045,1.20,1.80
2009.01.02 14:49:18.269,0.85015,0.8505,2.80,1.80
2009.01.02 14:49:18.909,0.85015,0.8505,1.20,2.60
2009.01.02 14:49:19.499,0.8501,0.85045,6.00,1.80
2009.01.02 14:49:23.948,0.8501,0.8504,4.40,4.20
2009.01.02 14:49:24.698,0.8499,0.8502,1.60,1.80
2009.01.02 14:49:25.208,0.84985,0.85015,1.60,1.80
2009.01.02 14:49:25.947,0.8499,0.8502,1.60,1.80
2009.01.02 14:49:26.167,0.8499,0.85025,2.80,1.80
2009.01.02 14:49:27.147,0.85,0.85035,1.20,2.60
2009.01.02 14:49:27.727,0.85005,0.8504,2.80,1.80
2009.01.02 14:49:28.067,0.85,0.85035,2.80,1.80
2009.01.02 14:49:28.567,0.8501,0.8504,1.20,1.00
2009.01.02 14:49:28.807,0.85005,0.85035,1.60,1.80
2009.01.02 14:49:29.267,0.85005,0.8504,2.80,1.80
2009.01.02 14:49:30.417,0.8501,0.85045,2.80,1.80
2009.01.02 14:49:32.466,0.85015,0.85045,1.60,1.80
2009.01.02 14:49:32.636,0.85015,0.8505,2.80,1.80
2009.01.02 14:49:33.616,0.85015,0.8505,1.20,2.60
2009.01.02 14:49:34.265,0.85015,0.8505,2.80,1.80
2009.01.02 14:49:34.565,0.8501,0.85045,2.80,1.80
2009.01.02 14:49:35.485,0.8501,0.85045,4.40,1.80
2009.01.02 14:49:36.125,0.85015,0.8505,2.80,1.80
2009.01.02 14:49:36.755,0.8502,0.85055,2.80,2.60
2009.01.02 14:49:38.484,0.85015,0.8505,2.80,1.80
2009.01.02 14:49:41.184,0.85025,0.85055,2.80,3.40
2009.01.02 14:49:41.294,0.85025,0.85055,1.20,4.20
2009.01.02 14:49:41.913,0.85015,0.8505,2.80,1.80
2009.01.02 14:49:43.463,0.85025,0.85055,1.20,4.20
2009.01.02 14:49:43.983,0.85015,0.8505,1.20,4.20
2009.01.02 14:49:44.443,0.8501,0.85045,2.80,1.80
2009.01.02 14:49:46.802,0.8502,0.85055,2.80,2.60
2009.01.02 14:49:47.082,0.8502,0.8505,2.80,1.60
2009.01.02 14:49:47.433,0.8502,0.85055,1.20,4.20
2009.01.02 14:49:47.832,0.85015,0.8504,1.60,1.80
2009.01.02 14:49:48.122,0.85005,0.8504,2.80,1.80
2009.01.02 14:49:49.113,0.85015,0.85045,2.80,1.80
2009.01.02 14:49:50.022,0.85015,0.8505,2.80,1.80
2009.01.02 14:49:50.541,0.85015,0.85045,1.20,2.20
2009.01.02 14:49:51.011,0.85,0.85035,1.20,1.80
2009.01.02 14:49:51.301,0.85,0.85035,2.80,1.80
2009.01.02 14:49:51.691,0.8501,0.85045,2.80,1.80
2009.01.02 14:49:52.391,0.85015,0.8505,2.80,1.80
2009.01.02 14:49:52.861,0.8503,0.85065,1.20,1.80
2009.01.02 14:49:54.080,0.8503,0.85065,2.80,1.80
2009.01.02 14:49:54.301,0.85045,0.85075,1.20,1.80
2009.01.02 14:49:55.580,0.8505,0.85075,1.60,1.80
2009.01.02 14:49:56.400,0.8505,0.85085,2.80,1.80
2009.01.02 14:49:56.810,0.85055,0.8509,1.20,1.80
2009.01.02 14:49:57.380,0.85065,0.851,2.80,1.80
2009.01.02 14:49:59.669,0.85065,0.851,1.20,2.60
2009.01.02 14:49:59.959,0.85065,0.851,4.40,1.80
2009.01.02 14:50:00.309,0.8507,0.851,1.60,1.80
2009.01.02 14:50:00.479,0.8508,0.85105,1.20,1.40
2009.01.02 14:50:00.589,0.8507,0.851,1.60,1.80
2009.01.02 14:50:01.059,0.8507,0.85105,2.80,1.80
2009.01.02 14:50:01.469,0.8507,0.851,1.60,1.80
2009.01.02 14:50:01.649,0.8507,0.85105,2.80,1.80
2009.01.02 14:50:04.458,0.8507,0.851,1.20,1.80
2009.01.02 14:50:04.688,0.8507,0.851,1.60,1.80
2009.01.02 14:50:05.148,0.8507,0.851,2.80,1.80
2009.01.02 14:50:07.397,0.8507,0.85105,2.80,1.80
2009.01.02 14:50:07.778,0.8507,0.851,2.80,1.80
2009.01.02 14:50:08.457,0.8507,0.85105,2.80,1.80
2009.01.02 14:50:10.387,0.8507,0.85105,1.20,2.60
2009.01.02 14:50:10.677,0.8507,0.85105,1.20,4.20
2009.01.02 14:50:11.146,0.85065,0.851,2.80,1.80
2009.01.02 14:50:13.966,0.8506,0.85095,2.80,1.80
2009.01.02 14:50:14.886,0.85055,0.85085,1.60,1.80
2009.01.02 14:50:15.405,0.8505,0.8508,1.60,1.80
2009.01.02 14:50:15.865,0.8505,0.85085,2.80,1.80
2009.01.02 14:50:16.175,0.85045,0.8508,2.80,1.80
2009.01.02 14:50:17.495,0.8505,0.85085,2.80,1.80
2009.01.02 14:50:18.435,0.8505,0.8508,1.60,1.80
2009.01.02 14:50:19.884,0.85045,0.8508,2.80,1.80
2009.01.02 14:50:25.263,0.85045,0.8508,1.20,2.60
2009.01.02 14:50:25.953,0.8504,0.85075,2.80,1.80
2009.01.02 14:50:29.082,0.8504,0.8507,2.80,1.80
2009.01.02 14:50:30.762,0.8504,0.8507,1.20,2.60
2009.01.02 14:50:30.932,0.85035,0.8507,2.80,2.60
2009.01.02 14:50:32.471,0.85035,0.8506,1.20,1.00
2009.01.02 14:50:32.812,0.85035,0.8507,2.80,5.00
2009.01.02 14:50:33.111,0.85035,0.8507,2.80,2.60
2009.01.02 14:50:33.221,0.85035,0.85065,1.60,1.80
2009.01.02 14:50:33.741,0.8503,0.85065,1.20,2.60
2009.01.02 14:50:34.031,0.85025,0.8506,2.80,1.80
2009.01.02 14:50:39.020,0.85035,0.8506,1.60,1.80
2009.01.02 14:50:39.370,0.85035,0.8507,2.80,1.80
2009.01.02 14:50:45.828,0.85035,0.8507,1.20,2.60
2009.01.02 14:50:46.228,0.8503,0.85065,2.80,1.80
2009.01.02 14:50:46.458,0.8503,0.85065,1.20,1.80
2009.01.02 14:50:48.038,0.85035,0.8507,1.20,2.60
2009.01.02 14:50:48.447,0.8503,0.85065,2.80,1.80
2009.01.02 14:50:48.827,0.8503,0.85065,1.20,1.80
2009.01.02 14:50:50.377,0.85025,0.8506,2.80,1.80
2009.01.02 14:50:56.526,0.8504,0.8507,2.80,1.80
2009.01.02 14:50:57.456,0.85045,0.85075,1.60,1.80
2009.01.02 14:50:57.755,0.85045,0.85075,2.80,1.80
2009.01.02 14:50:59.065,0.85045,0.8508,2.80,1.80
2009.01.02 14:51:00.285,0.8504,0.85075,2.80,2.60
2009.01.02 14:51:01.794,0.8504,0.85075,1.20,2.60
2009.01.02 14:51:02.234,0.85035,0.8507,2.80,1.80
2009.01.02 14:51:03.334,0.85035,0.8507,2.80,2.60
2009.01.02 14:51:11.512,0.85035,0.8507,1.20,1.80
2009.01.02 14:51:14.421,0.85035,0.8507,1.20,2.60
2009.01.02 14:51:18.390,0.85035,0.8507,2.80,2.60
2009.01.02 14:51:19.320,0.85035,0.85065,1.20,1.00
2009.01.02 14:51:19.660,0.8503,0.85065,2.80,4.20
2009.01.02 14:51:19.890,0.8502,0.85055,2.80,2.60
2009.01.02 14:51:20.230,0.8502,0.85055,1.20,2.60
2009.01.02 14:51:20.410,0.85015,0.8505,1.20,1.80
2009.01.02 14:51:20.949,0.85005,0.8504,1.20,1.80
2009.01.02 14:51:22.919,0.8501,0.8504,1.60,1.80
2009.01.02 14:51:23.319,0.85015,0.8505,1.20,1.80
2009.01.02 14:51:23.909,0.85015,0.85045,1.20,1.00
2009.01.02 14:51:24.319,0.8501,0.85045,2.80,2.60
2009.01.02 14:51:24.839,0.8501,0.85045,1.20,1.80
2009.01.02 14:51:26.329,0.8501,0.85045,2.80,2.60
2009.01.02 14:51:28.058,0.85015,0.85045,1.60,1.80
2009.01.02 14:51:28.448,0.85015,0.8505,2.80,2.60
2009.01.02 14:51:28.688,0.8502,0.85055,1.20,2.60
2009.01.02 14:51:33.617,0.8502,0.85055,1.20,4.20
2009.01.02 14:51:34.366,0.8502,0.85055,2.80,1.80
2009.01.02 14:51:34.776,0.85025,0.8506,1.20,1.80
2009.01.02 14:51:35.606,0.85025,0.8506,1.20,2.60
2009.01.02 14:51:35.826,0.85025,0.8506,1.20,4.20
2009.01.02 14:51:36.006,0.8502,0.85055,1.20,1.80
2009.01.02 14:51:38.485,0.8502,0.85055,1.20,2.60
2009.01.02 14:51:38.895,0.8502,0.85055,2.80,1.80
2009.01.02 14:51:39.065,0.85025,0.8506,1.20,1.80
2009.01.02 14:51:41.065,0.85025,0.85055,1.20,1.80
2009.01.02 14:51:42.374,0.8502,0.85055,1.20,1.80
2009.01.02 14:51:45.824,0.8502,0.85055,2.80,1.80
2009.01.02 14:51:46.284,0.85025,0.85055,1.20,1.80
2009.01.02 14:51:49.373,0.8502,0.85055,1.20,1.80
2009.01.02 14:51:50.133,0.8502,0.85055,2.80,1.80
2009.01.02 14:51:50.183,0.85025,0.85055,1.20,1.80
2009.01.02 14:51:53.662,0.8502,0.85055,1.20,1.80
2009.01.02 14:51:54.351,0.85015,0.85045,1.20,1.80
2009.01.02 14:51:55.561,0.85015,0.85045,2.80,1.80
2009.01.02 14:51:55.961,0.8502,0.8505,1.20,1.80
2009.01.02 14:51:56.191,0.85015,0.85045,2.80,1.80
2009.01.02 14:51:56.601,0.85015,0.85045,1.20,1.80
2009.01.02 14:51:57.061,0.8501,0.8504,1.20,1.80
2009.01.02 14:51:57.361,0.85005,0.8504,2.80,1.80
2009.01.02 14:51:57.941,0.85015,0.85045,2.80,1.80
2009.01.02 14:51:58.521,0.8501,0.8504,2.80,1.80
2009.01.02 14:52:00.140,0.8501,0.8504,1.20,1.80
2009.01.02 14:52:00.560,0.85,0.85035,4.40,1.80
2009.01.02 14:52:00.730,0.8501,0.8504,1.20,1.80
2009.01.02 14:52:01.840,0.85015,0.85045,1.20,1.80
2009.01.02 14:52:02.300,0.85015,0.85045,1.20,1.00
2009.01.02 14:52:02.820,0.8501,0.85045,2.80,2.60
2009.01.02 14:52:08.368,0.8501,0.85045,2.80,1.80
2009.01.02 14:52:08.828,0.85015,0.8505,1.20,1.80
2009.01.02 14:52:12.298,0.8501,0.85045,2.80,2.60
2009.01.02 14:52:13.117,0.85015,0.85045,1.20,1.80
2009.01.02 14:52:13.517,0.8501,0.8504,1.20,1.80
2009.01.02 14:52:13.787,0.85,0.8503,1.20,1.80
2009.01.02 14:52:14.517,0.85,0.85035,1.20,1.80
2009.01.02 14:52:16.067,0.84995,0.8503,2.80,1.80
2009.01.02 14:52:17.066,0.84995,0.8503,1.20,1.80
2009.01.02 14:52:17.776,0.85,0.85035,1.20,1.80
2009.01.02 14:52:18.626,0.85,0.8503,1.20,1.80
2009.01.02 14:52:18.978,0.85,0.85035,1.20,1.80
2009.01.02 14:52:19.565,0.85,0.85035,1.20,2.60
2009.01.02 14:52:19.745,0.84995,0.8503,1.20,1.80
2009.01.02 14:52:23.045,0.8499,0.8502,1.60,1.80
2009.01.02 14:52:23.924,0.84995,0.8503,1.20,1.80
2009.01.02 14:52:24.285,0.84995,0.85025,1.20,1.40
2009.01.02 14:52:25.144,0.84985,0.8502,1.20,2.60
2009.01.02 14:52:25.544,0.8499,0.8502,1.20,1.00
2009.01.02 14:52:25.944,0.8498,0.85015,2.80,1.80
2009.01.02 14:52:26.304,0.8498,0.85015,1.20,2.60
2009.01.02 14:52:26.824,0.84975,0.8501,2.80,2.60
2009.01.02 14:52:27.184,0.84985,0.8502,1.20,2.60
2009.01.02 14:52:34.102,0.84985,0.8502,1.20,1.80
2009.01.02 14:52:34.952,0.84985,0.8502,1.20,2.60
2009.01.02 14:52:38.362,0.8498,0.85015,2.80,1.80
2009.01.02 14:52:38.891,0.84985,0.8502,2.80,1.80
2009.01.02 14:52:39.421,0.8498,0.85015,2.80,1.80
2009.01.02 14:52:40.460,0.84985,0.8502,1.20,2.60
2009.01.02 14:52:40.970,0.84985,0.8502,2.80,1.80
2009.01.02 14:52:49.728,0.84985,0.8502,1.20,2.60
2009.01.02 14:52:50.938,0.84985,0.8502,2.80,1.80
2009.01.02 14:52:51.618,0.84995,0.85025,1.20,1.80
2009.01.02 14:52:51.968,0.85,0.8503,1.20,2.60
2009.01.02 14:52:52.318,0.8499,0.85025,1.20,1.80
2009.01.02 14:52:52.988,0.84995,0.85025,1.20,1.80
2009.01.02 14:52:56.957,0.84995,0.8503,1.20,1.80
2009.01.02 14:53:02.295,0.84995,0.8503,1.20,2.60
2009.01.02 14:53:02.635,0.8499,0.85025,1.20,1.80
2009.01.02 14:53:03.045,0.84995,0.85025,1.20,1.80
2009.01.02 14:53:10.933,0.84985,0.8502,2.80,1.80
2009.01.02 14:53:13.023,0.84985,0.8502,1.20,1.80
2009.01.02 14:53:15.062,0.8499,0.85025,1.20,1.80
2009.01.02 14:53:16.732,0.84985,0.8502,2.80,1.80
2009.01.02 14:53:17.432,0.8499,0.85025,1.20,1.80
2009.01.02 14:53:22.520,0.8498,0.85015,2.80,1.80
2009.01.02 14:53:22.910,0.84985,0.8502,1.20,2.60
2009.01.02 14:53:25.600,0.8498,0.85015,2.80,1.80
2009.01.02 14:53:26.129,0.8498,0.85015,4.40,1.80
2009.01.02 14:53:26.589,0.84985,0.85015,3.20,1.80
2009.01.02 14:53:26.759,0.84985,0.8502,1.20,2.60
2009.01.02 14:53:34.557,0.84985,0.8502,2.80,2.60
2009.01.02 14:53:35.067,0.8499,0.85025,2.80,1.80
2009.01.02 14:53:37.617,0.84995,0.85025,1.20,1.80
2009.01.02 14:53:38.826,0.8499,0.85025,1.20,1.80
2009.01.02 14:53:39.176,0.84995,0.85025,1.20,1.80
2009.01.02 14:53:39.796,0.8499,0.85025,2.80,1.80
2009.01.02 14:53:40.326,0.84995,0.85025,1.20,1.80
2009.01.02 14:53:40.496,0.8499,0.85025,1.20,1.80
2009.01.02 14:53:40.676,0.84995,0.85025,1.20,1.80
2009.01.02 14:53:48.124,0.84995,0.85025,2.80,1.80
2009.01.02 14:53:48.534,0.85,0.8503,1.20,1.00
2009.01.02 14:53:48.814,0.84995,0.85025,1.20,2.60
2009.01.02 14:53:49.214,0.84985,0.8502,4.40,1.80
2009.01.02 14:53:49.494,0.84985,0.8502,1.20,2.60
2009.01.02 14:53:55.962,0.8498,0.85015,2.80,1.80
2009.01.02 14:53:56.132,0.84985,0.85015,1.60,1.80
2009.01.02 14:53:56.532,0.84985,0.8501,1.60,1.80
2009.01.02 14:53:56.702,0.8498,0.8501,1.20,1.80
2009.01.02 14:53:56.992,0.8498,0.85015,1.20,2.60
2009.01.02 14:53:57.352,0.8498,0.8501,1.20,1.60
2009.01.02 14:53:57.472,0.8498,0.84995,1.20,1.00
2009.01.02 14:53:57.892,0.8496,0.84995,2.80,2.60
2009.01.02 14:53:58.582,0.8496,0.84995,4.40,2.60
2009.01.02 14:53:59.142,0.84965,0.85,2.80,2.60
2009.01.02 14:54:00.171,0.84965,0.84995,2.80,1.80
2009.01.02 14:54:00.701,0.8496,0.84995,2.80,2.60
2009.01.02 14:54:10.659,0.84965,0.84995,1.60,1.80
2009.01.02 14:54:11.259,0.84965,0.85,2.80,2.60
2009.01.02 14:54:12.078,0.84965,0.84995,2.80,1.80
2009.01.02 14:54:12.538,0.84965,0.84995,1.20,2.60
2009.01.02 14:54:12.928,0.8496,0.84995,2.80,2.60
2009.01.02 14:54:17.437,0.84965,0.84995,2.80,1.80
2009.01.02 14:54:17.897,0.8496,0.84995,2.80,2.60
2009.01.02 14:54:21.046,0.84965,0.85,2.80,2.60
2009.01.02 14:54:21.966,0.84975,0.85005,1.60,1.80
2009.01.02 14:54:22.426,0.84965,0.85,2.80,1.80
2009.01.02 14:54:22.756,0.8497,0.85,1.20,1.00
2009.01.02 14:54:23.346,0.8497,0.85005,1.20,2.60
2009.01.02 14:54:25.825,0.8497,0.85005,1.20,4.20
2009.01.02 14:54:26.185,0.8496,0.84995,4.40,2.60
2009.01.02 14:54:26.425,0.8497,0.85005,1.20,2.60
2009.01.02 14:54:28.324,0.8497,0.85,1.20,1.00
2009.01.02 14:54:28.505,0.84965,0.84995,2.80,1.80
2009.01.02 14:54:28.744,0.84965,0.8499,1.60,1.80
2009.01.02 14:54:29.324,0.84955,0.8499,1.20,2.60
2009.01.02 14:54:29.544,0.8495,0.84985,1.20,2.60
2009.01.02 14:54:30.014,0.8495,0.8498,1.20,1.80
2009.01.02 14:54:30.654,0.84945,0.8498,2.80,1.80
2009.01.02 14:54:32.143,0.8495,0.84985,1.20,2.60
2009.01.02 14:54:35.003,0.8495,0.8498,1.20,1.80
2009.01.02 14:54:35.833,0.8495,0.84985,1.20,2.60
2009.01.02 14:54:36.403,0.8495,0.8498,1.20,1.80
2009.01.02 14:54:37.042,0.8495,0.8498,2.80,1.80
2009.01.02 14:54:37.942,0.8495,0.84985,2.80,1.80
2009.01.02 14:54:38.332,0.8495,0.8498,1.20,1.80
2009.01.02 14:54:39.152,0.8495,0.84985,1.20,2.60
2009.01.02 14:54:40.491,0.8495,0.84985,2.80,1.80
2009.01.02 14:54:40.781,0.84955,0.8499,1.20,2.60
2009.01.02 14:54:41.661,0.84955,0.8499,2.80,1.80
2009.01.02 14:54:42.241,0.84965,0.84995,1.20,1.80
2009.01.02 14:54:42.711,0.84965,0.84995,2.80,1.80
2009.01.02 14:54:42.821,0.8496,0.84995,2.80,2.60
2009.01.02 14:54:46.260,0.8497,0.85,1.60,1.80
2009.01.02 14:54:46.740,0.8497,0.85005,2.80,2.60
2009.01.02 14:54:47.480,0.8497,0.85,1.20,1.00
2009.01.02 14:54:48.241,0.84965,0.85,2.80,2.60
2009.01.02 14:54:48.580,0.8495,0.84985,2.80,1.80
2009.01.02 14:54:48.800,0.84955,0.8499,2.80,1.80
2009.01.02 14:54:49.559,0.84955,0.8499,2.80,2.60
2009.01.02 14:54:49.790,0.8496,0.8499,1.20,1.00
2009.01.02 14:54:50.499,0.8495,0.84985,2.80,1.80
2009.01.02 14:54:54.298,0.8495,0.8498,1.60,1.80
2009.01.02 14:54:54.658,0.8495,0.84985,2.80,1.80
2009.01.02 14:54:56.948,0.84955,0.8499,1.20,2.60
2009.01.02 14:54:57.117,0.84955,0.8499,2.80,1.80
2009.01.02 14:54:58.087,0.8496,0.84995,1.20,1.80
2009.01.02 14:55:02.526,0.84955,0.8499,4.40,1.80
2009.01.02 14:55:02.696,0.8496,0.84995,1.20,1.80
2009.01.02 14:55:03.506,0.8496,0.84995,2.80,1.80
2009.01.02 14:55:04.076,0.84965,0.85,1.20,1.80
2009.01.02 14:55:06.125,0.8496,0.84995,2.80,1.80
2009.01.02 14:55:06.605,0.8496,0.84995,1.20,1.80
2009.01.02 14:55:06.955,0.84955,0.8499,2.80,1.80
2009.01.02 14:55:10.894,0.84955,0.84985,1.60,1.80
2009.01.02 14:55:11.484,0.8495,0.84985,2.80,1.80
2009.01.02 14:55:11.664,0.8495,0.8498,1.20,1.80
2009.01.02 14:55:12.864,0.8495,0.8498,1.20,2.60
2009.01.02 14:55:13.594,0.84945,0.8498,2.80,2.60
2009.01.02 14:55:14.643,0.84945,0.84975,1.20,1.00
2009.01.02 14:55:15.853,0.84945,0.8497,1.20,1.00
2009.01.02 14:55:16.213,0.8494,0.8497,1.20,1.00
2009.01.02 14:55:16.383,0.84935,0.8497,1.20,2.60
2009.01.02 14:55:17.023,0.84935,0.84965,1.20,2.60
2009.01.02 14:55:18.502,0.84935,0.8496,1.20,1.00
2009.01.02 14:55:18.742,0.8493,0.8496,1.20,2.60
2009.01.02 14:55:19.263,0.84925,0.8496,2.80,2.60
2009.01.02 14:55:20.322,0.8493,0.8496,1.20,2.60
2009.01.02 14:55:24.211,0.8493,0.8496,4.40,1.80
2009.01.02 14:55:24.451,0.84935,0.8497,1.20,2.60
2009.01.02 14:55:29.380,0.84935,0.8497,2.80,2.60
2009.01.02 14:55:29.730,0.8494,0.8497,1.60,1.80
2009.01.02 14:55:29.960,0.84945,0.84975,1.20,1.00
2009.01.02 14:55:32.279,0.84945,0.8498,2.80,2.60
2009.01.02 14:55:32.589,0.8495,0.8498,1.20,1.00
2009.01.02 14:55:32.759,0.8495,0.8498,1.20,2.60
2009.01.02 14:55:38.647,0.8495,0.84965,1.20,1.00
2009.01.02 14:55:39.227,0.84935,0.84965,1.20,2.60
2009.01.02 14:55:39.707,0.8493,0.84955,1.20,1.00
2009.01.02 14:55:40.067,0.84925,0.84955,1.20,1.00
2009.01.02 14:55:41.907,0.84925,0.84955,2.80,1.00
2009.01.02 14:55:42.307,0.84925,0.8496,2.80,2.60
2009.01.02 14:55:42.427,0.8493,0.8496,1.20,2.60
2009.01.02 14:55:44.376,0.8493,0.8496,1.20,1.80
2009.01.02 14:55:44.606,0.8493,0.84965,1.20,2.60
2009.01.02 14:55:44.956,0.84935,0.84965,1.20,2.60
2009.01.02 14:55:45.566,0.8494,0.8497,1.60,2.60
2009.01.02 14:55:46.146,0.84945,0.84975,1.20,1.00
2009.01.02 14:55:46.376,0.84945,0.8496,1.20,1.00
2009.01.02 14:55:46.436,0.8495,0.8496,1.20,1.00
2009.01.02 14:55:47.096,0.8493,0.8496,1.20,2.60
2009.01.02 14:55:47.795,0.84935,0.8496,1.20,1.00
2009.01.02 14:55:47.965,0.8493,0.8496,1.20,2.60
2009.01.02 14:55:48.585,0.8493,0.84955,1.20,1.00
2009.01.02 14:55:48.875,0.84925,0.8496,4.40,1.80
2009.01.02 14:55:49.275,0.84925,0.84955,1.20,1.00
2009.01.02 14:55:55.623,0.84925,0.8495,1.20,1.00
2009.01.02 14:55:56.143,0.8492,0.8495,1.20,1.00
2009.01.02 14:55:56.603,0.8492,0.8494,1.20,1.00
2009.01.02 14:55:56.763,0.8492,0.84945,1.20,1.00
2009.01.02 14:55:57.093,0.84915,0.84945,1.20,1.00
2009.01.02 14:55:57.333,0.84915,0.84945,1.20,2.60
2009.01.02 14:55:58.183,0.84925,0.84945,1.60,2.60
2009.01.02 14:55:58.713,0.84935,0.84965,1.20,1.00
2009.01.02 14:55:59.113,0.84935,0.84955,1.20,1.00
2009.01.02 14:55:59.342,0.84915,0.8494,1.20,1.00
2009.01.02 14:56:00.792,0.84915,0.84945,2.80,1.80
2009.01.02 14:56:01.062,0.8492,0.84955,2.80,2.60
2009.01.02 14:56:01.352,0.84925,0.84955,1.20,1.00
2009.01.02 14:56:04.181,0.84925,0.8496,1.20,2.60
2009.01.02 14:56:04.751,0.84925,0.84955,1.20,1.00
2009.01.02 14:56:05.271,0.84925,0.8496,1.20,2.60
2009.01.02 14:56:05.441,0.8493,0.8496,1.20,1.00
2009.01.02 14:56:05.731,0.8493,0.8496,1.20,2.60
2009.01.02 14:56:06.661,0.8493,0.84955,1.20,1.00
2009.01.02 14:56:07.141,0.84925,0.84955,1.20,1.00
2009.01.02 14:56:07.650,0.84925,0.8496,1.20,2.60
2009.01.02 14:56:07.940,0.8493,0.8496,1.20,1.00
2009.01.02 14:56:08.060,0.8493,0.8496,1.20,2.60
2009.01.02 14:56:08.471,0.84935,0.8496,1.20,1.00
2009.01.02 14:56:08.650,0.8493,0.8496,1.20,2.60
2009.01.02 14:56:09.580,0.84935,0.84965,1.20,2.60
2009.01.02 14:56:16.329,0.8494,0.84975,4.40,1.80
2009.01.02 14:56:16.898,0.8494,0.84975,2.80,2.60
2009.01.02 14:56:21.197,0.8494,0.84975,4.40,2.60
2009.01.02 14:56:21.647,0.8494,0.84975,2.80,2.60
2009.01.02 14:56:22.697,0.8495,0.84975,1.20,1.00
2009.01.02 14:56:23.197,0.8495,0.8498,1.20,2.60
2009.01.02 14:56:23.317,0.84945,0.8498,2.80,2.60
2009.01.02 14:56:25.366,0.84945,0.8498,2.80,2.60
2009.01.02 14:56:25.486,0.8494,0.84975,4.40,1.80
2009.01.02 14:56:25.766,0.8494,0.84975,1.20,2.60
2009.01.02 14:56:26.176,0.8494,0.84975,2.80,1.80
2009.01.02 14:56:26.736,0.84945,0.8498,1.20,2.60
2009.01.02 14:56:28.075,0.8495,0.84985,1.20,2.60
2009.01.02 14:56:28.785,0.84955,0.84985,1.20,1.00
2009.01.02 14:56:28.955,0.8495,0.84985,1.20,2.60
2009.01.02 14:56:29.005,0.8495,0.84985,2.80,2.60
2009.01.02 14:56:29.326,0.84955,0.84985,1.60,1.80
2009.01.02 14:56:29.835,0.8496,0.8499,1.20,1.00
2009.01.02 14:56:30.185,0.8495,0.84985,1.20,2.60
2009.01.02 14:56:30.465,0.8495,0.8498,1.20,2.60
2009.01.02 14:56:31.275,0.8494,0.84975,2.80,2.60
2009.01.02 14:56:31.795,0.8494,0.84975,1.20,2.60
2009.01.02 14:56:33.014,0.8494,0.84975,1.20,4.20
2009.01.02 14:56:33.244,0.8494,0.8496,1.20,1.00
2009.01.02 14:56:33.305,0.8493,0.8496,1.20,2.60
2009.01.02 14:56:37.503,0.8493,0.8496,1.20,1.00
2009.01.02 14:56:38.403,0.8493,0.8496,2.80,1.00
2009.01.02 14:56:38.793,0.84935,0.84965,1.20,1.00
2009.01.02 14:56:39.423,0.84935,0.84965,1.20,2.60
2009.01.02 14:56:41.353,0.8494,0.8497,1.20,1.00
2009.01.02 14:56:48.521,0.8494,0.8496,1.20,1.00
2009.01.02 14:56:48.631,0.8493,0.8496,1.20,2.60
2009.01.02 14:56:49.820,0.8493,0.8496,2.80,2.60
2009.01.02 14:56:50.350,0.84935,0.84965,1.20,1.00
2009.01.02 14:56:52.783,0.84935,0.8497,2.80,2.60
2009.01.02 14:56:53.180,0.8494,0.8497,1.20,1.00
2009.01.02 14:56:54.859,0.8494,0.84975,2.80,2.60
2009.01.02 14:56:55.309,0.84945,0.8498,1.20,2.60
2009.01.02 14:56:55.959,0.8494,0.8497,3.20,1.80
2009.01.02 14:56:56.409,0.84945,0.8498,1.20,1.80
2009.01.02 14:57:03.337,0.84945,0.8498,2.80,1.80
2009.01.02 14:57:04.077,0.8495,0.84985,2.80,1.80
2009.01.02 14:57:04.247,0.84955,0.8499,1.20,1.80
2009.01.02 14:57:04.647,0.8495,0.84985,1.20,1.80
2009.01.02 14:57:08.686,0.8495,0.84985,2.80,1.80
2009.01.02 14:57:08.806,0.8495,0.84985,4.40,1.80
2009.01.02 14:57:09.106,0.84955,0.8499,1.20,1.80
2009.01.02 14:57:10.955,0.84955,0.8497,1.20,1.00
2009.01.02 14:57:11.245,0.8494,0.8497,1.20,1.00
2009.01.02 14:57:11.815,0.8494,0.84965,1.20,1.00
2009.01.02 14:57:12.115,0.84935,0.84965,1.20,1.00
2009.01.02 14:57:12.655,0.84935,0.8497,2.80,2.60
2009.01.02 14:57:12.775,0.8494,0.8497,1.20,1.00
2009.01.02 14:57:17.504,0.8494,0.84965,2.80,1.00
2009.01.02 14:57:17.984,0.8495,0.8498,1.20,2.60
2009.01.02 14:57:18.534,0.8495,0.84985,2.80,2.60
2009.01.02 14:57:19.573,0.8495,0.84985,4.40,1.80
2009.01.02 14:57:19.803,0.84955,0.8499,1.20,2.60
2009.01.02 14:57:21.703,0.8495,0.84985,2.80,1.80
2009.01.02 14:57:22.183,0.8495,0.8498,1.20,2.60
2009.01.02 14:57:23.342,0.8495,0.8498,1.20,1.80
2009.01.02 14:57:23.682,0.8495,0.84985,1.20,2.60
2009.01.02 14:57:24.472,0.8495,0.8498,1.20,1.00
2009.01.02 14:57:24.872,0.8495,0.8498,1.20,2.60
2009.01.02 14:57:36.210,0.84945,0.8498,2.80,2.60
2009.01.02 14:57:37.929,0.84945,0.84975,1.20,1.00
2009.01.02 14:57:38.439,0.84935,0.8497,1.20,2.60
2009.01.02 14:57:39.039,0.8494,0.8497,1.60,1.80
2009.01.02 14:57:39.218,0.84945,0.84975,1.20,2.60
2009.01.02 14:57:39.739,0.84945,0.84975,2.80,1.80
2009.01.02 14:57:40.138,0.8495,0.8498,1.20,2.60
2009.01.02 14:57:41.348,0.8494,0.84975,2.80,2.60
2009.01.02 14:57:41.528,0.84945,0.84975,1.20,2.60
2009.01.02 14:57:41.858,0.84945,0.8497,1.20,1.00
2009.01.02 14:57:41.918,0.84935,0.8497,1.20,2.60
2009.01.02 14:57:42.268,0.8493,0.84965,1.20,2.60
2009.01.02 14:57:43.178,0.8493,0.84955,1.20,1.00
2009.01.02 14:57:43.567,0.8492,0.84955,2.80,2.60
2009.01.02 14:57:43.857,0.84925,0.8496,1.20,2.60
2009.01.02 14:57:48.776,0.84935,0.8496,1.20,1.00
2009.01.02 14:57:53.985,0.84935,0.84965,1.20,2.60
2009.01.02 14:57:54.675,0.84935,0.84965,1.20,1.00
2009.01.02 14:57:57.804,0.84925,0.8496,1.20,2.60
2009.01.02 14:58:04.642,0.84915,0.84945,1.20,1.80
2009.01.02 14:58:04.802,0.84915,0.84945,1.20,2.60
2009.01.02 14:58:05.262,0.8491,0.84945,1.20,2.60
2009.01.02 14:58:17.179,0.8491,0.84945,2.80,2.60
2009.01.02 14:58:17.659,0.8491,0.84945,4.40,1.80
2009.01.02 14:58:17.769,0.84915,0.8495,1.20,2.60
2009.01.02 14:58:23.058,0.8492,0.8495,1.20,1.00
2009.01.02 14:58:24.378,0.84915,0.8495,1.20,2.60
2009.01.02 14:58:41.064,0.84915,0.8495,2.80,1.80
2009.01.02 14:58:41.174,0.84925,0.8496,1.20,2.60
2009.01.02 14:58:45.582,0.8493,0.8496,1.20,2.60
2009.01.02 14:58:46.782,0.84925,0.8496,1.20,2.60
2009.01.02 14:58:49.151,0.84925,0.8496,2.80,2.60
2009.01.02 14:58:49.491,0.8493,0.8496,1.20,2.60
2009.01.02 14:58:51.771,0.84925,0.8496,1.20,2.60
2009.01.02 14:58:53.121,0.84935,0.84965,1.20,2.60
2009.01.02 14:58:54.090,0.8493,0.84965,1.20,2.60
2009.01.02 14:58:54.620,0.84935,0.84965,1.20,1.00
2009.01.02 14:58:55.210,0.84935,0.84965,1.20,2.60
2009.01.02 14:58:55.620,0.84935,0.84965,2.80,1.80
2009.01.02 14:58:56.010,0.84935,0.84965,1.20,2.60
2009.01.02 14:58:56.460,0.8493,0.84965,2.80,2.60
2009.01.02 14:58:57.340,0.8493,0.8496,1.20,1.00
2009.01.02 14:58:57.810,0.8493,0.8496,1.20,2.60
2009.01.02 14:58:58.630,0.84925,0.8496,2.80,2.60
2009.01.02 14:58:58.979,0.8493,0.8496,1.20,2.60
2009.01.02 14:59:00.239,0.8493,0.8496,1.20,1.80
2009.01.02 14:59:00.689,0.84935,0.84965,1.20,1.80
2009.01.02 14:59:04.868,0.8493,0.84965,1.20,2.60
2009.01.02 14:59:06.747,0.8493,0.84965,1.20,1.80
2009.01.02 14:59:08.907,0.8493,0.8496,1.20,1.00
2009.01.02 14:59:09.147,0.84925,0.8496,2.80,2.60
2009.01.02 14:59:10.966,0.8493,0.8496,2.80,1.80
2009.01.02 14:59:11.316,0.8493,0.84965,2.80,2.60
2009.01.02 14:59:11.876,0.8493,0.84965,1.20,1.80
2009.01.02 14:59:12.436,0.84945,0.84975,1.20,1.80
2009.01.02 14:59:18.075,0.84945,0.8498,1.20,1.80
2009.01.02 14:59:18.705,0.8494,0.84975,1.20,1.80
2009.01.02 14:59:19.225,0.84945,0.84975,1.20,1.80
2009.01.02 14:59:20.774,0.84945,0.8498,1.20,1.80
2009.01.02 14:59:21.264,0.8495,0.8498,1.20,1.80
2009.01.02 14:59:24.543,0.8493,0.84965,1.20,3.40
2009.01.02 14:59:24.993,0.8492,0.8495,1.20,1.80
2009.01.02 14:59:25.493,0.84905,0.8494,1.20,1.80
2009.01.02 14:59:29.072,0.84905,0.84935,1.20,1.80
2009.01.02 14:59:29.402,0.849,0.8493,1.20,1.80
2009.01.02 14:59:29.912,0.849,0.84935,1.20,1.80
2009.01.02 14:59:33.701,0.84895,0.8493,1.20,1.80
2009.01.02 14:59:38.880,0.84895,0.8493,2.80,1.80
2009.01.02 14:59:38.990,0.84905,0.8494,1.20,1.80
2009.01.02 14:59:39.510,0.849,0.84935,1.20,1.80
2009.01.02 14:59:39.789,0.8489,0.84925,1.20,1.80
2009.01.02 14:59:40.239,0.84885,0.8492,1.20,1.80
2009.01.02 14:59:40.699,0.8489,0.8492,1.20,1.80
2009.01.02 14:59:41.919,0.84885,0.8492,1.20,1.80
2009.01.02 14:59:44.028,0.8489,0.84925,1.20,1.80
2009.01.02 14:59:44.598,0.84885,0.8492,1.20,1.80
2009.01.02 14:59:45.238,0.8489,0.84925,1.20,1.80
2009.01.02 14:59:46.268,0.84885,0.8492,1.20,1.80
2009.01.02 14:59:48.297,0.8489,0.84925,1.20,1.80
2009.01.02 14:59:49.008,0.84885,0.8492,1.20,1.80
2009.01.02 14:59:49.297,0.84885,0.8492,2.80,1.80
2009.01.02 14:59:50.117,0.849,0.8493,1.20,1.80
2009.01.02 14:59:50.647,0.849,0.84935,1.20,1.80
2009.01.02 14:59:51.147,0.84905,0.8494,1.20,1.80
2009.01.02 14:59:51.316,0.84915,0.84945,1.20,1.80
2009.01.02 14:59:52.186,0.8492,0.84955,1.20,1.80
2009.01.02 14:59:52.526,0.84935,0.8495,1.20,1.60
2009.01.02 14:59:52.826,0.8492,0.8495,1.20,1.60
2009.01.02 14:59:53.396,0.84915,0.8495,1.20,1.80
2009.01.02 14:59:53.516,0.8493,0.8496,1.20,1.80
2009.01.02 14:59:54.046,0.8493,0.8495,1.20,1.60
2009.01.02 14:59:54.166,0.8491,0.84945,6.00,1.80
2009.01.02 14:59:54.576,0.84915,0.8495,1.20,3.40
2009.01.02 14:59:55.276,0.84915,0.8495,1.20,1.80
2009.01.02 14:59:55.865,0.8492,0.8495,1.20,1.80
2009.01.02 14:59:57.065,0.84915,0.8495,1.20,1.80
2009.01.02 14:59:57.866,0.8492,0.84955,1.20,3.40
2009.01.02 14:59:58.285,0.8491,0.84945,1.20,1.80
2009.01.02 14:59:58.745,0.84925,0.84945,1.60,1.80
2009.01.02 14:59:58.925,0.84935,0.84955,1.20,1.60
2009.01.02 14:59:59.436,0.849,0.84945,1.20,1.80
2009.01.02 14:59:59.895,0.84905,0.8495,1.20,1.80
