2014.04.07 02:00:00.689,1.1581,1.1583,3.72,1.62
2014.04.07 02:00:01.201,1.15813,1.1583,1.85,1.62
2014.04.07 02:00:11.443,1.15814,1.1583,1.05,1.25
2014.04.07 02:00:12.448,1.15814,1.1583,1.05,1.19
2014.04.07 02:00:13.896,1.15816,1.15832,1.00,1.69
2014.04.07 02:00:13.998,1.15816,1.15832,1.00,1.25
2014.04.07 02:00:14.301,1.15816,1.15832,1.00,1.87
2014.04.07 02:00:14.911,1.15813,1.1583,1.79,1.25
2014.04.07 02:00:15.652,1.15813,1.1583,1.85,1.19
2014.04.07 02:00:19.334,1.15813,1.1583,1.85,1.19
2014.04.07 02:00:22.323,1.15813,1.1583,1.85,1.19
2014.04.07 02:00:23.358,1.15814,1.1583,1.05,1.25
2014.04.07 02:00:25.481,1.15815,1.15832,1.00,2.37
2014.04.07 02:00:27.394,1.15815,1.15831,1.25,1.15
2014.04.07 02:00:30.279,1.15815,1.15832,1.00,2.37
2014.04.07 02:00:31.187,1.15815,1.15832,1.00,2.37
2014.04.07 02:00:31.490,1.15815,1.15832,1.69,1.68
2014.04.07 02:00:31.591,1.15818,1.15835,1.00,1.69
2014.04.07 02:00:31.743,1.1582,1.15836,1.00,1.19
2014.04.07 02:00:31.806,1.1582,1.15837,1.00,1.69
2014.04.07 02:00:31.858,1.15822,1.15839,1.00,2.37
2014.04.07 02:00:31.909,1.15822,1.15838,1.25,1.15
2014.04.07 02:00:37.928,1.15822,1.15839,1.25,1.87
2014.04.07 02:00:38.918,1.15822,1.15838,1.25,1.15
2014.04.07 02:00:40.482,1.15822,1.15839,1.25,1.87
2014.04.07 02:00:41.069,1.15822,1.15839,1.00,2.37
2014.04.07 02:00:41.937,1.15822,1.15837,1.00,1.62
2014.04.07 02:00:45.954,1.15822,1.15837,1.00,1.62
2014.04.07 02:00:46.960,1.15822,1.15837,1.00,1.62
2014.04.07 02:00:47.877,1.15822,1.15837,1.00,1.62
2014.04.07 02:00:48.522,1.15822,1.15837,1.00,1.87
2014.04.07 02:00:48.673,1.15819,1.15836,1.54,1.93
2014.04.07 02:01:04.032,1.15819,1.15836,1.25,1.19
2014.04.07 02:01:04.285,1.1582,1.15836,1.19,1.00
2014.04.07 02:01:04.836,1.15822,1.15839,1.00,1.87
2014.04.07 02:01:05.497,1.15822,1.15838,1.25,1.15
2014.04.07 02:01:09.134,1.15826,1.15843,1.25,1.87
2014.04.07 02:01:09.235,1.15826,1.15842,1.25,1.15
2014.04.07 02:01:09.537,1.15826,1.15843,1.25,1.87
2014.04.07 02:01:10.052,1.15824,1.1584,1.19,1.15
2014.04.07 02:01:10.608,1.15824,1.1584,1.25,1.15
2014.04.07 02:01:17.633,1.15824,1.15841,1.00,1.87
2014.04.07 02:01:23.579,1.15824,1.15841,1.00,2.37
2014.04.07 02:01:26.591,1.15824,1.1584,1.00,1.87
2014.04.07 02:01:26.953,1.15821,1.15838,1.54,1.62
2014.04.07 02:01:29.646,1.15821,1.15837,1.54,1.25
2014.04.07 02:01:31.623,1.15821,1.15838,1.25,1.62
2014.04.07 02:01:32.639,1.15821,1.15838,1.25,1.62
2014.04.07 02:01:33.661,1.15821,1.15838,1.00,1.62
2014.04.07 02:01:38.678,1.15821,1.15838,1.25,1.19
2014.04.07 02:01:39.374,1.15819,1.15836,1.54,1.00
2014.04.07 02:01:39.426,1.15819,1.15836,1.00,1.69
2014.04.07 02:01:39.731,1.15817,1.15832,1.00,1.62
2014.04.07 02:01:40.237,1.15817,1.15831,1.00,1.19
2014.04.07 02:01:41.209,1.15817,1.15831,1.00,1.19
2014.04.07 02:01:46.158,1.15817,1.15833,1.00,1.87
2014.04.07 02:01:48.167,1.15817,1.15833,1.00,1.87
2014.04.07 02:01:49.180,1.15817,1.15833,1.00,1.87
2014.04.07 02:01:55.197,1.15817,1.15832,1.00,1.62
2014.04.07 02:01:57.203,1.15817,1.15833,1.00,1.87
2014.04.07 02:01:58.726,1.15817,1.15834,1.00,1.19
2014.04.07 02:01:59.112,1.15817,1.15834,1.19,1.25
2014.04.07 02:01:59.817,1.15817,1.15834,1.25,1.19
2014.04.07 02:02:00.342,1.15817,1.15834,1.00,2.37
2014.04.07 02:02:00.852,1.15817,1.15833,1.00,1.87
2014.04.07 02:02:01.825,1.15817,1.15833,1.00,1.87
2014.04.07 02:02:02.831,1.15817,1.15833,1.00,1.87
2014.04.07 02:02:04.079,1.15817,1.15834,1.00,1.69
2014.04.07 02:02:04.180,1.15817,1.15834,1.19,1.25
2014.04.07 02:02:04.332,1.1582,1.15836,1.00,1.62
2014.04.07 02:02:04.488,1.1582,1.15836,1.25,1.15
2014.04.07 02:02:05.314,1.1582,1.15837,1.00,3.12
2014.04.07 02:02:08.285,1.1582,1.15837,1.25,1.69
2014.04.07 02:02:10.285,1.1582,1.15837,1.19,1.69
2014.04.07 02:02:11.788,1.1582,1.15837,1.25,1.69
2014.04.07 02:02:17.730,1.1582,1.15837,1.62,1.00
2014.04.07 02:02:17.831,1.15822,1.15839,1.19,1.25
2014.04.07 02:02:18.335,1.15824,1.15841,1.00,1.69
2014.04.07 02:02:18.950,1.15824,1.15841,1.25,1.19
2014.04.07 02:02:20.970,1.15824,1.15841,1.19,1.25
2014.04.07 02:02:21.975,1.15824,1.15841,1.25,1.19
2014.04.07 02:02:26.998,1.15824,1.15841,1.25,1.19
2014.04.07 02:02:27.662,1.15826,1.15842,1.00,1.69
2014.04.07 02:02:27.713,1.15826,1.15843,1.00,2.37
2014.04.07 02:02:28.420,1.15826,1.15843,1.25,1.19
2014.04.07 02:02:29.651,1.15826,1.15843,1.93,1.19
2014.04.07 02:02:30.185,1.15826,1.15843,1.25,1.19
2014.04.07 02:02:30.731,1.15826,1.15843,1.19,1.25
2014.04.07 02:02:31.390,1.15826,1.15843,1.19,1.19
2014.04.07 02:02:32.486,1.15826,1.15843,1.25,1.19
2014.04.07 02:02:33.490,1.15826,1.15843,1.00,2.37
2014.04.07 02:02:38.865,1.15826,1.15843,1.68,1.69
2014.04.07 02:02:38.966,1.15826,1.15843,1.62,1.25
2014.04.07 02:02:39.067,1.15828,1.15845,1.93,1.19
2014.04.07 02:02:39.168,1.15831,1.15847,1.73,1.25
2014.04.07 02:02:39.370,1.15833,1.15849,2.22,1.00
2014.04.07 02:02:43.272,1.15834,1.15851,1.25,1.19
2014.04.07 02:02:43.919,1.15834,1.15851,1.93,1.19
2014.04.07 02:02:44.262,1.15836,1.15853,1.00,1.19
2014.04.07 02:02:44.313,1.15838,1.15853,1.60,1.25
2014.04.07 02:02:44.616,1.15843,1.15859,1.00,1.19
2014.04.07 02:02:44.783,1.15844,1.15861,1.25,1.68
2014.04.07 02:02:44.935,1.15846,1.15863,1.00,1.93
2014.04.07 02:02:45.456,1.15846,1.15863,1.19,1.93
2014.04.07 02:02:45.710,1.15846,1.15863,1.19,1.25
2014.04.07 02:02:45.811,1.15844,1.15861,2.29,1.80
2014.04.07 02:02:46.013,1.15844,1.15861,1.19,1.93
2014.04.07 02:02:46.690,1.15847,1.15862,1.00,1.19
2014.04.07 02:02:46.842,1.15847,1.15864,1.00,1.19
2014.04.07 02:02:46.993,1.15847,1.15862,1.25,1.35
2014.04.07 02:02:47.044,1.15845,1.15861,1.00,1.05
2014.04.07 02:02:47.095,1.15845,1.15862,1.00,4.39
2014.04.07 02:02:47.145,1.15843,1.15857,1.00,1.00
2014.04.07 02:02:47.753,1.15843,1.1586,1.69,1.25
2014.04.07 02:02:47.854,1.15843,1.1586,2.37,1.00
2014.04.07 02:02:48.449,1.15844,1.15861,1.00,2.37
2014.04.07 02:02:48.752,1.15844,1.1586,1.00,1.62
2014.04.07 02:02:49.266,1.15844,1.15861,1.00,2.37
2014.04.07 02:02:50.258,1.15844,1.15861,1.00,2.37
2014.04.07 02:02:50.815,1.15844,1.15859,1.00,1.19
2014.04.07 02:02:51.498,1.15844,1.15858,1.00,1.19
2014.04.07 02:02:52.022,1.15843,1.15858,1.00,1.19
2014.04.07 02:02:52.639,1.15843,1.15857,1.00,1.19
2014.04.07 02:02:53.508,1.15843,1.15857,1.00,1.19
2014.04.07 02:02:54.091,1.15842,1.15857,1.00,1.19
2014.04.07 02:02:54.410,1.15844,1.15858,1.00,1.19
2014.04.07 02:02:55.190,1.15844,1.15858,1.00,1.19
2014.04.07 02:02:56.921,1.15848,1.15858,1.00,1.19
2014.04.07 02:02:57.022,1.15848,1.15862,1.00,1.87
2014.04.07 02:02:57.475,1.15844,1.15861,1.00,1.62
2014.04.07 02:02:58.020,1.15844,1.1586,1.00,1.19
2014.04.07 02:02:58.172,1.15847,1.1586,1.00,1.19
2014.04.07 02:02:58.323,1.15848,1.15864,1.00,2.37
2014.04.07 02:02:58.539,1.15849,1.15866,1.00,1.19
2014.04.07 02:02:59.242,1.15855,1.15868,1.00,1.19
2014.04.07 02:02:59.444,1.15857,1.15871,1.00,1.19
2014.04.07 02:02:59.495,1.15855,1.15871,1.00,1.19
2014.04.07 02:03:00.008,1.15855,1.15872,1.00,1.19
2014.04.07 02:03:00.260,1.15857,1.15873,1.00,1.19
2014.04.07 02:03:00.361,1.15859,1.15875,1.00,1.19
2014.04.07 02:03:00.462,1.15861,1.15875,1.00,1.62
2014.04.07 02:03:00.586,1.15858,1.15874,1.00,1.19
2014.04.07 02:03:00.637,1.15858,1.15875,1.00,1.69
2014.04.07 02:03:01.163,1.15858,1.15875,1.25,1.19
2014.04.07 02:03:02.641,1.15858,1.15875,1.93,1.19
2014.04.07 02:03:03.312,1.1586,1.15877,1.00,1.69
2014.04.07 02:03:03.464,1.1586,1.15877,1.25,1.19
2014.04.07 02:03:04.455,1.1586,1.15877,1.62,1.25
2014.04.07 02:03:04.731,1.15863,1.15879,1.00,1.87
2014.04.07 02:03:05.457,1.15863,1.15878,1.00,1.62
2014.04.07 02:03:07.397,1.1586,1.15877,1.62,1.19
2014.04.07 02:03:07.800,1.1586,1.15873,1.00,1.15
2014.04.07 02:03:07.951,1.15858,1.15875,1.43,1.19
2014.04.07 02:03:08.153,1.15854,1.15871,1.87,1.00
2014.04.07 02:03:08.355,1.15856,1.15871,1.15,1.00
2014.04.07 02:03:08.507,1.15854,1.15871,1.87,1.00
2014.04.07 02:03:09.064,1.15857,1.15874,1.68,1.69
2014.04.07 02:03:09.635,1.15857,1.15874,1.93,1.19
2014.04.07 02:03:10.333,1.15857,1.15874,1.25,1.19
2014.04.07 02:03:10.636,1.15854,1.15871,1.19,1.00
2014.04.07 02:03:11.108,1.15854,1.15871,1.00,1.19
2014.04.07 02:03:11.918,1.15855,1.15871,1.15,1.25
2014.04.07 02:03:12.661,1.15852,1.15869,1.69,1.00
2014.04.07 02:03:13.167,1.15852,1.15869,1.87,1.00
2014.04.07 02:03:13.530,1.15852,1.15869,1.25,1.19
2014.04.07 02:03:13.983,1.1585,1.15866,2.22,1.00
2014.04.07 02:03:14.344,1.15851,1.15868,1.19,1.25
2014.04.07 02:03:16.393,1.1585,1.15867,2.29,1.00
2014.04.07 02:03:16.847,1.1585,1.15864,1.15,1.00
2014.04.07 02:03:16.948,1.1585,1.15866,1.15,1.00
2014.04.07 02:03:17.050,1.15849,1.15863,1.93,1.00
2014.04.07 02:03:17.303,1.15851,1.15868,1.19,1.00
2014.04.07 02:03:17.555,1.15851,1.15868,1.00,1.62
2014.04.07 02:03:17.757,1.15849,1.15866,1.25,1.19
2014.04.07 02:03:18.261,1.15847,1.15864,1.87,1.00
2014.04.07 02:03:19.739,1.15849,1.15866,2.37,1.19
2014.04.07 02:03:19.841,1.15851,1.15868,1.93,1.19
2014.04.07 02:03:20.180,1.15854,1.15871,1.00,1.69
2014.04.07 02:03:21.150,1.15854,1.15871,1.68,1.69
2014.04.07 02:03:21.848,1.15854,1.15871,1.43,1.69
2014.04.07 02:03:22.395,1.15854,1.15871,1.68,1.19
2014.04.07 02:03:23.165,1.15854,1.15871,1.00,1.19
2014.04.07 02:03:25.195,1.15854,1.15871,1.00,1.69
2014.04.07 02:03:26.190,1.15854,1.15871,1.00,1.69
2014.04.07 02:03:28.039,1.15854,1.15871,1.19,1.25
2014.04.07 02:03:29.206,1.15854,1.15871,1.00,1.19
2014.04.07 02:03:30.251,1.15854,1.15871,1.25,1.19
2014.04.07 02:03:31.799,1.15854,1.15871,1.93,1.19
2014.04.07 02:03:32.051,1.15851,1.15868,1.43,1.69
2014.04.07 02:03:32.999,1.15848,1.15865,1.87,1.00
2014.04.07 02:03:33.050,1.15849,1.15865,1.15,1.25
2014.04.07 02:03:33.151,1.15846,1.15862,1.87,1.00
2014.04.07 02:03:33.501,1.15846,1.15862,1.87,1.00
2014.04.07 02:03:35.469,1.15847,1.15862,1.87,1.00
2014.04.07 02:03:37.519,1.15848,1.15862,1.87,1.00
2014.04.07 02:03:40.929,1.1585,1.15862,1.15,1.00
2014.04.07 02:03:43.569,1.15847,1.15862,1.87,1.00
2014.04.07 02:03:45.119,1.15849,1.15865,1.87,1.00
2014.04.07 02:03:56.259,1.15851,1.15865,1.15,1.00
2014.04.07 02:03:57.451,1.1585,1.15865,1.15,1.00
2014.04.07 02:04:02.788,1.15848,1.15865,2.37,1.00
2014.04.07 02:04:02.990,1.15849,1.15865,2.37,1.00
2014.04.07 02:04:03.041,1.15851,1.15868,1.93,1.25
2014.04.07 02:04:03.193,1.15851,1.15868,1.25,1.19
2014.04.07 02:04:03.733,1.15848,1.15864,2.22,1.00
2014.04.07 02:04:04.430,1.1585,1.15864,1.15,1.00
2014.04.07 02:04:09.566,1.15849,1.15864,2.37,1.00
2014.04.07 02:04:09.667,1.1585,1.15866,1.62,1.00
2014.04.07 02:04:10.152,1.1585,1.15866,1.15,1.25
2014.04.07 02:04:12.129,1.15849,1.15866,1.87,1.00
2014.04.07 02:04:13.133,1.1585,1.15866,1.15,1.25
2014.04.07 02:04:16.143,1.15849,1.15866,1.87,1.00
2014.04.07 02:04:19.172,1.15849,1.15866,1.62,1.25
2014.04.07 02:04:19.323,1.15848,1.15864,2.22,1.00
2014.04.07 02:04:20.796,1.15848,1.15864,2.22,1.00
2014.04.07 02:04:25.009,1.15848,1.15864,1.62,1.00
2014.04.07 02:04:25.312,1.15846,1.15862,1.87,1.00
2014.04.07 02:04:25.382,1.15847,1.15862,1.15,1.00
2014.04.07 02:04:28.039,1.15847,1.15864,1.62,1.19
2014.04.07 02:04:28.319,1.15847,1.15863,1.00,4.32
2014.04.07 02:04:28.577,1.15843,1.1586,1.87,1.00
2014.04.07 02:04:36.350,1.15844,1.1586,1.15,1.25
2014.04.07 02:04:37.160,1.15843,1.1586,1.87,1.25
2014.04.07 02:04:38.257,1.15843,1.1586,2.37,1.00
2014.04.07 02:04:39.263,1.15845,1.1586,1.15,1.00
2014.04.07 02:04:40.309,1.15843,1.1586,2.37,1.00
2014.04.07 02:04:40.410,1.15846,1.15863,1.19,1.00
2014.04.07 02:04:40.461,1.15851,1.15866,1.00,1.87
2014.04.07 02:04:40.720,1.15851,1.15868,1.43,1.69
2014.04.07 02:04:42.018,1.15851,1.15868,1.68,1.69
2014.04.07 02:04:42.721,1.15848,1.15865,1.87,1.25
2014.04.07 02:04:44.198,1.15848,1.15865,1.87,1.00
2014.04.07 02:04:47.754,1.15851,1.15867,1.68,1.19
2014.04.07 02:04:48.267,1.15851,1.15867,1.00,1.19
2014.04.07 02:04:49.688,1.15851,1.15868,1.00,1.19
2014.04.07 02:04:49.789,1.15851,1.15868,1.93,1.25
2014.04.07 02:04:50.042,1.15853,1.15869,1.68,1.19
2014.04.07 02:04:50.397,1.15853,1.1587,1.00,2.37
2014.04.07 02:04:51.252,1.15853,1.15868,1.00,1.19
2014.04.07 02:04:52.012,1.1585,1.15867,1.62,1.19
2014.04.07 02:05:02.733,1.1585,1.15867,1.62,1.19
2014.04.07 02:05:03.738,1.1585,1.15867,1.62,1.19
2014.04.07 02:05:07.118,1.1585,1.15867,1.93,1.19
2014.04.07 02:05:07.421,1.15853,1.1587,1.93,1.19
2014.04.07 02:05:07.936,1.15855,1.15872,1.68,1.69
2014.04.07 02:05:08.453,1.15855,1.15872,1.93,1.19
2014.04.07 02:05:10.386,1.15855,1.15872,1.68,1.19
2014.04.07 02:05:11.392,1.15855,1.15872,1.93,1.19
2014.04.07 02:05:12.412,1.15855,1.15872,1.93,1.19
2014.04.07 02:05:13.088,1.15857,1.15873,1.00,1.19
2014.04.07 02:05:13.748,1.15857,1.15874,1.00,1.69
2014.04.07 02:05:15.301,1.15857,1.15874,1.68,1.69
2014.04.07 02:05:15.632,1.15857,1.15874,1.93,1.19
2014.04.07 02:05:16.308,1.15857,1.15874,1.87,1.25
2014.04.07 02:05:16.898,1.15857,1.15874,1.87,1.25
2014.04.07 02:05:17.433,1.15857,1.15874,1.93,1.19
2014.04.07 02:05:19.926,1.15857,1.15874,1.87,1.25
2014.04.07 02:05:20.930,1.15857,1.15874,1.93,1.19
2014.04.07 02:05:21.240,1.15857,1.15874,1.93,1.19
2014.04.07 02:05:22.215,1.15857,1.15874,1.93,1.19
2014.04.07 02:05:22.989,1.1586,1.15877,1.43,1.69
2014.04.07 02:05:25.866,1.1586,1.15875,1.00,1.19
2014.04.07 02:05:32.989,1.1586,1.15874,1.00,1.19
2014.04.07 02:05:33.600,1.15858,1.15874,1.00,1.69
2014.04.07 02:05:38.923,1.15858,1.15872,1.00,1.19
2014.04.07 02:05:38.981,1.15855,1.15869,1.00,1.19
2014.04.07 02:05:39.708,1.15855,1.15869,1.00,1.19
2014.04.07 02:05:44.878,1.15855,1.1587,1.68,1.19
2014.04.07 02:05:45.436,1.15855,1.1587,1.00,1.19
2014.04.07 02:05:46.317,1.15855,1.15868,1.00,1.19
2014.04.07 02:05:46.469,1.15853,1.15868,1.00,1.19
2014.04.07 02:05:46.520,1.15853,1.1587,1.00,3.12
2014.04.07 02:05:46.621,1.15853,1.15869,1.00,1.19
2014.04.07 02:05:48.525,1.15853,1.15867,1.00,1.19
2014.04.07 02:05:53.553,1.15853,1.15866,1.00,1.19
2014.04.07 02:05:53.604,1.1585,1.15866,1.43,1.19
2014.04.07 02:05:57.560,1.1585,1.15867,1.43,1.69
2014.04.07 02:06:02.576,1.1585,1.15866,1.43,1.19
2014.04.07 02:06:09.824,1.15848,1.15865,1.93,1.19
2014.04.07 02:06:10.803,1.15848,1.15865,1.93,1.19
2014.04.07 02:06:14.631,1.15848,1.15865,1.93,1.25
2014.04.07 02:06:15.143,1.15848,1.15865,1.68,1.19
2014.04.07 02:06:17.845,1.15848,1.15865,1.93,1.25
2014.04.07 02:06:19.853,1.15848,1.15865,1.93,1.19
2014.04.07 02:06:20.856,1.15848,1.15865,1.87,1.25
2014.04.07 02:06:22.862,1.15848,1.15865,1.93,1.19
2014.04.07 02:06:25.673,1.15848,1.15865,1.68,1.69
2014.04.07 02:06:28.729,1.15848,1.15865,1.93,1.19
2014.04.07 02:06:33.729,1.15848,1.15865,1.87,1.25
2014.04.07 02:06:34.289,1.15848,1.15865,1.93,1.19
2014.04.07 02:06:34.820,1.15848,1.15865,1.87,1.25
2014.04.07 02:06:36.822,1.15848,1.15865,1.93,1.19
2014.04.07 02:06:45.050,1.1585,1.15866,1.43,1.19
2014.04.07 02:06:46.883,1.1585,1.15866,1.43,1.19
2014.04.07 02:06:48.862,1.1585,1.15867,1.43,1.69
2014.04.07 02:06:51.857,1.1585,1.15867,1.43,1.69
2014.04.07 02:06:54.196,1.1585,1.15867,1.43,1.19
2014.04.07 02:06:56.213,1.1585,1.15867,1.43,1.69
2014.04.07 02:06:59.109,1.1585,1.15865,1.43,1.19
2014.04.07 02:07:01.218,1.1585,1.15866,1.43,1.19
2014.04.07 02:07:08.240,1.1585,1.15866,1.43,1.19
2014.04.07 02:07:10.288,1.1585,1.15866,1.43,1.19
2014.04.07 02:07:16.292,1.1585,1.15867,1.00,1.69
2014.04.07 02:07:18.307,1.1585,1.15866,1.00,1.19
2014.04.07 02:07:22.112,1.1585,1.15866,1.00,1.19
2014.04.07 02:07:23.317,1.1585,1.15867,1.00,1.69
2014.04.07 02:07:30.340,1.1585,1.15867,1.00,2.37
2014.04.07 02:07:31.344,1.1585,1.15867,1.00,2.37
2014.04.07 02:07:33.352,1.1585,1.15866,1.00,1.19
2014.04.07 02:07:36.402,1.1585,1.15867,1.00,2.37
2014.04.07 02:07:41.408,1.1585,1.15867,1.00,2.37
2014.04.07 02:07:42.413,1.1585,1.15867,1.25,1.62
2014.04.07 02:07:43.418,1.15847,1.15868,1.62,1.87
2014.04.07 02:07:44.421,1.15847,1.15868,1.62,1.87
2014.04.07 02:07:45.466,1.15847,1.15868,1.19,1.87
2014.04.07 02:07:49.445,1.15846,1.15866,1.62,1.62
2014.04.07 02:07:55.395,1.15848,1.15865,1.62,1.19
2014.04.07 02:07:56.397,1.15848,1.15865,1.62,1.25
2014.04.07 02:07:57.399,1.15848,1.15865,1.62,1.19
2014.04.07 02:07:58.390,1.1585,1.15867,1.00,1.69
2014.04.07 02:08:01.145,1.1585,1.15866,1.00,1.19
2014.04.07 02:08:02.369,1.1585,1.15866,1.00,1.19
2014.04.07 02:08:06.453,1.1585,1.15867,1.00,1.19
2014.04.07 02:08:11.555,1.1585,1.15866,1.00,1.19
2014.04.07 02:08:14.417,1.1585,1.15866,1.00,1.19
2014.04.07 02:08:15.245,1.15847,1.15864,1.19,1.25
2014.04.07 02:08:15.780,1.15847,1.15864,1.25,1.19
2014.04.07 02:08:18.553,1.15847,1.15864,1.00,1.69
2014.04.07 02:08:19.436,1.15847,1.15863,1.00,1.19
2014.04.07 02:08:27.460,1.15847,1.15863,1.00,1.19
2014.04.07 02:08:29.466,1.15847,1.15864,1.00,1.69
2014.04.07 02:08:30.471,1.15847,1.15863,1.00,1.19
2014.04.07 02:08:31.475,1.15847,1.15863,1.00,1.19
2014.04.07 02:08:32.387,1.15847,1.15864,1.00,1.69
2014.04.07 02:08:35.414,1.15847,1.15864,1.25,1.19
2014.04.07 02:08:36.388,1.15847,1.15864,1.25,1.19
2014.04.07 02:08:37.320,1.15847,1.15864,1.00,1.00
2014.04.07 02:08:38.324,1.15847,1.15864,1.00,1.19
2014.04.07 02:08:39.329,1.15847,1.15864,1.00,1.69
2014.04.07 02:08:40.238,1.15847,1.15864,1.00,1.69
2014.04.07 02:08:41.341,1.15847,1.15864,1.00,1.69
2014.04.07 02:08:43.351,1.15847,1.15862,1.00,1.19
2014.04.07 02:08:44.356,1.15847,1.15864,1.00,1.69
2014.04.07 02:08:48.107,1.15847,1.15864,1.00,1.19
2014.04.07 02:08:49.097,1.15847,1.15864,1.00,1.19
2014.04.07 02:08:54.126,1.15847,1.15864,1.00,1.69
2014.04.07 02:08:58.148,1.15847,1.15864,1.00,1.69
2014.04.07 02:08:59.153,1.15847,1.15864,1.00,1.69
2014.04.07 02:08:59.994,1.15851,1.15864,1.00,1.19
2014.04.07 02:09:00.095,1.15851,1.15868,1.00,2.37
2014.04.07 02:09:00.196,1.15853,1.15868,1.00,1.68
2014.04.07 02:09:00.297,1.15856,1.15873,1.00,2.37
2014.04.07 02:09:01.416,1.15859,1.15876,1.00,2.37
2014.04.07 02:09:01.719,1.15861,1.15877,1.00,1.62
2014.04.07 02:09:04.968,1.15859,1.15876,1.25,1.19
2014.04.07 02:09:07.148,1.15862,1.15878,1.00,1.19
2014.04.07 02:09:07.709,1.15862,1.15877,1.00,1.19
2014.04.07 02:09:08.364,1.15862,1.15877,1.00,1.25
2014.04.07 02:09:09.535,1.15862,1.15877,1.00,1.19
2014.04.07 02:09:10.933,1.15862,1.15877,1.00,1.62
2014.04.07 02:09:13.225,1.15858,1.15875,1.69,1.00
2014.04.07 02:09:14.361,1.15858,1.15875,1.19,1.25
2014.04.07 02:09:15.856,1.15858,1.15875,1.19,1.19
2014.04.07 02:09:16.861,1.15858,1.15875,1.19,1.25
2014.04.07 02:09:20.843,1.15858,1.15875,1.19,1.00
2014.04.07 02:09:21.849,1.15858,1.15875,1.19,1.25
2014.04.07 02:09:23.859,1.15858,1.15875,1.19,1.19
2014.04.07 02:09:24.863,1.15858,1.15875,1.19,1.25
2014.04.07 02:09:26.871,1.15858,1.15875,1.19,1.00
2014.04.07 02:09:31.904,1.15858,1.15875,1.19,1.25
2014.04.07 02:09:44.180,1.15858,1.15875,1.25,1.25
2014.04.07 02:09:47.190,1.15858,1.15875,1.19,1.25
2014.04.07 02:09:50.139,1.15859,1.15875,1.62,1.00
2014.04.07 02:09:50.643,1.1586,1.15875,1.19,1.00
2014.04.07 02:09:51.845,1.15859,1.15875,1.62,1.00
2014.04.07 02:09:53.853,1.15858,1.15875,2.44,1.00
2014.04.07 02:09:54.974,1.15863,1.15875,1.00,1.00
2014.04.07 02:09:55.025,1.15863,1.15877,1.00,1.00
2014.04.07 02:09:55.126,1.15863,1.1588,1.69,1.19
2014.04.07 02:09:55.228,1.15865,1.15882,1.00,1.69
2014.04.07 02:09:55.379,1.15863,1.1588,1.69,1.62
2014.04.07 02:09:55.827,1.15863,1.1588,1.25,1.93
2014.04.07 02:09:56.342,1.15861,1.15878,1.19,1.62
2014.04.07 02:09:56.871,1.15861,1.15878,1.25,1.62
2014.04.07 02:09:57.542,1.15859,1.15876,1.19,1.00
2014.04.07 02:09:58.129,1.15858,1.15874,2.37,1.00
2014.04.07 02:09:58.879,1.15858,1.15874,2.37,1.00
2014.04.07 02:10:00.186,1.15858,1.15874,1.19,1.00
2014.04.07 02:10:02.598,1.15858,1.15874,1.62,1.00
2014.04.07 02:10:08.987,1.15857,1.15874,1.19,1.25
2014.04.07 02:10:10.054,1.15857,1.15874,1.19,1.00
2014.04.07 02:10:10.970,1.15857,1.15874,1.19,1.25
2014.04.07 02:10:15.456,1.15856,1.15872,1.62,1.00
2014.04.07 02:10:16.383,1.15857,1.15872,1.19,1.00
2014.04.07 02:10:19.510,1.15855,1.15872,1.69,1.50
2014.04.07 02:10:19.560,1.15855,1.15867,1.69,1.00
2014.04.07 02:10:19.662,1.15855,1.15872,1.69,2.18
2014.04.07 02:10:19.763,1.15855,1.15869,1.19,1.00
2014.04.07 02:10:19.814,1.15852,1.15869,1.19,2.10
2014.04.07 02:10:19.915,1.15852,1.15869,1.00,2.29
2014.04.07 02:10:21.515,1.15849,1.15866,2.37,1.00
2014.04.07 02:10:21.566,1.15849,1.15866,1.50,1.19
2014.04.07 02:10:21.667,1.15849,1.15866,1.50,2.37
2014.04.07 02:10:21.969,1.15847,1.15862,1.00,2.97
2014.04.07 02:10:22.070,1.15844,1.15861,1.43,1.19
2014.04.07 02:10:22.584,1.15844,1.15861,1.62,1.19
2014.04.07 02:10:22.802,1.15844,1.15861,2.37,1.00
2014.04.07 02:10:22.953,1.15848,1.15864,1.43,1.25
2014.04.07 02:10:23.055,1.15849,1.15866,1.25,1.25
2014.04.07 02:10:23.372,1.15849,1.15866,2.37,1.00
2014.04.07 02:10:23.914,1.15849,1.15866,1.93,1.19
2014.04.07 02:10:23.965,1.15847,1.15862,1.87,1.00
2014.04.07 02:10:24.217,1.15846,1.15863,1.54,1.25
2014.04.07 02:10:24.369,1.1585,1.15865,1.00,1.87
2014.04.07 02:10:24.520,1.15853,1.15869,1.00,1.62
2014.04.07 02:10:24.722,1.15853,1.1587,1.00,1.68
2014.04.07 02:10:26.490,1.15853,1.15869,1.00,1.62
2014.04.07 02:10:27.521,1.15853,1.15867,1.00,1.62
2014.04.07 02:10:28.241,1.15855,1.1587,1.00,1.19
2014.04.07 02:10:28.750,1.15855,1.15871,1.00,1.19
2014.04.07 02:10:29.286,1.15855,1.15872,1.00,2.44
2014.04.07 02:10:29.926,1.15855,1.1587,1.00,1.87
2014.04.07 02:10:29.977,1.15852,1.15869,1.25,1.62
2014.04.07 02:10:30.634,1.15852,1.15869,1.00,2.37
2014.04.07 02:10:31.161,1.1585,1.15867,1.25,1.69
2014.04.07 02:10:32.835,1.1585,1.15867,1.32,1.25
2014.04.07 02:10:32.886,1.15853,1.15867,1.68,1.25
2014.04.07 02:10:33.037,1.15853,1.1587,2.37,1.19
2014.04.07 02:10:33.650,1.15855,1.15871,1.00,1.19
2014.04.07 02:10:34.171,1.15852,1.15869,1.19,1.25
2014.04.07 02:10:34.648,1.15852,1.15869,1.00,1.69
2014.04.07 02:10:35.846,1.15852,1.15868,1.00,1.19
2014.04.07 02:10:37.993,1.15852,1.15867,1.00,1.19
2014.04.07 02:10:38.984,1.15852,1.15867,1.00,1.19
2014.04.07 02:10:40.876,1.1585,1.15867,1.00,3.12
2014.04.07 02:10:42.145,1.15851,1.15866,1.05,1.19
2014.04.07 02:10:42.197,1.15852,1.15868,1.68,1.19
2014.04.07 02:10:42.724,1.15852,1.15869,1.68,1.69
2014.04.07 02:10:43.227,1.15852,1.15869,1.00,2.37
2014.04.07 02:10:43.680,1.15852,1.15867,1.00,1.19
2014.04.07 02:10:45.763,1.15852,1.15867,1.00,1.19
2014.04.07 02:10:46.414,1.15852,1.15867,1.68,1.19
2014.04.07 02:10:46.617,1.15854,1.15869,1.00,1.19
2014.04.07 02:10:47.247,1.15857,1.15869,1.00,1.19
2014.04.07 02:10:47.298,1.15857,1.15871,1.00,1.19
2014.04.07 02:10:47.850,1.15857,1.15871,1.00,1.19
2014.04.07 02:10:50.017,1.15857,1.15871,1.00,1.19
2014.04.07 02:10:50.543,1.15857,1.15872,1.00,1.19
2014.04.07 02:10:50.594,1.15857,1.15874,1.43,1.00
2014.04.07 02:10:50.696,1.15859,1.15876,1.19,1.00
2014.04.07 02:10:51.005,1.15861,1.15877,1.43,1.19
2014.04.07 02:10:51.106,1.15861,1.15878,1.43,1.19
2014.04.07 02:10:51.693,1.15861,1.15878,1.68,1.19
2014.04.07 02:10:52.249,1.15862,1.15878,1.15,1.25
2014.04.07 02:10:53.011,1.15861,1.15878,1.93,1.19
2014.04.07 02:10:53.974,1.15861,1.15878,1.25,1.19
2014.04.07 02:10:56.023,1.15861,1.15878,1.00,1.19
2014.04.07 02:10:57.727,1.1586,1.15876,1.15,1.25
2014.04.07 02:10:58.264,1.15863,1.15879,1.00,1.19
2014.04.07 02:10:58.795,1.15863,1.1588,1.00,1.69
2014.04.07 02:10:59.277,1.15863,1.1588,1.62,1.25
2014.04.07 02:10:59.789,1.15863,1.1588,1.87,1.25
2014.04.07 02:11:03.815,1.15863,1.1588,2.74,1.25
2014.04.07 02:11:04.359,1.15867,1.15884,1.43,1.69
2014.04.07 02:11:04.901,1.15867,1.15884,1.43,1.69
2014.04.07 02:11:05.250,1.15864,1.15881,1.93,1.19
2014.04.07 02:11:06.207,1.15864,1.15881,1.68,1.19
2014.04.07 02:11:07.555,1.15864,1.15881,1.00,1.19
2014.04.07 02:11:08.618,1.15864,1.15881,1.00,1.69
2014.04.07 02:11:10.750,1.15864,1.15881,1.00,1.69
2014.04.07 02:11:11.756,1.15864,1.15881,1.00,1.69
2014.04.07 02:11:12.760,1.15864,1.15881,1.00,1.69
2014.04.07 02:11:13.271,1.15864,1.15881,1.93,1.19
2014.04.07 02:11:13.990,1.15865,1.15881,1.15,1.25
2014.04.07 02:11:14.396,1.15864,1.15879,1.00,1.15
2014.04.07 02:11:14.497,1.15862,1.15879,1.25,1.62
2014.04.07 02:11:15.507,1.15862,1.15879,1.00,1.62
2014.04.07 02:11:17.096,1.15862,1.15878,1.00,1.87
2014.04.07 02:11:17.147,1.15859,1.15876,1.19,1.25
2014.04.07 02:11:17.774,1.15859,1.15876,1.87,1.25
2014.04.07 02:11:18.077,1.15862,1.15879,1.68,1.69
2014.04.07 02:11:18.329,1.15862,1.15879,1.87,1.25
2014.04.07 02:11:18.985,1.15862,1.15879,1.19,1.25
2014.04.07 02:11:22.308,1.15862,1.15879,1.25,1.25
2014.04.07 02:11:23.312,1.15862,1.15879,1.25,1.19
2014.04.07 02:11:24.374,1.15862,1.15879,1.93,1.19
2014.04.07 02:11:24.475,1.15864,1.15881,1.93,1.19
2014.04.07 02:11:24.991,1.15864,1.15881,1.19,1.25
2014.04.07 02:11:25.042,1.15864,1.15881,1.19,1.93
2014.04.07 02:11:25.093,1.15862,1.15879,1.19,1.62
2014.04.07 02:11:25.464,1.15862,1.15879,1.00,1.69
2014.04.07 02:11:27.069,1.15862,1.15879,1.00,1.69
2014.04.07 02:11:27.884,1.15862,1.15877,1.00,1.19
2014.04.07 02:11:28.036,1.15859,1.15876,1.25,1.19
2014.04.07 02:11:28.384,1.15859,1.15876,1.19,1.00
2014.04.07 02:11:28.485,1.15859,1.15876,1.25,1.19
2014.04.07 02:11:29.465,1.15861,1.15878,1.68,1.69
2014.04.07 02:11:29.516,1.15861,1.15878,1.93,1.19
2014.04.07 02:11:29.919,1.15864,1.15881,1.25,1.19
2014.04.07 02:11:35.504,1.15865,1.15881,1.00,1.19
2014.04.07 02:11:41.795,1.15864,1.15881,1.25,1.19
2014.04.07 02:11:45.386,1.15864,1.15881,1.25,1.87
2014.04.07 02:11:45.437,1.15861,1.15877,1.19,1.00
2014.04.07 02:11:45.488,1.1586,1.15877,1.69,1.00
2014.04.07 02:11:45.980,1.1586,1.15877,1.25,1.19
2014.04.07 02:11:48.429,1.1586,1.15877,1.00,1.69
2014.04.07 02:11:48.531,1.15858,1.15875,1.00,2.37
2014.04.07 02:11:48.733,1.15855,1.15872,1.25,1.19
2014.04.07 02:11:49.252,1.15855,1.15872,1.00,1.69
2014.04.07 02:11:49.797,1.15855,1.15872,1.00,1.69
2014.04.07 02:11:50.362,1.15853,1.1587,2.22,1.19
2014.04.07 02:11:59.766,1.15853,1.1587,2.03,1.19
2014.04.07 02:12:00.811,1.15853,1.1587,2.22,1.19
2014.04.07 02:12:02.780,1.15853,1.1587,2.03,1.19
2014.04.07 02:12:04.525,1.15853,1.1587,1.00,1.19
2014.04.07 02:12:05.834,1.15851,1.15868,1.62,1.25
2014.04.07 02:12:07.862,1.15851,1.15868,1.62,1.19
2014.04.07 02:12:08.569,1.15851,1.15868,1.43,1.19
2014.04.07 02:12:08.922,1.15848,1.15865,1.19,1.25
2014.04.07 02:12:10.178,1.15848,1.15865,1.00,1.69
2014.04.07 02:12:13.105,1.15849,1.15865,1.00,1.19
2014.04.07 02:12:13.470,1.15851,1.15865,1.00,1.25
2014.04.07 02:12:23.732,1.1585,1.15865,1.25,1.43
2014.04.07 02:12:25.204,1.1585,1.15865,1.00,1.62
2014.04.07 02:12:25.889,1.15848,1.15865,1.19,1.62
2014.04.07 02:12:26.411,1.15848,1.15865,1.19,1.25
2014.04.07 02:12:27.171,1.15848,1.15865,1.69,1.00
2014.04.07 02:12:28.417,1.15851,1.15868,1.25,1.19
2014.04.07 02:12:28.669,1.15853,1.1587,1.00,1.69
2014.04.07 02:12:29.614,1.15853,1.1587,1.25,1.25
2014.04.07 02:12:30.639,1.15853,1.1587,1.19,1.25
2014.04.07 02:12:31.427,1.15853,1.1587,1.19,1.93
2014.04.07 02:12:31.528,1.15851,1.15868,1.25,1.25
2014.04.07 02:12:32.159,1.15851,1.15868,1.25,1.19
2014.04.07 02:12:33.557,1.15851,1.15868,1.00,1.19
2014.04.07 02:12:35.182,1.15851,1.15867,1.00,1.19
2014.04.07 02:12:35.566,1.15851,1.15866,1.00,1.19
2014.04.07 02:12:36.680,1.15851,1.15868,1.00,1.69
2014.04.07 02:12:37.257,1.15854,1.15868,1.00,1.19
2014.04.07 02:12:37.358,1.15852,1.15868,1.00,1.19
2014.04.07 02:12:43.819,1.15849,1.15866,1.19,1.25
2014.04.07 02:12:43.920,1.15849,1.15866,1.00,1.19
2014.04.07 02:12:44.938,1.15852,1.15866,1.00,1.19
2014.04.07 02:12:45.040,1.15852,1.15868,1.00,1.87
2014.04.07 02:12:45.560,1.15852,1.15869,1.00,2.37
2014.04.07 02:12:46.298,1.15852,1.15869,1.00,1.62
2014.04.07 02:12:48.156,1.15852,1.15867,1.00,1.43
2014.04.07 02:12:48.308,1.1585,1.15867,1.19,3.12
2014.04.07 02:12:48.461,1.15847,1.15864,1.00,1.62
2014.04.07 02:12:48.982,1.15847,1.15864,1.00,1.62
2014.04.07 02:12:50.366,1.15847,1.15863,1.00,1.19
2014.04.07 02:12:51.935,1.15847,1.15857,1.00,1.00
2014.04.07 02:12:51.986,1.15843,1.15857,1.25,1.00
2014.04.07 02:12:52.952,1.15843,1.15857,1.00,1.19
2014.04.07 02:12:56.348,1.15843,1.15857,1.00,1.25
2014.04.07 02:12:57.352,1.15843,1.15857,1.00,1.19
2014.04.07 02:13:02.375,1.15843,1.15859,1.00,1.19
2014.04.07 02:13:05.812,1.15843,1.1586,1.00,2.37
2014.04.07 02:13:06.815,1.15843,1.1586,1.00,2.37
2014.04.07 02:13:07.619,1.15843,1.15859,1.00,1.19
2014.04.07 02:13:08.626,1.15843,1.15859,1.00,1.19
2014.04.07 02:13:10.635,1.15843,1.15859,1.00,1.19
2014.04.07 02:13:19.760,1.15843,1.15858,1.00,1.19
2014.04.07 02:13:19.811,1.15839,1.15856,2.22,1.19
2014.04.07 02:13:20.765,1.15839,1.15856,2.22,1.19
2014.04.07 02:13:21.969,1.15839,1.15856,2.22,1.19
2014.04.07 02:13:23.296,1.15839,1.15856,2.03,1.69
2014.04.07 02:13:23.991,1.15839,1.15856,2.22,1.19
2014.04.07 02:13:25.187,1.15839,1.15856,2.22,1.00
2014.04.07 02:13:25.740,1.15839,1.15856,1.93,1.19
2014.04.07 02:13:26.411,1.1584,1.15856,1.15,1.25
2014.04.07 02:13:29.871,1.15839,1.15856,1.25,1.19
2014.04.07 02:13:31.498,1.15842,1.15856,1.00,1.19
2014.04.07 02:13:32.133,1.15842,1.15856,1.00,1.19
2014.04.07 02:13:33.013,1.15841,1.15854,1.00,1.25
2014.04.07 02:13:34.545,1.15841,1.15854,1.00,1.19
2014.04.07 02:13:35.785,1.15841,1.15854,1.00,1.19
2014.04.07 02:13:38.896,1.15841,1.15854,1.00,1.19
2014.04.07 02:13:47.203,1.15838,1.15852,1.00,1.50
2014.04.07 02:13:47.959,1.15837,1.15852,1.00,1.69
2014.04.07 02:13:57.854,1.15837,1.15852,1.19,1.00
2014.04.07 02:13:58.858,1.15837,1.15852,1.25,1.00
2014.04.07 02:14:01.864,1.15835,1.15852,2.37,1.00
2014.04.07 02:14:02.870,1.15835,1.15852,1.62,1.25
2014.04.07 02:14:06.806,1.15836,1.15852,1.25,1.19
2014.04.07 02:14:08.813,1.15836,1.15852,1.25,1.25
2014.04.07 02:14:19.263,1.15836,1.15852,1.00,1.69
2014.04.07 02:14:20.024,1.15838,1.15852,1.00,1.19
2014.04.07 02:14:20.342,1.1584,1.15852,1.00,1.19
2014.04.07 02:14:20.939,1.1584,1.15852,1.00,1.19
2014.04.07 02:14:21.445,1.1584,1.15852,1.00,1.00
2014.04.07 02:14:38.406,1.1584,1.15854,1.00,1.25
2014.04.07 02:14:39.285,1.15843,1.15854,1.05,1.00
2014.04.07 02:14:39.335,1.15843,1.15857,1.53,1.00
2014.04.07 02:14:39.386,1.15845,1.15857,1.05,1.00
2014.04.07 02:14:39.538,1.15852,1.15864,1.00,1.00
2014.04.07 02:14:39.640,1.15852,1.15867,1.00,1.00
2014.04.07 02:14:39.741,1.15854,1.1587,1.00,1.19
2014.04.07 02:14:40.044,1.15863,1.15876,1.00,1.00
2014.04.07 02:14:40.094,1.15863,1.15878,1.00,1.00
2014.04.07 02:14:40.610,1.15862,1.15878,1.69,1.00
2014.04.07 02:14:41.230,1.15862,1.15878,1.19,1.00
2014.04.07 02:14:42.208,1.15862,1.15878,1.25,1.25
2014.04.07 02:14:43.213,1.15862,1.15878,1.19,1.00
2014.04.07 02:14:44.688,1.15864,1.15878,1.00,1.00
2014.04.07 02:14:47.130,1.15861,1.15878,2.37,1.00
2014.04.07 02:14:47.181,1.15861,1.15878,1.62,1.19
2014.04.07 02:14:47.706,1.15862,1.15878,1.25,1.25
2014.04.07 02:14:53.498,1.15861,1.15878,1.62,1.25
2014.04.07 02:14:54.490,1.15861,1.15878,1.62,1.25
2014.04.07 02:14:54.815,1.15859,1.15875,1.87,1.00
2014.04.07 02:14:55.343,1.15861,1.15875,1.15,1.00
2014.04.07 02:14:55.670,1.15861,1.15873,1.15,1.00
2014.04.07 02:14:56.231,1.15858,1.15873,1.19,1.00
2014.04.07 02:14:56.496,1.15858,1.15868,1.00,1.00
2014.04.07 02:14:56.599,1.15852,1.15865,1.00,1.00
2014.04.07 02:14:56.701,1.1585,1.15865,1.15,1.00
2014.04.07 02:14:59.512,1.15848,1.15865,1.62,1.25
2014.04.07 02:15:02.728,1.15848,1.15865,2.37,1.00
2014.04.07 02:15:12.845,1.15847,1.15863,1.87,1.00
2014.04.07 02:15:20.440,1.15852,1.15865,1.19,1.00
2014.04.07 02:15:20.541,1.15852,1.15867,1.19,1.50
2014.04.07 02:15:21.560,1.15853,1.15867,1.25,1.00
2014.04.07 02:15:25.190,1.15853,1.15867,1.19,1.00
2014.04.07 02:15:26.348,1.15853,1.15867,1.19,1.00
2014.04.07 02:15:26.449,1.15853,1.1587,1.62,1.00
2014.04.07 02:15:26.961,1.15856,1.15873,1.00,1.69
2014.04.07 02:15:27.556,1.15856,1.15873,1.25,1.25
2014.04.07 02:15:28.583,1.15856,1.15873,1.25,1.19
2014.04.07 02:15:29.574,1.15856,1.15873,1.19,1.25
2014.04.07 02:15:30.434,1.15858,1.15875,1.00,1.69
2014.04.07 02:15:30.485,1.15858,1.15875,1.19,1.00
2014.04.07 02:15:30.586,1.15858,1.15875,1.69,1.00
2014.04.07 02:15:31.510,1.15858,1.15875,1.69,1.00
2014.04.07 02:15:32.531,1.15861,1.15878,1.00,2.37
2014.04.07 02:15:35.525,1.15861,1.15878,1.00,1.62
2014.04.07 02:15:36.629,1.15861,1.15878,1.25,1.62
2014.04.07 02:15:37.131,1.15861,1.15878,1.19,1.62
2014.04.07 02:15:38.236,1.15861,1.15878,1.25,1.62
2014.04.07 02:15:39.137,1.15861,1.15878,1.19,1.62
2014.04.07 02:15:39.660,1.15861,1.15878,1.69,1.43
2014.04.07 02:15:40.545,1.15861,1.15878,1.69,1.43
2014.04.07 02:15:40.861,1.15866,1.1588,1.19,1.68
2014.04.07 02:15:40.912,1.15866,1.15883,1.69,1.68
2014.04.07 02:15:41.114,1.15872,1.15887,1.00,2.18
2014.04.07 02:15:41.643,1.15872,1.15887,1.00,1.93
2014.04.07 02:15:42.302,1.15872,1.15887,1.25,1.68
2014.04.07 02:15:44.968,1.15872,1.15889,1.19,1.93
2014.04.07 02:15:47.396,1.15872,1.15889,1.19,1.93
2014.04.07 02:15:47.698,1.15869,1.15886,1.25,2.37
2014.04.07 02:15:48.001,1.15867,1.15884,1.00,1.87
2014.04.07 02:15:48.253,1.15869,1.15885,1.00,1.87
2014.04.07 02:15:48.558,1.15872,1.15885,1.00,1.87
2014.04.07 02:15:49.472,1.15872,1.15886,1.00,1.87
2014.04.07 02:15:49.573,1.15874,1.15886,1.00,1.87
2014.04.07 02:15:49.724,1.15874,1.15885,1.00,1.15
2014.04.07 02:15:50.008,1.15874,1.15889,1.00,1.87
2014.04.07 02:15:51.098,1.15874,1.15888,1.00,1.87
2014.04.07 02:15:51.360,1.15877,1.1589,1.00,1.87
2014.04.07 02:15:58.706,1.15874,1.15891,1.00,2.37
2014.04.07 02:16:06.608,1.15874,1.15888,1.00,1.15
2014.04.07 02:16:11.255,1.15874,1.1589,1.00,1.87
2014.04.07 02:16:12.246,1.15874,1.15888,1.00,1.15
2014.04.07 02:16:13.452,1.15876,1.15893,1.00,2.44
2014.04.07 02:16:13.553,1.1588,1.15893,1.00,1.19
2014.04.07 02:16:13.704,1.1588,1.15895,1.00,1.87
2014.04.07 02:16:15.671,1.1588,1.15894,1.00,1.62
2014.04.07 02:16:16.284,1.1588,1.15895,1.00,1.19
2014.04.07 02:16:16.909,1.1588,1.15896,1.00,1.19
2014.04.07 02:16:17.794,1.1588,1.15897,1.00,3.12
2014.04.07 02:16:18.721,1.1588,1.15897,1.00,3.12
2014.04.07 02:16:20.702,1.1588,1.15897,1.00,3.12
2014.04.07 02:16:21.247,1.1588,1.15896,1.00,1.62
2014.04.07 02:16:21.549,1.1588,1.15894,1.00,1.62
2014.04.07 02:16:21.700,1.15878,1.15894,1.00,1.62
2014.04.07 02:16:22.417,1.15878,1.15895,1.00,2.37
2014.04.07 02:16:23.224,1.15878,1.15894,1.00,1.87
2014.04.07 02:16:24.437,1.15878,1.15893,1.00,1.87
2014.04.07 02:16:24.961,1.15878,1.15894,1.00,1.62
2014.04.07 02:16:25.736,1.15878,1.15895,1.00,2.37
2014.04.07 02:16:27.020,1.15881,1.15896,1.00,2.37
2014.04.07 02:16:27.545,1.15881,1.15895,1.00,1.87
2014.04.07 02:16:30.677,1.15881,1.15896,1.00,2.37
2014.04.07 02:16:31.182,1.15881,1.15894,1.00,1.15
2014.04.07 02:16:32.093,1.15881,1.15898,1.00,2.37
2014.04.07 02:16:32.295,1.15881,1.15898,1.00,1.19
2014.04.07 02:16:32.397,1.15883,1.159,1.00,1.87
2014.04.07 02:16:33.204,1.15883,1.15898,1.00,1.19
2014.04.07 02:16:33.705,1.15883,1.15899,1.00,1.62
2014.04.07 02:16:34.229,1.15883,1.15898,1.00,1.19
2014.04.07 02:16:34.430,1.15883,1.15899,1.00,1.19
2014.04.07 02:16:35.851,1.15883,1.159,1.00,2.37
2014.04.07 02:16:37.398,1.15883,1.159,1.00,1.87
2014.04.07 02:16:37.549,1.1588,1.15896,1.00,1.93
2014.04.07 02:16:38.112,1.1588,1.15895,1.00,1.87
2014.04.07 02:16:38.667,1.1588,1.15894,1.00,1.62
2014.04.07 02:16:39.178,1.1588,1.15895,1.00,1.62
2014.04.07 02:16:39.279,1.1588,1.15895,1.00,1.15
2014.04.07 02:16:39.532,1.15883,1.15897,1.00,1.19
2014.04.07 02:16:39.985,1.15885,1.15899,1.00,1.62
2014.04.07 02:16:40.878,1.15885,1.159,1.00,1.19
2014.04.07 02:16:41.412,1.15885,1.15902,1.00,2.37
2014.04.07 02:16:44.193,1.15885,1.15901,1.00,1.19
2014.04.07 02:16:44.694,1.15885,1.15902,1.00,2.37
2014.04.07 02:16:47.108,1.15885,1.15901,1.00,1.87
2014.04.07 02:16:52.219,1.15885,1.15899,1.00,1.62
2014.04.07 02:16:52.931,1.15881,1.15898,1.54,1.19
2014.04.07 02:16:55.901,1.15883,1.15899,1.00,1.62
2014.04.07 02:17:02.671,1.15883,1.159,1.00,1.87
2014.04.07 02:17:03.911,1.15883,1.15899,1.25,1.15
2014.04.07 02:17:07.693,1.15883,1.15897,1.00,1.15
2014.04.07 02:17:07.794,1.15883,1.15899,1.25,1.15
2014.04.07 02:17:09.111,1.15883,1.159,1.00,1.87
2014.04.07 02:17:09.987,1.15883,1.159,1.00,1.87
2014.04.07 02:17:10.512,1.15883,1.15898,1.00,1.87
2014.04.07 02:17:11.212,1.15883,1.15897,1.00,1.19
2014.04.07 02:17:11.893,1.15881,1.15897,1.00,1.19
2014.04.07 02:17:12.436,1.15881,1.15898,1.00,1.69
2014.04.07 02:17:13.086,1.15881,1.15897,1.00,1.62
2014.04.07 02:17:13.398,1.15879,1.15895,1.25,1.15
2014.04.07 02:17:13.550,1.15876,1.15893,1.54,1.43
2014.04.07 02:17:13.892,1.15876,1.15893,1.54,1.62
2014.04.07 02:17:15.508,1.15879,1.15894,1.00,1.87
2014.04.07 02:17:15.616,1.15879,1.15894,1.00,1.15
2014.04.07 02:17:16.247,1.15879,1.15896,1.19,1.93
2014.04.07 02:17:16.399,1.15879,1.15896,1.19,1.93
2014.04.07 02:17:16.500,1.15877,1.15894,1.25,1.68
2014.04.07 02:17:16.602,1.15875,1.15892,1.25,1.62
2014.04.07 02:17:16.652,1.15875,1.15892,1.69,1.43
2014.04.07 02:17:17.029,1.15878,1.15892,1.19,1.00
2014.04.07 02:17:17.542,1.15878,1.15892,1.00,1.25
2014.04.07 02:17:18.133,1.15883,1.15892,1.00,1.00
2014.04.07 02:17:19.868,1.15878,1.15892,1.69,1.00
2014.04.07 02:17:20.436,1.15878,1.15892,1.19,1.00
2014.04.07 02:17:21.002,1.15878,1.15892,1.25,1.00
2014.04.07 02:17:21.763,1.15878,1.15892,1.19,1.00
2014.04.07 02:17:22.774,1.15878,1.15892,1.25,1.00
2014.04.07 02:17:23.281,1.15875,1.15892,1.62,1.25
2014.04.07 02:17:23.487,1.15875,1.15892,1.00,2.37
2014.04.07 02:17:23.791,1.15871,1.15888,1.19,1.19
2014.04.07 02:17:24.297,1.15871,1.15888,1.62,1.00
2014.04.07 02:17:24.482,1.15871,1.15888,1.62,1.19
2014.04.07 02:17:26.086,1.15871,1.15888,1.62,1.19
2014.04.07 02:17:27.293,1.15871,1.15888,1.62,1.19
2014.04.07 02:17:28.392,1.15871,1.15888,1.93,1.19
2014.04.07 02:17:28.951,1.15871,1.15888,1.93,1.19
2014.04.07 02:17:31.126,1.15873,1.15888,1.15,1.00
2014.04.07 02:17:31.662,1.15874,1.15891,1.00,1.19
2014.04.07 02:17:33.019,1.15876,1.15893,1.00,1.69
2014.04.07 02:17:33.344,1.15879,1.15893,1.00,1.19
2014.04.07 02:17:33.450,1.15879,1.15896,1.00,1.69
2014.04.07 02:17:37.470,1.15879,1.15896,1.00,1.69
2014.04.07 02:17:39.179,1.15879,1.15896,1.00,1.69
2014.04.07 02:17:39.843,1.15879,1.15894,1.00,1.19
2014.04.07 02:17:45.401,1.15876,1.15893,1.25,1.19
2014.04.07 02:17:46.548,1.15876,1.15893,1.00,1.69
2014.04.07 02:17:47.553,1.15876,1.15893,1.00,1.69
2014.04.07 02:17:54.675,1.15876,1.15893,1.00,1.19
2014.04.07 02:17:55.277,1.15876,1.15893,1.25,1.25
2014.04.07 02:17:56.421,1.15876,1.15893,1.25,1.19
2014.04.07 02:18:04.173,1.15876,1.15893,1.19,1.25
2014.04.07 02:18:07.988,1.15876,1.15893,1.00,1.19
2014.04.07 02:18:11.919,1.15874,1.15891,1.19,1.25
2014.04.07 02:18:19.867,1.15874,1.15891,1.69,1.00
2014.04.07 02:18:20.318,1.15881,1.15897,1.00,1.62
2014.04.07 02:18:20.722,1.15878,1.15894,1.25,1.15
2014.04.07 02:18:20.773,1.15878,1.15895,1.25,1.87
2014.04.07 02:18:20.975,1.15875,1.15892,1.19,1.62
2014.04.07 02:18:21.646,1.15875,1.15892,1.19,1.93
2014.04.07 02:18:22.157,1.15875,1.15892,1.19,1.68
2014.04.07 02:18:22.988,1.15875,1.15891,1.00,1.15
2014.04.07 02:18:24.440,1.15875,1.15892,1.00,2.37
2014.04.07 02:18:25.318,1.15875,1.15892,1.54,1.00
2014.04.07 02:18:25.368,1.15878,1.15895,1.00,1.19
2014.04.07 02:18:25.733,1.15881,1.15898,1.00,2.37
2014.04.07 02:18:26.506,1.15881,1.15898,1.00,1.87
2014.04.07 02:18:28.376,1.15881,1.15897,1.00,1.87
2014.04.07 02:18:28.679,1.15876,1.15893,1.25,2.18
2014.04.07 02:18:29.271,1.15876,1.15891,1.00,1.15
2014.04.07 02:18:38.902,1.15876,1.15893,1.19,1.93
2014.04.07 02:18:39.900,1.15876,1.15893,1.25,1.87
2014.04.07 02:18:40.632,1.15876,1.15892,1.00,1.87
2014.04.07 02:18:42.900,1.15876,1.15891,1.00,1.15
2014.04.07 02:18:45.150,1.15874,1.15891,1.19,1.43
2014.04.07 02:18:45.805,1.15874,1.15891,1.19,1.62
2014.04.07 02:18:47.265,1.15874,1.15891,1.25,1.62
2014.04.07 02:18:49.178,1.15874,1.15891,1.19,1.43
2014.04.07 02:18:57.397,1.15874,1.15891,1.25,1.62
2014.04.07 02:18:57.926,1.15874,1.15891,1.19,1.43
2014.04.07 02:18:59.925,1.15874,1.15891,1.19,1.43
2014.04.07 02:19:02.936,1.15874,1.15891,1.19,1.62
2014.04.07 02:19:03.943,1.15874,1.15891,1.19,1.62
2014.04.07 02:19:07.985,1.15874,1.15891,1.19,2.18
2014.04.07 02:19:08.288,1.15873,1.15888,1.19,1.00
2014.04.07 02:19:13.999,1.15872,1.15888,1.19,1.00
2014.04.07 02:19:15.384,1.15873,1.15888,1.19,1.00
2014.04.07 02:19:15.993,1.15871,1.15888,1.69,1.00
2014.04.07 02:19:16.296,1.15867,1.15882,1.43,1.00
2014.04.07 02:19:16.346,1.15865,1.15882,1.00,3.30
2014.04.07 02:19:16.498,1.15862,1.15879,1.25,1.68
2014.04.07 02:19:16.599,1.1586,1.15877,1.00,1.43
2014.04.07 02:19:16.650,1.1586,1.15877,1.00,1.68
2014.04.07 02:19:16.801,1.15858,1.15875,1.25,1.62
2014.04.07 02:19:16.902,1.15858,1.15875,1.00,2.37
2014.04.07 02:19:17.154,1.15856,1.15872,1.05,1.93
2014.04.07 02:19:17.558,1.15852,1.15869,1.19,1.00
2014.04.07 02:19:18.124,1.15852,1.15869,1.69,1.00
2014.04.07 02:19:19.313,1.15852,1.15869,1.19,1.00
2014.04.07 02:19:19.860,1.15855,1.15871,1.25,1.15
2014.04.07 02:19:20.062,1.15855,1.15872,1.19,1.00
2014.04.07 02:19:20.626,1.15858,1.15875,1.25,1.87
2014.04.07 02:19:21.081,1.1586,1.15873,1.00,1.15
2014.04.07 02:19:21.634,1.1586,1.15876,1.00,1.87
2014.04.07 02:19:22.168,1.1586,1.15876,1.00,2.37
2014.04.07 02:19:22.219,1.15858,1.15875,1.25,1.87
2014.04.07 02:19:22.270,1.15858,1.15875,1.00,1.62
2014.04.07 02:19:22.851,1.15858,1.15875,1.25,1.62
2014.04.07 02:19:23.198,1.15861,1.15877,1.00,1.87
2014.04.07 02:19:23.827,1.15861,1.15878,1.00,2.37
2014.04.07 02:19:27.980,1.15861,1.15878,1.00,2.37
2014.04.07 02:19:28.031,1.15858,1.15875,1.19,1.93
2014.04.07 02:19:28.556,1.15858,1.15871,1.00,1.15
2014.04.07 02:19:29.011,1.15858,1.15874,1.00,1.19
2014.04.07 02:19:29.515,1.15858,1.15875,1.19,1.62
2014.04.07 02:19:31.318,1.15858,1.15875,1.25,1.62
2014.04.07 02:19:32.345,1.15858,1.15875,1.19,1.62
2014.04.07 02:19:35.035,1.15858,1.15875,1.00,2.37
2014.04.07 02:19:35.187,1.15856,1.15873,1.00,1.87
2014.04.07 02:19:35.724,1.15856,1.15873,1.00,2.37
2014.04.07 02:19:39.227,1.15856,1.15871,1.00,1.15
2014.04.07 02:19:40.345,1.15856,1.15873,1.00,3.12
2014.04.07 02:19:40.564,1.15856,1.15871,1.00,1.15
2014.04.07 02:19:41.331,1.15856,1.15873,1.00,2.37
2014.04.07 02:19:46.270,1.15856,1.15871,1.00,1.15
2014.04.07 02:19:47.276,1.15856,1.15872,1.00,1.87
2014.04.07 02:19:48.380,1.15856,1.15872,1.00,1.87
2014.04.07 02:19:55.946,1.15856,1.1587,1.00,1.87
2014.04.07 02:19:56.047,1.15856,1.15868,1.00,1.19
2014.04.07 02:19:56.098,1.15853,1.15868,1.00,1.19
2014.04.07 02:19:56.149,1.15853,1.1587,1.00,1.25
2014.04.07 02:19:56.200,1.15856,1.15871,1.00,1.62
2014.04.07 02:19:56.726,1.15856,1.15872,1.00,1.87
2014.04.07 02:19:57.233,1.15856,1.15871,1.00,1.15
2014.04.07 02:20:03.288,1.15856,1.15872,1.00,1.87
2014.04.07 02:20:06.167,1.15856,1.15872,1.00,1.87
2014.04.07 02:20:07.172,1.15856,1.15872,1.00,1.87
2014.04.07 02:20:08.564,1.15856,1.15873,1.00,2.37
2014.04.07 02:20:08.716,1.15852,1.15869,1.19,1.62
2014.04.07 02:20:10.995,1.15852,1.15869,1.25,1.87
2014.04.07 02:20:11.499,1.15852,1.15869,1.25,1.62
2014.04.07 02:20:12.996,1.15852,1.15869,1.19,1.62
2014.04.07 02:20:13.147,1.15855,1.15869,1.00,1.15
2014.04.07 02:20:13.895,1.15855,1.15872,1.25,1.87
2014.04.07 02:20:14.098,1.15852,1.15869,1.00,1.87
2014.04.07 02:20:14.300,1.15852,1.15868,1.00,1.87
2014.04.07 02:20:14.351,1.15849,1.15866,1.19,1.93
2014.04.07 02:20:14.681,1.15849,1.15866,1.25,1.62
2014.04.07 02:20:15.342,1.15849,1.15866,1.19,1.62
2014.04.07 02:20:16.108,1.15849,1.15866,1.19,1.93
2014.04.07 02:20:16.411,1.15849,1.15865,1.00,2.37
2014.04.07 02:20:16.512,1.15846,1.15863,1.25,1.93
2014.04.07 02:20:16.663,1.15844,1.15861,1.00,1.87
2014.04.07 02:20:17.168,1.15844,1.15858,1.00,1.15
2014.04.07 02:20:18.384,1.15844,1.1586,1.00,2.37
2014.04.07 02:20:18.536,1.15842,1.15859,1.25,1.87
2014.04.07 02:20:23.141,1.15842,1.15859,1.00,2.37
2014.04.07 02:20:23.344,1.15844,1.15859,1.00,1.87
2014.04.07 02:20:23.924,1.15844,1.15858,1.00,1.15
2014.04.07 02:20:25.439,1.15844,1.15861,1.00,2.37
2014.04.07 02:20:25.540,1.15842,1.15859,1.00,2.37
2014.04.07 02:20:33.115,1.15842,1.15858,1.00,1.87
2014.04.07 02:20:35.216,1.15842,1.15859,1.00,2.37
2014.04.07 02:20:38.633,1.15842,1.15857,1.00,1.15
2014.04.07 02:20:39.739,1.15842,1.15859,1.00,2.37
2014.04.07 02:20:41.146,1.15842,1.15859,1.00,2.37
2014.04.07 02:20:47.507,1.15842,1.15859,1.00,2.37
2014.04.07 02:20:48.552,1.15842,1.15859,1.00,2.37
2014.04.07 02:20:48.753,1.15839,1.15856,1.00,1.19
2014.04.07 02:20:48.955,1.15837,1.15854,1.25,1.19
2014.04.07 02:20:49.263,1.15839,1.15856,1.25,1.19
2014.04.07 02:20:50.038,1.15839,1.15856,1.19,1.19
2014.04.07 02:20:51.069,1.15839,1.15856,1.19,1.25
2014.04.07 02:20:55.067,1.15839,1.15856,1.25,1.19
2014.04.07 02:20:58.078,1.15839,1.15856,1.19,1.25
2014.04.07 02:21:03.500,1.15841,1.15858,1.00,1.62
2014.04.07 02:21:08.119,1.15841,1.15858,1.25,1.19
2014.04.07 02:21:11.389,1.15841,1.15858,1.00,1.19
2014.04.07 02:21:17.591,1.15841,1.15858,1.25,1.19
2014.04.07 02:21:18.595,1.15841,1.15858,1.25,1.19
2014.04.07 02:21:22.617,1.15841,1.15858,1.25,1.19
2014.04.07 02:21:24.121,1.15841,1.15858,1.00,1.69
2014.04.07 02:21:25.227,1.15841,1.15858,1.00,1.69
2014.04.07 02:21:29.701,1.15841,1.15858,1.25,1.19
2014.04.07 02:21:30.462,1.15845,1.15859,1.68,1.69
2014.04.07 02:21:30.613,1.15849,1.15859,1.35,1.00
2014.04.07 02:21:30.664,1.15858,1.15863,1.00,1.00
2014.04.07 02:21:30.715,1.15858,1.15868,1.00,1.19
2014.04.07 02:21:30.765,1.1586,1.15868,1.00,1.19
2014.04.07 02:21:30.816,1.1586,1.15871,1.00,1.69
2014.04.07 02:21:31.018,1.1586,1.15874,1.00,1.19
2014.04.07 02:21:31.306,1.1586,1.15872,1.00,1.69
2014.04.07 02:21:31.457,1.15858,1.15872,1.00,2.44
2014.04.07 02:21:31.558,1.15855,1.1587,1.00,1.19
2014.04.07 02:21:32.498,1.15855,1.15869,1.00,1.19
2014.04.07 02:21:37.722,1.15855,1.1587,1.00,1.19
2014.04.07 02:21:40.487,1.15853,1.1587,1.00,1.69
2014.04.07 02:21:41.202,1.15853,1.15869,1.00,1.19
2014.04.07 02:21:41.763,1.15853,1.15868,1.00,1.19
2014.04.07 02:21:42.779,1.15853,1.15869,1.00,1.19
2014.04.07 02:21:46.277,1.15853,1.15869,1.00,1.19
2014.04.07 02:21:47.826,1.15853,1.1587,1.00,1.19
2014.04.07 02:21:53.837,1.15853,1.1587,1.00,1.69
2014.04.07 02:21:56.771,1.15853,1.1587,1.00,1.69
2014.04.07 02:21:59.869,1.15853,1.1587,1.00,1.69
2014.04.07 02:22:02.877,1.15853,1.1587,1.00,1.19
2014.04.07 02:22:03.880,1.15853,1.1587,1.00,1.69
2014.04.07 02:22:05.887,1.15853,1.1587,1.00,1.69
2014.04.07 02:22:09.398,1.15853,1.1587,1.00,1.69
2014.04.07 02:22:10.401,1.15853,1.1587,1.00,1.19
2014.04.07 02:22:21.904,1.15853,1.1587,1.25,1.19
2014.04.07 02:22:25.004,1.15853,1.1587,1.00,1.69
2014.04.07 02:22:25.628,1.15853,1.15869,1.00,1.19
2014.04.07 02:22:30.141,1.15853,1.1587,1.00,1.69
2014.04.07 02:22:39.954,1.15853,1.1587,1.00,1.69
2014.04.07 02:22:40.620,1.15849,1.1587,1.19,1.19
2014.04.07 02:22:45.075,1.15848,1.15869,1.69,1.19
2014.04.07 02:22:46.208,1.15849,1.1587,1.19,1.19
2014.04.07 02:22:47.184,1.15849,1.1587,1.19,1.19
2014.04.07 02:22:50.191,1.15848,1.15869,1.69,1.19
2014.04.07 02:22:53.104,1.15849,1.15869,1.19,1.19
2014.04.07 02:22:54.107,1.15849,1.1587,1.19,1.19
2014.04.07 02:22:56.120,1.15849,1.1587,1.19,1.19
2014.04.07 02:23:00.184,1.15848,1.15869,1.69,1.19
2014.04.07 02:23:00.958,1.15851,1.15868,1.00,1.19
2014.04.07 02:23:01.760,1.15851,1.15868,1.25,1.19
2014.04.07 02:23:08.992,1.15849,1.15866,1.19,1.00
2014.04.07 02:23:09.616,1.15849,1.15866,1.19,1.19
2014.04.07 02:23:10.341,1.15849,1.15866,1.25,1.19
2014.04.07 02:23:15.040,1.15849,1.15866,1.00,1.19
2014.04.07 02:23:18.089,1.15849,1.15866,1.25,1.19
2014.04.07 02:23:20.094,1.15849,1.15866,1.19,1.25
2014.04.07 02:23:21.073,1.15849,1.15866,1.69,1.00
2014.04.07 02:23:24.113,1.15849,1.15866,1.69,1.00
2014.04.07 02:23:29.151,1.15849,1.15866,1.69,1.00
2014.04.07 02:23:36.154,1.15849,1.15866,1.19,1.25
2014.04.07 02:23:38.172,1.15849,1.15866,1.25,1.19
2014.04.07 02:23:41.174,1.15849,1.15866,1.19,1.25
2014.04.07 02:23:47.223,1.15849,1.15866,1.25,1.19
2014.04.07 02:23:47.694,1.15849,1.15866,1.19,1.00
2014.04.07 02:23:49.750,1.15849,1.15866,1.19,1.25
2014.04.07 02:23:50.682,1.15846,1.15863,1.69,1.00
2014.04.07 02:23:51.652,1.15846,1.15863,1.69,1.00
2014.04.07 02:23:55.661,1.15847,1.15863,1.19,1.00
2014.04.07 02:24:11.799,1.15846,1.15863,1.69,1.00
2014.04.07 02:24:14.771,1.15846,1.15863,1.19,1.25
2014.04.07 02:24:15.776,1.15846,1.15863,1.19,1.00
2014.04.07 02:24:16.780,1.15846,1.15863,1.19,1.25
2014.04.07 02:24:19.007,1.15846,1.15863,1.19,1.00
2014.04.07 02:24:20.814,1.15846,1.15863,1.69,1.00
2014.04.07 02:24:21.820,1.15846,1.15863,1.69,1.00
2014.04.07 02:24:22.825,1.15847,1.15863,1.19,1.00
2014.04.07 02:24:24.495,1.15849,1.15866,1.25,1.19
2014.04.07 02:24:25.836,1.15849,1.15866,1.19,1.25
2014.04.07 02:24:27.684,1.15849,1.15866,1.69,1.00
2014.04.07 02:24:28.255,1.1585,1.15866,1.19,1.00
2014.04.07 02:24:28.888,1.15849,1.15866,1.69,1.00
2014.04.07 02:24:36.938,1.15849,1.15866,1.19,1.25
2014.04.07 02:24:37.497,1.15849,1.15866,1.69,1.00
2014.04.07 02:24:39.943,1.15849,1.15866,1.19,1.25
2014.04.07 02:24:45.631,1.15849,1.15866,1.25,1.19
2014.04.07 02:24:45.732,1.15849,1.15866,1.69,1.00
2014.04.07 02:24:46.696,1.1585,1.15866,1.19,1.00
2014.04.07 02:24:51.740,1.15849,1.15866,1.69,1.00
2014.04.07 02:24:54.242,1.15851,1.15866,1.19,1.00
2014.04.07 02:24:54.518,1.15851,1.15868,1.69,1.25
2014.04.07 02:24:55.633,1.15851,1.15868,1.69,1.00
2014.04.07 02:24:58.450,1.15852,1.15864,1.19,1.00
2014.04.07 02:24:58.953,1.15852,1.15864,1.19,1.00
2014.04.07 02:24:59.664,1.15851,1.15864,1.19,1.00
2014.04.07 02:25:09.728,1.15851,1.15864,1.19,1.00
2014.04.07 02:25:14.781,1.15851,1.15864,1.19,1.00
2014.04.07 02:25:15.191,1.15849,1.15861,1.19,1.00
2014.04.07 02:25:15.494,1.15845,1.15861,1.19,1.68
2014.04.07 02:25:15.645,1.15844,1.15857,1.19,1.43
2014.04.07 02:25:15.797,1.1584,1.15857,2.07,1.43
2014.04.07 02:25:16.369,1.15841,1.15857,1.19,1.43
2014.04.07 02:25:16.892,1.15842,1.15857,1.19,1.00
2014.04.07 02:25:18.709,1.15843,1.15857,1.19,1.00
2014.04.07 02:25:23.112,1.15843,1.1586,1.69,1.00
2014.04.07 02:25:26.737,1.15843,1.1586,1.69,1.25
2014.04.07 02:25:28.745,1.15844,1.1586,1.19,1.00
2014.04.07 02:25:31.686,1.15843,1.1586,1.69,1.00
2014.04.07 02:25:42.980,1.15843,1.1586,1.69,1.00
2014.04.07 02:25:43.776,1.15843,1.1586,1.69,1.00
2014.04.07 02:25:49.904,1.15843,1.1586,1.69,1.25
2014.04.07 02:25:50.907,1.15843,1.1586,1.69,1.00
2014.04.07 02:25:55.932,1.15843,1.1586,1.69,1.25
2014.04.07 02:25:56.935,1.15843,1.1586,1.69,1.00
2014.04.07 02:26:04.987,1.15843,1.1586,1.69,1.25
2014.04.07 02:26:05.993,1.15843,1.1586,1.69,1.00
2014.04.07 02:26:08.312,1.15844,1.1586,1.19,1.00
2014.04.07 02:26:08.967,1.15843,1.1586,1.69,1.00
2014.04.07 02:26:14.848,1.15845,1.1586,1.19,1.00
2014.04.07 02:26:15.568,1.15844,1.1586,1.19,1.00
2014.04.07 02:26:20.903,1.15843,1.1586,1.69,1.25
2014.04.07 02:26:24.915,1.15842,1.15864,1.62,1.87
2014.04.07 02:26:25.511,1.15844,1.15862,1.19,1.15
2014.04.07 02:26:26.135,1.15843,1.15864,1.19,2.37
2014.04.07 02:26:26.706,1.15843,1.15864,1.19,1.87
2014.04.07 02:26:29.718,1.15844,1.15864,1.19,1.87
2014.04.07 02:26:33.894,1.15845,1.15862,1.19,1.15
2014.04.07 02:26:38.018,1.15846,1.15864,1.19,1.93
2014.04.07 02:26:38.321,1.15851,1.15864,1.19,1.00
2014.04.07 02:26:38.372,1.15851,1.15866,1.19,1.00
2014.04.07 02:26:38.422,1.15852,1.15866,1.19,1.00
2014.04.07 02:26:38.985,1.15854,1.15866,1.19,1.00
2014.04.07 02:26:41.623,1.15852,1.15866,1.19,1.43
2014.04.07 02:26:41.728,1.15852,1.15866,1.19,1.68
2014.04.07 02:26:42.291,1.15849,1.15864,1.19,1.43
2014.04.07 02:26:43.297,1.1585,1.15864,1.19,1.00
2014.04.07 02:26:44.754,1.1585,1.15866,1.19,1.43
2014.04.07 02:26:46.107,1.1585,1.15866,1.19,1.43
2014.04.07 02:26:52.965,1.15849,1.15866,1.69,1.43
2014.04.07 02:26:59.200,1.15849,1.15866,1.69,1.68
2014.04.07 02:26:59.301,1.15849,1.15866,1.25,1.87
2014.04.07 02:26:59.403,1.15846,1.15863,1.19,1.68
2014.04.07 02:26:59.706,1.15842,1.15859,1.69,1.43
2014.04.07 02:27:02.551,1.15843,1.15859,1.69,1.00
2014.04.07 02:27:05.103,1.15845,1.15859,1.19,1.00
2014.04.07 02:27:05.204,1.15846,1.15863,1.69,1.68
2014.04.07 02:27:05.305,1.15848,1.15865,1.25,1.19
2014.04.07 02:27:05.660,1.15849,1.15865,1.19,1.00
2014.04.07 02:27:08.671,1.1585,1.15865,1.19,1.00
2014.04.07 02:27:19.638,1.15848,1.15865,1.69,1.43
2014.04.07 02:27:21.221,1.15848,1.15865,1.19,1.62
2014.04.07 02:27:23.807,1.15848,1.15865,1.69,1.43
2014.04.07 02:27:24.765,1.15849,1.15865,1.19,1.00
2014.04.07 02:27:27.789,1.1585,1.15865,1.19,1.00
2014.04.07 02:27:29.937,1.1585,1.15867,2.37,1.00
2014.04.07 02:27:30.790,1.15851,1.15867,1.19,1.00
2014.04.07 02:27:41.842,1.15852,1.15867,1.19,1.00
2014.04.07 02:27:43.850,1.15851,1.15867,1.19,1.00
2014.04.07 02:28:02.407,1.1585,1.15867,1.69,1.00
2014.04.07 02:28:15.792,1.1585,1.15867,1.69,1.68
2014.04.07 02:28:16.217,1.1585,1.15867,1.25,1.68
2014.04.07 02:28:16.731,1.1585,1.15867,1.19,1.68
2014.04.07 02:28:25.107,1.1585,1.15867,1.19,1.62
2014.04.07 02:28:26.271,1.1585,1.15867,1.69,1.43
2014.04.07 02:28:26.967,1.15851,1.15867,1.19,1.43
2014.04.07 02:28:27.517,1.15851,1.15867,1.19,1.68
2014.04.07 02:28:28.252,1.1585,1.15867,1.19,1.68
2014.04.07 02:28:29.255,1.1585,1.15867,1.69,1.68
2014.04.07 02:28:34.297,1.15849,1.1587,1.19,2.37
2014.04.07 02:28:35.420,1.1585,1.1587,1.19,1.87
2014.04.07 02:28:37.582,1.15851,1.1587,1.19,1.87
2014.04.07 02:28:39.288,1.1585,1.1587,1.19,1.87
2014.04.07 02:28:43.806,1.1585,1.1587,1.62,1.62
2014.04.07 02:28:44.339,1.15851,1.15872,1.19,3.72
2014.04.07 02:28:45.344,1.15851,1.15871,1.19,1.87
2014.04.07 02:28:49.380,1.1585,1.15871,1.62,1.87
2014.04.07 02:28:50.401,1.15851,1.15871,1.19,1.87
2014.04.07 02:28:51.393,1.15851,1.15872,1.19,3.72
2014.04.07 02:29:07.866,1.15852,1.15872,1.19,1.87
2014.04.07 02:29:15.285,1.15853,1.15872,1.19,1.62
2014.04.07 02:29:17.795,1.15853,1.15872,1.19,1.62
2014.04.07 02:29:18.813,1.15852,1.15872,1.62,1.62
2014.04.07 02:29:35.014,1.15853,1.1587,3.12,1.00
2014.04.07 02:29:37.002,1.15853,1.1587,3.12,1.25
2014.04.07 02:29:38.022,1.15853,1.1587,3.12,1.00
2014.04.07 02:29:41.014,1.15853,1.1587,2.37,1.25
2014.04.07 02:29:46.588,1.15852,1.15867,1.19,1.00
2014.04.07 02:29:46.689,1.1585,1.15867,2.37,1.00
2014.04.07 02:29:47.228,1.1585,1.15867,1.19,2.37
2014.04.07 02:29:47.908,1.1585,1.15867,1.25,2.37
2014.04.07 02:29:48.880,1.1585,1.15867,1.19,2.37
2014.04.07 02:29:49.881,1.1585,1.15867,1.19,2.37
2014.04.07 02:29:52.925,1.1585,1.15867,1.25,2.37
2014.04.07 02:29:53.026,1.15852,1.15867,1.15,1.00
2014.04.07 02:29:53.278,1.15852,1.15869,1.19,1.25
2014.04.07 02:29:54.006,1.15853,1.15869,1.19,1.00
2014.04.07 02:30:00.267,1.15854,1.15869,1.19,1.00
2014.04.07 02:30:01.267,1.15854,1.15869,1.19,1.00
2014.04.07 02:30:02.969,1.15855,1.15869,1.19,1.00
2014.04.07 02:30:03.650,1.15854,1.15869,1.19,1.00
2014.04.07 02:30:06.152,1.15855,1.15872,1.69,1.25
2014.04.07 02:30:06.750,1.15855,1.15872,1.69,1.00
2014.04.07 02:30:07.251,1.15855,1.15872,1.19,1.25
2014.04.07 02:30:07.666,1.15857,1.15872,1.62,1.00
2014.04.07 02:30:08.608,1.15858,1.15872,1.19,1.00
2014.04.07 02:30:13.617,1.15857,1.15872,1.19,1.00
2014.04.07 02:30:21.357,1.15856,1.15872,1.62,1.00
2014.04.07 02:30:22.371,1.15855,1.15872,1.69,1.00
2014.04.07 02:30:26.393,1.15856,1.15872,1.19,1.00
2014.04.07 02:30:27.356,1.15855,1.15872,1.69,1.00
2014.04.07 02:30:28.363,1.15856,1.15872,1.19,1.00
2014.04.07 02:30:36.016,1.15858,1.15872,1.19,1.00
2014.04.07 02:30:36.691,1.15858,1.15873,1.19,1.00
2014.04.07 02:30:37.205,1.15858,1.15873,1.19,1.00
2014.04.07 02:30:38.064,1.15858,1.15873,1.19,1.00
2014.04.07 02:30:43.146,1.15859,1.15873,1.19,1.00
2014.04.07 02:30:45.656,1.15861,1.15876,1.62,1.00
2014.04.07 02:30:45.757,1.15863,1.15878,1.19,1.00
2014.04.07 02:30:45.858,1.15864,1.15881,1.25,1.19
2014.04.07 02:30:46.059,1.15865,1.15881,1.19,1.00
2014.04.07 02:30:46.989,1.15863,1.15878,1.19,1.00
2014.04.07 02:30:47.191,1.15861,1.15876,1.19,1.43
2014.04.07 02:30:47.645,1.15863,1.15876,1.19,1.00
2014.04.07 02:30:47.746,1.15863,1.15878,1.19,1.00
2014.04.07 02:30:51.835,1.15864,1.15877,1.19,1.00
2014.04.07 02:30:52.138,1.15861,1.15877,1.69,1.43
2014.04.07 02:30:52.441,1.15859,1.15876,1.69,1.43
2014.04.07 02:30:52.593,1.15858,1.15873,1.19,1.00
2014.04.07 02:30:53.132,1.15857,1.15873,1.19,1.00
2014.04.07 02:30:56.966,1.15859,1.15873,1.19,1.00
2014.04.07 02:30:57.016,1.15859,1.15875,1.19,1.00
2014.04.07 02:30:57.067,1.15862,1.15875,1.62,1.00
2014.04.07 02:30:57.168,1.15863,1.15878,1.19,1.00
2014.04.07 02:30:57.694,1.15862,1.15878,1.19,1.00
2014.04.07 02:30:58.478,1.15863,1.15878,1.19,1.00
2014.04.07 02:31:00.249,1.15865,1.15878,1.19,1.00
2014.04.07 02:31:01.255,1.15865,1.15878,1.19,1.00
2014.04.07 02:31:03.265,1.15863,1.15878,1.19,1.00
2014.04.07 02:31:05.746,1.15861,1.15878,2.37,1.00
2014.04.07 02:31:05.949,1.15861,1.15875,1.19,1.00
2014.04.07 02:31:06.202,1.1586,1.15875,1.19,1.00
2014.04.07 02:31:06.718,1.15861,1.15875,1.19,1.00
2014.04.07 02:31:07.094,1.15862,1.15877,1.19,1.00
2014.04.07 02:31:07.723,1.15863,1.15877,1.19,1.00
2014.04.07 02:31:08.510,1.15863,1.15877,1.19,1.00
2014.04.07 02:31:11.519,1.15863,1.15877,1.19,1.00
2014.04.07 02:31:12.526,1.15863,1.15877,1.19,1.00
2014.04.07 02:31:14.637,1.1586,1.15877,3.12,1.00
2014.04.07 02:31:16.442,1.15862,1.15877,1.19,1.00
2014.04.07 02:31:16.544,1.1586,1.15877,2.37,1.00
2014.04.07 02:31:17.549,1.15861,1.15877,1.15,1.00
2014.04.07 02:31:18.778,1.1586,1.15877,2.37,1.00
2014.04.07 02:31:19.124,1.15863,1.1588,1.25,1.19
2014.04.07 02:31:19.794,1.15863,1.1588,1.19,1.19
2014.04.07 02:31:20.806,1.15863,1.1588,1.69,1.00
2014.04.07 02:31:21.826,1.15863,1.1588,1.69,1.25
2014.04.07 02:31:25.814,1.15863,1.1588,3.12,1.00
2014.04.07 02:31:31.334,1.15863,1.1588,2.37,1.25
2014.04.07 02:31:31.964,1.15863,1.1588,2.37,1.19
2014.04.07 02:31:32.943,1.15863,1.1588,1.69,1.25
2014.04.07 02:31:35.354,1.15863,1.1588,1.69,1.25
2014.04.07 02:31:37.993,1.15863,1.1588,2.44,1.00
2014.04.07 02:31:41.445,1.15863,1.1588,1.69,1.25
2014.04.07 02:31:42.435,1.15863,1.1588,1.69,1.00
2014.04.07 02:31:44.417,1.15863,1.1588,1.69,1.62
2014.04.07 02:31:47.123,1.15863,1.1588,1.69,1.93
2014.04.07 02:31:49.436,1.15863,1.1588,1.25,1.87
2014.04.07 02:31:51.446,1.1586,1.15877,1.69,1.43
2014.04.07 02:31:52.959,1.1586,1.15877,1.69,2.18
2014.04.07 02:31:53.060,1.1586,1.15877,1.25,2.37
2014.04.07 02:31:53.161,1.15857,1.15874,2.29,1.00
2014.04.07 02:31:53.464,1.15855,1.1587,1.19,1.68
2014.04.07 02:31:53.565,1.15853,1.1587,1.00,1.93
2014.04.07 02:31:53.868,1.15851,1.15868,1.25,1.62
2014.04.07 02:31:54.070,1.15851,1.15868,1.19,1.62
2014.04.07 02:31:56.285,1.15851,1.15868,1.69,1.43
2014.04.07 02:31:59.626,1.15853,1.1587,1.69,1.62
2014.04.07 02:32:00.265,1.15853,1.1587,1.69,1.62
2014.04.07 02:32:07.623,1.15853,1.1587,1.19,1.93
2014.04.07 02:32:08.518,1.15853,1.1587,1.25,1.87
2014.04.07 02:32:09.896,1.15853,1.1587,1.25,1.87
2014.04.07 02:32:10.199,1.15853,1.1587,1.00,2.37
2014.04.07 02:32:10.401,1.15851,1.15868,1.25,1.87
2014.04.07 02:32:10.922,1.15848,1.15865,1.69,1.43
2014.04.07 02:32:12.027,1.15848,1.15865,1.69,1.68
2014.04.07 02:32:12.079,1.15848,1.15865,1.25,1.87
2014.04.07 02:32:12.281,1.15846,1.15863,1.25,1.62
2014.04.07 02:32:12.432,1.15846,1.15857,1.25,1.68
2014.04.07 02:32:12.483,1.15844,1.15857,1.00,1.68
2014.04.07 02:32:12.685,1.15844,1.15859,1.00,1.68
2014.04.07 02:32:12.786,1.15839,1.15856,1.19,1.00
2014.04.07 02:32:13.324,1.15839,1.15856,1.19,1.68
2014.04.07 02:32:13.651,1.15839,1.15856,1.00,2.37
2014.04.07 02:32:16.108,1.15839,1.15856,1.00,1.87
2014.04.07 02:32:16.410,1.15842,1.15859,1.25,1.19
2014.04.07 02:32:17.039,1.15842,1.15859,1.19,1.25
2014.04.07 02:32:17.577,1.15842,1.15859,1.69,1.00
2014.04.07 02:32:18.294,1.15842,1.15859,1.19,1.25
2014.04.07 02:32:18.798,1.15842,1.15859,1.00,1.87
2014.04.07 02:32:18.950,1.15839,1.15856,1.25,1.87
2014.04.07 02:32:19.651,1.15837,1.15854,1.19,1.93
2014.04.07 02:32:20.168,1.15837,1.15854,1.19,1.25
2014.04.07 02:32:22.503,1.15839,1.15856,1.00,1.69
2014.04.07 02:32:22.554,1.15839,1.15856,1.19,1.25
2014.04.07 02:32:23.324,1.15839,1.15856,1.62,1.00
2014.04.07 02:32:23.694,1.1584,1.15854,1.19,1.00
2014.04.07 02:32:23.745,1.15838,1.15854,1.19,1.68
2014.04.07 02:32:23.846,1.15838,1.15854,1.19,1.68
2014.04.07 02:32:23.947,1.15838,1.15854,1.19,1.68
2014.04.07 02:32:24.149,1.15837,1.15854,1.19,1.68
2014.04.07 02:32:24.764,1.15835,1.15851,1.19,1.68
2014.04.07 02:32:26.255,1.15837,1.15854,1.19,1.93
2014.04.07 02:32:27.153,1.15837,1.15854,1.19,1.93
2014.04.07 02:32:27.203,1.15837,1.15854,1.69,1.68
2014.04.07 02:32:27.506,1.15837,1.15852,1.19,1.05
2014.04.07 02:32:28.116,1.15837,1.15852,1.25,1.24
2014.04.07 02:32:29.543,1.15837,1.15852,1.25,1.24
2014.04.07 02:32:29.695,1.15838,1.15854,1.25,1.93
2014.04.07 02:32:30.152,1.15838,1.15854,1.19,1.68
2014.04.07 02:32:30.203,1.15838,1.15854,1.25,1.93
2014.04.07 02:32:30.355,1.15837,1.15852,1.19,1.05
2014.04.07 02:32:30.510,1.15833,1.15849,1.19,1.68
2014.04.07 02:32:31.345,1.15833,1.15849,1.00,1.87
2014.04.07 02:32:41.092,1.15833,1.15849,1.00,1.87
2014.04.07 02:32:43.402,1.15833,1.15849,1.25,1.93
2014.04.07 02:32:44.176,1.15833,1.15849,1.25,1.62
2014.04.07 02:32:44.277,1.15835,1.15849,1.00,1.15
2014.04.07 02:32:44.785,1.15835,1.15852,1.19,1.93
2014.04.07 02:32:45.272,1.15835,1.15852,1.19,1.93
2014.04.07 02:32:45.777,1.15835,1.15852,1.00,1.87
2014.04.07 02:32:47.149,1.15835,1.15852,1.00,2.74
2014.04.07 02:32:47.250,1.15833,1.15849,1.25,1.93
2014.04.07 02:32:48.334,1.15833,1.15842,1.00,1.00
2014.04.07 02:32:49.368,1.15833,1.15845,1.25,1.68
2014.04.07 02:32:56.259,1.15833,1.15845,1.19,1.68
2014.04.07 02:32:58.722,1.15833,1.15845,1.19,1.43
2014.04.07 02:33:01.247,1.15833,1.15845,1.25,1.43
2014.04.07 02:33:05.598,1.15833,1.15845,1.19,1.43
2014.04.07 02:33:06.672,1.15833,1.15845,1.25,1.43
2014.04.07 02:33:06.973,1.15833,1.15845,1.19,1.43
2014.04.07 02:33:10.001,1.15833,1.15845,1.19,1.00
2014.04.07 02:33:13.454,1.15833,1.15847,1.19,1.00
2014.04.07 02:33:14.643,1.15833,1.15847,1.19,1.00
2014.04.07 02:33:15.682,1.15833,1.15847,1.19,1.00
2014.04.07 02:33:18.283,1.15833,1.15847,1.25,1.43
2014.04.07 02:33:18.384,1.15833,1.15845,1.25,1.00
2014.04.07 02:33:29.297,1.15833,1.15845,1.19,1.00
2014.04.07 02:33:31.735,1.15831,1.15845,1.19,1.00
2014.04.07 02:33:33.698,1.15831,1.15845,1.19,1.00
2014.04.07 02:33:33.800,1.15829,1.15845,1.19,1.00
2014.04.07 02:33:33.952,1.15829,1.15845,1.19,1.68
2014.04.07 02:33:34.153,1.15826,1.15842,1.19,1.68
2014.04.07 02:33:34.783,1.15826,1.15842,1.19,1.43
2014.04.07 02:33:35.792,1.15827,1.15844,1.19,1.43
2014.04.07 02:33:36.145,1.15828,1.15844,2.29,1.00
2014.04.07 02:33:36.735,1.1583,1.15847,1.19,1.68
2014.04.07 02:33:36.786,1.15833,1.15847,1.25,1.00
2014.04.07 02:33:37.089,1.15836,1.15849,1.19,1.00
2014.04.07 02:33:40.294,1.15834,1.15849,1.19,1.00
2014.04.07 02:33:40.496,1.15834,1.15851,1.69,1.43
2014.04.07 02:33:41.059,1.15836,1.15851,1.19,1.43
2014.04.07 02:33:48.083,1.15836,1.15851,1.19,1.43
2014.04.07 02:33:54.634,1.15838,1.15851,1.19,1.43
2014.04.07 02:33:57.180,1.15837,1.15851,1.19,1.43
2014.04.07 02:34:02.166,1.15836,1.15851,1.19,1.43
2014.04.07 02:34:03.172,1.15837,1.15851,1.19,1.43
2014.04.07 02:34:03.342,1.15837,1.15851,1.19,1.68
2014.04.07 02:34:04.014,1.15835,1.15849,1.19,1.43
2014.04.07 02:34:05.891,1.15835,1.15849,1.19,1.43
2014.04.07 02:34:06.705,1.15835,1.15849,1.19,1.43
2014.04.07 02:34:12.721,1.15835,1.15849,1.19,1.43
2014.04.07 02:34:15.264,1.15836,1.15851,1.19,1.43
2014.04.07 02:34:20.390,1.15838,1.15851,1.19,1.43
2014.04.07 02:34:28.420,1.15838,1.15851,1.19,1.43
2014.04.07 02:34:32.721,1.15839,1.15854,1.19,1.68
2014.04.07 02:34:34.447,1.15839,1.15854,1.19,1.00
2014.04.07 02:34:34.550,1.15841,1.15854,1.19,1.00
2014.04.07 02:34:34.601,1.15841,1.15856,1.19,1.43
2014.04.07 02:34:35.387,1.15842,1.15856,1.19,1.43
2014.04.07 02:34:36.395,1.15843,1.15856,1.19,1.43
2014.04.07 02:34:36.497,1.15844,1.15858,1.19,1.00
2014.04.07 02:34:36.800,1.15847,1.15858,1.19,1.00
2014.04.07 02:34:39.142,1.15844,1.15858,1.19,1.43
2014.04.07 02:34:39.294,1.15843,1.15858,1.19,1.68
2014.04.07 02:34:39.345,1.15841,1.15858,2.07,1.68
2014.04.07 02:34:40.646,1.15841,1.15856,1.19,1.68
2014.04.07 02:34:40.747,1.15839,1.15856,2.29,1.68
2014.04.07 02:34:41.259,1.15839,1.15856,1.69,1.68
2014.04.07 02:34:41.821,1.15839,1.15856,1.19,1.68
2014.04.07 02:34:42.200,1.15839,1.15856,1.19,1.43
2014.04.07 02:34:42.554,1.15843,1.15856,1.19,1.43
2014.04.07 02:34:43.533,1.15844,1.15856,1.19,1.00
2014.04.07 02:34:43.876,1.15842,1.15856,1.19,1.43
2014.04.07 02:34:43.978,1.15844,1.15856,1.19,1.00
2014.04.07 02:34:44.660,1.15843,1.15856,1.19,1.43
2014.04.07 02:34:45.670,1.15843,1.15856,1.19,1.43
2014.04.07 02:34:48.671,1.15843,1.15856,1.19,1.00
2014.04.07 02:34:49.674,1.15843,1.15856,1.19,1.00
2014.04.07 02:34:50.021,1.15843,1.15858,1.19,1.43
2014.04.07 02:34:50.681,1.15843,1.15858,1.19,1.43
2014.04.07 02:34:52.536,1.15845,1.15858,1.19,1.00
2014.04.07 02:34:57.516,1.15845,1.15858,1.19,1.43
2014.04.07 02:35:00.540,1.15845,1.15858,1.19,1.43
2014.04.07 02:35:04.190,1.15844,1.15858,1.19,1.68
2014.04.07 02:35:04.352,1.15841,1.15858,1.69,1.68
2014.04.07 02:35:04.989,1.15841,1.15856,1.19,1.68
2014.04.07 02:35:05.292,1.15839,1.15856,1.69,2.18
2014.04.07 02:35:05.393,1.15839,1.15854,1.19,1.68
2014.04.07 02:35:05.671,1.15838,1.15853,1.69,1.43
2014.04.07 02:35:06.182,1.15838,1.1585,1.19,1.43
2014.04.07 02:35:06.763,1.15837,1.1585,1.19,1.43
2014.04.07 02:35:09.839,1.15836,1.1585,1.19,1.68
2014.04.07 02:35:10.394,1.15836,1.1585,1.19,1.68
2014.04.07 02:35:11.202,1.15837,1.1585,1.19,1.68
2014.04.07 02:35:12.122,1.15836,1.1585,1.19,1.68
2014.04.07 02:35:13.551,1.15836,1.1585,1.19,1.68
2014.04.07 02:35:14.075,1.15834,1.15847,1.19,1.43
2014.04.07 02:35:14.706,1.15833,1.15847,1.69,1.00
2014.04.07 02:35:17.957,1.15834,1.15845,1.19,1.00
2014.04.07 02:35:18.313,1.15834,1.15841,1.19,1.00
2014.04.07 02:35:18.363,1.15829,1.15841,1.19,1.00
2014.04.07 02:35:18.515,1.15827,1.15838,1.19,1.00
2014.04.07 02:35:18.565,1.15826,1.15838,1.19,1.00
2014.04.07 02:35:18.616,1.15826,1.15835,1.19,1.00
2014.04.07 02:35:19.171,1.15825,1.15835,1.19,1.00
2014.04.07 02:35:21.010,1.15823,1.15835,1.19,1.00
2014.04.07 02:35:23.995,1.15823,1.15835,1.69,1.00
2014.04.07 02:35:29.001,1.15823,1.15835,1.19,1.00
2014.04.07 02:35:30.632,1.15824,1.15835,1.19,1.00
2014.04.07 02:35:30.733,1.15824,1.15838,1.19,1.00
2014.04.07 02:35:31.395,1.15825,1.15838,1.19,1.00
2014.04.07 02:35:32.036,1.15825,1.15838,1.19,1.00
2014.04.07 02:35:34.045,1.15825,1.15838,1.19,1.00
2014.04.07 02:35:36.051,1.15825,1.15838,1.19,1.00
2014.04.07 02:35:37.055,1.15825,1.15838,1.19,1.00
2014.04.07 02:35:40.069,1.15825,1.15838,1.19,1.00
2014.04.07 02:35:40.171,1.15824,1.15838,1.54,1.43
2014.04.07 02:35:40.687,1.15822,1.15836,1.19,1.43
2014.04.07 02:35:40.990,1.15818,1.15831,2.29,1.00
2014.04.07 02:35:49.165,1.15816,1.15831,1.19,1.00
2014.04.07 02:35:49.679,1.15815,1.15831,1.19,1.00
2014.04.07 02:35:50.234,1.15816,1.15831,1.19,1.00
2014.04.07 02:35:50.939,1.15817,1.15831,1.19,1.00
2014.04.07 02:35:57.151,1.15818,1.15834,1.19,1.68
2014.04.07 02:35:58.930,1.15818,1.15834,2.29,1.00
2014.04.07 02:36:00.074,1.15818,1.15834,2.29,1.43
2014.04.07 02:36:00.580,1.1582,1.15834,1.69,1.00
2014.04.07 02:36:01.155,1.15819,1.15834,1.19,1.00
2014.04.07 02:36:03.018,1.15817,1.15834,1.92,1.00
2014.04.07 02:36:03.850,1.15817,1.15834,1.92,1.68
2014.04.07 02:36:05.736,1.15817,1.15834,2.67,1.00
2014.04.07 02:36:09.300,1.1582,1.15834,1.00,1.00
2014.04.07 02:36:09.401,1.1582,1.15836,1.62,1.00
2014.04.07 02:36:09.452,1.1582,1.15836,2.37,1.00
2014.04.07 02:36:11.103,1.1582,1.15836,1.69,1.00
2014.04.07 02:36:12.175,1.1582,1.15836,1.19,1.00
2014.04.07 02:36:13.366,1.1582,1.15836,1.69,1.00
2014.04.07 02:36:17.591,1.1582,1.15836,1.19,1.00
2014.04.07 02:36:17.904,1.15819,1.15834,1.19,1.00
2014.04.07 02:36:18.631,1.15818,1.15834,1.54,1.00
2014.04.07 02:36:19.819,1.15818,1.15832,1.19,1.68
2014.04.07 02:36:19.920,1.15817,1.15832,1.05,1.00
2014.04.07 02:36:19.971,1.15817,1.15829,1.05,1.00
2014.04.07 02:36:20.077,1.15817,1.15832,1.19,1.00
2014.04.07 02:36:20.707,1.15816,1.15832,1.19,1.00
2014.04.07 02:36:23.338,1.15817,1.15832,1.19,1.00
2014.04.07 02:36:27.060,1.15816,1.15832,1.19,1.43
2014.04.07 02:36:27.111,1.15816,1.15832,1.19,1.68
2014.04.07 02:36:27.482,1.15815,1.15832,1.19,1.93
2014.04.07 02:36:27.534,1.15815,1.15832,1.19,1.62
2014.04.07 02:36:27.887,1.15816,1.15832,1.19,1.43
2014.04.07 02:36:28.628,1.15817,1.15832,1.19,1.00
2014.04.07 02:36:29.065,1.15817,1.15834,2.37,1.00
2014.04.07 02:36:30.192,1.15819,1.15834,1.19,1.00
2014.04.07 02:36:34.735,1.15818,1.15834,1.19,1.00
2014.04.07 02:36:35.942,1.15818,1.15834,1.19,1.00
2014.04.07 02:36:38.153,1.15818,1.15834,1.69,1.00
2014.04.07 02:36:40.231,1.15823,1.15834,1.00,1.00
2014.04.07 02:36:40.458,1.15818,1.15834,1.19,1.00
2014.04.07 02:36:40.975,1.15818,1.15834,1.19,1.00
2014.04.07 02:36:41.971,1.15819,1.15834,1.19,1.00
2014.04.07 02:36:42.979,1.15819,1.15834,1.19,1.00
2014.04.07 02:36:43.531,1.15823,1.15834,1.00,1.00
2014.04.07 02:36:47.824,1.15818,1.15834,1.19,1.00
2014.04.07 02:36:47.983,1.15818,1.15834,1.19,1.68
2014.04.07 02:36:48.134,1.15815,1.15832,1.69,1.50
2014.04.07 02:36:48.185,1.15815,1.1583,1.19,1.00
2014.04.07 02:36:49.239,1.15816,1.1583,1.19,1.00
2014.04.07 02:36:53.774,1.15817,1.1583,1.19,1.00
2014.04.07 02:36:57.772,1.15817,1.1583,1.19,1.00
2014.04.07 02:36:58.171,1.15816,1.15828,1.19,1.00
2014.04.07 02:36:58.683,1.15814,1.15828,1.19,1.00
2014.04.07 02:36:59.341,1.15812,1.15828,1.19,1.00
2014.04.07 02:37:00.765,1.15811,1.15828,1.69,1.00
2014.04.07 02:37:03.228,1.15812,1.15828,1.19,1.00
2014.04.07 02:37:04.835,1.15813,1.15828,1.19,1.00
2014.04.07 02:37:06.271,1.15815,1.15828,1.19,1.00
2014.04.07 02:37:08.289,1.15815,1.15828,1.19,1.00
2014.04.07 02:37:09.288,1.15815,1.15828,1.19,1.00
2014.04.07 02:37:10.599,1.15818,1.15828,1.00,1.00
2014.04.07 02:37:10.979,1.15811,1.15827,1.69,1.00
2014.04.07 02:37:11.181,1.15813,1.15824,1.19,1.00
2014.04.07 02:37:11.282,1.15813,1.15828,1.19,1.00
2014.04.07 02:37:11.869,1.15813,1.15828,1.69,1.00
2014.04.07 02:37:12.427,1.15814,1.15828,1.19,1.00
2014.04.07 02:37:16.633,1.15815,1.15828,1.62,1.00
2014.04.07 02:37:16.785,1.15815,1.1583,1.62,1.00
2014.04.07 02:37:16.936,1.15816,1.1583,1.19,1.00
2014.04.07 02:37:22.867,1.15816,1.1583,1.19,1.00
2014.04.07 02:37:25.893,1.15817,1.1583,1.19,1.00
2014.04.07 02:37:30.915,1.15818,1.1583,1.19,1.00
2014.04.07 02:37:33.047,1.15815,1.1583,1.62,1.00
2014.04.07 02:37:34.434,1.15816,1.1583,1.19,1.00
2014.04.07 02:37:35.039,1.15814,1.1583,1.87,1.00
2014.04.07 02:37:35.241,1.15816,1.15828,1.19,1.00
2014.04.07 02:37:35.342,1.15816,1.1583,1.19,1.00
2014.04.07 02:37:36.348,1.15817,1.1583,1.19,1.00
2014.04.07 02:37:37.413,1.15817,1.1583,1.19,1.00
2014.04.07 02:37:39.394,1.15817,1.1583,1.19,1.00
2014.04.07 02:37:41.405,1.15817,1.1583,1.19,1.00
2014.04.07 02:37:41.935,1.15817,1.15828,1.19,1.00
2014.04.07 02:37:42.315,1.15815,1.15828,1.19,1.00
2014.04.07 02:37:43.326,1.15815,1.15828,1.19,1.00
2014.04.07 02:37:44.339,1.15817,1.15828,1.15,1.00
2014.04.07 02:37:44.905,1.15816,1.15828,1.87,1.00
2014.04.07 02:37:49.182,1.15815,1.15828,2.37,1.00
2014.04.07 02:37:49.399,1.15815,1.15828,2.37,1.00
2014.04.07 02:37:49.551,1.15819,1.1583,1.15,1.00
2014.04.07 02:37:49.915,1.15815,1.1583,1.19,1.00
2014.04.07 02:37:50.017,1.15814,1.15828,1.19,1.00
2014.04.07 02:37:50.118,1.15812,1.15828,2.37,1.00
2014.04.07 02:37:50.740,1.15812,1.15826,1.19,1.00
2014.04.07 02:37:51.306,1.15811,1.15826,1.62,1.00
2014.04.07 02:37:52.827,1.15811,1.15826,1.62,1.00
2014.04.07 02:37:54.915,1.15811,1.15826,1.62,1.00
2014.04.07 02:37:56.921,1.15812,1.15826,1.19,1.00
2014.04.07 02:37:57.469,1.1581,1.15826,1.19,1.00
2014.04.07 02:37:57.974,1.15809,1.15826,1.69,1.00
2014.04.07 02:37:58.251,1.15809,1.15826,1.19,1.68
2014.04.07 02:37:58.453,1.15807,1.15824,1.25,1.68
2014.04.07 02:38:01.000,1.15807,1.15824,1.19,1.93
2014.04.07 02:38:02.315,1.15807,1.15824,1.25,1.93
2014.04.07 02:38:08.211,1.15807,1.15824,1.19,1.93
2014.04.07 02:38:11.814,1.15807,1.15824,1.19,1.68
2014.04.07 02:38:12.820,1.15807,1.15824,1.19,1.93
2014.04.07 02:38:14.053,1.15807,1.15824,1.19,1.25
2014.04.07 02:38:14.857,1.15807,1.15824,1.19,1.43
2014.04.07 02:38:16.868,1.15807,1.15824,1.69,1.00
2014.04.07 02:38:19.018,1.15805,1.15822,1.00,1.68
2014.04.07 02:38:20.492,1.15805,1.15822,1.19,1.68
2014.04.07 02:38:22.888,1.15805,1.15822,1.19,1.00
2014.04.07 02:38:23.503,1.15805,1.15822,1.19,1.00
2014.04.07 02:38:29.250,1.15805,1.15822,1.19,1.00
2014.04.07 02:38:34.610,1.15805,1.15822,1.19,1.00
2014.04.07 02:38:35.128,1.15805,1.15822,1.69,1.00
2014.04.07 02:38:38.992,1.15807,1.15822,1.19,1.00
2014.04.07 02:38:39.998,1.15806,1.15822,1.19,1.00
2014.04.07 02:38:40.412,1.15805,1.15822,1.25,1.00
2014.04.07 02:38:40.463,1.15803,1.1582,3.12,1.43
2014.04.07 02:38:40.513,1.15803,1.1582,1.62,4.13
2014.04.07 02:38:40.615,1.15803,1.15814,1.15,1.00
2014.04.07 02:38:40.718,1.15799,1.15814,1.19,1.00
2014.04.07 02:38:40.819,1.15797,1.1581,1.19,1.00
2014.04.07 02:38:40.920,1.15795,1.1581,1.19,1.00
2014.04.07 02:38:46.049,1.15796,1.1581,1.19,1.00
2014.04.07 02:38:47.155,1.15795,1.1581,1.19,1.00
2014.04.07 02:38:48.365,1.15795,1.1581,1.19,1.00
2014.04.07 02:38:49.271,1.15795,1.1581,1.19,1.00
2014.04.07 02:38:50.177,1.15797,1.1581,1.19,1.00
2014.04.07 02:38:50.777,1.15796,1.1581,1.19,1.00
2014.04.07 02:38:50.918,1.15796,1.15807,1.19,1.00
2014.04.07 02:38:51.019,1.15792,1.15807,1.19,1.00
2014.04.07 02:38:52.790,1.1579,1.15807,1.69,1.43
2014.04.07 02:38:53.794,1.1579,1.15807,1.69,1.00
2014.04.07 02:38:54.567,1.15791,1.15807,1.19,1.00
2014.04.07 02:38:55.255,1.15791,1.15807,1.19,1.00
2014.04.07 02:38:56.273,1.15791,1.15807,1.19,1.00
2014.04.07 02:38:58.583,1.1579,1.15807,1.69,1.00
2014.04.07 02:39:00.158,1.15791,1.15807,1.19,1.00
2014.04.07 02:39:01.163,1.15792,1.15807,1.19,1.00
2014.04.07 02:39:03.574,1.15791,1.15807,1.19,1.00
2014.04.07 02:39:04.586,1.15792,1.15807,1.19,1.00
2014.04.07 02:39:05.090,1.1579,1.15807,1.69,1.43
2014.04.07 02:39:05.684,1.1579,1.15807,1.69,1.43
2014.04.07 02:39:05.869,1.1579,1.15805,1.19,1.00
2014.04.07 02:39:06.023,1.15788,1.15805,1.69,1.00
2014.04.07 02:39:07.239,1.15788,1.15805,1.69,1.00
2014.04.07 02:39:11.234,1.15788,1.15805,1.19,1.00
2014.04.07 02:39:12.237,1.15788,1.15805,1.19,1.00
2014.04.07 02:39:13.764,1.15788,1.15805,1.69,1.00
2014.04.07 02:39:14.378,1.1579,1.15807,1.19,1.68
2014.04.07 02:39:15.256,1.1579,1.15807,1.19,1.68
2014.04.07 02:39:16.696,1.15788,1.15805,1.69,1.00
2014.04.07 02:39:19.903,1.15789,1.15805,1.19,1.00
2014.04.07 02:39:21.742,1.15789,1.15805,1.19,1.00
2014.04.07 02:39:23.746,1.1579,1.15805,1.19,1.00
2014.04.07 02:39:25.776,1.1579,1.15805,1.19,1.00
2014.04.07 02:39:26.750,1.1579,1.15805,1.19,1.00
2014.04.07 02:39:33.138,1.15788,1.15805,1.69,1.00
2014.04.07 02:39:37.764,1.15789,1.15805,1.19,1.00
2014.04.07 02:39:40.375,1.15788,1.15805,1.62,1.00
2014.04.07 02:39:41.426,1.15788,1.15805,1.69,1.00
2014.04.07 02:39:42.586,1.15788,1.15805,1.19,1.00
2014.04.07 02:39:44.926,1.15788,1.15805,1.25,1.25
2014.04.07 02:39:45.831,1.15788,1.15805,1.25,1.19
2014.04.07 02:39:46.834,1.15788,1.15805,1.25,1.62
2014.04.07 02:39:47.771,1.15788,1.15805,1.19,1.62
2014.04.07 02:39:48.844,1.15788,1.15805,1.25,1.62
2014.04.07 02:39:50.853,1.15788,1.15805,1.00,1.62
2014.04.07 02:39:51.858,1.15788,1.15805,1.19,1.62
2014.04.07 02:39:52.861,1.15788,1.15805,1.19,1.62
2014.04.07 02:39:54.016,1.15788,1.15805,1.25,1.62
2014.04.07 02:39:54.067,1.15785,1.15802,2.97,1.00
2014.04.07 02:39:54.654,1.15785,1.15802,1.79,1.43
2014.04.07 02:39:55.314,1.15785,1.15802,1.85,1.62
2014.04.07 02:39:58.036,1.15785,1.15802,1.85,1.93
2014.04.07 02:39:58.546,1.15785,1.15802,1.85,1.62
2014.04.07 02:39:59.215,1.15785,1.15802,1.85,1.62
2014.04.07 02:40:00.220,1.15785,1.15802,1.85,1.62
2014.04.07 02:40:01.325,1.15785,1.15802,1.60,1.62
2014.04.07 02:40:04.556,1.15786,1.15802,1.05,1.62
2014.04.07 02:40:07.577,1.15785,1.15802,1.79,1.62
2014.04.07 02:40:08.186,1.15785,1.15802,2.29,1.68
2014.04.07 02:40:09.462,1.15786,1.15802,1.05,1.93
2014.04.07 02:40:12.435,1.15783,1.15799,1.69,2.78
2014.04.07 02:40:12.738,1.15781,1.15796,1.19,1.68
2014.04.07 02:40:12.839,1.15779,1.15793,1.19,1.00
2014.04.07 02:40:12.940,1.15777,1.15793,2.29,1.00
2014.04.07 02:40:12.991,1.15778,1.15795,1.19,1.25
2014.04.07 02:40:13.418,1.15778,1.15795,1.69,1.00
2014.04.07 02:40:13.777,1.15778,1.15793,1.19,1.00
2014.04.07 02:40:14.257,1.1578,1.15793,1.19,1.00
2014.04.07 02:40:14.307,1.1578,1.15796,1.19,1.00
2014.04.07 02:40:15.219,1.15781,1.15796,1.19,1.00
2014.04.07 02:40:18.339,1.15782,1.15796,1.19,1.00
2014.04.07 02:40:19.447,1.15781,1.15796,1.19,1.00
2014.04.07 02:40:19.838,1.15781,1.15793,1.19,1.00
2014.04.07 02:40:19.991,1.15779,1.15791,1.19,1.00
2014.04.07 02:40:20.142,1.15777,1.15789,1.19,1.00
2014.04.07 02:40:20.254,1.15777,1.15789,1.15,1.00
2014.04.07 02:40:23.447,1.15774,1.15786,2.29,1.00
2014.04.07 02:40:24.031,1.15773,1.15786,1.79,1.00
2014.04.07 02:40:27.628,1.15775,1.15786,1.05,1.00
2014.04.07 02:40:29.843,1.15775,1.1579,1.47,1.00
2014.04.07 02:40:30.045,1.15776,1.15787,1.25,1.00
2014.04.07 02:40:30.146,1.15775,1.1579,1.84,1.00
2014.04.07 02:40:30.247,1.15775,1.1579,2.59,1.00
2014.04.07 02:40:30.768,1.15775,1.1579,1.49,1.00
2014.04.07 02:40:31.293,1.15776,1.1579,1.19,1.00
2014.04.07 02:40:32.004,1.15776,1.1579,2.07,1.00
2014.04.07 02:40:32.614,1.15777,1.1579,1.19,1.00
2014.04.07 02:40:33.289,1.15777,1.1579,1.19,1.68
2014.04.07 02:40:33.490,1.15775,1.1579,1.49,1.00
2014.04.07 02:40:33.592,1.15775,1.15788,1.49,1.00
2014.04.07 02:40:34.007,1.15775,1.1579,1.49,1.00
2014.04.07 02:40:34.209,1.15775,1.15788,1.49,1.00
2014.04.07 02:40:35.008,1.15775,1.15788,1.49,1.00
2014.04.07 02:40:37.626,1.15775,1.15788,1.17,1.00
2014.04.07 02:40:37.946,1.15775,1.15785,1.05,1.00
2014.04.07 02:40:42.805,1.15775,1.15789,1.05,1.00
2014.04.07 02:40:43.947,1.15773,1.15789,3.04,1.00
2014.04.07 02:40:44.969,1.15773,1.15789,3.04,1.68
2014.04.07 02:40:45.322,1.1577,1.15786,1.54,1.68
2014.04.07 02:40:45.836,1.15769,1.15783,1.79,1.00
2014.04.07 02:40:46.381,1.15768,1.15783,2.67,1.43
2014.04.07 02:40:46.989,1.15768,1.15781,2.67,1.00
2014.04.07 02:40:47.798,1.15764,1.15781,2.97,1.00
2014.04.07 02:40:47.849,1.15764,1.15779,2.22,1.00
2014.04.07 02:40:47.900,1.15764,1.15779,1.47,1.00
2014.04.07 02:40:49.175,1.15763,1.15776,3.34,1.00
2014.04.07 02:40:51.827,1.15763,1.15776,1.75,1.00
2014.04.07 02:40:55.667,1.15763,1.15778,3.30,1.00
2014.04.07 02:40:55.818,1.15768,1.15778,1.00,1.00
2014.04.07 02:40:55.919,1.15768,1.15781,1.43,1.19
2014.04.07 02:40:56.547,1.15768,1.15781,1.43,1.00
2014.04.07 02:40:59.736,1.15768,1.15783,1.43,1.25
2014.04.07 02:41:00.585,1.15768,1.15783,1.68,1.25
2014.04.07 02:41:01.134,1.15768,1.15785,2.37,1.19
2014.04.07 02:41:01.438,1.15773,1.15787,1.00,1.19
2014.04.07 02:41:02.224,1.15773,1.15787,1.00,1.19
2014.04.07 02:41:07.275,1.15773,1.15787,1.00,1.69
2014.04.07 02:41:07.586,1.1577,1.15785,1.00,1.15
2014.04.07 02:41:08.119,1.15769,1.15785,1.05,1.62
2014.04.07 02:41:09.284,1.15768,1.15785,2.29,1.62
2014.04.07 02:41:10.301,1.15768,1.15785,2.29,1.62
2014.04.07 02:41:13.606,1.15768,1.15785,4.32,1.43
2014.04.07 02:41:14.139,1.15769,1.15785,1.54,1.00
2014.04.07 02:41:14.501,1.1577,1.15785,1.19,1.00
2014.04.07 02:41:15.306,1.15769,1.15785,1.54,1.00
2014.04.07 02:41:20.425,1.15769,1.15781,1.19,1.00
2014.04.07 02:41:20.476,1.15766,1.15781,1.19,1.00
2014.04.07 02:41:20.526,1.15766,1.15778,1.19,1.00
2014.04.07 02:41:21.030,1.15767,1.15778,1.19,1.00
2014.04.07 02:41:21.081,1.15768,1.15785,1.19,1.62
2014.04.07 02:41:23.341,1.15768,1.15785,1.69,1.43
2014.04.07 02:41:25.265,1.15768,1.15785,1.69,1.68
2014.04.07 02:41:25.803,1.15768,1.15785,1.19,1.93
2014.04.07 02:41:26.692,1.1577,1.15787,1.00,2.37
2014.04.07 02:41:31.798,1.1577,1.15787,1.19,1.87
2014.04.07 02:41:33.404,1.15768,1.15782,1.19,1.00
2014.04.07 02:41:33.556,1.15763,1.15779,2.37,1.00
2014.04.07 02:41:33.657,1.15765,1.15781,1.19,1.00
2014.04.07 02:41:33.758,1.15764,1.15781,1.19,1.25
2014.04.07 02:41:34.413,1.15764,1.15781,1.19,1.19
2014.04.07 02:41:35.435,1.15764,1.15781,1.19,1.25
2014.04.07 02:41:40.538,1.15763,1.15778,1.19,1.00
2014.04.07 02:41:41.081,1.15761,1.15778,2.82,1.00
2014.04.07 02:41:41.787,1.15761,1.15778,1.19,1.62
2014.04.07 02:41:42.790,1.15761,1.15778,1.19,1.62
2014.04.07 02:41:44.797,1.15761,1.15778,1.25,1.62
2014.04.07 02:41:48.054,1.15763,1.15778,1.00,1.62
2014.04.07 02:41:49.820,1.15763,1.15778,1.00,1.62
2014.04.07 02:41:50.827,1.15763,1.15778,1.00,1.62
2014.04.07 02:41:52.056,1.15763,1.15778,1.00,1.62
2014.04.07 02:41:58.387,1.15763,1.15778,1.19,1.43
2014.04.07 02:41:58.985,1.15761,1.15777,1.69,1.00
2014.04.07 02:41:59.300,1.15759,1.15775,1.19,1.68
2014.04.07 02:41:59.816,1.1576,1.15777,1.19,1.69
2014.04.07 02:42:00.028,1.15759,1.15775,1.69,1.00
2014.04.07 02:42:00.134,1.1576,1.15777,1.69,1.00
2014.04.07 02:42:00.591,1.15766,1.15781,1.00,1.87
2014.04.07 02:42:00.642,1.15766,1.1578,1.00,1.15
2014.04.07 02:42:00.692,1.15763,1.15779,1.19,1.68
2014.04.07 02:42:01.364,1.15762,1.15778,1.25,1.15
2014.04.07 02:42:02.040,1.15762,1.15779,1.25,1.87
2014.04.07 02:42:02.748,1.15762,1.15779,1.25,1.87
2014.04.07 02:42:04.132,1.15762,1.15779,1.25,1.87
2014.04.07 02:42:04.727,1.15762,1.15779,1.19,1.93
2014.04.07 02:42:05.391,1.15762,1.15779,1.25,1.87
2014.04.07 02:42:05.445,1.15762,1.15779,1.62,1.19
2014.04.07 02:42:05.917,1.15763,1.15779,1.25,1.68
2014.04.07 02:42:09.733,1.15763,1.15779,1.00,1.87
2014.04.07 02:42:11.763,1.15763,1.15779,1.25,1.62
2014.04.07 02:42:11.949,1.15763,1.15779,1.19,1.93
2014.04.07 02:42:12.252,1.15759,1.15776,1.69,1.68
2014.04.07 02:42:12.803,1.15758,1.15774,1.69,1.68
2014.04.07 02:42:13.525,1.15758,1.15774,1.19,1.68
2014.04.07 02:42:13.970,1.15758,1.15774,1.19,2.18
2014.04.07 02:42:14.283,1.15757,1.15772,1.19,1.68
2014.04.07 02:42:14.334,1.15756,1.15772,1.19,2.18
2014.04.07 02:42:14.848,1.15755,1.15772,1.19,2.18
2014.04.07 02:42:16.038,1.15755,1.15772,1.69,2.18
2014.04.07 02:42:17.192,1.15755,1.15772,1.19,1.68
2014.04.07 02:42:20.561,1.15755,1.15772,1.19,1.93
2014.04.07 02:42:23.264,1.15758,1.15772,1.00,1.68
2014.04.07 02:42:23.594,1.15755,1.15772,1.25,1.87
2014.04.07 02:42:24.135,1.15758,1.15772,1.00,1.87
2014.04.07 02:42:24.391,1.15755,1.15772,1.25,1.87
2014.04.07 02:42:25.277,1.15755,1.15772,1.25,1.87
2014.04.07 02:42:25.328,1.15755,1.15772,1.19,1.68
2014.04.07 02:42:25.631,1.15755,1.15772,1.25,1.87
2014.04.07 02:42:26.496,1.15753,1.15769,1.19,1.68
2014.04.07 02:42:27.046,1.15753,1.15769,1.19,1.68
2014.04.07 02:42:27.554,1.15753,1.15769,1.25,1.93
2014.04.07 02:42:29.903,1.15752,1.15769,1.25,1.87
2014.04.07 02:42:32.975,1.15753,1.15769,1.00,2.37
2014.04.07 02:42:37.594,1.15753,1.15767,1.00,1.93
2014.04.07 02:42:37.746,1.15749,1.15763,1.19,1.68
2014.04.07 02:42:37.797,1.15749,1.15766,1.25,2.37
2014.04.07 02:42:38.398,1.15749,1.15766,1.19,2.37
2014.04.07 02:42:40.809,1.15749,1.15766,1.19,2.37
2014.04.07 02:42:41.369,1.15749,1.15763,1.00,1.80
2014.04.07 02:42:41.470,1.15749,1.15763,1.00,1.80
2014.04.07 02:42:41.571,1.15749,1.15764,1.00,1.15
2014.04.07 02:42:41.956,1.15749,1.15764,1.00,1.87
2014.04.07 02:42:42.006,1.15746,1.15763,1.25,1.62
2014.04.07 02:42:42.057,1.15746,1.15763,1.00,2.37
2014.04.07 02:42:42.656,1.15745,1.15762,1.25,1.87
2014.04.07 02:42:42.908,1.15743,1.15759,1.25,1.62
2014.04.07 02:42:43.220,1.15743,1.15759,1.25,1.93
2014.04.07 02:42:43.322,1.15743,1.15759,1.25,1.62
2014.04.07 02:42:43.574,1.15743,1.15759,1.00,1.87
2014.04.07 02:42:44.089,1.15743,1.1576,1.00,2.37
2014.04.07 02:42:44.403,1.15743,1.15756,1.25,1.00
2014.04.07 02:42:44.504,1.15739,1.15756,1.00,1.68
2014.04.07 02:42:44.554,1.15738,1.1575,1.25,1.00
2014.04.07 02:42:44.756,1.15733,1.1575,1.69,1.93
2014.04.07 02:42:45.261,1.15733,1.15748,1.25,1.43
2014.04.07 02:42:45.412,1.15733,1.15748,1.25,1.68
2014.04.07 02:42:49.043,1.15733,1.15748,1.00,1.62
2014.04.07 02:42:49.621,1.15733,1.1575,1.69,1.87
2014.04.07 02:42:50.713,1.15733,1.1575,1.69,1.87
2014.04.07 02:42:51.594,1.15733,1.15749,1.69,1.15
2014.04.07 02:42:52.421,1.15733,1.15749,1.69,1.15
2014.04.07 02:42:53.427,1.15733,1.15749,1.69,1.15
2014.04.07 02:42:57.591,1.15733,1.1575,1.19,1.62
2014.04.07 02:42:58.647,1.15733,1.1575,1.69,1.93
2014.04.07 02:42:59.191,1.15733,1.1575,1.50,2.37
2014.04.07 02:43:01.203,1.15733,1.1575,1.50,2.37
2014.04.07 02:43:02.215,1.15733,1.1575,1.50,1.69
2014.04.07 02:43:05.140,1.15733,1.1575,1.69,1.19
2014.04.07 02:43:05.241,1.15736,1.15753,1.00,2.37
2014.04.07 02:43:05.544,1.1574,1.15757,1.00,1.69
2014.04.07 02:43:05.846,1.15743,1.15759,1.00,1.87
2014.04.07 02:43:07.233,1.15743,1.1576,1.00,2.37
2014.04.07 02:43:08.847,1.15743,1.1576,1.69,1.62
2014.04.07 02:43:08.949,1.15748,1.15763,1.00,2.37
2014.04.07 02:43:09.050,1.15748,1.15765,1.69,1.19
2014.04.07 02:43:09.202,1.1575,1.15767,1.00,1.19
2014.04.07 02:43:09.252,1.1575,1.15767,1.62,1.25
2014.04.07 02:43:09.303,1.15753,1.15769,1.00,1.19
2014.04.07 02:43:09.692,1.15753,1.1577,1.00,1.43
2014.04.07 02:43:10.252,1.15753,1.1577,1.19,1.62
2014.04.07 02:43:11.721,1.15755,1.1577,1.00,1.15
2014.04.07 02:43:12.490,1.15755,1.1577,1.00,1.62
2014.04.07 02:43:13.120,1.15753,1.1577,1.00,2.37
2014.04.07 02:43:13.648,1.15753,1.15769,1.25,1.15
2014.04.07 02:43:14.201,1.15753,1.1577,1.00,1.87
2014.04.07 02:43:15.206,1.15753,1.15769,1.25,1.15
2014.04.07 02:43:15.714,1.15753,1.1577,1.25,1.87
2014.04.07 02:43:16.721,1.15753,1.15769,1.25,1.15
2014.04.07 02:43:17.414,1.15753,1.1577,1.19,1.93
2014.04.07 02:43:18.419,1.15753,1.15769,1.25,1.15
2014.04.07 02:43:19.123,1.15753,1.1577,1.00,1.87
2014.04.07 02:43:20.229,1.15753,1.15769,1.25,1.15
2014.04.07 02:43:21.438,1.15753,1.1577,1.00,1.62
2014.04.07 02:43:21.883,1.15753,1.1577,1.00,1.87
2014.04.07 02:43:22.150,1.15745,1.15762,1.69,1.68
2014.04.07 02:43:22.201,1.15745,1.15762,1.25,1.68
2014.04.07 02:43:22.864,1.15743,1.15759,1.69,1.00
2014.04.07 02:43:24.477,1.15743,1.15759,1.19,1.00
2014.04.07 02:43:28.496,1.15743,1.15759,1.19,1.00
2014.04.07 02:43:29.501,1.15743,1.15759,1.19,1.00
2014.04.07 02:43:29.704,1.15742,1.15759,1.25,1.68
2014.04.07 02:43:29.755,1.15739,1.15756,1.19,1.43
2014.04.07 02:43:29.907,1.15739,1.15756,1.25,1.87
2014.04.07 02:43:30.159,1.15736,1.15752,1.19,1.15
2014.04.07 02:43:31.115,1.15736,1.15753,1.19,1.62
2014.04.07 02:43:32.393,1.15738,1.15755,1.00,2.37
2014.04.07 02:43:32.897,1.15738,1.15755,1.69,1.19
2014.04.07 02:43:33.729,1.15738,1.15755,1.69,1.25
2014.04.07 02:43:33.940,1.15741,1.15757,1.00,1.87
2014.04.07 02:43:34.142,1.15744,1.15761,1.43,1.69
2014.04.07 02:43:34.293,1.15744,1.15761,1.62,1.00
2014.04.07 02:43:34.595,1.1575,1.15764,1.00,1.15
2014.04.07 02:43:34.898,1.15753,1.15767,1.00,1.19
2014.04.07 02:43:35.305,1.15753,1.1577,1.00,1.69
2014.04.07 02:43:35.828,1.15751,1.15768,1.19,1.25
2014.04.07 02:43:35.879,1.15751,1.15768,1.00,1.87
2014.04.07 02:43:36.032,1.15748,1.15765,1.00,1.25
2014.04.07 02:43:36.133,1.15746,1.15762,1.05,1.00
2014.04.07 02:43:36.436,1.15745,1.15762,1.00,2.37
2014.04.07 02:43:37.299,1.15745,1.15762,1.25,1.19
2014.04.07 02:43:37.350,1.15747,1.15764,1.00,1.69
2014.04.07 02:43:37.501,1.15749,1.15766,1.00,1.19
2014.04.07 02:43:38.719,1.15749,1.15764,1.00,1.87
2014.04.07 02:43:39.223,1.15749,1.15765,1.00,1.19
2014.04.07 02:43:39.475,1.15751,1.15766,1.00,1.19
2014.04.07 02:43:39.803,1.15751,1.15768,1.00,1.19
2014.04.07 02:43:40.844,1.15751,1.15768,1.25,1.62
2014.04.07 02:43:41.401,1.15751,1.15768,1.00,1.87
2014.04.07 02:43:45.960,1.15751,1.15768,1.19,1.25
2014.04.07 02:43:48.590,1.15754,1.1577,1.00,1.19
2014.04.07 02:43:48.641,1.15754,1.15771,1.25,1.19
2014.04.07 02:43:48.692,1.15757,1.15773,1.00,1.62
2014.04.07 02:43:49.645,1.15757,1.15774,1.00,2.37
2014.04.07 02:43:52.653,1.15757,1.15772,1.00,1.15
2014.04.07 02:43:53.656,1.15757,1.15774,1.00,2.37
2014.04.07 02:43:58.145,1.15755,1.15772,1.25,1.62
2014.04.07 02:43:58.654,1.15755,1.15772,1.00,1.19
2014.04.07 02:44:00.584,1.15755,1.15772,1.00,1.19
2014.04.07 02:44:01.834,1.15755,1.15772,1.00,2.37
2014.04.07 02:44:03.660,1.15755,1.15772,1.00,2.37
2014.04.07 02:44:04.033,1.15755,1.15772,1.25,1.62
2014.04.07 02:44:04.083,1.15757,1.15774,1.00,2.37
2014.04.07 02:44:04.336,1.1576,1.15777,1.00,1.87
2014.04.07 02:44:04.537,1.1576,1.15777,1.19,1.00
2014.04.07 02:44:06.646,1.1576,1.15777,1.25,1.00
2014.04.07 02:44:10.383,1.1576,1.15777,1.00,1.19
2014.04.07 02:44:20.346,1.1576,1.15777,1.25,1.19
2014.04.07 02:44:20.824,1.15763,1.1578,1.00,2.37
2014.04.07 02:44:21.263,1.15763,1.1578,1.25,1.19
2014.04.07 02:44:21.465,1.15766,1.15781,1.00,1.62
2014.04.07 02:44:21.768,1.15769,1.15783,1.00,1.87
2014.04.07 02:44:22.804,1.15769,1.15783,1.00,1.62
2014.04.07 02:44:23.795,1.15769,1.15784,1.00,1.87
2014.04.07 02:44:28.454,1.15769,1.15782,1.00,1.19
2014.04.07 02:44:28.505,1.15764,1.15781,1.00,1.25
2014.04.07 02:44:28.606,1.15762,1.15779,1.00,1.43
2014.04.07 02:44:28.909,1.15762,1.15777,1.00,1.87
2014.04.07 02:44:30.066,1.15762,1.15775,1.00,1.15
2014.04.07 02:44:30.598,1.15759,1.15775,1.25,1.15
2014.04.07 02:44:31.337,1.15759,1.15776,1.00,2.37
2014.04.07 02:44:31.973,1.15759,1.15776,1.00,2.37
2014.04.07 02:44:37.660,1.15759,1.15776,1.00,1.62
2014.04.07 02:44:38.819,1.15759,1.15776,1.00,2.37
2014.04.07 02:44:39.813,1.15759,1.15776,1.00,1.62
2014.04.07 02:44:40.139,1.15759,1.15776,1.00,1.62
2014.04.07 02:44:40.190,1.15762,1.15776,1.00,1.15
2014.04.07 02:44:40.742,1.15762,1.15775,1.00,1.15
2014.04.07 02:44:41.236,1.15762,1.15776,1.00,1.87
2014.04.07 02:44:42.254,1.15762,1.15774,1.00,1.19
2014.04.07 02:44:46.631,1.15762,1.15776,1.00,1.87
2014.04.07 02:44:47.636,1.15762,1.15776,1.00,1.87
2014.04.07 02:44:48.642,1.15762,1.15776,1.00,1.87
2014.04.07 02:44:49.646,1.15762,1.15776,1.00,1.87
2014.04.07 02:44:58.525,1.15762,1.15775,1.00,1.19
2014.04.07 02:44:58.627,1.15762,1.15776,1.00,1.62
2014.04.07 02:44:59.562,1.15762,1.15775,1.00,1.19
2014.04.07 02:45:00.423,1.15759,1.15775,1.00,1.62
2014.04.07 02:45:02.353,1.15759,1.15776,1.00,1.19
2014.04.07 02:45:02.404,1.15762,1.15778,1.00,1.87
2014.04.07 02:45:02.455,1.15762,1.15779,1.25,1.87
2014.04.07 02:45:02.506,1.15767,1.15781,1.00,1.87
2014.04.07 02:45:05.782,1.15764,1.15777,1.00,1.00
2014.04.07 02:45:06.848,1.15764,1.15781,1.00,1.62
2014.04.07 02:45:07.051,1.15762,1.15777,1.19,1.00
2014.04.07 02:45:07.205,1.15759,1.15776,1.00,1.68
2014.04.07 02:45:07.407,1.15759,1.15776,1.00,1.68
2014.04.07 02:45:07.972,1.15759,1.15772,1.00,1.87
2014.04.07 02:45:08.555,1.15759,1.15772,1.00,1.25
2014.04.07 02:45:09.763,1.15759,1.15776,1.00,1.87
2014.04.07 02:45:10.719,1.15759,1.15775,1.25,1.15
2014.04.07 02:45:11.303,1.15762,1.15777,1.00,1.69
2014.04.07 02:45:11.504,1.15756,1.15773,1.19,1.00
2014.04.07 02:45:11.555,1.15756,1.15773,1.00,1.19
2014.04.07 02:45:11.881,1.15761,1.15775,1.00,1.19
2014.04.07 02:45:12.150,1.15761,1.15777,1.00,1.19
2014.04.07 02:45:12.251,1.15761,1.15777,1.00,1.87
2014.04.07 02:45:12.402,1.1576,1.15777,1.25,2.37
2014.04.07 02:45:12.935,1.1576,1.15777,1.00,3.12
2014.04.07 02:45:13.520,1.1576,1.15777,1.00,2.37
2014.04.07 02:45:14.237,1.1576,1.15777,2.10,1.19
2014.04.07 02:45:14.288,1.15761,1.15778,1.85,1.62
2014.04.07 02:45:14.840,1.15763,1.15777,1.00,1.00
2014.04.07 02:45:18.371,1.15763,1.1578,1.00,1.19
2014.04.07 02:45:18.929,1.15763,1.1578,1.19,1.25
2014.04.07 02:45:20.352,1.15763,1.1578,1.25,1.19
2014.04.07 02:45:20.795,1.15763,1.15777,1.25,1.00
2014.04.07 02:45:21.249,1.15763,1.1578,4.32,1.19
2014.04.07 02:45:21.401,1.15766,1.15781,1.00,1.62
2014.04.07 02:45:22.934,1.15766,1.15781,1.00,1.62
2014.04.07 02:45:23.483,1.15766,1.15777,1.00,1.00
2014.04.07 02:45:23.534,1.15763,1.15777,1.00,1.00
2014.04.07 02:45:23.786,1.15763,1.1578,1.25,1.19
2014.04.07 02:45:24.038,1.15763,1.1578,1.93,1.19
2014.04.07 02:45:24.542,1.15766,1.15783,1.25,1.19
2014.04.07 02:45:24.697,1.15768,1.15784,1.00,1.19
2014.04.07 02:45:24.849,1.15768,1.15785,1.25,1.25
2014.04.07 02:45:25.373,1.15768,1.15785,1.19,1.00
2014.04.07 02:45:30.237,1.15768,1.15785,1.69,1.00
2014.04.07 02:45:30.742,1.15768,1.15785,1.25,1.00
2014.04.07 02:45:30.894,1.15766,1.15783,1.25,1.00
2014.04.07 02:45:31.305,1.15766,1.15783,1.00,1.62
2014.04.07 02:45:34.898,1.15766,1.15783,1.00,1.69
2014.04.07 02:45:36.861,1.15766,1.15783,1.00,1.69
2014.04.07 02:45:42.430,1.15766,1.15783,1.19,1.19
2014.04.07 02:45:42.733,1.15771,1.15786,1.00,1.15
2014.04.07 02:45:46.047,1.15769,1.15786,1.25,1.93
2014.04.07 02:45:46.249,1.15769,1.15785,1.00,1.62
2014.04.07 02:45:46.299,1.15766,1.15783,1.19,1.19
2014.04.07 02:45:48.177,1.15766,1.15783,1.25,1.19
2014.04.07 02:45:49.172,1.15766,1.15783,1.19,1.19
2014.04.07 02:45:49.339,1.1577,1.15785,1.00,1.19
2014.04.07 02:45:49.391,1.1577,1.15786,1.00,1.62
2014.04.07 02:45:49.698,1.1577,1.15787,1.00,1.19
2014.04.07 02:45:50.151,1.1577,1.15786,1.00,1.19
2014.04.07 02:45:52.182,1.1577,1.15786,1.00,1.62
2014.04.07 02:46:00.644,1.1577,1.15787,1.00,2.37
2014.04.07 02:46:00.694,1.15773,1.15787,1.00,1.87
2014.04.07 02:46:00.796,1.15773,1.15789,1.00,1.19
2014.04.07 02:46:00.897,1.15773,1.1579,1.00,1.19
2014.04.07 02:46:01.464,1.15773,1.1579,1.00,1.25
2014.04.07 02:46:02.422,1.15773,1.1579,1.19,1.25
2014.04.07 02:46:02.946,1.15773,1.1579,2.37,1.00
2014.04.07 02:46:03.629,1.15773,1.1579,2.37,1.00
2014.04.07 02:46:03.867,1.15773,1.1579,1.25,1.25
2014.04.07 02:46:03.969,1.15773,1.1579,1.25,1.19
2014.04.07 02:46:04.276,1.15773,1.15789,1.00,1.62
2014.04.07 02:46:04.478,1.15773,1.1579,1.00,1.69
2014.04.07 02:46:05.253,1.15773,1.15788,1.00,1.19
2014.04.07 02:46:05.303,1.1577,1.15787,1.25,1.19
2014.04.07 02:46:05.455,1.1577,1.15787,1.00,2.37
2014.04.07 02:46:05.663,1.15768,1.15785,1.25,1.19
2014.04.07 02:46:06.415,1.15768,1.15785,1.00,1.19
2014.04.07 02:46:07.076,1.15768,1.15785,1.00,1.69
2014.04.07 02:46:07.885,1.15768,1.15785,1.00,2.74
2014.04.07 02:46:07.936,1.15764,1.15781,1.69,1.68
2014.04.07 02:46:07.986,1.15764,1.15781,1.69,1.68
2014.04.07 02:46:08.656,1.15764,1.15781,1.19,1.93
2014.04.07 02:46:09.385,1.15764,1.15781,1.25,1.87
2014.04.07 02:46:21.090,1.15764,1.15781,1.25,1.87
2014.04.07 02:46:28.451,1.15764,1.15781,1.25,1.93
2014.04.07 02:46:28.987,1.15764,1.15781,1.25,1.87
2014.04.07 02:46:34.817,1.15761,1.15778,1.69,1.68
2014.04.07 02:46:35.127,1.15761,1.15778,1.69,1.68
2014.04.07 02:46:35.794,1.15764,1.15781,1.25,1.87
2014.04.07 02:46:38.446,1.15762,1.15778,1.19,1.68
2014.04.07 02:46:38.953,1.15761,1.15778,1.69,1.68
2014.04.07 02:46:39.750,1.15761,1.15778,1.69,1.43
2014.04.07 02:46:40.416,1.15764,1.15781,1.25,1.87
2014.04.07 02:46:40.929,1.15764,1.15781,1.19,1.93
2014.04.07 02:46:42.637,1.15764,1.15781,1.19,1.68
2014.04.07 02:46:44.646,1.15764,1.15781,1.19,1.93
2014.04.07 02:46:47.973,1.15764,1.15781,1.25,1.87
2014.04.07 02:46:49.016,1.15764,1.15781,1.19,1.93
2014.04.07 02:46:50.990,1.15764,1.15781,1.25,1.87
2014.04.07 02:46:54.012,1.15764,1.15781,1.19,1.93
2014.04.07 02:46:57.013,1.15764,1.15781,1.25,1.93
2014.04.07 02:46:58.017,1.15764,1.15781,1.19,1.93
2014.04.07 02:47:01.026,1.15764,1.15781,1.19,1.68
2014.04.07 02:47:02.029,1.15764,1.15781,1.19,1.93
2014.04.07 02:47:06.066,1.15764,1.15781,1.19,1.93
2014.04.07 02:47:07.074,1.15764,1.15781,1.19,1.68
2014.04.07 02:47:20.076,1.15764,1.15781,1.25,1.87
2014.04.07 02:47:20.366,1.15768,1.15781,1.00,1.87
2014.04.07 02:47:21.016,1.15768,1.15781,1.00,1.87
2014.04.07 02:47:21.392,1.15764,1.15781,1.19,1.93
2014.04.07 02:47:22.359,1.15764,1.15781,1.25,1.93
2014.04.07 02:47:27.070,1.15764,1.15781,1.19,1.93
2014.04.07 02:47:30.181,1.15764,1.15781,1.19,1.68
2014.04.07 02:47:31.088,1.15764,1.15781,1.25,1.93
2014.04.07 02:47:36.254,1.15764,1.15781,1.19,1.93
2014.04.07 02:47:40.454,1.15764,1.15785,1.19,1.87
2014.04.07 02:47:41.459,1.15763,1.15784,1.69,1.87
2014.04.07 02:47:45.184,1.15764,1.15785,1.19,1.87
2014.04.07 02:47:46.221,1.15763,1.15784,1.69,1.87
2014.04.07 02:47:54.107,1.15763,1.15784,1.69,1.87
2014.04.07 02:47:56.116,1.15764,1.15785,1.19,1.87
2014.04.07 02:47:58.144,1.15763,1.15784,1.69,1.87
2014.04.07 02:47:59.148,1.15763,1.15784,1.69,1.87
2014.04.07 02:48:01.156,1.15763,1.15785,1.69,1.87
2014.04.07 02:48:02.160,1.15764,1.15785,1.19,1.87
2014.04.07 02:48:04.372,1.15763,1.15783,1.19,1.87
2014.04.07 02:48:05.675,1.15763,1.15783,1.69,1.87
2014.04.07 02:48:13.238,1.15763,1.15783,1.19,1.87
2014.04.07 02:48:14.228,1.15763,1.15783,1.19,1.87
2014.04.07 02:48:21.355,1.15762,1.15782,1.19,1.87
2014.04.07 02:48:24.269,1.15762,1.15783,1.19,1.87
2014.04.07 02:48:25.273,1.15761,1.15782,1.19,1.87
2014.04.07 02:48:29.208,1.15763,1.15784,1.19,1.87
2014.04.07 02:48:29.309,1.15762,1.15783,1.19,1.87
2014.04.07 02:48:33.217,1.15763,1.15784,1.19,1.87
2014.04.07 02:48:35.567,1.15763,1.15784,1.19,1.87
2014.04.07 02:48:35.718,1.15761,1.15782,1.19,1.87
2014.04.07 02:48:35.819,1.15763,1.15778,1.19,1.43
2014.04.07 02:48:36.346,1.15764,1.15781,1.19,1.93
2014.04.07 02:48:37.019,1.15764,1.15781,1.25,1.87
2014.04.07 02:48:40.735,1.15763,1.15778,1.19,1.00
2014.04.07 02:48:45.482,1.15761,1.15778,1.69,1.68
2014.04.07 02:48:46.196,1.15763,1.15778,1.00,1.93
2014.04.07 02:49:12.274,1.15768,1.15778,1.00,1.00
2014.04.07 02:49:12.325,1.15768,1.1578,1.00,1.25
2014.04.07 02:49:12.375,1.15773,1.1578,1.00,1.00
2014.04.07 02:49:12.426,1.15773,1.15782,1.00,1.15
2014.04.07 02:49:12.628,1.15773,1.15788,1.00,2.37
2014.04.07 02:49:12.729,1.15773,1.15788,1.00,1.25
2014.04.07 02:49:13.235,1.15773,1.1579,1.50,1.68
2014.04.07 02:49:13.439,1.15773,1.1579,1.69,1.93
2014.04.07 02:49:18.690,1.15773,1.15788,1.25,1.68
2014.04.07 02:49:20.147,1.15773,1.15788,1.25,1.68
2014.04.07 02:49:20.735,1.15773,1.15788,1.19,1.68
2014.04.07 02:49:23.821,1.15773,1.15788,1.25,1.68
2014.04.07 02:49:25.863,1.15773,1.15788,1.19,1.68
2014.04.07 02:49:26.475,1.15773,1.15788,1.25,1.68
2014.04.07 02:49:27.184,1.15771,1.15788,1.19,1.93
2014.04.07 02:49:28.174,1.15771,1.15788,1.25,1.87
2014.04.07 02:49:28.507,1.15771,1.15788,1.25,1.87
2014.04.07 02:49:29.547,1.15769,1.15786,1.19,1.93
2014.04.07 02:49:32.796,1.15769,1.15786,1.19,1.68
2014.04.07 02:49:33.406,1.15769,1.15786,1.69,1.68
2014.04.07 02:49:34.778,1.15769,1.15786,1.69,1.80
2014.04.07 02:49:35.081,1.15769,1.15777,1.19,1.68
2014.04.07 02:49:35.132,1.15763,1.15777,1.19,1.68
2014.04.07 02:49:35.435,1.1576,1.15777,1.69,1.68
2014.04.07 02:49:35.976,1.1576,1.15777,1.69,1.68
2014.04.07 02:49:39.007,1.1576,1.15777,1.19,1.68
2014.04.07 02:49:39.361,1.15763,1.15777,1.19,1.68
2014.04.07 02:49:39.411,1.15763,1.15777,1.69,1.00
2014.04.07 02:49:39.462,1.15763,1.15779,1.19,1.00
2014.04.07 02:49:39.563,1.15763,1.15779,1.69,1.68
2014.04.07 02:49:39.932,1.15766,1.15779,1.19,1.00
2014.04.07 02:49:40.955,1.15766,1.15779,1.19,1.00
2014.04.07 02:49:42.369,1.15766,1.15773,1.19,1.05
2014.04.07 02:49:42.571,1.15759,1.15773,1.19,1.05
2014.04.07 02:49:42.622,1.15757,1.15772,1.19,1.05
2014.04.07 02:49:43.084,1.15755,1.1577,1.19,1.00
2014.04.07 02:49:46.688,1.15756,1.15773,1.19,1.62
2014.04.07 02:49:46.940,1.15757,1.15773,1.19,1.43
2014.04.07 02:49:47.739,1.15757,1.15773,1.19,1.43
2014.04.07 02:49:48.556,1.15754,1.15769,1.19,1.00
2014.04.07 02:49:48.876,1.15754,1.15771,1.54,1.25
2014.04.07 02:49:48.978,1.15758,1.15771,1.00,1.25
2014.04.07 02:49:49.231,1.15758,1.15773,1.50,1.15
2014.04.07 02:49:49.962,1.15758,1.15775,1.69,1.68
2014.04.07 02:49:50.409,1.15758,1.15775,1.69,1.68
2014.04.07 02:49:50.801,1.15754,1.15771,2.29,1.68
2014.04.07 02:49:51.100,1.15756,1.15771,1.19,1.00
2014.04.07 02:49:51.877,1.15756,1.15773,1.69,1.68
2014.04.07 02:49:51.979,1.15757,1.15773,1.19,1.68
2014.04.07 02:49:52.080,1.15756,1.15773,1.19,1.93
2014.04.07 02:49:54.913,1.15756,1.1577,1.00,1.05
2014.04.07 02:49:54.963,1.15753,1.1577,1.69,1.80
2014.04.07 02:49:57.796,1.15753,1.15768,1.19,1.68
2014.04.07 02:49:58.316,1.15753,1.15768,1.19,1.68
2014.04.07 02:49:58.366,1.15753,1.15768,1.19,1.68
2014.04.07 02:50:00.366,1.15753,1.15768,1.69,1.68
2014.04.07 02:50:01.334,1.15753,1.15768,1.25,1.68
2014.04.07 02:50:09.211,1.15753,1.15768,1.19,1.68
2014.04.07 02:50:10.170,1.15753,1.15768,1.25,1.68
2014.04.07 02:50:14.189,1.15753,1.15768,1.19,1.68
2014.04.07 02:50:15.195,1.15753,1.15768,1.25,1.68
2014.04.07 02:50:16.382,1.15753,1.15768,1.19,1.68
2014.04.07 02:50:19.230,1.15753,1.15768,1.25,1.68
2014.04.07 02:50:20.598,1.15753,1.15768,1.25,1.68
2014.04.07 02:50:21.229,1.15753,1.15768,1.19,1.68
2014.04.07 02:50:24.466,1.15753,1.15768,1.69,1.00
2014.04.07 02:50:24.518,1.15758,1.15771,1.00,1.68
2014.04.07 02:50:24.831,1.15756,1.15773,1.19,1.93
2014.04.07 02:50:25.438,1.15756,1.15773,1.25,1.87
2014.04.07 02:50:26.277,1.15756,1.15773,1.19,1.93
2014.04.07 02:50:28.256,1.15756,1.15773,1.19,1.93
2014.04.07 02:50:29.249,1.15756,1.15773,1.19,1.93
2014.04.07 02:50:34.273,1.15756,1.15773,1.69,1.68
2014.04.07 02:50:36.296,1.15756,1.15773,1.25,1.93
2014.04.07 02:50:37.045,1.15754,1.15771,1.19,1.68
2014.04.07 02:50:37.779,1.15754,1.15771,1.19,1.68
2014.04.07 02:50:43.822,1.15754,1.15771,1.19,1.93
2014.04.07 02:50:43.923,1.15751,1.15768,1.25,1.68
2014.04.07 02:50:44.024,1.1575,1.15765,1.19,1.68
2014.04.07 02:50:45.027,1.15751,1.15768,1.25,1.93
2014.04.07 02:50:45.428,1.15751,1.15768,1.19,1.68
2014.04.07 02:50:46.421,1.15749,1.15765,1.19,1.68
2014.04.07 02:50:47.029,1.15747,1.15763,1.32,1.68
2014.04.07 02:50:48.167,1.15746,1.15763,2.07,1.68
2014.04.07 02:50:48.750,1.15745,1.15761,1.19,1.68
2014.04.07 02:50:48.853,1.15744,1.15761,1.69,1.68
2014.04.07 02:50:48.954,1.15744,1.15761,1.69,1.68
2014.04.07 02:50:49.791,1.15746,1.15761,1.19,1.68
2014.04.07 02:50:50.811,1.15746,1.15761,1.19,1.68
2014.04.07 02:50:52.393,1.15748,1.15761,1.19,1.68
2014.04.07 02:50:52.970,1.15748,1.15763,1.19,1.68
2014.04.07 02:50:54.009,1.15748,1.15763,1.69,1.68
2014.04.07 02:50:54.922,1.15749,1.15763,1.19,1.68
2014.04.07 02:50:58.912,1.15748,1.15763,1.19,1.68
2014.04.07 02:50:59.953,1.15748,1.15763,1.19,1.68
2014.04.07 02:51:00.562,1.15748,1.15763,1.25,1.68
2014.04.07 02:51:01.124,1.15748,1.15763,1.19,1.68
2014.04.07 02:51:01.933,1.15748,1.15763,1.69,1.68
2014.04.07 02:51:02.924,1.15748,1.15763,1.69,1.68
2014.04.07 02:51:04.179,1.15748,1.15763,1.69,1.68
2014.04.07 02:51:05.233,1.15748,1.15763,1.69,1.68
2014.04.07 02:51:06.250,1.15748,1.15763,1.69,1.68
2014.04.07 02:51:07.702,1.15749,1.15763,1.19,1.68
2014.04.07 02:51:08.701,1.15749,1.15763,1.19,1.68
2014.04.07 02:51:11.089,1.15749,1.15763,1.19,1.68
2014.04.07 02:51:11.241,1.15748,1.1576,1.25,1.68
2014.04.07 02:51:11.785,1.15748,1.1576,1.00,1.68
2014.04.07 02:51:14.466,1.15753,1.1576,1.00,1.43
2014.04.07 02:51:15.247,1.1575,1.1576,1.19,1.68
2014.04.07 02:51:16.667,1.15749,1.1576,1.19,1.68
2014.04.07 02:51:20.491,1.1575,1.15763,1.19,1.68
2014.04.07 02:51:20.693,1.15748,1.1576,1.00,1.68
2014.04.07 02:51:20.845,1.15748,1.15758,1.00,1.68
2014.04.07 02:51:24.813,1.15748,1.15756,1.00,1.00
2014.04.07 02:51:24.864,1.15748,1.1576,1.00,1.68
2014.04.07 02:51:25.572,1.15748,1.1576,1.00,1.68
2014.04.07 02:51:26.785,1.15748,1.1576,1.00,1.68
2014.04.07 02:51:26.887,1.15748,1.1576,1.00,1.68
2014.04.07 02:51:26.988,1.15748,1.1576,1.25,1.68
2014.04.07 02:51:28.162,1.15744,1.15757,1.19,1.68
2014.04.07 02:51:28.465,1.15743,1.15752,1.19,1.68
2014.04.07 02:51:28.566,1.15739,1.15752,1.19,1.68
2014.04.07 02:51:29.125,1.15739,1.1575,1.19,1.00
2014.04.07 02:51:29.668,1.15738,1.1575,1.69,1.00
2014.04.07 02:51:30.263,1.15748,1.15753,1.00,1.00
2014.04.07 02:51:30.364,1.15748,1.15757,1.00,1.68
2014.04.07 02:51:30.465,1.15743,1.15757,1.19,1.68
2014.04.07 02:51:30.516,1.15743,1.15757,1.19,1.68
2014.04.07 02:51:31.026,1.1574,1.15753,1.19,1.43
2014.04.07 02:51:31.692,1.15739,1.15753,1.19,1.43
2014.04.07 02:51:32.685,1.15739,1.15753,1.19,1.43
2014.04.07 02:51:33.690,1.15739,1.15753,1.19,1.00
2014.04.07 02:51:36.045,1.15743,1.15753,1.00,1.00
2014.04.07 02:51:36.197,1.15743,1.15755,1.00,1.00
2014.04.07 02:51:37.252,1.15743,1.15755,1.19,1.43
2014.04.07 02:51:38.245,1.15743,1.15755,1.25,1.43
2014.04.07 02:51:40.224,1.15743,1.15755,1.19,1.43
2014.04.07 02:51:40.838,1.15743,1.15755,1.00,1.68
2014.04.07 02:51:41.292,1.15743,1.15752,1.00,1.68
2014.04.07 02:51:42.375,1.15743,1.15752,1.00,1.43
2014.04.07 02:51:42.677,1.15743,1.15754,1.00,1.00
2014.04.07 02:51:43.277,1.15743,1.15754,1.69,1.00
2014.04.07 02:51:44.266,1.15743,1.15754,1.19,1.00
2014.04.07 02:51:45.933,1.15743,1.15754,1.00,1.68
2014.04.07 02:51:45.984,1.15743,1.15751,1.00,1.68
2014.04.07 02:51:46.526,1.15743,1.15751,1.00,1.68
2014.04.07 02:51:49.769,1.15739,1.15751,1.00,1.68
2014.04.07 02:51:49.820,1.15735,1.15751,1.19,1.68
2014.04.07 02:51:49.871,1.15735,1.15749,1.19,1.68
2014.04.07 02:51:50.022,1.15733,1.15749,1.19,1.68
2014.04.07 02:51:50.224,1.15733,1.15745,1.19,1.68
2014.04.07 02:51:50.774,1.15733,1.15745,1.00,1.68
2014.04.07 02:52:03.524,1.15733,1.15748,1.00,1.87
2014.04.07 02:52:04.184,1.15733,1.15748,1.00,1.93
2014.04.07 02:52:05.412,1.15733,1.15748,1.19,1.68
2014.04.07 02:52:08.141,1.15733,1.15748,1.19,1.68
2014.04.07 02:52:08.881,1.15733,1.15748,1.25,1.68
2014.04.07 02:52:11.248,1.15733,1.15748,1.19,1.68
2014.04.07 02:52:14.418,1.15733,1.15748,1.69,1.68
2014.04.07 02:52:16.235,1.15733,1.15748,1.88,1.93
2014.04.07 02:52:16.811,1.15733,1.15748,1.00,1.93
2014.04.07 02:52:21.274,1.15733,1.15748,1.19,1.68
2014.04.07 02:52:22.095,1.15733,1.15748,1.25,1.68
2014.04.07 02:52:25.387,1.15733,1.15748,1.19,1.68
2014.04.07 02:52:26.539,1.15733,1.15748,1.00,2.37
2014.04.07 02:52:39.310,1.15733,1.15748,1.19,2.18
2014.04.07 02:52:39.717,1.15733,1.15748,2.44,1.68
2014.04.07 02:52:39.818,1.15734,1.1575,1.19,2.18
2014.04.07 02:52:39.869,1.15734,1.1575,1.19,1.68
2014.04.07 02:52:40.374,1.15735,1.1575,1.19,1.68
2014.04.07 02:52:40.876,1.15735,1.1575,1.19,1.68
2014.04.07 02:52:41.917,1.15736,1.1575,1.19,1.68
2014.04.07 02:52:42.909,1.15734,1.1575,1.19,1.68
2014.04.07 02:52:43.764,1.15734,1.15748,1.69,1.05
2014.04.07 02:52:43.814,1.15736,1.15745,1.19,1.00
2014.04.07 02:52:44.117,1.15734,1.15745,1.19,1.80
2014.04.07 02:52:44.219,1.15733,1.15742,2.44,1.00
2014.04.07 02:52:45.133,1.15733,1.15742,1.69,1.00
2014.04.07 02:52:46.450,1.15733,1.15743,1.69,1.88
2014.04.07 02:52:47.106,1.15733,1.15742,1.69,1.00
2014.04.07 02:52:47.560,1.15733,1.15745,1.69,1.05
2014.04.07 02:52:50.373,1.15733,1.15745,2.44,1.05
2014.04.07 02:52:52.255,1.15735,1.15747,1.19,1.05
2014.04.07 02:52:52.557,1.15738,1.1575,1.19,1.05
2014.04.07 02:52:52.915,1.15738,1.1575,1.19,1.05
2014.04.07 02:52:53.066,1.15735,1.15745,1.69,1.05
2014.04.07 02:52:53.167,1.15733,1.15745,2.44,1.05
2014.04.07 02:52:53.268,1.15733,1.15745,2.44,1.05
2014.04.07 02:52:54.262,1.15733,1.15745,1.69,1.05
2014.04.07 02:52:55.224,1.15733,1.15745,1.69,1.05
2014.04.07 02:52:55.476,1.15733,1.15748,2.44,1.05
2014.04.07 02:52:55.527,1.15733,1.15748,2.44,1.05
2014.04.07 02:52:56.368,1.15733,1.15745,2.44,1.05
2014.04.07 02:52:57.302,1.15734,1.15745,1.19,1.05
2014.04.07 02:52:57.810,1.15734,1.15745,1.19,1.05
2014.04.07 02:52:57.911,1.15735,1.1575,1.19,1.80
2014.04.07 02:52:58.012,1.15736,1.1575,1.19,1.80
2014.04.07 02:52:59.687,1.15738,1.1575,1.19,1.05
2014.04.07 02:53:00.698,1.15738,1.1575,1.19,1.05
2014.04.07 02:53:03.584,1.15739,1.1575,1.19,1.05
2014.04.07 02:53:04.341,1.15738,1.1575,1.19,1.05
2014.04.07 02:53:05.564,1.15737,1.1575,1.69,1.05
2014.04.07 02:53:06.232,1.15737,1.15748,1.19,1.05
2014.04.07 02:53:09.241,1.15737,1.15748,1.25,1.05
2014.04.07 02:53:10.280,1.15737,1.15748,1.19,1.05
2014.04.07 02:53:11.749,1.15737,1.15748,1.69,1.05
2014.04.07 02:53:15.806,1.15738,1.1575,1.19,1.05
2014.04.07 02:53:16.058,1.15738,1.1575,1.69,1.05
2014.04.07 02:53:20.654,1.15743,1.1575,1.00,1.05
2014.04.07 02:53:20.755,1.15743,1.15754,1.00,1.00
2014.04.07 02:53:20.906,1.15748,1.15756,1.00,1.05
2014.04.07 02:53:21.159,1.15748,1.15758,1.25,1.05
2014.04.07 02:53:21.209,1.15748,1.15758,1.19,1.05
2014.04.07 02:53:21.311,1.15748,1.15757,1.00,1.05
2014.04.07 02:53:25.605,1.15744,1.15758,1.69,1.05
2014.04.07 02:53:25.656,1.15744,1.15758,1.19,1.05
2014.04.07 02:53:25.857,1.15743,1.15755,1.25,1.05
2014.04.07 02:53:26.354,1.15743,1.15752,1.00,1.68
2014.04.07 02:53:26.556,1.15741,1.15751,1.00,1.05
2014.04.07 02:53:26.657,1.15741,1.15752,1.19,1.50
2014.04.07 02:53:27.169,1.1574,1.15752,1.19,1.50
2014.04.07 02:53:28.236,1.1574,1.15752,1.19,1.50
2014.04.07 02:53:29.996,1.1574,1.15752,1.19,2.18
2014.04.07 02:53:30.047,1.15738,1.15748,1.19,1.05
2014.04.07 02:53:30.249,1.15736,1.15747,1.19,1.00
2014.04.07 02:53:31.190,1.15738,1.15747,1.19,1.00
2014.04.07 02:53:31.342,1.15738,1.15754,1.87,1.50
2014.04.07 02:53:31.603,1.15741,1.15755,1.19,1.00
2014.04.07 02:53:35.923,1.15741,1.15756,1.69,1.00
2014.04.07 02:53:43.604,1.15741,1.15754,1.69,1.00
2014.04.07 02:53:43.907,1.15741,1.15758,1.19,1.25
2014.04.07 02:53:44.740,1.15741,1.15758,1.69,1.00
2014.04.07 02:53:45.474,1.15741,1.15758,1.19,1.25
2014.04.07 02:53:45.675,1.15738,1.15755,1.19,1.63
2014.04.07 02:53:45.978,1.15733,1.1575,1.69,1.43
2014.04.07 02:53:46.280,1.15733,1.15749,1.00,1.15
2014.04.07 02:53:46.331,1.1573,1.15747,1.69,1.00
2014.04.07 02:53:48.914,1.15735,1.1575,1.43,1.57
2014.04.07 02:53:49.015,1.15735,1.15752,1.00,1.69
2014.04.07 02:53:49.066,1.15737,1.15753,1.00,1.19
2014.04.07 02:53:49.622,1.15737,1.15754,1.00,1.99
2014.04.07 02:53:50.809,1.15737,1.15754,1.25,1.99
2014.04.07 02:53:51.843,1.15737,1.15754,1.00,1.99
2014.04.07 02:53:52.819,1.15737,1.15754,1.00,2.74
2014.04.07 02:53:58.528,1.15737,1.15754,1.00,2.74
2014.04.07 02:53:58.857,1.15737,1.15753,1.00,1.57
2014.04.07 02:53:59.288,1.15737,1.15753,1.62,1.25
2014.04.07 02:53:59.390,1.15739,1.15756,1.00,1.99
2014.04.07 02:53:59.894,1.15739,1.15756,1.19,1.99
2014.04.07 02:54:00.437,1.15739,1.15756,1.62,1.38
2014.04.07 02:54:04.278,1.15739,1.15756,1.69,1.80
2014.04.07 02:54:04.607,1.15739,1.15752,1.19,1.05
2014.04.07 02:54:04.658,1.15739,1.15754,1.19,1.05
2014.04.07 02:54:05.599,1.15739,1.15754,1.25,1.05
2014.04.07 02:54:07.607,1.15739,1.15754,1.19,1.05
2014.04.07 02:54:08.272,1.15739,1.15752,1.19,1.05
2014.04.07 02:54:08.323,1.15739,1.15751,1.19,1.05
2014.04.07 02:54:08.424,1.15737,1.1575,1.19,1.05
2014.04.07 02:54:08.526,1.15734,1.15747,1.25,1.05
2014.04.07 02:54:08.627,1.15732,1.15746,1.25,1.38
2014.04.07 02:54:08.778,1.15732,1.15746,1.25,1.38
2014.04.07 02:54:08.879,1.15732,1.15746,1.00,1.00
2014.04.07 02:54:08.980,1.15735,1.1575,1.00,1.05
2014.04.07 02:54:09.081,1.15735,1.15752,1.25,1.38
2014.04.07 02:54:09.183,1.15737,1.15752,1.00,1.38
2014.04.07 02:54:09.539,1.15737,1.15752,1.25,1.38
2014.04.07 02:54:11.247,1.15737,1.15754,1.00,2.74
2014.04.07 02:54:11.751,1.15737,1.1575,1.00,1.05
2014.04.07 02:54:12.054,1.15735,1.15749,1.00,1.53
2014.04.07 02:54:13.341,1.15735,1.15748,1.00,1.53
2014.04.07 02:54:13.451,1.15733,1.15746,1.00,1.38
2014.04.07 02:54:18.712,1.15733,1.15746,1.00,1.38
2014.04.07 02:54:18.822,1.15733,1.15746,1.00,1.38
2014.04.07 02:54:21.158,1.15735,1.15746,1.00,1.38
2014.04.07 02:54:23.931,1.15735,1.1575,1.00,1.24
2014.04.07 02:54:24.032,1.15735,1.15752,1.00,2.07
2014.04.07 02:54:24.234,1.15738,1.15752,1.00,1.57
2014.04.07 02:54:35.421,1.15738,1.15752,1.00,1.24
2014.04.07 02:54:42.681,1.15738,1.15752,1.00,1.24
2014.04.07 02:54:42.834,1.15736,1.15752,1.00,1.99
2014.04.07 02:54:47.301,1.15736,1.15751,1.00,1.63
2014.04.07 02:54:47.995,1.15736,1.15753,1.25,1.99
2014.04.07 02:54:48.841,1.15736,1.15753,1.25,1.99
2014.04.07 02:54:49.328,1.15736,1.15753,1.25,2.07
2014.04.07 02:54:49.429,1.15738,1.15755,1.00,2.07
2014.04.07 02:54:49.642,1.15742,1.15757,1.00,1.53
2014.04.07 02:54:49.743,1.15742,1.15757,1.25,1.05
2014.04.07 02:54:58.852,1.15742,1.15757,1.00,1.05
2014.04.07 02:54:59.996,1.15742,1.15759,1.19,1.63
2014.04.07 02:55:00.721,1.15742,1.15759,1.19,1.63
2014.04.07 02:55:00.974,1.15745,1.15762,1.00,2.07
2014.04.07 02:55:01.522,1.15745,1.15762,1.00,2.82
2014.04.07 02:55:02.203,1.15745,1.15762,1.93,1.57
2014.04.07 02:55:02.355,1.15747,1.15763,1.25,1.53
2014.04.07 02:55:02.456,1.15747,1.15764,1.25,1.57
2014.04.07 02:55:02.872,1.15747,1.15764,2.37,1.00
2014.04.07 02:55:03.893,1.15747,1.15764,2.37,1.00
2014.04.07 02:55:04.623,1.15747,1.15764,2.37,1.00
2014.04.07 02:55:04.724,1.1575,1.15764,1.15,1.00
2014.04.07 02:55:05.078,1.1575,1.15764,1.87,1.00
2014.04.07 02:55:05.180,1.15752,1.15769,1.69,1.38
2014.04.07 02:55:06.685,1.15752,1.15769,1.69,1.38
2014.04.07 02:55:07.203,1.15752,1.15769,1.69,1.38
2014.04.07 02:55:07.739,1.15752,1.15769,1.69,1.38
2014.04.07 02:55:08.244,1.15752,1.15768,1.19,1.05
2014.04.07 02:55:08.446,1.15749,1.15766,1.19,1.38
2014.04.07 02:55:09.577,1.15749,1.15766,1.87,1.63
2014.04.07 02:55:09.679,1.1575,1.15766,1.15,1.63
2014.04.07 02:55:09.830,1.1575,1.15766,1.62,1.38
2014.04.07 02:55:11.003,1.15751,1.15766,1.19,1.38
2014.04.07 02:55:11.104,1.15749,1.15766,1.62,1.38
2014.04.07 02:55:11.608,1.15749,1.15766,1.62,1.38
2014.04.07 02:55:12.122,1.15749,1.15766,1.19,1.57
2014.04.07 02:55:12.833,1.15749,1.15766,1.25,1.57
2014.04.07 02:55:13.263,1.15749,1.15766,1.25,1.57
2014.04.07 02:55:14.048,1.15748,1.15764,1.05,1.63
2014.04.07 02:55:14.937,1.15747,1.15764,1.19,1.63
2014.04.07 02:55:15.789,1.15747,1.15764,1.25,1.57
2014.04.07 02:55:19.664,1.15747,1.15763,1.19,1.53
2014.04.07 02:55:20.675,1.15747,1.15763,1.25,1.53
2014.04.07 02:55:21.713,1.15747,1.15764,1.19,1.63
2014.04.07 02:55:21.763,1.15747,1.15764,1.19,1.63
2014.04.07 02:55:22.103,1.1575,1.15765,1.00,1.15
2014.04.07 02:55:28.731,1.1575,1.15766,1.00,1.24
2014.04.07 02:55:31.431,1.15746,1.15763,1.69,1.00
2014.04.07 02:55:32.238,1.15746,1.15763,1.69,1.00
2014.04.07 02:55:34.755,1.15746,1.15763,1.69,1.00
2014.04.07 02:55:38.772,1.15746,1.15763,1.19,1.00
2014.04.07 02:55:40.883,1.15746,1.15763,1.19,1.00
2014.04.07 02:55:47.026,1.15746,1.15763,1.69,1.00
2014.04.07 02:55:48.462,1.15746,1.15763,1.69,1.38
2014.04.07 02:55:48.563,1.15746,1.15763,1.19,1.63
2014.04.07 02:55:51.587,1.15745,1.15761,1.54,1.13
2014.04.07 02:55:54.556,1.15745,1.15761,1.54,1.13
2014.04.07 02:55:55.296,1.15747,1.15763,1.62,1.38
2014.04.07 02:55:55.397,1.15748,1.15763,1.47,1.00
2014.04.07 02:55:55.448,1.15748,1.15765,2.22,1.25
2014.04.07 02:55:56.107,1.1575,1.15767,1.62,1.25
2014.04.07 02:55:56.667,1.1575,1.15767,1.62,1.00
2014.04.07 02:55:57.497,1.1575,1.15767,2.37,1.00
2014.04.07 02:55:59.512,1.15751,1.15767,1.19,1.00
2014.04.07 02:56:00.267,1.15751,1.15764,1.19,1.00
2014.04.07 02:56:00.418,1.15748,1.15764,2.22,1.00
2014.04.07 02:56:01.429,1.15748,1.15764,1.54,1.00
2014.04.07 02:56:03.463,1.15749,1.15764,1.19,1.00
2014.04.07 02:56:04.493,1.15748,1.15764,2.22,1.00
2014.04.07 02:56:04.543,1.15748,1.15762,2.22,1.00
2014.04.07 02:56:12.501,1.15749,1.15762,1.19,1.00
2014.04.07 02:56:14.308,1.15748,1.15762,2.22,1.00
2014.04.07 02:56:15.812,1.15749,1.15762,1.19,1.00
2014.04.07 02:56:22.358,1.1575,1.15762,1.19,1.00
2014.04.07 02:56:23.616,1.15748,1.15762,2.22,1.00
2014.04.07 02:56:26.302,1.15748,1.15762,1.19,1.00
2014.04.07 02:56:26.555,1.15747,1.15759,1.19,1.00
2014.04.07 02:56:31.294,1.15746,1.15759,1.19,1.00
2014.04.07 02:56:33.701,1.15748,1.15759,1.19,1.00
2014.04.07 02:56:35.208,1.15747,1.15759,1.19,1.00
2014.04.07 02:56:36.223,1.15746,1.15759,1.19,1.00
2014.04.07 02:56:36.528,1.15744,1.15759,1.19,1.00
2014.04.07 02:56:38.224,1.15744,1.15759,1.19,1.00
2014.04.07 02:56:43.269,1.15744,1.15759,1.19,1.00
2014.04.07 02:56:44.268,1.15745,1.15759,1.19,1.00
2014.04.07 02:56:47.279,1.15747,1.15759,1.19,1.00
2014.04.07 02:57:00.229,1.15748,1.15759,1.19,1.00
2014.04.07 02:57:01.047,1.15747,1.15759,1.19,1.00
2014.04.07 02:57:01.554,1.15747,1.15759,1.19,1.00
2014.04.07 02:57:05.393,1.15748,1.15759,1.25,1.00
2014.04.07 02:57:10.390,1.15748,1.15759,1.19,1.00
2014.04.07 02:57:11.395,1.15748,1.15759,1.25,1.00
2014.04.07 02:57:16.335,1.15748,1.15759,1.19,1.00
2014.04.07 02:57:17.322,1.15748,1.15759,1.25,1.00
2014.04.07 02:57:17.847,1.15747,1.15759,1.19,1.00
2014.04.07 02:57:19.053,1.15747,1.15759,1.19,1.00
2014.04.07 02:57:20.158,1.15748,1.15759,1.19,1.00
2014.04.07 02:57:21.162,1.15747,1.15759,1.19,1.00
2014.04.07 02:57:22.841,1.15748,1.15759,1.19,1.38
2014.04.07 02:57:22.892,1.15745,1.15759,1.19,1.38
2014.04.07 02:57:25.284,1.15746,1.15761,1.69,1.00
2014.04.07 02:57:25.435,1.1575,1.15763,1.25,1.00
2014.04.07 02:57:25.738,1.15753,1.15765,1.69,1.00
2014.04.07 02:57:25.840,1.15754,1.15768,1.19,1.00
2014.04.07 02:57:26.003,1.15756,1.15768,1.19,1.00
2014.04.07 02:57:29.546,1.15757,1.15768,1.19,1.00
2014.04.07 02:57:30.551,1.15756,1.15768,1.19,1.00
2014.04.07 02:57:32.102,1.15757,1.15771,1.19,1.00
2014.04.07 02:57:32.254,1.15757,1.15773,1.19,1.13
2014.04.07 02:57:32.304,1.15759,1.15773,1.19,1.00
2014.04.07 02:57:32.808,1.1576,1.15773,1.19,1.00
2014.04.07 02:57:33.010,1.1576,1.15775,1.19,1.00
2014.04.07 02:57:33.730,1.15761,1.15775,1.19,1.00
2014.04.07 02:57:35.700,1.1576,1.15775,1.19,1.13
2014.04.07 02:57:35.802,1.15759,1.15775,1.54,1.80
2014.04.07 02:57:36.335,1.15759,1.15773,1.19,1.43
2014.04.07 02:57:36.840,1.15758,1.15773,1.19,1.38
2014.04.07 02:57:37.362,1.15758,1.15771,1.19,1.00
2014.04.07 02:57:38.020,1.15758,1.15771,1.19,1.00
2014.04.07 02:57:38.586,1.15758,1.15771,1.19,1.00
2014.04.07 02:57:40.240,1.15758,1.15774,1.19,1.13
2014.04.07 02:57:40.392,1.15758,1.15772,1.19,1.00
2014.04.07 02:57:40.950,1.15757,1.15772,1.19,1.38
2014.04.07 02:57:42.441,1.15756,1.15772,1.87,1.00
2014.04.07 02:57:42.592,1.15758,1.15775,1.69,1.38
2014.04.07 02:57:43.232,1.15759,1.15775,1.19,1.38
2014.04.07 02:57:43.433,1.15759,1.1577,1.19,1.00
2014.04.07 02:57:43.969,1.15758,1.1577,1.19,1.00
2014.04.07 02:57:50.658,1.15757,1.1577,1.19,1.00
2014.04.07 02:57:53.671,1.15758,1.1577,1.19,1.00
2014.04.07 02:57:56.684,1.15757,1.1577,1.19,1.00
2014.04.07 02:57:57.910,1.15757,1.1577,1.19,1.00
2014.04.07 02:57:58.814,1.15756,1.1577,1.19,1.00
2014.04.07 02:58:00.725,1.15757,1.1577,1.19,1.00
2014.04.07 02:58:05.144,1.15755,1.1577,2.37,1.00
2014.04.07 02:58:06.147,1.15756,1.1577,1.19,1.00
2014.04.07 02:58:07.782,1.15757,1.1577,1.19,1.00
2014.04.07 02:58:08.772,1.15756,1.1577,1.19,1.00
2014.04.07 02:58:09.990,1.15757,1.1577,1.19,1.00
2014.04.07 02:58:11.082,1.15757,1.1577,1.19,1.00
2014.04.07 02:58:13.077,1.15756,1.1577,1.19,1.00
2014.04.07 02:58:14.103,1.15756,1.1577,1.19,1.00
2014.04.07 02:58:16.932,1.15758,1.1577,1.19,1.00
2014.04.07 02:58:17.140,1.15756,1.1577,1.19,1.00
2014.04.07 02:58:18.841,1.15755,1.1577,1.62,1.00
2014.04.07 02:58:19.962,1.15756,1.1577,1.19,1.00
2014.04.07 02:58:20.983,1.15756,1.1577,1.19,1.00
2014.04.07 02:58:21.972,1.15756,1.1577,1.19,1.00
2014.04.07 02:58:27.019,1.15758,1.1577,1.19,1.00
2014.04.07 02:58:27.989,1.15756,1.1577,1.19,1.00
2014.04.07 02:58:29.235,1.15756,1.1577,1.19,1.00
2014.04.07 02:58:30.080,1.15757,1.1577,1.19,1.00
2014.04.07 02:58:31.041,1.15758,1.1577,1.19,1.00
2014.04.07 02:58:33.049,1.15757,1.1577,1.19,1.00
2014.04.07 02:58:37.062,1.15757,1.1577,1.19,1.00
2014.04.07 02:58:38.065,1.15757,1.1577,1.19,1.00
2014.04.07 02:58:38.313,1.15755,1.1577,1.19,1.00
2014.04.07 02:58:38.970,1.15753,1.1577,3.12,1.00
2014.04.07 02:58:39.403,1.15755,1.1577,1.19,1.00
2014.04.07 02:58:40.378,1.15755,1.1577,1.19,1.00
2014.04.07 02:58:41.382,1.15756,1.1577,1.19,1.00
2014.04.07 02:58:43.433,1.15756,1.15774,1.19,1.05
2014.04.07 02:58:45.412,1.15756,1.15774,1.19,1.53
2014.04.07 02:58:47.543,1.15756,1.15774,1.19,1.05
2014.04.07 02:58:48.238,1.15756,1.15773,1.19,1.05
2014.04.07 02:58:48.994,1.15756,1.15773,1.19,1.05
2014.04.07 02:58:49.655,1.15756,1.15773,1.19,1.05
2014.04.07 02:58:50.364,1.15756,1.15773,1.19,1.05
2014.04.07 02:58:55.200,1.15758,1.15773,1.19,1.05
2014.04.07 02:58:56.319,1.15756,1.15773,1.19,1.05
2014.04.07 02:58:58.327,1.15755,1.15773,1.19,1.05
2014.04.07 02:58:59.299,1.15755,1.15773,1.19,1.53
2014.04.07 02:59:06.350,1.15756,1.15773,1.19,1.05
2014.04.07 02:59:09.348,1.15756,1.15773,1.19,1.05
2014.04.07 02:59:10.276,1.15755,1.15773,1.19,1.05
2014.04.07 02:59:12.259,1.15755,1.15773,1.19,1.53
2014.04.07 02:59:14.267,1.15755,1.15773,1.19,1.05
2014.04.07 02:59:16.207,1.15753,1.15773,2.37,1.05
2014.04.07 02:59:17.212,1.15753,1.15773,2.37,1.05
2014.04.07 02:59:18.301,1.15755,1.15773,1.19,1.05
2014.04.07 02:59:19.678,1.15755,1.15773,1.19,1.05
2014.04.07 02:59:22.142,1.15756,1.15774,1.19,1.05
2014.04.07 02:59:23.146,1.15757,1.15774,1.19,1.05
2014.04.07 02:59:23.984,1.15757,1.15776,1.19,1.53
2014.04.07 02:59:24.086,1.15755,1.15776,1.19,1.05
2014.04.07 02:59:27.061,1.15755,1.15776,1.87,1.53
2014.04.07 02:59:27.112,1.15755,1.15775,1.87,1.80
2014.04.07 02:59:27.414,1.15753,1.15764,1.19,1.00
2014.04.07 02:59:27.945,1.1575,1.15764,1.87,1.00
2014.04.07 02:59:28.577,1.15748,1.15764,2.37,1.00
2014.04.07 02:59:29.624,1.15748,1.15764,2.37,1.00
2014.04.07 02:59:30.585,1.15748,1.15764,2.37,1.00
2014.04.07 02:59:32.136,1.15748,1.15764,2.37,1.38
2014.04.07 02:59:32.439,1.15748,1.15761,1.19,2.63
2014.04.07 02:59:32.540,1.15748,1.1576,1.25,1.88
2014.04.07 02:59:35.836,1.15748,1.1576,1.19,1.88
2014.04.07 02:59:44.743,1.15748,1.1576,1.19,1.88
2014.04.07 02:59:45.443,1.15748,1.15757,1.19,1.00
2014.04.07 02:59:49.512,1.15748,1.15757,1.25,1.00
2014.04.07 02:59:50.498,1.15748,1.15757,1.19,1.00
2014.04.07 02:59:51.139,1.15746,1.15756,1.19,1.00
2014.04.07 02:59:51.714,1.15745,1.15756,1.19,1.00
2014.04.07 02:59:52.506,1.15745,1.15756,1.19,1.00
2014.04.07 02:59:53.509,1.15745,1.15756,1.19,1.00
2014.04.07 02:59:55.516,1.15745,1.15756,1.19,1.00
2014.04.07 02:59:59.576,1.15746,1.15756,1.19,1.00
