2014.04.11 18:00:02.003,1.16097,1.16108,1.00,1.05
2014.04.11 18:00:10.044,1.16097,1.16112,1.00,1.80
2014.04.11 18:00:10.095,1.16098,1.16112,2.78,1.05
2014.04.11 18:00:10.145,1.16101,1.16113,1.00,1.05
2014.04.11 18:00:10.448,1.16103,1.16113,1.00,1.05
2014.04.11 18:00:10.550,1.16101,1.16113,1.00,1.05
2014.04.11 18:00:11.246,1.16103,1.16114,1.00,1.05
2014.04.11 18:00:11.824,1.16101,1.16116,1.00,1.80
2014.04.11 18:00:12.332,1.16103,1.16116,1.00,2.63
2014.04.11 18:00:12.585,1.16101,1.16115,1.50,1.05
2014.04.11 18:00:14.845,1.16101,1.16114,1.00,1.05
2014.04.11 18:00:15.365,1.161,1.16115,1.00,1.05
2014.04.11 18:00:15.951,1.16101,1.16115,1.00,1.05
2014.04.11 18:00:16.472,1.16099,1.16115,1.69,1.05
2014.04.11 18:00:16.595,1.16099,1.16115,1.69,1.05
2014.04.11 18:00:17.138,1.16101,1.16115,1.00,1.05
2014.04.11 18:00:18.749,1.16102,1.16115,1.00,1.05
2014.04.11 18:00:19.976,1.161,1.16115,1.00,1.05
2014.04.11 18:00:20.027,1.161,1.16115,1.00,1.05
2014.04.11 18:00:20.331,1.16102,1.16116,1.00,1.93
2014.04.11 18:00:20.568,1.16103,1.16116,1.00,1.25
2014.04.11 18:00:20.720,1.16104,1.16119,2.03,1.00
2014.04.11 18:00:20.884,1.16107,1.16121,1.00,1.68
2014.04.11 18:00:21.495,1.16107,1.16121,1.00,1.68
2014.04.11 18:00:21.546,1.16105,1.16122,1.25,2.18
2014.04.11 18:00:22.051,1.16105,1.16118,1.00,1.24
2014.04.11 18:00:22.354,1.16105,1.16118,1.00,1.24
2014.04.11 18:00:22.882,1.16105,1.16118,1.00,1.05
2014.04.11 18:00:27.731,1.16105,1.16118,1.00,1.05
2014.04.11 18:00:32.568,1.16105,1.16119,1.00,1.24
2014.04.11 18:00:32.720,1.16105,1.16119,1.00,1.05
2014.04.11 18:00:32.771,1.16107,1.16121,1.00,1.24
2014.04.11 18:00:33.074,1.16107,1.16119,1.00,1.24
2014.04.11 18:00:33.578,1.16107,1.16121,1.00,1.99
2014.04.11 18:00:33.830,1.16105,1.16121,1.00,1.99
2014.04.11 18:00:34.560,1.16105,1.16121,1.00,1.24
2014.04.11 18:00:34.712,1.16107,1.16121,1.00,1.05
2014.04.11 18:00:35.283,1.16107,1.16121,1.00,1.05
2014.04.11 18:00:37.033,1.16107,1.16121,1.00,1.24
2014.04.11 18:00:37.337,1.16109,1.16123,1.00,1.05
2014.04.11 18:00:38.255,1.16109,1.16122,1.00,1.05
2014.04.11 18:00:38.457,1.16106,1.1612,1.00,1.05
2014.04.11 18:00:38.609,1.16106,1.1612,1.00,1.05
2014.04.11 18:00:39.432,1.16108,1.16122,1.00,1.05
2014.04.11 18:00:39.966,1.16108,1.1612,1.00,1.05
2014.04.11 18:00:40.118,1.16106,1.1612,1.00,1.05
2014.04.11 18:00:42.096,1.16106,1.16118,1.00,1.05
2014.04.11 18:00:42.298,1.16106,1.16116,1.00,1.05
2014.04.11 18:00:42.449,1.16102,1.16115,1.00,1.05
2014.04.11 18:00:43.389,1.16101,1.16115,1.00,1.05
2014.04.11 18:00:45.786,1.16101,1.16116,1.13,1.43
2014.04.11 18:00:49.995,1.16102,1.16117,1.00,1.68
2014.04.11 18:00:51.754,1.16103,1.16117,1.00,1.68
2014.04.11 18:00:52.303,1.16102,1.16117,1.00,1.68
2014.04.11 18:00:53.673,1.16102,1.16119,3.15,3.87
2014.04.11 18:00:53.825,1.16103,1.16119,1.13,3.00
2014.04.11 18:00:54.335,1.16104,1.16119,1.00,1.00
2014.04.11 18:00:56.424,1.16104,1.1612,1.00,3.30
2014.04.11 18:00:57.125,1.16104,1.1612,2.97,3.30
2014.04.11 18:00:57.276,1.16108,1.16122,1.00,2.82
2014.04.11 18:00:57.956,1.16108,1.16122,1.00,1.05
2014.04.11 18:00:58.576,1.16108,1.16122,1.00,1.24
2014.04.11 18:00:59.837,1.16108,1.16122,1.00,1.24
2014.04.11 18:01:05.083,1.16108,1.16122,1.00,1.05
2014.04.11 18:01:07.062,1.16108,1.16124,1.00,3.49
2014.04.11 18:01:08.381,1.1611,1.16124,1.00,1.24
2014.04.11 18:01:10.252,1.1611,1.16124,1.00,1.05
2014.04.11 18:01:11.280,1.1611,1.16125,1.00,1.93
2014.04.11 18:01:14.113,1.1611,1.16125,1.00,3.12
2014.04.11 18:01:15.029,1.1611,1.16125,1.00,3.12
2014.04.11 18:01:30.248,1.16109,1.16123,1.00,1.05
2014.04.11 18:01:37.111,1.16109,1.16125,1.00,1.99
2014.04.11 18:01:37.314,1.16107,1.16118,1.00,1.05
2014.04.11 18:01:37.465,1.16106,1.16121,1.00,1.99
2014.04.11 18:01:38.124,1.16105,1.16121,1.00,2.74
2014.04.11 18:01:38.175,1.16103,1.16121,1.50,3.49
2014.04.11 18:01:38.326,1.16104,1.16121,2.03,2.74
2014.04.11 18:01:38.531,1.16105,1.16119,1.00,1.05
2014.04.11 18:01:42.492,1.16105,1.1612,1.00,1.24
2014.04.11 18:01:50.608,1.16104,1.16119,2.78,1.68
2014.04.11 18:01:51.342,1.16104,1.16119,2.78,1.68
2014.04.11 18:02:01.052,1.16104,1.16118,1.00,1.05
2014.04.11 18:02:01.376,1.16104,1.16118,1.00,1.05
2014.04.11 18:02:03.351,1.16104,1.16118,1.00,1.24
2014.04.11 18:02:03.456,1.16104,1.16118,1.00,1.24
2014.04.11 18:02:08.254,1.16103,1.16118,1.00,3.30
2014.04.11 18:02:08.765,1.16101,1.16115,1.25,2.93
2014.04.11 18:02:09.726,1.16099,1.16115,2.97,2.25
2014.04.11 18:02:10.287,1.16099,1.16115,2.97,2.25
2014.04.11 18:02:10.949,1.16099,1.16115,2.97,2.93
2014.04.11 18:02:12.157,1.16099,1.16115,2.97,2.93
2014.04.11 18:02:14.865,1.16099,1.16115,2.97,2.93
2014.04.11 18:02:17.782,1.16099,1.16115,2.97,2.93
2014.04.11 18:02:19.182,1.16099,1.16115,2.97,2.93
2014.04.11 18:02:22.089,1.16099,1.16115,2.97,2.93
2014.04.11 18:02:24.859,1.16103,1.16115,1.00,2.93
2014.04.11 18:02:33.211,1.161,1.16116,2.22,2.18
2014.04.11 18:02:33.723,1.161,1.16116,2.22,2.18
2014.04.11 18:02:35.852,1.16103,1.16116,1.00,3.68
2014.04.11 18:02:36.164,1.16098,1.16112,1.13,2.93
2014.04.11 18:02:36.366,1.16098,1.16112,1.00,2.93
2014.04.11 18:02:36.468,1.16098,1.16112,1.00,2.93
2014.04.11 18:02:36.702,1.16098,1.16113,1.00,1.68
2014.04.11 18:02:37.352,1.16098,1.16111,1.00,2.93
2014.04.11 18:02:37.876,1.16098,1.16111,1.00,2.93
2014.04.11 18:02:38.495,1.16095,1.1611,1.57,2.93
2014.04.11 18:02:42.183,1.16094,1.1611,1.25,3.00
2014.04.11 18:02:43.076,1.16094,1.16109,1.32,2.25
2014.04.11 18:02:47.235,1.16094,1.1611,1.32,3.68
2014.04.11 18:02:48.351,1.16094,1.16109,1.32,1.00
2014.04.11 18:02:50.548,1.16094,1.16109,1.32,1.00
2014.04.11 18:02:52.355,1.16094,1.1611,1.32,3.68
2014.04.11 18:02:56.267,1.16094,1.1611,1.25,1.43
2014.04.11 18:03:02.006,1.16094,1.1611,1.00,1.93
2014.04.11 18:03:02.517,1.16094,1.1611,1.00,1.93
2014.04.11 18:03:03.133,1.16093,1.1611,1.69,1.93
2014.04.11 18:03:03.436,1.16093,1.16109,1.25,1.68
2014.04.11 18:03:03.739,1.16089,1.16102,1.19,2.18
2014.04.11 18:03:03.891,1.16085,1.16101,1.19,1.05
2014.04.11 18:03:04.454,1.16085,1.16101,1.00,1.05
2014.04.11 18:03:05.631,1.16085,1.16101,1.00,1.05
2014.04.11 18:03:12.233,1.16085,1.16101,1.00,1.24
2014.04.11 18:03:12.385,1.16083,1.16099,1.19,1.68
2014.04.11 18:03:12.588,1.16081,1.16098,1.19,1.68
2014.04.11 18:03:13.218,1.1608,1.16097,1.19,1.68
2014.04.11 18:03:14.248,1.1608,1.16097,2.97,4.43
2014.04.11 18:03:14.807,1.16081,1.16098,1.19,1.68
2014.04.11 18:03:15.349,1.16083,1.16099,1.50,3.30
2014.04.11 18:03:17.850,1.16083,1.16099,2.55,2.25
2014.04.11 18:03:18.002,1.16086,1.161,1.05,1.62
2014.04.11 18:03:18.311,1.16089,1.16104,2.03,1.69
2014.04.11 18:03:18.687,1.16086,1.16102,1.32,2.93
2014.04.11 18:03:19.309,1.16085,1.16102,1.25,4.05
2014.04.11 18:03:19.541,1.16093,1.16102,1.00,1.00
2014.04.11 18:03:19.643,1.16093,1.16105,1.00,1.00
2014.04.11 18:03:19.745,1.16089,1.16105,2.97,1.43
2014.04.11 18:03:20.352,1.1609,1.16107,1.25,1.68
2014.04.11 18:03:20.857,1.1609,1.16107,1.25,1.68
2014.04.11 18:03:23.322,1.1609,1.16107,1.62,1.00
2014.04.11 18:03:23.949,1.1609,1.16107,1.19,1.43
2014.04.11 18:03:24.484,1.16091,1.16109,1.25,2.74
2014.04.11 18:03:26.601,1.16091,1.16109,1.25,2.74
2014.04.11 18:03:26.753,1.16088,1.16106,2.74,1.68
2014.04.11 18:03:27.656,1.16088,1.16106,3.49,1.68
2014.04.11 18:03:27.859,1.16087,1.16102,1.00,1.43
2014.04.11 18:03:27.910,1.16087,1.16102,1.00,1.80
2014.04.11 18:03:27.961,1.16085,1.16102,1.69,1.80
2014.04.11 18:03:28.838,1.16083,1.161,1.00,1.80
2014.04.11 18:03:29.387,1.16084,1.161,1.00,1.05
2014.04.11 18:03:31.636,1.16083,1.16099,1.00,2.03
2014.04.11 18:03:32.513,1.16084,1.161,1.00,1.05
2014.04.11 18:03:34.215,1.16084,1.16099,1.00,1.05
2014.04.11 18:03:38.226,1.16084,1.16101,2.78,4.24
2014.04.11 18:03:38.277,1.16084,1.16101,3.45,1.32
2014.04.11 18:03:38.328,1.16086,1.16102,1.13,1.62
2014.04.11 18:03:38.631,1.16092,1.16109,1.19,4.28
2014.04.11 18:03:40.215,1.16092,1.16109,1.00,2.78
2014.04.11 18:03:40.650,1.16091,1.16105,1.15,1.00
2014.04.11 18:03:40.953,1.16088,1.16102,1.00,3.87
2014.04.11 18:03:41.707,1.16086,1.16102,1.13,3.87
2014.04.11 18:03:42.860,1.16086,1.16103,1.00,3.87
2014.04.11 18:03:43.871,1.16086,1.16102,1.00,2.25
2014.04.11 18:03:46.474,1.16087,1.16102,1.00,2.44
2014.04.11 18:03:47.300,1.16087,1.16102,1.38,2.44
2014.04.11 18:03:50.900,1.16087,1.16103,1.00,3.12
2014.04.11 18:03:51.429,1.16088,1.16103,1.00,2.93
2014.04.11 18:03:52.413,1.16088,1.16104,1.13,2.93
2014.04.11 18:03:53.939,1.16087,1.16104,1.38,3.12
2014.04.11 18:03:54.522,1.16087,1.16102,1.00,2.25
2014.04.11 18:03:58.370,1.16087,1.16102,1.00,3.12
2014.04.11 18:03:58.675,1.16086,1.161,1.00,1.24
2014.04.11 18:03:58.985,1.16084,1.16098,1.00,1.24
2014.04.11 18:03:59.252,1.16084,1.16101,3.45,1.99
2014.04.11 18:03:59.303,1.16084,1.16101,3.83,1.62
2014.04.11 18:03:59.556,1.16088,1.16105,2.40,1.68
2014.04.11 18:03:59.708,1.16087,1.16105,2.07,3.68
2014.04.11 18:03:59.758,1.16087,1.16104,1.13,1.24
2014.04.11 18:04:04.174,1.16089,1.16104,1.00,1.99
2014.04.11 18:04:05.960,1.16089,1.16104,1.00,1.24
2014.04.11 18:04:06.306,1.16086,1.16099,1.38,1.68
2014.04.11 18:04:06.843,1.16086,1.16098,1.00,1.05
2014.04.11 18:04:07.097,1.16086,1.16098,1.00,1.05
2014.04.11 18:04:08.179,1.16086,1.16101,2.78,1.24
2014.04.11 18:04:08.331,1.16088,1.16099,1.00,1.05
2014.04.11 18:04:09.481,1.16088,1.16101,1.00,1.05
2014.04.11 18:04:09.682,1.16085,1.16099,1.00,1.05
2014.04.11 18:04:13.167,1.16087,1.16099,1.00,1.05
2014.04.11 18:04:17.295,1.16087,1.16098,1.00,1.05
2014.04.11 18:04:17.396,1.16085,1.16098,1.00,1.05
2014.04.11 18:04:19.076,1.16085,1.16098,1.00,1.24
2014.04.11 18:04:22.900,1.16085,1.16098,1.00,1.93
2014.04.11 18:04:23.001,1.16083,1.16095,1.00,1.05
2014.04.11 18:04:23.052,1.16083,1.16095,1.00,1.05
2014.04.11 18:04:23.374,1.16083,1.16092,1.00,1.80
2014.04.11 18:04:23.425,1.16081,1.16092,1.00,1.80
2014.04.11 18:04:23.527,1.16078,1.16089,1.00,1.15
2014.04.11 18:04:24.068,1.16078,1.16088,1.00,1.05
2014.04.11 18:04:24.608,1.16078,1.1609,1.00,1.05
2014.04.11 18:04:27.299,1.16078,1.16091,1.00,1.99
2014.04.11 18:04:28.806,1.16078,1.16091,1.00,1.62
2014.04.11 18:04:29.008,1.16082,1.16095,1.00,1.24
2014.04.11 18:04:30.042,1.1608,1.16096,1.25,1.05
2014.04.11 18:04:42.039,1.1608,1.16098,3.45,1.50
2014.04.11 18:04:42.562,1.16082,1.16099,1.00,2.00
2014.04.11 18:04:43.172,1.16082,1.16095,1.00,1.05
2014.04.11 18:04:43.273,1.1608,1.16093,1.00,1.05
2014.04.11 18:04:44.110,1.16079,1.16094,1.00,1.53
2014.04.11 18:04:44.211,1.16079,1.16095,1.00,1.57
2014.04.11 18:04:44.565,1.16081,1.16096,1.00,1.53
2014.04.11 18:04:44.666,1.16081,1.16099,1.43,3.12
2014.04.11 18:04:45.639,1.16081,1.16099,1.43,2.74
2014.04.11 18:04:45.791,1.1608,1.16097,3.83,1.32
2014.04.11 18:04:46.296,1.16082,1.16099,1.00,3.19
2014.04.11 18:04:47.055,1.16082,1.16099,1.00,2.44
2014.04.11 18:04:57.260,1.16082,1.16095,1.00,1.05
2014.04.11 18:04:57.412,1.16079,1.16094,2.78,1.05
2014.04.11 18:04:58.409,1.1608,1.16096,1.00,1.24
2014.04.11 18:04:58.935,1.1608,1.16097,3.15,1.99
2014.04.11 18:05:00.733,1.1608,1.16097,3.83,1.15
2014.04.11 18:05:01.310,1.16082,1.16099,2.40,1.63
2014.04.11 18:05:04.285,1.16083,1.16099,1.00,1.38
2014.04.11 18:05:04.588,1.16087,1.16103,2.59,1.68
2014.04.11 18:05:04.894,1.16085,1.16102,1.32,1.05
2014.04.11 18:05:08.190,1.16086,1.16102,1.00,1.24
2014.04.11 18:05:08.240,1.16088,1.16103,1.38,5.37
2014.04.11 18:05:08.393,1.16089,1.16103,3.27,1.00
2014.04.11 18:05:08.544,1.16089,1.16107,4.02,1.99
2014.04.11 18:05:08.800,1.16093,1.16107,1.00,1.99
2014.04.11 18:05:09.404,1.16093,1.16107,1.38,1.62
2014.04.11 18:05:09.708,1.16093,1.16107,1.00,1.24
2014.04.11 18:05:10.684,1.16093,1.16107,1.00,1.24
2014.04.11 18:05:11.046,1.16093,1.16107,1.13,1.15
2014.04.11 18:05:11.806,1.16093,1.16106,1.00,1.68
2014.04.11 18:05:11.957,1.1609,1.16105,1.00,2.55
2014.04.11 18:05:12.008,1.1609,1.16102,1.00,1.68
2014.04.11 18:05:12.093,1.16088,1.16102,1.00,1.68
2014.04.11 18:05:12.932,1.16085,1.16102,1.13,2.18
2014.04.11 18:05:13.933,1.16087,1.16102,2.03,2.37
2014.04.11 18:05:14.084,1.16088,1.16102,1.13,1.00
2014.04.11 18:05:14.611,1.16088,1.16103,1.00,1.05
2014.04.11 18:05:15.492,1.16087,1.16103,1.13,1.05
2014.04.11 18:05:17.845,1.16087,1.16103,1.13,1.05
2014.04.11 18:05:18.015,1.16088,1.16104,1.38,1.15
2014.04.11 18:05:18.369,1.16088,1.16105,1.88,1.05
2014.04.11 18:05:24.457,1.16088,1.16104,1.88,1.93
2014.04.11 18:05:25.067,1.16088,1.16105,2.07,1.68
2014.04.11 18:05:27.319,1.16088,1.16105,2.07,1.68
2014.04.11 18:05:28.026,1.16093,1.16107,1.00,1.99
2014.04.11 18:05:28.127,1.1609,1.16105,1.00,1.24
2014.04.11 18:05:28.178,1.1609,1.16104,1.00,1.68
2014.04.11 18:05:28.430,1.16088,1.16103,1.50,1.24
2014.04.11 18:05:43.674,1.16088,1.16103,1.00,1.24
2014.04.11 18:05:43.725,1.16093,1.16103,1.00,1.15
2014.04.11 18:05:44.174,1.1609,1.16106,1.13,1.24
2014.04.11 18:05:47.325,1.1609,1.16106,1.13,1.24
2014.04.11 18:05:48.756,1.16093,1.16106,1.00,1.99
2014.04.11 18:05:49.742,1.16093,1.16108,1.00,3.87
2014.04.11 18:05:49.793,1.16093,1.16108,1.00,2.93
2014.04.11 18:05:49.843,1.16093,1.16108,1.00,2.93
2014.04.11 18:05:50.513,1.16093,1.16108,1.50,2.18
2014.04.11 18:05:52.578,1.16093,1.16108,1.50,2.37
2014.04.11 18:05:52.730,1.16093,1.16108,1.50,2.37
2014.04.11 18:05:53.094,1.1609,1.16105,1.00,1.05
2014.04.11 18:05:53.145,1.1609,1.16106,1.00,1.63
2014.04.11 18:05:53.246,1.1609,1.16108,1.38,3.12
2014.04.11 18:05:53.550,1.16095,1.16108,1.00,1.68
2014.04.11 18:05:54.156,1.16095,1.16108,1.00,1.00
2014.04.11 18:05:56.190,1.16095,1.1611,1.00,1.53
2014.04.11 18:05:56.492,1.16098,1.16112,1.00,1.24
2014.04.11 18:05:58.432,1.16098,1.16112,1.00,1.99
2014.04.11 18:05:58.734,1.16096,1.16109,1.00,1.05
2014.04.11 18:05:58.785,1.16094,1.16108,1.00,1.68
2014.04.11 18:06:00.099,1.16098,1.16108,1.00,1.25
2014.04.11 18:06:00.302,1.16094,1.16111,3.15,1.99
2014.04.11 18:06:00.824,1.16096,1.16111,1.00,1.24
2014.04.11 18:06:00.874,1.16098,1.16111,1.00,1.24
2014.04.11 18:06:01.441,1.16098,1.16113,1.00,1.93
2014.04.11 18:06:04.677,1.161,1.16113,1.38,1.68
2014.04.11 18:06:04.728,1.16103,1.16116,1.00,1.19
2014.04.11 18:06:04.880,1.16103,1.16117,1.00,2.18
2014.04.11 18:06:04.931,1.161,1.16117,2.07,2.18
2014.04.11 18:06:04.981,1.161,1.16115,1.00,1.80
2014.04.11 18:06:05.688,1.161,1.16113,1.00,1.05
2014.04.11 18:06:05.789,1.161,1.1611,1.00,1.05
2014.04.11 18:06:05.840,1.16095,1.1611,2.78,1.05
2014.04.11 18:06:06.042,1.16095,1.16111,1.00,2.74
2014.04.11 18:06:08.397,1.16095,1.16111,1.00,2.18
2014.04.11 18:06:08.701,1.16095,1.16107,1.00,1.68
2014.04.11 18:06:08.752,1.16095,1.16107,1.00,1.43
2014.04.11 18:06:12.689,1.16095,1.16107,1.00,1.19
2014.04.11 18:06:13.213,1.16095,1.16107,1.00,1.25
2014.04.11 18:06:14.948,1.16093,1.16107,1.00,1.62
2014.04.11 18:06:15.050,1.1609,1.16107,2.07,1.68
2014.04.11 18:06:15.578,1.1609,1.16107,1.38,1.62
2014.04.11 18:06:16.119,1.1609,1.16107,3.53,1.99
2014.04.11 18:06:18.135,1.1609,1.16105,2.78,1.05
2014.04.11 18:06:18.388,1.16088,1.16105,1.13,1.80
2014.04.11 18:06:18.938,1.16088,1.16105,1.13,1.80
2014.04.11 18:06:19.248,1.16088,1.16103,1.00,1.05
2014.04.11 18:06:19.451,1.16085,1.16102,1.38,2.18
2014.04.11 18:06:20.035,1.16085,1.16102,1.38,2.18
2014.04.11 18:06:20.559,1.16085,1.16101,1.00,1.05
2014.04.11 18:06:20.912,1.16085,1.16102,1.38,2.55
2014.04.11 18:06:20.962,1.16087,1.16102,1.68,1.88
2014.04.11 18:06:21.013,1.16089,1.16106,1.80,2.07
2014.04.11 18:06:21.114,1.16089,1.16107,2.74,2.74
2014.04.11 18:06:21.649,1.1609,1.16107,1.24,1.13
2014.04.11 18:06:26.886,1.16091,1.16107,1.00,1.05
2014.04.11 18:06:27.189,1.1609,1.16103,1.00,1.05
2014.04.11 18:06:27.736,1.1609,1.16103,1.00,1.05
2014.04.11 18:06:28.185,1.16087,1.16103,1.00,1.05
2014.04.11 18:06:28.238,1.16087,1.16103,1.00,1.05
2014.04.11 18:06:28.921,1.16084,1.161,1.13,1.05
2014.04.11 18:06:29.785,1.16086,1.161,1.00,1.05
2014.04.11 18:06:30.186,1.16086,1.161,1.00,1.05
2014.04.11 18:06:30.338,1.16084,1.16099,1.00,1.05
2014.04.11 18:06:33.197,1.16082,1.16098,1.13,1.05
2014.04.11 18:06:35.044,1.16082,1.16098,1.00,1.05
2014.04.11 18:06:41.738,1.16082,1.16098,1.25,1.05
2014.04.11 18:06:42.229,1.16086,1.161,1.19,3.30
2014.04.11 18:06:42.840,1.16087,1.161,1.19,2.55
2014.04.11 18:06:43.641,1.16087,1.161,1.19,2.55
2014.04.11 18:06:44.163,1.16088,1.161,1.19,2.55
2014.04.11 18:06:45.558,1.16088,1.16102,1.19,1.88
2014.04.11 18:06:45.609,1.16088,1.16102,2.82,1.50
2014.04.11 18:06:45.660,1.16091,1.16104,1.99,1.50
2014.04.11 18:06:45.761,1.16095,1.16106,1.19,1.50
2014.04.11 18:06:46.064,1.16097,1.16106,1.19,1.00
2014.04.11 18:06:46.165,1.16095,1.16106,1.19,1.00
2014.04.11 18:06:46.677,1.16095,1.16108,1.19,1.80
2014.04.11 18:06:46.792,1.16095,1.16107,1.19,1.80
2014.04.11 18:06:47.095,1.16093,1.16101,1.19,1.00
2014.04.11 18:06:49.154,1.16091,1.16101,1.19,1.00
2014.04.11 18:06:51.570,1.1609,1.16101,1.19,1.43
2014.04.11 18:06:51.620,1.1609,1.16098,1.19,1.00
2014.04.11 18:06:52.559,1.1609,1.16098,1.19,1.00
2014.04.11 18:06:54.207,1.1609,1.16098,1.19,1.00
2014.04.11 18:06:57.483,1.16089,1.16098,1.19,1.00
2014.04.11 18:06:58.108,1.1609,1.16098,1.19,1.00
2014.04.11 18:06:58.210,1.1609,1.161,1.19,1.00
2014.04.11 18:06:59.097,1.1609,1.16102,1.19,1.43
2014.04.11 18:07:00.106,1.16092,1.16102,1.19,1.00
2014.04.11 18:07:00.409,1.16098,1.16107,1.19,1.00
2014.04.11 18:07:00.899,1.16098,1.16106,1.19,1.05
2014.04.11 18:07:00.949,1.16095,1.16105,1.19,1.43
2014.04.11 18:07:01.504,1.16095,1.16103,1.19,1.00
2014.04.11 18:07:01.605,1.16096,1.16107,1.19,1.00
2014.04.11 18:07:01.656,1.16098,1.16107,1.19,1.00
2014.04.11 18:07:03.266,1.16098,1.16104,1.19,1.00
2014.04.11 18:07:03.660,1.16093,1.16104,1.19,1.00
2014.04.11 18:07:03.862,1.16093,1.16099,1.19,1.00
2014.04.11 18:07:04.867,1.16096,1.16105,1.15,1.00
2014.04.11 18:07:04.969,1.16097,1.16103,1.19,1.00
2014.04.11 18:07:05.499,1.16098,1.16104,1.19,1.00
2014.04.11 18:07:06.945,1.16099,1.16104,1.19,1.00
2014.04.11 18:07:07.046,1.161,1.16109,1.19,1.00
2014.04.11 18:07:08.393,1.16098,1.16109,1.62,1.00
2014.04.11 18:07:08.899,1.16098,1.16109,1.19,1.88
2014.04.11 18:07:09.000,1.16095,1.16107,1.19,3.00
2014.04.11 18:07:09.102,1.16093,1.16107,2.37,3.00
2014.04.11 18:07:09.152,1.16093,1.16104,2.37,1.00
2014.04.11 18:07:09.665,1.16095,1.16104,1.62,1.00
2014.04.11 18:07:10.321,1.16096,1.16105,1.15,1.00
2014.04.11 18:07:10.473,1.16096,1.16107,1.15,1.00
2014.04.11 18:07:10.574,1.16096,1.16107,2.89,1.00
2014.04.11 18:07:10.877,1.16099,1.16109,1.19,1.00
2014.04.11 18:07:10.978,1.16098,1.16109,1.19,1.00
2014.04.11 18:07:11.180,1.16096,1.16108,1.19,1.00
2014.04.11 18:07:11.362,1.16096,1.16106,1.19,1.00
2014.04.11 18:07:11.868,1.16097,1.16106,1.19,1.00
2014.04.11 18:07:12.496,1.16094,1.16106,1.19,1.00
2014.04.11 18:07:12.547,1.16094,1.16103,1.19,1.00
2014.04.11 18:07:13.523,1.16094,1.16103,1.19,1.00
2014.04.11 18:07:14.936,1.16094,1.16105,1.19,1.00
2014.04.11 18:07:19.821,1.16093,1.16105,1.19,1.00
2014.04.11 18:07:22.054,1.16093,1.16105,1.19,1.00
2014.04.11 18:07:23.235,1.16093,1.16105,1.19,1.00
2014.04.11 18:07:25.141,1.16093,1.16105,1.19,1.00
2014.04.11 18:07:26.457,1.16093,1.16104,1.19,1.00
2014.04.11 18:07:26.659,1.16091,1.16103,1.19,1.00
2014.04.11 18:07:27.899,1.16092,1.16103,1.19,1.00
2014.04.11 18:07:28.357,1.16092,1.161,1.19,1.00
2014.04.11 18:07:28.906,1.16093,1.161,1.19,1.00
2014.04.11 18:07:33.447,1.16094,1.16102,1.19,1.00
2014.04.11 18:07:34.728,1.16092,1.16102,1.19,1.00
2014.04.11 18:07:35.892,1.16092,1.16102,1.19,1.00
2014.04.11 18:07:35.977,1.16092,1.16104,1.19,1.50
2014.04.11 18:07:38.099,1.16094,1.16104,1.19,1.50
2014.04.11 18:07:40.201,1.16094,1.16104,1.19,1.00
2014.04.11 18:07:40.738,1.1609,1.16104,1.19,1.13
2014.04.11 18:07:42.886,1.16092,1.16104,1.19,1.88
2014.04.11 18:07:43.891,1.16093,1.16104,1.19,1.88
2014.04.11 18:07:48.184,1.16094,1.16104,1.19,1.13
2014.04.11 18:07:48.285,1.16092,1.16104,1.19,1.13
2014.04.11 18:07:50.017,1.16098,1.16104,1.00,1.00
2014.04.11 18:07:50.068,1.16098,1.16107,1.43,1.00
2014.04.11 18:07:50.220,1.16099,1.16109,1.19,1.50
2014.04.11 18:07:50.321,1.16101,1.16111,1.19,2.03
2014.04.11 18:07:50.422,1.16103,1.16111,1.19,2.03
2014.04.11 18:07:50.932,1.16104,1.16111,1.19,2.03
2014.04.11 18:07:51.446,1.16102,1.16111,1.19,2.03
2014.04.11 18:07:51.496,1.161,1.16111,1.69,2.03
2014.04.11 18:07:52.822,1.16099,1.16111,1.19,2.03
2014.04.11 18:07:53.735,1.16099,1.16109,1.19,1.00
2014.04.11 18:07:53.938,1.16098,1.16109,1.19,1.00
2014.04.11 18:07:55.217,1.16098,1.16109,1.19,1.00
2014.04.11 18:07:57.158,1.16097,1.16109,1.19,1.00
2014.04.11 18:07:57.360,1.16095,1.16107,1.19,1.00
2014.04.11 18:07:57.561,1.16092,1.16105,1.19,1.13
2014.04.11 18:07:58.403,1.16092,1.16103,1.19,1.00
2014.04.11 18:07:59.029,1.16091,1.16103,1.19,1.00
2014.04.11 18:07:59.336,1.16092,1.16105,1.24,2.25
2014.04.11 18:07:59.639,1.16102,1.1611,1.19,1.00
2014.04.11 18:08:00.488,1.16102,1.16111,1.19,2.03
2014.04.11 18:08:01.008,1.16101,1.16111,1.19,2.03
2014.04.11 18:08:01.545,1.161,1.16111,1.19,2.78
2014.04.11 18:08:02.429,1.16099,1.16111,1.19,2.78
2014.04.11 18:08:05.463,1.161,1.16111,1.19,2.78
2014.04.11 18:08:08.497,1.16101,1.16111,1.19,2.78
2014.04.11 18:08:09.001,1.161,1.16111,1.19,2.78
2014.04.11 18:08:09.958,1.16099,1.16111,1.19,2.78
2014.04.11 18:08:11.566,1.16099,1.16111,1.19,1.00
2014.04.11 18:08:12.696,1.16099,1.16111,1.19,1.38
2014.04.11 18:08:13.036,1.16099,1.16109,1.19,1.38
2014.04.11 18:08:13.417,1.16094,1.16109,1.62,1.50
2014.04.11 18:08:13.569,1.16098,1.16109,1.00,1.50
2014.04.11 18:08:13.670,1.16094,1.16109,1.99,1.50
2014.04.11 18:08:14.209,1.16094,1.1611,2.74,1.00
2014.04.11 18:08:14.727,1.16095,1.1611,1.32,1.00
2014.04.11 18:08:17.172,1.16095,1.16108,1.19,1.00
2014.04.11 18:08:17.223,1.16093,1.16108,1.24,1.00
2014.04.11 18:08:17.324,1.16094,1.16108,1.19,1.13
2014.04.11 18:08:17.627,1.16094,1.16107,1.19,1.38
2014.04.11 18:08:17.728,1.16092,1.16107,1.25,1.38
2014.04.11 18:08:17.879,1.1609,1.16104,1.19,1.00
2014.04.11 18:08:18.725,1.1609,1.16105,1.19,1.50
2014.04.11 18:08:22.214,1.16089,1.16105,1.32,1.50
2014.04.11 18:08:22.765,1.16091,1.16105,1.32,1.00
2014.04.11 18:08:23.335,1.16091,1.16108,1.19,2.63
2014.04.11 18:08:23.716,1.16091,1.16108,1.57,2.25
2014.04.11 18:08:23.818,1.16093,1.16108,1.68,1.50
2014.04.11 18:08:23.970,1.16095,1.1611,1.24,1.50
2014.04.11 18:08:24.792,1.16097,1.16112,1.15,1.38
2014.04.11 18:08:25.436,1.16096,1.16112,1.87,1.38
2014.04.11 18:08:25.943,1.16096,1.16112,1.62,1.38
2014.04.11 18:08:27.948,1.16096,1.16112,1.62,1.38
2014.04.11 18:08:33.274,1.16097,1.16112,1.19,1.38
2014.04.11 18:08:35.078,1.16095,1.16112,2.37,1.38
2014.04.11 18:08:37.618,1.16096,1.16112,1.62,1.38
2014.04.11 18:08:39.697,1.16095,1.16112,2.37,1.38
2014.04.11 18:08:41.561,1.16095,1.16112,2.37,1.38
2014.04.11 18:08:42.330,1.16096,1.16112,1.15,1.38
2014.04.11 18:08:46.343,1.16096,1.16112,1.62,1.38
2014.04.11 18:08:46.889,1.16095,1.16112,2.37,1.38
2014.04.11 18:08:48.801,1.16098,1.16112,1.00,1.38
2014.04.11 18:08:52.551,1.16098,1.16112,1.00,1.00
2014.04.11 18:08:52.906,1.161,1.16112,1.19,1.00
2014.04.11 18:08:53.565,1.161,1.16114,1.19,1.38
2014.04.11 18:08:54.173,1.161,1.16114,1.19,1.38
2014.04.11 18:08:55.390,1.16101,1.16114,1.19,1.38
2014.04.11 18:08:55.897,1.16102,1.16114,1.69,1.00
2014.04.11 18:08:57.888,1.161,1.16114,1.19,1.13
2014.04.11 18:08:58.090,1.16099,1.16114,1.19,1.13
2014.04.11 18:09:00.388,1.16099,1.16114,1.69,1.13
2014.04.11 18:09:05.375,1.16099,1.16114,1.19,3.83
2014.04.11 18:09:06.022,1.16099,1.16114,1.19,1.80
2014.04.11 18:09:06.649,1.16099,1.16114,1.25,1.80
2014.04.11 18:09:10.172,1.16099,1.16111,1.25,1.00
2014.04.11 18:09:10.674,1.16099,1.16111,1.19,1.00
2014.04.11 18:09:12.142,1.16099,1.16111,1.25,1.00
2014.04.11 18:09:14.853,1.16099,1.16111,1.69,1.00
2014.04.11 18:09:15.682,1.16099,1.16113,1.69,1.00
2014.04.11 18:09:20.497,1.16099,1.16113,1.69,1.00
2014.04.11 18:09:24.965,1.161,1.16112,1.19,1.00
2014.04.11 18:09:25.420,1.16097,1.16111,1.69,1.00
2014.04.11 18:09:27.459,1.16097,1.16111,1.69,1.38
2014.04.11 18:09:27.986,1.16098,1.16111,1.19,1.38
2014.04.11 18:09:28.239,1.16096,1.16109,1.25,1.00
2014.04.11 18:09:28.744,1.16094,1.16108,1.19,1.00
2014.04.11 18:09:29.291,1.16096,1.16108,1.00,1.00
2014.04.11 18:09:29.342,1.16096,1.1611,1.00,1.13
2014.04.11 18:09:30.002,1.16096,1.16112,1.32,1.00
2014.04.11 18:09:30.053,1.16098,1.16112,1.00,1.00
2014.04.11 18:09:45.197,1.16098,1.16112,1.19,1.00
2014.04.11 18:09:47.193,1.16098,1.16112,1.25,1.00
2014.04.11 18:09:48.296,1.16098,1.16112,1.62,1.00
2014.04.11 18:09:49.347,1.16098,1.16112,1.25,1.00
2014.04.11 18:09:55.949,1.16098,1.16112,1.19,1.00
2014.04.11 18:09:56.925,1.16098,1.16112,1.50,1.00
2014.04.11 18:10:00.745,1.16098,1.16111,1.00,1.00
2014.04.11 18:10:01.259,1.16098,1.1611,1.00,1.00
2014.04.11 18:10:02.462,1.16096,1.1611,1.62,1.00
2014.04.11 18:10:03.003,1.16096,1.16112,1.62,1.00
2014.04.11 18:10:03.645,1.16098,1.16112,1.00,1.00
2014.04.11 18:10:16.206,1.161,1.16115,1.00,1.38
2014.04.11 18:10:16.634,1.16099,1.16115,1.24,1.88
2014.04.11 18:10:17.183,1.16099,1.16115,1.24,1.88
2014.04.11 18:10:21.419,1.16098,1.16115,1.57,1.05
2014.04.11 18:10:23.916,1.16098,1.16114,1.38,1.43
2014.04.11 18:10:25.915,1.16098,1.16114,1.63,2.18
2014.04.11 18:10:26.117,1.16097,1.16111,1.00,2.18
2014.04.11 18:10:27.092,1.16096,1.16111,1.00,2.18
2014.04.11 18:10:28.661,1.16096,1.16112,1.25,2.40
2014.04.11 18:10:29.739,1.16096,1.16112,1.19,2.40
2014.04.11 18:10:32.270,1.16096,1.16112,1.25,2.40
2014.04.11 18:10:33.181,1.16096,1.16112,1.19,2.40
2014.04.11 18:10:35.688,1.16096,1.16112,1.00,3.08
2014.04.11 18:10:35.941,1.16096,1.1611,1.00,1.00
2014.04.11 18:10:36.339,1.16096,1.1611,1.00,3.90
2014.04.11 18:10:36.490,1.16091,1.16107,1.32,3.45
2014.04.11 18:10:36.591,1.16091,1.16105,1.13,2.03
2014.04.11 18:10:36.793,1.16091,1.16107,1.80,2.78
2014.04.11 18:10:41.282,1.16091,1.16107,1.32,1.68
2014.04.11 18:10:41.484,1.16088,1.16104,1.69,1.05
2014.04.11 18:10:42.543,1.16088,1.16104,1.69,1.05
2014.04.11 18:10:43.068,1.16087,1.16102,1.00,1.43
2014.04.11 18:10:43.169,1.16085,1.16102,1.00,2.18
2014.04.11 18:10:43.270,1.16085,1.16102,1.00,2.18
2014.04.11 18:10:43.813,1.16085,1.16101,1.00,1.38
2014.04.11 18:10:44.497,1.16085,1.16102,1.00,4.58
2014.04.11 18:10:47.022,1.16085,1.16102,1.68,4.09
2014.04.11 18:10:47.375,1.16086,1.16104,1.99,1.13
2014.04.11 18:10:47.910,1.16088,1.16105,1.00,1.80
2014.04.11 18:10:52.955,1.16086,1.16103,1.32,1.00
2014.04.11 18:10:53.208,1.16084,1.161,1.62,1.38
2014.04.11 18:10:53.510,1.16084,1.16097,1.00,1.05
2014.04.11 18:10:53.612,1.16084,1.16099,1.00,2.37
2014.04.11 18:10:53.663,1.16082,1.16098,1.15,1.00
2014.04.11 18:10:54.253,1.16081,1.16098,1.19,1.68
2014.04.11 18:10:54.902,1.16081,1.16097,1.00,1.15
2014.04.11 18:10:55.407,1.16082,1.16098,1.15,2.78
2014.04.11 18:10:55.911,1.16083,1.16099,1.25,1.68
2014.04.11 18:10:56.416,1.16083,1.16099,1.15,3.53
2014.04.11 18:10:56.720,1.16084,1.16101,1.15,1.50
2014.04.11 18:10:57.023,1.16083,1.16098,1.19,1.68
2014.04.11 18:10:57.074,1.16081,1.16098,1.19,1.68
2014.04.11 18:10:58.289,1.16081,1.16098,1.25,1.93
2014.04.11 18:10:59.932,1.16083,1.16098,1.43,1.25
2014.04.11 18:11:00.438,1.16083,1.16098,1.50,1.68
2014.04.11 18:11:01.512,1.16083,1.16098,2.18,1.25
2014.04.11 18:11:02.161,1.16083,1.161,2.18,1.69
2014.04.11 18:11:02.672,1.16083,1.161,2.18,1.69
2014.04.11 18:11:04.184,1.16083,1.161,1.13,2.37
2014.04.11 18:11:05.079,1.16083,1.161,1.99,3.00
2014.04.11 18:11:05.382,1.16083,1.16094,1.24,1.00
2014.04.11 18:11:08.673,1.16083,1.16094,1.99,1.00
2014.04.11 18:11:08.724,1.16083,1.16097,2.74,1.00
2014.04.11 18:11:09.234,1.16084,1.16097,1.80,1.00
2014.04.11 18:11:11.706,1.16084,1.16098,1.99,1.00
2014.04.11 18:11:13.574,1.16084,1.16098,2.74,1.00
2014.04.11 18:11:14.866,1.16084,1.16098,2.74,1.00
2014.04.11 18:11:15.072,1.16085,1.16098,1.15,1.00
2014.04.11 18:11:15.152,1.16084,1.16098,4.02,1.00
2014.04.11 18:11:15.732,1.16086,1.16098,1.00,1.00
2014.04.11 18:11:16.148,1.16088,1.16098,1.80,1.00
2014.04.11 18:11:16.199,1.1609,1.16104,1.00,1.50
2014.04.11 18:11:16.962,1.1609,1.16104,1.68,1.00
2014.04.11 18:11:17.521,1.16094,1.16104,1.00,1.00
2014.04.11 18:11:17.622,1.16094,1.16106,1.00,1.00
2014.04.11 18:11:18.737,1.16094,1.16107,1.00,1.00
2014.04.11 18:11:18.838,1.16094,1.16105,1.00,1.00
2014.04.11 18:11:19.443,1.16094,1.16105,1.68,1.00
2014.04.11 18:11:28.022,1.16092,1.16105,1.87,1.00
2014.04.11 18:11:28.225,1.16094,1.16108,1.68,1.13
2014.04.11 18:11:28.276,1.16092,1.16108,1.32,1.00
2014.04.11 18:11:29.144,1.16095,1.16108,1.00,1.00
2014.04.11 18:11:29.653,1.16095,1.16105,1.00,1.00
2014.04.11 18:11:29.856,1.16095,1.16107,1.00,1.00
2014.04.11 18:11:30.132,1.16093,1.16107,2.18,1.00
2014.04.11 18:11:36.090,1.16093,1.16107,2.18,1.00
2014.04.11 18:11:36.612,1.16095,1.16107,1.00,1.00
2014.04.11 18:11:41.933,1.16092,1.16104,1.00,1.00
2014.04.11 18:11:49.590,1.16092,1.16104,2.55,1.00
2014.04.11 18:11:49.641,1.16094,1.16106,1.43,1.00
2014.04.11 18:11:49.893,1.16094,1.16108,1.50,1.00
2014.04.11 18:11:50.095,1.16096,1.16108,1.00,1.43
2014.04.11 18:11:50.398,1.16093,1.16105,1.38,1.00
2014.04.11 18:11:50.550,1.16093,1.16107,1.38,1.00
2014.04.11 18:11:50.702,1.16095,1.16107,1.05,1.00
2014.04.11 18:11:51.214,1.16097,1.16109,1.00,1.00
2014.04.11 18:12:02.311,1.16097,1.16111,1.00,1.00
2014.04.11 18:12:07.329,1.16095,1.16111,1.88,1.68
2014.04.11 18:12:07.531,1.16095,1.16108,1.00,1.68
2014.04.11 18:12:07.582,1.16093,1.16108,1.00,1.68
2014.04.11 18:12:07.935,1.16094,1.16109,1.13,1.00
2014.04.11 18:12:08.452,1.16095,1.16109,1.00,1.00
2014.04.11 18:12:08.655,1.16098,1.16109,1.00,1.00
2014.04.11 18:12:08.706,1.16098,1.16111,1.00,1.00
2014.04.11 18:12:10.467,1.16098,1.16111,1.38,1.00
2014.04.11 18:12:10.518,1.16102,1.16115,1.68,1.19
2014.04.11 18:12:10.719,1.16109,1.16118,1.00,1.00
2014.04.11 18:12:10.820,1.16109,1.16122,1.00,1.00
2014.04.11 18:12:11.385,1.16106,1.16122,2.18,1.00
2014.04.11 18:12:11.901,1.16108,1.16122,1.43,1.88
2014.04.11 18:12:12.438,1.16107,1.16122,1.00,2.55
2014.04.11 18:12:13.041,1.16105,1.16122,1.00,2.74
2014.04.11 18:12:13.628,1.16107,1.16122,1.00,2.74
2014.04.11 18:12:13.931,1.16112,1.16123,1.43,1.19
2014.04.11 18:12:14.033,1.16112,1.16127,1.87,1.00
2014.04.11 18:12:14.551,1.16112,1.16129,1.87,1.38
2014.04.11 18:12:14.753,1.16115,1.16132,1.00,4.84
2014.04.11 18:12:15.375,1.16115,1.16127,1.00,1.00
2014.04.11 18:12:15.678,1.16112,1.16126,1.00,1.57
2014.04.11 18:12:15.830,1.1611,1.16125,1.00,3.34
2014.04.11 18:12:16.082,1.1611,1.16122,1.00,1.38
2014.04.11 18:12:16.435,1.1611,1.16123,1.00,1.19
2014.04.11 18:12:16.594,1.16108,1.16123,1.00,1.19
2014.04.11 18:12:17.547,1.16108,1.16125,1.00,4.09
2014.04.11 18:12:17.801,1.16108,1.16125,1.50,3.72
2014.04.11 18:12:18.105,1.1612,1.16125,1.00,1.00
2014.04.11 18:12:18.358,1.16123,1.16135,2.03,1.00
2014.04.11 18:12:18.459,1.16121,1.16132,2.03,1.00
2014.04.11 18:12:18.882,1.16123,1.16132,1.00,1.00
2014.04.11 18:12:22.377,1.16121,1.16132,1.00,1.13
2014.04.11 18:12:22.903,1.1612,1.16132,1.00,2.55
2014.04.11 18:12:23.866,1.16118,1.16132,1.00,2.55
2014.04.11 18:12:25.018,1.16118,1.16132,1.68,1.50
2014.04.11 18:12:25.551,1.16121,1.16136,1.68,1.63
2014.04.11 18:12:26.089,1.16121,1.16134,1.00,1.38
2014.04.11 18:12:26.140,1.16119,1.16134,1.00,1.38
2014.04.11 18:12:30.661,1.16119,1.16132,1.00,1.00
2014.04.11 18:12:37.443,1.16119,1.16134,1.00,1.38
2014.04.11 18:12:37.653,1.16128,1.16134,2.18,1.38
2014.04.11 18:12:37.703,1.16129,1.16137,1.00,2.97
2014.04.11 18:12:37.754,1.16129,1.1614,1.00,1.00
2014.04.11 18:12:37.855,1.16127,1.1614,2.78,1.00
2014.04.11 18:12:38.208,1.16127,1.16137,1.00,1.00
2014.04.11 18:12:38.738,1.16126,1.16137,1.00,1.00
2014.04.11 18:12:39.950,1.16126,1.16137,1.38,1.00
2014.04.11 18:12:40.254,1.16132,1.1614,2.97,1.00
2014.04.11 18:12:40.370,1.16132,1.16147,2.97,1.88
2014.04.11 18:12:40.932,1.16132,1.16147,2.97,1.38
2014.04.11 18:12:41.083,1.16132,1.16147,2.78,1.38
2014.04.11 18:12:41.235,1.16133,1.16146,1.00,1.05
2014.04.11 18:12:41.286,1.16133,1.16142,1.00,1.00
2014.04.11 18:12:42.863,1.16129,1.16137,1.00,1.68
2014.04.11 18:12:43.109,1.16125,1.16137,1.38,1.00
2014.04.11 18:12:43.311,1.16125,1.16137,1.00,1.38
2014.04.11 18:12:43.841,1.16123,1.16137,1.00,1.38
2014.04.11 18:12:45.348,1.16121,1.16137,1.00,1.38
2014.04.11 18:12:48.284,1.16123,1.16136,1.00,1.38
2014.04.11 18:12:49.771,1.16123,1.16137,1.00,1.38
2014.04.11 18:12:51.500,1.16124,1.16137,1.00,1.38
2014.04.11 18:12:54.080,1.16124,1.16132,1.00,1.00
2014.04.11 18:12:54.131,1.16122,1.16132,1.00,1.00
2014.04.11 18:12:56.191,1.16119,1.16132,1.00,1.00
2014.04.11 18:12:56.995,1.16119,1.16134,1.00,1.38
2014.04.11 18:13:00.799,1.16119,1.16134,1.68,1.00
2014.04.11 18:13:01.303,1.16121,1.16136,1.00,1.38
2014.04.11 18:13:01.851,1.16122,1.16136,1.00,1.38
2014.04.11 18:13:02.636,1.16122,1.16136,1.00,1.00
2014.04.11 18:13:02.789,1.16122,1.16136,1.68,1.00
2014.04.11 18:13:02.839,1.16123,1.16139,1.68,1.50
2014.04.11 18:13:02.890,1.16123,1.16139,1.68,1.88
2014.04.11 18:13:06.264,1.16124,1.16139,1.68,1.00
2014.04.11 18:13:06.365,1.16124,1.16139,1.68,1.38
2014.04.11 18:13:09.126,1.16124,1.16139,1.00,1.38
2014.04.11 18:13:09.430,1.16124,1.16139,1.00,1.38
2014.04.11 18:13:10.131,1.16124,1.16137,1.00,1.50
2014.04.11 18:13:10.239,1.16124,1.16137,3.45,1.00
2014.04.11 18:13:10.745,1.16126,1.16139,1.43,2.63
2014.04.11 18:13:11.336,1.16124,1.16139,1.68,2.63
2014.04.11 18:13:12.105,1.16124,1.16137,1.68,1.38
2014.04.11 18:13:12.835,1.16124,1.16137,1.68,1.00
2014.04.11 18:13:12.886,1.16124,1.16137,1.00,1.00
2014.04.11 18:13:13.400,1.16122,1.16137,1.68,1.88
2014.04.11 18:13:14.188,1.16122,1.16137,1.68,1.50
2014.04.11 18:13:14.416,1.16122,1.16137,1.68,1.88
2014.04.11 18:13:14.950,1.16122,1.16137,1.68,1.88
2014.04.11 18:13:16.270,1.16122,1.16137,1.68,1.88
2014.04.11 18:13:16.949,1.16122,1.16136,1.68,1.38
2014.04.11 18:13:17.152,1.16122,1.16136,1.68,1.38
2014.04.11 18:13:17.461,1.16122,1.16137,1.68,1.88
2014.04.11 18:13:17.511,1.16122,1.16132,1.00,1.13
2014.04.11 18:13:17.562,1.16122,1.16132,1.00,1.38
2014.04.11 18:13:18.181,1.1612,1.16134,1.80,1.38
2014.04.11 18:13:18.689,1.1612,1.16134,1.80,1.38
2014.04.11 18:13:18.942,1.1612,1.16134,1.80,1.00
2014.04.11 18:13:18.993,1.1612,1.16136,1.80,1.69
2014.04.11 18:13:19.141,1.1612,1.16136,1.80,2.07
2014.04.11 18:13:19.294,1.1612,1.16132,1.80,1.00
2014.04.11 18:13:19.748,1.1612,1.16136,1.80,1.00
2014.04.11 18:13:19.849,1.1612,1.16136,1.80,1.38
2014.04.11 18:13:22.338,1.1612,1.16136,1.80,1.00
2014.04.11 18:13:22.645,1.1612,1.16136,1.80,1.38
2014.04.11 18:13:23.569,1.1612,1.16136,1.80,1.38
2014.04.11 18:13:23.922,1.16116,1.1613,1.00,1.13
2014.04.11 18:13:24.372,1.16119,1.16132,1.00,1.38
2014.04.11 18:13:24.574,1.16119,1.16133,1.68,1.38
2014.04.11 18:13:24.675,1.16119,1.16133,1.00,1.88
2014.04.11 18:13:24.978,1.16119,1.1613,1.00,1.38
2014.04.11 18:13:26.301,1.16119,1.1613,1.68,1.38
2014.04.11 18:13:26.352,1.16116,1.1613,2.70,1.00
2014.04.11 18:13:26.403,1.16119,1.16132,1.05,1.38
2014.04.11 18:13:26.655,1.16119,1.16133,1.68,1.38
2014.04.11 18:13:27.203,1.16118,1.16133,1.68,1.00
2014.04.11 18:13:27.409,1.16118,1.16133,1.68,1.38
2014.04.11 18:13:27.544,1.16118,1.16133,1.68,1.00
2014.04.11 18:13:27.866,1.16118,1.16133,2.55,1.00
2014.04.11 18:13:28.068,1.1612,1.16132,1.05,1.00
2014.04.11 18:13:28.170,1.16119,1.16132,1.50,1.00
2014.04.11 18:13:28.220,1.16119,1.16132,1.50,1.38
2014.04.11 18:13:28.322,1.16115,1.1613,1.25,4.65
2014.04.11 18:13:28.423,1.16115,1.16126,1.00,1.00
2014.04.11 18:13:28.907,1.16111,1.16126,1.24,1.50
2014.04.11 18:13:29.934,1.16113,1.16126,1.00,1.50
2014.04.11 18:13:30.035,1.16116,1.16126,1.05,1.50
2014.04.11 18:13:30.085,1.16116,1.16128,1.05,2.03
2014.04.11 18:13:30.136,1.16115,1.16128,1.05,2.03
2014.04.11 18:13:30.187,1.16115,1.1613,1.05,1.00
2014.04.11 18:13:30.288,1.16114,1.16127,1.87,1.00
2014.04.11 18:13:30.389,1.16113,1.1613,1.99,3.15
2014.04.11 18:13:30.490,1.16113,1.1613,1.32,3.83
2014.04.11 18:13:31.026,1.16113,1.16128,1.13,1.00
2014.04.11 18:13:31.558,1.1611,1.16127,1.99,1.00
2014.04.11 18:13:33.480,1.16112,1.16128,1.43,1.00
2014.04.11 18:13:33.531,1.16112,1.16128,1.80,1.00
2014.04.11 18:13:33.733,1.16117,1.16132,1.24,1.50
2014.04.11 18:13:34.242,1.16117,1.16132,1.99,1.00
2014.04.11 18:13:34.445,1.16117,1.16132,2.74,1.00
2014.04.11 18:13:34.596,1.16118,1.16136,1.87,1.13
2014.04.11 18:13:34.887,1.16119,1.16136,1.15,4.88
2014.04.11 18:13:34.938,1.16117,1.16133,2.37,1.00
2014.04.11 18:13:35.039,1.16116,1.16132,1.68,1.00
2014.04.11 18:13:37.546,1.16116,1.16132,1.68,1.00
2014.04.11 18:13:38.870,1.16116,1.16132,1.68,1.50
2014.04.11 18:13:39.828,1.16117,1.16132,1.93,1.00
2014.04.11 18:13:40.349,1.16117,1.16133,1.68,1.00
2014.04.11 18:13:40.925,1.16117,1.16133,1.93,1.00
2014.04.11 18:13:41.027,1.16116,1.16133,1.99,2.25
2014.04.11 18:13:41.180,1.16116,1.16129,1.00,1.00
2014.04.11 18:13:41.231,1.16113,1.16129,1.93,1.50
2014.04.11 18:13:41.281,1.16113,1.16129,1.93,1.88
2014.04.11 18:13:41.694,1.16111,1.16129,1.68,2.07
2014.04.11 18:13:43.012,1.16111,1.16129,1.93,2.07
2014.04.11 18:13:43.679,1.16111,1.16129,1.68,1.88
2014.04.11 18:13:46.753,1.16111,1.16129,1.93,1.88
2014.04.11 18:13:46.854,1.16113,1.16129,1.68,1.38
2014.04.11 18:13:47.275,1.16115,1.16131,1.68,1.00
2014.04.11 18:13:49.274,1.16118,1.16131,1.00,1.00
2014.04.11 18:13:49.476,1.16118,1.16134,1.43,1.38
2014.04.11 18:13:50.383,1.16118,1.16134,1.68,1.38
2014.04.11 18:13:51.292,1.16121,1.16136,1.05,1.69
2014.04.11 18:13:51.393,1.16121,1.16136,1.93,1.50
2014.04.11 18:13:51.595,1.16126,1.16141,2.37,1.00
2014.04.11 18:13:51.697,1.16127,1.16143,1.87,1.13
2014.04.11 18:13:51.748,1.16126,1.16143,2.18,2.44
2014.04.11 18:13:52.120,1.16126,1.16142,1.68,1.63
2014.04.11 18:14:00.674,1.16123,1.1614,2.18,1.38
2014.04.11 18:14:00.775,1.16123,1.16139,1.68,1.50
2014.04.11 18:14:01.691,1.1612,1.16136,1.68,2.07
2014.04.11 18:14:02.104,1.1612,1.16136,1.93,1.13
2014.04.11 18:14:02.407,1.16123,1.16141,1.68,2.07
2014.04.11 18:14:02.641,1.16123,1.16141,1.68,2.07
2014.04.11 18:14:04.180,1.16123,1.16141,1.68,2.82
2014.04.11 18:14:05.516,1.16125,1.16141,1.35,2.07
2014.04.11 18:14:05.618,1.16128,1.16141,3.15,1.38
2014.04.11 18:14:06.124,1.16127,1.16142,1.62,1.88
2014.04.11 18:14:06.326,1.16127,1.16142,1.62,1.50
2014.04.11 18:14:06.440,1.16127,1.16142,1.62,1.88
2014.04.11 18:14:06.845,1.16124,1.16141,3.49,1.38
2014.04.11 18:14:06.896,1.16124,1.16141,2.37,1.38
2014.04.11 18:14:07.201,1.16124,1.16137,1.43,1.38
2014.04.11 18:14:07.738,1.16123,1.16137,1.00,1.38
2014.04.11 18:14:10.776,1.16121,1.16137,2.18,1.38
2014.04.11 18:14:11.162,1.16121,1.16137,1.00,1.63
2014.04.11 18:14:11.760,1.1612,1.16137,1.43,2.07
2014.04.11 18:14:16.246,1.1612,1.16137,1.62,1.88
2014.04.11 18:14:18.858,1.1612,1.16132,1.19,1.00
2014.04.11 18:14:19.161,1.16115,1.16127,1.00,1.00
2014.04.11 18:14:19.262,1.16112,1.16127,1.62,1.00
2014.04.11 18:14:19.891,1.16112,1.16127,1.62,1.00
2014.04.11 18:14:21.270,1.1611,1.16127,3.12,1.00
2014.04.11 18:14:22.038,1.16113,1.16129,1.68,2.44
2014.04.11 18:14:22.341,1.16117,1.16131,1.68,1.00
2014.04.11 18:14:22.845,1.16117,1.16131,1.68,1.00
2014.04.11 18:14:23.361,1.16115,1.16131,1.68,1.00
2014.04.11 18:14:23.955,1.16115,1.16132,2.18,3.38
2014.04.11 18:14:24.056,1.16115,1.16132,1.68,5.40
2014.04.11 18:14:24.107,1.16113,1.1613,1.99,1.38
2014.04.11 18:14:24.614,1.16114,1.1613,1.68,1.25
2014.04.11 18:14:25.062,1.16118,1.1613,1.05,1.00
2014.04.11 18:14:25.112,1.16121,1.16132,1.05,1.00
2014.04.11 18:14:25.265,1.1612,1.16132,1.68,1.00
2014.04.11 18:14:25.366,1.1612,1.16132,1.68,1.00
2014.04.11 18:14:25.619,1.16121,1.16136,1.68,2.25
2014.04.11 18:14:26.169,1.16119,1.16135,1.93,1.50
2014.04.11 18:14:26.270,1.16118,1.16135,1.87,2.63
2014.04.11 18:14:26.371,1.16118,1.16135,1.68,5.22
2014.04.11 18:14:26.910,1.16114,1.16129,2.74,1.00
2014.04.11 18:14:28.540,1.16114,1.16129,1.05,1.00
2014.04.11 18:14:28.643,1.16114,1.16127,1.05,1.00
2014.04.11 18:14:28.946,1.16109,1.16126,1.87,1.38
2014.04.11 18:14:29.249,1.16109,1.16122,1.68,1.13
2014.04.11 18:14:30.540,1.16109,1.16123,1.05,1.25
2014.04.11 18:14:30.691,1.16109,1.16125,1.24,3.75
2014.04.11 18:14:31.500,1.1611,1.16127,1.68,2.44
2014.04.11 18:14:32.063,1.16112,1.16127,1.00,1.69
2014.04.11 18:14:35.860,1.1611,1.16127,1.93,1.69
2014.04.11 18:14:35.910,1.1611,1.16127,1.93,2.07
2014.04.11 18:14:36.213,1.16109,1.16124,1.68,1.38
2014.04.11 18:14:36.516,1.1611,1.16126,3.27,1.00
2014.04.11 18:14:37.089,1.16112,1.16127,1.68,1.00
2014.04.11 18:14:43.829,1.16112,1.16127,1.93,1.00
2014.04.11 18:14:43.880,1.16112,1.16125,1.93,1.00
2014.04.11 18:14:44.132,1.16105,1.16117,1.43,1.00
2014.04.11 18:14:44.537,1.16106,1.16119,1.00,1.32
2014.04.11 18:14:44.689,1.16103,1.16119,1.05,1.63
2014.04.11 18:14:45.031,1.16106,1.16121,1.00,4.09
2014.04.11 18:14:45.655,1.16106,1.16121,1.00,4.09
2014.04.11 18:14:45.975,1.16104,1.16121,1.15,4.77
2014.04.11 18:14:46.179,1.16103,1.16121,2.18,4.09
2014.04.11 18:14:47.789,1.16103,1.16118,1.68,1.38
2014.04.11 18:14:48.414,1.16103,1.16117,1.00,1.38
2014.04.11 18:14:49.989,1.16103,1.16117,1.68,1.38
2014.04.11 18:14:51.678,1.16103,1.16117,1.00,1.38
2014.04.11 18:14:56.809,1.16103,1.16117,1.00,1.00
2014.04.11 18:14:56.881,1.16103,1.16117,1.00,1.38
2014.04.11 18:14:57.576,1.16103,1.16117,1.68,1.38
2014.04.11 18:14:57.879,1.16103,1.16117,1.68,1.38
2014.04.11 18:14:58.033,1.161,1.16112,1.00,3.68
2014.04.11 18:14:58.134,1.16098,1.16111,1.00,1.25
2014.04.11 18:14:58.539,1.16098,1.1611,1.68,1.38
2014.04.11 18:14:58.640,1.16098,1.16111,1.68,1.00
2014.04.11 18:14:59.146,1.16101,1.16116,1.68,1.88
2014.04.11 18:15:00.943,1.16101,1.16117,1.68,1.69
2014.04.11 18:15:01.146,1.16101,1.16117,1.68,2.82
2014.04.11 18:15:04.360,1.16101,1.16116,1.68,1.25
2014.04.11 18:15:04.877,1.161,1.16117,1.68,1.32
2014.04.11 18:15:05.609,1.161,1.16117,1.68,1.32
2014.04.11 18:15:06.276,1.161,1.16117,1.68,1.32
2014.04.11 18:15:06.478,1.16097,1.16114,1.62,1.00
2014.04.11 18:15:06.529,1.16097,1.16114,1.68,1.57
2014.04.11 18:15:07.033,1.16098,1.16116,1.68,1.63
2014.04.11 18:15:07.543,1.16098,1.16116,1.68,1.63
2014.04.11 18:15:08.623,1.16098,1.16116,1.68,1.38
2014.04.11 18:15:09.128,1.161,1.16116,1.05,1.13
2014.04.11 18:15:10.009,1.161,1.16116,1.05,1.13
2014.04.11 18:15:14.408,1.16102,1.16119,1.68,2.63
2014.04.11 18:15:15.080,1.16102,1.16119,1.68,2.63
2014.04.11 18:15:15.527,1.16102,1.16119,1.68,1.88
2014.04.11 18:15:16.029,1.16102,1.16119,1.68,1.88
2014.04.11 18:15:20.189,1.16103,1.16119,2.37,1.38
2014.04.11 18:15:20.766,1.16103,1.16119,2.18,1.38
2014.04.11 18:15:20.816,1.16103,1.16119,2.18,1.38
2014.04.11 18:15:21.459,1.16103,1.16119,2.37,1.38
2014.04.11 18:15:23.474,1.16104,1.1612,1.68,1.25
2014.04.11 18:15:23.650,1.16104,1.16121,1.68,1.57
2014.04.11 18:15:26.458,1.16103,1.16121,1.93,1.63
2014.04.11 18:15:29.858,1.16103,1.16121,2.37,1.63
2014.04.11 18:15:29.959,1.16103,1.16121,3.12,1.38
2014.04.11 18:15:32.049,1.16106,1.16123,1.68,4.09
2014.04.11 18:15:32.352,1.16111,1.16129,1.68,1.63
2014.04.11 18:15:32.402,1.16111,1.16129,1.68,1.63
2014.04.11 18:15:32.568,1.16111,1.16129,1.68,1.63
2014.04.11 18:15:33.110,1.16113,1.1613,1.68,1.63
2014.04.11 18:15:35.348,1.16113,1.1613,1.80,1.00
2014.04.11 18:15:35.449,1.16113,1.1613,1.80,1.00
2014.04.11 18:15:35.753,1.16115,1.16127,1.00,1.68
2014.04.11 18:15:35.956,1.16113,1.16127,1.05,1.00
2014.04.11 18:15:36.007,1.16111,1.16127,1.80,1.00
2014.04.11 18:15:36.159,1.16111,1.16125,1.38,1.25
2014.04.11 18:15:36.497,1.16111,1.16122,1.00,1.13
2014.04.11 18:15:36.699,1.16108,1.16122,1.43,1.13
2014.04.11 18:15:37.993,1.16107,1.16122,1.00,1.32
2014.04.11 18:15:39.518,1.16107,1.16121,1.00,1.05
2014.04.11 18:15:39.670,1.16105,1.16121,1.50,1.05
2014.04.11 18:15:41.731,1.16105,1.1612,1.00,1.38
2014.04.11 18:15:41.883,1.16102,1.16117,1.00,1.05
2014.04.11 18:15:42.993,1.16103,1.16118,1.00,1.53
2014.04.11 18:15:43.876,1.16103,1.16118,1.00,1.05
2014.04.11 18:15:47.040,1.16103,1.16118,1.00,1.05
2014.04.11 18:15:47.544,1.16103,1.16118,1.00,1.05
2014.04.11 18:15:54.813,1.16103,1.16118,1.00,1.05
2014.04.11 18:15:54.964,1.16103,1.16118,1.00,1.05
2014.04.11 18:15:55.489,1.16102,1.16118,1.00,1.05
2014.04.11 18:16:01.776,1.16102,1.16117,1.43,2.63
2014.04.11 18:16:02.079,1.161,1.16113,1.00,2.82
2014.04.11 18:16:02.130,1.16098,1.16113,1.00,2.82
2014.04.11 18:16:02.181,1.16098,1.16115,1.68,3.34
2014.04.11 18:16:02.231,1.16098,1.16115,1.68,1.63
2014.04.11 18:16:02.754,1.16101,1.16119,1.00,7.09
2014.04.11 18:16:03.514,1.16101,1.16119,1.68,7.09
2014.04.11 18:16:10.091,1.16103,1.16118,1.00,1.38
2014.04.11 18:16:10.444,1.16101,1.16115,1.19,1.00
2014.04.11 18:16:10.495,1.16099,1.16115,1.00,2.97
2014.04.11 18:16:10.918,1.16096,1.16113,1.93,1.13
2014.04.11 18:16:11.765,1.16096,1.16112,1.43,2.63
2014.04.11 18:16:15.155,1.16094,1.16111,1.68,4.32
2014.04.11 18:16:19.768,1.16095,1.16111,1.68,1.13
2014.04.11 18:16:19.870,1.16098,1.16113,1.68,1.13
2014.04.11 18:16:20.072,1.16098,1.16113,1.62,1.13
2014.04.11 18:16:20.574,1.16098,1.16113,1.93,1.13
2014.04.11 18:16:21.732,1.16098,1.16114,1.43,1.63
2014.04.11 18:16:25.411,1.16097,1.16115,1.43,4.24
2014.04.11 18:16:27.789,1.16095,1.16113,3.45,3.57
2014.04.11 18:16:32.328,1.16099,1.16113,2.70,3.00
2014.04.11 18:16:32.487,1.16099,1.16116,3.45,1.32
2014.04.11 18:16:32.640,1.16103,1.16116,2.70,1.00
2014.04.11 18:16:33.169,1.16103,1.1612,3.45,3.57
2014.04.11 18:16:33.447,1.16103,1.1612,2.18,1.32
2014.04.11 18:16:33.968,1.16104,1.16122,1.00,6.27
2014.04.11 18:16:36.839,1.16104,1.16121,1.19,1.05
2014.04.11 18:16:36.940,1.16103,1.1612,1.43,1.13
2014.04.11 18:16:37.452,1.16103,1.1612,1.43,1.38
2014.04.11 18:16:47.254,1.16103,1.1612,1.68,1.00
2014.04.11 18:16:47.895,1.16104,1.16121,1.62,1.13
2014.04.11 18:16:48.127,1.16104,1.16121,1.93,1.13
2014.04.11 18:16:51.887,1.16105,1.16121,1.00,1.05
2014.04.11 18:16:52.204,1.16103,1.1612,2.18,1.38
2014.04.11 18:16:54.683,1.16101,1.16119,1.00,1.32
2014.04.11 18:16:57.567,1.16101,1.16118,1.00,2.03
2014.04.11 18:16:57.668,1.16099,1.16116,1.99,1.00
2014.04.11 18:16:59.406,1.16099,1.16116,1.62,1.13
2014.04.11 18:17:00.252,1.16099,1.16116,1.62,1.38
2014.04.11 18:17:00.556,1.16095,1.16111,1.00,1.24
2014.04.11 18:17:00.887,1.16095,1.16112,1.68,1.32
2014.04.11 18:17:01.190,1.16098,1.16112,1.68,1.00
2014.04.11 18:17:01.502,1.16098,1.16115,2.18,1.13
2014.04.11 18:17:01.941,1.16099,1.16117,1.87,1.00
2014.04.11 18:17:02.478,1.16101,1.16118,1.43,1.32
2014.04.11 18:17:03.231,1.16101,1.16118,1.00,1.99
2014.04.11 18:17:03.333,1.16101,1.16118,1.00,1.32
2014.04.11 18:17:03.383,1.16103,1.16118,1.00,1.13
2014.04.11 18:17:10.904,1.16103,1.16118,1.00,1.99
2014.04.11 18:17:11.106,1.161,1.16117,1.00,2.78
2014.04.11 18:17:11.773,1.161,1.16117,1.00,3.15
2014.04.11 18:17:12.083,1.16098,1.16116,1.69,1.38
2014.04.11 18:17:13.518,1.16098,1.16116,1.50,1.25
2014.04.11 18:17:13.620,1.16098,1.16116,2.44,1.00
2014.04.11 18:17:14.184,1.161,1.16117,1.00,1.13
2014.04.11 18:17:14.690,1.161,1.16117,1.00,1.32
2014.04.11 18:17:15.006,1.16102,1.16118,1.00,1.24
2014.04.11 18:17:15.894,1.16102,1.16118,1.00,1.24
2014.04.11 18:17:28.183,1.16102,1.16117,1.62,1.13
2014.04.11 18:17:34.192,1.16102,1.16117,1.62,1.13
2014.04.11 18:17:35.269,1.16102,1.16119,1.25,2.74
2014.04.11 18:17:35.370,1.16099,1.16117,1.43,1.38
2014.04.11 18:17:35.547,1.16099,1.16117,1.68,1.38
2014.04.11 18:17:41.399,1.16099,1.16117,3.87,1.00
2014.04.11 18:17:41.500,1.16101,1.16117,1.24,1.00
2014.04.11 18:17:41.752,1.16103,1.16121,2.37,1.13
2014.04.11 18:17:41.854,1.16103,1.16121,1.93,1.38
2014.04.11 18:17:46.060,1.16103,1.16119,1.80,1.00
2014.04.11 18:17:46.363,1.16103,1.16119,1.68,1.38
2014.04.11 18:17:50.285,1.16102,1.16118,1.00,1.05
2014.04.11 18:17:50.437,1.161,1.16116,1.43,1.63
2014.04.11 18:17:50.538,1.16098,1.16115,1.62,1.38
2014.04.11 18:17:50.589,1.16098,1.16115,1.62,1.38
2014.04.11 18:17:51.184,1.16098,1.16114,1.00,1.53
2014.04.11 18:17:51.437,1.16096,1.16113,1.62,1.00
2014.04.11 18:17:51.970,1.16096,1.16113,1.62,1.38
2014.04.11 18:17:53.092,1.16096,1.16113,1.43,2.07
2014.04.11 18:17:55.462,1.16096,1.16113,1.00,2.74
2014.04.11 18:17:58.283,1.16096,1.16112,1.00,1.57
2014.04.11 18:18:02.618,1.16096,1.16113,1.00,2.74
2014.04.11 18:18:04.421,1.16096,1.16113,1.00,1.99
2014.04.11 18:18:07.586,1.16096,1.16111,1.00,1.57
2014.04.11 18:18:08.027,1.16096,1.16113,2.55,2.07
2014.04.11 18:18:08.279,1.16099,1.16116,1.00,1.53
2014.04.11 18:18:08.330,1.16099,1.16117,1.00,1.99
2014.04.11 18:18:09.263,1.16099,1.16116,1.00,1.99
2014.04.11 18:18:09.439,1.16099,1.16116,1.00,1.99
2014.04.11 18:18:10.875,1.16099,1.16116,3.45,1.63
2014.04.11 18:18:10.976,1.16101,1.16118,1.43,2.74
2014.04.11 18:18:11.497,1.16101,1.16118,2.18,1.99
2014.04.11 18:18:11.856,1.16101,1.16115,1.00,1.05
2014.04.11 18:18:12.058,1.16099,1.16115,1.00,1.05
2014.04.11 18:18:13.259,1.16099,1.16116,2.25,1.80
2014.04.11 18:18:13.816,1.161,1.16118,1.43,2.74
2014.04.11 18:18:16.638,1.16102,1.16118,1.00,1.99
2014.04.11 18:18:18.426,1.16102,1.16118,1.00,1.99
2014.04.11 18:18:18.527,1.161,1.16115,3.45,1.38
2014.04.11 18:18:18.629,1.16098,1.16113,1.00,1.05
2014.04.11 18:18:18.983,1.16098,1.16113,1.00,1.32
2014.04.11 18:18:19.084,1.16098,1.16112,1.00,1.05
2014.04.11 18:18:19.589,1.16096,1.16113,1.00,2.82
2014.04.11 18:18:20.230,1.16096,1.16111,1.00,1.53
2014.04.11 18:18:20.765,1.16095,1.16111,1.00,1.53
2014.04.11 18:18:21.391,1.16092,1.1611,1.99,1.38
2014.04.11 18:18:22.285,1.16092,1.1611,1.99,1.38
2014.04.11 18:18:37.185,1.16092,1.1611,1.80,1.99
2014.04.11 18:18:37.471,1.16092,1.1611,1.80,2.07
2014.04.11 18:18:37.930,1.16092,1.1611,1.43,2.74
2014.04.11 18:18:47.625,1.16092,1.1611,1.43,3.12
2014.04.11 18:18:56.486,1.16092,1.1611,1.43,3.87
2014.04.11 18:18:56.789,1.16086,1.16097,1.00,1.38
2014.04.11 18:18:56.839,1.16086,1.16097,1.00,1.13
2014.04.11 18:18:57.547,1.16083,1.16097,1.00,1.00
2014.04.11 18:18:57.823,1.16084,1.161,2.03,1.69
2014.04.11 18:18:58.855,1.16083,1.161,1.43,1.63
2014.04.11 18:18:59.885,1.16087,1.161,2.03,1.38
2014.04.11 18:19:00.037,1.16085,1.161,2.03,1.38
2014.04.11 18:19:00.088,1.16085,1.16102,2.78,4.05
2014.04.11 18:19:00.139,1.16085,1.16102,3.64,1.13
2014.04.11 18:19:00.543,1.16088,1.16105,1.68,1.63
2014.04.11 18:19:00.746,1.16088,1.16102,1.68,1.00
2014.04.11 18:19:01.228,1.16088,1.16102,1.00,1.38
2014.04.11 18:19:01.330,1.16086,1.16101,1.25,1.05
2014.04.11 18:19:01.431,1.16086,1.16101,1.25,1.05
2014.04.11 18:19:01.734,1.16084,1.16101,1.68,4.88
2014.04.11 18:19:02.546,1.16083,1.161,1.15,1.38
2014.04.11 18:19:03.071,1.16082,1.16099,1.43,3.57
2014.04.11 18:19:04.797,1.16082,1.16097,1.43,1.88
2014.04.11 18:19:04.899,1.1608,1.16093,2.78,2.25
2014.04.11 18:19:04.950,1.1608,1.16093,2.70,2.25
2014.04.11 18:19:05.001,1.16081,1.16096,3.08,1.00
2014.04.11 18:19:05.506,1.16085,1.161,2.70,1.38
2014.04.11 18:19:05.783,1.16084,1.161,1.15,1.13
2014.04.11 18:19:06.494,1.16083,1.161,1.13,2.55
2014.04.11 18:19:06.839,1.16081,1.16096,1.43,1.38
2014.04.11 18:19:07.192,1.1608,1.16096,2.70,1.57
2014.04.11 18:19:11.586,1.1608,1.16096,3.45,1.38
2014.04.11 18:19:11.894,1.16076,1.16092,1.62,1.88
2014.04.11 18:19:11.945,1.16077,1.16092,2.22,1.88
2014.04.11 18:19:12.046,1.16077,1.16092,2.89,1.00
2014.04.11 18:19:12.096,1.16079,1.16092,2.03,1.00
2014.04.11 18:19:12.147,1.16079,1.16094,2.03,1.00
2014.04.11 18:19:12.609,1.1608,1.16095,1.00,1.53
2014.04.11 18:19:13.624,1.16081,1.16095,1.00,1.24
2014.04.11 18:19:20.498,1.16081,1.16092,1.00,1.50
2014.04.11 18:19:20.549,1.16079,1.16092,1.00,1.50
2014.04.11 18:19:20.751,1.16077,1.16092,1.00,2.07
2014.04.11 18:19:21.048,1.16077,1.16092,1.00,4.99
2014.04.11 18:19:21.556,1.16075,1.16091,2.70,1.57
2014.04.11 18:19:21.862,1.16075,1.1609,2.03,1.57
2014.04.11 18:19:22.554,1.16075,1.1609,2.70,1.63
2014.04.11 18:19:23.244,1.16076,1.1609,2.70,1.63
2014.04.11 18:19:23.548,1.16076,1.1609,2.70,1.38
2014.04.11 18:19:23.649,1.16076,1.16092,2.70,2.82
2014.04.11 18:19:23.700,1.16074,1.16092,4.02,2.82
2014.04.11 18:19:23.751,1.16075,1.16092,1.68,2.07
2014.04.11 18:19:23.801,1.16078,1.16092,2.70,1.13
2014.04.11 18:19:24.765,1.16081,1.16092,2.70,1.00
2014.04.11 18:19:25.994,1.16082,1.16092,2.70,1.00
2014.04.11 18:19:26.366,1.16083,1.161,5.48,1.63
2014.04.11 18:19:27.937,1.16083,1.16095,1.00,1.05
2014.04.11 18:19:28.090,1.16079,1.16095,1.32,1.80
2014.04.11 18:19:28.495,1.16079,1.16094,1.68,1.00
2014.04.11 18:19:29.003,1.16079,1.16094,2.78,2.25
2014.04.11 18:19:29.053,1.16079,1.16094,2.78,2.63
2014.04.11 18:19:29.461,1.16078,1.16094,1.00,3.30
2014.04.11 18:19:30.023,1.16078,1.16093,2.78,1.05
2014.04.11 18:19:30.528,1.16078,1.16094,2.70,5.07
2014.04.11 18:19:30.775,1.16076,1.16092,3.45,1.63
2014.04.11 18:19:31.131,1.16077,1.16092,2.70,1.13
2014.04.11 18:19:31.232,1.16079,1.16092,2.70,1.13
2014.04.11 18:19:31.779,1.16081,1.16097,2.70,2.07
2014.04.11 18:19:32.297,1.16083,1.16097,2.03,2.07
2014.04.11 18:19:33.990,1.16083,1.16097,2.03,1.63
2014.04.11 18:19:39.626,1.16083,1.16098,2.03,4.24
2014.04.11 18:19:39.677,1.16083,1.16098,2.70,2.82
2014.04.11 18:19:39.982,1.16084,1.16101,3.45,1.57
2014.04.11 18:19:40.032,1.16084,1.16101,3.45,1.57
2014.04.11 18:19:41.254,1.16088,1.16101,1.00,1.05
2014.04.11 18:19:41.507,1.16083,1.16096,1.19,1.05
2014.04.11 18:19:41.608,1.16082,1.16097,1.00,1.53
2014.04.11 18:19:44.506,1.16084,1.161,1.68,1.19
2014.04.11 18:19:44.607,1.16085,1.16103,1.80,1.99
2014.04.11 18:19:44.658,1.16085,1.16103,1.80,1.57
2014.04.11 18:19:45.061,1.16088,1.16101,1.00,1.05
2014.04.11 18:19:45.365,1.16088,1.16097,1.00,1.63
2014.04.11 18:19:45.617,1.16082,1.16097,1.43,1.63
2014.04.11 18:19:47.634,1.16082,1.16099,1.00,1.63
2014.04.11 18:19:47.736,1.16083,1.16099,1.05,1.13
2014.04.11 18:19:47.786,1.16086,1.16102,1.00,4.47
2014.04.11 18:19:48.291,1.16087,1.16104,2.03,2.74
2014.04.11 18:19:48.392,1.16086,1.16103,1.00,1.99
2014.04.11 18:19:48.443,1.16088,1.16103,2.03,1.80
2014.04.11 18:19:48.494,1.16088,1.16103,2.03,1.13
2014.04.11 18:19:48.769,1.1609,1.16106,2.03,2.74
2014.04.11 18:19:50.205,1.1609,1.16107,3.45,1.57
2014.04.11 18:19:52.864,1.1609,1.16103,3.45,1.38
2014.04.11 18:19:52.966,1.16086,1.16099,1.25,1.05
2014.04.11 18:19:53.419,1.16086,1.16101,1.68,1.57
2014.04.11 18:19:53.972,1.16086,1.16102,1.68,1.63
2014.04.11 18:19:54.752,1.16086,1.16102,1.00,3.38
2014.04.11 18:19:54.854,1.16082,1.16097,1.38,1.00
2014.04.11 18:19:54.955,1.16082,1.16097,1.00,1.38
2014.04.11 18:19:55.266,1.16082,1.16096,1.00,1.53
2014.04.11 18:19:55.703,1.1608,1.16097,1.00,1.57
2014.04.11 18:19:59.304,1.1608,1.16096,1.00,2.07
2014.04.11 18:19:59.658,1.16074,1.16091,1.00,1.57
2014.04.11 18:20:01.394,1.16074,1.16091,1.00,1.57
2014.04.11 18:20:02.625,1.16074,1.16091,1.43,1.57
2014.04.11 18:20:02.676,1.16074,1.16091,1.68,1.57
2014.04.11 18:20:03.224,1.16077,1.16093,1.00,1.63
2014.04.11 18:20:03.930,1.16077,1.16093,1.00,1.57
2014.04.11 18:20:04.132,1.16079,1.16093,2.03,1.19
2014.04.11 18:20:04.471,1.16081,1.16098,3.45,1.63
2014.04.11 18:20:07.277,1.16082,1.161,1.68,2.07
2014.04.11 18:20:07.429,1.16082,1.161,1.68,2.07
2014.04.11 18:20:07.631,1.16082,1.161,1.68,1.63
2014.04.11 18:20:14.211,1.16082,1.16097,1.00,3.08
2014.04.11 18:20:14.312,1.16078,1.16096,1.69,2.18
2014.04.11 18:20:14.475,1.16079,1.16096,1.24,1.88
2014.04.11 18:20:14.778,1.16078,1.16093,1.00,1.05
2014.04.11 18:20:14.829,1.16075,1.16092,1.99,1.00
2014.04.11 18:20:19.515,1.16075,1.16092,1.19,3.83
2014.04.11 18:20:19.900,1.16074,1.16091,1.43,1.32
2014.04.11 18:20:24.755,1.16074,1.1609,1.05,1.00
2014.04.11 18:20:33.755,1.16074,1.1609,1.99,1.00
2014.04.11 18:20:34.295,1.16074,1.1609,1.15,1.13
2014.04.11 18:20:34.799,1.16073,1.1609,1.99,1.13
2014.04.11 18:20:35.855,1.16073,1.1609,1.24,1.13
2014.04.11 18:20:35.906,1.16073,1.1609,1.15,1.38
2014.04.11 18:20:36.108,1.16071,1.16087,1.13,1.80
2014.04.11 18:20:36.410,1.16069,1.16086,1.19,1.05
2014.04.11 18:20:36.713,1.16066,1.16083,1.68,2.59
2014.04.11 18:20:36.764,1.16066,1.16084,1.43,2.74
2014.04.11 18:20:36.815,1.16068,1.16084,1.25,1.80
2014.04.11 18:20:37.276,1.16068,1.16085,1.43,1.53
2014.04.11 18:20:38.522,1.16068,1.16084,1.80,1.25
2014.04.11 18:20:39.149,1.16069,1.16085,1.13,1.05
2014.04.11 18:20:42.840,1.16068,1.16085,1.80,1.99
2014.04.11 18:20:44.426,1.16068,1.16085,1.99,1.99
2014.04.11 18:20:48.230,1.16068,1.16085,1.62,1.80
2014.04.11 18:20:48.753,1.16069,1.16086,1.80,1.32
2014.04.11 18:20:49.860,1.16069,1.16086,1.99,1.32
2014.04.11 18:20:50.366,1.16069,1.16085,1.24,1.00
2014.04.11 18:20:50.468,1.16068,1.16085,1.88,1.99
2014.04.11 18:20:50.721,1.16068,1.16085,3.83,1.57
2014.04.11 18:20:51.463,1.1607,1.16087,1.93,1.13
2014.04.11 18:20:51.820,1.1607,1.16087,1.93,1.13
2014.04.11 18:20:52.333,1.1607,1.16087,1.93,1.00
2014.04.11 18:20:53.329,1.16072,1.16087,1.24,1.00
2014.04.11 18:20:53.380,1.16074,1.16089,1.15,1.00
2014.04.11 18:20:53.481,1.16076,1.16091,1.19,2.78
2014.04.11 18:20:53.583,1.16074,1.16091,1.93,3.53
2014.04.11 18:20:53.634,1.16074,1.16091,1.93,3.90
2014.04.11 18:20:53.938,1.1607,1.16087,1.87,3.90
2014.04.11 18:20:54.089,1.16069,1.16085,1.87,1.00
2014.04.11 18:20:54.530,1.16069,1.16083,1.25,1.00
2014.04.11 18:20:54.632,1.16067,1.16083,1.00,1.00
2014.04.11 18:20:55.153,1.16065,1.16082,1.62,1.00
2014.04.11 18:20:55.688,1.16065,1.16082,1.00,3.87
2014.04.11 18:20:56.226,1.16065,1.16082,1.63,3.68
2014.04.11 18:20:56.481,1.16067,1.16082,1.05,1.00
2014.04.11 18:20:56.633,1.16071,1.16086,1.05,1.00
2014.04.11 18:20:56.886,1.16072,1.16089,1.43,1.53
2014.04.11 18:20:57.861,1.16072,1.1609,3.45,1.63
2014.04.11 18:20:58.882,1.16072,1.1609,3.45,1.88
2014.04.11 18:20:59.185,1.16069,1.16081,1.00,1.05
2014.04.11 18:20:59.387,1.16063,1.16079,1.00,1.05
2014.04.11 18:20:59.974,1.16063,1.1608,1.80,1.25
2014.04.11 18:21:00.176,1.16065,1.16081,1.00,1.19
2014.04.11 18:21:00.277,1.16065,1.16082,1.00,1.32
2014.04.11 18:21:02.715,1.16065,1.16081,1.00,1.05
2014.04.11 18:21:02.816,1.16063,1.16081,1.43,1.80
2014.04.11 18:21:02.917,1.16063,1.16081,3.45,2.07
2014.04.11 18:21:03.321,1.16063,1.16081,1.43,2.37
2014.04.11 18:21:03.524,1.16063,1.16081,1.43,1.62
2014.04.11 18:21:03.932,1.16065,1.16082,1.00,1.99
2014.04.11 18:21:04.723,1.16065,1.1608,1.00,1.53
2014.04.11 18:21:05.050,1.16065,1.16083,1.68,1.57
2014.04.11 18:21:05.101,1.16067,1.16084,1.43,4.84
2014.04.11 18:21:05.505,1.16068,1.16084,1.00,1.15
2014.04.11 18:21:05.665,1.16068,1.16086,1.68,1.32
2014.04.11 18:21:06.087,1.16071,1.16087,1.00,1.05
2014.04.11 18:21:07.084,1.16069,1.16087,3.64,1.38
2014.04.11 18:21:07.387,1.16071,1.16089,1.00,1.99
2014.04.11 18:21:08.569,1.16071,1.16087,1.00,1.68
2014.04.11 18:21:08.620,1.16069,1.16085,1.25,1.05
2014.04.11 18:21:08.774,1.16067,1.16085,1.00,1.80
2014.04.11 18:21:09.380,1.16067,1.16085,1.38,1.00
2014.04.11 18:21:09.583,1.16071,1.16088,2.78,1.80
2014.04.11 18:21:09.840,1.16073,1.16088,1.00,1.05
2014.04.11 18:21:14.503,1.16073,1.1609,1.00,1.99
2014.04.11 18:21:17.430,1.16073,1.16082,1.00,1.00
2014.04.11 18:21:17.632,1.16073,1.1609,1.00,1.80
2014.04.11 18:21:20.944,1.16074,1.1609,1.00,1.24
2014.04.11 18:21:20.995,1.16074,1.1609,1.00,1.53
2014.04.11 18:21:21.097,1.16072,1.1609,1.25,1.99
2014.04.11 18:21:21.517,1.16072,1.1609,1.38,3.12
2014.04.11 18:21:21.618,1.16075,1.1609,1.05,1.50
2014.04.11 18:21:21.770,1.16072,1.1609,3.64,1.13
2014.04.11 18:21:22.123,1.16072,1.1609,1.00,1.32
2014.04.11 18:21:22.699,1.16073,1.1609,1.00,1.32
2014.04.11 18:21:22.851,1.16075,1.16092,1.19,1.38
2014.04.11 18:21:23.053,1.16073,1.1609,1.25,1.13
2014.04.11 18:21:24.803,1.16073,1.1609,1.00,1.63
2014.04.11 18:21:26.867,1.16073,1.16087,1.00,1.63
2014.04.11 18:21:26.918,1.16071,1.16087,1.00,1.63
2014.04.11 18:21:27.170,1.16071,1.16088,1.68,2.07
2014.04.11 18:21:27.714,1.16071,1.16088,1.93,1.13
2014.04.11 18:21:28.295,1.16071,1.16088,1.99,1.00
2014.04.11 18:21:34.997,1.16071,1.16088,1.32,1.00
2014.04.11 18:21:35.048,1.1607,1.16086,4.02,1.00
2014.04.11 18:21:35.099,1.1607,1.16086,2.40,1.00
2014.04.11 18:21:35.620,1.16069,1.16086,1.00,1.13
2014.04.11 18:21:35.722,1.16067,1.16085,1.99,1.00
2014.04.11 18:21:35.936,1.16068,1.16085,1.05,1.00
2014.04.11 18:21:36.443,1.16069,1.16085,1.05,1.00
2014.04.11 18:21:37.354,1.1607,1.16087,1.62,1.00
2014.04.11 18:21:38.001,1.1607,1.16087,1.62,1.00
2014.04.11 18:21:42.537,1.1607,1.16087,1.99,1.00
2014.04.11 18:21:46.970,1.1607,1.16087,1.80,1.00
2014.04.11 18:21:47.071,1.16071,1.16088,3.64,1.13
2014.04.11 18:21:49.139,1.16073,1.16088,1.87,1.00
2014.04.11 18:21:50.145,1.16072,1.16088,1.24,1.00
2014.04.11 18:21:51.830,1.16071,1.16088,2.97,1.00
2014.04.11 18:21:51.983,1.16069,1.16086,4.02,1.00
2014.04.11 18:21:52.336,1.16069,1.16084,1.24,1.00
2014.04.11 18:21:53.288,1.16068,1.16079,1.62,1.13
2014.04.11 18:21:53.389,1.16064,1.16079,1.25,1.13
2014.04.11 18:21:53.752,1.16062,1.16076,1.62,1.00
2014.04.11 18:21:54.422,1.16062,1.16074,1.62,1.00
2014.04.11 18:21:55.030,1.16061,1.16074,1.99,1.00
2014.04.11 18:21:56.796,1.16061,1.16076,1.99,1.00
2014.04.11 18:21:57.341,1.16062,1.16076,1.15,1.00
2014.04.11 18:21:57.547,1.16062,1.16076,1.24,1.00
2014.04.11 18:21:57.597,1.16062,1.16078,1.24,1.00
2014.04.11 18:21:58.072,1.16064,1.16078,1.05,1.00
2014.04.11 18:21:58.123,1.16067,1.1608,1.15,1.00
2014.04.11 18:21:58.628,1.16063,1.1608,3.27,1.13
2014.04.11 18:21:59.156,1.16063,1.1608,1.24,1.13
2014.04.11 18:21:59.358,1.16062,1.16078,3.64,1.13
2014.04.11 18:21:59.409,1.16061,1.16078,1.99,1.13
2014.04.11 18:21:59.560,1.16061,1.16076,1.24,1.00
2014.04.11 18:22:00.373,1.16061,1.16076,1.24,1.00
2014.04.11 18:22:00.677,1.16065,1.1608,1.05,1.00
2014.04.11 18:22:00.934,1.16064,1.1608,1.53,1.00
2014.04.11 18:22:01.337,1.16062,1.1608,2.74,1.13
2014.04.11 18:22:01.682,1.16062,1.16078,1.53,1.00
2014.04.11 18:22:03.810,1.16061,1.16078,2.37,1.38
2014.04.11 18:22:04.604,1.16061,1.16078,1.93,1.38
2014.04.11 18:22:09.632,1.16061,1.16078,1.25,1.38
2014.04.11 18:22:10.196,1.1606,1.16076,1.05,1.00
2014.04.11 18:22:11.364,1.1606,1.16076,1.15,1.38
2014.04.11 18:22:12.490,1.16059,1.16076,2.89,1.38
2014.04.11 18:22:12.793,1.16062,1.16077,2.70,1.00
2014.04.11 18:22:13.373,1.16062,1.16077,2.89,1.00
2014.04.11 18:22:13.896,1.16061,1.16073,2.89,1.38
2014.04.11 18:22:14.100,1.16056,1.16069,1.00,1.63
2014.04.11 18:22:14.151,1.16052,1.16069,1.93,1.63
2014.04.11 18:22:14.253,1.16052,1.16069,1.93,1.63
2014.04.11 18:22:15.597,1.16052,1.16069,1.87,1.38
2014.04.11 18:22:17.312,1.16052,1.16069,1.62,1.38
2014.04.11 18:22:18.996,1.16054,1.16069,1.05,1.00
2014.04.11 18:22:19.299,1.16057,1.16072,1.87,1.13
2014.04.11 18:22:19.813,1.16057,1.16074,1.24,1.13
2014.04.11 18:22:19.864,1.16056,1.16074,3.64,1.38
2014.04.11 18:22:20.166,1.16056,1.16074,1.62,2.55
2014.04.11 18:22:20.369,1.16054,1.16071,1.43,1.99
2014.04.11 18:22:20.629,1.16054,1.16071,1.43,1.99
2014.04.11 18:22:22.888,1.16054,1.1607,1.00,1.24
2014.04.11 18:22:23.039,1.16056,1.16071,3.64,1.00
2014.04.11 18:22:23.637,1.16058,1.16075,2.89,1.38
2014.04.11 18:22:24.082,1.16058,1.16075,2.89,1.13
2014.04.11 18:22:26.353,1.16059,1.16076,1.87,1.38
2014.04.11 18:22:27.053,1.16059,1.16076,2.74,1.13
2014.04.11 18:22:33.262,1.16061,1.16076,1.15,1.13
2014.04.11 18:22:35.723,1.1606,1.16067,2.03,1.00
2014.04.11 18:22:35.774,1.16058,1.16067,1.00,1.00
2014.04.11 18:22:35.875,1.16056,1.1607,3.45,1.00
2014.04.11 18:22:36.026,1.16055,1.1607,4.39,1.00
2014.04.11 18:22:36.077,1.16057,1.16074,1.93,1.25
2014.04.11 18:22:36.229,1.16061,1.16074,1.15,1.38
2014.04.11 18:22:36.330,1.16061,1.16074,1.15,1.00
2014.04.11 18:22:36.837,1.16059,1.16077,3.12,1.00
2014.04.11 18:22:38.953,1.1606,1.16077,1.99,1.13
2014.04.11 18:22:41.881,1.16063,1.16077,1.00,1.13
2014.04.11 18:22:42.050,1.16063,1.16077,4.24,1.00
2014.04.11 18:22:42.152,1.16065,1.16081,1.87,1.00
2014.04.11 18:22:42.202,1.16066,1.16081,1.93,1.00
2014.04.11 18:22:42.254,1.16068,1.16085,1.93,1.00
2014.04.11 18:22:47.446,1.16066,1.16081,2.37,1.38
2014.04.11 18:22:47.496,1.16065,1.16081,1.19,1.88
2014.04.11 18:22:47.547,1.16063,1.1608,1.43,1.38
2014.04.11 18:22:47.845,1.1606,1.16076,3.27,1.00
2014.04.11 18:22:52.036,1.16061,1.16079,1.93,1.13
2014.04.11 18:22:55.683,1.16063,1.1608,1.62,1.00
2014.04.11 18:22:55.734,1.16063,1.1608,1.93,1.00
2014.04.11 18:22:55.785,1.16065,1.16082,2.70,1.13
2014.04.11 18:22:56.344,1.16063,1.1608,3.64,1.00
2014.04.11 18:22:57.833,1.16065,1.1608,2.70,1.00
2014.04.11 18:22:57.884,1.16065,1.16082,2.70,2.07
2014.04.11 18:22:57.934,1.16065,1.16082,3.45,1.13
2014.04.11 18:22:58.137,1.16065,1.16082,4.39,1.00
2014.04.11 18:22:58.665,1.16065,1.16082,4.39,1.00
2014.04.11 18:22:59.287,1.16064,1.16082,4.62,2.18
2014.04.11 18:22:59.743,1.16064,1.16079,1.62,1.00
2014.04.11 18:23:01.794,1.16065,1.16079,1.00,1.00
2014.04.11 18:23:01.946,1.16065,1.16081,4.20,1.25
2014.04.11 18:23:02.048,1.16066,1.16081,1.62,1.00
2014.04.11 18:23:02.149,1.16065,1.16081,4.39,1.00
2014.04.11 18:23:02.662,1.16065,1.16081,1.43,1.00
2014.04.11 18:23:04.703,1.16065,1.1608,1.43,1.00
2014.04.11 18:23:08.041,1.16063,1.1608,1.25,1.80
2014.04.11 18:23:08.092,1.16061,1.16075,3.64,1.00
2014.04.11 18:23:08.193,1.16059,1.16075,2.37,1.00
2014.04.11 18:23:08.651,1.16059,1.16072,1.62,1.00
2014.04.11 18:23:09.059,1.16056,1.16072,3.64,1.00
2014.04.11 18:23:09.524,1.16063,1.16074,1.00,1.00
2014.04.11 18:23:09.781,1.16064,1.16076,1.05,1.00
2014.04.11 18:23:09.933,1.16063,1.16076,1.68,1.00
2014.04.11 18:23:10.085,1.16066,1.1608,1.15,1.00
2014.04.11 18:23:10.701,1.16065,1.1608,1.05,1.00
2014.04.11 18:23:11.672,1.16065,1.1608,1.05,1.00
2014.04.11 18:23:14.214,1.16063,1.1608,1.80,1.00
2014.04.11 18:23:14.516,1.16062,1.1608,1.63,1.00
2014.04.11 18:23:19.746,1.16062,1.1608,2.37,1.80
2014.04.11 18:23:20.935,1.16062,1.1608,2.37,1.80
2014.04.11 18:23:21.931,1.16062,1.1608,2.18,1.99
2014.04.11 18:23:23.402,1.16063,1.1608,1.00,1.99
2014.04.11 18:23:23.863,1.16063,1.16076,1.00,2.03
2014.04.11 18:23:24.172,1.16063,1.16074,1.00,2.78
2014.04.11 18:23:24.796,1.16063,1.16071,1.00,1.00
2014.04.11 18:23:38.655,1.16063,1.1607,1.00,1.00
2014.04.11 18:23:40.309,1.16063,1.16071,1.00,1.00
2014.04.11 18:23:41.520,1.16063,1.16074,1.00,1.00
2014.04.11 18:23:42.623,1.16063,1.16071,1.00,1.00
2014.04.11 18:23:43.840,1.16058,1.16071,1.99,1.00
2014.04.11 18:23:46.321,1.16058,1.16071,2.37,1.00
2014.04.11 18:23:46.423,1.16058,1.16072,2.25,1.05
2014.04.11 18:23:46.574,1.16055,1.16068,2.03,1.05
2014.04.11 18:23:46.775,1.16055,1.16066,2.03,1.00
2014.04.11 18:23:46.826,1.16053,1.16066,1.00,1.43
2014.04.11 18:23:47.141,1.16053,1.16064,1.00,1.00
2014.04.11 18:23:47.747,1.16053,1.16064,1.68,1.00
2014.04.11 18:23:47.798,1.16054,1.16066,1.05,1.00
2014.04.11 18:23:47.849,1.16058,1.16066,1.00,1.00
2014.04.11 18:23:47.899,1.16058,1.16069,1.00,1.00
2014.04.11 18:23:48.051,1.16058,1.16071,1.43,1.00
2014.04.11 18:23:52.091,1.16058,1.16068,1.43,1.00
2014.04.11 18:23:55.110,1.16054,1.16068,1.24,1.00
2014.04.11 18:23:55.621,1.16058,1.1607,1.43,1.00
2014.04.11 18:23:55.721,1.16063,1.1607,1.00,1.00
2014.04.11 18:23:55.873,1.16058,1.1607,1.43,1.00
2014.04.11 18:24:01.421,1.16053,1.1607,3.87,1.13
2014.04.11 18:24:01.472,1.16053,1.16068,2.37,1.00
2014.04.11 18:24:01.523,1.16052,1.16067,2.97,1.05
2014.04.11 18:24:01.624,1.16051,1.16064,1.00,1.00
2014.04.11 18:24:01.725,1.16045,1.16062,5.52,1.00
2014.04.11 18:24:01.776,1.16045,1.1606,2.74,1.00
2014.04.11 18:24:04.482,1.16045,1.1606,1.87,1.00
2014.04.11 18:24:04.583,1.16047,1.1606,1.15,1.00
2014.04.11 18:24:11.408,1.16047,1.1606,1.05,1.00
2014.04.11 18:24:11.585,1.16049,1.16064,2.89,1.00
2014.04.11 18:24:12.089,1.1605,1.16066,1.68,1.63
2014.04.11 18:24:12.490,1.16051,1.16066,2.18,1.25
2014.04.11 18:24:12.844,1.16052,1.16066,1.15,1.00
2014.04.11 18:24:16.377,1.16051,1.16066,3.87,1.00
2014.04.11 18:24:16.529,1.16052,1.16068,4.39,1.00
2014.04.11 18:24:18.526,1.16051,1.16068,5.74,1.00
2014.04.11 18:24:22.408,1.16053,1.16068,1.19,1.13
2014.04.11 18:24:23.449,1.16051,1.16068,4.39,1.13
2014.04.11 18:24:24.411,1.16051,1.16068,4.77,1.00
2014.04.11 18:24:24.931,1.16053,1.16068,1.87,1.00
2014.04.11 18:24:25.730,1.16057,1.16068,1.05,1.00
2014.04.11 18:24:25.982,1.16059,1.16072,1.87,1.00
2014.04.11 18:24:26.083,1.16059,1.16075,1.87,1.13
2014.04.11 18:24:27.462,1.16058,1.16075,3.12,1.13
2014.04.11 18:24:28.680,1.16058,1.16075,4.39,1.13
2014.04.11 18:24:29.815,1.1606,1.16077,3.64,1.25
2014.04.11 18:24:30.331,1.16061,1.16078,4.95,1.13
2014.04.11 18:24:31.779,1.16061,1.16078,4.47,1.13
2014.04.11 18:24:32.343,1.16063,1.16078,2.03,1.13
2014.04.11 18:24:35.401,1.1606,1.16078,3.12,1.32
2014.04.11 18:24:37.671,1.1606,1.16078,1.69,1.32
2014.04.11 18:24:38.479,1.1606,1.16078,1.50,1.32
2014.04.11 18:24:39.656,1.1606,1.16078,2.18,1.63
2014.04.11 18:24:40.951,1.1606,1.16075,1.43,1.00
2014.04.11 18:24:41.367,1.16058,1.16075,1.93,1.38
2014.04.11 18:24:44.881,1.16059,1.16075,1.15,1.00
2014.04.11 18:24:45.414,1.16058,1.16075,3.12,1.00
2014.04.11 18:24:47.352,1.16058,1.16075,2.82,1.68
2014.04.11 18:24:47.403,1.16058,1.16073,2.44,2.40
2014.04.11 18:24:47.920,1.16057,1.16073,1.19,1.38
2014.04.11 18:24:48.673,1.16056,1.16071,1.24,1.00
2014.04.11 18:24:48.976,1.16059,1.16073,1.87,1.38
2014.04.11 18:24:49.706,1.16059,1.16073,1.87,1.00
2014.04.11 18:24:51.690,1.16059,1.16073,1.87,1.00
2014.04.11 18:24:51.943,1.16059,1.16073,1.62,1.00
2014.04.11 18:24:52.397,1.16057,1.16073,1.62,1.00
2014.04.11 18:24:52.926,1.16055,1.16071,1.87,1.00
2014.04.11 18:24:53.336,1.16058,1.16073,1.87,1.00
2014.04.11 18:24:54.037,1.1606,1.16073,1.15,1.00
2014.04.11 18:24:55.572,1.16058,1.16073,2.37,1.00
2014.04.11 18:24:55.673,1.16058,1.16073,2.37,1.00
2014.04.11 18:24:56.191,1.1606,1.16073,1.15,1.00
2014.04.11 18:24:59.282,1.16058,1.16073,1.93,1.00
2014.04.11 18:25:02.939,1.16063,1.16073,1.00,1.00
2014.04.11 18:25:04.891,1.16063,1.16073,1.68,1.00
2014.04.11 18:25:04.941,1.16063,1.16076,1.68,1.13
2014.04.11 18:25:05.144,1.1606,1.16076,1.87,1.38
2014.04.11 18:25:05.346,1.1606,1.16076,1.87,1.13
2014.04.11 18:25:05.465,1.1606,1.16072,1.87,1.00
2014.04.11 18:25:15.769,1.16058,1.16072,3.12,1.00
2014.04.11 18:25:15.921,1.16058,1.16072,1.87,1.00
2014.04.11 18:25:21.173,1.16058,1.16072,1.87,1.13
2014.04.11 18:25:21.274,1.16057,1.16072,1.19,1.13
2014.04.11 18:25:21.325,1.16056,1.1607,1.15,1.00
2014.04.11 18:25:21.426,1.16053,1.16067,1.87,1.00
2014.04.11 18:25:21.759,1.16056,1.1607,1.24,1.00
2014.04.11 18:25:22.830,1.16058,1.1607,1.87,1.00
2014.04.11 18:25:23.845,1.16058,1.1607,1.68,1.00
2014.04.11 18:25:23.946,1.16058,1.16072,1.87,1.00
2014.04.11 18:25:24.357,1.16058,1.16072,1.87,1.00
2014.04.11 18:25:29.519,1.16058,1.16072,2.74,1.00
2014.04.11 18:25:31.652,1.16058,1.16072,2.74,1.00
2014.04.11 18:25:37.149,1.16059,1.16072,1.19,1.50
2014.04.11 18:25:37.250,1.16058,1.16072,1.05,1.50
2014.04.11 18:25:37.452,1.16058,1.16072,1.99,1.00
2014.04.11 18:25:37.503,1.16058,1.16074,1.99,1.00
2014.04.11 18:25:37.695,1.16058,1.16074,1.87,1.38
2014.04.11 18:25:37.847,1.1606,1.16074,1.05,1.00
2014.04.11 18:25:38.559,1.1606,1.16074,1.24,1.00
2014.04.11 18:25:40.992,1.16063,1.16072,1.00,1.00
2014.04.11 18:25:51.101,1.16063,1.16074,1.68,1.00
2014.04.11 18:25:51.433,1.16068,1.16076,1.00,1.00
2014.04.11 18:25:52.775,1.16068,1.16078,1.00,1.00
2014.04.11 18:25:55.544,1.16065,1.16078,1.15,1.00
2014.04.11 18:25:55.595,1.16063,1.16076,1.69,1.00
2014.04.11 18:25:55.646,1.16063,1.16076,1.00,1.50
2014.04.11 18:25:55.747,1.16063,1.16076,1.68,1.13
2014.04.11 18:25:56.050,1.16068,1.16076,1.00,1.00
2014.04.11 18:25:56.100,1.16063,1.16076,1.93,1.00
2014.04.11 18:25:56.151,1.16063,1.16076,1.25,1.13
2014.04.11 18:25:56.707,1.16063,1.16073,1.00,1.00
2014.04.11 18:25:56.757,1.16058,1.16073,1.80,1.00
2014.04.11 18:25:58.234,1.16058,1.16072,1.80,1.00
2014.04.11 18:25:58.689,1.16058,1.16072,1.80,1.00
2014.04.11 18:25:59.254,1.16058,1.16073,1.80,1.00
2014.04.11 18:26:02.409,1.16058,1.16073,1.80,1.00
2014.04.11 18:26:02.712,1.16064,1.16076,1.05,1.00
2014.04.11 18:26:03.014,1.16065,1.16079,1.24,1.00
2014.04.11 18:26:03.115,1.16065,1.16081,1.24,1.00
2014.04.11 18:26:03.239,1.16068,1.16081,1.00,1.00
2014.04.11 18:26:08.718,1.16068,1.16082,1.24,1.00
2014.04.11 18:26:08.869,1.16068,1.16084,1.99,1.00
2014.04.11 18:26:08.920,1.16069,1.16084,1.15,1.00
2014.04.11 18:26:09.022,1.16071,1.16084,1.05,1.00
2014.04.11 18:26:09.275,1.16073,1.16086,1.00,1.00
2014.04.11 18:26:09.476,1.16073,1.16088,1.68,1.00
2014.04.11 18:26:10.010,1.16074,1.16088,1.05,1.00
2014.04.11 18:26:14.088,1.16073,1.16088,1.93,1.00
2014.04.11 18:26:14.190,1.16073,1.16088,1.93,3.15
2014.04.11 18:26:14.341,1.16069,1.16086,1.93,3.90
2014.04.11 18:26:14.695,1.16068,1.1608,1.19,2.03
2014.04.11 18:26:14.998,1.16068,1.16077,1.00,1.00
2014.04.11 18:26:28.210,1.16068,1.16079,1.00,1.00
2014.04.11 18:26:28.312,1.16068,1.16077,1.00,1.00
2014.04.11 18:26:28.753,1.16068,1.16079,1.00,1.00
2014.04.11 18:26:37.004,1.16068,1.16079,1.68,1.00
2014.04.11 18:26:37.105,1.16068,1.16083,1.68,1.00
2014.04.11 18:26:37.622,1.16068,1.16082,1.00,2.03
2014.04.11 18:26:37.673,1.16068,1.1608,1.00,1.00
2014.04.11 18:26:38.207,1.16068,1.1608,1.38,1.00
2014.04.11 18:26:38.308,1.16068,1.16082,1.63,1.50
2014.04.11 18:26:38.359,1.16069,1.16082,1.05,1.00
2014.04.11 18:26:39.189,1.16069,1.16082,1.05,1.00
2014.04.11 18:26:44.034,1.16068,1.16082,1.19,1.00
2014.04.11 18:26:44.337,1.16067,1.16077,1.19,1.00
2014.04.11 18:26:44.507,1.16063,1.16077,1.24,1.00
2014.04.11 18:26:45.009,1.16063,1.16077,1.24,1.00
2014.04.11 18:26:46.251,1.16064,1.16079,1.15,1.38
2014.04.11 18:26:54.959,1.16062,1.16079,1.80,4.09
2014.04.11 18:26:55.477,1.16062,1.16077,1.05,1.00
2014.04.11 18:26:56.788,1.16059,1.16077,4.39,1.00
2014.04.11 18:26:57.242,1.16062,1.16077,1.05,2.78
2014.04.11 18:27:00.088,1.16062,1.16077,1.05,2.78
2014.04.11 18:27:00.903,1.16062,1.16077,1.05,1.00
2014.04.11 18:27:01.220,1.16062,1.16077,1.05,1.00
2014.04.11 18:27:01.474,1.1606,1.16075,1.24,2.03
2014.04.11 18:27:02.019,1.16059,1.16077,1.68,1.57
2014.04.11 18:27:03.938,1.16059,1.16077,1.93,1.63
2014.04.11 18:27:04.449,1.16059,1.16077,1.93,3.34
2014.04.11 18:27:04.954,1.16059,1.16075,1.24,1.13
2014.04.11 18:27:05.834,1.16058,1.16075,1.53,1.13
2014.04.11 18:27:06.238,1.16058,1.16075,1.15,1.38
2014.04.11 18:27:09.589,1.16057,1.16073,3.45,1.13
2014.04.11 18:27:09.892,1.16053,1.16069,1.25,1.05
2014.04.11 18:27:10.743,1.16052,1.16069,1.99,1.05
2014.04.11 18:27:11.354,1.16052,1.16069,1.32,1.05
2014.04.11 18:27:11.659,1.1605,1.16067,1.00,2.74
2014.04.11 18:27:12.561,1.1605,1.16067,1.00,3.49
2014.04.11 18:27:14.255,1.1605,1.16067,1.00,4.24
2014.04.11 18:27:18.912,1.16054,1.16067,1.05,3.19
2014.04.11 18:27:19.114,1.16054,1.1607,1.24,1.00
2014.04.11 18:27:19.165,1.16055,1.1607,2.89,1.00
2014.04.11 18:27:19.448,1.16055,1.16072,3.64,1.38
2014.04.11 18:27:19.952,1.16057,1.16072,1.15,1.38
2014.04.11 18:27:21.073,1.16057,1.16074,1.43,1.38
2014.04.11 18:27:21.668,1.16057,1.16074,3.45,1.38
2014.04.11 18:27:22.190,1.16057,1.16072,3.45,1.00
2014.04.11 18:27:22.291,1.16056,1.16072,2.03,3.30
2014.04.11 18:27:22.393,1.16055,1.16072,1.00,2.07
2014.04.11 18:27:22.929,1.16055,1.16072,1.93,1.38
2014.04.11 18:27:23.336,1.16053,1.1607,1.05,2.74
2014.04.11 18:27:23.538,1.16053,1.1607,1.05,1.32
2014.04.11 18:27:26.162,1.16056,1.16072,1.15,1.38
2014.04.11 18:27:26.364,1.16053,1.1607,1.05,1.13
2014.04.11 18:27:26.818,1.16051,1.16068,1.05,1.00
2014.04.11 18:27:27.329,1.16051,1.16068,1.05,1.50
2014.04.11 18:27:28.041,1.16051,1.16068,1.05,1.50
2014.04.11 18:27:28.444,1.16051,1.16065,1.05,1.00
2014.04.11 18:27:28.991,1.16048,1.16065,1.99,1.13
2014.04.11 18:27:29.042,1.16048,1.16065,1.99,1.13
2014.04.11 18:27:30.352,1.1605,1.16065,1.05,1.00
2014.04.11 18:27:30.454,1.16047,1.16063,1.53,1.00
2014.04.11 18:27:30.656,1.16048,1.16066,1.38,2.37
2014.04.11 18:27:30.757,1.16047,1.16063,1.53,1.00
2014.04.11 18:27:31.009,1.1605,1.16065,1.15,1.13
2014.04.11 18:27:31.060,1.1605,1.16065,1.62,1.13
2014.04.11 18:27:31.566,1.16051,1.16065,1.05,1.00
2014.04.11 18:27:32.102,1.16051,1.16065,1.05,1.00
2014.04.11 18:27:33.653,1.1605,1.16065,1.05,1.00
2014.04.11 18:27:34.178,1.16046,1.16063,2.37,1.00
2014.04.11 18:27:35.110,1.16048,1.16063,1.15,1.00
2014.04.11 18:27:35.677,1.16046,1.16063,1.00,1.99
2014.04.11 18:27:35.728,1.16046,1.16063,1.68,1.32
2014.04.11 18:27:36.233,1.16046,1.16063,1.93,1.00
2014.04.11 18:27:36.738,1.16046,1.16063,3.64,1.38
2014.04.11 18:27:38.738,1.16046,1.16063,1.25,1.80
2014.04.11 18:27:39.820,1.16046,1.16062,1.68,1.32
2014.04.11 18:27:41.668,1.16047,1.16063,1.15,1.88
2014.04.11 18:27:43.351,1.16047,1.16063,1.15,1.50
2014.04.11 18:27:43.655,1.16043,1.16058,2.89,1.00
2014.04.11 18:27:44.009,1.16043,1.16053,1.00,2.70
2014.04.11 18:27:44.110,1.16039,1.16053,1.00,2.70
2014.04.11 18:27:44.547,1.16038,1.1605,1.00,1.00
2014.04.11 18:27:44.749,1.16038,1.16052,1.00,1.69
2014.04.11 18:27:46.686,1.16038,1.16052,1.00,3.04
2014.04.11 18:27:46.737,1.16038,1.16048,1.00,2.03
2014.04.11 18:27:47.015,1.16034,1.16048,1.24,2.03
2014.04.11 18:27:47.530,1.16038,1.16048,1.00,2.78
2014.04.11 18:27:51.032,1.16038,1.16049,1.00,2.03
2014.04.11 18:27:51.337,1.16039,1.16052,1.68,1.00
2014.04.11 18:27:51.549,1.16039,1.16055,1.62,1.00
2014.04.11 18:27:56.182,1.16038,1.16055,3.12,1.00
2014.04.11 18:27:56.701,1.16041,1.16055,1.24,1.00
2014.04.11 18:27:56.853,1.16041,1.16057,1.24,1.00
2014.04.11 18:27:57.258,1.16041,1.16059,1.99,1.38
2014.04.11 18:27:58.950,1.16042,1.16059,1.99,1.00
2014.04.11 18:28:03.175,1.16043,1.16059,1.62,1.00
2014.04.11 18:28:04.214,1.16043,1.16059,1.99,1.00
2014.04.11 18:28:08.703,1.16044,1.16059,3.49,1.00
2014.04.11 18:28:09.113,1.16042,1.16057,2.82,2.03
2014.04.11 18:28:09.163,1.16042,1.16057,2.44,2.03
2014.04.11 18:28:09.810,1.16043,1.16057,1.00,2.40
2014.04.11 18:28:10.448,1.16043,1.16055,1.00,2.03
2014.04.11 18:28:10.549,1.16039,1.16055,1.32,2.70
2014.04.11 18:28:10.807,1.16043,1.16055,1.00,2.70
2014.04.11 18:28:12.879,1.1604,1.16055,1.62,2.03
2014.04.11 18:28:15.244,1.1604,1.16055,3.12,2.03
2014.04.11 18:28:16.769,1.16042,1.16056,1.13,2.78
2014.04.11 18:28:16.871,1.16042,1.16056,1.80,1.00
2014.04.11 18:28:17.073,1.16045,1.16059,1.00,1.00
2014.04.11 18:28:17.624,1.16045,1.16061,1.00,1.69
2014.04.11 18:28:18.160,1.16045,1.16061,1.00,1.50
2014.04.11 18:28:22.349,1.16044,1.16061,1.62,1.50
2014.04.11 18:28:24.110,1.16044,1.16061,1.99,1.50
2014.04.11 18:28:31.114,1.16045,1.16061,1.05,2.78
2014.04.11 18:28:36.208,1.16044,1.16061,1.99,1.00
2014.04.11 18:28:42.497,1.16044,1.16061,2.74,1.00
2014.04.11 18:28:43.013,1.16046,1.16061,1.63,1.00
2014.04.11 18:28:43.165,1.1605,1.16064,1.24,1.00
2014.04.11 18:28:43.666,1.16048,1.16064,1.99,1.00
2014.04.11 18:28:43.774,1.16053,1.16064,1.00,1.00
2014.04.11 18:28:43.824,1.16053,1.16066,1.00,2.78
2014.04.11 18:28:44.329,1.16053,1.16069,1.80,1.00
2014.04.11 18:28:44.992,1.16053,1.16069,1.43,1.00
2014.04.11 18:28:45.520,1.16053,1.16068,1.15,2.03
2014.04.11 18:28:46.624,1.16053,1.16069,1.43,2.78
2014.04.11 18:28:50.345,1.16051,1.16069,3.57,3.45
2014.04.11 18:28:50.649,1.16048,1.16064,3.00,1.87
2014.04.11 18:28:50.952,1.1605,1.16066,2.18,1.32
2014.04.11 18:28:51.003,1.16053,1.16067,1.15,1.38
2014.04.11 18:28:53.727,1.16053,1.16069,1.62,1.38
2014.04.11 18:28:54.435,1.16054,1.16069,1.15,1.38
2014.04.11 18:28:55.417,1.16053,1.16069,1.87,1.38
2014.04.11 18:28:55.973,1.16053,1.16069,1.99,1.13
2014.04.11 18:28:58.564,1.16054,1.16069,1.15,1.13
2014.04.11 18:29:06.121,1.16052,1.16069,1.19,1.50
2014.04.11 18:29:06.324,1.1605,1.16063,1.00,1.05
2014.04.11 18:29:06.476,1.16047,1.16063,1.13,1.05
2014.04.11 18:29:06.736,1.16047,1.16063,1.13,1.05
2014.04.11 18:29:07.039,1.16044,1.16058,1.25,1.05
2014.04.11 18:29:07.342,1.16042,1.16058,1.13,1.80
2014.04.11 18:29:10.046,1.16042,1.16056,1.00,1.05
2014.04.11 18:29:10.610,1.16041,1.16056,1.50,1.05
2014.04.11 18:29:15.770,1.16041,1.16056,1.50,1.05
2014.04.11 18:29:15.871,1.16041,1.16057,1.50,1.15
2014.04.11 18:29:15.922,1.16043,1.16057,1.00,1.15
2014.04.11 18:29:16.225,1.16044,1.16059,2.25,1.05
2014.04.11 18:29:16.377,1.16042,1.16058,1.00,1.93
2014.04.11 18:29:21.747,1.16042,1.16056,1.00,1.05
2014.04.11 18:29:21.848,1.16042,1.16055,1.00,1.05
2014.04.11 18:29:22.615,1.16042,1.16057,1.00,1.80
2014.04.11 18:29:26.884,1.16042,1.16057,1.19,1.05
2014.04.11 18:29:28.193,1.16042,1.16057,1.25,1.05
2014.04.11 18:29:29.195,1.16042,1.16056,1.25,1.05
2014.04.11 18:29:29.246,1.16044,1.16056,1.00,1.05
2014.04.11 18:29:29.753,1.16044,1.16057,1.00,1.05
2014.04.11 18:29:30.281,1.16043,1.1606,2.25,1.24
2014.04.11 18:29:34.657,1.16043,1.16059,1.69,2.70
2014.04.11 18:29:35.469,1.16043,1.16059,1.25,3.45
2014.04.11 18:29:42.377,1.16043,1.16059,1.25,3.45
2014.04.11 18:29:42.904,1.16043,1.16059,1.19,3.45
2014.04.11 18:29:43.394,1.16043,1.16058,1.19,2.70
2014.04.11 18:29:43.697,1.16038,1.16054,1.38,3.45
2014.04.11 18:29:43.816,1.16038,1.16054,1.38,3.64
2014.04.11 18:29:43.968,1.16038,1.16054,1.00,4.02
2014.04.11 18:29:44.307,1.16035,1.16052,1.88,2.70
2014.04.11 18:29:48.535,1.16035,1.16052,1.38,2.89
2014.04.11 18:29:53.156,1.16035,1.16053,3.38,4.39
2014.04.11 18:29:55.429,1.16038,1.16053,1.00,3.64
2014.04.11 18:29:56.233,1.1604,1.16053,1.00,1.93
2014.04.11 18:29:56.385,1.1604,1.16054,1.00,1.24
2014.04.11 18:29:57.444,1.16039,1.16054,2.25,1.05
2014.04.11 18:30:00.246,1.16038,1.16054,1.50,1.24
2014.04.11 18:30:00.873,1.16038,1.16053,1.00,2.89
2014.04.11 18:30:00.976,1.16036,1.16053,1.00,2.89
2014.04.11 18:30:03.875,1.16035,1.16052,2.63,1.93
2014.04.11 18:30:04.427,1.16035,1.16052,2.25,1.93
2014.04.11 18:30:04.935,1.16036,1.16052,2.25,1.93
2014.04.11 18:30:05.893,1.16035,1.16049,1.00,1.05
2014.04.11 18:30:07.161,1.16035,1.16048,2.25,1.05
2014.04.11 18:30:07.263,1.16035,1.1605,2.25,1.24
2014.04.11 18:30:08.815,1.16036,1.16051,2.25,3.08
2014.04.11 18:30:09.917,1.16035,1.16051,2.25,1.05
2014.04.11 18:30:10.871,1.16036,1.16051,2.25,1.05
2014.04.11 18:30:11.828,1.16035,1.16051,2.25,1.05
2014.04.11 18:30:12.061,1.16038,1.16051,1.00,1.24
2014.04.11 18:30:12.188,1.16035,1.16051,2.25,1.24
2014.04.11 18:30:13.796,1.16035,1.16051,2.25,2.89
2014.04.11 18:30:13.847,1.16038,1.16051,1.00,1.15
2014.04.11 18:30:14.155,1.16035,1.16052,2.63,1.87
2014.04.11 18:30:14.815,1.16035,1.16052,2.25,1.99
2014.04.11 18:30:15.378,1.16036,1.16052,2.25,1.99
2014.04.11 18:30:16.947,1.16038,1.16052,1.00,1.99
2014.04.11 18:30:17.623,1.16038,1.16052,1.00,1.99
2014.04.11 18:30:20.136,1.16036,1.16052,2.25,1.80
2014.04.11 18:30:20.405,1.16034,1.16052,1.50,1.80
2014.04.11 18:30:20.625,1.16034,1.16052,1.50,2.55
2014.04.11 18:30:21.148,1.16035,1.16051,2.25,2.70
2014.04.11 18:30:22.093,1.16034,1.16051,3.00,2.89
2014.04.11 18:30:29.194,1.16034,1.16047,1.00,1.05
2014.04.11 18:30:29.736,1.16034,1.16051,1.00,3.27
2014.04.11 18:30:31.836,1.16032,1.16049,1.13,1.68
2014.04.11 18:30:33.506,1.16032,1.16047,1.00,1.05
2014.04.11 18:30:34.012,1.16028,1.16044,1.57,1.00
2014.04.11 18:30:34.063,1.16029,1.16046,1.63,1.43
2014.04.11 18:30:37.759,1.16031,1.16048,1.13,1.93
2014.04.11 18:31:00.357,1.16031,1.16048,1.88,1.93
2014.04.11 18:31:00.883,1.16031,1.16048,1.88,1.68
2014.04.11 18:31:03.525,1.16031,1.16048,1.38,1.68
2014.04.11 18:31:03.837,1.16033,1.1605,3.00,1.68
2014.04.11 18:31:04.140,1.16035,1.1605,1.00,1.00
2014.04.11 18:31:04.191,1.16035,1.16052,2.37,1.00
2014.04.11 18:31:04.494,1.16035,1.16051,1.50,1.05
2014.04.11 18:31:04.815,1.16035,1.1605,1.00,1.05
2014.04.11 18:31:05.854,1.16035,1.16051,1.13,1.24
2014.04.11 18:31:05.955,1.16037,1.16051,1.00,1.05
2014.04.11 18:31:06.467,1.16038,1.16052,1.00,1.05
2014.04.11 18:31:07.585,1.16039,1.16054,1.00,1.63
2014.04.11 18:31:08.358,1.16039,1.16054,1.00,1.99
2014.04.11 18:31:08.882,1.16038,1.16054,1.88,1.99
2014.04.11 18:31:13.759,1.16038,1.16054,3.57,1.80
2014.04.11 18:31:13.860,1.16038,1.16054,3.38,1.80
2014.04.11 18:31:18.404,1.16041,1.16054,1.00,1.80
2014.04.11 18:31:18.507,1.16043,1.16057,1.00,1.19
2014.04.11 18:31:20.474,1.16041,1.16058,1.50,1.93
2014.04.11 18:31:28.279,1.16041,1.16058,1.69,1.68
2014.04.11 18:31:29.119,1.16041,1.16056,1.69,1.05
2014.04.11 18:31:29.724,1.16041,1.16056,1.00,1.05
2014.04.11 18:31:30.183,1.16043,1.16056,1.00,1.05
2014.04.11 18:31:37.859,1.16043,1.16053,1.00,1.68
2014.04.11 18:31:37.960,1.16041,1.16053,1.00,1.93
2014.04.11 18:31:38.061,1.16038,1.16053,1.13,3.64
2014.04.11 18:31:38.213,1.16038,1.16053,1.00,1.80
2014.04.11 18:31:44.189,1.16038,1.16052,1.00,1.05
2014.04.11 18:31:44.504,1.1604,1.16052,1.00,1.05
2014.04.11 18:31:48.262,1.16038,1.16052,1.00,1.05
2014.04.11 18:31:48.464,1.16038,1.16049,1.00,1.05
2014.04.11 18:31:48.515,1.16035,1.16049,2.97,1.05
2014.04.11 18:31:49.064,1.16035,1.16049,1.00,1.05
2014.04.11 18:31:53.705,1.16035,1.16047,1.00,1.05
2014.04.11 18:31:53.908,1.16033,1.16046,1.00,1.05
2014.04.11 18:31:54.550,1.1603,1.16046,1.00,1.05
2014.04.11 18:31:55.110,1.1603,1.16046,1.25,1.05
2014.04.11 18:31:55.211,1.16033,1.16046,1.00,1.05
2014.04.11 18:31:58.497,1.16035,1.1605,1.00,1.24
2014.04.11 18:31:59.304,1.16035,1.1605,1.00,1.05
2014.04.11 18:32:06.754,1.16035,1.1605,1.00,1.05
2014.04.11 18:32:07.899,1.16035,1.16052,1.00,1.87
2014.04.11 18:32:09.205,1.16035,1.1605,1.00,1.05
2014.04.11 18:32:14.830,1.16035,1.16048,1.00,1.05
2014.04.11 18:32:17.744,1.16035,1.16051,1.00,3.08
2014.04.11 18:32:17.795,1.16035,1.16051,1.50,3.08
2014.04.11 18:32:17.845,1.16036,1.16051,1.19,1.05
2014.04.11 18:32:18.158,1.1604,1.16051,1.00,1.05
2014.04.11 18:32:19.225,1.1604,1.16051,1.00,1.05
2014.04.11 18:32:19.326,1.16038,1.16051,1.25,1.05
2014.04.11 18:32:19.877,1.16038,1.16049,1.00,1.05
2014.04.11 18:32:20.180,1.16038,1.16051,1.00,1.05
2014.04.11 18:32:20.281,1.1604,1.16051,1.00,1.05
2014.04.11 18:32:20.814,1.1604,1.16051,1.00,1.05
2014.04.11 18:32:27.116,1.1604,1.16052,1.00,1.13
2014.04.11 18:32:27.911,1.1604,1.16053,1.00,1.05
2014.04.11 18:32:29.223,1.1604,1.16053,1.00,1.05
2014.04.11 18:32:35.058,1.1604,1.16055,1.00,1.05
2014.04.11 18:32:38.766,1.1604,1.16054,1.00,1.24
2014.04.11 18:32:39.299,1.1604,1.16054,1.00,1.99
2014.04.11 18:32:40.091,1.1604,1.16054,1.00,1.24
2014.04.11 18:32:41.967,1.1604,1.16052,1.00,1.15
2014.04.11 18:32:45.049,1.1604,1.16056,1.00,2.74
2014.04.11 18:32:45.571,1.1604,1.16056,1.00,1.99
2014.04.11 18:32:46.090,1.1604,1.16056,1.00,1.24
2014.04.11 18:32:52.095,1.1604,1.16057,1.25,2.74
2014.04.11 18:32:58.497,1.1604,1.16057,1.00,4.77
2014.04.11 18:33:09.908,1.16038,1.16055,1.69,1.80
2014.04.11 18:33:10.060,1.16038,1.16051,1.00,2.70
2014.04.11 18:33:10.115,1.16038,1.16051,1.00,2.03
2014.04.11 18:33:10.267,1.16038,1.16054,1.00,3.45
2014.04.11 18:33:10.469,1.16041,1.16055,1.00,2.40
2014.04.11 18:33:10.671,1.16043,1.16058,1.13,2.03
2014.04.11 18:33:10.772,1.16046,1.16059,1.00,1.43
2014.04.11 18:33:11.026,1.16043,1.16059,2.74,1.00
2014.04.11 18:33:11.386,1.16045,1.16061,1.19,2.40
2014.04.11 18:33:11.923,1.16045,1.1606,1.19,1.05
2014.04.11 18:33:12.125,1.16042,1.16059,1.19,1.80
2014.04.11 18:33:12.639,1.16042,1.16057,1.00,2.70
2014.04.11 18:33:13.349,1.16042,1.16057,1.00,2.70
2014.04.11 18:33:13.451,1.16042,1.16057,1.00,3.83
2014.04.11 18:33:13.703,1.16042,1.16057,1.00,2.74
2014.04.11 18:33:13.856,1.16039,1.16055,1.00,3.27
2014.04.11 18:33:16.599,1.16041,1.16055,1.00,2.40
2014.04.11 18:33:16.872,1.16045,1.16061,1.15,1.00
2014.04.11 18:33:17.420,1.16045,1.16062,1.62,3.34
2014.04.11 18:33:19.353,1.16045,1.16062,1.25,4.02
2014.04.11 18:33:19.862,1.1604,1.16058,1.63,3.64
2014.04.11 18:33:20.366,1.1604,1.16058,1.38,3.64
2014.04.11 18:33:20.910,1.1604,1.16057,1.00,2.74
2014.04.11 18:33:21.213,1.16036,1.16054,1.00,4.02
2014.04.11 18:33:22.698,1.16036,1.16054,1.00,4.02
2014.04.11 18:33:23.757,1.16036,1.16054,1.43,1.93
2014.04.11 18:33:23.858,1.16038,1.16056,1.00,4.77
2014.04.11 18:33:25.970,1.16038,1.16056,1.00,4.77
2014.04.11 18:33:26.494,1.16038,1.16056,1.00,4.02
2014.04.11 18:33:29.024,1.16038,1.16056,1.19,4.02
2014.04.11 18:33:34.263,1.16038,1.16056,1.19,4.02
2014.04.11 18:33:34.670,1.16036,1.16054,1.00,4.02
2014.04.11 18:33:40.322,1.16036,1.16054,1.00,4.77
2014.04.11 18:33:41.353,1.16036,1.16054,1.00,4.39
2014.04.11 18:33:47.716,1.16036,1.16052,1.00,2.89
2014.04.11 18:33:48.123,1.16036,1.16052,1.00,2.89
2014.04.11 18:33:54.613,1.16036,1.1605,1.00,1.05
2014.04.11 18:33:55.139,1.16036,1.16053,1.00,1.24
2014.04.11 18:34:00.379,1.16036,1.16052,1.00,3.27
2014.04.11 18:34:00.581,1.16036,1.16053,1.00,1.05
2014.04.11 18:34:01.087,1.16036,1.16053,1.00,1.05
2014.04.11 18:34:01.289,1.16038,1.16054,1.00,3.64
2014.04.11 18:34:01.341,1.16038,1.16054,1.38,1.25
2014.04.11 18:34:01.391,1.16041,1.16056,1.19,1.68
2014.04.11 18:34:01.694,1.16041,1.16057,1.00,3.08
2014.04.11 18:34:02.022,1.16039,1.16055,1.13,2.70
2014.04.11 18:34:02.428,1.16039,1.16055,1.13,2.70
2014.04.11 18:34:05.642,1.16039,1.16055,1.00,1.15
2014.04.11 18:34:05.693,1.16041,1.16057,1.00,1.99
2014.04.11 18:34:06.091,1.16043,1.16057,1.00,1.05
2014.04.11 18:34:09.242,1.16043,1.16057,1.00,1.05
2014.04.11 18:34:09.293,1.16041,1.16057,1.00,1.05
2014.04.11 18:34:09.352,1.16041,1.16057,1.00,1.05
2014.04.11 18:34:21.391,1.16041,1.16059,1.25,4.77
2014.04.11 18:34:23.865,1.16041,1.16059,1.19,3.83
2014.04.11 18:34:28.264,1.16041,1.16059,1.25,4.02
2014.04.11 18:34:33.428,1.16041,1.16059,1.25,3.83
2014.04.11 18:34:33.941,1.16041,1.16059,1.19,3.83
2014.04.11 18:34:35.135,1.16041,1.16059,1.32,3.45
2014.04.11 18:34:47.157,1.16041,1.16059,1.19,1.93
2014.04.11 18:34:47.933,1.16041,1.16059,1.00,1.68
2014.04.11 18:34:54.394,1.16044,1.1606,1.00,3.27
2014.04.11 18:34:56.961,1.16044,1.16058,1.00,1.05
2014.04.11 18:34:57.159,1.16044,1.16058,1.00,1.05
2014.04.11 18:35:00.561,1.16044,1.16058,1.00,1.05
2014.04.11 18:35:05.401,1.16044,1.16058,1.00,1.68
2014.04.11 18:35:07.373,1.16046,1.1606,1.00,4.02
2014.04.11 18:35:07.890,1.16046,1.16059,1.00,1.24
2014.04.11 18:35:12.221,1.16046,1.16056,1.00,1.05
2014.04.11 18:35:13.884,1.16044,1.16056,1.00,1.05
2014.04.11 18:35:14.430,1.16044,1.16056,1.00,1.05
2014.04.11 18:35:16.295,1.16044,1.16057,1.00,1.68
2014.04.11 18:35:17.280,1.16044,1.16057,1.00,1.93
2014.04.11 18:35:17.793,1.16044,1.16057,1.00,1.87
2014.04.11 18:35:59.607,1.16042,1.16052,1.00,1.68
2014.04.11 18:35:59.658,1.16042,1.16052,1.00,1.68
2014.04.11 18:35:59.760,1.16041,1.16052,1.00,1.68
2014.04.11 18:36:00.063,1.16041,1.16057,1.00,2.37
2014.04.11 18:36:00.164,1.16043,1.16057,1.00,1.93
2014.04.11 18:36:39.430,1.16043,1.16056,1.00,1.05
2014.04.11 18:36:39.988,1.16043,1.16056,1.00,1.05
2014.04.11 18:36:42.625,1.16043,1.16057,1.00,1.80
2014.04.11 18:36:42.776,1.16041,1.16055,1.00,2.89
2014.04.11 18:36:43.085,1.16039,1.16056,1.13,3.12
2014.04.11 18:36:46.140,1.16036,1.16054,1.63,1.93
2014.04.11 18:36:50.859,1.16036,1.16054,1.57,1.93
2014.04.11 18:36:54.760,1.16036,1.16053,1.25,1.05
2014.04.11 18:37:06.999,1.16036,1.16053,1.25,1.05
2014.04.11 18:37:07.434,1.16038,1.16053,1.00,1.05
2014.04.11 18:37:07.998,1.16037,1.16054,1.19,3.45
2014.04.11 18:37:09.958,1.16036,1.16054,1.69,3.45
2014.04.11 18:37:12.065,1.16036,1.16054,1.69,3.45
2014.04.11 18:37:14.396,1.16039,1.16054,1.19,3.45
2014.04.11 18:37:14.960,1.16042,1.16059,1.13,1.93
2014.04.11 18:37:17.250,1.16042,1.16059,1.32,1.93
2014.04.11 18:37:19.014,1.16042,1.16059,1.13,1.99
2014.04.11 18:37:20.257,1.16042,1.16059,1.38,1.99
2014.04.11 18:37:32.014,1.16042,1.16059,1.63,1.80
2014.04.11 18:37:37.530,1.16042,1.16056,1.00,1.05
2014.04.11 18:37:46.159,1.16042,1.16056,1.00,1.05
2014.04.11 18:37:57.438,1.16039,1.16055,1.69,1.05
2014.04.11 18:37:57.489,1.16039,1.16055,1.00,1.05
2014.04.11 18:38:09.498,1.16039,1.16055,1.00,1.05
2014.04.11 18:38:10.639,1.16039,1.16055,1.19,1.05
2014.04.11 18:38:12.929,1.16039,1.16057,1.57,1.93
2014.04.11 18:38:17.329,1.1604,1.16057,1.57,1.80
2014.04.11 18:38:20.148,1.16039,1.16057,3.34,1.80
2014.04.11 18:38:20.252,1.16039,1.16051,2.78,1.05
2014.04.11 18:38:20.303,1.16039,1.16051,2.03,1.68
2014.04.11 18:38:20.455,1.16036,1.1605,2.03,1.99
2014.04.11 18:38:20.557,1.16034,1.1605,1.13,1.87
2014.04.11 18:38:21.057,1.16034,1.16048,1.13,1.24
2014.04.11 18:38:31.722,1.16031,1.16048,1.19,1.68
2014.04.11 18:38:32.231,1.16031,1.16048,1.57,1.05
2014.04.11 18:38:33.686,1.16031,1.16048,1.57,1.05
2014.04.11 18:38:42.285,1.16031,1.16049,1.57,1.80
2014.04.11 18:38:42.795,1.16031,1.16049,1.57,1.80
2014.04.11 18:38:46.547,1.16031,1.16049,2.07,1.80
2014.04.11 18:38:46.649,1.16033,1.16049,1.32,1.68
2014.04.11 18:38:46.700,1.16034,1.16052,1.57,1.99
2014.04.11 18:38:46.852,1.16037,1.16054,1.19,2.18
2014.04.11 18:38:46.953,1.16036,1.16053,2.97,1.24
2014.04.11 18:38:47.357,1.16034,1.16052,1.69,1.80
2014.04.11 18:38:49.771,1.16034,1.16052,1.19,3.83
2014.04.11 18:38:53.510,1.16034,1.16052,1.69,1.80
2014.04.11 18:38:53.958,1.16034,1.16049,1.69,1.05
2014.04.11 18:38:54.009,1.16034,1.16049,1.25,1.05
2014.04.11 18:38:55.719,1.16034,1.1605,1.00,1.05
2014.04.11 18:39:01.398,1.16034,1.16049,1.00,1.05
2014.04.11 18:39:01.651,1.16032,1.16049,1.00,1.80
2014.04.11 18:39:02.272,1.16032,1.16049,1.00,1.80
2014.04.11 18:39:02.436,1.16032,1.16049,1.43,1.13
2014.04.11 18:39:03.044,1.16032,1.16049,1.62,1.13
2014.04.11 18:39:03.552,1.16034,1.16052,1.25,1.80
2014.04.11 18:39:04.443,1.16034,1.16052,1.19,1.80
2014.04.11 18:39:05.872,1.16034,1.16052,2.07,1.68
2014.04.11 18:39:08.156,1.16035,1.16052,1.19,1.68
2014.04.11 18:39:09.121,1.16035,1.16051,1.19,1.05
2014.04.11 18:39:09.172,1.16033,1.16048,1.99,1.00
2014.04.11 18:39:09.223,1.16033,1.16048,1.63,1.68
2014.04.11 18:39:09.273,1.1603,1.16045,1.50,1.68
2014.04.11 18:39:09.778,1.16029,1.16044,1.00,1.80
2014.04.11 18:39:10.246,1.16029,1.16045,1.00,1.00
2014.04.11 18:39:10.297,1.16031,1.16045,2.25,1.00
2014.04.11 18:39:10.448,1.16032,1.16047,1.00,1.15
2014.04.11 18:39:10.686,1.16034,1.16047,2.25,1.15
2014.04.11 18:39:13.291,1.16034,1.16049,1.00,1.05
2014.04.11 18:39:13.393,1.16034,1.16046,1.00,1.24
2014.04.11 18:39:13.494,1.16032,1.16046,1.00,1.93
2014.04.11 18:39:13.545,1.16032,1.16046,1.00,1.93
2014.04.11 18:39:13.646,1.16032,1.16046,1.50,1.93
2014.04.11 18:39:13.747,1.16032,1.16048,1.50,1.93
2014.04.11 18:39:13.949,1.16032,1.16048,1.00,1.93
2014.04.11 18:39:14.453,1.16032,1.16048,1.00,3.64
2014.04.11 18:39:17.632,1.16029,1.16047,3.57,1.80
2014.04.11 18:39:18.497,1.16029,1.16047,4.32,1.80
2014.04.11 18:39:20.219,1.16029,1.16047,4.32,1.80
2014.04.11 18:39:21.788,1.16029,1.16045,1.69,1.05
2014.04.11 18:39:21.839,1.16028,1.16045,1.19,2.18
2014.04.11 18:39:21.940,1.16028,1.16045,1.25,1.13
2014.04.11 18:39:21.990,1.16028,1.16045,1.25,1.80
2014.04.11 18:39:22.092,1.16028,1.16045,1.00,1.99
2014.04.11 18:39:22.193,1.16029,1.16045,2.25,4.02
2014.04.11 18:39:22.299,1.16028,1.16044,1.00,1.24
2014.04.11 18:39:22.787,1.16024,1.16041,5.59,1.68
2014.04.11 18:39:22.847,1.16024,1.16041,5.59,1.68
2014.04.11 18:39:25.211,1.16028,1.16041,1.00,1.68
2014.04.11 18:39:25.767,1.16028,1.16041,1.00,1.68
2014.04.11 18:39:28.018,1.16028,1.16041,1.00,1.43
2014.04.11 18:39:30.147,1.16028,1.16041,1.00,2.18
2014.04.11 18:39:30.248,1.16024,1.16039,3.19,1.05
2014.04.11 18:39:30.299,1.16028,1.16039,2.25,1.05
2014.04.11 18:39:30.400,1.16024,1.1604,5.22,1.05
2014.04.11 18:39:30.703,1.16024,1.16039,3.19,1.05
2014.04.11 18:39:30.804,1.16024,1.16039,3.19,1.05
2014.04.11 18:39:31.007,1.16024,1.16039,3.19,1.05
2014.04.11 18:39:33.168,1.16025,1.16041,1.19,1.43
2014.04.11 18:39:33.680,1.16028,1.16043,1.25,1.80
2014.04.11 18:39:34.556,1.16028,1.16043,1.25,1.80
2014.04.11 18:39:35.277,1.16028,1.16043,1.25,1.80
2014.04.11 18:39:35.821,1.16028,1.16044,1.69,1.05
2014.04.11 18:39:36.323,1.16028,1.16045,1.69,1.05
2014.04.11 18:39:37.157,1.1603,1.16045,2.25,1.05
2014.04.11 18:39:39.060,1.16031,1.16047,3.00,3.45
2014.04.11 18:39:39.363,1.16031,1.16046,3.00,1.05
2014.04.11 18:39:39.938,1.16028,1.16044,1.25,1.05
2014.04.11 18:39:40.914,1.16028,1.16044,1.25,1.05
2014.04.11 18:39:41.453,1.16028,1.16044,3.19,1.05
2014.04.11 18:39:42.333,1.16028,1.16042,1.00,1.05
2014.04.11 18:39:42.434,1.16029,1.16041,2.25,1.05
2014.04.11 18:39:42.945,1.16025,1.16039,3.94,1.05
2014.04.11 18:39:42.996,1.16025,1.16039,3.94,1.05
2014.04.11 18:39:43.047,1.16025,1.16038,3.19,1.68
2014.04.11 18:39:43.199,1.16023,1.16034,1.69,1.05
2014.04.11 18:39:43.250,1.16023,1.16034,1.00,1.05
2014.04.11 18:39:43.301,1.16021,1.16035,1.38,1.68
2014.04.11 18:39:43.402,1.16018,1.16034,2.07,1.43
2014.04.11 18:39:43.911,1.16023,1.16034,1.00,1.05
2014.04.11 18:39:44.421,1.16023,1.16035,1.00,2.89
2014.04.11 18:39:44.627,1.16018,1.16035,1.50,2.89
2014.04.11 18:39:45.064,1.16018,1.16033,1.00,1.99
2014.04.11 18:39:45.378,1.16018,1.16033,1.00,1.99
2014.04.11 18:39:45.723,1.16018,1.16033,1.00,1.99
2014.04.11 18:39:46.034,1.16018,1.16033,1.00,1.80
2014.04.11 18:39:46.562,1.16018,1.16033,1.63,1.00
2014.04.11 18:39:46.613,1.16023,1.16033,1.00,1.00
2014.04.11 18:39:46.823,1.16018,1.16036,2.07,1.93
2014.04.11 18:39:49.649,1.16023,1.16036,1.00,1.68
2014.04.11 18:39:49.760,1.16019,1.16036,1.32,1.68
2014.04.11 18:39:53.093,1.16019,1.16036,1.25,1.80
2014.04.11 18:39:53.709,1.1602,1.16036,1.00,1.80
2014.04.11 18:39:54.501,1.16023,1.16036,1.00,1.68
2014.04.11 18:39:54.710,1.1602,1.16038,1.88,1.87
2014.04.11 18:39:55.978,1.1602,1.16037,1.50,1.24
2014.04.11 18:39:57.839,1.1602,1.16037,1.00,1.99
2014.04.11 18:39:57.990,1.16018,1.16034,1.69,1.05
2014.04.11 18:39:58.142,1.16023,1.16035,1.00,1.93
2014.04.11 18:39:58.752,1.16023,1.16035,1.00,3.64
2014.04.11 18:39:59.059,1.16023,1.16035,1.00,3.64
2014.04.11 18:40:00.351,1.16018,1.16035,1.69,3.83
2014.04.11 18:40:00.554,1.16018,1.16031,1.00,1.05
2014.04.11 18:40:00.857,1.16016,1.16031,1.25,1.05
2014.04.11 18:40:00.908,1.16018,1.16033,1.00,4.02
2014.04.11 18:40:01.110,1.16018,1.16032,1.00,1.15
2014.04.11 18:40:01.463,1.16018,1.16035,2.25,1.24
2014.04.11 18:40:01.766,1.16018,1.16035,2.25,1.24
2014.04.11 18:40:02.984,1.16018,1.16035,1.50,1.24
2014.04.11 18:40:03.288,1.16015,1.16031,1.38,1.24
2014.04.11 18:40:03.791,1.16015,1.16031,1.00,1.24
2014.04.11 18:40:04.542,1.16018,1.16031,1.00,2.70
2014.04.11 18:40:04.643,1.16015,1.16031,1.19,2.70
2014.04.11 18:40:05.019,1.16014,1.16029,1.32,1.05
2014.04.11 18:40:05.508,1.16013,1.16029,2.82,1.05
2014.04.11 18:40:06.027,1.16013,1.16029,2.44,1.05
2014.04.11 18:40:08.251,1.16013,1.1603,2.44,1.24
2014.04.11 18:40:08.453,1.16015,1.16032,1.00,3.27
2014.04.11 18:40:08.957,1.16016,1.16032,1.00,1.24
2014.04.11 18:40:10.548,1.16018,1.16032,1.00,1.24
2014.04.11 18:40:10.701,1.16018,1.16032,1.00,1.15
2014.04.11 18:40:12.137,1.16018,1.16035,1.50,1.99
2014.04.11 18:40:14.002,1.16018,1.16035,1.69,1.80
2014.04.11 18:40:14.457,1.16018,1.16033,1.00,1.99
2014.04.11 18:40:14.998,1.16018,1.16031,1.00,1.05
2014.04.11 18:40:15.099,1.16016,1.16031,1.00,1.05
2014.04.11 18:40:15.200,1.16013,1.16031,2.44,1.80
2014.04.11 18:40:15.933,1.16013,1.16031,1.69,1.99
2014.04.11 18:40:16.212,1.16018,1.16031,1.00,1.24
2014.04.11 18:40:16.828,1.16018,1.16031,1.00,1.05
2014.04.11 18:40:16.879,1.16015,1.16031,1.25,1.05
2014.04.11 18:40:17.233,1.16013,1.16029,1.00,1.24
2014.04.11 18:40:27.302,1.16013,1.1603,1.50,1.87
2014.04.11 18:40:27.352,1.16013,1.16031,2.44,1.80
2014.04.11 18:40:27.403,1.16014,1.16031,1.19,1.80
2014.04.11 18:40:27.504,1.16014,1.16031,1.19,1.80
2014.04.11 18:40:27.970,1.16013,1.16031,1.00,2.74
2014.04.11 18:40:28.493,1.16013,1.16029,1.00,1.05
2014.04.11 18:40:50.413,1.16013,1.16029,1.00,1.05
2014.04.11 18:40:50.464,1.16011,1.16029,1.13,1.80
2014.04.11 18:40:56.572,1.16011,1.16027,1.00,1.05
2014.04.11 18:40:56.876,1.16009,1.16027,1.19,1.80
2014.04.11 18:40:57.407,1.16008,1.16024,1.25,1.80
2014.04.11 18:40:57.457,1.16008,1.16024,1.25,1.80
2014.04.11 18:40:57.981,1.16008,1.16021,1.00,1.00
2014.04.11 18:41:00.739,1.16008,1.16021,1.19,1.00
2014.04.11 18:41:00.790,1.16008,1.16023,1.19,1.43
2014.04.11 18:41:02.639,1.16008,1.16023,1.19,1.38
2014.04.11 18:41:02.865,1.16008,1.16024,1.00,1.99
2014.04.11 18:41:03.395,1.16009,1.16025,2.78,1.05
2014.04.11 18:41:05.384,1.16009,1.16026,2.97,1.68
2014.04.11 18:41:06.541,1.16009,1.16026,2.97,1.68
2014.04.11 18:41:07.746,1.16009,1.16026,2.97,1.68
2014.04.11 18:41:08.766,1.16009,1.16026,2.97,1.68
2014.04.11 18:41:09.296,1.16009,1.16026,1.25,1.68
2014.04.11 18:41:11.609,1.16009,1.16025,1.00,1.05
2014.04.11 18:41:11.913,1.16008,1.16021,1.00,1.05
2014.04.11 18:41:12.228,1.16008,1.16021,1.00,1.05
2014.04.11 18:41:12.535,1.16013,1.16021,1.00,1.05
2014.04.11 18:41:13.080,1.16013,1.16021,1.00,1.05
2014.04.11 18:41:13.131,1.16013,1.16021,1.00,1.05
2014.04.11 18:41:13.987,1.16013,1.16021,1.00,1.05
2014.04.11 18:41:14.207,1.16013,1.16021,1.00,1.05
2014.04.11 18:41:14.359,1.16013,1.16023,1.00,1.25
2014.04.11 18:41:14.671,1.16013,1.16028,1.00,1.93
2014.04.11 18:41:20.068,1.16013,1.16026,1.00,1.05
2014.04.11 18:41:20.119,1.16013,1.16024,1.00,1.05
2014.04.11 18:41:20.422,1.16013,1.16022,1.00,1.24
2014.04.11 18:41:20.473,1.16008,1.16023,1.00,1.87
2014.04.11 18:41:20.574,1.16007,1.16023,1.00,1.87
2014.04.11 18:41:20.927,1.16013,1.16023,1.00,1.93
2014.04.11 18:41:21.536,1.16013,1.16023,1.00,1.93
2014.04.11 18:41:22.549,1.16008,1.16022,1.00,1.68
2014.04.11 18:41:23.700,1.16008,1.16022,1.00,1.99
2014.04.11 18:41:41.294,1.16008,1.1602,1.00,1.24
2014.04.11 18:41:41.979,1.16008,1.1602,1.00,1.24
2014.04.11 18:41:43.453,1.16005,1.1602,1.00,1.24
2014.04.11 18:41:43.605,1.16008,1.16021,1.00,1.87
2014.04.11 18:41:44.206,1.16008,1.1602,1.00,1.15
2014.04.11 18:41:44.724,1.16008,1.16021,1.00,1.87
2014.04.11 18:41:49.202,1.16008,1.16022,1.00,2.74
2014.04.11 18:41:49.303,1.16008,1.16022,1.00,2.74
2014.04.11 18:41:50.378,1.16008,1.16022,1.00,1.68
2014.04.11 18:41:51.374,1.16008,1.16022,2.78,1.00
2014.04.11 18:41:51.626,1.1601,1.16024,2.78,1.15
2014.04.11 18:41:52.181,1.16013,1.16025,1.00,1.05
2014.04.11 18:41:52.388,1.16013,1.16027,1.00,1.69
2014.04.11 18:41:52.457,1.16013,1.16027,1.00,2.37
2014.04.11 18:41:52.811,1.16013,1.16029,1.50,1.62
2014.04.11 18:41:52.912,1.16013,1.16029,1.88,1.15
2014.04.11 18:41:53.114,1.16014,1.1603,1.38,1.43
2014.04.11 18:41:53.687,1.16014,1.16031,1.63,1.68
2014.04.11 18:41:54.141,1.16011,1.16028,3.34,1.68
2014.04.11 18:41:54.444,1.16013,1.16027,1.00,1.24
2014.04.11 18:41:56.658,1.16013,1.16026,1.00,2.18
2014.04.11 18:41:56.759,1.16009,1.16024,1.00,1.05
2014.04.11 18:41:57.011,1.16008,1.16023,1.00,1.43
2014.04.11 18:41:57.887,1.16013,1.16025,1.00,1.00
2014.04.11 18:41:57.989,1.16013,1.16028,1.25,1.68
2014.04.11 18:41:58.493,1.16013,1.16029,1.50,1.99
2014.04.11 18:41:59.060,1.16013,1.16029,1.50,1.99
2014.04.11 18:42:00.166,1.16012,1.16029,1.32,2.55
2014.04.11 18:42:01.277,1.16012,1.16027,1.32,1.00
2014.04.11 18:42:04.140,1.16012,1.16027,1.13,1.68
2014.04.11 18:42:04.646,1.16012,1.16027,1.13,1.43
2014.04.11 18:42:06.757,1.16012,1.16029,1.32,2.55
2014.04.11 18:42:07.087,1.16012,1.16028,1.32,2.70
2014.04.11 18:42:07.239,1.1601,1.16023,1.50,1.68
2014.04.11 18:42:07.340,1.16008,1.16025,3.90,1.99
2014.04.11 18:42:11.287,1.16006,1.16024,3.34,1.68
2014.04.11 18:42:11.808,1.16009,1.16025,1.00,1.99
2014.04.11 18:42:12.047,1.16009,1.16025,1.00,1.99
2014.04.11 18:42:12.148,1.16009,1.16025,1.13,1.93
2014.04.11 18:42:12.199,1.16011,1.16023,1.00,1.00
2014.04.11 18:42:12.502,1.16011,1.16025,1.00,1.68
2014.04.11 18:42:13.079,1.16011,1.16025,1.00,1.68
2014.04.11 18:42:13.590,1.1601,1.16025,1.00,1.68
2014.04.11 18:42:14.362,1.1601,1.16025,1.00,1.68
2014.04.11 18:42:14.665,1.16008,1.16023,1.00,1.68
2014.04.11 18:42:14.716,1.16008,1.16023,1.00,1.68
2014.04.11 18:42:15.335,1.16008,1.16022,1.00,1.53
2014.04.11 18:42:15.386,1.16008,1.16021,1.00,1.05
2014.04.11 18:42:15.436,1.16006,1.16021,1.00,1.24
2014.04.11 18:42:16.766,1.16006,1.16022,1.00,1.99
2014.04.11 18:42:16.867,1.16009,1.16022,1.00,1.80
2014.04.11 18:42:17.385,1.16009,1.16022,1.00,1.43
2014.04.11 18:42:19.477,1.16011,1.16023,1.00,1.80
2014.04.11 18:42:22.093,1.16011,1.16023,1.00,1.05
2014.04.11 18:42:22.143,1.16009,1.16023,1.00,1.05
2014.04.11 18:42:22.446,1.16007,1.16023,2.03,1.99
2014.04.11 18:42:22.497,1.16007,1.16023,2.03,1.99
2014.04.11 18:42:22.749,1.16009,1.16023,2.78,1.43
2014.04.11 18:42:23.115,1.16011,1.16025,1.00,1.05
2014.04.11 18:42:24.107,1.16014,1.16025,1.00,1.05
2014.04.11 18:42:24.160,1.16014,1.16026,1.00,1.05
2014.04.11 18:42:24.663,1.16014,1.16028,3.00,1.05
2014.04.11 18:42:24.764,1.16016,1.16028,1.00,1.05
2014.04.11 18:42:26.683,1.16016,1.16028,1.00,1.05
2014.04.11 18:42:27.227,1.16016,1.16028,1.00,1.68
2014.04.11 18:42:27.378,1.16012,1.16025,1.00,1.05
2014.04.11 18:42:30.307,1.16012,1.16023,1.00,1.05
2014.04.11 18:42:30.358,1.16008,1.16023,2.78,1.05
2014.04.11 18:42:30.661,1.16008,1.16022,1.00,2.70
2014.04.11 18:42:31.180,1.16008,1.16025,1.00,1.87
2014.04.11 18:42:49.988,1.16008,1.16024,1.00,1.24
2014.04.11 18:42:50.744,1.16008,1.16024,1.00,1.24
2014.04.11 18:42:53.095,1.16008,1.16024,2.78,1.24
2014.04.11 18:42:53.146,1.16011,1.16026,1.00,2.37
2014.04.11 18:42:53.666,1.16011,1.16027,1.00,1.87
2014.04.11 18:42:54.624,1.16011,1.16026,1.00,1.87
2014.04.11 18:42:55.815,1.16011,1.16024,1.00,1.24
2014.04.11 18:42:56.324,1.16012,1.16027,1.00,2.37
2014.04.11 18:43:00.356,1.16012,1.16027,1.00,1.24
2014.04.11 18:43:00.457,1.1601,1.16027,2.40,1.99
2014.04.11 18:43:00.660,1.16011,1.16028,1.13,2.74
2014.04.11 18:43:02.846,1.1601,1.16026,1.13,1.24
2014.04.11 18:43:03.100,1.1601,1.16026,1.13,3.12
2014.04.11 18:43:15.195,1.1601,1.16026,1.13,2.74
2014.04.11 18:43:15.347,1.16012,1.16026,1.00,1.05
2014.04.11 18:43:15.858,1.16013,1.16026,1.00,1.05
2014.04.11 18:43:20.985,1.16013,1.16029,1.13,1.99
2014.04.11 18:43:21.665,1.16013,1.16029,1.13,2.74
2014.04.11 18:43:21.767,1.16013,1.16029,1.13,1.99
2014.04.11 18:43:21.868,1.16015,1.16031,1.13,1.93
2014.04.11 18:43:22.373,1.16016,1.16032,1.00,1.24
2014.04.11 18:43:22.817,1.16018,1.16032,1.00,1.24
2014.04.11 18:43:23.196,1.16018,1.16032,1.00,1.24
2014.04.11 18:43:23.449,1.16016,1.1603,1.00,1.99
2014.04.11 18:43:24.065,1.16016,1.16031,1.00,1.24
2014.04.11 18:43:24.294,1.16016,1.16031,1.00,1.24
2014.04.11 18:43:24.396,1.16014,1.1603,2.78,1.05
2014.04.11 18:43:24.599,1.16016,1.1603,1.00,1.24
2014.04.11 18:43:24.650,1.16016,1.1603,1.00,1.24
2014.04.11 18:43:25.472,1.16018,1.1603,1.00,1.05
2014.04.11 18:43:25.780,1.16016,1.1603,1.00,1.24
2014.04.11 18:43:25.982,1.16016,1.16029,1.00,1.87
2014.04.11 18:43:26.184,1.16016,1.1603,1.00,1.24
2014.04.11 18:43:30.591,1.16018,1.16028,1.00,1.24
2014.04.11 18:43:30.693,1.16018,1.16028,1.00,1.15
2014.04.11 18:43:34.022,1.16017,1.16032,1.00,1.99
2014.04.11 18:43:35.797,1.16015,1.16031,1.00,1.87
2014.04.11 18:43:44.418,1.16015,1.16031,1.00,1.87
2014.04.11 18:43:46.540,1.16015,1.1603,1.00,1.24
2014.04.11 18:43:50.116,1.16016,1.1603,1.00,1.24
2014.04.11 18:43:50.217,1.16018,1.1603,1.00,1.24
2014.04.11 18:43:51.575,1.16018,1.16031,1.00,1.15
2014.04.11 18:43:52.222,1.1602,1.16031,1.00,1.15
2014.04.11 18:43:53.536,1.16018,1.16033,1.00,1.99
2014.04.11 18:43:53.993,1.1602,1.16033,1.00,1.99
2014.04.11 18:43:54.756,1.1602,1.1603,1.00,1.05
2014.04.11 18:43:54.857,1.16017,1.1603,1.00,1.05
2014.04.11 18:43:54.908,1.16017,1.1603,1.00,1.05
2014.04.11 18:43:55.421,1.16017,1.16029,1.00,1.05
2014.04.11 18:44:10.135,1.16017,1.16029,1.00,1.05
2014.04.11 18:44:11.361,1.16017,1.16029,1.00,1.05
2014.04.11 18:44:11.462,1.16013,1.16024,2.78,1.05
2014.04.11 18:44:11.513,1.16013,1.16023,1.00,1.05
2014.04.11 18:44:11.564,1.1601,1.16023,1.00,1.05
2014.04.11 18:44:11.665,1.1601,1.16023,1.00,1.05
2014.04.11 18:44:11.716,1.1601,1.16023,1.00,1.05
2014.04.11 18:44:13.125,1.1601,1.16024,1.00,1.05
2014.04.11 18:44:13.227,1.16013,1.16028,1.00,4.02
2014.04.11 18:44:13.328,1.16016,1.16029,1.00,1.05
2014.04.11 18:44:13.922,1.16016,1.16028,1.00,1.05
2014.04.11 18:44:14.360,1.16015,1.16028,2.03,1.05
2014.04.11 18:44:14.865,1.16014,1.16027,1.00,1.05
2014.04.11 18:44:15.421,1.16012,1.16025,1.00,1.05
2014.04.11 18:44:15.802,1.16012,1.16025,1.00,1.05
2014.04.11 18:44:17.854,1.16012,1.16025,1.00,1.24
2014.04.11 18:44:22.676,1.1601,1.16025,1.00,1.24
2014.04.11 18:44:23.464,1.1601,1.16023,1.00,1.05
2014.04.11 18:44:24.049,1.1601,1.16024,1.00,1.24
2014.04.11 18:44:24.100,1.16012,1.16024,1.00,1.24
2014.04.11 18:44:25.428,1.16013,1.16026,1.00,1.05
2014.04.11 18:44:27.614,1.16011,1.16026,1.00,1.05
2014.04.11 18:44:27.765,1.16009,1.16024,1.00,1.68
2014.04.11 18:44:28.723,1.16008,1.16023,1.00,1.24
2014.04.11 18:44:29.331,1.16008,1.16022,1.00,1.87
2014.04.11 18:44:31.836,1.16008,1.16023,1.00,1.99
2014.04.11 18:44:33.401,1.16008,1.16023,1.00,1.24
2014.04.11 18:44:33.704,1.16009,1.16023,1.00,1.24
2014.04.11 18:44:42.384,1.16009,1.16023,1.00,1.24
2014.04.11 18:44:55.252,1.16011,1.16024,1.00,2.74
2014.04.11 18:44:55.302,1.16011,1.16022,1.00,1.15
2014.04.11 18:45:21.223,1.16011,1.16024,1.00,1.24
2014.04.11 18:45:21.375,1.16013,1.16025,2.03,1.57
2014.04.11 18:45:21.678,1.16015,1.16025,2.78,1.00
2014.04.11 18:45:21.830,1.16015,1.16029,2.78,1.24
2014.04.11 18:45:22.435,1.16018,1.16032,1.00,1.99
2014.04.11 18:45:28.694,1.16019,1.16034,1.00,1.99
2014.04.11 18:45:28.897,1.16021,1.16034,1.00,1.15
2014.04.11 18:45:30.702,1.16021,1.16035,1.00,1.15
2014.04.11 18:45:41.732,1.16023,1.16037,1.00,1.05
2014.04.11 18:45:42.504,1.16022,1.16037,1.00,1.68
2014.04.11 18:45:42.808,1.16022,1.16036,1.00,1.05
2014.04.11 18:45:43.343,1.16021,1.16036,1.00,1.05
2014.04.11 18:45:43.848,1.16022,1.16038,1.00,1.24
2014.04.11 18:45:48.886,1.16022,1.16038,1.00,1.99
2014.04.11 18:45:49.335,1.16024,1.16039,1.00,2.74
2014.04.11 18:45:58.781,1.16024,1.16041,1.00,5.52
2014.04.11 18:46:06.639,1.16025,1.16041,1.00,2.74
2014.04.11 18:46:10.820,1.16028,1.16041,1.00,2.74
2014.04.11 18:46:19.038,1.16026,1.16041,1.00,2.74
2014.04.11 18:46:19.910,1.16026,1.16041,1.00,2.74
2014.04.11 18:46:20.445,1.16026,1.1604,1.00,1.62
2014.04.11 18:46:21.874,1.16026,1.1604,1.00,1.99
2014.04.11 18:46:21.925,1.16024,1.1604,1.00,1.99
2014.04.11 18:46:22.335,1.16022,1.16038,1.00,1.99
2014.04.11 18:46:23.693,1.16022,1.16036,1.00,1.57
2014.04.11 18:46:25.134,1.16022,1.16035,1.00,1.32
2014.04.11 18:46:27.207,1.16022,1.16036,1.00,1.57
2014.04.11 18:46:29.817,1.16022,1.16036,1.00,1.57
2014.04.11 18:46:30.923,1.16022,1.16036,1.00,1.57
2014.04.11 18:46:36.561,1.16022,1.16037,1.00,1.99
2014.04.11 18:46:38.282,1.16022,1.16036,1.00,1.62
2014.04.11 18:46:38.786,1.16022,1.16035,1.00,1.99
2014.04.11 18:46:40.699,1.16022,1.16035,1.00,1.24
2014.04.11 18:46:40.865,1.16022,1.16034,1.00,1.32
2014.04.11 18:46:41.998,1.16022,1.16035,1.00,1.99
2014.04.11 18:46:42.598,1.16022,1.16036,1.00,2.37
2014.04.11 18:46:44.032,1.16022,1.16036,1.00,1.15
2014.04.11 18:46:46.343,1.16022,1.16037,1.00,1.87
2014.04.11 18:46:46.886,1.16022,1.16035,1.00,1.53
2014.04.11 18:46:47.508,1.16022,1.16034,1.00,1.32
2014.04.11 18:46:47.662,1.16022,1.16034,1.00,1.99
2014.04.11 18:46:48.004,1.16017,1.16027,1.13,1.19
2014.04.11 18:46:48.055,1.16017,1.1603,1.13,1.19
2014.04.11 18:46:48.105,1.16017,1.1603,1.80,1.19
2014.04.11 18:46:48.157,1.16017,1.16032,1.80,1.19
2014.04.11 18:46:48.258,1.1602,1.16035,1.43,1.57
2014.04.11 18:46:48.795,1.1602,1.16036,3.68,1.57
2014.04.11 18:46:49.312,1.16022,1.16036,1.43,1.57
2014.04.11 18:46:49.944,1.16024,1.16036,1.00,1.57
2014.04.11 18:46:50.476,1.16024,1.16037,1.00,1.57
2014.04.11 18:46:54.643,1.16024,1.16039,1.00,1.57
2014.04.11 18:46:56.434,1.16022,1.16039,1.00,4.77
2014.04.11 18:47:02.941,1.16025,1.16038,1.00,1.32
2014.04.11 18:47:02.992,1.16026,1.16041,2.25,4.77
2014.04.11 18:47:03.043,1.16029,1.16041,1.00,2.74
2014.04.11 18:47:03.582,1.16029,1.16041,1.00,1.53
2014.04.11 18:47:05.871,1.16029,1.16044,1.00,1.87
2014.04.11 18:47:07.731,1.16029,1.16042,1.00,1.62
2014.04.11 18:47:09.297,1.16029,1.16042,1.00,1.62
2014.04.11 18:47:11.192,1.16029,1.1604,1.00,1.15
2014.04.11 18:47:11.495,1.16027,1.16038,1.00,1.24
2014.04.11 18:47:11.647,1.16025,1.16038,1.00,1.62
2014.04.11 18:47:12.104,1.16025,1.16041,1.00,3.64
2014.04.11 18:47:12.306,1.16028,1.16041,1.00,1.62
2014.04.11 18:47:13.512,1.16028,1.16041,1.00,1.62
2014.04.11 18:47:19.012,1.1603,1.16043,1.00,1.87
2014.04.11 18:47:19.216,1.16028,1.1604,1.00,1.15
2014.04.11 18:47:20.211,1.16028,1.16043,1.00,1.87
2014.04.11 18:47:20.313,1.1603,1.16043,1.00,1.87
2014.04.11 18:47:20.901,1.1603,1.16042,1.00,1.15
2014.04.11 18:47:24.758,1.1603,1.16045,1.00,4.39
2014.04.11 18:47:25.997,1.1603,1.16044,1.00,1.15
2014.04.11 18:47:27.181,1.1603,1.16044,1.00,1.62
2014.04.11 18:47:29.310,1.1603,1.16044,1.00,1.87
2014.04.11 18:47:37.693,1.1603,1.16044,1.00,1.62
2014.04.11 18:47:38.696,1.1603,1.16044,1.00,1.62
2014.04.11 18:47:39.320,1.1603,1.16043,1.00,1.87
2014.04.11 18:47:40.502,1.1603,1.16042,1.00,1.15
2014.04.11 18:47:51.888,1.1603,1.16045,1.00,2.37
2014.04.11 18:47:52.976,1.1603,1.16045,1.00,2.37
2014.04.11 18:47:55.387,1.1603,1.16045,1.00,1.62
2014.04.11 18:47:55.692,1.16033,1.16047,1.43,1.19
2014.04.11 18:47:55.793,1.16036,1.16051,2.25,1.19
2014.04.11 18:47:55.894,1.16037,1.16053,1.00,2.22
2014.04.11 18:47:56.515,1.16037,1.16054,1.00,1.62
2014.04.11 18:47:56.718,1.16039,1.16054,1.00,3.64
2014.04.11 18:47:57.278,1.16039,1.16054,1.00,3.64
2014.04.11 18:47:59.323,1.16039,1.16053,1.00,1.19
2014.04.11 18:47:59.577,1.16037,1.16052,1.00,1.24
2014.04.11 18:47:59.678,1.16037,1.1605,1.00,4.02
2014.04.11 18:47:59.830,1.16035,1.16049,1.00,2.22
2014.04.11 18:48:00.719,1.16034,1.16049,1.00,2.22
2014.04.11 18:48:01.581,1.16036,1.16051,1.00,1.25
2014.04.11 18:48:02.387,1.16036,1.1605,1.00,1.00
2014.04.11 18:48:02.439,1.16034,1.16048,1.00,1.05
2014.04.11 18:48:02.742,1.16032,1.16047,1.00,2.89
2014.04.11 18:48:03.334,1.16032,1.16048,1.00,1.99
2014.04.11 18:48:03.742,1.16032,1.16048,1.00,4.02
2014.04.11 18:48:04.412,1.16032,1.16046,1.00,1.15
2014.04.11 18:48:04.812,1.1603,1.16044,1.00,1.15
2014.04.11 18:48:07.589,1.1603,1.16046,1.00,3.64
2014.04.11 18:48:08.313,1.16028,1.16044,1.00,3.64
2014.04.11 18:48:09.863,1.16028,1.16044,1.00,2.78
2014.04.11 18:48:11.013,1.1603,1.16044,1.00,3.45
2014.04.11 18:48:16.748,1.1603,1.16044,1.00,3.64
2014.04.11 18:48:19.203,1.1603,1.16044,1.00,3.64
2014.04.11 18:48:20.094,1.1603,1.16044,1.00,4.02
2014.04.11 18:48:20.657,1.1603,1.16043,1.00,1.24
2014.04.11 18:48:21.294,1.1603,1.16042,1.00,1.19
2014.04.11 18:48:21.849,1.1603,1.16044,1.00,4.39
2014.04.11 18:48:23.019,1.1603,1.16044,1.00,3.72
2014.04.11 18:48:26.798,1.1603,1.16044,1.00,3.72
2014.04.11 18:48:28.002,1.1603,1.16044,1.00,1.69
2014.04.11 18:48:28.640,1.1603,1.16044,1.00,1.25
2014.04.11 18:48:30.704,1.16031,1.16044,1.00,1.25
2014.04.11 18:48:31.220,1.16031,1.16044,1.00,1.69
2014.04.11 18:48:32.450,1.16031,1.16043,1.00,1.32
2014.04.11 18:48:34.642,1.16031,1.16043,1.00,2.74
2014.04.11 18:48:36.068,1.16031,1.16043,1.00,1.32
2014.04.11 18:48:37.039,1.16031,1.16043,1.00,1.32
2014.04.11 18:48:38.167,1.16031,1.16045,1.00,2.97
2014.04.11 18:48:42.258,1.16031,1.16045,1.00,4.39
2014.04.11 18:48:46.014,1.16031,1.16044,1.00,1.15
2014.04.11 18:48:50.599,1.16031,1.16045,1.00,1.99
2014.04.11 18:48:51.108,1.1603,1.1604,1.00,1.24
2014.04.11 18:48:51.607,1.16027,1.1604,1.00,1.24
2014.04.11 18:49:00.747,1.16027,1.1604,1.00,1.24
2014.04.11 18:49:00.848,1.16029,1.16042,1.00,1.87
2014.04.11 18:49:11.170,1.16029,1.16042,1.00,2.37
2014.04.11 18:49:11.322,1.16027,1.16039,1.00,1.05
2014.04.11 18:49:15.176,1.16025,1.16038,1.00,3.64
2014.04.11 18:49:15.278,1.16024,1.16036,1.00,1.93
2014.04.11 18:49:15.481,1.16024,1.16034,2.78,1.25
2014.04.11 18:49:15.582,1.16024,1.1604,5.03,1.24
2014.04.11 18:49:15.633,1.16027,1.1604,1.00,1.24
2014.04.11 18:49:16.243,1.16029,1.16042,1.00,1.24
2014.04.11 18:49:18.044,1.16028,1.16042,1.00,1.99
2014.04.11 18:49:18.370,1.16031,1.16042,2.25,1.87
2014.04.11 18:49:18.471,1.16031,1.16044,2.25,1.62
2014.04.11 18:49:18.522,1.16031,1.16048,2.25,1.99
2014.04.11 18:49:18.573,1.16034,1.16048,1.00,1.24
2014.04.11 18:49:19.222,1.16034,1.16047,1.00,1.93
2014.04.11 18:49:19.772,1.16034,1.16045,1.00,1.24
2014.04.11 18:49:20.106,1.16034,1.16045,1.00,1.24
2014.04.11 18:49:20.338,1.16032,1.16043,1.00,1.05
2014.04.11 18:49:20.414,1.16032,1.16043,1.00,1.24
2014.04.11 18:49:20.568,1.16032,1.16045,1.00,2.74
2014.04.11 18:49:20.670,1.16032,1.16045,1.00,1.05
2014.04.11 18:49:21.302,1.16033,1.16045,1.00,1.05
2014.04.11 18:49:23.208,1.16032,1.16046,1.00,1.24
2014.04.11 18:49:23.309,1.16032,1.16044,1.00,1.05
2014.04.11 18:49:23.864,1.16031,1.16044,1.00,1.24
2014.04.11 18:49:24.589,1.16031,1.16044,1.00,1.24
2014.04.11 18:49:24.841,1.16029,1.16044,1.00,1.24
2014.04.11 18:49:24.943,1.16032,1.16044,1.00,1.05
2014.04.11 18:49:25.596,1.16032,1.16044,1.00,1.05
2014.04.11 18:49:26.357,1.16033,1.16044,1.00,1.05
2014.04.11 18:49:26.671,1.16031,1.16041,1.00,1.05
2014.04.11 18:49:27.199,1.16031,1.16043,1.00,1.05
2014.04.11 18:49:27.767,1.16032,1.16043,1.00,1.05
2014.04.11 18:49:28.298,1.16032,1.16043,1.00,1.05
2014.04.11 18:49:28.838,1.16031,1.16043,1.00,1.05
2014.04.11 18:49:29.461,1.16031,1.1604,1.00,1.05
2014.04.11 18:49:29.562,1.16029,1.16038,1.00,1.05
2014.04.11 18:49:30.070,1.16028,1.16038,1.00,1.05
2014.04.11 18:49:31.423,1.16028,1.16041,1.00,1.05
2014.04.11 18:49:31.575,1.1603,1.16041,1.00,1.05
2014.04.11 18:49:32.158,1.1603,1.16041,1.00,1.05
2014.04.11 18:49:32.666,1.1603,1.16044,1.00,1.05
2014.04.11 18:49:34.100,1.16031,1.16041,1.00,1.05
2014.04.11 18:49:34.403,1.16029,1.16041,1.00,1.05
2014.04.11 18:49:34.504,1.16029,1.16041,1.00,1.05
2014.04.11 18:49:35.512,1.16027,1.16041,1.00,1.05
2014.04.11 18:49:37.244,1.16027,1.16039,1.00,1.05
2014.04.11 18:49:39.330,1.16027,1.16039,1.00,1.05
2014.04.11 18:49:43.188,1.16027,1.16041,1.00,1.99
2014.04.11 18:49:43.239,1.16031,1.16041,2.25,1.99
2014.04.11 18:49:43.289,1.16031,1.16041,2.25,1.19
2014.04.11 18:49:43.441,1.16036,1.16046,1.00,1.68
2014.04.11 18:49:44.207,1.16029,1.16043,3.34,1.05
2014.04.11 18:49:44.431,1.16033,1.16043,1.00,1.05
2014.04.11 18:49:45.014,1.16032,1.1604,1.00,1.05
2014.04.11 18:49:45.521,1.16032,1.1604,1.00,1.05
2014.04.11 18:49:45.622,1.1603,1.1604,1.00,1.05
2014.04.11 18:49:47.499,1.16031,1.1604,1.00,1.05
2014.04.11 18:49:47.829,1.16029,1.1604,1.00,1.05
2014.04.11 18:49:51.006,1.16029,1.1604,1.00,1.05
2014.04.11 18:49:56.408,1.16029,1.16038,1.00,1.05
2014.04.11 18:49:56.598,1.16029,1.16038,1.00,1.05
2014.04.11 18:49:57.297,1.16029,1.16038,1.00,1.05
2014.04.11 18:49:57.399,1.16029,1.16042,1.00,1.93
2014.04.11 18:49:57.500,1.16034,1.16043,1.00,1.00
2014.04.11 18:49:58.046,1.16034,1.16044,1.00,1.05
2014.04.11 18:50:03.223,1.16034,1.16047,1.00,1.99
2014.04.11 18:50:03.998,1.16034,1.16045,1.00,1.05
2014.04.11 18:50:04.760,1.16036,1.16045,1.00,1.05
2014.04.11 18:50:05.437,1.16036,1.16046,1.00,1.24
2014.04.11 18:50:09.052,1.16036,1.16047,1.00,1.15
2014.04.11 18:50:09.562,1.16037,1.16049,1.00,1.05
2014.04.11 18:50:10.041,1.16037,1.16052,1.00,1.25
2014.04.11 18:50:10.144,1.16037,1.16054,1.00,2.89
2014.04.11 18:50:10.448,1.16039,1.16052,1.00,1.05
2014.04.11 18:50:10.499,1.16036,1.16052,1.19,1.05
2014.04.11 18:50:11.133,1.16038,1.16052,1.00,1.05
2014.04.11 18:50:12.293,1.16038,1.16051,1.00,1.05
2014.04.11 18:50:12.344,1.16038,1.1605,1.00,1.05
2014.04.11 18:50:12.497,1.16035,1.1605,1.00,1.24
2014.04.11 18:50:12.548,1.16035,1.16049,1.00,1.43
2014.04.11 18:50:13.236,1.16035,1.1605,1.00,1.99
2014.04.11 18:50:13.489,1.16037,1.1605,1.00,1.32
2014.04.11 18:50:14.237,1.16037,1.1605,1.00,1.99
2014.04.11 18:50:14.546,1.16035,1.16047,1.00,1.05
2014.04.11 18:50:14.697,1.16035,1.1605,1.00,1.99
2014.04.11 18:50:15.202,1.16035,1.1605,1.00,1.99
2014.04.11 18:50:15.744,1.16035,1.1605,1.00,1.99
2014.04.11 18:50:15.895,1.16033,1.1605,1.50,4.77
2014.04.11 18:50:16.649,1.16033,1.16048,1.50,1.25
2014.04.11 18:50:16.902,1.16033,1.1605,2.74,1.69
2014.04.11 18:50:17.776,1.16034,1.1605,1.00,1.62
2014.04.11 18:50:20.730,1.16034,1.1605,1.00,1.99
2014.04.11 18:50:21.393,1.16033,1.16047,1.50,1.43
2014.04.11 18:50:21.924,1.16033,1.16047,1.50,1.93
2014.04.11 18:50:24.671,1.16036,1.16049,1.00,1.87
2014.04.11 18:50:25.235,1.16036,1.16047,1.00,1.15
2014.04.11 18:50:35.104,1.16036,1.1605,1.00,1.80
2014.04.11 18:50:56.699,1.16036,1.16052,1.00,1.24
2014.04.11 18:50:57.207,1.16037,1.16053,1.00,2.89
2014.04.11 18:50:58.226,1.16037,1.16051,1.00,1.15
2014.04.11 18:50:58.327,1.16039,1.16051,1.00,1.15
2014.04.11 18:50:59.278,1.16039,1.16052,1.00,1.15
2014.04.11 18:51:02.641,1.16039,1.16053,1.00,1.15
2014.04.11 18:51:02.862,1.16042,1.16059,1.13,2.37
2014.04.11 18:51:02.963,1.16046,1.16059,1.00,1.24
2014.04.11 18:51:04.027,1.16046,1.1606,1.00,1.99
2014.04.11 18:51:04.800,1.16046,1.16061,1.00,1.99
2014.04.11 18:51:05.613,1.16046,1.1606,1.00,1.15
2014.04.11 18:51:10.448,1.16047,1.16062,1.00,1.24
2014.04.11 18:51:10.751,1.16049,1.16064,1.00,1.87
2014.04.11 18:51:14.498,1.16049,1.16064,1.00,1.93
2014.04.11 18:51:19.125,1.16049,1.16063,1.00,1.15
2014.04.11 18:51:19.429,1.16047,1.16061,1.00,1.80
2014.04.11 18:51:19.539,1.16046,1.16059,1.00,1.05
2014.04.11 18:51:19.893,1.16042,1.16058,1.00,1.99
2014.04.11 18:51:20.479,1.16042,1.16057,1.00,1.93
2014.04.11 18:51:21.002,1.16043,1.16058,1.00,2.74
2014.04.11 18:51:21.550,1.16043,1.16056,1.00,1.05
2014.04.11 18:51:21.651,1.16041,1.16056,1.00,1.80
2014.04.11 18:51:24.729,1.16045,1.16058,1.00,1.87
2014.04.11 18:51:25.265,1.16045,1.16057,1.00,1.15
2014.04.11 18:51:26.068,1.16045,1.1606,1.00,1.24
2014.04.11 18:51:26.119,1.16047,1.1606,1.00,1.99
2014.04.11 18:51:27.397,1.16047,1.1606,1.00,1.24
2014.04.11 18:51:39.168,1.16047,1.16061,1.00,1.24
2014.04.11 18:51:47.648,1.16047,1.16061,1.00,1.24
2014.04.11 18:51:58.308,1.16047,1.16057,1.00,1.43
2014.04.11 18:51:58.619,1.16047,1.16055,1.00,1.68
2014.04.11 18:51:58.721,1.16041,1.16055,1.00,1.68
2014.04.11 18:51:58.872,1.16038,1.16055,1.13,2.37
2014.04.11 18:51:59.333,1.16038,1.16055,1.13,2.37
2014.04.11 18:52:00.501,1.16038,1.16054,1.00,1.87
2014.04.11 18:52:00.804,1.16033,1.1605,1.00,5.89
2014.04.11 18:52:01.386,1.16033,1.16049,1.00,3.64
2014.04.11 18:52:01.517,1.16033,1.16049,1.00,3.64
2014.04.11 18:52:02.096,1.1603,1.16048,1.38,1.87
2014.04.11 18:52:02.732,1.1603,1.16048,1.00,3.64
2014.04.11 18:52:03.436,1.1603,1.16044,1.00,1.24
2014.04.11 18:52:03.590,1.16028,1.16044,1.00,1.24
2014.04.11 18:52:04.100,1.16028,1.16044,1.00,4.02
2014.04.11 18:52:04.765,1.16027,1.16044,1.00,4.02
2014.04.11 18:52:04.917,1.16029,1.16044,1.00,1.24
2014.04.11 18:52:05.219,1.16029,1.16044,1.00,1.05
2014.04.11 18:52:05.446,1.16029,1.16044,1.00,1.05
2014.04.11 18:52:05.599,1.16029,1.16046,1.63,1.43
2014.04.11 18:52:05.981,1.16034,1.16048,1.00,1.05
2014.04.11 18:52:06.133,1.16034,1.16048,1.00,1.05
2014.04.11 18:52:06.656,1.16036,1.16048,1.00,1.05
2014.04.11 18:52:07.217,1.16034,1.16048,1.00,1.05
2014.04.11 18:52:31.831,1.16036,1.16049,1.00,1.05
2014.04.11 18:52:33.162,1.16036,1.16047,1.00,1.05
2014.04.11 18:52:33.364,1.16031,1.16045,1.00,1.24
2014.04.11 18:52:34.088,1.16031,1.16045,1.00,1.24
2014.04.11 18:52:34.391,1.16034,1.16045,1.00,1.05
2014.04.11 18:52:34.816,1.16034,1.16046,1.00,1.15
2014.04.11 18:52:39.213,1.16032,1.16047,1.00,1.24
2014.04.11 18:52:43.384,1.16035,1.16049,1.00,1.24
2014.04.11 18:52:44.179,1.16035,1.16049,1.00,1.24
2014.04.11 18:52:55.055,1.16035,1.16049,1.00,1.24
2014.04.11 18:52:55.259,1.16043,1.16057,2.25,1.62
2014.04.11 18:52:55.413,1.16047,1.1606,1.00,3.27
2014.04.11 18:52:55.951,1.16044,1.1606,1.50,3.27
2014.04.11 18:52:56.282,1.16046,1.1606,1.00,3.27
2014.04.11 18:52:58.355,1.16046,1.1606,1.00,3.08
2014.04.11 18:53:01.910,1.16048,1.1606,1.00,1.05
2014.04.11 18:53:03.557,1.16046,1.1606,3.00,1.05
2014.04.11 18:53:05.348,1.16048,1.1606,1.00,1.05
2014.04.11 18:53:07.071,1.16049,1.16062,1.00,1.87
2014.04.11 18:53:18.595,1.16049,1.16062,1.00,1.93
2014.04.11 18:53:20.685,1.16049,1.16064,1.00,1.99
2014.04.11 18:53:21.323,1.16049,1.16064,1.00,1.99
2014.04.11 18:53:27.091,1.16049,1.16064,1.50,1.00
2014.04.11 18:53:27.143,1.16053,1.16064,1.88,1.00
2014.04.11 18:53:27.194,1.16054,1.16067,1.13,1.69
2014.04.11 18:53:27.244,1.16058,1.16067,1.00,1.69
2014.04.11 18:53:27.295,1.16058,1.16071,1.50,1.49
2014.04.11 18:53:27.396,1.16058,1.16071,1.00,1.30
2014.04.11 18:53:27.955,1.16057,1.16071,1.00,1.00
2014.04.11 18:53:28.291,1.16055,1.16071,1.00,1.68
2014.04.11 18:53:28.342,1.16058,1.16071,1.00,1.68
2014.04.11 18:53:29.064,1.16058,1.16071,1.00,1.68
2014.04.11 18:53:31.720,1.16058,1.16071,1.00,1.43
2014.04.11 18:53:32.174,1.16058,1.16071,4.77,1.00
2014.04.11 18:53:32.275,1.16062,1.16075,1.00,1.00
2014.04.11 18:53:32.377,1.16062,1.16077,1.00,1.43
2014.04.11 18:53:33.726,1.16063,1.16077,1.13,1.00
2014.04.11 18:53:33.895,1.16064,1.16079,1.25,1.80
2014.04.11 18:53:34.781,1.16066,1.16079,1.00,1.80
2014.04.11 18:53:35.355,1.16066,1.16079,1.00,1.80
2014.04.11 18:53:38.521,1.16066,1.16079,1.00,1.43
2014.04.11 18:53:38.622,1.16063,1.16076,1.25,1.05
2014.04.11 18:53:38.926,1.16062,1.16072,2.25,1.05
2014.04.11 18:53:39.128,1.1606,1.16072,1.00,3.83
2014.04.11 18:53:39.330,1.1606,1.16071,1.00,1.05
2014.04.11 18:53:39.705,1.16058,1.1607,1.00,1.05
2014.04.11 18:53:40.369,1.16058,1.16071,1.00,1.93
2014.04.11 18:53:40.522,1.16058,1.16072,2.55,1.00
2014.04.11 18:53:41.027,1.1606,1.16072,1.00,1.43
2014.04.11 18:53:41.378,1.16058,1.16072,1.00,1.80
2014.04.11 18:53:45.431,1.16056,1.16072,1.32,1.80
2014.04.11 18:53:45.482,1.16056,1.16072,1.32,1.80
2014.04.11 18:53:45.886,1.16059,1.16071,1.15,1.00
2014.04.11 18:53:46.038,1.16059,1.16074,3.49,1.00
2014.04.11 18:53:46.445,1.16061,1.16078,1.99,1.00
2014.04.11 18:53:46.751,1.16063,1.16078,1.00,1.00
2014.04.11 18:53:47.257,1.16063,1.1608,1.00,1.80
2014.04.11 18:53:47.772,1.16062,1.16079,3.57,1.05
2014.04.11 18:53:48.385,1.16062,1.16075,2.44,1.38
2014.04.11 18:53:48.486,1.16061,1.16075,2.25,1.68
2014.04.11 18:53:48.537,1.16058,1.16075,3.49,1.00
2014.04.11 18:53:48.825,1.1606,1.16077,5.40,1.80
2014.04.11 18:53:49.130,1.16064,1.1608,1.00,1.80
2014.04.11 18:53:49.834,1.16064,1.16079,1.00,1.05
2014.04.11 18:53:50.353,1.16062,1.16079,1.38,1.80
2014.04.11 18:53:52.044,1.16063,1.16077,1.80,1.00
2014.04.11 18:53:52.372,1.16064,1.16079,1.15,1.13
2014.04.11 18:53:52.951,1.16063,1.16079,1.13,1.13
2014.04.11 18:53:53.336,1.1606,1.16072,1.87,2.25
2014.04.11 18:53:53.387,1.16057,1.16072,1.19,2.93
2014.04.11 18:53:53.488,1.16055,1.16068,1.25,1.43
2014.04.11 18:53:53.589,1.16053,1.16068,1.00,1.43
2014.04.11 18:53:53.640,1.16053,1.16063,1.00,1.00
2014.04.11 18:53:53.792,1.16051,1.16063,1.13,1.00
2014.04.11 18:53:54.348,1.16051,1.16063,1.00,1.93
2014.04.11 18:53:54.449,1.16048,1.16063,1.00,1.93
2014.04.11 18:53:55.102,1.16048,1.16065,1.50,2.74
2014.04.11 18:53:56.764,1.16048,1.16065,1.88,2.37
2014.04.11 18:53:57.463,1.16048,1.16065,1.88,2.37
2014.04.11 18:53:57.564,1.16048,1.16065,1.88,2.37
2014.04.11 18:53:58.531,1.16048,1.16065,1.88,2.18
2014.04.11 18:53:59.901,1.1605,1.16065,2.03,2.37
2014.04.11 18:54:00.002,1.1605,1.16065,2.78,1.15
2014.04.11 18:54:00.053,1.16052,1.16066,2.78,1.05
2014.04.11 18:54:00.348,1.16053,1.16069,1.25,1.00
2014.04.11 18:54:00.550,1.16053,1.16069,1.69,1.68
2014.04.11 18:54:00.651,1.16053,1.16069,1.69,1.43
2014.04.11 18:54:00.955,1.16056,1.16071,1.00,1.99
2014.04.11 18:54:01.265,1.16056,1.1607,1.00,1.68
2014.04.11 18:54:02.491,1.16056,1.1607,1.00,1.80
2014.04.11 18:54:02.744,1.16058,1.16074,2.03,1.68
2014.04.11 18:54:03.287,1.16059,1.16073,1.00,1.05
2014.04.11 18:54:03.684,1.16057,1.16073,1.00,1.05
2014.04.11 18:54:04.190,1.16058,1.16073,1.00,1.05
2014.04.11 18:54:04.595,1.16055,1.16072,1.80,1.00
2014.04.11 18:54:05.463,1.16056,1.16074,1.43,1.80
2014.04.11 18:54:06.005,1.16056,1.16073,1.00,1.05
2014.04.11 18:54:06.781,1.16056,1.16073,1.00,1.05
2014.04.11 18:54:07.845,1.16058,1.16073,1.00,1.05
2014.04.11 18:54:08.382,1.16058,1.16073,1.00,1.05
2014.04.11 18:54:08.753,1.16056,1.16073,1.00,1.05
2014.04.11 18:54:11.404,1.16058,1.16072,1.00,1.05
2014.04.11 18:54:11.506,1.16058,1.16073,1.00,1.80
2014.04.11 18:54:13.066,1.16058,1.16073,1.00,1.80
2014.04.11 18:54:13.275,1.16056,1.16072,1.00,1.05
2014.04.11 18:54:13.730,1.16057,1.1607,1.68,1.00
2014.04.11 18:54:13.982,1.1606,1.16074,1.00,1.05
2014.04.11 18:54:14.184,1.1606,1.16072,1.00,1.68
2014.04.11 18:54:14.235,1.16057,1.16072,2.40,1.68
2014.04.11 18:54:14.809,1.16056,1.16072,1.38,1.43
2014.04.11 18:54:14.950,1.16056,1.16072,1.00,1.80
2014.04.11 18:54:15.504,1.16055,1.1607,1.00,1.05
2014.04.11 18:54:16.210,1.16054,1.1607,1.00,1.05
2014.04.11 18:54:16.927,1.16054,1.16071,1.68,1.38
2014.04.11 18:54:17.232,1.16058,1.16071,1.00,1.43
2014.04.11 18:54:17.585,1.16058,1.16071,1.00,1.68
2014.04.11 18:54:17.687,1.16058,1.16072,1.00,2.78
2014.04.11 18:54:17.788,1.16061,1.16073,2.93,2.03
2014.04.11 18:54:17.839,1.16061,1.16075,2.93,1.00
2014.04.11 18:54:18.091,1.16061,1.16078,3.00,2.70
2014.04.11 18:54:18.617,1.16061,1.16076,1.00,1.43
2014.04.11 18:54:20.223,1.16061,1.16078,1.00,1.68
2014.04.11 18:54:20.572,1.16063,1.16078,1.00,1.43
2014.04.11 18:54:20.673,1.16063,1.1608,1.50,2.18
2014.04.11 18:54:20.775,1.16063,1.1608,1.50,2.18
2014.04.11 18:54:21.081,1.16063,1.1608,1.50,1.50
2014.04.11 18:54:21.132,1.16063,1.1608,1.88,1.50
2014.04.11 18:54:24.175,1.16063,1.1608,1.88,1.68
2014.04.11 18:54:24.889,1.16063,1.1608,1.88,1.43
2014.04.11 18:54:26.620,1.16063,1.1608,2.55,1.00
2014.04.11 18:54:28.885,1.16061,1.16078,1.68,1.00
2014.04.11 18:54:29.037,1.16061,1.16078,1.00,1.00
2014.04.11 18:54:30.457,1.16061,1.16078,1.00,1.88
2014.04.11 18:54:30.986,1.16061,1.16078,1.68,1.50
2014.04.11 18:54:33.191,1.16061,1.16078,1.43,1.00
2014.04.11 18:54:33.395,1.16061,1.16078,1.43,1.38
2014.04.11 18:54:33.953,1.16062,1.16079,1.00,1.05
2014.04.11 18:54:34.359,1.16062,1.1608,1.00,2.18
2014.04.11 18:54:34.555,1.16062,1.16079,1.00,1.05
2014.04.11 18:54:35.198,1.16063,1.1608,1.00,1.88
2014.04.11 18:54:37.134,1.16063,1.1608,1.00,1.00
2014.04.11 18:54:37.652,1.16062,1.1608,1.00,1.68
2014.04.11 18:54:38.195,1.16062,1.1608,1.43,1.00
2014.04.11 18:54:39.816,1.16063,1.1608,1.00,1.00
2014.04.11 18:54:40.335,1.16063,1.1608,4.13,1.00
2014.04.11 18:54:40.386,1.16068,1.1608,1.00,1.00
2014.04.11 18:54:40.538,1.16068,1.16082,1.00,1.05
2014.04.11 18:54:40.589,1.16068,1.16084,3.45,1.38
2014.04.11 18:54:40.640,1.1607,1.16086,1.68,1.38
2014.04.11 18:54:40.742,1.16071,1.16087,1.80,1.00
2014.04.11 18:54:40.843,1.16075,1.16087,1.00,1.00
2014.04.11 18:54:41.146,1.16077,1.16087,1.05,1.00
2014.04.11 18:54:41.379,1.16075,1.16092,1.05,1.00
2014.04.11 18:54:42.235,1.16078,1.16092,1.00,1.50
2014.04.11 18:54:42.765,1.16078,1.16091,1.00,1.00
2014.04.11 18:54:42.866,1.16078,1.16087,1.00,1.00
2014.04.11 18:54:42.917,1.16074,1.16087,1.68,1.00
2014.04.11 18:54:42.968,1.16074,1.16087,1.00,1.00
2014.04.11 18:54:43.019,1.16074,1.16087,1.00,1.38
2014.04.11 18:54:43.120,1.16069,1.16086,1.43,1.38
2014.04.11 18:54:43.707,1.16069,1.16084,1.00,1.00
2014.04.11 18:54:44.226,1.16068,1.16084,1.80,1.50
2014.04.11 18:54:44.277,1.16073,1.16084,1.00,1.50
2014.04.11 18:54:45.725,1.16068,1.16083,1.13,1.43
2014.04.11 18:54:46.348,1.16068,1.16082,1.00,1.50
2014.04.11 18:54:48.035,1.16068,1.16082,1.68,1.00
2014.04.11 18:54:48.660,1.16068,1.16082,1.00,1.00
2014.04.11 18:54:52.448,1.16068,1.16082,1.00,1.38
2014.04.11 18:54:54.198,1.16068,1.16082,1.00,1.88
2014.04.11 18:54:54.299,1.16063,1.16079,3.45,1.38
2014.04.11 18:54:54.400,1.16061,1.16077,1.00,1.05
2014.04.11 18:54:54.451,1.16061,1.16075,1.00,1.38
2014.04.11 18:54:54.501,1.16058,1.16075,4.20,1.88
2014.04.11 18:54:54.976,1.16063,1.16075,1.00,4.65
2014.04.11 18:54:55.129,1.16063,1.16075,1.43,1.50
2014.04.11 18:54:55.371,1.16063,1.16078,1.68,1.38
2014.04.11 18:55:00.299,1.16064,1.16078,1.05,1.00
2014.04.11 18:55:00.350,1.16073,1.16079,1.00,2.78
2014.04.11 18:55:00.401,1.16073,1.16081,1.00,1.00
2014.04.11 18:55:00.452,1.16068,1.16083,1.00,1.05
2014.04.11 18:55:00.503,1.16068,1.16084,1.80,1.50
2014.04.11 18:55:00.553,1.16073,1.16084,1.00,1.50
2014.04.11 18:55:00.917,1.16073,1.16084,1.68,1.00
2014.04.11 18:55:01.019,1.16078,1.16088,1.43,1.13
2014.04.11 18:55:01.322,1.16083,1.16094,1.00,1.13
2014.04.11 18:55:01.575,1.16083,1.16097,1.00,1.00
2014.04.11 18:55:01.777,1.16083,1.16097,1.68,1.00
2014.04.11 18:55:02.080,1.16088,1.16097,1.68,1.00
2014.04.11 18:55:02.131,1.16088,1.16102,1.00,1.38
2014.04.11 18:55:02.233,1.16085,1.16102,1.00,3.15
2014.04.11 18:55:02.338,1.16083,1.16099,1.43,1.50
2014.04.11 18:55:02.490,1.16083,1.16097,1.43,1.00
2014.04.11 18:55:02.641,1.16079,1.16096,1.43,1.38
2014.04.11 18:55:03.134,1.16079,1.16094,1.00,2.40
2014.04.11 18:55:03.336,1.16076,1.16092,1.05,1.00
2014.04.11 18:55:03.438,1.16075,1.16092,1.68,1.38
2014.04.11 18:55:03.892,1.16075,1.16091,1.68,2.40
2014.04.11 18:55:04.345,1.16073,1.1609,1.68,3.90
2014.04.11 18:55:04.963,1.16071,1.16088,1.68,1.13
2014.04.11 18:55:05.665,1.16071,1.16088,1.68,1.13
2014.04.11 18:55:05.867,1.16071,1.16088,1.68,1.13
2014.04.11 18:55:06.069,1.16071,1.16085,1.00,1.05
2014.04.11 18:55:06.271,1.16068,1.16084,1.00,1.05
2014.04.11 18:55:06.734,1.16068,1.16082,1.00,1.05
2014.04.11 18:55:07.140,1.16064,1.16082,1.43,1.80
2014.04.11 18:55:09.239,1.16063,1.1608,2.55,1.00
2014.04.11 18:55:09.830,1.16063,1.1608,2.55,1.00
2014.04.11 18:55:12.888,1.16065,1.16082,1.00,3.83
2014.04.11 18:55:14.545,1.16068,1.16082,1.38,1.00
2014.04.11 18:55:14.881,1.16073,1.16086,1.00,1.00
2014.04.11 18:55:15.443,1.16073,1.16087,1.00,1.05
2014.04.11 18:55:16.064,1.16078,1.16089,1.00,1.80
2014.04.11 18:55:16.165,1.16078,1.16089,1.00,1.00
2014.04.11 18:55:16.317,1.16078,1.16091,1.00,1.13
2014.04.11 18:55:16.862,1.16078,1.16091,1.00,1.05
2014.04.11 18:55:17.188,1.16076,1.16091,1.00,1.05
2014.04.11 18:55:17.370,1.16074,1.16091,1.13,1.05
2014.04.11 18:55:18.297,1.16078,1.16091,1.00,1.05
2014.04.11 18:55:19.311,1.16078,1.16091,1.00,1.05
2014.04.11 18:55:19.362,1.16074,1.16091,1.13,1.05
2014.04.11 18:55:19.837,1.16074,1.16091,1.00,1.05
2014.04.11 18:55:20.160,1.16073,1.1609,1.50,1.05
2014.04.11 18:55:30.914,1.16073,1.16086,1.43,2.40
2014.04.11 18:55:31.016,1.16073,1.16086,1.00,2.03
2014.04.11 18:55:31.167,1.16073,1.16089,1.00,1.43
2014.04.11 18:55:32.837,1.16073,1.16089,1.68,1.00
2014.04.11 18:55:34.258,1.16073,1.16089,1.43,1.00
2014.04.11 18:55:36.783,1.16073,1.16089,1.00,3.83
2014.04.11 18:55:36.986,1.16068,1.16083,2.78,1.00
2014.04.11 18:55:37.087,1.16068,1.16082,2.03,1.68
2014.04.11 18:55:37.239,1.16065,1.16081,1.00,1.05
2014.04.11 18:55:42.793,1.16065,1.16081,1.00,1.13
2014.04.11 18:55:42.844,1.16068,1.16081,1.00,1.13
2014.04.11 18:55:43.147,1.16071,1.16089,3.68,1.38
2014.04.11 18:55:43.693,1.16071,1.16089,3.68,1.80
2014.04.11 18:55:43.845,1.16073,1.16089,1.00,1.38
2014.04.11 18:55:43.997,1.16074,1.1609,3.00,1.13
2014.04.11 18:55:47.003,1.16074,1.16092,1.00,2.55
2014.04.11 18:55:49.112,1.16074,1.16091,3.00,1.05
2014.04.11 18:55:51.269,1.16073,1.1609,3.75,1.43
2014.04.11 18:55:57.433,1.16073,1.1609,1.50,1.68
2014.04.11 18:55:57.738,1.16072,1.16087,1.00,2.70
2014.04.11 18:55:57.999,1.1607,1.16087,2.25,3.45
2014.04.11 18:55:58.683,1.1607,1.16087,2.25,3.45
2014.04.11 18:55:58.987,1.16068,1.16082,1.00,1.80
2014.04.11 18:55:59.038,1.16065,1.16082,2.25,1.80
2014.04.11 18:55:59.139,1.16065,1.16082,2.25,1.80
2014.04.11 18:55:59.542,1.16065,1.16082,1.00,1.80
2014.04.11 18:56:00.632,1.16065,1.16082,1.00,1.80
2014.04.11 18:56:01.128,1.16067,1.16082,1.00,1.05
2014.04.11 18:56:01.731,1.16066,1.16082,1.00,1.05
2014.04.11 18:56:03.347,1.16066,1.1608,1.00,1.05
2014.04.11 18:56:03.650,1.16065,1.16078,1.00,1.05
2014.04.11 18:56:03.802,1.16063,1.16076,1.00,1.68
2014.04.11 18:56:03.853,1.16063,1.16076,1.00,2.55
2014.04.11 18:56:04.055,1.1606,1.16069,1.00,1.05
2014.04.11 18:56:04.560,1.16055,1.16069,1.00,1.05
2014.04.11 18:56:06.933,1.16055,1.16073,6.08,2.55
2014.04.11 18:56:06.983,1.16063,1.16073,1.00,1.80
2014.04.11 18:56:07.034,1.16063,1.16073,1.00,1.80
2014.04.11 18:56:08.226,1.16063,1.16071,1.50,1.43
2014.04.11 18:56:08.328,1.16061,1.16067,1.00,1.05
2014.04.11 18:56:08.430,1.16058,1.16067,1.00,1.05
2014.04.11 18:56:08.804,1.1606,1.1607,2.25,1.05
2014.04.11 18:56:09.006,1.1606,1.1607,2.25,1.05
2014.04.11 18:56:09.107,1.16058,1.16067,1.00,1.05
2014.04.11 18:56:09.511,1.16056,1.16067,1.00,1.05
2014.04.11 18:56:10.220,1.16056,1.16067,1.00,1.43
2014.04.11 18:56:10.321,1.16054,1.16063,1.00,1.05
2014.04.11 18:56:10.423,1.16057,1.16066,1.00,1.05
2014.04.11 18:56:10.625,1.16054,1.16068,1.00,1.80
2014.04.11 18:56:10.677,1.16054,1.16068,1.00,1.80
2014.04.11 18:56:10.778,1.16054,1.16068,1.00,1.80
2014.04.11 18:56:12.009,1.16055,1.16068,1.00,1.05
2014.04.11 18:56:12.942,1.16055,1.16068,1.00,1.05
2014.04.11 18:56:14.637,1.16055,1.16068,1.00,1.05
2014.04.11 18:56:15.196,1.16055,1.1607,3.00,1.05
2014.04.11 18:56:18.239,1.16058,1.16073,1.00,2.55
2014.04.11 18:56:18.543,1.16062,1.16074,1.00,1.05
2014.04.11 18:56:19.158,1.16063,1.16075,1.00,1.05
2014.04.11 18:56:19.804,1.16063,1.16074,1.00,1.05
2014.04.11 18:56:21.119,1.16063,1.16073,1.00,1.05
2014.04.11 18:56:21.529,1.16061,1.16073,3.00,1.05
2014.04.11 18:56:44.477,1.16061,1.16076,1.00,1.05
2014.04.11 18:56:46.541,1.16061,1.16073,1.00,1.05
2014.04.11 18:57:03.202,1.16059,1.16073,1.00,1.05
2014.04.11 18:57:03.724,1.1606,1.16073,1.00,1.05
2014.04.11 18:57:04.333,1.16058,1.16073,1.00,1.05
2014.04.11 18:57:06.320,1.16058,1.16073,1.00,1.80
2014.04.11 18:57:09.237,1.16058,1.16073,1.00,1.80
2014.04.11 18:57:09.388,1.16057,1.16071,1.50,1.68
2014.04.11 18:57:09.590,1.16053,1.16067,1.50,1.05
2014.04.11 18:57:10.449,1.1605,1.16067,1.00,1.68
2014.04.11 18:57:11.549,1.16051,1.16069,1.00,2.55
2014.04.11 18:57:23.664,1.1605,1.16067,1.00,1.68
2014.04.11 18:57:24.340,1.16053,1.16067,1.00,1.68
2014.04.11 18:57:24.845,1.16055,1.16067,1.80,1.00
2014.04.11 18:57:24.896,1.16056,1.16069,3.45,3.15
2014.04.11 18:57:24.947,1.16057,1.16069,3.45,1.13
2014.04.11 18:57:25.296,1.1606,1.16074,1.00,1.05
2014.04.11 18:57:25.650,1.1606,1.16076,1.43,1.13
2014.04.11 18:57:25.751,1.16063,1.16077,1.00,3.83
2014.04.11 18:57:26.725,1.16061,1.16076,2.25,1.05
2014.04.11 18:57:27.229,1.1606,1.16076,1.00,1.05
2014.04.11 18:57:27.731,1.16063,1.16076,1.00,1.05
2014.04.11 18:57:37.822,1.16063,1.16077,1.00,2.03
2014.04.11 18:57:38.128,1.16063,1.16078,1.50,1.05
2014.04.11 18:57:41.406,1.16065,1.1608,1.00,2.70
2014.04.11 18:57:41.507,1.16067,1.1608,1.00,1.05
2014.04.11 18:57:42.396,1.16065,1.16078,1.50,1.05
2014.04.11 18:57:45.538,1.16065,1.16079,1.00,1.05
2014.04.11 18:57:45.827,1.16065,1.16079,1.00,3.08
2014.04.11 18:57:46.380,1.16063,1.16078,1.00,1.05
2014.04.11 18:57:47.785,1.16063,1.16078,1.00,1.05
2014.04.11 18:57:49.087,1.16063,1.16078,1.00,1.05
2014.04.11 18:57:49.441,1.16066,1.16079,1.00,3.08
2014.04.11 18:57:49.744,1.16066,1.1608,1.00,1.05
2014.04.11 18:57:50.271,1.16065,1.1608,1.00,1.05
2014.04.11 18:57:52.282,1.16067,1.16083,1.00,1.05
2014.04.11 18:57:52.886,1.16068,1.16083,1.50,1.05
2014.04.11 18:57:55.331,1.16068,1.16082,3.00,1.80
2014.04.11 18:57:55.482,1.16066,1.16081,1.50,1.05
2014.04.11 18:57:56.858,1.16066,1.16082,1.00,1.38
2014.04.11 18:57:58.348,1.16068,1.16084,1.00,1.80
2014.04.11 18:57:59.300,1.16067,1.16083,1.00,1.05
2014.04.11 18:58:01.170,1.16067,1.16081,1.00,1.05
2014.04.11 18:58:02.373,1.16065,1.16081,1.00,1.43
2014.04.11 18:58:02.726,1.16065,1.16082,1.43,1.88
2014.04.11 18:58:10.621,1.16065,1.16081,1.00,1.05
2014.04.11 18:58:13.409,1.16061,1.16078,4.58,3.15
2014.04.11 18:58:13.510,1.16061,1.16077,1.00,2.40
2014.04.11 18:58:14.468,1.16059,1.16077,1.68,3.15
2014.04.11 18:58:15.583,1.16061,1.16077,1.00,2.40
2014.04.11 18:58:18.480,1.16061,1.16077,1.50,3.45
2014.04.11 18:58:22.624,1.16061,1.16076,1.50,1.00
2014.04.11 18:58:23.128,1.16059,1.16075,1.43,1.00
2014.04.11 18:58:23.381,1.16059,1.16077,1.43,6.45
2014.04.11 18:58:26.632,1.16059,1.16077,1.43,5.33
2014.04.11 18:58:26.734,1.16066,1.16077,1.00,3.83
2014.04.11 18:58:26.835,1.16069,1.1608,1.68,1.00
2014.04.11 18:58:26.936,1.16068,1.16085,2.55,1.05
2014.04.11 18:58:27.468,1.16068,1.16086,3.30,1.80
2014.04.11 18:58:27.780,1.1607,1.16086,1.00,1.05
2014.04.11 18:58:28.232,1.1607,1.16085,1.00,1.05
2014.04.11 18:58:40.442,1.16069,1.16085,1.43,1.38
2014.04.11 18:58:42.098,1.16069,1.16083,1.00,1.05
2014.04.11 18:58:42.402,1.16065,1.16078,1.00,1.05
2014.04.11 18:58:42.453,1.16063,1.16078,1.00,1.05
2014.04.11 18:58:43.112,1.16063,1.16079,1.13,1.43
2014.04.11 18:58:43.163,1.16066,1.1608,1.00,1.00
2014.04.11 18:58:43.214,1.16066,1.16082,1.00,2.18
2014.04.11 18:58:43.264,1.1607,1.16082,2.25,1.00
2014.04.11 18:58:43.467,1.16069,1.16085,3.53,2.70
2014.04.11 18:58:43.518,1.16069,1.16085,3.53,2.70
2014.04.11 18:58:43.821,1.16069,1.16082,1.00,1.80
2014.04.11 18:58:43.871,1.16065,1.16082,1.50,2.55
2014.04.11 18:58:49.113,1.16065,1.16081,1.00,1.38
2014.04.11 18:58:50.496,1.1607,1.16081,1.00,1.38
2014.04.11 18:58:50.749,1.16071,1.16087,1.00,2.55
2014.04.11 18:58:51.253,1.16072,1.16087,1.00,1.38
2014.04.11 18:58:52.660,1.16072,1.16087,1.00,1.05
2014.04.11 18:58:52.761,1.16075,1.16089,1.00,1.05
2014.04.11 18:58:53.065,1.16075,1.16089,1.00,1.05
2014.04.11 18:58:53.675,1.16073,1.16087,1.00,1.43
2014.04.11 18:58:54.445,1.16073,1.16087,1.00,2.03
2014.04.11 18:58:54.546,1.16068,1.16082,5.03,1.05
2014.04.11 18:58:54.748,1.16066,1.16081,1.00,1.05
2014.04.11 18:58:55.332,1.16066,1.16081,1.00,1.05
2014.04.11 18:59:00.351,1.16063,1.1608,3.53,1.05
2014.04.11 18:59:07.205,1.16061,1.16078,1.00,1.80
2014.04.11 18:59:07.856,1.16061,1.16077,1.00,1.05
2014.04.11 18:59:09.384,1.16061,1.16076,1.00,1.05
2014.04.11 18:59:09.485,1.16059,1.16076,1.00,1.80
2014.04.11 18:59:12.571,1.16059,1.16074,1.00,1.05
2014.04.11 18:59:13.202,1.16059,1.16074,1.00,1.05
2014.04.11 18:59:13.354,1.16057,1.1607,1.00,1.05
2014.04.11 18:59:13.658,1.16055,1.1607,1.00,1.05
2014.04.11 18:59:14.359,1.16054,1.1607,1.00,1.05
2014.04.11 18:59:15.134,1.16054,1.1607,1.00,1.05
2014.04.11 18:59:16.435,1.16056,1.1607,1.00,1.05
2014.04.11 18:59:25.133,1.16056,1.16072,1.00,1.68
2014.04.11 18:59:25.650,1.16056,1.16072,1.00,1.00
2014.04.11 18:59:27.493,1.16056,1.16072,1.00,1.68
2014.04.11 18:59:27.999,1.16056,1.1607,1.00,1.05
2014.04.11 18:59:28.100,1.16054,1.16067,1.00,1.00
2014.04.11 18:59:28.714,1.16054,1.1607,1.00,1.43
2014.04.11 18:59:29.169,1.16052,1.16066,1.00,1.05
2014.04.11 18:59:29.270,1.1605,1.16067,3.53,2.55
2014.04.11 18:59:29.321,1.16052,1.16067,2.03,2.55
2014.04.11 18:59:29.825,1.16062,1.16071,1.05,1.00
2014.04.11 18:59:29.927,1.16062,1.16073,1.05,3.53
2014.04.11 18:59:30.028,1.16063,1.16076,2.40,1.00
2014.04.11 18:59:30.647,1.16063,1.16077,2.78,1.00
2014.04.11 18:59:31.145,1.16059,1.16073,3.45,1.38
2014.04.11 18:59:31.196,1.16059,1.16071,1.00,1.05
2014.04.11 18:59:31.398,1.16056,1.1607,1.00,1.05
2014.04.11 18:59:31.702,1.16053,1.16068,2.78,1.05
2014.04.11 18:59:33.014,1.16051,1.16067,3.15,1.13
2014.04.11 18:59:34.557,1.16052,1.16067,2.03,1.13
2014.04.11 18:59:34.608,1.16052,1.16069,3.08,1.13
2014.04.11 18:59:34.911,1.16054,1.16067,2.78,1.00
2014.04.11 18:59:36.889,1.16054,1.16069,2.78,1.05
2014.04.11 18:59:38.527,1.16054,1.16067,2.78,1.00
2014.04.11 18:59:39.764,1.16054,1.16069,2.78,1.05
2014.04.11 18:59:42.179,1.16054,1.16069,1.00,1.05
2014.04.11 18:59:42.533,1.16054,1.16069,1.00,1.05
2014.04.11 18:59:42.942,1.16054,1.16069,1.00,1.05
2014.04.11 18:59:44.360,1.16054,1.16067,1.00,1.05
2014.04.11 18:59:44.471,1.16054,1.1607,1.00,1.05
2014.04.11 18:59:44.673,1.16054,1.16071,1.38,1.68
2014.04.11 18:59:45.221,1.16056,1.16072,1.13,1.80
2014.04.11 18:59:46.478,1.16056,1.16072,1.13,1.80
2014.04.11 18:59:46.579,1.16056,1.16072,1.13,1.80
2014.04.11 18:59:47.044,1.16056,1.16068,1.00,1.05
2014.04.11 18:59:48.589,1.16056,1.16069,1.00,1.05
2014.04.11 18:59:49.550,1.16052,1.16068,1.13,1.05
2014.04.11 18:59:49.601,1.16052,1.16068,1.00,1.05
2014.04.11 18:59:49.904,1.16048,1.16064,1.88,2.70
2014.04.11 18:59:50.467,1.16048,1.16064,1.50,1.05
2014.04.11 18:59:52.599,1.16045,1.16061,3.90,1.05
2014.04.11 18:59:52.650,1.16045,1.16061,1.13,1.05
2014.04.11 18:59:52.751,1.16045,1.16061,3.15,1.05
2014.04.11 18:59:53.493,1.16045,1.16061,3.15,1.05
2014.04.11 18:59:54.031,1.16045,1.16058,2.78,1.05
2014.04.11 18:59:54.284,1.16043,1.16057,1.13,1.00
2014.04.11 18:59:54.797,1.16043,1.16057,1.00,1.80
2014.04.11 18:59:54.898,1.16044,1.1606,2.03,1.05
2014.04.11 18:59:54.948,1.16046,1.1606,1.00,1.05
2014.04.11 18:59:55.403,1.16046,1.16057,1.00,1.68
2014.04.11 18:59:55.659,1.16046,1.1606,1.00,1.05
2014.04.11 18:59:55.994,1.16046,1.16057,1.00,1.00
2014.04.11 18:59:56.558,1.16046,1.16057,1.00,1.68
2014.04.11 18:59:56.811,1.16044,1.16057,1.00,1.80
2014.04.11 18:59:58.271,1.16044,1.16059,1.00,1.05
2014.04.11 18:59:58.423,1.16046,1.16059,1.00,1.05
2014.04.11 18:59:58.676,1.16044,1.16059,1.00,1.05
2014.04.11 18:59:59.324,1.16044,1.16059,1.00,1.05
2014.04.11 18:59:59.828,1.16044,1.16057,1.00,1.43
