2008.10.01 23:00:04.160,0.941,0.9414,1.00,6.00
2008.10.01 23:00:04.224,0.9408,0.9414,1.00,6.00
2008.10.01 23:00:04.304,0.9407,0.9414,1.00,6.00
2008.10.01 23:00:04.379,0.9409,0.9414,30.60,6.00
2008.10.01 23:00:04.414,0.9407,0.9414,4.50,6.00
2008.10.01 23:00:05.579,0.9409,0.9414,27.00,6.00
2008.10.01 23:00:07.819,0.9407,0.9412,4.60,1.00
2008.10.01 23:00:10.043,0.94075,0.94125,1.00,1.00
2008.10.01 23:00:10.180,0.9409,0.9413,1.00,6.00
2008.10.01 23:00:10.466,0.9409,0.9414,1.00,6.00
2008.10.01 23:00:11.086,0.94095,0.9414,1.00,6.00
2008.10.01 23:00:11.298,0.94095,0.9414,1.00,6.00
2008.10.01 23:00:11.598,0.9409,0.9414,1.00,6.00
2008.10.01 23:00:12.370,0.94105,0.9414,1.00,6.00
2008.10.01 23:00:14.043,0.94095,0.9414,1.00,6.00
2008.10.01 23:00:14.326,0.9409,0.9414,1.00,6.00
2008.10.01 23:00:14.894,0.9409,0.9414,28.00,6.00
2008.10.01 23:00:16.206,0.94105,0.9414,1.00,6.00
2008.10.01 23:00:20.926,0.941,0.9414,27.00,6.60
2008.10.01 23:00:20.937,0.9409,0.9414,27.00,6.60
2008.10.01 23:00:21.718,0.94105,0.9414,1.00,6.00
2008.10.01 23:00:25.028,0.9412,0.9414,1.00,6.00
2008.10.01 23:00:33.438,0.941,0.9414,1.00,6.00
2008.10.01 23:01:33.301,0.9409,0.9414,1.00,6.60
2008.10.01 23:01:33.445,0.9409,0.9414,1.00,7.80
2008.10.01 23:01:33.598,0.94075,0.9413,1.00,1.00
2008.10.01 23:01:33.745,0.94065,0.9413,1.00,1.00
2008.10.01 23:01:33.890,0.9406,0.94125,4.60,1.00
2008.10.01 23:01:34.867,0.9406,0.94125,31.60,1.00
2008.10.01 23:01:37.183,0.9406,0.94125,4.60,1.00
2008.10.01 23:01:37.590,0.94065,0.9413,1.00,1.00
2008.10.01 23:01:49.985,0.9406,0.94125,32.50,1.00
2008.10.01 23:01:50.214,0.94055,0.94125,1.90,1.00
2008.10.01 23:01:50.441,0.94055,0.94125,1.00,1.00
2008.10.01 23:01:51.173,0.9405,0.9412,28.00,1.00
2008.10.01 23:01:52.083,0.94055,0.94125,1.00,1.00
2008.10.01 23:01:55.357,0.94065,0.9413,1.00,1.00
2008.10.01 23:01:56.658,0.9407,0.9413,3.60,1.00
2008.10.01 23:01:57.052,0.9408,0.94135,1.00,1.00
2008.10.01 23:01:58.449,0.94095,0.94145,1.00,1.20
2008.10.01 23:01:58.574,0.94095,0.94145,1.00,1.00
2008.10.01 23:02:08.693,0.9408,0.94135,1.00,1.00
2008.10.01 23:02:16.768,0.9408,0.9414,1.00,1.00
2008.10.01 23:02:16.886,0.9408,0.9414,4.60,1.00
2008.10.01 23:02:19.666,0.94095,0.9415,1.00,1.00
2008.10.01 23:02:19.943,0.94095,0.9416,1.00,1.00
2008.10.01 23:02:20.957,0.94105,0.9415,1.00,1.00
2008.10.01 23:02:21.549,0.94105,0.9416,1.00,1.00
2008.10.01 23:02:25.870,0.94105,0.94155,1.00,1.00
2008.10.01 23:02:26.307,0.94105,0.9416,1.00,1.00
2008.10.01 23:02:26.409,0.9411,0.9416,1.00,1.00
2008.10.01 23:02:27.029,0.9411,0.94155,1.00,1.00
2008.10.01 23:02:27.345,0.9411,0.9415,1.00,1.00
2008.10.01 23:02:27.997,0.9411,0.94155,1.00,1.00
2008.10.01 23:02:30.319,0.9409,0.94155,1.00,1.00
2008.10.01 23:02:31.077,0.94085,0.94155,1.00,1.60
2008.10.01 23:02:33.333,0.94105,0.94155,1.00,1.00
2008.10.01 23:02:34.673,0.94105,0.9415,1.00,1.00
2008.10.01 23:02:34.879,0.94105,0.94155,1.00,1.00
2008.10.01 23:02:35.083,0.94095,0.94155,1.00,1.00
2008.10.01 23:02:35.754,0.9411,0.94155,1.00,1.00
2008.10.01 23:02:37.398,0.94115,0.94155,1.00,1.00
2008.10.01 23:02:44.900,0.9411,0.94155,1.00,1.00
2008.10.01 23:02:45.325,0.9411,0.9415,1.00,1.00
2008.10.01 23:02:46.205,0.9407,0.94115,4.60,2.40
2008.10.01 23:02:46.623,0.9407,0.94165,4.60,1.00
2008.10.01 23:02:47.262,0.941,0.94165,1.00,1.00
2008.10.01 23:02:49.073,0.9407,0.94115,4.60,2.40
2008.10.01 23:02:49.511,0.9407,0.94165,4.60,1.00
2008.10.01 23:02:55.985,0.94105,0.9415,1.00,1.00
2008.10.01 23:02:59.095,0.94095,0.9415,1.00,1.60
2008.10.01 23:03:01.505,0.94115,0.9415,1.00,1.00
2008.10.01 23:03:02.165,0.94095,0.94145,1.00,1.00
2008.10.01 23:03:03.545,0.94115,0.9415,1.00,1.00
2008.10.01 23:03:05.951,0.9407,0.94095,4.50,2.40
2008.10.01 23:03:06.261,0.9407,0.9415,4.50,1.00
2008.10.01 23:03:06.433,0.9408,0.9415,1.00,1.80
2008.10.01 23:03:06.593,0.9405,0.9414,4.60,1.00
2008.10.01 23:03:08.451,0.9406,0.94125,1.00,1.00
2008.10.01 23:03:09.953,0.9406,0.94125,1.00,1.60
2008.10.01 23:03:17.624,0.9407,0.94125,3.60,1.00
2008.10.01 23:03:23.507,0.9407,0.9413,3.60,1.60
2008.10.01 23:03:27.293,0.94075,0.9413,1.00,1.60
2008.10.01 23:03:33.925,0.9407,0.94125,4.60,1.00
2008.10.01 23:03:37.581,0.9407,0.9412,4.60,1.00
2008.10.01 23:03:39.953,0.9407,0.94115,3.60,1.00
2008.10.01 23:03:41.679,0.94065,0.94115,1.00,1.00
2008.10.01 23:03:42.031,0.94055,0.94105,1.00,1.00
2008.10.01 23:03:44.198,0.9405,0.94105,4.60,1.00
2008.10.01 23:03:46.477,0.9405,0.941,3.60,1.00
2008.10.01 23:03:46.675,0.9405,0.941,4.60,6.00
2008.10.01 23:03:46.869,0.9405,0.94105,4.60,1.00
2008.10.01 23:03:48.606,0.9404,0.94095,7.00,1.00
2008.10.01 23:03:48.769,0.9404,0.94095,1.00,1.00
2008.10.01 23:03:49.220,0.9404,0.9409,4.60,1.00
2008.10.01 23:03:49.657,0.9404,0.94085,3.60,1.00
2008.10.01 23:03:52.342,0.94065,0.9409,1.00,6.00
2008.10.01 23:03:52.606,0.9405,0.94105,1.00,1.00
2008.10.01 23:03:53.129,0.94065,0.94105,1.00,1.00
2008.10.01 23:04:02.119,0.94065,0.94105,1.00,1.00
2008.10.01 23:04:02.909,0.94065,0.9409,1.00,2.40
2008.10.01 23:04:03.060,0.94065,0.94105,1.00,1.00
2008.10.01 23:04:05.414,0.94025,0.94085,1.00,1.00
2008.10.01 23:04:08.137,0.9404,0.9409,3.60,1.00
2008.10.01 23:04:08.378,0.94035,0.9409,1.00,1.00
2008.10.01 23:04:10.903,0.9405,0.94105,1.00,1.00
2008.10.01 23:04:11.066,0.94055,0.94105,1.00,1.00
2008.10.01 23:04:11.593,0.9406,0.94105,1.00,1.00
2008.10.01 23:04:16.345,0.9407,0.9415,1.00,1.00
2008.10.01 23:04:17.229,0.9407,0.9414,1.00,1.00
2008.10.01 23:04:18.882,0.9407,0.9413,1.00,27.90
2008.10.01 23:04:19.125,0.9407,0.94125,1.00,1.00
2008.10.01 23:04:20.266,0.94065,0.94125,1.00,1.00
2008.10.01 23:04:28.937,0.94065,0.94125,10.80,1.00
2008.10.01 23:04:29.076,0.94065,0.94125,1.00,1.00
2008.10.01 23:04:31.198,0.94065,0.9412,1.00,1.00
2008.10.01 23:04:31.764,0.94065,0.94115,1.00,1.00
2008.10.01 23:04:47.289,0.9407,0.94115,1.00,1.00
2008.10.01 23:04:47.492,0.9407,0.9411,1.00,1.00
2008.10.01 23:04:54.575,0.94115,0.9413,1.00,18.90
2008.10.01 23:04:54.903,0.9403,0.9411,1.00,1.00
2008.10.01 23:04:55.178,0.9403,0.94115,1.00,1.00
2008.10.01 23:04:55.453,0.94045,0.94125,1.00,1.00
2008.10.01 23:04:55.593,0.94045,0.94145,1.00,1.00
2008.10.01 23:04:55.733,0.94045,0.94125,1.00,1.00
2008.10.01 23:04:57.824,0.94105,0.94125,1.00,1.00
2008.10.01 23:04:57.961,0.94085,0.94125,6.00,1.00
2008.10.01 23:04:58.109,0.94085,0.94145,6.00,1.00
2008.10.01 23:04:58.257,0.94035,0.94125,1.00,1.00
2008.10.01 23:04:58.549,0.9405,0.94135,1.00,1.00
2008.10.01 23:05:00.000,0.9406,0.94125,1.00,1.00
2008.10.01 23:05:19.811,0.9406,0.94125,1.00,2.10
2008.10.01 23:05:20.004,0.9405,0.9411,1.00,1.00
2008.10.01 23:05:24.109,0.94065,0.9412,1.00,1.00
2008.10.01 23:05:24.289,0.94065,0.9412,1.00,4.20
2008.10.01 23:05:24.469,0.9406,0.94115,1.00,1.00
2008.10.01 23:05:25.595,0.94065,0.94115,1.00,1.00
2008.10.01 23:05:36.460,0.9405,0.94105,1.00,1.00
2008.10.01 23:05:36.584,0.94045,0.94105,1.00,1.00
2008.10.01 23:05:46.337,0.94055,0.94115,1.00,1.00
2008.10.01 23:06:02.914,0.94055,0.9411,1.00,1.00
2008.10.01 23:06:04.936,0.9405,0.941,1.00,1.00
2008.10.01 23:06:07.113,0.94045,0.941,1.00,1.00
2008.10.01 23:06:08.985,0.94045,0.94095,1.00,1.00
2008.10.01 23:06:12.050,0.9404,0.9409,1.00,1.00
2008.10.01 23:06:12.382,0.94035,0.94085,1.00,1.00
2008.10.01 23:06:13.151,0.9405,0.941,1.00,8.70
2008.10.01 23:06:13.424,0.9405,0.941,1.00,8.10
2008.10.01 23:06:13.695,0.9405,0.941,1.00,1.00
2008.10.01 23:06:13.961,0.9405,0.94105,1.00,1.00
2008.10.01 23:06:14.385,0.94045,0.94105,1.00,1.00
2008.10.01 23:06:27.567,0.9405,0.94105,1.00,1.00
2008.10.01 23:06:43.096,0.9405,0.9411,1.00,1.00
2008.10.01 23:06:43.960,0.9405,0.94115,1.00,1.60
2008.10.01 23:06:47.574,0.94045,0.94115,1.00,1.60
2008.10.01 23:07:24.596,0.94045,0.9411,1.00,1.00
2008.10.01 23:07:25.064,0.94045,0.9411,1.00,1.60
2008.10.01 23:07:38.752,0.94045,0.94105,1.00,1.00
2008.10.01 23:07:41.528,0.94045,0.9411,1.00,1.00
2008.10.01 23:07:41.728,0.94045,0.9411,1.00,1.00
2008.10.01 23:07:44.848,0.94045,0.94115,1.00,1.60
2008.10.01 23:07:45.440,0.94045,0.9411,1.00,1.00
2008.10.01 23:07:48.664,0.94045,0.94105,1.00,1.00
2008.10.01 23:07:58.253,0.94045,0.9411,1.00,1.00
2008.10.01 23:07:59.060,0.94045,0.94105,1.00,1.00
2008.10.01 23:08:07.072,0.9405,0.94105,1.00,1.00
2008.10.01 23:08:07.484,0.9405,0.9411,1.00,1.00
2008.10.01 23:08:15.258,0.94055,0.9411,1.00,1.00
2008.10.01 23:08:15.783,0.94055,0.94115,1.00,1.00
2008.10.01 23:08:29.892,0.9406,0.94115,1.00,1.00
2008.10.01 23:08:30.447,0.9406,0.9412,1.00,1.00
2008.10.01 23:08:33.061,0.9407,0.9412,1.00,1.00
2008.10.01 23:08:33.623,0.9407,0.9413,1.00,1.00
2008.10.01 23:08:39.181,0.94065,0.9413,1.00,1.60
2008.10.01 23:08:47.168,0.94065,0.94125,1.00,1.00
2008.10.01 23:08:52.182,0.9406,0.9412,1.00,1.00
2008.10.01 23:08:57.503,0.9407,0.9413,1.00,1.00
2008.10.01 23:08:58.585,0.9407,0.94135,1.00,1.00
2008.10.01 23:08:59.728,0.9407,0.9413,1.00,1.00
2008.10.01 23:09:06.160,0.94065,0.94125,1.00,1.00
2008.10.01 23:09:09.699,0.9407,0.94125,1.00,1.00
2008.10.01 23:09:21.719,0.94065,0.94125,1.00,1.00
2008.10.01 23:09:22.139,0.94065,0.9412,1.00,1.00
2008.10.01 23:09:32.638,0.9407,0.9412,1.00,1.00
2008.10.01 23:09:51.787,0.94075,0.94125,1.00,1.00
2008.10.01 23:09:58.300,0.9407,0.94125,1.00,1.00
2008.10.01 23:10:01.187,0.94065,0.9412,1.00,1.00
2008.10.01 23:10:01.287,0.94065,0.9412,1.00,4.20
2008.10.01 23:10:01.787,0.9407,0.9412,1.00,3.60
2008.10.01 23:10:01.911,0.9407,0.94125,1.00,1.00
2008.10.01 23:10:02.163,0.94065,0.9412,1.00,1.00
2008.10.01 23:10:02.287,0.94065,0.9412,1.00,4.20
2008.10.01 23:10:03.623,0.9406,0.94115,1.00,1.00
2008.10.01 23:10:03.791,0.9406,0.9411,1.00,3.60
2008.10.01 23:10:04.205,0.94065,0.9411,1.00,3.60
2008.10.01 23:10:04.329,0.94065,0.9412,1.00,4.20
2008.10.01 23:11:22.035,0.94065,0.9412,1.00,1.00
2008.10.01 23:11:22.199,0.9407,0.9412,1.00,1.00
2008.10.01 23:11:24.257,0.94075,0.94125,1.00,1.00
2008.10.01 23:11:27.660,0.9408,0.9413,1.00,1.00
2008.10.01 23:11:27.779,0.9408,0.9413,1.00,4.20
2008.10.01 23:11:31.380,0.9409,0.94145,1.00,1.00
2008.10.01 23:11:39.730,0.9408,0.9413,4.60,1.00
2008.10.01 23:11:39.885,0.9408,0.9413,1.00,4.20
2008.10.01 23:11:42.465,0.9409,0.9413,1.00,3.60
2008.10.01 23:11:42.495,0.9409,0.9414,1.00,1.00
2008.10.01 23:11:42.831,0.9409,0.94145,1.00,1.00
2008.10.01 23:11:46.820,0.9409,0.9414,1.00,1.00
2008.10.01 23:11:49.016,0.94085,0.94135,1.00,1.00
2008.10.01 23:11:51.251,0.9408,0.9413,1.00,4.20
2008.10.01 23:11:55.158,0.9408,0.9413,4.60,1.00
2008.10.01 23:11:55.351,0.94085,0.94135,1.00,1.00
2008.10.01 23:11:59.679,0.9408,0.9413,1.00,4.20
2008.10.01 23:12:02.527,0.94095,0.9414,1.00,1.00
2008.10.01 23:12:02.886,0.94095,0.94145,1.00,1.60
2008.10.01 23:12:03.112,0.94095,0.94145,1.00,1.00
2008.10.01 23:12:03.337,0.94095,0.9415,1.00,4.20
2008.10.01 23:12:08.209,0.94095,0.94145,1.00,1.00
2008.10.01 23:12:14.236,0.94115,0.9415,1.00,3.60
2008.10.01 23:12:14.299,0.94115,0.94155,1.00,1.00
2008.10.01 23:12:14.744,0.94115,0.9416,1.00,1.00
2008.10.01 23:12:15.335,0.94125,0.9418,1.00,1.60
2008.10.01 23:12:17.835,0.9412,0.9417,1.00,1.00
2008.10.01 23:12:20.331,0.9415,0.9418,1.00,1.50
2008.10.01 23:12:20.560,0.94145,0.9418,1.00,1.00
2008.10.01 23:12:20.719,0.94145,0.9418,4.60,1.00
2008.10.01 23:12:20.947,0.94145,0.9422,4.60,4.00
2008.10.01 23:12:22.307,0.9415,0.94205,1.00,1.00
2008.10.01 23:12:22.419,0.9415,0.94205,4.60,1.00
2008.10.01 23:12:22.482,0.9415,0.94205,1.00,1.00
2008.10.01 23:12:23.055,0.9415,0.94205,1.00,1.60
2008.10.01 23:12:23.479,0.9415,0.942,1.00,2.40
2008.10.01 23:12:23.815,0.9415,0.942,1.00,1.00
2008.10.01 23:12:24.151,0.94155,0.942,1.00,1.00
2008.10.01 23:12:24.692,0.94155,0.94205,1.00,1.60
2008.10.01 23:12:27.313,0.94145,0.942,1.00,1.00
2008.10.01 23:12:27.619,0.94145,0.942,1.00,1.60
2008.10.01 23:12:29.053,0.94145,0.94195,1.00,1.00
2008.10.01 23:12:30.173,0.9413,0.9418,6.00,1.00
2008.10.01 23:12:30.455,0.9412,0.9418,1.00,4.00
2008.10.01 23:12:30.728,0.9412,0.9418,1.00,1.60
2008.10.01 23:12:31.004,0.9412,0.94175,1.00,1.00
2008.10.01 23:12:31.649,0.94115,0.94175,1.00,1.60
2008.10.01 23:12:32.080,0.9413,0.9417,1.00,1.00
2008.10.01 23:12:32.464,0.9413,0.9419,1.00,3.60
2008.10.01 23:12:32.707,0.9413,0.94195,1.00,1.60
2008.10.01 23:12:35.083,0.94135,0.9419,1.00,1.00
2008.10.01 23:12:36.599,0.94135,0.9418,1.00,2.40
2008.10.01 23:12:36.923,0.94135,0.9419,1.00,1.00
2008.10.01 23:12:38.767,0.9413,0.9418,1.00,1.00
2008.10.01 23:12:47.695,0.9413,0.9418,1.00,3.00
2008.10.01 23:12:47.807,0.9413,0.9418,1.00,1.00
2008.10.01 23:12:57.250,0.9413,0.9418,1.00,3.00
2008.10.01 23:12:57.456,0.9413,0.9418,1.00,1.00
2008.10.01 23:12:59.582,0.9413,0.9418,1.00,4.20
2008.10.01 23:12:59.895,0.9412,0.9417,1.00,1.00
2008.10.01 23:13:01.435,0.94115,0.94165,1.00,1.00
2008.10.01 23:13:02.078,0.94115,0.9416,1.00,3.60
2008.10.01 23:13:02.370,0.9411,0.9416,1.00,3.60
2008.10.01 23:13:02.555,0.94115,0.94165,1.00,1.00
2008.10.01 23:13:02.923,0.94115,0.9416,1.00,3.60
2008.10.01 23:13:03.107,0.9411,0.9416,1.00,3.60
2008.10.01 23:13:03.615,0.94115,0.9416,1.00,3.60
2008.10.01 23:13:04.175,0.9412,0.9417,3.60,1.00
2008.10.01 23:13:05.896,0.94125,0.94175,1.00,1.00
2008.10.01 23:13:06.032,0.9413,0.9418,1.00,4.20
2008.10.01 23:13:22.134,0.94125,0.94175,1.00,1.00
2008.10.01 23:13:22.244,0.94125,0.9416,1.00,3.60
2008.10.01 23:13:22.269,0.94125,0.94175,1.00,1.00
2008.10.01 23:13:26.103,0.9412,0.94175,1.00,1.00
2008.10.01 23:13:28.292,0.94125,0.94175,1.00,1.00
2008.10.01 23:13:28.543,0.94145,0.94175,1.00,1.00
2008.10.01 23:13:28.606,0.94155,0.9419,1.00,7.50
2008.10.01 23:13:28.670,0.94155,0.9419,1.00,6.90
2008.10.01 23:13:28.800,0.9416,0.9419,1.00,6.90
2008.10.01 23:13:28.869,0.9416,0.9419,1.00,6.00
2008.10.01 23:13:28.935,0.9416,0.94195,1.00,1.00
2008.10.01 23:13:29.926,0.9416,0.94215,1.00,1.00
2008.10.01 23:13:32.106,0.94165,0.94215,1.00,1.00
2008.10.01 23:13:32.911,0.94155,0.9421,1.00,1.00
2008.10.01 23:13:33.342,0.94155,0.9421,1.00,6.60
2008.10.01 23:13:34.219,0.94155,0.942,1.00,3.60
2008.10.01 23:13:34.343,0.9415,0.94185,6.00,1.00
2008.10.01 23:13:34.466,0.9415,0.9419,6.00,1.00
2008.10.01 23:13:34.891,0.9413,0.9419,1.00,1.00
2008.10.01 23:13:35.071,0.94125,0.94185,1.00,1.00
2008.10.01 23:13:35.443,0.9412,0.9418,3.40,1.00
2008.10.01 23:13:35.626,0.94125,0.94185,1.00,1.00
2008.10.01 23:13:35.806,0.94125,0.94195,1.00,2.40
2008.10.01 23:13:36.052,0.94125,0.94195,1.00,1.00
2008.10.01 23:13:36.296,0.9413,0.94195,1.00,1.00
2008.10.01 23:13:36.775,0.9415,0.94205,1.00,1.00
2008.10.01 23:13:37.191,0.9415,0.9419,1.00,2.40
2008.10.01 23:13:37.502,0.94145,0.9419,1.00,2.40
2008.10.01 23:13:37.606,0.94145,0.94195,1.00,1.00
2008.10.01 23:13:38.416,0.9415,0.9421,1.00,7.60
2008.10.01 23:13:38.714,0.9415,0.9421,1.00,1.60
2008.10.01 23:13:39.192,0.9415,0.9421,1.00,1.00
2008.10.01 23:13:39.386,0.94145,0.94195,1.00,1.00
2008.10.01 23:13:40.462,0.94145,0.9419,1.00,2.40
2008.10.01 23:13:40.859,0.94145,0.94195,1.00,1.00
2008.10.01 23:13:59.894,0.9414,0.94195,4.60,1.00
2008.10.01 23:14:00.165,0.9414,0.9419,1.00,3.60
2008.10.01 23:14:00.299,0.94135,0.9419,1.00,4.20
2008.10.01 23:14:04.034,0.9415,0.9419,1.00,3.60
2008.10.01 23:14:04.244,0.9415,0.94205,1.00,1.00
2008.10.01 23:14:04.360,0.9415,0.9421,1.00,1.00
2008.10.01 23:14:06.967,0.9415,0.9421,1.00,27.70
2008.10.01 23:14:07.304,0.94145,0.942,1.00,1.00
2008.10.01 23:14:08.962,0.9415,0.94205,1.00,1.00
2008.10.01 23:14:09.310,0.9415,0.9421,1.00,1.00
2008.10.01 23:14:10.048,0.9415,0.942,1.00,2.40
2008.10.01 23:14:10.296,0.9415,0.9421,1.00,1.00
2008.10.01 23:14:11.858,0.9415,0.94205,1.00,1.00
2008.10.01 23:14:14.556,0.9415,0.9421,1.00,1.60
2008.10.01 23:14:14.636,0.9415,0.9421,1.00,1.00
2008.10.01 23:14:14.893,0.9415,0.9421,4.60,1.00
2008.10.01 23:14:15.040,0.9417,0.94215,1.00,1.00
2008.10.01 23:14:15.614,0.9415,0.9421,4.60,1.00
2008.10.01 23:14:15.759,0.9416,0.9421,3.60,1.00
2008.10.01 23:14:15.978,0.9415,0.9421,1.00,4.20
2008.10.01 23:14:16.194,0.9415,0.9421,1.00,1.00
2008.10.01 23:14:16.410,0.9415,0.94185,1.00,2.40
2008.10.01 23:14:16.626,0.9415,0.94225,1.00,1.00
2008.10.01 23:14:20.896,0.9416,0.9421,3.60,1.00
2008.10.01 23:14:21.015,0.94165,0.94215,1.00,1.00
2008.10.01 23:14:21.570,0.94175,0.9422,1.00,1.00
2008.10.01 23:14:22.244,0.94165,0.94215,1.00,1.00
2008.10.01 23:14:22.866,0.94165,0.9419,1.00,2.40
2008.10.01 23:14:23.010,0.94165,0.94225,1.00,1.00
2008.10.01 23:14:24.500,0.94155,0.94205,1.00,1.00
2008.10.01 23:14:25.126,0.94165,0.9419,1.00,2.40
2008.10.01 23:14:25.734,0.94165,0.94225,1.00,1.00
2008.10.01 23:14:28.232,0.94175,0.9422,1.00,27.90
2008.10.01 23:14:28.280,0.94175,0.9422,1.00,1.00
2008.10.01 23:14:29.094,0.9418,0.9422,1.00,1.00
2008.10.01 23:14:29.374,0.9418,0.9422,4.60,1.00
2008.10.01 23:14:29.658,0.9417,0.9422,1.00,5.20
2008.10.01 23:14:30.551,0.9417,0.9422,1.00,1.60
2008.10.01 23:14:32.056,0.9417,0.9422,1.00,5.20
2008.10.01 23:14:32.163,0.94165,0.94215,1.00,1.00
2008.10.01 23:14:32.285,0.9416,0.94205,6.00,1.00
2008.10.01 23:14:32.406,0.9416,0.94205,9.60,1.00
2008.10.01 23:14:32.526,0.9415,0.94205,7.00,1.00
2008.10.01 23:14:32.766,0.9415,0.942,6.00,1.00
2008.10.01 23:14:32.887,0.94145,0.942,1.00,1.00
2008.10.01 23:14:35.574,0.9414,0.94195,4.60,1.00
2008.10.01 23:14:39.002,0.9414,0.9418,3.60,1.00
2008.10.01 23:14:39.118,0.9413,0.9418,1.00,1.00
2008.10.01 23:14:42.586,0.94125,0.94175,1.00,1.00
2008.10.01 23:14:45.611,0.9411,0.94165,4.60,1.00
2008.10.01 23:14:46.030,0.9411,0.9416,1.00,3.60
2008.10.01 23:14:46.363,0.9409,0.9415,1.00,1.00
2008.10.01 23:14:46.523,0.94085,0.94135,1.00,1.00
2008.10.01 23:14:48.867,0.9409,0.9415,1.00,1.60
2008.10.01 23:14:49.190,0.9409,0.9415,1.00,1.00
2008.10.01 23:14:50.982,0.94085,0.94135,1.00,1.00
2008.10.01 23:14:52.064,0.9411,0.9415,1.00,1.00
2008.10.01 23:14:52.297,0.9411,0.9416,1.00,54.90
2008.10.01 23:14:52.382,0.9411,0.9416,1.00,54.00
2008.10.01 23:14:52.814,0.94105,0.9416,1.00,54.00
2008.10.01 23:14:53.034,0.94095,0.9416,1.00,54.00
2008.10.01 23:14:53.388,0.941,0.9416,1.00,54.00
2008.10.01 23:14:53.828,0.94095,0.9416,1.00,54.70
2008.10.01 23:14:55.246,0.9409,0.94155,1.00,1.00
2008.10.01 23:14:55.406,0.9409,0.94145,1.00,1.20
2008.10.01 23:14:55.558,0.9408,0.9413,3.60,1.00
2008.10.01 23:14:55.862,0.9408,0.94135,4.60,1.00
2008.10.01 23:14:56.014,0.9408,0.94125,3.60,1.00
2008.10.01 23:14:56.166,0.9407,0.94125,4.60,1.00
2008.10.01 23:14:56.371,0.9407,0.94125,1.00,1.00
2008.10.01 23:14:57.694,0.9408,0.94135,1.00,1.00
2008.10.01 23:14:58.172,0.94075,0.94135,1.00,1.00
2008.10.01 23:14:58.642,0.9408,0.94135,1.00,1.00
2008.10.01 23:15:01.238,0.9409,0.9414,1.00,1.00
2008.10.01 23:15:02.686,0.94095,0.94145,1.00,1.00
2008.10.01 23:15:04.780,0.9409,0.94145,1.00,1.00
2008.10.01 23:15:05.096,0.94085,0.9414,1.00,1.00
2008.10.01 23:15:24.518,0.9408,0.94135,1.00,1.00
2008.10.01 23:15:30.953,0.94065,0.94125,1.00,1.00
2008.10.01 23:15:36.959,0.9407,0.9413,1.00,1.00
2008.10.01 23:15:39.446,0.9407,0.94125,1.00,1.00
2008.10.01 23:15:46.420,0.9407,0.94095,1.00,2.40
2008.10.01 23:15:46.562,0.9407,0.9414,1.00,1.00
2008.10.01 23:15:47.163,0.9406,0.94135,1.00,1.00
2008.10.01 23:15:52.606,0.94055,0.9411,1.00,1.00
2008.10.01 23:15:58.653,0.94055,0.94105,1.00,1.00
2008.10.01 23:16:02.336,0.9406,0.9411,1.00,30.60
2008.10.01 23:16:02.630,0.9406,0.9411,1.00,3.60
2008.10.01 23:16:02.926,0.9406,0.94075,1.00,2.40
2008.10.01 23:16:03.138,0.9406,0.94125,1.00,3.60
2008.10.01 23:16:04.030,0.94065,0.9413,1.00,1.00
2008.10.01 23:16:06.758,0.9406,0.94115,1.00,1.00
2008.10.01 23:16:10.227,0.94065,0.94115,1.00,1.00
2008.10.01 23:16:13.025,0.9408,0.94115,3.60,1.00
2008.10.01 23:16:13.351,0.9409,0.9413,1.00,27.00
2008.10.01 23:16:13.495,0.9408,0.9413,3.60,1.00
2008.10.01 23:16:13.639,0.94075,0.9413,1.00,1.00
2008.10.01 23:16:13.783,0.94085,0.94135,1.00,1.00
2008.10.01 23:16:14.070,0.94085,0.9415,1.00,1.00
2008.10.01 23:16:14.250,0.9408,0.94145,1.00,1.00
2008.10.01 23:16:17.287,0.9408,0.9414,1.00,1.00
2008.10.01 23:16:20.645,0.94075,0.94135,1.00,1.00
2008.10.01 23:16:24.174,0.9408,0.9414,1.00,1.00
2008.10.01 23:16:27.287,0.94095,0.94155,1.00,1.00
2008.10.01 23:16:36.414,0.941,0.9415,1.00,1.00
2008.10.01 23:16:36.778,0.9409,0.94145,7.00,1.00
2008.10.01 23:16:36.838,0.9409,0.94145,34.00,1.00
2008.10.01 23:16:37.099,0.9409,0.94145,1.00,1.00
2008.10.01 23:16:37.362,0.94095,0.9415,1.00,4.20
2008.10.01 23:16:37.622,0.941,0.9415,1.00,4.20
2008.10.01 23:16:38.234,0.941,0.9415,1.00,1.00
2008.10.01 23:16:38.411,0.941,0.9415,1.00,4.20
2008.10.01 23:16:38.586,0.94095,0.9415,1.00,4.20
2008.10.01 23:16:38.938,0.941,0.9415,1.00,1.00
2008.10.01 23:16:41.298,0.9409,0.94145,1.00,1.00
2008.10.01 23:16:42.539,0.941,0.94155,4.60,1.00
2008.10.01 23:16:45.497,0.941,0.9415,3.60,1.00
2008.10.01 23:16:45.708,0.941,0.9414,3.60,1.00
2008.10.01 23:16:45.769,0.9409,0.9414,1.00,1.00
2008.10.01 23:16:46.046,0.94055,0.9413,1.90,1.00
2008.10.01 23:16:46.266,0.94055,0.9413,1.00,1.00
2008.10.01 23:16:46.774,0.94065,0.94135,1.00,1.00
2008.10.01 23:16:47.973,0.94065,0.9413,1.00,1.00
2008.10.01 23:16:49.003,0.94075,0.94135,1.00,1.00
2008.10.01 23:16:50.491,0.94075,0.94095,1.00,2.40
2008.10.01 23:16:50.702,0.94075,0.9415,1.00,1.00
2008.10.01 23:16:57.099,0.94065,0.9413,1.00,1.00
2008.10.01 23:16:57.968,0.9406,0.94125,1.00,1.00
2008.10.01 23:17:00.999,0.9406,0.9411,1.00,3.60
2008.10.01 23:17:01.048,0.9405,0.941,3.60,1.00
2008.10.01 23:17:02.316,0.94065,0.94135,1.00,1.00
2008.10.01 23:17:02.629,0.9407,0.94145,1.00,1.00
2008.10.01 23:17:02.942,0.94055,0.9414,1.00,1.00
2008.10.01 23:17:03.646,0.9408,0.94135,1.00,1.00
2008.10.01 23:17:04.030,0.94075,0.94135,1.00,1.00
2008.10.01 23:17:04.781,0.94075,0.9411,1.00,2.40
2008.10.01 23:17:05.171,0.94075,0.94145,1.00,1.00
2008.10.01 23:17:05.468,0.94075,0.94135,1.00,1.00
2008.10.01 23:17:06.024,0.9407,0.9411,1.00,2.40
2008.10.01 23:17:06.306,0.9407,0.9413,1.00,1.00
2008.10.01 23:17:06.797,0.9407,0.941,1.00,2.40
2008.10.01 23:17:07.098,0.9407,0.9413,1.00,1.00
2008.10.01 23:17:28.822,0.9409,0.9416,1.00,1.00
2008.10.01 23:17:29.182,0.9409,0.9417,1.00,27.70
2008.10.01 23:17:30.784,0.94095,0.9416,1.00,27.00
2008.10.01 23:17:36.293,0.94085,0.9416,1.00,27.70
2008.10.01 23:17:41.225,0.941,0.9416,1.00,27.00
2008.10.01 23:17:45.024,0.941,0.9416,1.00,27.70
2008.10.01 23:17:47.894,0.941,0.9416,1.00,27.00
2008.10.01 23:17:48.058,0.94115,0.9416,1.00,27.00
2008.10.01 23:17:48.386,0.94105,0.9416,1.00,27.00
2008.10.01 23:17:48.549,0.941,0.9416,1.00,27.70
2008.10.01 23:17:48.989,0.94105,0.9416,1.00,27.00
2008.10.01 23:17:49.265,0.941,0.9416,1.00,27.00
2008.10.01 23:17:49.817,0.941,0.9416,28.00,27.00
2008.10.01 23:17:50.009,0.94105,0.9416,1.00,27.00
2008.10.01 23:17:51.302,0.9411,0.9416,1.00,27.00
2008.10.01 23:17:51.885,0.94105,0.9416,1.00,27.00
2008.10.01 23:17:56.578,0.941,0.9416,27.00,27.00
2008.10.01 23:17:56.899,0.94115,0.9416,1.00,27.00
2008.10.01 23:17:57.711,0.94135,0.9416,1.00,27.00
2008.10.01 23:18:02.383,0.9414,0.9416,1.00,27.00
2008.10.01 23:18:02.566,0.94145,0.9416,1.00,27.00
2008.10.01 23:18:05.351,0.9414,0.9416,1.00,27.00
2008.10.01 23:18:05.733,0.94145,0.9416,1.00,27.00
2008.10.01 23:18:06.090,0.9414,0.9416,1.00,27.00
2008.10.01 23:18:06.213,0.94145,0.9416,1.00,27.00
2008.10.01 23:18:06.290,0.9415,0.9416,1.00,27.00
2008.10.01 23:18:08.159,0.94145,0.9416,1.00,27.00
2008.10.01 23:18:09.197,0.9415,0.9416,1.00,27.00
2008.10.01 23:18:12.642,0.94115,0.9416,1.00,27.00
2008.10.01 23:18:18.169,0.9414,0.9416,1.00,27.00
2008.10.01 23:18:24.509,0.94115,0.9416,1.00,27.00
2008.10.01 23:18:28.022,0.9412,0.9416,1.00,27.00
2008.10.01 23:18:32.295,0.9411,0.9416,1.00,27.00
2008.10.01 23:18:34.373,0.94105,0.9416,1.00,27.00
2008.10.01 23:18:39.493,0.9411,0.9416,1.00,27.00
2008.10.01 23:18:40.721,0.94105,0.9416,1.00,27.00
2008.10.01 23:18:42.302,0.9411,0.9416,1.00,27.00
2008.10.01 23:18:46.269,0.94105,0.9416,1.00,27.00
2008.10.01 23:18:59.102,0.941,0.9416,28.00,27.00
2008.10.01 23:18:59.721,0.94115,0.9416,1.00,27.00
2008.10.01 23:19:01.515,0.9413,0.9416,1.00,27.00
2008.10.01 23:19:03.273,0.94135,0.9416,1.00,27.00
2008.10.01 23:19:08.975,0.9413,0.9416,1.00,27.00
2008.10.01 23:19:14.853,0.94115,0.9416,1.00,27.00
2008.10.01 23:19:20.362,0.94115,0.9414,1.00,2.40
2008.10.01 23:19:20.626,0.94115,0.9416,1.00,27.00
2008.10.01 23:19:21.565,0.941,0.9416,1.00,27.00
2008.10.01 23:19:22.157,0.941,0.9414,1.00,2.40
2008.10.01 23:19:22.656,0.941,0.9416,1.00,27.00
2008.10.01 23:19:23.800,0.94105,0.9416,1.00,27.00
2008.10.01 23:19:24.286,0.941,0.9416,1.00,27.00
2008.10.01 23:19:24.450,0.941,0.9414,1.00,2.40
2008.10.01 23:19:24.793,0.941,0.9416,1.00,27.00
2008.10.01 23:19:25.833,0.9409,0.9416,28.00,27.00
2008.10.01 23:19:25.937,0.94095,0.9416,1.00,27.00
2008.10.01 23:19:26.273,0.94105,0.9416,1.00,27.00
2008.10.01 23:19:27.407,0.941,0.9416,27.00,27.00
2008.10.01 23:19:27.748,0.94095,0.9416,1.00,27.00
2008.10.01 23:19:27.824,0.94105,0.9416,1.00,27.00
2008.10.01 23:19:29.368,0.941,0.9416,28.00,27.00
2008.10.01 23:19:30.007,0.94105,0.9416,1.00,27.00
2008.10.01 23:19:33.609,0.941,0.9416,55.00,27.00
2008.10.01 23:19:34.002,0.94115,0.9416,1.00,27.00
2008.10.01 23:19:35.649,0.9411,0.9416,1.00,27.00
2008.10.01 23:19:39.658,0.941,0.94135,54.00,1.00
2008.10.01 23:19:40.250,0.9411,0.9415,1.00,6.00
2008.10.01 23:19:40.398,0.9411,0.94155,1.00,1.00
2008.10.01 23:19:40.879,0.9411,0.9416,1.00,27.00
2008.10.01 23:19:43.281,0.94105,0.9416,1.00,27.00
2008.10.01 23:19:46.265,0.9411,0.9416,1.00,27.00
2008.10.01 23:19:47.013,0.941,0.9416,55.00,27.00
2008.10.01 23:19:47.790,0.94115,0.9416,1.00,27.00
2008.10.01 23:19:48.048,0.9411,0.9416,1.00,27.00
2008.10.01 23:19:50.089,0.94105,0.9416,1.00,27.00
2008.10.01 23:19:52.706,0.94105,0.9416,1.00,27.90
2008.10.01 23:19:52.885,0.941,0.9416,54.00,28.60
2008.10.01 23:19:53.233,0.941,0.9415,54.00,1.00
2008.10.01 23:19:53.637,0.94115,0.9415,1.00,1.00
2008.10.01 23:19:54.042,0.94115,0.94145,1.00,1.00
2008.10.01 23:19:54.543,0.9411,0.94145,1.00,1.00
2008.10.01 23:19:54.841,0.9411,0.9416,1.00,1.00
2008.10.01 23:19:55.038,0.94105,0.9416,1.00,1.00
2008.10.01 23:19:55.519,0.941,0.9416,54.00,1.00
2008.10.01 23:19:56.183,0.941,0.94165,54.00,1.00
2008.10.01 23:19:56.468,0.941,0.9416,54.00,1.00
2008.10.01 23:19:57.573,0.941,0.94155,54.00,1.00
2008.10.01 23:19:58.097,0.941,0.9416,54.00,1.00
2008.10.01 23:19:58.457,0.941,0.9416,54.00,27.90
2008.10.01 23:19:59.093,0.941,0.94155,54.00,1.00
2008.10.01 23:19:59.929,0.941,0.9415,54.00,1.00
2008.10.01 23:20:00.682,0.941,0.94145,54.00,1.00
2008.10.01 23:20:07.057,0.941,0.9415,54.00,1.00
2008.10.01 23:20:08.057,0.941,0.94155,54.00,1.00
2008.10.01 23:20:09.045,0.941,0.94155,55.00,1.00
2008.10.01 23:20:10.461,0.941,0.94155,54.00,1.00
2008.10.01 23:20:10.578,0.941,0.9416,54.00,27.90
2008.10.01 23:20:11.183,0.941,0.94155,54.00,1.00
2008.10.01 23:20:12.169,0.941,0.9415,54.00,1.00
2008.10.01 23:20:12.573,0.941,0.94145,54.00,1.00
2008.10.01 23:20:13.433,0.941,0.9414,54.00,1.00
2008.10.01 23:20:13.826,0.941,0.94135,54.00,1.00
2008.10.01 23:20:15.030,0.941,0.9414,54.00,1.00
2008.10.01 23:20:15.305,0.941,0.94145,54.00,1.00
2008.10.01 23:20:15.581,0.941,0.9415,54.00,27.90
2008.10.01 23:20:19.174,0.941,0.9413,54.00,1.00
2008.10.01 23:20:23.625,0.941,0.9414,54.00,1.00
2008.10.01 23:20:25.284,0.941,0.9414,54.00,27.90
2008.10.01 23:20:25.694,0.941,0.9413,54.00,1.00
2008.10.01 23:20:26.178,0.941,0.94125,54.00,1.00
2008.10.01 23:20:26.325,0.941,0.9412,54.00,1.00
2008.10.01 23:20:27.617,0.941,0.9413,54.00,1.00
2008.10.01 23:20:28.931,0.941,0.94125,54.00,1.00
2008.10.01 23:20:29.406,0.941,0.9414,54.00,1.00
2008.10.01 23:20:29.881,0.941,0.94145,54.00,1.00
2008.10.01 23:20:30.299,0.941,0.94135,54.00,1.00
2008.10.01 23:20:30.658,0.941,0.94125,54.00,1.00
2008.10.01 23:20:31.740,0.941,0.9413,54.00,1.00
2008.10.01 23:20:36.189,0.941,0.94135,54.00,1.00
2008.10.01 23:20:36.353,0.941,0.9414,54.00,1.00
2008.10.01 23:20:39.289,0.941,0.94135,54.00,1.00
2008.10.01 23:20:39.685,0.941,0.9413,54.00,1.00
2008.10.01 23:20:40.869,0.941,0.94135,54.00,1.00
2008.10.01 23:20:42.896,0.941,0.9414,54.00,1.00
2008.10.01 23:20:44.170,0.941,0.94135,54.00,1.00
2008.10.01 23:20:45.277,0.941,0.9413,54.00,1.00
2008.10.01 23:20:46.605,0.941,0.9414,54.00,27.90
2008.10.01 23:20:48.141,0.941,0.9414,54.00,27.00
2008.10.01 23:20:49.529,0.941,0.9414,54.00,27.90
2008.10.01 23:20:50.045,0.941,0.9414,54.00,28.60
2008.10.01 23:20:50.409,0.941,0.94135,54.00,1.00
2008.10.01 23:20:50.774,0.941,0.9413,54.00,1.00
2008.10.01 23:20:52.380,0.941,0.94125,54.00,1.00
2008.10.01 23:20:53.622,0.941,0.9414,54.00,28.60
2008.10.01 23:20:54.058,0.941,0.9413,54.00,1.00
2008.10.01 23:20:55.146,0.941,0.94135,54.00,1.00
2008.10.01 23:20:56.904,0.941,0.9414,54.00,1.00
2008.10.01 23:20:59.054,0.941,0.9414,54.00,1.60
2008.10.01 23:20:59.353,0.941,0.94135,54.00,1.00
2008.10.01 23:21:01.359,0.941,0.9414,54.00,1.00
2008.10.01 23:21:03.203,0.941,0.9413,54.00,1.00
2008.10.01 23:21:03.529,0.941,0.9414,54.00,27.70
2008.10.01 23:21:03.708,0.941,0.94125,54.00,1.00
2008.10.01 23:21:04.117,0.941,0.9414,54.00,28.60
2008.10.01 23:21:04.325,0.941,0.94135,54.00,1.00
2008.10.01 23:21:05.554,0.941,0.9414,54.00,27.90
2008.10.01 23:21:08.305,0.941,0.9413,54.00,1.00
2008.10.01 23:21:08.676,0.941,0.9414,54.00,1.00
2008.10.01 23:21:10.996,0.941,0.9414,55.00,1.00
2008.10.01 23:21:11.961,0.941,0.94145,55.00,1.00
2008.10.01 23:21:12.317,0.9411,0.94145,1.00,1.00
2008.10.01 23:21:12.498,0.9411,0.9415,1.00,1.00
2008.10.01 23:21:13.512,0.941,0.9415,54.00,1.60
2008.10.01 23:21:14.092,0.941,0.94145,54.00,1.00
2008.10.01 23:21:15.398,0.941,0.9414,54.00,1.00
2008.10.01 23:21:17.252,0.941,0.9414,55.00,1.00
2008.10.01 23:21:17.630,0.941,0.94145,55.00,1.00
2008.10.01 23:21:18.110,0.94105,0.94145,1.00,1.00
2008.10.01 23:21:19.956,0.9411,0.94145,1.00,1.00
2008.10.01 23:21:20.976,0.94105,0.94145,1.00,1.00
2008.10.01 23:21:25.409,0.9411,0.94145,1.00,1.00
2008.10.01 23:21:25.742,0.94115,0.94145,1.00,1.00
2008.10.01 23:21:26.096,0.94115,0.9415,1.00,1.00
2008.10.01 23:21:26.214,0.9412,0.9415,1.00,1.00
2008.10.01 23:21:26.664,0.9412,0.94155,1.00,1.00
2008.10.01 23:21:33.226,0.9412,0.9416,1.00,27.90
2008.10.01 23:21:34.150,0.9412,0.9416,1.00,27.00
2008.10.01 23:21:38.917,0.9412,0.9416,1.00,27.90
2008.10.01 23:21:39.053,0.94115,0.9416,1.00,27.90
2008.10.01 23:21:41.804,0.9412,0.9416,1.00,27.90
2008.10.01 23:21:46.331,0.9408,0.9416,1.00,27.90
2008.10.01 23:21:49.696,0.941,0.9416,1.00,27.90
2008.10.01 23:21:52.020,0.94095,0.9416,1.00,28.60
2008.10.01 23:22:15.601,0.94085,0.94155,1.00,1.00
2008.10.01 23:22:15.681,0.9408,0.94155,1.00,1.00
2008.10.01 23:22:16.241,0.9409,0.9416,1.00,27.90
2008.10.01 23:22:16.858,0.9409,0.94155,1.00,1.00
2008.10.01 23:22:28.484,0.94095,0.94155,1.00,1.00
2008.10.01 23:22:29.270,0.9411,0.94155,1.00,1.00
2008.10.01 23:22:36.528,0.94105,0.94155,1.00,1.00
2008.10.01 23:22:43.206,0.9412,0.94155,1.00,1.00
2008.10.01 23:22:43.547,0.9412,0.94165,1.00,1.00
2008.10.01 23:22:43.884,0.94115,0.94165,1.00,1.00
2008.10.01 23:22:44.040,0.9411,0.94165,1.00,1.00
2008.10.01 23:22:44.197,0.9411,0.9416,1.00,1.00
2008.10.01 23:22:44.355,0.94105,0.94155,1.00,1.00
2008.10.01 23:22:47.492,0.9411,0.94155,1.00,1.00
2008.10.01 23:22:51.099,0.94115,0.94155,1.00,1.00
2008.10.01 23:22:51.302,0.9411,0.94155,1.00,1.00
2008.10.01 23:22:51.705,0.9411,0.9416,1.00,1.00
2008.10.01 23:22:51.908,0.9411,0.9415,1.00,1.00
2008.10.01 23:22:52.188,0.9409,0.94135,1.00,1.00
2008.10.01 23:22:55.953,0.941,0.94145,1.00,1.00
2008.10.01 23:22:57.060,0.94095,0.9414,1.00,1.00
2008.10.01 23:22:57.256,0.94095,0.9415,1.00,1.00
2008.10.01 23:22:58.588,0.941,0.94145,1.00,1.00
2008.10.01 23:23:00.276,0.9412,0.94165,1.00,1.80
2008.10.01 23:23:00.420,0.94115,0.9417,1.00,27.90
2008.10.01 23:23:00.704,0.94115,0.9417,1.00,1.00
2008.10.01 23:23:00.988,0.9412,0.9417,1.00,1.00
2008.10.01 23:23:03.321,0.94125,0.9417,1.00,1.00
2008.10.01 23:23:03.694,0.94125,0.9418,1.00,1.00
2008.10.01 23:23:03.883,0.9412,0.9418,1.00,1.00
2008.10.01 23:23:04.108,0.9412,0.94175,1.00,1.00
2008.10.01 23:23:04.561,0.9412,0.9417,1.00,1.00
2008.10.01 23:23:05.012,0.94115,0.9417,1.00,1.00
2008.10.01 23:23:05.270,0.9412,0.9417,1.00,1.00
2008.10.01 23:23:05.788,0.94125,0.9417,1.00,1.00
2008.10.01 23:23:05.856,0.94125,0.94175,1.00,1.00
2008.10.01 23:23:06.179,0.94125,0.9418,1.00,27.90
2008.10.01 23:23:07.645,0.94115,0.9418,1.00,27.90
2008.10.01 23:23:07.893,0.94115,0.9417,1.00,1.00
2008.10.01 23:23:11.054,0.94115,0.94165,1.00,1.20
2008.10.01 23:23:11.210,0.94095,0.9415,1.00,1.00
2008.10.01 23:23:13.363,0.9411,0.94155,1.00,1.00
2008.10.01 23:23:35.725,0.94125,0.9417,1.00,1.50
2008.10.01 23:23:35.962,0.9413,0.9417,1.00,1.00
2008.10.01 23:23:37.260,0.9412,0.94165,1.00,1.00
2008.10.01 23:23:39.451,0.94115,0.9416,1.00,1.00
2008.10.01 23:23:45.804,0.9412,0.94165,1.00,1.00
2008.10.01 23:23:48.445,0.9411,0.94155,4.60,1.00
2008.10.01 23:23:48.511,0.9411,0.94155,1.00,1.00
2008.10.01 23:23:52.608,0.94115,0.9416,1.00,3.60
2008.10.01 23:23:52.728,0.94115,0.94165,1.00,1.00
2008.10.01 23:23:54.593,0.9411,0.9416,1.00,1.00
2008.10.01 23:23:59.084,0.94105,0.94155,1.00,1.00
2008.10.01 23:24:00.932,0.9411,0.9417,1.00,4.20
2008.10.01 23:24:01.061,0.9411,0.9417,1.00,1.00
2008.10.01 23:24:01.202,0.9411,0.94175,1.00,1.00
2008.10.01 23:24:01.321,0.94115,0.9418,1.00,1.00
2008.10.01 23:24:01.673,0.94115,0.94175,1.00,1.00
2008.10.01 23:24:03.878,0.9412,0.94175,1.00,1.00
2008.10.01 23:24:06.410,0.94125,0.94175,1.00,1.00
2008.10.01 23:24:08.548,0.9412,0.94165,1.00,1.00
2008.10.01 23:24:14.700,0.94125,0.9417,1.00,1.00
2008.10.01 23:24:17.488,0.9413,0.9418,1.00,1.60
2008.10.01 23:24:18.129,0.9413,0.9418,1.00,1.00
2008.10.01 23:24:18.385,0.94125,0.9418,1.00,1.00
2008.10.01 23:24:19.734,0.9412,0.94175,1.00,1.00
2008.10.01 23:24:19.896,0.9413,0.9418,1.00,1.00
2008.10.01 23:24:20.221,0.9412,0.94175,1.90,1.00
2008.10.01 23:24:20.304,0.9412,0.94175,1.00,1.00
2008.10.01 23:24:20.548,0.94125,0.9418,1.00,1.00
2008.10.01 23:24:21.049,0.9412,0.94175,1.00,1.00
2008.10.01 23:24:23.105,0.941,0.9417,28.90,1.00
2008.10.01 23:24:23.892,0.941,0.9417,28.00,1.00
2008.10.01 23:24:24.092,0.9412,0.9418,1.00,1.00
2008.10.01 23:24:25.853,0.94125,0.9418,1.00,1.00
2008.10.01 23:24:27.144,0.94125,0.94185,1.00,1.00
2008.10.01 23:24:30.332,0.94125,0.9418,1.00,1.00
2008.10.01 23:24:30.512,0.9411,0.9417,1.00,1.00
2008.10.01 23:24:31.211,0.94115,0.94175,1.00,1.00
2008.10.01 23:24:32.528,0.94125,0.94185,1.00,1.00
2008.10.01 23:24:32.768,0.9413,0.94185,1.00,1.00
2008.10.01 23:24:33.595,0.9413,0.94185,1.00,2.10
2008.10.01 23:24:33.832,0.9411,0.94165,1.00,1.00
2008.10.01 23:24:42.116,0.94105,0.9416,1.00,1.00
2008.10.01 23:24:47.181,0.9412,0.94175,1.00,1.00
2008.10.01 23:24:47.304,0.9412,0.9418,1.00,1.00
2008.10.01 23:24:47.428,0.94125,0.9418,1.00,1.00
2008.10.01 23:24:48.685,0.9412,0.9418,1.00,1.00
2008.10.01 23:24:49.019,0.9414,0.9418,1.00,1.00
2008.10.01 23:24:49.187,0.9414,0.94175,1.00,1.00
2008.10.01 23:24:51.537,0.94145,0.94175,1.00,1.00
2008.10.01 23:24:51.876,0.94145,0.9418,1.00,1.00
2008.10.01 23:24:52.756,0.9411,0.9418,1.00,1.00
2008.10.01 23:24:53.385,0.94085,0.94165,1.00,1.00
2008.10.01 23:24:55.008,0.941,0.9416,1.00,1.00
2008.10.01 23:24:57.390,0.94105,0.9416,1.00,1.00
2008.10.01 23:24:58.816,0.94095,0.94155,1.00,1.00
2008.10.01 23:25:01.029,0.9411,0.9417,1.00,1.00
2008.10.01 23:25:01.112,0.9411,0.94175,1.00,1.00
2008.10.01 23:25:01.437,0.94115,0.94175,1.00,1.00
2008.10.01 23:25:04.475,0.9413,0.94175,1.00,1.00
2008.10.01 23:25:07.443,0.94145,0.94175,1.00,1.00
2008.10.01 23:25:07.995,0.9413,0.94175,1.00,1.60
2008.10.01 23:25:08.598,0.94125,0.9417,1.00,1.00
2008.10.01 23:25:08.800,0.9412,0.94165,1.00,1.00
2008.10.01 23:25:13.798,0.94115,0.9416,1.00,1.00
2008.10.01 23:25:17.304,0.94115,0.9416,1.00,4.20
2008.10.01 23:25:17.708,0.94115,0.9416,1.00,1.00
2008.10.01 23:25:19.361,0.94115,0.9416,1.00,4.20
2008.10.01 23:25:20.308,0.94115,0.9416,1.00,1.00
2008.10.01 23:25:29.878,0.9413,0.94165,1.00,1.00
2008.10.01 23:25:32.272,0.94125,0.94165,1.00,1.00
2008.10.01 23:25:32.371,0.9409,0.94165,1.00,1.00
2008.10.01 23:25:34.864,0.941,0.9415,1.00,3.60
2008.10.01 23:25:35.093,0.94085,0.9413,1.00,1.00
2008.10.01 23:25:37.145,0.9409,0.94135,1.00,1.00
2008.10.01 23:25:38.493,0.94105,0.9415,1.00,1.00
2008.10.01 23:25:38.691,0.94105,0.94155,1.00,1.00
2008.10.01 23:25:38.883,0.94105,0.9416,1.00,1.00
2008.10.01 23:25:41.222,0.94135,0.9416,1.00,1.00
2008.10.01 23:25:41.561,0.94135,0.9417,1.00,1.00
2008.10.01 23:25:53.699,0.94125,0.9417,1.00,1.00
2008.10.01 23:25:54.028,0.9411,0.9417,1.00,1.00
2008.10.01 23:25:57.171,0.94115,0.9417,1.00,1.00
2008.10.01 23:25:58.693,0.94115,0.94165,1.00,1.00
2008.10.01 23:26:06.259,0.94125,0.94165,1.00,1.00
2008.10.01 23:26:08.787,0.9412,0.94165,1.00,1.00
2008.10.01 23:26:19.192,0.94125,0.94165,1.00,1.00
2008.10.01 23:26:23.580,0.9413,0.94165,1.00,1.00
2008.10.01 23:26:24.075,0.94115,0.94165,1.00,1.00
2008.10.01 23:26:24.644,0.94125,0.94165,1.00,1.00
2008.10.01 23:26:24.884,0.9413,0.94165,1.00,1.00
2008.10.01 23:26:25.125,0.94125,0.94165,1.00,1.00
2008.10.01 23:26:25.363,0.9411,0.94165,1.00,1.00
2008.10.01 23:26:25.751,0.9411,0.9415,1.00,1.00
2008.10.01 23:26:26.332,0.941,0.9415,28.00,1.00
2008.10.01 23:26:26.528,0.941,0.94165,28.00,1.00
2008.10.01 23:26:26.823,0.941,0.9415,28.00,1.00
2008.10.01 23:26:27.347,0.9411,0.9415,1.00,1.00
2008.10.01 23:26:28.019,0.9411,0.9416,1.00,1.00
2008.10.01 23:26:29.479,0.94105,0.9416,1.00,1.00
2008.10.01 23:26:29.524,0.94105,0.94165,1.00,1.00
2008.10.01 23:26:29.607,0.94105,0.9416,1.00,1.00
2008.10.01 23:26:30.475,0.9411,0.9416,1.00,1.00
2008.10.01 23:26:32.765,0.94115,0.9416,1.00,1.00
2008.10.01 23:26:33.075,0.94115,0.94165,1.00,1.00
2008.10.01 23:26:42.875,0.9411,0.94165,1.00,1.00
2008.10.01 23:26:43.973,0.9411,0.9416,1.00,1.00
2008.10.01 23:26:45.364,0.9411,0.94155,1.00,1.00
2008.10.01 23:26:46.600,0.9411,0.9416,1.00,1.00
2008.10.01 23:26:52.085,0.9411,0.94155,1.00,1.00
2008.10.01 23:26:55.375,0.94115,0.94155,1.00,1.00
2008.10.01 23:26:55.927,0.9411,0.94155,1.00,1.00
2008.10.01 23:27:00.767,0.94105,0.94155,1.00,1.00
2008.10.01 23:27:01.579,0.94105,0.9415,1.00,1.00
2008.10.01 23:27:02.823,0.9411,0.9415,1.00,1.00
2008.10.01 23:27:03.995,0.94105,0.9415,1.00,1.00
2008.10.01 23:27:25.503,0.9411,0.9415,1.00,1.00
2008.10.01 23:27:26.751,0.94115,0.9415,1.00,1.00
2008.10.01 23:27:27.421,0.9411,0.9415,1.00,1.00
2008.10.01 23:27:31.442,0.94105,0.9415,1.00,1.00
2008.10.01 23:27:33.103,0.941,0.9415,28.00,1.00
2008.10.01 23:27:34.229,0.941,0.9415,27.00,1.00
2008.10.01 23:27:50.358,0.941,0.94155,27.00,1.00
2008.10.01 23:27:55.026,0.941,0.94155,28.00,1.00
2008.10.01 23:27:55.387,0.941,0.9416,28.00,1.60
2008.10.01 23:27:55.581,0.941,0.9416,27.00,1.60
2008.10.01 23:27:56.021,0.941,0.94155,27.00,1.00
2008.10.01 23:27:56.697,0.94105,0.94155,1.00,1.00
2008.10.01 23:27:57.035,0.9411,0.9416,1.00,1.00
2008.10.01 23:27:57.375,0.94115,0.9416,1.00,1.00
2008.10.01 23:27:58.429,0.94135,0.9418,1.00,1.00
2008.10.01 23:27:59.107,0.94135,0.94185,1.00,1.00
2008.10.01 23:28:02.183,0.9414,0.94185,1.00,1.00
2008.10.01 23:28:02.579,0.9414,0.9418,1.00,1.00
2008.10.01 23:28:04.456,0.94135,0.9418,1.00,1.00
2008.10.01 23:28:04.633,0.94135,0.9419,1.00,1.60
2008.10.01 23:28:05.090,0.94135,0.9419,1.00,1.00
2008.10.01 23:28:05.315,0.94135,0.94195,1.00,1.60
2008.10.01 23:28:05.711,0.94135,0.9419,1.00,1.00
2008.10.01 23:28:06.416,0.94135,0.94195,1.00,1.60
2008.10.01 23:28:06.720,0.9413,0.9419,1.90,1.00
2008.10.01 23:28:06.872,0.9413,0.9419,1.00,1.00
2008.10.01 23:28:07.024,0.9413,0.9419,1.90,1.00
2008.10.01 23:28:07.177,0.94135,0.9419,1.00,1.00
2008.10.01 23:28:07.329,0.94135,0.94195,1.90,1.60
2008.10.01 23:28:07.499,0.9414,0.9419,1.90,1.00
2008.10.01 23:28:07.847,0.9414,0.942,1.90,1.60
2008.10.01 23:28:08.657,0.9416,0.942,1.00,1.00
2008.10.01 23:28:08.952,0.9416,0.9421,1.00,1.00
2008.10.01 23:28:10.546,0.94165,0.9421,1.00,1.00
2008.10.01 23:28:10.611,0.9416,0.9421,1.00,1.00
2008.10.01 23:28:10.995,0.94155,0.9421,1.00,1.60
2008.10.01 23:28:11.027,0.9415,0.9421,1.90,1.60
2008.10.01 23:28:11.846,0.9415,0.94205,1.90,1.00
2008.10.01 23:28:12.471,0.94135,0.94205,1.00,1.60
2008.10.01 23:28:13.233,0.94135,0.942,1.00,1.00
2008.10.01 23:28:13.368,0.9415,0.942,1.90,1.00
2008.10.01 23:28:13.911,0.9415,0.94205,1.90,1.00
2008.10.01 23:28:13.969,0.9415,0.94205,1.00,1.00
2008.10.01 23:28:14.054,0.94145,0.94205,1.90,1.60
2008.10.01 23:28:14.679,0.94145,0.942,1.90,1.00
2008.10.01 23:28:16.245,0.9415,0.942,1.90,1.00
2008.10.01 23:28:16.792,0.9415,0.94205,1.90,1.00
2008.10.01 23:28:17.518,0.9415,0.94205,1.00,1.60
2008.10.01 23:28:17.643,0.94145,0.94205,1.90,1.60
2008.10.01 23:28:17.899,0.94145,0.942,1.90,1.00
2008.10.01 23:28:18.155,0.94145,0.942,1.00,1.00
2008.10.01 23:28:25.951,0.9414,0.942,1.90,1.60
2008.10.01 23:28:26.159,0.9414,0.942,1.00,1.60
2008.10.01 23:28:26.891,0.94135,0.94195,1.00,1.00
2008.10.01 23:28:29.154,0.94135,0.94195,1.00,1.60
2008.10.01 23:28:29.255,0.9414,0.94195,1.00,1.00
2008.10.01 23:28:30.073,0.94145,0.942,1.00,1.00
2008.10.01 23:28:32.523,0.9414,0.942,1.90,1.60
2008.10.01 23:28:32.563,0.9414,0.942,1.00,1.60
2008.10.01 23:28:34.843,0.94135,0.94195,1.90,1.00
2008.10.01 23:28:40.550,0.9414,0.942,1.00,1.60
2008.10.01 23:28:40.835,0.94145,0.942,1.00,1.00
2008.10.01 23:28:41.604,0.94145,0.94205,1.00,1.60
2008.10.01 23:28:44.009,0.9414,0.942,1.90,1.00
2008.10.01 23:28:44.211,0.9414,0.942,1.00,1.00
2008.10.01 23:28:44.411,0.94135,0.94195,1.90,1.00
2008.10.01 23:28:46.138,0.94145,0.942,1.00,1.00
2008.10.01 23:28:46.389,0.94145,0.94205,1.00,1.00
2008.10.01 23:28:46.652,0.9414,0.942,1.00,1.00
2008.10.01 23:28:48.920,0.94145,0.94205,1.00,1.60
2008.10.01 23:28:49.163,0.94145,0.94205,1.00,1.00
2008.10.01 23:28:51.059,0.9414,0.94195,1.00,1.00
2008.10.01 23:28:52.463,0.94135,0.9419,1.00,1.00
2008.10.01 23:28:54.604,0.9414,0.94195,1.00,1.00
2008.10.01 23:28:58.456,0.94125,0.9418,1.00,1.00
2008.10.01 23:28:58.829,0.9411,0.94175,33.00,1.00
2008.10.01 23:28:59.639,0.9411,0.94175,33.00,1.60
2008.10.01 23:29:00.024,0.9412,0.94175,1.00,1.60
2008.10.01 23:29:00.216,0.94125,0.94175,1.00,1.00
2008.10.01 23:29:00.407,0.94125,0.9418,1.00,1.00
2008.10.01 23:29:02.791,0.9412,0.94175,1.90,1.00
2008.10.01 23:29:02.907,0.9412,0.94175,1.00,1.00
2008.10.01 23:29:03.023,0.94125,0.9418,1.00,1.00
2008.10.01 23:29:03.255,0.9413,0.94185,1.00,1.60
2008.10.01 23:29:03.607,0.9413,0.94185,1.00,1.00
2008.10.01 23:29:05.056,0.94125,0.9418,1.00,1.00
2008.10.01 23:29:07.427,0.94125,0.9418,1.90,1.00
2008.10.01 23:29:07.513,0.9413,0.94185,1.00,1.00
2008.10.01 23:29:08.281,0.94125,0.9418,1.90,1.00
2008.10.01 23:29:08.388,0.94125,0.9418,1.00,1.00
2008.10.01 23:29:10.224,0.9412,0.94165,1.90,1.00
2008.10.01 23:29:10.344,0.9412,0.94165,1.00,1.00
2008.10.01 23:29:12.452,0.94135,0.9418,1.00,4.20
2008.10.01 23:29:19.067,0.94135,0.9418,1.00,4.80
2008.10.01 23:29:20.808,0.9415,0.9418,3.60,1.20
2008.10.01 23:29:20.912,0.9414,0.9418,4.50,1.20
2008.10.01 23:29:21.031,0.94155,0.9418,1.00,1.00
2008.10.01 23:29:21.147,0.94155,0.9419,1.00,1.00
2008.10.01 23:29:21.495,0.9416,0.9419,1.00,1.00
2008.10.01 23:29:21.611,0.9416,0.94195,1.00,1.00
2008.10.01 23:29:22.308,0.9416,0.942,1.00,1.00
2008.10.01 23:29:27.520,0.9415,0.94195,1.00,1.00
2008.10.01 23:29:28.331,0.94155,0.942,1.00,1.60
2008.10.01 23:29:28.668,0.94155,0.9419,1.00,1.00
2008.10.01 23:29:29.475,0.94155,0.94195,1.00,1.00
2008.10.01 23:29:31.857,0.9415,0.94195,1.00,1.60
2008.10.01 23:29:32.531,0.94155,0.94195,1.00,1.00
2008.10.01 23:29:33.131,0.94155,0.942,1.00,1.00
2008.10.01 23:29:35.405,0.9416,0.942,1.00,1.00
2008.10.01 23:29:35.887,0.9416,0.94205,1.00,1.60
2008.10.01 23:29:37.923,0.9416,0.94205,4.60,1.60
2008.10.01 23:29:38.043,0.94165,0.94205,1.00,1.00
2008.10.01 23:29:38.675,0.94165,0.9421,1.00,1.60
2008.10.01 23:29:38.991,0.9417,0.9421,1.00,1.00
2008.10.01 23:29:39.831,0.9417,0.9421,1.00,4.50
2008.10.01 23:29:40.019,0.94165,0.9421,1.00,5.20
2008.10.01 23:29:40.695,0.94165,0.94205,1.00,1.00
2008.10.01 23:29:44.247,0.9417,0.94205,1.00,1.00
2008.10.01 23:29:44.934,0.9417,0.9421,1.00,1.00
2008.10.01 23:30:00.204,0.9416,0.94205,1.00,1.00
2008.10.01 23:30:00.903,0.9416,0.9421,1.00,1.00
2008.10.01 23:30:01.167,0.94175,0.9421,1.00,1.00
2008.10.01 23:30:01.303,0.94175,0.942,1.00,1.00
2008.10.01 23:30:01.484,0.94175,0.94205,1.00,1.00
2008.10.01 23:30:02.027,0.94175,0.9421,1.00,1.00
2008.10.01 23:30:02.567,0.94165,0.9421,1.00,1.00
2008.10.01 23:30:03.347,0.94165,0.9421,1.00,1.60
2008.10.01 23:30:09.811,0.9416,0.94205,1.00,1.00
2008.10.01 23:30:10.879,0.94165,0.9421,1.00,1.60
2008.10.01 23:30:11.395,0.94165,0.94205,1.00,1.00
2008.10.01 23:30:11.579,0.94165,0.9421,1.00,1.60
2008.10.01 23:30:12.475,0.9417,0.9421,1.00,1.00
2008.10.01 23:30:16.895,0.94175,0.9421,1.00,1.00
2008.10.01 23:30:17.462,0.9418,0.9421,1.00,1.00
2008.10.01 23:30:21.345,0.94175,0.9421,1.00,1.00
2008.10.01 23:30:23.059,0.9418,0.9421,1.00,1.00
2008.10.01 23:30:23.267,0.94185,0.9421,1.00,1.00
2008.10.01 23:30:23.411,0.9418,0.9421,1.00,1.00
2008.10.01 23:30:28.507,0.94185,0.9421,1.00,1.00
2008.10.01 23:30:28.907,0.942,0.9421,1.00,1.00
2008.10.01 23:30:32.032,0.9421,0.9428,1.00,2.90
2008.10.01 23:30:33.159,0.94215,0.9428,1.00,2.50
2008.10.01 23:30:33.947,0.9421,0.9428,1.00,2.50
2008.10.01 23:30:38.390,0.94175,0.9421,1.00,1.00
2008.10.01 23:30:41.246,0.94175,0.9421,1.00,1.00
2008.10.01 23:30:41.507,0.9417,0.9421,1.90,1.00
2008.10.01 23:30:41.714,0.9418,0.9421,1.00,1.00
2008.10.01 23:30:47.393,0.9418,0.9421,4.60,1.00
2008.10.01 23:30:47.506,0.94185,0.9421,1.00,1.00
2008.10.01 23:30:50.788,0.94175,0.9421,1.00,1.00
2008.10.01 23:30:58.458,0.9417,0.9421,1.00,1.00
2008.10.01 23:31:01.050,0.9416,0.94205,3.60,1.00
2008.10.01 23:31:01.146,0.94155,0.94205,1.00,1.00
2008.10.01 23:31:02.647,0.94155,0.942,1.00,1.00
2008.10.01 23:31:04.235,0.9415,0.94195,1.00,1.00
2008.10.01 23:31:05.122,0.9415,0.942,4.60,1.00
2008.10.01 23:31:05.263,0.9416,0.942,9.60,1.00
2008.10.01 23:31:05.698,0.9417,0.942,2.40,1.00
2008.10.01 23:31:05.978,0.9415,0.942,1.00,1.00
2008.10.01 23:31:06.372,0.9414,0.9419,5.50,1.00
2008.10.01 23:31:07.011,0.9414,0.9419,7.00,1.00
2008.10.01 23:31:07.224,0.9414,0.9419,4.60,1.00
2008.10.01 23:31:07.428,0.94135,0.94185,1.00,1.00
2008.10.01 23:31:07.906,0.94135,0.9418,1.00,1.00
2008.10.01 23:31:08.564,0.9413,0.94175,4.60,1.00
2008.10.01 23:31:12.839,0.94135,0.9418,1.00,1.00
2008.10.01 23:31:20.620,0.9414,0.94195,1.00,1.00
2008.10.01 23:31:20.696,0.9415,0.94195,6.00,1.00
2008.10.01 23:31:20.840,0.9416,0.94185,2.40,1.00
2008.10.01 23:31:21.154,0.9415,0.94185,6.00,1.00
2008.10.01 23:31:21.382,0.9415,0.94195,6.00,1.00
2008.10.01 23:31:21.602,0.9415,0.942,6.00,1.00
2008.10.01 23:31:22.012,0.9415,0.94205,7.00,1.00
2008.10.01 23:31:23.054,0.9415,0.942,6.00,1.00
2008.10.01 23:31:24.131,0.9415,0.942,7.00,1.00
2008.10.01 23:31:26.398,0.9415,0.94195,6.00,1.00
2008.10.01 23:31:48.398,0.9415,0.9419,6.00,1.00
2008.10.01 23:31:48.782,0.9415,0.94185,6.00,1.00
2008.10.01 23:32:15.936,0.9415,0.9418,6.00,1.00
2008.10.01 23:32:16.107,0.9415,0.94175,6.00,1.00
2008.10.01 23:32:21.545,0.9415,0.9417,6.00,1.00
2008.10.01 23:32:24.200,0.9415,0.94165,6.00,1.00
2008.10.01 23:32:24.488,0.9415,0.9416,6.00,1.00
2008.10.01 23:32:25.244,0.9415,0.94155,6.00,1.00
2008.10.01 23:32:32.410,0.941,0.9415,6.70,1.00
2008.10.01 23:32:36.804,0.9415,0.94155,6.00,1.00
2008.10.01 23:32:41.275,0.9415,0.9417,6.00,1.00
2008.10.01 23:32:42.582,0.9415,0.94185,6.00,1.00
2008.10.01 23:32:46.579,0.9415,0.94175,6.00,1.00
2008.10.01 23:32:47.494,0.9415,0.9417,6.00,1.00
2008.10.01 23:32:50.186,0.9415,0.94175,6.00,1.00
2008.10.01 23:32:50.702,0.9415,0.9417,6.00,1.00
2008.10.01 23:33:17.944,0.9415,0.94175,6.00,1.00
2008.10.01 23:33:27.590,0.9415,0.94175,6.00,1.80
2008.10.01 23:33:27.673,0.9415,0.9416,6.00,3.60
2008.10.01 23:33:27.828,0.9415,0.94155,6.00,1.00
2008.10.01 23:33:39.957,0.9415,0.9416,6.00,1.00
2008.10.01 23:33:41.071,0.9415,0.9417,6.00,1.60
2008.10.01 23:33:41.849,0.9415,0.9417,6.00,1.00
2008.10.01 23:34:15.649,0.9415,0.9417,6.00,1.80
2008.10.01 23:34:15.835,0.9415,0.9416,6.00,1.00
2008.10.01 23:34:15.927,0.9415,0.9416,6.00,4.20
2008.10.01 23:34:16.018,0.9415,0.94155,6.00,1.40
2008.10.01 23:34:37.541,0.941,0.9415,6.70,1.00
2008.10.01 23:34:40.586,0.9415,0.94155,6.00,1.40
2008.10.01 23:34:42.249,0.941,0.9415,6.70,1.00
2008.10.01 23:34:42.342,0.9415,0.94155,6.00,1.80
2008.10.01 23:34:46.654,0.9415,0.94155,6.00,3.40
2008.10.01 23:34:46.867,0.9409,0.94145,6.70,2.20
2008.10.01 23:34:49.741,0.94075,0.94145,1.00,2.20
2008.10.01 23:34:55.247,0.94135,0.94145,6.00,2.20
2008.10.01 23:34:55.443,0.94135,0.9414,6.00,1.00
2008.10.01 23:34:56.490,0.9415,0.9416,6.00,5.00
2008.10.01 23:34:56.960,0.9415,0.94155,6.00,1.80
2008.10.01 23:34:59.459,0.9415,0.94155,6.00,1.90
2008.10.01 23:34:59.771,0.9415,0.9416,6.00,4.20
2008.10.01 23:35:10.051,0.94105,0.9415,6.70,1.00
2008.10.01 23:36:03.711,0.941,0.94145,6.70,1.00
2008.10.01 23:36:03.825,0.9415,0.9416,6.00,4.80
2008.10.01 23:36:26.321,0.9415,0.9416,6.00,6.40
2008.10.01 23:36:26.481,0.9415,0.9416,6.00,7.60
2008.10.01 23:36:26.962,0.9415,0.94155,6.00,2.20
2008.10.01 23:36:28.278,0.941,0.9415,6.70,1.00
2008.10.01 23:36:30.863,0.94105,0.9415,6.70,1.00
2008.10.01 23:36:37.323,0.9415,0.9416,6.00,4.80
2008.10.01 23:36:39.154,0.9415,0.9416,6.00,7.60
2008.10.01 23:36:39.593,0.9415,0.94155,6.00,2.20
2008.10.01 23:36:40.921,0.941,0.9415,6.70,1.00
2008.10.01 23:37:02.042,0.94105,0.9415,6.70,1.00
2008.10.01 23:37:02.619,0.9415,0.94155,6.00,1.00
2008.10.01 23:37:31.581,0.9415,0.94165,6.00,1.60
2008.10.01 23:37:32.386,0.9415,0.94165,6.00,1.00
2008.10.01 23:37:51.362,0.9415,0.9417,6.00,1.60
2008.10.01 23:37:51.890,0.9415,0.9417,6.00,1.00
2008.10.01 23:38:08.873,0.9415,0.94165,6.00,1.00
2008.10.01 23:38:30.651,0.9411,0.9415,8.40,1.00
2008.10.01 23:38:33.433,0.9415,0.94155,6.00,1.00
2008.10.01 23:38:39.813,0.9415,0.94175,6.00,1.60
2008.10.01 23:38:40.237,0.9415,0.94175,6.00,1.00
2008.10.01 23:38:42.573,0.9415,0.94175,6.00,1.20
2008.10.01 23:38:42.761,0.9415,0.94165,6.00,1.00
2008.10.01 23:38:44.885,0.9415,0.94155,6.00,1.00
2008.10.01 23:38:45.689,0.9415,0.94175,6.00,1.60
2008.10.01 23:38:46.382,0.9415,0.94175,6.00,1.00
2008.10.01 23:38:53.067,0.9415,0.94165,6.00,1.00
2008.10.01 23:38:58.955,0.9415,0.94175,6.00,1.00
2008.10.01 23:39:06.527,0.9415,0.9417,6.00,1.00
2008.10.01 23:39:07.071,0.9415,0.94165,6.00,1.00
2008.10.01 23:39:16.342,0.9415,0.9417,6.00,1.00
2008.10.01 23:39:17.550,0.9415,0.94165,6.00,1.00
2008.10.01 23:39:55.541,0.9415,0.9417,6.00,1.00
2008.10.01 23:40:08.961,0.9415,0.94175,6.00,1.00
2008.10.01 23:40:09.240,0.9415,0.9418,6.00,1.60
2008.10.01 23:40:12.226,0.9415,0.9418,6.00,1.00
2008.10.01 23:40:20.143,0.9416,0.9418,1.00,1.00
2008.10.01 23:40:25.710,0.9415,0.9418,6.00,1.00
2008.10.01 23:40:51.992,0.9417,0.9418,1.00,1.00
2008.10.01 23:40:52.410,0.94185,0.9423,1.00,3.80
2008.10.01 23:40:52.954,0.9419,0.9424,1.00,2.50
2008.10.01 23:40:53.177,0.94165,0.9418,1.00,1.00
2008.10.01 23:40:53.496,0.9416,0.9418,1.00,1.00
2008.10.01 23:40:59.041,0.9418,0.9423,1.00,1.00
2008.10.01 23:41:02.127,0.94175,0.9418,1.00,1.00
2008.10.01 23:41:04.872,0.9417,0.9418,1.00,1.00
2008.10.01 23:41:06.148,0.94175,0.9418,1.00,1.00
2008.10.01 23:41:06.552,0.94185,0.9423,1.00,18.90
2008.10.01 23:41:06.956,0.9418,0.9423,1.00,18.90
2008.10.01 23:41:07.060,0.94175,0.9418,1.00,1.00
2008.10.01 23:41:07.312,0.9418,0.9423,1.00,18.90
2008.10.01 23:41:13.419,0.94165,0.9418,1.00,1.00
2008.10.01 23:41:20.334,0.94175,0.9418,1.00,1.00
2008.10.01 23:41:25.912,0.9417,0.9418,1.00,1.00
2008.10.01 23:41:26.164,0.94175,0.9418,1.00,1.00
2008.10.01 23:41:27.735,0.9418,0.9423,1.00,18.90
2008.10.01 23:41:27.978,0.94115,0.9418,4.60,1.00
2008.10.01 23:41:28.100,0.94115,0.9418,1.00,1.00
2008.10.01 23:41:28.224,0.94145,0.9418,1.00,1.00
2008.10.01 23:41:28.708,0.9415,0.9418,1.00,1.00
2008.10.01 23:41:29.112,0.9417,0.9418,1.00,1.00
2008.10.01 23:41:32.956,0.94165,0.9418,1.00,1.00
2008.10.01 23:41:35.358,0.9416,0.9418,1.00,1.00
2008.10.01 23:41:57.732,0.94165,0.9418,1.00,1.00
2008.10.01 23:41:59.968,0.94175,0.9418,1.00,1.00
2008.10.01 23:42:00.936,0.9414,0.9416,21.40,1.00
2008.10.01 23:42:01.613,0.9418,0.9424,1.00,20.50
2008.10.01 23:42:04.252,0.94175,0.9424,1.00,20.50
2008.10.01 23:42:06.523,0.94165,0.9423,1.00,1.50
2008.10.01 23:42:06.657,0.9414,0.9416,19.60,1.00
2008.10.01 23:42:09.692,0.9414,0.9416,19.60,1.00
2008.10.01 23:42:10.636,0.9416,0.9423,1.00,1.00
2008.10.01 23:42:10.832,0.9416,0.94215,1.00,1.00
2008.10.01 23:42:11.943,0.9416,0.9419,1.00,1.00
2008.10.01 23:42:12.138,0.94145,0.9419,1.00,1.00
2008.10.01 23:42:12.693,0.9415,0.9419,3.60,1.00
2008.10.01 23:42:12.881,0.94155,0.942,1.00,1.60
2008.10.01 23:42:17.709,0.94155,0.942,1.00,6.40
2008.10.01 23:42:17.968,0.94135,0.94185,1.00,1.00
2008.10.01 23:42:18.016,0.9413,0.94185,28.00,1.00
2008.10.01 23:42:18.732,0.9413,0.94185,28.00,1.00
2008.10.01 23:42:19.072,0.94135,0.9419,1.00,1.00
2008.10.01 23:42:19.784,0.94145,0.94195,1.00,1.00
2008.10.01 23:42:21.576,0.9415,0.94195,1.00,1.00
2008.10.01 23:42:25.806,0.94145,0.9419,1.00,1.00
2008.10.01 23:42:26.332,0.9415,0.94195,1.00,1.00
2008.10.01 23:42:27.122,0.94155,0.942,1.00,1.60
2008.10.01 23:42:38.308,0.9416,0.942,1.00,1.00
2008.10.01 23:42:38.536,0.9415,0.94195,1.00,1.00
2008.10.01 23:42:44.684,0.94155,0.942,1.00,1.60
2008.10.01 23:42:44.976,0.94145,0.9419,1.00,1.00
2008.10.01 23:42:45.124,0.94145,0.9419,1.00,4.20
2008.10.01 23:42:52.703,0.9414,0.94185,1.00,1.00
2008.10.01 23:42:52.943,0.94135,0.9418,1.00,1.00
2008.10.01 23:42:54.070,0.9413,0.9418,1.00,1.00
2008.10.01 23:43:00.983,0.94125,0.94175,1.00,1.00
2008.10.01 23:43:13.916,0.9412,0.9417,1.00,1.00
2008.10.01 23:43:14.100,0.94115,0.9417,1.00,1.00
2008.10.01 23:43:15.864,0.9411,0.94165,1.00,1.00
2008.10.01 23:43:16.639,0.9411,0.9417,1.00,1.00
2008.10.01 23:43:21.135,0.9411,0.9417,1.00,4.20
2008.10.01 23:43:21.236,0.94105,0.9416,1.00,1.00
2008.10.01 23:43:21.590,0.9411,0.94165,1.00,1.00
2008.10.01 23:43:21.846,0.94125,0.9417,1.00,1.00
2008.10.01 23:43:24.287,0.9414,0.94185,1.00,1.60
2008.10.01 23:43:24.844,0.9414,0.94185,1.00,1.00
2008.10.01 23:43:29.270,0.94135,0.9418,1.00,1.00
2008.10.01 23:43:32.537,0.9413,0.94175,1.00,1.00
2008.10.01 23:43:34.834,0.94135,0.9418,1.00,4.20
2008.10.01 23:43:35.205,0.9414,0.94185,1.00,1.00
2008.10.01 23:43:36.620,0.94135,0.9418,1.00,1.00
2008.10.01 23:43:41.091,0.9414,0.94185,1.00,1.00
2008.10.01 23:43:54.743,0.94135,0.9418,1.00,1.00
2008.10.01 23:43:55.987,0.9414,0.94185,1.00,1.00
2008.10.01 23:44:02.882,0.94135,0.9418,1.00,1.00
2008.10.01 23:44:03.019,0.9414,0.94185,1.00,1.00
2008.10.01 23:44:07.227,0.94135,0.9418,1.00,1.00
2008.10.01 23:44:07.379,0.9414,0.94185,1.00,1.00
2008.10.01 23:44:09.107,0.94125,0.9417,1.00,1.00
2008.10.01 23:44:09.495,0.9412,0.94165,43.60,1.00
2008.10.01 23:44:11.011,0.94125,0.9417,1.00,1.00
2008.10.01 23:44:12.048,0.94115,0.94165,1.00,1.00
2008.10.01 23:44:13.771,0.94115,0.9416,1.00,1.00
2008.10.01 23:44:13.999,0.9411,0.94155,1.00,1.00
2008.10.01 23:44:14.471,0.94115,0.9416,1.00,1.00
2008.10.01 23:44:15.377,0.9412,0.9417,1.00,1.00
2008.10.01 23:44:15.476,0.9412,0.94175,1.00,1.00
2008.10.01 23:44:17.957,0.9412,0.94165,1.00,1.00
2008.10.01 23:44:19.484,0.9412,0.94165,4.60,1.00
2008.10.01 23:44:19.712,0.94125,0.9417,1.00,1.00
2008.10.01 23:44:27.835,0.94115,0.9416,1.00,1.00
2008.10.01 23:44:28.567,0.9412,0.94165,1.00,1.00
2008.10.01 23:44:28.680,0.94125,0.9417,1.00,1.00
2008.10.01 23:44:33.603,0.9413,0.94175,1.00,1.00
2008.10.01 23:44:48.975,0.94125,0.9417,1.00,1.00
2008.10.01 23:44:57.852,0.9412,0.9416,3.60,1.00
2008.10.01 23:44:58.077,0.94115,0.9416,1.00,1.00
2008.10.01 23:45:04.231,0.9412,0.94165,4.60,1.00
2008.10.01 23:45:41.861,0.94125,0.9417,1.00,1.00
2008.10.01 23:45:42.184,0.9412,0.94165,4.60,1.00
2008.10.01 23:45:43.911,0.9412,0.9416,3.60,1.00
2008.10.01 23:45:45.473,0.9412,0.94165,4.60,1.00
2008.10.01 23:45:46.487,0.9412,0.9416,1.00,3.60
2008.10.01 23:45:46.755,0.9411,0.94155,1.00,1.00
2008.10.01 23:45:53.069,0.9412,0.94155,3.60,1.00
2008.10.01 23:45:53.151,0.9412,0.94165,4.60,1.60
2008.10.01 23:45:54.175,0.9412,0.94165,4.60,1.00
2008.10.01 23:45:59.347,0.9412,0.94155,3.60,1.00
2008.10.01 23:45:59.660,0.9411,0.94155,1.00,1.00
2008.10.01 23:45:59.919,0.94105,0.9415,1.00,4.20
2008.10.01 23:46:00.175,0.9411,0.94155,1.00,1.00
2008.10.01 23:46:00.688,0.9412,0.94155,2.40,1.00
2008.10.01 23:46:01.391,0.9411,0.94155,1.00,1.00
2008.10.01 23:46:03.325,0.94105,0.9415,1.00,1.00
2008.10.01 23:46:04.032,0.9411,0.9415,1.00,1.00
2008.10.01 23:46:04.372,0.9411,0.94155,1.00,1.60
2008.10.01 23:46:05.257,0.9411,0.94155,1.00,2.80
2008.10.01 23:46:05.452,0.94095,0.9414,1.00,1.00
2008.10.01 23:46:05.644,0.9409,0.9413,1.00,1.00
2008.10.01 23:46:05.840,0.9408,0.94125,4.60,1.00
2008.10.01 23:46:06.031,0.9408,0.94125,1.00,1.00
2008.10.01 23:46:06.415,0.9408,0.94125,1.00,1.60
2008.10.01 23:46:09.007,0.94075,0.9412,1.00,1.00
2008.10.01 23:46:09.760,0.94075,0.9412,1.00,1.60
2008.10.01 23:46:10.937,0.9407,0.94115,4.60,1.00
2008.10.01 23:46:11.172,0.9408,0.9412,1.00,1.00
2008.10.01 23:46:11.328,0.94085,0.9412,1.00,1.00
2008.10.01 23:46:11.485,0.94085,0.94115,1.00,1.00
2008.10.01 23:46:11.639,0.9408,0.94115,1.00,1.00
2008.10.01 23:46:12.105,0.94095,0.94115,1.00,1.00
2008.10.01 23:46:12.260,0.94095,0.94125,1.00,1.00
2008.10.01 23:46:12.619,0.94095,0.94145,1.00,1.60
2008.10.01 23:46:13.655,0.94105,0.94145,1.00,1.00
2008.10.01 23:46:14.691,0.94085,0.9413,1.00,1.00
2008.10.01 23:46:14.927,0.94095,0.9414,1.00,1.00
2008.10.01 23:46:15.401,0.941,0.9412,1.00,1.00
2008.10.01 23:46:16.223,0.941,0.94155,1.00,2.80
2008.10.01 23:46:16.419,0.941,0.9415,1.00,1.20
2008.10.01 23:46:16.655,0.9408,0.9413,1.00,1.00
2008.10.01 23:46:16.891,0.94075,0.9413,1.00,1.00
2008.10.01 23:46:17.139,0.94075,0.94125,1.00,1.00
2008.10.01 23:46:18.300,0.9407,0.94115,4.60,1.60
2008.10.01 23:46:22.295,0.94075,0.94115,1.00,1.00
2008.10.01 23:46:23.063,0.9408,0.94115,1.00,1.00
2008.10.01 23:46:23.567,0.9407,0.94115,1.00,1.60
2008.10.01 23:46:24.191,0.94075,0.94115,1.00,1.00
2008.10.01 23:46:24.747,0.94075,0.9412,1.00,1.00
2008.10.01 23:46:26.043,0.9408,0.94125,1.00,1.00
2008.10.01 23:46:32.857,0.9409,0.9413,1.00,1.00
2008.10.01 23:46:33.096,0.94095,0.9413,1.00,1.00
2008.10.01 23:46:33.215,0.94095,0.9414,1.00,7.60
2008.10.01 23:46:33.335,0.941,0.9414,1.00,6.90
2008.10.01 23:46:34.031,0.94095,0.9414,1.00,6.00
2008.10.01 23:46:38.418,0.9409,0.9414,1.00,6.60
2008.10.01 23:46:38.779,0.94085,0.9414,1.00,6.60
2008.10.01 23:46:41.011,0.94085,0.9413,1.00,1.00
2008.10.01 23:46:45.416,0.94085,0.94135,1.00,1.00
2008.10.01 23:46:45.936,0.94085,0.9411,1.00,2.40
2008.10.01 23:46:46.310,0.94085,0.94145,1.00,1.00
2008.10.01 23:46:47.095,0.94095,0.9415,1.00,7.60
2008.10.01 23:46:47.350,0.94095,0.9414,1.00,6.60
2008.10.01 23:46:47.476,0.9409,0.94135,1.00,1.00
2008.10.01 23:46:48.327,0.94085,0.9413,1.00,1.00
2008.10.01 23:46:48.727,0.9408,0.94135,1.00,1.00
2008.10.01 23:46:49.275,0.9408,0.94135,1.00,1.60
2008.10.01 23:46:49.614,0.9408,0.9411,1.00,2.40
2008.10.01 23:46:49.947,0.9408,0.94145,1.00,1.60
2008.10.01 23:46:50.420,0.9408,0.94135,1.00,1.00
2008.10.01 23:46:53.547,0.94085,0.9413,1.00,1.60
2008.10.01 23:46:54.398,0.94085,0.9413,1.00,1.00
2008.10.01 23:46:55.668,0.94085,0.94135,1.00,1.60
2008.10.01 23:46:56.159,0.94085,0.94135,1.00,1.00
2008.10.01 23:46:56.659,0.94085,0.9411,1.00,2.40
2008.10.01 23:46:56.987,0.94085,0.94145,1.00,1.00
2008.10.01 23:46:58.470,0.94085,0.9413,1.00,1.00
2008.10.01 23:47:01.728,0.94085,0.94135,1.00,1.60
2008.10.01 23:47:02.499,0.94085,0.94135,1.00,1.00
2008.10.01 23:47:03.079,0.9409,0.9414,1.00,7.60
2008.10.01 23:47:03.439,0.9409,0.9414,1.00,6.60
2008.10.01 23:47:04.006,0.94085,0.9414,1.00,6.60
2008.10.01 23:47:11.557,0.94085,0.9413,1.00,1.00
2008.10.01 23:47:15.104,0.941,0.9414,1.00,6.90
2008.10.01 23:47:15.705,0.94105,0.9414,1.00,6.00
2008.10.01 23:47:19.563,0.941,0.9414,1.00,6.00
2008.10.01 23:47:19.823,0.9409,0.9414,1.00,6.60
2008.10.01 23:47:20.085,0.94085,0.9414,1.00,6.60
2008.10.01 23:47:20.577,0.9408,0.94125,1.00,1.00
2008.10.01 23:47:21.057,0.9408,0.9411,1.00,2.40
2008.10.01 23:47:21.297,0.9408,0.94135,1.00,1.00
2008.10.01 23:47:23.284,0.9409,0.94135,1.00,1.60
2008.10.01 23:47:23.798,0.9409,0.94135,1.00,1.00
2008.10.01 23:47:24.274,0.9409,0.9411,1.00,2.40
2008.10.01 23:47:24.668,0.9409,0.94145,1.00,1.00
2008.10.01 23:47:45.640,0.9408,0.94125,1.00,1.00
2008.10.01 23:47:46.284,0.9408,0.941,1.00,2.40
2008.10.01 23:47:46.426,0.9408,0.94135,1.00,1.00
2008.10.01 23:47:53.702,0.94085,0.9413,1.00,1.00
2008.10.01 23:48:04.994,0.94085,0.9413,1.00,1.20
2008.10.01 23:48:05.031,0.9407,0.9411,3.60,1.00
2008.10.01 23:48:07.595,0.94065,0.9411,1.00,4.20
2008.10.01 23:48:07.806,0.9406,0.94105,1.00,1.00
2008.10.01 23:48:17.099,0.9406,0.941,1.00,3.60
2008.10.01 23:48:17.330,0.9405,0.94095,1.00,1.00
2008.10.01 23:48:17.513,0.9405,0.9409,1.00,3.60
2008.10.01 23:48:17.618,0.9405,0.94095,1.00,1.00
2008.10.01 23:48:17.879,0.9406,0.94105,1.00,1.60
2008.10.01 23:48:36.635,0.94055,0.941,1.00,1.00
2008.10.01 23:48:36.790,0.94055,0.941,1.00,4.20
2008.10.01 23:48:37.470,0.94055,0.941,1.00,1.00
2008.10.01 23:48:37.890,0.94055,0.941,1.00,4.20
2008.10.01 23:48:39.015,0.9405,0.94095,1.00,1.00
2008.10.01 23:48:54.246,0.94055,0.941,1.00,4.20
2008.10.01 23:49:00.170,0.94055,0.941,1.00,1.00
2008.10.01 23:49:00.414,0.94055,0.941,1.00,4.20
2008.10.01 23:49:01.914,0.9405,0.94095,1.00,1.00
2008.10.01 23:49:01.998,0.94055,0.941,1.00,4.20
2008.10.01 23:49:03.301,0.9405,0.94095,1.00,1.00
2008.10.01 23:49:10.570,0.94045,0.94095,1.00,1.00
2008.10.01 23:49:11.189,0.94045,0.9408,1.00,2.40
2008.10.01 23:49:11.479,0.94045,0.94095,1.00,1.00
2008.10.01 23:49:15.768,0.94045,0.9409,1.00,1.00
2008.10.01 23:49:20.650,0.9404,0.94085,7.00,1.00
2008.10.01 23:49:21.341,0.94045,0.9409,1.00,1.00
2008.10.01 23:49:40.654,0.94045,0.9409,1.00,4.20
2008.10.01 23:49:40.872,0.9404,0.94085,7.00,1.00
2008.10.01 23:49:41.507,0.94045,0.9409,1.00,1.00
2008.10.01 23:49:42.818,0.94045,0.94095,1.00,1.00
2008.10.01 23:49:43.131,0.94055,0.941,1.00,5.20
2008.10.01 23:49:43.597,0.94055,0.941,1.00,4.20
2008.10.01 23:49:46.198,0.9405,0.94095,1.00,1.00
2008.10.01 23:49:46.334,0.94055,0.941,1.00,4.20
2008.10.01 23:49:49.314,0.9405,0.94095,1.00,1.00
2008.10.01 23:49:54.060,0.94045,0.9409,1.00,1.00
2008.10.01 23:49:54.345,0.94045,0.9409,1.00,4.20
2008.10.01 23:50:02.744,0.9405,0.9409,1.00,3.60
2008.10.01 23:50:02.878,0.9405,0.94095,1.00,1.60
2008.10.01 23:50:03.343,0.9405,0.94095,1.00,1.00
2008.10.01 23:50:04.166,0.94045,0.9409,1.00,1.00
2008.10.01 23:50:04.502,0.9405,0.94095,1.00,1.00
2008.10.01 23:50:13.818,0.94045,0.9409,1.00,1.00
2008.10.01 23:50:14.502,0.94045,0.9409,1.00,3.00
2008.10.01 23:50:15.142,0.94045,0.9409,1.00,1.00
2008.10.01 23:50:17.082,0.9405,0.94095,1.00,1.00
2008.10.01 23:50:33.538,0.94045,0.9409,1.00,1.00
2008.10.01 23:50:58.365,0.9405,0.94095,1.00,1.00
2008.10.01 23:51:17.224,0.94045,0.9409,1.00,1.00
2008.10.01 23:51:29.621,0.9405,0.94085,1.00,1.00
2008.10.01 23:51:32.374,0.94045,0.9408,1.00,1.00
2008.10.01 23:51:32.927,0.94045,0.9408,1.00,4.20
2008.10.01 23:51:50.402,0.94045,0.9408,1.00,1.00
2008.10.01 23:51:50.876,0.94045,0.9408,1.00,4.20
2008.10.01 23:51:51.115,0.94045,0.9407,1.00,3.60
2008.10.01 23:51:51.529,0.9404,0.9407,1.00,3.60
2008.10.01 23:51:51.734,0.9404,0.94075,1.00,1.00
2008.10.01 23:51:53.241,0.9403,0.9407,1.00,1.00
2008.10.01 23:51:58.727,0.94025,0.94065,1.00,1.00
2008.10.01 23:52:00.501,0.9403,0.9407,1.00,1.00
2008.10.01 23:52:07.069,0.94035,0.94075,1.00,1.00
2008.10.01 23:52:10.645,0.9403,0.9407,1.00,1.00
2008.10.01 23:52:12.269,0.94035,0.94075,1.00,1.00
2008.10.01 23:52:24.111,0.9404,0.9408,1.00,1.00
2008.10.01 23:52:24.159,0.9404,0.9408,4.60,1.00
2008.10.01 23:52:25.903,0.9405,0.94085,1.00,1.00
2008.10.01 23:52:33.197,0.94045,0.9408,1.00,1.00
2008.10.01 23:52:35.462,0.9404,0.94075,4.60,1.00
2008.10.01 23:52:35.666,0.9404,0.94075,1.00,1.00
2008.10.01 23:52:47.509,0.94035,0.9407,1.00,1.00
2008.10.01 23:52:49.785,0.9403,0.9407,1.00,1.00
2008.10.01 23:52:56.346,0.94035,0.9407,1.00,1.00
2008.10.01 23:53:19.545,0.9403,0.9407,1.00,1.00
2008.10.01 23:53:20.182,0.9402,0.94055,1.00,1.00
2008.10.01 23:53:20.866,0.94025,0.94065,1.00,1.00
2008.10.01 23:53:22.063,0.9402,0.94055,1.00,1.00
2008.10.01 23:53:22.525,0.94025,0.94065,1.00,1.00
2008.10.01 23:53:31.029,0.9402,0.9406,1.90,1.00
2008.10.01 23:53:32.456,0.9402,0.94055,1.00,1.00
2008.10.01 23:53:33.481,0.9402,0.9406,1.90,1.00
2008.10.01 23:53:34.369,0.94035,0.94075,1.00,1.00
2008.10.01 23:53:34.858,0.94025,0.9409,1.00,1.60
2008.10.01 23:53:35.197,0.9404,0.94095,1.00,1.60
2008.10.01 23:53:35.889,0.9405,0.94095,1.00,1.00
2008.10.01 23:53:37.133,0.9405,0.94095,1.00,1.80
2008.10.01 23:53:37.315,0.94035,0.9408,1.00,1.00
2008.10.01 23:53:37.956,0.9404,0.94085,1.00,1.00
2008.10.01 23:53:38.172,0.94045,0.94095,1.00,1.00
2008.10.01 23:53:38.753,0.9404,0.94075,1.00,1.00
2008.10.01 23:53:40.597,0.94035,0.9407,1.00,1.00
2008.10.01 23:53:52.534,0.9404,0.9407,3.60,1.00
2008.10.01 23:53:52.837,0.9405,0.9409,1.00,1.60
2008.10.01 23:53:53.062,0.9405,0.9409,1.00,1.00
2008.10.01 23:53:53.214,0.9405,0.9409,4.60,1.00
2008.10.01 23:53:53.290,0.9405,0.9409,1.00,1.00
2008.10.01 23:53:54.882,0.94045,0.94085,1.00,1.00
2008.10.01 23:53:57.126,0.94045,0.9408,1.00,1.00
2008.10.01 23:54:15.417,0.9404,0.94075,1.00,1.00
2008.10.01 23:54:16.381,0.94035,0.9407,1.00,1.00
2008.10.01 23:54:17.182,0.9404,0.94075,1.00,1.00
2008.10.01 23:54:18.660,0.9404,0.94075,3.40,1.00
2008.10.01 23:54:18.967,0.9404,0.94075,1.00,1.00
2008.10.01 23:54:19.585,0.9404,0.94075,3.40,1.00
2008.10.01 23:54:19.705,0.9404,0.94075,1.00,1.00
2008.10.01 23:54:23.473,0.9404,0.94075,4.60,1.00
2008.10.01 23:54:23.582,0.94045,0.9408,1.00,1.00
2008.10.01 23:54:24.010,0.9404,0.94075,1.00,1.00
2008.10.01 23:54:33.016,0.94035,0.9407,1.00,1.00
2008.10.01 23:54:37.106,0.94045,0.9408,1.00,1.00
2008.10.01 23:54:37.182,0.9404,0.94075,1.00,1.00
2008.10.01 23:54:39.476,0.94035,0.9407,1.00,1.00
2008.10.01 23:54:40.389,0.9403,0.9407,1.00,1.00
2008.10.01 23:54:40.729,0.94015,0.94055,1.00,1.00
2008.10.01 23:54:41.618,0.9403,0.9407,1.00,1.00
2008.10.01 23:54:42.093,0.9403,0.9407,1.00,1.60
2008.10.01 23:54:42.772,0.9403,0.9407,1.00,1.00
2008.10.01 23:54:44.757,0.94035,0.9407,1.00,1.00
2008.10.01 23:55:03.293,0.9404,0.94075,1.00,1.00
2008.10.01 23:55:07.064,0.94035,0.9407,1.00,1.00
2008.10.01 23:55:09.517,0.9403,0.9407,1.00,1.00
2008.10.01 23:55:11.831,0.94025,0.94065,1.00,1.00
2008.10.01 23:55:17.689,0.9403,0.9407,1.00,1.00
2008.10.01 23:55:18.156,0.94035,0.94075,1.00,1.00
2008.10.01 23:55:18.582,0.94035,0.94075,1.00,1.60
2008.10.01 23:55:19.124,0.9404,0.94075,2.40,1.60
2008.10.01 23:55:19.293,0.9404,0.94075,2.40,1.00
2008.10.01 23:55:19.386,0.94035,0.94075,1.00,1.00
2008.10.01 23:55:23.449,0.9403,0.9407,1.00,1.00
2008.10.01 23:55:23.728,0.9402,0.9406,1.00,1.00
2008.10.01 23:55:29.285,0.94025,0.94065,1.00,1.00
2008.10.01 23:55:32.090,0.9402,0.9406,1.00,1.00
2008.10.01 23:55:32.500,0.94015,0.94055,1.00,1.00
2008.10.01 23:55:35.294,0.94015,0.9405,1.00,1.00
2008.10.01 23:55:35.632,0.94015,0.9405,1.00,4.20
2008.10.01 23:55:35.972,0.9402,0.94055,1.00,1.00
2008.10.01 23:55:39.288,0.94015,0.9405,1.00,1.00
2008.10.01 23:55:41.001,0.9402,0.94055,1.00,1.00
2008.10.01 23:55:41.893,0.94015,0.9405,1.00,1.00
2008.10.01 23:55:42.726,0.94,0.9404,1.00,4.20
2008.10.01 23:55:42.865,0.94,0.9404,4.60,1.00
2008.10.01 23:55:43.004,0.94,0.9403,3.60,1.00
2008.10.01 23:55:43.144,0.94,0.94025,3.60,1.00
2008.10.01 23:55:43.285,0.93995,0.9404,1.00,4.20
2008.10.01 23:55:43.562,0.9399,0.9403,24.90,1.00
2008.10.01 23:55:44.240,0.9399,0.94035,25.90,1.60
2008.10.01 23:55:44.580,0.9399,0.94035,25.90,1.00
2008.10.01 23:55:47.213,0.9399,0.9402,24.90,1.00
2008.10.01 23:55:50.641,0.9399,0.94025,24.90,1.00
2008.10.01 23:55:51.285,0.9399,0.9402,24.90,1.00
2008.10.01 23:55:51.750,0.9399,0.9401,24.90,1.00
2008.10.01 23:55:53.869,0.9399,0.9402,24.90,1.00
2008.10.01 23:55:57.553,0.93995,0.9403,1.00,1.00
2008.10.01 23:55:57.962,0.93995,0.9404,1.00,1.00
2008.10.01 23:55:58.182,0.94005,0.94045,1.00,1.00
2008.10.01 23:55:59.665,0.9402,0.94045,2.40,1.00
2008.10.01 23:56:00.194,0.94005,0.94045,1.00,1.00
2008.10.01 23:56:00.872,0.9402,0.94045,2.40,1.00
2008.10.01 23:56:01.213,0.9401,0.9405,1.00,1.00
2008.10.01 23:56:01.841,0.94015,0.9405,1.00,1.00
2008.10.01 23:56:02.470,0.9403,0.9405,2.40,1.00
2008.10.01 23:56:02.784,0.94015,0.9405,1.00,1.00
2008.10.01 23:56:04.794,0.9401,0.9405,1.00,1.00
2008.10.01 23:56:06.759,0.9402,0.9405,2.40,1.00
2008.10.01 23:56:07.289,0.9401,0.9405,1.00,1.00
2008.10.01 23:56:07.852,0.9402,0.94055,1.00,1.00
2008.10.01 23:56:13.156,0.9401,0.9405,1.00,1.00
2008.10.01 23:56:13.680,0.94,0.9404,1.00,1.00
2008.10.01 23:56:36.222,0.94005,0.9405,1.00,1.00
2008.10.01 23:56:58.856,0.94005,0.9405,1.00,1.60
2008.10.01 23:57:03.333,0.9399,0.94045,1.00,1.00
2008.10.01 23:57:05.175,0.94005,0.9405,1.00,1.60
2008.10.01 23:57:14.898,0.94,0.94045,1.00,1.60
2008.10.01 23:57:16.460,0.94,0.94045,1.00,1.00
2008.10.01 23:57:18.848,0.94,0.94045,1.00,1.60
2008.10.01 23:57:23.914,0.93995,0.94035,1.00,1.00
2008.10.01 23:57:26.886,0.9399,0.94025,1.00,1.00
2008.10.01 23:57:29.222,0.93995,0.9403,1.00,1.00
2008.10.01 23:57:29.459,0.9399,0.94025,1.00,1.00
2008.10.01 23:57:32.634,0.93995,0.9403,1.00,1.00
2008.10.01 23:57:32.926,0.9399,0.94025,1.00,1.00
2008.10.01 23:57:34.928,0.93995,0.9403,1.00,1.00
2008.10.01 23:57:45.012,0.9399,0.94025,1.00,1.00
2008.10.01 23:57:45.865,0.93995,0.9403,1.00,1.00
2008.10.01 23:57:46.108,0.9399,0.94025,1.00,1.00
2008.10.01 23:57:47.761,0.93995,0.9403,1.00,1.00
2008.10.01 23:57:51.464,0.9399,0.9403,1.00,1.00
2008.10.01 23:57:51.692,0.9399,0.9403,1.00,1.60
2008.10.01 23:58:03.724,0.9399,0.9403,1.00,1.00
2008.10.01 23:58:06.796,0.94,0.94035,1.00,1.00
2008.10.01 23:58:09.998,0.93995,0.9403,1.00,1.00
2008.10.01 23:58:15.312,0.9399,0.94025,1.00,1.00
2008.10.01 23:58:16.296,0.93995,0.9403,1.00,1.00
2008.10.01 23:58:16.544,0.9399,0.94025,1.00,1.00
2008.10.01 23:58:21.084,0.9398,0.9402,1.00,1.00
2008.10.01 23:58:21.340,0.9397,0.9401,1.00,1.00
2008.10.01 23:58:21.596,0.93975,0.94015,1.00,1.00
2008.10.01 23:58:27.752,0.9398,0.9402,1.00,1.00
2008.10.01 23:58:27.989,0.93975,0.94015,1.00,1.00
2008.10.01 23:58:28.109,0.9398,0.9402,1.00,1.00
2008.10.01 23:58:31.600,0.93985,0.9402,1.00,1.00
2008.10.01 23:58:32.738,0.93985,0.94025,1.00,1.00
2008.10.01 23:58:36.076,0.93995,0.9403,1.00,1.60
2008.10.01 23:58:36.340,0.93985,0.94025,1.00,1.00
2008.10.01 23:58:54.777,0.9398,0.94025,1.00,1.00
2008.10.01 23:59:04.723,0.93985,0.9403,1.00,1.00
2008.10.01 23:59:08.468,0.9399,0.9403,1.00,1.00
2008.10.01 23:59:17.019,0.93995,0.94035,1.00,1.00
2008.10.01 23:59:18.715,0.94,0.94045,1.00,1.00
2008.10.01 23:59:19.214,0.9402,0.94045,3.60,1.00
2008.10.01 23:59:19.289,0.9402,0.9406,3.60,1.00
2008.10.01 23:59:19.373,0.94035,0.9406,1.00,1.00
2008.10.01 23:59:19.532,0.94035,0.94075,1.00,1.00
2008.10.01 23:59:19.793,0.94035,0.9407,1.00,1.20
2008.10.01 23:59:19.832,0.94,0.9406,6.00,1.00
2008.10.01 23:59:20.460,0.9401,0.9407,1.00,1.00
2008.10.01 23:59:21.308,0.9404,0.94075,2.40,1.00
2008.10.01 23:59:21.604,0.94025,0.94075,1.00,1.00
2008.10.01 23:59:21.902,0.9404,0.9409,1.00,1.00
2008.10.01 23:59:23.177,0.9404,0.9408,1.00,1.00
2008.10.01 23:59:23.469,0.9404,0.9408,1.00,1.80
2008.10.01 23:59:23.617,0.9404,0.9408,1.00,5.40
2008.10.01 23:59:23.801,0.94,0.94065,1.00,1.00
2008.10.01 23:59:25.028,0.94005,0.94055,1.00,1.00
2008.10.01 23:59:25.672,0.9402,0.9407,1.00,2.40
2008.10.01 23:59:25.836,0.9402,0.9407,1.00,1.80
2008.10.01 23:59:25.999,0.9402,0.9407,1.00,1.00
2008.10.01 23:59:27.789,0.9404,0.9408,1.00,1.00
2008.10.01 23:59:29.152,0.9403,0.9407,1.00,1.00
2008.10.01 23:59:29.484,0.9404,0.9407,3.60,1.00
2008.10.01 23:59:29.652,0.94055,0.94085,1.00,1.00
2008.10.01 23:59:29.820,0.94055,0.9409,1.00,2.50
2008.10.01 23:59:30.015,0.94055,0.9409,1.00,1.60
2008.10.01 23:59:30.404,0.9402,0.9408,4.60,1.00
2008.10.01 23:59:30.599,0.9402,0.9408,1.00,1.00
2008.10.01 23:59:30.796,0.9404,0.9408,2.40,1.00
2008.10.01 23:59:30.991,0.9404,0.9409,2.40,1.60
2008.10.01 23:59:31.212,0.94025,0.9409,1.00,1.00
2008.10.01 23:59:31.432,0.9404,0.94095,1.00,1.60
2008.10.01 23:59:31.652,0.9404,0.94095,1.00,1.00
2008.10.01 23:59:31.872,0.94055,0.941,1.00,2.10
2008.10.01 23:59:32.129,0.94055,0.941,1.00,1.20
2008.10.01 23:59:33.140,0.9407,0.941,1.00,1.20
2008.10.01 23:59:33.567,0.94065,0.941,1.00,1.20
2008.10.01 23:59:33.748,0.94065,0.94105,1.00,1.80
2008.10.01 23:59:33.885,0.94065,0.94105,1.00,1.00
2008.10.01 23:59:36.994,0.94065,0.94105,1.00,1.60
2008.10.01 23:59:37.133,0.94065,0.94105,1.00,1.00
2008.10.01 23:59:38.268,0.9406,0.941,1.00,1.00
2008.10.01 23:59:38.819,0.94065,0.94105,1.00,1.60
2008.10.01 23:59:39.829,0.9406,0.941,1.00,1.00
2008.10.01 23:59:41.676,0.94065,0.94105,1.00,1.60
2008.10.01 23:59:41.992,0.94065,0.94105,1.00,1.00
2008.10.01 23:59:45.423,0.9405,0.94095,1.00,1.00
2008.10.01 23:59:47.975,0.9405,0.94105,1.00,1.00
2008.10.01 23:59:48.318,0.94045,0.9409,1.00,1.00
2008.10.01 23:59:49.623,0.94055,0.941,1.00,1.00
2008.10.01 23:59:49.763,0.9405,0.94095,1.00,1.00
2008.10.01 23:59:52.039,0.94045,0.94085,1.00,1.00
2008.10.01 23:59:52.845,0.9405,0.94085,2.40,1.00
2008.10.01 23:59:53.062,0.94045,0.94085,1.00,1.00
2008.10.01 23:59:58.031,0.9403,0.94075,1.00,1.00
