2015.10.22 06:00:00.304,1.24745,1.24763,1.87,1.00
2015.10.22 06:00:00.407,1.24745,1.24767,1.87,2.25
2015.10.22 06:00:03.787,1.24753,1.24773,1.87,1.00
2015.10.22 06:00:04.247,1.24756,1.24775,1.87,1.12
2015.10.22 06:00:04.692,1.2476,1.24778,1.75,1.37
2015.10.22 06:00:09.631,1.24765,1.24781,1.00,1.00
2015.10.22 06:00:10.037,1.24762,1.24782,1.12,1.37
2015.10.22 06:00:10.293,1.24772,1.24785,1.00,1.00
2015.10.22 06:00:10.344,1.24772,1.24788,1.00,1.50
2015.10.22 06:00:10.548,1.2477,1.24788,1.75,1.12
2015.10.22 06:00:10.806,1.2477,1.2479,1.87,1.00
2015.10.22 06:00:11.316,1.24769,1.24789,1.75,1.00
2015.10.22 06:00:11.824,1.2477,1.2479,1.75,1.12
2015.10.22 06:00:12.127,1.2477,1.24789,1.75,1.37
2015.10.22 06:00:12.644,1.2477,1.24787,1.75,1.00
2015.10.22 06:00:13.187,1.2477,1.24788,1.75,2.62
2015.10.22 06:00:13.801,1.2477,1.24787,1.75,1.00
2015.10.22 06:00:14.437,1.24767,1.24784,1.75,1.00
2015.10.22 06:00:14.539,1.24764,1.24785,1.75,2.25
2015.10.22 06:00:16.734,1.24765,1.24785,1.75,1.00
2015.10.22 06:00:17.040,1.24774,1.24789,1.00,1.00
2015.10.22 06:00:17.527,1.24774,1.24797,1.75,3.00
2015.10.22 06:00:19.919,1.24777,1.24798,1.75,1.37
2015.10.22 06:00:19.970,1.24777,1.24796,1.75,1.00
2015.10.22 06:00:20.202,1.24777,1.24794,1.75,1.00
2015.10.22 06:00:20.253,1.24778,1.24798,1.75,2.62
2015.10.22 06:00:23.686,1.24783,1.24802,1.00,1.75
2015.10.22 06:00:23.738,1.24783,1.24802,1.37,1.37
2015.10.22 06:00:23.942,1.2479,1.24806,1.00,1.00
2015.10.22 06:00:24.241,1.24789,1.24806,1.75,1.00
2015.10.22 06:00:24.765,1.24796,1.24806,1.00,1.00
2015.10.22 06:00:25.132,1.24796,1.24812,1.00,1.00
2015.10.22 06:00:25.668,1.24796,1.24809,1.00,1.00
2015.10.22 06:00:26.507,1.24796,1.24808,1.00,1.00
2015.10.22 06:00:26.742,1.24785,1.24806,1.12,1.12
2015.10.22 06:00:26.844,1.24785,1.24803,1.12,1.00
2015.10.22 06:00:26.997,1.24784,1.24803,2.25,1.37
2015.10.22 06:00:28.238,1.24786,1.24806,1.75,1.50
2015.10.22 06:00:28.289,1.2479,1.24806,1.00,1.50
2015.10.22 06:00:31.067,1.2479,1.24804,1.00,1.00
2015.10.22 06:00:31.271,1.24779,1.24803,1.75,1.75
2015.10.22 06:00:32.968,1.24782,1.24804,1.75,2.25
2015.10.22 06:00:33.680,1.24788,1.24807,1.75,1.50
2015.10.22 06:00:34.254,1.24788,1.2481,1.75,2.25
2015.10.22 06:00:34.559,1.24788,1.2481,1.75,1.50
2015.10.22 06:00:37.990,1.24787,1.24806,1.12,1.00
2015.10.22 06:00:38.351,1.24787,1.24804,1.12,1.00
2015.10.22 06:00:38.403,1.24785,1.24804,1.75,1.00
2015.10.22 06:00:39.694,1.24785,1.24803,1.75,1.00
2015.10.22 06:00:40.312,1.24785,1.24804,1.75,1.50
2015.10.22 06:00:44.653,1.24785,1.24803,1.75,1.00
2015.10.22 06:00:44.704,1.24787,1.24803,1.00,1.50
2015.10.22 06:00:46.787,1.24787,1.24801,1.00,1.00
2015.10.22 06:00:47.137,1.24783,1.24801,1.50,1.37
2015.10.22 06:00:47.674,1.2478,1.24798,1.75,1.00
2015.10.22 06:00:47.776,1.24779,1.248,1.12,1.12
2015.10.22 06:00:47.929,1.24778,1.24799,2.25,1.50
2015.10.22 06:00:49.720,1.24779,1.24802,1.87,1.50
2015.10.22 06:00:50.702,1.24779,1.24801,2.62,1.75
2015.10.22 06:00:50.753,1.24782,1.24799,1.00,1.00
2015.10.22 06:00:50.905,1.24785,1.24801,1.00,1.50
2015.10.22 06:00:51.827,1.24778,1.24801,3.00,1.87
2015.10.22 06:00:52.132,1.24779,1.24795,1.00,1.50
2015.10.22 06:00:52.464,1.24779,1.24792,1.00,1.00
2015.10.22 06:00:58.139,1.24779,1.24793,1.00,1.00
2015.10.22 06:00:58.997,1.24773,1.24793,1.75,1.37
2015.10.22 06:00:59.049,1.24776,1.24792,1.00,1.00
2015.10.22 06:00:59.100,1.24776,1.2479,1.00,1.00
2015.10.22 06:00:59.619,1.24776,1.24791,1.00,1.00
2015.10.22 06:01:00.553,1.24776,1.2479,1.00,1.00
2015.10.22 06:01:01.079,1.24776,1.24791,1.00,1.00
2015.10.22 06:01:01.385,1.24773,1.24793,1.12,1.50
2015.10.22 06:01:01.932,1.24773,1.24794,2.62,1.12
2015.10.22 06:01:02.237,1.24773,1.24792,1.87,1.00
2015.10.22 06:01:05.139,1.24773,1.24793,1.87,1.50
2015.10.22 06:01:07.378,1.24773,1.24793,1.75,1.87
2015.10.22 06:01:07.429,1.24773,1.24793,1.75,2.25
2015.10.22 06:01:08.993,1.24769,1.24789,1.12,1.37
2015.10.22 06:01:09.044,1.24767,1.24789,3.37,1.37
2015.10.22 06:01:09.578,1.24767,1.24787,1.87,1.50
2015.10.22 06:01:10.105,1.24767,1.24786,1.87,1.00
2015.10.22 06:01:11.872,1.24767,1.24787,1.87,1.12
2015.10.22 06:01:12.332,1.24767,1.24784,1.75,1.50
2015.10.22 06:01:12.537,1.24762,1.24783,1.75,2.25
2015.10.22 06:01:13.794,1.24763,1.24784,2.62,1.87
2015.10.22 06:01:17.603,1.24763,1.24783,1.12,1.00
2015.10.22 06:01:18.085,1.24766,1.24784,1.12,1.00
2015.10.22 06:01:18.289,1.24766,1.24786,1.87,1.00
2015.10.22 06:01:18.819,1.24767,1.24789,2.25,1.75
2015.10.22 06:01:20.843,1.2477,1.2479,1.75,1.87
2015.10.22 06:01:20.894,1.24776,1.2479,1.00,1.00
2015.10.22 06:01:26.491,1.24773,1.24787,1.00,1.50
2015.10.22 06:01:26.798,1.24759,1.2478,1.87,1.87
2015.10.22 06:01:27.165,1.24759,1.24779,1.87,1.37
2015.10.22 06:01:27.217,1.24759,1.24779,1.75,1.75
2015.10.22 06:01:29.087,1.24759,1.2478,1.75,1.87
2015.10.22 06:01:29.139,1.24759,1.2478,1.75,1.37
2015.10.22 06:01:29.495,1.24755,1.24779,2.25,1.75
2015.10.22 06:01:29.801,1.24759,1.24779,1.12,1.00
2015.10.22 06:01:30.346,1.24761,1.2478,1.75,1.12
2015.10.22 06:01:30.651,1.24758,1.24778,2.62,1.00
2015.10.22 06:01:30.956,1.24759,1.24776,1.75,1.00
2015.10.22 06:01:31.008,1.24759,1.24779,1.75,2.62
2015.10.22 06:01:31.246,1.24768,1.2478,1.00,1.00
2015.10.22 06:01:31.348,1.24765,1.2478,1.00,1.00
2015.10.22 06:01:31.603,1.24769,1.24786,1.00,1.50
2015.10.22 06:01:31.655,1.24769,1.24783,1.00,1.00
2015.10.22 06:01:31.961,1.24755,1.24778,1.87,1.75
2015.10.22 06:01:33.291,1.24755,1.24775,1.12,1.00
2015.10.22 06:01:33.961,1.24755,1.24776,1.87,1.12
2015.10.22 06:01:34.468,1.24755,1.24775,1.12,1.00
2015.10.22 06:01:35.030,1.24755,1.24778,1.12,2.25
2015.10.22 06:01:37.468,1.24755,1.24775,1.12,1.00
2015.10.22 06:01:39.791,1.24755,1.24777,1.12,1.50
2015.10.22 06:01:42.613,1.24755,1.24777,1.12,2.25
2015.10.22 06:01:42.664,1.24758,1.24774,1.00,1.00
2015.10.22 06:01:43.572,1.24753,1.24776,2.25,3.00
2015.10.22 06:01:43.624,1.24753,1.24774,1.75,3.75
2015.10.22 06:01:44.540,1.2475,1.24772,1.37,1.37
2015.10.22 06:01:44.591,1.2475,1.24772,1.00,1.00
2015.10.22 06:01:45.228,1.2475,1.24771,1.00,1.00
2015.10.22 06:01:45.769,1.2475,1.24772,1.00,1.00
2015.10.22 06:01:47.073,1.2475,1.24771,1.00,1.00
2015.10.22 06:01:48.883,1.2475,1.2477,1.00,1.00
2015.10.22 06:01:49.390,1.24749,1.24769,1.00,1.00
2015.10.22 06:01:49.492,1.24749,1.24766,1.00,1.00
2015.10.22 06:01:49.594,1.24745,1.24766,1.00,1.50
2015.10.22 06:01:49.826,1.24743,1.24766,1.00,1.50
2015.10.22 06:01:50.236,1.24743,1.24764,1.00,1.00
2015.10.22 06:01:50.744,1.24743,1.24765,1.00,1.00
2015.10.22 06:01:51.304,1.24743,1.24764,1.00,1.00
2015.10.22 06:01:51.559,1.24741,1.24763,1.00,1.00
2015.10.22 06:01:51.610,1.24739,1.24763,1.87,1.00
2015.10.22 06:01:51.662,1.24739,1.24761,1.00,1.00
2015.10.22 06:01:52.164,1.24738,1.2476,1.12,1.00
2015.10.22 06:01:52.674,1.24739,1.2476,1.00,1.00
2015.10.22 06:01:53.800,1.2474,1.2476,1.00,1.00
2015.10.22 06:01:54.586,1.24739,1.2476,1.00,1.00
2015.10.22 06:01:56.258,1.24738,1.2476,1.00,1.00
2015.10.22 06:01:56.563,1.24738,1.24758,1.50,1.00
2015.10.22 06:01:56.666,1.24738,1.2476,1.00,1.50
2015.10.22 06:01:57.110,1.24736,1.24755,1.87,1.00
2015.10.22 06:01:57.624,1.24736,1.24756,1.00,1.00
2015.10.22 06:02:00.164,1.24736,1.24754,1.50,1.00
2015.10.22 06:02:00.675,1.24735,1.24755,1.50,1.00
2015.10.22 06:02:01.176,1.24736,1.24757,1.12,1.00
2015.10.22 06:02:01.683,1.24737,1.24757,1.00,1.00
2015.10.22 06:02:04.115,1.24737,1.24756,1.00,1.00
2015.10.22 06:02:04.779,1.24737,1.24757,1.00,1.00
2015.10.22 06:02:06.334,1.24737,1.24758,1.00,1.00
2015.10.22 06:02:06.880,1.24738,1.24759,1.00,1.00
2015.10.22 06:02:07.336,1.24742,1.24759,1.00,1.00
2015.10.22 06:02:07.646,1.24744,1.24761,1.00,1.00
2015.10.22 06:02:08.168,1.24745,1.24761,1.00,1.00
2015.10.22 06:02:08.682,1.24744,1.24761,1.00,1.00
2015.10.22 06:02:10.041,1.24746,1.24761,1.00,1.00
2015.10.22 06:02:11.096,1.24749,1.24761,1.00,1.00
2015.10.22 06:02:11.147,1.24749,1.24765,1.00,1.00
2015.10.22 06:02:11.391,1.24752,1.24766,1.00,1.00
2015.10.22 06:02:14.628,1.24752,1.24769,1.00,1.00
2015.10.22 06:02:15.699,1.24753,1.24769,1.00,1.00
2015.10.22 06:02:15.902,1.24751,1.24769,1.00,1.00
2015.10.22 06:02:16.380,1.24749,1.24769,1.12,1.00
2015.10.22 06:02:16.788,1.24746,1.24768,1.00,1.50
2015.10.22 06:02:17.755,1.24744,1.24768,2.25,1.50
2015.10.22 06:02:18.716,1.24744,1.24767,2.25,1.00
2015.10.22 06:02:22.638,1.24747,1.24767,1.00,1.00
2015.10.22 06:02:23.165,1.24746,1.24767,1.00,1.00
2015.10.22 06:02:24.433,1.24746,1.24768,1.00,1.50
2015.10.22 06:02:25.156,1.24745,1.24768,1.12,1.50
2015.10.22 06:02:25.943,1.24746,1.24768,1.00,1.50
2015.10.22 06:02:27.697,1.24747,1.24768,1.00,1.00
2015.10.22 06:02:29.775,1.24749,1.24768,1.00,1.00
2015.10.22 06:02:30.080,1.24751,1.24769,1.00,1.00
2015.10.22 06:02:33.531,1.24749,1.24769,1.00,1.00
2015.10.22 06:02:37.573,1.24749,1.24771,1.00,1.00
2015.10.22 06:02:38.094,1.24748,1.24772,1.00,1.50
2015.10.22 06:02:39.789,1.24746,1.24769,1.50,1.00
2015.10.22 06:02:39.941,1.24744,1.24768,1.50,1.00
2015.10.22 06:02:40.203,1.24744,1.24766,1.00,1.12
2015.10.22 06:02:40.356,1.24737,1.24761,1.00,2.62
2015.10.22 06:02:40.407,1.24736,1.24759,1.00,1.00
2015.10.22 06:02:40.712,1.24735,1.24756,1.00,1.00
2015.10.22 06:02:41.707,1.24735,1.24758,1.12,1.00
2015.10.22 06:02:41.809,1.24735,1.2476,1.12,1.87
2015.10.22 06:02:42.114,1.24737,1.2476,1.00,1.00
2015.10.22 06:02:42.896,1.24738,1.2476,1.50,1.00
2015.10.22 06:02:43.048,1.24738,1.24762,1.50,1.00
2015.10.22 06:02:43.251,1.24738,1.24762,1.50,1.00
2015.10.22 06:02:43.760,1.24739,1.24763,1.75,1.00
2015.10.22 06:02:44.499,1.2474,1.24764,1.12,1.50
2015.10.22 06:02:44.651,1.24742,1.24764,1.00,1.00
2015.10.22 06:02:44.957,1.24744,1.24765,1.00,1.00
2015.10.22 06:02:45.363,1.24744,1.24768,1.00,1.00
2015.10.22 06:02:45.732,1.24749,1.24771,1.50,1.00
2015.10.22 06:02:46.039,1.24745,1.24768,1.50,1.00
2015.10.22 06:02:46.496,1.24742,1.24766,1.50,1.00
2015.10.22 06:02:46.598,1.24745,1.24762,1.00,1.00
2015.10.22 06:02:48.965,1.2474,1.24762,1.75,1.50
2015.10.22 06:02:49.016,1.24742,1.24758,1.00,1.00
2015.10.22 06:02:49.371,1.24736,1.24758,2.25,1.50
2015.10.22 06:02:49.425,1.24736,1.24758,2.25,1.75
2015.10.22 06:02:53.202,1.24737,1.24758,1.75,1.50
2015.10.22 06:02:53.254,1.24737,1.24758,1.75,1.12
2015.10.22 06:02:53.609,1.24736,1.24758,1.75,1.75
2015.10.22 06:03:16.720,1.24738,1.24758,1.00,1.75
2015.10.22 06:03:20.534,1.24733,1.24753,2.25,1.50
2015.10.22 06:03:21.643,1.24732,1.24753,2.25,1.37
2015.10.22 06:03:22.152,1.24732,1.24753,2.25,1.75
2015.10.22 06:03:40.780,1.24733,1.24755,2.25,1.75
2015.10.22 06:03:58.776,1.24736,1.24757,1.50,3.00
2015.10.22 06:03:58.827,1.24736,1.24757,1.75,2.25
2015.10.22 06:03:59.214,1.24737,1.24757,1.50,1.50
2015.10.22 06:03:59.265,1.24741,1.24757,1.00,1.50
2015.10.22 06:04:00.448,1.24737,1.24758,1.50,1.75
2015.10.22 06:04:00.755,1.24735,1.24758,1.75,1.75
2015.10.22 06:04:17.547,1.24733,1.24754,1.75,1.75
2015.10.22 06:04:18.792,1.2473,1.24751,1.75,1.37
2015.10.22 06:04:18.843,1.2473,1.24751,1.75,1.75
2015.10.22 06:04:28.579,1.24732,1.24753,1.87,1.75
2015.10.22 06:04:28.630,1.24732,1.24753,2.25,1.75
2015.10.22 06:04:30.834,1.24735,1.24757,1.50,1.75
2015.10.22 06:04:30.885,1.24736,1.24757,1.75,1.75
2015.10.22 06:04:31.038,1.24738,1.24757,1.75,1.37
2015.10.22 06:04:31.259,1.24739,1.24758,1.75,1.12
2015.10.22 06:04:31.412,1.24741,1.24762,1.75,1.75
2015.10.22 06:04:31.463,1.24741,1.24762,1.75,1.75
2015.10.22 06:04:32.365,1.24739,1.24762,1.00,2.25
2015.10.22 06:04:32.468,1.24739,1.24762,1.00,1.00
2015.10.22 06:04:32.762,1.2474,1.24759,1.00,1.00
2015.10.22 06:04:32.864,1.2474,1.24762,1.00,1.00
2015.10.22 06:04:32.915,1.24742,1.24762,1.00,1.00
2015.10.22 06:04:33.220,1.2474,1.24762,1.00,1.00
2015.10.22 06:04:34.253,1.24741,1.24762,1.00,1.00
2015.10.22 06:04:34.766,1.24742,1.24762,1.00,1.00
2015.10.22 06:04:36.376,1.24741,1.24762,1.50,1.00
2015.10.22 06:04:37.043,1.2474,1.24762,1.00,1.00
2015.10.22 06:04:37.645,1.24739,1.24762,1.50,1.00
2015.10.22 06:04:39.013,1.24741,1.24762,1.00,1.50
2015.10.22 06:04:39.369,1.24743,1.24765,1.00,1.00
2015.10.22 06:04:39.420,1.24745,1.24765,1.00,1.00
2015.10.22 06:04:39.840,1.24742,1.24765,1.00,1.00
2015.10.22 06:04:40.153,1.24739,1.24762,1.50,1.00
2015.10.22 06:04:40.458,1.24738,1.2476,1.50,1.00
2015.10.22 06:04:40.958,1.2474,1.2476,1.00,1.00
2015.10.22 06:04:41.111,1.24739,1.24762,1.00,1.00
2015.10.22 06:04:41.622,1.2474,1.24764,1.00,2.25
2015.10.22 06:04:43.913,1.2474,1.24764,1.00,1.87
2015.10.22 06:04:44.924,1.2474,1.24762,1.00,1.00
2015.10.22 06:04:45.180,1.24738,1.24762,2.25,1.00
2015.10.22 06:04:45.906,1.24738,1.2476,1.50,1.00
2015.10.22 06:04:47.756,1.24738,1.24758,1.00,1.00
2015.10.22 06:04:48.264,1.24738,1.24759,1.00,1.00
2015.10.22 06:04:49.297,1.24738,1.24758,1.00,1.00
2015.10.22 06:04:49.987,1.24738,1.2476,1.00,1.50
2015.10.22 06:04:50.579,1.24739,1.2476,1.00,1.00
2015.10.22 06:04:51.088,1.24738,1.2476,1.50,1.00
2015.10.22 06:04:52.939,1.24738,1.24761,2.25,1.00
2015.10.22 06:04:53.932,1.24738,1.24762,1.50,1.00
2015.10.22 06:04:57.466,1.24738,1.2476,1.50,1.00
2015.10.22 06:04:58.618,1.24739,1.2476,1.00,1.00
2015.10.22 06:04:59.158,1.24738,1.2476,1.00,1.00
2015.10.22 06:05:02.119,1.24735,1.2476,1.00,1.50
2015.10.22 06:05:02.272,1.24735,1.24757,1.00,1.00
2015.10.22 06:05:02.580,1.24735,1.24754,1.00,1.00
2015.10.22 06:05:02.732,1.24735,1.24756,1.00,1.50
2015.10.22 06:05:04.145,1.24735,1.24754,1.00,1.00
2015.10.22 06:05:04.604,1.24735,1.24756,1.00,1.50
2015.10.22 06:05:05.835,1.24735,1.24757,1.00,1.50
2015.10.22 06:05:06.209,1.24735,1.24755,1.00,1.00
2015.10.22 06:05:07.227,1.24735,1.24756,1.00,1.50
2015.10.22 06:05:09.349,1.24735,1.24755,1.00,1.00
2015.10.22 06:05:14.088,1.24735,1.24756,1.00,1.00
2015.10.22 06:05:14.292,1.24735,1.24759,2.25,1.12
2015.10.22 06:05:17.450,1.24735,1.24757,1.00,1.00
2015.10.22 06:05:18.123,1.24736,1.24757,1.00,1.00
2015.10.22 06:05:20.765,1.24735,1.24757,1.50,1.00
2015.10.22 06:05:21.730,1.24737,1.24757,1.00,1.00
2015.10.22 06:05:21.962,1.24735,1.24756,2.25,1.00
2015.10.22 06:05:22.825,1.24736,1.24756,1.00,1.00
2015.10.22 06:05:23.409,1.24735,1.24756,1.50,1.00
2015.10.22 06:05:25.389,1.24735,1.24757,1.00,1.00
2015.10.22 06:05:25.898,1.24735,1.24758,1.00,1.50
2015.10.22 06:05:26.592,1.24735,1.24757,1.50,1.00
2015.10.22 06:05:26.694,1.24737,1.24757,1.00,1.00
2015.10.22 06:05:27.202,1.24737,1.24758,1.00,1.00
2015.10.22 06:05:28.394,1.24737,1.24757,1.00,1.00
2015.10.22 06:05:28.445,1.24735,1.24757,1.50,1.00
2015.10.22 06:05:31.632,1.24735,1.24755,1.00,1.00
2015.10.22 06:05:42.188,1.24735,1.24756,1.00,1.50
2015.10.22 06:05:42.833,1.24735,1.24757,1.00,1.12
2015.10.22 06:05:43.598,1.24734,1.24758,1.00,1.50
2015.10.22 06:05:44.039,1.24731,1.24753,1.00,1.00
2015.10.22 06:05:44.351,1.24731,1.2475,1.50,1.00
2015.10.22 06:05:46.530,1.24731,1.24749,1.50,1.00
2015.10.22 06:05:46.839,1.24731,1.24751,1.00,1.00
2015.10.22 06:05:47.377,1.24732,1.24752,1.00,1.00
2015.10.22 06:05:49.909,1.24731,1.24752,1.50,1.00
2015.10.22 06:05:50.826,1.24731,1.24751,1.50,1.00
2015.10.22 06:05:52.129,1.24732,1.24754,1.00,1.00
2015.10.22 06:05:52.231,1.24734,1.24757,1.00,1.12
2015.10.22 06:05:52.554,1.24737,1.24757,1.00,1.12
2015.10.22 06:05:52.762,1.24735,1.24757,1.00,1.12
2015.10.22 06:05:53.766,1.24733,1.24754,1.00,1.00
2015.10.22 06:05:54.938,1.2473,1.2475,1.00,1.00
2015.10.22 06:05:55.450,1.24729,1.2475,1.00,1.00
2015.10.22 06:05:55.501,1.24727,1.2475,1.50,1.00
2015.10.22 06:05:55.552,1.24727,1.24748,1.00,1.00
2015.10.22 06:05:55.959,1.2473,1.2475,1.00,1.00
2015.10.22 06:05:56.286,1.24732,1.24751,1.00,1.00
2015.10.22 06:05:56.591,1.24734,1.2475,1.00,1.00
2015.10.22 06:05:56.643,1.24731,1.2475,1.00,1.50
2015.10.22 06:05:57.166,1.24732,1.2475,1.00,1.50
2015.10.22 06:05:57.521,1.24734,1.2475,1.00,1.00
2015.10.22 06:05:57.572,1.24734,1.24752,1.00,1.00
2015.10.22 06:05:57.624,1.24734,1.24754,1.00,1.00
2015.10.22 06:05:57.726,1.24739,1.24755,1.00,1.00
2015.10.22 06:05:57.777,1.24739,1.24758,1.00,1.00
2015.10.22 06:05:59.489,1.24738,1.24754,1.00,1.00
2015.10.22 06:05:59.985,1.24735,1.24754,1.00,1.00
2015.10.22 06:06:00.350,1.24737,1.24754,1.00,1.00
2015.10.22 06:06:00.654,1.24739,1.24754,1.00,1.00
2015.10.22 06:06:00.706,1.24736,1.24754,1.00,1.00
2015.10.22 06:06:05.301,1.24734,1.24754,1.00,1.00
2015.10.22 06:06:06.295,1.24735,1.24754,1.00,1.00
2015.10.22 06:06:07.651,1.24735,1.24754,1.37,1.12
2015.10.22 06:06:08.698,1.2474,1.24758,1.00,1.75
2015.10.22 06:06:09.702,1.24739,1.24758,1.12,1.75
2015.10.22 06:06:10.008,1.2474,1.24759,1.75,2.25
2015.10.22 06:06:12.800,1.24737,1.24757,1.50,1.75
2015.10.22 06:06:15.341,1.24739,1.24757,1.00,1.75
2015.10.22 06:06:15.747,1.24738,1.24757,1.75,1.50
2015.10.22 06:06:20.418,1.24742,1.24758,1.00,1.00
2015.10.22 06:06:20.930,1.2474,1.24759,1.37,1.75
2015.10.22 06:06:27.080,1.24741,1.24759,1.37,2.25
2015.10.22 06:06:27.131,1.24743,1.24759,1.00,2.25
2015.10.22 06:06:29.004,1.24743,1.24757,1.00,1.00
2015.10.22 06:06:35.754,1.24738,1.24757,1.50,1.75
2015.10.22 06:06:39.084,1.24741,1.24759,1.00,2.25
2015.10.22 06:06:41.584,1.24739,1.24758,1.37,1.75
2015.10.22 06:06:44.745,1.24735,1.24755,1.75,1.37
2015.10.22 06:06:44.796,1.24735,1.24753,1.50,1.12
2015.10.22 06:06:44.988,1.24738,1.24753,1.00,1.12
2015.10.22 06:06:45.294,1.24736,1.2475,1.00,1.50
2015.10.22 06:06:45.802,1.24737,1.2475,1.00,1.50
2015.10.22 06:06:46.437,1.24738,1.2475,1.00,1.00
2015.10.22 06:06:46.693,1.24741,1.24754,1.00,1.00
2015.10.22 06:06:47.208,1.2474,1.24754,1.00,1.00
2015.10.22 06:06:47.741,1.24741,1.24757,1.00,1.50
2015.10.22 06:06:49.463,1.24739,1.24757,1.37,1.50
2015.10.22 06:06:49.775,1.24741,1.24758,1.50,1.12
2015.10.22 06:06:51.704,1.24738,1.24756,1.75,1.00
2015.10.22 06:06:53.261,1.24738,1.24759,1.75,2.25
2015.10.22 06:06:53.364,1.24738,1.24756,1.75,1.37
2015.10.22 06:06:53.872,1.2474,1.24759,1.12,1.75
2015.10.22 06:06:54.180,1.24742,1.24759,1.00,1.75
2015.10.22 06:06:55.673,1.24741,1.24759,1.00,1.75
2015.10.22 06:06:56.543,1.2474,1.24759,1.12,1.75
2015.10.22 06:06:57.852,1.24734,1.24752,1.75,1.37
2015.10.22 06:06:57.904,1.24734,1.24752,1.37,1.75
2015.10.22 06:07:05.476,1.24731,1.24749,1.50,1.37
2015.10.22 06:07:05.527,1.24731,1.24748,1.50,1.00
2015.10.22 06:07:06.272,1.24732,1.24748,1.00,1.00
2015.10.22 06:07:07.258,1.24731,1.24748,1.50,1.00
2015.10.22 06:07:07.309,1.24731,1.24749,1.00,1.75
2015.10.22 06:07:07.830,1.24728,1.24747,2.25,1.75
2015.10.22 06:07:10.538,1.24725,1.24743,2.25,1.00
2015.10.22 06:07:10.640,1.24725,1.24741,1.50,1.00
2015.10.22 06:07:11.851,1.24726,1.24741,1.00,1.00
2015.10.22 06:07:14.095,1.24726,1.24747,1.37,2.25
2015.10.22 06:07:14.317,1.24726,1.24747,1.75,2.25
2015.10.22 06:07:23.273,1.2473,1.24745,1.00,1.50
2015.10.22 06:07:23.426,1.24732,1.24745,1.00,1.50
2015.10.22 06:07:25.715,1.24735,1.24747,1.00,1.75
2015.10.22 06:07:25.817,1.24735,1.24748,1.00,1.12
2015.10.22 06:07:27.021,1.24741,1.24752,1.00,1.75
2015.10.22 06:07:27.225,1.24745,1.24755,1.00,1.00
2015.10.22 06:07:27.276,1.2475,1.24758,1.00,1.75
2015.10.22 06:07:27.617,1.24752,1.24762,1.00,1.00
2015.10.22 06:07:27.720,1.24754,1.24762,1.00,1.00
2015.10.22 06:07:27.822,1.24754,1.24764,1.00,1.00
2015.10.22 06:07:27.924,1.24754,1.24767,1.00,1.50
2015.10.22 06:07:28.128,1.24757,1.24767,1.00,1.50
2015.10.22 06:07:28.435,1.24763,1.24773,1.00,1.75
2015.10.22 06:07:28.793,1.24765,1.24776,1.00,2.25
2015.10.22 06:07:31.334,1.24764,1.24776,1.00,2.25
2015.10.22 06:07:31.845,1.24765,1.24773,1.00,1.00
2015.10.22 06:07:31.896,1.24758,1.24773,1.75,1.00
2015.10.22 06:07:32.654,1.24757,1.24773,1.37,1.37
2015.10.22 06:07:32.705,1.24757,1.24773,1.12,1.75
2015.10.22 06:07:34.803,1.24759,1.24775,1.00,1.37
2015.10.22 06:07:34.856,1.24759,1.24775,1.12,1.12
2015.10.22 06:07:34.958,1.24763,1.24775,1.00,1.12
2015.10.22 06:07:35.264,1.24766,1.24775,1.00,1.12
2015.10.22 06:07:38.975,1.24764,1.24775,1.00,1.12
2015.10.22 06:07:39.128,1.24764,1.24773,1.00,1.00
2015.10.22 06:07:39.179,1.24759,1.24773,1.12,1.00
2015.10.22 06:07:39.231,1.24761,1.24773,1.00,1.00
2015.10.22 06:07:39.384,1.24761,1.24776,1.37,1.37
2015.10.22 06:07:39.941,1.24762,1.24776,1.00,1.00
2015.10.22 06:07:42.162,1.24765,1.24776,1.00,1.00
2015.10.22 06:07:42.525,1.24762,1.24776,1.00,1.00
2015.10.22 06:07:43.749,1.24763,1.24776,1.00,1.00
2015.10.22 06:07:46.195,1.24763,1.24777,1.00,1.00
2015.10.22 06:07:47.479,1.24761,1.24777,1.00,1.00
2015.10.22 06:07:47.813,1.24762,1.24774,1.00,1.00
2015.10.22 06:07:48.983,1.24763,1.24774,1.00,1.00
2015.10.22 06:07:49.990,1.2476,1.24774,1.00,1.00
2015.10.22 06:07:50.197,1.24752,1.24773,1.05,1.00
2015.10.22 06:07:50.527,1.24751,1.24772,1.67,1.00
2015.10.22 06:07:50.814,1.24751,1.24773,1.67,1.00
2015.10.22 06:07:51.119,1.24752,1.24773,1.80,1.00
2015.10.22 06:07:51.692,1.24763,1.24773,1.00,1.00
2015.10.22 06:07:52.421,1.24764,1.24773,1.00,1.00
2015.10.22 06:07:52.524,1.24765,1.24778,1.00,1.00
2015.10.22 06:07:52.727,1.24769,1.24779,1.00,1.00
2015.10.22 06:07:53.189,1.24771,1.24782,1.00,1.37
2015.10.22 06:07:53.506,1.24769,1.24778,1.00,1.00
2015.10.22 06:07:53.608,1.24765,1.24778,1.00,1.00
2015.10.22 06:07:54.086,1.24763,1.24778,1.00,1.00
2015.10.22 06:07:54.188,1.24763,1.24776,1.00,1.00
2015.10.22 06:07:54.700,1.24754,1.24775,1.60,1.00
2015.10.22 06:07:55.246,1.24754,1.24775,1.60,1.00
2015.10.22 06:07:55.764,1.24762,1.24775,1.00,1.00
2015.10.22 06:07:56.500,1.24762,1.24773,1.00,1.00
2015.10.22 06:07:56.704,1.24757,1.24773,1.00,1.00
2015.10.22 06:07:57.255,1.24756,1.24773,1.00,1.00
2015.10.22 06:07:58.710,1.24758,1.24773,1.00,1.00
2015.10.22 06:07:58.914,1.24758,1.24775,1.00,1.00
2015.10.22 06:07:59.016,1.24756,1.24775,1.00,1.00
2015.10.22 06:07:59.311,1.24758,1.24775,1.00,1.12
2015.10.22 06:07:59.635,1.24763,1.24779,1.00,1.50
2015.10.22 06:08:00.169,1.24764,1.24779,1.00,1.87
2015.10.22 06:08:00.868,1.24767,1.24779,1.00,1.87
2015.10.22 06:08:01.376,1.24768,1.24779,1.00,1.00
2015.10.22 06:08:02.191,1.24767,1.24779,1.00,1.00
2015.10.22 06:08:02.446,1.24764,1.24779,1.00,1.12
2015.10.22 06:08:02.959,1.24765,1.24778,1.00,1.00
2015.10.22 06:08:04.721,1.24764,1.24778,1.00,1.00
2015.10.22 06:08:05.624,1.24764,1.24777,1.00,1.00
2015.10.22 06:08:06.125,1.24763,1.24778,1.00,1.00
2015.10.22 06:08:06.640,1.24762,1.24778,1.00,1.00
2015.10.22 06:08:07.149,1.24763,1.24778,1.00,1.00
2015.10.22 06:08:07.711,1.24763,1.24777,1.00,1.00
2015.10.22 06:08:08.480,1.24759,1.24777,1.00,1.00
2015.10.22 06:08:09.020,1.24757,1.24773,1.00,1.00
2015.10.22 06:08:09.330,1.24759,1.24771,1.00,1.00
2015.10.22 06:08:09.846,1.24758,1.2477,1.00,1.00
2015.10.22 06:08:10.126,1.24756,1.24772,1.00,1.00
2015.10.22 06:08:10.684,1.24758,1.24772,1.00,1.00
2015.10.22 06:08:12.219,1.24759,1.24772,1.00,1.00
2015.10.22 06:08:12.723,1.2476,1.24772,1.00,1.00
2015.10.22 06:08:12.775,1.24755,1.24769,1.00,1.00
2015.10.22 06:08:12.979,1.24752,1.24769,1.00,1.00
2015.10.22 06:08:13.349,1.24751,1.24767,1.00,1.00
2015.10.22 06:08:13.450,1.24748,1.24767,1.50,1.00
2015.10.22 06:08:13.553,1.24748,1.24764,1.00,1.00
2015.10.22 06:08:13.923,1.24752,1.24764,1.00,1.00
2015.10.22 06:08:14.428,1.24752,1.24765,1.00,1.00
2015.10.22 06:08:16.448,1.24752,1.24766,1.00,1.00
2015.10.22 06:08:17.300,1.2475,1.24766,1.00,1.00
2015.10.22 06:08:18.098,1.2475,1.24767,1.00,1.00
2015.10.22 06:08:18.331,1.24752,1.24767,1.00,1.00
2015.10.22 06:08:19.264,1.24752,1.24768,1.00,1.50
2015.10.22 06:08:19.905,1.24753,1.24768,1.00,1.00
2015.10.22 06:08:20.468,1.24752,1.24768,1.00,1.00
2015.10.22 06:08:21.222,1.24753,1.24768,1.00,1.00
2015.10.22 06:08:21.744,1.24752,1.24768,1.00,1.00
2015.10.22 06:08:24.226,1.24754,1.24768,1.00,1.00
2015.10.22 06:08:24.744,1.24753,1.24768,1.00,1.00
2015.10.22 06:08:27.295,1.24755,1.24768,1.00,1.50
2015.10.22 06:08:27.722,1.24757,1.24768,1.00,1.00
2015.10.22 06:08:28.915,1.24756,1.24768,1.00,1.00
2015.10.22 06:08:29.357,1.24754,1.24768,1.00,1.00
2015.10.22 06:08:32.699,1.24756,1.24768,1.00,1.00
2015.10.22 06:08:36.088,1.24755,1.24768,1.00,1.00
2015.10.22 06:08:37.306,1.24754,1.24768,1.00,1.00
2015.10.22 06:08:37.944,1.24752,1.24768,1.00,1.00
2015.10.22 06:08:41.561,1.24755,1.24768,1.00,1.50
2015.10.22 06:08:46.974,1.24754,1.24768,1.00,1.50
2015.10.22 06:08:47.636,1.24752,1.24768,1.00,1.50
2015.10.22 06:08:48.082,1.2475,1.24765,1.00,1.00
2015.10.22 06:08:48.184,1.24747,1.24763,1.00,1.00
2015.10.22 06:08:48.235,1.24747,1.24765,1.00,1.00
2015.10.22 06:08:48.286,1.24745,1.24765,1.00,1.00
2015.10.22 06:08:48.388,1.24748,1.24764,1.00,1.00
2015.10.22 06:08:48.989,1.24749,1.24763,1.00,1.00
2015.10.22 06:08:50.971,1.24749,1.24762,1.00,1.00
2015.10.22 06:08:54.365,1.24752,1.24765,1.00,1.00
2015.10.22 06:08:54.670,1.24757,1.24768,1.00,1.50
2015.10.22 06:08:54.976,1.24759,1.24768,1.00,1.00
2015.10.22 06:08:55.997,1.24757,1.24768,1.00,1.00
2015.10.22 06:08:56.454,1.24754,1.24768,1.00,1.00
2015.10.22 06:08:56.886,1.24749,1.24766,1.37,1.37
2015.10.22 06:08:56.937,1.24749,1.24763,1.00,1.00
2015.10.22 06:08:58.640,1.24747,1.24763,1.50,1.50
2015.10.22 06:08:59.275,1.24748,1.24763,1.00,2.25
2015.10.22 06:08:59.935,1.24747,1.24763,1.00,1.00
2015.10.22 06:09:00.511,1.24748,1.24763,1.00,1.00
2015.10.22 06:09:02.047,1.24749,1.24763,1.00,1.00
2015.10.22 06:09:02.403,1.24749,1.24761,1.00,1.00
2015.10.22 06:09:02.708,1.24752,1.24762,1.50,1.00
2015.10.22 06:09:02.759,1.24752,1.24768,1.75,1.00
2015.10.22 06:09:03.109,1.24758,1.24768,1.37,1.00
2015.10.22 06:09:03.263,1.24761,1.24773,1.00,1.00
2015.10.22 06:09:04.046,1.24762,1.24773,1.00,1.00
2015.10.22 06:09:04.651,1.24762,1.24774,1.00,1.00
2015.10.22 06:09:05.794,1.24762,1.24773,1.00,1.00
2015.10.22 06:09:07.102,1.24761,1.24773,1.00,1.00
2015.10.22 06:09:07.308,1.24759,1.24773,1.12,1.00
2015.10.22 06:09:07.562,1.24759,1.24776,1.50,1.87
2015.10.22 06:09:07.767,1.24757,1.24776,1.75,1.87
2015.10.22 06:09:07.819,1.24757,1.24774,1.75,1.00
2015.10.22 06:09:08.913,1.24755,1.24774,1.75,1.37
2015.10.22 06:09:08.966,1.24754,1.24774,1.50,1.75
2015.10.22 06:09:10.878,1.24756,1.24773,1.50,1.12
2015.10.22 06:09:10.930,1.24756,1.24773,2.25,1.00
2015.10.22 06:09:11.235,1.24768,1.24784,1.75,1.50
2015.10.22 06:09:11.643,1.24769,1.24782,1.50,1.00
2015.10.22 06:09:12.148,1.24769,1.24783,1.50,1.00
2015.10.22 06:09:12.658,1.24768,1.24782,1.75,1.00
2015.10.22 06:09:13.612,1.24768,1.24783,1.75,1.00
2015.10.22 06:09:13.942,1.24766,1.2478,1.75,1.00
2015.10.22 06:09:14.477,1.24767,1.24779,1.50,1.00
2015.10.22 06:09:15.188,1.24767,1.2478,1.50,1.00
2015.10.22 06:09:15.392,1.24769,1.24783,1.50,1.00
2015.10.22 06:09:15.902,1.2477,1.24784,1.12,1.00
2015.10.22 06:09:18.179,1.24769,1.24786,1.50,1.12
2015.10.22 06:09:18.434,1.24769,1.24786,1.50,1.00
2015.10.22 06:09:20.588,1.24769,1.24784,1.50,1.00
2015.10.22 06:09:20.639,1.24768,1.24784,1.75,1.00
2015.10.22 06:09:21.495,1.24764,1.2478,2.62,1.00
2015.10.22 06:09:25.417,1.24771,1.24784,1.12,1.00
2015.10.22 06:09:25.671,1.24772,1.24788,1.12,1.00
2015.10.22 06:09:25.722,1.24777,1.24789,1.00,1.12
2015.10.22 06:09:26.024,1.2478,1.24791,1.12,1.00
2015.10.22 06:09:29.044,1.24774,1.24787,1.12,1.00
2015.10.22 06:09:29.198,1.24777,1.24787,1.00,1.00
2015.10.22 06:09:29.706,1.24778,1.24788,1.00,1.00
2015.10.22 06:09:31.453,1.24777,1.24791,1.37,2.62
2015.10.22 06:09:31.742,1.24779,1.24788,1.00,1.00
2015.10.22 06:09:32.353,1.24778,1.24788,1.00,1.00
2015.10.22 06:09:32.766,1.2478,1.24788,1.00,1.00
2015.10.22 06:09:33.227,1.24782,1.24791,1.00,1.00
2015.10.22 06:09:33.483,1.24783,1.24793,1.00,1.00
2015.10.22 06:09:33.997,1.24783,1.24795,1.00,1.00
2015.10.22 06:09:35.527,1.2478,1.24795,1.50,1.50
2015.10.22 06:09:36.035,1.24781,1.24795,1.00,1.50
2015.10.22 06:09:36.563,1.24781,1.24794,1.00,1.00
2015.10.22 06:09:37.094,1.2478,1.24793,1.00,1.50
2015.10.22 06:09:40.427,1.2478,1.2479,1.00,1.00
2015.10.22 06:09:40.725,1.24777,1.24794,1.50,2.25
2015.10.22 06:09:41.453,1.24777,1.24791,1.50,1.00
2015.10.22 06:09:41.606,1.24775,1.2479,1.50,1.00
2015.10.22 06:09:42.152,1.24775,1.24791,1.00,1.00
2015.10.22 06:09:46.289,1.24775,1.24789,1.50,1.00
2015.10.22 06:09:48.190,1.24776,1.24785,1.00,1.00
2015.10.22 06:09:48.699,1.24776,1.24786,1.00,1.00
2015.10.22 06:09:48.852,1.24772,1.24786,1.50,1.00
2015.10.22 06:09:52.240,1.24774,1.24786,1.00,1.00
2015.10.22 06:09:52.748,1.24775,1.24786,1.00,1.00
2015.10.22 06:09:56.749,1.24773,1.24786,1.12,1.00
2015.10.22 06:09:57.272,1.24774,1.2479,1.00,3.00
2015.10.22 06:09:57.784,1.24775,1.2479,1.00,3.00
2015.10.22 06:09:58.346,1.24776,1.2479,1.00,2.25
2015.10.22 06:10:03.843,1.24776,1.2479,1.50,1.50
2015.10.22 06:10:05.476,1.24777,1.2479,1.00,1.50
2015.10.22 06:10:05.629,1.24776,1.2479,1.00,2.25
2015.10.22 06:10:05.934,1.24779,1.24785,1.00,1.00
2015.10.22 06:10:06.087,1.24778,1.2479,1.00,1.50
2015.10.22 06:10:06.691,1.24778,1.24789,1.00,1.00
2015.10.22 06:10:06.894,1.24777,1.24787,1.00,1.00
2015.10.22 06:10:07.099,1.24775,1.24786,1.00,1.00
2015.10.22 06:10:07.252,1.24773,1.24786,1.00,1.00
2015.10.22 06:10:07.640,1.24772,1.24784,1.00,1.00
2015.10.22 06:10:08.285,1.24772,1.24786,1.00,1.00
2015.10.22 06:10:09.446,1.24774,1.24786,1.00,1.00
2015.10.22 06:10:09.952,1.24774,1.24785,1.00,1.00
2015.10.22 06:10:10.459,1.24774,1.24786,1.00,1.00
2015.10.22 06:10:10.830,1.24775,1.24788,1.00,1.00
2015.10.22 06:10:11.337,1.24775,1.24787,1.00,1.00
2015.10.22 06:10:12.172,1.24775,1.24789,1.00,1.00
2015.10.22 06:10:13.718,1.24776,1.24789,1.00,1.00
2015.10.22 06:10:13.922,1.24773,1.24787,1.00,1.00
2015.10.22 06:10:14.126,1.24773,1.24783,1.00,1.00
2015.10.22 06:10:14.633,1.24772,1.24783,1.00,1.50
2015.10.22 06:10:15.541,1.24773,1.24783,1.00,1.00
2015.10.22 06:10:15.643,1.24773,1.24786,1.00,1.00
2015.10.22 06:10:15.694,1.24776,1.24786,1.00,1.00
2015.10.22 06:10:16.202,1.24777,1.24787,1.00,1.00
2015.10.22 06:10:17.101,1.24776,1.24787,1.00,1.00
2015.10.22 06:10:17.405,1.24779,1.24788,1.00,1.50
2015.10.22 06:10:17.558,1.2478,1.2479,1.00,1.00
2015.10.22 06:10:18.090,1.24781,1.24791,1.00,1.00
2015.10.22 06:10:19.944,1.24781,1.2479,1.00,1.00
2015.10.22 06:10:20.452,1.2478,1.24789,1.00,1.00
2015.10.22 06:10:20.686,1.2478,1.24787,1.00,1.00
2015.10.22 06:10:20.839,1.24781,1.24792,1.00,1.00
2015.10.22 06:10:20.890,1.24777,1.24792,1.00,1.00
2015.10.22 06:10:21.196,1.24775,1.24793,1.00,3.00
2015.10.22 06:10:21.747,1.24776,1.24793,1.00,1.50
2015.10.22 06:10:23.619,1.24774,1.24793,1.00,1.50
2015.10.22 06:10:24.178,1.24775,1.24793,1.00,1.50
2015.10.22 06:10:24.708,1.24773,1.24793,1.00,1.50
2015.10.22 06:10:25.038,1.24775,1.24793,1.00,1.50
2015.10.22 06:10:30.616,1.24775,1.24791,1.00,1.00
2015.10.22 06:10:30.667,1.24773,1.24791,1.00,1.00
2015.10.22 06:10:31.767,1.24775,1.24791,1.00,1.00
2015.10.22 06:10:32.275,1.24776,1.24793,1.00,2.25
2015.10.22 06:10:32.792,1.24777,1.24793,1.00,2.25
2015.10.22 06:10:33.837,1.24778,1.24793,1.00,1.00
2015.10.22 06:10:33.939,1.24781,1.24793,1.00,1.00
2015.10.22 06:10:34.925,1.24782,1.24793,1.00,1.00
2015.10.22 06:10:35.446,1.24782,1.24796,1.00,1.00
2015.10.22 06:10:36.059,1.24781,1.24796,1.00,1.00
2015.10.22 06:10:37.541,1.24783,1.24796,1.00,1.00
2015.10.22 06:10:39.883,1.24784,1.24796,1.00,1.00
2015.10.22 06:10:40.795,1.24783,1.24796,1.00,1.00
2015.10.22 06:10:41.145,1.24785,1.24796,1.00,1.00
2015.10.22 06:10:41.981,1.24783,1.24796,1.00,1.00
2015.10.22 06:10:45.082,1.24785,1.24796,1.00,1.00
2015.10.22 06:10:45.488,1.24783,1.24796,1.00,1.00
2015.10.22 06:10:46.513,1.24785,1.24796,1.00,1.00
2015.10.22 06:10:46.716,1.24783,1.24796,1.00,1.00
2015.10.22 06:10:51.531,1.24783,1.24795,1.00,1.00
2015.10.22 06:10:54.066,1.24785,1.24795,1.00,1.00
2015.10.22 06:10:54.612,1.24785,1.24796,1.00,1.00
2015.10.22 06:10:55.271,1.24787,1.24796,1.00,1.00
2015.10.22 06:10:56.258,1.24785,1.24796,1.00,1.00
2015.10.22 06:10:56.613,1.24783,1.24796,1.00,1.00
2015.10.22 06:10:58.909,1.24784,1.24796,1.00,1.00
2015.10.22 06:10:59.451,1.24785,1.24796,1.00,1.00
2015.10.22 06:11:01.684,1.24784,1.24796,1.00,1.00
2015.10.22 06:11:02.194,1.24783,1.24796,1.00,1.00
2015.10.22 06:11:03.751,1.24786,1.24796,1.00,1.00
2015.10.22 06:11:04.301,1.24785,1.24796,1.00,1.00
2015.10.22 06:11:10.644,1.24785,1.24798,1.00,1.50
2015.10.22 06:11:10.695,1.24781,1.24798,1.00,1.50
2015.10.22 06:11:16.393,1.24779,1.24797,1.00,1.00
2015.10.22 06:11:16.546,1.24779,1.24795,1.00,1.00
2015.10.22 06:11:16.749,1.24777,1.24794,1.00,1.00
2015.10.22 06:11:18.922,1.24777,1.24793,1.00,1.00
2015.10.22 06:11:21.322,1.24777,1.2479,1.00,1.00
2015.10.22 06:11:21.781,1.2478,1.2479,1.00,1.00
2015.10.22 06:11:22.238,1.2478,1.24793,1.00,1.00
2015.10.22 06:11:22.340,1.24781,1.24796,1.00,1.00
2015.10.22 06:11:22.582,1.24779,1.24796,1.00,1.00
2015.10.22 06:11:22.633,1.24779,1.24792,1.00,1.00
2015.10.22 06:11:22.685,1.24776,1.24792,1.00,1.00
2015.10.22 06:11:22.891,1.24778,1.24791,1.00,1.00
2015.10.22 06:11:25.071,1.24778,1.2479,1.00,1.00
2015.10.22 06:11:25.507,1.24778,1.24792,1.00,1.00
2015.10.22 06:11:32.167,1.24781,1.24792,1.00,1.00
2015.10.22 06:11:32.320,1.24782,1.24796,1.00,1.50
2015.10.22 06:11:33.665,1.2478,1.24796,1.50,1.50
2015.10.22 06:11:40.401,1.24783,1.24798,1.00,1.75
2015.10.22 06:11:41.506,1.24782,1.24798,1.00,2.25
2015.10.22 06:11:42.046,1.24783,1.24797,1.00,1.75
2015.10.22 06:11:42.567,1.24782,1.24797,1.00,1.75
2015.10.22 06:11:43.097,1.2478,1.24797,1.50,1.75
2015.10.22 06:11:47.329,1.24778,1.24797,1.37,2.25
2015.10.22 06:11:47.380,1.24778,1.24793,1.00,1.00
2015.10.22 06:11:47.919,1.24779,1.24793,1.00,1.00
2015.10.22 06:11:49.291,1.24782,1.24793,1.00,1.00
2015.10.22 06:11:49.800,1.24781,1.24793,1.00,1.00
2015.10.22 06:11:51.397,1.24782,1.24793,1.00,1.00
2015.10.22 06:11:51.702,1.24784,1.24798,1.00,1.75
2015.10.22 06:11:51.753,1.24784,1.24798,1.00,1.00
2015.10.22 06:11:51.961,1.24782,1.24798,1.50,1.37
2015.10.22 06:11:52.266,1.24785,1.24801,1.00,2.25
2015.10.22 06:11:52.519,1.24783,1.24799,1.00,2.25
2015.10.22 06:11:53.552,1.24782,1.24799,1.12,2.25
2015.10.22 06:11:54.167,1.24783,1.24799,1.00,2.25
2015.10.22 06:11:55.907,1.24779,1.24798,1.75,1.50
2015.10.22 06:11:55.958,1.24779,1.24798,1.00,1.75
2015.10.22 06:11:59.519,1.2478,1.24796,1.00,1.75
2015.10.22 06:12:00.731,1.2478,1.24798,1.37,1.75
2015.10.22 06:12:00.783,1.24781,1.24797,1.00,1.00
2015.10.22 06:12:00.987,1.24784,1.24797,1.00,1.00
2015.10.22 06:12:01.293,1.24786,1.24801,1.00,1.87
2015.10.22 06:12:01.816,1.24784,1.24801,1.50,1.12
2015.10.22 06:12:02.173,1.24782,1.24798,1.00,1.00
2015.10.22 06:12:02.377,1.24777,1.24795,2.25,1.12
2015.10.22 06:12:05.050,1.24776,1.24797,1.50,1.75
2015.10.22 06:12:05.638,1.24778,1.24797,1.00,1.75
2015.10.22 06:12:05.943,1.2478,1.24797,1.00,1.75
2015.10.22 06:12:06.148,1.24778,1.24797,1.00,1.75
2015.10.22 06:12:06.804,1.24779,1.24795,1.00,1.75
2015.10.22 06:12:08.784,1.24777,1.24792,1.12,1.50
2015.10.22 06:12:09.119,1.24776,1.24791,1.00,1.75
2015.10.22 06:12:09.721,1.24777,1.24792,1.00,1.75
2015.10.22 06:12:11.741,1.2478,1.24794,1.00,1.12
2015.10.22 06:12:11.894,1.24777,1.24794,1.50,1.12
2015.10.22 06:12:11.995,1.24777,1.24792,1.50,1.00
2015.10.22 06:12:13.532,1.24777,1.24794,1.50,1.12
2015.10.22 06:12:14.756,1.24779,1.24794,1.00,1.12
2015.10.22 06:12:19.252,1.2478,1.24796,1.00,1.75
2015.10.22 06:12:19.761,1.24781,1.24796,1.00,1.75
2015.10.22 06:12:25.567,1.2478,1.24796,1.00,1.75
2015.10.22 06:12:25.772,1.24781,1.24796,1.12,1.00
2015.10.22 06:12:26.909,1.2478,1.24794,1.50,1.00
2015.10.22 06:12:28.303,1.24779,1.24793,1.75,1.00
2015.10.22 06:12:28.609,1.24784,1.24793,1.00,1.00
2015.10.22 06:12:28.711,1.24784,1.24796,1.00,1.00
2015.10.22 06:12:30.770,1.24783,1.24796,1.00,1.00
2015.10.22 06:12:30.872,1.24783,1.24794,1.00,1.00
2015.10.22 06:12:31.025,1.24781,1.24794,1.12,1.00
2015.10.22 06:12:34.884,1.2478,1.24791,1.37,1.00
2015.10.22 06:12:35.466,1.2478,1.24791,1.00,1.00
2015.10.22 06:12:35.975,1.24781,1.24791,1.00,1.00
2015.10.22 06:12:36.392,1.24779,1.24791,1.12,1.00
2015.10.22 06:12:36.913,1.2478,1.24791,1.00,1.00
2015.10.22 06:12:37.480,1.24779,1.24791,1.12,1.00
2015.10.22 06:12:41.632,1.24779,1.24792,1.12,1.00
2015.10.22 06:12:41.989,1.24782,1.24792,1.00,1.00
2015.10.22 06:12:43.420,1.24783,1.24792,1.00,1.00
2015.10.22 06:12:44.534,1.24782,1.24792,1.00,1.00
2015.10.22 06:12:51.642,1.24782,1.24794,1.00,1.37
2015.10.22 06:12:52.170,1.24781,1.24794,1.00,1.00
2015.10.22 06:12:52.526,1.24783,1.24794,1.00,1.00
2015.10.22 06:12:52.989,1.24781,1.24794,1.00,1.00
2015.10.22 06:12:56.072,1.24779,1.24794,1.12,1.00
2015.10.22 06:12:56.907,1.24778,1.2479,1.50,1.00
2015.10.22 06:12:57.192,1.24776,1.2479,1.50,1.50
2015.10.22 06:12:57.654,1.24774,1.2479,1.00,2.25
2015.10.22 06:12:59.400,1.24775,1.2479,1.00,2.25
2015.10.22 06:12:59.451,1.24775,1.2479,1.50,1.50
2015.10.22 06:13:02.419,1.24775,1.24791,1.50,1.50
2015.10.22 06:13:02.573,1.24777,1.24791,1.00,1.00
2015.10.22 06:13:03.175,1.24778,1.24791,1.00,1.00
2015.10.22 06:13:03.828,1.24777,1.24791,1.00,1.00
2015.10.22 06:13:04.554,1.24779,1.24791,1.00,1.00
2015.10.22 06:13:06.848,1.2478,1.24791,1.00,1.00
2015.10.22 06:13:09.282,1.2478,1.24793,1.00,1.12
2015.10.22 06:13:10.726,1.24781,1.24793,1.00,1.12
2015.10.22 06:13:11.233,1.2478,1.24793,1.00,1.12
2015.10.22 06:13:11.335,1.2478,1.24793,1.00,1.50
2015.10.22 06:13:11.640,1.24779,1.24789,1.50,1.00
2015.10.22 06:13:16.617,1.24779,1.2479,1.00,1.12
2015.10.22 06:13:24.788,1.24788,1.24794,1.00,1.50
2015.10.22 06:13:24.839,1.24788,1.24796,1.00,1.00
2015.10.22 06:13:25.358,1.24789,1.24796,1.00,1.00
2015.10.22 06:13:26.539,1.24788,1.24796,1.00,1.00
2015.10.22 06:13:27.211,1.24785,1.24796,1.37,1.00
2015.10.22 06:13:27.418,1.24783,1.24796,1.87,1.00
2015.10.22 06:13:27.706,1.24786,1.248,1.00,1.75
2015.10.22 06:13:27.960,1.2479,1.24803,1.00,1.00
2015.10.22 06:13:28.602,1.24791,1.24803,1.00,1.00
2015.10.22 06:13:29.132,1.24792,1.24803,1.00,1.00
2015.10.22 06:13:29.335,1.24796,1.24807,1.00,1.50
2015.10.22 06:13:29.844,1.24796,1.24807,1.00,1.00
2015.10.22 06:13:32.725,1.24795,1.24807,1.87,1.00
2015.10.22 06:13:36.598,1.24796,1.24807,1.00,1.00
2015.10.22 06:13:39.017,1.24797,1.24807,1.00,1.00
2015.10.22 06:13:39.119,1.24795,1.24807,1.12,1.00
2015.10.22 06:13:39.170,1.24795,1.24811,1.12,1.75
2015.10.22 06:13:39.272,1.24795,1.24811,2.25,1.37
2015.10.22 06:13:39.323,1.24797,1.24811,1.00,1.00
2015.10.22 06:13:41.099,1.24795,1.24808,1.12,1.00
2015.10.22 06:13:46.061,1.24795,1.24806,1.50,1.00
2015.10.22 06:13:47.010,1.24795,1.24809,1.50,1.00
2015.10.22 06:13:48.098,1.24795,1.24806,1.50,1.00
2015.10.22 06:13:48.403,1.24795,1.24804,1.50,1.00
2015.10.22 06:13:48.555,1.24793,1.24804,1.00,1.00
2015.10.22 06:13:48.608,1.24793,1.24801,1.00,1.00
2015.10.22 06:13:48.761,1.24791,1.24801,1.00,1.00
2015.10.22 06:13:53.920,1.24791,1.24799,1.00,1.00
2015.10.22 06:13:56.266,1.24791,1.24796,1.00,1.00
2015.10.22 06:13:56.571,1.24786,1.24796,1.00,1.00
2015.10.22 06:13:59.415,1.24783,1.24796,1.00,1.12
2015.10.22 06:13:59.969,1.24782,1.24796,1.12,1.12
2015.10.22 06:14:01.491,1.24782,1.24795,1.12,1.00
2015.10.22 06:14:06.380,1.2478,1.24793,1.75,1.00
2015.10.22 06:14:07.200,1.2478,1.24795,1.75,1.00
2015.10.22 06:14:08.364,1.24783,1.24795,1.00,1.00
2015.10.22 06:14:09.038,1.24783,1.24798,1.00,1.75
2015.10.22 06:14:10.570,1.24784,1.24798,1.00,1.75
2015.10.22 06:14:10.672,1.24784,1.248,1.75,1.87
2015.10.22 06:14:10.977,1.24786,1.248,1.75,1.00
2015.10.22 06:14:11.467,1.24787,1.24803,2.25,1.00
2015.10.22 06:14:11.991,1.24789,1.24803,1.00,1.00
2015.10.22 06:14:13.217,1.24788,1.24803,1.12,1.00
2015.10.22 06:14:15.679,1.24787,1.24802,1.50,1.00
2015.10.22 06:14:16.547,1.24787,1.248,1.50,1.00
2015.10.22 06:14:17.605,1.24787,1.248,1.00,1.12
2015.10.22 06:14:18.113,1.24787,1.248,1.50,1.00
2015.10.22 06:14:18.266,1.24787,1.24804,1.50,1.12
2015.10.22 06:14:18.368,1.24787,1.24804,1.00,1.75
2015.10.22 06:14:18.887,1.24788,1.24804,1.00,1.75
2015.10.22 06:14:19.434,1.24787,1.24804,1.50,1.75
2015.10.22 06:14:21.967,1.24787,1.24804,1.37,1.37
2015.10.22 06:14:22.018,1.24787,1.24804,2.25,1.12
2015.10.22 06:14:30.861,1.24786,1.24805,1.37,1.75
2015.10.22 06:14:35.743,1.24788,1.24805,1.00,1.75
2015.10.22 06:14:36.398,1.24787,1.24804,1.12,1.75
2015.10.22 06:14:37.404,1.24788,1.24804,1.00,1.75
2015.10.22 06:14:38.056,1.24787,1.24804,1.12,1.75
2015.10.22 06:14:38.597,1.24788,1.24805,1.00,1.75
2015.10.22 06:14:39.044,1.24788,1.24805,1.00,1.50
2015.10.22 06:14:40.310,1.2479,1.24805,1.00,1.00
2015.10.22 06:14:41.499,1.24791,1.24805,1.00,1.00
2015.10.22 06:14:42.507,1.24788,1.24805,1.00,1.00
2015.10.22 06:14:45.207,1.2479,1.24805,1.00,1.00
2015.10.22 06:14:50.124,1.2479,1.24807,1.37,1.37
2015.10.22 06:14:50.917,1.2479,1.24811,1.75,2.25
2015.10.22 06:14:51.121,1.24796,1.24811,1.00,1.00
2015.10.22 06:14:51.629,1.24796,1.24812,1.00,1.00
2015.10.22 06:14:52.502,1.24792,1.24813,1.50,1.75
2015.10.22 06:14:52.553,1.24792,1.24813,1.50,1.75
2015.10.22 06:14:59.644,1.24796,1.24812,1.00,1.00
2015.10.22 06:15:00.210,1.24797,1.24812,1.00,1.00
2015.10.22 06:15:00.517,1.24799,1.24812,1.00,1.00
2015.10.22 06:15:00.619,1.24799,1.24815,1.37,1.37
2015.10.22 06:15:04.585,1.24796,1.24811,1.75,1.00
2015.10.22 06:15:04.947,1.24796,1.24811,1.00,1.12
2015.10.22 06:15:06.126,1.24796,1.24814,1.37,1.37
2015.10.22 06:15:06.178,1.24796,1.24814,1.75,1.37
2015.10.22 06:15:06.687,1.24796,1.24812,1.75,1.00
2015.10.22 06:15:06.993,1.24796,1.24812,1.12,1.75
2015.10.22 06:15:07.489,1.24796,1.24807,1.12,1.00
2015.10.22 06:15:07.795,1.24791,1.24803,1.00,1.00
2015.10.22 06:15:08.341,1.24788,1.24803,1.12,1.50
2015.10.22 06:15:08.849,1.24788,1.24801,1.12,1.00
2015.10.22 06:15:10.084,1.24788,1.24801,1.00,1.50
2015.10.22 06:15:13.855,1.24781,1.24801,1.37,2.25
2015.10.22 06:15:14.370,1.24783,1.24801,1.00,2.25
2015.10.22 06:15:16.563,1.24783,1.24797,1.00,1.37
2015.10.22 06:15:16.615,1.24781,1.24797,1.12,1.12
2015.10.22 06:15:17.178,1.24781,1.24797,1.00,1.75
2015.10.22 06:15:23.317,1.2478,1.24793,1.00,1.12
2015.10.22 06:15:23.470,1.24774,1.24788,1.00,1.00
2015.10.22 06:15:28.721,1.24774,1.24787,1.00,1.00
2015.10.22 06:15:29.229,1.24773,1.24788,1.00,1.00
2015.10.22 06:15:29.283,1.24773,1.24789,1.00,2.25
2015.10.22 06:15:29.587,1.24773,1.24789,1.00,2.62
2015.10.22 06:15:35.390,1.24775,1.24789,1.00,1.87
2015.10.22 06:15:35.442,1.24775,1.24788,1.00,1.00
2015.10.22 06:15:35.646,1.24775,1.24792,1.37,1.50
2015.10.22 06:15:44.327,1.24777,1.24794,1.00,1.75
2015.10.22 06:15:48.177,1.24775,1.24793,1.37,1.75
2015.10.22 06:16:15.342,1.24775,1.2479,1.37,1.50
2015.10.22 06:16:15.852,1.24775,1.24791,1.00,1.75
2015.10.22 06:16:20.700,1.24773,1.24792,1.00,1.75
2015.10.22 06:16:23.040,1.24771,1.24789,1.87,1.75
2015.10.22 06:16:33.291,1.24771,1.24788,1.12,1.75
2015.10.22 06:16:39.652,1.24773,1.24791,1.00,2.25
2015.10.22 06:16:40.516,1.24771,1.24791,1.87,2.25
2015.10.22 06:17:00.725,1.24771,1.24792,1.50,1.87
2015.10.22 06:17:00.827,1.24771,1.24792,2.25,1.75
2015.10.22 06:17:05.781,1.24771,1.24791,1.75,1.37
2015.10.22 06:17:05.883,1.24771,1.24792,1.75,1.50
2015.10.22 06:17:06.127,1.24772,1.2479,1.12,1.00
2015.10.22 06:17:06.179,1.24773,1.24792,2.25,1.12
2015.10.22 06:17:06.281,1.24773,1.24793,1.75,1.75
2015.10.22 06:17:12.468,1.24775,1.24795,1.75,1.50
2015.10.22 06:17:12.570,1.24775,1.24795,1.75,1.50
2015.10.22 06:17:16.696,1.24781,1.24802,1.50,1.75
2015.10.22 06:17:20.494,1.24782,1.24802,1.75,1.87
2015.10.22 06:17:20.603,1.24782,1.24802,1.75,1.87
2015.10.22 06:17:25.503,1.24782,1.24802,1.50,1.75
2015.10.22 06:17:25.563,1.24782,1.24802,1.50,1.75
2015.10.22 06:17:37.229,1.2478,1.248,1.37,1.75
2015.10.22 06:17:37.496,1.24779,1.24797,1.00,1.75
2015.10.22 06:17:38.066,1.24778,1.24791,1.50,1.00
2015.10.22 06:17:39.983,1.24778,1.24794,1.00,1.00
2015.10.22 06:17:43.582,1.24778,1.24797,1.37,1.75
2015.10.22 06:17:44.145,1.24778,1.24797,1.75,1.75
2015.10.22 06:17:48.329,1.24778,1.24796,1.50,1.50
2015.10.22 06:17:48.380,1.24778,1.24796,1.12,1.75
2015.10.22 06:18:03.253,1.24779,1.24793,1.00,1.50
2015.10.22 06:18:03.457,1.24779,1.24795,1.37,1.37
2015.10.22 06:18:03.737,1.24779,1.24795,1.75,1.00
2015.10.22 06:18:04.042,1.24778,1.24793,1.75,1.00
2015.10.22 06:18:08.837,1.24781,1.24794,1.75,1.00
2015.10.22 06:18:09.365,1.24781,1.24795,1.75,1.00
2015.10.22 06:18:13.865,1.24779,1.24796,1.75,1.00
2015.10.22 06:18:19.117,1.2478,1.24795,1.75,1.00
2015.10.22 06:18:20.568,1.24779,1.24795,1.00,1.50
2015.10.22 06:18:21.076,1.2478,1.24795,1.00,1.50
2015.10.22 06:18:21.604,1.24778,1.24795,1.00,1.50
2015.10.22 06:18:21.826,1.24775,1.24791,1.37,1.12
2015.10.22 06:18:21.980,1.24769,1.24787,1.50,1.37
2015.10.22 06:18:22.958,1.24767,1.24784,1.75,1.00
2015.10.22 06:18:23.476,1.2477,1.24784,1.00,1.12
2015.10.22 06:18:23.750,1.24768,1.24784,1.87,1.12
2015.10.22 06:18:24.405,1.24769,1.24784,1.00,1.12
2015.10.22 06:18:24.917,1.2477,1.24784,1.00,1.12
2015.10.22 06:18:28.555,1.24769,1.24784,1.00,1.12
2015.10.22 06:18:28.911,1.24771,1.24784,1.00,1.12
2015.10.22 06:18:29.498,1.24772,1.24784,1.00,1.12
2015.10.22 06:18:29.754,1.24769,1.24784,1.00,1.12
2015.10.22 06:18:30.115,1.24769,1.2479,1.60,1.75
2015.10.22 06:18:30.420,1.24777,1.24791,2.25,1.00
2015.10.22 06:18:30.860,1.24779,1.24791,1.00,1.00
2015.10.22 06:18:33.372,1.24777,1.24791,1.50,1.00
2015.10.22 06:18:34.308,1.24773,1.24791,1.75,1.87
2015.10.22 06:18:45.515,1.24776,1.24792,1.50,1.37
2015.10.22 06:18:46.023,1.24778,1.24792,1.00,1.00
2015.10.22 06:18:46.760,1.24778,1.24794,1.00,1.00
2015.10.22 06:18:49.943,1.24774,1.24795,2.25,1.75
2015.10.22 06:19:05.436,1.2477,1.24793,1.75,1.75
2015.10.22 06:19:05.944,1.24774,1.24795,1.75,1.75
2015.10.22 06:19:15.167,1.24774,1.24792,1.37,1.75
2015.10.22 06:19:15.218,1.24772,1.24792,1.12,1.75
2015.10.22 06:19:15.955,1.24773,1.24791,1.00,1.75
2015.10.22 06:19:16.302,1.24775,1.24791,1.00,1.75
2015.10.22 06:19:16.812,1.24776,1.24791,1.00,1.75
2015.10.22 06:19:16.964,1.24774,1.24791,1.00,1.75
2015.10.22 06:19:22.886,1.24776,1.24791,1.00,1.75
2015.10.22 06:19:23.678,1.24774,1.24792,1.00,2.25
2015.10.22 06:19:24.412,1.24775,1.24792,1.00,2.25
2015.10.22 06:19:24.915,1.24774,1.24792,1.00,2.25
2015.10.22 06:19:24.966,1.24772,1.24792,1.12,2.25
2015.10.22 06:19:25.183,1.24775,1.24792,1.00,2.25
2015.10.22 06:19:25.574,1.24775,1.24792,1.12,2.25
2015.10.22 06:19:35.902,1.24776,1.24791,1.00,1.50
2015.10.22 06:19:36.524,1.24777,1.24791,1.00,1.50
2015.10.22 06:19:37.082,1.24776,1.24795,1.00,1.75
2015.10.22 06:19:39.652,1.24781,1.24796,1.00,1.87
2015.10.22 06:19:39.754,1.24785,1.24796,1.00,1.00
2015.10.22 06:19:40.167,1.24787,1.24796,1.00,1.00
2015.10.22 06:19:40.747,1.24786,1.24796,1.00,1.00
2015.10.22 06:19:41.273,1.24787,1.24796,1.00,1.00
2015.10.22 06:19:41.982,1.24784,1.24796,1.00,1.00
2015.10.22 06:19:48.839,1.24782,1.24796,2.25,1.00
2015.10.22 06:19:49.342,1.24783,1.24796,1.00,1.00
2015.10.22 06:19:49.495,1.24785,1.24796,1.00,1.00
2015.10.22 06:19:50.592,1.24783,1.24796,1.00,1.00
2015.10.22 06:19:52.458,1.24785,1.24796,1.00,1.00
2015.10.22 06:19:52.990,1.24784,1.24796,1.00,1.00
2015.10.22 06:19:54.516,1.24785,1.24796,1.00,1.00
2015.10.22 06:19:56.337,1.24784,1.24796,1.00,1.00
2015.10.22 06:19:56.850,1.24783,1.24796,1.00,1.00
2015.10.22 06:19:57.397,1.24784,1.24796,1.00,1.00
2015.10.22 06:19:58.517,1.24785,1.24796,1.00,1.00
2015.10.22 06:19:58.568,1.24785,1.24798,1.00,1.00
2015.10.22 06:19:59.120,1.24785,1.24799,1.00,1.00
2015.10.22 06:19:59.681,1.24786,1.24799,1.00,1.00
2015.10.22 06:20:01.047,1.24787,1.24799,1.00,1.00
2015.10.22 06:20:02.665,1.24787,1.24802,1.00,1.00
2015.10.22 06:20:04.251,1.24786,1.24802,1.50,1.00
2015.10.22 06:20:13.769,1.24784,1.24805,1.37,2.25
2015.10.22 06:20:18.105,1.24785,1.24804,1.00,2.25
2015.10.22 06:20:23.193,1.24786,1.24804,1.00,1.75
2015.10.22 06:20:28.327,1.24787,1.24804,1.00,1.75
2015.10.22 06:20:28.429,1.24787,1.24804,1.50,1.12
2015.10.22 06:20:28.480,1.24787,1.24804,1.37,1.50
2015.10.22 06:20:28.657,1.24785,1.24801,1.50,1.50
2015.10.22 06:20:29.142,1.24788,1.24807,1.00,1.87
2015.10.22 06:20:29.867,1.24789,1.24807,1.00,1.12
2015.10.22 06:20:30.173,1.24792,1.24807,1.00,1.12
2015.10.22 06:20:30.403,1.24792,1.24809,1.00,2.25
2015.10.22 06:20:39.912,1.24794,1.24809,1.00,1.75
2015.10.22 06:20:40.060,1.24792,1.24809,1.00,1.75
2015.10.22 06:20:40.814,1.24793,1.24809,1.00,1.75
2015.10.22 06:20:41.339,1.24795,1.24809,1.00,1.75
2015.10.22 06:20:45.586,1.24795,1.24814,1.00,3.75
2015.10.22 06:20:47.533,1.24793,1.24814,1.00,3.00
2015.10.22 06:20:48.040,1.24791,1.2481,1.50,1.75
2015.10.22 06:20:48.345,1.2479,1.2481,1.12,1.75
2015.10.22 06:20:51.937,1.24791,1.24808,1.00,2.25
2015.10.22 06:20:52.610,1.2479,1.24808,1.12,1.75
2015.10.22 06:20:52.948,1.24792,1.24808,1.00,1.75
2015.10.22 06:20:53.363,1.24787,1.24808,2.25,1.75
2015.10.22 06:20:53.918,1.24792,1.24807,1.00,1.75
2015.10.22 06:20:54.325,1.2479,1.24809,1.12,1.75
2015.10.22 06:20:55.219,1.24794,1.24809,1.00,1.75
2015.10.22 06:20:55.475,1.24794,1.24813,1.00,1.75
2015.10.22 06:21:00.742,1.24793,1.24813,1.00,1.75
2015.10.22 06:21:02.907,1.24794,1.24813,1.00,1.75
2015.10.22 06:21:04.459,1.24793,1.24812,1.00,1.75
2015.10.22 06:21:08.733,1.24792,1.24812,1.12,1.75
2015.10.22 06:21:09.251,1.24793,1.24812,1.00,1.75
2015.10.22 06:21:13.368,1.24792,1.2481,1.12,1.75
2015.10.22 06:21:16.931,1.24791,1.2481,1.00,1.75
2015.10.22 06:21:34.811,1.2479,1.24806,1.00,1.00
2015.10.22 06:21:41.642,1.24791,1.24806,1.00,1.00
2015.10.22 06:21:42.348,1.2479,1.24806,1.00,1.00
2015.10.22 06:21:46.639,1.24787,1.24803,1.50,1.00
2015.10.22 06:21:47.148,1.24788,1.24803,1.00,1.00
2015.10.22 06:21:48.490,1.24789,1.24803,1.00,1.00
2015.10.22 06:21:52.211,1.24787,1.24803,1.00,1.00
2015.10.22 06:21:53.759,1.24782,1.24798,2.25,1.00
2015.10.22 06:21:53.962,1.24781,1.24797,1.50,1.00
2015.10.22 06:21:54.065,1.24777,1.24797,2.25,1.75
2015.10.22 06:21:54.593,1.2478,1.24798,1.00,2.25
2015.10.22 06:21:55.099,1.24781,1.24798,1.00,2.25
2015.10.22 06:21:55.577,1.24779,1.24798,1.12,2.25
2015.10.22 06:21:56.125,1.24782,1.24798,1.00,2.25
2015.10.22 06:21:56.328,1.2478,1.24797,1.00,1.75
2015.10.22 06:21:56.633,1.24782,1.24798,1.00,1.75
2015.10.22 06:21:57.145,1.24781,1.24798,1.00,1.75
2015.10.22 06:21:57.688,1.2478,1.24797,1.00,1.75
2015.10.22 06:21:57.992,1.24783,1.24802,1.00,3.00
2015.10.22 06:21:58.197,1.24788,1.24809,2.25,1.75
2015.10.22 06:21:58.248,1.24793,1.24809,1.00,1.75
2015.10.22 06:21:59.072,1.24793,1.24802,1.00,1.00
2015.10.22 06:21:59.174,1.24793,1.24809,1.00,1.75
2015.10.22 06:21:59.741,1.24794,1.24809,1.00,1.75
2015.10.22 06:22:00.634,1.24794,1.24806,1.60,1.00
2015.10.22 06:22:00.685,1.24798,1.2481,1.00,1.75
2015.10.22 06:22:00.787,1.24799,1.24815,2.10,1.00
2015.10.22 06:22:00.889,1.24802,1.24815,1.00,1.00
2015.10.22 06:22:00.991,1.24802,1.24818,1.00,1.50
2015.10.22 06:22:01.498,1.24801,1.24818,1.50,1.50
2015.10.22 06:22:04.743,1.24803,1.24818,1.00,1.00
2015.10.22 06:22:05.441,1.24803,1.24819,1.37,1.50
2015.10.22 06:22:06.045,1.24803,1.24819,1.50,1.12
2015.10.22 06:22:13.562,1.24806,1.24826,1.37,2.25
2015.10.22 06:22:13.613,1.24809,1.24825,1.00,1.00
2015.10.22 06:22:13.871,1.24811,1.24829,1.37,1.75
2015.10.22 06:22:13.922,1.24811,1.24829,1.50,1.50
2015.10.22 06:22:14.795,1.24807,1.24828,2.25,1.75
2015.10.22 06:22:18.184,1.2481,1.24828,1.00,1.75
2015.10.22 06:22:21.695,1.24811,1.24829,1.00,1.75
2015.10.22 06:22:22.777,1.24809,1.24829,1.12,1.75
2015.10.22 06:22:23.672,1.2481,1.24829,1.00,1.75
2015.10.22 06:22:24.841,1.24807,1.24828,1.75,1.75
2015.10.22 06:22:27.525,1.24806,1.24826,1.12,1.75
2015.10.22 06:22:27.627,1.24806,1.24825,1.50,1.50
2015.10.22 06:22:27.729,1.24805,1.24825,1.37,1.75
2015.10.22 06:22:30.914,1.24807,1.24826,1.00,1.75
2015.10.22 06:22:31.419,1.24806,1.24827,1.12,1.87
2015.10.22 06:22:31.953,1.24807,1.24827,1.00,1.87
2015.10.22 06:22:34.027,1.24807,1.24828,1.12,1.75
2015.10.22 06:22:34.079,1.24807,1.24824,1.50,1.00
2015.10.22 06:22:34.232,1.24809,1.24824,1.00,1.00
2015.10.22 06:22:34.774,1.2481,1.24824,1.00,1.00
2015.10.22 06:22:35.340,1.24808,1.24824,1.00,1.00
2015.10.22 06:22:35.543,1.24809,1.24829,1.50,1.75
2015.10.22 06:22:36.952,1.24811,1.24829,1.00,2.25
2015.10.22 06:22:38.197,1.24809,1.24829,1.50,2.25
2015.10.22 06:22:54.149,1.24807,1.24824,1.75,1.00
2015.10.22 06:22:54.835,1.24806,1.24827,1.75,1.75
2015.10.22 06:22:59.973,1.24806,1.24827,1.75,1.75
2015.10.22 06:23:02.973,1.24808,1.24826,1.50,1.37
2015.10.22 06:23:03.481,1.24807,1.24826,1.37,1.75
2015.10.22 06:23:27.423,1.24805,1.24826,1.00,1.75
2015.10.22 06:23:27.575,1.24807,1.24826,1.00,1.75
2015.10.22 06:23:27.677,1.24805,1.24825,1.00,1.75
2015.10.22 06:23:27.937,1.24805,1.24822,1.00,1.37
2015.10.22 06:23:28.039,1.24805,1.2482,1.00,1.00
2015.10.22 06:23:28.551,1.24803,1.2482,1.00,1.00
2015.10.22 06:23:28.719,1.24802,1.24822,1.00,1.75
2015.10.22 06:23:29.249,1.24801,1.24823,1.12,2.25
2015.10.22 06:23:30.610,1.24801,1.24823,1.37,2.25
2015.10.22 06:23:31.138,1.24803,1.2482,1.00,1.00
2015.10.22 06:23:33.946,1.24804,1.2482,1.00,1.00
2015.10.22 06:23:42.525,1.24804,1.24823,1.37,1.75
2015.10.22 06:23:42.577,1.24806,1.24822,1.00,1.00
2015.10.22 06:23:48.262,1.24803,1.2482,1.50,1.00
2015.10.22 06:23:54.332,1.24801,1.24823,1.00,3.37
2015.10.22 06:23:54.740,1.24803,1.24823,1.00,2.62
2015.10.22 06:23:55.059,1.24803,1.24823,1.37,2.25
2015.10.22 06:23:55.110,1.24803,1.24823,1.75,2.25
2015.10.22 06:23:55.263,1.24801,1.24823,2.25,1.75
2015.10.22 06:23:55.314,1.24802,1.24818,1.00,1.00
2015.10.22 06:23:55.788,1.24799,1.24817,1.00,1.75
2015.10.22 06:23:56.297,1.24801,1.24821,1.50,3.00
2015.10.22 06:23:58.187,1.24803,1.24821,1.00,1.75
2015.10.22 06:23:58.828,1.248,1.24819,1.75,1.50
2015.10.22 06:24:02.478,1.248,1.24819,1.37,1.37
2015.10.22 06:24:02.998,1.248,1.24819,1.00,1.12
2015.10.22 06:24:07.305,1.248,1.2482,1.37,1.75
2015.10.22 06:24:09.537,1.24802,1.24821,1.00,2.25
2015.10.22 06:24:10.214,1.24801,1.2482,1.12,1.75
2015.10.22 06:24:11.242,1.24803,1.2482,1.00,1.75
2015.10.22 06:24:11.293,1.24803,1.24823,1.12,2.25
2015.10.22 06:24:11.344,1.24808,1.24823,1.00,2.25
2015.10.22 06:24:11.446,1.24808,1.24823,1.00,1.50
2015.10.22 06:24:12.009,1.24806,1.24823,1.37,1.50
2015.10.22 06:24:12.531,1.24808,1.24823,1.00,1.50
2015.10.22 06:24:13.057,1.24807,1.24823,1.87,1.50
2015.10.22 06:24:15.455,1.24808,1.24823,1.00,1.50
2015.10.22 06:24:16.086,1.24806,1.24823,1.37,1.50
2015.10.22 06:24:19.527,1.24801,1.24823,1.75,2.25
2015.10.22 06:24:19.872,1.24795,1.24814,1.75,1.50
2015.10.22 06:24:20.330,1.24794,1.2481,1.50,1.00
2015.10.22 06:24:24.441,1.24795,1.2481,1.00,1.00
2015.10.22 06:24:26.418,1.24794,1.2481,1.50,1.00
2015.10.22 06:24:29.301,1.24796,1.2481,1.00,1.00
2015.10.22 06:24:29.845,1.24797,1.24813,1.00,1.00
2015.10.22 06:24:38.438,1.2479,1.24812,3.37,1.87
2015.10.22 06:24:38.489,1.2479,1.24812,3.00,2.25
2015.10.22 06:24:43.965,1.24793,1.24814,1.75,1.75
2015.10.22 06:24:44.068,1.24792,1.24814,1.50,1.75
2015.10.22 06:24:48.169,1.2479,1.24806,1.50,1.00
2015.10.22 06:24:51.880,1.2479,1.24809,1.00,1.12
2015.10.22 06:24:52.034,1.24787,1.24807,1.37,1.75
2015.10.22 06:24:52.592,1.24789,1.24807,1.00,1.75
2015.10.22 06:24:53.250,1.2479,1.24807,1.00,1.75
2015.10.22 06:24:53.303,1.2479,1.24807,1.00,1.50
2015.10.22 06:24:53.819,1.24791,1.24807,1.00,1.50
2015.10.22 06:24:54.022,1.24788,1.24807,1.50,1.50
2015.10.22 06:24:54.176,1.24788,1.24807,1.75,1.37
2015.10.22 06:24:54.670,1.24789,1.24807,1.50,1.75
2015.10.22 06:24:58.347,1.24791,1.24807,1.00,1.75
2015.10.22 06:24:58.501,1.24792,1.24807,1.50,1.00
2015.10.22 06:24:59.009,1.24793,1.24807,1.00,1.00
2015.10.22 06:24:59.579,1.24794,1.24807,1.00,1.00
2015.10.22 06:24:59.833,1.24795,1.24816,1.50,1.75
2015.10.22 06:25:00.037,1.24796,1.24816,1.00,1.75
2015.10.22 06:25:01.314,1.24795,1.24816,1.50,1.75
2015.10.22 06:25:02.057,1.24797,1.24816,1.00,1.75
2015.10.22 06:25:02.586,1.24791,1.24813,3.00,1.50
2015.10.22 06:25:02.637,1.24791,1.24808,1.00,1.00
2015.10.22 06:25:08.510,1.24791,1.24812,2.62,1.50
2015.10.22 06:25:08.562,1.24796,1.24812,1.50,1.50
2015.10.22 06:25:08.613,1.24796,1.24812,1.50,1.12
2015.10.22 06:25:08.855,1.248,1.24816,1.00,1.50
2015.10.22 06:25:08.957,1.24803,1.24816,1.00,1.00
2015.10.22 06:25:09.008,1.24803,1.24819,1.00,1.00
2015.10.22 06:25:09.975,1.24804,1.24819,1.00,1.00
2015.10.22 06:25:10.536,1.24803,1.24819,1.00,1.00
2015.10.22 06:25:18.180,1.24806,1.24822,1.00,1.50
2015.10.22 06:25:24.673,1.24809,1.24825,1.00,1.50
2015.10.22 06:25:40.385,1.24806,1.24827,1.75,1.50
2015.10.22 06:25:51.723,1.24806,1.24824,1.75,1.12
2015.10.22 06:25:52.057,1.24806,1.24821,1.37,1.37
2015.10.22 06:25:52.108,1.24801,1.24818,1.00,1.50
2015.10.22 06:25:52.871,1.24796,1.24818,1.75,1.50
2015.10.22 06:25:52.922,1.24796,1.24818,1.75,1.75
2015.10.22 06:26:05.489,1.24796,1.24818,2.25,1.50
2015.10.22 06:26:05.540,1.24801,1.24818,1.00,1.50
2015.10.22 06:26:20.478,1.24799,1.24815,1.00,1.00
2015.10.22 06:26:39.530,1.24796,1.24817,1.50,1.75
2015.10.22 06:26:39.582,1.24796,1.24817,1.12,1.75
2015.10.22 06:26:46.807,1.24797,1.24813,1.00,1.50
2015.10.22 06:26:52.788,1.24792,1.24814,3.00,1.75
2015.10.22 06:26:53.027,1.24793,1.24809,1.00,1.00
2015.10.22 06:26:54.969,1.24788,1.24809,1.75,1.50
2015.10.22 06:26:55.020,1.24789,1.24805,1.00,1.00
2015.10.22 06:27:00.996,1.24791,1.24805,1.00,1.00
2015.10.22 06:27:01.106,1.24789,1.24805,1.00,1.00
2015.10.22 06:27:10.111,1.24788,1.2481,1.75,1.75
2015.10.22 06:27:10.162,1.24788,1.2481,1.75,1.50
2015.10.22 06:27:10.570,1.24793,1.24813,1.37,1.75
2015.10.22 06:27:11.114,1.24794,1.24815,1.75,2.25
2015.10.22 06:27:12.669,1.24794,1.24815,1.75,2.25
2015.10.22 06:27:12.772,1.24794,1.24815,1.75,1.87
2015.10.22 06:27:16.074,1.24793,1.24814,1.50,1.75
2015.10.22 06:27:16.380,1.2478,1.24798,1.75,1.50
2015.10.22 06:27:16.583,1.24779,1.24798,1.12,1.75
2015.10.22 06:27:21.471,1.24778,1.24793,1.50,1.00
2015.10.22 06:27:21.573,1.24774,1.2479,1.00,1.00
2015.10.22 06:27:25.734,1.2477,1.2479,1.50,1.50
2015.10.22 06:27:25.786,1.2477,1.24786,1.50,1.00
2015.10.22 06:27:37.437,1.24769,1.24793,2.25,3.37
2015.10.22 06:27:37.538,1.2477,1.24793,1.75,3.00
2015.10.22 06:27:46.765,1.24772,1.24793,2.25,1.50
2015.10.22 06:27:46.817,1.24777,1.24793,1.00,1.50
2015.10.22 06:27:48.662,1.24774,1.24793,1.50,1.75
2015.10.22 06:28:03.216,1.24775,1.24794,1.37,1.75
2015.10.22 06:28:03.268,1.24777,1.24795,1.50,1.50
2015.10.22 06:28:06.202,1.24774,1.2479,1.50,1.00
2015.10.22 06:28:10.840,1.24774,1.24789,1.00,1.00
2015.10.22 06:28:11.398,1.24774,1.2479,1.00,1.00
2015.10.22 06:28:15.398,1.24771,1.24791,1.37,2.25
2015.10.22 06:28:15.449,1.24771,1.24787,1.00,1.00
2015.10.22 06:28:17.989,1.2477,1.24787,2.25,1.00
2015.10.22 06:28:25.511,1.2477,1.24785,1.12,1.37
2015.10.22 06:28:25.562,1.24768,1.24784,1.12,1.12
2015.10.22 06:28:25.613,1.24768,1.24784,1.00,1.37
2015.10.22 06:28:33.246,1.24769,1.24785,1.00,1.00
2015.10.22 06:28:33.451,1.24768,1.24788,2.85,1.50
2015.10.22 06:28:39.447,1.24768,1.24786,2.25,1.00
2015.10.22 06:28:45.925,1.24768,1.24784,1.75,1.00
2015.10.22 06:28:45.976,1.24768,1.24784,1.75,1.00
2015.10.22 06:28:48.456,1.24768,1.24784,1.37,1.37
2015.10.22 06:28:48.963,1.24768,1.24784,1.00,1.50
2015.10.22 06:28:51.347,1.24768,1.24782,1.00,1.00
2015.10.22 06:28:53.912,1.24765,1.24782,1.75,1.00
2015.10.22 06:29:00.383,1.24765,1.24784,1.75,2.25
2015.10.22 06:29:00.486,1.24764,1.24784,2.10,1.12
2015.10.22 06:29:02.815,1.24763,1.24781,2.85,1.00
2015.10.22 06:29:03.119,1.24762,1.24778,3.00,1.00
2015.10.22 06:29:05.606,1.24762,1.24778,1.75,1.00
2015.10.22 06:29:06.646,1.24762,1.24781,1.75,1.50
2015.10.22 06:29:21.146,1.24764,1.24782,1.35,1.50
2015.10.22 06:29:21.693,1.24767,1.24782,1.00,1.00
2015.10.22 06:29:22.239,1.24765,1.24782,1.50,1.00
2015.10.22 06:29:22.746,1.24766,1.24785,1.30,2.25
2015.10.22 06:29:23.389,1.24767,1.24785,1.00,2.25
2015.10.22 06:29:23.813,1.24766,1.24785,1.37,1.50
2015.10.22 06:29:23.966,1.24772,1.24789,1.12,1.50
2015.10.22 06:29:24.018,1.24776,1.24789,1.00,1.50
2015.10.22 06:29:24.221,1.24773,1.24792,1.00,2.25
2015.10.22 06:29:24.505,1.24774,1.24792,1.37,1.37
2015.10.22 06:29:24.556,1.24774,1.24792,1.75,1.37
2015.10.22 06:29:27.174,1.24775,1.24792,1.75,1.00
2015.10.22 06:29:28.965,1.24773,1.24794,2.62,1.12
2015.10.22 06:29:29.372,1.24778,1.24797,1.75,1.37
2015.10.22 06:29:32.466,1.24782,1.248,1.37,1.75
2015.10.22 06:29:32.977,1.24783,1.248,1.75,1.50
2015.10.22 06:29:39.689,1.24784,1.24801,1.50,1.00
2015.10.22 06:29:39.995,1.24787,1.24803,1.00,1.00
2015.10.22 06:29:40.504,1.24787,1.24801,1.00,1.00
2015.10.22 06:29:40.989,1.24783,1.24801,1.75,1.37
2015.10.22 06:29:41.040,1.24783,1.24802,1.50,1.75
2015.10.22 06:29:41.912,1.2479,1.24803,1.37,1.75
2015.10.22 06:29:41.963,1.24795,1.24812,1.87,1.50
2015.10.22 06:29:42.268,1.24797,1.24816,1.37,1.75
2015.10.22 06:29:42.319,1.24797,1.24816,1.75,1.50
2015.10.22 06:29:42.472,1.24797,1.24813,1.75,1.00
2015.10.22 06:29:42.625,1.24798,1.24816,1.50,1.50
2015.10.22 06:29:45.964,1.24801,1.24816,1.00,1.50
2015.10.22 06:29:46.218,1.24801,1.24822,2.25,1.75
2015.10.22 06:29:49.188,1.24804,1.24824,1.00,1.75
2015.10.22 06:29:49.291,1.24805,1.24824,1.37,1.75
2015.10.22 06:29:49.342,1.24806,1.24822,1.00,1.00
2015.10.22 06:29:51.027,1.24807,1.24822,1.00,1.00
2015.10.22 06:29:51.264,1.2481,1.24824,1.12,1.50
2015.10.22 06:29:51.316,1.2481,1.24825,1.12,1.37
2015.10.22 06:29:54.821,1.24808,1.2483,2.25,1.75
2015.10.22 06:29:55.392,1.24811,1.2483,1.50,1.75
2015.10.22 06:30:00.450,1.24809,1.24827,1.75,1.37
2015.10.22 06:30:00.990,1.24808,1.24826,1.75,1.75
2015.10.22 06:30:05.511,1.24808,1.24824,1.00,1.75
2015.10.22 06:30:14.031,1.24803,1.24823,1.75,2.25
2015.10.22 06:30:14.532,1.24803,1.24821,1.75,1.00
2015.10.22 06:30:15.078,1.24803,1.2482,1.12,1.50
2015.10.22 06:30:15.383,1.24795,1.24816,1.75,2.25
2015.10.22 06:30:16.699,1.24794,1.24815,2.25,1.75
2015.10.22 06:30:16.750,1.24794,1.24815,3.00,1.75
2015.10.22 06:30:19.602,1.24793,1.24813,1.87,1.75
2015.10.22 06:30:19.659,1.24793,1.24813,1.87,1.75
2015.10.22 06:30:21.386,1.24795,1.24813,1.00,1.75
2015.10.22 06:30:21.640,1.24793,1.24812,1.12,1.75
2015.10.22 06:30:23.405,1.24793,1.24807,1.12,1.00
2015.10.22 06:30:23.456,1.24793,1.2481,1.12,1.50
2015.10.22 06:30:23.508,1.24793,1.24809,1.12,1.50
2015.10.22 06:30:23.752,1.24789,1.24809,1.75,1.75
2015.10.22 06:30:25.686,1.24792,1.24809,1.50,1.75
2015.10.22 06:30:26.483,1.24791,1.24809,1.12,1.75
2015.10.22 06:30:26.993,1.24792,1.24809,1.00,1.75
2015.10.22 06:30:27.688,1.2479,1.24809,2.25,1.75
2015.10.22 06:30:30.156,1.24793,1.24809,1.50,1.50
2015.10.22 06:30:34.037,1.24792,1.24809,1.87,1.75
2015.10.22 06:30:34.088,1.24792,1.24807,1.50,1.00
2015.10.22 06:30:34.739,1.24791,1.24807,1.00,1.00
2015.10.22 06:30:34.942,1.24793,1.24807,1.00,1.00
2015.10.22 06:30:35.145,1.24791,1.24807,1.00,1.00
2015.10.22 06:30:35.642,1.24789,1.24807,1.87,1.50
2015.10.22 06:30:35.879,1.24788,1.24806,1.00,1.75
2015.10.22 06:30:36.184,1.24784,1.24803,1.00,1.12
2015.10.22 06:30:36.286,1.24784,1.24804,1.00,3.00
2015.10.22 06:30:36.593,1.24788,1.24806,1.00,1.87
2015.10.22 06:30:36.696,1.24788,1.24806,1.12,1.75
2015.10.22 06:30:37.245,1.24789,1.24808,1.00,2.25
2015.10.22 06:30:37.803,1.24787,1.24806,1.50,1.75
2015.10.22 06:30:39.294,1.24788,1.24806,1.00,1.12
2015.10.22 06:30:39.348,1.24788,1.24807,1.12,2.25
2015.10.22 06:30:42.411,1.24789,1.24807,1.00,2.25
2015.10.22 06:30:42.934,1.2479,1.24807,1.00,1.75
2015.10.22 06:30:43.441,1.24791,1.24807,1.00,2.25
2015.10.22 06:30:49.251,1.24793,1.24807,1.00,2.25
2015.10.22 06:30:49.353,1.24794,1.24809,1.00,2.25
2015.10.22 06:30:49.557,1.24792,1.24809,1.87,2.25
2015.10.22 06:30:49.660,1.24794,1.24809,1.00,2.25
2015.10.22 06:30:50.259,1.24794,1.24809,1.12,1.00
2015.10.22 06:30:52.293,1.24795,1.24809,1.00,1.00
2015.10.22 06:30:52.847,1.24795,1.24813,1.00,2.25
2015.10.22 06:30:55.381,1.24796,1.24813,1.00,2.25
2015.10.22 06:30:55.886,1.24795,1.24813,1.00,2.25
2015.10.22 06:30:56.602,1.24792,1.2481,1.37,1.50
2015.10.22 06:30:56.653,1.24792,1.2481,1.12,1.75
2015.10.22 06:30:59.463,1.24793,1.2481,1.00,1.75
2015.10.22 06:30:59.920,1.24791,1.24807,1.37,1.50
2015.10.22 06:31:00.312,1.2479,1.24804,1.00,1.00
2015.10.22 06:31:01.763,1.24789,1.24804,1.00,1.00
2015.10.22 06:31:02.523,1.24788,1.24804,1.00,1.00
2015.10.22 06:31:04.903,1.24787,1.24806,2.25,1.37
2015.10.22 06:31:04.955,1.24791,1.24806,1.12,1.00
2015.10.22 06:31:05.311,1.24793,1.24806,1.00,1.00
2015.10.22 06:31:09.710,1.24794,1.24806,1.00,1.00
2015.10.22 06:31:10.157,1.24791,1.24807,1.12,1.50
2015.10.22 06:31:10.208,1.24791,1.24807,1.12,1.87
2015.10.22 06:31:10.550,1.24787,1.24804,1.50,1.12
2015.10.22 06:31:11.233,1.24791,1.24804,1.00,1.12
2015.10.22 06:31:11.285,1.24791,1.24801,1.00,1.00
2015.10.22 06:31:11.834,1.24791,1.24803,1.00,1.00
2015.10.22 06:31:12.175,1.24793,1.24803,1.00,1.00
2015.10.22 06:31:12.837,1.24792,1.24803,1.00,1.00
2015.10.22 06:31:14.596,1.24791,1.24803,1.00,1.00
2015.10.22 06:31:14.699,1.24788,1.24803,1.00,1.00
2015.10.22 06:31:15.250,1.24787,1.24803,1.00,1.00
2015.10.22 06:31:17.128,1.24788,1.24807,1.37,1.75
2015.10.22 06:31:17.180,1.24788,1.24808,2.25,1.75
2015.10.22 06:31:21.975,1.24789,1.24809,1.75,1.35
2015.10.22 06:31:22.026,1.24793,1.24809,1.00,1.60
2015.10.22 06:31:22.928,1.2479,1.2481,1.75,2.47
2015.10.22 06:31:23.476,1.2479,1.2481,1.87,2.10
2015.10.22 06:31:23.928,1.24794,1.24811,1.75,1.60
2015.10.22 06:31:26.894,1.24793,1.24809,1.75,1.00
2015.10.22 06:31:26.945,1.24793,1.24805,1.75,1.00
2015.10.22 06:31:26.997,1.24793,1.24805,1.75,1.00
2015.10.22 06:31:27.099,1.24793,1.24807,1.75,1.00
2015.10.22 06:31:32.085,1.24793,1.24808,1.75,1.00
2015.10.22 06:31:32.339,1.24793,1.2481,1.75,2.10
2015.10.22 06:31:34.564,1.24793,1.24811,1.75,1.00
2015.10.22 06:31:34.869,1.24794,1.24815,1.87,1.12
2015.10.22 06:31:35.185,1.24793,1.24814,2.25,1.37
2015.10.22 06:31:40.200,1.24797,1.24814,1.75,1.37
2015.10.22 06:31:40.706,1.24802,1.24814,1.00,1.00
2015.10.22 06:31:41.222,1.24802,1.24813,1.00,1.00
2015.10.22 06:31:41.527,1.24797,1.24812,1.50,1.00
2015.10.22 06:31:41.730,1.24797,1.2481,1.50,1.00
2015.10.22 06:31:42.035,1.24795,1.24808,1.50,1.00
2015.10.22 06:31:46.986,1.24795,1.24809,1.75,1.00
2015.10.22 06:31:47.495,1.24797,1.24809,1.75,1.00
2015.10.22 06:31:47.597,1.24797,1.24811,1.75,1.00
2015.10.22 06:31:48.000,1.24797,1.24809,1.75,1.00
2015.10.22 06:31:48.571,1.24797,1.2481,1.75,1.00
2015.10.22 06:31:49.079,1.24797,1.24809,1.75,1.00
2015.10.22 06:31:50.867,1.24794,1.24804,1.75,1.00
2015.10.22 06:31:51.224,1.2479,1.24807,2.62,1.50
2015.10.22 06:31:51.834,1.2479,1.24806,1.87,1.00
2015.10.22 06:31:51.936,1.2479,1.24806,1.75,1.50
2015.10.22 06:31:52.445,1.2479,1.24805,1.75,1.50
2015.10.22 06:31:52.547,1.2479,1.24803,1.75,1.00
2015.10.22 06:31:55.255,1.2479,1.24802,1.75,1.00
2015.10.22 06:31:55.559,1.2479,1.24801,1.75,1.60
2015.10.22 06:31:55.839,1.2479,1.24801,1.37,1.60
2015.10.22 06:32:00.230,1.2479,1.24799,1.37,1.00
2015.10.22 06:32:00.332,1.24788,1.24799,1.75,2.10
2015.10.22 06:32:00.839,1.24788,1.24798,1.75,2.10
2015.10.22 06:32:14.527,1.24785,1.24798,1.75,2.10
2015.10.22 06:32:16.470,1.24784,1.24795,1.75,1.00
2015.10.22 06:32:16.525,1.24784,1.24793,1.75,1.00
2015.10.22 06:32:17.439,1.24784,1.24794,1.75,1.00
2015.10.22 06:32:18.831,1.24784,1.24796,1.75,1.35
2015.10.22 06:32:22.361,1.24784,1.24794,1.75,1.00
2015.10.22 06:32:28.383,1.24784,1.24795,1.75,1.00
2015.10.22 06:32:33.923,1.24784,1.24796,2.25,1.35
2015.10.22 06:32:35.887,1.24784,1.24796,2.25,1.35
2015.10.22 06:32:39.886,1.24784,1.24798,1.87,2.10
2015.10.22 06:32:41.537,1.24785,1.24791,1.50,1.60
2015.10.22 06:32:41.588,1.24783,1.24791,1.12,1.60
2015.10.22 06:32:41.640,1.24783,1.24795,1.12,1.00
2015.10.22 06:32:41.691,1.24781,1.24794,1.75,1.00
2015.10.22 06:32:41.793,1.2478,1.24797,1.75,1.35
2015.10.22 06:32:43.112,1.24783,1.24799,1.12,2.85
2015.10.22 06:32:43.940,1.24783,1.24801,1.12,1.00
2015.10.22 06:32:44.093,1.24786,1.24803,1.87,1.60
2015.10.22 06:32:44.401,1.24787,1.24802,2.25,2.10
2015.10.22 06:32:44.452,1.24787,1.24803,2.25,1.60
2015.10.22 06:32:49.461,1.24788,1.24806,2.25,2.85
2015.10.22 06:32:50.591,1.24789,1.24806,1.12,2.10
2015.10.22 06:32:52.306,1.24791,1.24806,1.87,2.10
2015.10.22 06:32:52.357,1.24792,1.24809,1.75,1.35
2015.10.22 06:32:52.999,1.24795,1.24811,1.75,2.10
2015.10.22 06:32:59.051,1.24798,1.24811,1.12,2.10
2015.10.22 06:33:00.752,1.24798,1.24815,1.12,1.60
2015.10.22 06:33:00.855,1.24802,1.24813,1.75,2.10
2015.10.22 06:33:00.957,1.24802,1.24814,1.75,1.35
2015.10.22 06:33:01.059,1.24802,1.24814,1.75,2.85
2015.10.22 06:33:05.542,1.24802,1.24814,1.75,2.10
2015.10.22 06:33:14.785,1.24802,1.24814,1.75,2.10
2015.10.22 06:33:15.091,1.24802,1.24813,1.00,1.60
2015.10.22 06:33:15.382,1.24794,1.24809,1.50,1.00
2015.10.22 06:33:15.535,1.24794,1.24809,2.25,1.00
2015.10.22 06:33:15.586,1.24794,1.24812,3.00,2.10
2015.10.22 06:33:15.638,1.24794,1.2481,3.00,1.00
2015.10.22 06:33:15.740,1.24794,1.24812,2.25,2.10
2015.10.22 06:33:15.791,1.24794,1.24809,2.25,1.00
2015.10.22 06:33:15.893,1.24795,1.24809,1.00,1.00
2015.10.22 06:33:16.097,1.24795,1.24811,1.00,1.00
2015.10.22 06:33:16.402,1.24795,1.24808,1.00,1.00
2015.10.22 06:33:16.854,1.24795,1.24811,1.00,1.50
2015.10.22 06:33:17.066,1.24798,1.24811,1.00,1.00
2015.10.22 06:33:17.371,1.24794,1.24809,1.50,1.87
2015.10.22 06:33:17.780,1.24794,1.24813,1.75,3.22
2015.10.22 06:33:17.882,1.24794,1.2481,1.75,1.50
2015.10.22 06:33:18.468,1.24794,1.24809,1.50,1.12
2015.10.22 06:33:18.672,1.24794,1.24812,1.75,1.35
2015.10.22 06:33:18.875,1.24795,1.24813,1.75,1.60
2015.10.22 06:33:19.688,1.24796,1.24811,1.00,1.00
2015.10.22 06:33:19.934,1.24794,1.24811,1.75,1.12
2015.10.22 06:33:20.450,1.24798,1.24814,1.75,2.47
2015.10.22 06:33:20.857,1.24798,1.24812,1.00,1.35
2015.10.22 06:33:22.589,1.24796,1.24812,1.50,1.35
2015.10.22 06:33:22.820,1.24796,1.24813,1.75,1.60
2015.10.22 06:33:24.070,1.24796,1.2481,1.75,1.00
2015.10.22 06:33:24.985,1.24795,1.24809,1.75,1.00
2015.10.22 06:33:25.189,1.24795,1.24809,1.50,1.00
2015.10.22 06:33:25.392,1.24794,1.24807,2.25,1.00
2015.10.22 06:33:25.871,1.24794,1.24807,1.12,1.00
2015.10.22 06:33:28.057,1.24794,1.24807,1.50,1.00
2015.10.22 06:33:28.594,1.24794,1.24808,1.75,1.00
2015.10.22 06:33:31.102,1.24791,1.24807,2.25,1.00
2015.10.22 06:33:33.542,1.2479,1.24808,2.25,1.00
2015.10.22 06:33:34.502,1.2479,1.24809,2.25,1.87
2015.10.22 06:33:34.914,1.24792,1.24812,2.25,1.87
2015.10.22 06:33:41.854,1.24799,1.24813,1.00,1.67
2015.10.22 06:33:42.166,1.248,1.24815,1.75,2.10
2015.10.22 06:33:43.496,1.24805,1.24815,1.75,2.10
2015.10.22 06:33:43.649,1.24805,1.2482,1.75,2.10
2015.10.22 06:33:44.252,1.24806,1.2482,1.75,2.10
2015.10.22 06:33:47.826,1.24807,1.24819,1.50,1.60
2015.10.22 06:33:51.662,1.24807,1.24815,1.50,2.10
2015.10.22 06:33:52.023,1.24801,1.24815,2.25,2.10
2015.10.22 06:33:54.150,1.24802,1.24818,1.75,1.60
2015.10.22 06:33:54.252,1.24801,1.24819,2.25,1.12
2015.10.22 06:33:54.354,1.24805,1.24822,1.75,1.00
2015.10.22 06:33:54.507,1.24809,1.24825,1.50,2.25
2015.10.22 06:33:54.661,1.24813,1.24825,1.00,1.00
2015.10.22 06:33:56.394,1.24813,1.24826,1.00,1.00
2015.10.22 06:33:56.956,1.24813,1.24827,1.00,1.00
2015.10.22 06:34:00.302,1.24813,1.24828,1.00,1.50
2015.10.22 06:34:00.616,1.24813,1.24832,1.75,3.22
2015.10.22 06:34:03.058,1.24811,1.2483,1.75,2.85
2015.10.22 06:34:05.162,1.2481,1.24827,1.75,1.00
2015.10.22 06:34:06.389,1.24811,1.24826,1.75,1.00
2015.10.22 06:34:07.047,1.24809,1.24825,1.87,1.00
2015.10.22 06:34:07.390,1.24809,1.24825,1.75,1.00
2015.10.22 06:34:07.492,1.24809,1.24826,1.75,1.00
2015.10.22 06:34:08.040,1.24809,1.24827,1.75,1.00
2015.10.22 06:34:10.118,1.24809,1.24826,1.75,1.00
2015.10.22 06:34:10.660,1.24815,1.24829,1.00,1.00
2015.10.22 06:34:10.971,1.24815,1.24821,1.00,1.00
2015.10.22 06:34:11.077,1.24811,1.24821,1.00,1.00
2015.10.22 06:34:11.323,1.24806,1.24818,1.00,1.00
2015.10.22 06:34:13.422,1.24806,1.24817,1.00,1.00
2015.10.22 06:34:13.677,1.24802,1.24817,1.00,2.10
2015.10.22 06:34:13.997,1.24799,1.24815,1.00,1.50
2015.10.22 06:34:14.374,1.24799,1.24815,1.00,2.10
2015.10.22 06:34:14.732,1.24799,1.24815,1.00,2.25
2015.10.22 06:34:14.783,1.24798,1.24815,1.00,2.25
2015.10.22 06:34:15.177,1.248,1.24816,1.50,1.67
2015.10.22 06:34:15.485,1.24791,1.2481,1.50,1.75
2015.10.22 06:34:20.384,1.2479,1.24807,1.00,1.75
2015.10.22 06:34:21.394,1.24797,1.24808,1.00,1.75
2015.10.22 06:34:21.446,1.2479,1.24808,1.00,1.75
2015.10.22 06:34:21.956,1.24791,1.24809,1.00,1.75
2015.10.22 06:34:22.551,1.2479,1.2481,1.50,2.25
2015.10.22 06:34:24.817,1.24789,1.2481,1.00,1.75
2015.10.22 06:34:26.933,1.24788,1.24806,1.12,1.50
2015.10.22 06:34:27.174,1.24812,1.24816,3.37,1.00
2015.10.22 06:34:27.226,1.24812,1.24816,1.00,1.00
2015.10.22 06:34:27.277,1.24821,1.24826,2.10,3.00
2015.10.22 06:34:27.328,1.24822,1.24827,1.67,1.00
2015.10.22 06:34:27.380,1.24822,1.24839,1.67,1.75
2015.10.22 06:34:27.431,1.24822,1.2484,1.35,1.00
2015.10.22 06:34:27.787,1.24826,1.24844,1.87,1.37
2015.10.22 06:34:28.093,1.24832,1.24844,1.00,1.12
2015.10.22 06:34:28.295,1.24832,1.2485,1.12,2.25
2015.10.22 06:34:28.703,1.24834,1.2485,1.00,1.50
2015.10.22 06:34:29.210,1.24833,1.2485,1.75,1.12
2015.10.22 06:34:29.938,1.24832,1.24848,1.50,1.00
2015.10.22 06:34:30.750,1.24835,1.2485,1.00,1.00
2015.10.22 06:34:31.056,1.24833,1.2485,1.00,1.75
2015.10.22 06:34:31.107,1.24834,1.2485,1.00,1.00
2015.10.22 06:34:31.847,1.24834,1.24843,1.00,1.00
2015.10.22 06:34:32.469,1.24834,1.24849,1.00,1.00
2015.10.22 06:34:33.463,1.24834,1.24848,1.00,1.00
2015.10.22 06:34:33.971,1.24834,1.24849,1.00,1.00
2015.10.22 06:34:34.384,1.24834,1.24843,1.00,1.00
2015.10.22 06:34:35.466,1.24829,1.24843,1.37,1.00
2015.10.22 06:34:35.845,1.24828,1.24841,1.50,1.00
2015.10.22 06:34:36.152,1.24827,1.24838,1.00,1.00
2015.10.22 06:34:36.660,1.24828,1.24838,1.00,1.00
2015.10.22 06:34:37.218,1.24827,1.24838,1.00,1.00
2015.10.22 06:34:37.575,1.24827,1.24841,1.50,1.00
2015.10.22 06:34:37.829,1.24829,1.24841,1.00,1.00
2015.10.22 06:34:38.330,1.2483,1.24841,1.00,1.00
2015.10.22 06:34:39.475,1.24829,1.24841,1.00,1.00
2015.10.22 06:34:40.014,1.24828,1.24841,1.00,1.50
2015.10.22 06:34:40.553,1.24828,1.2484,1.12,1.00
2015.10.22 06:34:40.825,1.24822,1.24839,1.37,1.12
2015.10.22 06:34:40.878,1.24822,1.24841,1.87,1.75
2015.10.22 06:34:42.552,1.24819,1.24835,1.00,1.60
2015.10.22 06:34:42.858,1.24817,1.24834,1.12,1.75
2015.10.22 06:34:43.179,1.24816,1.24836,2.25,1.50
2015.10.22 06:34:46.480,1.24819,1.24833,1.75,1.00
2015.10.22 06:34:46.987,1.24817,1.24834,1.75,1.00
2015.10.22 06:34:47.500,1.24818,1.24836,1.75,1.50
2015.10.22 06:34:48.251,1.24816,1.24833,3.00,1.00
2015.10.22 06:34:48.353,1.24816,1.24835,3.00,1.12
2015.10.22 06:34:51.299,1.24817,1.24833,1.75,1.00
2015.10.22 06:34:51.504,1.24816,1.24833,1.12,1.50
2015.10.22 06:34:52.014,1.24812,1.24831,1.75,1.00
2015.10.22 06:34:53.012,1.24813,1.24832,1.75,1.12
2015.10.22 06:34:54.085,1.24814,1.24833,1.00,3.75
2015.10.22 06:34:54.704,1.24811,1.24831,2.25,3.00
2015.10.22 06:34:57.638,1.24814,1.2483,1.00,1.50
2015.10.22 06:34:57.956,1.24811,1.24826,1.00,1.00
2015.10.22 06:34:59.221,1.2481,1.24826,1.50,1.00
2015.10.22 06:35:01.626,1.24811,1.24826,1.00,1.00
2015.10.22 06:35:02.617,1.24812,1.24826,1.00,1.00
2015.10.22 06:35:04.834,1.2481,1.24826,1.50,1.00
2015.10.22 06:35:05.037,1.24812,1.24826,1.00,1.00
2015.10.22 06:35:05.241,1.2481,1.24826,1.50,1.00
2015.10.22 06:35:05.748,1.24811,1.24826,1.00,1.00
2015.10.22 06:35:06.325,1.24813,1.24826,1.00,1.00
2015.10.22 06:35:07.677,1.24812,1.24826,1.00,1.00
2015.10.22 06:35:07.878,1.2481,1.24826,1.00,1.00
2015.10.22 06:35:08.708,1.24809,1.24827,2.25,1.75
2015.10.22 06:35:09.416,1.24808,1.24825,1.00,1.75
2015.10.22 06:35:09.722,1.24808,1.24825,1.50,1.37
2015.10.22 06:35:10.356,1.24808,1.24825,1.12,1.37
2015.10.22 06:35:10.917,1.24805,1.24822,2.85,1.37
2015.10.22 06:35:20.266,1.24805,1.24824,1.35,2.25
2015.10.22 06:35:22.461,1.24805,1.24825,3.00,1.75
2015.10.22 06:35:22.513,1.24808,1.24826,1.00,2.25
2015.10.22 06:35:22.666,1.24808,1.24826,1.37,1.50
2015.10.22 06:35:23.518,1.24811,1.24827,1.00,1.75
2015.10.22 06:35:23.569,1.24811,1.24827,1.50,1.50
2015.10.22 06:35:27.004,1.24813,1.24827,1.00,1.50
2015.10.22 06:35:27.374,1.24808,1.24828,1.00,1.87
2015.10.22 06:35:27.681,1.2481,1.24828,1.00,1.87
2015.10.22 06:35:27.899,1.24808,1.24828,1.00,1.87
2015.10.22 06:35:28.256,1.24811,1.24828,1.00,1.12
2015.10.22 06:35:28.307,1.24811,1.24829,1.00,1.75
2015.10.22 06:35:28.822,1.2481,1.24828,1.00,1.75
2015.10.22 06:35:30.435,1.24808,1.24828,1.12,1.75
2015.10.22 06:35:32.170,1.2481,1.24828,1.00,1.75
2015.10.22 06:35:33.929,1.24809,1.24827,1.00,1.75
2015.10.22 06:35:34.277,1.24804,1.24821,1.37,1.37
2015.10.22 06:35:34.328,1.24804,1.24817,1.00,1.00
2015.10.22 06:35:34.870,1.24803,1.24817,1.00,1.00
2015.10.22 06:35:35.407,1.24802,1.24817,1.00,1.00
2015.10.22 06:35:36.085,1.24801,1.24817,1.50,1.00
2015.10.22 06:35:36.447,1.24801,1.24815,1.50,1.00
2015.10.22 06:35:36.498,1.24799,1.24815,1.00,1.50
2015.10.22 06:35:36.702,1.24798,1.2481,1.00,1.00
2015.10.22 06:35:36.803,1.24795,1.2481,1.50,1.00
2015.10.22 06:35:40.314,1.24798,1.2481,1.00,1.00
2015.10.22 06:35:41.958,1.24796,1.2481,1.00,1.00
2015.10.22 06:35:49.607,1.24799,1.24814,1.00,1.50
2015.10.22 06:35:49.658,1.24799,1.24814,1.50,1.12
2015.10.22 06:35:49.811,1.24801,1.24814,1.12,1.00
2015.10.22 06:35:50.117,1.24803,1.24814,1.00,1.00
2015.10.22 06:35:50.373,1.24803,1.24821,1.00,2.25
2015.10.22 06:35:50.424,1.24804,1.24819,1.00,1.00
2015.10.22 06:35:54.304,1.24805,1.24819,1.00,1.00
2015.10.22 06:35:55.049,1.24806,1.24819,1.00,1.00
2015.10.22 06:35:55.523,1.24804,1.24819,1.00,1.00
2015.10.22 06:36:00.582,1.24803,1.24819,1.00,1.50
2015.10.22 06:36:00.836,1.24803,1.24819,1.37,1.12
2015.10.22 06:36:02.335,1.24809,1.24819,1.50,1.00
2015.10.22 06:36:02.587,1.24815,1.24831,1.87,1.75
2015.10.22 06:36:02.740,1.24815,1.24834,2.25,1.67
2015.10.22 06:36:02.994,1.24819,1.24835,1.00,1.75
2015.10.22 06:36:03.299,1.24824,1.24842,1.50,1.12
2015.10.22 06:36:03.350,1.24824,1.24844,1.87,2.25
2015.10.22 06:36:16.339,1.2482,1.24839,1.37,1.50
2015.10.22 06:36:16.390,1.2482,1.24839,1.12,2.25
2015.10.22 06:36:18.909,1.2482,1.24838,1.12,1.75
2015.10.22 06:36:19.062,1.24819,1.24838,2.25,1.75
2015.10.22 06:36:19.580,1.24821,1.24838,1.00,1.75
2015.10.22 06:36:24.248,1.2482,1.24838,1.12,2.25
2015.10.22 06:36:27.374,1.24818,1.24835,1.75,1.00
2015.10.22 06:36:27.526,1.24815,1.24834,1.37,1.37
2015.10.22 06:36:27.578,1.24815,1.24834,1.00,1.75
2015.10.22 06:36:28.930,1.24817,1.24835,1.00,3.00
2015.10.22 06:36:30.702,1.24815,1.24834,1.00,1.75
2015.10.22 06:36:31.720,1.24818,1.24822,1.00,1.00
2015.10.22 06:36:31.822,1.24809,1.24821,1.00,1.50
2015.10.22 06:36:32.025,1.24802,1.24821,1.12,3.75
2015.10.22 06:36:38.011,1.24801,1.24818,1.50,1.00
2015.10.22 06:36:38.526,1.248,1.24817,1.75,1.00
2015.10.22 06:36:40.477,1.248,1.24818,2.25,1.00
2015.10.22 06:36:43.698,1.248,1.24816,1.75,1.00
2015.10.22 06:36:44.225,1.248,1.24817,1.37,1.50
2015.10.22 06:36:50.136,1.248,1.24817,1.00,2.10
2015.10.22 06:36:50.188,1.24797,1.24816,1.12,1.75
2015.10.22 06:36:53.827,1.24798,1.24814,1.00,1.12
2015.10.22 06:36:57.018,1.248,1.24815,1.00,1.50
2015.10.22 06:37:00.738,1.24802,1.24815,1.00,1.50
2015.10.22 06:37:01.043,1.24807,1.2482,1.00,1.75
2015.10.22 06:37:01.094,1.24809,1.24819,1.00,1.00
2015.10.22 06:37:01.197,1.24812,1.24823,1.00,1.00
2015.10.22 06:37:01.523,1.24812,1.24827,1.50,1.12
2015.10.22 06:37:01.930,1.24815,1.24828,1.00,1.50
2015.10.22 06:37:02.583,1.24815,1.24828,1.50,1.00
2015.10.22 06:37:03.355,1.24815,1.2483,1.50,1.00
2015.10.22 06:37:03.950,1.24816,1.2483,1.00,1.00
2015.10.22 06:37:04.997,1.24815,1.2483,1.50,1.00
2015.10.22 06:37:06.120,1.24816,1.2483,1.00,1.00
2015.10.22 06:37:08.187,1.24815,1.2483,1.50,1.00
2015.10.22 06:37:08.829,1.24815,1.24831,1.50,1.00
2015.10.22 06:37:09.334,1.24816,1.2483,1.00,1.00
2015.10.22 06:37:09.952,1.24816,1.24831,1.00,1.00
2015.10.22 06:37:10.105,1.24819,1.24831,1.00,1.00
2015.10.22 06:37:10.207,1.24819,1.24833,1.50,1.00
2015.10.22 06:37:11.883,1.24818,1.24832,1.75,1.00
2015.10.22 06:37:12.401,1.24816,1.24831,1.00,1.00
2015.10.22 06:37:18.098,1.24816,1.2483,1.00,1.00
2015.10.22 06:37:18.200,1.24815,1.24827,1.00,1.00
2015.10.22 06:37:18.352,1.24811,1.24827,1.00,1.12
2015.10.22 06:37:18.404,1.24811,1.24827,1.00,1.37
2015.10.22 06:37:25.890,1.24811,1.24824,1.00,1.00
2015.10.22 06:37:31.627,1.24811,1.24825,1.00,1.12
2015.10.22 06:37:32.170,1.24812,1.24825,1.00,1.12
2015.10.22 06:37:32.671,1.24811,1.24825,1.00,1.12
2015.10.22 06:37:33.124,1.24808,1.24824,1.12,1.00
2015.10.22 06:37:35.382,1.2481,1.24824,1.00,1.00
2015.10.22 06:37:35.975,1.24809,1.24824,1.00,1.00
2015.10.22 06:37:37.135,1.24811,1.24824,1.00,1.00
2015.10.22 06:37:37.548,1.2481,1.24822,1.00,1.00
2015.10.22 06:37:37.801,1.24809,1.24826,1.37,1.50
2015.10.22 06:37:38.316,1.24809,1.24823,1.00,1.00
2015.10.22 06:37:38.819,1.24808,1.24823,1.00,1.00
2015.10.22 06:37:43.053,1.24811,1.24823,1.00,1.00
2015.10.22 06:37:43.359,1.24812,1.24819,1.00,1.50
2015.10.22 06:37:43.513,1.24807,1.24818,1.00,1.00
2015.10.22 06:37:43.616,1.24804,1.24818,1.00,1.37
2015.10.22 06:37:43.668,1.24802,1.24814,2.25,1.00
2015.10.22 06:37:43.923,1.24802,1.24811,1.00,1.37
2015.10.22 06:37:43.975,1.24802,1.24811,1.00,1.00
2015.10.22 06:37:44.235,1.24802,1.24811,1.00,1.37
2015.10.22 06:37:44.388,1.24797,1.24811,1.00,1.75
2015.10.22 06:37:45.677,1.24796,1.24811,1.50,1.75
2015.10.22 06:37:45.932,1.24794,1.24809,2.10,1.50
2015.10.22 06:37:46.034,1.24791,1.24805,1.00,1.00
2015.10.22 06:37:46.238,1.2479,1.24802,1.35,1.37
2015.10.22 06:37:46.654,1.24788,1.24802,2.10,1.75
2015.10.22 06:37:46.960,1.24787,1.24802,1.00,1.75
2015.10.22 06:37:47.468,1.24786,1.248,1.00,1.75
2015.10.22 06:37:47.571,1.2479,1.24804,1.00,2.25
2015.10.22 06:37:47.672,1.24788,1.24804,1.00,2.25
2015.10.22 06:37:48.182,1.24787,1.24802,1.00,1.75
2015.10.22 06:37:48.234,1.24787,1.24801,1.50,1.12
2015.10.22 06:37:48.541,1.2479,1.24801,1.00,1.87
2015.10.22 06:37:48.905,1.24792,1.24803,1.00,1.87
2015.10.22 06:37:49.520,1.24791,1.24803,1.35,1.12
2015.10.22 06:37:51.747,1.2479,1.24803,1.60,1.75
2015.10.22 06:37:51.798,1.24793,1.24801,1.00,1.00
2015.10.22 06:37:51.849,1.24789,1.24804,3.22,1.75
2015.10.22 06:37:51.901,1.24792,1.24806,1.00,1.75
2015.10.22 06:37:52.981,1.24789,1.24803,3.97,1.12
2015.10.22 06:37:53.633,1.24789,1.24803,1.12,1.12
2015.10.22 06:38:00.692,1.24787,1.24803,1.37,1.50
2015.10.22 06:38:00.794,1.24784,1.24803,1.35,2.25
2015.10.22 06:38:01.165,1.24782,1.24802,3.22,1.75
2015.10.22 06:38:01.472,1.24785,1.24803,2.10,1.75
2015.10.22 06:38:02.183,1.24786,1.24803,2.10,1.75
2015.10.22 06:38:02.476,1.24786,1.24803,1.35,1.00
2015.10.22 06:38:02.783,1.24783,1.248,1.50,1.12
2015.10.22 06:38:03.089,1.24782,1.24798,1.75,1.00
2015.10.22 06:38:03.626,1.24782,1.24796,1.75,1.00
2015.10.22 06:38:05.267,1.24782,1.24796,1.00,1.00
2015.10.22 06:38:05.823,1.24782,1.24795,1.00,1.00
2015.10.22 06:38:08.592,1.24781,1.24796,1.12,1.00
2015.10.22 06:38:09.536,1.24782,1.24796,1.00,1.00
2015.10.22 06:38:10.754,1.24782,1.24796,1.00,1.37
2015.10.22 06:38:11.008,1.24775,1.24792,2.47,1.50
2015.10.22 06:38:12.362,1.24781,1.24795,2.10,1.50
2015.10.22 06:38:12.414,1.24781,1.24795,2.85,1.37
2015.10.22 06:38:12.629,1.24782,1.24797,1.72,1.37
2015.10.22 06:38:24.327,1.24783,1.24798,1.67,1.00
2015.10.22 06:38:24.429,1.24783,1.24801,1.67,1.50
2015.10.22 06:38:24.531,1.24786,1.24801,1.00,1.50
2015.10.22 06:38:25.882,1.24783,1.248,1.67,1.12
2015.10.22 06:38:26.750,1.24783,1.24798,1.67,1.00
2015.10.22 06:38:27.270,1.24783,1.24797,1.67,1.00
2015.10.22 06:38:27.527,1.24783,1.24799,1.67,1.00
2015.10.22 06:38:27.730,1.24783,1.24797,1.67,1.00
2015.10.22 06:38:28.174,1.24784,1.24799,1.30,1.00
2015.10.22 06:38:28.731,1.24784,1.248,1.30,1.12
2015.10.22 06:38:29.746,1.24784,1.24799,1.30,1.00
2015.10.22 06:38:30.204,1.24786,1.248,2.10,1.12
2015.10.22 06:38:30.509,1.24789,1.24801,2.10,1.50
2015.10.22 06:38:30.865,1.24789,1.24803,2.47,1.12
2015.10.22 06:38:32.448,1.2479,1.24806,1.35,1.87
2015.10.22 06:38:32.957,1.2479,1.24805,1.35,1.00
2015.10.22 06:38:33.009,1.2479,1.24803,1.35,1.00
2015.10.22 06:38:33.553,1.2479,1.24805,1.35,1.00
2015.10.22 06:38:34.064,1.2479,1.24806,1.35,1.12
2015.10.22 06:38:38.456,1.24793,1.24809,2.10,1.75
2015.10.22 06:38:38.699,1.24795,1.24811,1.30,1.50
2015.10.22 06:38:38.755,1.24797,1.24811,2.10,1.50
2015.10.22 06:38:38.857,1.24798,1.24812,1.60,1.00
2015.10.22 06:38:39.163,1.24796,1.2481,1.30,1.12
2015.10.22 06:38:39.469,1.24798,1.2481,1.00,1.00
2015.10.22 06:38:41.251,1.24798,1.24812,1.00,1.00
2015.10.22 06:38:41.710,1.24798,1.2481,1.00,1.00
2015.10.22 06:38:42.272,1.24798,1.24812,1.00,1.50
2015.10.22 06:38:42.799,1.24798,1.24811,1.35,1.00
2015.10.22 06:38:43.002,1.24798,1.24811,1.35,1.00
2015.10.22 06:38:43.829,1.24796,1.24813,1.35,1.50
2015.10.22 06:38:46.507,1.24795,1.24813,2.85,1.87
2015.10.22 06:38:47.067,1.24797,1.24813,3.22,1.12
2015.10.22 06:38:49.713,1.24797,1.24811,2.47,1.00
2015.10.22 06:38:50.428,1.24796,1.24811,2.10,1.00
2015.10.22 06:38:50.936,1.24795,1.2481,1.75,1.50
2015.10.22 06:38:52.076,1.24796,1.24807,1.50,1.00
2015.10.22 06:38:54.428,1.24796,1.24808,1.50,1.00
2015.10.22 06:38:58.009,1.24796,1.24808,1.00,1.12
2015.10.22 06:38:58.484,1.24799,1.24811,2.10,1.75
2015.10.22 06:38:58.637,1.248,1.24812,1.60,1.50
2015.10.22 06:38:59.154,1.24797,1.24803,1.00,1.00
2015.10.22 06:38:59.307,1.24792,1.24805,1.00,1.75
2015.10.22 06:38:59.358,1.24794,1.24805,1.00,1.75
2015.10.22 06:38:59.460,1.24791,1.24805,1.00,2.25
2015.10.22 06:38:59.742,1.24791,1.24805,3.60,2.25
2015.10.22 06:38:59.946,1.24793,1.24804,2.10,1.00
2015.10.22 06:39:00.363,1.24791,1.24804,1.35,1.00
2015.10.22 06:39:00.515,1.24791,1.24802,1.35,1.00
2015.10.22 06:39:00.719,1.2479,1.24805,1.60,1.87
2015.10.22 06:39:01.016,1.24791,1.24803,1.35,1.00
2015.10.22 06:39:01.555,1.24792,1.24802,1.00,1.00
2015.10.22 06:39:02.070,1.24791,1.24803,1.35,1.00
2015.10.22 06:39:02.921,1.24789,1.24804,3.22,1.00
2015.10.22 06:39:03.725,1.24789,1.24806,3.22,3.00
2015.10.22 06:39:08.568,1.24791,1.24806,1.35,1.50
2015.10.22 06:39:09.643,1.24793,1.24806,2.85,1.00
2015.10.22 06:39:11.997,1.24793,1.24808,2.85,1.12
2015.10.22 06:39:12.048,1.24796,1.2481,2.10,1.75
2015.10.22 06:39:12.397,1.248,1.24813,1.00,1.00
2015.10.22 06:39:13.121,1.24799,1.24813,1.12,1.00
2015.10.22 06:39:13.172,1.24799,1.24811,1.12,1.00
2015.10.22 06:39:13.717,1.24798,1.24808,1.50,1.00
2015.10.22 06:39:13.971,1.24796,1.24808,1.37,1.00
2015.10.22 06:39:16.790,1.24796,1.24808,1.00,1.00
2015.10.22 06:39:17.324,1.24796,1.24807,1.00,1.00
2015.10.22 06:39:19.197,1.24796,1.24806,1.00,1.00
2015.10.22 06:39:19.736,1.24796,1.24807,1.00,1.00
2015.10.22 06:39:21.957,1.24794,1.24808,1.00,1.00
2015.10.22 06:39:22.213,1.24794,1.24806,1.00,1.00
2015.10.22 06:39:22.737,1.24795,1.24806,1.00,1.00
2015.10.22 06:39:22.839,1.24793,1.24808,2.85,1.50
2015.10.22 06:39:22.941,1.24795,1.24806,1.00,1.00
2015.10.22 06:39:23.736,1.24795,1.24807,1.00,1.00
2015.10.22 06:39:24.292,1.24795,1.24806,1.00,1.00
2015.10.22 06:39:25.670,1.24793,1.24806,1.35,1.00
2015.10.22 06:39:26.709,1.24793,1.24807,1.35,1.00
2015.10.22 06:39:26.816,1.24793,1.24809,2.10,1.50
2015.10.22 06:39:27.171,1.24795,1.2481,1.50,1.00
2015.10.22 06:39:31.425,1.24794,1.24809,1.75,1.00
2015.10.22 06:39:31.742,1.24782,1.24799,2.25,1.00
2015.10.22 06:39:31.896,1.24782,1.24796,1.00,1.00
2015.10.22 06:39:31.947,1.2478,1.24796,1.00,1.00
2015.10.22 06:39:32.404,1.24781,1.24798,1.00,1.00
2015.10.22 06:39:32.911,1.24782,1.24798,1.00,1.50
2015.10.22 06:39:35.549,1.24782,1.24795,1.00,1.00
2015.10.22 06:39:36.666,1.24782,1.24796,1.00,1.00
2015.10.22 06:39:39.146,1.24782,1.24795,1.00,1.00
2015.10.22 06:39:39.723,1.24782,1.24796,1.00,1.00
2015.10.22 06:39:40.616,1.24777,1.24793,2.25,1.00
2015.10.22 06:39:41.217,1.24777,1.24792,1.00,1.00
2015.10.22 06:39:46.471,1.24776,1.24792,1.00,1.50
2015.10.22 06:39:46.522,1.24776,1.2479,1.00,1.00
2015.10.22 06:39:50.986,1.24776,1.24791,1.00,1.00
2015.10.22 06:39:51.703,1.24776,1.2479,1.00,1.00
2015.10.22 06:39:53.736,1.24777,1.2479,1.00,1.50
2015.10.22 06:39:57.138,1.24773,1.2479,1.00,1.50
2015.10.22 06:39:57.444,1.24773,1.24788,1.00,1.00
2015.10.22 06:39:57.957,1.24772,1.24787,1.00,1.00
2015.10.22 06:39:58.274,1.24771,1.2479,3.00,1.50
2015.10.22 06:39:58.776,1.24772,1.2479,1.00,1.50
2015.10.22 06:40:00.755,1.24771,1.2479,2.25,1.50
2015.10.22 06:40:00.806,1.24777,1.24791,1.00,1.50
2015.10.22 06:40:00.959,1.24777,1.24793,1.00,1.00
2015.10.22 06:40:01.563,1.24777,1.24795,1.00,1.50
2015.10.22 06:40:01.817,1.24776,1.24797,2.25,1.50
2015.10.22 06:40:01.920,1.24777,1.24794,1.00,1.00
2015.10.22 06:40:02.468,1.24778,1.24795,1.00,1.00
2015.10.22 06:40:02.998,1.24781,1.24797,1.00,1.00
2015.10.22 06:40:03.458,1.2478,1.24799,1.00,1.00
2015.10.22 06:40:03.661,1.24783,1.24799,1.00,1.00
2015.10.22 06:40:03.763,1.24781,1.24799,1.50,1.00
2015.10.22 06:40:03.902,1.24781,1.24795,1.50,1.00
2015.10.22 06:40:04.795,1.2478,1.24795,1.50,1.00
2015.10.22 06:40:08.944,1.2478,1.24796,1.00,1.50
2015.10.22 06:40:12.097,1.24778,1.24794,1.50,1.00
2015.10.22 06:40:13.582,1.24776,1.24794,1.00,1.00
2015.10.22 06:40:17.476,1.24776,1.24793,1.00,1.00
2015.10.22 06:40:17.528,1.24776,1.24788,1.00,1.00
2015.10.22 06:40:17.629,1.24772,1.24785,1.50,1.00
2015.10.22 06:40:17.681,1.24772,1.24783,1.00,1.00
2015.10.22 06:40:18.926,1.24766,1.24783,1.50,1.00
2015.10.22 06:40:19.028,1.24771,1.24783,1.00,1.00
2015.10.22 06:40:20.543,1.24771,1.24784,1.00,1.00
2015.10.22 06:40:20.594,1.24767,1.24784,1.00,1.50
2015.10.22 06:40:22.116,1.24767,1.24786,1.00,1.50
2015.10.22 06:40:22.218,1.24771,1.24786,1.00,1.50
2015.10.22 06:40:22.989,1.24767,1.24786,1.50,1.50
2015.10.22 06:40:24.086,1.24768,1.24786,1.00,1.50
2015.10.22 06:40:27.384,1.24767,1.24786,1.00,1.50
2015.10.22 06:40:30.022,1.24768,1.24786,1.00,1.50
2015.10.22 06:40:30.535,1.24769,1.24786,1.00,1.50
2015.10.22 06:40:32.136,1.24767,1.24786,1.00,1.50
2015.10.22 06:40:32.694,1.24768,1.24786,1.00,1.50
2015.10.22 06:40:33.320,1.24768,1.24784,1.00,1.00
2015.10.22 06:40:35.110,1.24769,1.24784,1.00,1.00
2015.10.22 06:40:35.212,1.24767,1.24784,1.50,1.00
2015.10.22 06:40:36.301,1.24768,1.24784,1.00,1.00
2015.10.22 06:40:37.109,1.24772,1.24784,1.00,1.00
2015.10.22 06:40:37.653,1.24771,1.24784,1.00,1.00
2015.10.22 06:40:37.756,1.24769,1.24784,1.00,1.00
2015.10.22 06:40:38.266,1.24768,1.24784,1.00,1.00
2015.10.22 06:40:38.810,1.24769,1.24785,1.00,1.00
2015.10.22 06:40:40.746,1.24768,1.24785,1.00,1.00
2015.10.22 06:40:41.466,1.24771,1.24785,1.00,1.00
2015.10.22 06:40:45.780,1.24772,1.24786,1.00,1.00
2015.10.22 06:40:45.831,1.24772,1.24788,1.00,1.00
2015.10.22 06:40:45.883,1.24777,1.24788,1.00,1.00
2015.10.22 06:40:47.414,1.24776,1.24788,1.00,1.50
2015.10.22 06:40:49.607,1.24772,1.24788,1.00,1.50
2015.10.22 06:40:52.157,1.24776,1.24788,1.00,1.00
2015.10.22 06:40:52.245,1.24772,1.24788,1.50,1.00
2015.10.22 06:40:52.864,1.24773,1.24788,1.00,1.00
2015.10.22 06:40:53.169,1.24777,1.24788,1.00,1.00
2015.10.22 06:40:53.696,1.24776,1.24789,1.00,1.00
2015.10.22 06:40:54.268,1.24776,1.2479,1.00,1.00
2015.10.22 06:41:00.939,1.24777,1.2479,1.00,1.00
2015.10.22 06:41:00.990,1.24777,1.24792,1.00,1.00
2015.10.22 06:41:01.397,1.24775,1.24793,1.00,1.00
2015.10.22 06:41:01.920,1.24774,1.24793,1.00,1.00
2015.10.22 06:41:02.044,1.24776,1.24793,1.00,1.00
2015.10.22 06:41:03.135,1.24777,1.24793,1.00,1.00
2015.10.22 06:41:03.415,1.24775,1.24793,1.50,1.00
2015.10.22 06:41:03.619,1.24777,1.24793,1.00,1.00
2015.10.22 06:41:04.360,1.24776,1.24793,1.50,1.00
2015.10.22 06:41:05.233,1.24775,1.24793,1.50,1.00
2015.10.22 06:41:06.355,1.24777,1.24792,1.00,1.00
2015.10.22 06:41:06.457,1.24773,1.24792,1.12,1.00
2015.10.22 06:41:07.012,1.24773,1.24793,1.12,1.00
2015.10.22 06:41:13.034,1.24777,1.24793,1.00,1.50
2015.10.22 06:41:15.458,1.24773,1.24793,2.62,1.00
2015.10.22 06:41:18.805,1.24773,1.24792,1.50,1.00
2015.10.22 06:41:19.347,1.24772,1.24792,1.00,1.00
2015.10.22 06:41:20.124,1.24772,1.2479,1.00,1.00
2015.10.22 06:41:23.321,1.24772,1.24791,1.50,1.00
2015.10.22 06:41:25.672,1.24772,1.24794,1.50,1.50
2015.10.22 06:41:25.929,1.24774,1.24794,1.00,1.00
2015.10.22 06:41:26.454,1.24773,1.24794,1.00,1.50
2015.10.22 06:41:27.617,1.24773,1.24793,1.00,1.00
2015.10.22 06:41:28.142,1.24772,1.24792,1.50,1.50
2015.10.22 06:41:28.485,1.24776,1.24792,1.00,1.50
2015.10.22 06:41:30.392,1.24776,1.24791,1.00,1.00
2015.10.22 06:41:30.443,1.24773,1.24791,1.00,1.00
2015.10.22 06:41:30.977,1.24772,1.24792,1.00,1.00
2015.10.22 06:41:31.028,1.24772,1.2479,1.00,1.00
2015.10.22 06:41:31.645,1.24771,1.2479,1.50,1.00
2015.10.22 06:41:34.923,1.24772,1.2479,1.00,1.00
2015.10.22 06:41:35.818,1.24777,1.2479,1.00,1.00
2015.10.22 06:41:36.124,1.24777,1.24793,1.00,1.00
2015.10.22 06:41:36.328,1.24777,1.24795,1.00,1.00
2015.10.22 06:41:39.975,1.24777,1.24796,1.00,1.00
2015.10.22 06:41:43.533,1.24776,1.24796,1.00,1.50
2015.10.22 06:41:44.010,1.24778,1.24796,1.60,1.00
2015.10.22 06:41:44.112,1.24781,1.248,1.00,1.12
2015.10.22 06:41:44.344,1.24781,1.2479,1.00,1.00
2015.10.22 06:41:44.395,1.24776,1.2479,1.00,1.00
2015.10.22 06:41:44.801,1.24776,1.24788,1.12,1.00
2015.10.22 06:41:45.005,1.24773,1.24791,1.75,1.00
2015.10.22 06:41:45.530,1.24776,1.24792,1.12,1.12
2015.10.22 06:41:45.734,1.24773,1.24794,1.37,1.75
2015.10.22 06:41:45.988,1.24773,1.24792,1.12,1.75
2015.10.22 06:41:46.742,1.24773,1.24791,1.12,1.75
2015.10.22 06:41:47.252,1.24773,1.24791,1.00,1.75
2015.10.22 06:41:50.556,1.24771,1.24788,1.00,3.00
2015.10.22 06:41:50.607,1.24768,1.24784,1.00,1.50
2015.10.22 06:41:51.115,1.24768,1.24783,1.00,1.00
2015.10.22 06:41:54.885,1.24767,1.24783,1.00,1.75
2015.10.22 06:41:57.447,1.24766,1.24784,1.00,1.75
2015.10.22 06:41:57.951,1.24767,1.24781,1.00,1.00
2015.10.22 06:41:59.186,1.24766,1.24781,1.00,1.00
2015.10.22 06:42:00.156,1.24767,1.24781,1.00,1.00
2015.10.22 06:42:07.986,1.24768,1.24786,1.00,1.75
2015.10.22 06:42:08.038,1.24768,1.24786,1.00,1.75
2015.10.22 06:42:10.047,1.24767,1.24785,1.12,1.50
2015.10.22 06:42:10.302,1.24772,1.24785,1.00,1.50
2015.10.22 06:42:11.165,1.24767,1.2478,1.12,1.00
2015.10.22 06:42:11.673,1.24767,1.24782,1.00,1.50
2015.10.22 06:42:12.198,1.24767,1.2478,1.00,1.00
2015.10.22 06:42:12.724,1.24766,1.2478,1.00,1.00
2015.10.22 06:42:21.756,1.24764,1.2478,1.12,1.00
2015.10.22 06:42:22.195,1.24766,1.2478,1.00,1.00
2015.10.22 06:42:22.731,1.24766,1.24782,1.00,2.25
2015.10.22 06:42:27.432,1.24767,1.24781,1.00,1.12
2015.10.22 06:42:29.633,1.24767,1.24781,1.00,1.50
2015.10.22 06:42:30.028,1.24767,1.24781,1.00,1.75
2015.10.22 06:42:30.544,1.24761,1.24779,2.25,1.50
2015.10.22 06:42:30.904,1.24767,1.24781,1.00,1.75
2015.10.22 06:42:32.248,1.24766,1.24782,1.00,1.75
2015.10.22 06:42:39.814,1.24766,1.2478,1.00,1.75
2015.10.22 06:42:40.053,1.24767,1.2478,1.00,2.25
2015.10.22 06:42:41.903,1.24767,1.2478,1.12,1.00
2015.10.22 06:42:42.005,1.24772,1.2478,1.00,1.00
2015.10.22 06:42:42.591,1.24772,1.24785,1.00,2.25
2015.10.22 06:42:44.508,1.24771,1.24785,1.00,1.75
2015.10.22 06:42:44.814,1.24766,1.24784,1.50,1.75
2015.10.22 06:42:46.170,1.24772,1.24784,1.00,1.75
2015.10.22 06:42:47.944,1.24771,1.24785,1.00,1.75
2015.10.22 06:42:48.816,1.24772,1.24784,1.00,1.75
2015.10.22 06:42:49.121,1.24777,1.24789,1.00,1.87
2015.10.22 06:42:49.172,1.24777,1.24789,1.00,1.75
2015.10.22 06:42:49.223,1.24781,1.24789,1.00,1.37
2015.10.22 06:42:49.436,1.24782,1.24795,1.00,2.25
2015.10.22 06:42:49.844,1.24782,1.24795,1.00,1.12
2015.10.22 06:42:50.251,1.24787,1.24797,1.00,1.00
2015.10.22 06:42:50.687,1.24782,1.24797,1.00,1.00
2015.10.22 06:42:50.977,1.24787,1.24797,1.00,1.00
2015.10.22 06:42:51.135,1.24782,1.24797,1.00,1.00
2015.10.22 06:42:51.881,1.24785,1.24802,1.12,1.37
2015.10.22 06:42:52.086,1.24782,1.24801,2.62,1.75
2015.10.22 06:42:52.543,1.24786,1.24805,1.12,1.75
2015.10.22 06:42:53.087,1.24787,1.24807,1.50,3.60
2015.10.22 06:42:53.595,1.24788,1.24807,1.00,2.25
2015.10.22 06:42:53.646,1.24788,1.24807,1.75,2.25
2015.10.22 06:43:03.751,1.24792,1.2481,1.37,1.50
2015.10.22 06:43:03.802,1.24792,1.24814,1.75,1.75
2015.10.22 06:43:03.955,1.24794,1.24812,1.37,1.00
2015.10.22 06:43:10.800,1.24801,1.24814,1.00,1.50
2015.10.22 06:43:11.800,1.24802,1.24814,1.00,1.50
2015.10.22 06:43:12.568,1.24801,1.24814,1.12,1.12
2015.10.22 06:43:13.110,1.24801,1.24819,1.12,1.75
2015.10.22 06:43:15.399,1.24802,1.2482,1.00,1.75
2015.10.22 06:43:15.857,1.24806,1.24821,1.00,2.25
2015.10.22 06:43:16.010,1.24807,1.24822,1.00,1.75
2015.10.22 06:43:16.457,1.24806,1.24824,1.37,1.75
2015.10.22 06:43:16.508,1.24806,1.24823,2.25,1.12
2015.10.22 06:43:17.491,1.24808,1.24823,1.00,1.12
2015.10.22 06:43:18.385,1.24812,1.24823,1.12,1.00
2015.10.22 06:43:18.436,1.24812,1.24828,1.12,1.50
2015.10.22 06:43:23.815,1.24811,1.24829,2.25,1.00
2015.10.22 06:43:24.352,1.24811,1.24832,1.50,1.50
2015.10.22 06:43:26.314,1.24812,1.24832,1.00,2.25
2015.10.22 06:43:28.204,1.24811,1.24832,2.25,2.25
2015.10.22 06:43:28.813,1.24812,1.24832,1.00,2.25
2015.10.22 06:43:30.813,1.24812,1.24831,1.00,1.00
2015.10.22 06:43:31.329,1.24811,1.24831,1.50,1.00
2015.10.22 06:43:31.858,1.24812,1.24831,1.50,1.00
2015.10.22 06:43:32.381,1.24812,1.2483,1.00,1.00
2015.10.22 06:43:32.654,1.24812,1.24832,1.00,1.50
2015.10.22 06:43:33.235,1.24812,1.24831,1.00,1.35
2015.10.22 06:43:33.985,1.24811,1.24831,1.00,2.10
2015.10.22 06:43:35.118,1.24812,1.24831,1.00,2.10
2015.10.22 06:43:35.652,1.24812,1.2483,1.00,1.50
2015.10.22 06:43:35.722,1.24812,1.24828,1.00,1.00
2015.10.22 06:43:37.112,1.24811,1.24828,1.00,1.00
2015.10.22 06:43:39.428,1.24805,1.24822,1.50,1.60
2015.10.22 06:43:39.633,1.24798,1.24818,1.50,1.00
2015.10.22 06:43:40.048,1.24796,1.2482,2.25,2.10
2015.10.22 06:43:40.150,1.24799,1.2482,1.00,2.10
2015.10.22 06:43:40.451,1.24799,1.24817,1.00,1.00
2015.10.22 06:43:40.930,1.24797,1.24816,1.00,1.00
2015.10.22 06:43:45.382,1.24793,1.24814,2.25,1.00
2015.10.22 06:43:45.585,1.24792,1.24811,1.00,1.00
2015.10.22 06:43:46.098,1.24791,1.2481,1.00,1.00
2015.10.22 06:43:47.349,1.24791,1.24812,1.00,1.00
2015.10.22 06:43:47.900,1.24791,1.24812,2.10,1.00
2015.10.22 06:43:48.105,1.24797,1.24818,1.00,1.00
2015.10.22 06:43:48.359,1.24797,1.24818,3.00,1.75
2015.10.22 06:43:48.665,1.24801,1.24819,1.00,3.00
2015.10.22 06:43:49.103,1.24798,1.24819,1.50,3.00
2015.10.22 06:43:49.966,1.248,1.24819,1.00,2.25
2015.10.22 06:43:51.164,1.24797,1.24819,3.00,2.25
2015.10.22 06:43:57.508,1.248,1.24819,1.00,2.25
2015.10.22 06:43:59.868,1.24802,1.24819,1.00,2.25
2015.10.22 06:44:00.510,1.248,1.24818,1.00,1.75
2015.10.22 06:44:01.024,1.24798,1.24818,1.50,1.75
2015.10.22 06:44:05.370,1.24797,1.24818,1.50,1.75
2015.10.22 06:44:07.668,1.24793,1.24814,3.00,2.10
2015.10.22 06:44:07.719,1.24793,1.24814,2.25,2.10
2015.10.22 06:44:09.188,1.24793,1.24812,1.50,1.35
2015.10.22 06:44:09.764,1.24791,1.24811,1.87,1.75
2015.10.22 06:44:10.311,1.24792,1.24811,1.00,1.75
2015.10.22 06:44:11.734,1.24792,1.24806,1.00,2.10
2015.10.22 06:44:11.938,1.24787,1.24802,1.87,1.30
2015.10.22 06:44:13.398,1.24791,1.24806,1.00,1.75
2015.10.22 06:44:13.899,1.24792,1.24806,1.00,1.75
2015.10.22 06:44:14.790,1.24791,1.24806,1.00,1.75
2015.10.22 06:44:16.055,1.24792,1.24806,1.00,1.75
2015.10.22 06:44:20.572,1.24787,1.24806,1.37,1.75
2015.10.22 06:44:20.623,1.24789,1.2481,1.87,1.75
2015.10.22 06:44:20.724,1.2479,1.24806,1.50,1.00
2015.10.22 06:44:21.419,1.24792,1.24806,1.00,1.00
2015.10.22 06:44:24.757,1.24796,1.24806,1.00,1.00
2015.10.22 06:44:24.961,1.24792,1.24806,1.50,1.00
2015.10.22 06:44:29.064,1.24792,1.24811,1.87,1.75
2015.10.22 06:44:29.371,1.24802,1.24811,1.00,1.00
2015.10.22 06:44:29.888,1.24802,1.24817,1.00,1.75
2015.10.22 06:44:30.585,1.24801,1.24817,1.00,1.75
2015.10.22 06:44:31.772,1.24806,1.24817,1.00,1.75
2015.10.22 06:44:31.993,1.24801,1.24817,1.00,1.75
2015.10.22 06:44:32.510,1.24802,1.24816,1.00,1.75
2015.10.22 06:44:36.058,1.24801,1.24816,1.00,1.75
2015.10.22 06:44:36.261,1.24801,1.24809,1.00,1.00
2015.10.22 06:44:36.768,1.24802,1.24809,1.00,1.00
2015.10.22 06:44:37.298,1.24801,1.24809,1.00,1.00
2015.10.22 06:44:38.284,1.24807,1.24812,1.00,1.00
2015.10.22 06:44:38.790,1.24806,1.24812,1.00,1.00
2015.10.22 06:44:39.297,1.24807,1.24812,1.00,1.00
2015.10.22 06:44:41.320,1.24802,1.24812,1.00,1.00
2015.10.22 06:44:42.622,1.24802,1.2481,1.00,1.00
2015.10.22 06:44:42.674,1.24796,1.2481,1.00,1.75
2015.10.22 06:44:42.776,1.24796,1.24809,1.00,1.00
2015.10.22 06:44:42.879,1.24794,1.24809,1.00,1.00
2015.10.22 06:44:42.930,1.24794,1.24811,1.00,2.25
2015.10.22 06:44:43.313,1.24796,1.24812,1.00,2.25
2015.10.22 06:44:43.641,1.24794,1.24812,1.00,1.75
2015.10.22 06:44:45.104,1.24796,1.24811,1.00,1.75
2015.10.22 06:44:45.602,1.24811,1.2482,1.00,1.75
2015.10.22 06:44:45.704,1.2481,1.24823,1.00,1.00
2015.10.22 06:44:45.908,1.2481,1.24829,1.75,1.75
2015.10.22 06:44:49.873,1.24806,1.24827,2.25,1.75
2015.10.22 06:44:50.202,1.24806,1.24827,1.12,1.87
2015.10.22 06:44:50.562,1.24803,1.24821,1.37,1.75
2015.10.22 06:44:50.612,1.24803,1.24818,1.00,1.00
2015.10.22 06:44:50.663,1.24801,1.24818,1.00,1.00
2015.10.22 06:44:53.985,1.24797,1.2482,3.00,1.75
2015.10.22 06:44:55.840,1.248,1.24819,1.00,1.75
2015.10.22 06:44:56.411,1.24798,1.24819,1.50,1.75
2015.10.22 06:44:56.919,1.248,1.24818,1.37,1.50
2015.10.22 06:44:57.374,1.248,1.24819,2.25,1.50
2015.10.22 06:45:00.029,1.24798,1.24817,2.25,1.00
2015.10.22 06:45:00.639,1.24799,1.24818,1.75,1.12
2015.10.22 06:45:01.160,1.24799,1.24817,1.75,1.00
2015.10.22 06:45:01.738,1.248,1.24819,1.75,1.50
2015.10.22 06:45:05.855,1.24798,1.24817,2.25,1.00
2015.10.22 06:45:06.372,1.24798,1.24816,1.75,1.00
2015.10.22 06:45:11.673,1.24799,1.24818,1.75,1.12
2015.10.22 06:45:14.550,1.248,1.24819,1.75,1.87
2015.10.22 06:45:15.543,1.24798,1.24816,1.50,1.50
2015.10.22 06:45:15.822,1.24793,1.24813,1.87,2.25
2015.10.22 06:45:17.125,1.24795,1.24814,1.37,1.75
2015.10.22 06:45:17.177,1.24796,1.24815,1.50,1.75
2015.10.22 06:45:17.330,1.24793,1.24813,1.87,1.75
2015.10.22 06:45:17.381,1.24793,1.24807,1.00,1.00
2015.10.22 06:45:17.433,1.24787,1.24806,1.50,1.37
2015.10.22 06:45:17.484,1.24785,1.24806,3.00,1.75
2015.10.22 06:45:17.536,1.24785,1.24801,1.50,1.60
2015.10.22 06:45:17.739,1.24781,1.24798,1.00,1.00
2015.10.22 06:45:22.117,1.24779,1.24798,1.37,1.50
2015.10.22 06:45:22.168,1.24779,1.24793,1.00,1.00
2015.10.22 06:45:22.913,1.24776,1.24793,1.50,1.00
2015.10.22 06:45:28.366,1.24772,1.24793,1.12,2.25
2015.10.22 06:45:28.671,1.2477,1.24794,1.35,2.25
2015.10.22 06:45:41.984,1.2477,1.24789,1.50,1.75
2015.10.22 06:45:42.851,1.24768,1.24787,1.37,2.10
2015.10.22 06:45:42.902,1.24767,1.24787,1.12,2.10
2015.10.22 06:45:42.953,1.24764,1.24782,1.37,1.37
2015.10.22 06:45:43.299,1.24763,1.24782,2.25,1.75
2015.10.22 06:45:44.403,1.24763,1.24782,1.00,1.12
2015.10.22 06:45:44.508,1.24763,1.24781,1.75,1.75
2015.10.22 06:45:51.850,1.24762,1.24778,1.75,1.00
2015.10.22 06:45:52.401,1.24762,1.2478,1.75,1.50
2015.10.22 06:45:57.464,1.24767,1.24783,2.10,1.75
2015.10.22 06:45:57.618,1.24772,1.24788,1.12,1.50
2015.10.22 06:46:01.292,1.24772,1.24791,1.50,1.75
2015.10.22 06:46:01.343,1.24772,1.24791,1.75,1.75
2015.10.22 06:46:04.221,1.24772,1.24788,1.75,1.00
2015.10.22 06:46:05.501,1.24771,1.24788,1.50,1.37
2015.10.22 06:46:05.553,1.24771,1.24787,1.50,1.00
2015.10.22 06:46:06.793,1.24772,1.24787,1.00,1.00
2015.10.22 06:46:09.150,1.24773,1.24787,1.00,1.00
2015.10.22 06:46:09.601,1.24775,1.24787,1.00,1.00
2015.10.22 06:46:09.883,1.24775,1.24793,1.12,1.75
2015.10.22 06:46:12.457,1.24776,1.24793,1.00,1.75
2015.10.22 06:46:13.154,1.24777,1.24794,1.00,2.10
2015.10.22 06:46:14.887,1.24777,1.24794,2.25,1.00
2015.10.22 06:46:15.408,1.24778,1.24794,1.00,1.00
2015.10.22 06:46:16.201,1.24779,1.24794,1.00,1.00
2015.10.22 06:46:16.741,1.24778,1.24794,1.00,1.00
2015.10.22 06:46:20.691,1.24777,1.24794,3.00,1.00
2015.10.22 06:46:21.221,1.24778,1.24794,1.00,1.00
2015.10.22 06:46:21.681,1.24781,1.24794,1.00,1.00
2015.10.22 06:46:21.988,1.24794,1.2481,1.00,1.75
2015.10.22 06:46:22.288,1.24794,1.24814,1.50,2.25
2015.10.22 06:46:22.839,1.24796,1.24814,1.00,1.75
2015.10.22 06:46:23.617,1.24797,1.24816,1.00,2.10
2015.10.22 06:46:23.749,1.24799,1.24816,1.00,2.10
2015.10.22 06:46:24.296,1.24799,1.24816,1.12,1.35
2015.10.22 06:46:26.829,1.248,1.24816,1.00,1.35
2015.10.22 06:46:27.353,1.24799,1.24816,1.12,1.35
2015.10.22 06:46:28.257,1.24799,1.24816,1.12,1.35
2015.10.22 06:46:28.411,1.24799,1.24817,1.37,2.10
2015.10.22 06:46:31.079,1.248,1.24816,1.12,1.35
2015.10.22 06:46:31.232,1.248,1.24816,1.12,1.67
2015.10.22 06:46:32.604,1.248,1.24816,1.00,1.35
2015.10.22 06:46:32.708,1.248,1.24816,1.12,1.67
2015.10.22 06:46:35.612,1.24797,1.24813,1.50,1.00
2015.10.22 06:46:35.902,1.24796,1.24811,1.00,1.50
2015.10.22 06:46:36.413,1.24793,1.24813,1.50,2.85
2015.10.22 06:46:48.440,1.24798,1.24813,1.00,1.00
2015.10.22 06:46:49.035,1.24798,1.24818,1.00,1.00
2015.10.22 06:46:49.086,1.248,1.24821,1.00,3.60
2015.10.22 06:46:49.391,1.24802,1.24821,1.00,2.85
2015.10.22 06:46:50.523,1.24799,1.24821,1.50,1.60
2015.10.22 06:46:50.625,1.24801,1.24823,1.00,2.10
2015.10.22 06:46:50.931,1.2481,1.24829,1.00,1.37
2015.10.22 06:46:51.084,1.24812,1.24831,1.00,1.00
2015.10.22 06:46:51.187,1.24813,1.24833,1.00,1.12
2015.10.22 06:46:51.391,1.24816,1.24833,1.00,1.12
2015.10.22 06:46:51.986,1.24816,1.24835,1.00,1.35
2015.10.22 06:46:52.393,1.24819,1.24834,1.00,1.00
2015.10.22 06:46:52.939,1.24826,1.2484,1.00,1.72
2015.10.22 06:46:53.448,1.24825,1.24842,1.00,1.60
2015.10.22 06:46:53.550,1.24826,1.24845,1.00,1.60
2015.10.22 06:46:53.601,1.24828,1.24845,1.00,1.60
2015.10.22 06:46:54.042,1.24828,1.24845,1.00,2.85
2015.10.22 06:46:54.246,1.24826,1.24843,1.00,1.60
2015.10.22 06:46:54.751,1.24825,1.24845,1.00,4.35
2015.10.22 06:46:55.302,1.24826,1.24845,1.00,5.10
2015.10.22 06:46:57.906,1.24826,1.24841,1.00,1.00
2015.10.22 06:46:58.336,1.24824,1.24841,1.00,1.00
2015.10.22 06:47:00.201,1.24823,1.24841,1.00,1.00
2015.10.22 06:47:01.775,1.24823,1.24842,1.00,1.72
2015.10.22 06:47:04.690,1.24822,1.24842,1.00,1.72
2015.10.22 06:47:06.581,1.24821,1.24842,1.00,1.72
2015.10.22 06:47:08.749,1.24821,1.24841,1.00,1.00
2015.10.22 06:47:11.308,1.24822,1.24841,1.00,1.12
2015.10.22 06:47:11.530,1.24822,1.24838,1.00,1.60
2015.10.22 06:47:11.632,1.24819,1.24838,1.00,1.60
2015.10.22 06:47:11.683,1.24819,1.24835,1.00,1.00
2015.10.22 06:47:11.924,1.24817,1.24835,1.00,1.50
2015.10.22 06:47:12.750,1.24817,1.24835,1.00,2.10
2015.10.22 06:47:12.997,1.24814,1.24835,1.00,2.10
2015.10.22 06:47:13.216,1.24814,1.24831,1.00,1.00
2015.10.22 06:47:14.222,1.24814,1.24834,1.00,1.35
2015.10.22 06:47:14.273,1.24816,1.24834,1.00,1.35
2015.10.22 06:47:17.288,1.24817,1.24834,1.00,2.10
2015.10.22 06:47:17.441,1.24815,1.24834,1.00,2.10
2015.10.22 06:47:17.984,1.24814,1.24834,1.00,1.35
2015.10.22 06:47:18.492,1.24815,1.24834,1.00,1.35
2015.10.22 06:47:19.032,1.24816,1.24833,1.00,1.00
2015.10.22 06:47:19.184,1.24816,1.24836,1.00,1.00
2015.10.22 06:47:19.540,1.24818,1.24837,1.00,1.00
2015.10.22 06:47:20.064,1.2482,1.24838,1.00,1.35
2015.10.22 06:47:20.572,1.24819,1.24838,1.00,1.00
2015.10.22 06:47:23.507,1.24817,1.24838,1.00,1.00
2015.10.22 06:47:24.077,1.24816,1.24837,1.00,1.00
2015.10.22 06:47:24.610,1.24815,1.24836,1.00,1.00
2015.10.22 06:47:27.150,1.24817,1.24836,1.00,1.00
2015.10.22 06:47:27.923,1.24815,1.24836,1.00,1.00
2015.10.22 06:47:28.324,1.24819,1.24836,1.00,1.00
2015.10.22 06:47:29.469,1.24819,1.24837,1.00,1.00
2015.10.22 06:47:29.774,1.24821,1.24837,1.00,1.00
2015.10.22 06:47:31.329,1.24821,1.24834,1.00,1.00
2015.10.22 06:47:32.017,1.2482,1.24834,1.00,1.00
2015.10.22 06:47:32.329,1.2482,1.24836,1.00,1.00
2015.10.22 06:47:33.505,1.24821,1.24836,1.00,1.00
2015.10.22 06:47:34.039,1.2482,1.24836,1.00,1.00
2015.10.22 06:47:35.418,1.2482,1.24838,1.00,2.85
2015.10.22 06:47:37.361,1.24818,1.24836,1.00,1.00
2015.10.22 06:47:37.673,1.24818,1.24834,1.00,1.00
2015.10.22 06:47:38.174,1.24819,1.24834,1.00,1.00
2015.10.22 06:47:38.378,1.24817,1.24835,1.00,1.00
2015.10.22 06:47:38.581,1.24819,1.24835,1.00,1.00
2015.10.22 06:47:42.838,1.24821,1.24835,1.00,1.00
2015.10.22 06:47:43.498,1.24823,1.24835,1.00,1.00
2015.10.22 06:47:44.497,1.24822,1.24835,1.00,1.00
2015.10.22 06:47:45.051,1.24821,1.24836,1.00,1.00
2015.10.22 06:47:45.398,1.24823,1.24836,1.00,1.00
2015.10.22 06:47:45.500,1.24821,1.24836,1.00,1.00
2015.10.22 06:47:46.067,1.24822,1.24836,1.00,1.00
2015.10.22 06:47:46.460,1.24822,1.24838,1.00,1.50
2015.10.22 06:47:46.967,1.24823,1.24838,1.00,1.50
2015.10.22 06:47:49.718,1.24824,1.24838,1.00,1.00
2015.10.22 06:47:50.249,1.24823,1.24838,1.00,1.00
2015.10.22 06:47:51.806,1.24823,1.24839,1.00,1.00
2015.10.22 06:47:51.908,1.24827,1.24839,1.00,1.00
2015.10.22 06:47:51.960,1.24827,1.24842,1.00,1.00
2015.10.22 06:47:52.493,1.24827,1.24843,1.00,1.00
2015.10.22 06:47:53.118,1.24826,1.24843,1.00,1.00
2015.10.22 06:47:53.294,1.24826,1.24843,1.00,1.37
2015.10.22 06:47:57.762,1.24824,1.24841,1.50,1.30
2015.10.22 06:48:04.647,1.24824,1.24839,1.50,1.00
2015.10.22 06:48:04.748,1.24822,1.24839,1.12,1.50
2015.10.22 06:48:04.850,1.24822,1.24839,1.00,1.75
2015.10.22 06:48:05.472,1.24821,1.24838,1.00,1.75
2015.10.22 06:48:10.885,1.24819,1.24837,1.37,1.75
2015.10.22 06:48:20.682,1.2482,1.24833,1.00,1.00
2015.10.22 06:48:20.734,1.24818,1.24833,1.00,1.00
2015.10.22 06:48:22.293,1.24817,1.24833,1.00,1.00
2015.10.22 06:48:22.503,1.24815,1.24835,1.12,1.75
2015.10.22 06:48:26.669,1.24816,1.24835,1.00,1.75
2015.10.22 06:48:26.974,1.24818,1.24837,1.12,3.75
2015.10.22 06:48:27.127,1.2482,1.24836,1.00,1.00
2015.10.22 06:48:28.321,1.24821,1.24836,1.00,1.00
2015.10.22 06:48:28.841,1.2482,1.24836,1.50,1.00
2015.10.22 06:48:38.017,1.2482,1.24835,1.00,1.00
2015.10.22 06:48:38.221,1.24813,1.24834,1.75,1.75
2015.10.22 06:48:41.151,1.24816,1.24836,1.75,1.37
2015.10.22 06:48:48.214,1.24817,1.24835,1.37,1.67
2015.10.22 06:48:48.265,1.24815,1.24834,1.75,1.50
2015.10.22 06:48:48.418,1.24815,1.24833,1.12,1.75
2015.10.22 06:48:48.926,1.24815,1.24832,1.00,1.75
2015.10.22 06:48:49.029,1.24815,1.24833,1.50,1.75
2015.10.22 06:48:52.767,1.24813,1.24827,1.50,1.00
2015.10.22 06:48:52.869,1.24813,1.24835,2.25,2.10
2015.10.22 06:48:54.369,1.24813,1.24834,2.25,1.50
2015.10.22 06:48:54.470,1.24816,1.24834,1.12,1.00
2015.10.22 06:48:54.775,1.2482,1.24837,1.75,2.10
2015.10.22 06:49:14.172,1.24821,1.24837,1.12,2.10
2015.10.22 06:49:15.277,1.24821,1.24837,1.75,2.47
2015.10.22 06:49:32.198,1.2482,1.24837,1.75,2.10
2015.10.22 06:49:38.971,1.24819,1.24832,1.75,2.10
2015.10.22 06:49:39.023,1.24819,1.24832,1.00,2.85
2015.10.22 06:49:39.075,1.24817,1.24832,1.00,1.00
2015.10.22 06:49:39.228,1.24817,1.24836,1.75,1.67
2015.10.22 06:49:40.120,1.24821,1.24839,1.37,2.10
2015.10.22 06:49:40.171,1.24823,1.24839,1.00,2.10
2015.10.22 06:49:51.622,1.24823,1.24838,1.00,1.00
2015.10.22 06:49:53.417,1.2482,1.24838,1.75,1.37
2015.10.22 06:49:53.520,1.24819,1.24838,2.25,1.75
2015.10.22 06:50:01.866,1.24821,1.24841,1.75,2.10
2015.10.22 06:50:19.305,1.24824,1.24841,1.12,1.67
2015.10.22 06:50:20.077,1.24825,1.24841,1.00,1.67
2015.10.22 06:50:24.257,1.24823,1.24841,1.50,1.67
2015.10.22 06:50:25.756,1.24823,1.24841,1.50,2.85
2015.10.22 06:50:26.684,1.24824,1.24838,1.12,1.00
2015.10.22 06:50:27.456,1.24824,1.2484,1.12,1.72
2015.10.22 06:50:28.037,1.24824,1.2484,1.12,1.12
2015.10.22 06:50:31.527,1.24823,1.2484,1.50,2.47
2015.10.22 06:50:40.938,1.24822,1.24838,1.50,2.47
2015.10.22 06:50:41.243,1.24822,1.24837,1.00,1.35
2015.10.22 06:50:42.341,1.24822,1.24835,1.00,2.47
2015.10.22 06:50:42.443,1.24815,1.24833,1.50,1.67
2015.10.22 06:50:42.494,1.24815,1.24833,1.37,1.35
2015.10.22 06:50:42.545,1.24815,1.24829,1.00,1.00
2015.10.22 06:50:45.542,1.24815,1.24831,1.50,1.00
2015.10.22 06:50:50.327,1.24816,1.24831,1.00,1.00
2015.10.22 06:50:50.546,1.24818,1.24831,1.00,1.00
2015.10.22 06:50:51.071,1.24819,1.24831,1.00,1.00
2015.10.22 06:50:53.211,1.24818,1.24831,1.00,1.00
2015.10.22 06:50:53.618,1.24816,1.24831,1.50,1.00
2015.10.22 06:50:54.449,1.24816,1.24838,1.87,2.62
2015.10.22 06:50:54.500,1.24816,1.24838,2.25,2.25
2015.10.22 06:50:56.495,1.2482,1.24838,1.00,3.00
2015.10.22 06:51:02.854,1.2482,1.24838,1.37,1.50
2015.10.22 06:51:02.905,1.24822,1.24838,1.00,1.00
2015.10.22 06:51:03.661,1.24823,1.24838,1.00,1.00
2015.10.22 06:51:03.712,1.24823,1.24841,1.37,1.37
2015.10.22 06:51:03.770,1.24823,1.24841,1.75,1.00
2015.10.22 06:51:08.335,1.24825,1.2484,1.00,1.00
2015.10.22 06:51:11.676,1.24824,1.2484,1.00,1.35
2015.10.22 06:51:11.828,1.24827,1.2484,1.00,1.00
2015.10.22 06:51:12.082,1.24825,1.2484,1.00,1.00
2015.10.22 06:51:15.329,1.24825,1.24839,1.00,1.00
2015.10.22 06:51:15.979,1.24825,1.2484,1.00,1.00
2015.10.22 06:51:16.918,1.24824,1.2484,1.50,1.00
2015.10.22 06:51:32.361,1.24826,1.24845,2.25,1.67
2015.10.22 06:51:32.825,1.24831,1.24848,1.00,1.35
2015.10.22 06:51:33.286,1.24833,1.24849,1.00,1.60
2015.10.22 06:51:39.299,1.24834,1.24849,1.00,1.60
2015.10.22 06:51:39.553,1.24836,1.24849,1.50,1.00
2015.10.22 06:51:39.655,1.24838,1.24853,1.00,1.00
2015.10.22 06:51:40.270,1.24838,1.24854,1.50,2.10
2015.10.22 06:51:45.605,1.24838,1.24854,1.50,2.85
2015.10.22 06:51:49.176,1.24838,1.2485,1.00,1.00
2015.10.22 06:51:50.693,1.24835,1.2485,1.00,1.50
2015.10.22 06:51:51.202,1.24835,1.24849,1.00,1.00
2015.10.22 06:51:51.753,1.24834,1.24849,1.00,1.00
2015.10.22 06:51:52.300,1.24834,1.24848,1.00,1.00
2015.10.22 06:51:54.683,1.24834,1.2485,1.00,1.50
2015.10.22 06:51:55.424,1.24834,1.24848,1.00,1.00
2015.10.22 06:51:57.013,1.24834,1.24849,1.50,1.00
2015.10.22 06:51:57.550,1.24834,1.2485,1.50,1.50
2015.10.22 06:51:58.045,1.24834,1.24845,1.00,2.10
2015.10.22 06:51:58.147,1.2483,1.24844,2.25,1.00
2015.10.22 06:51:58.198,1.2483,1.24846,2.25,1.00
2015.10.22 06:51:58.249,1.24833,1.24846,1.00,1.00
2015.10.22 06:51:58.351,1.24833,1.24853,1.50,1.75
2015.10.22 06:52:05.426,1.24835,1.24856,1.75,1.75
2015.10.22 06:52:14.636,1.24837,1.24851,1.12,1.00
2015.10.22 06:52:14.791,1.24833,1.24849,1.00,1.00
2015.10.22 06:52:25.610,1.24831,1.24851,1.12,3.75
2015.10.22 06:52:34.882,1.24832,1.2485,1.00,1.75
2015.10.22 06:52:36.289,1.24841,1.24852,1.00,1.87
2015.10.22 06:52:36.543,1.24859,1.24875,1.35,1.75
2015.10.22 06:52:36.595,1.24862,1.24874,1.12,1.00
2015.10.22 06:52:36.985,1.24862,1.24877,1.12,1.00
2015.10.22 06:52:37.340,1.24862,1.24877,1.00,1.75
2015.10.22 06:52:38.401,1.2486,1.24877,1.67,1.75
2015.10.22 06:52:58.617,1.24861,1.24882,1.50,1.12
2015.10.22 06:52:58.668,1.24863,1.24883,1.50,3.75
2015.10.22 06:52:59.075,1.24864,1.24883,1.75,1.12
2015.10.22 06:53:05.479,1.24863,1.24882,1.75,1.37
2015.10.22 06:53:05.532,1.24864,1.24881,1.00,1.00
2015.10.22 06:53:05.583,1.24862,1.24883,2.85,1.37
2015.10.22 06:53:07.093,1.24863,1.24883,1.50,1.75
2015.10.22 06:53:07.655,1.24862,1.24881,1.87,1.50
2015.10.22 06:53:07.896,1.24862,1.24881,1.87,1.75
2015.10.22 06:53:14.262,1.24862,1.24878,1.12,1.00
2015.10.22 06:53:14.634,1.24865,1.24877,1.00,1.00
2015.10.22 06:53:14.845,1.24865,1.24879,1.00,1.12
2015.10.22 06:53:15.454,1.24865,1.24877,1.00,1.00
2015.10.22 06:53:15.761,1.24865,1.24877,1.00,1.75
2015.10.22 06:53:17.939,1.24865,1.2488,1.00,1.75
2015.10.22 06:53:17.990,1.24865,1.2488,1.00,1.50
2015.10.22 06:53:18.296,1.24863,1.24879,1.12,1.12
2015.10.22 06:53:19.043,1.24863,1.24878,1.12,1.00
2015.10.22 06:53:24.526,1.24863,1.24879,1.12,1.12
2015.10.22 06:53:31.151,1.24863,1.24878,1.12,1.00
2015.10.22 06:53:35.433,1.24863,1.24879,1.12,1.12
2015.10.22 06:53:37.677,1.24863,1.24878,1.12,1.00
2015.10.22 06:53:38.226,1.24863,1.24879,1.12,1.12
2015.10.22 06:53:40.052,1.24863,1.24878,1.12,1.00
2015.10.22 06:53:45.904,1.24863,1.24881,1.37,1.50
2015.10.22 06:53:45.956,1.24864,1.24881,1.00,1.00
2015.10.22 06:53:46.617,1.24864,1.24879,1.00,1.00
2015.10.22 06:53:46.962,1.24864,1.24882,1.00,2.10
2015.10.22 06:53:47.014,1.24864,1.24882,1.00,2.10
2015.10.22 06:53:47.983,1.24864,1.24882,1.37,1.75
2015.10.22 06:53:48.086,1.24864,1.24883,2.10,1.37
2015.10.22 06:53:48.137,1.24868,1.24884,1.00,1.00
2015.10.22 06:53:53.102,1.24864,1.24885,2.10,1.75
2015.10.22 06:53:53.154,1.24865,1.24882,1.00,1.00
2015.10.22 06:53:53.255,1.24864,1.24885,1.35,1.00
2015.10.22 06:54:00.941,1.24868,1.24885,2.10,1.50
2015.10.22 06:54:01.043,1.24868,1.24887,2.85,1.00
2015.10.22 06:54:01.287,1.24872,1.24887,1.00,1.00
2015.10.22 06:54:01.582,1.24872,1.24889,1.00,1.00
2015.10.22 06:54:05.516,1.24872,1.24886,1.00,1.00
2015.10.22 06:54:05.904,1.24874,1.24892,1.50,1.00
2015.10.22 06:54:05.956,1.24874,1.24896,1.50,1.50
2015.10.22 06:54:06.007,1.24877,1.24896,1.00,1.50
2015.10.22 06:54:06.313,1.2488,1.24898,1.00,1.00
2015.10.22 06:54:06.568,1.24883,1.24902,1.00,1.50
2015.10.22 06:54:06.620,1.24886,1.24902,1.00,1.00
2015.10.22 06:54:07.058,1.24886,1.24904,1.00,1.00
2015.10.22 06:54:09.376,1.24886,1.24905,1.00,1.00
2015.10.22 06:54:09.478,1.24887,1.24907,1.00,1.00
2015.10.22 06:54:10.556,1.24887,1.24905,1.00,1.00
2015.10.22 06:54:13.259,1.24887,1.24904,1.00,1.00
2015.10.22 06:54:17.508,1.24883,1.24904,1.50,1.00
2015.10.22 06:54:18.054,1.24883,1.24903,1.50,1.00
2015.10.22 06:54:18.504,1.24884,1.24905,1.00,1.00
2015.10.22 06:54:19.711,1.24884,1.24903,1.00,1.00
2015.10.22 06:54:21.007,1.24885,1.24903,1.00,1.00
2015.10.22 06:54:26.951,1.24885,1.24904,1.00,1.00
2015.10.22 06:54:29.664,1.24883,1.24904,1.50,1.00
2015.10.22 06:54:30.181,1.24884,1.24904,1.00,1.00
2015.10.22 06:54:30.486,1.24887,1.24904,1.00,1.00
2015.10.22 06:54:35.981,1.24886,1.24904,1.50,1.00
2015.10.22 06:54:37.015,1.24892,1.24904,1.00,1.00
2015.10.22 06:54:40.381,1.24891,1.24904,1.00,1.00
2015.10.22 06:54:41.097,1.24891,1.24909,1.00,1.35
2015.10.22 06:54:44.451,1.2489,1.2491,1.00,1.60
2015.10.22 06:54:45.971,1.2489,1.24907,1.00,1.00
2015.10.22 06:54:46.679,1.24889,1.24907,1.00,1.00
2015.10.22 06:54:48.720,1.24889,1.24906,1.00,1.00
2015.10.22 06:54:49.954,1.2489,1.24906,1.00,1.00
2015.10.22 06:54:50.462,1.2489,1.24907,1.00,1.00
2015.10.22 06:54:51.067,1.2489,1.24908,1.00,1.50
2015.10.22 06:54:52.487,1.24889,1.24908,1.00,1.50
2015.10.22 06:54:56.320,1.24889,1.24906,1.00,1.00
2015.10.22 06:54:56.478,1.24887,1.24906,1.00,1.00
2015.10.22 06:54:57.017,1.24887,1.24905,1.00,1.00
2015.10.22 06:55:00.121,1.24887,1.24903,1.00,1.00
2015.10.22 06:55:00.426,1.24882,1.24897,1.00,1.00
2015.10.22 06:55:00.528,1.24882,1.24899,1.00,1.00
2015.10.22 06:55:01.048,1.24882,1.24898,1.00,1.00
2015.10.22 06:55:01.100,1.24879,1.24898,1.00,1.00
2015.10.22 06:55:01.602,1.24879,1.24899,1.00,1.00
2015.10.22 06:55:04.327,1.24879,1.24899,3.60,1.00
2015.10.22 06:55:04.581,1.24881,1.24901,2.10,1.00
2015.10.22 06:55:05.112,1.24881,1.24902,1.35,2.25
2015.10.22 06:55:05.619,1.24882,1.24902,1.00,2.25
2015.10.22 06:55:07.134,1.2488,1.24901,1.60,1.00
2015.10.22 06:55:10.318,1.24881,1.24902,2.10,2.25
2015.10.22 06:55:13.288,1.24881,1.24901,1.35,1.00
2015.10.22 06:55:13.797,1.2488,1.24902,1.00,2.62
2015.10.22 06:55:14.438,1.2488,1.249,1.50,1.00
2015.10.22 06:55:14.964,1.2488,1.24901,1.00,1.12
2015.10.22 06:55:15.693,1.2488,1.249,1.00,1.00
2015.10.22 06:55:16.731,1.24879,1.249,1.50,1.50
2015.10.22 06:55:19.648,1.24879,1.24899,1.50,1.00
2015.10.22 06:55:22.193,1.24879,1.24901,1.50,1.50
2015.10.22 06:55:23.008,1.24879,1.249,1.00,1.00
2015.10.22 06:55:29.551,1.24881,1.249,1.00,1.00
2015.10.22 06:55:30.364,1.24882,1.249,1.00,1.00
2015.10.22 06:55:33.762,1.24881,1.249,1.00,1.00
2015.10.22 06:55:35.948,1.24882,1.249,1.00,1.00
2015.10.22 06:55:38.119,1.2488,1.249,1.00,1.00
2015.10.22 06:55:40.443,1.24881,1.249,1.00,1.00
2015.10.22 06:55:40.494,1.24881,1.24902,1.00,1.50
2015.10.22 06:55:40.864,1.2488,1.24899,1.00,1.00
2015.10.22 06:55:41.306,1.24881,1.24899,2.10,1.00
2015.10.22 06:55:42.475,1.2488,1.24899,1.00,1.00
2015.10.22 06:55:50.341,1.24879,1.24899,1.35,1.00
2015.10.22 06:55:50.941,1.2488,1.24899,1.00,1.00
2015.10.22 06:55:57.747,1.24879,1.24899,2.10,1.00
2015.10.22 06:56:02.491,1.24878,1.24897,1.60,1.00
2015.10.22 06:56:03.617,1.24878,1.24894,1.60,1.00
2015.10.22 06:56:03.770,1.24873,1.24893,1.00,1.00
2015.10.22 06:56:04.297,1.24873,1.2489,1.12,1.00
2015.10.22 06:56:04.604,1.24871,1.24887,1.00,1.00
2015.10.22 06:56:06.046,1.24871,1.24891,1.50,1.00
2015.10.22 06:56:06.549,1.24872,1.24891,1.00,1.00
2015.10.22 06:56:10.632,1.24874,1.24891,1.00,1.00
2015.10.22 06:56:11.901,1.24875,1.24891,1.00,1.00
2015.10.22 06:56:11.952,1.24875,1.24893,1.00,1.00
2015.10.22 06:56:12.105,1.24876,1.24895,1.50,1.00
2015.10.22 06:56:12.554,1.24871,1.24893,1.00,1.00
2015.10.22 06:56:12.707,1.2487,1.24889,1.35,1.00
2015.10.22 06:56:13.217,1.24869,1.24889,1.00,1.50
2015.10.22 06:56:17.355,1.24871,1.24889,1.35,1.00
2015.10.22 06:56:17.663,1.24874,1.24889,1.00,1.00
2015.10.22 06:56:17.869,1.24872,1.24889,1.50,1.00
2015.10.22 06:56:19.425,1.24873,1.24889,1.00,1.00
2015.10.22 06:56:22.381,1.24871,1.24889,1.00,1.00
2015.10.22 06:56:22.689,1.24873,1.24889,1.00,1.00
2015.10.22 06:56:33.623,1.24873,1.24888,1.00,1.00
2015.10.22 06:56:34.132,1.24872,1.24889,1.50,1.00
2015.10.22 06:56:34.648,1.24874,1.24889,1.00,1.00
2015.10.22 06:56:35.323,1.24873,1.24889,1.00,1.00
2015.10.22 06:56:37.894,1.24871,1.24889,1.50,1.00
2015.10.22 06:56:39.203,1.24872,1.24889,1.00,1.00
2015.10.22 06:56:39.730,1.24873,1.24889,1.00,1.00
2015.10.22 06:56:40.301,1.24872,1.24889,1.00,1.00
2015.10.22 06:56:40.818,1.24871,1.24889,1.50,1.00
2015.10.22 06:56:41.288,1.24872,1.2489,1.75,1.12
2015.10.22 06:56:49.282,1.24876,1.2489,1.00,1.87
2015.10.22 06:56:50.099,1.24879,1.24893,1.00,1.12
2015.10.22 06:56:50.302,1.24877,1.24893,1.12,1.12
2015.10.22 06:56:51.663,1.24877,1.24892,1.12,1.00
2015.10.22 06:56:52.590,1.24877,1.24894,1.12,1.50
2015.10.22 06:56:53.047,1.24879,1.24895,1.00,1.75
2015.10.22 06:56:53.554,1.24878,1.24895,1.00,1.75
2015.10.22 06:56:54.149,1.24879,1.24894,1.00,1.50
2015.10.22 06:56:57.222,1.24884,1.24894,1.37,1.00
2015.10.22 06:56:57.274,1.24884,1.24896,1.37,1.00
2015.10.22 06:56:57.325,1.24884,1.24901,1.87,2.25
2015.10.22 06:56:57.580,1.24885,1.24902,1.37,1.50
2015.10.22 06:56:58.088,1.24886,1.24904,1.50,1.50
2015.10.22 06:56:59.426,1.24882,1.24901,1.75,1.00
2015.10.22 06:56:59.528,1.24882,1.24901,1.75,1.50
2015.10.22 06:57:01.339,1.24887,1.24905,1.37,2.25
2015.10.22 06:57:01.851,1.24885,1.24905,1.75,1.75
2015.10.22 06:57:03.828,1.24893,1.24908,1.00,1.50
2015.10.22 06:57:04.124,1.24893,1.24909,1.35,1.00
2015.10.22 06:57:05.514,1.24893,1.24914,1.35,3.00
2015.10.22 06:57:07.078,1.24892,1.24909,2.10,1.00
2015.10.22 06:57:08.524,1.24892,1.24909,1.67,1.87
2015.10.22 06:57:09.103,1.2489,1.24909,1.35,2.25
2015.10.22 06:57:09.155,1.2489,1.24909,1.35,2.25
2015.10.22 06:57:21.154,1.24892,1.24909,1.72,1.37
2015.10.22 06:57:21.774,1.24893,1.24909,1.00,1.00
2015.10.22 06:57:24.485,1.24892,1.24909,1.67,1.87
2015.10.22 06:57:24.994,1.24892,1.24909,1.72,2.25
2015.10.22 06:57:27.624,1.24887,1.24905,1.75,1.00
2015.10.22 06:57:27.878,1.24888,1.24904,1.00,1.00
2015.10.22 06:57:45.419,1.24887,1.24907,1.75,1.75
2015.10.22 06:57:45.952,1.24886,1.24907,1.75,1.75
2015.10.22 06:57:46.264,1.24892,1.24909,1.75,1.50
2015.10.22 06:57:46.570,1.24894,1.24914,2.25,1.37
2015.10.22 06:57:47.825,1.24899,1.24914,1.37,1.00
2015.10.22 06:57:48.028,1.24906,1.24927,1.75,1.75
2015.10.22 06:57:50.535,1.24909,1.24926,1.12,1.50
2015.10.22 06:57:54.688,1.2491,1.24923,1.00,1.00
2015.10.22 06:57:58.860,1.24911,1.24923,1.00,1.00
2015.10.22 06:57:59.298,1.24909,1.24923,1.50,1.00
2015.10.22 06:58:14.619,1.24909,1.24922,1.00,1.37
2015.10.22 06:58:15.133,1.24909,1.24924,1.00,2.25
2015.10.22 06:58:15.338,1.24907,1.24924,1.87,1.75
2015.10.22 06:58:15.848,1.24909,1.24925,1.00,1.75
2015.10.22 06:58:18.664,1.24909,1.24925,1.50,1.00
2015.10.22 06:58:18.869,1.24912,1.24925,1.00,1.00
2015.10.22 06:58:19.393,1.24912,1.24927,1.00,1.12
2015.10.22 06:58:19.959,1.2491,1.24929,1.67,1.75
2015.10.22 06:58:20.735,1.24912,1.24932,1.00,1.75
2015.10.22 06:58:20.837,1.24921,1.2493,1.00,1.75
2015.10.22 06:58:20.888,1.24921,1.24935,1.00,1.12
2015.10.22 06:58:20.990,1.24919,1.24935,1.00,1.00
2015.10.22 06:58:21.244,1.24919,1.24937,1.50,1.37
2015.10.22 06:58:21.492,1.24918,1.24934,1.75,1.00
2015.10.22 06:58:21.596,1.24918,1.24933,1.00,1.00
2015.10.22 06:58:21.852,1.24918,1.24934,1.37,1.37
2015.10.22 06:58:22.259,1.24918,1.24929,1.50,1.00
2015.10.22 06:58:22.768,1.24918,1.2493,1.50,1.00
2015.10.22 06:58:22.972,1.24918,1.24933,1.50,1.00
2015.10.22 06:58:23.363,1.24922,1.24936,1.00,1.00
2015.10.22 06:58:23.618,1.24923,1.2494,1.67,1.00
2015.10.22 06:58:23.721,1.24925,1.2494,1.60,1.00
2015.10.22 06:58:24.237,1.24925,1.24941,1.60,1.87
2015.10.22 06:58:25.828,1.24925,1.24939,1.60,1.00
2015.10.22 06:58:26.079,1.24925,1.24941,1.60,1.87
2015.10.22 06:58:29.674,1.24925,1.24938,1.60,1.00
2015.10.22 06:58:29.777,1.24923,1.24938,1.50,1.00
2015.10.22 06:58:30.011,1.24923,1.24931,1.00,1.00
2015.10.22 06:58:30.062,1.24919,1.24931,2.47,1.00
2015.10.22 06:58:30.318,1.24919,1.24933,2.10,1.00
2015.10.22 06:58:30.886,1.24921,1.24933,1.12,1.00
2015.10.22 06:58:31.115,1.24919,1.24935,2.10,1.50
2015.10.22 06:58:31.167,1.24918,1.24935,1.50,1.50
2015.10.22 06:58:31.218,1.24918,1.24932,1.50,1.00
2015.10.22 06:58:31.600,1.24918,1.24932,1.50,1.00
2015.10.22 06:58:31.652,1.24921,1.24934,1.30,1.00
2015.10.22 06:58:31.703,1.24923,1.24934,1.00,1.00
2015.10.22 06:58:31.907,1.24927,1.24941,1.30,1.87
2015.10.22 06:58:32.523,1.24925,1.2494,1.50,1.00
2015.10.22 06:58:32.881,1.24922,1.24937,1.75,1.00
2015.10.22 06:58:33.085,1.24922,1.2494,2.25,1.00
2015.10.22 06:58:33.625,1.24922,1.24941,2.25,1.87
2015.10.22 06:58:33.778,1.2492,1.24938,1.87,1.00
2015.10.22 06:58:33.880,1.2492,1.24938,1.75,1.12
2015.10.22 06:58:33.934,1.2492,1.24938,1.75,1.12
2015.10.22 06:58:34.086,1.24922,1.24938,1.72,1.00
2015.10.22 06:58:34.629,1.24924,1.2494,2.10,1.12
2015.10.22 06:58:35.294,1.24927,1.24942,1.37,1.37
2015.10.22 06:58:35.398,1.24927,1.24944,1.50,1.37
2015.10.22 06:58:35.499,1.24927,1.24944,1.75,1.00
2015.10.22 06:58:36.023,1.24929,1.24943,1.35,1.00
2015.10.22 06:58:36.544,1.24929,1.24944,1.35,1.00
2015.10.22 06:58:37.078,1.24929,1.24948,2.10,2.25
2015.10.22 06:58:37.333,1.2493,1.24949,1.87,1.50
2015.10.22 06:58:38.245,1.24931,1.24948,2.10,1.00
2015.10.22 06:58:38.910,1.24931,1.24947,2.10,1.00
2015.10.22 06:58:39.270,1.24931,1.24949,1.35,1.00
2015.10.22 06:58:39.321,1.24933,1.24949,1.00,1.50
2015.10.22 06:58:42.160,1.24933,1.24948,1.00,1.00
2015.10.22 06:58:42.211,1.24933,1.24946,1.00,1.00
2015.10.22 06:58:42.945,1.24928,1.24946,3.00,1.12
2015.10.22 06:58:43.661,1.24927,1.24945,1.75,1.00
2015.10.22 06:58:46.705,1.24929,1.24948,1.75,2.25
2015.10.22 06:58:47.526,1.24927,1.24946,1.75,1.37
2015.10.22 06:58:47.577,1.24927,1.24946,1.50,1.75
2015.10.22 06:58:48.740,1.24926,1.24942,1.75,1.00
2015.10.22 06:58:49.075,1.24925,1.24941,1.12,1.50
2015.10.22 06:58:50.455,1.24925,1.2494,1.00,1.75
2015.10.22 06:58:53.761,1.24922,1.24939,1.00,1.50
2015.10.22 06:58:53.961,1.24921,1.24938,1.30,1.50
2015.10.22 06:58:54.424,1.24922,1.2494,2.25,1.50
2015.10.22 06:58:55.020,1.24928,1.24943,1.00,1.00
2015.10.22 06:58:56.345,1.24931,1.24943,1.50,1.00
2015.10.22 06:58:56.651,1.24936,1.24952,1.12,1.87
2015.10.22 06:58:56.821,1.24936,1.24949,1.12,1.00
2015.10.22 06:58:57.207,1.24936,1.24952,1.12,1.87
2015.10.22 06:58:58.376,1.24937,1.24952,1.87,1.12
2015.10.22 06:58:58.681,1.2494,1.24952,1.12,1.00
2015.10.22 06:58:59.188,1.24941,1.24952,1.00,1.00
2015.10.22 06:59:02.574,1.24942,1.24952,1.00,1.00
2015.10.22 06:59:02.778,1.2494,1.24952,1.12,1.00
2015.10.22 06:59:05.468,1.24933,1.24951,2.62,1.00
2015.10.22 06:59:05.570,1.24933,1.24951,2.25,1.50
2015.10.22 06:59:14.923,1.24938,1.24954,1.87,1.37
2015.10.22 06:59:14.974,1.24938,1.24954,2.25,1.00
2015.10.22 06:59:15.484,1.2494,1.24955,1.00,1.00
2015.10.22 06:59:15.586,1.24942,1.24955,1.12,1.00
2015.10.22 06:59:16.291,1.24939,1.24955,1.50,1.50
2015.10.22 06:59:16.803,1.2494,1.24955,1.00,1.50
2015.10.22 06:59:21.640,1.24939,1.24955,1.00,1.50
2015.10.22 06:59:21.844,1.24939,1.24952,1.00,1.00
2015.10.22 06:59:22.149,1.24932,1.24945,2.25,1.00
2015.10.22 06:59:22.302,1.24931,1.24945,1.00,1.50
2015.10.22 06:59:22.498,1.24931,1.24943,1.00,1.00
2015.10.22 06:59:22.652,1.2493,1.24945,1.50,1.00
2015.10.22 06:59:23.975,1.2493,1.24944,1.50,1.00
2015.10.22 06:59:24.514,1.24931,1.24945,1.00,1.00
2015.10.22 06:59:24.616,1.24936,1.24952,1.00,2.62
2015.10.22 06:59:24.667,1.24936,1.24952,1.00,2.25
2015.10.22 06:59:24.719,1.24939,1.24952,1.00,2.25
2015.10.22 06:59:24.770,1.24939,1.24953,1.00,1.75
2015.10.22 06:59:25.038,1.24939,1.24953,1.00,1.00
2015.10.22 06:59:25.092,1.24941,1.2496,1.37,1.75
2015.10.22 06:59:30.168,1.24943,1.24958,2.25,1.00
2015.10.22 06:59:30.321,1.24943,1.24961,3.00,1.00
2015.10.22 06:59:30.844,1.24944,1.24963,1.75,1.87
2015.10.22 06:59:34.590,1.24944,1.2496,1.00,1.75
2015.10.22 06:59:45.938,1.24943,1.24961,1.87,1.75
2015.10.22 06:59:50.243,1.24944,1.2496,1.00,1.75
2015.10.22 06:59:50.754,1.24943,1.24961,1.12,3.00
2015.10.22 06:59:51.293,1.24942,1.2496,1.00,1.75
2015.10.22 06:59:51.751,1.24942,1.24961,1.37,3.00
2015.10.22 06:59:51.802,1.24945,1.24961,1.00,3.00
2015.10.22 06:59:52.951,1.24943,1.24961,1.37,1.50
2015.10.22 06:59:53.003,1.24943,1.24961,1.00,1.75
2015.10.22 06:59:55.043,1.24943,1.24961,1.00,1.37
2015.10.22 06:59:55.662,1.24943,1.24961,1.00,1.00
2015.10.22 06:59:56.859,1.24943,1.2496,1.00,1.00
2015.10.22 06:59:57.456,1.24944,1.2496,1.00,1.00
2015.10.22 06:59:59.134,1.24944,1.24958,1.00,1.00
2015.10.22 06:59:59.185,1.24944,1.2496,1.00,1.00
2015.10.22 06:59:59.236,1.24942,1.2496,1.00,1.50
2015.10.22 06:59:59.776,1.24941,1.2496,1.00,1.00
