2015.01.27 21:00:00.109,1.30747,1.30799,0.75,0.75
2015.01.27 21:00:00.514,1.30751,1.30784,0.75,0.75
2015.01.27 21:00:00.817,1.30747,1.30778,1.50,0.75
2015.01.27 21:00:00.867,1.30747,1.30794,0.75,0.75
2015.01.27 21:00:00.969,1.30744,1.30798,0.75,1.50
2015.01.27 21:00:01.668,1.3075,1.30798,0.75,0.75
2015.01.27 21:00:02.326,1.30744,1.30798,1.12,0.75
2015.01.27 21:00:02.377,1.30744,1.30794,0.37,0.75
2015.01.27 21:00:02.478,1.30732,1.30786,0.75,0.75
2015.01.27 21:00:02.579,1.30729,1.30781,0.75,0.75
2015.01.27 21:00:02.882,1.30726,1.30778,0.75,0.75
2015.01.27 21:00:03.108,1.30726,1.30783,0.75,0.75
2015.01.27 21:00:03.210,1.30726,1.30789,0.75,0.75
2015.01.27 21:00:03.620,1.30726,1.30784,0.75,0.75
2015.01.27 21:00:03.927,1.30726,1.3077,0.75,0.75
2015.01.27 21:00:04.340,1.30727,1.30767,0.75,0.75
2015.01.27 21:00:06.184,1.30729,1.30767,0.75,0.75
2015.01.27 21:00:07.525,1.30727,1.30768,0.75,0.75
2015.01.27 21:00:07.626,1.30727,1.30764,0.75,0.75
2015.01.27 21:00:07.929,1.30726,1.30761,0.75,0.75
2015.01.27 21:00:09.955,1.30725,1.30761,0.75,0.75
2015.01.27 21:00:10.496,1.30727,1.30761,0.75,0.75
2015.01.27 21:00:10.799,1.30741,1.30774,0.75,0.75
2015.01.27 21:00:10.901,1.30741,1.30782,0.75,0.75
2015.01.27 21:00:11.935,1.30751,1.30782,0.75,0.75
2015.01.27 21:00:12.238,1.30751,1.30787,0.37,0.75
2015.01.27 21:00:12.339,1.30751,1.30789,0.37,0.75
2015.01.27 21:00:12.390,1.30737,1.30789,0.75,0.75
2015.01.27 21:00:12.441,1.30735,1.30787,0.75,0.75
2015.01.27 21:00:16.487,1.30739,1.30787,0.30,0.75
2015.01.27 21:00:16.689,1.30732,1.30796,1.50,0.75
2015.01.27 21:00:16.740,1.30739,1.30793,0.75,0.75
2015.01.27 21:00:17.247,1.30739,1.30792,0.75,0.75
2015.01.27 21:00:18.426,1.30739,1.30793,0.75,1.50
2015.01.27 21:00:22.341,1.30739,1.30792,0.75,0.75
2015.01.27 21:00:22.646,1.30739,1.30789,0.75,0.75
2015.01.27 21:00:22.697,1.30739,1.30793,0.75,1.87
2015.01.27 21:00:27.006,1.3074,1.30793,0.75,0.75
2015.01.27 21:00:27.208,1.30742,1.30793,0.75,0.75
2015.01.27 21:00:28.217,1.30739,1.30793,0.75,0.75
2015.01.27 21:01:06.461,1.30739,1.30792,0.75,0.37
2015.01.27 21:01:07.087,1.30739,1.30793,0.75,0.75
2015.01.27 21:01:08.576,1.30739,1.30789,0.75,0.37
2015.01.27 21:01:09.324,1.30739,1.30793,0.75,0.75
2015.01.27 21:01:14.566,1.30739,1.30792,0.75,0.37
2015.01.27 21:01:14.617,1.30731,1.30769,0.75,1.95
2015.01.27 21:01:14.920,1.3072,1.30747,0.75,0.75
2015.01.27 21:01:15.223,1.30688,1.30747,0.75,0.75
2015.01.27 21:01:15.753,1.30688,1.30741,0.75,0.75
2015.01.27 21:01:16.063,1.30688,1.30736,0.75,0.75
2015.01.27 21:01:16.371,1.30688,1.30731,0.75,0.75
2015.01.27 21:01:16.675,1.30688,1.30709,0.75,0.75
2015.01.27 21:01:17.042,1.30685,1.30706,0.75,0.75
2015.01.27 21:01:17.244,1.30653,1.30698,0.75,0.37
2015.01.27 21:01:17.295,1.30637,1.30709,0.75,0.75
2015.01.27 21:01:17.345,1.30637,1.30688,0.75,0.75
2015.01.27 21:01:17.560,1.30591,1.30682,0.75,0.75
2015.01.27 21:01:17.611,1.30593,1.30678,0.37,0.37
2015.01.27 21:01:19.127,1.30598,1.30672,0.75,0.75
2015.01.27 21:01:19.441,1.30595,1.30669,0.75,0.75
2015.01.27 21:01:24.323,1.30608,1.30668,0.75,0.75
2015.01.27 21:01:24.525,1.30603,1.3067,0.75,0.75
2015.01.27 21:01:24.778,1.30608,1.30671,0.75,0.75
2015.01.27 21:01:25.081,1.30621,1.3067,0.75,0.75
2015.01.27 21:01:25.386,1.30635,1.3067,0.75,0.75
2015.01.27 21:01:25.695,1.30643,1.30675,0.75,0.37
2015.01.27 21:01:26.047,1.30645,1.30674,0.75,0.37
2015.01.27 21:01:26.560,1.30645,1.30676,0.75,0.37
2015.01.27 21:01:26.611,1.30648,1.30676,0.75,0.37
2015.01.27 21:01:27.145,1.30648,1.30675,0.75,0.37
2015.01.27 21:01:27.499,1.30644,1.30675,0.75,0.37
2015.01.27 21:01:28.007,1.30644,1.30674,0.75,0.37
2015.01.27 21:01:28.811,1.30642,1.30674,0.75,1.12
2015.01.27 21:01:38.011,1.30642,1.30673,0.75,0.37
2015.01.27 21:01:48.454,1.30642,1.30671,0.75,0.37
2015.01.27 21:01:50.340,1.30642,1.30664,0.75,0.75
2015.01.27 21:01:50.841,1.30639,1.30664,0.75,0.75
2015.01.27 21:01:54.858,1.30639,1.30666,0.75,0.75
2015.01.27 21:01:56.754,1.30639,1.30668,0.75,0.75
2015.01.27 21:01:57.955,1.30639,1.30669,0.75,0.75
2015.01.27 21:01:58.057,1.30639,1.30667,0.75,0.75
2015.01.27 21:02:00.291,1.30637,1.30667,0.75,0.75
2015.01.27 21:02:00.810,1.30637,1.30666,0.75,0.75
2015.01.27 21:02:00.912,1.30637,1.30663,0.75,0.75
2015.01.27 21:02:00.962,1.30634,1.30663,0.75,0.75
2015.01.27 21:02:01.574,1.30634,1.3066,0.75,0.75
2015.01.27 21:02:01.827,1.30631,1.30659,0.75,0.75
2015.01.27 21:02:10.398,1.30631,1.3066,0.75,0.75
2015.01.27 21:02:12.450,1.30631,1.30661,0.75,0.75
2015.01.27 21:02:17.112,1.30631,1.30659,0.75,0.75
2015.01.27 21:02:17.682,1.30625,1.30659,0.75,1.50
2015.01.27 21:02:17.864,1.30623,1.30655,0.75,0.75
2015.01.27 21:02:18.015,1.30616,1.3065,0.75,0.75
2015.01.27 21:02:18.117,1.30608,1.30642,0.75,0.75
2015.01.27 21:02:18.218,1.3059,1.30659,1.50,0.75
2015.01.27 21:02:18.319,1.30587,1.30659,0.75,0.75
2015.01.27 21:02:18.523,1.30589,1.30659,0.75,0.75
2015.01.27 21:02:18.876,1.30589,1.30645,0.75,0.75
2015.01.27 21:02:19.189,1.30589,1.30636,0.75,0.75
2015.01.27 21:02:19.566,1.30589,1.30631,0.75,0.75
2015.01.27 21:02:19.869,1.30589,1.30627,0.75,0.75
2015.01.27 21:02:20.203,1.30589,1.3062,0.75,0.75
2015.01.27 21:02:20.506,1.30595,1.30616,0.75,0.75
2015.01.27 21:02:20.835,1.30604,1.30618,0.75,0.75
2015.01.27 21:02:22.485,1.30607,1.30622,0.75,0.75
2015.01.27 21:02:22.991,1.30606,1.30622,0.75,0.75
2015.01.27 21:02:23.917,1.30607,1.30622,0.75,0.75
2015.01.27 21:02:27.745,1.30602,1.30622,0.75,0.75
2015.01.27 21:02:27.795,1.30602,1.3062,0.75,0.75
2015.01.27 21:02:28.839,1.30603,1.3062,0.75,0.75
2015.01.27 21:02:29.142,1.30608,1.3062,0.75,0.75
2015.01.27 21:02:29.343,1.30608,1.30625,0.75,0.75
2015.01.27 21:02:29.394,1.3061,1.30625,0.75,0.75
2015.01.27 21:02:30.311,1.30611,1.30625,0.75,0.75
2015.01.27 21:02:30.614,1.30617,1.30629,0.75,0.75
2015.01.27 21:02:30.665,1.30617,1.30634,0.75,0.75
2015.01.27 21:02:30.766,1.30618,1.3064,0.75,0.75
2015.01.27 21:02:37.254,1.30618,1.30641,0.75,0.75
2015.01.27 21:02:37.758,1.30619,1.30641,0.75,0.75
2015.01.27 21:02:40.408,1.30617,1.30641,0.75,0.75
2015.01.27 21:02:40.762,1.30619,1.30641,0.75,0.75
2015.01.27 21:02:41.267,1.3062,1.30641,0.75,0.75
2015.01.27 21:02:45.450,1.30621,1.30641,0.75,0.75
2015.01.27 21:02:48.685,1.3062,1.30641,0.75,0.75
2015.01.27 21:02:50.332,1.30619,1.30641,0.75,0.75
2015.01.27 21:02:55.493,1.30618,1.30641,0.75,0.75
2015.01.27 21:02:58.697,1.30619,1.30641,0.75,0.75
2015.01.27 21:03:00.091,1.30618,1.30641,0.75,0.75
2015.01.27 21:03:00.628,1.30617,1.30641,0.75,0.75
2015.01.27 21:03:00.980,1.30615,1.30641,0.75,0.75
2015.01.27 21:03:01.132,1.30614,1.30639,0.75,0.75
2015.01.27 21:03:04.966,1.30616,1.30639,0.75,0.75
2015.01.27 21:03:06.437,1.30617,1.30639,0.37,0.75
2015.01.27 21:03:06.740,1.30633,1.30655,0.75,0.75
2015.01.27 21:03:09.778,1.30634,1.30655,0.75,0.75
2015.01.27 21:03:09.829,1.30634,1.30658,0.75,0.75
2015.01.27 21:03:10.030,1.30636,1.30658,0.75,0.75
2015.01.27 21:03:10.671,1.30638,1.30662,0.75,0.75
2015.01.27 21:03:11.211,1.30639,1.30662,0.75,0.75
2015.01.27 21:03:13.190,1.30636,1.30662,0.75,0.75
2015.01.27 21:03:13.240,1.30636,1.3066,0.75,0.75
2015.01.27 21:03:13.292,1.30631,1.3066,0.75,0.75
2015.01.27 21:03:14.201,1.30629,1.3066,0.75,0.75
2015.01.27 21:03:15.064,1.3063,1.3066,0.75,0.75
2015.01.27 21:03:16.374,1.30631,1.3066,0.75,0.75
2015.01.27 21:03:16.901,1.30632,1.3066,0.75,0.75
2015.01.27 21:03:20.581,1.3063,1.3066,0.75,0.75
2015.01.27 21:03:25.819,1.30633,1.3066,0.75,0.75
2015.01.27 21:03:36.757,1.30636,1.3066,0.75,0.75
2015.01.27 21:03:36.858,1.30623,1.30655,0.75,0.75
2015.01.27 21:03:43.542,1.30624,1.30655,0.37,0.75
2015.01.27 21:03:44.056,1.30623,1.30655,0.75,0.75
2015.01.27 21:03:47.538,1.30624,1.30659,0.75,0.75
2015.01.27 21:03:48.409,1.30631,1.30659,0.37,0.75
2015.01.27 21:03:48.852,1.30631,1.30661,0.37,0.75
2015.01.27 21:03:49.179,1.30629,1.30661,0.75,0.75
2015.01.27 21:03:53.700,1.30631,1.30661,0.37,0.75
2015.01.27 21:03:54.443,1.30629,1.30661,0.75,0.75
2015.01.27 21:04:13.385,1.30629,1.30661,1.37,1.00
2015.01.27 21:04:15.679,1.30629,1.30661,1.00,1.00
2015.01.27 21:04:16.600,1.30624,1.30658,1.00,1.00
2015.01.27 21:04:16.701,1.30629,1.30661,1.00,1.00
2015.01.27 21:04:19.775,1.30625,1.30659,1.00,1.00
2015.01.27 21:04:19.978,1.30617,1.30649,1.00,1.00
2015.01.27 21:04:20.281,1.30611,1.30638,1.00,1.00
2015.01.27 21:04:20.331,1.30609,1.30638,1.00,1.00
2015.01.27 21:04:24.587,1.30608,1.30638,1.00,1.00
2015.01.27 21:04:24.802,1.30605,1.30628,1.00,1.00
2015.01.27 21:04:24.854,1.306,1.30628,1.00,1.00
2015.01.27 21:04:25.258,1.306,1.30625,1.00,1.00
2015.01.27 21:04:25.360,1.30596,1.30625,1.00,1.00
2015.01.27 21:04:25.902,1.30595,1.30625,1.00,1.00
2015.01.27 21:04:30.187,1.30595,1.30624,1.00,1.00
2015.01.27 21:04:36.146,1.30595,1.30625,1.00,1.00
2015.01.27 21:04:36.398,1.3059,1.30625,1.00,1.00
2015.01.27 21:04:50.296,1.3059,1.30623,1.00,1.00
2015.01.27 21:04:53.751,1.30592,1.30624,1.00,1.00
2015.01.27 21:04:53.969,1.30592,1.30627,1.00,1.50
2015.01.27 21:05:53.742,1.30582,1.30634,1.00,1.50
2015.01.27 21:05:55.211,1.30582,1.30633,1.00,1.00
2015.01.27 21:06:07.516,1.30582,1.30634,1.00,1.00
2015.01.27 21:07:04.120,1.30582,1.30634,1.50,1.00
2015.01.27 21:07:05.016,1.30582,1.30634,1.12,1.00
2015.01.27 21:07:09.809,1.30582,1.30634,1.75,1.00
2015.01.27 21:07:25.177,1.30583,1.30634,1.00,1.00
2015.01.27 21:07:25.428,1.30583,1.30634,1.75,1.00
2015.01.27 21:07:29.718,1.30582,1.30634,1.12,1.00
2015.01.27 21:07:30.227,1.30583,1.30634,1.00,1.00
2015.01.27 21:07:30.833,1.30583,1.30634,1.75,1.00
2015.01.27 21:07:34.383,1.30582,1.30634,1.12,1.00
2015.01.27 21:07:38.392,1.30585,1.30634,1.00,1.00
2015.01.27 21:07:38.798,1.30585,1.30634,1.75,1.00
2015.01.27 21:07:39.196,1.30583,1.30635,1.37,1.00
2015.01.27 21:07:39.297,1.30583,1.30635,1.75,1.00
2015.01.27 21:07:41.238,1.30582,1.30634,1.75,1.00
2015.01.27 21:07:41.753,1.30583,1.30635,1.75,1.00
2015.01.27 21:07:42.102,1.30583,1.30635,1.75,1.00
2015.01.27 21:07:42.313,1.30583,1.30635,1.75,1.00
2015.01.27 21:07:44.766,1.30581,1.30635,1.75,1.00
2015.01.27 21:07:44.926,1.30581,1.30635,1.37,1.00
2015.01.27 21:07:45.229,1.30581,1.30635,1.37,1.00
2015.01.27 21:07:46.936,1.30581,1.30635,1.00,1.00
2015.01.27 21:07:47.226,1.30581,1.30635,1.37,1.00
2015.01.27 21:07:48.766,1.30621,1.30635,1.00,1.00
2015.01.27 21:07:48.868,1.30626,1.30641,1.00,1.00
2015.01.27 21:07:48.969,1.30627,1.30652,1.00,1.00
2015.01.27 21:07:49.070,1.30626,1.3067,1.00,1.00
2015.01.27 21:07:49.179,1.30626,1.30694,1.00,1.00
2015.01.27 21:07:49.282,1.30628,1.30711,1.50,1.00
2015.01.27 21:07:49.333,1.30628,1.30722,1.50,1.95
2015.01.27 21:07:49.536,1.30628,1.30733,1.75,1.00
2015.01.27 21:07:49.687,1.30634,1.30733,1.37,1.67
2015.01.27 21:07:49.991,1.30619,1.30653,1.00,1.37
2015.01.27 21:07:50.092,1.30615,1.30649,1.00,1.00
2015.01.27 21:07:50.193,1.30613,1.30647,1.00,1.00
2015.01.27 21:07:50.507,1.30606,1.30639,1.00,1.00
2015.01.27 21:07:50.658,1.306,1.30634,1.00,1.00
2015.01.27 21:07:50.759,1.30604,1.30638,1.00,2.70
2015.01.27 21:07:51.069,1.30601,1.30635,1.00,1.00
2015.01.27 21:07:51.378,1.30592,1.30626,1.00,1.00
2015.01.27 21:07:51.429,1.3058,1.30634,1.00,1.00
2015.01.27 21:07:51.480,1.30565,1.30638,1.00,1.95
2015.01.27 21:07:51.531,1.30553,1.30638,1.00,1.95
2015.01.27 21:07:51.582,1.30542,1.30638,1.00,2.70
2015.01.27 21:07:52.090,1.30531,1.30638,1.75,2.70
2015.01.27 21:07:52.529,1.30548,1.30617,1.00,1.00
2015.01.27 21:07:52.832,1.30564,1.30601,1.00,1.00
2015.01.27 21:07:53.301,1.30563,1.30597,1.00,1.00
2015.01.27 21:08:29.260,1.30561,1.30593,1.00,1.00
2015.01.27 21:08:29.564,1.30566,1.3059,1.00,1.00
2015.01.27 21:08:30.330,1.30566,1.30587,1.00,1.00
2015.01.27 21:08:33.296,1.30563,1.30587,1.00,1.00
2015.01.27 21:08:33.498,1.30566,1.30586,1.00,1.00
2015.01.27 21:08:36.154,1.30567,1.30586,1.00,1.00
2015.01.27 21:08:36.481,1.3057,1.30589,1.00,1.00
2015.01.27 21:08:42.305,1.30568,1.30589,1.00,1.00
2015.01.27 21:08:42.508,1.30566,1.30589,1.00,1.00
2015.01.27 21:08:43.388,1.30575,1.30589,1.00,1.00
2015.01.27 21:08:43.541,1.30561,1.30586,1.00,1.00
2015.01.27 21:08:43.642,1.30554,1.30583,1.00,1.00
2015.01.27 21:08:48.913,1.30554,1.3058,1.00,1.00
2015.01.27 21:08:49.116,1.30546,1.30577,1.00,1.00
2015.01.27 21:08:49.267,1.30546,1.30574,1.00,1.00
2015.01.27 21:08:49.570,1.30545,1.30572,1.00,1.00
2015.01.27 21:08:50.239,1.30545,1.30577,1.00,1.00
2015.01.27 21:08:50.340,1.3055,1.30577,1.12,1.00
2015.01.27 21:08:50.644,1.30557,1.30579,1.00,1.00
2015.01.27 21:09:00.360,1.3056,1.30579,1.00,1.00
2015.01.27 21:09:04.224,1.3056,1.30582,1.00,1.00
2015.01.27 21:09:04.325,1.30564,1.30582,1.00,1.00
2015.01.27 21:09:04.679,1.30565,1.30585,1.00,1.00
2015.01.27 21:09:22.916,1.30566,1.30585,1.00,1.00
2015.01.27 21:09:23.892,1.30568,1.30586,1.00,1.00
2015.01.27 21:09:24.043,1.3057,1.30591,1.00,1.00
2015.01.27 21:09:24.094,1.30576,1.30591,1.00,1.00
2015.01.27 21:09:24.247,1.30576,1.30597,1.00,1.00
2015.01.27 21:09:24.551,1.3057,1.30595,1.00,1.00
2015.01.27 21:09:24.653,1.30568,1.30595,1.00,1.00
2015.01.27 21:09:24.703,1.30568,1.30592,1.00,1.00
2015.01.27 21:09:25.224,1.30567,1.30592,1.00,1.00
2015.01.27 21:09:27.869,1.30565,1.3059,1.00,1.00
2015.01.27 21:09:28.409,1.30565,1.30593,1.00,1.00
2015.01.27 21:09:28.510,1.30569,1.30593,1.00,1.00
2015.01.27 21:09:28.818,1.30578,1.30598,1.00,1.00
2015.01.27 21:09:28.869,1.30578,1.30602,1.00,1.00
2015.01.27 21:09:29.325,1.30579,1.30604,1.00,1.00
2015.01.27 21:09:30.290,1.30581,1.30604,1.00,1.00
2015.01.27 21:09:31.261,1.30583,1.30604,1.00,1.00
2015.01.27 21:09:34.332,1.30582,1.30604,1.00,1.00
2015.01.27 21:09:34.433,1.30571,1.30601,1.00,1.00
2015.01.27 21:09:34.484,1.30571,1.30595,1.00,1.00
2015.01.27 21:09:34.799,1.30569,1.30592,1.00,1.00
2015.01.27 21:09:35.319,1.3057,1.30592,1.00,1.00
2015.01.27 21:09:35.865,1.30573,1.30592,1.00,1.00
2015.01.27 21:09:36.168,1.30581,1.30598,1.00,1.00
2015.01.27 21:09:36.321,1.30587,1.30612,1.00,1.00
2015.01.27 21:09:36.422,1.30589,1.30612,1.00,1.00
2015.01.27 21:09:36.473,1.30589,1.30614,1.00,1.00
2015.01.27 21:09:36.882,1.30591,1.30614,1.00,1.00
2015.01.27 21:09:38.544,1.30591,1.3061,1.00,1.00
2015.01.27 21:09:38.645,1.30589,1.3061,1.00,1.00
2015.01.27 21:09:38.747,1.30587,1.3061,1.00,1.00
2015.01.27 21:09:41.150,1.30586,1.3061,1.00,1.00
2015.01.27 21:09:45.015,1.30585,1.3061,1.00,1.00
2015.01.27 21:09:45.092,1.30582,1.3061,1.00,1.00
2015.01.27 21:09:46.686,1.30582,1.30608,1.00,1.00
2015.01.27 21:09:46.999,1.30581,1.30604,1.00,1.00
2015.01.27 21:09:49.514,1.3058,1.30604,1.00,1.00
2015.01.27 21:09:49.717,1.30576,1.30602,1.00,1.00
2015.01.27 21:09:49.969,1.3057,1.30602,1.00,1.00
2015.01.27 21:09:50.071,1.30563,1.30592,1.00,1.00
2015.01.27 21:09:50.392,1.30557,1.3059,1.00,1.00
2015.01.27 21:09:50.544,1.30557,1.30588,1.00,1.00
2015.01.27 21:09:50.847,1.30558,1.30576,1.00,1.00
2015.01.27 21:09:50.998,1.30558,1.30578,1.00,1.00
2015.01.27 21:09:51.049,1.30555,1.30578,1.00,1.00
2015.01.27 21:09:51.404,1.30555,1.30575,1.00,1.00
2015.01.27 21:09:54.141,1.30555,1.30579,1.00,1.00
2015.01.27 21:09:54.919,1.30555,1.30586,1.00,1.00
2015.01.27 21:09:55.240,1.30555,1.3059,1.00,1.00
2015.01.27 21:09:55.480,1.30555,1.30593,1.00,1.00
2015.01.27 21:09:59.642,1.30555,1.30595,1.00,1.00
2015.01.27 21:09:59.743,1.30557,1.30595,1.00,1.00
2015.01.27 21:09:59.794,1.30557,1.306,1.00,1.00
2015.01.27 21:09:59.845,1.30563,1.306,1.00,1.00
2015.01.27 21:10:01.639,1.30565,1.306,1.00,1.00
2015.01.27 21:10:01.943,1.30567,1.306,1.00,1.00
2015.01.27 21:10:02.257,1.30569,1.306,1.00,1.00
2015.01.27 21:10:03.474,1.30565,1.306,1.00,1.00
2015.01.27 21:10:03.979,1.30565,1.30599,1.00,1.00
2015.01.27 21:10:05.250,1.30568,1.30599,1.00,1.00
2015.01.27 21:10:18.435,1.3057,1.30599,1.00,1.00
2015.01.27 21:10:18.486,1.3057,1.30605,1.00,1.00
2015.01.27 21:10:28.028,1.30572,1.30605,1.00,1.00
2015.01.27 21:10:34.536,1.30572,1.30608,1.00,1.00
2015.01.27 21:10:34.637,1.30574,1.30608,1.00,1.00
2015.01.27 21:10:37.021,1.30576,1.30608,1.00,1.00
2015.01.27 21:10:37.072,1.30576,1.30615,1.00,1.00
2015.01.27 21:10:37.174,1.3058,1.30614,1.00,1.00
2015.01.27 21:10:37.275,1.3058,1.30617,1.00,1.00
2015.01.27 21:10:37.528,1.30581,1.30622,1.00,1.00
2015.01.27 21:10:40.652,1.30574,1.30622,1.00,1.00
2015.01.27 21:10:40.703,1.30573,1.30616,1.00,1.00
2015.01.27 21:10:41.893,1.30576,1.30616,1.00,1.00
2015.01.27 21:10:55.632,1.30579,1.30616,1.00,1.00
2015.01.27 21:10:55.938,1.30581,1.30616,1.00,1.00
2015.01.27 21:11:02.568,1.30583,1.30616,1.00,1.00
2015.01.27 21:11:03.884,1.30585,1.30616,1.00,1.00
2015.01.27 21:11:03.985,1.30581,1.30616,1.00,1.00
2015.01.27 21:11:04.187,1.30577,1.30616,1.00,1.00
2015.01.27 21:11:09.601,1.30575,1.30616,1.00,1.00
2015.01.27 21:11:10.169,1.30574,1.30616,1.00,1.00
2015.01.27 21:11:16.407,1.30573,1.30616,1.00,1.00
2015.01.27 21:11:16.458,1.30573,1.30613,1.00,1.00
2015.01.27 21:11:16.509,1.3057,1.30613,1.00,1.00
2015.01.27 21:11:16.559,1.3057,1.30611,1.00,1.00
2015.01.27 21:11:34.790,1.30567,1.30611,1.00,1.00
2015.01.27 21:11:38.413,1.30566,1.30611,1.00,1.00
2015.01.27 21:11:45.881,1.30567,1.30611,1.00,1.00
2015.01.27 21:12:16.554,1.30567,1.30623,1.00,1.00
2015.01.27 21:12:19.420,1.30568,1.30623,1.00,1.00
2015.01.27 21:12:23.621,1.30567,1.30623,1.00,1.00
2015.01.27 21:12:23.723,1.30565,1.30623,1.00,1.00
2015.01.27 21:12:32.362,1.30565,1.30624,1.00,1.00
2015.01.27 21:12:32.463,1.30566,1.30612,1.00,1.00
2015.01.27 21:12:36.240,1.30565,1.3061,1.00,1.00
2015.01.27 21:12:44.324,1.30569,1.3061,1.00,1.00
2015.01.27 21:12:44.632,1.30586,1.3061,1.00,1.00
2015.01.27 21:12:44.962,1.30591,1.3061,1.00,1.00
2015.01.27 21:12:45.114,1.30591,1.30616,1.00,1.00
2015.01.27 21:12:46.022,1.30596,1.30616,0.75,1.00
2015.01.27 21:12:46.074,1.30596,1.30621,1.00,1.00
2015.01.27 21:12:46.328,1.30592,1.30621,1.00,1.00
2015.01.27 21:12:46.531,1.30587,1.30624,1.00,1.00
2015.01.27 21:12:46.683,1.30592,1.30624,1.00,1.00
2015.01.27 21:12:46.913,1.30586,1.30624,1.00,1.00
2015.01.27 21:12:47.014,1.30602,1.30624,1.00,1.00
2015.01.27 21:12:47.850,1.30601,1.30624,1.00,1.00
2015.01.27 21:12:48.750,1.3058,1.30624,1.00,1.00
2015.01.27 21:12:48.801,1.30576,1.30624,1.00,1.00
2015.01.27 21:13:00.591,1.30579,1.30621,1.00,1.00
2015.01.27 21:13:02.770,1.30579,1.30624,1.00,1.00
2015.01.27 21:13:18.521,1.30579,1.30627,1.00,1.00
2015.01.27 21:13:32.179,1.30579,1.30626,1.00,1.00
2015.01.27 21:13:34.449,1.30579,1.30622,1.00,1.00
2015.01.27 21:13:36.317,1.30579,1.30624,1.00,1.00
2015.01.27 21:13:41.154,1.30579,1.30626,1.00,1.00
2015.01.27 21:13:45.895,1.30579,1.30623,1.00,1.00
2015.01.27 21:13:46.207,1.30579,1.3062,1.00,1.00
2015.01.27 21:13:49.956,1.30579,1.30621,1.00,1.00
2015.01.27 21:13:55.464,1.30579,1.30622,1.00,1.00
2015.01.27 21:13:59.909,1.30582,1.30622,1.00,1.00
2015.01.27 21:14:00.289,1.30582,1.30626,1.00,1.00
2015.01.27 21:14:00.542,1.30582,1.30629,1.00,1.00
2015.01.27 21:14:29.361,1.30588,1.30636,1.00,1.00
2015.01.27 21:14:29.614,1.30592,1.30638,1.00,1.00
2015.01.27 21:14:32.144,1.30598,1.30646,1.00,1.00
2015.01.27 21:14:32.245,1.306,1.30648,1.00,1.00
2015.01.27 21:14:32.550,1.30611,1.30657,1.00,1.00
2015.01.27 21:14:32.893,1.30613,1.30659,1.00,1.00
2015.01.27 21:14:37.644,1.30617,1.30665,1.00,1.00
2015.01.27 21:14:40.862,1.30618,1.30665,1.00,1.00
2015.01.27 21:14:41.115,1.30618,1.30665,1.37,1.00
2015.01.27 21:14:41.593,1.30621,1.30669,1.37,1.00
2015.01.27 21:14:42.019,1.30621,1.30669,1.00,1.00
2015.01.27 21:15:05.105,1.30621,1.30667,1.00,1.00
2015.01.27 21:15:05.409,1.30619,1.30658,1.00,1.00
2015.01.27 21:15:10.248,1.30619,1.30656,1.00,1.00
2015.01.27 21:15:10.929,1.30619,1.30661,1.00,1.00
2015.01.27 21:15:11.432,1.3062,1.30661,1.00,1.00
2015.01.27 21:15:12.010,1.3062,1.30662,1.00,1.00
2015.01.27 21:15:12.578,1.3062,1.30668,1.00,1.00
2015.01.27 21:15:13.125,1.3062,1.30667,1.00,1.00
2015.01.27 21:15:15.437,1.30621,1.30667,1.00,1.00
2015.01.27 21:15:16.661,1.30626,1.30667,1.00,1.00
2015.01.27 21:15:16.864,1.30623,1.30667,1.00,1.00
2015.01.27 21:15:17.632,1.30619,1.30667,1.00,1.00
2015.01.27 21:15:17.683,1.30611,1.30663,1.37,1.00
2015.01.27 21:15:17.785,1.30611,1.30663,1.00,1.00
2015.01.27 21:15:17.886,1.30609,1.30663,1.00,1.00
2015.01.27 21:15:22.022,1.30611,1.30663,1.00,1.00
2015.01.27 21:15:22.359,1.3062,1.30662,1.00,1.00
2015.01.27 21:15:22.964,1.30619,1.30662,1.00,1.00
2015.01.27 21:15:29.525,1.30618,1.30662,1.00,1.00
2015.01.27 21:15:30.031,1.30617,1.30662,1.00,1.00
2015.01.27 21:15:31.076,1.30619,1.30662,1.00,1.00
2015.01.27 21:15:31.380,1.30627,1.30669,1.00,1.00
2015.01.27 21:15:31.817,1.30625,1.30669,1.00,1.00
2015.01.27 21:15:32.171,1.30625,1.30667,1.00,1.00
2015.01.27 21:15:41.088,1.30626,1.30667,1.00,1.00
2015.01.27 21:15:41.952,1.30625,1.30667,1.00,1.00
2015.01.27 21:15:45.013,1.30627,1.30667,1.00,1.00
2015.01.27 21:15:46.912,1.30627,1.30663,1.00,1.00
2015.01.27 21:15:47.026,1.30625,1.30663,1.00,1.00
2015.01.27 21:15:50.067,1.30624,1.30663,1.00,1.00
2015.01.27 21:15:55.501,1.30624,1.30662,1.00,1.00
2015.01.27 21:15:55.603,1.30604,1.30656,1.46,1.00
2015.01.27 21:15:55.654,1.30597,1.30656,1.00,1.00
2015.01.27 21:15:55.704,1.30601,1.30656,1.00,1.00
2015.01.27 21:15:55.957,1.30603,1.30667,1.00,1.00
2015.01.27 21:15:56.008,1.30603,1.30674,1.00,1.00
2015.01.27 21:15:56.058,1.30603,1.30669,1.00,1.00
2015.01.27 21:15:56.365,1.30607,1.30665,1.00,1.00
2015.01.27 21:15:56.817,1.30609,1.30665,1.00,1.00
2015.01.27 21:15:57.020,1.30607,1.30665,1.00,1.00
2015.01.27 21:15:57.228,1.3061,1.30665,1.00,1.00
2015.01.27 21:15:57.330,1.30608,1.30665,1.00,1.00
2015.01.27 21:15:57.927,1.30607,1.30665,1.00,1.00
2015.01.27 21:15:58.768,1.3061,1.30665,1.00,1.00
2015.01.27 21:16:00.155,1.30616,1.30665,1.00,1.00
2015.01.27 21:16:00.970,1.30614,1.30665,1.00,1.00
2015.01.27 21:16:01.072,1.30631,1.30665,1.00,1.00
2015.01.27 21:16:01.274,1.30624,1.30665,1.00,1.00
2015.01.27 21:16:01.325,1.30624,1.30662,1.00,1.00
2015.01.27 21:16:01.376,1.30579,1.30662,1.00,1.00
2015.01.27 21:16:01.477,1.30578,1.30657,1.00,1.00
2015.01.27 21:16:01.781,1.30578,1.30645,1.00,1.00
2015.01.27 21:16:02.772,1.30578,1.30637,1.00,1.00
2015.01.27 21:16:03.586,1.30578,1.30628,1.00,1.00
2015.01.27 21:16:03.900,1.30578,1.30623,1.00,1.00
2015.01.27 21:16:04.002,1.30578,1.30637,1.00,1.00
2015.01.27 21:16:06.301,1.30578,1.30628,1.00,1.00
2015.01.27 21:16:06.558,1.30578,1.30637,1.00,1.00
2015.01.27 21:16:35.428,1.30579,1.30628,1.00,1.00
2015.01.27 21:16:35.733,1.30547,1.30582,0.75,1.00
2015.01.27 21:16:35.834,1.30551,1.306,1.00,1.37
2015.01.27 21:16:35.935,1.30556,1.306,1.00,1.00
2015.01.27 21:16:36.128,1.30542,1.30601,1.00,1.00
2015.01.27 21:16:36.385,1.30543,1.30605,1.00,1.00
2015.01.27 21:16:36.436,1.30543,1.30602,1.00,1.00
2015.01.27 21:16:36.739,1.30551,1.30592,1.00,1.00
2015.01.27 21:16:37.097,1.30554,1.30592,1.00,1.00
2015.01.27 21:16:37.439,1.30558,1.30592,1.00,1.00
2015.01.27 21:16:37.742,1.30562,1.30587,1.00,1.00
2015.01.27 21:16:38.047,1.30565,1.30583,1.00,1.00
2015.01.27 21:16:38.519,1.30563,1.30583,1.00,1.00
2015.01.27 21:16:38.724,1.30561,1.30583,1.00,1.00
2015.01.27 21:16:39.230,1.30562,1.30583,1.00,1.00
2015.01.27 21:16:39.704,1.30564,1.30583,1.00,1.00
2015.01.27 21:16:39.900,1.30561,1.30583,1.00,1.00
2015.01.27 21:16:40.001,1.30559,1.30583,1.00,1.00
2015.01.27 21:16:40.600,1.30557,1.30583,1.00,1.00
2015.01.27 21:16:44.467,1.3056,1.30583,1.00,1.00
2015.01.27 21:16:46.258,1.30565,1.30583,1.00,1.00
2015.01.27 21:16:46.766,1.30566,1.30583,1.00,1.00
2015.01.27 21:16:47.276,1.30567,1.30583,1.00,1.00
2015.01.27 21:16:48.604,1.30564,1.30583,1.00,1.00
2015.01.27 21:16:48.807,1.30556,1.30583,1.00,1.00
2015.01.27 21:16:48.858,1.30556,1.30586,1.00,1.00
2015.01.27 21:16:48.909,1.30562,1.30586,1.00,1.00
2015.01.27 21:16:49.010,1.30556,1.30586,1.00,1.00
2015.01.27 21:16:49.500,1.3056,1.30592,1.00,1.00
2015.01.27 21:16:49.652,1.30558,1.30592,1.00,1.00
2015.01.27 21:16:49.955,1.3056,1.30592,1.00,1.00
2015.01.27 21:16:50.278,1.30563,1.30592,1.00,1.00
2015.01.27 21:16:50.936,1.30565,1.30592,1.00,1.00
2015.01.27 21:16:51.492,1.30565,1.30597,1.00,1.00
2015.01.27 21:16:51.837,1.30562,1.30597,1.00,1.00
2015.01.27 21:16:52.090,1.30568,1.30597,1.00,1.00
2015.01.27 21:16:52.191,1.30563,1.30597,1.00,1.00
2015.01.27 21:16:52.293,1.30555,1.30597,1.00,1.00
2015.01.27 21:16:52.647,1.30561,1.30597,1.00,1.00
2015.01.27 21:16:52.951,1.30562,1.30601,1.00,1.00
2015.01.27 21:16:54.051,1.30561,1.30601,1.00,1.00
2015.01.27 21:16:54.686,1.30562,1.30601,1.00,1.00
2015.01.27 21:16:55.193,1.30561,1.30601,1.00,1.00
2015.01.27 21:16:55.712,1.30562,1.30601,1.00,1.00
2015.01.27 21:16:56.242,1.30561,1.30601,1.00,1.00
2015.01.27 21:16:57.037,1.30562,1.30601,1.00,1.00
2015.01.27 21:17:00.116,1.30557,1.30601,1.00,1.00
2015.01.27 21:17:01.075,1.30562,1.30601,1.00,1.00
2015.01.27 21:17:07.601,1.30567,1.30601,1.00,1.00
2015.01.27 21:17:09.332,1.30562,1.30601,1.00,1.00
2015.01.27 21:17:11.439,1.30561,1.30601,1.00,1.00
2015.01.27 21:17:13.069,1.30562,1.30601,1.00,1.00
2015.01.27 21:17:16.148,1.30562,1.30604,1.00,1.00
2015.01.27 21:17:18.589,1.30558,1.30604,1.00,1.00
2015.01.27 21:17:18.776,1.30561,1.30604,1.00,1.00
2015.01.27 21:17:19.441,1.30562,1.30604,1.00,1.00
2015.01.27 21:17:20.007,1.30561,1.30604,1.00,1.00
2015.01.27 21:17:22.185,1.30562,1.30604,1.00,1.00
2015.01.27 21:17:22.846,1.30561,1.30604,1.00,1.00
2015.01.27 21:17:24.067,1.30558,1.30604,1.00,1.00
2015.01.27 21:17:25.096,1.30562,1.30604,1.00,1.00
2015.01.27 21:17:25.750,1.30558,1.30604,1.00,1.00
2015.01.27 21:17:41.041,1.30558,1.30604,1.87,1.00
2015.01.27 21:17:48.701,1.30558,1.30604,1.50,1.00
2015.01.27 21:18:16.492,1.30556,1.30614,1.75,1.00
2015.01.27 21:18:18.298,1.30556,1.30615,1.75,1.00
2015.01.27 21:18:49.376,1.30557,1.30615,1.75,1.00
2015.01.27 21:18:51.062,1.30562,1.30615,1.12,1.00
2015.01.27 21:18:51.622,1.30561,1.30614,1.37,1.00
2015.01.27 21:19:10.305,1.30557,1.30615,1.50,1.00
2015.01.27 21:19:23.887,1.30556,1.30614,1.75,1.00
2015.01.27 21:19:24.417,1.30552,1.30615,2.25,1.00
2015.01.27 21:19:45.118,1.30558,1.30614,1.37,1.00
2015.01.27 21:19:45.725,1.30558,1.30615,1.37,1.00
2015.01.27 21:19:46.243,1.30554,1.30614,2.25,1.00
2015.01.27 21:19:46.832,1.30555,1.30615,1.75,1.00
2015.01.27 21:19:48.059,1.30554,1.30614,1.75,1.00
2015.01.27 21:19:48.664,1.306,1.30614,1.00,1.00
2015.01.27 21:19:48.772,1.30601,1.30619,1.00,1.00
2015.01.27 21:19:48.823,1.30601,1.30613,1.00,1.00
2015.01.27 21:19:48.873,1.30587,1.30613,1.00,1.00
2015.01.27 21:19:48.924,1.30587,1.30617,1.00,1.00
2015.01.27 21:19:48.975,1.30601,1.30617,1.00,1.00
2015.01.27 21:19:49.026,1.30601,1.30625,1.00,1.00
2015.01.27 21:19:49.077,1.30609,1.30625,2.34,1.00
2015.01.27 21:19:49.279,1.30611,1.30629,1.00,1.00
2015.01.27 21:19:49.380,1.30615,1.30629,1.00,1.00
2015.01.27 21:19:49.739,1.30615,1.30629,1.00,1.00
2015.01.27 21:19:50.062,1.30613,1.30629,1.00,1.00
2015.01.27 21:19:50.264,1.3058,1.30626,1.37,1.00
2015.01.27 21:19:50.365,1.30587,1.30623,1.00,1.00
2015.01.27 21:19:50.756,1.30592,1.30623,1.00,1.00
2015.01.27 21:19:51.261,1.30593,1.30623,1.00,1.00
2015.01.27 21:19:53.201,1.30591,1.30623,1.00,1.00
2015.01.27 21:19:53.302,1.30598,1.30623,1.00,1.00
2015.01.27 21:19:53.403,1.30589,1.30623,1.00,1.00
2015.01.27 21:19:53.505,1.30583,1.30623,1.00,1.00
2015.01.27 21:19:53.976,1.30579,1.30622,1.00,1.00
2015.01.27 21:19:54.279,1.30577,1.30622,1.00,1.00
2015.01.27 21:19:55.096,1.30593,1.30622,1.00,1.00
2015.01.27 21:19:55.197,1.30584,1.30622,1.00,1.00
2015.01.27 21:19:55.298,1.30578,1.30622,1.75,1.00
2015.01.27 21:19:55.400,1.30578,1.30622,1.00,1.00
2015.01.27 21:19:55.551,1.30578,1.30618,1.00,1.00
2015.01.27 21:19:58.133,1.30572,1.30618,1.37,1.00
2015.01.27 21:20:00.303,1.30577,1.30618,1.00,1.00
2015.01.27 21:20:00.627,1.30592,1.30622,1.00,1.00
2015.01.27 21:20:00.678,1.30592,1.30628,1.00,1.00
2015.01.27 21:20:00.729,1.3059,1.30628,1.00,1.00
2015.01.27 21:20:00.831,1.3058,1.30628,1.50,1.00
2015.01.27 21:20:00.932,1.3058,1.30623,1.00,1.00
2015.01.27 21:20:01.534,1.30596,1.30623,1.00,1.00
2015.01.27 21:20:02.129,1.30596,1.30624,1.00,1.00
2015.01.27 21:20:02.231,1.30596,1.30629,1.00,1.00
2015.01.27 21:20:02.332,1.30597,1.30631,1.00,1.00
2015.01.27 21:20:02.383,1.30585,1.30631,1.00,1.00
2015.01.27 21:20:08.119,1.30592,1.30631,1.00,1.00
2015.01.27 21:20:08.429,1.30584,1.30616,1.00,1.00
2015.01.27 21:20:08.733,1.30589,1.30612,1.00,1.00
2015.01.27 21:20:09.155,1.30586,1.30612,1.00,1.00
2015.01.27 21:20:09.258,1.30586,1.3061,1.00,1.00
2015.01.27 21:20:09.461,1.3057,1.30604,1.50,1.00
2015.01.27 21:20:09.512,1.30572,1.30604,1.00,1.00
2015.01.27 21:20:09.714,1.30558,1.30598,1.00,1.00
2015.01.27 21:20:09.816,1.30555,1.30597,1.00,1.00
2015.01.27 21:20:10.036,1.30555,1.30593,1.00,1.00
2015.01.27 21:20:10.340,1.30569,1.3059,1.00,1.00
2015.01.27 21:20:11.853,1.30562,1.3059,1.00,1.00
2015.01.27 21:20:12.005,1.30571,1.30591,1.00,1.00
2015.01.27 21:20:12.175,1.30566,1.30591,1.00,1.00
2015.01.27 21:20:12.489,1.30554,1.30591,1.37,1.00
2015.01.27 21:20:13.115,1.30556,1.30591,1.00,1.00
2015.01.27 21:20:13.467,1.30551,1.30591,1.00,1.00
2015.01.27 21:20:13.987,1.30551,1.30593,1.00,1.00
2015.01.27 21:20:14.088,1.30551,1.30597,1.00,1.00
2015.01.27 21:20:24.694,1.30547,1.30595,1.37,1.00
2015.01.27 21:20:24.744,1.30547,1.30595,1.00,1.00
2015.01.27 21:20:24.795,1.30546,1.30592,1.00,1.37
2015.01.27 21:20:25.107,1.30541,1.3058,1.37,1.00
2015.01.27 21:20:25.414,1.30543,1.30577,1.37,1.00
2015.01.27 21:20:25.722,1.30546,1.30577,1.00,1.00
2015.01.27 21:20:26.549,1.30541,1.30577,1.50,1.00
2015.01.27 21:20:26.651,1.30541,1.30575,1.00,1.00
2015.01.27 21:20:26.955,1.30538,1.30566,1.00,1.00
2015.01.27 21:20:27.209,1.30542,1.30582,1.75,1.00
2015.01.27 21:20:27.310,1.30542,1.30585,1.75,1.00
2015.01.27 21:20:27.411,1.30545,1.3059,1.50,1.00
2015.01.27 21:20:27.563,1.30555,1.3059,1.00,1.00
2015.01.27 21:20:28.202,1.3056,1.3059,1.00,1.00
2015.01.27 21:20:29.666,1.30561,1.3059,1.00,1.00
2015.01.27 21:20:30.686,1.30555,1.3059,1.00,1.00
2015.01.27 21:20:30.838,1.30555,1.30596,1.37,1.00
2015.01.27 21:20:51.124,1.3055,1.30596,1.12,1.00
2015.01.27 21:20:51.221,1.30559,1.30596,1.00,1.00
2015.01.27 21:20:51.324,1.3055,1.30596,1.00,1.00
2015.01.27 21:20:51.826,1.3055,1.30596,1.37,1.00
2015.01.27 21:20:51.877,1.3055,1.30596,1.75,1.00
2015.01.27 21:20:52.138,1.3055,1.30596,1.12,1.00
2015.01.27 21:21:19.510,1.3055,1.30596,1.37,1.00
2015.01.27 21:21:24.542,1.3055,1.30596,1.37,1.00
2015.01.27 21:21:28.375,1.30556,1.30596,1.00,1.00
2015.01.27 21:21:30.265,1.3056,1.30596,1.00,1.00
2015.01.27 21:21:31.233,1.3056,1.30609,1.00,1.00
2015.01.27 21:21:35.069,1.3056,1.30608,1.00,1.00
2015.01.27 21:21:36.374,1.30559,1.30608,1.00,1.00
2015.01.27 21:21:39.779,1.3056,1.30609,1.00,1.00
2015.01.27 21:21:40.316,1.30559,1.30609,1.00,1.00
2015.01.27 21:21:43.333,1.30558,1.30609,1.00,1.00
2015.01.27 21:21:43.700,1.3056,1.30609,1.00,1.00
2015.01.27 21:21:53.864,1.30559,1.30608,1.00,1.00
2015.01.27 21:22:20.013,1.30562,1.30608,1.00,1.00
2015.01.27 21:22:20.330,1.30563,1.306,1.00,1.00
2015.01.27 21:22:20.820,1.30565,1.306,1.00,1.00
2015.01.27 21:22:21.342,1.30563,1.306,1.00,1.00
2015.01.27 21:22:21.932,1.30562,1.306,1.00,1.00
2015.01.27 21:22:22.672,1.3056,1.306,1.00,1.00
2015.01.27 21:22:23.189,1.30561,1.306,1.00,1.00
2015.01.27 21:22:23.691,1.3056,1.306,1.00,1.00
2015.01.27 21:22:23.745,1.30554,1.306,1.37,1.00
2015.01.27 21:22:33.623,1.30565,1.306,1.00,1.00
2015.01.27 21:22:33.689,1.30554,1.306,1.37,1.00
2015.01.27 21:22:34.111,1.30563,1.306,1.00,1.00
2015.01.27 21:22:38.609,1.30562,1.306,1.00,1.00
2015.01.27 21:22:38.815,1.30555,1.306,1.00,1.00
2015.01.27 21:22:39.428,1.30554,1.306,1.00,1.00
2015.01.27 21:23:01.412,1.30557,1.306,1.00,1.00
2015.01.27 21:23:01.757,1.3056,1.306,1.00,1.00
2015.01.27 21:23:03.101,1.30557,1.306,1.00,1.00
2015.01.27 21:23:06.141,1.30578,1.306,1.00,1.00
2015.01.27 21:23:06.242,1.30572,1.306,1.00,1.00
2015.01.27 21:23:06.430,1.30568,1.306,1.00,1.00
2015.01.27 21:23:07.258,1.3057,1.306,1.00,1.00
2015.01.27 21:23:08.163,1.30571,1.306,1.00,1.00
2015.01.27 21:23:20.175,1.30571,1.3061,1.00,1.00
2015.01.27 21:23:23.796,1.30569,1.3061,1.00,1.00
2015.01.27 21:23:24.384,1.30567,1.30611,1.00,1.00
2015.01.27 21:23:24.888,1.30559,1.30611,1.00,1.00
2015.01.27 21:23:24.990,1.30552,1.30611,1.12,1.00
2015.01.27 21:23:26.549,1.30571,1.3061,1.00,1.00
2015.01.27 21:23:26.752,1.30568,1.30611,1.00,1.00
2015.01.27 21:23:28.417,1.30574,1.3061,1.00,1.00
2015.01.27 21:23:34.772,1.30584,1.3061,1.00,1.00
2015.01.27 21:23:35.082,1.30583,1.30606,1.00,1.00
2015.01.27 21:23:35.600,1.30582,1.30606,1.00,1.00
2015.01.27 21:23:35.879,1.3058,1.30606,1.00,1.00
2015.01.27 21:23:38.773,1.30581,1.30606,1.00,1.00
2015.01.27 21:23:39.428,1.30579,1.30606,1.00,1.00
2015.01.27 21:23:42.408,1.30578,1.30606,1.00,1.00
2015.01.27 21:23:47.915,1.30575,1.30606,1.00,1.00
2015.01.27 21:23:48.042,1.30567,1.30606,1.00,1.00
2015.01.27 21:23:48.347,1.30583,1.30606,1.00,1.00
2015.01.27 21:23:48.651,1.30584,1.3061,1.00,1.00
2015.01.27 21:23:48.755,1.30589,1.30611,1.00,1.00
2015.01.27 21:23:49.561,1.30594,1.30611,1.00,1.00
2015.01.27 21:23:50.068,1.30597,1.30611,1.00,1.00
2015.01.27 21:23:50.272,1.30584,1.30611,1.00,1.00
2015.01.27 21:23:50.374,1.30586,1.30616,1.00,1.00
2015.01.27 21:23:50.628,1.30591,1.30616,1.00,1.00
2015.01.27 21:23:50.830,1.30584,1.30616,1.00,1.00
2015.01.27 21:23:53.239,1.30583,1.30616,1.00,1.00
2015.01.27 21:23:55.372,1.30582,1.30616,1.00,1.00
2015.01.27 21:23:56.684,1.30584,1.30616,1.00,1.00
2015.01.27 21:23:58.165,1.3058,1.30616,1.00,1.00
2015.01.27 21:23:58.318,1.3057,1.30616,1.00,1.00
2015.01.27 21:23:58.420,1.30568,1.30616,1.00,1.00
2015.01.27 21:23:58.964,1.30568,1.30615,1.00,1.00
2015.01.27 21:24:00.810,1.3058,1.30615,1.00,1.00
2015.01.27 21:24:09.963,1.30581,1.30615,1.00,1.00
2015.01.27 21:24:18.495,1.30586,1.30616,1.00,1.00
2015.01.27 21:24:18.647,1.30573,1.30616,1.00,1.00
2015.01.27 21:24:19.153,1.30572,1.30616,1.12,1.00
2015.01.27 21:24:19.255,1.30574,1.30616,1.00,1.00
2015.01.27 21:24:19.635,1.30581,1.30616,1.00,1.00
2015.01.27 21:24:20.335,1.30577,1.30616,1.00,1.00
2015.01.27 21:24:20.971,1.30581,1.30616,1.00,1.00
2015.01.27 21:24:21.849,1.30572,1.30616,1.37,1.00
2015.01.27 21:24:21.951,1.30573,1.30619,1.12,1.00
2015.01.27 21:24:27.581,1.30582,1.30619,1.00,1.00
2015.01.27 21:24:27.892,1.30587,1.30619,1.00,1.00
2015.01.27 21:24:28.090,1.30583,1.30619,1.00,1.00
2015.01.27 21:24:28.242,1.30589,1.30619,1.00,1.00
2015.01.27 21:24:28.830,1.3059,1.30619,1.00,1.00
2015.01.27 21:24:29.134,1.30592,1.30619,1.00,1.00
2015.01.27 21:24:34.630,1.30597,1.30619,1.00,1.00
2015.01.27 21:24:36.789,1.30592,1.30619,1.00,1.00
2015.01.27 21:24:38.574,1.30592,1.30623,1.00,1.00
2015.01.27 21:24:39.100,1.30601,1.30623,1.00,1.00
2015.01.27 21:24:39.557,1.30597,1.30623,1.00,1.00
2015.01.27 21:24:40.442,1.30601,1.30623,1.00,1.00
2015.01.27 21:24:40.543,1.30603,1.30628,1.00,1.50
2015.01.27 21:24:40.645,1.30615,1.30631,1.00,1.00
2015.01.27 21:24:40.848,1.30606,1.30641,1.00,1.00
2015.01.27 21:24:40.899,1.30604,1.30641,1.00,1.00
2015.01.27 21:24:40.950,1.30624,1.30641,1.00,0.75
2015.01.27 21:24:41.001,1.30624,1.30668,1.00,1.50
2015.01.27 21:24:41.102,1.30614,1.30668,1.00,1.00
2015.01.27 21:24:41.153,1.30633,1.30688,1.00,1.00
2015.01.27 21:24:41.254,1.30625,1.30688,1.00,1.00
2015.01.27 21:24:41.356,1.3063,1.30688,1.00,1.00
2015.01.27 21:24:41.698,1.30628,1.30683,1.00,1.00
2015.01.27 21:24:41.749,1.30626,1.30683,1.00,1.00
2015.01.27 21:24:42.670,1.3062,1.30683,1.00,1.00
2015.01.27 21:24:42.721,1.30625,1.30686,1.00,1.00
2015.01.27 21:24:43.024,1.30652,1.30703,1.00,1.00
2015.01.27 21:24:43.126,1.30655,1.30711,1.00,1.00
2015.01.27 21:24:43.177,1.30653,1.30711,1.00,1.00
2015.01.27 21:24:43.278,1.30656,1.30712,1.00,1.00
2015.01.27 21:24:45.209,1.30665,1.30712,1.00,1.00
2015.01.27 21:24:45.621,1.30658,1.30713,1.00,1.00
2015.01.27 21:24:45.910,1.30664,1.30713,1.00,1.00
2015.01.27 21:24:47.122,1.30666,1.30713,1.00,1.00
2015.01.27 21:24:47.772,1.30668,1.30713,1.00,1.00
2015.01.27 21:24:47.833,1.30652,1.30713,1.00,1.00
2015.01.27 21:24:51.391,1.30655,1.30713,1.00,1.00
2015.01.27 21:24:51.989,1.30651,1.30713,1.37,1.00
2015.01.27 21:24:52.040,1.30651,1.30715,1.37,1.00
2015.01.27 21:24:52.523,1.30651,1.30715,1.00,1.50
2015.01.27 21:24:52.827,1.30652,1.30711,1.00,1.75
2015.01.27 21:24:53.135,1.30656,1.30707,1.00,1.75
2015.01.27 21:24:56.600,1.30656,1.30707,1.00,1.75
2015.01.27 21:25:00.314,1.30656,1.30707,1.00,1.50
2015.01.27 21:25:00.416,1.30656,1.30707,1.00,1.75
2015.01.27 21:25:00.746,1.30656,1.30707,1.00,1.75
2015.01.27 21:25:00.797,1.30654,1.30702,1.00,1.75
2015.01.27 21:25:00.898,1.30652,1.30698,1.00,1.37
2015.01.27 21:25:04.975,1.30648,1.30696,1.00,1.37
2015.01.27 21:25:05.227,1.30648,1.30696,1.00,1.50
2015.01.27 21:25:05.750,1.30645,1.30691,1.00,1.12
2015.01.27 21:25:05.801,1.30645,1.30691,1.00,1.75
2015.01.27 21:25:05.852,1.30641,1.30687,1.00,1.37
2015.01.27 21:25:05.903,1.30641,1.30687,1.00,1.75
2015.01.27 21:25:06.208,1.3064,1.30681,1.00,1.00
2015.01.27 21:25:06.309,1.3064,1.30681,1.00,1.37
2015.01.27 21:25:06.461,1.30634,1.30681,1.00,1.37
2015.01.27 21:25:06.513,1.30634,1.30681,1.00,1.00
2015.01.27 21:25:07.019,1.30633,1.30681,1.00,1.00
2015.01.27 21:25:11.321,1.30633,1.30681,1.00,1.75
2015.01.27 21:25:11.724,1.30633,1.30681,1.00,1.00
2015.01.27 21:25:13.250,1.30633,1.30681,1.00,1.50
2015.01.27 21:25:17.250,1.30633,1.3068,1.00,1.75
2015.01.27 21:25:17.960,1.30628,1.30676,1.00,1.75
2015.01.27 21:25:20.183,1.30628,1.30676,1.00,1.50
2015.01.27 21:25:21.068,1.30628,1.30676,1.00,2.25
2015.01.27 21:25:30.028,1.30628,1.30676,1.00,1.75
2015.01.27 21:25:30.130,1.30628,1.30676,1.00,1.37
2015.01.27 21:25:30.231,1.30628,1.30676,1.00,1.75
2015.01.27 21:25:31.525,1.30631,1.30676,1.00,1.75
2015.01.27 21:25:31.677,1.30628,1.30676,1.50,1.75
2015.01.27 21:25:33.827,1.30628,1.30676,1.00,1.75
2015.01.27 21:25:34.135,1.30628,1.30676,1.00,1.75
2015.01.27 21:25:35.047,1.30628,1.30676,1.00,1.50
2015.01.27 21:25:35.506,1.30628,1.30676,1.00,1.37
2015.01.27 21:25:36.271,1.30628,1.30676,1.00,1.37
2015.01.27 21:25:45.680,1.30628,1.30676,1.00,1.50
2015.01.27 21:25:46.785,1.30628,1.30676,1.00,1.75
2015.01.27 21:25:54.879,1.30628,1.30676,1.00,1.37
2015.01.27 21:25:57.929,1.30628,1.30676,1.00,1.00
2015.01.27 21:26:02.655,1.30629,1.30676,1.00,1.00
2015.01.27 21:26:04.103,1.30628,1.30676,1.50,1.00
2015.01.27 21:26:04.561,1.3063,1.30676,1.00,1.00
2015.01.27 21:26:04.884,1.30635,1.30678,1.00,1.00
2015.01.27 21:26:05.746,1.30634,1.30678,1.00,1.00
2015.01.27 21:26:07.742,1.30636,1.30678,1.00,1.00
2015.01.27 21:26:08.453,1.30635,1.30678,1.00,1.00
2015.01.27 21:26:17.102,1.30634,1.30678,1.00,1.00
2015.01.27 21:26:30.368,1.30633,1.30678,1.00,1.00
2015.01.27 21:26:44.486,1.30631,1.30678,1.00,1.00
2015.01.27 21:26:44.588,1.30633,1.30678,1.00,1.00
2015.01.27 21:27:04.798,1.30633,1.30689,1.00,2.25
2015.01.27 21:27:26.507,1.30633,1.30689,1.00,1.37
2015.01.27 21:27:35.926,1.30629,1.30689,1.00,1.37
2015.01.27 21:27:36.027,1.30629,1.30689,1.00,1.75
2015.01.27 21:27:52.658,1.30627,1.30689,1.00,2.25
2015.01.27 21:27:52.759,1.30627,1.30689,1.00,1.87
2015.01.27 21:27:52.915,1.3062,1.30683,1.00,1.00
2015.01.27 21:27:59.614,1.3062,1.30682,1.50,1.00
2015.01.27 21:27:59.716,1.30622,1.30686,1.00,1.00
2015.01.27 21:27:59.817,1.30624,1.30687,1.00,1.00
2015.01.27 21:28:06.436,1.30625,1.30688,1.00,1.00
2015.01.27 21:28:21.704,1.30625,1.30688,1.00,1.37
2015.01.27 21:28:28.626,1.30625,1.30686,1.00,1.75
2015.01.27 21:28:28.728,1.30623,1.30686,1.00,1.75
2015.01.27 21:28:28.880,1.3062,1.30684,1.50,1.37
2015.01.27 21:28:35.105,1.30627,1.30684,1.00,1.37
2015.01.27 21:28:35.156,1.30627,1.30684,1.00,1.00
2015.01.27 21:28:35.207,1.30636,1.30684,1.00,1.00
2015.01.27 21:28:35.510,1.3064,1.30684,1.00,1.00
2015.01.27 21:28:35.663,1.3064,1.30686,1.00,1.00
2015.01.27 21:28:37.540,1.30636,1.30686,1.00,1.00
2015.01.27 21:28:38.062,1.30636,1.30687,1.00,1.00
2015.01.27 21:28:38.113,1.30634,1.30687,1.00,1.00
2015.01.27 21:28:41.790,1.30633,1.30687,1.00,1.00
2015.01.27 21:28:42.303,1.30633,1.30686,1.00,1.00
2015.01.27 21:28:42.825,1.30632,1.30686,1.00,1.00
2015.01.27 21:28:42.926,1.30632,1.30684,1.00,1.00
2015.01.27 21:28:43.222,1.3063,1.30684,1.00,1.00
2015.01.27 21:28:43.939,1.30628,1.30682,1.00,1.00
2015.01.27 21:28:44.041,1.30624,1.30682,1.00,1.00
2015.01.27 21:28:44.424,1.30626,1.30682,1.00,1.00
2015.01.27 21:28:50.285,1.30626,1.30681,1.00,1.00
2015.01.27 21:28:52.939,1.30625,1.30681,1.00,1.00
2015.01.27 21:28:55.246,1.30625,1.30682,1.00,1.00
2015.01.27 21:28:59.419,1.30627,1.30682,1.00,1.00
2015.01.27 21:29:01.082,1.30629,1.30682,1.00,1.00
2015.01.27 21:29:01.390,1.30626,1.30682,1.00,1.00
2015.01.27 21:29:01.493,1.30622,1.30682,1.00,1.00
2015.01.27 21:29:01.595,1.30625,1.30682,1.00,1.00
2015.01.27 21:29:01.935,1.30627,1.30682,1.00,1.00
2015.01.27 21:29:04.695,1.30625,1.30682,1.00,1.00
2015.01.27 21:29:11.484,1.30626,1.30682,1.00,1.00
2015.01.27 21:29:11.585,1.30624,1.30682,1.00,1.00
2015.01.27 21:29:11.995,1.30622,1.3068,1.00,1.00
2015.01.27 21:29:12.298,1.30624,1.30675,1.00,1.00
2015.01.27 21:29:12.601,1.30632,1.30661,1.00,1.00
2015.01.27 21:29:12.652,1.30628,1.30661,1.00,1.00
2015.01.27 21:29:12.957,1.30628,1.30654,1.00,1.00
2015.01.27 21:29:13.008,1.30623,1.30654,1.00,1.00
2015.01.27 21:29:13.110,1.30615,1.30654,1.00,1.00
2015.01.27 21:29:13.312,1.30615,1.30651,1.00,1.00
2015.01.27 21:29:13.536,1.30615,1.30659,1.00,1.50
2015.01.27 21:29:13.751,1.30615,1.30654,1.00,1.00
2015.01.27 21:29:13.954,1.30615,1.30656,1.00,1.00
2015.01.27 21:29:14.056,1.30616,1.30658,1.00,1.00
2015.01.27 21:29:14.107,1.30621,1.30658,1.00,1.00
2015.01.27 21:29:14.158,1.30621,1.30665,1.00,1.00
2015.01.27 21:29:14.310,1.30623,1.30665,1.00,1.00
2015.01.27 21:29:14.411,1.30618,1.30665,1.00,1.00
2015.01.27 21:29:14.513,1.30618,1.3066,1.00,1.00
2015.01.27 21:29:14.829,1.30618,1.30652,1.00,1.00
2015.01.27 21:29:14.981,1.3061,1.3065,1.00,1.00
2015.01.27 21:29:15.083,1.3061,1.30644,1.00,1.00
2015.01.27 21:29:15.134,1.30604,1.30644,1.00,1.00
2015.01.27 21:29:15.185,1.30604,1.30639,1.00,1.00
2015.01.27 21:29:15.720,1.30605,1.30639,1.00,1.00
2015.01.27 21:29:16.062,1.30607,1.30644,1.00,1.00
2015.01.27 21:29:16.164,1.30607,1.30649,1.00,1.00
2015.01.27 21:29:16.268,1.30607,1.30645,1.00,1.00
2015.01.27 21:29:16.371,1.30603,1.30645,1.00,1.00
2015.01.27 21:29:16.472,1.30605,1.30643,1.00,1.00
2015.01.27 21:29:16.573,1.30602,1.30643,1.00,1.00
2015.01.27 21:29:16.624,1.30602,1.30636,1.00,1.00
2015.01.27 21:29:16.855,1.30596,1.30636,1.00,1.00
2015.01.27 21:29:16.906,1.30596,1.30633,1.00,1.00
2015.01.27 21:29:16.957,1.30594,1.30633,1.00,1.00
2015.01.27 21:29:17.058,1.30596,1.3063,1.00,1.00
2015.01.27 21:29:17.362,1.30594,1.30627,1.00,1.00
2015.01.27 21:29:17.922,1.30594,1.30634,1.00,1.00
2015.01.27 21:29:18.024,1.30594,1.30637,1.00,1.00
2015.01.27 21:29:18.227,1.30594,1.3064,1.00,1.00
2015.01.27 21:29:18.278,1.30598,1.30641,1.00,1.00
2015.01.27 21:29:18.379,1.30598,1.30647,1.00,1.50
2015.01.27 21:29:18.481,1.306,1.30643,1.00,1.00
2015.01.27 21:29:18.683,1.30603,1.30648,1.00,1.00
2015.01.27 21:29:18.785,1.30603,1.30642,1.00,1.00
2015.01.27 21:29:19.038,1.30591,1.30632,1.00,1.00
2015.01.27 21:29:19.573,1.30592,1.30632,1.00,1.50
2015.01.27 21:29:19.928,1.3059,1.30634,1.00,1.00
2015.01.27 21:29:20.032,1.30595,1.30637,1.00,1.00
2015.01.27 21:29:20.337,1.30608,1.30637,1.00,1.00
2015.01.27 21:29:20.640,1.30617,1.30638,1.00,1.00
2015.01.27 21:29:20.792,1.30612,1.30636,1.00,1.00
2015.01.27 21:29:20.995,1.30607,1.30636,1.00,1.00
2015.01.27 21:29:21.046,1.30607,1.30633,1.00,1.00
2015.01.27 21:29:21.097,1.30604,1.30633,1.00,1.00
2015.01.27 21:29:21.299,1.30591,1.30632,1.00,1.00
2015.01.27 21:29:21.400,1.30601,1.30632,1.00,1.00
2015.01.27 21:29:21.704,1.30605,1.30632,1.00,1.00
2015.01.27 21:29:21.906,1.30597,1.30632,1.00,1.00
2015.01.27 21:29:22.412,1.30595,1.30632,1.00,1.00
2015.01.27 21:29:22.513,1.30582,1.30632,1.00,1.00
2015.01.27 21:29:22.614,1.30596,1.30632,1.00,1.00
2015.01.27 21:29:22.817,1.3059,1.30632,1.00,1.00
2015.01.27 21:29:22.918,1.306,1.30632,1.00,1.00
2015.01.27 21:29:23.020,1.30597,1.30632,1.00,1.00
2015.01.27 21:29:23.121,1.30599,1.30632,1.00,1.00
2015.01.27 21:29:23.223,1.30596,1.30632,1.00,1.00
2015.01.27 21:29:24.586,1.30598,1.30632,1.00,1.00
2015.01.27 21:29:24.890,1.30608,1.30632,1.00,1.00
2015.01.27 21:29:25.897,1.30596,1.30632,1.00,1.00
2015.01.27 21:29:25.999,1.30609,1.30632,1.00,1.00
2015.01.27 21:29:26.101,1.30607,1.30633,1.00,1.00
2015.01.27 21:29:26.203,1.30596,1.30633,1.00,1.00
2015.01.27 21:29:26.304,1.30605,1.30633,1.00,1.00
2015.01.27 21:29:26.406,1.30597,1.30633,1.00,1.00
2015.01.27 21:29:26.507,1.30601,1.30633,1.00,1.00
2015.01.27 21:29:26.811,1.30603,1.30633,1.00,1.00
2015.01.27 21:29:26.913,1.30601,1.30633,1.00,1.00
2015.01.27 21:29:28.032,1.306,1.30633,1.00,1.00
2015.01.27 21:29:28.083,1.306,1.30631,1.00,1.00
2015.01.27 21:29:28.133,1.3059,1.30631,1.00,1.00
2015.01.27 21:29:28.901,1.30585,1.30631,1.00,1.00
2015.01.27 21:29:29.002,1.30598,1.30631,1.00,1.00
2015.01.27 21:29:29.054,1.30598,1.30633,1.00,1.00
2015.01.27 21:29:29.206,1.306,1.30633,1.00,1.00
2015.01.27 21:29:29.561,1.30589,1.30633,1.00,1.00
2015.01.27 21:29:29.663,1.30603,1.30633,1.00,1.00
2015.01.27 21:29:29.937,1.30596,1.30633,1.00,1.00
2015.01.27 21:29:30.038,1.306,1.30633,1.00,1.00
2015.01.27 21:29:30.463,1.30603,1.30633,1.00,1.00
2015.01.27 21:29:30.565,1.30595,1.30633,1.00,1.00
2015.01.27 21:29:30.666,1.30601,1.30633,1.00,1.00
2015.01.27 21:29:30.930,1.30591,1.30633,1.00,1.00
2015.01.27 21:29:31.081,1.30585,1.30633,1.00,1.00
2015.01.27 21:29:31.134,1.30598,1.30633,1.00,1.00
2015.01.27 21:29:31.387,1.3059,1.30633,1.00,1.00
2015.01.27 21:29:31.489,1.30588,1.30633,1.00,1.00
2015.01.27 21:29:31.590,1.30586,1.30633,1.00,1.00
2015.01.27 21:29:32.024,1.30584,1.30632,1.00,1.00
2015.01.27 21:29:32.126,1.30579,1.30625,1.00,1.00
2015.01.27 21:29:32.430,1.30592,1.30623,1.00,1.00
2015.01.27 21:29:32.532,1.30575,1.30623,1.00,1.00
2015.01.27 21:29:32.634,1.30586,1.30623,1.00,1.00
2015.01.27 21:29:32.735,1.30575,1.30623,1.00,1.00
2015.01.27 21:29:32.837,1.30575,1.30611,1.00,1.00
2015.01.27 21:29:33.142,1.30579,1.30631,1.00,1.37
2015.01.27 21:29:33.193,1.30579,1.30631,1.00,1.00
2015.01.27 21:29:33.244,1.30581,1.3063,1.00,1.00
2015.01.27 21:29:34.074,1.30581,1.3062,1.00,1.00
2015.01.27 21:29:34.125,1.30574,1.3062,1.00,1.50
2015.01.27 21:29:34.226,1.30574,1.30613,1.00,1.00
2015.01.27 21:29:34.556,1.30568,1.30613,1.00,1.00
2015.01.27 21:29:34.658,1.30572,1.30613,1.00,1.00
2015.01.27 21:29:34.759,1.30565,1.30613,1.00,1.00
2015.01.27 21:29:34.912,1.30558,1.3059,1.00,1.00
2015.01.27 21:29:35.013,1.30552,1.30587,1.00,1.00
2015.01.27 21:29:35.115,1.30552,1.30606,1.00,2.37
2015.01.27 21:29:35.216,1.30552,1.30612,1.00,1.00
2015.01.27 21:29:35.419,1.30551,1.3061,1.00,1.42
2015.01.27 21:29:35.520,1.30551,1.30612,1.00,1.00
2015.01.27 21:29:35.621,1.30529,1.30612,1.00,1.00
2015.01.27 21:29:35.672,1.30532,1.30612,1.00,1.00
2015.01.27 21:29:35.976,1.30534,1.30598,1.00,1.00
2015.01.27 21:29:36.279,1.3054,1.30583,1.00,1.00
2015.01.27 21:29:36.330,1.3054,1.3059,1.00,1.00
2015.01.27 21:29:36.380,1.30545,1.30595,1.00,1.37
2015.01.27 21:29:36.481,1.30545,1.30595,1.00,1.00
2015.01.27 21:29:37.400,1.30561,1.30595,1.00,1.00
2015.01.27 21:29:37.654,1.3056,1.30599,1.00,1.00
2015.01.27 21:29:37.767,1.30576,1.30603,1.00,1.00
2015.01.27 21:29:37.919,1.3057,1.30613,1.00,1.00
2015.01.27 21:29:38.020,1.30567,1.30613,1.00,1.00
2015.01.27 21:29:38.274,1.3058,1.30613,1.00,1.00
2015.01.27 21:29:38.478,1.30577,1.30613,1.00,1.00
2015.01.27 21:29:38.580,1.30584,1.30613,1.00,1.00
2015.01.27 21:29:38.684,1.30585,1.30616,1.00,1.00
2015.01.27 21:29:38.786,1.30603,1.30615,1.00,1.00
2015.01.27 21:29:38.889,1.30602,1.30615,1.00,1.00
2015.01.27 21:29:39.047,1.30588,1.30615,1.00,1.00
2015.01.27 21:29:39.200,1.30585,1.30615,1.00,1.00
2015.01.27 21:29:39.304,1.30582,1.30615,1.00,1.00
2015.01.27 21:29:39.405,1.30569,1.30615,1.00,1.00
2015.01.27 21:29:39.508,1.30582,1.30615,1.00,1.00
2015.01.27 21:29:39.610,1.30569,1.30615,1.00,1.00
2015.01.27 21:29:39.711,1.3058,1.30615,1.00,1.00
2015.01.27 21:29:40.054,1.3059,1.30615,1.00,1.00
2015.01.27 21:29:40.170,1.3057,1.30615,1.00,1.00
2015.01.27 21:29:40.322,1.30589,1.30615,1.00,1.00
2015.01.27 21:29:40.525,1.30585,1.30615,1.00,1.00
2015.01.27 21:29:40.627,1.30589,1.30615,1.00,1.00
2015.01.27 21:29:40.938,1.3058,1.30615,1.00,1.00
2015.01.27 21:29:41.040,1.30583,1.30615,1.00,1.00
2015.01.27 21:29:41.246,1.30569,1.30615,1.00,1.00
2015.01.27 21:29:41.347,1.30576,1.30615,1.00,1.00
2015.01.27 21:29:41.855,1.30575,1.30615,1.00,1.00
2015.01.27 21:29:42.162,1.30583,1.30615,1.00,1.00
2015.01.27 21:29:42.263,1.30572,1.30613,1.00,1.00
2015.01.27 21:29:42.365,1.30572,1.30598,1.00,1.00
2015.01.27 21:29:42.618,1.30571,1.30613,1.00,1.37
2015.01.27 21:29:42.668,1.3058,1.30613,1.00,1.37
2015.01.27 21:29:42.972,1.30591,1.30598,1.00,0.75
2015.01.27 21:29:43.024,1.30591,1.30629,1.00,1.00
2015.01.27 21:29:43.075,1.30582,1.30628,1.00,1.00
2015.01.27 21:29:43.176,1.30579,1.30628,1.00,1.00
2015.01.27 21:29:43.278,1.30583,1.30628,1.00,1.00
2015.01.27 21:29:43.392,1.30579,1.30628,1.00,1.00
2015.01.27 21:29:43.802,1.30583,1.30628,1.00,1.00
2015.01.27 21:29:44.108,1.30581,1.30628,1.00,1.00
2015.01.27 21:29:44.211,1.30579,1.30628,1.00,1.00
2015.01.27 21:29:44.413,1.30582,1.30628,1.00,1.00
2015.01.27 21:29:44.710,1.30579,1.30628,1.00,1.00
2015.01.27 21:29:44.811,1.30583,1.30628,1.00,1.00
2015.01.27 21:29:44.913,1.3058,1.30628,1.00,1.00
2015.01.27 21:29:45.418,1.30579,1.30628,1.00,1.00
2015.01.27 21:29:45.519,1.30582,1.30628,1.00,1.00
2015.01.27 21:29:45.741,1.3058,1.30628,1.00,1.00
2015.01.27 21:29:45.914,1.30582,1.30628,1.00,1.00
2015.01.27 21:29:46.253,1.30603,1.30628,1.00,1.00
2015.01.27 21:29:46.354,1.30598,1.30628,1.00,1.00
2015.01.27 21:29:46.556,1.3058,1.30628,1.00,1.00
2015.01.27 21:29:47.062,1.30579,1.30628,1.50,1.00
2015.01.27 21:29:47.279,1.30581,1.30628,1.00,1.00
2015.01.27 21:29:47.788,1.3058,1.30628,1.00,1.00
2015.01.27 21:29:48.293,1.30579,1.30628,1.00,1.00
2015.01.27 21:29:48.804,1.30592,1.30628,1.00,1.00
2015.01.27 21:29:49.119,1.30596,1.30628,1.00,1.00
2015.01.27 21:29:49.323,1.30593,1.30628,1.00,1.00
2015.01.27 21:29:49.731,1.30579,1.30628,1.00,1.00
2015.01.27 21:29:50.237,1.30579,1.30627,1.00,1.00
2015.01.27 21:29:51.579,1.30586,1.30627,1.00,1.00
2015.01.27 21:29:51.887,1.3059,1.30627,1.00,1.00
2015.01.27 21:29:52.090,1.30579,1.30628,1.00,1.00
2015.01.27 21:29:52.141,1.30579,1.30625,1.00,1.00
2015.01.27 21:29:52.495,1.30588,1.30625,1.00,1.00
2015.01.27 21:29:52.799,1.30587,1.30623,1.00,1.00
2015.01.27 21:29:53.001,1.30579,1.30623,1.00,1.00
2015.01.27 21:29:54.546,1.30578,1.30612,1.00,1.00
2015.01.27 21:29:54.849,1.30573,1.30612,1.00,1.00
2015.01.27 21:29:54.951,1.30569,1.30612,1.00,1.00
2015.01.27 21:29:55.355,1.30582,1.30612,1.00,1.00
2015.01.27 21:29:56.474,1.30583,1.30612,1.00,1.00
2015.01.27 21:29:58.804,1.30581,1.30612,1.00,1.00
2015.01.27 21:29:59.222,1.30585,1.30612,1.00,1.00
2015.01.27 21:29:59.385,1.30583,1.30612,1.00,1.00
2015.01.27 21:29:59.930,1.30582,1.30612,1.00,1.00
2015.01.27 21:30:00.477,1.30583,1.30612,1.00,1.00
2015.01.27 21:30:00.528,1.30589,1.30612,1.00,1.00
2015.01.27 21:30:00.579,1.30589,1.30615,1.00,1.50
2015.01.27 21:30:00.630,1.30569,1.30615,1.00,1.50
2015.01.27 21:30:00.731,1.30583,1.30615,1.00,2.25
2015.01.27 21:30:01.050,1.30586,1.30615,1.00,1.00
2015.01.27 21:30:01.591,1.30586,1.30616,1.00,1.00
2015.01.27 21:30:02.100,1.30587,1.30616,1.00,1.00
2015.01.27 21:30:02.601,1.30586,1.30617,1.00,1.00
2015.01.27 21:30:03.167,1.30552,1.30617,1.75,1.00
2015.01.27 21:30:03.270,1.30588,1.30617,1.00,1.00
2015.01.27 21:30:03.679,1.30579,1.30617,1.00,1.00
2015.01.27 21:30:04.184,1.30562,1.30619,1.00,1.00
2015.01.27 21:30:04.390,1.30562,1.30624,1.00,1.00
2015.01.27 21:30:04.441,1.30578,1.30624,1.00,1.00
2015.01.27 21:30:04.695,1.3058,1.30628,1.00,1.00
2015.01.27 21:30:04.746,1.30561,1.30628,2.25,1.00
2015.01.27 21:30:05.133,1.30562,1.30628,1.75,1.00
2015.01.27 21:30:06.150,1.30563,1.30628,1.00,1.00
2015.01.27 21:30:06.251,1.30557,1.3062,1.00,1.00
2015.01.27 21:30:06.555,1.30542,1.3062,1.00,1.00
2015.01.27 21:30:06.606,1.30542,1.30628,1.00,1.37
2015.01.27 21:30:06.657,1.30538,1.30628,1.00,1.37
2015.01.27 21:30:06.707,1.30538,1.30628,1.00,1.37
2015.01.27 21:30:06.758,1.30523,1.30628,1.75,1.37
2015.01.27 21:30:06.910,1.30521,1.30622,1.75,1.37
2015.01.27 21:30:07.213,1.3053,1.30625,1.37,1.00
2015.01.27 21:30:07.263,1.3055,1.30628,1.00,1.00
2015.01.27 21:30:07.567,1.30553,1.30636,1.00,1.37
2015.01.27 21:30:07.670,1.30551,1.30636,1.00,1.37
2015.01.27 21:30:07.877,1.30549,1.30636,1.00,1.37
2015.01.27 21:30:07.990,1.30534,1.30636,1.37,1.37
2015.01.27 21:30:08.436,1.30529,1.30636,1.75,1.00
2015.01.27 21:30:08.487,1.3055,1.30636,1.00,1.00
2015.01.27 21:30:08.792,1.30531,1.30616,1.50,1.00
2015.01.27 21:30:09.204,1.30545,1.30616,1.00,1.00
2015.01.27 21:30:09.356,1.30529,1.30616,1.75,1.00
2015.01.27 21:30:09.407,1.30539,1.30616,1.00,1.00
2015.01.27 21:30:09.711,1.30536,1.30613,1.37,1.00
2015.01.27 21:30:10.014,1.30543,1.30608,1.00,1.00
2015.01.27 21:30:10.166,1.30539,1.30608,1.00,1.00
2015.01.27 21:30:10.474,1.30547,1.30608,1.00,1.00
2015.01.27 21:30:10.937,1.30542,1.30608,1.00,1.00
2015.01.27 21:30:11.145,1.30546,1.30608,1.00,1.00
2015.01.27 21:30:11.655,1.30547,1.30608,1.00,1.00
2015.01.27 21:30:12.171,1.30544,1.30608,1.00,1.00
2015.01.27 21:30:12.273,1.30526,1.30608,1.00,1.00
2015.01.27 21:30:12.324,1.30512,1.30609,1.37,1.00
2015.01.27 21:30:12.425,1.30507,1.30607,1.75,1.00
2015.01.27 21:30:12.729,1.30549,1.3061,1.75,1.00
2015.01.27 21:30:13.040,1.30549,1.30607,1.75,1.00
2015.01.27 21:30:13.659,1.30549,1.30606,1.75,1.00
2015.01.27 21:30:14.633,1.3056,1.3061,1.37,1.50
2015.01.27 21:30:14.734,1.30564,1.30617,1.12,1.00
2015.01.27 21:30:14.836,1.30567,1.30617,1.00,1.00
2015.01.27 21:30:15.038,1.30555,1.30619,1.75,1.00
2015.01.27 21:30:18.094,1.30557,1.30623,1.75,1.00
2015.01.27 21:30:18.145,1.30557,1.30623,1.75,1.00
2015.01.27 21:30:18.296,1.30561,1.30637,1.75,1.37
2015.01.27 21:30:18.347,1.30561,1.30631,1.75,1.00
2015.01.27 21:30:18.448,1.30564,1.30643,1.00,1.95
2015.01.27 21:30:18.499,1.30577,1.30643,1.00,1.95
2015.01.27 21:30:19.065,1.30578,1.30643,1.00,1.95
2015.01.27 21:30:20.223,1.30578,1.30643,1.75,1.95
2015.01.27 21:30:20.425,1.30577,1.30649,1.75,1.00
2015.01.27 21:30:20.940,1.30563,1.30649,1.50,1.00
2015.01.27 21:30:20.991,1.30564,1.30622,1.00,1.00
2015.01.27 21:30:21.143,1.30526,1.30609,1.00,1.00
2015.01.27 21:30:21.244,1.30522,1.3063,1.00,1.37
2015.01.27 21:30:21.447,1.30523,1.30632,2.25,1.95
2015.01.27 21:30:22.194,1.30581,1.30632,1.00,1.95
2015.01.27 21:30:22.397,1.30576,1.3065,1.75,1.05
2015.01.27 21:30:22.498,1.30576,1.30653,1.12,1.37
2015.01.27 21:30:22.549,1.30576,1.30653,1.12,1.37
2015.01.27 21:30:22.650,1.30566,1.30653,2.25,1.37
2015.01.27 21:30:22.940,1.30566,1.30653,2.25,1.37
2015.01.27 21:30:23.041,1.30566,1.30653,1.75,1.37
2015.01.27 21:30:23.629,1.30566,1.30653,1.75,1.37
2015.01.27 21:30:23.933,1.3058,1.3063,1.00,1.00
2015.01.27 21:30:23.984,1.30566,1.3063,1.00,1.00
2015.01.27 21:30:24.034,1.30566,1.30608,1.00,1.00
2015.01.27 21:30:24.085,1.30544,1.30608,1.00,1.00
2015.01.27 21:30:24.136,1.30532,1.30608,1.75,1.00
2015.01.27 21:30:24.288,1.30531,1.30608,1.00,1.00
2015.01.27 21:30:24.807,1.3053,1.30608,1.00,1.00
2015.01.27 21:30:25.854,1.3053,1.30608,2.25,1.00
2015.01.27 21:30:26.347,1.30534,1.30616,1.75,1.00
2015.01.27 21:30:26.398,1.30534,1.30616,1.00,1.00
2015.01.27 21:30:27.306,1.30534,1.30616,1.50,1.00
2015.01.27 21:30:29.526,1.30534,1.30598,1.50,1.00
2015.01.27 21:30:29.779,1.30534,1.30605,1.00,1.00
2015.01.27 21:30:29.830,1.30534,1.30596,1.00,1.00
2015.01.27 21:30:29.932,1.30534,1.30605,1.00,1.00
2015.01.27 21:30:29.983,1.30524,1.30605,1.00,1.00
2015.01.27 21:30:30.034,1.30516,1.306,2.25,1.00
2015.01.27 21:30:30.084,1.30521,1.306,1.00,1.00
2015.01.27 21:30:30.237,1.30523,1.30604,1.00,1.00
2015.01.27 21:30:30.338,1.30515,1.30604,2.25,1.50
2015.01.27 21:30:30.389,1.30522,1.30604,1.00,1.12
2015.01.27 21:30:30.644,1.30521,1.30614,1.50,1.00
2015.01.27 21:30:30.694,1.30524,1.30614,1.00,1.00
2015.01.27 21:30:30.998,1.30527,1.3059,2.25,1.00
2015.01.27 21:30:31.629,1.30532,1.3059,1.00,1.00
2015.01.27 21:30:31.740,1.30527,1.3059,3.00,1.00
2015.01.27 21:30:31.967,1.30528,1.30599,1.00,1.00
2015.01.27 21:30:32.018,1.30541,1.30599,1.75,1.00
2015.01.27 21:30:32.322,1.30538,1.30594,1.37,1.00
2015.01.27 21:30:32.373,1.30538,1.30589,1.37,1.00
2015.01.27 21:30:32.423,1.30532,1.30589,1.00,1.00
2015.01.27 21:30:32.525,1.30541,1.30589,1.75,1.00
2015.01.27 21:30:34.023,1.30541,1.30589,1.50,1.00
2015.01.27 21:30:34.277,1.3054,1.30603,1.75,1.00
2015.01.27 21:30:34.378,1.30547,1.30608,1.00,1.00
2015.01.27 21:30:34.480,1.30542,1.30612,1.50,1.00
2015.01.27 21:30:34.582,1.30558,1.306,1.00,1.00
2015.01.27 21:30:34.684,1.30545,1.30598,1.37,1.00
2015.01.27 21:30:34.785,1.30546,1.30611,1.37,1.00
2015.01.27 21:30:34.837,1.30541,1.30611,1.00,1.00
2015.01.27 21:30:34.888,1.30541,1.30628,1.00,1.50
2015.01.27 21:30:35.407,1.30542,1.30628,1.00,1.00
2015.01.27 21:30:35.938,1.30542,1.30628,1.75,1.00
2015.01.27 21:30:36.478,1.30542,1.30628,1.75,1.00
2015.01.27 21:30:37.598,1.30554,1.30628,1.00,1.00
2015.01.27 21:30:37.904,1.30554,1.30628,1.75,1.00
2015.01.27 21:30:40.955,1.30552,1.30628,1.75,1.00
2015.01.27 21:30:41.005,1.30554,1.30638,1.75,1.00
2015.01.27 21:30:41.056,1.30554,1.30646,1.75,1.00
2015.01.27 21:30:42.978,1.30554,1.30624,1.50,0.75
2015.01.27 21:30:43.080,1.30554,1.30636,1.75,1.00
2015.01.27 21:30:43.181,1.30552,1.3062,1.75,1.00
2015.01.27 21:30:43.283,1.30539,1.30638,1.00,1.50
2015.01.27 21:30:43.333,1.30541,1.30646,1.50,1.59
2015.01.27 21:30:43.435,1.30542,1.30652,1.00,1.00
2015.01.27 21:30:44.062,1.30541,1.30652,2.25,1.00
2015.01.27 21:30:44.369,1.30558,1.30652,1.75,1.00
2015.01.27 21:30:44.471,1.30551,1.30641,1.00,1.00
2015.01.27 21:30:44.572,1.30543,1.30641,1.00,1.00
2015.01.27 21:30:44.674,1.30542,1.30644,1.50,1.00
2015.01.27 21:30:44.977,1.30542,1.30653,2.25,1.95
2015.01.27 21:30:45.785,1.30549,1.30653,1.00,1.95
2015.01.27 21:30:46.088,1.30553,1.30662,1.75,1.50
2015.01.27 21:30:47.882,1.30553,1.30662,1.75,1.50
2015.01.27 21:30:48.185,1.30553,1.3065,1.75,1.00
2015.01.27 21:30:48.488,1.30552,1.30647,1.75,1.00
2015.01.27 21:30:53.379,1.30552,1.30647,1.75,1.50
2015.01.27 21:30:53.780,1.30552,1.30647,1.75,1.50
2015.01.27 21:30:54.390,1.30575,1.30647,1.75,1.50
2015.01.27 21:30:55.560,1.30572,1.30648,1.75,1.00
2015.01.27 21:30:55.762,1.30575,1.3065,1.75,1.00
2015.01.27 21:30:55.813,1.30575,1.30645,1.75,1.00
2015.01.27 21:30:56.015,1.30574,1.30653,1.00,4.65
2015.01.27 21:30:56.066,1.30576,1.30664,1.00,1.37
2015.01.27 21:30:56.167,1.30577,1.30666,1.00,1.00
2015.01.27 21:30:57.322,1.30577,1.30666,1.00,1.37
2015.01.27 21:30:57.624,1.30577,1.30666,1.75,1.37
2015.01.27 21:30:58.070,1.30593,1.30666,1.00,1.37
2015.01.27 21:30:58.172,1.3058,1.30666,1.50,1.37
2015.01.27 21:30:58.222,1.3058,1.30641,2.25,1.00
2015.01.27 21:30:58.324,1.30579,1.30662,1.75,1.75
2015.01.27 21:30:58.526,1.30579,1.30651,1.75,1.00
2015.01.27 21:30:58.627,1.30575,1.30651,1.75,1.00
2015.01.27 21:30:58.829,1.30569,1.30651,1.75,1.00
2015.01.27 21:30:59.031,1.30561,1.30675,1.75,3.07
2015.01.27 21:30:59.675,1.30578,1.30675,1.75,3.82
2015.01.27 21:31:00.182,1.30578,1.30675,1.75,3.82
2015.01.27 21:31:01.212,1.3058,1.30661,1.37,1.00
2015.01.27 21:31:01.522,1.30566,1.30649,1.00,1.00
2015.01.27 21:31:01.573,1.30549,1.30649,2.25,1.00
2015.01.27 21:31:01.625,1.30552,1.30636,1.00,1.00
2015.01.27 21:31:01.727,1.30553,1.30648,1.00,1.00
2015.01.27 21:31:01.829,1.30559,1.30638,1.00,1.00
2015.01.27 21:31:01.930,1.3056,1.30652,1.00,1.00
2015.01.27 21:31:01.981,1.30555,1.30652,1.00,1.00
2015.01.27 21:31:02.032,1.30561,1.30665,1.00,2.08
2015.01.27 21:31:02.083,1.30561,1.30666,2.25,1.37
2015.01.27 21:31:03.045,1.30561,1.30671,1.50,1.87
2015.01.27 21:31:03.095,1.30573,1.30654,1.00,1.95
2015.01.27 21:31:03.399,1.30572,1.30642,1.00,1.00
2015.01.27 21:31:03.652,1.30559,1.3063,1.00,1.00
2015.01.27 21:31:03.703,1.30553,1.3063,2.25,1.00
2015.01.27 21:31:03.754,1.30553,1.30646,2.25,1.00
2015.01.27 21:31:03.804,1.3056,1.30651,1.00,1.37
2015.01.27 21:31:03.855,1.3056,1.30651,1.50,1.00
2015.01.27 21:31:03.956,1.30563,1.30671,1.00,1.37
2015.01.27 21:31:04.007,1.30567,1.30671,1.50,1.37
2015.01.27 21:31:04.687,1.30577,1.30671,1.00,1.87
2015.01.27 21:31:04.990,1.30574,1.3064,1.00,1.00
2015.01.27 21:31:05.041,1.30574,1.30653,1.00,3.90
2015.01.27 21:31:05.092,1.30579,1.30656,1.00,1.37
2015.01.27 21:31:05.244,1.30582,1.30659,1.00,1.12
2015.01.27 21:31:05.295,1.30563,1.30668,1.00,1.12
2015.01.27 21:31:05.346,1.30573,1.30668,1.00,1.00
2015.01.27 21:31:05.649,1.30577,1.30668,1.50,1.00
2015.01.27 21:31:06.183,1.30578,1.30668,1.00,1.00
2015.01.27 21:31:06.513,1.30588,1.30668,1.75,1.00
2015.01.27 21:31:08.190,1.30582,1.30679,1.75,1.37
2015.01.27 21:31:08.737,1.30593,1.3068,1.75,1.37
2015.01.27 21:31:09.250,1.30593,1.3068,1.75,1.37
2015.01.27 21:31:09.774,1.30593,1.3068,1.75,1.12
2015.01.27 21:31:10.794,1.30593,1.3068,1.75,1.37
2015.01.27 21:31:11.321,1.30593,1.3068,1.75,1.37
2015.01.27 21:31:11.811,1.30593,1.3068,1.75,1.37
2015.01.27 21:31:12.429,1.30593,1.3068,1.75,1.12
2015.01.27 21:31:12.731,1.30599,1.30679,1.75,1.12
2015.01.27 21:31:12.883,1.30599,1.30695,1.75,3.07
2015.01.27 21:31:13.405,1.30599,1.30695,1.75,2.32
2015.01.27 21:31:13.810,1.30602,1.30695,1.75,2.32
2015.01.27 21:31:14.311,1.30602,1.30695,1.75,2.32
2015.01.27 21:31:14.715,1.30602,1.30695,1.75,2.32
2015.01.27 21:31:15.307,1.30602,1.30695,1.75,2.32
2015.01.27 21:31:15.715,1.30602,1.30695,1.75,2.32
2015.01.27 21:31:16.413,1.30602,1.30695,1.75,2.32
2015.01.27 21:31:16.737,1.30602,1.30695,1.75,2.32
2015.01.27 21:31:17.275,1.30609,1.30695,1.75,2.32
2015.01.27 21:31:17.809,1.30608,1.30695,1.75,2.32
2015.01.27 21:31:18.502,1.30608,1.30695,1.75,2.32
2015.01.27 21:31:18.783,1.30608,1.30695,1.75,2.32
2015.01.27 21:31:19.776,1.30608,1.30695,1.75,2.32
2015.01.27 21:31:20.542,1.30608,1.30695,1.75,2.32
2015.01.27 21:31:20.845,1.30617,1.30712,1.75,1.37
2015.01.27 21:31:21.148,1.30617,1.30712,1.37,1.37
2015.01.27 21:31:21.651,1.30616,1.30712,1.75,1.37
2015.01.27 21:31:22.052,1.30616,1.30712,1.75,1.37
2015.01.27 21:31:22.533,1.3062,1.30696,1.75,1.95
2015.01.27 21:31:22.838,1.30613,1.30687,1.75,1.00
2015.01.27 21:31:22.939,1.30617,1.30687,1.00,1.00
2015.01.27 21:31:23.040,1.30614,1.30687,1.00,1.00
2015.01.27 21:31:23.091,1.30598,1.30674,1.00,1.00
2015.01.27 21:31:23.193,1.30598,1.30692,1.50,2.25
2015.01.27 21:31:23.295,1.30598,1.30683,1.50,1.00
2015.01.27 21:31:23.802,1.30598,1.30696,1.50,1.95
2015.01.27 21:31:23.852,1.30602,1.30697,1.00,1.00
2015.01.27 21:31:24.156,1.3061,1.30697,1.50,1.00
2015.01.27 21:31:24.207,1.3061,1.30712,1.50,1.37
2015.01.27 21:31:24.308,1.3061,1.30715,1.50,4.27
2015.01.27 21:31:24.889,1.3061,1.30715,1.50,4.27
2015.01.27 21:31:25.043,1.3062,1.30715,1.37,4.27
2015.01.27 21:31:25.347,1.30615,1.30677,1.00,1.00
2015.01.27 21:31:25.398,1.30613,1.30691,1.50,1.95
2015.01.27 21:31:25.499,1.30606,1.30685,1.00,1.00
2015.01.27 21:31:25.600,1.30602,1.30685,1.00,1.00
2015.01.27 21:31:25.651,1.30596,1.30685,2.25,1.00
2015.01.27 21:31:25.803,1.30602,1.30685,1.00,1.00
2015.01.27 21:31:26.056,1.3061,1.30706,1.50,1.37
2015.01.27 21:31:26.643,1.3061,1.30705,1.50,1.05
2015.01.27 21:31:26.796,1.30596,1.30686,2.25,1.00
2015.01.27 21:31:26.898,1.306,1.30686,1.00,1.00
2015.01.27 21:31:27.201,1.30602,1.30686,1.00,1.00
2015.01.27 21:31:27.252,1.30602,1.30699,1.00,1.00
2015.01.27 21:31:27.302,1.30608,1.307,1.00,1.00
2015.01.27 21:31:28.255,1.30617,1.307,1.75,1.00
2015.01.27 21:31:28.570,1.30614,1.307,1.37,1.00
2015.01.27 21:31:28.974,1.30609,1.30699,1.75,1.80
2015.01.27 21:31:29.277,1.30607,1.30661,1.75,1.00
2015.01.27 21:31:29.480,1.30603,1.30661,1.00,1.00
2015.01.27 21:31:29.531,1.30603,1.30675,1.00,1.00
2015.01.27 21:31:29.632,1.30603,1.30685,1.00,1.37
2015.01.27 21:31:29.733,1.30603,1.30689,1.00,1.95
2015.01.27 21:31:30.264,1.30602,1.30689,1.00,1.95
2015.01.27 21:31:30.377,1.30602,1.30689,1.75,1.95
2015.01.27 21:31:30.579,1.30607,1.30704,1.75,1.37
2015.01.27 21:31:30.630,1.30607,1.30704,1.75,1.37
2015.01.27 21:31:31.545,1.30606,1.30704,1.75,1.37
2015.01.27 21:31:32.210,1.30606,1.30704,1.75,1.37
2015.01.27 21:31:32.820,1.30606,1.30704,1.75,1.37
2015.01.27 21:31:33.626,1.30606,1.30704,1.75,1.37
2015.01.27 21:31:34.233,1.30606,1.30704,1.75,1.37
2015.01.27 21:31:35.140,1.30606,1.30704,1.75,1.37
2015.01.27 21:31:35.212,1.30606,1.30704,1.75,1.37
2015.01.27 21:31:35.748,1.30606,1.30704,1.75,1.37
2015.01.27 21:31:36.225,1.30606,1.30704,1.75,1.37
2015.01.27 21:31:36.757,1.30606,1.30704,1.75,1.37
2015.01.27 21:31:37.714,1.30606,1.30704,1.75,1.37
2015.01.27 21:31:39.205,1.30611,1.30704,1.75,1.12
2015.01.27 21:31:39.509,1.30611,1.30704,1.75,1.37
2015.01.27 21:31:39.913,1.30611,1.30704,1.75,1.37
2015.01.27 21:31:40.192,1.30614,1.30704,1.75,1.00
2015.01.27 21:31:41.355,1.30614,1.30704,1.75,1.37
2015.01.27 21:31:41.858,1.30614,1.30704,1.75,1.37
2015.01.27 21:31:41.959,1.30614,1.30704,1.75,1.00
2015.01.27 21:31:42.319,1.30614,1.30704,1.75,1.37
2015.01.27 21:31:42.538,1.30614,1.30704,1.75,1.00
2015.01.27 21:31:43.280,1.30615,1.30704,1.50,1.37
2015.01.27 21:31:44.062,1.30615,1.30704,1.50,1.37
2015.01.27 21:31:44.761,1.30615,1.30704,1.50,1.37
2015.01.27 21:31:45.270,1.30615,1.30704,1.50,1.37
2015.01.27 21:31:46.192,1.30615,1.30704,1.50,1.37
2015.01.27 21:31:47.194,1.30615,1.30704,1.50,1.37
2015.01.27 21:31:48.012,1.30615,1.30704,1.50,1.37
2015.01.27 21:31:48.316,1.30615,1.30704,1.50,1.37
2015.01.27 21:31:48.413,1.30615,1.30704,1.50,1.12
2015.01.27 21:31:49.434,1.30615,1.30704,1.50,1.37
2015.01.27 21:31:50.218,1.30615,1.30704,1.37,1.37
2015.01.27 21:31:51.361,1.3061,1.30704,1.75,1.37
2015.01.27 21:31:51.873,1.30609,1.30704,1.75,1.37
2015.01.27 21:31:52.478,1.30609,1.30704,1.75,1.37
2015.01.27 21:31:53.201,1.30609,1.30704,1.75,1.00
2015.01.27 21:31:59.527,1.30609,1.30704,1.75,1.37
2015.01.27 21:32:00.035,1.30609,1.30704,1.75,1.37
2015.01.27 21:32:00.640,1.30609,1.30704,1.75,1.37
2015.01.27 21:32:01.024,1.30609,1.30704,1.75,1.37
2015.01.27 21:32:03.064,1.30609,1.30704,1.75,1.37
2015.01.27 21:32:03.967,1.30609,1.30704,1.75,1.37
2015.01.27 21:32:04.641,1.30609,1.30704,1.75,1.37
2015.01.27 21:32:05.497,1.30609,1.30704,1.75,1.37
2015.01.27 21:32:06.827,1.30609,1.30704,1.75,1.37
2015.01.27 21:32:08.018,1.30609,1.30704,1.75,1.37
2015.01.27 21:32:09.242,1.30609,1.30704,1.75,1.37
2015.01.27 21:32:10.256,1.30609,1.30704,1.75,1.37
2015.01.27 21:32:10.712,1.30609,1.30704,1.75,1.37
2015.01.27 21:32:10.764,1.30609,1.30704,1.75,1.00
2015.01.27 21:32:11.120,1.30609,1.30688,1.75,1.00
2015.01.27 21:32:11.222,1.30609,1.30705,1.75,1.00
2015.01.27 21:32:11.323,1.30637,1.30704,0.75,1.37
2015.01.27 21:32:11.838,1.30635,1.30718,1.75,1.37
2015.01.27 21:32:12.532,1.30635,1.30718,1.75,1.37
2015.01.27 21:32:12.936,1.30634,1.30731,1.37,1.37
2015.01.27 21:32:13.038,1.30619,1.30744,2.25,1.50
2015.01.27 21:32:13.139,1.30618,1.30756,1.00,1.42
2015.01.27 21:32:13.190,1.30615,1.30759,2.32,1.72
2015.01.27 21:32:13.341,1.30615,1.3076,1.95,3.67
2015.01.27 21:32:14.395,1.30617,1.30759,1.00,1.72
2015.01.27 21:32:14.729,1.30617,1.30756,1.75,1.05
2015.01.27 21:32:15.474,1.30617,1.30756,1.75,1.05
2015.01.27 21:32:16.045,1.30617,1.30756,1.75,1.05
2015.01.27 21:32:16.553,1.30617,1.30756,1.75,1.05
2015.01.27 21:32:16.747,1.30617,1.30759,1.75,1.35
2015.01.27 21:32:16.955,1.30617,1.30756,1.75,1.05
2015.01.27 21:32:17.515,1.30617,1.30756,1.75,1.05
2015.01.27 21:32:18.162,1.30617,1.30756,1.75,1.05
2015.01.27 21:32:19.018,1.30617,1.30756,1.75,1.05
2015.01.27 21:32:19.375,1.30617,1.30756,1.00,1.05
2015.01.27 21:32:19.426,1.30615,1.30756,1.95,1.05
2015.01.27 21:32:19.949,1.30615,1.30755,1.95,1.05
2015.01.27 21:32:20.002,1.30615,1.30755,1.95,1.05
2015.01.27 21:32:20.629,1.30615,1.30755,1.95,1.05
2015.01.27 21:32:21.229,1.30615,1.30755,1.95,1.05
2015.01.27 21:32:21.684,1.30615,1.30756,1.95,1.05
2015.01.27 21:32:21.785,1.306,1.3074,1.50,1.95
2015.01.27 21:32:22.097,1.306,1.3074,1.50,2.32
2015.01.27 21:32:22.406,1.30601,1.30736,1.75,1.05
2015.01.27 21:32:22.967,1.30595,1.30736,2.32,1.05
2015.01.27 21:32:23.481,1.30595,1.30736,2.32,1.05
2015.01.27 21:32:23.785,1.30595,1.30736,2.70,1.05
2015.01.27 21:32:23.836,1.30595,1.30736,2.70,1.05
2015.01.27 21:32:24.377,1.30595,1.30736,2.70,1.05
2015.01.27 21:32:25.115,1.30595,1.30736,2.70,1.05
2015.01.27 21:32:25.638,1.30595,1.30736,2.70,1.05
2015.01.27 21:32:25.831,1.30595,1.30709,2.70,0.37
2015.01.27 21:32:26.137,1.30595,1.30736,2.70,1.05
2015.01.27 21:32:26.751,1.30595,1.30736,2.70,1.05
2015.01.27 21:32:28.032,1.30595,1.30735,2.70,1.05
2015.01.27 21:32:28.188,1.30604,1.30735,1.75,1.05
2015.01.27 21:32:28.239,1.30604,1.30735,1.75,1.05
2015.01.27 21:32:28.858,1.30604,1.30735,1.75,1.05
2015.01.27 21:32:29.464,1.30605,1.30735,1.75,1.05
2015.01.27 21:32:29.991,1.30604,1.30735,1.75,1.05
2015.01.27 21:32:30.832,1.30604,1.30735,1.75,1.05
2015.01.27 21:32:31.218,1.30615,1.30735,1.75,1.05
2015.01.27 21:32:31.799,1.30615,1.30735,1.75,1.05
2015.01.27 21:32:32.709,1.30615,1.30735,1.75,1.05
2015.01.27 21:32:33.176,1.30615,1.30735,1.75,1.05
2015.01.27 21:32:33.757,1.30615,1.30735,1.75,1.05
2015.01.27 21:32:34.329,1.30615,1.30735,1.75,1.05
2015.01.27 21:32:35.754,1.30615,1.30735,1.75,1.05
2015.01.27 21:32:36.558,1.30616,1.30735,1.75,1.05
2015.01.27 21:32:36.888,1.30616,1.30735,1.75,1.05
2015.01.27 21:32:38.313,1.30615,1.30735,1.75,1.05
2015.01.27 21:32:38.836,1.30616,1.30736,1.75,1.05
2015.01.27 21:32:39.311,1.30616,1.30736,1.00,1.05
2015.01.27 21:32:39.412,1.30605,1.30735,2.25,1.05
2015.01.27 21:32:39.949,1.30603,1.30735,1.75,1.05
2015.01.27 21:32:40.455,1.30605,1.30735,2.25,1.05
2015.01.27 21:32:40.964,1.30615,1.30735,1.75,1.05
2015.01.27 21:32:41.335,1.30615,1.30735,1.75,1.05
2015.01.27 21:32:41.912,1.30615,1.30735,1.75,1.05
2015.01.27 21:32:42.013,1.30615,1.30735,1.00,1.05
2015.01.27 21:32:42.065,1.30605,1.30735,1.50,1.05
2015.01.27 21:32:42.115,1.30623,1.30736,1.00,3.00
2015.01.27 21:32:42.217,1.30617,1.30735,1.50,1.05
2015.01.27 21:32:42.318,1.30603,1.30735,1.75,1.05
2015.01.27 21:32:42.892,1.30617,1.30736,1.50,2.32
2015.01.27 21:32:43.454,1.30616,1.30736,1.75,2.32
2015.01.27 21:32:43.907,1.30616,1.30736,1.75,2.32
2015.01.27 21:32:44.413,1.30616,1.30736,1.75,2.32
2015.01.27 21:32:44.530,1.30616,1.30736,1.37,2.32
2015.01.27 21:32:44.748,1.30613,1.30736,1.75,2.32
2015.01.27 21:32:44.849,1.30613,1.30736,1.75,2.32
2015.01.27 21:32:45.135,1.30616,1.30736,1.00,2.32
2015.01.27 21:32:45.186,1.30605,1.30736,2.25,2.32
2015.01.27 21:32:45.728,1.30603,1.30736,1.75,2.32
2015.01.27 21:32:46.876,1.30603,1.30736,1.75,2.32
2015.01.27 21:32:47.768,1.30603,1.30736,1.75,2.32
2015.01.27 21:32:48.469,1.30603,1.30736,1.75,2.32
2015.01.27 21:32:48.998,1.30603,1.30736,1.75,1.95
2015.01.27 21:32:49.068,1.30603,1.30736,1.75,1.95
2015.01.27 21:32:49.382,1.30628,1.30736,1.75,1.95
2015.01.27 21:32:49.483,1.30628,1.30736,1.00,1.95
2015.01.27 21:32:49.534,1.30628,1.30736,1.00,2.32
2015.01.27 21:32:49.585,1.30616,1.30736,1.00,2.32
2015.01.27 21:32:49.686,1.30604,1.30736,1.75,2.32
2015.01.27 21:32:49.889,1.30604,1.30736,1.75,2.32
2015.01.27 21:32:50.236,1.30616,1.30736,1.75,2.32
2015.01.27 21:32:50.901,1.30609,1.30736,1.75,2.32
2015.01.27 21:32:51.709,1.30609,1.30736,1.75,2.32
2015.01.27 21:32:52.030,1.30597,1.30736,1.75,2.32
2015.01.27 21:32:52.387,1.30618,1.30736,1.75,2.32
2015.01.27 21:32:53.055,1.30619,1.30736,1.75,2.32
2015.01.27 21:32:53.342,1.30594,1.30736,1.75,2.32
2015.01.27 21:32:53.917,1.30594,1.30736,1.75,2.32
2015.01.27 21:32:54.071,1.30614,1.30736,1.00,2.32
2015.01.27 21:32:54.361,1.30614,1.30736,1.00,2.32
2015.01.27 21:32:54.462,1.30617,1.30736,1.50,2.32
2015.01.27 21:32:54.766,1.30617,1.3071,1.50,0.37
2015.01.27 21:32:54.817,1.30617,1.3071,1.00,0.37
2015.01.27 21:32:54.868,1.30613,1.30709,1.00,0.37
2015.01.27 21:32:54.919,1.30606,1.30709,1.00,0.37
2015.01.27 21:32:54.970,1.30595,1.3071,1.37,0.37
2015.01.27 21:32:55.996,1.30595,1.30709,1.37,0.37
2015.01.27 21:32:56.505,1.30595,1.3071,1.37,0.37
2015.01.27 21:32:56.584,1.30603,1.3071,1.00,0.37
2015.01.27 21:32:56.912,1.30608,1.3071,1.75,0.37
2015.01.27 21:32:57.314,1.30608,1.30736,1.75,2.32
2015.01.27 21:32:57.847,1.30608,1.30736,1.75,2.32
2015.01.27 21:32:58.378,1.30614,1.30736,1.12,2.32
2015.01.27 21:32:59.436,1.30606,1.3071,1.75,0.37
2015.01.27 21:33:00.349,1.30606,1.30709,1.75,0.37
2015.01.27 21:33:00.891,1.30606,1.30709,1.75,0.37
2015.01.27 21:33:01.470,1.30606,1.3071,1.75,0.37
2015.01.27 21:33:02.029,1.30606,1.30709,1.75,0.37
2015.01.27 21:33:02.535,1.30606,1.3071,1.75,0.37
2015.01.27 21:33:03.146,1.30606,1.30726,1.75,2.32
2015.01.27 21:33:03.684,1.30604,1.30726,1.75,2.32
2015.01.27 21:33:04.365,1.30604,1.30726,1.75,2.32
2015.01.27 21:33:05.451,1.30604,1.30726,1.75,2.32
2015.01.27 21:33:06.416,1.30605,1.30726,1.75,2.32
2015.01.27 21:33:06.950,1.3061,1.30726,1.37,2.32
2015.01.27 21:33:07.599,1.30604,1.30726,1.75,2.32
2015.01.27 21:33:08.128,1.30604,1.30726,1.75,2.32
2015.01.27 21:33:08.786,1.30604,1.30726,1.75,2.32
2015.01.27 21:33:09.336,1.30604,1.30726,1.75,2.32
2015.01.27 21:33:09.910,1.30604,1.30726,1.75,2.32
2015.01.27 21:33:10.264,1.30604,1.30726,1.75,2.32
2015.01.27 21:33:10.931,1.30604,1.30726,1.75,2.32
2015.01.27 21:33:11.569,1.30606,1.30726,1.75,2.32
2015.01.27 21:33:12.459,1.30606,1.30726,1.75,2.32
2015.01.27 21:33:12.972,1.30606,1.30726,1.75,2.32
2015.01.27 21:33:13.708,1.30607,1.30726,1.75,2.32
2015.01.27 21:33:14.240,1.30607,1.30726,1.75,2.32
2015.01.27 21:33:15.208,1.30616,1.30726,1.00,2.32
2015.01.27 21:33:15.826,1.30616,1.30726,1.00,2.32
2015.01.27 21:33:16.604,1.30608,1.30726,1.75,2.32
2015.01.27 21:33:16.838,1.30608,1.30726,1.75,2.32
2015.01.27 21:33:17.343,1.30608,1.30726,1.75,2.32
2015.01.27 21:33:17.858,1.30608,1.30726,1.75,2.32
2015.01.27 21:33:18.880,1.30608,1.30726,1.75,2.32
2015.01.27 21:33:19.583,1.30608,1.30726,1.75,2.32
2015.01.27 21:33:20.398,1.30608,1.30726,1.75,2.32
2015.01.27 21:33:20.920,1.30608,1.30726,1.75,2.32
2015.01.27 21:33:22.173,1.30608,1.30726,1.75,2.32
2015.01.27 21:33:22.982,1.30608,1.30726,1.75,2.32
2015.01.27 21:33:23.488,1.30608,1.3073,1.75,4.27
2015.01.27 21:33:24.036,1.30608,1.3073,1.75,4.27
2015.01.27 21:33:24.653,1.30608,1.3073,1.75,4.27
2015.01.27 21:33:25.324,1.30608,1.3073,1.75,4.27
2015.01.27 21:33:25.865,1.30608,1.3073,1.75,4.27
2015.01.27 21:33:26.470,1.30608,1.3073,1.75,4.27
2015.01.27 21:33:27.145,1.3061,1.3073,1.00,4.27
2015.01.27 21:33:27.196,1.30618,1.3073,1.00,4.27
2015.01.27 21:33:27.499,1.30633,1.30709,1.00,1.00
2015.01.27 21:33:34.794,1.30633,1.30709,1.37,1.00
2015.01.27 21:33:36.464,1.30633,1.30709,1.00,1.00
2015.01.27 21:33:53.411,1.30631,1.30706,1.00,1.00
2015.01.27 21:34:21.756,1.30632,1.30705,1.00,1.00
2015.01.27 21:34:23.370,1.3063,1.30703,1.00,1.00
2015.01.27 21:34:51.854,1.30629,1.30704,1.00,1.00
2015.01.27 21:34:53.457,1.30637,1.30714,1.00,1.00
2015.01.27 21:34:53.559,1.30643,1.30714,1.42,1.00
2015.01.27 21:34:53.861,1.30661,1.30714,1.00,1.00
2015.01.27 21:34:54.176,1.30657,1.30699,1.00,1.00
2015.01.27 21:34:54.227,1.30634,1.30701,1.80,1.00
2015.01.27 21:34:54.278,1.30628,1.30701,1.37,1.00
2015.01.27 21:34:54.329,1.3062,1.30728,1.00,1.85
2015.01.27 21:34:54.380,1.3062,1.30734,1.00,1.65
2015.01.27 21:34:54.481,1.3062,1.30742,1.00,1.95
2015.01.27 21:34:54.685,1.3062,1.30744,1.00,1.12
2015.01.27 21:34:55.228,1.30636,1.30762,1.00,2.70
2015.01.27 21:34:55.329,1.30644,1.30771,1.00,1.00
2015.01.27 21:34:55.380,1.30644,1.30785,1.00,2.32
2015.01.27 21:34:55.583,1.30658,1.30794,1.95,1.35
2015.01.27 21:34:55.634,1.30658,1.30801,1.95,1.35
2015.01.27 21:34:55.735,1.30658,1.30805,1.95,1.95
2015.01.27 21:34:57.056,1.30658,1.30805,1.95,2.32
2015.01.27 21:34:57.562,1.30658,1.30805,1.95,2.32
2015.01.27 21:34:58.172,1.30658,1.30805,1.95,2.32
2015.01.27 21:34:58.981,1.30658,1.30805,1.95,2.32
2015.01.27 21:34:59.488,1.30658,1.30805,1.95,2.32
2015.01.27 21:35:00.047,1.30658,1.30805,1.95,2.32
2015.01.27 21:35:00.351,1.30658,1.30733,1.95,1.00
2015.01.27 21:35:00.658,1.30639,1.30702,1.00,1.00
2015.01.27 21:35:07.072,1.30638,1.30703,1.00,1.00
2015.01.27 21:35:18.403,1.30638,1.30701,1.00,1.00
2015.01.27 21:35:18.555,1.30634,1.30699,1.00,1.00
2015.01.27 21:35:19.175,1.30635,1.307,1.00,1.00
2015.01.27 21:35:19.327,1.30637,1.307,1.00,1.00
2015.01.27 21:35:23.572,1.30638,1.30701,1.00,1.00
2015.01.27 21:35:23.925,1.30642,1.30704,1.00,1.00
2015.01.27 21:35:28.864,1.30639,1.30702,1.00,1.00
2015.01.27 21:35:35.155,1.30618,1.30729,1.87,1.75
2015.01.27 21:35:35.357,1.3063,1.30709,1.37,1.00
2015.01.27 21:35:36.243,1.30638,1.30711,1.00,1.00
2015.01.27 21:35:36.442,1.30634,1.30708,1.00,1.00
2015.01.27 21:35:39.742,1.30634,1.30707,1.00,1.00
2015.01.27 21:35:40.402,1.30633,1.30708,1.00,1.00
2015.01.27 21:35:50.302,1.30634,1.30708,1.00,1.00
2015.01.27 21:35:51.181,1.30632,1.30707,1.00,1.00
2015.01.27 21:35:51.993,1.30633,1.30709,1.00,1.00
2015.01.27 21:35:54.163,1.3063,1.30706,1.00,1.00
2015.01.27 21:35:54.416,1.30623,1.30701,1.00,1.00
2015.01.27 21:35:54.618,1.30619,1.30697,1.00,1.00
2015.01.27 21:35:54.921,1.30616,1.30694,1.00,1.00
2015.01.27 21:35:55.697,1.30613,1.30691,1.00,1.00
2015.01.27 21:35:56.051,1.30613,1.30689,1.00,1.00
2015.01.27 21:35:56.939,1.30611,1.30687,1.00,1.00
2015.01.27 21:35:59.575,1.30615,1.30688,1.00,1.00
2015.01.27 21:35:59.916,1.30619,1.30688,1.00,1.00
2015.01.27 21:36:00.345,1.30619,1.30686,1.00,1.00
2015.01.27 21:36:00.755,1.3061,1.30706,1.37,1.46
2015.01.27 21:36:00.856,1.3061,1.30731,1.37,1.00
2015.01.27 21:36:01.315,1.3061,1.30732,1.00,2.70
2015.01.27 21:36:05.470,1.3062,1.30732,1.00,2.70
2015.01.27 21:36:05.622,1.30629,1.30752,1.50,2.32
2015.01.27 21:36:05.673,1.30626,1.30752,1.00,1.95
2015.01.27 21:36:05.724,1.30626,1.30765,2.70,1.05
2015.01.27 21:36:05.775,1.30626,1.30768,2.70,1.37
2015.01.27 21:36:06.243,1.3063,1.30768,1.00,1.37
2015.01.27 21:36:06.773,1.3063,1.30768,1.00,1.37
2015.01.27 21:36:07.182,1.30626,1.30768,2.70,1.37
2015.01.27 21:36:07.234,1.30626,1.30768,1.95,1.00
2015.01.27 21:36:11.700,1.30626,1.30768,1.95,1.37
2015.01.27 21:36:12.954,1.30626,1.30768,1.95,1.37
2015.01.27 21:36:13.056,1.30626,1.30768,1.95,1.00
2015.01.27 21:36:14.052,1.30626,1.30768,1.95,1.37
2015.01.27 21:36:14.562,1.30626,1.30768,1.95,1.37
2015.01.27 21:36:15.073,1.30626,1.30768,1.95,1.37
2015.01.27 21:36:15.511,1.30626,1.30768,1.95,1.37
2015.01.27 21:36:16.331,1.30626,1.30768,2.32,1.37
2015.01.27 21:36:17.138,1.30626,1.30768,1.95,1.37
2015.01.27 21:36:17.318,1.30626,1.30768,2.32,1.37
2015.01.27 21:36:17.822,1.30626,1.30768,2.70,1.37
2015.01.27 21:36:18.335,1.30626,1.30768,2.70,1.37
2015.01.27 21:36:19.048,1.30626,1.30768,2.32,1.37
2015.01.27 21:36:20.382,1.30626,1.30768,2.70,1.37
2015.01.27 21:36:21.001,1.30626,1.30768,2.32,1.00
2015.01.27 21:36:21.102,1.30626,1.30768,2.32,1.37
2015.01.27 21:36:21.204,1.30626,1.30768,1.95,1.37
2015.01.27 21:36:21.907,1.30626,1.30768,1.95,1.37
2015.01.27 21:36:22.314,1.30626,1.30768,1.95,1.00
2015.01.27 21:36:23.437,1.30626,1.30774,1.95,2.32
2015.01.27 21:36:23.948,1.30626,1.30774,1.95,2.32
2015.01.27 21:36:24.407,1.30626,1.30774,1.95,2.32
2015.01.27 21:36:25.114,1.30626,1.30774,1.95,2.32
2015.01.27 21:36:25.723,1.30626,1.30771,1.95,2.32
2015.01.27 21:36:26.531,1.30626,1.30771,1.95,2.32
2015.01.27 21:36:28.054,1.30626,1.30771,1.95,2.32
2015.01.27 21:36:29.373,1.30626,1.30771,1.95,2.32
2015.01.27 21:36:30.291,1.30626,1.30771,2.32,2.32
2015.01.27 21:36:30.830,1.30626,1.30771,1.95,2.32
2015.01.27 21:36:31.390,1.30626,1.30771,2.32,2.32
2015.01.27 21:36:31.846,1.30626,1.30771,2.32,2.32
2015.01.27 21:36:32.357,1.30626,1.30771,2.32,2.32
2015.01.27 21:36:32.865,1.30626,1.30771,2.32,2.32
2015.01.27 21:36:33.370,1.30626,1.30771,2.32,2.32
2015.01.27 21:36:33.932,1.30626,1.30771,2.32,2.32
2015.01.27 21:36:33.983,1.30626,1.30771,2.70,2.32
2015.01.27 21:36:34.286,1.30635,1.30771,1.12,2.32
2015.01.27 21:36:35.009,1.30635,1.30771,1.50,2.32
2015.01.27 21:36:35.613,1.30635,1.30771,1.50,2.32
2015.01.27 21:36:36.176,1.30635,1.30771,1.50,2.32
2015.01.27 21:36:36.690,1.30635,1.30771,1.50,2.32
2015.01.27 21:36:37.192,1.30635,1.30771,1.50,2.32
2015.01.27 21:36:37.756,1.30635,1.30771,1.50,2.32
2015.01.27 21:36:38.286,1.30635,1.30771,1.50,1.95
2015.01.27 21:36:39.302,1.30635,1.30771,1.12,2.32
2015.01.27 21:36:40.303,1.30635,1.30771,1.12,2.32
2015.01.27 21:36:41.934,1.30635,1.30771,1.50,2.32
2015.01.27 21:36:42.442,1.30635,1.30771,1.50,2.32
2015.01.27 21:36:43.259,1.30635,1.30771,1.12,2.32
2015.01.27 21:36:45.595,1.30635,1.30771,1.12,2.32
2015.01.27 21:36:46.133,1.30635,1.30771,1.12,1.95
2015.01.27 21:36:46.702,1.30635,1.30781,2.70,2.62
2015.01.27 21:36:47.486,1.30635,1.30781,2.70,1.95
2015.01.27 21:36:48.451,1.30635,1.30781,2.70,2.32
2015.01.27 21:36:49.570,1.30635,1.30781,2.70,2.32
2015.01.27 21:36:50.192,1.30635,1.30781,2.70,2.32
2015.01.27 21:36:50.806,1.30635,1.30781,2.70,2.32
2015.01.27 21:36:51.524,1.30635,1.30781,2.70,2.32
2015.01.27 21:36:52.289,1.30635,1.30781,2.70,2.32
2015.01.27 21:36:52.898,1.30635,1.30781,2.70,2.32
2015.01.27 21:36:54.011,1.30635,1.30781,1.95,2.32
2015.01.27 21:36:55.226,1.30635,1.30781,1.95,2.32
2015.01.27 21:36:55.478,1.30635,1.30781,1.95,1.95
2015.01.27 21:36:55.529,1.30635,1.30781,1.95,2.32
2015.01.27 21:36:56.238,1.30635,1.30781,2.32,2.32
2015.01.27 21:36:58.055,1.30635,1.30781,2.32,2.32
2015.01.27 21:36:59.770,1.30635,1.30781,2.32,2.32
2015.01.27 21:37:00.273,1.30635,1.30781,1.95,2.32
2015.01.27 21:37:00.576,1.30635,1.30781,1.95,2.32
2015.01.27 21:37:01.094,1.30637,1.30771,1.00,1.37
2015.01.27 21:37:01.397,1.30637,1.30745,1.00,0.37
2015.01.27 21:37:02.096,1.30637,1.30744,1.00,0.37
2015.01.27 21:37:02.602,1.30637,1.30771,1.00,1.37
2015.01.27 21:37:03.159,1.30637,1.30771,1.00,1.37
2015.01.27 21:37:04.564,1.30637,1.30771,1.00,1.37
2015.01.27 21:37:06.083,1.30637,1.30771,1.00,1.37
2015.01.27 21:37:07.705,1.30637,1.30745,1.00,0.37
2015.01.27 21:37:08.212,1.30637,1.30744,1.00,0.37
2015.01.27 21:37:09.240,1.30637,1.30745,1.00,0.37
2015.01.27 21:37:09.784,1.30637,1.30771,1.00,3.07
2015.01.27 21:37:10.656,1.30637,1.30745,1.00,0.37
2015.01.27 21:37:11.090,1.30637,1.30739,1.00,0.37
2015.01.27 21:37:11.660,1.30637,1.3074,1.00,0.37
2015.01.27 21:37:12.601,1.30637,1.30739,1.00,0.37
2015.01.27 21:37:13.211,1.30637,1.3074,1.00,0.37
2015.01.27 21:37:13.741,1.30637,1.30739,1.00,0.37
2015.01.27 21:37:13.821,1.30637,1.30766,1.00,1.37
2015.01.27 21:37:14.909,1.30637,1.30766,1.00,1.37
2015.01.27 21:37:15.429,1.30637,1.30766,1.00,1.37
2015.01.27 21:37:16.124,1.30637,1.30766,1.00,1.37
2015.01.27 21:37:16.631,1.30637,1.30766,1.00,1.37
2015.01.27 21:37:16.732,1.30626,1.30764,1.95,1.37
2015.01.27 21:37:16.935,1.30626,1.30757,1.95,1.05
2015.01.27 21:37:17.242,1.30625,1.3075,1.00,2.32
2015.01.27 21:37:17.754,1.30625,1.3075,1.00,2.32
2015.01.27 21:37:18.867,1.30625,1.3075,1.00,2.32
2015.01.27 21:37:19.379,1.30625,1.3075,1.00,2.32
2015.01.27 21:37:19.889,1.30625,1.3075,1.00,2.32
2015.01.27 21:37:20.547,1.30625,1.3075,1.00,2.32
2015.01.27 21:37:21.522,1.30625,1.3075,1.00,2.32
2015.01.27 21:37:21.930,1.30625,1.3075,1.00,2.32
2015.01.27 21:37:22.439,1.30625,1.3075,1.00,2.32
2015.01.27 21:37:22.949,1.30625,1.3075,1.00,2.32
2015.01.27 21:37:23.456,1.30625,1.3075,1.00,2.32
2015.01.27 21:37:23.966,1.30625,1.3075,1.00,2.32
2015.01.27 21:37:24.476,1.30625,1.3075,1.00,2.32
2015.01.27 21:37:26.913,1.30625,1.3075,1.00,2.32
2015.01.27 21:37:28.937,1.30625,1.3075,1.00,2.32
2015.01.27 21:37:30.502,1.30625,1.3075,1.00,2.32
2015.01.27 21:37:31.211,1.30625,1.30749,1.00,1.12
2015.01.27 21:37:32.099,1.30625,1.30749,1.00,1.12
2015.01.27 21:37:33.151,1.30625,1.30749,1.00,1.12
2015.01.27 21:37:34.166,1.30625,1.30749,1.00,1.12
2015.01.27 21:37:35.182,1.30625,1.30749,1.00,1.12
2015.01.27 21:37:36.193,1.30625,1.30749,1.00,1.12
2015.01.27 21:37:37.093,1.30628,1.3075,1.00,2.70
2015.01.27 21:37:37.144,1.30628,1.30751,1.00,3.07
2015.01.27 21:37:37.245,1.30628,1.30751,1.00,1.12
2015.01.27 21:37:37.816,1.30628,1.30751,1.00,1.12
2015.01.27 21:37:38.529,1.30628,1.30751,1.00,1.12
2015.01.27 21:37:40.202,1.30628,1.30751,1.00,1.12
2015.01.27 21:37:40.889,1.30628,1.30751,1.00,1.12
2015.01.27 21:37:41.721,1.30628,1.30751,1.00,1.12
2015.01.27 21:37:42.339,1.30628,1.30751,1.00,1.12
2015.01.27 21:37:42.945,1.30628,1.30751,1.00,1.12
2015.01.27 21:37:43.757,1.30628,1.30751,1.00,1.12
2015.01.27 21:37:45.061,1.30628,1.30751,1.00,1.12
2015.01.27 21:37:45.478,1.30628,1.30751,1.00,1.12
2015.01.27 21:37:46.010,1.30628,1.30751,1.00,1.12
2015.01.27 21:37:46.532,1.30628,1.30751,1.00,1.12
2015.01.27 21:37:47.351,1.30628,1.30751,1.00,1.12
2015.01.27 21:37:47.656,1.30628,1.30751,1.00,1.12
2015.01.27 21:37:48.931,1.30628,1.30751,1.00,1.12
2015.01.27 21:37:49.136,1.30628,1.30751,1.00,1.12
2015.01.27 21:37:50.148,1.30628,1.30751,1.00,1.12
2015.01.27 21:37:51.168,1.30628,1.30751,1.00,1.12
2015.01.27 21:37:51.729,1.30628,1.30751,1.00,1.12
2015.01.27 21:37:52.189,1.30628,1.30751,1.00,1.12
2015.01.27 21:37:53.292,1.30629,1.30751,1.00,1.12
2015.01.27 21:37:54.359,1.30629,1.30751,1.00,1.12
2015.01.27 21:37:55.225,1.30629,1.30751,1.00,1.12
2015.01.27 21:37:55.823,1.30629,1.30751,1.00,1.12
2015.01.27 21:37:56.786,1.30629,1.30751,1.00,1.12
2015.01.27 21:37:58.207,1.30629,1.30751,1.00,1.12
2015.01.27 21:37:59.005,1.30629,1.30751,1.00,1.12
2015.01.27 21:38:00.036,1.30629,1.30751,1.00,1.12
2015.01.27 21:38:00.947,1.30629,1.30759,1.00,1.75
2015.01.27 21:38:01.770,1.30629,1.30759,1.00,1.75
2015.01.27 21:38:02.514,1.30629,1.30759,1.00,1.75
2015.01.27 21:38:04.138,1.30629,1.30757,1.00,1.75
2015.01.27 21:38:04.766,1.30629,1.30757,1.00,1.75
2015.01.27 21:38:05.140,1.30629,1.30751,1.00,1.12
2015.01.27 21:38:05.654,1.30629,1.30751,1.00,1.12
2015.01.27 21:38:06.160,1.30629,1.30751,1.00,1.12
2015.01.27 21:38:07.078,1.30629,1.30751,1.00,1.12
2015.01.27 21:38:08.298,1.30629,1.30751,1.00,1.12
2015.01.27 21:38:08.847,1.30629,1.30751,1.00,1.12
2015.01.27 21:38:09.726,1.30629,1.30751,1.00,1.12
2015.01.27 21:38:10.237,1.30629,1.30751,1.00,1.12
2015.01.27 21:38:10.747,1.30629,1.30751,1.00,1.12
2015.01.27 21:38:11.558,1.30629,1.30751,1.00,1.12
2015.01.27 21:38:12.121,1.30629,1.30751,1.00,1.12
2015.01.27 21:38:12.224,1.30629,1.30751,1.00,1.12
2015.01.27 21:38:12.730,1.30629,1.30751,1.00,1.12
2015.01.27 21:38:13.339,1.30629,1.30757,1.00,1.87
2015.01.27 21:38:13.641,1.30629,1.30757,1.00,1.87
2015.01.27 21:38:14.201,1.30629,1.30757,1.00,1.87
2015.01.27 21:38:14.812,1.30629,1.30757,1.00,1.87
2015.01.27 21:38:15.318,1.30629,1.30757,1.00,1.87
2015.01.27 21:38:15.826,1.30629,1.30757,1.00,1.87
2015.01.27 21:38:16.482,1.30629,1.30757,1.00,1.87
2015.01.27 21:38:16.891,1.30629,1.30757,1.00,1.87
2015.01.27 21:38:17.496,1.30629,1.30757,1.00,1.87
2015.01.27 21:38:17.901,1.30629,1.30757,1.00,1.87
2015.01.27 21:38:19.017,1.30629,1.30757,1.00,1.87
2015.01.27 21:38:19.549,1.30629,1.30757,1.00,1.87
2015.01.27 21:38:20.084,1.30629,1.30753,1.00,1.75
2015.01.27 21:38:20.849,1.30629,1.30753,1.00,1.75
2015.01.27 21:38:21.873,1.30629,1.30753,1.00,1.75
2015.01.27 21:38:22.517,1.30629,1.30753,1.00,1.75
2015.01.27 21:38:23.324,1.30629,1.30753,1.00,1.75
2015.01.27 21:38:23.493,1.30623,1.30753,1.00,1.75
2015.01.27 21:38:24.033,1.30623,1.3075,1.00,1.12
2015.01.27 21:38:24.559,1.30623,1.3075,1.00,1.12
2015.01.27 21:38:25.441,1.30623,1.30749,1.00,1.12
2015.01.27 21:38:26.182,1.30623,1.3075,1.00,1.12
2015.01.27 21:38:26.704,1.30623,1.3075,1.00,1.12
2015.01.27 21:38:27.494,1.30623,1.30751,1.00,1.12
2015.01.27 21:38:28.030,1.30623,1.30751,1.00,1.75
2015.01.27 21:38:28.591,1.30623,1.30751,1.00,1.75
2015.01.27 21:38:29.616,1.30623,1.30751,1.00,1.75
2015.01.27 21:38:30.226,1.30623,1.30751,1.00,1.75
2015.01.27 21:38:30.843,1.30623,1.30751,1.00,1.75
2015.01.27 21:38:31.344,1.30623,1.30751,1.00,1.75
2015.01.27 21:38:32.470,1.30623,1.30751,1.00,1.75
2015.01.27 21:38:32.979,1.30623,1.30751,1.00,1.75
2015.01.27 21:38:33.744,1.30623,1.30751,1.00,1.75
2015.01.27 21:38:34.517,1.30623,1.30752,1.00,1.87
2015.01.27 21:38:34.812,1.30623,1.30745,1.00,1.12
2015.01.27 21:38:37.305,1.30623,1.30744,1.00,1.12
2015.01.27 21:38:38.121,1.30623,1.30744,1.00,1.12
2015.01.27 21:38:38.477,1.30623,1.30739,1.00,1.00
2015.01.27 21:38:40.340,1.30623,1.30749,1.00,1.12
2015.01.27 21:38:41.041,1.30623,1.30749,1.00,1.12
2015.01.27 21:38:41.554,1.30623,1.30749,1.00,1.12
2015.01.27 21:38:42.171,1.30623,1.30749,1.00,1.12
2015.01.27 21:38:42.907,1.30623,1.30746,1.00,1.75
2015.01.27 21:38:43.653,1.30623,1.30746,1.00,1.75
2015.01.27 21:38:44.158,1.30623,1.30746,1.00,1.75
2015.01.27 21:38:44.674,1.30623,1.30749,1.00,1.12
2015.01.27 21:38:45.178,1.30623,1.30746,1.00,1.87
2015.01.27 21:38:45.736,1.30623,1.30746,1.00,1.87
2015.01.27 21:38:46.295,1.30623,1.30746,1.00,1.87
2015.01.27 21:38:46.857,1.30623,1.30746,1.00,1.12
2015.01.27 21:38:47.025,1.30623,1.30746,1.00,1.12
2015.01.27 21:38:47.624,1.30623,1.30754,1.00,1.37
2015.01.27 21:38:48.136,1.30623,1.30754,1.00,1.37
2015.01.27 21:38:49.154,1.30623,1.30754,1.00,1.37
2015.01.27 21:38:49.870,1.30623,1.30754,1.00,1.37
2015.01.27 21:38:50.075,1.30623,1.30754,1.00,1.37
2015.01.27 21:38:50.768,1.30623,1.30754,1.00,1.37
2015.01.27 21:38:51.113,1.30623,1.30754,1.00,1.37
2015.01.27 21:38:51.619,1.30623,1.30754,1.00,1.37
2015.01.27 21:38:52.128,1.30624,1.30753,1.00,1.37
2015.01.27 21:38:52.740,1.30624,1.30753,1.00,1.37
2015.01.27 21:38:53.270,1.30624,1.30753,1.00,1.37
2015.01.27 21:38:53.434,1.30629,1.30757,1.00,2.32
2015.01.27 21:38:54.415,1.30629,1.30757,1.00,2.32
2015.01.27 21:38:55.718,1.30629,1.30757,1.00,2.32
2015.01.27 21:38:56.545,1.30629,1.30757,1.00,2.32
2015.01.27 21:38:57.248,1.30629,1.30757,1.00,2.32
2015.01.27 21:38:57.670,1.30629,1.30757,1.00,2.32
2015.01.27 21:38:58.235,1.30629,1.30757,1.00,2.32
2015.01.27 21:38:59.553,1.30629,1.30757,1.00,2.32
2015.01.27 21:39:00.367,1.30629,1.30761,1.00,1.37
2015.01.27 21:39:00.936,1.30629,1.30761,1.00,1.37
2015.01.27 21:39:01.597,1.30629,1.30761,1.00,1.37
2015.01.27 21:39:01.648,1.30629,1.30761,1.00,1.37
2015.01.27 21:39:02.522,1.30629,1.30761,1.00,1.37
2015.01.27 21:39:03.078,1.30629,1.30761,1.00,1.37
2015.01.27 21:39:04.264,1.30629,1.30761,1.00,1.37
2015.01.27 21:39:05.920,1.30629,1.30761,1.00,1.37
2015.01.27 21:39:06.628,1.30629,1.30761,1.00,1.37
2015.01.27 21:39:08.751,1.30629,1.30761,1.00,1.37
2015.01.27 21:39:09.399,1.30629,1.30761,1.00,1.37
2015.01.27 21:39:10.078,1.30629,1.30761,1.00,1.37
2015.01.27 21:39:10.588,1.30629,1.30761,1.00,1.37
2015.01.27 21:39:10.997,1.30629,1.30761,1.00,1.37
2015.01.27 21:39:12.321,1.30629,1.30761,1.00,1.37
2015.01.27 21:39:13.139,1.30629,1.30761,1.00,1.37
2015.01.27 21:39:13.779,1.30629,1.30761,1.00,1.37
2015.01.27 21:39:14.188,1.30629,1.30761,1.00,1.37
2015.01.27 21:39:16.178,1.30629,1.30761,1.00,1.37
2015.01.27 21:39:16.915,1.30629,1.30761,1.00,1.37
2015.01.27 21:39:17.196,1.30629,1.30761,1.00,1.37
2015.01.27 21:39:18.110,1.30629,1.30761,1.00,1.37
2015.01.27 21:39:18.720,1.30629,1.30761,1.00,1.37
2015.01.27 21:39:19.229,1.30629,1.30761,1.00,1.37
2015.01.27 21:39:19.837,1.30629,1.30761,1.00,1.37
2015.01.27 21:39:20.394,1.30629,1.30761,1.00,1.37
2015.01.27 21:39:20.898,1.30629,1.30761,1.00,1.37
2015.01.27 21:39:21.162,1.30629,1.30761,1.00,1.37
2015.01.27 21:39:21.909,1.30628,1.30762,1.00,1.37
2015.01.27 21:39:22.456,1.30628,1.30762,1.00,1.37
2015.01.27 21:39:22.970,1.30628,1.30762,1.00,1.37
2015.01.27 21:39:23.339,1.30634,1.30769,1.00,1.37
2015.01.27 21:39:24.703,1.30634,1.30769,1.00,1.37
2015.01.27 21:39:25.450,1.30634,1.30769,1.00,1.37
2015.01.27 21:39:25.997,1.30634,1.30769,1.00,1.37
2015.01.27 21:39:26.595,1.30634,1.30769,1.00,1.37
2015.01.27 21:39:27.510,1.30634,1.30769,1.00,1.37
2015.01.27 21:39:27.813,1.30634,1.30769,1.00,1.37
2015.01.27 21:39:29.650,1.30634,1.30769,1.00,1.37
2015.01.27 21:39:30.161,1.30634,1.30769,1.00,1.37
2015.01.27 21:39:31.691,1.30634,1.30769,1.00,1.37
2015.01.27 21:39:32.202,1.30634,1.30769,1.00,1.37
2015.01.27 21:39:33.628,1.30634,1.30769,1.00,1.37
2015.01.27 21:39:34.156,1.30634,1.30769,1.00,1.37
2015.01.27 21:39:34.761,1.30634,1.30769,1.00,1.37
2015.01.27 21:39:35.274,1.30634,1.30769,1.00,1.37
2015.01.27 21:39:35.784,1.30634,1.30769,1.00,1.37
2015.01.27 21:39:36.297,1.30634,1.30769,1.00,1.37
2015.01.27 21:39:36.607,1.30634,1.30769,1.00,1.37
2015.01.27 21:39:37.220,1.30634,1.30769,1.00,1.37
2015.01.27 21:39:38.380,1.30635,1.30772,1.00,5.02
2015.01.27 21:39:39.003,1.30635,1.30772,1.00,5.02
2015.01.27 21:39:40.222,1.30635,1.30772,1.00,5.02
2015.01.27 21:39:40.865,1.30635,1.30772,1.00,1.37
2015.01.27 21:39:41.423,1.30635,1.30772,1.00,1.37
2015.01.27 21:39:41.929,1.30635,1.30772,1.00,1.37
2015.01.27 21:39:42.262,1.30635,1.30772,1.00,1.37
2015.01.27 21:39:42.778,1.30635,1.30772,1.00,1.37
2015.01.27 21:39:43.515,1.30635,1.30772,1.37,1.37
2015.01.27 21:39:44.622,1.30635,1.30772,1.50,1.37
2015.01.27 21:39:45.345,1.30635,1.30772,1.50,1.37
2015.01.27 21:39:46.072,1.30635,1.30772,1.50,1.37
2015.01.27 21:39:46.486,1.30635,1.30772,1.50,1.00
2015.01.27 21:39:46.998,1.30635,1.30772,1.50,1.00
2015.01.27 21:39:47.612,1.30635,1.30772,1.50,1.00
2015.01.27 21:39:47.936,1.30635,1.30772,1.12,1.37
2015.01.27 21:39:48.240,1.30635,1.30772,1.12,1.37
2015.01.27 21:39:48.870,1.30635,1.30772,1.12,1.37
2015.01.27 21:39:49.182,1.30635,1.30772,1.12,1.37
2015.01.27 21:39:49.778,1.30635,1.30772,1.12,1.37
2015.01.27 21:39:50.559,1.30635,1.30772,1.12,1.37
2015.01.27 21:39:51.166,1.30635,1.30772,1.12,1.37
2015.01.27 21:39:51.717,1.30635,1.30772,1.12,1.37
2015.01.27 21:39:51.768,1.30635,1.30772,1.12,1.37
2015.01.27 21:39:52.375,1.30635,1.30772,1.12,1.37
2015.01.27 21:39:53.497,1.30635,1.30772,1.12,1.37
2015.01.27 21:39:54.079,1.30635,1.30772,1.12,1.37
2015.01.27 21:39:54.793,1.30635,1.30772,1.12,1.37
2015.01.27 21:39:55.832,1.30635,1.30772,1.12,1.37
2015.01.27 21:39:56.423,1.30635,1.30772,1.12,1.37
2015.01.27 21:39:57.978,1.30635,1.30772,1.12,1.37
2015.01.27 21:39:58.080,1.30635,1.30772,1.12,1.37
2015.01.27 21:39:58.792,1.30635,1.30772,1.12,1.37
2015.01.27 21:39:59.577,1.30635,1.30772,1.12,1.37
2015.01.27 21:40:00.213,1.30635,1.30772,1.12,1.37
2015.01.27 21:40:00.773,1.30635,1.30772,1.00,1.37
2015.01.27 21:40:01.077,1.30637,1.30772,1.95,1.37
2015.01.27 21:40:01.434,1.30637,1.30772,1.95,1.37
2015.01.27 21:40:02.379,1.30637,1.30772,1.95,1.37
2015.01.27 21:40:03.401,1.30637,1.30772,1.95,1.37
2015.01.27 21:40:03.923,1.30637,1.30772,1.95,1.37
2015.01.27 21:40:04.435,1.30637,1.30772,1.95,1.37
2015.01.27 21:40:05.201,1.30637,1.30772,1.95,1.37
2015.01.27 21:40:05.517,1.30637,1.30772,1.95,1.37
2015.01.27 21:40:06.418,1.30637,1.30772,1.95,1.37
2015.01.27 21:40:07.442,1.30637,1.30771,1.95,1.37
2015.01.27 21:40:07.954,1.30637,1.30771,1.95,1.37
2015.01.27 21:40:08.495,1.30638,1.30776,1.00,1.37
2015.01.27 21:40:09.296,1.30638,1.30776,1.00,1.37
2015.01.27 21:40:10.319,1.30638,1.30776,1.00,1.37
2015.01.27 21:40:11.050,1.30638,1.30776,1.00,1.37
2015.01.27 21:40:12.456,1.30638,1.30776,1.00,1.37
2015.01.27 21:40:13.372,1.30638,1.30776,1.00,1.37
2015.01.27 21:40:13.480,1.30638,1.30776,1.00,1.37
2015.01.27 21:40:14.386,1.30638,1.30776,1.00,1.37
2015.01.27 21:40:14.538,1.30638,1.30776,1.00,1.37
2015.01.27 21:40:15.055,1.30638,1.30776,1.00,1.37
2015.01.27 21:40:15.856,1.30638,1.30776,1.00,1.37
2015.01.27 21:40:16.238,1.30638,1.30776,1.00,1.37
2015.01.27 21:40:16.868,1.30638,1.30776,1.00,1.37
2015.01.27 21:40:17.462,1.30638,1.30776,1.00,1.37
2015.01.27 21:40:18.075,1.30638,1.30776,1.00,1.37
2015.01.27 21:40:18.738,1.30638,1.30776,1.00,1.37
2015.01.27 21:40:19.301,1.30638,1.30776,1.00,1.37
2015.01.27 21:40:19.656,1.30638,1.30749,1.00,0.37
2015.01.27 21:40:20.636,1.30638,1.30776,1.00,1.37
2015.01.27 21:40:21.158,1.30638,1.30776,1.00,1.37
2015.01.27 21:40:21.954,1.30638,1.30775,1.00,2.32
2015.01.27 21:40:22.561,1.30638,1.30775,1.00,2.32
2015.01.27 21:40:23.119,1.30638,1.30749,1.00,0.37
2015.01.27 21:40:23.677,1.30638,1.30775,1.00,2.32
2015.01.27 21:40:23.728,1.30638,1.30775,1.00,2.32
2015.01.27 21:40:24.640,1.30638,1.30775,1.00,2.32
2015.01.27 21:40:25.400,1.30638,1.30775,1.00,2.32
2015.01.27 21:40:25.824,1.30638,1.30749,1.00,0.37
2015.01.27 21:40:26.849,1.30638,1.30775,1.00,2.32
2015.01.27 21:40:27.766,1.30638,1.30775,1.00,2.32
2015.01.27 21:40:28.781,1.30638,1.30775,1.00,2.32
2015.01.27 21:40:29.494,1.30638,1.30775,1.00,2.32
2015.01.27 21:40:30.410,1.30638,1.30775,1.00,2.32
2015.01.27 21:40:32.790,1.30638,1.30775,1.00,2.32
2015.01.27 21:40:33.399,1.30638,1.30775,1.00,2.32
2015.01.27 21:40:33.904,1.30638,1.30775,1.00,2.32
2015.01.27 21:40:34.564,1.30638,1.30775,1.00,2.32
2015.01.27 21:40:35.094,1.30638,1.30775,1.00,2.32
2015.01.27 21:40:36.143,1.30638,1.30775,1.00,2.32
2015.01.27 21:40:36.245,1.30638,1.30775,1.00,2.32
2015.01.27 21:40:36.834,1.30638,1.30775,1.00,2.32
2015.01.27 21:40:37.459,1.30638,1.30775,1.00,2.32
2015.01.27 21:40:38.271,1.30638,1.30775,1.00,2.32
2015.01.27 21:40:38.474,1.30632,1.30775,1.00,3.07
2015.01.27 21:40:39.283,1.30632,1.30775,1.00,3.07
2015.01.27 21:40:40.206,1.30632,1.30775,1.00,3.07
2015.01.27 21:40:40.707,1.30632,1.30775,1.00,3.07
2015.01.27 21:40:41.215,1.30632,1.30775,1.00,3.82
2015.01.27 21:40:41.670,1.30633,1.30775,1.95,3.82
2015.01.27 21:40:42.182,1.30634,1.30775,1.95,1.37
2015.01.27 21:40:42.843,1.30634,1.30775,1.95,1.37
2015.01.27 21:40:43.862,1.30634,1.30775,1.95,1.37
2015.01.27 21:40:44.365,1.30634,1.30775,1.95,1.37
2015.01.27 21:40:45.116,1.30634,1.30775,1.95,1.37
2015.01.27 21:40:45.667,1.30634,1.30775,1.95,1.37
2015.01.27 21:40:46.337,1.30634,1.30775,1.95,1.37
2015.01.27 21:40:47.799,1.30634,1.30775,1.95,1.37
2015.01.27 21:40:48.320,1.30634,1.30774,1.95,1.37
2015.01.27 21:40:48.824,1.30634,1.30774,1.95,1.37
2015.01.27 21:40:49.480,1.30634,1.30774,1.95,1.37
2015.01.27 21:40:49.988,1.30634,1.30774,1.95,1.37
2015.01.27 21:40:51.112,1.30634,1.30774,1.95,1.37
2015.01.27 21:40:51.776,1.30634,1.30774,1.95,1.37
2015.01.27 21:40:52.653,1.30634,1.30774,1.95,1.37
2015.01.27 21:40:53.266,1.30634,1.30773,1.95,1.37
2015.01.27 21:40:53.801,1.30634,1.30773,1.95,1.37
2015.01.27 21:40:54.358,1.30634,1.30773,1.95,1.37
2015.01.27 21:40:54.814,1.30634,1.30773,1.95,1.37
2015.01.27 21:40:55.370,1.30634,1.30773,1.95,1.37
2015.01.27 21:40:56.026,1.30634,1.30773,1.95,1.37
2015.01.27 21:40:57.034,1.30634,1.30773,1.95,1.37
2015.01.27 21:40:58.360,1.30634,1.30773,1.95,1.87
2015.01.27 21:40:59.364,1.30634,1.30773,1.95,1.87
2015.01.27 21:40:59.869,1.30634,1.30773,1.95,1.87
2015.01.27 21:41:00.378,1.30634,1.30773,1.95,1.87
2015.01.27 21:41:00.897,1.30634,1.30773,1.95,1.87
2015.01.27 21:41:01.445,1.30634,1.30773,1.95,1.87
2015.01.27 21:41:02.010,1.30634,1.30773,1.95,1.87
2015.01.27 21:41:02.680,1.30633,1.30773,1.00,1.87
2015.01.27 21:41:03.549,1.30633,1.3077,1.00,1.37
2015.01.27 21:41:04.367,1.30633,1.3077,1.00,1.37
2015.01.27 21:41:05.077,1.30633,1.3077,1.00,1.37
2015.01.27 21:41:06.197,1.30633,1.3077,1.00,1.37
2015.01.27 21:41:06.818,1.30633,1.3077,1.00,1.37
2015.01.27 21:41:07.332,1.30633,1.3077,1.00,1.37
2015.01.27 21:41:08.854,1.30633,1.30768,1.00,1.37
2015.01.27 21:41:09.821,1.30633,1.30768,1.00,1.37
2015.01.27 21:41:10.329,1.30633,1.30768,1.00,1.37
2015.01.27 21:41:11.143,1.30633,1.30768,1.00,1.37
2015.01.27 21:41:12.945,1.30633,1.30768,1.00,1.37
2015.01.27 21:41:13.656,1.30633,1.30767,1.00,1.37
2015.01.27 21:41:14.295,1.30633,1.30763,1.00,1.37
2015.01.27 21:41:15.207,1.30633,1.30763,1.00,1.87
2015.01.27 21:41:15.820,1.30633,1.30763,1.00,1.87
2015.01.27 21:41:16.327,1.30633,1.30763,1.00,1.87
2015.01.27 21:41:18.768,1.30633,1.30763,1.00,1.87
2015.01.27 21:41:20.241,1.30633,1.30763,1.00,1.37
2015.01.27 21:41:20.551,1.30633,1.30734,1.00,0.37
2015.01.27 21:41:21.974,1.30633,1.30735,1.00,0.37
2015.01.27 21:41:22.504,1.30633,1.30734,1.00,0.37
2015.01.27 21:41:23.059,1.30633,1.30735,1.00,0.37
2015.01.27 21:41:23.326,1.30626,1.30735,1.00,0.37
2015.01.27 21:41:23.894,1.30626,1.30763,1.00,1.37
2015.01.27 21:41:24.441,1.30626,1.30763,1.00,1.37
2015.01.27 21:41:24.950,1.30626,1.30763,1.00,1.37
2015.01.27 21:41:26.222,1.30626,1.30763,1.00,1.37
2015.01.27 21:41:27.239,1.30626,1.30735,1.00,0.37
2015.01.27 21:41:28.394,1.30626,1.30729,1.00,0.37
2015.01.27 21:41:29.579,1.30626,1.30735,1.00,0.37
2015.01.27 21:41:30.202,1.30626,1.30734,1.00,0.37
2015.01.27 21:41:31.720,1.30626,1.30735,1.00,0.37
2015.01.27 21:41:32.640,1.30626,1.30734,1.00,0.37
2015.01.27 21:41:33.802,1.30626,1.30735,1.00,0.37
2015.01.27 21:41:35.184,1.30626,1.30734,1.00,0.37
2015.01.27 21:41:35.767,1.30626,1.30735,1.00,0.37
2015.01.27 21:41:36.964,1.30626,1.30725,1.00,0.37
2015.01.27 21:41:37.483,1.30626,1.30724,1.00,0.37
2015.01.27 21:41:38.151,1.30626,1.30725,1.00,0.37
2015.01.27 21:41:39.166,1.30626,1.30724,1.00,0.37
2015.01.27 21:41:39.781,1.30626,1.3073,1.00,0.37
2015.01.27 21:41:40.286,1.30626,1.30729,1.00,0.37
2015.01.27 21:41:40.950,1.30626,1.3073,1.00,0.37
2015.01.27 21:41:41.969,1.30626,1.30729,1.00,0.37
2015.01.27 21:41:42.487,1.30626,1.3073,1.00,0.37
2015.01.27 21:41:43.035,1.30626,1.30729,1.00,0.37
2015.01.27 21:41:43.593,1.30626,1.30735,1.00,0.37
2015.01.27 21:41:44.693,1.30626,1.30734,1.00,0.37
2015.01.27 21:41:45.299,1.30626,1.30763,1.00,1.75
2015.01.27 21:41:45.404,1.30626,1.3073,1.00,0.37
2015.01.27 21:41:46.217,1.30626,1.30729,1.00,0.37
2015.01.27 21:41:46.761,1.30626,1.3073,1.00,0.37
2015.01.27 21:41:47.378,1.30626,1.30729,1.00,0.37
2015.01.27 21:41:47.989,1.30626,1.3073,1.00,0.37
2015.01.27 21:41:48.493,1.30626,1.30729,1.00,0.37
2015.01.27 21:41:49.806,1.30626,1.3073,1.00,0.37
2015.01.27 21:41:50.769,1.30626,1.30729,1.00,0.37
2015.01.27 21:41:51.345,1.30626,1.3073,1.00,0.37
2015.01.27 21:41:51.855,1.30626,1.30729,1.00,0.37
2015.01.27 21:41:52.880,1.30626,1.3073,1.00,0.37
2015.01.27 21:41:53.388,1.30623,1.3073,2.70,0.37
2015.01.27 21:41:54.130,1.30623,1.30757,2.70,1.37
2015.01.27 21:41:54.869,1.30623,1.30757,2.70,1.37
2015.01.27 21:41:55.344,1.30623,1.3073,2.70,0.37
2015.01.27 21:41:56.052,1.30623,1.30729,2.70,0.37
2015.01.27 21:41:57.125,1.30623,1.3073,2.70,0.37
2015.01.27 21:41:58.034,1.30623,1.30729,2.70,0.37
2015.01.27 21:41:59.023,1.30623,1.30757,2.70,1.37
2015.01.27 21:42:00.669,1.30623,1.30757,2.70,1.37
2015.01.27 21:42:01.065,1.30623,1.3073,2.70,0.37
2015.01.27 21:42:02.097,1.30623,1.30757,2.70,1.37
2015.01.27 21:42:02.898,1.30623,1.30757,2.70,1.37
2015.01.27 21:42:03.813,1.30623,1.30757,2.70,1.37
2015.01.27 21:42:04.326,1.30623,1.30757,2.70,1.37
2015.01.27 21:42:04.848,1.30623,1.30757,1.00,1.37
2015.01.27 21:42:05.445,1.30623,1.30757,1.00,1.37
2015.01.27 21:42:06.260,1.30623,1.30757,1.00,1.37
2015.01.27 21:42:07.423,1.30623,1.30757,1.00,1.37
2015.01.27 21:42:08.149,1.30623,1.30757,1.00,1.37
2015.01.27 21:42:08.611,1.30623,1.30757,1.00,1.75
2015.01.27 21:42:09.226,1.30623,1.30757,1.00,1.75
2015.01.27 21:42:09.943,1.30623,1.30757,1.00,1.75
2015.01.27 21:42:11.270,1.30623,1.30757,1.00,1.75
2015.01.27 21:42:11.984,1.30623,1.30757,1.00,1.37
2015.01.27 21:42:12.700,1.30623,1.30757,1.00,1.37
2015.01.27 21:42:13.208,1.30623,1.30757,1.00,1.37
2015.01.27 21:42:13.716,1.30623,1.30757,1.00,1.37
2015.01.27 21:42:14.635,1.30623,1.30757,1.00,1.37
2015.01.27 21:42:15.256,1.30623,1.30757,1.00,1.37
2015.01.27 21:42:16.804,1.30623,1.30757,1.00,1.37
2015.01.27 21:42:17.192,1.30623,1.30757,1.00,1.75
2015.01.27 21:42:17.800,1.30623,1.30757,1.00,1.75
2015.01.27 21:42:18.302,1.30623,1.30757,1.00,1.75
2015.01.27 21:42:19.251,1.30623,1.30757,1.00,1.75
2015.01.27 21:42:19.832,1.30623,1.30757,1.00,1.75
2015.01.27 21:42:20.823,1.30623,1.30757,1.00,1.75
2015.01.27 21:42:21.313,1.30623,1.30757,1.00,1.75
2015.01.27 21:42:21.895,1.30623,1.30757,1.00,1.75
2015.01.27 21:42:22.414,1.30623,1.30757,1.00,1.75
2015.01.27 21:42:22.925,1.30623,1.30757,1.00,1.75
2015.01.27 21:42:23.433,1.30623,1.30757,1.00,1.75
2015.01.27 21:42:23.939,1.30622,1.30756,3.90,1.75
2015.01.27 21:42:24.637,1.30622,1.30756,3.90,1.75
2015.01.27 21:42:25.600,1.30622,1.30756,1.95,1.75
2015.01.27 21:42:25.677,1.30618,1.30756,1.00,1.75
2015.01.27 21:42:26.255,1.30618,1.30756,1.00,1.75
2015.01.27 21:42:28.078,1.30618,1.30756,1.00,1.75
2015.01.27 21:42:28.635,1.30618,1.30756,1.00,1.75
2015.01.27 21:42:30.013,1.30618,1.30756,1.00,1.75
2015.01.27 21:42:30.561,1.30618,1.30756,1.00,1.75
2015.01.27 21:42:31.096,1.30618,1.30729,1.00,0.37
2015.01.27 21:42:31.685,1.30618,1.3073,1.00,0.37
2015.01.27 21:42:32.289,1.30618,1.30729,1.00,0.37
2015.01.27 21:42:33.124,1.30618,1.3073,1.00,0.37
2015.01.27 21:42:33.634,1.30618,1.30729,1.00,0.37
2015.01.27 21:42:34.135,1.30618,1.3073,1.00,0.37
2015.01.27 21:42:34.697,1.30618,1.30729,1.00,0.37
2015.01.27 21:42:35.211,1.30618,1.3073,1.00,0.37
2015.01.27 21:42:35.822,1.30618,1.30729,1.00,0.37
2015.01.27 21:42:36.353,1.30618,1.3073,1.00,0.37
2015.01.27 21:42:37.050,1.30618,1.30725,1.00,0.37
2015.01.27 21:42:37.765,1.30618,1.30724,1.00,0.37
2015.01.27 21:42:38.579,1.30618,1.30725,1.00,0.37
2015.01.27 21:42:39.086,1.30618,1.30724,1.00,0.37
2015.01.27 21:42:39.785,1.30618,1.30725,1.00,0.37
2015.01.27 21:42:40.403,1.30618,1.30724,1.00,0.37
2015.01.27 21:42:40.702,1.30618,1.30729,1.00,0.37
2015.01.27 21:42:41.216,1.30618,1.3073,1.00,0.37
2015.01.27 21:42:41.776,1.30618,1.30729,1.00,0.37
2015.01.27 21:42:43.805,1.30618,1.3073,1.00,0.37
2015.01.27 21:42:44.821,1.30618,1.30729,1.00,0.37
2015.01.27 21:42:45.705,1.30618,1.30756,1.00,1.37
2015.01.27 21:42:46.237,1.30618,1.30756,1.00,1.37
2015.01.27 21:42:47.000,1.30618,1.30756,1.00,1.37
2015.01.27 21:42:47.051,1.30618,1.30756,1.00,1.37
2015.01.27 21:42:47.611,1.30618,1.30756,1.00,1.37
2015.01.27 21:42:48.124,1.30618,1.30756,1.00,1.37
2015.01.27 21:42:48.174,1.30618,1.3073,1.00,0.37
2015.01.27 21:42:48.881,1.30618,1.30729,1.00,0.37
2015.01.27 21:42:49.414,1.30618,1.3073,1.00,0.37
2015.01.27 21:42:51.021,1.30618,1.30729,1.00,0.37
2015.01.27 21:42:51.744,1.30636,1.30752,1.00,1.37
2015.01.27 21:42:51.998,1.30636,1.30752,1.00,1.37
2015.01.27 21:42:52.861,1.30636,1.30752,1.00,1.37
2015.01.27 21:42:52.967,1.30636,1.30752,1.00,1.37
2015.01.27 21:42:53.680,1.30636,1.30752,1.00,1.37
2015.01.27 21:42:54.192,1.30636,1.30752,1.00,1.37
2015.01.27 21:42:54.693,1.30636,1.30752,1.00,1.37
2015.01.27 21:42:54.921,1.30636,1.30752,1.00,1.37
2015.01.27 21:42:55.428,1.30636,1.30752,1.00,1.37
2015.01.27 21:42:55.944,1.30636,1.30752,1.00,1.37
2015.01.27 21:42:56.151,1.30636,1.30752,1.00,1.37
2015.01.27 21:42:58.409,1.30636,1.30752,1.00,1.37
2015.01.27 21:42:58.916,1.30636,1.30752,1.00,1.37
2015.01.27 21:42:59.428,1.30636,1.30752,1.00,1.37
2015.01.27 21:42:59.939,1.30636,1.30752,1.00,1.37
2015.01.27 21:43:00.458,1.30636,1.30752,1.00,1.37
2015.01.27 21:43:02.589,1.30636,1.30752,1.00,1.37
2015.01.27 21:43:03.351,1.30636,1.30752,1.00,1.37
2015.01.27 21:43:03.961,1.30636,1.30752,1.00,1.37
2015.01.27 21:43:04.470,1.30636,1.30752,1.00,1.37
2015.01.27 21:43:05.590,1.30636,1.30752,1.00,1.37
2015.01.27 21:43:06.411,1.30636,1.30752,1.00,1.37
2015.01.27 21:43:07.013,1.30636,1.30752,1.00,1.37
2015.01.27 21:43:08.102,1.30636,1.30752,1.00,1.37
2015.01.27 21:43:08.255,1.30633,1.30755,1.00,1.37
2015.01.27 21:43:08.623,1.30633,1.30755,1.00,1.37
2015.01.27 21:43:08.817,1.30633,1.30755,1.00,1.37
2015.01.27 21:43:10.294,1.30633,1.30755,1.00,1.37
2015.01.27 21:43:11.307,1.30633,1.30755,1.00,1.37
2015.01.27 21:43:11.904,1.30633,1.30755,1.00,1.37
2015.01.27 21:43:12.727,1.30633,1.30755,1.00,1.37
2015.01.27 21:43:13.233,1.30633,1.30755,1.00,1.37
2015.01.27 21:43:13.554,1.30633,1.30755,1.00,1.37
2015.01.27 21:43:14.062,1.30633,1.30729,1.00,0.37
2015.01.27 21:43:14.555,1.30633,1.30755,1.00,1.37
2015.01.27 21:43:15.416,1.30633,1.30755,1.00,1.37
2015.01.27 21:43:15.567,1.30633,1.30755,1.00,1.37
2015.01.27 21:43:16.476,1.30633,1.30729,1.00,0.37
2015.01.27 21:43:16.578,1.30633,1.30755,1.00,1.37
2015.01.27 21:43:17.372,1.30633,1.30755,1.00,1.37
2015.01.27 21:43:18.642,1.30633,1.30755,1.00,1.37
2015.01.27 21:43:19.508,1.30633,1.30755,1.00,1.37
2015.01.27 21:43:20.223,1.30633,1.30755,1.00,1.37
2015.01.27 21:43:20.774,1.30633,1.30755,1.00,1.37
2015.01.27 21:43:21.750,1.30633,1.30755,1.00,1.37
2015.01.27 21:43:22.311,1.30633,1.30755,1.00,1.37
2015.01.27 21:43:22.594,1.30633,1.30729,1.00,0.37
2015.01.27 21:43:23.279,1.30633,1.30755,1.00,1.37
2015.01.27 21:43:24.126,1.30632,1.30754,1.00,1.37
2015.01.27 21:43:24.665,1.30632,1.30754,1.00,1.37
2015.01.27 21:43:25.205,1.30632,1.30754,1.00,1.37
2015.01.27 21:43:26.084,1.30632,1.30754,1.00,1.37
2015.01.27 21:43:26.883,1.30632,1.30754,1.00,1.37
2015.01.27 21:43:27.392,1.30632,1.30754,1.00,1.37
2015.01.27 21:43:28.711,1.30632,1.30754,1.00,1.37
2015.01.27 21:43:29.327,1.30632,1.30754,1.00,1.37
2015.01.27 21:43:29.939,1.30632,1.30754,1.00,1.37
2015.01.27 21:43:30.859,1.30632,1.30754,1.00,1.37
2015.01.27 21:43:31.393,1.30632,1.30754,1.00,1.37
2015.01.27 21:43:32.372,1.30632,1.30754,1.00,1.37
2015.01.27 21:43:33.091,1.30632,1.30754,1.00,1.37
2015.01.27 21:43:33.652,1.30632,1.30754,1.00,1.37
2015.01.27 21:43:34.413,1.30632,1.30754,1.00,1.37
2015.01.27 21:43:34.618,1.30623,1.30749,1.00,1.37
2015.01.27 21:43:35.127,1.30623,1.30749,1.00,1.37
2015.01.27 21:43:35.543,1.30623,1.30749,1.00,1.87
2015.01.27 21:43:36.066,1.30623,1.30747,1.00,1.37
2015.01.27 21:43:36.655,1.30623,1.30747,1.00,1.37
2015.01.27 21:43:37.164,1.30623,1.30747,1.00,1.75
2015.01.27 21:43:37.719,1.30623,1.30747,1.00,1.75
2015.01.27 21:43:38.176,1.30623,1.30747,1.00,1.75
2015.01.27 21:43:38.912,1.30623,1.30747,1.00,1.75
2015.01.27 21:43:39.179,1.30623,1.30747,1.00,1.75
2015.01.27 21:43:39.697,1.30623,1.30719,1.00,0.37
2015.01.27 21:43:40.626,1.30623,1.30745,1.00,1.37
2015.01.27 21:43:40.967,1.30623,1.30715,1.00,0.37
2015.01.27 21:43:41.632,1.30623,1.30714,1.00,0.37
2015.01.27 21:43:41.943,1.30623,1.30719,1.00,0.37
2015.01.27 21:43:42.785,1.30623,1.30745,1.00,1.37
2015.01.27 21:43:42.836,1.30619,1.30738,1.95,1.37
2015.01.27 21:43:43.383,1.30619,1.30738,1.95,1.37
2015.01.27 21:43:44.001,1.30619,1.30738,1.95,1.37
2015.01.27 21:43:44.716,1.30619,1.30738,1.95,1.37
2015.01.27 21:43:45.644,1.30619,1.30738,1.95,1.37
2015.01.27 21:43:46.393,1.30619,1.30738,1.95,1.37
2015.01.27 21:43:46.935,1.30619,1.30738,1.95,1.37
2015.01.27 21:43:47.602,1.30617,1.30738,1.95,1.37
2015.01.27 21:43:48.113,1.30616,1.30738,1.00,1.37
2015.01.27 21:43:48.722,1.30616,1.30738,1.00,1.37
2015.01.27 21:43:48.773,1.30616,1.30738,1.00,1.37
2015.01.27 21:43:49.311,1.30616,1.30738,1.00,1.37
2015.01.27 21:43:50.059,1.30616,1.30738,1.00,1.37
2015.01.27 21:43:50.489,1.30609,1.30726,1.00,1.37
2015.01.27 21:43:50.591,1.30609,1.30705,1.50,1.73
2015.01.27 21:43:50.894,1.30623,1.30686,1.00,1.00
2015.01.27 21:43:51.248,1.30626,1.30689,1.00,1.00
2015.01.27 21:43:51.349,1.30609,1.30726,1.00,1.37
2015.01.27 21:43:52.442,1.30609,1.30726,1.00,1.37
2015.01.27 21:43:52.544,1.30609,1.30726,1.00,1.37
2015.01.27 21:43:53.139,1.30609,1.30726,1.00,1.37
2015.01.27 21:43:53.653,1.30609,1.30726,1.00,1.37
2015.01.27 21:43:54.159,1.30609,1.30726,1.00,1.37
2015.01.27 21:43:54.869,1.30609,1.30726,1.00,1.37
2015.01.27 21:43:55.888,1.30609,1.30726,1.00,1.37
2015.01.27 21:43:56.399,1.30609,1.30726,1.00,1.37
2015.01.27 21:43:56.909,1.30609,1.30726,1.00,1.37
2015.01.27 21:43:58.781,1.30609,1.30726,1.00,1.37
2015.01.27 21:43:59.481,1.30609,1.30726,1.00,1.37
2015.01.27 21:44:00.201,1.30609,1.30726,1.00,1.37
2015.01.27 21:44:00.822,1.30609,1.30726,1.00,1.37
2015.01.27 21:44:02.556,1.30609,1.30726,1.00,1.37
2015.01.27 21:44:03.296,1.30609,1.30726,1.00,1.37
2015.01.27 21:44:04.307,1.30609,1.30726,1.00,1.37
2015.01.27 21:44:04.847,1.30609,1.30726,1.00,1.37
2015.01.27 21:44:05.199,1.30609,1.30726,1.00,1.37
2015.01.27 21:44:05.424,1.30609,1.30726,1.00,1.00
2015.01.27 21:44:05.527,1.30609,1.30726,1.00,1.37
2015.01.27 21:44:06.036,1.3061,1.30734,1.00,1.37
2015.01.27 21:44:07.877,1.3061,1.30734,1.00,1.37
2015.01.27 21:44:08.475,1.3061,1.30734,1.00,1.37
2015.01.27 21:44:09.185,1.3061,1.30734,1.00,1.37
2015.01.27 21:44:09.286,1.3061,1.30734,1.00,1.37
2015.01.27 21:44:10.148,1.3061,1.30734,1.00,1.37
2015.01.27 21:44:12.943,1.3061,1.30734,1.00,1.37
2015.01.27 21:44:14.070,1.3061,1.30734,1.00,1.37
2015.01.27 21:44:16.132,1.3061,1.30734,1.00,1.37
2015.01.27 21:44:16.747,1.3061,1.30734,1.00,1.37
2015.01.27 21:44:17.256,1.3061,1.30734,1.00,1.37
2015.01.27 21:44:18.226,1.3061,1.30734,1.00,1.37
2015.01.27 21:44:18.327,1.3061,1.30734,1.00,1.37
2015.01.27 21:44:19.243,1.3061,1.30734,1.00,1.37
2015.01.27 21:44:19.853,1.3061,1.30734,1.00,1.37
2015.01.27 21:44:20.764,1.3061,1.30735,1.00,1.37
2015.01.27 21:44:21.284,1.3061,1.30735,1.00,1.37
2015.01.27 21:44:21.385,1.3061,1.30735,1.00,1.37
2015.01.27 21:44:22.225,1.3061,1.30735,1.00,1.37
2015.01.27 21:44:23.135,1.3061,1.30735,1.00,1.37
2015.01.27 21:44:23.337,1.30613,1.30735,1.00,1.37
2015.01.27 21:44:23.845,1.30613,1.30735,1.00,1.37
2015.01.27 21:44:24.354,1.30613,1.30735,1.00,1.37
2015.01.27 21:44:25.002,1.30613,1.30735,1.00,1.37
2015.01.27 21:44:25.690,1.30613,1.30735,1.00,1.37
2015.01.27 21:44:26.512,1.30613,1.30735,1.00,1.37
2015.01.27 21:44:27.430,1.30613,1.30735,1.00,1.37
2015.01.27 21:44:28.965,1.30613,1.30735,1.00,1.37
2015.01.27 21:44:29.513,1.30613,1.30735,1.00,1.37
2015.01.27 21:44:30.799,1.30613,1.30735,1.00,1.37
2015.01.27 21:44:31.715,1.30613,1.30735,1.00,1.37
2015.01.27 21:44:32.785,1.30613,1.30735,1.00,1.37
2015.01.27 21:44:34.009,1.30613,1.30735,1.00,1.37
2015.01.27 21:44:34.513,1.30612,1.30735,1.00,1.37
2015.01.27 21:44:35.623,1.30612,1.30735,1.00,1.37
2015.01.27 21:44:35.730,1.30612,1.30735,1.00,1.37
2015.01.27 21:44:36.325,1.30612,1.30735,1.00,1.37
2015.01.27 21:44:36.747,1.30612,1.30735,1.00,1.37
2015.01.27 21:44:37.438,1.30612,1.30735,1.00,1.37
2015.01.27 21:44:38.361,1.30613,1.30735,1.00,1.37
2015.01.27 21:44:39.230,1.30613,1.30735,1.00,1.37
2015.01.27 21:44:40.296,1.30613,1.30735,1.00,1.37
2015.01.27 21:44:40.922,1.30613,1.30735,1.00,1.37
2015.01.27 21:44:41.618,1.30613,1.30735,1.00,1.37
2015.01.27 21:44:42.402,1.30613,1.30735,1.00,1.37
2015.01.27 21:44:44.042,1.30613,1.30735,1.00,1.37
2015.01.27 21:44:44.652,1.30613,1.30735,1.00,1.37
2015.01.27 21:44:45.878,1.30613,1.30735,1.00,1.37
2015.01.27 21:44:46.387,1.30613,1.30735,1.00,1.37
2015.01.27 21:44:46.896,1.30613,1.30735,1.00,1.37
2015.01.27 21:44:47.964,1.30613,1.30735,1.00,1.37
2015.01.27 21:44:51.318,1.30613,1.30735,1.00,1.37
2015.01.27 21:44:51.829,1.30612,1.30735,1.00,1.37
2015.01.27 21:44:52.401,1.30612,1.30735,1.00,1.37
2015.01.27 21:44:52.943,1.30612,1.30735,1.00,1.37
2015.01.27 21:44:53.451,1.30612,1.30735,1.00,1.37
2015.01.27 21:44:54.143,1.30612,1.30735,1.00,1.37
2015.01.27 21:44:54.963,1.30612,1.30735,1.00,1.37
2015.01.27 21:44:55.192,1.30612,1.30735,1.00,1.37
2015.01.27 21:44:55.838,1.30612,1.30735,1.00,1.37
2015.01.27 21:44:58.032,1.30612,1.30735,1.00,1.37
2015.01.27 21:44:58.856,1.30612,1.30735,1.00,1.37
2015.01.27 21:44:59.821,1.30612,1.30735,1.00,1.37
2015.01.27 21:45:00.640,1.30612,1.30735,1.00,1.37
2015.01.27 21:45:01.152,1.30612,1.30735,1.00,1.37
2015.01.27 21:45:02.162,1.30612,1.30735,1.00,1.37
2015.01.27 21:45:04.316,1.30612,1.30735,1.00,1.37
2015.01.27 21:45:05.342,1.30612,1.30735,1.00,1.37
2015.01.27 21:45:05.923,1.30612,1.30735,1.00,1.37
2015.01.27 21:45:06.362,1.30612,1.30735,1.00,1.37
2015.01.27 21:45:07.431,1.30612,1.30735,1.00,1.37
2015.01.27 21:45:08.841,1.30612,1.30735,1.00,1.37
2015.01.27 21:45:09.383,1.30612,1.30735,1.00,1.37
2015.01.27 21:45:09.902,1.30612,1.30736,1.00,1.37
2015.01.27 21:45:10.480,1.30612,1.30736,1.00,1.37
2015.01.27 21:45:10.740,1.30612,1.30736,1.00,1.37
2015.01.27 21:45:11.498,1.30612,1.30736,1.00,1.37
2015.01.27 21:45:12.677,1.30612,1.30736,1.00,1.37
2015.01.27 21:45:14.041,1.30612,1.30736,1.00,1.37
2015.01.27 21:45:14.567,1.30612,1.30736,1.00,1.37
2015.01.27 21:45:15.101,1.30612,1.30736,1.00,1.37
2015.01.27 21:45:15.643,1.30612,1.30736,1.00,1.37
2015.01.27 21:45:16.367,1.30612,1.30736,1.00,1.37
2015.01.27 21:45:17.302,1.30612,1.30735,1.00,1.12
2015.01.27 21:45:17.997,1.30612,1.30735,1.00,1.37
2015.01.27 21:45:18.514,1.30612,1.30735,1.00,1.12
2015.01.27 21:45:19.032,1.30612,1.30734,1.00,1.00
2015.01.27 21:45:19.951,1.30612,1.30734,1.00,1.37
2015.01.27 21:45:20.719,1.30612,1.30738,1.00,1.37
2015.01.27 21:45:21.335,1.30612,1.30738,1.00,1.37
2015.01.27 21:45:21.671,1.30607,1.30743,1.00,1.37
2015.01.27 21:45:22.357,1.30607,1.30745,1.00,1.37
2015.01.27 21:45:22.922,1.30607,1.30745,1.00,1.37
2015.01.27 21:45:24.310,1.30607,1.30745,1.00,1.37
2015.01.27 21:45:24.827,1.30607,1.30747,1.00,4.27
2015.01.27 21:45:25.344,1.30607,1.30747,1.00,4.27
2015.01.27 21:45:25.882,1.30607,1.30747,1.00,5.02
2015.01.27 21:45:26.426,1.30607,1.30747,1.00,5.02
2015.01.27 21:45:26.476,1.30607,1.30747,1.00,5.02
2015.01.27 21:45:27.001,1.30607,1.30747,1.00,5.02
2015.01.27 21:45:27.546,1.30607,1.30747,1.00,5.02
2015.01.27 21:45:28.929,1.30607,1.30747,1.00,1.37
2015.01.27 21:45:29.847,1.30607,1.30747,1.00,1.37
2015.01.27 21:45:30.357,1.30607,1.30747,1.00,1.37
2015.01.27 21:45:31.282,1.30607,1.30747,1.00,1.37
2015.01.27 21:45:31.787,1.30607,1.30747,1.00,1.37
2015.01.27 21:45:32.653,1.30607,1.30747,1.00,1.37
2015.01.27 21:45:33.790,1.30607,1.30747,1.00,1.37
2015.01.27 21:45:34.411,1.30607,1.30748,1.37,1.37
2015.01.27 21:45:35.011,1.30607,1.30748,1.37,1.37
2015.01.27 21:45:35.542,1.30607,1.30748,1.37,1.37
2015.01.27 21:45:36.223,1.30607,1.30748,1.37,1.37
2015.01.27 21:45:37.337,1.30607,1.30748,1.37,1.37
2015.01.27 21:45:38.150,1.30607,1.30748,1.37,1.37
2015.01.27 21:45:38.352,1.30612,1.30749,1.00,1.37
2015.01.27 21:45:38.941,1.30612,1.30749,1.00,1.37
2015.01.27 21:45:39.779,1.30612,1.30749,1.00,1.37
2015.01.27 21:45:40.798,1.30612,1.30749,1.00,1.37
2015.01.27 21:45:41.657,1.30612,1.30749,1.00,1.37
2015.01.27 21:45:42.676,1.30612,1.30749,1.00,1.37
2015.01.27 21:45:43.493,1.30612,1.30749,1.00,1.37
2015.01.27 21:45:43.801,1.30612,1.30749,1.00,1.00
2015.01.27 21:45:45.978,1.30612,1.30749,1.00,1.37
2015.01.27 21:45:46.532,1.30612,1.30749,1.00,1.37
2015.01.27 21:45:47.072,1.30612,1.30752,1.00,1.37
2015.01.27 21:45:47.765,1.30612,1.30752,1.00,1.37
2015.01.27 21:45:48.292,1.30612,1.30752,1.00,1.37
2015.01.27 21:45:48.836,1.30612,1.30752,1.00,1.37
2015.01.27 21:45:49.375,1.30612,1.30752,1.00,1.37
2015.01.27 21:45:50.834,1.30612,1.30752,1.00,1.37
2015.01.27 21:45:51.653,1.30612,1.30752,1.00,1.37
2015.01.27 21:45:53.308,1.30613,1.3075,1.00,1.37
2015.01.27 21:45:53.916,1.30613,1.3075,1.00,1.37
2015.01.27 21:45:54.533,1.30613,1.3075,1.00,1.37
2015.01.27 21:45:54.842,1.30613,1.3075,1.00,1.37
2015.01.27 21:45:55.455,1.30613,1.3075,1.00,1.37
2015.01.27 21:45:55.869,1.30613,1.3075,1.00,1.37
2015.01.27 21:45:56.888,1.30613,1.3075,1.00,1.37
2015.01.27 21:45:57.913,1.30613,1.3075,1.00,1.37
2015.01.27 21:45:58.611,1.30613,1.3075,1.00,1.37
2015.01.27 21:45:59.491,1.30613,1.3075,1.00,1.37
2015.01.27 21:45:59.999,1.30613,1.3075,1.00,1.37
2015.01.27 21:46:00.666,1.30613,1.3075,1.00,1.37
2015.01.27 21:46:01.178,1.30613,1.3075,1.00,1.37
2015.01.27 21:46:01.681,1.30613,1.30747,1.00,1.37
2015.01.27 21:46:01.732,1.30612,1.30723,1.00,1.00
2015.01.27 21:46:02.051,1.30628,1.30691,1.00,1.00
2015.01.27 21:46:02.152,1.3063,1.30695,1.00,1.00
2015.01.27 21:46:02.253,1.30633,1.30698,1.00,1.00
2015.01.27 21:46:11.153,1.30635,1.30698,1.00,1.00
2015.01.27 21:46:15.012,1.30633,1.30697,1.00,1.37
2015.01.27 21:46:15.114,1.30606,1.30705,1.75,2.08
2015.01.27 21:46:15.267,1.30623,1.30688,1.00,1.00
2015.01.27 21:46:15.580,1.30625,1.3069,1.00,1.00
2015.01.27 21:46:16.215,1.30627,1.3069,1.00,1.00
2015.01.27 21:46:17.005,1.30623,1.30688,1.00,1.00
2015.01.27 21:46:17.107,1.30616,1.30678,1.12,0.75
2015.01.27 21:46:17.469,1.30596,1.30725,1.75,2.32
2015.01.27 21:46:18.038,1.30596,1.30725,1.75,2.32
2015.01.27 21:46:18.293,1.306,1.307,2.68,1.42
2015.01.27 21:46:18.656,1.30618,1.30681,1.00,1.00
2015.01.27 21:46:19.880,1.30621,1.30684,1.00,1.00
2015.01.27 21:46:31.876,1.30619,1.30684,1.00,1.00
2015.01.27 21:46:33.043,1.30618,1.30681,1.00,1.00
2015.01.27 21:46:33.346,1.30614,1.30677,1.37,1.00
2015.01.27 21:46:33.701,1.3061,1.30675,1.50,1.00
2015.01.27 21:46:33.802,1.3061,1.30675,1.00,1.00
2015.01.27 21:46:33.904,1.3061,1.30675,1.75,1.00
2015.01.27 21:46:34.106,1.30605,1.30668,1.37,1.00
2015.01.27 21:46:34.157,1.30608,1.30671,1.00,1.00
2015.01.27 21:46:34.208,1.30608,1.30671,1.75,1.00
2015.01.27 21:46:34.309,1.30607,1.30672,1.00,1.00
2015.01.27 21:46:34.411,1.30607,1.30672,2.25,1.00
2015.01.27 21:46:34.512,1.30607,1.30691,1.75,1.37
2015.01.27 21:46:34.614,1.30613,1.30678,1.37,1.00
2015.01.27 21:46:35.091,1.30613,1.30678,1.00,1.00
2015.01.27 21:46:35.193,1.30613,1.30678,1.37,1.00
2015.01.27 21:46:36.136,1.30613,1.30678,1.00,1.00
2015.01.27 21:46:36.443,1.30613,1.30678,1.37,1.00
2015.01.27 21:46:37.304,1.30613,1.30678,1.00,1.00
2015.01.27 21:46:37.834,1.30613,1.30678,1.37,1.00
2015.01.27 21:46:42.331,1.30613,1.30678,1.00,1.00
2015.01.27 21:46:44.613,1.30616,1.30681,1.00,0.75
2015.01.27 21:46:53.958,1.30616,1.30679,1.00,1.00
2015.01.27 21:46:54.477,1.30615,1.30678,1.12,1.00
2015.01.27 21:46:55.161,1.3061,1.30696,1.50,1.49
2015.01.27 21:46:55.262,1.30609,1.3071,1.75,1.00
2015.01.27 21:46:55.735,1.30604,1.3071,1.37,1.00
2015.01.27 21:47:01.273,1.30596,1.3071,1.00,1.00
2015.01.27 21:47:01.374,1.30594,1.3071,1.00,1.00
2015.01.27 21:47:01.627,1.30584,1.30704,1.95,1.62
2015.01.27 21:47:01.931,1.30612,1.30677,1.00,1.00
2015.01.27 21:47:02.564,1.30613,1.30678,1.00,1.00
2015.01.27 21:47:09.351,1.30614,1.30677,1.00,1.00
2015.01.27 21:47:15.205,1.30617,1.3068,1.00,1.00
2015.01.27 21:47:24.864,1.30617,1.30682,1.00,1.00
2015.01.27 21:47:28.414,1.30616,1.30681,1.00,1.00
2015.01.27 21:47:29.061,1.30616,1.30679,1.00,1.00
2015.01.27 21:47:30.482,1.30618,1.30681,1.00,1.00
2015.01.27 21:47:31.270,1.30623,1.30685,1.00,1.00
2015.01.27 21:47:31.372,1.30592,1.3071,1.75,1.00
2015.01.27 21:47:32.467,1.30592,1.3071,1.75,1.00
2015.01.27 21:47:32.720,1.30606,1.30726,1.37,1.50
2015.01.27 21:47:32.822,1.30602,1.30732,2.32,2.32
2015.01.27 21:47:32.923,1.30602,1.30746,3.90,1.37
2015.01.27 21:47:32.980,1.30602,1.30746,4.65,1.37
2015.01.27 21:47:33.031,1.30603,1.30746,1.12,1.00
2015.01.27 21:47:33.132,1.30604,1.30746,1.75,1.37
2015.01.27 21:47:33.486,1.30604,1.30746,1.75,1.37
2015.01.27 21:47:34.021,1.30605,1.30746,1.00,1.37
2015.01.27 21:47:34.175,1.30604,1.30746,1.75,1.00
2015.01.27 21:47:34.884,1.30604,1.30746,1.75,1.00
2015.01.27 21:47:35.292,1.30605,1.30746,1.00,1.37
2015.01.27 21:47:35.445,1.30605,1.30746,1.12,1.37
2015.01.27 21:47:36.271,1.30608,1.30746,1.12,1.00
2015.01.27 21:47:38.175,1.30608,1.30746,1.12,1.67
2015.01.27 21:47:38.479,1.30595,1.30716,1.37,1.00
2015.01.27 21:47:38.530,1.30594,1.30716,1.00,1.00
2015.01.27 21:47:38.632,1.30592,1.30716,1.00,1.00
2015.01.27 21:47:38.784,1.30594,1.30694,2.32,1.70
2015.01.27 21:47:39.090,1.30614,1.30677,1.00,1.00
2015.01.27 21:47:47.316,1.30615,1.30678,1.00,1.00
2015.01.27 21:47:53.483,1.30614,1.30677,1.00,1.00
2015.01.27 21:48:00.301,1.30592,1.30714,1.50,1.99
2015.01.27 21:48:00.403,1.30592,1.30716,1.12,1.00
2015.01.27 21:48:00.512,1.30613,1.30675,1.00,0.75
2015.01.27 21:48:01.398,1.30606,1.30671,1.00,1.00
2015.01.27 21:48:04.338,1.30608,1.30671,1.00,1.00
2015.01.27 21:48:07.905,1.30605,1.30669,1.00,1.00
2015.01.27 21:48:09.765,1.30605,1.30668,1.00,1.00
2015.01.27 21:48:11.410,1.30604,1.30667,1.00,1.00
2015.01.27 21:48:17.880,1.30606,1.30669,1.00,1.00
2015.01.27 21:48:20.732,1.30608,1.30671,1.00,1.00
2015.01.27 21:48:24.600,1.30604,1.30667,1.00,1.00
2015.01.27 21:48:38.040,1.30604,1.30669,1.00,1.00
2015.01.27 21:48:38.217,1.30604,1.30667,1.00,1.00
2015.01.27 21:48:44.505,1.30601,1.30666,1.00,1.00
2015.01.27 21:48:44.708,1.30597,1.30662,1.00,1.00
2015.01.27 21:48:45.011,1.306,1.30665,1.00,1.00
2015.01.27 21:48:45.359,1.30603,1.30666,1.00,1.00
2015.01.27 21:48:45.874,1.30604,1.30667,1.00,1.00
2015.01.27 21:48:46.410,1.30603,1.30666,1.00,1.00
2015.01.27 21:49:01.900,1.30602,1.30665,1.00,1.00
2015.01.27 21:49:03.439,1.306,1.30665,1.00,1.00
2015.01.27 21:49:08.947,1.30598,1.30661,1.00,1.00
2015.01.27 21:49:11.770,1.30596,1.30661,1.00,1.00
2015.01.27 21:49:12.035,1.30599,1.30662,1.00,1.00
2015.01.27 21:49:12.137,1.30601,1.30666,1.00,1.00
2015.01.27 21:49:12.238,1.30599,1.30663,1.00,1.00
2015.01.27 21:49:14.416,1.30597,1.3066,1.00,1.00
2015.01.27 21:49:26.507,1.30598,1.30663,1.00,1.00
2015.01.27 21:49:26.659,1.30596,1.30661,1.00,1.00
2015.01.27 21:49:30.813,1.30597,1.3066,1.00,1.00
2015.01.27 21:49:34.685,1.30599,1.30662,1.00,1.00
2015.01.27 21:49:34.756,1.30596,1.30661,1.00,1.00
2015.01.27 21:49:39.160,1.30593,1.30656,1.00,1.00
2015.01.27 21:49:42.134,1.30592,1.30657,1.00,1.00
2015.01.27 21:49:42.606,1.30594,1.30657,1.00,1.00
2015.01.27 21:49:42.808,1.30596,1.30661,1.00,1.00
2015.01.27 21:49:50.495,1.30599,1.30662,1.00,1.00
2015.01.27 21:49:50.597,1.30596,1.30661,1.00,1.00
2015.01.27 21:49:52.809,1.306,1.30663,1.00,1.00
2015.01.27 21:50:00.276,1.30599,1.30662,1.00,1.00
2015.01.27 21:50:02.856,1.30599,1.30664,1.00,1.00
2015.01.27 21:50:09.959,1.306,1.30665,1.00,1.00
2015.01.27 21:50:10.328,1.30603,1.30666,1.00,1.00
2015.01.27 21:50:18.038,1.30601,1.30666,1.00,1.00
2015.01.27 21:50:18.343,1.30599,1.30662,1.00,1.00
2015.01.27 21:50:19.767,1.306,1.30663,1.00,1.00
2015.01.27 21:50:20.329,1.30594,1.30657,1.00,1.00
2015.01.27 21:50:21.215,1.30593,1.30656,1.00,1.00
2015.01.27 21:50:21.317,1.30589,1.30654,1.00,1.00
2015.01.27 21:50:22.324,1.30589,1.30652,1.00,1.00
2015.01.27 21:50:22.647,1.30587,1.30651,1.00,1.00
2015.01.27 21:50:23.717,1.30588,1.3065,1.00,1.00
2015.01.27 21:50:25.250,1.30586,1.3065,1.00,1.00
2015.01.27 21:50:25.510,1.30589,1.30652,1.00,1.00
2015.01.27 21:50:26.384,1.30588,1.30653,1.00,1.00
2015.01.27 21:50:26.721,1.30592,1.30655,1.00,1.00
2015.01.27 21:50:27.710,1.30593,1.30658,1.00,1.00
2015.01.27 21:50:28.549,1.30592,1.30657,1.00,1.00
2015.01.27 21:50:31.676,1.30591,1.30656,1.00,1.00
2015.01.27 21:50:31.777,1.30591,1.3065,1.00,1.00
2015.01.27 21:50:31.881,1.30583,1.30644,1.00,1.00
2015.01.27 21:50:31.982,1.30583,1.30644,1.50,1.00
2015.01.27 21:50:32.094,1.3058,1.30644,1.00,1.00
2015.01.27 21:50:32.196,1.30579,1.30637,1.00,1.00
2015.01.27 21:50:32.710,1.3058,1.30637,1.00,1.00
2015.01.27 21:50:34.643,1.30575,1.30637,1.00,1.00
2015.01.27 21:50:34.694,1.30575,1.3064,1.00,1.00
2015.01.27 21:50:34.745,1.30578,1.30641,1.00,1.00
2015.01.27 21:50:35.275,1.30579,1.30641,1.00,1.00
2015.01.27 21:50:36.849,1.30577,1.30641,1.00,1.00
2015.01.27 21:50:38.131,1.30575,1.3064,1.00,1.00
2015.01.27 21:50:38.485,1.30573,1.30638,1.00,1.00
2015.01.27 21:50:39.105,1.30573,1.30635,1.00,1.00
2015.01.27 21:50:39.415,1.30577,1.30635,1.00,1.00
2015.01.27 21:50:39.934,1.30576,1.30635,1.00,1.00
2015.01.27 21:50:40.882,1.30574,1.30635,1.00,1.00
2015.01.27 21:50:41.490,1.30574,1.30632,1.00,1.00
2015.01.27 21:50:41.750,1.30572,1.30632,1.00,1.00
2015.01.27 21:50:41.902,1.30577,1.30632,1.00,1.00
2015.01.27 21:50:42.422,1.30578,1.30632,1.00,1.00
2015.01.27 21:50:42.692,1.30582,1.3064,1.00,1.00
2015.01.27 21:50:43.444,1.30588,1.30651,1.75,1.00
2015.01.27 21:50:43.646,1.30613,1.30678,1.00,1.00
2015.01.27 21:50:43.849,1.3059,1.30693,1.82,2.04
2015.01.27 21:50:43.900,1.30588,1.30693,1.00,1.00
2015.01.27 21:50:44.001,1.30581,1.30693,1.37,1.00
2015.01.27 21:50:44.052,1.30573,1.30693,5.40,1.00
2015.01.27 21:50:44.103,1.3059,1.30672,1.74,1.00
2015.01.27 21:50:44.406,1.30602,1.30665,1.00,1.00
2015.01.27 21:50:44.507,1.30592,1.30657,1.00,1.00
2015.01.27 21:50:44.765,1.30582,1.30672,1.37,1.37
2015.01.27 21:50:44.816,1.30582,1.30674,1.00,1.56
2015.01.27 21:50:45.126,1.30592,1.30655,1.00,1.00
2015.01.27 21:50:45.269,1.30589,1.30654,1.00,1.00
2015.01.27 21:50:46.397,1.30594,1.30657,1.00,1.00
2015.01.27 21:50:46.730,1.30579,1.30681,1.87,1.68
2015.01.27 21:50:46.781,1.30583,1.3069,1.42,1.29
2015.01.27 21:50:46.832,1.30602,1.30667,1.00,1.00
2015.01.27 21:50:47.918,1.30604,1.30669,1.00,1.00
2015.01.27 21:50:51.246,1.30603,1.30666,1.00,1.00
2015.01.27 21:50:54.305,1.30578,1.30698,1.37,1.00
2015.01.27 21:50:54.910,1.30576,1.30698,1.37,1.00
2015.01.27 21:50:55.194,1.30575,1.30698,1.37,1.00
2015.01.27 21:50:55.499,1.30605,1.3067,1.00,1.00
2015.01.27 21:50:56.419,1.30607,1.30672,1.00,1.00
2015.01.27 21:50:58.033,1.30601,1.30666,1.00,1.00
2015.01.27 21:50:58.337,1.30599,1.30664,1.00,1.00
2015.01.27 21:50:59.482,1.30599,1.30662,1.00,1.00
2015.01.27 21:51:04.519,1.30597,1.30662,1.00,1.00
2015.01.27 21:51:10.459,1.30596,1.30661,1.00,1.00
2015.01.27 21:51:14.312,1.30596,1.30659,1.00,1.00
2015.01.27 21:51:24.237,1.30596,1.30661,1.00,1.00
2015.01.27 21:51:51.157,1.30596,1.30659,1.00,1.00
2015.01.27 21:52:00.446,1.30596,1.30659,1.00,1.37
2015.01.27 21:52:00.548,1.30585,1.3065,1.00,1.00
2015.01.27 21:52:02.425,1.30573,1.30668,1.37,1.01
2015.01.27 21:52:02.476,1.30573,1.30664,1.37,1.09
2015.01.27 21:52:02.847,1.30583,1.30648,1.00,1.00
2015.01.27 21:52:04.093,1.30582,1.30645,1.00,1.00
2015.01.27 21:52:06.359,1.30579,1.30642,1.00,1.00
2015.01.27 21:52:09.789,1.30577,1.30641,1.00,1.00
2015.01.27 21:52:28.123,1.30575,1.3064,1.00,1.00
2015.01.27 21:52:28.733,1.30578,1.3064,1.00,1.00
2015.01.27 21:52:33.307,1.30575,1.3064,1.00,1.00
2015.01.27 21:52:34.617,1.30577,1.30642,1.00,1.00
2015.01.27 21:52:44.516,1.30576,1.30641,1.00,1.00
2015.01.27 21:52:52.096,1.30578,1.30641,1.00,1.00
2015.01.27 21:52:58.256,1.30577,1.3064,1.00,1.00
2015.01.27 21:53:02.005,1.30575,1.30637,1.00,1.00
2015.01.27 21:53:03.437,1.30573,1.30636,1.00,1.00
2015.01.27 21:53:10.380,1.30572,1.30637,1.00,1.00
2015.01.27 21:53:12.711,1.30571,1.30634,1.00,1.00
2015.01.27 21:53:13.019,1.30569,1.30632,1.00,1.00
2015.01.27 21:53:13.120,1.30569,1.30634,1.00,1.00
2015.01.27 21:53:13.623,1.30568,1.30633,1.00,1.00
2015.01.27 21:53:16.296,1.3057,1.30633,1.00,1.00
2015.01.27 21:53:16.802,1.30569,1.30632,1.00,1.00
2015.01.27 21:53:17.107,1.30564,1.30627,1.00,1.00
2015.01.27 21:53:17.636,1.30566,1.30629,1.00,1.00
2015.01.27 21:53:18.178,1.30567,1.30632,1.00,1.00
2015.01.27 21:53:22.498,1.30564,1.30629,1.00,1.00
2015.01.27 21:53:24.129,1.30566,1.30631,1.00,1.00
2015.01.27 21:53:26.983,1.30568,1.30631,1.00,1.00
2015.01.27 21:53:38.448,1.30567,1.30632,1.00,1.00
2015.01.27 21:53:38.766,1.30565,1.3063,1.00,1.00
2015.01.27 21:53:41.404,1.30567,1.30632,1.00,1.00
2015.01.27 21:53:41.758,1.30566,1.30629,1.00,1.00
2015.01.27 21:53:50.182,1.30565,1.3063,1.00,1.00
2015.01.27 21:53:52.379,1.30568,1.30631,1.00,1.00
2015.01.27 21:53:52.531,1.30565,1.3063,1.00,1.00
2015.01.27 21:53:54.604,1.30567,1.30632,1.00,1.00
2015.01.27 21:53:54.910,1.30566,1.30629,1.00,1.00
2015.01.27 21:54:11.976,1.30563,1.30627,1.00,1.00
2015.01.27 21:54:12.178,1.30561,1.30626,1.00,1.00
2015.01.27 21:54:16.620,1.30562,1.30627,1.00,1.00
2015.01.27 21:54:25.622,1.30566,1.30629,1.00,1.00
2015.01.27 21:54:27.062,1.30568,1.3063,1.00,1.00
2015.01.27 21:54:30.129,1.30564,1.30627,1.00,1.00
2015.01.27 21:54:30.230,1.30561,1.30626,1.00,1.00
2015.01.27 21:54:30.747,1.3056,1.30625,1.00,1.00
2015.01.27 21:54:36.078,1.30562,1.30627,1.00,1.00
2015.01.27 21:54:46.964,1.3056,1.30623,1.00,1.00
2015.01.27 21:54:53.887,1.3056,1.30625,1.00,1.00
2015.01.27 21:54:55.762,1.30561,1.30624,1.00,1.00
2015.01.27 21:55:00.616,1.30559,1.30624,1.00,1.00
2015.01.27 21:55:01.476,1.30559,1.30622,1.00,1.00
2015.01.27 21:55:03.010,1.30561,1.30624,1.00,1.00
2015.01.27 21:55:04.234,1.30562,1.30625,1.00,1.00
2015.01.27 21:55:05.900,1.3055,1.30637,1.37,1.37
2015.01.27 21:55:05.951,1.3055,1.30637,1.37,1.37
2015.01.27 21:55:06.333,1.3056,1.30625,1.00,1.00
2015.01.27 21:55:40.849,1.3056,1.30623,1.00,1.00
2015.01.27 21:55:45.267,1.30558,1.30623,1.00,1.00
2015.01.27 21:55:50.408,1.30559,1.30622,1.00,1.00
2015.01.27 21:56:21.563,1.30556,1.3062,1.00,1.00
2015.01.27 21:56:22.777,1.30558,1.30623,1.00,1.00
2015.01.27 21:56:22.879,1.30556,1.3062,1.00,1.00
2015.01.27 21:56:35.788,1.30577,1.3062,1.00,1.00
2015.01.27 21:56:35.839,1.30577,1.30622,1.00,1.00
2015.01.27 21:56:36.011,1.30557,1.30622,1.00,1.00
2015.01.27 21:56:36.537,1.30554,1.30616,1.00,1.00
2015.01.27 21:56:36.742,1.30555,1.3062,1.00,1.00
2015.01.27 21:56:36.844,1.30558,1.30621,1.00,1.00
2015.01.27 21:56:38.153,1.30552,1.30615,1.00,1.00
2015.01.27 21:56:38.502,1.30547,1.30607,1.00,1.00
2015.01.27 21:56:38.705,1.30552,1.30615,1.00,1.00
2015.01.27 21:56:38.756,1.30555,1.30615,1.00,1.00
2015.01.27 21:56:38.807,1.30555,1.30628,1.00,1.00
2015.01.27 21:56:38.858,1.30546,1.30628,1.00,1.00
2015.01.27 21:56:39.263,1.3055,1.30628,1.00,1.00
2015.01.27 21:56:39.466,1.30548,1.30628,1.00,1.00
2015.01.27 21:56:45.401,1.30546,1.30628,1.00,1.00
2015.01.27 21:56:45.553,1.30551,1.30627,1.00,1.00
2015.01.27 21:56:45.756,1.30546,1.30627,1.00,1.37
2015.01.27 21:56:45.857,1.30551,1.30613,1.00,1.00
2015.01.27 21:57:01.032,1.30551,1.30614,1.00,1.00
2015.01.27 21:57:01.509,1.30554,1.30613,1.00,1.00
2015.01.27 21:57:02.529,1.30554,1.30614,1.00,1.00
2015.01.27 21:57:04.255,1.30552,1.30614,1.00,1.00
2015.01.27 21:57:04.824,1.30552,1.30613,1.00,1.00
2015.01.27 21:57:05.026,1.30552,1.30617,1.00,1.00
2015.01.27 21:57:05.180,1.30552,1.30613,1.00,1.00
2015.01.27 21:57:05.683,1.30552,1.30614,1.00,1.00
2015.01.27 21:57:10.650,1.30552,1.30609,1.00,1.00
2015.01.27 21:57:10.702,1.30548,1.30609,1.00,1.00
2015.01.27 21:57:10.854,1.30545,1.30608,1.00,1.00
2015.01.27 21:57:11.057,1.30545,1.3061,1.00,1.00
2015.01.27 21:57:15.461,1.3054,1.30605,1.00,1.00
2015.01.27 21:57:15.765,1.30536,1.30598,1.00,1.00
2015.01.27 21:57:21.302,1.30532,1.30597,1.00,1.00
2015.01.27 21:57:21.403,1.3053,1.30593,1.00,1.00
2015.01.27 21:57:23.396,1.3053,1.30593,1.37,1.00
2015.01.27 21:57:23.598,1.3053,1.30593,1.00,1.00
2015.01.27 21:57:24.608,1.30527,1.30592,1.00,1.00
2015.01.27 21:57:24.721,1.30525,1.30588,1.00,1.00
2015.01.27 21:57:25.334,1.30524,1.30587,1.00,1.00
2015.01.27 21:57:25.587,1.305,1.3058,1.06,1.00
2015.01.27 21:57:25.638,1.305,1.30577,1.06,1.00
2015.01.27 21:57:25.689,1.30483,1.30558,1.00,1.00
2015.01.27 21:57:25.791,1.30477,1.30558,1.00,1.00
2015.01.27 21:57:25.892,1.30476,1.30553,1.00,1.00
2015.01.27 21:57:26.196,1.3051,1.30552,0.75,1.00
2015.01.27 21:57:26.399,1.30429,1.30552,1.37,1.00
2015.01.27 21:57:26.904,1.30468,1.30552,1.00,1.00
2015.01.27 21:57:27.207,1.30443,1.30553,1.00,1.00
2015.01.27 21:57:27.309,1.3043,1.30553,1.37,1.00
2015.01.27 21:57:29.644,1.30472,1.30553,1.00,1.00
2015.01.27 21:57:29.695,1.30472,1.30565,1.00,1.50
2015.01.27 21:57:29.951,1.30469,1.30565,1.00,1.00
2015.01.27 21:57:30.157,1.30475,1.30565,1.00,1.00
2015.01.27 21:57:30.923,1.30477,1.30565,1.00,1.50
2015.01.27 21:57:33.171,1.30476,1.30569,1.00,2.32
2015.01.27 21:57:34.106,1.30476,1.30569,1.00,2.32
2015.01.27 21:57:34.870,1.30475,1.30569,1.00,2.32
2015.01.27 21:57:35.379,1.30474,1.30569,1.00,2.32
2015.01.27 21:57:35.889,1.30474,1.30569,1.00,2.32
2015.01.27 21:57:36.243,1.30474,1.30569,1.00,2.32
2015.01.27 21:57:36.880,1.30475,1.30569,1.00,1.95
2015.01.27 21:57:37.250,1.30473,1.30569,1.00,1.95
2015.01.27 21:57:37.861,1.30474,1.30569,1.00,2.32
2015.01.27 21:57:38.267,1.30474,1.30569,1.00,2.32
2015.01.27 21:57:38.590,1.30428,1.30569,1.00,2.32
2015.01.27 21:57:38.665,1.3047,1.30569,1.00,2.32
2015.01.27 21:57:38.716,1.3047,1.30569,1.00,1.95
2015.01.27 21:57:38.766,1.30473,1.30569,1.00,1.95
2015.01.27 21:57:40.588,1.30475,1.30569,1.00,1.95
2015.01.27 21:57:41.925,1.30459,1.30569,1.00,1.95
2015.01.27 21:57:42.896,1.30432,1.30569,1.00,1.95
2015.01.27 21:57:43.249,1.30422,1.30569,1.12,1.95
2015.01.27 21:57:43.350,1.30471,1.30569,1.00,1.95
2015.01.27 21:57:43.452,1.30469,1.30569,1.00,1.95
2015.01.27 21:57:43.553,1.30475,1.30569,1.00,1.95
2015.01.27 21:57:43.654,1.30473,1.30569,1.00,1.95
2015.01.27 21:57:44.565,1.30474,1.30569,1.00,1.95
2015.01.27 21:57:44.768,1.30457,1.30569,1.00,1.95
2015.01.27 21:57:45.833,1.30456,1.30581,1.00,1.95
2015.01.27 21:57:47.548,1.3043,1.30581,1.95,1.95
2015.01.27 21:57:48.676,1.3043,1.30581,2.32,1.95
2015.01.27 21:57:49.166,1.30477,1.30581,1.00,1.95
2015.01.27 21:57:49.791,1.30465,1.30581,1.00,1.95
2015.01.27 21:57:49.893,1.30452,1.30581,1.00,1.95
2015.01.27 21:57:49.971,1.30443,1.30581,1.00,1.95
2015.01.27 21:57:51.048,1.30443,1.30581,1.00,2.32
2015.01.27 21:57:51.380,1.30441,1.30581,1.00,2.32
2015.01.27 21:57:52.015,1.30441,1.30581,1.00,2.32
2015.01.27 21:57:52.066,1.30441,1.30581,1.00,1.95
2015.01.27 21:57:52.603,1.30443,1.30581,1.00,1.95
2015.01.27 21:57:53.130,1.30444,1.30581,1.00,1.95
2015.01.27 21:57:54.538,1.30436,1.30581,1.37,1.95
2015.01.27 21:57:55.196,1.30436,1.30581,1.12,1.95
2015.01.27 21:57:55.711,1.3043,1.30581,2.32,1.95
2015.01.27 21:57:56.319,1.3043,1.30581,2.32,1.95
2015.01.27 21:57:57.127,1.3043,1.30581,2.32,1.95
2015.01.27 21:57:57.333,1.3047,1.30581,1.00,2.32
2015.01.27 21:57:57.869,1.30471,1.30581,1.00,2.32
2015.01.27 21:57:58.403,1.30471,1.30581,1.00,1.95
2015.01.27 21:57:58.860,1.30469,1.30581,1.00,1.95
2015.01.27 21:57:59.270,1.30474,1.30581,1.00,1.95
2015.01.27 21:58:00.490,1.30475,1.30581,1.00,1.95
2015.01.27 21:58:00.780,1.30467,1.30581,1.00,1.95
2015.01.27 21:58:01.881,1.30466,1.30581,1.00,1.95
2015.01.27 21:58:04.062,1.30465,1.30581,1.00,1.95
2015.01.27 21:58:04.414,1.30524,1.30581,1.00,1.95
2015.01.27 21:58:04.465,1.30524,1.3059,1.00,1.05
2015.01.27 21:58:04.516,1.30508,1.30606,1.95,2.22
2015.01.27 21:58:04.617,1.30516,1.30615,2.00,1.00
2015.01.27 21:58:04.668,1.30482,1.30618,1.00,1.37
2015.01.27 21:58:05.639,1.30482,1.30607,1.00,1.95
2015.01.27 21:58:07.314,1.30481,1.30607,1.00,3.90
2015.01.27 21:58:08.176,1.30481,1.30607,1.00,4.27
2015.01.27 21:58:08.482,1.30483,1.30607,1.00,4.27
2015.01.27 21:58:09.091,1.30483,1.30607,1.00,4.27
2015.01.27 21:58:09.293,1.30483,1.30607,1.00,4.27
2015.01.27 21:58:09.394,1.30477,1.30607,1.00,4.27
2015.01.27 21:58:09.445,1.30463,1.30607,1.00,4.27
2015.01.27 21:58:09.546,1.30456,1.30607,3.90,4.27
2015.01.27 21:58:10.520,1.30456,1.30607,3.90,4.27
2015.01.27 21:58:11.256,1.30456,1.30607,3.90,4.27
2015.01.27 21:58:11.979,1.30456,1.30607,3.90,4.27
2015.01.27 21:58:12.489,1.30456,1.30607,3.90,4.27
2015.01.27 21:58:13.550,1.30456,1.30607,3.90,4.27
2015.01.27 21:58:14.448,1.30456,1.30607,4.27,4.27
2015.01.27 21:58:14.972,1.30456,1.30607,3.90,4.27
2015.01.27 21:58:15.582,1.30456,1.30607,4.27,4.27
2015.01.27 21:58:15.998,1.30482,1.30607,1.00,4.27
2015.01.27 21:58:16.544,1.30482,1.30607,1.00,4.27
2015.01.27 21:58:17.469,1.3048,1.30607,1.00,4.27
2015.01.27 21:58:17.520,1.3048,1.30607,1.00,4.27
2015.01.27 21:58:18.058,1.30481,1.30607,1.00,4.27
2015.01.27 21:58:18.563,1.3048,1.30607,1.00,4.27
2015.01.27 21:58:18.870,1.30482,1.30607,1.00,4.27
2015.01.27 21:58:19.481,1.30482,1.30607,1.00,4.27
2015.01.27 21:58:19.538,1.30482,1.30607,1.00,4.27
2015.01.27 21:58:19.639,1.30479,1.30607,1.00,4.27
2015.01.27 21:58:19.993,1.30484,1.30607,1.00,4.27
2015.01.27 21:58:20.198,1.3048,1.30607,1.00,4.27
2015.01.27 21:58:20.542,1.30487,1.30607,1.00,4.27
2015.01.27 21:58:20.863,1.30487,1.30607,1.00,4.27
2015.01.27 21:58:21.509,1.30487,1.30607,1.00,4.27
2015.01.27 21:58:21.860,1.30489,1.30607,1.00,4.27
2015.01.27 21:58:22.494,1.30489,1.30607,1.00,4.27
2015.01.27 21:58:22.750,1.30482,1.30607,1.00,4.27
2015.01.27 21:58:23.261,1.30482,1.30607,1.00,4.27
2015.01.27 21:58:23.949,1.30493,1.30607,1.00,4.27
2015.01.27 21:58:24.253,1.30498,1.30607,1.00,4.27
2015.01.27 21:58:24.303,1.30498,1.30607,1.00,4.27
2015.01.27 21:58:24.354,1.30483,1.30607,1.00,4.27
2015.01.27 21:58:24.505,1.30483,1.30607,1.00,4.27
2015.01.27 21:58:24.556,1.30481,1.30607,1.00,4.27
2015.01.27 21:58:24.738,1.30484,1.30607,1.00,4.27
2015.01.27 21:58:25.142,1.30472,1.30607,1.00,4.27
2015.01.27 21:58:25.629,1.30472,1.30607,1.00,4.27
2015.01.27 21:58:25.680,1.30472,1.30601,1.00,1.95
2015.01.27 21:58:27.455,1.30497,1.30601,1.00,3.90
2015.01.27 21:58:28.060,1.30498,1.30601,1.00,3.90
2015.01.27 21:58:28.372,1.30496,1.30601,1.00,4.27
2015.01.27 21:58:28.678,1.3049,1.30601,1.00,4.27
2015.01.27 21:58:28.779,1.30481,1.30601,1.00,4.27
2015.01.27 21:58:29.109,1.30481,1.30601,1.00,3.90
2015.01.27 21:58:30.920,1.30469,1.30601,1.00,3.90
2015.01.27 21:58:31.122,1.30467,1.30601,1.00,3.90
2015.01.27 21:58:31.227,1.30467,1.30601,1.00,4.27
2015.01.27 21:58:32.557,1.30467,1.30601,1.00,3.90
2015.01.27 21:58:33.620,1.30465,1.30601,1.00,3.90
2015.01.27 21:58:34.843,1.3048,1.30601,1.00,3.90
2015.01.27 21:58:36.048,1.30497,1.30601,1.00,3.90
2015.01.27 21:58:36.563,1.30498,1.30601,1.00,3.90
2015.01.27 21:58:38.945,1.30482,1.30601,1.00,3.90
2015.01.27 21:58:39.147,1.3048,1.30601,1.00,3.90
2015.01.27 21:58:39.730,1.30481,1.30601,1.00,3.90
2015.01.27 21:58:45.475,1.30478,1.30601,1.00,3.90
2015.01.27 21:58:45.788,1.30466,1.30601,1.00,3.90
2015.01.27 21:58:46.493,1.30481,1.30601,1.00,3.90
2015.01.27 21:58:47.030,1.3048,1.30601,1.00,3.90
2015.01.27 21:58:47.758,1.3048,1.30607,1.95,1.05
2015.01.27 21:58:47.809,1.30524,1.30607,0.75,1.05
2015.01.27 21:58:47.864,1.30524,1.3063,1.00,1.37
2015.01.27 21:58:47.965,1.30524,1.30634,1.00,1.37
2015.01.27 21:58:48.504,1.30524,1.30641,1.00,1.75
2015.01.27 21:58:49.016,1.30524,1.3064,1.00,1.75
2015.01.27 21:58:49.630,1.30524,1.30642,1.00,1.12
2015.01.27 21:58:50.458,1.30524,1.30642,1.00,1.12
2015.01.27 21:58:50.635,1.30524,1.30642,1.00,1.12
2015.01.27 21:58:51.279,1.30524,1.30642,1.00,1.12
2015.01.27 21:58:52.059,1.30524,1.30642,1.00,1.12
2015.01.27 21:58:52.567,1.30524,1.30642,1.00,1.12
2015.01.27 21:58:53.598,1.30524,1.30642,1.00,1.12
2015.01.27 21:58:54.109,1.30524,1.30642,1.00,1.12
2015.01.27 21:58:54.647,1.30524,1.30642,1.00,1.12
2015.01.27 21:58:54.806,1.3053,1.30642,1.00,1.12
2015.01.27 21:58:55.349,1.3053,1.30642,1.00,1.12
2015.01.27 21:58:56.226,1.3053,1.30642,1.00,1.12
2015.01.27 21:58:56.632,1.30518,1.30642,1.00,1.12
2015.01.27 21:58:56.735,1.30518,1.30642,1.00,1.12
2015.01.27 21:58:57.242,1.30518,1.30642,1.00,1.12
2015.01.27 21:58:57.802,1.30521,1.30642,1.00,1.12
2015.01.27 21:58:57.853,1.30522,1.30642,1.00,1.12
2015.01.27 21:58:57.904,1.30517,1.30642,1.87,1.12
2015.01.27 21:58:58.408,1.30517,1.30642,1.87,1.12
2015.01.27 21:58:58.510,1.30519,1.30642,1.00,1.12
2015.01.27 21:58:58.918,1.30519,1.30642,1.00,1.12
2015.01.27 21:58:59.686,1.30518,1.30642,1.00,1.12
2015.01.27 21:59:00.219,1.30517,1.30651,1.12,1.75
2015.01.27 21:59:00.321,1.30517,1.30647,1.37,1.12
2015.01.27 21:59:00.864,1.30517,1.30647,1.00,1.12
2015.01.27 21:59:01.339,1.30516,1.3065,1.00,1.37
2015.01.27 21:59:01.440,1.30507,1.30655,1.37,2.32
2015.01.27 21:59:01.558,1.30504,1.30655,1.95,2.32
2015.01.27 21:59:11.964,1.30515,1.30625,1.95,0.37
2015.01.27 21:59:12.810,1.30515,1.30624,1.95,0.37
2015.01.27 21:59:13.260,1.3052,1.30624,1.95,0.37
