2014.05.12 17:00:00.206,1.15016,1.1503,1.00,1.00
2014.05.12 17:00:00.777,1.15015,1.1503,1.25,1.00
2014.05.12 17:00:04.932,1.15015,1.1503,1.25,1.38
2014.05.12 17:00:05.236,1.15014,1.15028,1.00,1.62
2014.05.12 17:00:05.704,1.15018,1.15027,1.00,1.00
2014.05.12 17:00:05.755,1.15018,1.1503,1.00,1.69
2014.05.12 17:00:05.806,1.15014,1.1503,2.07,1.69
2014.05.12 17:00:09.659,1.15014,1.1503,2.37,1.88
2014.05.12 17:00:11.359,1.15013,1.15028,1.43,3.34
2014.05.12 17:00:11.865,1.15013,1.15026,1.00,1.00
2014.05.12 17:00:12.521,1.15011,1.15026,1.38,1.25
2014.05.12 17:00:13.459,1.15013,1.15026,1.15,1.00
2014.05.12 17:00:13.510,1.15013,1.15028,1.99,1.00
2014.05.12 17:00:14.050,1.15014,1.1503,1.50,1.19
2014.05.12 17:00:17.292,1.15014,1.15027,1.50,1.15
2014.05.12 17:00:18.191,1.15014,1.15029,1.00,1.53
2014.05.12 17:00:18.749,1.15014,1.15029,1.13,1.15
2014.05.12 17:00:19.366,1.15013,1.15027,1.88,1.25
2014.05.12 17:00:19.669,1.15013,1.15026,1.00,1.05
2014.05.12 17:00:23.591,1.15018,1.15026,1.00,1.24
2014.05.12 17:00:24.029,1.15013,1.15027,1.00,1.99
2014.05.12 17:00:25.579,1.15013,1.15027,1.00,1.62
2014.05.12 17:00:26.561,1.15011,1.15027,2.07,1.25
2014.05.12 17:00:27.445,1.15013,1.15027,1.00,1.25
2014.05.12 17:00:30.496,1.15012,1.15027,1.32,1.62
2014.05.12 17:00:31.631,1.15012,1.15027,1.32,1.00
2014.05.12 17:00:32.703,1.15012,1.15027,1.32,1.00
2014.05.12 17:00:36.060,1.15013,1.15027,1.00,1.25
2014.05.12 17:00:36.899,1.15012,1.15027,1.99,1.25
2014.05.12 17:00:37.570,1.15013,1.15027,1.25,1.00
2014.05.12 17:00:41.300,1.15013,1.15027,1.00,1.99
2014.05.12 17:00:41.860,1.15013,1.15025,1.00,1.00
2014.05.12 17:00:48.558,1.15011,1.15025,1.00,1.25
2014.05.12 17:00:50.675,1.15011,1.15025,1.62,1.00
2014.05.12 17:00:51.436,1.15013,1.15025,1.00,1.00
2014.05.12 17:00:52.094,1.15011,1.15025,1.62,1.00
2014.05.12 17:00:56.999,1.15009,1.15025,2.82,1.00
2014.05.12 17:00:57.504,1.15012,1.15025,1.43,1.00
2014.05.12 17:00:58.014,1.15013,1.15025,1.50,1.00
2014.05.12 17:01:27.918,1.15014,1.15025,1.15,1.00
2014.05.12 17:01:28.020,1.15015,1.15027,1.00,1.50
2014.05.12 17:01:28.842,1.15015,1.15027,1.00,1.19
2014.05.12 17:01:28.892,1.15015,1.15022,1.00,1.00
2014.05.12 17:01:28.994,1.15013,1.15022,1.43,1.00
2014.05.12 17:01:29.196,1.1501,1.15022,1.62,1.00
2014.05.12 17:01:29.248,1.1501,1.15025,1.62,1.19
2014.05.12 17:01:29.349,1.1501,1.15025,1.93,1.19
2014.05.12 17:01:29.450,1.15013,1.15026,1.00,1.00
2014.05.12 17:01:29.999,1.15013,1.15027,1.00,1.25
2014.05.12 17:01:30.530,1.15014,1.15027,2.25,1.00
2014.05.12 17:01:43.448,1.15014,1.15027,1.99,1.50
2014.05.12 17:01:45.860,1.15014,1.15027,2.74,1.50
2014.05.12 17:01:46.113,1.15016,1.15027,1.87,1.00
2014.05.12 17:01:47.279,1.15015,1.15027,2.74,1.00
2014.05.12 17:01:47.938,1.15018,1.15027,1.00,1.00
2014.05.12 17:01:58.039,1.15015,1.15027,1.00,1.00
2014.05.12 17:02:01.034,1.15018,1.15027,1.00,1.00
2014.05.12 17:02:06.186,1.15014,1.15027,1.19,1.00
2014.05.12 17:02:10.248,1.15014,1.15027,1.25,1.00
2014.05.12 17:02:10.784,1.15015,1.15027,1.19,1.00
2014.05.12 17:02:11.875,1.15018,1.15027,1.00,1.00
2014.05.12 17:02:14.958,1.15015,1.15027,1.32,1.00
2014.05.12 17:02:15.497,1.15015,1.15027,1.99,1.00
2014.05.12 17:02:16.048,1.15018,1.15027,1.00,1.00
2014.05.12 17:02:19.097,1.15017,1.15027,1.15,1.00
2014.05.12 17:02:19.148,1.15017,1.15027,1.24,1.00
2014.05.12 17:02:32.120,1.15018,1.15032,1.93,1.50
2014.05.12 17:02:43.057,1.15018,1.15032,1.87,1.88
2014.05.12 17:02:43.209,1.15017,1.15027,2.37,1.00
2014.05.12 17:02:43.361,1.15016,1.15027,1.15,1.00
2014.05.12 17:02:44.082,1.15012,1.15027,1.69,1.32
2014.05.12 17:02:44.154,1.15012,1.15025,2.37,1.00
2014.05.12 17:02:44.457,1.15011,1.15022,1.68,1.00
2014.05.12 17:02:44.761,1.15009,1.15022,1.19,1.00
2014.05.12 17:02:44.933,1.15009,1.15019,1.19,1.00
2014.05.12 17:02:45.469,1.15008,1.15019,1.62,1.00
2014.05.12 17:02:46.948,1.15008,1.15019,2.37,1.00
2014.05.12 17:02:47.633,1.15008,1.15019,2.37,1.00
2014.05.12 17:02:51.897,1.15008,1.15019,1.87,1.00
2014.05.12 17:02:51.998,1.15008,1.15021,2.37,1.00
2014.05.12 17:02:54.017,1.1501,1.15021,1.87,1.00
2014.05.12 17:02:54.169,1.15009,1.15023,2.37,1.00
2014.05.12 17:02:54.320,1.15009,1.15023,2.37,1.00
2014.05.12 17:02:54.421,1.1501,1.15021,1.19,1.00
2014.05.12 17:02:54.775,1.15009,1.15021,1.15,1.00
2014.05.12 17:03:01.717,1.15008,1.15021,1.25,1.68
2014.05.12 17:03:02.233,1.15007,1.15019,1.24,1.00
2014.05.12 17:03:03.198,1.15007,1.15019,1.05,1.00
2014.05.12 17:03:05.290,1.15007,1.15019,1.24,1.00
2014.05.12 17:03:06.894,1.15007,1.15019,1.24,1.00
2014.05.12 17:03:08.624,1.15006,1.15019,1.99,1.00
2014.05.12 17:03:11.508,1.15007,1.15019,1.15,1.00
2014.05.12 17:03:13.015,1.15006,1.15019,1.99,1.00
2014.05.12 17:03:14.615,1.15007,1.15019,1.15,1.00
2014.05.12 17:03:21.183,1.15007,1.15019,2.37,1.00
2014.05.12 17:03:22.636,1.15007,1.15019,1.25,1.00
2014.05.12 17:03:23.276,1.15008,1.15019,1.00,1.00
2014.05.12 17:03:32.562,1.15008,1.15019,1.19,1.00
2014.05.12 17:03:38.280,1.15008,1.15019,1.00,1.00
2014.05.12 17:03:42.029,1.15007,1.15019,1.62,1.00
2014.05.12 17:03:42.907,1.15007,1.15019,1.62,1.00
2014.05.12 17:03:46.704,1.15007,1.15019,2.37,1.00
2014.05.12 17:03:46.806,1.15007,1.15019,1.62,1.00
2014.05.12 17:03:46.908,1.15006,1.15016,1.32,1.00
2014.05.12 17:03:47.438,1.15005,1.15016,1.93,1.00
2014.05.12 17:03:53.224,1.15005,1.15016,1.99,1.00
2014.05.12 17:03:58.764,1.15007,1.15016,1.68,1.00
2014.05.12 17:04:02.442,1.15008,1.15019,1.00,1.00
2014.05.12 17:04:02.574,1.15008,1.15017,1.00,1.00
2014.05.12 17:04:02.889,1.15008,1.15019,1.68,1.00
2014.05.12 17:04:13.853,1.15008,1.15017,1.68,1.00
2014.05.12 17:04:15.552,1.15008,1.15019,2.37,1.00
2014.05.12 17:04:15.855,1.15008,1.15017,2.37,1.00
2014.05.12 17:04:17.866,1.15008,1.15017,2.18,1.00
2014.05.12 17:04:21.277,1.15007,1.15017,1.05,1.00
2014.05.12 17:04:26.074,1.15008,1.15017,1.00,1.00
2014.05.12 17:04:26.128,1.15006,1.15019,1.93,1.00
2014.05.12 17:04:26.657,1.15008,1.15019,1.50,1.00
2014.05.12 17:04:27.400,1.15008,1.15019,2.18,1.00
2014.05.12 17:04:41.797,1.15008,1.15017,1.00,1.00
2014.05.12 17:04:42.584,1.15007,1.15017,1.15,1.00
2014.05.12 17:04:49.234,1.15008,1.15017,1.00,1.00
2014.05.12 17:04:51.003,1.15006,1.15017,1.80,1.00
2014.05.12 17:04:54.121,1.15006,1.15021,1.80,1.19
2014.05.12 17:04:54.647,1.15008,1.15021,1.00,1.19
2014.05.12 17:04:55.277,1.15008,1.15021,1.00,1.25
2014.05.12 17:05:06.069,1.15006,1.15021,1.93,1.32
2014.05.12 17:05:08.821,1.15006,1.15021,1.68,1.32
2014.05.12 17:05:20.055,1.15006,1.15021,1.68,2.07
2014.05.12 17:05:20.920,1.15008,1.15021,1.00,2.07
2014.05.12 17:05:21.475,1.15008,1.15021,1.00,1.32
2014.05.12 17:05:22.162,1.15007,1.15017,1.00,1.00
2014.05.12 17:05:22.685,1.15008,1.15017,1.00,1.00
2014.05.12 17:05:22.842,1.15008,1.15021,1.00,1.25
2014.05.12 17:05:24.130,1.1501,1.15021,1.05,1.00
2014.05.12 17:05:24.181,1.15013,1.15023,1.87,1.50
2014.05.12 17:05:24.282,1.15013,1.15026,4.62,1.00
2014.05.12 17:05:24.832,1.15016,1.15026,1.68,1.00
2014.05.12 17:05:25.765,1.15016,1.15026,1.93,1.00
2014.05.12 17:05:28.107,1.15016,1.15026,1.68,1.00
2014.05.12 17:05:28.792,1.15016,1.15026,1.43,1.00
2014.05.12 17:05:36.802,1.15014,1.15026,1.50,1.00
2014.05.12 17:05:37.372,1.15013,1.15026,1.25,1.00
2014.05.12 17:05:41.586,1.15013,1.15024,1.25,1.00
2014.05.12 17:05:44.414,1.15013,1.15026,1.00,1.00
2014.05.12 17:05:47.164,1.15012,1.15026,1.19,1.68
2014.05.12 17:05:47.265,1.15011,1.15023,2.07,1.00
2014.05.12 17:05:47.468,1.15009,1.15023,1.57,1.00
2014.05.12 17:05:47.518,1.15009,1.15021,1.57,1.00
2014.05.12 17:05:55.543,1.15008,1.15021,3.87,1.00
2014.05.12 17:06:00.664,1.15013,1.15021,1.00,1.00
2014.05.12 17:06:01.902,1.15009,1.15021,1.32,1.00
2014.05.12 17:06:02.004,1.15008,1.15021,1.57,1.00
2014.05.12 17:06:02.157,1.15008,1.15019,1.19,1.00
2014.05.12 17:06:08.455,1.15008,1.15019,1.32,1.00
2014.05.12 17:06:08.506,1.15008,1.15022,1.32,1.00
2014.05.12 17:06:08.557,1.15009,1.15022,1.19,1.00
2014.05.12 17:06:09.165,1.1501,1.15025,1.25,1.25
2014.05.12 17:06:09.266,1.15013,1.15025,1.25,1.00
2014.05.12 17:06:11.030,1.15013,1.15025,1.69,1.00
2014.05.12 17:06:14.985,1.15013,1.15025,1.00,1.00
2014.05.12 17:06:15.502,1.15013,1.15025,1.19,1.00
2014.05.12 17:06:16.124,1.15013,1.15028,1.19,1.43
2014.05.12 17:06:16.757,1.15013,1.15028,1.25,1.62
2014.05.12 17:06:18.688,1.15013,1.15028,1.19,1.62
2014.05.12 17:06:21.207,1.15013,1.15028,3.57,1.43
2014.05.12 17:06:22.277,1.15014,1.15028,1.19,1.43
2014.05.12 17:06:23.234,1.15018,1.15028,1.00,1.00
2014.05.12 17:06:25.239,1.15018,1.1503,1.25,1.13
2014.05.12 17:06:27.392,1.15018,1.1503,1.19,1.13
2014.05.12 17:06:28.532,1.15018,1.1503,1.25,1.13
2014.05.12 17:06:33.141,1.15018,1.15028,1.25,1.00
2014.05.12 17:06:39.967,1.15018,1.1503,1.62,1.00
2014.05.12 17:06:41.320,1.15018,1.1503,2.37,1.00
2014.05.12 17:06:42.526,1.15018,1.1503,1.62,1.00
2014.05.12 17:06:43.776,1.15018,1.1503,1.62,1.00
2014.05.12 17:06:44.866,1.15018,1.1503,3.12,1.00
2014.05.12 17:06:47.942,1.15019,1.1503,1.19,1.00
2014.05.12 17:06:48.203,1.15019,1.15033,1.19,1.13
2014.05.12 17:06:48.304,1.15023,1.15033,1.00,1.00
2014.05.12 17:06:48.607,1.15026,1.15034,1.19,1.00
2014.05.12 17:06:48.658,1.15026,1.15037,1.19,1.00
2014.05.12 17:06:48.759,1.15028,1.15039,1.25,1.13
2014.05.12 17:06:48.911,1.15028,1.15037,1.25,1.00
2014.05.12 17:06:48.962,1.15025,1.15037,1.25,1.00
2014.05.12 17:06:49.365,1.15026,1.15039,1.62,1.13
2014.05.12 17:06:57.184,1.15025,1.15039,1.19,1.80
2014.05.12 17:06:57.285,1.15025,1.15036,1.19,1.00
2014.05.12 17:06:57.589,1.15026,1.15039,1.62,1.00
2014.05.12 17:06:58.008,1.15024,1.15039,1.93,1.32
2014.05.12 17:06:58.059,1.15024,1.15036,1.25,1.00
2014.05.12 17:06:58.362,1.15023,1.15033,1.69,1.00
2014.05.12 17:06:59.110,1.15023,1.15033,1.25,1.00
2014.05.12 17:07:08.716,1.15023,1.15033,1.63,1.00
2014.05.12 17:07:08.919,1.15025,1.15036,1.32,1.00
2014.05.12 17:07:09.459,1.15023,1.15036,2.44,1.43
2014.05.12 17:07:09.509,1.15023,1.15036,3.12,1.00
2014.05.12 17:07:09.823,1.15023,1.15036,3.12,1.00
2014.05.12 17:07:09.924,1.15023,1.15034,2.44,1.00
2014.05.12 17:07:15.446,1.1502,1.15034,1.25,1.68
2014.05.12 17:07:15.750,1.15021,1.15032,1.69,1.00
2014.05.12 17:07:15.851,1.15023,1.15035,1.25,1.13
2014.05.12 17:07:18.859,1.15022,1.15035,1.25,1.00
2014.05.12 17:07:19.374,1.15023,1.15035,1.00,1.00
2014.05.12 17:07:25.022,1.15023,1.15035,1.50,1.93
2014.05.12 17:07:25.123,1.15022,1.15032,1.00,1.43
2014.05.12 17:07:25.627,1.15023,1.15032,1.00,1.00
2014.05.12 17:07:26.130,1.15019,1.15032,2.07,1.00
2014.05.12 17:07:32.253,1.15019,1.1503,1.00,1.00
2014.05.12 17:07:32.556,1.15016,1.15027,1.25,1.00
2014.05.12 17:07:33.910,1.15015,1.15027,1.15,1.00
2014.05.12 17:07:35.867,1.15015,1.15027,1.24,1.00
2014.05.12 17:07:36.271,1.15018,1.15027,1.00,1.00
2014.05.12 17:07:53.611,1.15015,1.15027,1.62,1.00
2014.05.12 17:07:55.406,1.15014,1.15027,2.74,1.00
2014.05.12 17:07:55.709,1.15016,1.15027,1.99,1.00
2014.05.12 17:07:56.242,1.15018,1.1503,1.25,1.00
2014.05.12 17:08:05.933,1.15017,1.1503,1.32,1.00
2014.05.12 17:08:09.547,1.15017,1.1503,2.37,1.00
2014.05.12 17:08:11.253,1.15017,1.1503,1.25,1.00
2014.05.12 17:08:15.942,1.15016,1.1503,2.37,1.00
2014.05.12 17:08:17.147,1.15016,1.1503,2.37,1.00
2014.05.12 17:08:21.160,1.15016,1.1503,2.37,1.00
2014.05.12 17:08:34.516,1.15016,1.1503,1.69,1.00
2014.05.12 17:08:34.820,1.15018,1.15032,2.18,1.00
2014.05.12 17:08:35.330,1.15018,1.15033,2.93,1.25
2014.05.12 17:08:35.431,1.15021,1.15033,1.00,1.00
2014.05.12 17:08:36.309,1.15021,1.15034,1.00,1.00
2014.05.12 17:08:36.631,1.15021,1.15034,1.69,1.00
2014.05.12 17:08:36.783,1.15023,1.15037,1.25,1.00
2014.05.12 17:08:37.720,1.15022,1.15037,1.00,1.00
2014.05.12 17:08:40.261,1.15024,1.15037,1.00,1.32
2014.05.12 17:08:40.819,1.15024,1.15039,1.62,1.00
2014.05.12 17:08:41.811,1.15024,1.15039,1.93,1.00
2014.05.12 17:08:42.361,1.15026,1.15039,1.62,1.00
2014.05.12 17:08:42.513,1.15026,1.15041,1.69,1.15
2014.05.12 17:08:44.600,1.15026,1.15042,1.68,2.07
2014.05.12 17:08:44.802,1.15026,1.15041,1.50,1.19
2014.05.12 17:08:45.005,1.15026,1.15042,1.93,1.88
2014.05.12 17:08:45.941,1.15028,1.15042,1.00,1.13
2014.05.12 17:08:46.451,1.15029,1.15042,1.00,1.13
2014.05.12 17:08:49.242,1.15029,1.15042,1.00,1.80
2014.05.12 17:08:49.293,1.15027,1.15042,1.25,1.80
2014.05.12 17:08:49.803,1.15027,1.15042,1.25,1.88
2014.05.12 17:08:50.747,1.15027,1.15042,1.00,2.07
2014.05.12 17:08:56.411,1.15027,1.15042,1.62,1.13
2014.05.12 17:08:56.950,1.15028,1.15042,1.00,1.13
2014.05.12 17:09:00.320,1.15027,1.15042,1.25,2.55
2014.05.12 17:09:05.318,1.15027,1.15041,1.00,1.15
2014.05.12 17:09:06.026,1.15027,1.15039,1.00,1.00
2014.05.12 17:09:06.560,1.15028,1.15039,1.00,1.00
2014.05.12 17:09:07.065,1.15027,1.15039,1.25,1.00
2014.05.12 17:09:27.270,1.15027,1.15039,1.19,1.00
2014.05.12 17:09:29.575,1.15027,1.15039,1.25,1.00
2014.05.12 17:09:54.117,1.15027,1.15039,1.69,1.00
2014.05.12 17:09:57.531,1.15028,1.15042,2.44,1.00
2014.05.12 17:09:58.242,1.15028,1.15042,2.44,1.50
2014.05.12 17:09:59.347,1.15029,1.15042,1.15,1.00
2014.05.12 17:10:18.292,1.15028,1.15042,4.24,1.00
2014.05.12 17:10:23.848,1.15028,1.15042,3.57,1.00
2014.05.12 17:10:34.064,1.15028,1.15042,2.44,1.13
2014.05.12 17:10:41.526,1.15028,1.15042,1.69,1.13
2014.05.12 17:10:42.788,1.15028,1.15042,1.69,1.13
2014.05.12 17:10:43.151,1.15028,1.1504,1.69,1.00
2014.05.12 17:10:45.824,1.15028,1.1504,1.00,1.32
2014.05.12 17:10:46.804,1.15028,1.1504,1.00,1.13
2014.05.12 17:10:56.142,1.15027,1.1504,1.15,1.13
2014.05.12 17:11:04.049,1.15027,1.15038,1.15,1.00
2014.05.12 17:11:13.852,1.15025,1.15038,1.62,1.00
2014.05.12 17:11:14.326,1.15026,1.15035,1.25,1.00
2014.05.12 17:11:14.629,1.15028,1.15035,1.00,1.00
2014.05.12 17:11:15.744,1.15028,1.15037,1.50,1.00
2014.05.12 17:11:17.829,1.15026,1.15037,1.69,1.00
2014.05.12 17:11:18.450,1.15028,1.15037,1.00,1.00
2014.05.12 17:11:21.549,1.15026,1.15037,2.07,1.00
2014.05.12 17:11:22.069,1.15028,1.15037,1.00,1.00
2014.05.12 17:11:23.728,1.15026,1.15037,2.07,1.00
2014.05.12 17:11:23.968,1.15027,1.15037,1.62,1.00
2014.05.12 17:11:25.091,1.15026,1.15037,2.07,1.00
2014.05.12 17:11:25.192,1.15028,1.15037,1.00,1.00
2014.05.12 17:11:26.051,1.15026,1.15037,2.07,1.00
2014.05.12 17:11:26.515,1.15028,1.15037,1.00,1.00
2014.05.12 17:11:34.773,1.15028,1.15037,1.19,1.00
2014.05.12 17:11:38.583,1.15028,1.15037,1.25,1.00
2014.05.12 17:11:39.712,1.15028,1.15037,1.19,1.00
2014.05.12 17:11:44.100,1.15028,1.15037,1.25,1.00
2014.05.12 17:12:08.557,1.15028,1.15037,1.69,1.00
2014.05.12 17:12:13.597,1.15028,1.1504,1.69,1.00
2014.05.12 17:12:20.091,1.15028,1.1504,1.25,1.00
2014.05.12 17:12:21.203,1.15028,1.1504,1.19,1.00
2014.05.12 17:12:27.809,1.15028,1.1504,1.25,1.00
2014.05.12 17:12:33.921,1.15028,1.1504,1.19,1.00
2014.05.12 17:12:35.852,1.15028,1.15042,1.19,1.88
2014.05.12 17:12:37.030,1.15028,1.15042,1.25,1.88
2014.05.12 17:12:37.982,1.15028,1.15042,1.25,1.88
2014.05.12 17:12:47.563,1.15028,1.15042,1.19,1.88
2014.05.12 17:12:49.373,1.15028,1.15042,1.25,1.88
2014.05.12 17:12:50.862,1.15028,1.15042,1.25,1.13
2014.05.12 17:12:51.633,1.15028,1.15042,1.19,1.13
2014.05.12 17:12:58.201,1.15028,1.15042,1.69,1.13
2014.05.12 17:13:09.940,1.15027,1.15042,2.37,1.50
2014.05.12 17:13:13.760,1.15028,1.15042,1.19,1.50
2014.05.12 17:13:15.157,1.15027,1.15042,2.37,1.50
2014.05.12 17:13:28.794,1.15028,1.15042,1.69,1.00
2014.05.12 17:13:34.929,1.15028,1.15042,1.69,1.00
2014.05.12 17:13:35.871,1.15028,1.15044,1.69,3.34
2014.05.12 17:13:36.529,1.15028,1.15044,2.44,3.15
2014.05.12 17:13:46.259,1.15029,1.15045,1.69,1.38
2014.05.12 17:13:54.210,1.15028,1.15044,2.37,1.57
2014.05.12 17:13:55.017,1.15029,1.15045,1.00,2.82
2014.05.12 17:13:56.889,1.15029,1.15045,1.19,2.07
2014.05.12 17:14:06.287,1.15029,1.15044,1.19,1.05
2014.05.12 17:14:06.489,1.15029,1.15044,2.37,1.38
2014.05.12 17:14:07.459,1.15028,1.15044,2.44,4.02
2014.05.12 17:14:08.120,1.15028,1.15044,2.44,4.02
2014.05.12 17:14:19.661,1.15028,1.15044,1.25,3.34
2014.05.12 17:14:22.124,1.15028,1.15044,1.25,3.34
2014.05.12 17:14:22.429,1.15025,1.15032,1.00,1.38
2014.05.12 17:14:22.479,1.15018,1.15032,1.25,1.80
2014.05.12 17:14:23.086,1.15018,1.15032,1.19,1.38
2014.05.12 17:14:26.687,1.15018,1.15034,2.44,3.83
2014.05.12 17:14:27.788,1.15018,1.15034,1.69,4.02
2014.05.12 17:14:29.942,1.15018,1.15034,2.44,3.83
2014.05.12 17:14:31.929,1.15018,1.15034,2.44,3.83
2014.05.12 17:14:32.081,1.15018,1.15032,2.37,1.00
2014.05.12 17:14:32.182,1.15018,1.15034,3.12,3.15
2014.05.12 17:14:33.312,1.15018,1.15034,2.37,3.15
2014.05.12 17:14:33.431,1.15018,1.15034,2.37,3.15
2014.05.12 17:14:33.634,1.15016,1.15032,2.37,4.09
2014.05.12 17:14:33.685,1.15016,1.15031,1.19,1.38
2014.05.12 17:14:33.896,1.15013,1.15024,1.00,2.03
2014.05.12 17:14:34.048,1.15018,1.15025,1.00,1.00
2014.05.12 17:14:34.352,1.15018,1.15026,1.69,1.00
2014.05.12 17:14:34.734,1.15018,1.15031,1.69,1.13
2014.05.12 17:14:34.835,1.1502,1.15032,1.19,1.00
2014.05.12 17:14:34.937,1.1502,1.15034,1.87,1.13
2014.05.12 17:14:35.140,1.15018,1.15034,3.87,3.15
2014.05.12 17:14:35.241,1.15018,1.15034,3.87,3.15
2014.05.12 17:14:37.693,1.15017,1.15032,3.12,1.88
2014.05.12 17:14:40.297,1.15017,1.15032,1.19,2.55
2014.05.12 17:14:41.463,1.15018,1.15032,1.19,3.15
2014.05.12 17:14:47.103,1.15018,1.15032,1.25,3.15
2014.05.12 17:14:52.823,1.15018,1.15032,1.62,2.78
2014.05.12 17:14:54.596,1.15017,1.15032,1.32,1.50
2014.05.12 17:14:55.900,1.15016,1.15032,4.17,1.69
2014.05.12 17:14:56.217,1.1502,1.15032,1.93,1.00
2014.05.12 17:14:56.369,1.1502,1.15036,1.69,2.07
2014.05.12 17:14:56.470,1.1502,1.15036,2.37,2.07
2014.05.12 17:14:57.120,1.15023,1.15037,1.00,1.63
2014.05.12 17:15:01.903,1.15023,1.15037,1.25,1.00
2014.05.12 17:15:02.207,1.15026,1.15037,1.15,1.00
2014.05.12 17:15:03.139,1.15025,1.15037,3.12,1.00
2014.05.12 17:15:04.136,1.15026,1.15037,1.15,1.00
2014.05.12 17:15:04.288,1.15026,1.15041,1.15,1.32
2014.05.12 17:15:04.339,1.15026,1.15041,1.15,1.63
2014.05.12 17:15:05.042,1.15025,1.1504,1.00,1.57
2014.05.12 17:15:06.245,1.15025,1.15037,1.00,1.00
2014.05.12 17:15:10.075,1.15025,1.1504,1.00,2.07
2014.05.12 17:15:10.653,1.15025,1.15037,1.00,1.00
2014.05.12 17:15:11.615,1.15025,1.1504,1.00,2.07
2014.05.12 17:15:15.506,1.15025,1.15037,1.00,1.00
2014.05.12 17:15:16.265,1.15025,1.15037,1.00,1.38
2014.05.12 17:15:16.925,1.15025,1.15037,1.00,1.00
2014.05.12 17:15:20.077,1.15025,1.15037,1.00,1.38
2014.05.12 17:15:20.582,1.15022,1.15037,1.69,1.38
2014.05.12 17:15:21.268,1.15022,1.15037,1.25,1.63
2014.05.12 17:15:24.025,1.15023,1.15037,1.00,1.63
2014.05.12 17:15:33.659,1.15023,1.15037,1.19,1.38
2014.05.12 17:15:34.805,1.15023,1.15037,1.00,1.63
2014.05.12 17:15:38.180,1.15023,1.15037,1.00,1.57
2014.05.12 17:15:38.924,1.15022,1.15037,1.25,1.63
2014.05.12 17:15:40.156,1.15022,1.15036,1.25,1.05
2014.05.12 17:15:40.207,1.1502,1.15035,1.00,1.57
2014.05.12 17:15:41.186,1.15018,1.15034,1.69,4.02
2014.05.12 17:15:41.723,1.15018,1.15034,1.69,1.99
2014.05.12 17:15:43.005,1.15018,1.15034,1.69,1.99
2014.05.12 17:15:49.932,1.15018,1.15034,1.69,2.74
2014.05.12 17:16:08.251,1.15018,1.15032,1.25,1.00
2014.05.12 17:16:17.117,1.15017,1.15032,1.25,1.25
2014.05.12 17:16:17.167,1.15017,1.15032,1.25,1.63
2014.05.12 17:16:25.648,1.15018,1.15031,1.00,1.57
2014.05.12 17:16:26.284,1.15017,1.15031,1.00,1.57
2014.05.12 17:16:31.140,1.15017,1.1503,1.00,1.24
2014.05.12 17:16:34.560,1.15017,1.15031,1.00,1.57
2014.05.12 17:16:35.170,1.15018,1.15031,1.00,1.57
2014.05.12 17:16:39.167,1.15018,1.15032,1.00,2.74
2014.05.12 17:16:39.622,1.15018,1.15028,1.00,1.63
2014.05.12 17:16:40.388,1.15015,1.15028,1.00,2.07
2014.05.12 17:16:40.489,1.15013,1.15028,1.50,2.07
2014.05.12 17:16:49.264,1.15018,1.15028,1.93,1.00
2014.05.12 17:16:49.316,1.15019,1.15032,1.87,1.38
2014.05.12 17:16:49.470,1.15021,1.15034,1.00,1.38
2014.05.12 17:16:49.521,1.15021,1.15033,1.00,1.24
2014.05.12 17:16:50.027,1.15021,1.1503,1.00,1.05
2014.05.12 17:16:50.265,1.15014,1.1503,1.19,3.83
2014.05.12 17:16:50.801,1.15014,1.1503,1.25,4.02
2014.05.12 17:16:52.369,1.15016,1.15029,1.00,1.24
2014.05.12 17:16:52.875,1.15016,1.1503,1.00,1.05
2014.05.12 17:16:53.184,1.15016,1.15027,1.00,1.00
2014.05.12 17:16:53.235,1.15016,1.15029,1.00,1.05
2014.05.12 17:16:56.559,1.15015,1.15029,1.00,1.05
2014.05.12 17:17:01.415,1.15015,1.15031,1.43,1.19
2014.05.12 17:17:01.466,1.15017,1.15031,1.19,1.00
2014.05.12 17:17:01.770,1.15019,1.15031,1.00,1.99
2014.05.12 17:17:02.624,1.15018,1.15032,1.00,2.74
2014.05.12 17:17:08.276,1.15018,1.15032,1.25,2.74
2014.05.12 17:17:14.170,1.15018,1.15032,2.18,1.63
2014.05.12 17:17:14.322,1.1502,1.15034,1.43,2.07
2014.05.12 17:17:14.423,1.15021,1.15036,1.43,4.09
2014.05.12 17:17:14.474,1.15025,1.15036,1.68,1.38
2014.05.12 17:17:14.525,1.15025,1.15037,1.68,1.38
2014.05.12 17:17:14.829,1.15025,1.15037,1.68,1.38
2014.05.12 17:17:14.930,1.15025,1.15041,1.93,2.07
2014.05.12 17:17:15.132,1.15025,1.15041,1.93,1.57
2014.05.12 17:17:24.074,1.15027,1.15041,1.00,1.63
2014.05.12 17:17:25.466,1.15026,1.15041,1.00,1.57
2014.05.12 17:17:30.445,1.15024,1.15039,2.37,1.38
2014.05.12 17:17:30.954,1.15024,1.15037,1.62,1.38
2014.05.12 17:17:32.863,1.15024,1.15037,1.43,1.38
2014.05.12 17:17:33.305,1.15024,1.15037,1.43,1.38
2014.05.12 17:17:38.348,1.15024,1.15037,1.43,1.38
2014.05.12 17:17:42.995,1.15024,1.15037,1.43,1.63
2014.05.12 17:17:43.544,1.15031,1.1504,2.85,1.00
2014.05.12 17:17:43.746,1.15037,1.15044,1.15,1.00
2014.05.12 17:17:43.798,1.15037,1.15046,1.15,1.50
2014.05.12 17:17:43.849,1.15033,1.15047,2.18,1.17
2014.05.12 17:17:44.000,1.15033,1.15047,1.50,1.99
2014.05.12 17:17:44.615,1.15031,1.15047,1.00,2.67
2014.05.12 17:17:48.584,1.15031,1.15047,1.93,2.07
2014.05.12 17:17:58.472,1.15032,1.15047,2.37,1.38
2014.05.12 17:17:58.664,1.15032,1.15047,2.37,1.13
2014.05.12 17:17:58.815,1.15034,1.15047,1.25,1.13
2014.05.12 17:18:07.202,1.15036,1.15049,1.00,1.32
2014.05.12 17:18:07.737,1.15036,1.15052,1.00,3.49
2014.05.12 17:18:17.661,1.15036,1.15052,1.19,2.74
2014.05.12 17:18:21.530,1.15036,1.15052,1.19,2.74
2014.05.12 17:18:22.141,1.15036,1.15052,1.25,2.74
2014.05.12 17:18:26.435,1.15037,1.15052,1.00,1.80
2014.05.12 17:18:27.088,1.15037,1.15049,1.00,1.05
2014.05.12 17:18:34.839,1.15034,1.15049,1.19,1.05
2014.05.12 17:18:35.345,1.15035,1.1505,1.25,1.38
2014.05.12 17:18:38.612,1.15035,1.1505,1.25,1.38
2014.05.12 17:18:38.814,1.15033,1.15047,1.50,1.13
2014.05.12 17:18:39.592,1.15035,1.1505,1.00,1.99
2014.05.12 17:18:40.484,1.15035,1.1505,1.00,1.80
2014.05.12 17:18:41.005,1.15037,1.15052,1.00,1.99
2014.05.12 17:18:42.736,1.15037,1.15052,1.00,1.25
2014.05.12 17:18:45.623,1.15039,1.15052,1.00,1.25
2014.05.12 17:18:46.705,1.15038,1.15052,1.00,1.62
2014.05.12 17:18:55.899,1.15038,1.15053,1.00,1.15
2014.05.12 17:18:56.473,1.15039,1.15052,1.50,1.00
2014.05.12 17:19:11.442,1.15039,1.15054,1.00,1.62
2014.05.12 17:19:20.604,1.15039,1.15052,1.25,1.00
2014.05.12 17:19:26.074,1.15039,1.15054,1.00,1.25
2014.05.12 17:19:27.286,1.15039,1.15052,1.00,1.00
2014.05.12 17:19:27.589,1.15038,1.15047,1.00,1.00
2014.05.12 17:19:41.030,1.15038,1.15051,1.00,1.19
2014.05.12 17:19:43.835,1.15038,1.15051,1.25,1.00
2014.05.12 17:19:48.148,1.15038,1.15051,1.00,1.19
2014.05.12 17:19:49.251,1.15038,1.15051,1.00,1.25
2014.05.12 17:19:50.158,1.15038,1.15051,1.00,1.63
2014.05.12 17:19:53.421,1.15038,1.15047,1.00,1.00
2014.05.12 17:19:57.600,1.15038,1.15052,1.00,1.57
2014.05.12 17:20:01.891,1.15038,1.15047,1.00,1.00
2014.05.12 17:20:03.210,1.15038,1.15052,1.00,1.57
2014.05.12 17:20:08.502,1.15038,1.15052,1.00,1.57
2014.05.12 17:20:27.707,1.15037,1.15051,1.35,1.63
2014.05.12 17:20:27.757,1.15036,1.15047,1.25,1.00
2014.05.12 17:20:28.060,1.15035,1.15046,1.00,1.05
2014.05.12 17:20:28.111,1.15032,1.15046,1.69,1.80
2014.05.12 17:20:29.029,1.15032,1.15045,1.00,1.05
2014.05.12 17:20:32.230,1.15031,1.15044,1.00,1.05
2014.05.12 17:20:34.446,1.15032,1.15044,1.00,1.05
2014.05.12 17:20:37.940,1.15032,1.15047,1.00,1.99
2014.05.12 17:20:38.195,1.15033,1.15047,2.78,1.43
2014.05.12 17:20:38.296,1.15033,1.15047,1.50,1.68
2014.05.12 17:20:41.291,1.15033,1.15047,1.00,1.62
2014.05.12 17:20:44.160,1.15033,1.15047,1.69,1.00
2014.05.12 17:20:46.121,1.15033,1.15047,1.69,1.00
2014.05.12 17:20:49.212,1.15035,1.15047,1.25,1.68
2014.05.12 17:20:49.729,1.15035,1.15047,1.25,1.00
2014.05.12 17:20:54.164,1.15035,1.15047,1.69,1.00
2014.05.12 17:20:56.535,1.15035,1.15047,1.25,1.00
2014.05.12 17:20:57.044,1.15036,1.15047,1.00,1.00
2014.05.12 17:21:00.513,1.15037,1.15047,1.00,1.00
2014.05.12 17:21:00.766,1.15035,1.15047,1.00,1.00
2014.05.12 17:21:01.322,1.15034,1.15047,1.25,1.13
2014.05.12 17:21:03.175,1.15034,1.15047,1.00,1.32
2014.05.12 17:21:04.870,1.15034,1.15047,1.00,1.13
2014.05.12 17:21:08.592,1.15034,1.15047,1.25,1.38
2014.05.12 17:21:21.743,1.15033,1.15047,1.69,1.38
2014.05.12 17:21:22.654,1.15033,1.15044,1.50,1.05
2014.05.12 17:21:22.756,1.15029,1.15044,1.69,1.99
2014.05.12 17:21:22.859,1.15028,1.15042,1.50,1.57
2014.05.12 17:21:22.962,1.15028,1.15041,1.00,1.24
2014.05.12 17:21:23.064,1.15028,1.15037,1.00,1.00
2014.05.12 17:21:23.165,1.15028,1.15041,1.00,1.24
2014.05.12 17:21:23.681,1.15028,1.15039,1.00,1.05
2014.05.12 17:21:23.732,1.15026,1.15039,1.50,1.05
2014.05.12 17:21:24.288,1.15026,1.15037,1.50,1.00
2014.05.12 17:21:28.109,1.15026,1.15039,1.50,1.24
2014.05.12 17:21:28.686,1.15026,1.15037,1.50,1.00
2014.05.12 17:21:32.978,1.15026,1.15039,1.69,1.05
2014.05.12 17:21:33.539,1.15026,1.1504,1.69,1.53
2014.05.12 17:21:34.048,1.15026,1.1504,1.50,1.24
2014.05.12 17:21:34.374,1.15026,1.1504,1.50,1.24
2014.05.12 17:21:34.898,1.15026,1.1504,1.50,1.24
2014.05.12 17:21:35.697,1.15026,1.1504,1.50,1.99
2014.05.12 17:21:36.220,1.15026,1.15039,1.50,1.19
2014.05.12 17:21:37.957,1.15026,1.1504,1.50,1.32
2014.05.12 17:21:49.906,1.15026,1.1504,1.50,1.24
2014.05.12 17:21:51.020,1.15026,1.15037,1.50,1.00
2014.05.12 17:21:52.969,1.15026,1.1504,1.50,1.24
2014.05.12 17:21:55.258,1.15026,1.1504,1.50,1.24
2014.05.12 17:21:58.468,1.15026,1.15037,1.50,1.00
2014.05.12 17:22:02.868,1.15026,1.1504,1.50,1.24
2014.05.12 17:22:05.171,1.15026,1.15042,2.29,2.82
2014.05.12 17:22:05.272,1.15027,1.15042,1.54,2.55
2014.05.12 17:22:05.785,1.1503,1.15042,1.00,1.80
2014.05.12 17:22:08.097,1.1503,1.15042,1.00,1.68
2014.05.12 17:22:14.550,1.15029,1.15042,1.25,1.68
2014.05.12 17:22:17.985,1.15029,1.15042,1.00,1.68
2014.05.12 17:22:23.690,1.15029,1.15042,1.00,2.74
2014.05.12 17:22:25.443,1.15027,1.15042,1.00,2.74
2014.05.12 17:22:27.078,1.15027,1.15042,1.00,2.74
2014.05.12 17:22:30.171,1.15027,1.15037,1.00,1.15
2014.05.12 17:22:30.527,1.15025,1.15039,1.00,1.57
2014.05.12 17:22:35.822,1.15025,1.15039,1.00,1.19
2014.05.12 17:22:39.078,1.15025,1.1504,1.00,1.99
2014.05.12 17:22:40.160,1.15025,1.1504,1.00,1.99
2014.05.12 17:22:44.468,1.15025,1.1504,1.00,1.99
2014.05.12 17:22:47.977,1.15025,1.1504,1.00,1.99
2014.05.12 17:22:49.028,1.15025,1.1504,1.00,1.99
2014.05.12 17:22:52.639,1.15025,1.15039,1.00,1.24
2014.05.12 17:22:53.042,1.15025,1.15041,2.29,1.43
2014.05.12 17:22:53.574,1.15027,1.15042,1.25,2.07
2014.05.12 17:22:55.549,1.15027,1.15042,1.69,1.13
2014.05.12 17:22:57.818,1.15027,1.15042,1.69,1.32
2014.05.12 17:22:58.636,1.15028,1.15043,1.00,1.62
2014.05.12 17:22:59.209,1.15028,1.15043,1.25,1.25
2014.05.12 17:23:00.857,1.15028,1.15042,1.25,1.00
2014.05.12 17:23:01.517,1.15028,1.15043,1.25,1.25
2014.05.12 17:23:04.644,1.15028,1.15043,1.00,1.19
2014.05.12 17:23:08.173,1.15028,1.15043,1.00,1.69
2014.05.12 17:23:10.062,1.15028,1.15043,1.00,2.07
2014.05.12 17:23:11.412,1.1503,1.15043,1.00,1.32
2014.05.12 17:23:13.071,1.1503,1.15044,1.00,1.57
2014.05.12 17:23:14.876,1.1503,1.15044,1.00,2.07
2014.05.12 17:23:16.097,1.1503,1.15044,1.00,1.57
2014.05.12 17:23:17.785,1.1503,1.15044,1.00,2.07
2014.05.12 17:23:18.997,1.1503,1.15044,1.00,2.07
2014.05.12 17:23:20.218,1.15031,1.15044,1.00,1.57
2014.05.12 17:23:20.906,1.15031,1.15046,1.00,3.49
2014.05.12 17:23:21.008,1.15033,1.15046,1.00,2.07
2014.05.12 17:23:21.537,1.15033,1.15047,1.50,1.99
2014.05.12 17:23:22.595,1.15033,1.15047,1.50,1.62
2014.05.12 17:23:23.001,1.15035,1.15047,1.00,1.00
2014.05.12 17:23:23.797,1.15035,1.15048,1.00,1.32
2014.05.12 17:23:36.085,1.15035,1.1505,1.25,1.93
2014.05.12 17:23:40.056,1.15035,1.1505,1.25,1.62
2014.05.12 17:23:40.360,1.15038,1.15051,1.00,1.19
2014.05.12 17:23:40.983,1.15037,1.1505,1.00,1.15
2014.05.12 17:23:41.787,1.15037,1.15052,1.00,2.37
2014.05.12 17:23:49.496,1.15035,1.1505,1.25,1.93
2014.05.12 17:23:50.691,1.15035,1.1505,1.19,1.93
2014.05.12 17:23:51.893,1.15035,1.1505,1.25,1.93
2014.05.12 17:23:52.787,1.15035,1.1505,1.25,1.93
2014.05.12 17:23:53.355,1.15035,1.1505,1.25,1.93
2014.05.12 17:24:10.068,1.15035,1.1505,1.25,1.93
2014.05.12 17:24:17.037,1.15035,1.15047,1.25,1.00
2014.05.12 17:24:19.485,1.15035,1.1505,1.25,1.93
2014.05.12 17:24:22.906,1.15035,1.15049,1.00,1.62
2014.05.12 17:24:23.705,1.15035,1.15049,1.00,1.62
2014.05.12 17:24:37.476,1.15035,1.15047,1.00,1.00
2014.05.12 17:24:37.628,1.15035,1.15047,1.00,1.57
2014.05.12 17:24:38.150,1.15035,1.15047,1.00,1.62
2014.05.12 17:24:38.658,1.15035,1.15048,1.00,1.24
2014.05.12 17:24:39.243,1.15035,1.15048,1.00,1.24
2014.05.12 17:24:39.723,1.15035,1.15047,1.00,1.80
2014.05.12 17:24:41.948,1.15035,1.15049,1.00,2.74
2014.05.12 17:24:42.054,1.15035,1.15049,1.00,1.62
2014.05.12 17:24:47.882,1.15035,1.15049,1.00,1.62
2014.05.12 17:24:49.687,1.15033,1.15049,1.25,1.62
2014.05.12 17:24:50.218,1.15031,1.15047,1.99,1.00
2014.05.12 17:24:50.370,1.15031,1.15047,1.19,1.80
2014.05.12 17:24:50.824,1.15033,1.15047,1.25,1.00
2014.05.12 17:24:52.436,1.15035,1.15047,1.00,1.00
2014.05.12 17:24:52.734,1.15032,1.15047,1.62,1.00
2014.05.12 17:24:53.270,1.15034,1.15047,1.00,1.00
2014.05.12 17:24:56.401,1.15034,1.15048,1.00,3.34
2014.05.12 17:24:57.050,1.15034,1.15047,1.00,1.25
2014.05.12 17:25:02.937,1.15034,1.15048,1.25,3.15
2014.05.12 17:25:03.527,1.15034,1.15047,1.25,1.00
2014.05.12 17:25:14.611,1.15034,1.15047,1.00,1.19
2014.05.12 17:25:19.095,1.15034,1.15047,1.00,1.25
2014.05.12 17:25:27.412,1.15034,1.15047,1.00,1.69
2014.05.12 17:25:29.317,1.15034,1.15047,1.00,1.25
2014.05.12 17:25:34.472,1.15034,1.15047,1.00,1.38
2014.05.12 17:25:34.804,1.15034,1.15047,1.00,1.00
2014.05.12 17:25:46.231,1.15034,1.15047,1.00,1.38
2014.05.12 17:25:46.762,1.15033,1.15047,1.62,1.00
2014.05.12 17:25:47.568,1.15033,1.15047,1.62,1.00
2014.05.12 17:25:53.783,1.15033,1.15048,2.37,1.13
2014.05.12 17:25:53.935,1.15035,1.15049,1.68,1.63
2014.05.12 17:25:54.499,1.15036,1.15049,1.15,1.00
2014.05.12 17:25:54.840,1.15037,1.15049,1.54,1.00
2014.05.12 17:25:55.042,1.1504,1.15053,1.28,1.13
2014.05.12 17:25:55.564,1.1504,1.15055,1.28,2.82
2014.05.12 17:25:56.081,1.15041,1.15055,1.62,1.13
2014.05.12 17:25:57.711,1.15041,1.15055,1.43,1.32
2014.05.12 17:26:00.937,1.15041,1.15052,1.00,1.00
2014.05.12 17:26:06.789,1.15039,1.15047,1.00,1.00
2014.05.12 17:26:06.890,1.15037,1.15047,1.50,1.00
2014.05.12 17:26:07.200,1.15037,1.15051,1.00,2.74
2014.05.12 17:26:07.420,1.15037,1.15047,1.00,1.00
2014.05.12 17:26:10.065,1.15037,1.1505,1.00,1.32
2014.05.12 17:26:10.595,1.15038,1.1505,1.43,1.19
2014.05.12 17:26:11.101,1.15038,1.15052,1.43,2.07
2014.05.12 17:26:15.066,1.15038,1.15052,1.62,1.88
2014.05.12 17:26:16.187,1.15038,1.15052,1.62,1.88
2014.05.12 17:26:16.716,1.15038,1.15052,1.93,1.13
2014.05.12 17:26:20.436,1.15039,1.15052,1.47,1.00
2014.05.12 17:26:20.925,1.15041,1.15056,1.00,2.07
2014.05.12 17:26:26.577,1.15041,1.15052,1.00,1.00
2014.05.12 17:26:28.186,1.15041,1.15056,1.00,2.74
2014.05.12 17:26:31.235,1.15041,1.15056,1.00,1.32
2014.05.12 17:26:32.557,1.15041,1.15056,1.25,1.32
2014.05.12 17:26:34.352,1.15041,1.15056,1.93,1.32
2014.05.12 17:26:41.714,1.15043,1.15056,1.00,1.13
2014.05.12 17:26:42.682,1.15043,1.15057,2.18,2.82
2014.05.12 17:26:43.292,1.15043,1.15057,2.18,2.82
2014.05.12 17:26:43.960,1.15043,1.15057,2.18,2.07
2014.05.12 17:26:48.822,1.15043,1.15056,2.18,1.32
2014.05.12 17:26:49.495,1.15043,1.15056,2.18,1.32
2014.05.12 17:26:50.679,1.15044,1.15059,1.68,2.07
2014.05.12 17:26:54.097,1.15044,1.15059,1.68,2.07
2014.05.12 17:26:57.969,1.15044,1.15059,1.00,2.07
2014.05.12 17:26:58.806,1.15044,1.15059,1.00,1.32
2014.05.12 17:26:59.347,1.15044,1.15059,1.00,1.57
2014.05.12 17:27:06.206,1.15044,1.15059,1.00,2.07
2014.05.12 17:27:06.922,1.15044,1.15059,1.68,2.07
2014.05.12 17:27:08.139,1.15044,1.15059,1.68,1.32
2014.05.12 17:27:10.846,1.15044,1.15059,1.68,1.57
2014.05.12 17:27:18.923,1.15046,1.1506,1.93,1.00
2014.05.12 17:27:19.465,1.15046,1.15061,1.93,1.25
2014.05.12 17:27:21.983,1.15046,1.15061,1.68,1.19
2014.05.12 17:27:25.494,1.15046,1.15061,1.68,1.69
2014.05.12 17:27:30.078,1.15046,1.1506,1.68,1.19
2014.05.12 17:27:30.687,1.15046,1.1506,1.68,1.19
2014.05.12 17:27:31.347,1.15046,1.15061,1.68,1.19
2014.05.12 17:27:38.951,1.15046,1.15061,1.68,1.57
2014.05.12 17:27:42.724,1.15046,1.15061,1.68,1.57
2014.05.12 17:27:57.943,1.15046,1.15057,1.68,1.00
2014.05.12 17:28:06.853,1.15046,1.15061,1.68,1.63
2014.05.12 17:28:08.912,1.15046,1.15061,1.68,1.32
2014.05.12 17:28:09.317,1.15046,1.15061,1.68,1.32
2014.05.12 17:28:09.842,1.15048,1.15062,1.68,1.32
2014.05.12 17:28:11.366,1.15048,1.15063,2.18,1.57
2014.05.12 17:28:14.851,1.15048,1.15061,2.18,1.19
2014.05.12 17:28:15.155,1.15048,1.1506,1.00,1.63
2014.05.12 17:28:15.256,1.15045,1.15059,1.15,1.38
2014.05.12 17:28:21.074,1.15043,1.15059,2.37,2.07
2014.05.12 17:28:23.960,1.15043,1.15058,2.18,1.32
2014.05.12 17:28:27.088,1.15043,1.15058,2.18,1.32
2014.05.12 17:28:28.108,1.15043,1.15059,2.37,2.07
2014.05.12 17:28:28.872,1.15043,1.15059,2.37,2.07
2014.05.12 17:28:39.116,1.15043,1.15059,2.37,2.07
2014.05.12 17:28:41.627,1.15043,1.15058,2.18,1.19
2014.05.12 17:28:43.529,1.15043,1.15058,2.18,1.19
2014.05.12 17:28:44.042,1.15043,1.15058,1.68,3.72
2014.05.12 17:28:44.568,1.15043,1.15058,1.43,3.72
2014.05.12 17:28:50.354,1.15043,1.15058,1.43,2.78
2014.05.12 17:28:50.412,1.15048,1.15058,1.00,2.78
2014.05.12 17:28:52.016,1.15048,1.15059,1.00,2.97
2014.05.12 17:28:56.462,1.15043,1.15059,2.37,1.25
2014.05.12 17:28:56.513,1.15043,1.15059,2.18,1.19
2014.05.12 17:28:57.227,1.15043,1.15059,2.18,1.19
2014.05.12 17:28:58.921,1.15043,1.15058,1.68,2.97
2014.05.12 17:29:00.972,1.15048,1.15058,1.00,2.97
2014.05.12 17:29:01.514,1.15048,1.15059,1.43,1.19
2014.05.12 17:29:02.118,1.15048,1.15061,1.43,3.34
2014.05.12 17:29:03.453,1.15048,1.15059,1.00,1.25
2014.05.12 17:29:03.723,1.15044,1.15059,1.93,1.25
2014.05.12 17:29:05.041,1.15048,1.15059,1.00,1.25
2014.05.12 17:29:05.344,1.15048,1.15061,1.68,3.53
2014.05.12 17:29:05.894,1.15048,1.15063,2.18,2.07
2014.05.12 17:29:09.078,1.15048,1.15062,1.62,1.63
2014.05.12 17:29:11.840,1.15048,1.15062,1.25,1.25
2014.05.12 17:29:14.852,1.15048,1.15062,1.00,1.69
2014.05.12 17:29:20.570,1.15048,1.15062,1.00,2.44
2014.05.12 17:29:22.728,1.15048,1.15062,1.25,1.50
2014.05.12 17:29:22.829,1.15049,1.15062,1.87,1.00
2014.05.12 17:29:22.931,1.15051,1.15067,2.37,2.82
2014.05.12 17:29:23.162,1.15051,1.15067,1.69,2.07
2014.05.12 17:29:23.332,1.15051,1.15062,1.69,1.00
2014.05.12 17:29:23.837,1.15053,1.15062,1.00,1.00
2014.05.12 17:29:25.623,1.15053,1.15067,1.00,2.07
2014.05.12 17:29:27.652,1.15053,1.15068,1.50,1.99
2014.05.12 17:29:29.535,1.15053,1.15067,1.00,2.07
2014.05.12 17:29:30.064,1.15053,1.15068,1.50,1.99
2014.05.12 17:29:30.580,1.15053,1.15068,2.18,1.57
2014.05.12 17:29:32.973,1.15055,1.15069,1.00,1.99
2014.05.12 17:29:35.041,1.15054,1.15069,1.00,1.99
2014.05.12 17:29:36.562,1.15054,1.15069,1.68,1.57
2014.05.12 17:29:36.686,1.15055,1.1507,2.22,1.32
2014.05.12 17:29:39.852,1.15058,1.1507,1.00,1.32
2014.05.12 17:29:40.948,1.15058,1.15072,1.00,1.57
2014.05.12 17:29:50.218,1.15058,1.15071,1.00,1.57
2014.05.12 17:29:52.932,1.15058,1.15072,1.43,1.57
2014.05.12 17:29:59.041,1.15058,1.15072,2.18,1.57
2014.05.12 17:30:00.982,1.15058,1.15073,2.18,1.32
2014.05.12 17:30:01.439,1.15058,1.15066,2.18,1.32
2014.05.12 17:30:01.743,1.15058,1.15062,1.00,1.00
2014.05.12 17:30:02.368,1.15053,1.15062,1.00,1.38
2014.05.12 17:30:02.570,1.15053,1.1506,1.00,2.40
2014.05.12 17:30:03.243,1.15053,1.15059,1.00,1.00
2014.05.12 17:30:03.669,1.15048,1.15059,1.00,1.00
2014.05.12 17:30:04.007,1.15053,1.15059,1.00,1.25
2014.05.12 17:30:07.857,1.15053,1.15059,1.00,1.19
2014.05.12 17:30:08.060,1.15048,1.15059,1.00,1.57
2014.05.12 17:30:08.969,1.15048,1.15059,1.00,2.82
2014.05.12 17:30:12.377,1.15048,1.15058,1.00,1.19
2014.05.12 17:30:12.651,1.15043,1.15058,2.18,1.19
2014.05.12 17:30:14.521,1.15048,1.15058,1.00,1.19
2014.05.12 17:30:16.682,1.15048,1.15058,1.00,1.19
2014.05.12 17:30:20.190,1.15048,1.15059,1.00,2.07
2014.05.12 17:30:20.901,1.15043,1.15059,2.37,2.07
2014.05.12 17:30:21.460,1.15043,1.15059,2.37,2.07
2014.05.12 17:30:22.271,1.15044,1.15059,1.15,2.07
2014.05.12 17:30:22.780,1.15043,1.15059,2.37,2.07
2014.05.12 17:30:24.421,1.15048,1.15059,1.00,2.07
2014.05.12 17:30:25.056,1.15048,1.15059,1.00,2.07
2014.05.12 17:30:27.501,1.15043,1.15059,2.37,2.07
2014.05.12 17:30:29.042,1.15048,1.15059,1.00,2.82
2014.05.12 17:30:29.811,1.15043,1.15059,2.37,2.82
2014.05.12 17:30:30.064,1.15043,1.15057,1.69,1.73
2014.05.12 17:30:30.635,1.15043,1.15057,1.62,1.50
2014.05.12 17:30:31.156,1.15043,1.15058,1.93,1.25
2014.05.12 17:30:32.074,1.15043,1.15058,1.87,1.00
2014.05.12 17:30:34.663,1.15048,1.15058,1.00,1.00
2014.05.12 17:30:35.031,1.15048,1.15061,1.68,1.00
2014.05.12 17:30:35.654,1.15048,1.15063,2.18,1.57
2014.05.12 17:30:36.232,1.15049,1.15061,1.43,1.57
2014.05.12 17:30:36.384,1.15046,1.15059,1.00,1.19
2014.05.12 17:30:36.738,1.15044,1.15059,1.50,1.62
2014.05.12 17:30:37.700,1.15044,1.15059,1.50,1.62
2014.05.12 17:30:40.600,1.15046,1.15058,1.00,1.32
2014.05.12 17:30:41.146,1.15046,1.15061,1.68,1.57
2014.05.12 17:30:41.247,1.15047,1.15062,1.93,2.07
2014.05.12 17:30:41.550,1.15047,1.15062,2.37,1.57
2014.05.12 17:30:41.761,1.15048,1.15063,1.68,2.07
2014.05.12 17:30:42.101,1.15048,1.15063,1.68,2.07
2014.05.12 17:30:44.625,1.15048,1.15062,1.25,1.38
2014.05.12 17:30:45.137,1.15047,1.15062,1.00,2.82
2014.05.12 17:30:45.288,1.15047,1.15062,1.00,2.82
2014.05.12 17:30:45.835,1.15046,1.15061,1.00,1.57
2014.05.12 17:30:50.405,1.15045,1.1506,1.43,1.57
2014.05.12 17:30:52.390,1.15048,1.1506,1.00,1.63
2014.05.12 17:30:52.492,1.15045,1.15058,1.00,1.32
2014.05.12 17:30:52.593,1.15043,1.15058,1.00,3.12
2014.05.12 17:30:53.013,1.15042,1.15057,1.68,1.19
2014.05.12 17:30:53.901,1.15043,1.15058,1.68,2.44
2014.05.12 17:30:54.766,1.15043,1.15058,1.68,2.44
2014.05.12 17:30:54.867,1.15043,1.15058,1.93,1.69
2014.05.12 17:30:55.413,1.15043,1.15058,1.93,1.25
2014.05.12 17:30:57.632,1.15043,1.15058,1.93,1.25
2014.05.12 17:30:58.164,1.15043,1.15058,1.93,1.25
2014.05.12 17:30:58.760,1.15043,1.15058,1.93,1.25
2014.05.12 17:31:03.762,1.15043,1.15059,2.37,2.82
2014.05.12 17:31:03.915,1.15044,1.15059,1.87,1.38
2014.05.12 17:31:04.016,1.15045,1.15058,1.00,1.63
2014.05.12 17:31:04.167,1.15043,1.15057,1.25,1.05
2014.05.12 17:31:04.218,1.15043,1.15057,1.00,1.69
2014.05.12 17:31:04.757,1.15042,1.15055,1.13,1.25
2014.05.12 17:31:06.781,1.15043,1.15055,1.00,1.25
2014.05.12 17:31:16.733,1.15043,1.15058,1.00,3.42
2014.05.12 17:31:17.035,1.15047,1.15059,1.43,1.00
2014.05.12 17:31:17.343,1.15048,1.15061,1.68,1.57
2014.05.12 17:31:17.904,1.15048,1.15061,1.43,1.57
2014.05.12 17:31:20.055,1.15048,1.15063,1.68,2.82
2014.05.12 17:31:26.312,1.15047,1.15062,1.43,2.07
2014.05.12 17:31:30.072,1.15047,1.15061,1.43,1.57
2014.05.12 17:31:31.877,1.15047,1.15062,1.43,2.07
2014.05.12 17:31:32.029,1.15047,1.1506,1.43,1.43
2014.05.12 17:31:32.282,1.15046,1.1506,1.68,2.07
2014.05.12 17:31:32.788,1.15046,1.1506,1.43,2.07
2014.05.12 17:31:33.213,1.15046,1.15058,1.00,1.57
2014.05.12 17:31:34.189,1.15046,1.15058,1.00,1.57
2014.05.12 17:31:40.320,1.15046,1.15058,1.00,1.57
2014.05.12 17:31:41.910,1.15046,1.15058,1.00,1.57
2014.05.12 17:31:43.113,1.15046,1.15057,1.00,1.32
2014.05.12 17:31:44.930,1.15046,1.15058,1.00,1.57
2014.05.12 17:31:54.102,1.15044,1.15059,1.43,1.57
2014.05.12 17:32:01.135,1.15044,1.15058,1.00,1.57
2014.05.12 17:32:03.010,1.15044,1.15058,1.00,2.07
2014.05.12 17:32:10.667,1.15043,1.15056,1.00,1.57
2014.05.12 17:32:13.677,1.15043,1.15056,1.00,1.57
2014.05.12 17:32:18.929,1.15041,1.15055,1.00,1.32
2014.05.12 17:32:19.636,1.15041,1.15055,1.00,1.32
2014.05.12 17:32:20.138,1.15041,1.15055,1.00,1.32
2014.05.12 17:32:22.859,1.15043,1.15055,1.00,1.32
2014.05.12 17:32:24.223,1.15044,1.15058,1.68,1.25
2014.05.12 17:32:24.324,1.15044,1.15058,1.00,3.34
2014.05.12 17:32:24.741,1.15043,1.15056,1.62,1.00
2014.05.12 17:32:27.941,1.15042,1.15056,1.15,1.00
2014.05.12 17:32:28.916,1.15043,1.15056,1.00,1.00
2014.05.12 17:32:32.231,1.15043,1.15056,1.68,1.32
2014.05.12 17:32:36.642,1.15043,1.15056,1.00,1.32
2014.05.12 17:32:37.399,1.15043,1.15056,1.68,1.32
2014.05.12 17:32:37.553,1.15041,1.15056,1.93,1.32
2014.05.12 17:32:38.064,1.15041,1.15056,1.68,2.07
2014.05.12 17:32:38.569,1.15039,1.15054,1.87,1.00
2014.05.12 17:32:39.151,1.15039,1.15054,1.87,1.00
2014.05.12 17:32:40.460,1.15039,1.15054,1.99,1.00
2014.05.12 17:32:41.340,1.15039,1.15054,2.74,1.00
2014.05.12 17:32:57.096,1.1504,1.15054,1.87,1.00
2014.05.12 17:32:58.527,1.15043,1.15054,1.68,1.00
2014.05.12 17:33:05.702,1.15043,1.15054,1.43,1.00
2014.05.12 17:33:08.986,1.15043,1.15054,1.68,1.00
2014.05.12 17:33:09.417,1.15043,1.15057,1.68,1.25
2014.05.12 17:33:09.922,1.15043,1.15057,1.68,1.32
2014.05.12 17:33:10.464,1.15043,1.15057,1.68,1.32
2014.05.12 17:33:21.863,1.15043,1.15056,1.25,2.40
2014.05.12 17:33:22.185,1.15038,1.15049,1.00,2.78
2014.05.12 17:33:26.455,1.15038,1.15049,1.68,2.78
2014.05.12 17:33:27.328,1.15038,1.15048,1.68,1.00
2014.05.12 17:33:27.631,1.15038,1.15046,1.43,1.25
2014.05.12 17:33:30.763,1.15038,1.15048,1.68,1.00
2014.05.12 17:33:30.864,1.15038,1.15051,1.68,3.38
2014.05.12 17:33:31.167,1.15043,1.15051,1.00,1.00
2014.05.12 17:33:34.768,1.15038,1.15051,2.37,1.00
2014.05.12 17:33:34.970,1.15038,1.1505,1.00,2.59
2014.05.12 17:33:35.283,1.15043,1.15051,1.00,1.25
2014.05.12 17:33:36.001,1.15043,1.15052,1.00,1.00
2014.05.12 17:33:46.978,1.15038,1.15052,1.87,1.00
2014.05.12 17:33:47.281,1.15038,1.15052,1.62,1.00
2014.05.12 17:33:48.298,1.15043,1.15052,1.00,1.00
2014.05.12 17:34:03.169,1.15038,1.15052,1.93,1.00
2014.05.12 17:34:03.918,1.15043,1.15052,1.00,1.00
2014.05.12 17:34:05.182,1.15043,1.15054,1.00,2.07
2014.05.12 17:34:05.708,1.15043,1.15054,1.00,1.69
2014.05.12 17:34:23.059,1.15043,1.15054,1.00,1.19
2014.05.12 17:34:25.165,1.15043,1.15054,1.00,1.13
2014.05.12 17:34:28.558,1.1504,1.15054,1.15,1.13
2014.05.12 17:34:29.780,1.15039,1.15054,1.15,1.32
2014.05.12 17:34:45.370,1.15038,1.15054,3.49,1.13
2014.05.12 17:34:49.000,1.15039,1.15054,1.15,1.32
2014.05.12 17:34:56.094,1.15039,1.15054,1.62,1.13
2014.05.12 17:34:57.398,1.15039,1.15054,1.62,1.13
2014.05.12 17:34:58.737,1.15039,1.15054,1.62,1.32
2014.05.12 17:34:59.786,1.15038,1.15054,4.24,1.32
2014.05.12 17:35:00.765,1.15039,1.15054,1.15,1.32
2014.05.12 17:35:04.277,1.15039,1.15054,1.62,1.13
2014.05.12 17:35:06.823,1.15039,1.15056,1.62,3.87
2014.05.12 17:35:09.380,1.15039,1.15056,1.99,3.87
2014.05.12 17:35:11.296,1.15039,1.15056,1.99,3.27
2014.05.12 17:35:21.017,1.15039,1.15055,1.32,1.24
2014.05.12 17:35:22.226,1.1504,1.15055,1.19,1.05
2014.05.12 17:35:22.810,1.1504,1.15054,1.00,1.53
2014.05.12 17:35:30.892,1.1504,1.15054,1.00,1.99
2014.05.12 17:35:31.854,1.1504,1.15054,1.00,1.24
2014.05.12 17:35:35.535,1.15038,1.15052,1.25,1.00
2014.05.12 17:35:36.090,1.15038,1.15052,1.69,1.00
2014.05.12 17:35:38.877,1.15038,1.15052,1.69,1.38
2014.05.12 17:35:39.448,1.15037,1.15052,2.37,1.38
2014.05.12 17:35:41.484,1.15037,1.15052,2.37,1.38
2014.05.12 17:35:43.288,1.15037,1.15052,1.62,1.38
2014.05.12 17:35:43.881,1.15037,1.15052,1.99,1.00
2014.05.12 17:35:45.827,1.15038,1.15054,1.25,2.74
2014.05.12 17:35:49.815,1.15038,1.15054,1.19,1.99
2014.05.12 17:35:51.644,1.15043,1.15054,1.00,1.99
2014.05.12 17:35:53.068,1.15043,1.15054,1.00,1.25
2014.05.12 17:35:53.867,1.15043,1.15054,1.00,1.93
2014.05.12 17:35:53.918,1.15038,1.15054,2.82,1.93
2014.05.12 17:35:54.674,1.15038,1.15054,2.07,1.62
2014.05.12 17:35:56.933,1.15038,1.15054,2.07,1.62
2014.05.12 17:35:58.978,1.15038,1.15054,2.07,1.62
2014.05.12 17:36:00.349,1.15038,1.15054,2.82,1.62
2014.05.12 17:36:01.948,1.15038,1.15054,2.82,1.62
2014.05.12 17:36:06.957,1.15039,1.15054,1.32,1.43
2014.05.12 17:36:11.874,1.15039,1.15054,1.19,1.68
2014.05.12 17:36:12.177,1.15039,1.15052,1.19,1.68
2014.05.12 17:36:12.679,1.15039,1.15052,1.25,1.68
2014.05.12 17:36:35.096,1.1504,1.15053,1.19,1.05
2014.05.12 17:36:35.198,1.15042,1.15054,1.00,1.00
2014.05.12 17:36:35.299,1.15042,1.15056,1.50,1.15
2014.05.12 17:36:35.803,1.15043,1.15056,1.00,1.15
2014.05.12 17:36:39.922,1.15043,1.15058,1.25,1.99
2014.05.12 17:36:42.162,1.15043,1.15058,1.19,1.80
2014.05.12 17:36:44.267,1.15043,1.15058,1.00,2.74
2014.05.12 17:36:44.814,1.15043,1.15058,1.00,2.74
2014.05.12 17:36:50.060,1.15043,1.15058,1.00,2.74
2014.05.12 17:36:50.364,1.15042,1.15056,1.00,2.74
2014.05.12 17:36:52.916,1.15042,1.15056,1.00,1.99
2014.05.12 17:37:00.586,1.15042,1.15055,1.00,1.87
2014.05.12 17:37:03.273,1.1504,1.15053,1.50,1.15
2014.05.12 17:37:07.970,1.1504,1.15055,1.50,1.87
2014.05.12 17:37:15.976,1.15043,1.15055,1.00,1.24
2014.05.12 17:37:16.128,1.1504,1.15055,1.69,1.24
2014.05.12 17:37:17.471,1.1504,1.15056,2.07,2.37
2014.05.12 17:37:18.869,1.1504,1.15056,2.07,3.12
2014.05.12 17:37:18.945,1.15043,1.15056,1.00,3.12
2014.05.12 17:37:19.605,1.1504,1.15056,2.07,3.12
2014.05.12 17:37:20.865,1.1504,1.15056,2.07,2.37
2014.05.12 17:37:21.455,1.1504,1.15056,2.07,2.37
2014.05.12 17:37:21.919,1.15043,1.15056,1.00,3.12
2014.05.12 17:37:23.675,1.1504,1.15056,2.07,3.12
2014.05.12 17:37:28.655,1.1504,1.15056,1.13,3.12
2014.05.12 17:37:30.977,1.15043,1.15055,1.00,1.24
2014.05.12 17:37:32.071,1.15043,1.15055,1.00,1.24
2014.05.12 17:37:32.173,1.1504,1.15055,1.00,1.24
2014.05.12 17:37:34.815,1.1504,1.15055,1.00,1.99
2014.05.12 17:37:35.386,1.1504,1.15055,1.00,1.99
2014.05.12 17:37:37.355,1.15038,1.15053,1.32,1.68
2014.05.12 17:37:38.347,1.15038,1.15053,1.32,1.68
2014.05.12 17:37:51.424,1.15038,1.15053,1.00,1.68
2014.05.12 17:37:58.881,1.15043,1.15053,1.00,1.68
2014.05.12 17:37:59.255,1.15039,1.15054,1.25,1.99
2014.05.12 17:38:01.155,1.15038,1.15053,1.25,1.68
2014.05.12 17:38:02.078,1.15039,1.15053,1.00,1.68
2014.05.12 17:38:08.661,1.15039,1.15053,1.19,1.68
2014.05.12 17:38:09.376,1.15039,1.15053,1.19,1.68
2014.05.12 17:38:09.934,1.15039,1.15052,1.19,1.05
2014.05.12 17:38:10.517,1.15039,1.15052,1.00,1.24
2014.05.12 17:38:11.124,1.15039,1.15052,1.00,1.05
2014.05.12 17:39:17.835,1.15039,1.15055,1.13,2.89
2014.05.12 17:39:18.397,1.15039,1.15056,1.32,4.02
2014.05.12 17:39:19.104,1.15039,1.15056,1.32,4.02
2014.05.12 17:39:24.493,1.15039,1.15055,2.07,1.87
2014.05.12 17:39:26.124,1.15039,1.15055,2.07,1.87
2014.05.12 17:39:26.174,1.15043,1.15055,1.00,1.87
2014.05.12 17:39:27.920,1.15041,1.15056,1.00,1.99
2014.05.12 17:39:34.213,1.15041,1.15056,1.00,1.99
2014.05.12 17:39:50.404,1.15041,1.15057,1.38,2.37
2014.05.12 17:39:50.505,1.15043,1.15057,1.00,1.69
2014.05.12 17:39:51.555,1.15043,1.15057,1.25,1.00
2014.05.12 17:39:55.369,1.15043,1.15057,1.19,1.00
2014.05.12 17:39:55.964,1.15044,1.15059,1.62,4.09
2014.05.12 17:39:58.125,1.15044,1.15059,1.62,3.90
2014.05.12 17:40:00.103,1.15044,1.15059,1.62,4.09
2014.05.12 17:40:00.415,1.15044,1.15058,1.43,1.57
2014.05.12 17:40:01.596,1.15044,1.15057,1.00,2.07
2014.05.12 17:40:03.735,1.15044,1.15057,1.00,1.57
2014.05.12 17:40:06.533,1.15044,1.15057,1.00,2.74
2014.05.12 17:40:09.722,1.15044,1.15057,1.00,1.57
2014.05.12 17:40:17.349,1.15044,1.15056,1.00,1.57
2014.05.12 17:40:24.773,1.15044,1.15057,1.00,1.99
2014.05.12 17:40:28.821,1.15044,1.15057,1.00,1.57
2014.05.12 17:40:32.716,1.15044,1.15057,1.00,2.82
2014.05.12 17:40:34.772,1.15042,1.15055,1.00,1.05
2014.05.12 17:40:35.328,1.15042,1.15052,1.00,1.00
2014.05.12 17:40:35.479,1.15042,1.15056,1.00,1.57
2014.05.12 17:40:39.797,1.15042,1.15057,1.00,1.99
2014.05.12 17:41:14.479,1.15043,1.15055,1.00,1.19
2014.05.12 17:41:15.164,1.15043,1.15055,1.00,1.00
2014.05.12 17:41:15.705,1.15042,1.15055,1.00,1.00
2014.05.12 17:41:29.190,1.15042,1.15055,1.00,1.19
2014.05.12 17:41:34.299,1.15042,1.15055,1.00,1.25
2014.05.12 17:41:34.824,1.15039,1.15055,1.24,1.25
2014.05.12 17:41:36.705,1.15039,1.15055,1.24,1.19
2014.05.12 17:41:39.826,1.15039,1.15055,1.24,1.25
2014.05.12 17:41:41.519,1.15039,1.15055,1.05,1.19
2014.05.12 17:41:44.225,1.15039,1.15055,1.24,1.25
2014.05.12 17:41:55.087,1.15039,1.15055,1.24,1.69
2014.05.12 17:41:56.357,1.15039,1.15055,1.05,1.69
2014.05.12 17:42:02.175,1.15039,1.15055,1.05,1.19
2014.05.12 17:42:06.517,1.15043,1.15055,1.00,1.19
2014.05.12 17:42:08.797,1.15043,1.15055,1.50,2.44
2014.05.12 17:42:12.151,1.15043,1.15054,1.00,1.19
2014.05.12 17:42:12.202,1.15041,1.15054,1.00,1.19
2014.05.12 17:42:12.320,1.15043,1.15054,1.00,1.19
2014.05.12 17:42:12.429,1.15041,1.15054,1.00,1.19
2014.05.12 17:42:12.581,1.15043,1.15054,1.00,1.19
2014.05.12 17:42:13.421,1.15041,1.15054,1.00,1.19
2014.05.12 17:42:14.256,1.15041,1.15055,1.00,2.44
2014.05.12 17:42:15.526,1.15041,1.15054,1.00,1.19
2014.05.12 17:42:26.721,1.15041,1.15053,1.00,1.32
2014.05.12 17:42:27.758,1.15043,1.15053,1.00,1.32
2014.05.12 17:42:28.273,1.15043,1.15053,1.00,1.32
2014.05.12 17:42:28.804,1.15043,1.15053,1.00,1.32
2014.05.12 17:42:28.955,1.15041,1.15053,1.00,1.32
2014.05.12 17:42:29.900,1.15041,1.15053,1.00,1.32
2014.05.12 17:42:30.801,1.15043,1.15053,1.00,1.19
2014.05.12 17:42:31.306,1.15043,1.15053,1.00,1.25
2014.05.12 17:42:32.031,1.15043,1.15053,1.00,1.19
2014.05.12 17:42:33.044,1.15043,1.15053,1.00,1.25
2014.05.12 17:42:38.968,1.15041,1.15053,1.00,1.00
2014.05.12 17:42:43.042,1.15043,1.15053,1.00,1.00
2014.05.12 17:42:43.093,1.15043,1.15056,2.18,1.19
2014.05.12 17:42:43.195,1.15043,1.15058,2.18,1.69
2014.05.12 17:42:43.993,1.15043,1.15058,1.50,1.19
2014.05.12 17:42:56.290,1.15043,1.15058,2.07,1.62
2014.05.12 17:42:56.820,1.15043,1.15058,2.07,1.93
2014.05.12 17:43:00.107,1.15043,1.15057,1.00,2.82
2014.05.12 17:43:00.309,1.15043,1.15057,1.00,4.24
2014.05.12 17:43:00.411,1.15043,1.15056,1.00,1.15
2014.05.12 17:43:00.629,1.15043,1.15057,1.00,4.24
2014.05.12 17:43:00.731,1.15041,1.15056,1.25,1.15
2014.05.12 17:43:00.960,1.15041,1.15057,1.25,4.99
2014.05.12 17:43:01.061,1.15041,1.15056,1.25,1.15
2014.05.12 17:43:01.515,1.15041,1.15057,1.25,4.99
2014.05.12 17:43:01.617,1.15041,1.15056,1.25,1.15
2014.05.12 17:43:01.839,1.15041,1.15057,1.25,4.99
2014.05.12 17:43:01.942,1.15041,1.15056,1.25,1.15
2014.05.12 17:43:02.141,1.15041,1.15057,1.25,4.99
2014.05.12 17:43:02.293,1.15041,1.15056,1.25,1.15
2014.05.12 17:43:02.395,1.15041,1.15057,1.25,4.99
2014.05.12 17:43:02.497,1.15041,1.15056,1.25,1.15
2014.05.12 17:43:02.719,1.15041,1.15057,1.00,4.99
2014.05.12 17:43:03.241,1.15041,1.15057,1.00,4.99
2014.05.12 17:43:03.763,1.15041,1.15056,1.00,1.19
2014.05.12 17:43:04.663,1.15041,1.15056,1.00,1.19
2014.05.12 17:43:05.197,1.15041,1.15056,1.00,1.87
2014.05.12 17:43:05.707,1.15041,1.15056,1.00,1.19
2014.05.12 17:43:06.251,1.15041,1.15055,1.00,1.19
2014.05.12 17:43:10.137,1.15041,1.15056,1.00,1.32
2014.05.12 17:43:11.156,1.15041,1.15056,1.00,1.32
2014.05.12 17:43:16.339,1.15041,1.15055,1.00,2.37
2014.05.12 17:43:16.919,1.15041,1.15052,1.00,1.00
2014.05.12 17:43:17.344,1.15041,1.15056,1.00,2.07
2014.05.12 17:43:18.459,1.15041,1.15056,1.00,2.07
2014.05.12 17:43:20.590,1.15041,1.15056,1.43,2.07
2014.05.12 17:43:24.931,1.15039,1.15055,1.99,1.19
2014.05.12 17:43:31.914,1.15039,1.15055,1.80,1.69
2014.05.12 17:43:33.831,1.15039,1.15055,1.99,1.19
2014.05.12 17:43:34.642,1.15039,1.15054,1.32,1.15
2014.05.12 17:43:36.096,1.15039,1.15055,1.13,2.37
2014.05.12 17:43:41.117,1.15039,1.15055,1.62,2.82
2014.05.12 17:43:42.213,1.15039,1.15054,1.43,1.19
2014.05.12 17:43:43.340,1.15039,1.15054,1.43,1.19
2014.05.12 17:43:44.820,1.15039,1.15055,1.62,1.32
2014.05.12 17:43:56.354,1.15039,1.15055,1.62,1.32
2014.05.12 17:43:59.897,1.15039,1.15055,1.62,1.32
2014.05.12 17:44:04.297,1.15039,1.15055,1.43,2.07
2014.05.12 17:44:06.124,1.15039,1.15052,1.00,1.00
2014.05.12 17:44:18.762,1.15039,1.15054,1.00,2.74
2014.05.12 17:44:20.838,1.15039,1.15053,1.43,1.19
2014.05.12 17:44:55.818,1.1504,1.15052,1.00,1.25
2014.05.12 17:45:13.743,1.1504,1.15054,1.00,1.62
2014.05.12 17:45:14.397,1.15041,1.15055,1.00,2.74
2014.05.12 17:45:16.574,1.15041,1.15055,1.00,1.32
2014.05.12 17:45:17.865,1.15041,1.15055,1.00,1.32
2014.05.12 17:45:19.559,1.15041,1.15052,1.00,1.00
2014.05.12 17:45:20.805,1.15041,1.15055,1.00,1.32
2014.05.12 17:45:20.906,1.15039,1.15052,1.15,1.00
2014.05.12 17:45:23.892,1.15041,1.15054,1.00,1.19
2014.05.12 17:45:25.186,1.15041,1.15055,1.00,1.99
2014.05.12 17:45:25.620,1.15041,1.15052,1.00,1.00
2014.05.12 17:45:27.650,1.1504,1.15052,1.00,1.00
2014.05.12 17:45:42.478,1.15041,1.15053,1.00,1.25
2014.05.12 17:45:43.171,1.15041,1.15056,1.00,1.69
2014.05.12 17:45:44.946,1.15041,1.15056,1.00,1.19
2014.05.12 17:45:55.608,1.15041,1.15056,1.00,2.37
2014.05.12 17:45:55.760,1.15041,1.15056,1.93,1.25
2014.05.12 17:45:55.862,1.1504,1.15052,3.12,1.00
2014.05.12 17:45:56.216,1.15041,1.15056,1.93,1.25
2014.05.12 17:45:56.974,1.15042,1.15056,1.28,1.25
2014.05.12 17:45:57.025,1.15044,1.15057,1.19,1.13
2014.05.12 17:45:57.330,1.15045,1.1506,1.25,1.63
2014.05.12 17:45:57.844,1.15045,1.15057,1.25,1.00
2014.05.12 17:46:02.037,1.15047,1.15057,1.00,1.00
2014.05.12 17:46:02.556,1.15048,1.1506,1.00,1.57
2014.05.12 17:46:02.711,1.15046,1.1506,2.18,1.57
2014.05.12 17:46:03.215,1.15046,1.15061,2.18,2.07
2014.05.12 17:46:04.450,1.15046,1.15057,1.69,1.00
2014.05.12 17:46:04.769,1.15044,1.15057,1.50,1.00
2014.05.12 17:46:10.882,1.15043,1.15057,1.00,1.25
2014.05.12 17:46:11.872,1.15043,1.15056,1.00,1.00
2014.05.12 17:46:16.246,1.15043,1.15056,1.00,1.19
2014.05.12 17:46:21.960,1.15043,1.15056,1.00,1.25
2014.05.12 17:46:26.172,1.15043,1.15056,1.00,1.69
2014.05.12 17:46:27.285,1.15043,1.15056,1.00,1.69
2014.05.12 17:46:29.848,1.15043,1.15052,1.00,1.00
2014.05.12 17:46:29.956,1.15043,1.15056,1.00,1.69
2014.05.12 17:46:33.040,1.15043,1.15052,1.00,1.00
2014.05.12 17:46:34.404,1.15043,1.15056,1.00,3.72
2014.05.12 17:46:34.467,1.15043,1.15052,1.00,1.00
2014.05.12 17:46:39.640,1.15043,1.15056,1.00,4.09
2014.05.12 17:46:47.978,1.15043,1.15052,1.00,1.00
2014.05.12 17:46:48.237,1.15043,1.15054,1.00,1.00
2014.05.12 17:46:48.969,1.15043,1.15052,1.00,1.00
2014.05.12 17:46:50.798,1.15041,1.15052,1.00,1.00
2014.05.12 17:46:51.327,1.15041,1.15054,1.00,1.19
2014.05.12 17:46:53.339,1.1504,1.15051,1.50,1.00
2014.05.12 17:46:59.810,1.1504,1.15052,1.00,1.00
2014.05.12 17:47:16.239,1.1504,1.15053,1.00,1.69
2014.05.12 17:47:16.882,1.1504,1.15052,1.00,1.00
2014.05.12 17:47:17.541,1.1504,1.15053,1.00,1.69
2014.05.12 17:47:28.943,1.1504,1.15052,1.00,1.00
2014.05.12 17:47:43.976,1.1504,1.15052,1.00,1.68
2014.05.12 17:47:44.612,1.1504,1.15052,1.00,1.43
2014.05.12 17:47:48.196,1.1504,1.15053,1.00,1.25
2014.05.12 17:47:48.768,1.15038,1.15053,2.07,1.69
2014.05.12 17:48:04.669,1.1504,1.15053,1.00,1.62
2014.05.12 17:48:12.061,1.1504,1.15052,1.50,1.00
2014.05.12 17:48:16.085,1.1504,1.15053,1.50,1.25
2014.05.12 17:48:17.069,1.1504,1.15053,1.50,1.19
2014.05.12 17:48:24.050,1.1504,1.15053,1.50,1.25
2014.05.12 17:48:25.010,1.1504,1.15052,1.50,1.00
2014.05.12 17:48:28.736,1.1504,1.15053,1.88,1.25
2014.05.12 17:48:29.265,1.1504,1.15053,1.00,3.64
2014.05.12 17:48:29.568,1.15038,1.15047,1.00,1.00
2014.05.12 17:48:29.619,1.15035,1.15047,1.38,1.00
2014.05.12 17:48:30.162,1.15035,1.15048,1.00,1.15
2014.05.12 17:48:32.756,1.15035,1.15049,1.38,2.22
2014.05.12 17:48:33.061,1.15043,1.15053,1.00,1.62
2014.05.12 17:48:33.991,1.15043,1.15054,1.00,1.32
2014.05.12 17:48:34.472,1.1504,1.15054,1.00,1.32
2014.05.12 17:48:40.056,1.1504,1.15052,1.00,1.00
2014.05.12 17:48:50.144,1.15039,1.15053,1.00,1.19
2014.05.12 17:48:50.947,1.15039,1.15053,1.00,1.19
2014.05.12 17:48:51.686,1.15036,1.15051,1.69,1.15
2014.05.12 17:48:52.357,1.15037,1.15052,1.05,3.79
2014.05.12 17:48:54.009,1.15036,1.15052,2.07,4.47
2014.05.12 17:48:55.403,1.15036,1.15052,1.88,4.47
2014.05.12 17:48:57.254,1.15036,1.1505,1.00,1.62
2014.05.12 17:48:57.456,1.15034,1.1505,1.88,2.97
2014.05.12 17:48:58.442,1.15034,1.15049,1.88,3.64
2014.05.12 17:49:01.846,1.15034,1.15048,1.32,2.03
2014.05.12 17:49:02.150,1.15036,1.15051,1.80,1.69
2014.05.12 17:49:02.492,1.15035,1.15049,1.00,2.97
2014.05.12 17:49:06.345,1.15035,1.15048,1.00,4.02
2014.05.12 17:49:06.396,1.15033,1.15048,2.25,4.02
2014.05.12 17:49:06.941,1.15033,1.15047,2.25,1.19
2014.05.12 17:49:07.542,1.15033,1.15048,2.25,2.59
2014.05.12 17:49:08.155,1.15033,1.15048,2.25,3.27
2014.05.12 17:49:13.484,1.15033,1.15048,2.63,2.89
2014.05.12 17:49:21.998,1.15034,1.15047,1.00,2.22
2014.05.12 17:49:23.194,1.15034,1.15047,1.00,1.47
2014.05.12 17:49:33.361,1.15034,1.15047,1.00,1.25
2014.05.12 17:49:36.053,1.15034,1.15047,1.00,1.93
2014.05.12 17:49:43.357,1.15034,1.15047,1.00,1.25
2014.05.12 17:49:47.078,1.15033,1.15047,1.13,1.25
2014.05.12 17:49:47.188,1.15035,1.15047,1.00,1.25
2014.05.12 17:49:49.275,1.15035,1.15048,1.68,1.19
2014.05.12 17:49:49.326,1.15037,1.1505,1.38,4.05
2014.05.12 17:49:49.870,1.15037,1.15052,2.18,1.69
2014.05.12 17:49:50.581,1.15037,1.15052,1.50,1.69
2014.05.12 17:49:50.962,1.15037,1.15051,1.50,1.28
2014.05.12 17:49:51.114,1.15035,1.15049,1.13,4.24
2014.05.12 17:49:51.215,1.15035,1.15049,1.13,4.99
2014.05.12 17:49:59.160,1.15034,1.15049,1.38,4.99
2014.05.12 17:50:00.514,1.15034,1.15049,1.38,4.99
2014.05.12 17:50:01.892,1.15034,1.15049,1.38,4.39
2014.05.12 17:50:01.943,1.15037,1.15049,1.53,2.78
2014.05.12 17:50:02.095,1.15036,1.15052,2.07,2.37
2014.05.12 17:50:02.145,1.15036,1.15052,2.82,2.37
2014.05.12 17:50:02.248,1.15036,1.1505,1.88,1.47
2014.05.12 17:50:02.565,1.15036,1.15047,1.13,1.00
2014.05.12 17:50:03.021,1.15036,1.1505,1.13,1.54
2014.05.12 17:50:05.951,1.15036,1.1505,1.13,2.29
2014.05.12 17:50:07.115,1.15036,1.15047,1.00,1.68
2014.05.12 17:50:07.498,1.15033,1.15049,2.82,3.64
2014.05.12 17:50:17.007,1.15034,1.15047,1.13,2.97
2014.05.12 17:50:17.584,1.15034,1.15047,1.13,2.97
2014.05.12 17:50:19.479,1.15034,1.15047,1.13,2.97
2014.05.12 17:50:24.798,1.15034,1.15047,1.13,3.64
2014.05.12 17:50:32.089,1.15034,1.15047,1.13,2.89
2014.05.12 17:50:44.928,1.15034,1.15046,1.00,2.89
2014.05.12 17:50:46.172,1.15033,1.15046,1.00,3.45
2014.05.12 17:50:59.410,1.15034,1.15047,1.00,3.64
2014.05.12 17:50:59.938,1.15034,1.15047,1.00,3.64
2014.05.12 17:51:02.061,1.15033,1.15047,1.00,4.39
2014.05.12 17:51:02.597,1.15034,1.15047,1.00,4.39
2014.05.12 17:51:05.185,1.15034,1.15046,1.00,1.15
2014.05.12 17:51:06.962,1.15033,1.15047,1.00,4.39
2014.05.12 17:51:07.663,1.15034,1.15047,1.00,3.64
2014.05.12 17:51:08.501,1.15033,1.15047,1.00,4.39
2014.05.12 17:51:09.498,1.15034,1.15047,1.00,3.64
2014.05.12 17:51:21.767,1.15034,1.15047,1.00,1.25
2014.05.12 17:51:21.948,1.15037,1.15048,1.15,1.00
2014.05.12 17:51:22.099,1.15038,1.15053,2.74,1.50
2014.05.12 17:51:22.649,1.15039,1.15054,1.63,1.00
2014.05.12 17:51:32.952,1.15041,1.15055,1.00,2.82
2014.05.12 17:51:34.368,1.15041,1.15055,1.00,2.82
2014.05.12 17:51:35.673,1.15041,1.15054,1.00,1.19
2014.05.12 17:51:36.828,1.1504,1.15054,1.13,1.19
2014.05.12 17:51:42.492,1.1504,1.15055,1.13,4.32
2014.05.12 17:51:49.558,1.1504,1.15055,1.13,3.57
2014.05.12 17:51:54.925,1.1504,1.15055,1.13,3.57
2014.05.12 17:51:58.338,1.1504,1.15055,1.13,3.57
2014.05.12 17:52:00.267,1.15041,1.15055,1.00,2.82
2014.05.12 17:52:01.148,1.15041,1.15055,1.00,2.82
2014.05.12 17:52:05.056,1.15041,1.15055,1.00,2.22
2014.05.12 17:52:08.187,1.15041,1.15055,1.00,2.22
2014.05.12 17:52:12.522,1.15041,1.15055,1.00,2.59
2014.05.12 17:52:22.513,1.15041,1.15055,1.00,3.27
2014.05.12 17:52:23.782,1.1504,1.15055,1.00,4.02
2014.05.12 17:52:24.300,1.15039,1.15055,1.99,3.34
2014.05.12 17:52:25.834,1.15039,1.15055,1.99,3.34
2014.05.12 17:52:26.876,1.15041,1.15055,1.00,2.59
2014.05.12 17:52:32.446,1.15041,1.15055,1.00,3.27
2014.05.12 17:52:34.194,1.15041,1.15055,1.00,3.27
2014.05.12 17:53:14.735,1.15041,1.15056,1.13,4.99
2014.05.12 17:53:19.654,1.15041,1.15055,1.13,1.19
2014.05.12 17:53:20.790,1.15041,1.15055,1.13,1.62
2014.05.12 17:53:21.795,1.15041,1.15055,1.13,1.15
2014.05.12 17:53:25.716,1.15041,1.15055,1.13,1.19
2014.05.12 17:53:35.797,1.15039,1.15056,1.99,1.54
2014.05.12 17:53:40.334,1.15039,1.15056,1.63,2.22
2014.05.12 17:53:40.536,1.15039,1.15056,1.32,4.62
2014.05.12 17:53:43.112,1.15039,1.15056,1.32,5.37
2014.05.12 17:53:47.154,1.1504,1.15055,1.00,1.62
2014.05.12 17:53:48.932,1.1504,1.15055,1.00,1.15
2014.05.12 17:53:51.176,1.1504,1.15056,1.00,6.12
2014.05.12 17:53:51.934,1.1504,1.15056,1.19,5.37
2014.05.12 17:53:52.447,1.1504,1.15055,1.25,1.15
2014.05.12 17:53:56.390,1.15041,1.15055,1.00,1.15
2014.05.12 17:54:00.290,1.15041,1.15056,1.43,4.69
2014.05.12 17:54:01.603,1.15041,1.15055,1.38,1.19
2014.05.12 17:54:01.976,1.15041,1.15056,1.38,3.57
2014.05.12 17:54:02.280,1.15044,1.15057,1.00,1.25
2014.05.12 17:54:02.583,1.15048,1.15061,1.32,2.03
2014.05.12 17:54:03.087,1.15048,1.15062,1.32,1.00
2014.05.12 17:54:03.645,1.15049,1.15062,1.43,1.00
2014.05.12 17:54:09.506,1.15047,1.15062,2.74,2.78
2014.05.12 17:54:10.543,1.15047,1.15062,2.74,2.78
2014.05.12 17:54:16.213,1.15051,1.15062,1.00,1.25
2014.05.12 17:54:17.075,1.15048,1.15062,1.38,1.25
2014.05.12 17:54:26.424,1.15048,1.15063,2.07,2.89
2014.05.12 17:54:26.879,1.15046,1.15061,1.93,1.32
2014.05.12 17:54:26.981,1.15046,1.15057,1.63,1.00
2014.05.12 17:54:27.344,1.15045,1.15059,1.57,1.28
2014.05.12 17:54:29.263,1.15048,1.1506,1.00,1.85
2014.05.12 17:54:29.967,1.15048,1.15061,1.00,5.74
2014.05.12 17:54:30.930,1.15048,1.15061,1.00,5.74
2014.05.12 17:54:31.039,1.15046,1.15061,1.57,4.80
2014.05.12 17:54:31.090,1.15047,1.15061,1.99,1.35
2014.05.12 17:54:31.619,1.15048,1.15062,1.80,1.25
2014.05.12 17:54:32.149,1.1505,1.15062,1.15,1.00
2014.05.12 17:54:36.144,1.15048,1.15062,2.74,1.00
2014.05.12 17:54:37.018,1.15048,1.15063,1.69,2.67
2014.05.12 17:54:37.564,1.15048,1.15063,1.00,2.67
2014.05.12 17:54:39.573,1.15047,1.15062,2.37,1.25
2014.05.12 17:54:45.383,1.15048,1.15062,1.00,1.13
2014.05.12 17:54:46.642,1.15048,1.15062,1.00,1.80
2014.05.12 17:54:47.078,1.15046,1.15061,1.19,5.18
2014.05.12 17:54:47.799,1.15046,1.15061,1.00,6.12
2014.05.12 17:55:08.815,1.15046,1.15059,1.00,1.15
2014.05.12 17:55:08.989,1.15048,1.15059,1.00,1.15
2014.05.12 17:55:11.469,1.15046,1.15061,1.00,4.77
2014.05.12 17:55:19.109,1.15047,1.15061,1.00,4.02
2014.05.12 17:55:25.705,1.15046,1.15061,1.00,4.77
2014.05.12 17:55:26.877,1.15048,1.15061,1.00,4.39
2014.05.12 17:55:28.330,1.15046,1.15061,1.25,4.39
2014.05.12 17:55:28.785,1.15048,1.15061,1.00,4.39
2014.05.12 17:55:29.408,1.15046,1.15061,1.19,4.20
2014.05.12 17:55:30.048,1.15046,1.15061,1.25,4.39
2014.05.12 17:55:32.525,1.15047,1.15061,1.00,3.64
2014.05.12 17:55:53.572,1.15047,1.15061,2.07,1.68
2014.05.12 17:55:53.724,1.15049,1.15063,1.25,2.78
2014.05.12 17:55:54.654,1.15049,1.15063,1.19,1.43
2014.05.12 17:55:56.863,1.15049,1.15063,1.25,1.43
2014.05.12 17:56:00.881,1.15049,1.15063,1.19,1.43
2014.05.12 17:56:03.741,1.15049,1.15063,1.25,1.43
2014.05.12 17:56:10.106,1.15049,1.15063,1.19,1.43
2014.05.12 17:56:40.682,1.15049,1.15064,2.07,1.68
2014.05.12 17:56:50.062,1.15049,1.15062,1.69,1.00
2014.05.12 17:56:50.618,1.15049,1.15064,1.69,2.59
2014.05.12 17:57:17.275,1.15049,1.15062,1.00,1.62
2014.05.12 17:57:17.787,1.15049,1.15062,1.00,1.93
2014.05.12 17:57:22.561,1.15048,1.15062,1.00,1.93
2014.05.12 17:57:35.497,1.15048,1.15061,1.00,1.24
2014.05.12 17:57:35.717,1.15048,1.15061,1.00,1.24
2014.05.12 17:57:39.150,1.15048,1.15061,2.25,1.53
2014.05.12 17:57:40.707,1.15048,1.15061,2.25,1.24
2014.05.12 17:57:41.681,1.15053,1.15062,1.00,3.45
2014.05.12 17:57:41.783,1.15053,1.15063,1.00,1.15
2014.05.12 17:57:41.985,1.15049,1.15063,1.00,1.15
2014.05.12 17:57:42.646,1.15049,1.15064,1.00,2.59
2014.05.12 17:57:53.247,1.15049,1.15062,1.00,1.99
2014.05.12 17:58:09.324,1.15049,1.15062,1.00,1.99
2014.05.12 17:58:21.166,1.15049,1.15062,1.50,1.68
2014.05.12 17:58:22.513,1.15049,1.15062,1.50,1.43
2014.05.12 17:58:36.346,1.15049,1.15063,1.69,1.05
2014.05.12 17:59:05.274,1.15051,1.15064,1.00,1.28
2014.05.12 17:59:05.578,1.15059,1.15071,1.00,1.68
2014.05.12 17:59:06.389,1.15059,1.15072,1.00,1.25
2014.05.12 17:59:06.937,1.15059,1.15072,1.00,1.19
2014.05.12 17:59:07.760,1.15059,1.15072,1.00,1.25
2014.05.12 17:59:08.575,1.15059,1.15072,1.00,1.93
2014.05.12 17:59:09.696,1.15059,1.15072,1.00,1.25
2014.05.12 17:59:16.276,1.15059,1.15072,1.00,1.19
2014.05.12 17:59:16.778,1.15063,1.15073,1.00,1.19
2014.05.12 17:59:16.829,1.15063,1.15074,1.00,1.15
2014.05.12 17:59:16.980,1.1506,1.15075,1.00,1.47
2014.05.12 17:59:17.332,1.15063,1.15076,1.00,2.97
2014.05.12 17:59:17.433,1.1506,1.15075,1.00,1.47
2014.05.12 17:59:17.616,1.1506,1.15074,1.00,1.15
2014.05.12 17:59:20.915,1.1506,1.15075,1.00,3.34
2014.05.12 17:59:21.828,1.1506,1.15074,1.00,1.15
2014.05.12 17:59:23.631,1.1506,1.15075,1.00,3.34
2014.05.12 17:59:28.285,1.1506,1.15076,1.00,5.37
2014.05.12 17:59:29.178,1.15061,1.15076,1.19,3.15
2014.05.12 17:59:29.481,1.15063,1.15076,1.25,1.05
2014.05.12 17:59:29.532,1.15063,1.15077,1.25,1.63
2014.05.12 17:59:30.126,1.15063,1.15075,1.25,2.03
2014.05.12 17:59:30.812,1.15063,1.15074,1.00,2.03
2014.05.12 17:59:31.736,1.15063,1.15075,1.00,1.00
2014.05.12 17:59:34.025,1.15061,1.15075,1.25,1.00
2014.05.12 17:59:36.973,1.15061,1.15074,1.25,2.03
2014.05.12 17:59:37.546,1.15061,1.15075,1.25,1.00
2014.05.12 17:59:40.966,1.15063,1.15075,1.00,1.25
2014.05.12 17:59:44.195,1.15061,1.15075,1.15,1.00
2014.05.12 17:59:45.134,1.15063,1.15075,1.00,1.00
2014.05.12 17:59:50.309,1.15062,1.15075,1.00,1.00
2014.05.12 17:59:50.835,1.1506,1.15075,1.62,1.00
2014.05.12 17:59:52.105,1.1506,1.15075,2.37,1.00
2014.05.12 17:59:53.214,1.1506,1.15075,2.37,1.00
2014.05.12 17:59:56.776,1.15061,1.15075,1.19,1.00
2014.05.12 17:59:59.236,1.1506,1.15075,2.37,1.00
