2011.06.08 01:00:02.611,0.95679,0.9571,1.73,5.93
2011.06.08 01:00:03.344,0.95679,0.95709,1.73,1.50
2011.06.08 01:00:05.325,0.9568,0.95708,1.35,1.50
2011.06.08 01:00:05.544,0.95682,0.95709,3.08,1.50
2011.06.08 01:00:05.874,0.95681,0.95714,4.05,1.35
2011.06.08 01:00:08.044,0.95681,0.95713,4.05,1.35
2011.06.08 01:00:08.484,0.95681,0.95712,3.83,1.35
2011.06.08 01:00:08.594,0.95681,0.95707,3.08,1.35
2011.06.08 01:00:08.813,0.95677,0.95707,1.73,1.35
2011.06.08 01:00:09.616,0.95677,0.95707,1.73,1.35
2011.06.08 01:00:09.835,0.95677,0.95708,1.73,1.35
2011.06.08 01:00:10.675,0.95681,0.95712,4.05,1.35
2011.06.08 01:00:11.004,0.95681,0.95715,4.05,4.43
2011.06.08 01:00:15.734,0.9568,0.95711,2.33,3.08
2011.06.08 01:00:16.064,0.9568,0.95711,1.58,3.83
2011.06.08 01:00:16.925,0.95681,0.95712,4.05,2.10
2011.06.08 01:00:17.035,0.95681,0.95714,4.05,1.35
2011.06.08 01:00:19.405,0.95681,0.95714,4.05,1.35
2011.06.08 01:00:19.844,0.95681,0.95712,4.05,1.35
2011.06.08 01:00:20.064,0.95681,0.95712,4.05,1.35
2011.06.08 01:00:21.824,0.95685,0.95714,1.35,1.50
2011.06.08 01:00:22.525,0.95685,0.95711,1.35,1.50
2011.06.08 01:00:23.684,0.95685,0.95712,1.35,3.83
2011.06.08 01:00:23.794,0.95685,0.95714,1.35,1.50
2011.06.08 01:00:29.426,0.95693,0.95714,1.35,1.50
2011.06.08 01:00:29.533,0.95689,0.95714,1.35,1.50
2011.06.08 01:00:29.644,0.95685,0.95714,1.35,1.50
2011.06.08 01:00:32.275,0.95683,0.95713,2.85,3.83
2011.06.08 01:00:32.605,0.95683,0.95711,2.10,4.95
2011.06.08 01:00:33.064,0.95683,0.95709,2.10,1.50
2011.06.08 01:00:37.436,0.95683,0.95694,2.10,2.25
2011.06.08 01:00:37.547,0.95675,0.95694,1.35,2.25
2011.06.08 01:00:38.419,0.95672,0.95693,1.35,1.50
2011.06.08 01:00:38.754,0.95672,0.95699,2.85,1.50
2011.06.08 01:00:42.195,0.9567,0.95699,2.10,1.50
2011.06.08 01:00:42.525,0.9567,0.95694,1.35,1.50
2011.06.08 01:00:42.965,0.9567,0.95694,1.35,1.50
2011.06.08 01:00:43.293,0.9567,0.95695,1.35,2.25
2011.06.08 01:00:46.862,0.9567,0.95694,1.35,1.50
2011.06.08 01:00:46.979,0.9567,0.95694,1.35,2.25
2011.06.08 01:00:47.206,0.95666,0.95692,1.50,1.50
2011.06.08 01:00:47.425,0.95664,0.95691,1.35,2.25
2011.06.08 01:00:47.865,0.95664,0.95689,1.35,3.83
2011.06.08 01:00:49.235,0.95664,0.95684,1.35,3.08
2011.06.08 01:00:49.344,0.95658,0.95684,2.10,3.08
2011.06.08 01:00:49.674,0.95663,0.95689,1.35,3.83
2011.06.08 01:00:50.444,0.95663,0.95688,1.35,1.50
2011.06.08 01:00:50.773,0.95663,0.95684,1.35,2.25
2011.06.08 01:00:51.328,0.95663,0.95684,1.35,1.50
2011.06.08 01:00:51.863,0.95663,0.95685,1.35,1.50
2011.06.08 01:00:52.414,0.95663,0.95685,1.35,1.50
2011.06.08 01:00:57.124,0.95659,0.95681,1.35,3.08
2011.06.08 01:00:57.234,0.95659,0.95681,1.35,3.08
2011.06.08 01:00:57.783,0.95659,0.95681,1.35,3.08
2011.06.08 01:00:58.328,0.95659,0.95683,1.35,4.58
2011.06.08 01:00:58.436,0.95658,0.95676,1.35,1.50
2011.06.08 01:00:59.246,0.95659,0.95676,1.35,1.50
2011.06.08 01:01:00.473,0.95657,0.95678,1.35,1.50
2011.06.08 01:01:00.585,0.95657,0.95679,1.35,3.83
2011.06.08 01:01:00.695,0.95658,0.95683,1.35,2.63
2011.06.08 01:01:00.916,0.95658,0.95688,4.43,1.13
2011.06.08 01:01:01.136,0.95666,0.95692,1.35,4.58
2011.06.08 01:01:01.245,0.95666,0.9569,1.35,3.83
2011.06.08 01:01:01.575,0.95666,0.95693,1.35,4.58
2011.06.08 01:01:02.014,0.95666,0.95689,1.35,1.50
2011.06.08 01:01:03.225,0.95666,0.95691,1.35,4.58
2011.06.08 01:01:03.333,0.95666,0.95691,1.35,4.58
2011.06.08 01:01:07.085,0.95672,0.95694,1.35,3.83
2011.06.08 01:01:07.194,0.95672,0.95694,1.35,3.08
2011.06.08 01:01:07.772,0.95672,0.95695,1.35,3.08
2011.06.08 01:01:08.215,0.95675,0.95697,1.35,1.50
2011.06.08 01:01:08.656,0.95668,0.95697,2.10,1.50
2011.06.08 01:01:08.875,0.95667,0.95693,1.35,3.83
2011.06.08 01:01:09.425,0.95668,0.95693,1.35,3.83
2011.06.08 01:01:09.754,0.95668,0.95693,1.35,3.83
2011.06.08 01:01:10.975,0.95664,0.95692,1.35,3.83
2011.06.08 01:01:11.523,0.95666,0.95691,1.35,3.83
2011.06.08 01:01:12.674,0.95668,0.95691,1.35,3.08
2011.06.08 01:01:12.784,0.95668,0.95691,1.35,3.08
2011.06.08 01:01:13.134,0.95668,0.95691,1.35,3.83
2011.06.08 01:01:19.225,0.95666,0.95691,1.35,4.58
2011.06.08 01:01:19.735,0.95668,0.95691,1.35,4.58
2011.06.08 01:01:19.843,0.95668,0.95691,1.35,3.83
2011.06.08 01:01:21.844,0.95668,0.95691,1.35,4.58
2011.06.08 01:01:23.236,0.95661,0.95687,1.35,3.08
2011.06.08 01:01:23.565,0.95666,0.9569,1.35,4.58
2011.06.08 01:01:23.783,0.95667,0.95691,1.35,3.83
2011.06.08 01:01:24.337,0.95667,0.95694,1.35,3.83
2011.06.08 01:01:24.445,0.95671,0.95697,1.35,2.63
2011.06.08 01:01:24.993,0.95671,0.95696,1.35,1.50
2011.06.08 01:01:25.594,0.95671,0.95694,1.35,1.13
2011.06.08 01:01:26.009,0.95662,0.95687,2.33,4.58
2011.06.08 01:01:26.129,0.95662,0.95684,1.35,1.13
2011.06.08 01:01:26.355,0.95662,0.95685,1.35,2.25
2011.06.08 01:01:26.905,0.9566,0.95689,1.35,3.08
2011.06.08 01:01:27.014,0.95662,0.95689,1.35,3.08
2011.06.08 01:01:27.234,0.95661,0.95689,1.35,3.08
2011.06.08 01:01:27.564,0.95662,0.95689,1.35,3.08
2011.06.08 01:01:27.895,0.95668,0.95692,1.35,3.08
2011.06.08 01:01:28.445,0.95666,0.95691,1.35,4.58
2011.06.08 01:01:30.385,0.95666,0.95691,1.35,1.88
2011.06.08 01:01:30.496,0.95663,0.95691,1.35,1.50
2011.06.08 01:01:30.824,0.95665,0.95692,1.35,3.83
2011.06.08 01:01:33.815,0.95668,0.95692,1.35,3.08
2011.06.08 01:01:33.924,0.95668,0.95696,1.35,4.58
2011.06.08 01:01:34.145,0.95668,0.95695,1.35,3.83
2011.06.08 01:01:34.255,0.95666,0.95693,1.35,1.50
2011.06.08 01:01:34.473,0.95668,0.95691,1.35,3.83
2011.06.08 01:01:34.804,0.95668,0.95691,1.35,4.20
2011.06.08 01:01:34.915,0.95667,0.95692,1.35,3.83
2011.06.08 01:01:35.464,0.95667,0.95692,1.35,3.08
2011.06.08 01:01:35.574,0.95667,0.95692,1.35,3.08
2011.06.08 01:01:38.295,0.9567,0.95693,1.35,1.50
2011.06.08 01:01:38.407,0.95673,0.95696,1.35,1.13
2011.06.08 01:01:38.515,0.95673,0.95697,1.35,3.08
2011.06.08 01:01:39.057,0.95673,0.95697,1.35,4.95
2011.06.08 01:01:39.286,0.95669,0.95693,1.35,3.08
2011.06.08 01:01:39.835,0.95669,0.95694,1.35,3.83
2011.06.08 01:01:40.165,0.95669,0.95691,1.35,3.83
2011.06.08 01:01:40.603,0.95667,0.9569,1.35,1.50
2011.06.08 01:01:41.045,0.95665,0.95689,1.35,1.50
2011.06.08 01:01:41.815,0.95669,0.95692,1.35,1.50
2011.06.08 01:01:42.585,0.95668,0.95692,1.35,4.58
2011.06.08 01:01:43.354,0.95666,0.95688,1.35,3.08
2011.06.08 01:01:45.014,0.95662,0.9569,1.35,1.50
2011.06.08 01:01:45.125,0.95662,0.95687,1.35,1.13
2011.06.08 01:01:45.233,0.95662,0.95685,1.35,2.25
2011.06.08 01:01:49.384,0.95662,0.95685,1.35,1.50
2011.06.08 01:01:50.343,0.95662,0.95686,1.35,1.50
2011.06.08 01:01:50.944,0.95662,0.95686,1.35,1.50
2011.06.08 01:01:51.273,0.95662,0.95686,1.35,1.50
2011.06.08 01:01:51.823,0.95662,0.95685,1.35,1.50
2011.06.08 01:01:52.194,0.95662,0.95685,1.35,1.50
2011.06.08 01:01:52.414,0.95662,0.95685,1.35,1.50
2011.06.08 01:01:52.524,0.95662,0.95688,1.35,2.25
2011.06.08 01:01:55.033,0.95662,0.95688,1.35,2.25
2011.06.08 01:01:55.607,0.95662,0.95686,1.35,1.50
2011.06.08 01:01:57.514,0.95666,0.95686,1.35,1.50
2011.06.08 01:02:00.084,0.95665,0.95687,1.35,1.50
2011.06.08 01:02:00.524,0.95666,0.95691,1.35,3.83
2011.06.08 01:02:00.964,0.95668,0.9569,1.35,1.88
2011.06.08 01:02:01.296,0.95656,0.9568,1.35,1.50
2011.06.08 01:02:01.406,0.95656,0.95682,1.35,1.50
2011.06.08 01:02:01.516,0.95657,0.95684,1.50,1.50
2011.06.08 01:02:01.624,0.95661,0.95684,1.35,1.50
2011.06.08 01:02:01.954,0.95661,0.95679,1.35,1.50
2011.06.08 01:02:02.615,0.95661,0.95685,1.35,1.50
2011.06.08 01:02:02.992,0.95659,0.95682,2.10,1.50
2011.06.08 01:02:03.326,0.95661,0.95679,1.35,1.50
2011.06.08 01:02:03.548,0.95665,0.95689,1.35,3.83
2011.06.08 01:02:03.984,0.95665,0.95685,1.35,1.50
2011.06.08 01:02:04.534,0.95665,0.95687,1.35,3.83
2011.06.08 01:02:04.757,0.95662,0.95685,1.35,1.50
2011.06.08 01:02:05.416,0.95666,0.95686,1.35,3.08
2011.06.08 01:02:05.634,0.95659,0.95691,1.50,5.18
2011.06.08 01:02:06.185,0.95664,0.9569,1.50,3.08
2011.06.08 01:02:06.403,0.95661,0.9569,2.25,3.83
2011.06.08 01:02:07.176,0.95662,0.95686,1.73,1.50
2011.06.08 01:02:07.743,0.95662,0.95687,1.73,1.50
2011.06.08 01:02:09.424,0.95661,0.95688,2.48,1.50
2011.06.08 01:02:09.778,0.95663,0.95691,1.73,5.18
2011.06.08 01:02:10.103,0.95662,0.95691,1.73,5.18
2011.06.08 01:02:10.713,0.95667,0.95691,1.50,5.18
2011.06.08 01:02:12.656,0.95663,0.95691,3.08,1.50
2011.06.08 01:02:13.204,0.95667,0.95691,1.88,4.58
2011.06.08 01:02:15.395,0.95659,0.95689,1.50,2.10
2011.06.08 01:02:15.956,0.95665,0.95689,1.50,1.35
2011.06.08 01:02:16.065,0.95661,0.95689,1.50,1.35
2011.06.08 01:02:16.653,0.95658,0.95689,1.50,1.35
2011.06.08 01:02:17.955,0.95657,0.95687,2.33,4.58
2011.06.08 01:02:18.394,0.95659,0.95689,1.50,1.35
2011.06.08 01:02:18.724,0.95659,0.9569,1.50,4.43
2011.06.08 01:02:19.276,0.95662,0.9569,1.35,3.83
2011.06.08 01:02:19.603,0.95662,0.9569,1.35,3.83
2011.06.08 01:02:20.265,0.95658,0.95687,1.50,1.50
2011.06.08 01:02:20.484,0.95657,0.95688,1.50,1.50
2011.06.08 01:02:20.704,0.95657,0.9569,1.50,4.43
2011.06.08 01:02:21.035,0.95656,0.9568,1.13,1.50
2011.06.08 01:02:21.255,0.95651,0.95676,1.50,1.35
2011.06.08 01:02:21.366,0.95647,0.95674,1.50,1.50
2011.06.08 01:02:21.796,0.95651,0.9568,1.50,2.10
2011.06.08 01:02:21.905,0.9565,0.9568,1.50,2.10
2011.06.08 01:02:22.465,0.95652,0.9568,2.25,3.68
2011.06.08 01:02:22.684,0.95657,0.95683,1.50,1.50
2011.06.08 01:02:22.795,0.95657,0.95683,1.50,1.50
2011.06.08 01:02:23.124,0.95658,0.95689,1.50,4.43
2011.06.08 01:02:23.235,0.95659,0.95689,1.35,3.83
2011.06.08 01:02:24.774,0.95656,0.95685,1.73,3.08
2011.06.08 01:02:25.104,0.95657,0.95685,1.50,4.58
2011.06.08 01:02:25.764,0.95656,0.95686,2.63,4.58
2011.06.08 01:02:26.314,0.95658,0.95689,1.35,3.83
2011.06.08 01:02:26.424,0.95658,0.95686,2.10,3.08
2011.06.08 01:02:26.534,0.95658,0.95686,2.10,3.08
2011.06.08 01:02:27.113,0.95655,0.95686,1.73,3.83
2011.06.08 01:02:27.333,0.95655,0.95686,1.73,3.83
2011.06.08 01:02:27.860,0.95655,0.95682,1.50,2.25
2011.06.08 01:02:28.198,0.95652,0.95677,1.73,1.50
2011.06.08 01:02:28.306,0.95652,0.95677,1.50,1.50
2011.06.08 01:02:28.964,0.95653,0.95679,1.50,3.68
2011.06.08 01:02:29.513,0.95654,0.95679,1.50,1.35
2011.06.08 01:02:31.025,0.95657,0.95682,1.50,1.50
2011.06.08 01:02:31.244,0.95657,0.95684,3.38,3.08
2011.06.08 01:02:31.793,0.9566,0.95686,1.50,3.68
2011.06.08 01:02:33.534,0.95663,0.95689,1.50,2.25
2011.06.08 01:02:33.644,0.95663,0.95689,1.50,2.25
2011.06.08 01:02:33.975,0.95658,0.95685,1.50,3.83
2011.06.08 01:02:34.303,0.95657,0.95685,3.38,3.83
2011.06.08 01:02:34.833,0.95657,0.95685,3.38,3.83
2011.06.08 01:02:35.327,0.95657,0.95685,3.38,3.83
2011.06.08 01:02:36.366,0.95657,0.95685,3.38,4.20
2011.06.08 01:02:36.694,0.95654,0.9568,2.10,3.08
2011.06.08 01:02:36.805,0.95658,0.95684,1.50,3.83
2011.06.08 01:02:37.025,0.95658,0.95685,1.50,3.08
2011.06.08 01:02:37.574,0.95657,0.95685,1.50,3.08
2011.06.08 01:02:37.904,0.95661,0.95688,1.50,1.50
2011.06.08 01:02:38.455,0.95659,0.95687,1.50,1.50
2011.06.08 01:02:38.564,0.95659,0.95686,1.50,3.83
2011.06.08 01:02:38.677,0.95662,0.95686,1.50,5.18
2011.06.08 01:02:39.237,0.95661,0.95684,1.50,1.50
2011.06.08 01:02:39.785,0.95661,0.95684,1.50,1.50
2011.06.08 01:02:41.094,0.95661,0.95684,1.50,1.50
2011.06.08 01:02:41.617,0.95661,0.95684,1.50,1.50
2011.06.08 01:02:42.164,0.95662,0.95684,1.50,1.50
2011.06.08 01:02:42.603,0.95662,0.95684,1.50,1.50
2011.06.08 01:02:43.044,0.95661,0.95684,1.50,1.50
2011.06.08 01:02:43.594,0.95658,0.95685,1.50,2.25
2011.06.08 01:02:44.035,0.95661,0.95685,1.50,1.50
2011.06.08 01:02:44.254,0.95661,0.95685,1.50,5.33
2011.06.08 01:02:45.755,0.95657,0.95685,1.50,4.58
2011.06.08 01:02:46.394,0.9566,0.95683,1.50,1.50
2011.06.08 01:02:46.508,0.9566,0.95685,1.50,5.33
2011.06.08 01:02:46.625,0.9566,0.95683,1.50,1.50
2011.06.08 01:02:46.957,0.9566,0.95682,1.50,2.48
2011.06.08 01:02:47.284,0.95657,0.95681,1.50,1.50
2011.06.08 01:02:47.616,0.95657,0.9568,1.50,1.50
2011.06.08 01:02:48.164,0.95657,0.9568,1.50,1.50
2011.06.08 01:02:48.273,0.95657,0.9568,1.50,2.25
2011.06.08 01:02:48.604,0.95655,0.95677,1.50,1.50
2011.06.08 01:02:49.154,0.95658,0.95678,1.50,1.50
2011.06.08 01:02:49.505,0.95658,0.95678,1.50,1.50
2011.06.08 01:02:50.726,0.9566,0.95682,1.50,4.58
2011.06.08 01:02:50.836,0.9566,0.95682,1.50,3.83
2011.06.08 01:02:51.384,0.9566,0.95682,1.50,1.50
2011.06.08 01:02:51.988,0.9566,0.95682,1.50,1.50
2011.06.08 01:02:52.994,0.9566,0.95682,1.50,1.50
2011.06.08 01:02:53.715,0.95658,0.95682,1.50,4.58
2011.06.08 01:02:54.264,0.95656,0.95682,1.50,5.33
2011.06.08 01:02:55.914,0.95655,0.95678,1.50,3.08
2011.06.08 01:02:56.024,0.95655,0.95678,1.50,3.83
2011.06.08 01:02:56.354,0.95653,0.95676,1.50,1.50
2011.06.08 01:02:56.464,0.95653,0.95678,1.50,3.83
2011.06.08 01:02:56.574,0.95656,0.95681,1.50,2.10
2011.06.08 01:02:56.794,0.95658,0.95681,1.50,2.10
2011.06.08 01:02:57.905,0.95658,0.95681,1.50,2.10
2011.06.08 01:02:58.334,0.9566,0.95683,1.50,5.33
2011.06.08 01:02:58.554,0.95661,0.95684,1.50,3.38
2011.06.08 01:02:58.775,0.95661,0.95684,1.50,1.50
2011.06.08 01:02:59.325,0.9566,0.95681,1.50,1.50
2011.06.08 01:03:00.144,0.95659,0.95682,1.50,2.25
2011.06.08 01:03:00.476,0.95658,0.9568,1.50,1.50
2011.06.08 01:03:00.694,0.95657,0.9568,1.50,4.58
2011.06.08 01:03:00.805,0.95657,0.95679,1.50,1.50
2011.06.08 01:03:01.244,0.95652,0.95676,1.50,1.50
2011.06.08 01:03:01.354,0.95652,0.95676,1.50,1.50
2011.06.08 01:03:02.125,0.95652,0.95679,1.50,5.33
2011.06.08 01:03:02.234,0.9565,0.95679,1.73,4.58
2011.06.08 01:03:03.835,0.95652,0.95681,1.50,5.18
2011.06.08 01:03:04.061,0.95655,0.9568,1.50,1.50
2011.06.08 01:03:05.694,0.95652,0.95679,1.50,1.50
2011.06.08 01:03:06.024,0.9565,0.95676,1.50,2.25
2011.06.08 01:03:06.356,0.9565,0.95673,1.50,1.50
2011.06.08 01:03:06.573,0.9565,0.95673,1.50,1.50
2011.06.08 01:03:09.235,0.9565,0.95673,1.50,1.50
2011.06.08 01:03:09.784,0.95649,0.95671,1.50,1.50
2011.06.08 01:03:10.641,0.95646,0.95673,2.25,3.38
2011.06.08 01:03:12.225,0.95646,0.95669,2.48,1.73
2011.06.08 01:03:12.554,0.95646,0.95669,1.50,1.73
2011.06.08 01:03:13.349,0.95646,0.95669,3.83,1.35
2011.06.08 01:03:13.459,0.95646,0.95668,1.50,1.50
2011.06.08 01:03:13.684,0.95644,0.95668,1.50,2.10
2011.06.08 01:03:13.795,0.95644,0.95668,1.50,1.35
2011.06.08 01:03:15.245,0.95643,0.95668,1.50,1.35
2011.06.08 01:03:15.935,0.95644,0.95668,1.50,1.35
2011.06.08 01:03:16.487,0.95646,0.95666,1.50,3.08
2011.06.08 01:03:16.594,0.95641,0.95669,1.73,1.50
2011.06.08 01:03:16.966,0.95646,0.95662,1.50,1.50
2011.06.08 01:03:17.186,0.9564,0.95662,1.50,1.50
2011.06.08 01:03:17.406,0.95638,0.95665,1.50,3.83
2011.06.08 01:03:17.734,0.95643,0.95665,1.50,3.08
2011.06.08 01:03:17.844,0.95643,0.95671,1.50,3.83
2011.06.08 01:03:17.954,0.95643,0.95672,1.50,1.50
2011.06.08 01:03:18.174,0.95643,0.95672,1.50,1.50
2011.06.08 01:03:18.504,0.95647,0.95674,2.25,2.48
2011.06.08 01:03:19.925,0.95647,0.95666,2.25,1.35
2011.06.08 01:03:20.035,0.95643,0.95662,1.50,1.50
2011.06.08 01:03:20.144,0.95642,0.95665,1.50,1.50
2011.06.08 01:03:20.256,0.95639,0.95666,1.50,3.68
2011.06.08 01:03:20.366,0.95644,0.95671,1.50,2.25
2011.06.08 01:03:20.698,0.95646,0.95673,2.63,1.35
2011.06.08 01:03:21.135,0.95646,0.95672,2.85,2.10
2011.06.08 01:03:21.244,0.95646,0.95672,2.85,2.10
2011.06.08 01:03:21.576,0.95647,0.95672,2.85,1.35
2011.06.08 01:03:21.905,0.95642,0.95667,1.50,3.08
2011.06.08 01:03:22.017,0.9564,0.95662,1.50,1.50
2011.06.08 01:03:22.735,0.9564,0.95661,1.50,1.50
2011.06.08 01:03:22.954,0.9564,0.95661,1.50,1.50
2011.06.08 01:03:23.535,0.9564,0.95661,1.50,1.50
2011.06.08 01:03:23.865,0.95638,0.95664,1.50,1.50
2011.06.08 01:03:24.085,0.95641,0.95665,1.50,1.35
2011.06.08 01:03:25.404,0.95643,0.95665,1.50,1.35
2011.06.08 01:03:25.955,0.95645,0.95666,1.50,1.35
2011.06.08 01:03:26.464,0.95645,0.95667,1.50,1.50
2011.06.08 01:03:27.785,0.95645,0.95667,1.50,1.50
2011.06.08 01:03:27.895,0.95643,0.95666,1.50,4.58
2011.06.08 01:03:28.005,0.95641,0.95663,1.50,1.35
2011.06.08 01:03:29.596,0.9564,0.95665,1.50,1.50
2011.06.08 01:03:29.814,0.95641,0.95666,1.50,1.50
2011.06.08 01:03:30.363,0.95642,0.95666,1.50,1.50
2011.06.08 01:03:30.475,0.95642,0.95665,1.50,1.50
2011.06.08 01:03:31.024,0.95639,0.95661,1.50,1.50
2011.06.08 01:03:33.465,0.9564,0.95662,1.50,1.50
2011.06.08 01:03:34.015,0.95644,0.95662,1.35,1.50
2011.06.08 01:03:34.346,0.95647,0.95664,2.63,1.50
2011.06.08 01:03:34.566,0.95637,0.95663,3.38,1.50
2011.06.08 01:03:34.675,0.95637,0.95664,3.38,1.50
2011.06.08 01:03:35.010,0.95647,0.95663,1.50,1.13
2011.06.08 01:03:35.715,0.95647,0.95668,2.25,1.73
2011.06.08 01:03:35.824,0.9564,0.95668,2.25,1.35
2011.06.08 01:03:36.894,0.95643,0.95668,1.50,1.35
2011.06.08 01:03:37.504,0.95642,0.95668,1.50,1.35
2011.06.08 01:03:38.094,0.95647,0.95668,2.25,1.35
2011.06.08 01:03:38.964,0.95647,0.95668,2.63,1.35
2011.06.08 01:03:39.295,0.95642,0.95668,1.50,2.10
2011.06.08 01:03:39.855,0.95646,0.95668,2.63,2.10
2011.06.08 01:03:40.374,0.95641,0.95666,1.73,1.50
2011.06.08 01:03:40.484,0.95647,0.95666,1.88,1.50
2011.06.08 01:03:41.033,0.95641,0.95668,1.73,2.10
2011.06.08 01:03:41.584,0.9564,0.95667,1.50,5.33
2011.06.08 01:03:41.695,0.95647,0.95667,1.88,5.33
2011.06.08 01:03:42.715,0.95647,0.95667,1.88,5.33
2011.06.08 01:03:42.825,0.95639,0.95665,2.25,1.50
2011.06.08 01:03:43.044,0.95647,0.95663,1.50,1.13
2011.06.08 01:03:45.515,0.95637,0.95663,3.38,2.63
2011.06.08 01:03:45.733,0.95637,0.95663,3.38,3.38
2011.06.08 01:03:45.953,0.95637,0.95663,3.38,2.63
2011.06.08 01:03:49.495,0.95637,0.95663,3.38,1.88
2011.06.08 01:03:49.825,0.95637,0.95663,3.38,2.63
2011.06.08 01:03:49.933,0.95637,0.95663,3.38,2.63
2011.06.08 01:03:50.626,0.95646,0.95664,1.50,1.13
2011.06.08 01:03:51.434,0.95646,0.95664,1.50,1.13
2011.06.08 01:03:51.762,0.95638,0.95665,1.50,1.50
2011.06.08 01:03:51.885,0.95638,0.95664,1.50,1.50
2011.06.08 01:03:51.995,0.9564,0.95666,1.50,1.50
2011.06.08 01:03:52.324,0.9564,0.95666,1.50,1.50
2011.06.08 01:03:52.903,0.95647,0.95666,1.88,1.50
2011.06.08 01:03:53.255,0.9564,0.95668,2.25,5.18
2011.06.08 01:03:53.475,0.95639,0.95665,1.50,1.50
2011.06.08 01:03:53.694,0.95637,0.95663,2.25,1.50
2011.06.08 01:03:53.805,0.95636,0.95663,2.63,1.50
2011.06.08 01:03:54.134,0.95636,0.95663,2.63,1.50
2011.06.08 01:03:55.624,0.95636,0.95665,2.63,1.35
2011.06.08 01:03:55.845,0.9564,0.95668,1.50,1.50
2011.06.08 01:03:56.524,0.95647,0.95669,2.63,2.85
2011.06.08 01:03:57.718,0.95641,0.95665,1.50,1.50
2011.06.08 01:03:58.047,0.95637,0.95662,2.63,1.50
2011.06.08 01:03:58.156,0.95637,0.95664,2.63,1.35
2011.06.08 01:03:58.266,0.95637,0.95664,2.63,1.35
2011.06.08 01:03:58.487,0.95637,0.95666,2.63,1.35
2011.06.08 01:03:59.035,0.95637,0.95653,3.38,1.13
2011.06.08 01:03:59.147,0.95637,0.95651,2.63,3.08
2011.06.08 01:03:59.258,0.95628,0.95647,1.50,1.50
2011.06.08 01:03:59.596,0.95604,0.95626,3.83,1.50
2011.06.08 01:03:59.850,0.95604,0.95633,3.83,2.10
2011.06.08 01:04:00.074,0.95603,0.95633,2.33,3.08
2011.06.08 01:04:00.805,0.95611,0.95642,1.35,3.83
2011.06.08 01:04:01.588,0.95611,0.95644,4.43,1.88
2011.06.08 01:04:01.927,0.9562,0.95649,1.35,1.13
2011.06.08 01:04:02.144,0.9562,0.95649,1.35,1.50
2011.06.08 01:04:02.257,0.95617,0.95645,6.45,1.13
2011.06.08 01:04:02.475,0.95616,0.95646,1.35,1.13
2011.06.08 01:04:02.722,0.95616,0.95646,1.35,1.13
2011.06.08 01:04:03.384,0.95617,0.95645,2.25,1.35
2011.06.08 01:04:03.497,0.95614,0.95643,1.50,1.50
2011.06.08 01:04:03.936,0.95617,0.95648,1.35,2.25
2011.06.08 01:04:04.375,0.95617,0.95648,1.35,1.50
2011.06.08 01:04:04.704,0.95617,0.95647,1.35,2.25
2011.06.08 01:04:05.028,0.95617,0.95644,1.35,1.50
2011.06.08 01:04:05.466,0.95613,0.95642,1.50,3.83
2011.06.08 01:04:06.945,0.95612,0.9564,1.35,3.83
2011.06.08 01:04:08.244,0.95612,0.95638,1.35,1.50
2011.06.08 01:04:08.575,0.95607,0.95634,1.50,3.08
2011.06.08 01:04:08.795,0.95604,0.95635,1.35,4.58
2011.06.08 01:04:09.015,0.95604,0.95633,1.35,3.83
2011.06.08 01:04:09.455,0.95599,0.9563,1.35,1.50
2011.06.08 01:04:10.114,0.95607,0.95633,2.63,3.68
2011.06.08 01:04:10.227,0.95607,0.95633,2.63,3.83
2011.06.08 01:04:10.335,0.95607,0.95635,2.63,1.50
2011.06.08 01:04:10.446,0.9561,0.9564,1.35,3.83
2011.06.08 01:04:10.726,0.9561,0.9564,1.35,3.08
2011.06.08 01:04:10.839,0.95614,0.95644,1.13,4.43
2011.06.08 01:04:10.956,0.95621,0.9565,4.58,1.13
2011.06.08 01:04:11.065,0.95621,0.95655,5.33,5.18
2011.06.08 01:04:11.176,0.95625,0.95655,1.35,4.58
2011.06.08 01:04:11.725,0.95621,0.95653,2.10,3.68
2011.06.08 01:04:13.205,0.95623,0.95654,1.50,3.68
2011.06.08 01:04:13.535,0.95622,0.95653,1.50,4.43
2011.06.08 01:04:13.865,0.95623,0.95652,1.50,3.83
2011.06.08 01:04:13.978,0.95623,0.95655,1.50,3.68
2011.06.08 01:04:14.086,0.95624,0.95652,1.50,2.10
2011.06.08 01:04:14.416,0.95624,0.95651,1.50,3.83
2011.06.08 01:04:14.635,0.95621,0.95651,1.35,3.83
2011.06.08 01:04:14.855,0.95619,0.9565,2.25,1.35
2011.06.08 01:04:15.212,0.95621,0.95648,1.35,3.08
2011.06.08 01:04:15.325,0.95621,0.9565,1.35,4.58
2011.06.08 01:04:15.658,0.95616,0.9564,1.50,1.35
2011.06.08 01:04:16.205,0.95611,0.95642,1.50,3.68
2011.06.08 01:04:16.555,0.95613,0.95644,1.50,1.35
2011.06.08 01:04:16.994,0.95613,0.95646,2.10,1.35
2011.06.08 01:04:17.714,0.95613,0.95646,2.10,1.35
2011.06.08 01:04:17.933,0.95613,0.95646,2.10,1.35
2011.06.08 01:04:18.704,0.95613,0.95646,2.10,1.35
2011.06.08 01:04:18.815,0.95613,0.95642,1.50,1.35
2011.06.08 01:04:18.925,0.95613,0.9564,1.50,1.35
2011.06.08 01:04:19.145,0.95608,0.9564,1.50,1.35
2011.06.08 01:04:19.652,0.9561,0.95637,1.50,3.83
2011.06.08 01:04:19.880,0.95609,0.95614,1.50,3.08
2011.06.08 01:04:20.111,0.95588,0.95618,1.50,1.35
2011.06.08 01:04:20.229,0.95586,0.95616,1.50,3.68
2011.06.08 01:04:20.567,0.9559,0.9561,1.50,3.83
2011.06.08 01:04:20.786,0.95577,0.9561,1.35,3.83
2011.06.08 01:04:20.895,0.95577,0.9561,1.35,3.08
2011.06.08 01:04:21.445,0.95577,0.9561,1.35,3.08
2011.06.08 01:04:21.775,0.95577,0.95595,1.35,3.08
2011.06.08 01:04:22.106,0.95566,0.95595,1.35,1.13
2011.06.08 01:04:22.217,0.95568,0.95598,3.83,1.35
2011.06.08 01:04:22.326,0.95568,0.95598,3.83,1.35
2011.06.08 01:04:22.857,0.95568,0.956,3.83,1.35
2011.06.08 01:04:24.394,0.95567,0.95595,1.35,3.08
2011.06.08 01:04:24.946,0.95567,0.95595,1.35,3.08
2011.06.08 01:04:25.168,0.95563,0.95594,1.50,3.68
2011.06.08 01:04:25.275,0.95563,0.95597,1.50,1.35
2011.06.08 01:04:25.826,0.95563,0.95597,1.50,1.35
2011.06.08 01:04:25.935,0.95561,0.95593,1.35,1.35
2011.06.08 01:04:26.156,0.95561,0.95599,4.43,3.23
2011.06.08 01:04:26.265,0.95559,0.95592,3.83,2.10
2011.06.08 01:04:26.486,0.95561,0.95598,3.83,2.10
2011.06.08 01:04:26.597,0.95561,0.95598,3.83,2.10
2011.06.08 01:04:27.144,0.95562,0.95598,3.83,2.10
2011.06.08 01:04:27.946,0.95563,0.95601,4.43,5.18
2011.06.08 01:04:28.054,0.95563,0.95601,4.43,5.18
2011.06.08 01:04:29.155,0.95566,0.95601,3.83,2.10
2011.06.08 01:04:30.144,0.9556,0.95596,3.83,3.08
2011.06.08 01:04:30.694,0.95563,0.95597,3.83,3.08
2011.06.08 01:04:30.805,0.95564,0.95598,3.83,3.45
2011.06.08 01:04:30.915,0.95558,0.95588,1.50,3.08
2011.06.08 01:04:31.714,0.95555,0.95589,3.83,3.08
2011.06.08 01:04:31.937,0.95557,0.95591,3.83,3.08
2011.06.08 01:04:32.154,0.9556,0.9559,1.35,3.08
2011.06.08 01:04:32.376,0.9556,0.95592,1.35,3.08
2011.06.08 01:04:32.858,0.9556,0.95595,1.35,3.68
2011.06.08 01:04:32.965,0.9556,0.95592,1.35,3.08
2011.06.08 01:04:33.296,0.95554,0.95582,1.35,3.08
2011.06.08 01:04:33.846,0.9556,0.95582,1.35,3.08
2011.06.08 01:04:33.955,0.9556,0.95589,1.35,3.08
2011.06.08 01:04:34.066,0.95562,0.95589,1.35,3.08
2011.06.08 01:04:34.505,0.95562,0.95595,1.35,3.08
2011.06.08 01:04:34.834,0.95562,0.95595,1.35,3.45
2011.06.08 01:04:35.168,0.95567,0.95593,1.13,3.08
2011.06.08 01:04:35.276,0.95568,0.95602,3.83,5.18
2011.06.08 01:04:35.717,0.95564,0.95593,3.83,2.48
2011.06.08 01:04:36.439,0.95561,0.95581,1.13,3.08
2011.06.08 01:04:36.669,0.95554,0.95588,3.83,3.68
2011.06.08 01:04:36.898,0.95562,0.95595,3.83,1.35
2011.06.08 01:04:37.016,0.9556,0.95593,1.35,3.68
2011.06.08 01:04:37.566,0.95561,0.95595,3.83,3.68
2011.06.08 01:04:37.786,0.95562,0.95596,3.83,3.68
2011.06.08 01:04:38.005,0.95562,0.95596,3.83,4.05
2011.06.08 01:04:38.115,0.95553,0.95564,2.25,3.08
2011.06.08 01:04:38.228,0.95549,0.95561,1.50,3.08
2011.06.08 01:04:38.448,0.95536,0.95561,2.10,3.08
2011.06.08 01:04:38.787,0.95545,0.95567,1.35,3.08
2011.06.08 01:04:38.896,0.9555,0.95581,1.35,3.08
2011.06.08 01:04:39.402,0.9555,0.95579,1.35,3.08
2011.06.08 01:04:39.500,0.95486,0.95544,1.35,2.48
2011.06.08 01:04:39.615,0.95486,0.95544,2.10,2.10
2011.06.08 01:04:39.729,0.95493,0.95548,1.35,3.68
2011.06.08 01:04:39.850,0.95492,0.95548,3.83,5.18
2011.06.08 01:04:40.023,0.95493,0.95548,1.35,3.68
2011.06.08 01:04:40.143,0.95498,0.95545,1.35,3.08
2011.06.08 01:04:40.365,0.95498,0.95553,1.35,3.68
2011.06.08 01:04:40.697,0.95508,0.95542,3.83,3.68
2011.06.08 01:04:40.808,0.95511,0.95542,1.35,3.08
2011.06.08 01:04:40.915,0.95511,0.95542,1.35,3.08
2011.06.08 01:04:41.248,0.955,0.95535,1.35,3.68
2011.06.08 01:04:41.356,0.955,0.95535,1.35,3.68
2011.06.08 01:04:41.788,0.95494,0.95532,3.83,2.48
2011.06.08 01:04:42.118,0.95488,0.95527,1.35,5.18
2011.06.08 01:04:42.460,0.9547,0.95504,1.35,3.08
2011.06.08 01:04:42.796,0.95483,0.95515,1.35,3.08
2011.06.08 01:04:42.906,0.95477,0.95509,3.08,2.10
2011.06.08 01:04:43.236,0.95478,0.95502,1.35,3.08
2011.06.08 01:04:43.456,0.95471,0.95511,3.83,3.08
2011.06.08 01:04:43.674,0.95473,0.95511,1.13,3.08
2011.06.08 01:04:44.007,0.95474,0.95509,1.50,3.08
2011.06.08 01:04:44.115,0.95472,0.95506,3.83,3.08
2011.06.08 01:04:44.690,0.95482,0.95507,1.13,3.08
2011.06.08 01:04:45.025,0.95483,0.95523,3.83,3.08
2011.06.08 01:04:45.466,0.9549,0.95523,1.13,3.08
2011.06.08 01:04:45.688,0.9549,0.95526,1.13,3.08
2011.06.08 01:04:45.795,0.9549,0.95526,1.13,3.08
2011.06.08 01:04:45.904,0.95492,0.9553,3.83,3.08
2011.06.08 01:04:46.016,0.95492,0.9553,3.83,3.08
2011.06.08 01:04:46.236,0.95492,0.95528,3.83,1.39
2011.06.08 01:04:46.456,0.95488,0.95523,1.50,3.08
2011.06.08 01:04:46.675,0.95485,0.95513,2.25,3.08
2011.06.08 01:04:46.787,0.95485,0.95513,1.50,3.08
2011.06.08 01:04:46.896,0.95478,0.9551,1.50,3.08
2011.06.08 01:04:47.224,0.95478,0.95511,1.50,3.08
2011.06.08 01:04:47.766,0.95473,0.95512,1.13,3.08
2011.06.08 01:04:48.095,0.95475,0.95507,1.13,3.08
2011.06.08 01:04:48.645,0.95485,0.95508,1.35,3.08
2011.06.08 01:04:49.194,0.95483,0.95513,1.88,3.08
2011.06.08 01:04:49.635,0.95487,0.95521,1.50,3.08
2011.06.08 01:04:49.965,0.9549,0.95519,1.88,3.08
2011.06.08 01:04:50.355,0.95486,0.95522,1.50,1.50
2011.06.08 01:04:50.471,0.95495,0.95525,1.50,3.08
2011.06.08 01:04:50.589,0.95494,0.95525,1.50,3.08
2011.06.08 01:04:51.036,0.95494,0.95527,1.50,3.08
2011.06.08 01:04:51.257,0.95494,0.95524,1.50,3.08
2011.06.08 01:04:51.365,0.95496,0.95527,1.50,3.08
2011.06.08 01:04:51.586,0.95495,0.95528,1.50,3.08
2011.06.08 01:04:51.915,0.95499,0.95528,1.50,3.08
2011.06.08 01:04:52.249,0.95501,0.95531,1.50,3.83
2011.06.08 01:04:52.366,0.95508,0.95531,1.13,2.10
2011.06.08 01:04:52.586,0.95504,0.95539,3.83,2.25
2011.06.08 01:04:52.916,0.95511,0.95536,1.50,3.08
2011.06.08 01:04:53.026,0.95511,0.95542,1.50,3.08
2011.06.08 01:04:53.445,0.95517,0.95543,1.50,3.08
2011.06.08 01:04:53.556,0.95517,0.95549,1.50,3.08
2011.06.08 01:04:53.885,0.95514,0.95549,2.25,3.08
2011.06.08 01:04:54.107,0.95512,0.95546,1.13,1.50
2011.06.08 01:04:54.327,0.95508,0.95541,1.35,1.35
2011.06.08 01:04:54.435,0.95508,0.9554,1.35,1.35
2011.06.08 01:04:54.655,0.95508,0.95537,1.35,3.83
2011.06.08 01:04:54.763,0.95508,0.95534,1.35,3.08
2011.06.08 01:04:55.095,0.95508,0.95533,1.35,1.50
2011.06.08 01:04:55.206,0.95499,0.95531,1.50,1.35
2011.06.08 01:04:55.534,0.95501,0.95529,1.35,3.08
2011.06.08 01:04:56.085,0.95495,0.95527,1.35,3.08
2011.06.08 01:04:56.525,0.95502,0.95527,1.50,3.08
2011.06.08 01:04:56.744,0.95507,0.95534,1.35,3.08
2011.06.08 01:04:57.109,0.95501,0.95529,1.35,3.08
2011.06.08 01:04:57.444,0.95501,0.95531,1.35,3.08
2011.06.08 01:04:57.995,0.95501,0.9553,1.35,3.08
2011.06.08 01:04:58.214,0.95501,0.9553,1.35,3.08
2011.06.08 01:04:58.775,0.95506,0.95535,1.35,3.83
2011.06.08 01:04:58.885,0.95506,0.95535,1.35,3.83
2011.06.08 01:04:58.995,0.95506,0.95531,1.35,3.08
2011.06.08 01:04:59.324,0.95506,0.95534,1.35,3.08
2011.06.08 01:04:59.436,0.95513,0.95536,1.35,3.08
2011.06.08 01:04:59.874,0.95513,0.95536,1.35,3.08
2011.06.08 01:05:00.095,0.95513,0.95542,1.35,3.83
2011.06.08 01:05:00.425,0.95513,0.95541,1.35,3.08
2011.06.08 01:05:00.535,0.95518,0.95539,1.35,3.08
2011.06.08 01:05:00.865,0.9552,0.95542,1.50,3.08
2011.06.08 01:05:01.443,0.9552,0.95543,1.50,3.08
2011.06.08 01:05:01.560,0.95518,0.9554,1.35,3.08
2011.06.08 01:05:02.006,0.95519,0.9554,1.35,3.08
2011.06.08 01:05:02.227,0.95516,0.95546,1.50,3.08
2011.06.08 01:05:02.666,0.95513,0.95543,1.35,3.08
2011.06.08 01:05:02.774,0.95513,0.95545,1.35,3.08
2011.06.08 01:05:02.994,0.95513,0.95542,1.35,3.08
2011.06.08 01:05:03.546,0.95513,0.95547,1.73,4.43
2011.06.08 01:05:03.656,0.95515,0.95547,1.50,3.68
2011.06.08 01:05:04.314,0.95521,0.95552,1.35,3.83
2011.06.08 01:05:04.645,0.95515,0.95546,2.10,3.08
2011.06.08 01:05:05.232,0.95515,0.95545,1.35,3.08
2011.06.08 01:05:05.348,0.95511,0.95541,1.50,3.68
2011.06.08 01:05:05.686,0.95509,0.95539,1.35,3.08
2011.06.08 01:05:05.908,0.95504,0.95533,1.50,3.08
2011.06.08 01:05:06.128,0.95497,0.95527,1.50,3.08
2011.06.08 01:05:06.237,0.95497,0.95527,1.50,3.08
2011.06.08 01:05:06.347,0.95497,0.95524,1.50,3.68
2011.06.08 01:05:06.455,0.95497,0.95524,1.50,3.68
2011.06.08 01:05:06.677,0.95499,0.9553,1.35,3.08
2011.06.08 01:05:06.896,0.95502,0.95534,1.50,3.68
2011.06.08 01:05:07.227,0.95499,0.95532,2.10,3.68
2011.06.08 01:05:07.336,0.955,0.95532,1.50,3.68
2011.06.08 01:05:07.885,0.955,0.95533,1.50,3.68
2011.06.08 01:05:08.326,0.95499,0.95527,2.10,3.08
2011.06.08 01:05:08.654,0.95499,0.95532,2.10,3.68
2011.06.08 01:05:09.115,0.95507,0.95537,1.35,3.08
2011.06.08 01:05:09.225,0.95507,0.95537,1.35,3.08
2011.06.08 01:05:09.446,0.95513,0.95546,1.35,1.35
2011.06.08 01:05:09.775,0.95514,0.95548,1.50,1.35
2011.06.08 01:05:10.218,0.95513,0.95536,1.35,3.08
2011.06.08 01:05:10.338,0.95508,0.95532,1.50,3.08
2011.06.08 01:05:10.450,0.95505,0.95537,2.10,3.08
2011.06.08 01:05:10.566,0.95505,0.95532,2.10,3.08
2011.06.08 01:05:11.114,0.95501,0.95534,1.50,3.68
2011.06.08 01:05:11.665,0.95501,0.95532,1.50,3.08
2011.06.08 01:05:11.885,0.95501,0.95529,1.50,3.08
2011.06.08 01:05:11.998,0.95499,0.95529,1.35,3.08
2011.06.08 01:05:12.216,0.95493,0.95524,1.35,3.08
2011.06.08 01:05:12.748,0.95491,0.95522,1.50,3.68
2011.06.08 01:05:12.976,0.95494,0.95523,2.10,3.08
2011.06.08 01:05:13.196,0.95494,0.95523,2.10,3.08
2011.06.08 01:05:13.525,0.95494,0.95525,2.10,3.08
2011.06.08 01:05:13.966,0.95499,0.95527,1.35,3.08
2011.06.08 01:05:14.075,0.95499,0.95525,1.35,3.08
2011.06.08 01:05:14.406,0.95499,0.95523,1.35,3.08
2011.06.08 01:05:14.735,0.95483,0.95516,1.50,3.08
2011.06.08 01:05:14.955,0.9549,0.95523,1.35,3.83
2011.06.08 01:05:15.176,0.9549,0.95523,1.35,4.58
2011.06.08 01:05:15.615,0.9549,0.95518,1.35,3.08
2011.06.08 01:05:16.165,0.95486,0.95518,1.50,3.08
2011.06.08 01:05:16.495,0.95486,0.95518,1.50,3.08
2011.06.08 01:05:17.068,0.95486,0.95518,1.50,3.08
2011.06.08 01:05:17.175,0.95485,0.95518,2.10,3.08
2011.06.08 01:05:17.285,0.95485,0.95518,2.10,3.08
2011.06.08 01:05:17.396,0.95485,0.95512,1.35,3.08
2011.06.08 01:05:17.615,0.95485,0.95513,1.35,3.08
2011.06.08 01:05:17.724,0.95485,0.95516,1.35,3.08
2011.06.08 01:05:17.835,0.95485,0.95516,1.35,3.08
2011.06.08 01:05:18.205,0.95485,0.95516,1.35,3.08
2011.06.08 01:05:18.645,0.95485,0.95514,1.35,3.08
2011.06.08 01:05:18.975,0.95478,0.95511,1.50,3.68
2011.06.08 01:05:19.084,0.95478,0.95508,1.50,3.08
2011.06.08 01:05:19.195,0.95476,0.95508,2.85,3.08
2011.06.08 01:05:19.417,0.95471,0.95505,1.50,1.35
2011.06.08 01:05:19.636,0.9547,0.95502,1.35,1.35
2011.06.08 01:05:19.745,0.9547,0.95499,1.35,3.08
2011.06.08 01:05:20.184,0.9547,0.95502,1.35,4.43
2011.06.08 01:05:20.964,0.95465,0.95496,3.83,1.35
2011.06.08 01:05:21.081,0.95464,0.95493,1.35,1.50
2011.06.08 01:05:21.195,0.95456,0.95492,5.18,4.43
2011.06.08 01:05:21.526,0.95472,0.95494,1.35,3.08
2011.06.08 01:05:21.855,0.95472,0.955,1.35,3.08
2011.06.08 01:05:21.964,0.95472,0.955,1.35,3.08
2011.06.08 01:05:22.075,0.95476,0.955,1.35,3.08
2011.06.08 01:05:22.186,0.95476,0.95505,1.35,3.08
2011.06.08 01:05:22.407,0.95484,0.95508,1.50,3.83
2011.06.08 01:05:22.735,0.95484,0.95505,1.50,3.08
2011.06.08 01:05:22.847,0.95483,0.95511,1.35,3.83
2011.06.08 01:05:22.956,0.95483,0.95511,1.35,3.83
2011.06.08 01:05:23.286,0.95473,0.95502,3.83,1.50
2011.06.08 01:05:23.396,0.95473,0.95483,3.08,1.73
2011.06.08 01:05:23.510,0.95473,0.95483,3.08,1.13
2011.06.08 01:05:23.628,0.9546,0.95491,3.83,1.35
2011.06.08 01:05:23.979,0.95472,0.95494,1.35,1.50
2011.06.08 01:05:24.100,0.95471,0.95478,1.35,3.08
2011.06.08 01:05:24.217,0.95474,0.95487,1.35,3.08
2011.06.08 01:05:24.328,0.95474,0.95489,1.35,3.08
2011.06.08 01:05:24.437,0.9548,0.95491,1.35,3.08
2011.06.08 01:05:24.544,0.9548,0.95498,1.35,3.08
2011.06.08 01:05:24.766,0.95467,0.95497,1.50,2.10
2011.06.08 01:05:24.878,0.9547,0.95489,1.35,3.45
2011.06.08 01:05:24.986,0.95462,0.95489,1.50,3.08
2011.06.08 01:05:25.097,0.9546,0.95483,1.35,3.08
2011.06.08 01:05:25.427,0.95465,0.95486,1.35,3.08
2011.06.08 01:05:25.756,0.95466,0.95493,1.35,3.08
2011.06.08 01:05:26.084,0.95468,0.95498,1.35,3.83
2011.06.08 01:05:26.416,0.95472,0.95504,1.35,3.83
2011.06.08 01:05:26.746,0.95472,0.95501,1.35,3.08
2011.06.08 01:05:26.856,0.95472,0.95501,1.35,3.08
2011.06.08 01:05:27.290,0.95463,0.95498,1.58,4.05
2011.06.08 01:05:27.625,0.95463,0.95493,1.35,3.08
2011.06.08 01:05:28.505,0.95469,0.95497,1.35,3.08
2011.06.08 01:05:28.615,0.95469,0.95501,1.35,3.83
2011.06.08 01:05:28.946,0.95469,0.95499,1.35,3.08
2011.06.08 01:05:29.836,0.95467,0.95497,1.50,3.08
2011.06.08 01:05:30.056,0.95465,0.95499,1.50,3.08
2011.06.08 01:05:30.495,0.95463,0.95498,1.50,3.08
2011.06.08 01:05:30.605,0.95463,0.95502,1.50,3.83
2011.06.08 01:05:30.824,0.95463,0.95498,1.50,3.08
2011.06.08 01:05:31.496,0.95465,0.95499,1.50,3.08
2011.06.08 01:05:32.156,0.95464,0.95494,1.50,3.08
2011.06.08 01:05:32.265,0.95463,0.95494,1.50,3.08
2011.06.08 01:05:32.925,0.95461,0.95494,1.50,3.08
2011.06.08 01:05:33.476,0.95456,0.95494,3.83,3.45
2011.06.08 01:05:33.585,0.95456,0.95494,3.83,3.08
2011.06.08 01:05:33.805,0.95456,0.95492,3.83,3.08
2011.06.08 01:05:34.135,0.95456,0.95492,3.83,3.08
2011.06.08 01:05:34.245,0.9546,0.95494,3.83,3.08
2011.06.08 01:05:34.685,0.95454,0.95488,3.83,3.08
2011.06.08 01:05:34.905,0.95454,0.95488,3.83,3.08
2011.06.08 01:05:35.015,0.95456,0.9549,3.83,3.08
2011.06.08 01:05:35.617,0.95457,0.95491,3.83,3.08
2011.06.08 01:05:35.725,0.95452,0.95488,1.50,3.08
2011.06.08 01:05:36.595,0.95451,0.95485,1.50,3.08
2011.06.08 01:05:36.928,0.95449,0.95484,1.50,3.83
2011.06.08 01:05:37.036,0.95454,0.95488,1.50,4.58
2011.06.08 01:05:37.146,0.95454,0.95488,1.50,3.08
2011.06.08 01:05:37.256,0.9546,0.95491,1.50,3.83
2011.06.08 01:05:37.365,0.95459,0.95492,1.50,3.08
2011.06.08 01:05:37.695,0.95459,0.95492,1.50,3.08
2011.06.08 01:05:38.135,0.95453,0.95491,1.13,1.50
2011.06.08 01:05:38.426,0.95452,0.95489,1.50,3.08
2011.06.08 01:05:38.756,0.95461,0.95493,1.50,3.08
2011.06.08 01:05:38.865,0.95452,0.95489,1.50,3.08
2011.06.08 01:05:39.195,0.95457,0.95491,3.83,3.08
2011.06.08 01:05:39.564,0.95457,0.95491,3.83,4.20
2011.06.08 01:05:40.116,0.95453,0.95487,3.83,1.50
2011.06.08 01:05:40.437,0.95457,0.95491,3.83,4.20
2011.06.08 01:05:40.549,0.95457,0.95491,3.83,4.58
2011.06.08 01:05:41.285,0.95456,0.95488,1.50,3.08
2011.06.08 01:05:41.395,0.95456,0.95488,1.50,3.08
2011.06.08 01:05:41.615,0.9545,0.95479,3.83,1.50
2011.06.08 01:05:41.725,0.95445,0.95479,3.83,1.50
2011.06.08 01:05:41.836,0.95445,0.95481,4.58,3.83
2011.06.08 01:05:42.184,0.95444,0.9548,3.83,3.83
2011.06.08 01:05:42.295,0.95444,0.9548,3.83,3.83
2011.06.08 01:05:43.106,0.95445,0.95476,1.50,3.08
2011.06.08 01:05:43.215,0.95445,0.95481,4.58,3.83
2011.06.08 01:05:43.764,0.95448,0.95482,3.83,3.08
2011.06.08 01:05:44.095,0.95446,0.9548,3.83,3.08
2011.06.08 01:05:44.426,0.95446,0.95478,3.83,1.50
2011.06.08 01:05:44.996,0.95447,0.95475,1.35,3.08
2011.06.08 01:05:45.326,0.95447,0.95477,1.35,3.08
2011.06.08 01:05:45.434,0.95447,0.95479,1.35,1.35
2011.06.08 01:05:45.655,0.95447,0.95479,1.35,1.35
2011.06.08 01:05:47.435,0.95457,0.95485,1.35,1.50
2011.06.08 01:05:47.544,0.95457,0.95486,1.35,3.83
2011.06.08 01:05:47.874,0.95451,0.95479,1.50,3.08
2011.06.08 01:05:47.985,0.9545,0.95479,1.35,3.83
2011.06.08 01:05:49.124,0.9545,0.95481,1.35,4.58
2011.06.08 01:05:49.235,0.9545,0.95479,1.35,4.58
2011.06.08 01:05:49.869,0.95455,0.95479,1.35,3.08
2011.06.08 01:05:49.987,0.95455,0.95481,1.35,3.08
2011.06.08 01:05:52.395,0.95455,0.95481,1.35,3.08
2011.06.08 01:05:52.615,0.95455,0.95482,1.35,3.83
2011.06.08 01:05:53.204,0.95455,0.9548,1.35,3.08
2011.06.08 01:05:53.425,0.95455,0.95477,1.35,3.08
2011.06.08 01:05:53.974,0.95455,0.95478,1.35,3.08
2011.06.08 01:05:54.415,0.95455,0.95481,1.35,3.08
2011.06.08 01:05:54.525,0.95455,0.95479,1.35,3.08
2011.06.08 01:05:54.745,0.95455,0.95484,1.35,3.83
2011.06.08 01:05:54.966,0.95462,0.95487,1.35,3.08
2011.06.08 01:05:55.184,0.95467,0.95487,1.35,3.08
2011.06.08 01:05:55.732,0.95467,0.95488,1.35,3.08
2011.06.08 01:05:56.216,0.95467,0.95487,1.35,1.13
2011.06.08 01:05:56.435,0.95457,0.95477,1.50,3.08
2011.06.08 01:05:56.548,0.9546,0.95482,1.35,3.08
2011.06.08 01:05:56.666,0.9546,0.95485,1.35,3.08
2011.06.08 01:05:56.775,0.9546,0.95487,1.35,3.08
2011.06.08 01:05:57.106,0.9546,0.95487,1.35,3.08
2011.06.08 01:05:57.326,0.9546,0.95487,1.35,3.08
2011.06.08 01:05:57.545,0.95461,0.95487,1.50,3.08
2011.06.08 01:05:57.765,0.95466,0.9549,1.35,3.08
2011.06.08 01:05:58.315,0.95466,0.9549,1.35,3.08
2011.06.08 01:05:58.865,0.95471,0.9549,1.35,3.83
2011.06.08 01:05:58.976,0.95471,0.9549,1.35,3.83
2011.06.08 01:05:59.197,0.95475,0.955,1.35,3.83
2011.06.08 01:05:59.306,0.95469,0.95494,1.35,3.08
2011.06.08 01:05:59.526,0.95469,0.95496,1.35,3.08
2011.06.08 01:06:00.081,0.95474,0.95497,1.35,4.58
2011.06.08 01:06:00.201,0.95465,0.95492,1.35,3.08
2011.06.08 01:06:00.315,0.95465,0.95488,1.35,3.08
2011.06.08 01:06:00.976,0.9547,0.9549,1.35,3.08
2011.06.08 01:06:01.197,0.9547,0.95498,1.35,3.08
2011.06.08 01:06:01.308,0.9547,0.95496,1.35,3.08
2011.06.08 01:06:01.646,0.95476,0.955,1.35,3.08
2011.06.08 01:06:01.755,0.95476,0.95503,1.35,3.08
2011.06.08 01:06:02.875,0.95476,0.95503,1.35,3.08
2011.06.08 01:06:03.315,0.95476,0.95502,1.35,3.08
2011.06.08 01:06:03.535,0.95476,0.95505,1.35,3.83
2011.06.08 01:06:03.865,0.95481,0.95508,1.50,3.83
2011.06.08 01:06:03.976,0.95488,0.95515,1.35,4.58
2011.06.08 01:06:04.086,0.95489,0.95515,2.10,3.08
2011.06.08 01:06:04.197,0.95494,0.95519,1.35,3.83
2011.06.08 01:06:04.415,0.95498,0.95523,1.35,3.08
2011.06.08 01:06:04.528,0.95492,0.95523,1.35,4.20
2011.06.08 01:06:05.146,0.95492,0.95515,1.35,3.08
2011.06.08 01:06:05.477,0.95483,0.95511,1.35,3.83
2011.06.08 01:06:05.916,0.9549,0.95516,1.35,3.45
2011.06.08 01:06:06.026,0.9549,0.95507,1.35,3.08
2011.06.08 01:06:06.466,0.95483,0.95503,1.35,3.08
2011.06.08 01:06:06.575,0.95483,0.95507,1.35,3.08
2011.06.08 01:06:06.906,0.95483,0.95505,1.35,3.08
2011.06.08 01:06:07.234,0.95478,0.95502,1.35,3.08
2011.06.08 01:06:07.455,0.95472,0.95506,2.10,4.43
2011.06.08 01:06:07.894,0.95472,0.95504,2.10,3.08
2011.06.08 01:06:08.335,0.95472,0.95502,1.35,3.08
2011.06.08 01:06:08.775,0.95478,0.95507,1.35,3.83
2011.06.08 01:06:08.885,0.95478,0.95505,1.35,3.08
2011.06.08 01:06:09.216,0.95475,0.95506,1.50,1.35
2011.06.08 01:06:09.325,0.95476,0.95507,1.50,1.35
2011.06.08 01:06:09.435,0.95479,0.95508,1.50,1.35
2011.06.08 01:06:09.947,0.95479,0.9551,4.43,1.50
2011.06.08 01:06:10.056,0.95479,0.95512,4.43,1.50
2011.06.08 01:06:10.495,0.9548,0.95512,1.50,1.50
2011.06.08 01:06:10.826,0.95481,0.95513,1.50,4.43
2011.06.08 01:06:11.265,0.95481,0.95515,4.58,4.43
2011.06.08 01:06:11.595,0.95484,0.95517,2.10,3.83
2011.06.08 01:06:12.365,0.95485,0.95519,3.83,1.50
2011.06.08 01:06:12.586,0.95492,0.95522,2.10,3.83
2011.06.08 01:06:12.915,0.95497,0.95523,1.35,3.08
2011.06.08 01:06:13.707,0.95492,0.95523,1.50,3.83
2011.06.08 01:06:13.819,0.95492,0.95525,1.35,1.50
2011.06.08 01:06:13.935,0.95492,0.95525,1.35,1.50
2011.06.08 01:06:14.266,0.9549,0.95523,3.83,1.35
2011.06.08 01:06:14.375,0.95487,0.95521,2.10,3.68
2011.06.08 01:06:14.815,0.95487,0.95521,2.85,3.68
2011.06.08 01:06:15.986,0.95493,0.95522,1.35,3.83
2011.06.08 01:06:16.095,0.95495,0.95522,1.35,3.08
2011.06.08 01:06:16.644,0.95489,0.95521,3.83,1.35
2011.06.08 01:06:17.414,0.95492,0.95524,1.35,1.50
2011.06.08 01:06:17.525,0.95492,0.95523,1.35,3.83
2011.06.08 01:06:17.748,0.95493,0.95526,1.50,3.68
2011.06.08 01:06:18.077,0.95493,0.95524,1.50,3.08
2011.06.08 01:06:18.404,0.95496,0.95528,2.63,3.68
2011.06.08 01:06:19.064,0.95493,0.95523,1.50,3.08
2011.06.08 01:06:19.666,0.95496,0.95527,2.63,3.68
2011.06.08 01:06:20.106,0.95496,0.95522,2.63,3.08
2011.06.08 01:06:20.214,0.95494,0.95522,1.50,3.08
2011.06.08 01:06:20.434,0.95494,0.95523,1.50,3.08
2011.06.08 01:06:20.654,0.95494,0.95523,1.50,3.08
2011.06.08 01:06:20.874,0.95492,0.95521,2.10,3.08
2011.06.08 01:06:20.985,0.95492,0.95522,1.35,4.58
2011.06.08 01:06:21.096,0.95487,0.95519,2.63,3.68
2011.06.08 01:06:21.205,0.9549,0.95519,1.50,3.68
2011.06.08 01:06:21.425,0.9549,0.95522,1.50,3.68
2011.06.08 01:06:22.967,0.95488,0.95515,1.50,3.08
2011.06.08 01:06:23.075,0.95486,0.95513,1.35,3.08
2011.06.08 01:06:23.294,0.95486,0.95516,3.23,3.08
2011.06.08 01:06:23.844,0.95486,0.95515,1.35,3.08
2011.06.08 01:06:26.444,0.95486,0.95519,1.35,5.18
2011.06.08 01:06:26.983,0.95486,0.95517,1.35,3.08
2011.06.08 01:06:27.097,0.95486,0.95514,1.35,3.08
2011.06.08 01:06:27.317,0.95481,0.95513,1.35,3.68
2011.06.08 01:06:27.754,0.95481,0.95511,1.35,3.08
2011.06.08 01:06:30.404,0.95477,0.9551,1.50,3.08
2011.06.08 01:06:31.085,0.95477,0.9551,1.50,3.08
2011.06.08 01:06:31.305,0.95468,0.95505,1.13,3.08
2011.06.08 01:06:31.638,0.95476,0.95503,1.50,3.08
2011.06.08 01:06:31.747,0.95476,0.95505,1.50,3.08
2011.06.08 01:06:31.969,0.95474,0.95507,1.50,3.83
2011.06.08 01:06:32.502,0.95474,0.9551,1.50,4.58
2011.06.08 01:06:32.837,0.9547,0.95503,1.50,3.08
2011.06.08 01:06:32.947,0.9547,0.95502,1.50,3.08
2011.06.08 01:06:33.495,0.95467,0.95501,3.38,3.08
2011.06.08 01:06:33.719,0.95467,0.955,2.63,3.83
2011.06.08 01:06:34.824,0.95466,0.955,1.50,3.83
2011.06.08 01:06:35.595,0.95469,0.95505,4.20,1.50
2011.06.08 01:06:35.705,0.95476,0.95509,1.50,3.08
2011.06.08 01:06:36.035,0.95476,0.95507,1.50,3.08
2011.06.08 01:06:36.474,0.95476,0.95509,1.50,3.08
2011.06.08 01:06:36.695,0.95473,0.95509,3.83,3.08
2011.06.08 01:06:37.025,0.95471,0.95505,3.83,3.08
2011.06.08 01:06:37.246,0.95474,0.95509,1.50,3.08
2011.06.08 01:06:37.795,0.95483,0.95514,3.83,1.50
2011.06.08 01:06:37.905,0.95483,0.95517,4.58,4.58
2011.06.08 01:06:38.124,0.95483,0.95515,1.50,3.83
2011.06.08 01:06:39.305,0.95483,0.95515,1.50,3.83
2011.06.08 01:06:39.635,0.95483,0.95518,3.83,1.88
2011.06.08 01:06:40.184,0.95483,0.95518,3.83,1.88
2011.06.08 01:06:41.064,0.95482,0.95518,3.83,5.33
2011.06.08 01:06:41.615,0.95485,0.95518,1.50,3.83
2011.06.08 01:06:41.728,0.9549,0.95524,1.50,3.83
2011.06.08 01:06:41.835,0.9549,0.95524,1.88,3.83
2011.06.08 01:06:41.947,0.95492,0.95524,1.50,4.58
2011.06.08 01:06:42.275,0.95493,0.95527,4.58,3.83
2011.06.08 01:06:42.826,0.95496,0.9553,3.83,4.95
2011.06.08 01:06:44.325,0.95497,0.95522,1.35,3.08
2011.06.08 01:06:44.656,0.95493,0.9552,1.50,4.20
2011.06.08 01:06:45.319,0.95489,0.95523,4.58,3.68
2011.06.08 01:06:45.443,0.95501,0.95527,1.50,4.43
2011.06.08 01:06:45.777,0.95504,0.95532,1.35,3.83
2011.06.08 01:06:45.886,0.95504,0.95532,1.35,3.08
2011.06.08 01:06:45.996,0.95504,0.95534,1.35,4.58
2011.06.08 01:06:46.216,0.95504,0.95531,1.35,3.08
2011.06.08 01:06:46.437,0.95498,0.95531,1.35,3.68
2011.06.08 01:06:46.987,0.95506,0.95533,1.35,1.50
2011.06.08 01:06:47.096,0.95506,0.95534,1.35,1.50
2011.06.08 01:06:47.644,0.95506,0.95538,1.35,4.43
2011.06.08 01:06:47.976,0.95505,0.95538,2.10,4.43
2011.06.08 01:06:48.194,0.95506,0.95538,1.35,4.43
2011.06.08 01:06:48.576,0.95506,0.95538,1.35,4.43
2011.06.08 01:06:48.795,0.95506,0.95538,2.10,1.35
2011.06.08 01:06:49.345,0.95508,0.95538,1.50,1.35
2011.06.08 01:06:50.155,0.95512,0.95542,1.35,1.50
2011.06.08 01:06:50.265,0.95512,0.95542,1.35,1.50
2011.06.08 01:06:50.487,0.95512,0.9554,1.35,3.83
2011.06.08 01:06:50.595,0.95512,0.9554,1.35,3.08
2011.06.08 01:06:50.925,0.95512,0.9554,1.35,3.08
2011.06.08 01:06:51.321,0.95508,0.9554,1.50,3.68
2011.06.08 01:06:53.085,0.95509,0.95539,3.83,1.35
2011.06.08 01:06:53.725,0.95509,0.95538,3.83,1.35
2011.06.08 01:06:55.054,0.9551,0.95538,3.83,1.35
2011.06.08 01:06:55.615,0.9551,0.95539,3.83,1.35
2011.06.08 01:06:56.915,0.95505,0.95534,1.50,4.43
2011.06.08 01:06:57.135,0.95506,0.95538,1.35,1.35
2011.06.08 01:06:57.355,0.95506,0.95538,1.35,1.35
2011.06.08 01:06:57.685,0.95504,0.9553,1.50,1.35
2011.06.08 01:06:57.795,0.95498,0.9553,1.35,1.35
2011.06.08 01:06:57.905,0.95498,0.9553,1.35,1.35
2011.06.08 01:06:58.235,0.95499,0.9553,1.50,1.35
2011.06.08 01:06:58.784,0.95499,0.95529,1.50,3.08
2011.06.08 01:06:58.895,0.95499,0.95523,1.50,3.08
2011.06.08 01:06:59.445,0.95494,0.95523,1.50,3.08
2011.06.08 01:06:59.931,0.95486,0.95522,1.35,1.73
2011.06.08 01:07:00.045,0.95486,0.95514,1.35,3.08
2011.06.08 01:07:00.377,0.95486,0.95518,1.35,3.68
2011.06.08 01:07:00.707,0.95493,0.95523,1.35,3.08
2011.06.08 01:07:01.255,0.95493,0.95523,1.35,3.08
2011.06.08 01:07:01.586,0.95492,0.95521,1.35,3.08
2011.06.08 01:07:01.695,0.95485,0.95518,1.50,3.68
2011.06.08 01:07:02.026,0.95489,0.95512,1.35,3.08
2011.06.08 01:07:02.134,0.95489,0.95519,1.35,3.08
2011.06.08 01:07:02.575,0.95494,0.95525,1.35,3.08
2011.06.08 01:07:02.687,0.95482,0.95516,2.10,1.35
2011.06.08 01:07:03.016,0.95477,0.95509,1.50,1.35
2011.06.08 01:07:03.126,0.95474,0.95506,1.50,3.08
2011.06.08 01:07:03.675,0.95473,0.95509,4.58,4.58
2011.06.08 01:07:04.396,0.95474,0.95509,1.50,3.08
2011.06.08 01:07:04.507,0.95475,0.95511,3.83,3.08
2011.06.08 01:07:04.615,0.95472,0.95507,3.83,1.50
2011.06.08 01:07:05.010,0.95455,0.95491,3.83,3.08
2011.06.08 01:07:05.235,0.95457,0.95493,3.83,3.08
2011.06.08 01:07:05.455,0.95457,0.95491,3.83,3.08
2011.06.08 01:07:05.786,0.95456,0.9549,3.83,3.08
2011.06.08 01:07:06.976,0.95464,0.95494,3.83,1.50
2011.06.08 01:07:07.253,0.95464,0.955,4.58,3.83
2011.06.08 01:07:07.368,0.95464,0.95498,3.83,3.08
2011.06.08 01:07:07.486,0.95464,0.955,3.83,3.83
2011.06.08 01:07:08.914,0.95464,0.955,3.83,3.83
2011.06.08 01:07:09.246,0.95464,0.955,3.83,3.83
2011.06.08 01:07:09.575,0.95467,0.95503,3.83,3.08
2011.06.08 01:07:09.796,0.95467,0.95503,3.83,3.83
2011.06.08 01:07:10.015,0.95466,0.955,3.83,3.08
2011.06.08 01:07:10.458,0.95465,0.95501,3.83,3.83
2011.06.08 01:07:10.685,0.95465,0.95501,3.83,3.08
2011.06.08 01:07:10.797,0.95465,0.95501,3.83,3.08
2011.06.08 01:07:10.906,0.95468,0.95504,3.83,3.08
2011.06.08 01:07:11.689,0.95469,0.95505,3.83,3.08
2011.06.08 01:07:12.246,0.95469,0.95505,3.83,3.08
2011.06.08 01:07:12.686,0.95469,0.95505,3.83,3.08
2011.06.08 01:07:13.194,0.9547,0.95506,3.83,3.08
2011.06.08 01:07:13.524,0.9547,0.95504,3.83,3.08
2011.06.08 01:07:15.455,0.95473,0.95507,4.58,3.83
2011.06.08 01:07:15.565,0.95473,0.95507,4.58,3.83
2011.06.08 01:07:15.896,0.95477,0.95511,3.83,3.08
2011.06.08 01:07:16.007,0.95477,0.95511,3.83,3.08
2011.06.08 01:07:16.117,0.95482,0.95515,1.50,3.08
2011.06.08 01:07:16.226,0.95484,0.95518,1.50,3.08
2011.06.08 01:07:19.486,0.95485,0.95519,4.58,3.08
2011.06.08 01:07:19.808,0.95498,0.95523,3.08,1.50
2011.06.08 01:07:19.922,0.95498,0.95532,3.08,3.83
2011.06.08 01:07:20.148,0.95498,0.95532,3.83,3.08
2011.06.08 01:07:20.478,0.95504,0.95534,1.50,3.08
2011.06.08 01:07:20.585,0.95504,0.95538,4.58,3.08
2011.06.08 01:07:22.147,0.95496,0.95525,1.13,3.08
2011.06.08 01:07:22.260,0.95505,0.95541,3.83,3.68
2011.06.08 01:07:22.379,0.95505,0.9554,3.83,1.50
2011.06.08 01:07:22.606,0.9549,0.95524,4.20,3.08
2011.06.08 01:07:22.938,0.95492,0.95526,3.83,3.45
2011.06.08 01:07:23.047,0.95492,0.95526,3.08,3.45
2011.06.08 01:07:23.156,0.95487,0.95523,3.83,3.45
2011.06.08 01:07:23.486,0.95482,0.95518,3.83,3.45
2011.06.08 01:07:24.036,0.95483,0.95513,1.13,3.08
2011.06.08 01:07:24.346,0.95488,0.95513,1.50,3.08
2011.06.08 01:07:24.460,0.95488,0.95522,4.58,3.08
2011.06.08 01:07:24.800,0.95489,0.95525,3.83,3.83
2011.06.08 01:07:25.140,0.95489,0.95515,3.83,1.13
2011.06.08 01:07:25.258,0.95484,0.95513,1.50,3.83
2011.06.08 01:07:25.476,0.95474,0.9551,3.83,3.08
2011.06.08 01:07:25.695,0.95478,0.95514,3.83,3.83
2011.06.08 01:07:25.805,0.95478,0.95514,3.83,3.83
2011.06.08 01:07:26.135,0.95479,0.95513,3.83,3.83
2011.06.08 01:07:26.795,0.95479,0.95513,3.83,3.83
2011.06.08 01:07:27.126,0.95481,0.95515,3.83,4.58
2011.06.08 01:07:27.457,0.95483,0.95515,3.83,1.50
2011.06.08 01:07:28.006,0.95482,0.95516,3.83,3.08
2011.06.08 01:07:28.554,0.95482,0.95518,4.58,3.83
2011.06.08 01:07:29.106,0.95484,0.9552,3.83,3.08
2011.06.08 01:07:29.438,0.95487,0.95522,3.83,1.50
2011.06.08 01:07:29.986,0.95488,0.95522,3.83,4.58
2011.06.08 01:07:30.815,0.95488,0.95522,3.83,4.58
2011.06.08 01:07:31.146,0.95486,0.95522,3.83,3.08
2011.06.08 01:07:31.847,0.95486,0.95522,3.83,3.08
2011.06.08 01:07:32.397,0.95485,0.95519,4.58,3.08
2011.06.08 01:07:32.945,0.95487,0.95519,3.83,2.25
2011.06.08 01:07:35.415,0.95487,0.95519,3.83,1.50
2011.06.08 01:07:35.740,0.95487,0.95521,3.83,1.50
2011.06.08 01:07:35.858,0.95487,0.95522,4.58,2.25
2011.06.08 01:07:36.297,0.95488,0.95521,3.83,2.25
2011.06.08 01:07:36.518,0.95486,0.95521,3.83,2.25
2011.06.08 01:07:36.745,0.95488,0.95519,3.83,1.50
2011.06.08 01:07:37.075,0.95488,0.95521,3.83,2.25
2011.06.08 01:07:39.166,0.95486,0.95519,3.83,1.50
2011.06.08 01:07:39.714,0.95489,0.95519,3.83,2.25
2011.06.08 01:07:39.936,0.95489,0.95519,3.83,1.50
2011.06.08 01:07:40.155,0.95489,0.95518,3.83,1.50
2011.06.08 01:07:42.125,0.95485,0.95516,3.83,1.50
2011.06.08 01:07:44.615,0.95483,0.95516,3.83,2.25
2011.06.08 01:07:45.496,0.95482,0.95513,2.25,1.50
2011.06.08 01:07:47.478,0.95482,0.9551,1.50,1.50
2011.06.08 01:07:47.588,0.95478,0.9551,3.83,1.50
2011.06.08 01:07:47.707,0.95478,0.95509,3.83,1.50
2011.06.08 01:07:48.243,0.95478,0.95505,3.83,1.50
2011.06.08 01:07:48.653,0.95474,0.95502,3.83,1.50
2011.06.08 01:07:48.769,0.95471,0.95502,1.50,1.50
2011.06.08 01:07:48.889,0.95471,0.95503,1.50,1.50
2011.06.08 01:07:49.229,0.95464,0.95494,1.50,3.83
2011.06.08 01:07:49.566,0.95466,0.95497,1.50,4.58
2011.06.08 01:07:50.446,0.95466,0.95498,1.50,3.83
2011.06.08 01:07:50.556,0.95468,0.95499,3.08,1.50
2011.06.08 01:07:50.666,0.95468,0.95502,3.83,2.25
2011.06.08 01:07:52.136,0.95468,0.95502,3.83,2.25
2011.06.08 01:07:53.027,0.95468,0.95502,3.83,2.25
2011.06.08 01:07:53.795,0.95469,0.95502,3.83,1.50
2011.06.08 01:07:54.238,0.9547,0.95504,3.83,3.83
2011.06.08 01:07:55.315,0.9547,0.95503,3.83,1.50
2011.06.08 01:07:55.426,0.9547,0.95503,3.83,1.50
2011.06.08 01:07:55.646,0.95466,0.95499,1.50,3.08
2011.06.08 01:07:55.755,0.95465,0.95499,1.50,3.08
2011.06.08 01:07:56.305,0.95465,0.95498,1.50,3.08
2011.06.08 01:07:56.415,0.95466,0.95498,1.50,3.08
2011.06.08 01:07:56.526,0.95466,0.95501,1.50,4.58
2011.06.08 01:07:57.061,0.95466,0.95501,1.73,3.83
2011.06.08 01:07:57.847,0.95464,0.95499,1.50,3.08
2011.06.08 01:07:58.070,0.9546,0.95494,4.05,3.08
2011.06.08 01:07:58.295,0.95456,0.95491,1.73,3.08
2011.06.08 01:07:58.406,0.95456,0.95493,1.73,3.08
2011.06.08 01:07:58.519,0.95455,0.9549,2.48,3.08
2011.06.08 01:07:58.967,0.95455,0.95488,1.50,3.08
2011.06.08 01:07:59.628,0.95456,0.95492,3.83,3.08
2011.06.08 01:07:59.746,0.95451,0.95486,1.50,3.08
2011.06.08 01:07:59.855,0.9545,0.95483,1.50,3.08
2011.06.08 01:08:00.298,0.95448,0.95482,3.83,3.08
2011.06.08 01:08:01.075,0.95448,0.9548,1.50,3.08
2011.06.08 01:08:01.816,0.95447,0.95481,1.50,1.50
2011.06.08 01:08:02.255,0.95453,0.95486,1.50,1.50
2011.06.08 01:08:02.365,0.95453,0.95488,1.50,3.08
2011.06.08 01:08:02.697,0.95457,0.95493,4.58,3.83
2011.06.08 01:08:02.805,0.95457,0.95493,4.58,4.20
2011.06.08 01:08:03.245,0.95457,0.95491,3.83,4.58
2011.06.08 01:08:03.355,0.95457,0.95489,3.83,1.50
2011.06.08 01:08:03.466,0.95457,0.95486,3.83,1.13
2011.06.08 01:08:03.576,0.95456,0.95486,3.08,1.88
2011.06.08 01:08:03.796,0.9545,0.95484,4.58,3.83
2011.06.08 01:08:04.346,0.95452,0.95487,3.83,1.88
2011.06.08 01:08:04.456,0.95452,0.95487,4.58,1.13
2011.06.08 01:08:04.677,0.95451,0.95485,1.50,3.83
2011.06.08 01:08:05.006,0.95449,0.95483,1.50,3.83
2011.06.08 01:08:05.226,0.95446,0.95481,1.50,3.83
2011.06.08 01:08:05.955,0.95447,0.9548,4.58,1.50
2011.06.08 01:08:06.505,0.95445,0.95479,4.58,3.08
2011.06.08 01:08:06.834,0.95445,0.9548,3.83,1.50
2011.06.08 01:08:06.945,0.95445,0.95472,3.08,1.50
2011.06.08 01:08:07.055,0.9544,0.95472,1.73,1.50
2011.06.08 01:08:07.165,0.95438,0.95473,4.05,1.13
2011.06.08 01:08:07.495,0.95437,0.95473,3.83,4.20
2011.06.08 01:08:07.606,0.95436,0.9547,1.50,3.83
2011.06.08 01:08:08.704,0.95439,0.95473,3.83,4.58
2011.06.08 01:08:09.035,0.95437,0.95473,3.83,4.58
2011.06.08 01:08:09.364,0.95438,0.95473,3.83,1.50
2011.06.08 01:08:09.584,0.95438,0.95473,3.83,1.50
2011.06.08 01:08:10.135,0.95438,0.95474,3.83,5.33
2011.06.08 01:08:11.466,0.95441,0.95475,4.58,1.50
2011.06.08 01:08:11.576,0.95441,0.95474,3.83,1.50
2011.06.08 01:08:11.685,0.95444,0.95474,3.83,1.50
2011.06.08 01:08:12.015,0.95443,0.95475,3.08,2.25
2011.06.08 01:08:12.125,0.95439,0.95473,3.08,3.83
2011.06.08 01:08:12.234,0.95439,0.95473,3.83,3.83
2011.06.08 01:08:12.565,0.95437,0.95471,3.83,1.50
2011.06.08 01:08:13.726,0.95437,0.95469,3.08,2.25
2011.06.08 01:08:14.056,0.95437,0.95459,3.08,1.13
2011.06.08 01:08:14.166,0.95423,0.95457,4.58,3.08
2011.06.08 01:08:14.276,0.95423,0.95457,4.58,3.08
2011.06.08 01:08:14.715,0.95422,0.95455,1.50,3.08
2011.06.08 01:08:16.162,0.95413,0.95446,3.83,1.50
2011.06.08 01:08:16.279,0.95413,0.95446,3.83,2.25
2011.06.08 01:08:17.435,0.95411,0.95445,3.83,3.83
2011.06.08 01:08:18.205,0.95414,0.95446,3.83,2.25
2011.06.08 01:08:18.536,0.95413,0.95444,3.83,1.50
2011.06.08 01:08:19.086,0.95408,0.95443,3.83,1.50
2011.06.08 01:08:19.637,0.95404,0.95437,4.58,1.13
2011.06.08 01:08:19.859,0.9539,0.95417,2.63,3.45
2011.06.08 01:08:19.977,0.95383,0.95417,3.83,3.08
2011.06.08 01:08:20.309,0.95385,0.95419,4.20,3.08
2011.06.08 01:08:20.434,0.9539,0.95423,3.08,1.13
2011.06.08 01:08:20.547,0.9539,0.95419,3.83,1.13
2011.06.08 01:08:20.831,0.95369,0.95401,1.13,3.08
2011.06.08 01:08:20.950,0.95379,0.95401,1.13,3.08
2011.06.08 01:08:21.068,0.95379,0.95406,1.13,3.08
2011.06.08 01:08:21.188,0.95381,0.95415,3.83,3.83
2011.06.08 01:08:21.297,0.95381,0.95415,3.83,3.08
2011.06.08 01:08:21.740,0.95383,0.95415,1.50,3.08
2011.06.08 01:08:21.856,0.95386,0.95422,3.83,3.83
2011.06.08 01:08:22.077,0.95388,0.95422,3.83,1.13
2011.06.08 01:08:22.298,0.9539,0.95422,3.08,1.13
2011.06.08 01:08:22.526,0.95386,0.95422,4.20,3.45
2011.06.08 01:08:23.088,0.95392,0.95428,3.83,3.83
2011.06.08 01:08:23.427,0.95394,0.95428,3.83,1.13
2011.06.08 01:08:23.537,0.95394,0.95428,3.83,1.13
2011.06.08 01:08:23.865,0.95394,0.95428,3.83,3.83
2011.06.08 01:08:24.196,0.95396,0.9543,3.83,3.83
2011.06.08 01:08:24.526,0.95396,0.9543,3.83,3.83
2011.06.08 01:08:24.636,0.95396,0.9543,3.83,3.83
2011.06.08 01:08:24.747,0.95396,0.9543,3.83,3.83
2011.06.08 01:08:24.967,0.95406,0.9544,3.83,3.83
2011.06.08 01:08:25.406,0.95406,0.95438,3.83,1.13
2011.06.08 01:08:25.517,0.95406,0.95438,3.08,1.13
2011.06.08 01:08:25.627,0.95395,0.95429,3.83,3.83
2011.06.08 01:08:25.845,0.95395,0.95431,3.83,3.83
2011.06.08 01:08:25.956,0.95395,0.95431,3.83,3.83
2011.06.08 01:08:26.458,0.95394,0.9543,3.83,3.83
2011.06.08 01:08:26.568,0.95393,0.95429,3.83,3.83
2011.06.08 01:08:27.006,0.95393,0.95429,1.13,3.83
2011.06.08 01:08:27.447,0.95395,0.95435,3.83,3.83
2011.06.08 01:08:27.777,0.95402,0.95437,3.83,1.50
2011.06.08 01:08:27.886,0.954,0.95434,3.08,3.83
2011.06.08 01:08:28.216,0.95399,0.95433,3.83,3.83
2011.06.08 01:08:28.766,0.95397,0.95431,3.83,3.83
2011.06.08 01:08:29.315,0.95391,0.95427,3.83,4.20
2011.06.08 01:08:29.425,0.95391,0.95426,3.83,1.50
2011.06.08 01:08:29.755,0.95391,0.95423,3.83,1.50
2011.06.08 01:08:29.864,0.95387,0.95421,1.50,3.83
2011.06.08 01:08:30.331,0.95387,0.95417,1.50,3.08
2011.06.08 01:08:30.557,0.95388,0.95416,1.13,3.08
2011.06.08 01:08:30.776,0.95391,0.95421,1.35,4.58
2011.06.08 01:08:30.886,0.95391,0.95421,1.35,3.08
2011.06.08 01:08:31.106,0.9539,0.95422,1.13,3.83
2011.06.08 01:08:31.326,0.95392,0.95422,1.50,3.83
2011.06.08 01:08:31.875,0.95391,0.95421,1.50,1.35
2011.06.08 01:08:31.985,0.95391,0.95422,1.50,3.83
2011.06.08 01:08:32.536,0.95391,0.95421,1.50,3.83
2011.06.08 01:08:32.646,0.95387,0.9542,1.50,3.83
2011.06.08 01:08:33.305,0.95389,0.95421,1.13,4.58
2011.06.08 01:08:33.416,0.95393,0.95421,1.35,1.50
2011.06.08 01:08:33.965,0.95387,0.95415,4.43,1.88
2011.06.08 01:08:34.078,0.95376,0.95407,2.10,3.45
2011.06.08 01:08:34.188,0.95372,0.95396,1.50,3.83
2011.06.08 01:08:34.572,0.9536,0.9539,2.10,3.08
2011.06.08 01:08:34.686,0.9536,0.9539,1.35,3.08
2011.06.08 01:08:34.798,0.9536,0.95389,1.35,3.08
2011.06.08 01:08:35.127,0.9536,0.95389,1.35,4.58
2011.06.08 01:08:35.349,0.95368,0.95394,1.50,4.58
2011.06.08 01:08:35.466,0.95368,0.95394,1.50,3.08
2011.06.08 01:08:35.576,0.95367,0.95399,2.10,2.10
2011.06.08 01:08:35.905,0.95368,0.954,3.83,1.35
2011.06.08 01:08:36.237,0.95378,0.95409,1.35,1.50
2011.06.08 01:08:36.565,0.95378,0.95408,1.35,1.50
2011.06.08 01:08:36.786,0.95378,0.95409,1.35,3.83
2011.06.08 01:08:36.896,0.95378,0.95409,1.35,3.08
2011.06.08 01:08:37.005,0.95378,0.95409,1.35,3.08
2011.06.08 01:08:37.336,0.95378,0.9541,1.35,4.43
2011.06.08 01:08:37.446,0.95378,0.9541,1.35,5.18
2011.06.08 01:08:37.801,0.95379,0.95407,3.83,1.50
2011.06.08 01:08:37.918,0.9537,0.95402,1.50,3.83
2011.06.08 01:08:38.135,0.95366,0.95398,4.43,2.10
2011.06.08 01:08:38.355,0.95366,0.95397,1.35,3.08
2011.06.08 01:08:38.465,0.95366,0.95397,1.35,3.83
2011.06.08 01:08:38.685,0.95366,0.95397,1.35,4.58
2011.06.08 01:08:39.235,0.95366,0.95395,1.35,4.58
2011.06.08 01:08:39.345,0.95366,0.95395,1.35,4.58
2011.06.08 01:08:39.894,0.95366,0.95395,1.35,3.83
2011.06.08 01:08:40.224,0.9536,0.95393,2.10,1.13
2011.06.08 01:08:40.554,0.95366,0.95394,1.35,1.50
2011.06.08 01:08:40.976,0.95366,0.95394,1.35,1.50
2011.06.08 01:08:41.415,0.95366,0.95394,1.35,1.50
2011.06.08 01:08:41.965,0.95366,0.95394,1.35,1.50
2011.06.08 01:08:42.184,0.95366,0.95395,1.35,4.58
2011.06.08 01:08:42.649,0.95366,0.95395,1.35,1.50
2011.06.08 01:08:42.989,0.95366,0.95396,4.43,2.25
2011.06.08 01:08:43.216,0.95367,0.95396,3.83,1.50
2011.06.08 01:08:43.439,0.95366,0.95394,1.35,1.50
2011.06.08 01:08:43.666,0.95366,0.95394,1.35,1.50
2011.06.08 01:08:43.886,0.9537,0.95394,1.35,1.50
2011.06.08 01:08:44.108,0.95368,0.95397,3.83,1.35
2011.06.08 01:08:44.216,0.95368,0.95397,3.83,1.35
2011.06.08 01:08:44.327,0.95368,0.95397,3.83,1.35
2011.06.08 01:08:44.656,0.95367,0.95394,3.83,1.50
2011.06.08 01:08:45.318,0.95365,0.95395,1.35,1.50
2011.06.08 01:08:45.757,0.95367,0.95396,1.35,1.50
2011.06.08 01:08:45.978,0.95366,0.95394,3.83,1.35
2011.06.08 01:08:46.305,0.95366,0.95394,3.83,1.35
2011.06.08 01:08:48.337,0.95364,0.95394,3.83,1.35
2011.06.08 01:08:48.555,0.95365,0.95394,3.83,1.73
2011.06.08 01:08:48.665,0.95363,0.95392,3.83,1.50
2011.06.08 01:08:48.776,0.95363,0.95389,3.83,1.35
2011.06.08 01:08:49.434,0.95359,0.95389,4.58,1.35
2011.06.08 01:08:49.546,0.95359,0.95389,4.58,1.35
2011.06.08 01:08:49.878,0.95354,0.95386,3.83,1.35
2011.06.08 01:08:49.995,0.95354,0.95383,3.83,1.35
2011.06.08 01:08:50.105,0.95354,0.95383,3.83,1.35
2011.06.08 01:08:50.636,0.95352,0.95383,3.83,1.35
2011.06.08 01:08:50.966,0.95356,0.95388,1.35,1.35
2011.06.08 01:08:51.516,0.95359,0.95388,3.83,1.35
2011.06.08 01:08:51.845,0.95361,0.95388,3.83,1.35
2011.06.08 01:08:52.395,0.9536,0.95388,3.83,1.35
2011.06.08 01:08:52.505,0.95357,0.95388,3.83,1.35
2011.06.08 01:08:52.956,0.95359,0.95388,4.58,1.35
2011.06.08 01:08:53.176,0.95358,0.95388,1.50,1.35
2011.06.08 01:08:53.505,0.95357,0.95388,4.58,1.35
2011.06.08 01:08:54.741,0.95359,0.95388,3.83,1.35
2011.06.08 01:08:54.853,0.95367,0.95394,1.50,1.35
2011.06.08 01:08:54.969,0.95366,0.95398,4.80,1.50
2011.06.08 01:08:55.200,0.95363,0.95392,1.88,1.35
2011.06.08 01:08:55.537,0.95361,0.95392,3.83,1.35
2011.06.08 01:08:56.117,0.95361,0.95392,3.83,2.10
2011.06.08 01:08:56.556,0.95358,0.95387,3.83,1.35
2011.06.08 01:08:56.884,0.95362,0.95392,3.83,1.35
2011.06.08 01:08:57.105,0.95362,0.95392,3.83,1.35
2011.06.08 01:08:57.436,0.95362,0.95392,3.83,1.35
2011.06.08 01:08:58.116,0.95362,0.95392,3.08,2.85
2011.06.08 01:08:58.231,0.95362,0.95392,3.08,2.85
2011.06.08 01:08:58.568,0.95365,0.95395,3.83,1.50
2011.06.08 01:08:58.687,0.95365,0.95395,3.83,1.50
2011.06.08 01:08:58.909,0.95371,0.954,1.35,2.25
2011.06.08 01:08:59.136,0.9537,0.95398,3.08,1.50
2011.06.08 01:08:59.247,0.95368,0.95398,3.68,1.50
2011.06.08 01:08:59.797,0.95371,0.95401,2.10,1.50
2011.06.08 01:09:00.345,0.95371,0.95397,2.85,1.50
2011.06.08 01:09:01.332,0.95372,0.954,1.35,1.50
2011.06.08 01:09:02.025,0.95372,0.954,1.35,1.50
2011.06.08 01:09:02.565,0.95371,0.95399,2.10,1.50
2011.06.08 01:09:03.557,0.95371,0.95401,2.85,1.50
2011.06.08 01:09:03.775,0.95371,0.95401,2.85,1.50
2011.06.08 01:09:03.997,0.95372,0.95401,1.35,1.50
2011.06.08 01:09:04.217,0.95378,0.95404,2.10,7.20
2011.06.08 01:09:04.327,0.95378,0.95405,2.10,1.50
2011.06.08 01:09:04.437,0.95378,0.95405,2.10,1.50
2011.06.08 01:09:05.143,0.95378,0.95405,2.10,1.50
2011.06.08 01:09:05.368,0.9538,0.95408,1.35,4.58
2011.06.08 01:09:05.916,0.95378,0.95401,2.85,1.88
2011.06.08 01:09:06.027,0.95373,0.95399,3.68,2.25
2011.06.08 01:09:06.137,0.95373,0.95399,3.68,2.25
2011.06.08 01:09:06.684,0.95365,0.95397,1.35,1.35
2011.06.08 01:09:07.015,0.95365,0.95397,1.35,4.43
2011.06.08 01:09:07.345,0.95368,0.95397,1.50,1.35
2011.06.08 01:09:07.565,0.95369,0.95399,1.35,1.50
2011.06.08 01:09:07.786,0.95367,0.95392,3.08,1.50
2011.06.08 01:09:07.896,0.95362,0.9539,1.35,3.83
2011.06.08 01:09:08.226,0.95355,0.95388,1.35,4.58
2011.06.08 01:09:08.335,0.95355,0.95388,1.35,4.58
2011.06.08 01:09:08.895,0.95354,0.95383,3.83,1.35
2011.06.08 01:09:09.798,0.95355,0.95386,1.35,3.83
2011.06.08 01:09:10.128,0.95355,0.95385,1.73,1.50
2011.06.08 01:09:10.237,0.95355,0.95386,1.35,3.83
2011.06.08 01:09:10.346,0.95353,0.95387,4.58,1.35
2011.06.08 01:09:10.458,0.95353,0.95383,1.50,2.10
2011.06.08 01:09:10.579,0.95352,0.95383,1.50,1.35
2011.06.08 01:09:10.697,0.95356,0.95383,1.35,1.50
2011.06.08 01:09:11.027,0.95356,0.95385,1.35,3.83
2011.06.08 01:09:11.356,0.95356,0.95385,1.35,3.83
2011.06.08 01:09:11.467,0.95356,0.95386,1.35,3.83
2011.06.08 01:09:11.686,0.95356,0.95388,4.43,1.50
2011.06.08 01:09:12.086,0.95356,0.95388,1.73,1.50
2011.06.08 01:09:12.298,0.95362,0.95389,1.35,1.50
2011.06.08 01:09:12.738,0.95362,0.95389,2.10,1.50
2011.06.08 01:09:12.959,0.95361,0.95388,3.83,2.10
2011.06.08 01:09:13.188,0.95361,0.95392,3.83,1.50
2011.06.08 01:09:13.747,0.95362,0.95392,3.83,1.50
2011.06.08 01:09:13.856,0.95365,0.95395,4.43,1.50
2011.06.08 01:09:14.076,0.95361,0.95394,3.83,1.35
2011.06.08 01:09:14.295,0.95366,0.95394,1.50,1.35
2011.06.08 01:09:14.845,0.95367,0.95397,3.83,1.50
2011.06.08 01:09:15.418,0.95366,0.95394,1.50,1.13
2011.06.08 01:09:15.757,0.95362,0.95393,1.50,2.10
2011.06.08 01:09:16.305,0.95362,0.95391,1.50,4.20
2011.06.08 01:09:16.636,0.95366,0.95391,1.35,4.20
2011.06.08 01:09:17.216,0.95366,0.9539,1.35,1.13
2011.06.08 01:09:17.328,0.95366,0.9539,1.35,1.13
2011.06.08 01:09:17.439,0.95366,0.9539,1.35,1.13
2011.06.08 01:09:17.559,0.95366,0.9539,1.35,1.13
2011.06.08 01:09:17.678,0.95366,0.95389,1.35,3.83
2011.06.08 01:09:18.006,0.95358,0.95385,1.35,3.08
2011.06.08 01:09:18.116,0.95358,0.95385,1.35,3.83
2011.06.08 01:09:19.226,0.95344,0.95362,1.35,3.08
2011.06.08 01:09:19.886,0.95344,0.95362,1.35,3.08
2011.06.08 01:09:20.106,0.95344,0.95369,1.35,3.08
2011.06.08 01:09:20.217,0.95344,0.95369,1.35,3.08
2011.06.08 01:09:20.766,0.9535,0.95369,1.35,3.08
2011.06.08 01:09:20.985,0.9535,0.95369,1.35,3.08
2011.06.08 01:09:21.205,0.9535,0.95368,1.35,3.08
2011.06.08 01:09:21.534,0.9535,0.95368,1.35,3.08
2011.06.08 01:09:21.976,0.9535,0.95375,1.35,3.08
2011.06.08 01:09:22.527,0.9535,0.9537,1.35,3.08
2011.06.08 01:09:22.905,0.95349,0.9537,1.35,1.50
2011.06.08 01:09:23.016,0.95349,0.9537,1.35,1.50
2011.06.08 01:09:23.347,0.95349,0.95372,1.35,3.83
2011.06.08 01:09:23.895,0.95349,0.95372,1.35,3.08
2011.06.08 01:09:24.706,0.95349,0.95375,1.35,3.83
2011.06.08 01:09:24.926,0.95349,0.95375,1.35,3.83
2011.06.08 01:09:25.255,0.95349,0.95372,1.35,3.08
2011.06.08 01:09:25.477,0.95349,0.95372,1.35,3.08
2011.06.08 01:09:25.586,0.95349,0.95368,1.35,3.08
2011.06.08 01:09:25.805,0.95349,0.95372,1.35,3.08
2011.06.08 01:09:26.988,0.95352,0.95372,1.35,3.08
2011.06.08 01:09:27.110,0.95352,0.9538,1.35,1.50
2011.06.08 01:09:27.229,0.95356,0.95379,1.35,1.50
2011.06.08 01:09:27.567,0.95356,0.95373,1.35,3.08
2011.06.08 01:09:27.898,0.95352,0.95372,1.35,3.08
2011.06.08 01:09:28.007,0.95352,0.95376,1.35,4.20
2011.06.08 01:09:28.120,0.9535,0.95375,1.35,1.13
2011.06.08 01:09:28.565,0.9535,0.95376,1.35,3.08
2011.06.08 01:09:28.785,0.9535,0.95376,1.35,3.08
2011.06.08 01:09:28.895,0.9535,0.95378,1.35,3.45
2011.06.08 01:09:29.444,0.9535,0.95378,1.35,3.83
2011.06.08 01:09:29.777,0.9535,0.95376,1.35,3.08
2011.06.08 01:09:30.216,0.9535,0.95376,1.35,3.08
2011.06.08 01:09:30.606,0.95357,0.95382,1.35,1.13
2011.06.08 01:09:31.265,0.95357,0.95383,1.35,1.50
2011.06.08 01:09:31.707,0.95357,0.95384,1.35,3.83
2011.06.08 01:09:31.816,0.95357,0.95384,1.35,3.83
2011.06.08 01:09:32.035,0.95357,0.95377,1.35,3.08
2011.06.08 01:09:32.145,0.95357,0.95379,1.35,3.08
2011.06.08 01:09:32.365,0.95357,0.95381,1.35,3.08
2011.06.08 01:09:32.915,0.95357,0.9538,1.35,3.08
2011.06.08 01:09:34.326,0.95353,0.95379,1.35,3.08
2011.06.08 01:09:34.875,0.95353,0.95379,1.35,3.45
2011.06.08 01:09:35.316,0.95353,0.9538,1.35,1.50
2011.06.08 01:09:36.118,0.95353,0.95381,2.10,1.50
2011.06.08 01:09:36.666,0.95357,0.95382,1.35,1.50
2011.06.08 01:09:36.887,0.95357,0.95384,1.35,3.83
2011.06.08 01:09:36.997,0.95357,0.95384,1.35,3.08
2011.06.08 01:09:37.546,0.95357,0.95384,1.35,3.08
2011.06.08 01:09:39.026,0.95357,0.95384,1.35,3.83
2011.06.08 01:09:39.245,0.95357,0.95385,1.35,3.83
2011.06.08 01:09:39.795,0.95357,0.95385,1.35,4.58
2011.06.08 01:09:40.236,0.95357,0.95377,1.35,3.08
2011.06.08 01:09:40.459,0.95356,0.95382,1.35,5.33
2011.06.08 01:09:40.688,0.95351,0.95377,1.35,3.08
2011.06.08 01:09:41.245,0.95351,0.95378,1.35,1.50
2011.06.08 01:09:42.157,0.95351,0.95375,1.35,3.08
2011.06.08 01:09:42.487,0.95351,0.95376,1.35,3.08
2011.06.08 01:09:43.036,0.95351,0.95375,1.35,3.08
2011.06.08 01:09:43.623,0.95355,0.95376,1.35,3.08
2011.06.08 01:09:44.202,0.95355,0.95376,1.35,3.08
2011.06.08 01:09:44.429,0.95356,0.95375,1.35,3.08
2011.06.08 01:09:44.611,0.95356,0.95382,1.35,3.08
2011.06.08 01:09:44.947,0.95356,0.95386,1.35,3.83
2011.06.08 01:09:45.058,0.95356,0.95388,1.35,1.35
2011.06.08 01:09:45.505,0.95357,0.95387,1.35,3.08
2011.06.08 01:09:46.888,0.95361,0.95392,1.35,3.83
2011.06.08 01:09:46.997,0.95361,0.95392,1.35,3.83
2011.06.08 01:09:47.327,0.95355,0.95382,1.35,3.08
2011.06.08 01:09:47.436,0.95354,0.95381,1.35,3.08
2011.06.08 01:09:47.765,0.95354,0.95384,1.35,3.08
2011.06.08 01:09:48.224,0.95354,0.95382,1.35,3.08
2011.06.08 01:09:48.558,0.95351,0.95378,1.35,3.08
2011.06.08 01:09:49.105,0.9535,0.95382,1.35,3.08
2011.06.08 01:09:49.655,0.95354,0.95385,1.35,3.08
2011.06.08 01:09:51.557,0.95359,0.95385,1.35,3.08
2011.06.08 01:09:52.167,0.9536,0.95386,1.35,3.08
2011.06.08 01:09:52.496,0.9536,0.95388,1.35,3.08
2011.06.08 01:09:53.266,0.9536,0.95389,1.35,3.08
2011.06.08 01:09:53.602,0.95362,0.95389,1.35,3.08
2011.06.08 01:09:55.365,0.95366,0.95395,1.35,3.08
2011.06.08 01:09:55.475,0.95362,0.95395,1.35,3.83
2011.06.08 01:09:55.585,0.95359,0.95389,1.35,3.08
2011.06.08 01:09:55.915,0.95366,0.95395,1.50,3.83
2011.06.08 01:09:56.244,0.9537,0.95401,1.50,4.58
2011.06.08 01:09:56.354,0.9537,0.95401,1.50,4.58
2011.06.08 01:09:56.905,0.9537,0.95401,1.50,3.83
2011.06.08 01:09:57.565,0.9537,0.95398,1.50,3.08
2011.06.08 01:09:58.114,0.9537,0.954,1.50,3.83
2011.06.08 01:09:58.665,0.95371,0.95403,4.58,1.35
2011.06.08 01:09:59.785,0.95376,0.95405,2.63,3.68
2011.06.08 01:09:59.896,0.95376,0.95406,3.23,3.83
2011.06.08 01:10:00.115,0.95377,0.9541,1.50,5.18
2011.06.08 01:10:00.556,0.95377,0.9541,1.50,4.43
2011.06.08 01:10:01.104,0.9538,0.9541,1.50,4.43
2011.06.08 01:10:01.655,0.95384,0.95408,1.50,3.83
2011.06.08 01:10:01.985,0.95384,0.95408,1.50,3.83
2011.06.08 01:10:03.195,0.95387,0.95408,2.63,3.08
2011.06.08 01:10:04.063,0.95376,0.95406,1.50,3.08
2011.06.08 01:10:04.396,0.95382,0.95408,1.50,3.08
2011.06.08 01:10:04.946,0.95386,0.95409,2.25,3.83
2011.06.08 01:10:05.937,0.95388,0.95413,1.35,3.08
2011.06.08 01:10:06.265,0.95388,0.95409,1.35,3.08
2011.06.08 01:10:06.375,0.95386,0.95409,1.50,3.08
2011.06.08 01:10:06.778,0.95388,0.95409,1.50,3.68
2011.06.08 01:10:06.886,0.95388,0.95408,1.50,3.68
2011.06.08 01:10:07.215,0.95385,0.95408,1.50,4.43
2011.06.08 01:10:07.795,0.95385,0.95406,1.50,3.08
2011.06.08 01:10:09.114,0.95387,0.95409,1.50,4.43
2011.06.08 01:10:09.666,0.95387,0.95409,1.50,3.08
2011.06.08 01:10:09.777,0.95387,0.95414,1.50,2.10
2011.06.08 01:10:09.886,0.95386,0.95412,3.38,4.43
2011.06.08 01:10:10.105,0.95386,0.95409,1.88,1.35
2011.06.08 01:10:10.546,0.95387,0.95415,2.63,2.85
2011.06.08 01:10:11.313,0.95387,0.9541,2.63,1.35
2011.06.08 01:10:13.187,0.95387,0.95411,1.50,3.83
2011.06.08 01:10:13.517,0.95391,0.95413,1.50,3.08
2011.06.08 01:10:13.846,0.95391,0.95418,1.50,3.83
2011.06.08 01:10:13.955,0.95391,0.95418,1.50,3.83
2011.06.08 01:10:14.286,0.95389,0.95419,1.50,3.83
2011.06.08 01:10:14.726,0.95388,0.95418,1.35,3.83
2011.06.08 01:10:14.836,0.95387,0.95414,3.98,3.83
2011.06.08 01:10:15.139,0.95387,0.95405,1.35,1.50
2011.06.08 01:10:15.260,0.95381,0.95405,1.50,4.58
2011.06.08 01:10:15.375,0.95381,0.95402,1.50,3.83
2011.06.08 01:10:15.928,0.95379,0.95402,1.50,3.83
2011.06.08 01:10:16.257,0.95384,0.95402,1.50,4.43
2011.06.08 01:10:16.697,0.95386,0.95402,1.50,3.08
2011.06.08 01:10:16.807,0.95386,0.95412,1.50,3.83
2011.06.08 01:10:16.916,0.95387,0.95401,1.50,3.08
2011.06.08 01:10:17.137,0.95387,0.95416,1.50,3.68
2011.06.08 01:10:17.245,0.95388,0.9541,1.50,3.08
2011.06.08 01:10:17.465,0.95387,0.9541,4.13,4.43
2011.06.08 01:10:19.055,0.95387,0.95409,3.38,3.08
2011.06.08 01:10:19.937,0.95392,0.95412,1.50,3.68
2011.06.08 01:10:20.045,0.95392,0.95412,1.50,3.08
2011.06.08 01:10:20.266,0.95392,0.95413,1.50,3.08
2011.06.08 01:10:20.720,0.95397,0.95417,1.50,3.08
2011.06.08 01:10:22.336,0.95397,0.95417,2.25,3.83
2011.06.08 01:10:22.885,0.95397,0.95417,3.38,3.08
2011.06.08 01:10:23.874,0.95397,0.9542,3.38,4.43
2011.06.08 01:10:24.446,0.95397,0.95422,3.38,4.58
2011.06.08 01:10:24.556,0.95397,0.95423,3.38,3.08
2011.06.08 01:10:26.224,0.95397,0.95423,3.38,3.08
2011.06.08 01:10:27.349,0.95397,0.9542,3.38,1.50
2011.06.08 01:10:27.717,0.95402,0.95427,1.50,3.08
2011.06.08 01:10:29.395,0.95406,0.9543,1.50,3.45
2011.06.08 01:10:29.726,0.95406,0.95432,2.10,1.13
2011.06.08 01:10:29.837,0.95411,0.95436,1.50,1.50
2011.06.08 01:10:30.166,0.95414,0.95437,1.50,4.95
2011.06.08 01:10:30.496,0.95416,0.95437,1.50,1.13
2011.06.08 01:10:30.605,0.95415,0.95436,1.50,1.50
2011.06.08 01:10:30.936,0.95416,0.95438,1.50,3.08
2011.06.08 01:10:32.094,0.95412,0.95438,1.50,4.58
2011.06.08 01:10:32.315,0.95412,0.95434,1.50,3.83
2011.06.08 01:10:32.844,0.95406,0.95431,3.38,3.83
2011.06.08 01:10:32.963,0.95406,0.95428,1.50,3.08
2011.06.08 01:10:33.297,0.95402,0.9543,2.85,3.08
2011.06.08 01:10:33.845,0.95407,0.95436,3.98,3.83
2011.06.08 01:10:33.956,0.95411,0.95436,1.50,3.83
2011.06.08 01:10:34.726,0.95412,0.95438,1.50,4.58
2011.06.08 01:10:35.165,0.95412,0.95438,1.50,4.58
2011.06.08 01:10:35.495,0.95414,0.95439,1.50,4.58
2011.06.08 01:10:36.047,0.95414,0.95435,1.50,1.13
2011.06.08 01:10:36.381,0.95417,0.95442,1.35,1.50
2011.06.08 01:10:36.608,0.9542,0.9544,1.50,1.35
2011.06.08 01:10:37.072,0.95424,0.95442,1.50,3.08
2011.06.08 01:10:37.515,0.95427,0.95451,2.63,4.58
2011.06.08 01:10:37.738,0.95427,0.95447,1.50,2.25
2011.06.08 01:10:37.849,0.95421,0.95441,1.50,1.50
2011.06.08 01:10:37.968,0.9542,0.95444,1.50,4.43
2011.06.08 01:10:38.076,0.9542,0.95436,1.50,3.68
2011.06.08 01:10:38.452,0.95407,0.95434,1.50,3.83
2011.06.08 01:10:38.680,0.95402,0.95433,1.35,1.50
2011.06.08 01:10:38.906,0.95402,0.95433,2.10,1.13
2011.06.08 01:10:39.236,0.95401,0.95432,1.35,3.83
2011.06.08 01:10:39.345,0.95401,0.95432,1.35,3.83
2011.06.08 01:10:39.678,0.95402,0.95435,1.35,3.83
2011.06.08 01:10:39.898,0.95402,0.95433,1.35,3.83
2011.06.08 01:10:40.006,0.95404,0.95433,1.50,3.08
2011.06.08 01:10:40.335,0.95402,0.95436,2.10,4.80
2011.06.08 01:10:40.665,0.95402,0.95436,2.10,4.80
2011.06.08 01:10:42.637,0.95406,0.95435,1.50,3.83
2011.06.08 01:10:42.747,0.95409,0.95441,1.35,1.35
2011.06.08 01:10:42.967,0.95413,0.95442,1.35,1.50
2011.06.08 01:10:43.295,0.9541,0.95439,1.50,3.83
2011.06.08 01:10:43.405,0.95407,0.95439,3.98,3.83
2011.06.08 01:10:43.515,0.95407,0.95433,3.98,3.08
2011.06.08 01:10:43.624,0.95407,0.95441,3.98,1.35
2011.06.08 01:10:43.735,0.95407,0.95433,3.23,3.08
2011.06.08 01:10:43.954,0.95407,0.95441,1.35,1.35
2011.06.08 01:10:44.064,0.95406,0.95441,4.43,1.35
2011.06.08 01:10:44.529,0.95406,0.95432,3.08,1.50
2011.06.08 01:10:44.864,0.95401,0.95435,2.10,1.35
2011.06.08 01:10:44.976,0.95402,0.95432,1.35,3.83
2011.06.08 01:10:45.414,0.95402,0.95432,2.10,3.83
2011.06.08 01:10:45.774,0.95401,0.95418,1.50,1.13
2011.06.08 01:10:45.995,0.95394,0.95417,1.35,1.50
2011.06.08 01:10:46.105,0.95392,0.95423,1.50,4.43
2011.06.08 01:10:46.217,0.95394,0.95426,1.35,4.95
2011.06.08 01:10:46.546,0.954,0.95431,2.10,3.83
2011.06.08 01:10:46.765,0.95401,0.95433,1.35,4.43
2011.06.08 01:10:47.095,0.95397,0.95426,3.38,3.83
2011.06.08 01:10:47.535,0.95399,0.95426,1.50,4.58
2011.06.08 01:10:47.645,0.95397,0.95423,3.38,1.35
2011.06.08 01:10:47.865,0.95395,0.95423,1.50,1.35
2011.06.08 01:10:48.525,0.95393,0.95421,1.50,3.83
2011.06.08 01:10:49.318,0.95393,0.95421,1.50,3.83
2011.06.08 01:10:49.756,0.95393,0.95423,1.50,1.35
2011.06.08 01:10:50.307,0.95397,0.95425,2.63,1.35
2011.06.08 01:10:50.966,0.95396,0.95426,2.48,3.83
2011.06.08 01:10:51.405,0.95397,0.95429,2.85,3.83
2011.06.08 01:10:51.625,0.95398,0.95431,3.83,1.35
2011.06.08 01:10:52.066,0.95398,0.95434,4.95,4.43
2011.06.08 01:10:52.176,0.95403,0.95436,3.68,1.50
2011.06.08 01:10:52.508,0.95413,0.95444,1.50,1.73
2011.06.08 01:10:52.837,0.95422,0.95436,1.35,3.08
2011.06.08 01:10:52.948,0.95422,0.95444,1.35,3.83
2011.06.08 01:10:53.167,0.95426,0.95448,1.35,3.08
2011.06.08 01:10:53.495,0.95426,0.95454,2.48,4.58
2011.06.08 01:10:54.045,0.95427,0.95449,2.48,3.83
2011.06.08 01:10:54.596,0.95427,0.95446,2.85,3.83
2011.06.08 01:10:54.707,0.95427,0.9545,3.60,3.83
2011.06.08 01:10:55.448,0.95428,0.95453,2.48,3.83
2011.06.08 01:10:55.666,0.95436,0.95453,1.88,3.83
2011.06.08 01:10:56.104,0.95436,0.95455,1.88,3.83
2011.06.08 01:10:56.557,0.95436,0.95456,3.60,3.00
2011.06.08 01:10:56.776,0.95436,0.95457,3.60,2.37
2011.06.08 01:10:56.885,0.95436,0.95457,3.60,2.37
2011.06.08 01:10:57.435,0.95436,0.95457,2.48,2.37
2011.06.08 01:10:58.866,0.95436,0.95457,5.93,1.62
2011.06.08 01:10:58.977,0.95438,0.95457,4.05,1.62
2011.06.08 01:10:59.525,0.95438,0.95457,4.05,1.62
2011.06.08 01:11:00.321,0.9544,0.95457,3.68,1.43
2011.06.08 01:11:00.441,0.95436,0.95457,1.35,1.43
2011.06.08 01:11:00.558,0.95435,0.95457,3.68,1.43
2011.06.08 01:11:01.005,0.95437,0.95457,1.88,1.43
2011.06.08 01:11:01.449,0.95437,0.95456,3.38,1.43
2011.06.08 01:11:01.568,0.95445,0.95456,1.35,1.43
2011.06.08 01:11:01.678,0.95434,0.95455,1.50,3.83
2011.06.08 01:11:01.799,0.95432,0.95455,1.35,3.83
2011.06.08 01:11:02.246,0.95432,0.95456,3.23,3.83
2011.06.08 01:11:02.578,0.95439,0.95461,1.50,3.98
2011.06.08 01:11:02.915,0.95437,0.95462,2.85,3.98
2011.06.08 01:11:03.356,0.95437,0.95462,2.10,3.98
2011.06.08 01:11:03.930,0.95441,0.95462,1.32,3.89
2011.06.08 01:11:04.049,0.95443,0.95462,1.32,3.08
2011.06.08 01:11:04.168,0.95443,0.95466,1.32,3.08
2011.06.08 01:11:04.278,0.95443,0.95466,1.32,3.08
2011.06.08 01:11:04.606,0.95436,0.95466,2.10,3.08
2011.06.08 01:11:04.936,0.95436,0.95469,2.10,4.58
2011.06.08 01:11:05.046,0.95434,0.95464,1.35,3.83
2011.06.08 01:11:05.486,0.95432,0.95462,1.35,3.83
2011.06.08 01:11:06.255,0.95433,0.95463,1.35,3.83
2011.06.08 01:11:06.368,0.95438,0.9547,2.48,2.25
2011.06.08 01:11:06.585,0.95441,0.95472,1.73,3.83
2011.06.08 01:11:06.917,0.95438,0.9547,3.23,1.50
2011.06.08 01:11:07.135,0.95437,0.9547,2.48,2.25
2011.06.08 01:11:07.797,0.95434,0.95465,3.68,1.50
2011.06.08 01:11:08.346,0.95434,0.95461,1.35,3.83
2011.06.08 01:11:08.566,0.95441,0.95466,1.13,1.35
2011.06.08 01:11:08.786,0.95437,0.95462,3.23,3.08
2011.06.08 01:11:08.894,0.95437,0.95464,3.23,3.08
2011.06.08 01:11:09.224,0.95437,0.95464,2.48,3.83
2011.06.08 01:11:09.987,0.95434,0.95464,1.35,3.83
2011.06.08 01:11:10.097,0.95433,0.95459,1.50,3.83
2011.06.08 01:11:10.315,0.95434,0.95464,2.25,3.83
2011.06.08 01:11:10.536,0.95437,0.95466,3.23,3.83
2011.06.08 01:11:10.757,0.95439,0.95467,1.13,3.83
2011.06.08 01:11:11.084,0.95439,0.95467,1.13,3.83
2011.06.08 01:11:11.636,0.95438,0.95467,1.13,3.83
2011.06.08 01:11:11.967,0.95438,0.95467,1.73,3.83
2011.06.08 01:11:12.243,0.95437,0.95467,2.48,3.83
2011.06.08 01:11:12.906,0.95432,0.95461,1.35,3.83
2011.06.08 01:11:13.017,0.95431,0.95459,1.35,3.83
2011.06.08 01:11:13.564,0.9543,0.95459,1.35,3.83
2011.06.08 01:11:13.675,0.9543,0.95459,1.35,3.83
2011.06.08 01:11:14.926,0.95431,0.95459,2.85,3.83
2011.06.08 01:11:15.037,0.95434,0.95466,1.35,4.58
2011.06.08 01:11:15.565,0.95434,0.95464,1.35,3.83
2011.06.08 01:11:16.116,0.95434,0.95466,1.35,1.50
2011.06.08 01:11:16.225,0.95436,0.95467,1.35,3.83
2011.06.08 01:11:16.556,0.95438,0.95465,1.35,1.50
2011.06.08 01:11:17.419,0.95437,0.95469,2.85,3.83
2011.06.08 01:11:17.877,0.95437,0.95468,1.88,4.43
2011.06.08 01:11:18.095,0.95437,0.95468,1.88,4.43
2011.06.08 01:11:18.645,0.95437,0.95468,1.88,1.35
2011.06.08 01:11:19.746,0.95437,0.95468,1.88,2.10
2011.06.08 01:11:19.964,0.95437,0.95467,1.88,3.83
2011.06.08 01:11:20.075,0.95437,0.95467,1.88,3.83
2011.06.08 01:11:20.845,0.95434,0.95465,1.35,3.83
2011.06.08 01:11:21.175,0.9543,0.95464,2.10,4.58
2011.06.08 01:11:21.395,0.9543,0.95464,2.10,1.50
2011.06.08 01:11:21.835,0.95429,0.95463,4.05,1.35
2011.06.08 01:11:22.054,0.95431,0.95463,1.35,1.35
2011.06.08 01:11:22.385,0.95433,0.95463,4.58,2.10
2011.06.08 01:11:23.506,0.95434,0.95463,3.83,1.35
2011.06.08 01:11:24.075,0.95437,0.95466,1.35,1.50
2011.06.08 01:11:24.185,0.95437,0.95466,1.35,1.50
2011.06.08 01:11:25.737,0.95434,0.95464,5.33,2.10
2011.06.08 01:11:25.848,0.95434,0.95464,1.50,2.10
2011.06.08 01:11:26.185,0.95434,0.95464,5.33,1.35
2011.06.08 01:11:26.596,0.95434,0.95464,1.50,1.35
2011.06.08 01:11:26.815,0.95434,0.95464,4.58,1.35
2011.06.08 01:11:27.256,0.95434,0.95464,3.83,1.35
2011.06.08 01:11:27.475,0.95432,0.95462,1.35,3.83
2011.06.08 01:11:27.696,0.95434,0.95463,1.35,3.83
2011.06.08 01:11:28.245,0.95435,0.95464,1.35,3.83
2011.06.08 01:11:30.315,0.95436,0.95466,1.35,4.58
2011.06.08 01:11:30.535,0.95435,0.95464,1.50,4.43
2011.06.08 01:11:30.646,0.95433,0.95463,1.50,3.83
2011.06.08 01:11:30.974,0.95432,0.95463,1.35,3.83
2011.06.08 01:11:31.415,0.95432,0.95461,1.35,3.83
2011.06.08 01:11:31.856,0.95432,0.95463,1.35,4.58
2011.06.08 01:11:32.407,0.9543,0.95459,2.10,3.83
2011.06.08 01:11:32.735,0.9543,0.95459,1.35,3.83
2011.06.08 01:11:33.756,0.9543,0.95459,1.35,3.83
2011.06.08 01:11:34.315,0.95432,0.95463,1.35,3.83
2011.06.08 01:11:35.084,0.95431,0.95462,1.35,3.83
2011.06.08 01:11:35.658,0.95432,0.95462,1.35,3.83
2011.06.08 01:11:37.336,0.95432,0.95463,1.35,3.83
2011.06.08 01:11:37.885,0.95432,0.95463,1.35,3.83
2011.06.08 01:11:38.327,0.95435,0.95463,1.35,3.83
2011.06.08 01:11:38.438,0.95437,0.95463,1.35,3.83
2011.06.08 01:11:38.558,0.95441,0.9547,1.35,3.83
2011.06.08 01:11:38.776,0.95442,0.9547,1.35,3.83
2011.06.08 01:11:38.885,0.95443,0.9547,1.50,3.83
2011.06.08 01:11:39.215,0.95442,0.95472,2.10,3.83
2011.06.08 01:11:39.436,0.95442,0.9547,1.35,3.83
2011.06.08 01:11:39.657,0.95441,0.9547,1.35,3.83
2011.06.08 01:11:39.876,0.95438,0.95467,2.10,3.83
2011.06.08 01:11:41.997,0.95442,0.9547,1.50,1.35
2011.06.08 01:11:42.327,0.95445,0.95472,1.35,3.83
2011.06.08 01:11:43.726,0.95446,0.95476,1.35,3.83
2011.06.08 01:11:44.436,0.95447,0.95474,2.10,3.83
2011.06.08 01:11:44.656,0.95451,0.95477,2.63,3.83
2011.06.08 01:11:44.876,0.95456,0.95486,1.50,1.35
2011.06.08 01:11:45.411,0.95457,0.95487,3.98,3.83
2011.06.08 01:11:45.855,0.9546,0.95485,1.50,3.83
2011.06.08 01:11:45.966,0.95461,0.95491,1.50,1.35
2011.06.08 01:11:46.298,0.95466,0.95496,1.88,1.50
2011.06.08 01:11:46.845,0.95465,0.95495,1.35,1.13
2011.06.08 01:11:47.174,0.95465,0.95495,1.35,1.13
2011.06.08 01:11:47.726,0.95465,0.95494,2.10,1.88
2011.06.08 01:11:48.275,0.95465,0.95494,1.35,1.50
2011.06.08 01:11:48.386,0.95464,0.95493,2.10,1.50
2011.06.08 01:11:48.837,0.95467,0.95493,1.35,1.50
2011.06.08 01:11:49.055,0.95468,0.95497,4.43,1.50
2011.06.08 01:11:49.935,0.95471,0.95503,1.35,1.35
2011.06.08 01:11:50.595,0.95475,0.95502,1.35,3.83
2011.06.08 01:11:50.705,0.95473,0.95504,4.43,1.50
2011.06.08 01:11:50.924,0.95471,0.95503,1.35,1.13
2011.06.08 01:11:51.145,0.95471,0.95503,1.35,1.13
2011.06.08 01:11:51.366,0.95477,0.95506,1.35,1.50
2011.06.08 01:11:51.915,0.95477,0.95508,3.98,1.13
2011.06.08 01:11:52.466,0.95477,0.95508,3.23,1.13
2011.06.08 01:11:52.907,0.95477,0.95503,1.35,3.83
2011.06.08 01:11:53.674,0.95477,0.95504,1.35,1.50
2011.06.08 01:11:54.195,0.95477,0.95506,1.35,4.58
2011.06.08 01:11:54.416,0.95473,0.95506,4.35,4.95
2011.06.08 01:11:55.245,0.95476,0.95502,1.35,3.83
2011.06.08 01:11:57.866,0.95475,0.95504,1.35,3.83
2011.06.08 01:11:57.975,0.95475,0.95504,1.35,1.50
2011.06.08 01:11:58.196,0.95476,0.95503,1.35,3.83
2011.06.08 01:11:58.974,0.95479,0.95503,1.35,3.83
2011.06.08 01:11:59.195,0.95479,0.95503,1.35,3.83
2011.06.08 01:11:59.416,0.95479,0.95508,1.35,1.50
2011.06.08 01:11:59.657,0.9548,0.95508,1.50,1.50
2011.06.08 01:11:59.769,0.95487,0.95517,2.63,2.10
2011.06.08 01:11:59.876,0.95487,0.95517,2.63,2.10
2011.06.08 01:12:00.425,0.95487,0.95514,2.63,1.50
2011.06.08 01:12:00.536,0.95487,0.95514,2.63,1.50
2011.06.08 01:12:00.647,0.95487,0.95514,1.88,1.50
2011.06.08 01:12:01.196,0.95486,0.95514,2.25,1.50
2011.06.08 01:12:01.636,0.95481,0.9551,4.58,2.10
2011.06.08 01:12:01.747,0.95479,0.95508,2.63,1.50
2011.06.08 01:12:01.856,0.95477,0.95508,1.50,1.50
2011.06.08 01:12:02.076,0.95478,0.95503,1.50,1.50
2011.06.08 01:12:02.186,0.95476,0.95503,3.23,1.50
2011.06.08 01:12:02.406,0.95471,0.955,5.33,1.50
2011.06.08 01:12:02.516,0.95471,0.955,5.33,1.50
2011.06.08 01:12:03.945,0.95471,0.95498,1.50,1.50
2011.06.08 01:12:04.531,0.95484,0.95511,1.50,3.83
2011.06.08 01:12:04.757,0.95488,0.95513,1.35,1.50
2011.06.08 01:12:05.087,0.95488,0.95512,1.35,1.50
2011.06.08 01:12:05.418,0.95487,0.9551,2.63,1.50
2011.06.08 01:12:06.007,0.95485,0.95508,1.50,1.50
2011.06.08 01:12:06.556,0.95482,0.95508,1.35,1.50
2011.06.08 01:12:06.775,0.9548,0.95507,1.50,1.50
2011.06.08 01:12:06.996,0.95478,0.95504,1.50,1.50
2011.06.08 01:12:07.435,0.95477,0.95499,2.63,1.50
2011.06.08 01:12:07.545,0.95474,0.95499,1.50,1.50
2011.06.08 01:12:07.986,0.95474,0.95499,1.50,1.50
2011.06.08 01:12:08.740,0.95474,0.95497,1.50,1.50
2011.06.08 01:12:08.969,0.95479,0.95502,1.50,1.50
2011.06.08 01:12:09.526,0.95479,0.95503,1.50,4.58
2011.06.08 01:12:09.638,0.95477,0.95502,3.38,1.50
2011.06.08 01:12:09.746,0.95478,0.95503,1.50,3.83
2011.06.08 01:12:09.969,0.9548,0.95503,1.50,3.83
2011.06.08 01:12:10.535,0.9548,0.95504,1.50,1.50
2011.06.08 01:12:11.086,0.9548,0.95504,1.50,1.50
2011.06.08 01:12:11.476,0.95479,0.95506,1.50,1.50
2011.06.08 01:12:12.026,0.9548,0.95507,1.50,1.50
2011.06.08 01:12:12.246,0.9548,0.95507,1.50,1.50
2011.06.08 01:12:12.575,0.9548,0.9551,1.50,1.35
2011.06.08 01:12:13.016,0.9548,0.9551,1.50,2.10
2011.06.08 01:12:13.390,0.95478,0.9551,3.83,2.10
2011.06.08 01:12:13.501,0.95476,0.95506,2.85,1.50
2011.06.08 01:12:15.805,0.95476,0.95507,2.10,3.83
2011.06.08 01:12:17.376,0.95476,0.95504,2.25,1.35
2011.06.08 01:12:17.705,0.95476,0.95504,1.50,1.35
2011.06.08 01:12:17.815,0.95474,0.95504,1.50,1.35
2011.06.08 01:12:19.196,0.95473,0.95504,1.50,3.23
2011.06.08 01:12:19.416,0.95473,0.95504,1.50,3.23
2011.06.08 01:12:19.965,0.95473,0.95504,1.50,3.23
2011.06.08 01:12:20.295,0.95473,0.95504,1.50,1.35
2011.06.08 01:12:21.805,0.95473,0.95503,1.50,3.83
2011.06.08 01:12:22.265,0.95473,0.95503,1.50,3.83
2011.06.08 01:12:22.815,0.95475,0.95504,1.13,1.35
2011.06.08 01:12:23.147,0.95481,0.9551,1.50,1.50
2011.06.08 01:12:23.475,0.95485,0.95511,1.50,1.50
2011.06.08 01:12:24.856,0.95483,0.95509,3.83,1.50
2011.06.08 01:12:25.189,0.95478,0.95501,1.50,1.35
2011.06.08 01:12:25.416,0.95477,0.95501,1.50,1.35
2011.06.08 01:12:25.527,0.95475,0.95505,1.50,1.50
2011.06.08 01:12:25.747,0.95475,0.95501,3.83,1.35
2011.06.08 01:12:25.968,0.95473,0.95501,3.83,1.35
2011.06.08 01:12:26.295,0.95472,0.95501,4.58,2.10
2011.06.08 01:12:26.735,0.95472,0.95501,4.58,2.10
2011.06.08 01:12:26.847,0.95472,0.95501,3.83,1.35
2011.06.08 01:12:27.066,0.95469,0.95501,5.18,2.10
2011.06.08 01:12:27.176,0.9547,0.95499,1.50,1.50
2011.06.08 01:12:27.286,0.95479,0.95499,1.50,1.50
2011.06.08 01:12:27.506,0.95479,0.95505,1.50,1.50
2011.06.08 01:12:27.615,0.95482,0.95505,1.50,1.50
2011.06.08 01:12:27.726,0.95478,0.95502,3.08,1.35
2011.06.08 01:12:28.098,0.95471,0.95502,1.50,1.35
2011.06.08 01:12:28.977,0.95472,0.95502,3.83,1.35
2011.06.08 01:12:29.085,0.95474,0.95502,1.50,1.35
2011.06.08 01:12:29.856,0.95475,0.95502,5.33,1.35
2011.06.08 01:12:30.637,0.95475,0.95502,4.58,1.35
2011.06.08 01:12:31.185,0.95475,0.95502,5.33,1.35
2011.06.08 01:12:31.518,0.95475,0.95502,4.58,1.35
2011.06.08 01:12:32.065,0.95475,0.95502,4.58,1.35
2011.06.08 01:12:33.112,0.95476,0.95502,1.50,1.35
2011.06.08 01:12:33.446,0.95474,0.95503,2.25,1.35
2011.06.08 01:12:34.216,0.95474,0.95503,1.50,1.35
2011.06.08 01:12:34.986,0.95474,0.95503,2.25,1.35
2011.06.08 01:12:35.425,0.95474,0.95503,2.25,1.35
2011.06.08 01:12:35.756,0.95474,0.95503,1.50,1.35
2011.06.08 01:12:36.086,0.95473,0.95502,1.50,3.83
2011.06.08 01:12:36.635,0.95472,0.95503,2.25,4.43
2011.06.08 01:12:37.184,0.95473,0.95503,1.50,4.43
2011.06.08 01:12:38.016,0.95472,0.95503,2.25,4.43
2011.06.08 01:12:38.125,0.95473,0.95503,1.50,4.43
2011.06.08 01:12:38.676,0.95473,0.95503,1.50,4.43
2011.06.08 01:12:39.225,0.95473,0.95503,1.50,1.35
2011.06.08 01:12:39.696,0.95473,0.95503,1.50,1.35
2011.06.08 01:12:40.136,0.95473,0.95503,1.50,1.35
2011.06.08 01:12:40.576,0.95473,0.95503,1.50,1.35
2011.06.08 01:12:40.905,0.95475,0.95503,1.50,1.35
2011.06.08 01:12:41.455,0.95474,0.95503,3.38,1.35
2011.06.08 01:12:41.565,0.95477,0.95503,1.50,1.35
2011.06.08 01:12:42.177,0.95474,0.95503,3.38,4.43
2011.06.08 01:12:43.276,0.95474,0.95499,3.38,1.13
2011.06.08 01:12:43.497,0.95466,0.95496,3.38,3.83
2011.06.08 01:12:43.826,0.95465,0.95496,1.50,3.83
2011.06.08 01:12:44.156,0.95465,0.9549,1.50,3.08
2011.06.08 01:12:44.375,0.95464,0.9549,1.50,3.83
2011.06.08 01:12:44.595,0.95464,0.95495,1.50,3.83
2011.06.08 01:12:44.815,0.95464,0.95495,1.50,3.83
2011.06.08 01:12:45.985,0.95464,0.95495,1.50,3.83
2011.06.08 01:12:47.507,0.95463,0.95491,2.85,1.50
2011.06.08 01:12:47.622,0.95457,0.95483,1.50,3.83
2011.06.08 01:12:47.738,0.95454,0.95477,1.50,3.83
2011.06.08 01:12:48.286,0.95453,0.95477,1.35,3.08
2011.06.08 01:12:48.506,0.95453,0.95482,1.35,3.83
2011.06.08 01:12:48.837,0.95453,0.95482,3.23,3.83
2011.06.08 01:12:49.166,0.9546,0.95488,1.50,3.83
2011.06.08 01:12:49.499,0.9546,0.95486,1.50,3.83
2011.06.08 01:12:49.835,0.95464,0.95494,3.23,4.20
2011.06.08 01:12:50.386,0.95464,0.95497,3.98,4.58
2011.06.08 01:12:50.607,0.95464,0.95496,4.73,3.83
2011.06.08 01:12:51.646,0.95464,0.95496,3.98,3.83
2011.06.08 01:12:52.085,0.95464,0.95492,2.10,3.83
2011.06.08 01:12:52.526,0.95461,0.95489,1.35,3.83
2011.06.08 01:12:52.855,0.95465,0.95492,1.50,3.83
2011.06.08 01:12:53.186,0.95462,0.95492,1.35,3.83
2011.06.08 01:12:53.296,0.95462,0.9549,2.10,3.83
2011.06.08 01:12:53.406,0.95462,0.9549,1.50,3.83
2011.06.08 01:12:53.517,0.9546,0.9549,1.50,3.83
2011.06.08 01:12:53.626,0.95458,0.95486,2.10,3.83
2011.06.08 01:12:53.846,0.95459,0.9549,2.85,3.83
2011.06.08 01:12:54.836,0.95459,0.95485,2.25,1.35
2011.06.08 01:12:55.055,0.95457,0.95484,1.50,3.83
2011.06.08 01:12:55.386,0.95457,0.95484,1.50,3.83
2011.06.08 01:12:55.966,0.95454,0.95482,1.50,4.20
2011.06.08 01:12:56.296,0.95449,0.95477,1.50,3.83
2011.06.08 01:12:56.406,0.95448,0.95478,1.50,4.20
2011.06.08 01:12:57.897,0.95452,0.95478,1.35,3.83
2011.06.08 01:12:58.227,0.95458,0.95474,1.50,3.08
2011.06.08 01:12:58.555,0.95458,0.95474,1.50,3.08
2011.06.08 01:12:58.776,0.95458,0.95478,1.50,3.08
2011.06.08 01:12:58.996,0.95457,0.95472,3.23,3.08
2011.06.08 01:12:59.214,0.95457,0.95472,3.23,3.08
2011.06.08 01:12:59.326,0.95457,0.95478,1.35,3.08
2011.06.08 01:12:59.437,0.95459,0.95473,1.50,3.08
2011.06.08 01:12:59.765,0.95459,0.95479,1.50,3.08
2011.06.08 01:13:00.235,0.95465,0.95479,1.35,3.08
2011.06.08 01:13:00.346,0.95465,0.95483,1.35,3.08
2011.06.08 01:13:00.789,0.95459,0.95475,1.50,3.08
2011.06.08 01:13:01.023,0.95459,0.95486,1.50,3.08
2011.06.08 01:13:01.467,0.95468,0.95493,1.35,3.83
2011.06.08 01:13:01.687,0.95468,0.95493,1.35,3.08
2011.06.08 01:13:01.796,0.95469,0.95496,1.50,3.83
2011.06.08 01:13:01.909,0.95468,0.955,1.35,1.35
2011.06.08 01:13:02.027,0.95473,0.95502,1.35,1.50
2011.06.08 01:13:02.355,0.95468,0.95497,1.50,3.83
2011.06.08 01:13:02.465,0.95467,0.95497,1.50,3.08
2011.06.08 01:13:04.085,0.95466,0.95497,1.35,1.88
2011.06.08 01:13:04.415,0.95467,0.95497,1.50,3.45
2011.06.08 01:13:04.965,0.95466,0.95497,2.10,4.58
2011.06.08 01:13:05.205,0.95466,0.95495,2.10,3.08
2011.06.08 01:13:05.754,0.95466,0.95495,1.35,3.83
2011.06.08 01:13:06.526,0.9547,0.95496,1.50,3.08
2011.06.08 01:13:06.636,0.95472,0.955,1.35,1.50
2011.06.08 01:13:07.176,0.95472,0.955,1.35,1.50
2011.06.08 01:13:07.925,0.95472,0.95501,2.10,3.83
2011.06.08 01:13:08.147,0.95474,0.95502,2.85,1.50
2011.06.08 01:13:08.475,0.95477,0.95504,1.50,1.50
2011.06.08 01:13:09.025,0.95478,0.95506,1.50,4.58
2011.06.08 01:13:10.126,0.95478,0.95504,1.50,1.35
2011.06.08 01:13:10.345,0.95472,0.95503,1.50,2.48
2011.06.08 01:13:10.675,0.95472,0.95502,1.50,3.83
2011.06.08 01:13:11.577,0.95483,0.95502,1.50,3.83
2011.06.08 01:13:11.795,0.95483,0.95503,1.50,1.35
2011.06.08 01:13:12.238,0.95482,0.95506,1.50,1.50
2011.06.08 01:13:13.445,0.95483,0.95506,1.50,1.50
2011.06.08 01:13:13.776,0.95485,0.95507,1.50,1.50
2011.06.08 01:13:14.796,0.9548,0.95506,1.35,3.83
2011.06.08 01:13:15.015,0.95477,0.95505,2.63,1.35
2011.06.08 01:13:15.236,0.9548,0.95507,1.50,1.50
2011.06.08 01:13:15.565,0.9548,0.95506,3.83,1.35
2011.06.08 01:13:15.896,0.9548,0.95508,1.50,1.50
2011.06.08 01:13:16.225,0.95479,0.95508,1.35,1.50
2011.06.08 01:13:16.555,0.9548,0.95508,1.50,1.50
2011.06.08 01:13:16.666,0.95479,0.9551,1.35,5.33
2011.06.08 01:13:16.886,0.95479,0.95505,1.35,1.50
2011.06.08 01:13:17.106,0.95474,0.95502,4.58,2.10
2011.06.08 01:13:17.355,0.95478,0.95502,3.08,2.85
2011.06.08 01:13:17.468,0.95472,0.955,1.50,3.83
2011.06.08 01:13:17.588,0.95471,0.95502,1.50,2.10
2011.06.08 01:13:18.053,0.95475,0.95502,1.50,1.35
2011.06.08 01:13:18.278,0.95475,0.95505,1.50,1.50
2011.06.08 01:13:18.389,0.95475,0.95505,4.58,1.50
2011.06.08 01:13:20.837,0.95478,0.95506,1.50,3.83
2011.06.08 01:13:20.947,0.95474,0.95505,1.50,2.25
2011.06.08 01:13:25.966,0.95467,0.95498,1.35,4.58
2011.06.08 01:13:26.516,0.95461,0.95492,1.35,3.83
2011.06.08 01:13:26.625,0.95461,0.95492,1.35,3.83
2011.06.08 01:13:26.735,0.95461,0.95492,1.35,3.83
2011.06.08 01:13:27.186,0.95463,0.95493,1.50,4.43
2011.06.08 01:13:27.297,0.95465,0.95493,2.10,3.83
2011.06.08 01:13:27.516,0.95469,0.95496,1.50,3.83
2011.06.08 01:13:27.846,0.95469,0.95499,1.50,2.10
2011.06.08 01:13:30.044,0.95465,0.95495,1.35,4.20
2011.06.08 01:13:30.156,0.9546,0.9549,2.85,3.83
2011.06.08 01:13:31.865,0.95461,0.9549,1.50,4.80
2011.06.08 01:13:32.486,0.95451,0.9548,1.50,5.18
2011.06.08 01:13:32.596,0.95453,0.9548,1.35,4.58
2011.06.08 01:13:32.816,0.95456,0.95484,2.10,3.83
2011.06.08 01:13:37.385,0.95459,0.95487,1.50,3.83
2011.06.08 01:13:40.318,0.95459,0.95488,2.25,1.35
2011.06.08 01:13:40.647,0.95463,0.95493,1.50,4.43
2011.06.08 01:13:40.976,0.95464,0.95493,1.50,1.35
2011.06.08 01:13:41.196,0.95464,0.95493,2.25,1.35
2011.06.08 01:13:42.836,0.95466,0.95494,1.35,3.83
2011.06.08 01:13:42.945,0.95467,0.95494,3.23,3.83
2011.06.08 01:13:43.055,0.95469,0.95494,1.50,4.43
2011.06.08 01:13:43.275,0.95466,0.95494,1.50,4.43
2011.06.08 01:13:43.824,0.95465,0.95494,2.25,1.35
2011.06.08 01:13:44.375,0.95466,0.95494,1.50,1.35
2011.06.08 01:13:45.172,0.95465,0.95494,1.50,4.43
2011.06.08 01:13:45.289,0.95464,0.95494,1.50,4.43
2011.06.08 01:13:45.958,0.95464,0.95494,1.50,4.43
2011.06.08 01:13:47.068,0.95464,0.95494,1.50,4.43
2011.06.08 01:13:47.287,0.95464,0.95491,2.25,3.83
2011.06.08 01:13:47.857,0.95464,0.95494,2.25,4.43
2011.06.08 01:13:48.279,0.95464,0.95494,1.50,4.43
2011.06.08 01:13:48.655,0.95464,0.95494,2.25,4.43
2011.06.08 01:13:49.184,0.95464,0.95494,2.25,4.43
2011.06.08 01:13:49.735,0.95464,0.95494,2.25,4.43
2011.06.08 01:13:50.285,0.95466,0.95494,2.25,4.43
2011.06.08 01:13:51.713,0.95467,0.95494,1.50,1.35
2011.06.08 01:13:52.665,0.95467,0.95494,1.50,1.35
2011.06.08 01:13:53.455,0.95466,0.95494,1.50,4.43
2011.06.08 01:13:53.786,0.95468,0.95496,1.50,1.50
2011.06.08 01:13:54.005,0.95467,0.95496,1.50,4.58
2011.06.08 01:13:54.555,0.95466,0.95496,2.10,4.58
2011.06.08 01:13:57.348,0.95466,0.95496,2.10,4.95
2011.06.08 01:13:57.675,0.95468,0.95496,2.63,4.58
2011.06.08 01:13:58.006,0.95468,0.95496,1.88,4.20
2011.06.08 01:13:58.116,0.95466,0.95496,1.35,4.20
2011.06.08 01:13:58.336,0.95468,0.95498,1.50,4.43
2011.06.08 01:13:58.860,0.95468,0.95498,2.25,4.43
2011.06.08 01:13:59.196,0.95472,0.95498,1.50,1.35
2011.06.08 01:13:59.746,0.95472,0.95503,1.50,4.43
2011.06.08 01:14:00.294,0.95472,0.95499,1.50,1.35
2011.06.08 01:14:01.856,0.95472,0.95503,1.50,7.05
2011.06.08 01:14:02.189,0.95468,0.95497,4.43,1.13
2011.06.08 01:14:02.307,0.95465,0.95494,2.25,3.83
2011.06.08 01:14:02.417,0.95463,0.95494,1.50,3.83
2011.06.08 01:14:03.022,0.9546,0.95487,1.50,4.20
2011.06.08 01:14:03.246,0.95455,0.95484,2.25,1.50
2011.06.08 01:14:04.566,0.95455,0.95479,1.50,3.83
2011.06.08 01:14:04.786,0.95451,0.95478,1.50,3.83
2011.06.08 01:14:07.747,0.9545,0.95478,1.50,3.83
2011.06.08 01:14:08.186,0.9545,0.95478,1.50,3.83
2011.06.08 01:14:08.516,0.95448,0.95474,1.50,1.35
2011.06.08 01:14:08.626,0.95444,0.95474,1.50,1.35
2011.06.08 01:14:08.736,0.95442,0.95472,2.10,3.83
2011.06.08 01:14:08.845,0.95442,0.95472,1.35,3.83
2011.06.08 01:14:09.239,0.95441,0.95472,1.35,3.83
2011.06.08 01:14:10.442,0.95439,0.95469,3.00,3.83
2011.06.08 01:14:11.035,0.95439,0.95469,3.00,3.83
2011.06.08 01:14:11.364,0.95439,0.9547,1.50,4.43
2011.06.08 01:14:11.585,0.95436,0.95465,1.35,1.50
2011.06.08 01:14:11.915,0.95436,0.95465,1.35,1.50
2011.06.08 01:14:14.475,0.95435,0.95461,1.50,3.83
2011.06.08 01:14:14.584,0.95432,0.95461,2.85,3.83
2011.06.08 01:14:15.135,0.95434,0.95461,1.50,3.83
2011.06.08 01:14:18.825,0.95432,0.95461,2.10,3.83
2011.06.08 01:14:19.395,0.95431,0.95461,2.10,3.83
2011.06.08 01:14:19.948,0.9543,0.95455,1.50,1.35
2011.06.08 01:14:20.057,0.95429,0.95452,1.50,3.83
2011.06.08 01:14:20.167,0.95427,0.95452,1.50,3.83
2011.06.08 01:14:20.276,0.95423,0.95452,1.50,3.83
2011.06.08 01:14:20.827,0.95418,0.95445,1.50,3.83
2011.06.08 01:14:21.156,0.95418,0.95445,1.50,3.83
2011.06.08 01:14:22.406,0.95418,0.95446,1.50,3.83
2011.06.08 01:14:22.956,0.95421,0.95451,1.50,3.83
2011.06.08 01:14:24.545,0.95421,0.95452,1.50,4.43
2011.06.08 01:14:24.997,0.95421,0.95453,1.50,2.10
2011.06.08 01:14:25.216,0.95423,0.95452,1.50,1.35
2011.06.08 01:14:25.817,0.95428,0.95452,1.50,1.35
2011.06.08 01:14:26.366,0.9543,0.95455,1.88,3.83
2011.06.08 01:14:26.804,0.95429,0.95455,1.13,3.83
2011.06.08 01:14:27.354,0.95429,0.95455,1.13,3.83
2011.06.08 01:14:28.965,0.95429,0.95455,1.13,3.83
2011.06.08 01:14:30.515,0.95429,0.95455,1.13,3.83
2011.06.08 01:14:30.625,0.9543,0.95454,1.13,1.50
2011.06.08 01:14:30.844,0.95429,0.95452,1.13,3.83
2011.06.08 01:14:31.065,0.95429,0.95452,1.13,3.83
2011.06.08 01:14:31.397,0.95424,0.95447,1.35,1.13
2011.06.08 01:14:31.509,0.95422,0.95446,1.13,3.83
2011.06.08 01:14:31.626,0.95422,0.95446,1.88,3.83
2011.06.08 01:14:31.844,0.95424,0.95448,1.50,3.83
2011.06.08 01:14:32.395,0.95421,0.95446,1.73,3.83
2011.06.08 01:14:32.725,0.95419,0.95448,1.13,4.43
2011.06.08 01:14:32.835,0.95419,0.95448,1.88,4.43
2011.06.08 01:14:33.055,0.95419,0.95447,1.88,3.83
2011.06.08 01:14:34.066,0.9542,0.95447,1.50,3.83
2011.06.08 01:14:34.626,0.95419,0.95447,1.88,3.83
2011.06.08 01:14:35.057,0.95417,0.95446,2.25,3.83
2011.06.08 01:14:35.494,0.95419,0.95447,1.50,3.83
2011.06.08 01:14:35.826,0.9542,0.95447,1.50,3.83
2011.06.08 01:14:36.155,0.9542,0.95447,1.50,3.83
2011.06.08 01:14:36.705,0.95418,0.95448,1.13,4.43
2011.06.08 01:14:37.476,0.95419,0.95448,1.13,1.35
2011.06.08 01:14:38.025,0.95417,0.95447,2.25,3.83
2011.06.08 01:14:38.358,0.95416,0.95439,1.13,4.43
2011.06.08 01:14:38.465,0.95414,0.95439,1.50,4.43
2011.06.08 01:14:38.578,0.95412,0.95437,1.50,3.83
2011.06.08 01:14:38.689,0.95411,0.95434,1.13,1.35
2011.06.08 01:14:38.806,0.95409,0.95434,2.25,1.35
2011.06.08 01:14:38.916,0.95409,0.95434,1.50,1.35
2011.06.08 01:14:39.135,0.95407,0.95434,1.50,1.35
2011.06.08 01:14:39.696,0.95408,0.95434,1.50,1.35
2011.06.08 01:14:39.915,0.95408,0.95439,2.10,3.83
2011.06.08 01:14:40.855,0.95408,0.95439,2.10,4.20
2011.06.08 01:14:41.185,0.95408,0.9544,2.10,3.83
2011.06.08 01:14:41.294,0.95408,0.95438,2.10,3.83
2011.06.08 01:14:41.762,0.95413,0.95442,1.35,1.50
2011.06.08 01:14:41.985,0.95413,0.95442,2.10,1.50
2011.06.08 01:14:42.428,0.95411,0.95439,1.50,5.18
2011.06.08 01:14:42.535,0.95406,0.95439,1.50,5.18
2011.06.08 01:14:42.865,0.95404,0.95433,3.83,1.35
2011.06.08 01:14:43.525,0.95403,0.95433,4.58,1.35
2011.06.08 01:14:43.636,0.95403,0.95433,3.83,1.35
2011.06.08 01:14:43.854,0.95402,0.95433,5.33,1.35
2011.06.08 01:14:45.025,0.95402,0.95433,2.25,1.35
2011.06.08 01:14:45.467,0.95402,0.95433,1.50,1.35
2011.06.08 01:14:45.847,0.95404,0.95433,5.33,1.35
2011.06.08 01:14:46.285,0.95405,0.95433,1.50,1.35
2011.06.08 01:14:47.276,0.95406,0.95433,5.33,1.35
2011.06.08 01:14:47.605,0.95405,0.95433,3.83,1.35
2011.06.08 01:14:48.202,0.95404,0.95433,3.08,1.35
2011.06.08 01:14:48.975,0.95401,0.95433,2.10,4.43
2011.06.08 01:14:49.536,0.954,0.95433,3.68,1.35
2011.06.08 01:14:49.647,0.95399,0.95433,3.68,1.35
2011.06.08 01:14:49.975,0.95401,0.95433,1.35,1.35
2011.06.08 01:14:50.556,0.95402,0.95432,1.50,3.83
2011.06.08 01:14:50.665,0.95396,0.95432,4.65,3.83
2011.06.08 01:14:52.927,0.95397,0.95433,4.28,4.43
2011.06.08 01:14:54.144,0.95401,0.95431,1.35,3.83
2011.06.08 01:14:54.255,0.95402,0.95431,1.50,3.83
2011.06.08 01:14:55.980,0.95405,0.95437,4.43,1.50
2011.06.08 01:14:56.208,0.95405,0.95439,4.43,1.35
2011.06.08 01:14:56.317,0.95405,0.95439,4.43,1.35
2011.06.08 01:14:56.426,0.95405,0.95439,4.43,1.35
2011.06.08 01:14:56.756,0.95405,0.95438,3.68,1.50
2011.06.08 01:14:56.867,0.95401,0.95433,3.30,1.35
2011.06.08 01:14:58.410,0.95395,0.95423,1.73,1.35
2011.06.08 01:14:58.526,0.95394,0.95423,2.25,1.35
2011.06.08 01:14:58.637,0.95394,0.95423,1.50,1.35
2011.06.08 01:14:58.855,0.95395,0.95423,1.50,1.35
2011.06.08 01:15:00.735,0.95395,0.95423,1.50,1.35
2011.06.08 01:15:00.955,0.95396,0.95423,1.50,1.35
2011.06.08 01:15:01.065,0.95396,0.95423,1.50,1.35
2011.06.08 01:15:01.615,0.95399,0.95428,1.50,1.35
2011.06.08 01:15:02.077,0.95396,0.95428,4.43,1.35
2011.06.08 01:15:02.738,0.95397,0.95428,2.63,2.10
2011.06.08 01:15:04.075,0.954,0.95428,1.50,1.35
2011.06.08 01:15:04.895,0.954,0.95428,1.50,1.35
2011.06.08 01:15:05.226,0.954,0.95428,1.50,1.35
2011.06.08 01:15:05.558,0.95398,0.95428,1.50,1.35
2011.06.08 01:15:05.665,0.95397,0.95428,1.50,2.10
2011.06.08 01:15:06.216,0.95397,0.95426,1.50,3.83
2011.06.08 01:15:06.436,0.95397,0.95426,1.50,4.58
2011.06.08 01:15:06.767,0.95398,0.95426,1.50,4.58
2011.06.08 01:15:07.094,0.95399,0.95428,1.50,4.43
2011.06.08 01:15:07.647,0.954,0.95428,1.50,1.35
2011.06.08 01:15:08.392,0.95401,0.9543,2.10,1.50
2011.06.08 01:15:10.257,0.95407,0.95432,1.35,1.50
2011.06.08 01:15:10.477,0.95402,0.95432,1.35,1.50
2011.06.08 01:15:11.025,0.95402,0.95431,1.35,1.50
2011.06.08 01:15:11.576,0.95402,0.95431,1.35,1.50
2011.06.08 01:15:13.004,0.95403,0.95432,2.10,4.58
2011.06.08 01:15:13.115,0.95408,0.95432,1.35,1.50
2011.06.08 01:15:14.095,0.95409,0.95434,1.35,1.50
2011.06.08 01:15:14.426,0.95406,0.9543,1.35,1.50
2011.06.08 01:15:14.537,0.95403,0.95431,3.83,1.50
2011.06.08 01:15:14.756,0.95405,0.9543,1.35,1.50
2011.06.08 01:15:14.865,0.95411,0.9543,1.50,1.50
2011.06.08 01:15:15.087,0.95411,0.95438,1.50,3.83
2011.06.08 01:15:15.196,0.95414,0.95438,1.50,3.83
2011.06.08 01:15:15.307,0.95413,0.95442,1.50,3.83
2011.06.08 01:15:15.635,0.95414,0.95439,1.35,1.50
2011.06.08 01:15:15.966,0.95423,0.95446,1.50,1.50
2011.06.08 01:15:16.294,0.95422,0.95446,1.50,1.50
2011.06.08 01:15:16.626,0.95418,0.95443,1.35,1.50
2011.06.08 01:15:16.735,0.95415,0.95442,3.83,1.50
2011.06.08 01:15:17.119,0.95414,0.95443,1.50,2.25
2011.06.08 01:15:17.454,0.95412,0.95443,1.35,2.25
2011.06.08 01:15:17.567,0.95407,0.95436,1.50,3.83
2011.06.08 01:15:17.784,0.95406,0.95436,2.10,4.58
2011.06.08 01:15:18.004,0.95406,0.95435,2.10,1.50
2011.06.08 01:15:18.554,0.95406,0.95437,2.10,1.50
2011.06.08 01:15:19.766,0.95406,0.95427,1.35,3.83
2011.06.08 01:15:20.455,0.95406,0.95437,1.35,3.83
2011.06.08 01:15:21.426,0.95407,0.95437,2.63,3.83
2011.06.08 01:15:21.538,0.95414,0.95438,1.50,2.10
2011.06.08 01:15:21.988,0.95414,0.95442,4.58,1.50
2011.06.08 01:15:22.429,0.95415,0.95442,3.08,2.25
2011.06.08 01:15:22.547,0.95415,0.95439,3.08,1.35
2011.06.08 01:15:22.877,0.95415,0.95439,3.08,1.35
2011.06.08 01:15:23.095,0.95409,0.95437,3.83,2.25
2011.06.08 01:15:23.646,0.95406,0.95432,1.50,1.35
2011.06.08 01:15:23.755,0.95406,0.95432,1.50,1.35
2011.06.08 01:15:23.865,0.95406,0.95432,1.50,1.35
2011.06.08 01:15:24.195,0.95405,0.95432,1.50,5.18
2011.06.08 01:15:24.746,0.95405,0.95432,1.50,5.18
2011.06.08 01:15:25.526,0.95405,0.95429,1.50,1.50
2011.06.08 01:15:25.856,0.95406,0.95431,1.50,1.50
2011.06.08 01:15:26.185,0.95409,0.95434,1.50,1.50
2011.06.08 01:15:26.514,0.9541,0.95435,1.50,2.25
2011.06.08 01:15:29.574,0.9541,0.95435,1.50,2.25
2011.06.08 01:15:29.795,0.95409,0.95435,1.50,1.50
2011.06.08 01:15:30.456,0.95406,0.95431,1.50,1.35
2011.06.08 01:15:30.676,0.95402,0.95431,4.58,1.35
2011.06.08 01:15:31.226,0.95403,0.95427,1.50,3.83
2011.06.08 01:15:31.446,0.95402,0.9543,1.50,1.50
2011.06.08 01:15:32.268,0.95404,0.95428,1.88,1.50
2011.06.08 01:15:32.487,0.95414,0.95438,2.25,1.50
2011.06.08 01:15:32.706,0.95416,0.95441,1.50,1.35
2011.06.08 01:15:33.037,0.95418,0.95445,1.50,1.50
2011.06.08 01:15:33.585,0.95417,0.95446,2.25,1.35
2011.06.08 01:15:33.696,0.95417,0.95446,1.50,1.35
2011.06.08 01:15:33.918,0.95416,0.9544,2.63,1.13
2011.06.08 01:15:34.028,0.95411,0.95439,4.43,1.50
2011.06.08 01:15:34.246,0.95411,0.95435,1.50,1.35
2011.06.08 01:15:34.589,0.95405,0.95433,3.83,1.50
2011.06.08 01:15:34.815,0.95404,0.95426,2.25,3.08
2011.06.08 01:15:35.255,0.95407,0.9543,1.50,4.58
2011.06.08 01:15:35.586,0.95404,0.9543,1.50,4.58
2011.06.08 01:15:36.026,0.95404,0.9543,1.50,4.58
2011.06.08 01:15:36.707,0.95404,0.9543,1.50,1.50
2011.06.08 01:15:38.165,0.95404,0.95429,1.50,1.50
2011.06.08 01:15:38.448,0.95405,0.95429,1.50,1.50
2011.06.08 01:15:38.665,0.95405,0.95429,1.50,1.50
2011.06.08 01:15:38.884,0.95405,0.95429,1.50,1.50
2011.06.08 01:15:39.326,0.95402,0.95429,1.50,1.50
2011.06.08 01:15:39.620,0.95401,0.95429,3.83,1.50
2011.06.08 01:15:39.845,0.95403,0.95429,1.50,1.50
2011.06.08 01:15:40.369,0.95403,0.9543,1.50,1.35
2011.06.08 01:15:41.189,0.95404,0.9543,1.50,1.35
2011.06.08 01:15:41.416,0.95414,0.95433,1.50,1.50
2011.06.08 01:15:41.636,0.95414,0.95438,1.50,1.50
2011.06.08 01:15:42.186,0.95418,0.95439,2.10,1.50
2011.06.08 01:15:42.514,0.95422,0.95443,1.50,1.50
2011.06.08 01:15:42.956,0.95418,0.95445,2.10,1.50
2011.06.08 01:15:43.507,0.95412,0.95435,1.50,1.50
2011.06.08 01:15:43.617,0.95408,0.95435,1.50,1.50
2011.06.08 01:15:43.838,0.95404,0.95435,2.10,1.50
2011.06.08 01:15:43.945,0.95404,0.95435,2.10,1.50
2011.06.08 01:15:44.055,0.95405,0.95433,1.50,1.50
2011.06.08 01:15:44.164,0.95407,0.95433,1.88,1.50
2011.06.08 01:15:44.274,0.95405,0.95433,1.50,1.50
2011.06.08 01:15:45.247,0.95405,0.95428,4.43,1.50
2011.06.08 01:15:45.357,0.95401,0.95428,3.08,1.50
2011.06.08 01:15:45.774,0.95401,0.95427,3.08,2.10
2011.06.08 01:15:45.888,0.95395,0.95427,4.58,1.35
2011.06.08 01:15:46.217,0.95397,0.95424,3.08,1.50
2011.06.08 01:15:46.764,0.95397,0.95424,3.08,1.50
2011.06.08 01:15:47.755,0.95397,0.95427,1.88,2.10
2011.06.08 01:15:48.085,0.95399,0.95427,4.58,2.10
2011.06.08 01:15:48.197,0.95402,0.9543,1.35,1.50
2011.06.08 01:15:48.525,0.95424,0.95453,1.35,1.50
2011.06.08 01:15:48.636,0.95421,0.95453,1.88,1.35
2011.06.08 01:15:48.747,0.95421,0.95453,1.50,1.35
2011.06.08 01:15:48.966,0.95422,0.95453,3.08,2.10
2011.06.08 01:15:49.360,0.95421,0.95446,3.08,1.50
2011.06.08 01:15:49.586,0.95416,0.95446,2.63,1.50
2011.06.08 01:15:49.805,0.95413,0.95446,1.35,4.58
2011.06.08 01:15:50.135,0.95417,0.95443,1.88,1.50
2011.06.08 01:15:50.354,0.95413,0.9544,1.35,3.83
2011.06.08 01:15:55.245,0.95413,0.9544,1.35,3.83
2011.06.08 01:15:55.905,0.95413,0.9544,1.35,3.83
2011.06.08 01:15:56.864,0.95414,0.9544,1.35,3.83
2011.06.08 01:15:57.908,0.95409,0.95429,1.50,3.08
2011.06.08 01:15:58.017,0.95403,0.95429,1.35,3.08
2011.06.08 01:15:58.126,0.95399,0.95429,3.08,3.83
2011.06.08 01:15:58.346,0.95395,0.95424,1.50,1.50
2011.06.08 01:15:58.457,0.95391,0.95422,5.93,1.50
2011.06.08 01:15:58.785,0.95396,0.95422,1.35,1.50
2011.06.08 01:15:59.006,0.95395,0.95422,1.35,1.50
2011.06.08 01:16:00.055,0.95396,0.95423,1.35,1.50
2011.06.08 01:16:00.385,0.95396,0.95425,2.48,1.50
2011.06.08 01:16:00.494,0.95398,0.95425,1.13,1.50
2011.06.08 01:16:00.606,0.95398,0.9543,2.63,1.35
2011.06.08 01:16:00.715,0.95401,0.95431,1.35,4.58
2011.06.08 01:16:01.417,0.95401,0.95431,1.35,3.83
2011.06.08 01:16:02.825,0.95399,0.9543,1.35,3.83
2011.06.08 01:16:03.825,0.95399,0.95431,2.48,3.83
2011.06.08 01:16:08.347,0.95401,0.95434,1.35,4.58
2011.06.08 01:16:08.895,0.95402,0.95434,4.43,1.50
2011.06.08 01:16:09.445,0.95403,0.95434,1.35,1.50
2011.06.08 01:16:09.885,0.95399,0.95434,4.43,1.50
2011.06.08 01:16:10.327,0.95396,0.9543,3.68,5.18
2011.06.08 01:16:10.776,0.95395,0.9543,1.35,5.18
2011.06.08 01:16:13.127,0.95399,0.95429,2.48,3.83
2011.06.08 01:16:13.236,0.95405,0.95428,1.35,3.08
2011.06.08 01:16:13.456,0.95396,0.95427,1.50,2.10
2011.06.08 01:16:13.567,0.95395,0.95427,5.40,1.35
2011.06.08 01:16:14.114,0.95397,0.95427,1.88,1.35
2011.06.08 01:16:14.555,0.95397,0.95427,1.88,1.35
2011.06.08 01:16:17.198,0.95397,0.95427,1.88,1.35
2011.06.08 01:16:17.307,0.95399,0.95429,1.35,3.83
2011.06.08 01:16:17.527,0.95399,0.95429,1.58,3.83
2011.06.08 01:16:18.187,0.954,0.95431,1.20,3.83
2011.06.08 01:16:18.516,0.95413,0.95445,1.20,3.83
2011.06.08 01:16:18.626,0.95415,0.95445,2.33,3.83
2011.06.08 01:16:19.067,0.9542,0.95449,1.58,1.50
2011.06.08 01:16:19.175,0.9542,0.95449,1.58,1.50
2011.06.08 01:16:20.618,0.9542,0.95449,1.58,1.50
2011.06.08 01:16:23.928,0.95423,0.9545,1.20,4.58
2011.06.08 01:16:24.147,0.95421,0.9545,1.58,1.50
2011.06.08 01:16:24.855,0.95421,0.9545,1.95,4.58
2011.06.08 01:16:25.454,0.95421,0.9545,1.95,4.58
2011.06.08 01:16:26.346,0.95417,0.95449,3.45,1.35
2011.06.08 01:16:26.566,0.95417,0.95445,1.35,3.83
2011.06.08 01:16:26.677,0.95416,0.95443,1.73,3.83
2011.06.08 01:16:27.226,0.95411,0.95441,1.35,3.83
2011.06.08 01:16:27.336,0.95408,0.95437,2.33,3.08
2011.06.08 01:16:27.885,0.95411,0.95436,1.58,3.83
2011.06.08 01:16:28.326,0.95404,0.95434,1.58,1.50
2011.06.08 01:16:28.436,0.95404,0.95434,1.58,4.58
2011.06.08 01:16:28.545,0.95404,0.95434,2.33,3.83
2011.06.08 01:16:28.765,0.95401,0.9543,1.95,3.08
2011.06.08 01:16:29.095,0.95403,0.95434,3.60,4.58
2011.06.08 01:16:29.205,0.95404,0.95435,1.35,3.83
2011.06.08 01:16:29.314,0.95404,0.95435,1.35,3.83
2011.06.08 01:16:29.836,0.95404,0.95435,1.35,3.08
2011.06.08 01:16:30.580,0.95404,0.95435,2.10,3.08
2011.06.08 01:16:31.296,0.95404,0.95433,2.10,3.08
2011.06.08 01:16:31.626,0.95409,0.95438,1.73,1.50
2011.06.08 01:16:32.178,0.95406,0.95435,1.35,1.50
2011.06.08 01:16:32.396,0.95406,0.95436,4.43,1.50
2011.06.08 01:16:32.836,0.95409,0.95442,2.33,3.83
2011.06.08 01:16:33.384,0.9541,0.9544,1.95,1.50
2011.06.08 01:16:33.935,0.95418,0.9544,2.10,2.25
2011.06.08 01:16:34.046,0.95425,0.95445,1.35,3.83
2011.06.08 01:16:34.265,0.95425,0.95456,1.35,3.83
2011.06.08 01:16:34.487,0.95425,0.95456,1.95,3.83
2011.06.08 01:16:35.029,0.95425,0.95457,1.95,2.10
2011.06.08 01:16:35.418,0.95425,0.95456,2.70,3.83
2011.06.08 01:16:35.525,0.95425,0.95456,1.95,3.83
2011.06.08 01:16:35.965,0.95425,0.95455,2.33,1.50
2011.06.08 01:16:36.294,0.95431,0.95457,3.08,1.35
2011.06.08 01:16:36.405,0.95428,0.95456,4.05,1.50
2011.06.08 01:16:36.735,0.95428,0.95457,4.05,2.10
2011.06.08 01:16:37.285,0.95426,0.95455,2.85,1.50
2011.06.08 01:16:39.984,0.95426,0.95455,1.88,1.50
2011.06.08 01:16:40.568,0.95423,0.95454,5.03,1.50
2011.06.08 01:16:40.895,0.95427,0.95454,1.88,1.50
2011.06.08 01:16:42.425,0.95422,0.95452,3.90,1.13
2011.06.08 01:16:42.536,0.95418,0.95449,2.48,1.35
2011.06.08 01:16:42.865,0.95417,0.95447,3.45,1.50
2011.06.08 01:16:42.975,0.95417,0.95447,3.45,1.50
2011.06.08 01:16:43.606,0.95417,0.95447,3.45,1.50
2011.06.08 01:16:43.946,0.95417,0.95447,3.45,1.50
2011.06.08 01:16:44.169,0.95416,0.95447,1.58,1.50
2011.06.08 01:16:44.286,0.95416,0.95447,1.58,1.50
2011.06.08 01:16:44.615,0.95417,0.95447,1.58,1.50
2011.06.08 01:16:47.037,0.95417,0.95447,1.58,1.50
2011.06.08 01:16:47.374,0.95417,0.95447,1.58,1.50
2011.06.08 01:16:47.815,0.95417,0.95447,2.33,4.58
2011.06.08 01:16:48.148,0.95421,0.95447,1.35,1.50
2011.06.08 01:16:49.905,0.95419,0.95448,3.90,1.50
2011.06.08 01:16:50.276,0.95417,0.95448,4.80,1.35
2011.06.08 01:16:50.606,0.95421,0.95453,3.08,2.10
2011.06.08 01:16:50.935,0.95421,0.95453,3.08,2.10
2011.06.08 01:16:51.265,0.95417,0.95447,3.83,1.35
2011.06.08 01:16:51.595,0.9542,0.95447,2.25,1.35
2011.06.08 01:16:51.706,0.95422,0.95451,1.50,3.83
2011.06.08 01:16:52.254,0.95422,0.95453,4.80,1.50
2011.06.08 01:16:52.585,0.95422,0.95453,4.80,1.50
2011.06.08 01:16:53.026,0.9542,0.95444,2.25,1.50
2011.06.08 01:16:53.246,0.95416,0.9544,2.10,1.50
2011.06.08 01:16:53.355,0.95415,0.9544,1.50,1.50
2011.06.08 01:16:53.905,0.95416,0.95441,1.50,1.50
2011.06.08 01:16:54.327,0.95414,0.95442,2.25,1.50
2011.06.08 01:16:54.656,0.95417,0.95446,2.25,3.83
2011.06.08 01:16:54.985,0.95418,0.95447,1.73,3.83
2011.06.08 01:16:55.535,0.95422,0.95448,2.10,1.50
2011.06.08 01:16:55.865,0.95421,0.95446,1.50,1.50
2011.06.08 01:16:56.414,0.95417,0.95446,1.50,1.50
2011.06.08 01:16:56.964,0.95414,0.95444,1.35,3.83
2011.06.08 01:16:57.296,0.95417,0.95444,3.00,3.83
2011.06.08 01:16:57.626,0.95417,0.95444,2.63,3.83
2011.06.08 01:16:59.346,0.95418,0.95446,1.50,1.50
2011.06.08 01:16:59.675,0.95421,0.95447,1.50,1.50
2011.06.08 01:16:59.896,0.95423,0.95451,3.83,1.50
2011.06.08 01:17:00.115,0.95423,0.95454,3.83,1.35
2011.06.08 01:17:00.446,0.95428,0.9546,1.35,5.18
2011.06.08 01:17:01.325,0.95428,0.9546,4.43,1.35
2011.06.08 01:17:01.655,0.95428,0.9546,1.35,1.35
2011.06.08 01:17:01.985,0.95428,0.9546,1.35,1.35
2011.06.08 01:17:02.305,0.95428,0.9546,1.35,1.35
2011.06.08 01:17:03.501,0.95433,0.95462,1.50,2.10
2011.06.08 01:17:03.617,0.95436,0.95464,2.63,1.50
2011.06.08 01:17:06.437,0.95435,0.95463,1.50,4.58
2011.06.08 01:17:06.876,0.95436,0.95464,1.50,1.50
2011.06.08 01:17:07.208,0.9543,0.95461,1.50,1.35
2011.06.08 01:17:07.545,0.95431,0.95455,1.50,1.50
2011.06.08 01:17:08.095,0.95429,0.95454,1.35,1.50
2011.06.08 01:17:08.658,0.95429,0.95461,2.85,1.35
2011.06.08 01:17:08.768,0.95429,0.95461,2.85,1.35
2011.06.08 01:17:09.866,0.9543,0.95461,1.50,1.35
2011.06.08 01:17:10.196,0.95429,0.95463,1.95,1.35
2011.06.08 01:17:10.306,0.95434,0.95465,1.35,4.58
2011.06.08 01:17:10.856,0.95434,0.95465,1.35,4.58
2011.06.08 01:17:11.554,0.95434,0.95461,1.35,1.88
2011.06.08 01:17:11.666,0.95431,0.95454,1.73,2.25
2011.06.08 01:17:12.106,0.95429,0.95459,2.25,1.35
2011.06.08 01:17:12.216,0.95429,0.95459,2.25,1.35
2011.06.08 01:17:13.604,0.95431,0.95462,2.10,1.50
2011.06.08 01:17:14.375,0.95431,0.95463,1.35,3.68
2011.06.08 01:17:15.141,0.95431,0.95463,1.35,1.35
2011.06.08 01:17:15.695,0.95432,0.95464,3.83,1.35
2011.06.08 01:17:16.726,0.95431,0.95463,2.10,1.35
2011.06.08 01:17:17.274,0.95431,0.95464,1.35,1.35
2011.06.08 01:17:18.336,0.95431,0.95463,1.35,1.35
2011.06.08 01:17:18.747,0.95431,0.95463,4.43,1.35
2011.06.08 01:17:19.296,0.95434,0.95463,1.50,2.10
2011.06.08 01:17:19.625,0.95434,0.95463,2.25,2.10
2011.06.08 01:17:23.155,0.95436,0.95463,1.50,1.35
2011.06.08 01:17:24.829,0.95436,0.95466,2.10,1.50
2011.06.08 01:17:25.301,0.95443,0.95473,1.35,3.83
2011.06.08 01:17:26.405,0.95438,0.95468,2.48,1.73
2011.06.08 01:17:26.740,0.95429,0.95454,1.73,1.50
2011.06.08 01:17:26.968,0.9543,0.95455,1.35,1.50
2011.06.08 01:17:27.075,0.9543,0.95457,1.35,1.50
2011.06.08 01:17:27.296,0.95427,0.95455,1.50,2.25
2011.06.08 01:17:29.766,0.95427,0.95455,1.50,1.50
2011.06.08 01:17:29.879,0.95429,0.95458,1.50,4.43
2011.06.08 01:17:30.110,0.95429,0.9546,1.50,1.35
2011.06.08 01:17:30.796,0.95429,0.95458,2.25,1.35
2011.06.08 01:17:31.015,0.95426,0.95454,4.95,1.50
2011.06.08 01:17:34.086,0.95426,0.95456,3.08,1.50
2011.06.08 01:17:34.196,0.95427,0.95457,1.50,1.50
2011.06.08 01:17:34.307,0.95431,0.95457,1.35,1.50
2011.06.08 01:17:34.637,0.95437,0.95467,5.93,1.50
2011.06.08 01:17:34.855,0.95438,0.95471,1.73,4.43
2011.06.08 01:17:35.076,0.95437,0.95471,3.45,4.43
2011.06.08 01:17:35.295,0.9544,0.95471,1.50,1.35
2011.06.08 01:17:35.625,0.95436,0.95459,1.73,3.83
2011.06.08 01:17:35.737,0.95436,0.95465,1.73,3.83
2011.06.08 01:17:35.846,0.95437,0.95469,1.35,5.93
2011.06.08 01:17:36.284,0.95437,0.95467,1.35,1.50
2011.06.08 01:17:36.618,0.95437,0.95465,1.35,1.50
2011.06.08 01:17:37.755,0.95433,0.95463,2.48,2.63
2011.06.08 01:17:38.996,0.95432,0.95459,1.58,3.83
2011.06.08 01:17:39.544,0.95427,0.95456,4.20,1.50
2011.06.08 01:17:41.427,0.95431,0.95456,1.35,1.50
2011.06.08 01:17:41.537,0.95434,0.95459,1.35,1.50
2011.06.08 01:17:41.759,0.9544,0.95463,2.10,1.50
2011.06.08 01:17:42.096,0.95447,0.95466,2.63,3.08
2011.06.08 01:17:42.205,0.95447,0.95473,2.63,2.25
2011.06.08 01:17:43.916,0.95438,0.95471,2.33,4.58
2011.06.08 01:17:44.836,0.95444,0.95471,1.35,4.58
2011.06.08 01:17:44.945,0.95443,0.95474,1.35,2.25
2011.06.08 01:17:45.165,0.95445,0.95474,1.35,1.50
2011.06.08 01:17:45.276,0.95445,0.95479,1.35,2.48
2011.06.08 01:17:46.447,0.95448,0.95479,3.08,1.35
2011.06.08 01:17:46.728,0.95448,0.95474,3.08,1.50
2011.06.08 01:17:46.839,0.95445,0.95479,1.35,5.55
2011.06.08 01:17:46.956,0.95445,0.95474,1.35,1.50
2011.06.08 01:17:47.396,0.95445,0.95476,1.35,1.50
2011.06.08 01:17:47.614,0.95445,0.95478,1.35,4.58
2011.06.08 01:17:47.835,0.95445,0.95475,1.35,1.50
2011.06.08 01:17:48.715,0.95445,0.95477,1.35,3.83
2011.06.08 01:17:48.936,0.95445,0.95476,1.35,2.25
2011.06.08 01:17:49.374,0.95445,0.95476,1.35,1.50
2011.06.08 01:17:49.594,0.95445,0.95478,1.35,1.50
2011.06.08 01:17:51.836,0.95449,0.95479,4.58,1.35
2011.06.08 01:17:52.057,0.95453,0.95482,1.35,1.50
2011.06.08 01:17:52.276,0.95454,0.95483,3.83,1.50
2011.06.08 01:17:52.495,0.95454,0.95487,4.58,1.35
2011.06.08 01:17:53.155,0.95454,0.95485,1.50,3.08
2011.06.08 01:17:57.665,0.95454,0.95486,1.50,3.08
2011.06.08 01:18:00.298,0.95453,0.95487,4.43,1.35
2011.06.08 01:18:02.125,0.95453,0.95487,4.43,1.73
2011.06.08 01:18:02.567,0.95456,0.95484,2.25,1.13
2011.06.08 01:18:02.896,0.95458,0.95486,1.13,1.50
2011.06.08 01:18:03.664,0.9546,0.95492,1.35,2.10
2011.06.08 01:18:04.125,0.9546,0.95492,1.35,2.10
2011.06.08 01:18:04.784,0.9546,0.95492,1.58,2.10
2011.06.08 01:18:05.476,0.95464,0.95491,1.13,4.58
2011.06.08 01:18:05.926,0.9546,0.95491,5.18,1.50
2011.06.08 01:18:06.287,0.9546,0.95492,5.18,1.35
2011.06.08 01:18:07.846,0.9546,0.95492,4.65,1.35
2011.06.08 01:18:08.176,0.95467,0.95492,2.63,1.35
2011.06.08 01:18:08.736,0.95467,0.95492,2.63,1.35
2011.06.08 01:18:10.636,0.95466,0.95491,1.13,3.83
2011.06.08 01:18:11.077,0.95456,0.95488,1.35,1.50
2011.06.08 01:18:11.407,0.95452,0.95483,1.50,1.35
2011.06.08 01:18:11.736,0.95456,0.95483,2.63,2.10
2011.06.08 01:18:12.066,0.95456,0.95485,5.18,1.50
2011.06.08 01:18:12.628,0.95463,0.95495,3.68,1.50
2011.06.08 01:18:12.741,0.95467,0.95495,2.63,2.25
2011.06.08 01:18:17.206,0.95466,0.95498,1.35,4.43
2011.06.08 01:18:17.754,0.95466,0.95498,3.45,4.43
2011.06.08 01:18:19.257,0.95469,0.95498,1.50,4.43
2011.06.08 01:18:19.587,0.95475,0.95499,3.83,1.50
2011.06.08 01:18:20.135,0.95476,0.95498,2.63,1.05
2011.06.08 01:18:20.684,0.95476,0.95506,1.88,2.10
2011.06.08 01:18:20.905,0.95476,0.95496,1.88,1.05
2011.06.08 01:18:22.160,0.95476,0.95496,1.88,1.05
2011.06.08 01:18:22.785,0.95476,0.95496,1.88,1.05
2011.06.08 01:18:23.508,0.95476,0.95498,2.63,1.05
2011.06.08 01:18:23.727,0.95473,0.95494,1.50,1.05
2011.06.08 01:18:24.965,0.95472,0.95493,1.35,1.05
2011.06.08 01:18:27.387,0.95473,0.95497,1.35,1.05
2011.06.08 01:18:27.606,0.9547,0.95495,1.50,1.05
2011.06.08 01:18:28.274,0.9547,0.95495,1.50,1.05
2011.06.08 01:18:28.865,0.9547,0.95495,1.50,1.05
2011.06.08 01:18:29.446,0.95476,0.95495,1.50,1.05
2011.06.08 01:18:29.927,0.95471,0.95495,1.50,1.05
2011.06.08 01:18:30.364,0.95477,0.95496,1.50,1.05
2011.06.08 01:18:30.946,0.95476,0.95501,2.63,1.05
2011.06.08 01:18:31.276,0.9548,0.95501,1.35,1.05
2011.06.08 01:18:31.605,0.9548,0.95509,2.10,4.58
2011.06.08 01:18:33.254,0.9548,0.95509,2.10,4.58
2011.06.08 01:18:33.805,0.9548,0.95509,2.10,4.58
2011.06.08 01:18:34.246,0.95472,0.95498,2.25,1.50
2011.06.08 01:18:34.356,0.95469,0.95495,1.73,1.50
2011.06.08 01:18:34.466,0.95472,0.95495,1.35,1.50
2011.06.08 01:18:34.575,0.95477,0.95503,1.50,4.95
2011.06.08 01:18:34.686,0.95477,0.95503,1.50,1.88
2011.06.08 01:18:35.464,0.95473,0.95503,1.35,4.58
2011.06.08 01:18:35.685,0.95469,0.95503,5.55,2.63
2011.06.08 01:18:35.796,0.95469,0.95495,4.20,1.50
2011.06.08 01:18:36.017,0.95475,0.95502,1.35,1.50
2011.06.08 01:18:36.126,0.95477,0.95498,1.50,1.50
2011.06.08 01:18:36.346,0.95471,0.95501,1.50,4.80
2011.06.08 01:18:36.676,0.9547,0.95501,1.50,1.35
2011.06.08 01:18:36.786,0.9547,0.95501,1.50,1.35
2011.06.08 01:18:37.446,0.9547,0.95501,1.50,2.10
2011.06.08 01:18:38.436,0.95468,0.95499,1.50,3.83
2011.06.08 01:18:38.766,0.9547,0.955,1.50,1.50
2011.06.08 01:18:39.029,0.95476,0.955,1.88,1.50
2011.06.08 01:18:39.576,0.95469,0.95496,1.50,1.50
2011.06.08 01:18:40.106,0.95469,0.95496,1.50,1.50
2011.06.08 01:18:40.765,0.95468,0.955,1.50,4.58
2011.06.08 01:18:41.425,0.95467,0.95499,2.10,1.50
2011.06.08 01:18:41.755,0.95468,0.95497,2.25,1.50
2011.06.08 01:18:43.416,0.95469,0.95492,1.50,3.68
2011.06.08 01:18:43.855,0.95466,0.95495,1.13,3.83
2011.06.08 01:18:44.204,0.95466,0.95494,1.13,1.50
2011.06.08 01:18:45.366,0.95464,0.95493,2.10,2.63
2011.06.08 01:18:45.586,0.95468,0.95494,1.50,1.50
2011.06.08 01:18:46.135,0.95467,0.95495,1.50,1.50
2011.06.08 01:18:46.464,0.95467,0.95495,2.25,1.50
2011.06.08 01:18:46.703,0.95469,0.95495,1.50,1.50
2011.06.08 01:18:47.255,0.95467,0.95496,1.50,6.30
2011.06.08 01:18:47.805,0.95464,0.95493,1.35,2.63
2011.06.08 01:18:49.465,0.95466,0.95492,1.88,2.10
2011.06.08 01:18:49.685,0.95466,0.95492,1.50,2.10
2011.06.08 01:18:50.425,0.95466,0.95492,1.50,4.43
2011.06.08 01:18:50.754,0.95466,0.95492,1.50,1.35
2011.06.08 01:18:51.366,0.95466,0.95492,1.50,1.35
2011.06.08 01:18:51.586,0.95467,0.95493,2.63,1.50
2011.06.08 01:18:52.157,0.95467,0.95487,1.88,1.50
2011.06.08 01:18:52.595,0.95466,0.95496,2.63,2.10
2011.06.08 01:18:52.815,0.95466,0.95496,2.63,2.85
2011.06.08 01:18:53.035,0.95466,0.95496,2.63,5.18
2011.06.08 01:18:53.476,0.95461,0.95483,1.50,3.08
2011.06.08 01:18:53.587,0.95461,0.9549,1.50,1.35
2011.06.08 01:18:54.025,0.95467,0.9549,1.50,5.18
2011.06.08 01:18:56.296,0.95467,0.9549,1.50,2.10
2011.06.08 01:18:56.626,0.95466,0.9549,2.48,1.50
2011.06.08 01:18:56.958,0.95466,0.95496,3.98,4.58
2011.06.08 01:18:57.509,0.95468,0.95497,1.35,1.50
2011.06.08 01:18:57.621,0.95469,0.95497,1.35,1.50
2011.06.08 01:18:58.176,0.95468,0.95496,1.35,1.50
2011.06.08 01:18:58.745,0.95467,0.95495,1.50,1.50
2011.06.08 01:19:00.904,0.95466,0.95495,3.23,1.50
2011.06.08 01:19:03.406,0.95467,0.95495,1.50,1.50
2011.06.08 01:19:03.515,0.95469,0.95495,1.35,1.50
2011.06.08 01:19:03.956,0.95477,0.95496,1.88,1.50
2011.06.08 01:19:04.067,0.95477,0.955,1.88,1.50
2011.06.08 01:19:04.626,0.95477,0.95503,1.88,2.10
2011.06.08 01:19:05.177,0.95471,0.95503,2.48,2.85
2011.06.08 01:19:05.397,0.95467,0.95489,1.73,1.50
2011.06.08 01:19:05.728,0.95467,0.95486,1.50,1.35
2011.06.08 01:19:05.837,0.95457,0.95486,2.85,2.10
2011.06.08 01:19:05.945,0.95457,0.95486,2.63,2.10
2011.06.08 01:19:06.056,0.95457,0.95486,3.38,2.10
2011.06.08 01:19:06.606,0.95457,0.95486,3.38,2.10
2011.06.08 01:19:06.717,0.95457,0.95486,1.88,1.35
2011.06.08 01:19:07.264,0.95457,0.95486,1.88,1.35
2011.06.08 01:19:08.403,0.95457,0.95486,2.63,1.35
2011.06.08 01:19:08.955,0.95458,0.95486,1.50,2.10
2011.06.08 01:19:10.456,0.95458,0.95486,1.88,2.10
2011.06.08 01:19:12.944,0.95458,0.95486,1.88,2.10
2011.06.08 01:19:13.726,0.95458,0.95486,2.25,1.35
2011.06.08 01:19:13.836,0.95458,0.95486,2.25,1.35
2011.06.08 01:19:13.945,0.95459,0.95486,1.88,1.35
2011.06.08 01:19:14.165,0.95459,0.95486,1.50,1.35
2011.06.08 01:19:14.275,0.95456,0.95486,5.70,1.35
2011.06.08 01:19:14.604,0.95454,0.95486,4.43,2.10
2011.06.08 01:19:14.716,0.95457,0.95486,1.50,1.35
2011.06.08 01:19:14.826,0.95457,0.95486,1.50,1.35
2011.06.08 01:19:17.328,0.95457,0.95486,1.50,1.35
2011.06.08 01:19:17.657,0.95463,0.95486,3.08,2.10
2011.06.08 01:19:18.069,0.95467,0.95486,3.08,1.35
2011.06.08 01:19:18.405,0.95457,0.95486,6.45,2.85
2011.06.08 01:19:18.847,0.95459,0.95486,1.50,2.10
2011.06.08 01:19:18.956,0.95459,0.95486,1.50,1.35
2011.06.08 01:19:20.075,0.95458,0.95486,1.50,1.35
2011.06.08 01:19:20.298,0.9546,0.95486,1.13,1.35
2011.06.08 01:19:20.407,0.95465,0.95488,1.35,1.50
2011.06.08 01:19:20.518,0.95466,0.95488,1.50,1.50
2011.06.08 01:19:20.738,0.95468,0.95496,1.50,2.25
2011.06.08 01:19:21.935,0.95468,0.95496,1.50,1.50
2011.06.08 01:19:26.006,0.95467,0.95495,3.38,1.50
2011.06.08 01:19:26.231,0.95464,0.95485,1.50,3.68
2011.06.08 01:19:26.346,0.95458,0.95485,1.50,3.68
2011.06.08 01:19:26.457,0.95453,0.95485,1.50,4.43
2011.06.08 01:19:26.676,0.95451,0.95483,2.10,1.50
2011.06.08 01:19:26.897,0.95451,0.95479,1.50,4.43
2011.06.08 01:19:27.006,0.95448,0.95479,1.50,5.18
2011.06.08 01:19:27.906,0.95445,0.95478,1.35,4.58
2011.06.08 01:19:28.896,0.95444,0.95477,1.35,4.58
2011.06.08 01:19:29.637,0.95443,0.95477,4.58,6.68
2011.06.08 01:19:30.076,0.95436,0.95464,1.35,3.08
2011.06.08 01:19:30.406,0.95437,0.95471,3.68,4.43
2011.06.08 01:19:30.743,0.95442,0.95471,3.08,2.25
2011.06.08 01:19:31.635,0.95434,0.95468,4.20,1.35
2011.06.08 01:19:31.748,0.95434,0.95466,1.58,1.50
2011.06.08 01:19:31.856,0.95434,0.95461,1.35,1.50
2011.06.08 01:19:32.185,0.95434,0.9546,1.35,1.50
2011.06.08 01:19:32.295,0.95431,0.95466,2.10,3.83
2011.06.08 01:19:32.405,0.95431,0.95466,1.35,3.08
2011.06.08 01:19:32.515,0.95432,0.95466,1.35,4.58
2011.06.08 01:19:34.474,0.95432,0.95464,1.35,3.08
2011.06.08 01:19:34.585,0.9543,0.95464,3.83,3.68
2011.06.08 01:19:35.317,0.95431,0.95457,3.83,1.50
2011.06.08 01:19:35.875,0.95431,0.95459,4.58,1.50
2011.06.08 01:19:36.535,0.95434,0.95459,3.83,1.50
2011.06.08 01:19:38.006,0.9543,0.95459,4.05,1.50
2011.06.08 01:19:38.557,0.95434,0.95466,1.35,1.50
2011.06.08 01:19:38.665,0.95434,0.95467,1.35,1.50
2011.06.08 01:19:40.885,0.95434,0.95468,1.35,2.10
2011.06.08 01:19:43.664,0.95434,0.9546,1.35,1.50
2011.06.08 01:19:44.245,0.95433,0.95459,1.35,1.50
2011.06.08 01:19:45.425,0.95433,0.95465,1.35,5.33
2011.06.08 01:19:49.125,0.95431,0.95466,5.18,1.50
2011.06.08 01:19:49.795,0.95432,0.95467,1.35,3.83
2011.06.08 01:19:52.075,0.95432,0.95466,2.10,1.50
2011.06.08 01:19:54.896,0.95434,0.95466,3.23,1.50
2011.06.08 01:19:55.116,0.95438,0.95467,1.13,3.83
2011.06.08 01:19:55.227,0.95439,0.95469,1.50,1.35
2011.06.08 01:19:55.336,0.95437,0.95469,2.10,4.43
2011.06.08 01:19:55.446,0.95434,0.95468,3.68,3.83
2011.06.08 01:19:55.667,0.95434,0.95466,3.68,1.50
2011.06.08 01:19:55.774,0.95434,0.95466,3.68,1.50
2011.06.08 01:19:56.105,0.95431,0.95465,5.18,1.35
2011.06.08 01:19:57.135,0.9543,0.95465,2.10,5.18
2011.06.08 01:20:01.086,0.95429,0.95462,3.60,3.08
2011.06.08 01:20:01.196,0.95429,0.95465,7.05,5.18
2011.06.08 01:20:01.745,0.95431,0.95465,2.10,3.68
2011.06.08 01:20:02.077,0.95436,0.95469,3.68,1.50
2011.06.08 01:20:02.805,0.95436,0.9547,4.65,3.08
2011.06.08 01:20:03.905,0.95437,0.95471,3.68,1.35
2011.06.08 01:20:05.665,0.95438,0.95472,1.50,1.35
2011.06.08 01:20:05.997,0.95439,0.95465,3.08,1.50
2011.06.08 01:20:06.105,0.95439,0.95471,3.08,1.35
2011.06.08 01:20:06.215,0.95439,0.95473,3.08,4.43
2011.06.08 01:20:06.325,0.95439,0.95471,3.08,2.10
2011.06.08 01:20:06.656,0.95437,0.95471,6.53,1.35
2011.06.08 01:20:07.373,0.95437,0.95472,4.43,1.35
2011.06.08 01:20:10.555,0.95435,0.95471,4.43,4.43
2011.06.08 01:20:10.995,0.95438,0.95464,3.83,1.50
2011.06.08 01:20:11.545,0.95438,0.95471,4.05,1.35
2011.06.08 01:20:11.656,0.95441,0.95475,3.68,3.83
2011.06.08 01:20:11.985,0.95444,0.95477,3.08,1.35
2011.06.08 01:20:12.425,0.95448,0.95482,3.08,3.08
2011.06.08 01:20:12.534,0.95444,0.9548,3.30,3.08
2011.06.08 01:20:14.075,0.95444,0.95478,3.30,3.08
2011.06.08 01:20:14.406,0.95448,0.95474,3.08,1.50
2011.06.08 01:20:14.845,0.95448,0.95474,3.68,1.50
2011.06.08 01:20:22.566,0.95442,0.95465,1.58,1.50
2011.06.08 01:20:22.675,0.95442,0.95465,1.35,1.50
2011.06.08 01:20:24.746,0.95441,0.95475,3.68,3.08
2011.06.08 01:20:26.095,0.95442,0.95476,3.68,3.83
2011.06.08 01:20:26.647,0.95447,0.95478,3.08,2.25
2011.06.08 01:20:26.977,0.95453,0.95483,1.35,1.50
2011.06.08 01:20:27.085,0.95453,0.95484,1.35,1.50
2011.06.08 01:20:27.526,0.95459,0.95484,1.35,1.50
2011.06.08 01:20:27.858,0.95459,0.95491,5.18,2.10
2011.06.08 01:20:27.967,0.95459,0.9548,1.13,3.08
2011.06.08 01:20:28.076,0.95459,0.95486,1.73,1.50
2011.06.08 01:20:28.186,0.95461,0.9549,1.35,1.50
2011.06.08 01:20:29.616,0.95454,0.95486,3.83,2.10
2011.06.08 01:20:29.726,0.95451,0.95481,1.35,1.50
2011.06.08 01:20:30.385,0.95451,0.95481,1.35,1.50
2011.06.08 01:20:30.935,0.95448,0.95481,1.35,3.08
2011.06.08 01:20:31.157,0.95451,0.95481,1.35,3.08
2011.06.08 01:20:31.377,0.95448,0.95481,1.35,3.08
2011.06.08 01:20:31.650,0.95451,0.95482,1.35,3.83
2011.06.08 01:20:31.987,0.95451,0.95481,1.35,4.58
2011.06.08 01:20:32.317,0.95451,0.95481,1.35,3.83
2011.06.08 01:20:32.645,0.95451,0.95482,1.35,3.83
2011.06.08 01:20:32.755,0.95451,0.95482,1.35,3.83
2011.06.08 01:20:33.925,0.95451,0.95481,1.35,4.58
2011.06.08 01:20:34.587,0.95451,0.95479,1.35,1.13
2011.06.08 01:20:34.696,0.95447,0.95476,1.50,3.83
2011.06.08 01:20:34.806,0.95452,0.95476,1.35,1.50
2011.06.08 01:20:35.355,0.95452,0.95478,1.35,1.50
2011.06.08 01:20:36.026,0.95448,0.9548,1.35,5.33
2011.06.08 01:20:36.245,0.95452,0.95478,1.35,1.50
2011.06.08 01:20:36.835,0.95452,0.95481,4.43,1.50
2011.06.08 01:20:38.155,0.95452,0.95481,1.35,1.50
2011.06.08 01:20:38.666,0.95452,0.95482,1.35,5.33
2011.06.08 01:20:38.996,0.9545,0.95482,4.43,2.25
2011.06.08 01:20:40.165,0.95449,0.9548,1.35,2.25
2011.06.08 01:20:40.715,0.9545,0.9548,1.35,1.50
2011.06.08 01:20:43.565,0.95452,0.95483,1.58,1.50
2011.06.08 01:20:44.086,0.95453,0.95484,4.80,1.35
2011.06.08 01:20:44.416,0.95457,0.95486,5.18,1.50
2011.06.08 01:20:44.635,0.95458,0.95486,3.68,1.50
2011.06.08 01:20:45.626,0.95458,0.95486,3.68,1.50
2011.06.08 01:20:46.394,0.95458,0.95486,3.90,1.50
2011.06.08 01:20:50.463,0.95458,0.95486,3.90,1.50
2011.06.08 01:20:50.687,0.95448,0.95476,3.08,4.58
2011.06.08 01:20:50.798,0.95455,0.9548,1.35,1.50
2011.06.08 01:20:50.906,0.95455,0.95485,1.73,4.43
2011.06.08 01:20:51.016,0.95453,0.95485,1.58,5.18
2011.06.08 01:20:51.125,0.95453,0.95483,1.35,1.50
2011.06.08 01:20:51.238,0.95457,0.95483,2.10,1.50
2011.06.08 01:20:51.932,0.95457,0.95483,1.88,2.10
2011.06.08 01:20:52.265,0.95451,0.95477,1.58,1.50
2011.06.08 01:20:52.377,0.95448,0.95477,2.33,1.50
2011.06.08 01:20:52.486,0.9545,0.95477,1.35,1.50
2011.06.08 01:20:59.582,0.95449,0.95476,1.35,1.50
2011.06.08 01:20:59.915,0.95445,0.95474,1.35,1.50
2011.06.08 01:21:00.515,0.95446,0.95474,2.25,1.50
2011.06.08 01:21:00.957,0.95445,0.95469,1.35,1.50
2011.06.08 01:21:01.067,0.95441,0.95468,3.83,1.50
2011.06.08 01:21:01.287,0.9544,0.95469,1.35,1.50
2011.06.08 01:21:01.617,0.95438,0.95464,1.35,1.50
2011.06.08 01:21:01.728,0.95437,0.95464,3.83,1.50
2011.06.08 01:21:02.109,0.95434,0.95458,1.35,1.50
2011.06.08 01:21:03.046,0.95434,0.95458,1.35,1.50
2011.06.08 01:21:03.705,0.95429,0.95456,4.43,1.50
2011.06.08 01:21:03.815,0.95429,0.95456,4.43,1.50
2011.06.08 01:21:08.868,0.95429,0.9546,4.43,1.50
2011.06.08 01:21:09.416,0.95429,0.9546,4.43,1.50
2011.06.08 01:21:12.396,0.95426,0.95456,5.70,1.50
2011.06.08 01:21:12.615,0.95426,0.95456,2.63,1.50
2011.06.08 01:21:13.166,0.95426,0.95456,6.45,1.50
2011.06.08 01:21:14.100,0.95436,0.95463,2.63,1.35
2011.06.08 01:21:14.216,0.95436,0.95463,2.63,1.35
2011.06.08 01:21:18.826,0.95436,0.95466,2.63,2.25
2011.06.08 01:21:19.156,0.95436,0.95469,5.70,2.10
2011.06.08 01:21:19.595,0.95436,0.95469,5.70,2.10
2011.06.08 01:21:20.145,0.95436,0.95469,2.63,2.10
2011.06.08 01:21:24.027,0.95439,0.95469,3.83,1.35
2011.06.08 01:21:24.135,0.95439,0.95469,3.83,1.35
2011.06.08 01:21:25.457,0.95436,0.95467,2.63,3.83
2011.06.08 01:21:25.896,0.95436,0.95464,5.70,1.50
2011.06.08 01:21:26.495,0.95436,0.95464,2.63,1.50
2011.06.08 01:21:28.435,0.95436,0.95464,2.63,1.50
2011.06.08 01:21:28.655,0.95436,0.95464,1.88,1.50
2011.06.08 01:21:29.246,0.95436,0.95464,2.63,1.50
2011.06.08 01:21:29.796,0.95436,0.95464,2.63,1.50
2011.06.08 01:21:30.378,0.95436,0.95464,1.88,1.50
2011.06.08 01:21:30.705,0.95436,0.95465,2.63,1.50
2011.06.08 01:21:34.966,0.95433,0.95462,3.08,1.35
2011.06.08 01:21:35.186,0.95429,0.95462,2.25,4.80
2011.06.08 01:21:35.736,0.95427,0.95456,2.63,1.35
2011.06.08 01:21:36.615,0.95427,0.95455,2.63,1.50
2011.06.08 01:21:36.946,0.95424,0.95452,1.35,3.00
2011.06.08 01:21:37.057,0.95418,0.95448,1.50,1.35
2011.06.08 01:21:37.835,0.95417,0.95448,2.63,1.35
2011.06.08 01:21:39.596,0.95418,0.9545,1.13,2.10
2011.06.08 01:21:39.707,0.9542,0.9545,4.43,1.50
2011.06.08 01:21:39.926,0.9542,0.95451,4.43,1.50
2011.06.08 01:21:40.256,0.9542,0.9545,4.43,1.50
2011.06.08 01:21:40.585,0.9542,0.95448,1.35,1.50
2011.06.08 01:21:40.807,0.9542,0.95449,1.35,1.50
2011.06.08 01:21:42.197,0.95413,0.95441,1.35,2.10
2011.06.08 01:21:42.305,0.95412,0.95441,2.63,1.35
2011.06.08 01:21:42.966,0.95415,0.95446,1.35,4.58
2011.06.08 01:21:43.296,0.95415,0.95444,1.35,1.50
2011.06.08 01:21:45.486,0.95415,0.95445,1.35,3.83
2011.06.08 01:21:51.257,0.95416,0.95447,2.63,2.85
2011.06.08 01:21:52.205,0.95416,0.95447,2.63,2.10
2011.06.08 01:21:52.647,0.95417,0.95447,4.58,1.35
2011.06.08 01:21:52.865,0.95417,0.95447,3.83,1.35
2011.06.08 01:21:53.367,0.95417,0.95447,3.83,1.35
2011.06.08 01:21:53.896,0.95422,0.95451,1.50,1.50
2011.06.08 01:21:54.116,0.95427,0.95454,2.63,4.43
2011.06.08 01:21:54.445,0.95427,0.95452,1.88,2.25
2011.06.08 01:21:54.556,0.9542,0.95452,1.35,2.25
2011.06.08 01:21:54.887,0.95416,0.95448,7.28,1.35
2011.06.08 01:21:55.655,0.95416,0.95446,2.63,5.18
2011.06.08 01:21:55.764,0.95416,0.95444,2.63,1.35
2011.06.08 01:21:56.315,0.95416,0.95443,2.63,1.35
2011.06.08 01:21:58.138,0.95416,0.95444,2.63,1.35
2011.06.08 01:21:58.359,0.95424,0.95448,3.83,1.50
2011.06.08 01:21:58.468,0.95424,0.95451,3.83,1.50
2011.06.08 01:21:58.576,0.95422,0.95452,2.63,1.50
2011.06.08 01:21:58.799,0.95427,0.95454,2.63,1.35
2011.06.08 01:21:59.137,0.95427,0.95457,3.23,1.50
2011.06.08 01:22:01.065,0.95427,0.95459,3.23,1.35
2011.06.08 01:22:03.246,0.95427,0.95457,3.23,1.50
2011.06.08 01:22:05.955,0.95423,0.95454,1.50,3.68
2011.06.08 01:22:06.175,0.95421,0.95453,1.35,2.10
2011.06.08 01:22:08.029,0.95424,0.95453,4.58,1.35
2011.06.08 01:22:08.762,0.95424,0.95454,4.58,1.35
2011.06.08 01:22:09.445,0.95424,0.95454,4.95,1.35
2011.06.08 01:22:10.765,0.95428,0.95459,3.83,2.10
2011.06.08 01:22:13.166,0.95427,0.95459,1.73,2.10
2011.06.08 01:22:13.385,0.95428,0.95459,3.83,1.35
2011.06.08 01:22:13.605,0.9543,0.9546,3.83,1.35
2011.06.08 01:22:14.046,0.95433,0.95462,1.13,1.35
2011.06.08 01:22:14.157,0.95438,0.95467,3.83,1.50
2011.06.08 01:22:14.376,0.95438,0.95469,3.83,2.10
2011.06.08 01:22:14.816,0.95437,0.95468,1.35,1.50
2011.06.08 01:22:14.926,0.95437,0.95464,1.35,1.50
2011.06.08 01:22:15.255,0.9543,0.9546,2.63,1.50
2011.06.08 01:22:15.585,0.95434,0.95461,1.50,4.43
2011.06.08 01:22:15.915,0.95429,0.9546,1.35,1.50
2011.06.08 01:22:16.674,0.95437,0.95467,1.35,1.50
2011.06.08 01:22:16.790,0.95437,0.95469,1.35,1.50
2011.06.08 01:22:17.125,0.95437,0.95468,2.85,3.83
2011.06.08 01:22:17.685,0.95437,0.95469,2.85,3.83
2011.06.08 01:22:18.235,0.95437,0.95469,2.85,3.83
2011.06.08 01:22:18.826,0.95434,0.95464,1.50,3.83
2011.06.08 01:22:19.266,0.9543,0.9546,3.83,1.35
2011.06.08 01:22:22.067,0.95428,0.9546,1.50,1.35
2011.06.08 01:22:22.529,0.95427,0.95457,3.38,1.50
2011.06.08 01:22:22.966,0.95427,0.95457,3.38,1.50
2011.06.08 01:22:23.295,0.95427,0.95457,1.50,1.50
2011.06.08 01:22:23.845,0.95426,0.95457,1.35,1.50
2011.06.08 01:22:25.115,0.95426,0.95457,6.68,1.50
2011.06.08 01:22:25.337,0.9543,0.95458,1.50,3.83
2011.06.08 01:22:25.445,0.95427,0.95458,3.38,3.83
2011.06.08 01:22:25.776,0.95427,0.95458,2.63,4.58
2011.06.08 01:22:26.217,0.95432,0.95466,4.43,1.35
2011.06.08 01:22:29.295,0.95436,0.95466,2.63,1.35
2011.06.08 01:22:31.965,0.95437,0.95466,1.50,1.35
2011.06.08 01:22:32.405,0.95437,0.95466,1.50,1.35
2011.06.08 01:22:32.735,0.95436,0.95466,2.63,1.35
2011.06.08 01:22:34.905,0.95436,0.95466,1.88,1.35
2011.06.08 01:22:35.126,0.95432,0.95466,4.80,1.35
2011.06.08 01:22:35.677,0.95436,0.95461,3.83,1.50
2011.06.08 01:22:36.005,0.95431,0.95462,2.48,1.50
2011.06.08 01:22:36.117,0.95437,0.95466,2.63,1.35
2011.06.08 01:22:36.662,0.95436,0.95466,5.70,1.35
2011.06.08 01:22:37.447,0.95436,0.95466,5.70,1.35
2011.06.08 01:22:38.656,0.95431,0.95463,1.58,1.50
2011.06.08 01:22:38.986,0.9543,0.95461,4.58,2.10
2011.06.08 01:22:39.095,0.9543,0.95461,4.58,2.10
2011.06.08 01:22:39.426,0.95427,0.9546,1.35,4.58
2011.06.08 01:22:40.266,0.95427,0.9546,1.35,5.33
2011.06.08 01:22:41.135,0.95426,0.95455,5.55,1.50
2011.06.08 01:22:41.467,0.95417,0.95447,1.50,2.48
2011.06.08 01:22:41.576,0.95413,0.95442,1.50,2.10
2011.06.08 01:22:41.795,0.9541,0.95442,1.35,2.10
2011.06.08 01:22:42.856,0.9541,0.95442,1.35,1.35
2011.06.08 01:22:42.966,0.9541,0.95442,1.35,2.10
2011.06.08 01:22:45.696,0.95408,0.95442,1.35,2.10
2011.06.08 01:22:47.456,0.95409,0.95442,3.68,2.10
2011.06.08 01:22:49.706,0.95413,0.95442,3.08,2.10
2011.06.08 01:22:50.241,0.95414,0.95443,3.83,1.35
2011.06.08 01:22:50.577,0.95415,0.95447,1.35,1.35
2011.06.08 01:22:50.687,0.95414,0.95446,3.68,1.50
2011.06.08 01:22:51.128,0.95411,0.95441,3.08,1.35
2011.06.08 01:22:52.726,0.95409,0.95437,3.83,1.35
2011.06.08 01:22:54.905,0.95411,0.95441,1.73,3.83
2011.06.08 01:22:55.126,0.95414,0.95442,5.18,1.50
2011.06.08 01:22:55.235,0.95414,0.95445,5.18,1.50
2011.06.08 01:22:55.748,0.95413,0.95442,3.83,1.35
2011.06.08 01:22:55.857,0.95409,0.95441,1.35,1.35
2011.06.08 01:22:56.515,0.9541,0.95441,3.83,1.35
2011.06.08 01:22:56.956,0.95413,0.95441,1.50,1.35
2011.06.08 01:22:57.177,0.95413,0.95441,5.33,1.35
2011.06.08 01:22:57.726,0.95415,0.95444,1.35,1.50
2011.06.08 01:22:59.326,0.95419,0.95447,1.50,1.50
2011.06.08 01:22:59.546,0.95422,0.95449,1.50,1.35
2011.06.08 01:22:59.766,0.95422,0.95453,4.58,1.35
2011.06.08 01:23:00.766,0.95422,0.95454,4.58,1.35
2011.06.08 01:23:01.319,0.95422,0.95454,4.58,1.35
2011.06.08 01:23:01.985,0.95422,0.95453,4.58,1.35
2011.06.08 01:23:02.550,0.95419,0.95448,1.50,2.10
2011.06.08 01:23:02.776,0.95417,0.95446,1.50,1.50
2011.06.08 01:23:02.996,0.95415,0.95444,3.83,1.35
2011.06.08 01:23:03.217,0.95412,0.95444,1.50,2.10
2011.06.08 01:23:03.767,0.95414,0.95443,1.35,3.08
2011.06.08 01:23:04.096,0.95415,0.95443,2.10,3.08
2011.06.08 01:23:04.205,0.95415,0.95447,2.10,3.68
2011.06.08 01:23:04.536,0.95417,0.95447,1.35,3.08
2011.06.08 01:23:05.110,0.95418,0.95451,1.35,4.58
2011.06.08 01:23:05.997,0.95417,0.95448,1.50,2.10
2011.06.08 01:23:06.107,0.95412,0.95445,2.48,3.83
2011.06.08 01:23:06.657,0.95415,0.95446,1.50,1.35
2011.06.08 01:23:07.012,0.95418,0.95451,1.88,1.35
2011.06.08 01:23:07.348,0.95417,0.95449,1.35,3.83
2011.06.08 01:23:07.787,0.95417,0.95446,1.35,3.08
2011.06.08 01:23:08.116,0.95416,0.95444,1.35,3.08
2011.06.08 01:23:08.335,0.95412,0.95443,2.10,3.08
2011.06.08 01:23:08.446,0.95412,0.95443,2.85,3.08
2011.06.08 01:23:08.666,0.95417,0.95447,1.50,3.68
2011.06.08 01:23:08.776,0.95418,0.9545,1.35,1.50
2011.06.08 01:23:08.995,0.95418,0.95451,1.35,3.08
2011.06.08 01:23:09.325,0.95418,0.95451,1.35,3.83
2011.06.08 01:23:10.755,0.95418,0.95449,2.85,3.83
2011.06.08 01:23:11.196,0.95418,0.95451,2.10,3.83
2011.06.08 01:23:11.724,0.95418,0.95449,2.10,3.83
2011.06.08 01:23:12.456,0.95418,0.95449,1.35,3.83
2011.06.08 01:23:12.676,0.95419,0.95449,1.13,3.83
2011.06.08 01:23:12.787,0.95423,0.95455,1.35,1.50
2011.06.08 01:23:13.005,0.95423,0.95456,1.35,3.83
2011.06.08 01:23:13.554,0.95423,0.95457,4.43,1.35
2011.06.08 01:23:14.025,0.95423,0.95457,4.43,2.10
2011.06.08 01:23:14.487,0.95423,0.95453,3.83,1.35
2011.06.08 01:23:15.036,0.9542,0.95453,4.43,1.35
2011.06.08 01:23:26.315,0.9542,0.9545,1.35,3.08
2011.06.08 01:23:26.865,0.9542,0.9545,1.35,3.08
2011.06.08 01:23:27.536,0.9542,0.95452,1.35,1.35
2011.06.08 01:23:28.925,0.9542,0.95451,1.35,1.50
2011.06.08 01:23:29.917,0.95421,0.95451,1.50,1.50
2011.06.08 01:23:30.246,0.95421,0.95447,1.50,1.35
2011.06.08 01:23:30.713,0.95419,0.95446,1.50,1.50
2011.06.08 01:23:30.831,0.95419,0.95442,1.50,1.50
2011.06.08 01:23:31.059,0.95413,0.95443,2.10,3.83
2011.06.08 01:23:31.497,0.95409,0.95442,6.30,1.35
2011.06.08 01:23:32.456,0.95411,0.95442,1.73,2.10
2011.06.08 01:23:32.776,0.95411,0.95442,1.73,1.35
2011.06.08 01:23:33.105,0.95411,0.95441,1.50,1.50
2011.06.08 01:23:35.139,0.95413,0.95442,1.50,5.18
2011.06.08 01:23:35.699,0.95413,0.95442,1.50,1.35
2011.06.08 01:23:37.690,0.9541,0.95442,1.50,1.35
2011.06.08 01:23:38.246,0.95413,0.95442,1.50,1.35
2011.06.08 01:23:40.027,0.95415,0.95447,1.35,1.50
2011.06.08 01:23:40.135,0.95415,0.95448,2.10,3.83
2011.06.08 01:23:40.827,0.95417,0.95448,1.50,3.83
2011.06.08 01:23:41.486,0.95417,0.95448,1.50,3.83
2011.06.08 01:23:41.926,0.95419,0.95449,1.50,1.35
2011.06.08 01:23:42.477,0.9542,0.95449,1.50,1.35
2011.06.08 01:23:42.806,0.95422,0.95454,1.50,1.35
2011.06.08 01:23:45.148,0.95425,0.95458,5.18,1.73
2011.06.08 01:23:45.256,0.95427,0.95455,1.50,3.83
2011.06.08 01:23:45.587,0.95423,0.95454,1.50,1.35
2011.06.08 01:23:47.015,0.95424,0.95454,1.50,1.35
2011.06.08 01:23:47.345,0.95443,0.95472,1.35,1.50
2011.06.08 01:23:47.566,0.95445,0.95475,3.83,1.35
2011.06.08 01:23:48.226,0.95444,0.95475,1.50,1.35
2011.06.08 01:23:48.335,0.95444,0.95475,1.50,1.35
2011.06.08 01:23:49.480,0.95444,0.95475,3.83,1.35
2011.06.08 01:23:50.258,0.95443,0.95475,4.43,1.35
2011.06.08 01:23:50.586,0.95443,0.95475,3.68,1.35
2011.06.08 01:23:51.246,0.9544,0.95469,1.50,1.35
2011.06.08 01:23:51.357,0.95437,0.95469,4.58,1.35
2011.06.08 01:23:51.907,0.95437,0.95469,3.83,1.73
2011.06.08 01:23:52.346,0.95435,0.95467,1.35,4.58
2011.06.08 01:23:52.457,0.95435,0.95467,1.50,5.18
2011.06.08 01:23:52.785,0.95435,0.95463,1.50,1.35
2011.06.08 01:23:53.116,0.95435,0.95466,2.63,1.35
2011.06.08 01:23:53.227,0.95437,0.95469,4.43,1.35
2011.06.08 01:23:53.686,0.95437,0.95469,5.93,1.35
2011.06.08 01:23:54.126,0.95437,0.95465,3.08,1.35
2011.06.08 01:23:54.237,0.95433,0.95465,1.50,1.35
2011.06.08 01:23:54.786,0.95435,0.95465,1.50,1.35
2011.06.08 01:23:55.667,0.95427,0.95455,3.68,1.50
2011.06.08 01:23:55.776,0.95427,0.95455,3.08,1.50
2011.06.08 01:23:55.886,0.95427,0.9546,3.83,2.10
2011.06.08 01:23:56.327,0.95425,0.9546,4.43,1.35
2011.06.08 01:23:56.658,0.95434,0.95461,1.35,3.83
2011.06.08 01:23:56.877,0.95434,0.95464,3.08,1.35
2011.06.08 01:23:56.987,0.95431,0.95464,4.58,1.35
2011.06.08 01:23:57.097,0.95432,0.95464,1.50,1.35
2011.06.08 01:23:57.206,0.95434,0.95464,4.58,1.35
2011.06.08 01:23:57.746,0.9543,0.95463,1.35,1.50
2011.06.08 01:23:57.855,0.95429,0.95463,4.43,1.50
2011.06.08 01:23:58.080,0.95429,0.95463,3.68,3.00
2011.06.08 01:23:58.196,0.95426,0.95461,3.68,2.10
2011.06.08 01:24:00.597,0.95423,0.95456,4.43,1.50
2011.06.08 01:24:00.926,0.95423,0.95456,3.83,2.10
2011.06.08 01:24:03.285,0.95423,0.95456,3.83,2.10
2011.06.08 01:24:04.276,0.95424,0.95453,3.08,1.35
2011.06.08 01:24:06.685,0.95427,0.95456,3.08,2.10
2011.06.08 01:24:07.235,0.95425,0.95454,3.83,1.35
2011.06.08 01:24:08.066,0.95424,0.95454,3.08,1.35
2011.06.08 01:24:08.949,0.95424,0.95453,3.83,1.35
2011.06.08 01:24:09.276,0.95434,0.95461,2.10,1.50
2011.06.08 01:24:09.386,0.95434,0.95463,2.10,1.50
2011.06.08 01:24:09.495,0.95432,0.95463,3.68,1.50
2011.06.08 01:24:10.047,0.95434,0.95463,1.35,1.50
2011.06.08 01:24:10.706,0.95435,0.95462,3.08,1.50
2011.06.08 01:24:10.816,0.95435,0.95462,3.08,1.35
2011.06.08 01:24:11.035,0.95426,0.95462,5.18,4.43
2011.06.08 01:24:11.385,0.95427,0.95462,1.35,3.83
2011.06.08 01:24:11.607,0.95426,0.9546,3.68,1.50
2011.06.08 01:24:11.716,0.95424,0.95458,4.43,1.50
2011.06.08 01:24:12.266,0.95425,0.95458,1.35,1.50
2011.06.08 01:24:12.597,0.95433,0.9546,2.10,3.83
2011.06.08 01:24:12.958,0.95433,0.9546,2.10,3.08
2011.06.08 01:24:13.070,0.95434,0.95466,1.35,1.35
2011.06.08 01:24:13.185,0.95435,0.95467,3.68,1.50
2011.06.08 01:24:13.796,0.95433,0.95466,1.50,4.43
2011.06.08 01:24:14.126,0.95432,0.95465,4.43,1.50
2011.06.08 01:24:14.716,0.95434,0.95465,3.68,1.50
2011.06.08 01:24:14.827,0.95437,0.95465,3.68,1.50
2011.06.08 01:24:15.047,0.95437,0.95467,3.68,1.50
2011.06.08 01:24:17.476,0.95437,0.95467,4.05,1.50
2011.06.08 01:24:17.697,0.95442,0.95467,3.68,1.50
2011.06.08 01:24:17.916,0.95444,0.95474,2.10,1.50
2011.06.08 01:24:18.026,0.95447,0.95476,3.08,1.50
2011.06.08 01:24:18.245,0.95447,0.95477,3.83,1.50
2011.06.08 01:24:18.975,0.95447,0.95477,3.83,1.50
2011.06.08 01:24:21.555,0.95447,0.95478,3.08,2.10
2011.06.08 01:24:21.667,0.95445,0.95474,1.50,1.35
2011.06.08 01:24:21.996,0.9544,0.95472,4.43,1.35
2011.06.08 01:24:24.465,0.9544,0.95471,1.35,1.50
2011.06.08 01:24:26.565,0.9544,0.95471,1.35,2.25
2011.06.08 01:24:30.205,0.9544,0.95468,1.35,1.50
2011.06.08 01:24:31.356,0.95435,0.95465,1.35,1.50
2011.06.08 01:24:31.466,0.95433,0.95465,1.35,2.25
2011.06.08 01:24:31.936,0.95433,0.95465,1.35,4.58
2011.06.08 01:24:32.266,0.95433,0.95461,1.35,3.08
2011.06.08 01:24:32.815,0.95426,0.95461,2.85,3.68
2011.06.08 01:24:32.926,0.95426,0.9546,2.85,1.35
2011.06.08 01:24:33.365,0.95426,0.9546,2.10,1.35
2011.06.08 01:24:34.448,0.95431,0.95462,1.35,1.50
2011.06.08 01:24:34.996,0.95433,0.95463,1.35,1.50
2011.06.08 01:24:37.811,0.9543,0.9546,3.08,1.35
2011.06.08 01:24:38.037,0.95433,0.9546,3.08,1.35
2011.06.08 01:24:38.596,0.95433,0.95466,3.83,2.10
2011.06.08 01:24:42.049,0.95436,0.95466,3.08,2.10
2011.06.08 01:24:42.496,0.95434,0.95466,3.83,2.10
2011.06.08 01:24:42.826,0.95434,0.95466,3.83,2.10
2011.06.08 01:24:43.496,0.95435,0.95468,1.35,3.08
2011.06.08 01:24:43.716,0.95437,0.95471,3.68,3.83
2011.06.08 01:24:44.157,0.9544,0.95473,1.35,3.83
2011.06.08 01:24:44.266,0.95444,0.95475,1.35,3.83
2011.06.08 01:24:44.797,0.95446,0.95481,3.08,2.10
2011.06.08 01:24:45.345,0.95445,0.95479,1.50,1.35
2011.06.08 01:24:46.635,0.95445,0.95479,4.58,4.43
2011.06.08 01:24:47.246,0.95445,0.95479,3.08,4.43
2011.06.08 01:24:47.355,0.95448,0.95479,3.08,1.35
2011.06.08 01:24:47.576,0.95446,0.95481,3.68,2.10
2011.06.08 01:24:50.547,0.95453,0.95481,1.13,1.35
2011.06.08 01:24:50.657,0.95454,0.95486,4.43,1.50
2011.06.08 01:24:50.875,0.95454,0.95489,4.43,1.50
2011.06.08 01:24:51.095,0.95456,0.9549,1.35,2.10
2011.06.08 01:24:51.645,0.95458,0.9549,3.68,2.10
2011.06.08 01:24:52.786,0.95458,0.95492,3.68,1.35
2011.06.08 01:24:52.896,0.95461,0.95492,3.08,1.35
2011.06.08 01:24:53.445,0.9546,0.95492,3.08,1.35
2011.06.08 01:24:53.775,0.95458,0.9549,1.35,3.68
2011.06.08 01:24:57.766,0.95454,0.95487,4.58,1.35
2011.06.08 01:24:57.876,0.95451,0.95485,2.10,1.35
2011.06.08 01:24:58.097,0.95446,0.95479,2.10,3.68
2011.06.08 01:24:58.317,0.95445,0.95479,2.10,3.68
2011.06.08 01:25:01.096,0.95446,0.95478,3.68,1.35
2011.06.08 01:25:03.401,0.95455,0.95481,3.68,1.50
2011.06.08 01:25:03.516,0.95455,0.95483,3.68,1.50
2011.06.08 01:25:03.626,0.95455,0.95484,3.68,1.50
2011.06.08 01:25:03.847,0.95459,0.95485,3.08,1.50
2011.06.08 01:25:04.395,0.95459,0.95487,3.08,1.35
2011.06.08 01:25:04.505,0.95459,0.95487,3.08,1.35
2011.06.08 01:25:05.716,0.95461,0.95492,3.08,2.10
2011.06.08 01:25:06.266,0.9546,0.95492,3.08,2.10
2011.06.08 01:25:08.046,0.95456,0.95489,3.83,1.35
2011.06.08 01:25:08.376,0.95455,0.95487,3.68,1.35
2011.06.08 01:25:09.013,0.95456,0.95487,3.08,1.35
2011.06.08 01:25:09.126,0.95459,0.95487,3.08,1.35
2011.06.08 01:25:10.006,0.95456,0.95487,3.08,1.35
2011.06.08 01:25:10.587,0.95455,0.95488,4.43,1.35
2011.06.08 01:25:11.215,0.95453,0.95487,3.68,2.10
2011.06.08 01:25:11.987,0.95455,0.95488,3.68,1.35
2011.06.08 01:25:12.856,0.95457,0.9549,3.08,1.35
2011.06.08 01:25:14.506,0.9546,0.95489,3.08,1.35
2011.06.08 01:25:15.166,0.95459,0.95487,3.08,1.35
2011.06.08 01:25:15.497,0.95455,0.95482,3.08,1.35
2011.06.08 01:25:15.716,0.9545,0.95482,3.68,1.35
2011.06.08 01:25:15.936,0.9545,0.95482,3.68,2.10
2011.06.08 01:25:16.266,0.95449,0.95473,3.68,1.50
2011.06.08 01:25:16.597,0.95446,0.95473,4.43,1.50
2011.06.08 01:25:16.706,0.95448,0.95482,1.35,4.58
2011.06.08 01:25:17.258,0.95453,0.95485,3.08,1.35
2011.06.08 01:25:18.746,0.95453,0.95485,4.80,1.35
2011.06.08 01:25:18.857,0.95459,0.95489,1.35,3.08
2011.06.08 01:25:19.295,0.9546,0.95494,3.68,5.93
2011.06.08 01:25:19.405,0.9546,0.95493,3.68,1.50
2011.06.08 01:25:21.786,0.9546,0.95491,3.68,1.50
2011.06.08 01:25:22.116,0.95456,0.95485,1.50,1.35
2011.06.08 01:25:22.228,0.95452,0.95484,3.08,1.35
2011.06.08 01:25:22.883,0.95451,0.95484,3.08,2.10
2011.06.08 01:25:23.875,0.95451,0.95483,3.08,2.10
2011.06.08 01:25:24.095,0.95448,0.95482,3.68,3.83
2011.06.08 01:25:27.386,0.95451,0.95482,3.08,1.50
2011.06.08 01:25:34.841,0.95451,0.95483,3.08,3.60
2011.06.08 01:25:34.956,0.95453,0.95483,3.08,2.85
2011.06.08 01:25:35.649,0.95454,0.95483,3.08,1.35
2011.06.08 01:25:36.246,0.95454,0.95486,3.68,1.50
2011.06.08 01:25:36.356,0.95452,0.95487,2.10,3.68
2011.06.08 01:25:37.236,0.95455,0.9549,2.10,1.50
2011.06.08 01:25:37.347,0.95454,0.9549,4.43,2.10
2011.06.08 01:25:40.879,0.95456,0.95488,1.50,1.35
2011.06.08 01:25:41.107,0.95456,0.9549,5.40,1.35
2011.06.08 01:25:41.670,0.95457,0.9549,1.50,1.35
2011.06.08 01:25:44.035,0.9546,0.9549,3.08,1.35
2011.06.08 01:25:45.456,0.95462,0.95492,3.08,1.35
2011.06.08 01:25:45.785,0.95458,0.9549,3.08,2.10
2011.06.08 01:25:46.006,0.95458,0.9549,3.08,2.10
2011.06.08 01:25:49.706,0.95462,0.9549,3.08,2.10
2011.06.08 01:25:49.816,0.9546,0.95491,3.83,1.35
2011.06.08 01:25:50.035,0.9546,0.95494,4.43,3.83
2011.06.08 01:25:50.595,0.95461,0.95494,3.68,2.25
2011.06.08 01:25:52.615,0.95461,0.95491,3.68,1.50
2011.06.08 01:25:52.727,0.95455,0.95488,1.35,1.50
2011.06.08 01:25:53.277,0.95452,0.95488,3.83,3.83
2011.06.08 01:25:53.715,0.95474,0.95488,1.50,3.83
2011.06.08 01:25:54.264,0.95474,0.95487,1.50,3.08
2011.06.08 01:25:58.826,0.95474,0.95487,1.50,3.08
2011.06.08 01:25:58.937,0.95474,0.95486,1.50,3.83
2011.06.08 01:25:59.986,0.95474,0.95486,1.50,3.83
2011.06.08 01:26:00.605,0.95474,0.95488,1.50,3.83
2011.06.08 01:26:01.268,0.95474,0.95491,1.50,3.83
2011.06.08 01:26:04.617,0.9548,0.95493,1.50,1.50
2011.06.08 01:26:04.726,0.9548,0.95494,1.50,3.08
2011.06.08 01:26:04.836,0.95483,0.95494,1.50,3.08
2011.06.08 01:26:09.626,0.95483,0.95494,1.50,3.08
2011.06.08 01:26:10.720,0.95483,0.95491,1.50,3.08
2011.06.08 01:26:11.497,0.95473,0.95492,1.50,4.58
2011.06.08 01:26:12.506,0.95473,0.9549,1.50,3.08
2011.06.08 01:26:15.417,0.95473,0.9549,1.50,3.08
2011.06.08 01:26:15.968,0.95474,0.95493,1.50,3.08
2011.06.08 01:26:16.076,0.95474,0.95497,1.50,3.08
2011.06.08 01:26:16.187,0.95474,0.95498,1.50,4.58
2011.06.08 01:26:17.950,0.95474,0.95498,1.50,3.08
2011.06.08 01:26:18.396,0.95474,0.95498,1.50,3.83
2011.06.08 01:26:23.265,0.95474,0.95498,1.50,3.83
2011.06.08 01:26:25.657,0.95474,0.95498,1.50,3.83
2011.06.08 01:26:28.165,0.95474,0.95499,1.50,5.18
2011.06.08 01:26:33.026,0.95474,0.95497,1.50,4.43
2011.06.08 01:26:33.577,0.95474,0.95493,1.50,4.43
2011.06.08 01:26:33.906,0.95474,0.95493,1.50,5.18
2011.06.08 01:26:34.126,0.95474,0.95491,1.50,3.08
2011.06.08 01:26:34.456,0.95474,0.95493,1.50,3.68
2011.06.08 01:26:35.006,0.95474,0.95495,1.50,1.35
2011.06.08 01:26:35.226,0.95474,0.95495,1.50,1.35
2011.06.08 01:26:40.610,0.95474,0.95495,1.50,1.35
2011.06.08 01:26:41.277,0.95474,0.95497,1.50,3.83
2011.06.08 01:26:49.896,0.95474,0.9549,1.50,3.08
2011.06.08 01:26:50.117,0.95474,0.95493,1.50,3.08
2011.06.08 01:26:50.335,0.95474,0.95491,1.50,3.08
2011.06.08 01:26:50.915,0.95474,0.95493,1.50,3.08
2011.06.08 01:26:51.497,0.95474,0.95492,1.50,3.08
2011.06.08 01:26:53.616,0.95474,0.95492,1.50,3.83
2011.06.08 01:26:53.726,0.95474,0.9549,1.50,3.08
2011.06.08 01:26:55.676,0.95474,0.9549,1.50,3.68
2011.06.08 01:27:01.358,0.95474,0.95495,1.50,1.50
2011.06.08 01:27:01.467,0.95474,0.95497,1.50,4.58
2011.06.08 01:27:01.576,0.95474,0.95497,1.50,1.50
2011.06.08 01:27:02.125,0.95474,0.95497,1.50,1.50
2011.06.08 01:27:10.326,0.95474,0.95497,1.50,1.50
2011.06.08 01:27:12.155,0.95474,0.95497,1.50,1.50
2011.06.08 01:27:19.827,0.95474,0.95494,1.50,3.68
2011.06.08 01:27:19.936,0.95474,0.95491,1.50,3.08
2011.06.08 01:27:20.596,0.95474,0.95491,1.50,3.08
2011.06.08 01:27:20.705,0.95474,0.95494,1.50,3.83
2011.06.08 01:27:20.926,0.95474,0.95493,1.50,4.43
2011.06.08 01:27:22.936,0.95474,0.95493,1.50,3.83
2011.06.08 01:27:23.047,0.95473,0.95488,1.50,3.08
2011.06.08 01:27:23.157,0.95474,0.95488,1.50,3.45
2011.06.08 01:27:23.267,0.95473,0.95481,1.50,3.08
2011.06.08 01:27:23.377,0.95474,0.95486,1.50,3.08
2011.06.08 01:27:23.596,0.95474,0.95486,1.50,3.08
2011.06.08 01:27:24.817,0.95474,0.95492,1.50,1.50
2011.06.08 01:27:24.927,0.95474,0.95493,1.50,4.43
2011.06.08 01:27:26.418,0.95474,0.95488,1.50,3.08
2011.06.08 01:27:28.425,0.95474,0.95488,1.50,3.08
2011.06.08 01:27:29.595,0.95474,0.95487,1.50,3.08
2011.06.08 01:27:29.966,0.95474,0.95487,1.50,3.08
2011.06.08 01:27:30.485,0.95474,0.95489,1.50,3.68
2011.06.08 01:27:32.128,0.95474,0.95489,1.50,3.83
2011.06.08 01:27:32.348,0.95473,0.95499,1.50,2.25
2011.06.08 01:27:32.568,0.95473,0.95496,1.50,1.35
2011.06.08 01:27:32.897,0.95473,0.95495,1.50,4.58
2011.06.08 01:27:33.117,0.95473,0.955,1.50,1.50
2011.06.08 01:27:33.706,0.95473,0.955,1.50,2.63
2011.06.08 01:27:34.195,0.95473,0.95499,1.50,1.50
2011.06.08 01:27:34.746,0.95473,0.95497,1.50,1.50
2011.06.08 01:27:36.007,0.95473,0.95497,1.50,1.50
2011.06.08 01:27:36.556,0.95473,0.95497,1.50,2.10
2011.06.08 01:27:39.577,0.95473,0.95497,1.50,2.10
2011.06.08 01:27:52.409,0.95473,0.95502,1.50,1.35
2011.06.08 01:27:57.266,0.95474,0.95507,1.50,5.93
2011.06.08 01:27:58.036,0.95474,0.95507,1.50,5.33
2011.06.08 01:28:01.862,0.95474,0.95508,1.50,2.25
2011.06.08 01:28:01.977,0.95474,0.95508,1.50,2.25
2011.06.08 01:28:02.638,0.95474,0.95505,1.50,1.50
2011.06.08 01:28:02.967,0.95474,0.95504,1.50,2.25
2011.06.08 01:28:04.695,0.95474,0.95502,1.50,1.50
2011.06.08 01:28:15.688,0.95474,0.95505,1.50,3.00
2011.06.08 01:28:16.079,0.95474,0.95505,1.50,1.50
2011.06.08 01:28:19.266,0.95479,0.95508,1.50,1.50
2011.06.08 01:28:22.399,0.95479,0.95509,2.25,1.50
2011.06.08 01:28:23.387,0.95479,0.95513,2.25,1.50
2011.06.08 01:28:23.936,0.9548,0.95511,1.50,1.50
2011.06.08 01:28:28.877,0.95479,0.95512,2.25,3.83
2011.06.08 01:28:28.990,0.95479,0.95512,2.25,3.83
2011.06.08 01:28:29.537,0.9548,0.95512,1.50,4.58
2011.06.08 01:28:30.087,0.95474,0.95503,1.50,1.50
2011.06.08 01:28:30.306,0.95474,0.95507,2.25,3.83
2011.06.08 01:28:30.846,0.95475,0.95508,3.83,1.50
2011.06.08 01:28:31.396,0.95474,0.95508,4.58,4.58
2011.06.08 01:28:31.964,0.95474,0.95508,4.58,1.50
2011.06.08 01:28:32.516,0.95474,0.95508,4.58,1.50
2011.06.08 01:28:33.845,0.95474,0.95508,1.50,1.50
2011.06.08 01:28:35.855,0.95474,0.95508,1.50,1.50
2011.06.08 01:28:36.587,0.95475,0.95506,1.50,1.50
2011.06.08 01:28:36.698,0.95474,0.95505,1.50,2.25
2011.06.08 01:28:37.028,0.95474,0.95507,4.58,1.50
2011.06.08 01:28:37.136,0.95474,0.95508,4.58,3.83
2011.06.08 01:28:37.246,0.95474,0.95508,4.58,4.58
2011.06.08 01:28:37.577,0.95479,0.95508,1.50,1.50
2011.06.08 01:28:38.016,0.95479,0.95512,1.50,4.58
2011.06.08 01:28:46.786,0.95479,0.95512,2.48,3.83
2011.06.08 01:28:50.207,0.95479,0.95511,1.73,1.50
2011.06.08 01:28:50.537,0.95487,0.95514,2.63,2.25
2011.06.08 01:28:50.866,0.95488,0.9552,1.50,3.83
2011.06.08 01:28:51.306,0.95489,0.9552,1.50,3.83
2011.06.08 01:28:51.637,0.95489,0.9552,4.20,1.50
2011.06.08 01:28:52.366,0.95488,0.9552,4.95,1.50
2011.06.08 01:28:52.916,0.95497,0.95521,2.25,1.50
2011.06.08 01:28:53.175,0.95497,0.95521,2.25,1.50
2011.06.08 01:28:53.507,0.95497,0.95522,2.25,1.50
2011.06.08 01:28:54.378,0.95496,0.95522,2.63,1.50
2011.06.08 01:28:55.378,0.95496,0.95523,2.63,1.50
2011.06.08 01:29:00.735,0.95496,0.95524,2.63,1.50
2011.06.08 01:29:01.365,0.95496,0.95524,2.63,1.50
2011.06.08 01:29:02.246,0.95496,0.95525,2.63,1.50
2011.06.08 01:29:03.485,0.95496,0.95525,2.63,2.25
2011.06.08 01:29:06.388,0.95497,0.95523,5.33,1.13
2011.06.08 01:29:06.716,0.95498,0.95529,1.13,4.58
2011.06.08 01:29:06.826,0.95498,0.95528,1.13,1.50
2011.06.08 01:29:07.155,0.95498,0.95528,1.13,1.50
2011.06.08 01:29:07.707,0.95501,0.95533,1.13,2.25
2011.06.08 01:29:08.916,0.95502,0.95533,3.83,2.25
2011.06.08 01:29:09.739,0.95507,0.95533,2.25,1.88
2011.06.08 01:29:11.106,0.95506,0.95535,2.63,1.50
2011.06.08 01:29:11.655,0.95506,0.95536,2.63,1.50
2011.06.08 01:29:12.256,0.95506,0.95536,2.63,2.25
2011.06.08 01:29:12.806,0.95506,0.95536,2.63,1.50
2011.06.08 01:29:13.636,0.95506,0.95537,2.63,5.33
2011.06.08 01:29:14.086,0.95506,0.95537,2.63,5.33
2011.06.08 01:29:14.635,0.95506,0.95536,2.63,3.83
2011.06.08 01:29:15.185,0.95506,0.95536,2.63,1.50
2011.06.08 01:29:15.406,0.95506,0.95536,2.63,1.50
2011.06.08 01:29:15.975,0.95506,0.95536,2.63,1.50
2011.06.08 01:29:16.569,0.95506,0.95536,2.63,2.25
2011.06.08 01:29:17.116,0.95506,0.95536,2.63,4.58
2011.06.08 01:29:17.336,0.95506,0.95536,2.63,3.83
2011.06.08 01:29:17.915,0.9551,0.95537,1.50,1.50
2011.06.08 01:29:18.032,0.95514,0.95543,1.73,2.25
2011.06.08 01:29:18.150,0.95519,0.95547,1.50,1.50
2011.06.08 01:29:18.369,0.9552,0.95551,1.13,4.58
2011.06.08 01:29:18.592,0.95517,0.9555,3.83,1.50
2011.06.08 01:29:18.817,0.95517,0.95549,4.58,1.50
2011.06.08 01:29:19.039,0.95516,0.95546,3.38,1.50
2011.06.08 01:29:19.586,0.95516,0.95545,3.38,1.50
2011.06.08 01:29:20.026,0.95516,0.95545,3.38,1.50
2011.06.08 01:29:20.136,0.95516,0.95545,2.63,2.25
2011.06.08 01:29:20.577,0.95511,0.9554,3.83,1.50
2011.06.08 01:29:20.797,0.95511,0.95538,3.83,1.13
2011.06.08 01:29:21.127,0.95507,0.95535,2.63,1.50
2011.06.08 01:29:21.676,0.95503,0.95533,1.50,1.50
2011.06.08 01:29:21.786,0.95503,0.95533,1.50,1.50
2011.06.08 01:29:22.117,0.95499,0.95534,1.50,7.20
2011.06.08 01:29:23.097,0.95499,0.9553,1.50,1.50
2011.06.08 01:29:23.648,0.95496,0.95529,6.08,1.50
2011.06.08 01:29:23.956,0.95496,0.95527,5.70,1.50
2011.06.08 01:29:24.071,0.95496,0.95525,2.63,2.25
2011.06.08 01:29:24.189,0.95496,0.95525,2.63,3.00
2011.06.08 01:29:24.299,0.95491,0.95522,4.58,1.50
2011.06.08 01:29:24.926,0.95488,0.95519,1.50,3.83
2011.06.08 01:29:25.367,0.95488,0.95521,1.88,3.83
2011.06.08 01:29:25.476,0.95488,0.95521,1.50,4.58
2011.06.08 01:29:26.026,0.95491,0.95522,3.83,1.50
2011.06.08 01:29:26.136,0.95491,0.95522,3.83,1.50
2011.06.08 01:29:26.246,0.95491,0.95522,3.83,2.25
2011.06.08 01:29:26.577,0.95486,0.95513,3.83,1.50
2011.06.08 01:29:26.907,0.95484,0.95514,1.50,1.50
2011.06.08 01:29:27.235,0.95484,0.95519,1.50,4.58
2011.06.08 01:29:28.117,0.95485,0.9552,4.20,2.25
2011.06.08 01:29:28.447,0.95489,0.9552,3.83,1.50
2011.06.08 01:29:28.556,0.95489,0.9552,3.83,1.50
2011.06.08 01:29:30.237,0.9549,0.95521,1.50,1.50
2011.06.08 01:29:30.782,0.9549,0.95521,1.50,1.50
2011.06.08 01:29:35.946,0.95497,0.95523,2.63,1.50
2011.06.08 01:29:42.655,0.95497,0.95523,2.63,1.50
2011.06.08 01:29:45.167,0.95497,0.95524,2.63,1.50
2011.06.08 01:29:45.497,0.95497,0.95524,3.38,1.50
2011.06.08 01:29:45.606,0.95497,0.95525,3.38,1.50
2011.06.08 01:29:46.156,0.95497,0.95523,3.38,1.50
2011.06.08 01:29:47.107,0.95497,0.95523,3.38,1.50
2011.06.08 01:29:47.438,0.9549,0.95516,1.50,3.83
2011.06.08 01:29:47.767,0.95488,0.95523,3.83,4.50
2011.06.08 01:29:47.876,0.95488,0.95522,3.83,1.50
2011.06.08 01:29:48.318,0.9549,0.95522,3.83,1.50
2011.06.08 01:29:50.836,0.95489,0.95522,3.83,1.50
2011.06.08 01:29:51.387,0.95494,0.95525,3.83,1.50
2011.06.08 01:29:51.938,0.95498,0.95527,3.83,1.50
2011.06.08 01:29:52.487,0.95496,0.95526,2.63,1.50
2011.06.08 01:29:52.597,0.95496,0.95525,2.63,1.50
2011.06.08 01:29:52.706,0.95493,0.95525,1.50,1.50
2011.06.08 01:29:52.927,0.95491,0.95526,1.50,4.58
2011.06.08 01:29:53.481,0.95496,0.95526,2.63,1.50
2011.06.08 01:29:54.045,0.95496,0.95527,2.63,5.33
2011.06.08 01:29:54.627,0.95496,0.95527,2.63,4.58
2011.06.08 01:30:01.231,0.95496,0.95524,2.63,1.50
2011.06.08 01:30:01.570,0.95487,0.95521,4.58,3.83
2011.06.08 01:30:01.899,0.95487,0.95519,4.58,1.50
2011.06.08 01:30:02.457,0.95487,0.95519,1.50,1.50
2011.06.08 01:30:03.007,0.95486,0.95519,5.70,1.50
2011.06.08 01:30:03.348,0.95486,0.95519,5.70,1.50
2011.06.08 01:30:05.446,0.95487,0.95519,3.83,1.50
2011.06.08 01:30:05.888,0.95487,0.95517,3.83,1.50
2011.06.08 01:30:06.926,0.95487,0.95516,3.83,1.50
2011.06.08 01:30:07.267,0.95487,0.95516,5.33,1.50
2011.06.08 01:30:08.556,0.95487,0.95515,3.83,1.50
2011.06.08 01:30:08.776,0.95487,0.95516,3.83,1.50
2011.06.08 01:30:09.217,0.95488,0.9552,3.83,1.50
2011.06.08 01:30:09.436,0.95489,0.9552,3.83,1.50
2011.06.08 01:30:09.946,0.95489,0.9552,3.83,1.50
2011.06.08 01:30:14.037,0.95487,0.9552,4.58,1.50
2011.06.08 01:30:14.638,0.95487,0.9552,4.58,1.50
2011.06.08 01:30:14.906,0.95487,0.95521,4.58,4.58
2011.06.08 01:30:15.127,0.95488,0.95521,3.83,2.25
2011.06.08 01:30:16.106,0.95486,0.9552,4.50,1.50
2011.06.08 01:30:16.217,0.95486,0.95519,2.63,1.50
2011.06.08 01:30:16.767,0.95486,0.95517,2.63,1.50
2011.06.08 01:30:19.786,0.95486,0.95517,2.63,1.50
2011.06.08 01:30:20.116,0.95486,0.95517,5.70,1.50
2011.06.08 01:30:20.717,0.95486,0.9552,5.70,3.83
2011.06.08 01:30:21.269,0.95486,0.95518,5.70,1.50
2011.06.08 01:30:21.378,0.95486,0.95518,5.70,1.50
2011.06.08 01:30:22.104,0.95486,0.95518,2.63,1.50
2011.06.08 01:30:23.475,0.95486,0.95518,2.63,1.50
2011.06.08 01:30:28.726,0.95485,0.95517,3.83,2.25
2011.06.08 01:30:28.837,0.95485,0.95517,3.83,2.25
2011.06.08 01:30:34.240,0.95485,0.95517,3.83,1.50
2011.06.08 01:30:34.466,0.95488,0.95517,3.83,2.25
2011.06.08 01:30:34.686,0.95488,0.95517,3.83,1.50
2011.06.08 01:30:36.595,0.95486,0.95517,3.83,1.50
2011.06.08 01:30:36.926,0.95486,0.95516,3.83,1.50
2011.06.08 01:30:37.476,0.95486,0.95518,3.83,2.25
2011.06.08 01:30:46.216,0.95485,0.95519,3.83,3.83
2011.06.08 01:30:46.325,0.95485,0.95519,3.83,3.83
2011.06.08 01:30:46.436,0.95485,0.95519,3.83,4.58
2011.06.08 01:30:46.847,0.95485,0.95514,3.83,1.50
2011.06.08 01:30:46.958,0.95485,0.9552,3.83,1.13
2011.06.08 01:30:47.067,0.95482,0.95516,4.58,1.13
2011.06.08 01:30:47.396,0.95481,0.95515,4.05,3.83
2011.06.08 01:30:47.856,0.95483,0.95515,3.83,1.50
2011.06.08 01:30:48.077,0.95483,0.95516,3.83,1.13
2011.06.08 01:30:48.295,0.95483,0.95515,3.83,1.50
2011.06.08 01:30:48.846,0.95483,0.95515,3.83,1.50
2011.06.08 01:30:50.146,0.95486,0.9552,3.83,4.95
2011.06.08 01:30:50.256,0.95486,0.9552,3.83,4.20
2011.06.08 01:30:50.996,0.95486,0.9552,3.83,4.20
2011.06.08 01:30:51.436,0.95485,0.95519,3.83,3.45
2011.06.08 01:30:51.985,0.95485,0.95519,3.83,1.50
2011.06.08 01:30:52.096,0.95485,0.9552,3.83,1.13
2011.06.08 01:30:58.495,0.95485,0.9552,3.83,1.13
2011.06.08 01:30:58.716,0.95485,0.95516,3.83,1.50
2011.06.08 01:30:58.936,0.95484,0.95519,1.50,3.08
2011.06.08 01:31:00.846,0.95486,0.9552,3.83,2.25
2011.06.08 01:31:00.956,0.95484,0.95518,3.83,1.50
2011.06.08 01:31:01.286,0.95486,0.95519,3.83,1.50
2011.06.08 01:31:01.916,0.95486,0.9552,3.83,3.83
2011.06.08 01:31:03.146,0.95485,0.95519,3.83,4.58
2011.06.08 01:31:04.826,0.95485,0.95518,3.83,1.13
2011.06.08 01:31:05.156,0.95485,0.95516,3.83,1.50
2011.06.08 01:31:05.651,0.95484,0.95514,3.83,1.50
2011.06.08 01:31:07.246,0.95483,0.95515,3.83,1.13
2011.06.08 01:31:07.575,0.95483,0.95514,3.83,1.50
2011.06.08 01:31:08.357,0.95483,0.95514,3.83,2.25
2011.06.08 01:31:08.905,0.95483,0.95514,3.83,2.25
2011.06.08 01:31:09.017,0.95483,0.95514,3.83,1.50
2011.06.08 01:31:09.126,0.95483,0.95514,3.83,1.50
2011.06.08 01:31:09.345,0.95483,0.95514,3.83,1.50
2011.06.08 01:31:09.896,0.95483,0.95516,3.83,3.00
2011.06.08 01:31:10.227,0.95482,0.95516,3.83,1.50
2011.06.08 01:31:10.447,0.95482,0.95516,3.83,2.63
2011.06.08 01:31:11.016,0.95482,0.95516,3.83,1.88
2011.06.08 01:31:11.346,0.95482,0.95514,3.83,1.13
2011.06.08 01:31:11.676,0.95481,0.95513,3.83,1.35
2011.06.08 01:31:13.478,0.95481,0.95513,3.83,1.35
2011.06.08 01:31:15.757,0.95481,0.95511,3.83,1.35
2011.06.08 01:31:15.866,0.95481,0.95511,3.83,1.35
2011.06.08 01:31:17.678,0.95481,0.95514,3.83,2.48
2011.06.08 01:31:21.867,0.95483,0.95515,3.83,1.35
2011.06.08 01:31:24.657,0.95483,0.95515,3.83,1.35
2011.06.08 01:31:25.206,0.95483,0.95515,3.83,1.35
2011.06.08 01:31:25.551,0.95485,0.95505,3.83,2.10
2011.06.08 01:31:26.376,0.95484,0.95505,3.83,2.10
2011.06.08 01:31:27.237,0.95485,0.95505,3.83,2.10
2011.06.08 01:31:27.457,0.95484,0.95505,4.58,2.10
2011.06.08 01:31:30.587,0.95482,0.95515,3.83,1.35
2011.06.08 01:31:30.697,0.95482,0.95515,3.83,1.35
2011.06.08 01:31:32.492,0.95484,0.95507,4.58,2.53
2011.06.08 01:31:33.027,0.95484,0.95506,4.58,1.08
2011.06.08 01:31:33.354,0.95484,0.95507,4.58,1.14
2011.06.08 01:31:33.910,0.95484,0.95515,4.58,1.35
2011.06.08 01:31:34.625,0.95484,0.95515,4.58,1.35
2011.06.08 01:31:35.671,0.95484,0.95515,4.58,2.10
2011.06.08 01:31:36.847,0.95484,0.95515,4.58,1.35
2011.06.08 01:31:39.335,0.95484,0.95515,4.58,1.35
2011.06.08 01:31:39.844,0.95484,0.95515,4.58,1.35
2011.06.08 01:31:41.388,0.95486,0.95515,2.63,2.10
2011.06.08 01:31:41.494,0.95486,0.95504,2.63,2.10
2011.06.08 01:31:42.837,0.95486,0.95504,2.63,1.50
2011.06.08 01:31:43.365,0.95486,0.95504,2.63,2.10
2011.06.08 01:31:45.125,0.95486,0.95504,2.63,1.50
2011.06.08 01:31:46.865,0.95484,0.95504,3.83,2.10
2011.06.08 01:31:47.416,0.95483,0.95504,3.83,2.10
2011.06.08 01:31:47.745,0.95478,0.95498,1.73,2.10
2011.06.08 01:31:52.826,0.95478,0.95506,1.73,2.10
2011.06.08 01:32:04.756,0.95486,0.95506,2.63,2.10
2011.06.08 01:32:06.265,0.95486,0.95506,2.25,2.10
2011.06.08 01:32:11.756,0.95477,0.955,1.73,2.10
2011.06.08 01:32:11.975,0.95477,0.955,1.73,2.10
2011.06.08 01:32:12.530,0.95474,0.955,1.50,2.10
2011.06.08 01:32:14.405,0.95474,0.95496,1.50,2.10
2011.06.08 01:32:15.217,0.95474,0.95502,1.50,1.35
2011.06.08 01:32:15.437,0.95477,0.95503,2.63,5.18
2011.06.08 01:32:23.035,0.95474,0.95503,1.50,7.80
2011.06.08 01:32:24.015,0.95474,0.95501,1.50,1.35
2011.06.08 01:32:24.125,0.95474,0.95497,1.50,2.10
2011.06.08 01:32:26.786,0.95474,0.95497,1.50,2.10
2011.06.08 01:32:29.284,0.95474,0.95497,1.50,2.10
2011.06.08 01:32:49.816,0.95474,0.95497,1.50,5.18
2011.06.08 01:32:50.475,0.95474,0.95491,1.50,1.35
2011.06.08 01:32:50.697,0.95474,0.95489,1.50,2.10
2011.06.08 01:32:54.436,0.95474,0.95483,1.50,1.88
2011.06.08 01:32:54.545,0.95474,0.95489,1.50,2.10
2011.06.08 01:32:56.416,0.95474,0.95492,1.50,1.35
2011.06.08 01:32:57.075,0.95474,0.95489,1.50,1.50
2011.06.08 01:32:57.297,0.95474,0.95489,1.50,2.10
2011.06.08 01:32:57.807,0.95474,0.95494,1.50,2.10
2011.06.08 01:33:00.876,0.95474,0.95499,1.50,2.85
2011.06.08 01:33:00.985,0.95474,0.95499,1.50,2.10
2011.06.08 01:33:01.545,0.95474,0.95499,1.50,2.10
2011.06.08 01:33:07.365,0.95469,0.95499,1.50,2.10
2011.06.08 01:33:09.997,0.95469,0.95499,1.50,2.10
2011.06.08 01:33:10.328,0.95467,0.95491,1.50,2.10
2011.06.08 01:33:10.874,0.95464,0.95487,1.50,2.10
2011.06.08 01:33:11.316,0.95464,0.95487,1.50,2.10
2011.06.08 01:33:14.916,0.95464,0.95487,1.50,2.10
2011.06.08 01:33:15.355,0.95464,0.95487,1.50,2.10
2011.06.08 01:33:16.058,0.95462,0.95487,4.58,2.10
2011.06.08 01:33:18.499,0.95464,0.95487,1.50,1.35
2011.06.08 01:33:24.115,0.95464,0.95486,1.50,1.35
2011.06.08 01:33:24.226,0.9546,0.95483,4.58,1.50
2011.06.08 01:33:24.336,0.95456,0.95482,1.50,2.85
2011.06.08 01:33:24.666,0.95456,0.9548,1.50,1.35
2011.06.08 01:33:25.105,0.95452,0.95476,2.25,1.35
2011.06.08 01:33:25.655,0.95453,0.95476,2.25,1.35
2011.06.08 01:33:25.984,0.95455,0.95476,1.50,1.35
2011.06.08 01:33:26.315,0.95463,0.95484,2.25,1.35
2011.06.08 01:33:26.865,0.95465,0.95486,1.50,1.35
2011.06.08 01:33:27.305,0.95463,0.95484,1.50,1.35
2011.06.08 01:33:27.415,0.95462,0.95484,3.08,1.35
2011.06.08 01:33:27.525,0.95458,0.95484,2.25,1.35
2011.06.08 01:33:28.074,0.95457,0.9548,1.50,1.35
2011.06.08 01:33:33.825,0.95458,0.95484,1.50,2.10
2011.06.08 01:33:34.156,0.95462,0.95486,4.58,1.35
2011.06.08 01:33:34.374,0.95467,0.95486,1.88,1.35
2011.06.08 01:33:37.056,0.95461,0.95486,1.50,1.35
2011.06.08 01:33:37.165,0.95459,0.95486,1.50,1.35
2011.06.08 01:33:38.215,0.95461,0.95486,1.50,1.35
2011.06.08 01:33:38.575,0.95463,0.95486,1.50,1.35
2011.06.08 01:33:39.016,0.95462,0.95486,3.08,1.35
2011.06.08 01:33:39.345,0.95463,0.95486,4.58,1.35
2011.06.08 01:33:42.105,0.95463,0.95486,1.50,1.35
2011.06.08 01:33:52.515,0.95461,0.95486,1.50,1.35
2011.06.08 01:33:52.846,0.95461,0.95482,1.50,1.35
2011.06.08 01:33:53.286,0.95461,0.95482,1.50,1.35
2011.06.08 01:34:01.087,0.95461,0.95484,5.33,2.85
2011.06.08 01:34:01.536,0.95461,0.95484,4.58,1.35
2011.06.08 01:34:01.976,0.95466,0.95486,1.88,1.35
2011.06.08 01:34:05.775,0.95463,0.95484,2.48,1.35
2011.06.08 01:34:05.885,0.95457,0.95482,2.85,1.35
2011.06.08 01:34:06.105,0.95457,0.95477,2.85,1.35
2011.06.08 01:34:06.545,0.9546,0.95483,3.08,2.10
2011.06.08 01:34:06.656,0.9546,0.95483,3.83,1.35
2011.06.08 01:34:07.205,0.95461,0.95483,1.73,1.35
2011.06.08 01:34:09.476,0.95461,0.95483,1.73,1.35
2011.06.08 01:34:09.696,0.9545,0.95477,4.80,1.35
2011.06.08 01:34:10.049,0.9545,0.95477,4.05,1.35
2011.06.08 01:34:10.706,0.95451,0.95477,1.50,1.35
2011.06.08 01:34:11.036,0.95453,0.95477,1.50,1.35
2011.06.08 01:34:11.146,0.95453,0.95478,1.73,1.35
2011.06.08 01:34:11.477,0.95457,0.95478,1.88,1.35
2011.06.08 01:34:12.626,0.95456,0.95477,1.50,1.35
2011.06.08 01:34:12.845,0.95451,0.95477,5.55,1.35
2011.06.08 01:34:13.064,0.95451,0.95478,5.55,1.35
2011.06.08 01:34:13.617,0.95457,0.95477,1.88,1.35
2011.06.08 01:34:14.277,0.95457,0.95481,4.58,1.35
2011.06.08 01:34:14.909,0.95457,0.95481,3.08,1.35
2011.06.08 01:34:15.295,0.95456,0.95481,2.63,1.35
2011.06.08 01:34:15.845,0.95452,0.95475,1.50,1.35
2011.06.08 01:34:16.394,0.95451,0.95475,1.50,1.35
2011.06.08 01:34:17.057,0.95451,0.95468,1.50,1.35
2011.06.08 01:34:17.166,0.95449,0.95468,3.08,1.35
2011.06.08 01:34:17.386,0.95445,0.95468,1.50,1.35
2011.06.08 01:34:20.956,0.95442,0.95467,1.50,1.35
2011.06.08 01:34:21.065,0.95441,0.95466,3.83,2.85
2011.06.08 01:34:21.176,0.95441,0.95466,3.08,2.85
2011.06.08 01:34:21.288,0.95438,0.95466,1.50,2.85
2011.06.08 01:34:21.617,0.95437,0.95464,6.08,1.35
2011.06.08 01:34:21.726,0.95441,0.95465,1.50,1.35
2011.06.08 01:34:22.275,0.95442,0.95465,4.58,1.35
2011.06.08 01:34:22.736,0.95442,0.95465,3.83,1.35
2011.06.08 01:34:23.426,0.95441,0.95465,3.83,1.35
2011.06.08 01:34:27.496,0.95441,0.95465,5.33,1.35
2011.06.08 01:34:33.155,0.95441,0.95465,5.33,1.35
2011.06.08 01:34:33.706,0.95442,0.95465,1.50,1.35
2011.06.08 01:34:33.816,0.95439,0.95465,3.83,1.35
2011.06.08 01:34:42.787,0.95437,0.95461,4.35,1.35
2011.06.08 01:34:42.896,0.95437,0.95459,1.88,1.35
2011.06.08 01:34:46.538,0.95435,0.9546,5.70,1.35
2011.06.08 01:34:46.756,0.95438,0.95463,3.83,1.35
2011.06.08 01:34:48.885,0.95438,0.95463,3.83,1.35
2011.06.08 01:34:50.917,0.9544,0.95463,1.13,1.35
2011.06.08 01:34:51.575,0.95438,0.95463,4.20,1.35
2011.06.08 01:34:51.686,0.95438,0.95462,4.20,1.35
2011.06.08 01:34:53.110,0.95435,0.95461,3.08,1.35
2011.06.08 01:34:53.228,0.95433,0.9546,3.83,2.10
2011.06.08 01:34:53.448,0.95431,0.95457,3.83,1.35
2011.06.08 01:34:53.560,0.95431,0.95454,3.83,2.10
2011.06.08 01:34:53.789,0.9543,0.95452,3.08,1.35
2011.06.08 01:34:54.786,0.95425,0.95444,4.20,2.10
2011.06.08 01:34:55.226,0.95431,0.95449,3.08,1.35
2011.06.08 01:34:55.335,0.95431,0.95449,3.08,1.35
2011.06.08 01:34:55.811,0.95419,0.95445,4.95,1.35
2011.06.08 01:34:56.035,0.95419,0.95445,4.20,1.35
2011.06.08 01:34:56.818,0.9542,0.95442,1.13,1.35
2011.06.08 01:34:56.928,0.9542,0.95442,1.88,1.35
2011.06.08 01:34:57.258,0.9543,0.95444,3.08,1.35
2011.06.08 01:34:57.586,0.95431,0.95451,3.08,1.35
2011.06.08 01:35:00.146,0.95432,0.95452,3.83,1.35
2011.06.08 01:35:00.477,0.95434,0.95459,4.20,2.85
2011.06.08 01:35:00.588,0.95436,0.95459,3.83,1.35
2011.06.08 01:35:01.138,0.95432,0.95459,3.83,2.10
2011.06.08 01:35:01.247,0.95432,0.95452,3.08,1.35
2011.06.08 01:35:02.676,0.95427,0.95446,1.50,1.35
2011.06.08 01:35:02.897,0.95426,0.9545,3.83,2.10
2011.06.08 01:35:03.335,0.95424,0.95447,3.08,1.35
2011.06.08 01:35:03.555,0.95428,0.95447,3.08,1.35
2011.06.08 01:35:04.536,0.95425,0.95446,3.83,1.35
2011.06.08 01:35:04.756,0.95421,0.95446,3.08,1.35
2011.06.08 01:35:04.866,0.95419,0.95443,3.83,1.35
2011.06.08 01:35:05.196,0.95419,0.95442,3.08,1.35
2011.06.08 01:35:05.635,0.95419,0.95445,3.83,2.85
2011.06.08 01:35:05.965,0.95422,0.95441,1.50,1.35
2011.06.08 01:35:06.636,0.95419,0.95441,3.08,1.35
2011.06.08 01:35:06.746,0.95419,0.95436,3.08,1.35
2011.06.08 01:35:06.966,0.95413,0.95436,3.08,1.35
2011.06.08 01:35:07.516,0.95414,0.95438,3.83,1.35
2011.06.08 01:35:07.846,0.95415,0.95437,1.50,1.35
2011.06.08 01:35:08.176,0.95415,0.95437,1.50,2.10
2011.06.08 01:35:08.511,0.95418,0.9544,3.08,1.35
2011.06.08 01:35:08.848,0.95415,0.95439,3.83,1.35
2011.06.08 01:35:09.286,0.95418,0.95439,3.08,1.35
2011.06.08 01:35:10.309,0.95418,0.95442,3.83,1.35
2011.06.08 01:35:10.427,0.9542,0.95442,3.08,1.35
2011.06.08 01:35:10.755,0.95426,0.95449,3.08,1.35
2011.06.08 01:35:10.865,0.95426,0.95449,3.08,1.35
2011.06.08 01:35:11.197,0.9543,0.95449,3.08,1.35
2011.06.08 01:35:11.416,0.9543,0.95454,3.08,1.35
2011.06.08 01:35:13.857,0.9543,0.9545,3.08,1.35
2011.06.08 01:35:14.322,0.95424,0.95445,3.08,1.35
2011.06.08 01:35:14.877,0.95423,0.95445,3.83,1.35
2011.06.08 01:35:15.095,0.95424,0.95447,3.08,1.35
2011.06.08 01:35:15.319,0.95424,0.95445,6.08,1.35
2011.06.08 01:35:15.537,0.95431,0.95452,3.08,1.35
2011.06.08 01:35:17.556,0.95429,0.95452,3.83,1.35
2011.06.08 01:35:20.126,0.9543,0.95451,3.83,1.35
2011.06.08 01:35:20.237,0.95426,0.95451,1.13,1.35
2011.06.08 01:35:20.348,0.95421,0.95446,3.83,1.35
2011.06.08 01:35:21.035,0.95421,0.95446,3.08,1.35
2011.06.08 01:35:23.355,0.95421,0.95446,3.08,1.35
2011.06.08 01:35:23.686,0.95425,0.95446,3.08,1.35
2011.06.08 01:35:23.907,0.95424,0.95446,3.08,1.35
2011.06.08 01:35:24.017,0.95423,0.95446,1.50,1.35
2011.06.08 01:35:24.347,0.95426,0.9545,3.83,1.35
2011.06.08 01:35:24.458,0.95428,0.9545,3.83,1.35
2011.06.08 01:35:24.675,0.9543,0.95454,3.08,1.35
2011.06.08 01:35:25.227,0.9543,0.95454,3.08,1.35
2011.06.08 01:35:25.896,0.9543,0.9546,3.68,1.50
2011.06.08 01:35:29.545,0.95432,0.95462,3.08,1.50
2011.06.08 01:35:29.655,0.95431,0.95462,3.68,1.50
2011.06.08 01:35:29.986,0.95431,0.95462,3.68,1.50
2011.06.08 01:35:30.205,0.95431,0.95462,3.68,1.50
2011.06.08 01:35:32.056,0.95426,0.95456,1.50,1.35
2011.06.08 01:35:32.276,0.95424,0.95454,3.08,1.50
2011.06.08 01:35:32.386,0.95421,0.95454,3.68,1.50
2011.06.08 01:35:32.605,0.95421,0.95455,5.18,2.25
2011.06.08 01:35:32.825,0.95421,0.95455,4.43,2.25
2011.06.08 01:35:34.055,0.9542,0.95448,3.83,1.35
2011.06.08 01:35:34.690,0.9542,0.95448,3.83,1.35
2011.06.08 01:35:35.246,0.95421,0.95448,3.08,1.35
2011.06.08 01:35:35.465,0.95421,0.95448,3.08,1.35
2011.06.08 01:35:36.446,0.95421,0.95448,3.08,1.35
2011.06.08 01:35:38.075,0.95421,0.95448,3.08,1.35
2011.06.08 01:35:39.294,0.95421,0.95448,3.08,1.35
2011.06.08 01:35:39.830,0.95423,0.95441,3.08,1.35
2011.06.08 01:35:40.170,0.9544,0.95454,3.83,1.50
2011.06.08 01:35:40.399,0.95437,0.9546,1.50,1.35
2011.06.08 01:35:40.518,0.95458,0.95475,3.08,1.50
2011.06.08 01:35:40.631,0.95458,0.95475,3.08,1.50
2011.06.08 01:35:40.968,0.95467,0.95492,2.63,3.83
2011.06.08 01:35:41.092,0.9547,0.95494,3.08,1.35
2011.06.08 01:35:41.210,0.9547,0.95494,3.30,1.35
2011.06.08 01:35:41.436,0.95471,0.95496,1.73,1.35
2011.06.08 01:35:41.766,0.95468,0.95494,1.73,1.35
2011.06.08 01:35:41.876,0.95471,0.95494,3.08,1.35
2011.06.08 01:35:41.988,0.95471,0.95498,4.20,1.35
2011.06.08 01:35:42.316,0.95482,0.95501,3.83,2.10
2011.06.08 01:35:42.866,0.95481,0.95505,3.08,2.10
2011.06.08 01:35:44.586,0.95481,0.95499,3.83,2.10
2011.06.08 01:35:44.916,0.95471,0.95497,4.80,1.35
2011.06.08 01:35:45.248,0.95472,0.95493,1.13,1.35
2011.06.08 01:35:45.816,0.95475,0.95498,3.83,1.35
2011.06.08 01:35:46.376,0.95476,0.95498,3.08,1.35
2011.06.08 01:35:46.706,0.95476,0.95499,5.93,1.35
2011.06.08 01:35:46.816,0.95479,0.95501,3.08,1.35
2011.06.08 01:35:47.146,0.95479,0.95504,3.08,1.35
2011.06.08 01:35:47.256,0.95479,0.95504,3.08,1.35
2011.06.08 01:35:49.575,0.9548,0.95505,3.08,1.35
2011.06.08 01:35:50.126,0.9548,0.95505,3.08,1.35
2011.06.08 01:35:50.676,0.95476,0.95498,2.85,1.35
2011.06.08 01:35:52.586,0.95473,0.95494,4.58,1.35
2011.06.08 01:35:52.916,0.95475,0.95494,3.08,1.35
2011.06.08 01:35:53.135,0.95475,0.95494,3.08,1.35
2011.06.08 01:35:53.466,0.95472,0.95494,3.08,1.35
2011.06.08 01:35:53.579,0.95472,0.9549,3.08,2.10
2011.06.08 01:35:53.686,0.95463,0.9549,1.50,2.10
2011.06.08 01:35:53.796,0.95461,0.95481,3.08,1.35
2011.06.08 01:35:54.346,0.95454,0.95476,3.08,1.35
2011.06.08 01:35:54.896,0.95454,0.95483,3.08,2.10
2011.06.08 01:35:55.006,0.95452,0.9548,3.08,1.35
2011.06.08 01:35:55.248,0.95452,0.95483,3.08,1.35
2011.06.08 01:35:55.469,0.95448,0.9548,3.08,2.48
2011.06.08 01:35:55.686,0.95445,0.95476,3.08,1.13
2011.06.08 01:35:56.017,0.95445,0.95477,4.58,1.35
2011.06.08 01:35:56.675,0.95448,0.95477,3.08,1.35
2011.06.08 01:35:57.667,0.95446,0.95477,3.08,1.35
2011.06.08 01:35:57.995,0.95446,0.95477,3.08,2.10
2011.06.08 01:35:58.215,0.95444,0.95477,3.08,2.85
2011.06.08 01:35:58.725,0.95441,0.95475,3.68,1.50
2011.06.08 01:35:58.836,0.95438,0.95472,4.43,1.35
2011.06.08 01:35:59.497,0.95439,0.95472,4.58,1.35
2011.06.08 01:35:59.828,0.95439,0.9547,3.83,1.13
2011.06.08 01:36:00.267,0.9544,0.95466,3.08,1.35
2011.06.08 01:36:00.488,0.95438,0.95464,3.08,1.35
2011.06.08 01:36:00.707,0.95432,0.95464,1.35,1.35
2011.06.08 01:36:01.147,0.9543,0.95462,4.43,1.13
2011.06.08 01:36:01.475,0.9543,0.9546,3.68,1.13
2011.06.08 01:36:02.026,0.95433,0.95463,3.08,1.50
2011.06.08 01:36:02.356,0.95435,0.95464,3.08,1.35
2011.06.08 01:36:02.686,0.95435,0.95464,3.08,1.35
2011.06.08 01:36:04.128,0.95434,0.95464,3.08,1.35
2011.06.08 01:36:04.675,0.95434,0.95464,3.08,1.35
2011.06.08 01:36:05.226,0.95433,0.95464,3.08,1.35
2011.06.08 01:36:06.206,0.95434,0.95466,1.50,1.35
2011.06.08 01:36:06.426,0.95439,0.9547,3.08,1.35
2011.06.08 01:36:06.975,0.95438,0.95471,3.08,2.85
2011.06.08 01:36:07.527,0.95436,0.95468,1.35,1.50
2011.06.08 01:36:08.075,0.95436,0.95467,1.35,1.50
2011.06.08 01:36:08.406,0.95433,0.95465,1.50,3.68
2011.06.08 01:36:08.626,0.9543,0.95462,1.35,3.83
2011.06.08 01:36:09.065,0.9543,0.95462,3.68,2.25
2011.06.08 01:36:09.652,0.9543,0.9546,3.83,2.48
2011.06.08 01:36:09.987,0.95421,0.9545,1.73,1.50
2011.06.08 01:36:10.536,0.95418,0.95447,1.50,1.35
2011.06.08 01:36:10.976,0.95427,0.95448,1.50,1.35
2011.06.08 01:36:11.093,0.95443,0.95454,1.50,2.25
2011.06.08 01:36:11.319,0.95448,0.95454,1.50,2.10
2011.06.08 01:36:11.647,0.95451,0.9547,3.08,2.85
2011.06.08 01:36:11.757,0.95451,0.95481,3.68,1.50
2011.06.08 01:36:12.087,0.95451,0.95481,4.43,1.50
2011.06.08 01:36:12.306,0.95456,0.95482,3.08,1.50
2011.06.08 01:36:12.416,0.95456,0.95482,3.08,1.50
2011.06.08 01:36:12.965,0.95456,0.95483,3.08,2.85
2011.06.08 01:36:13.077,0.95451,0.9548,1.35,1.50
2011.06.08 01:36:13.188,0.95451,0.95478,1.35,1.50
2011.06.08 01:36:13.296,0.95448,0.95476,1.50,1.35
2011.06.08 01:36:14.030,0.95444,0.95473,3.68,1.50
2011.06.08 01:36:14.247,0.95446,0.95478,2.10,1.50
2011.06.08 01:36:14.577,0.95447,0.9547,3.68,1.50
2011.06.08 01:36:14.687,0.95445,0.9547,1.50,1.50
2011.06.08 01:36:14.907,0.95441,0.9547,4.58,1.50
2011.06.08 01:36:15.126,0.95443,0.95472,1.50,1.50
2011.06.08 01:36:15.347,0.95444,0.95473,1.50,1.35
2011.06.08 01:36:15.566,0.95445,0.95477,5.55,1.50
2011.06.08 01:36:15.677,0.95449,0.95478,1.35,1.50
2011.06.08 01:36:16.227,0.95449,0.95482,4.43,1.50
2011.06.08 01:36:16.666,0.95451,0.9548,2.10,1.50
2011.06.08 01:36:17.106,0.95451,0.95478,2.10,1.50
2011.06.08 01:36:17.326,0.95451,0.95478,2.10,2.25
2011.06.08 01:36:17.945,0.95448,0.95478,2.25,2.10
2011.06.08 01:36:18.168,0.95448,0.95477,1.50,1.50
2011.06.08 01:36:19.967,0.95448,0.95476,1.50,1.13
2011.06.08 01:36:20.186,0.95441,0.95472,2.25,1.35
2011.06.08 01:36:20.406,0.95461,0.95475,1.50,3.08
2011.06.08 01:36:20.627,0.95461,0.95483,1.50,1.50
2011.06.08 01:36:20.957,0.9546,0.95482,3.08,1.50
2011.06.08 01:36:21.066,0.95456,0.95484,1.50,1.50
2011.06.08 01:36:21.397,0.95454,0.9548,3.08,1.35
2011.06.08 01:36:21.506,0.95452,0.9548,3.83,1.35
2011.06.08 01:36:22.055,0.95452,0.9548,3.83,1.35
2011.06.08 01:36:22.277,0.9545,0.9548,3.30,1.35
2011.06.08 01:36:22.592,0.9545,0.9548,3.83,1.35
2011.06.08 01:36:23.256,0.95449,0.9548,1.50,1.35
2011.06.08 01:36:29.827,0.95449,0.9548,1.50,1.35
2011.06.08 01:36:30.376,0.9545,0.9548,1.50,1.35
2011.06.08 01:36:30.926,0.9545,0.9548,1.50,1.35
2011.06.08 01:36:31.163,0.9545,0.9548,1.50,1.35
2011.06.08 01:36:34.005,0.9545,0.9548,1.50,2.10
2011.06.08 01:36:34.226,0.95446,0.95473,4.58,1.35
2011.06.08 01:36:34.446,0.95446,0.95473,1.50,1.35
2011.06.08 01:36:34.827,0.95446,0.95473,5.33,1.35
2011.06.08 01:36:35.075,0.95446,0.95473,5.33,1.35
2011.06.08 01:36:35.407,0.95451,0.95473,1.50,1.35
2011.06.08 01:36:35.517,0.95456,0.95473,1.50,1.35
2011.06.08 01:36:35.738,0.95454,0.95479,1.50,2.85
2011.06.08 01:36:36.066,0.95458,0.95484,1.50,1.35
2011.06.08 01:36:36.177,0.9546,0.95485,1.50,1.50
2011.06.08 01:36:36.287,0.95461,0.95485,1.50,1.50
2011.06.08 01:36:36.618,0.95461,0.95486,4.58,1.50
2011.06.08 01:36:37.389,0.95463,0.95486,1.50,1.50
2011.06.08 01:36:37.608,0.95458,0.95486,1.50,1.50
2011.06.08 01:36:37.827,0.95463,0.95487,1.50,1.50
2011.06.08 01:36:38.376,0.95462,0.95488,3.83,2.85
2011.06.08 01:36:39.233,0.9546,0.95486,3.83,1.50
2011.06.08 01:36:39.353,0.95458,0.95484,3.08,1.50
2011.06.08 01:36:39.469,0.95456,0.95484,3.08,1.50
2011.06.08 01:36:40.238,0.95455,0.95484,3.83,2.63
2011.06.08 01:36:40.566,0.95453,0.95484,3.83,3.38
2011.06.08 01:36:40.896,0.95455,0.95484,3.08,3.38
2011.06.08 01:36:41.336,0.95458,0.95481,3.08,2.63
2011.06.08 01:36:41.667,0.95456,0.95481,3.08,1.50
2011.06.08 01:36:41.887,0.95452,0.95481,1.50,1.50
2011.06.08 01:36:42.220,0.95454,0.95481,1.50,1.50
2011.06.08 01:36:42.666,0.95456,0.95477,1.50,1.50
2011.06.08 01:36:42.927,0.95454,0.95477,1.50,1.50
2011.06.08 01:36:43.041,0.95452,0.95477,1.50,1.50
2011.06.08 01:36:43.595,0.95453,0.95477,1.50,1.50
2011.06.08 01:36:44.148,0.95451,0.95478,1.50,1.50
2011.06.08 01:36:44.642,0.95451,0.95475,1.50,1.50
2011.06.08 01:36:44.760,0.95451,0.95475,1.50,1.50
2011.06.08 01:36:45.317,0.95447,0.95474,1.50,1.50
2011.06.08 01:36:45.647,0.95447,0.95474,1.50,3.38
2011.06.08 01:36:45.866,0.95447,0.95474,1.50,3.38
2011.06.08 01:36:45.977,0.95447,0.95474,1.50,3.38
2011.06.08 01:36:46.308,0.95449,0.95475,2.10,1.50
2011.06.08 01:36:46.658,0.95443,0.95469,1.50,1.35
2011.06.08 01:36:46.860,0.95442,0.95469,1.50,2.10
2011.06.08 01:36:47.047,0.95442,0.95467,1.50,1.50
2011.06.08 01:36:47.157,0.95442,0.95468,1.50,1.50
2011.06.08 01:36:47.268,0.95442,0.95468,1.50,1.50
2011.06.08 01:36:47.708,0.95445,0.95469,1.50,1.50
2011.06.08 01:36:48.255,0.95445,0.95469,1.50,1.50
2011.06.08 01:36:48.587,0.95445,0.95469,1.50,1.50
2011.06.08 01:36:49.136,0.95444,0.95471,1.50,1.50
2011.06.08 01:36:49.468,0.95443,0.95468,1.50,1.50
2011.06.08 01:36:49.686,0.95433,0.95461,3.83,1.35
2011.06.08 01:36:50.268,0.95436,0.95463,1.50,1.35
2011.06.08 01:36:50.487,0.95438,0.95466,1.50,4.58
2011.06.08 01:36:50.597,0.95438,0.95466,1.50,3.83
2011.06.08 01:36:50.926,0.95443,0.95469,1.50,2.10
2011.06.08 01:36:51.036,0.9544,0.95469,1.50,2.10
2011.06.08 01:36:51.257,0.95436,0.95466,1.50,1.50
2011.06.08 01:36:51.476,0.95434,0.95461,1.35,1.50
2011.06.08 01:36:51.806,0.95433,0.9546,3.83,1.50
2011.06.08 01:36:52.135,0.95431,0.9546,4.58,1.50
2011.06.08 01:36:52.246,0.95434,0.9546,1.50,1.50
2011.06.08 01:36:52.357,0.95439,0.9546,1.50,1.50
2011.06.08 01:36:52.686,0.95456,0.95472,1.50,1.50
2011.06.08 01:36:52.796,0.95456,0.95473,1.50,2.25
2011.06.08 01:36:53.017,0.95452,0.95473,1.50,1.50
2011.06.08 01:36:53.349,0.95458,0.95475,1.50,1.50
2011.06.08 01:36:53.461,0.95461,0.95478,1.50,1.50
2011.06.08 01:36:53.687,0.95461,0.95481,1.50,1.50
2011.06.08 01:36:54.457,0.95458,0.95478,4.43,1.50
2011.06.08 01:36:54.676,0.95455,0.95477,3.08,1.50
2011.06.08 01:36:54.786,0.95445,0.95477,5.93,1.50
2011.06.08 01:36:54.897,0.95445,0.95472,4.58,2.63
2011.06.08 01:36:55.116,0.95444,0.95473,3.08,2.10
2011.06.08 01:36:55.335,0.95444,0.95473,3.08,3.98
2011.06.08 01:36:55.446,0.95448,0.95473,3.08,3.38
2011.06.08 01:36:55.556,0.95443,0.95473,3.68,3.38
2011.06.08 01:36:56.216,0.95439,0.95471,2.10,4.58
2011.06.08 01:36:56.436,0.95443,0.95473,1.35,3.83
2011.06.08 01:36:56.546,0.95439,0.95473,1.50,4.43
2011.06.08 01:36:56.876,0.95449,0.95473,1.50,3.08
2011.06.08 01:36:57.566,0.9545,0.95474,1.50,3.83
2011.06.08 01:36:57.899,0.95438,0.95471,1.73,3.83
2011.06.08 01:36:58.017,0.95437,0.95471,4.05,4.58
2011.06.08 01:36:58.730,0.95438,0.95471,1.58,4.58
2011.06.08 01:36:58.844,0.95439,0.95471,1.35,4.58
2011.06.08 01:36:59.143,0.95438,0.95471,1.58,4.58
2011.06.08 01:36:59.655,0.9544,0.95471,3.08,1.50
2011.06.08 01:37:00.205,0.95438,0.9547,1.35,3.83
2011.06.08 01:37:00.755,0.95439,0.9547,1.35,1.50
2011.06.08 01:37:01.416,0.95439,0.95471,1.35,1.50
2011.06.08 01:37:01.965,0.95439,0.95473,4.43,3.98
2011.06.08 01:37:03.349,0.95448,0.95473,1.35,3.38
2011.06.08 01:37:03.688,0.9545,0.95475,1.50,1.50
2011.06.08 01:37:04.537,0.9545,0.95475,1.50,1.50
2011.06.08 01:37:05.146,0.9546,0.95478,1.50,1.50
2011.06.08 01:37:05.476,0.9546,0.95477,1.50,1.50
2011.06.08 01:37:05.696,0.95451,0.95477,1.50,1.50
2011.06.08 01:37:05.806,0.95459,0.95477,1.50,1.50
2011.06.08 01:37:05.916,0.95459,0.95481,1.50,1.50
2011.06.08 01:37:06.467,0.95459,0.95487,4.58,1.50
2011.06.08 01:37:07.815,0.95459,0.95484,1.50,1.50
2011.06.08 01:37:09.056,0.95458,0.95483,5.33,1.50
2011.06.08 01:37:11.435,0.95458,0.95483,5.33,1.50
2011.06.08 01:37:12.016,0.95459,0.95485,1.50,1.50
2011.06.08 01:37:12.928,0.95458,0.95485,5.33,1.50
2011.06.08 01:37:13.845,0.95459,0.95486,2.25,1.50
2011.06.08 01:37:14.175,0.95459,0.95485,1.50,1.50
2011.06.08 01:37:14.285,0.95459,0.95485,2.25,1.50
2011.06.08 01:37:17.465,0.95461,0.95487,4.58,1.50
2011.06.08 01:37:17.696,0.95461,0.95487,1.50,1.50
2011.06.08 01:37:18.199,0.95461,0.95488,1.50,1.50
2011.06.08 01:37:21.722,0.95461,0.95487,1.50,1.50
2011.06.08 01:37:21.835,0.95461,0.95487,1.50,1.50
2011.06.08 01:37:23.606,0.95462,0.95484,1.50,2.63
2011.06.08 01:37:23.715,0.95462,0.95487,1.50,1.50
2011.06.08 01:37:24.265,0.95462,0.95488,1.50,1.50
2011.06.08 01:37:24.816,0.95467,0.95489,3.08,1.50
2011.06.08 01:37:24.926,0.95464,0.95493,1.35,1.50
2011.06.08 01:37:25.257,0.95464,0.95491,2.10,1.50
2011.06.08 01:37:26.756,0.95464,0.95491,2.10,1.50
2011.06.08 01:37:27.086,0.95464,0.95491,1.35,1.50
2011.06.08 01:37:27.897,0.95462,0.95489,1.35,1.50
2011.06.08 01:37:28.008,0.95457,0.95483,2.10,3.83
2011.06.08 01:37:28.117,0.95454,0.95483,1.35,3.83
2011.06.08 01:37:28.229,0.95454,0.95485,1.35,3.83
2011.06.08 01:37:29.439,0.95451,0.95484,3.68,2.63
2011.06.08 01:37:31.855,0.95449,0.9548,2.10,1.50
2011.06.08 01:37:32.737,0.95449,0.95474,1.35,1.13
2011.06.08 01:37:33.287,0.95449,0.95474,1.35,2.63
2011.06.08 01:37:34.386,0.9545,0.95474,1.35,2.63
2011.06.08 01:37:34.645,0.95449,0.95473,1.35,1.50
2011.06.08 01:37:34.876,0.95448,0.95473,4.43,1.50
2011.06.08 01:37:36.594,0.95448,0.95474,5.18,2.63
2011.06.08 01:37:36.815,0.95448,0.95474,5.18,2.63
2011.06.08 01:37:39.057,0.9545,0.95474,1.50,6.45
2011.06.08 01:37:39.276,0.95448,0.95474,2.10,2.63
2011.06.08 01:37:40.267,0.95449,0.95477,1.50,1.50
2011.06.08 01:37:40.816,0.95448,0.95479,1.35,4.58
2011.06.08 01:37:40.926,0.95449,0.95476,1.50,3.83
2011.06.08 01:37:41.586,0.95452,0.95481,1.35,2.25
2011.06.08 01:37:42.238,0.95452,0.95481,1.35,1.50
2011.06.08 01:37:43.586,0.95452,0.95481,1.35,1.50
2011.06.08 01:37:44.955,0.95452,0.95482,1.35,1.50
2011.06.08 01:37:45.376,0.95452,0.95482,1.35,1.50
2011.06.08 01:37:46.365,0.95452,0.95483,1.35,1.50
2011.06.08 01:37:46.584,0.95452,0.95482,1.35,1.50
2011.06.08 01:37:47.237,0.95452,0.95482,1.35,1.50
2011.06.08 01:37:47.456,0.95452,0.95482,1.35,1.50
2011.06.08 01:37:47.566,0.95452,0.95482,1.35,1.50
2011.06.08 01:37:47.897,0.95452,0.95482,1.73,1.50
2011.06.08 01:37:49.118,0.95452,0.95482,1.35,1.50
2011.06.08 01:37:49.445,0.95452,0.95481,1.35,3.83
2011.06.08 01:37:50.217,0.95457,0.95482,1.50,4.58
2011.06.08 01:37:50.877,0.95457,0.9548,1.50,3.83
2011.06.08 01:37:52.846,0.95452,0.95481,3.68,2.25
2011.06.08 01:37:53.065,0.95452,0.95482,4.43,1.50
2011.06.08 01:37:55.333,0.95453,0.95483,1.88,2.25
2011.06.08 01:37:55.626,0.95453,0.95483,1.88,2.25
2011.06.08 01:37:57.257,0.95453,0.95483,1.88,2.63
2011.06.08 01:37:57.476,0.95453,0.95483,1.88,1.88
2011.06.08 01:37:58.193,0.95453,0.95483,1.88,1.88
2011.06.08 01:37:58.636,0.95453,0.95481,1.50,1.50
2011.06.08 01:38:00.125,0.95453,0.9548,1.50,1.50
2011.06.08 01:38:04.216,0.95454,0.95481,1.50,1.50
2011.06.08 01:38:05.216,0.95454,0.95484,1.50,2.25
2011.06.08 01:38:07.805,0.95455,0.95483,1.50,1.50
2011.06.08 01:38:08.137,0.95455,0.95483,1.50,1.50
2011.06.08 01:38:10.327,0.95456,0.95486,4.95,1.35
2011.06.08 01:38:10.766,0.9545,0.95484,4.43,4.43
2011.06.08 01:38:11.096,0.95447,0.9548,1.88,1.35
2011.06.08 01:38:11.426,0.95446,0.95477,1.35,3.83
2011.06.08 01:38:12.635,0.95444,0.95475,4.20,1.35
2011.06.08 01:38:13.185,0.95445,0.95476,1.50,1.35
2011.06.08 01:38:13.846,0.95446,0.95478,1.13,4.43
2011.06.08 01:38:14.420,0.95445,0.95476,1.50,1.35
2011.06.08 01:38:14.746,0.95439,0.95471,1.50,4.43
2011.06.08 01:38:15.116,0.9544,0.95471,1.13,3.68
2011.06.08 01:38:15.337,0.95441,0.95474,3.83,1.35
2011.06.08 01:38:15.558,0.95446,0.95478,4.58,2.85
2011.06.08 01:38:15.665,0.95446,0.95479,4.58,1.35
2011.06.08 01:38:16.217,0.95452,0.95483,3.45,2.85
2011.06.08 01:38:16.328,0.95453,0.95485,1.50,1.35
2011.06.08 01:38:16.877,0.95454,0.95486,3.83,1.35
2011.06.08 01:38:17.647,0.95454,0.95484,3.83,1.73
2011.06.08 01:38:18.087,0.95451,0.95482,1.50,3.68
2011.06.08 01:38:18.617,0.95451,0.95482,1.13,3.08
2011.06.08 01:38:19.475,0.95451,0.95484,1.13,1.73
2011.06.08 01:38:19.696,0.95455,0.95485,1.35,3.08
2011.06.08 01:38:19.806,0.95457,0.95489,1.13,1.35
2011.06.08 01:38:20.135,0.9546,0.95492,4.80,1.13
2011.06.08 01:38:20.246,0.9546,0.95495,4.80,1.35
2011.06.08 01:38:22.424,0.95463,0.95496,3.45,1.35
2011.06.08 01:38:22.876,0.95464,0.95497,3.83,1.35
2011.06.08 01:38:23.208,0.9547,0.95502,1.13,2.10
2011.06.08 01:38:23.428,0.9547,0.95504,1.13,4.43
2011.06.08 01:38:24.195,0.95471,0.95504,1.13,4.43
2011.06.08 01:38:24.680,0.95471,0.95504,1.13,4.43
2011.06.08 01:38:25.065,0.95471,0.955,1.13,3.08
2011.06.08 01:38:25.176,0.95471,0.95504,4.20,1.35
2011.06.08 01:38:25.396,0.95471,0.95504,3.45,1.35
2011.06.08 01:38:25.888,0.95471,0.95505,3.45,4.58
2011.06.08 01:38:27.806,0.95471,0.95505,3.45,3.08
2011.06.08 01:38:27.929,0.95471,0.95505,3.45,3.08
2011.06.08 01:38:28.476,0.95472,0.95502,1.13,3.08
2011.06.08 01:38:29.025,0.95467,0.95502,1.13,4.58
2011.06.08 01:38:29.355,0.95467,0.95498,1.13,3.08
2011.06.08 01:38:32.976,0.95467,0.95501,1.13,3.08
2011.06.08 01:38:33.637,0.95467,0.95501,1.13,3.08
2011.06.08 01:38:37.417,0.95465,0.95493,1.13,3.68
2011.06.08 01:38:37.966,0.95466,0.95497,1.13,3.68
2011.06.08 01:38:38.407,0.95466,0.95494,1.13,3.08
2011.06.08 01:38:38.956,0.95466,0.95497,1.13,3.68
2011.06.08 01:38:40.656,0.95465,0.95499,3.83,1.88
2011.06.08 01:38:40.767,0.95465,0.95496,1.50,3.08
2011.06.08 01:38:42.776,0.95465,0.95496,1.73,3.08
2011.06.08 01:38:42.886,0.95465,0.95499,4.80,3.08
2011.06.08 01:38:43.108,0.95472,0.95506,3.08,4.43
2011.06.08 01:38:43.504,0.95472,0.95506,3.83,3.08
2011.06.08 01:38:44.090,0.95476,0.95506,1.13,3.08
2011.06.08 01:38:45.198,0.95476,0.95505,1.13,3.08
2011.06.08 01:38:45.855,0.95476,0.95504,1.13,3.08
2011.06.08 01:38:46.186,0.95482,0.95504,1.50,3.08
2011.06.08 01:38:46.407,0.95487,0.95515,1.35,1.35
2011.06.08 01:38:46.518,0.9549,0.95515,1.50,1.35
2011.06.08 01:38:46.738,0.9549,0.95522,1.73,1.73
2011.06.08 01:38:47.747,0.95488,0.9552,4.43,1.13
2011.06.08 01:38:48.076,0.95481,0.95507,3.30,1.35
2011.06.08 01:38:48.185,0.95481,0.95507,3.08,1.35
2011.06.08 01:38:48.296,0.95476,0.95507,3.45,1.35
2011.06.08 01:38:48.406,0.95476,0.95506,3.45,2.10
2011.06.08 01:38:48.516,0.95473,0.95506,3.45,2.10
2011.06.08 01:38:49.162,0.95471,0.95505,1.73,3.08
2011.06.08 01:38:49.276,0.95471,0.95505,2.10,3.08
2011.06.08 01:38:49.825,0.95475,0.95504,1.13,3.08
2011.06.08 01:38:51.626,0.95474,0.95502,1.13,3.08
2011.06.08 01:38:51.845,0.95472,0.95502,1.35,3.08
2011.06.08 01:38:52.226,0.95472,0.95504,1.35,3.08
2011.06.08 01:38:52.667,0.95473,0.95509,3.83,4.43
2011.06.08 01:38:53.215,0.95476,0.9551,4.58,3.68
2011.06.08 01:38:53.660,0.95476,0.95509,3.83,1.35
2011.06.08 01:38:53.778,0.95479,0.9551,2.25,3.08
2011.06.08 01:38:54.107,0.95478,0.95512,4.58,3.08
2011.06.08 01:38:54.218,0.95479,0.95512,1.13,3.08
2011.06.08 01:38:54.436,0.95484,0.95517,1.50,1.50
2011.06.08 01:38:56.216,0.95483,0.95517,4.58,2.25
2011.06.08 01:38:56.658,0.95488,0.95519,1.35,3.83
2011.06.08 01:38:56.985,0.95488,0.95514,1.35,1.50
2011.06.08 01:39:01.346,0.95488,0.95514,1.35,1.50
2011.06.08 01:39:05.637,0.95494,0.9552,1.88,1.35
2011.06.08 01:39:05.748,0.95502,0.95531,3.83,2.25
2011.06.08 01:39:06.297,0.95503,0.95533,3.83,1.35
2011.06.08 01:39:06.515,0.95503,0.95532,3.83,1.35
2011.06.08 01:39:06.745,0.95503,0.95532,3.83,1.35
2011.06.08 01:39:07.566,0.95503,0.95532,3.83,2.10
2011.06.08 01:39:07.898,0.95503,0.95528,3.83,1.50
2011.06.08 01:39:08.006,0.95492,0.95527,2.25,4.43
2011.06.08 01:39:09.508,0.95494,0.95525,1.50,2.10
2011.06.08 01:39:09.912,0.95498,0.95529,3.83,2.10
2011.06.08 01:39:10.497,0.95501,0.95529,3.83,1.35
2011.06.08 01:39:11.308,0.95499,0.95529,4.58,1.35
2011.06.08 01:39:11.835,0.955,0.9553,3.83,1.35
2011.06.08 01:39:12.389,0.95499,0.95523,1.50,2.10
2011.06.08 01:39:12.496,0.95492,0.95523,1.73,2.10
2011.06.08 01:39:12.607,0.95492,0.95523,1.50,2.85
2011.06.08 01:39:12.717,0.95492,0.95521,1.50,1.35
2011.06.08 01:39:13.046,0.95488,0.95515,1.50,1.50
2011.06.08 01:39:13.596,0.9549,0.95515,1.13,1.50
2011.06.08 01:39:14.146,0.9549,0.95515,1.13,1.50
2011.06.08 01:39:14.476,0.95488,0.95515,4.80,1.50
2011.06.08 01:39:14.696,0.95488,0.95515,1.73,4.58
2011.06.08 01:39:15.268,0.95493,0.95514,3.08,1.50
2011.06.08 01:39:15.709,0.95493,0.95513,3.08,1.50
2011.06.08 01:39:15.817,0.95491,0.9551,3.08,2.25
2011.06.08 01:39:15.927,0.95482,0.9551,1.35,2.25
2011.06.08 01:39:16.039,0.95478,0.95509,1.13,1.35
2011.06.08 01:39:16.255,0.95478,0.95507,1.13,1.50
2011.06.08 01:39:16.477,0.95475,0.95505,1.35,1.50
2011.06.08 01:39:16.917,0.95487,0.95507,1.50,3.83
2011.06.08 01:39:17.247,0.95496,0.95521,1.50,1.50
2011.06.08 01:39:17.577,0.95499,0.95524,4.43,1.50
2011.06.08 01:39:17.796,0.95499,0.95527,4.43,1.50
2011.06.08 01:39:17.906,0.95499,0.95527,3.68,1.50
2011.06.08 01:39:18.457,0.95497,0.95521,4.20,1.50
2011.06.08 01:39:18.568,0.95491,0.95518,1.73,1.50
2011.06.08 01:39:18.679,0.95486,0.9551,5.18,1.50
2011.06.08 01:39:18.789,0.95486,0.9551,1.35,1.50
2011.06.08 01:39:19.116,0.95478,0.95505,1.50,1.50
2011.06.08 01:39:20.350,0.9548,0.9551,4.43,1.50
2011.06.08 01:39:20.467,0.95481,0.9551,2.10,1.50
2011.06.08 01:39:20.687,0.95486,0.95515,1.35,1.50
2011.06.08 01:39:21.016,0.95486,0.95515,2.10,1.50
2011.06.08 01:39:23.175,0.95486,0.95515,2.10,1.50
2011.06.08 01:39:23.397,0.95486,0.9551,2.10,1.50
2011.06.08 01:39:23.726,0.9548,0.95505,1.35,1.50
2011.06.08 01:39:24.166,0.9548,0.95505,1.35,1.50
2011.06.08 01:39:24.736,0.9548,0.95506,1.35,1.50
2011.06.08 01:39:25.616,0.95484,0.95506,2.85,1.50
2011.06.08 01:39:25.976,0.95494,0.95522,3.83,1.50
2011.06.08 01:39:26.093,0.95497,0.95525,4.43,1.50
2011.06.08 01:39:26.211,0.95504,0.95529,1.35,2.25
2011.06.08 01:39:26.438,0.95493,0.95521,1.50,1.35
2011.06.08 01:39:26.878,0.95488,0.95513,3.68,1.50
2011.06.08 01:39:26.988,0.95488,0.95508,3.08,1.50
2011.06.08 01:39:27.096,0.9548,0.95504,5.18,1.50
2011.06.08 01:39:27.758,0.9548,0.95504,5.40,1.50
2011.06.08 01:39:28.419,0.95487,0.95504,4.43,1.50
2011.06.08 01:39:28.537,0.95487,0.95508,1.35,1.50
2011.06.08 01:39:28.648,0.95487,0.95508,1.35,1.50
2011.06.08 01:39:28.756,0.95487,0.95518,1.35,1.50
2011.06.08 01:39:28.867,0.95485,0.95519,1.35,1.50
2011.06.08 01:39:30.117,0.95482,0.95516,2.48,3.68
2011.06.08 01:39:30.447,0.95482,0.95505,1.50,1.50
2011.06.08 01:39:30.667,0.95481,0.95505,1.35,1.50
2011.06.08 01:39:31.252,0.95478,0.95502,1.50,1.50
2011.06.08 01:39:31.369,0.95478,0.95502,1.50,1.50
2011.06.08 01:39:31.698,0.95478,0.95501,1.50,1.50
2011.06.08 01:39:32.029,0.95478,0.95501,1.50,1.50
2011.06.08 01:39:32.245,0.95478,0.95501,1.50,1.50
2011.06.08 01:39:32.467,0.9548,0.95502,1.50,1.50
2011.06.08 01:39:32.776,0.95479,0.95502,1.50,1.50
2011.06.08 01:39:33.107,0.95474,0.95503,4.58,1.50
2011.06.08 01:39:33.546,0.95477,0.95507,2.10,1.50
2011.06.08 01:39:33.767,0.95477,0.95507,2.10,1.50
2011.06.08 01:39:35.050,0.95479,0.95503,1.50,1.50
2011.06.08 01:39:35.495,0.95479,0.95504,1.50,1.50
2011.06.08 01:39:35.716,0.95481,0.95504,1.50,1.50
2011.06.08 01:39:36.906,0.95479,0.95504,4.58,1.50
2011.06.08 01:39:37.236,0.95479,0.95504,1.50,1.50
2011.06.08 01:39:39.267,0.95477,0.95508,1.58,1.50
2011.06.08 01:39:39.597,0.95485,0.95511,1.35,3.08
2011.06.08 01:39:39.815,0.95485,0.95516,1.35,5.33
2011.06.08 01:39:40.424,0.95485,0.95515,1.35,1.50
2011.06.08 01:39:45.315,0.95485,0.95514,1.35,1.50
2011.06.08 01:39:45.866,0.95485,0.95515,1.35,1.50
2011.06.08 01:39:47.556,0.95483,0.95514,1.35,2.85
2011.06.08 01:39:47.667,0.95482,0.95509,2.63,1.35
2011.06.08 01:39:47.887,0.95483,0.95515,1.35,4.43
2011.06.08 01:39:48.856,0.95483,0.95515,1.73,4.43
2011.06.08 01:39:49.406,0.95483,0.95515,1.73,3.68
2011.06.08 01:39:49.734,0.95483,0.95515,1.73,4.43
2011.06.08 01:39:51.496,0.95483,0.95514,1.35,1.13
2011.06.08 01:39:52.046,0.95482,0.95511,1.35,3.08
2011.06.08 01:39:52.266,0.95482,0.95514,1.35,3.83
2011.06.08 01:39:53.477,0.95482,0.95509,1.35,3.08
2011.06.08 01:39:53.586,0.95477,0.95509,1.73,3.68
2011.06.08 01:39:54.027,0.95482,0.95513,1.50,4.43
2011.06.08 01:39:54.796,0.9548,0.95513,1.50,4.05
2011.06.08 01:39:55.015,0.95477,0.95507,1.50,3.68
2011.06.08 01:39:55.631,0.95477,0.95506,1.50,3.08
2011.06.08 01:39:55.749,0.95479,0.95506,1.50,3.83
2011.06.08 01:39:56.077,0.95493,0.95506,1.50,3.83
2011.06.08 01:39:56.297,0.95494,0.95519,1.50,2.85
2011.06.08 01:39:56.846,0.95495,0.95523,1.50,1.50
2011.06.08 01:39:56.956,0.95495,0.95523,1.50,1.50
2011.06.08 01:39:58.787,0.95496,0.95524,1.50,3.68
2011.06.08 01:39:59.116,0.95497,0.95529,4.43,1.50
2011.06.08 01:39:59.336,0.95497,0.95528,4.43,1.50
2011.06.08 01:40:00.185,0.95497,0.95528,4.43,1.50
2011.06.08 01:40:00.517,0.95496,0.95524,1.50,1.35
2011.06.08 01:40:01.946,0.95496,0.95524,1.50,3.68
2011.06.08 01:40:02.167,0.95492,0.95524,1.35,4.43
2011.06.08 01:40:02.716,0.95492,0.95522,1.35,1.50
2011.06.08 01:40:02.825,0.9549,0.95521,3.83,1.35
2011.06.08 01:40:03.155,0.9549,0.95521,3.83,2.10
2011.06.08 01:40:03.789,0.9549,0.95521,3.83,1.35
2011.06.08 01:40:05.537,0.95486,0.95519,1.50,3.68
2011.06.08 01:40:05.648,0.95485,0.95515,3.83,1.35
2011.06.08 01:40:10.825,0.95485,0.95516,3.83,1.35
2011.06.08 01:40:14.126,0.95487,0.95516,1.50,1.35
2011.06.08 01:40:19.696,0.95482,0.95515,4.58,2.10
2011.06.08 01:40:20.247,0.95481,0.95514,1.35,3.08
2011.06.08 01:40:20.358,0.95481,0.95514,1.35,3.08
2011.06.08 01:40:20.469,0.95481,0.95509,1.35,3.08
2011.06.08 01:40:20.587,0.95481,0.95513,1.35,3.08
2011.06.08 01:40:23.119,0.95481,0.95509,1.35,1.13
2011.06.08 01:40:23.666,0.95476,0.95506,1.50,3.08
2011.06.08 01:40:23.997,0.95477,0.95507,1.50,4.43
2011.06.08 01:40:24.676,0.95476,0.9551,1.50,4.05
2011.06.08 01:40:24.897,0.95479,0.9551,1.35,3.83
2011.06.08 01:40:25.934,0.95481,0.95515,4.58,3.68
2011.06.08 01:40:26.766,0.95482,0.95516,3.83,1.35
2011.06.08 01:40:26.987,0.95482,0.95516,3.83,1.35
2011.06.08 01:40:27.316,0.95482,0.95516,4.58,1.35
2011.06.08 01:40:28.106,0.95482,0.95516,1.50,4.43
2011.06.08 01:40:28.326,0.95484,0.95516,1.35,4.43
2011.06.08 01:40:29.526,0.95484,0.95516,1.35,4.43
2011.06.08 01:40:30.196,0.95484,0.95516,1.35,1.35
2011.06.08 01:40:30.856,0.95484,0.95517,1.35,4.43
2011.06.08 01:40:31.186,0.95486,0.95517,1.50,4.43
2011.06.08 01:40:31.657,0.95484,0.95516,1.35,1.35
2011.06.08 01:40:32.296,0.95484,0.95515,1.35,3.08
2011.06.08 01:40:32.516,0.95482,0.95513,1.50,3.68
2011.06.08 01:40:33.116,0.95481,0.95515,4.58,1.73
2011.06.08 01:40:33.666,0.95478,0.95513,1.35,3.68
2011.06.08 01:40:34.708,0.95476,0.95508,3.83,1.35
2011.06.08 01:40:34.816,0.95472,0.95508,4.43,4.43
2011.06.08 01:40:35.147,0.95472,0.95506,5.18,1.35
2011.06.08 01:40:35.257,0.95472,0.95503,1.35,1.50
2011.06.08 01:40:35.698,0.95468,0.95502,4.05,2.10
2011.06.08 01:40:35.916,0.95466,0.955,3.83,3.83
2011.06.08 01:40:36.600,0.95466,0.95498,3.83,1.35
2011.06.08 01:40:38.353,0.9548,0.95501,3.83,1.35
2011.06.08 01:40:38.577,0.9547,0.95501,1.50,3.68
2011.06.08 01:40:38.919,0.95475,0.95505,3.83,1.35
2011.06.08 01:40:39.246,0.95476,0.95509,1.35,3.83
2011.06.08 01:40:39.356,0.95473,0.95506,5.55,1.35
2011.06.08 01:40:39.466,0.95473,0.95504,4.80,1.35
2011.06.08 01:40:41.116,0.95474,0.95504,1.73,1.35
2011.06.08 01:40:45.828,0.95484,0.95507,1.50,3.08
2011.06.08 01:40:45.938,0.95484,0.9551,1.50,1.35
2011.06.08 01:40:46.691,0.95484,0.9551,1.50,1.35
2011.06.08 01:40:47.796,0.95479,0.95507,1.73,3.83
2011.06.08 01:40:48.787,0.95477,0.95508,2.10,3.08
2011.06.08 01:40:48.896,0.95477,0.95512,5.18,1.35
2011.06.08 01:40:51.085,0.95479,0.9551,4.05,1.35
2011.06.08 01:40:54.136,0.95479,0.95507,4.05,1.50
2011.06.08 01:40:56.416,0.95478,0.95507,4.05,1.50
2011.06.08 01:40:57.086,0.95478,0.95509,4.05,1.50
2011.06.08 01:41:03.316,0.9548,0.95509,3.83,1.50
2011.06.08 01:41:04.736,0.95479,0.95509,4.05,1.50
2011.06.08 01:41:06.497,0.95478,0.95508,5.18,1.50
2011.06.08 01:41:06.997,0.95478,0.95508,4.80,1.50
2011.06.08 01:41:07.436,0.95478,0.95507,1.73,1.50
2011.06.08 01:41:07.548,0.95476,0.95499,1.73,1.50
2011.06.08 01:41:07.657,0.95471,0.95499,4.43,1.50
2011.06.08 01:41:08.318,0.95471,0.95496,1.35,1.50
2011.06.08 01:41:08.646,0.95471,0.95499,1.35,2.25
2011.06.08 01:41:09.567,0.95471,0.95496,1.35,1.50
2011.06.08 01:41:09.897,0.95471,0.95498,1.35,1.50
2011.06.08 01:41:10.225,0.95471,0.95496,1.35,1.50
2011.06.08 01:41:10.335,0.95471,0.95496,1.35,1.50
2011.06.08 01:41:14.331,0.95471,0.95496,1.35,1.50
2011.06.08 01:41:14.885,0.95471,0.95496,1.35,2.25
2011.06.08 01:41:14.995,0.95471,0.95495,1.35,1.50
2011.06.08 01:41:17.375,0.95471,0.95496,1.35,1.50
2011.06.08 01:41:17.815,0.95471,0.95502,1.35,3.83
2011.06.08 01:41:19.016,0.95471,0.95502,1.35,3.83
2011.06.08 01:41:19.235,0.95471,0.95502,1.35,3.83
2011.06.08 01:41:19.455,0.95471,0.95501,1.35,3.83
2011.06.08 01:41:19.675,0.95471,0.95503,1.35,4.43
2011.06.08 01:41:20.227,0.95473,0.95497,3.83,1.35
2011.06.08 01:41:20.777,0.95474,0.95499,1.50,3.08
2011.06.08 01:41:20.887,0.95474,0.95503,1.50,1.35
2011.06.08 01:41:21.107,0.95474,0.95503,1.50,1.35
2011.06.08 01:41:21.656,0.95474,0.95504,1.50,1.35
2011.06.08 01:41:24.860,0.95474,0.95505,1.50,1.35
2011.06.08 01:41:26.906,0.95474,0.95505,1.50,4.43
2011.06.08 01:41:27.126,0.95473,0.95503,1.73,1.35
2011.06.08 01:41:29.556,0.95474,0.95505,1.50,1.35
2011.06.08 01:41:40.165,0.95476,0.95506,1.35,3.83
2011.06.08 01:41:53.547,0.95476,0.95506,1.35,3.83
2011.06.08 01:41:55.628,0.95472,0.95501,4.80,1.73
2011.06.08 01:41:55.848,0.95471,0.955,1.50,1.13
2011.06.08 01:41:56.398,0.95475,0.95503,1.35,3.83
2011.06.08 01:41:56.727,0.95475,0.95508,4.65,1.50
2011.06.08 01:41:56.946,0.95475,0.95507,4.65,1.50
2011.06.08 01:41:57.495,0.95476,0.95507,2.85,1.50
2011.06.08 01:41:58.317,0.95476,0.95507,2.63,4.58
2011.06.08 01:42:00.106,0.95472,0.95505,1.73,2.10
2011.06.08 01:42:00.326,0.95471,0.95501,1.50,3.08
2011.06.08 01:42:00.437,0.95472,0.95503,3.83,1.50
2011.06.08 01:42:00.766,0.95471,0.95504,4.05,1.35
2011.06.08 01:42:00.877,0.95472,0.95505,3.83,1.35
2011.06.08 01:42:01.096,0.95474,0.95504,3.83,1.35
2011.06.08 01:42:03.846,0.95478,0.9551,1.35,4.95
2011.06.08 01:42:04.065,0.95478,0.9551,1.35,1.50
2011.06.08 01:42:04.288,0.95478,0.95512,4.65,2.10
2011.06.08 01:42:04.727,0.95484,0.95513,1.35,3.83
2011.06.08 01:42:05.317,0.95479,0.95512,4.80,1.35
2011.06.08 01:42:07.225,0.95479,0.95512,4.80,1.35
2011.06.08 01:42:07.777,0.95477,0.95507,2.85,1.35
2011.06.08 01:42:07.886,0.95477,0.95509,2.10,2.48
2011.06.08 01:42:08.107,0.95476,0.95509,3.83,1.73
2011.06.08 01:42:08.876,0.95472,0.95505,4.43,1.35
2011.06.08 01:42:09.096,0.95469,0.95504,1.73,3.68
2011.06.08 01:42:09.206,0.95472,0.95504,1.35,3.08
2011.06.08 01:42:09.426,0.95473,0.95507,3.68,4.43
2011.06.08 01:42:09.647,0.95473,0.95507,3.68,3.83
2011.06.08 01:42:09.976,0.95479,0.95513,4.65,4.43
2011.06.08 01:42:13.770,0.95479,0.95513,4.65,3.68
2011.06.08 01:42:19.347,0.95479,0.95513,4.43,4.05
2011.06.08 01:42:19.856,0.95479,0.95511,1.35,4.05
2011.06.08 01:42:19.966,0.95479,0.95507,1.35,3.08
2011.06.08 01:42:20.186,0.95472,0.95506,4.65,3.68
2011.06.08 01:42:20.406,0.95472,0.95506,4.65,4.05
2011.06.08 01:42:20.736,0.95472,0.95504,1.35,3.08
2011.06.08 01:42:21.066,0.9547,0.95502,3.83,1.73
2011.06.08 01:42:21.395,0.95468,0.95498,1.35,3.08
2011.06.08 01:42:21.947,0.95468,0.95499,1.35,3.08
2011.06.08 01:42:23.168,0.95468,0.95495,1.35,1.50
2011.06.08 01:42:23.496,0.95468,0.95492,1.35,1.50
2011.06.08 01:42:23.716,0.95468,0.95493,1.35,1.50
2011.06.08 01:42:23.827,0.95468,0.95493,1.35,1.50
2011.06.08 01:42:24.046,0.95462,0.95494,1.58,2.10
2011.06.08 01:42:24.596,0.95467,0.95494,2.63,2.10
2011.06.08 01:42:25.226,0.95467,0.95494,2.63,2.10
2011.06.08 01:42:25.337,0.95469,0.95499,1.35,1.50
2011.06.08 01:42:25.447,0.95469,0.955,1.35,1.50
2011.06.08 01:42:25.556,0.95469,0.955,1.35,1.50
2011.06.08 01:42:27.937,0.95467,0.95495,2.63,3.68
2011.06.08 01:42:28.445,0.95461,0.95493,2.33,1.35
2011.06.08 01:42:28.666,0.95461,0.95493,2.10,2.10
2011.06.08 01:42:28.775,0.95461,0.95493,1.35,2.85
2011.06.08 01:42:29.106,0.95461,0.95488,1.35,1.50
2011.06.08 01:42:29.546,0.95464,0.95493,1.13,1.35
2011.06.08 01:42:29.657,0.95469,0.95499,3.83,1.35
2011.06.08 01:42:30.095,0.95471,0.95499,3.83,1.35
2011.06.08 01:42:30.426,0.95478,0.955,1.50,2.10
2011.06.08 01:42:30.815,0.95486,0.955,3.83,2.10
2011.06.08 01:42:31.147,0.95489,0.955,3.83,1.50
2011.06.08 01:42:31.478,0.95486,0.955,3.83,2.10
2011.06.08 01:42:31.808,0.95477,0.955,2.63,2.10
2011.06.08 01:42:32.029,0.95477,0.955,2.63,2.85
2011.06.08 01:42:32.467,0.95477,0.95503,2.63,1.50
2011.06.08 01:42:32.577,0.95477,0.95503,2.63,1.50
2011.06.08 01:42:32.687,0.95474,0.95501,1.50,1.50
2011.06.08 01:42:32.907,0.95461,0.95488,1.35,1.50
2011.06.08 01:42:33.018,0.95462,0.95489,3.83,1.50
2011.06.08 01:42:33.347,0.95461,0.95489,1.35,1.50
2011.06.08 01:42:33.676,0.95461,0.95482,1.35,1.50
2011.06.08 01:42:33.786,0.95461,0.95482,1.35,1.50
2011.06.08 01:42:34.358,0.95462,0.95488,3.08,1.50
2011.06.08 01:42:34.467,0.95466,0.95488,1.35,1.50
2011.06.08 01:42:38.106,0.95466,0.95489,1.35,1.50
2011.06.08 01:42:39.427,0.95466,0.95493,1.35,1.50
2011.06.08 01:42:39.975,0.95466,0.95493,4.43,1.50
2011.06.08 01:42:42.946,0.95466,0.95493,4.43,1.50
2011.06.08 01:42:43.389,0.9547,0.95498,3.83,1.35
2011.06.08 01:42:43.497,0.9547,0.95498,3.83,1.35
2011.06.08 01:42:44.818,0.95471,0.95505,4.43,4.43
2011.06.08 01:42:44.928,0.95472,0.95505,1.50,4.43
2011.06.08 01:42:56.328,0.95474,0.95505,3.83,1.35
2011.06.08 01:42:56.766,0.95471,0.95505,4.43,5.18
2011.06.08 01:42:57.317,0.95471,0.95505,1.35,2.85
2011.06.08 01:42:57.868,0.9547,0.95503,3.83,2.48
2011.06.08 01:43:01.606,0.9547,0.95504,3.83,3.68
2011.06.08 01:43:01.827,0.95472,0.95506,1.35,4.43
2011.06.08 01:43:02.157,0.95475,0.95509,3.83,3.68
2011.06.08 01:43:03.225,0.95475,0.95509,3.83,3.68
2011.06.08 01:43:04.207,0.95472,0.95505,1.35,1.35
2011.06.08 01:43:04.537,0.9547,0.95505,3.83,3.23
2011.06.08 01:43:04.888,0.9547,0.95503,3.83,1.73
2011.06.08 01:43:07.027,0.95466,0.955,3.83,4.43
2011.06.08 01:43:07.357,0.95471,0.95504,1.35,3.45
2011.06.08 01:43:07.466,0.95471,0.95504,1.35,3.45
2011.06.08 01:43:07.795,0.95471,0.95504,1.35,3.45
2011.06.08 01:43:08.996,0.95471,0.95504,1.35,3.08
2011.06.08 01:43:09.216,0.95471,0.95505,4.43,4.80
2011.06.08 01:43:09.826,0.95471,0.95505,4.43,4.80
2011.06.08 01:43:11.877,0.95473,0.95507,4.05,3.68
2011.06.08 01:43:11.987,0.95476,0.95507,1.35,3.08
2011.06.08 01:43:13.445,0.95476,0.95511,1.35,4.05
2011.06.08 01:43:14.005,0.95476,0.95509,1.35,3.08
2011.06.08 01:43:14.776,0.95477,0.95511,3.83,4.05
2011.06.08 01:43:17.133,0.95476,0.95508,1.35,3.08
2011.06.08 01:43:19.867,0.95476,0.95509,1.35,3.08
2011.06.08 01:43:21.106,0.95482,0.95512,3.08,1.35
2011.06.08 01:43:21.437,0.95481,0.95516,6.15,1.73
2011.06.08 01:43:21.818,0.95481,0.95516,5.40,1.35
2011.06.08 01:43:22.666,0.95481,0.95513,2.33,3.08
2011.06.08 01:43:22.996,0.95481,0.95512,1.35,3.08
2011.06.08 01:43:23.216,0.95481,0.95512,1.35,3.08
2011.06.08 01:43:23.546,0.95477,0.95512,1.73,4.05
2011.06.08 01:43:27.247,0.95476,0.95508,1.35,3.68
2011.06.08 01:43:30.917,0.95476,0.95508,1.35,3.68
2011.06.08 01:43:31.027,0.95472,0.95508,3.83,4.05
2011.06.08 01:43:43.046,0.95473,0.95509,4.43,3.68
2011.06.08 01:43:43.267,0.95477,0.95511,1.35,1.35
2011.06.08 01:43:44.888,0.95477,0.95512,1.35,3.68
2011.06.08 01:43:51.852,0.95478,0.95512,1.73,3.68
2011.06.08 01:43:52.187,0.95482,0.95512,1.35,3.08
2011.06.08 01:43:52.298,0.95482,0.95512,1.35,3.08
2011.06.08 01:43:52.886,0.95482,0.95513,1.35,3.08
2011.06.08 01:43:54.769,0.95488,0.9552,1.35,3.83
2011.06.08 01:43:55.316,0.95489,0.9552,1.50,1.50
2011.06.08 01:43:55.934,0.95488,0.9552,1.35,4.58
2011.06.08 01:43:57.066,0.95488,0.9552,1.35,4.58
2011.06.08 01:44:11.588,0.95488,0.95516,1.35,1.50
2011.06.08 01:44:12.116,0.95483,0.95517,3.08,2.10
2011.06.08 01:44:14.229,0.95483,0.95516,3.08,1.13
2011.06.08 01:44:14.339,0.95483,0.95512,2.48,1.35
2011.06.08 01:44:14.888,0.95478,0.95511,4.65,1.50
2011.06.08 01:44:15.108,0.9548,0.95512,4.05,1.35
2011.06.08 01:44:15.628,0.9548,0.95512,4.05,1.35
2011.06.08 01:44:17.705,0.95484,0.95514,1.35,3.83
2011.06.08 01:44:34.126,0.95484,0.95517,1.35,4.58
2011.06.08 01:44:42.027,0.95484,0.95517,1.35,3.83
2011.06.08 01:44:45.876,0.95487,0.95518,1.13,1.35
2011.06.08 01:44:46.525,0.95487,0.95518,1.13,1.35
2011.06.08 01:44:47.266,0.95487,0.95518,1.13,1.35
2011.06.08 01:45:00.867,0.95486,0.95518,5.18,1.35
2011.06.08 01:45:07.336,0.95486,0.95518,5.33,1.35
2011.06.08 01:45:08.749,0.95487,0.95518,1.35,1.35
2011.06.08 01:45:13.977,0.9549,0.95521,1.35,3.08
2011.06.08 01:45:14.308,0.9549,0.95522,1.58,1.35
2011.06.08 01:45:14.529,0.95494,0.95526,1.35,3.83
2011.06.08 01:45:14.637,0.95494,0.95525,1.35,3.83
2011.06.08 01:45:15.076,0.95494,0.95527,1.35,4.20
2011.06.08 01:45:16.612,0.95494,0.95524,1.35,3.08
2011.06.08 01:45:17.891,0.95491,0.95522,1.73,4.43
2011.06.08 01:45:18.556,0.95494,0.95524,1.35,3.08
2011.06.08 01:45:18.996,0.95494,0.95524,1.35,3.08
2011.06.08 01:45:19.757,0.95494,0.95524,1.35,3.45
2011.06.08 01:45:20.088,0.95488,0.9552,1.58,4.43
2011.06.08 01:45:26.636,0.95488,0.95517,1.35,3.83
2011.06.08 01:45:27.557,0.95488,0.95516,1.35,3.83
2011.06.08 01:45:31.149,0.95488,0.95518,1.35,3.83
2011.06.08 01:45:36.969,0.95485,0.95515,1.50,1.35
2011.06.08 01:45:37.187,0.95482,0.95515,1.73,3.68
2011.06.08 01:45:37.297,0.95481,0.95514,2.70,1.35
2011.06.08 01:45:38.315,0.95481,0.95513,1.35,1.35
2011.06.08 01:45:39.329,0.95481,0.95515,1.35,3.68
2011.06.08 01:46:06.827,0.95481,0.95513,2.10,1.35
2011.06.08 01:46:11.386,0.95481,0.95512,1.35,3.83
2011.06.08 01:46:11.606,0.95481,0.95512,1.35,3.83
2011.06.08 01:46:12.164,0.95477,0.95511,1.50,4.80
2011.06.08 01:46:12.587,0.95475,0.95511,4.58,4.43
2011.06.08 01:46:13.716,0.95477,0.95508,3.83,1.35
2011.06.08 01:46:15.547,0.95474,0.95506,1.50,1.35
2011.06.08 01:46:16.990,0.95476,0.95506,3.83,1.35
2011.06.08 01:46:17.539,0.95476,0.95506,3.83,1.35
2011.06.08 01:46:18.641,0.95476,0.95506,3.83,1.35
2011.06.08 01:46:19.187,0.95476,0.95506,3.83,1.35
2011.06.08 01:46:20.847,0.9548,0.9551,3.83,2.10
2011.06.08 01:46:20.956,0.9548,0.9551,3.83,1.35
2011.06.08 01:46:21.648,0.95478,0.95511,6.30,1.35
2011.06.08 01:46:23.666,0.95478,0.9551,5.93,1.35
2011.06.08 01:46:36.646,0.95479,0.95511,3.83,2.10
2011.06.08 01:46:42.128,0.95479,0.95512,3.83,2.10
2011.06.08 01:46:42.458,0.95484,0.95515,1.35,4.58
2011.06.08 01:46:42.838,0.95484,0.95515,1.35,3.83
2011.06.08 01:46:47.756,0.95484,0.95515,1.35,4.58
2011.06.08 01:46:49.107,0.95484,0.95515,1.35,3.83
2011.06.08 01:46:53.067,0.95484,0.95515,1.35,3.83
2011.06.08 01:46:57.193,0.95484,0.95516,1.35,4.43
2011.06.08 01:46:57.746,0.95484,0.95514,1.35,3.08
2011.06.08 01:47:02.747,0.95484,0.95514,1.35,3.83
2011.06.08 01:47:08.266,0.95484,0.95514,1.35,3.83
2011.06.08 01:47:08.816,0.95484,0.95514,1.35,3.83
2011.06.08 01:47:09.366,0.95484,0.95514,1.35,3.83
2011.06.08 01:47:09.586,0.95484,0.95514,1.35,3.83
2011.06.08 01:47:10.026,0.95484,0.95514,1.35,3.83
2011.06.08 01:47:10.837,0.95481,0.95513,1.50,1.35
2011.06.08 01:47:11.168,0.95477,0.95506,3.60,1.35
2011.06.08 01:47:11.388,0.95475,0.95505,1.50,1.35
2011.06.08 01:47:11.718,0.95477,0.95505,3.83,1.35
2011.06.08 01:47:11.938,0.95482,0.95505,1.50,1.35
2011.06.08 01:47:12.377,0.95474,0.95505,1.50,1.35
2011.06.08 01:47:12.926,0.95478,0.95508,4.43,2.25
2011.06.08 01:47:13.148,0.95478,0.95508,4.43,1.50
2011.06.08 01:47:16.238,0.95477,0.95504,2.63,1.35
2011.06.08 01:47:16.861,0.9547,0.955,1.35,4.58
2011.06.08 01:47:16.980,0.95471,0.95504,3.08,3.60
2011.06.08 01:47:17.088,0.95471,0.95502,3.83,1.50
2011.06.08 01:47:17.636,0.95475,0.95502,1.35,2.25
2011.06.08 01:47:19.016,0.95475,0.95501,1.35,1.50
2011.06.08 01:47:22.277,0.95475,0.95501,1.35,1.50
2011.06.08 01:47:22.497,0.95477,0.95508,1.35,1.50
2011.06.08 01:47:23.547,0.95477,0.95509,3.23,1.50
2011.06.08 01:47:25.495,0.95477,0.95509,3.23,1.50
2011.06.08 01:47:29.799,0.95483,0.95509,1.50,1.50
2011.06.08 01:47:30.128,0.95485,0.95515,1.35,2.25
2011.06.08 01:47:30.237,0.95485,0.95517,1.35,2.85
2011.06.08 01:47:30.801,0.95483,0.9551,1.50,1.50
2011.06.08 01:47:31.027,0.95477,0.95507,6.30,1.50
2011.06.08 01:47:33.356,0.95477,0.95507,6.30,1.50
2011.06.08 01:47:35.435,0.95477,0.95507,6.30,1.50
2011.06.08 01:47:35.876,0.95477,0.95508,6.30,1.50
2011.06.08 01:47:37.716,0.95477,0.95508,6.30,1.50
2011.06.08 01:47:44.906,0.95477,0.95507,6.30,1.50
2011.06.08 01:47:51.166,0.95477,0.95507,6.30,1.50
2011.06.08 01:47:51.496,0.95477,0.95509,6.30,2.25
2011.06.08 01:47:51.715,0.95477,0.95509,6.30,2.25
2011.06.08 01:47:53.058,0.95478,0.95507,3.83,1.50
2011.06.08 01:47:53.906,0.95478,0.95506,3.83,1.50
2011.06.08 01:47:54.949,0.95478,0.95508,3.83,1.50
2011.06.08 01:47:55.058,0.95478,0.95509,3.83,1.50
2011.06.08 01:47:55.610,0.95478,0.95508,3.83,1.50
2011.06.08 01:47:56.088,0.95478,0.95508,3.83,1.50
2011.06.08 01:47:56.856,0.95478,0.95508,3.83,1.50
2011.06.08 01:47:57.296,0.95478,0.95508,3.83,1.50
2011.06.08 01:47:57.845,0.95478,0.95508,3.83,1.50
2011.06.08 01:47:58.367,0.95478,0.95508,3.83,1.50
2011.06.08 01:47:58.616,0.95478,0.95508,3.83,1.50
2011.06.08 01:47:59.166,0.95478,0.95508,3.83,1.50
2011.06.08 01:47:59.386,0.95478,0.95508,3.83,1.50
2011.06.08 01:47:59.606,0.95478,0.95508,3.83,1.50
2011.06.08 01:47:59.826,0.95478,0.95508,3.83,1.50
2011.06.08 01:48:00.377,0.95478,0.95508,3.83,1.50
2011.06.08 01:48:00.706,0.95479,0.95508,3.83,1.50
2011.06.08 01:48:00.927,0.95479,0.9551,3.83,1.50
2011.06.08 01:48:01.917,0.9548,0.95512,3.83,2.10
2011.06.08 01:48:05.408,0.95485,0.95513,1.35,1.50
2011.06.08 01:48:10.916,0.9548,0.95512,3.83,1.35
2011.06.08 01:48:13.577,0.95478,0.95511,4.43,2.25
2011.06.08 01:48:15.018,0.95479,0.95511,3.83,1.50
2011.06.08 01:48:15.588,0.95479,0.9551,3.83,1.50
2011.06.08 01:48:16.746,0.95482,0.9551,3.83,1.50
2011.06.08 01:48:20.316,0.95483,0.95512,3.83,1.35
2011.06.08 01:48:20.906,0.95483,0.95512,3.83,1.35
2011.06.08 01:48:25.179,0.9548,0.95512,3.83,1.35
2011.06.08 01:48:25.508,0.95479,0.95507,1.50,1.35
2011.06.08 01:48:25.617,0.95477,0.95507,2.63,2.10
2011.06.08 01:48:26.307,0.95477,0.95509,3.83,1.35
2011.06.08 01:48:29.329,0.95477,0.95507,3.83,1.35
2011.06.08 01:48:29.552,0.95476,0.95504,3.08,1.50
2011.06.08 01:48:29.997,0.95473,0.95504,1.35,2.25
2011.06.08 01:48:30.877,0.95473,0.955,1.35,2.25
2011.06.08 01:48:31.427,0.9547,0.955,3.83,1.35
2011.06.08 01:48:31.698,0.9547,0.955,3.83,1.35
2011.06.08 01:48:35.496,0.9547,0.95501,3.68,2.25
2011.06.08 01:48:35.716,0.95471,0.95499,1.35,1.50
2011.06.08 01:48:36.046,0.95471,0.95499,1.35,1.50
2011.06.08 01:48:36.677,0.95467,0.95499,5.70,1.50
2011.06.08 01:48:37.275,0.95467,0.95499,5.70,1.50
2011.06.08 01:48:39.596,0.9547,0.955,3.83,2.10
2011.06.08 01:48:39.817,0.95471,0.95499,3.83,1.50
2011.06.08 01:48:40.147,0.95466,0.95492,4.43,1.50
2011.06.08 01:48:40.806,0.95462,0.95486,4.43,1.50
2011.06.08 01:48:41.044,0.95462,0.95486,4.43,1.50
2011.06.08 01:48:41.617,0.95463,0.95492,3.83,1.50
2011.06.08 01:48:41.836,0.95463,0.95493,3.83,2.25
2011.06.08 01:48:42.386,0.95463,0.95493,3.83,2.25
2011.06.08 01:48:44.678,0.95462,0.95492,1.35,1.50
2011.06.08 01:48:44.896,0.95462,0.95493,1.35,2.25
2011.06.08 01:48:45.226,0.95462,0.9549,1.35,1.50
2011.06.08 01:48:45.686,0.95463,0.95494,4.58,1.35
2011.06.08 01:48:45.795,0.95466,0.95495,3.83,1.35
2011.06.08 01:48:46.396,0.95468,0.95497,3.83,1.50
2011.06.08 01:48:47.526,0.95464,0.95496,1.58,1.50
2011.06.08 01:48:47.636,0.95463,0.95494,1.58,1.50
2011.06.08 01:48:48.186,0.95467,0.95493,3.08,1.50
2011.06.08 01:48:55.066,0.95463,0.95493,4.65,1.50
2011.06.08 01:48:57.366,0.95463,0.95492,4.05,1.35
2011.06.08 01:48:57.916,0.95461,0.95492,1.50,2.10
2011.06.08 01:48:58.686,0.95462,0.95491,1.50,1.50
2011.06.08 01:48:59.235,0.95462,0.95492,1.50,1.35
2011.06.08 01:49:01.147,0.95462,0.95492,1.50,1.35
2011.06.08 01:49:02.357,0.95461,0.9549,1.50,1.50
2011.06.08 01:49:02.576,0.95461,0.9549,1.50,1.50
2011.06.08 01:49:03.016,0.95461,0.95492,1.50,1.35
2011.06.08 01:49:03.347,0.95461,0.95492,4.58,1.35
2011.06.08 01:49:03.679,0.95467,0.95496,1.35,2.25
2011.06.08 01:49:03.899,0.95462,0.95493,1.35,2.25
2011.06.08 01:49:04.228,0.95462,0.95493,1.58,1.50
2011.06.08 01:49:04.559,0.95464,0.95487,1.50,3.83
2011.06.08 01:49:04.667,0.95462,0.95487,1.35,3.83
2011.06.08 01:49:04.996,0.95464,0.95491,1.50,1.50
2011.06.08 01:49:05.599,0.95462,0.9549,1.35,1.50
2011.06.08 01:49:06.327,0.95463,0.95492,1.50,1.50
2011.06.08 01:49:06.988,0.95464,0.95493,1.50,1.50
2011.06.08 01:49:07.096,0.95464,0.95493,1.73,1.50
2011.06.08 01:49:07.208,0.95464,0.95493,1.73,1.50
2011.06.08 01:49:07.538,0.95465,0.95494,1.50,1.35
2011.06.08 01:49:07.867,0.95466,0.95494,1.50,1.35
2011.06.08 01:49:08.402,0.95466,0.95494,1.50,1.35
2011.06.08 01:49:08.851,0.95463,0.95492,1.50,1.50
2011.06.08 01:49:09.408,0.95457,0.95491,5.40,5.18
2011.06.08 01:49:09.630,0.95458,0.95488,1.50,1.50
2011.06.08 01:49:10.305,0.95457,0.95488,5.40,1.50
2011.06.08 01:49:10.635,0.95457,0.95484,4.58,1.35
2011.06.08 01:49:11.199,0.95453,0.95484,3.83,1.35
2011.06.08 01:49:11.637,0.95452,0.95482,1.50,4.58
2011.06.08 01:49:11.859,0.95448,0.95478,1.73,1.35
2011.06.08 01:49:12.075,0.95447,0.95478,4.80,1.35
2011.06.08 01:49:12.627,0.95447,0.95477,3.83,1.50
2011.06.08 01:49:13.067,0.95442,0.95471,1.50,1.50
2011.06.08 01:49:13.397,0.95444,0.95468,3.08,1.35
2011.06.08 01:49:13.617,0.95439,0.95468,4.05,1.35
2011.06.08 01:49:14.167,0.95441,0.95468,3.83,1.35
2011.06.08 01:49:14.280,0.95441,0.95468,3.83,1.35
2011.06.08 01:49:14.876,0.95441,0.95468,3.83,1.35
2011.06.08 01:49:15.205,0.95441,0.9547,3.68,2.25
2011.06.08 01:49:16.147,0.95441,0.9547,4.43,2.25
2011.06.08 01:49:16.748,0.95441,0.9547,4.43,2.25
2011.06.08 01:49:16.966,0.95441,0.9547,4.43,2.25
2011.06.08 01:49:17.667,0.95441,0.9547,4.43,1.50
2011.06.08 01:49:20.986,0.95441,0.9547,4.43,2.25
2011.06.08 01:49:21.430,0.95441,0.95469,1.35,1.50
2011.06.08 01:49:21.986,0.95441,0.95467,1.35,1.50
2011.06.08 01:49:22.426,0.95441,0.95469,4.43,1.50
2011.06.08 01:49:25.296,0.95441,0.95469,4.43,1.50
2011.06.08 01:49:25.627,0.95447,0.9547,1.35,1.50
2011.06.08 01:49:25.739,0.95447,0.95473,3.83,2.25
2011.06.08 01:49:26.067,0.95444,0.95473,3.83,2.25
2011.06.08 01:49:28.006,0.95444,0.95472,3.08,1.50
2011.06.08 01:49:28.226,0.95444,0.95472,3.83,1.50
2011.06.08 01:49:28.984,0.95442,0.95473,4.43,2.25
2011.06.08 01:49:29.099,0.95443,0.95473,1.35,2.25
2011.06.08 01:49:30.107,0.95443,0.9547,1.35,1.50
2011.06.08 01:49:30.436,0.95443,0.95472,1.35,1.50
2011.06.08 01:49:31.265,0.95443,0.95472,1.35,1.50
2011.06.08 01:49:32.646,0.95443,0.95472,1.35,1.50
2011.06.08 01:49:33.086,0.95443,0.9547,4.43,1.50
2011.06.08 01:49:33.525,0.95443,0.95472,4.43,1.50
2011.06.08 01:49:34.804,0.95443,0.95472,4.43,1.50
2011.06.08 01:49:35.136,0.95443,0.95472,4.43,1.50
2011.06.08 01:49:38.727,0.95443,0.95472,4.43,1.50
2011.06.08 01:49:39.168,0.95443,0.95472,1.35,1.50
2011.06.08 01:49:39.726,0.95443,0.95473,4.43,2.25
2011.06.08 01:49:40.129,0.95446,0.95473,1.35,1.50
2011.06.08 01:49:43.927,0.95445,0.95473,1.35,1.50
2011.06.08 01:49:45.297,0.95443,0.95473,4.43,1.50
2011.06.08 01:49:46.176,0.95445,0.95474,1.35,1.50
2011.06.08 01:49:47.996,0.95445,0.95476,1.35,1.50
2011.06.08 01:49:49.226,0.95444,0.95476,1.35,1.50
2011.06.08 01:49:49.561,0.95445,0.95473,1.35,1.50
2011.06.08 01:49:49.677,0.95445,0.95473,1.35,1.50
2011.06.08 01:49:50.496,0.95439,0.95469,4.43,1.50
2011.06.08 01:49:51.055,0.95439,0.95469,4.43,1.50
2011.06.08 01:49:52.387,0.95449,0.95473,3.83,1.50
2011.06.08 01:49:54.316,0.95441,0.95473,3.83,1.50
2011.06.08 01:49:54.645,0.95443,0.95474,3.83,2.10
2011.06.08 01:49:54.975,0.95443,0.95474,3.83,2.10
2011.06.08 01:49:55.856,0.95443,0.95464,3.83,1.50
2011.06.08 01:49:56.076,0.95439,0.95467,2.10,1.50
2011.06.08 01:49:58.106,0.95439,0.95467,1.50,2.10
2011.06.08 01:49:59.568,0.95438,0.95464,1.50,1.50
2011.06.08 01:49:59.787,0.95438,0.95464,1.50,1.50
2011.06.08 01:49:59.897,0.95435,0.95464,2.10,1.50
2011.06.08 01:50:00.667,0.95436,0.95465,1.50,1.50
2011.06.08 01:50:01.328,0.95436,0.95464,1.50,1.50
2011.06.08 01:50:01.547,0.95436,0.95467,1.50,1.35
2011.06.08 01:50:02.427,0.95436,0.95467,3.60,1.35
2011.06.08 01:50:03.386,0.9544,0.95467,3.83,1.35
2011.06.08 01:50:03.935,0.9544,0.95467,3.83,1.35
2011.06.08 01:50:04.787,0.95441,0.95467,3.83,1.35
2011.06.08 01:50:05.431,0.95441,0.95467,3.83,2.10
2011.06.08 01:50:06.246,0.95441,0.95467,3.83,1.35
2011.06.08 01:50:06.836,0.95439,0.95467,3.83,1.35
2011.06.08 01:50:07.386,0.95443,0.95473,3.83,2.25
2011.06.08 01:50:07.716,0.95445,0.95473,3.83,1.50
2011.06.08 01:50:08.156,0.95447,0.95474,1.35,1.50
2011.06.08 01:50:08.706,0.95449,0.95476,1.35,1.50
2011.06.08 01:50:08.927,0.95453,0.95476,3.68,1.50
2011.06.08 01:50:09.256,0.95452,0.95476,3.08,1.50
2011.06.08 01:50:09.736,0.95449,0.95474,2.33,1.50
2011.06.08 01:50:09.847,0.95452,0.95474,3.08,1.50
2011.06.08 01:50:10.396,0.95451,0.95476,3.83,1.50
2011.06.08 01:50:14.656,0.9545,0.95476,3.30,1.50
2011.06.08 01:50:21.056,0.9545,0.95476,4.05,2.25
2011.06.08 01:50:22.393,0.9545,0.95476,4.05,1.50
2011.06.08 01:50:23.056,0.95449,0.95476,5.40,2.25
2011.06.08 01:50:27.788,0.95451,0.95476,3.83,2.25
2011.06.08 01:50:28.336,0.95452,0.95476,3.08,2.25
2011.06.08 01:50:28.667,0.95452,0.95475,3.83,1.50
2011.06.08 01:50:28.896,0.9545,0.95478,3.83,1.50
2011.06.08 01:50:29.226,0.9545,0.95477,3.83,2.25
2011.06.08 01:50:32.206,0.9545,0.95477,3.83,2.25
2011.06.08 01:50:32.648,0.95449,0.95474,1.35,1.50
2011.06.08 01:50:32.759,0.95451,0.95477,3.83,2.25
2011.06.08 01:50:33.988,0.95451,0.95477,3.83,1.50
2011.06.08 01:50:34.537,0.95451,0.95476,3.83,1.50
2011.06.08 01:50:36.516,0.95451,0.95476,3.83,1.50
2011.06.08 01:50:40.280,0.95449,0.95476,1.35,1.50
2011.06.08 01:50:40.497,0.95454,0.95478,1.35,1.50
2011.06.08 01:50:41.101,0.95454,0.95478,1.35,1.50
2011.06.08 01:50:41.217,0.95454,0.95476,1.35,1.50
2011.06.08 01:50:41.548,0.95451,0.95481,1.35,1.50
2011.06.08 01:50:41.879,0.95453,0.95478,1.35,3.08
2011.06.08 01:50:42.098,0.95449,0.95476,1.35,1.50
2011.06.08 01:50:42.208,0.9545,0.95479,3.08,1.50
2011.06.08 01:50:42.317,0.95448,0.95479,1.58,1.50
2011.06.08 01:50:42.645,0.95448,0.95479,1.95,1.50
2011.06.08 01:50:42.977,0.95449,0.95475,1.35,1.50
2011.06.08 01:50:43.086,0.95449,0.95479,1.35,1.50
2011.06.08 01:50:43.307,0.95448,0.95473,2.33,1.50
2011.06.08 01:50:43.528,0.95448,0.95473,2.70,1.50
2011.06.08 01:50:43.748,0.95448,0.9548,2.70,2.25
2011.06.08 01:50:43.857,0.95448,0.9548,2.33,1.50
2011.06.08 01:50:43.969,0.95448,0.95474,2.33,1.50
2011.06.08 01:50:44.187,0.95454,0.95476,3.83,1.50
2011.06.08 01:50:44.299,0.95454,0.9548,3.83,1.50
2011.06.08 01:50:44.847,0.95455,0.95481,3.83,1.50
2011.06.08 01:50:45.617,0.95455,0.95484,4.20,1.50
2011.06.08 01:50:45.978,0.95456,0.95484,4.05,1.50
2011.06.08 01:50:46.637,0.95454,0.9548,4.80,1.50
2011.06.08 01:50:48.166,0.95453,0.9548,4.65,1.50
2011.06.08 01:50:53.948,0.95453,0.9548,4.65,1.50
2011.06.08 01:50:54.499,0.95453,0.9548,1.35,1.50
2011.06.08 01:50:54.718,0.95451,0.95479,3.83,1.50
2011.06.08 01:50:55.050,0.95453,0.95482,4.43,1.50
2011.06.08 01:50:55.157,0.95453,0.95482,4.43,1.50
2011.06.08 01:50:55.269,0.95453,0.95484,4.43,2.25
2011.06.08 01:50:55.597,0.95453,0.95482,4.43,1.50
2011.06.08 01:50:55.822,0.95453,0.95482,1.35,1.50
2011.06.08 01:50:57.086,0.95453,0.95483,2.10,1.50
2011.06.08 01:50:57.308,0.95453,0.95482,2.10,1.50
2011.06.08 01:50:57.526,0.95453,0.95482,2.10,1.50
2011.06.08 01:50:59.866,0.95453,0.95482,2.10,1.50
2011.06.08 01:51:01.006,0.95453,0.95482,1.35,1.50
2011.06.08 01:51:04.588,0.95465,0.95488,3.68,1.50
2011.06.08 01:51:04.697,0.95465,0.95488,3.68,1.50
2011.06.08 01:51:05.178,0.95466,0.95499,3.83,2.85
2011.06.08 01:51:05.836,0.95465,0.95499,5.18,2.85
2011.06.08 01:51:06.497,0.95465,0.95493,4.43,1.50
2011.06.08 01:51:07.137,0.95462,0.9549,4.05,1.35
2011.06.08 01:51:07.466,0.9546,0.95486,1.50,1.50
2011.06.08 01:51:07.795,0.95459,0.95486,1.50,1.50
2011.06.08 01:51:08.487,0.95459,0.95486,1.50,1.50
2011.06.08 01:51:08.707,0.95458,0.95486,1.35,1.50
2011.06.08 01:51:09.035,0.95458,0.95484,4.43,1.50
2011.06.08 01:51:10.338,0.95458,0.95481,1.35,1.50
2011.06.08 01:51:10.557,0.95458,0.95481,1.35,1.50
2011.06.08 01:51:10.776,0.95458,0.95484,1.35,1.50
2011.06.08 01:51:10.997,0.95458,0.95486,1.35,1.50
2011.06.08 01:51:11.326,0.95458,0.9549,2.48,1.35
2011.06.08 01:51:11.881,0.95466,0.95495,1.35,1.50
2011.06.08 01:51:12.219,0.95466,0.95495,1.73,1.50
2011.06.08 01:51:15.805,0.95467,0.95498,3.83,1.50
2011.06.08 01:51:16.138,0.95473,0.95495,3.68,1.50
2011.06.08 01:51:16.357,0.95475,0.95501,1.13,2.25
2011.06.08 01:51:16.577,0.95473,0.955,1.35,1.50
2011.06.08 01:51:16.907,0.95472,0.95497,1.35,2.25
2011.06.08 01:51:17.396,0.95469,0.95495,1.35,1.50
2011.06.08 01:51:17.836,0.95471,0.95496,1.35,1.50
2011.06.08 01:51:18.716,0.95469,0.95496,1.35,1.50
2011.06.08 01:51:23.337,0.95469,0.95498,1.35,2.25
2011.06.08 01:51:23.557,0.95469,0.95498,1.35,1.50
2011.06.08 01:51:23.887,0.95469,0.95499,4.43,1.50
2011.06.08 01:51:24.436,0.95467,0.95496,2.63,1.35
2011.06.08 01:51:24.656,0.95464,0.95495,5.03,1.50
2011.06.08 01:51:26.448,0.95465,0.95494,1.35,1.50
2011.06.08 01:51:27.346,0.95465,0.95493,1.35,1.50
2011.06.08 01:51:28.017,0.95467,0.95493,1.35,1.50
2011.06.08 01:51:28.678,0.95468,0.95494,1.35,1.50
2011.06.08 01:51:29.229,0.95471,0.95493,1.35,1.50
2011.06.08 01:51:29.338,0.95474,0.95497,1.35,1.50
2011.06.08 01:51:29.449,0.95474,0.95498,1.35,1.50
2011.06.08 01:51:29.667,0.9547,0.95498,1.58,1.50
2011.06.08 01:51:29.997,0.9547,0.95495,1.35,1.50
2011.06.08 01:51:30.327,0.95475,0.95499,1.50,1.50
2011.06.08 01:51:30.658,0.95474,0.95499,2.10,1.50
2011.06.08 01:51:32.347,0.95474,0.95499,1.35,1.50
2011.06.08 01:51:32.459,0.95471,0.95499,1.58,1.50
2011.06.08 01:51:32.677,0.95471,0.95498,1.35,2.25
2011.06.08 01:51:33.226,0.95474,0.955,1.35,1.50
2011.06.08 01:51:33.767,0.9547,0.95495,3.08,1.50
2011.06.08 01:51:33.969,0.95466,0.95495,1.35,1.50
2011.06.08 01:51:34.517,0.95467,0.95493,1.35,2.25
2011.06.08 01:51:34.848,0.95465,0.95493,3.68,1.50
2011.06.08 01:51:35.066,0.95467,0.95493,1.35,1.50
2011.06.08 01:51:35.506,0.95467,0.95497,1.35,5.33
2011.06.08 01:51:35.947,0.95467,0.95494,1.35,1.50
2011.06.08 01:51:37.846,0.95467,0.95494,1.35,1.50
2011.06.08 01:51:40.125,0.95466,0.95494,3.23,1.50
2011.06.08 01:51:42.367,0.95467,0.95493,1.35,1.50
2011.06.08 01:51:42.916,0.95466,0.95492,1.35,1.50
2011.06.08 01:51:44.566,0.95461,0.95494,3.83,2.85
2011.06.08 01:51:47.646,0.95463,0.95494,1.50,2.10
2011.06.08 01:51:49.257,0.95463,0.95494,1.50,2.10
2011.06.08 01:51:52.445,0.95463,0.95494,1.50,2.10
2011.06.08 01:51:54.707,0.95467,0.95494,4.43,1.50
2011.06.08 01:51:55.146,0.95468,0.95498,3.30,1.50
2011.06.08 01:51:55.737,0.95468,0.95499,4.05,2.10
2011.06.08 01:51:59.697,0.95467,0.95496,3.23,1.50
2011.06.08 01:52:00.042,0.95476,0.95501,2.10,1.50
2011.06.08 01:52:00.159,0.95482,0.95509,1.35,1.50
2011.06.08 01:52:00.269,0.9548,0.95503,3.83,1.35
2011.06.08 01:52:00.600,0.95479,0.95507,4.05,1.50
2011.06.08 01:52:00.710,0.95481,0.95504,1.35,1.50
2011.06.08 01:52:01.937,0.95482,0.95507,1.58,1.50
2011.06.08 01:52:02.157,0.95481,0.95507,4.65,1.50
2011.06.08 01:52:02.597,0.9548,0.95506,1.58,1.50
2011.06.08 01:52:03.527,0.95482,0.95506,1.58,1.50
2011.06.08 01:52:03.748,0.95482,0.95508,1.58,1.50
2011.06.08 01:52:04.534,0.95488,0.95513,1.35,1.50
2011.06.08 01:52:04.872,0.95495,0.95514,3.68,1.50
2011.06.08 01:52:05.099,0.95494,0.95514,1.35,1.50
2011.06.08 01:52:05.210,0.9549,0.95514,2.10,1.50
2011.06.08 01:52:05.330,0.95489,0.95521,4.80,1.50
2011.06.08 01:52:05.448,0.95489,0.95521,4.43,1.50
2011.06.08 01:52:05.560,0.9549,0.95521,1.35,1.50
2011.06.08 01:52:06.106,0.95493,0.95522,1.58,1.50
2011.06.08 01:52:06.438,0.95493,0.95522,4.65,1.50
2011.06.08 01:52:06.768,0.95494,0.95522,2.33,1.50
2011.06.08 01:52:07.098,0.95491,0.95514,4.05,1.50
2011.06.08 01:52:07.537,0.9549,0.95513,1.35,1.50
2011.06.08 01:52:07.653,0.95494,0.95518,1.35,2.25
2011.06.08 01:52:07.988,0.95489,0.95516,1.73,1.50
2011.06.08 01:52:08.098,0.95488,0.95516,1.73,1.50
2011.06.08 01:52:08.977,0.95487,0.95512,1.58,1.50
2011.06.08 01:52:10.486,0.95487,0.95512,1.58,1.50
2011.06.08 01:52:10.926,0.95483,0.95512,1.13,1.50
2011.06.08 01:52:11.366,0.9548,0.95508,5.40,1.50
2011.06.08 01:52:12.907,0.95484,0.9551,1.50,1.50
2011.06.08 01:52:13.500,0.95482,0.9551,1.73,1.50
2011.06.08 01:52:14.048,0.95484,0.95509,1.88,1.50
2011.06.08 01:52:14.267,0.95486,0.95514,1.50,3.68
2011.06.08 01:52:14.377,0.95486,0.95514,1.35,1.50
2011.06.08 01:52:14.599,0.95489,0.95516,1.13,1.50
2011.06.08 01:52:15.038,0.95487,0.95517,3.83,2.25
2011.06.08 01:52:18.756,0.95487,0.95517,3.83,2.25
2011.06.08 01:52:19.087,0.95487,0.95517,3.83,2.25
2011.06.08 01:52:19.858,0.95489,0.95517,4.05,2.25
2011.06.08 01:52:20.297,0.95492,0.95517,1.73,2.25
2011.06.08 01:52:21.518,0.95492,0.95519,1.73,1.50
2011.06.08 01:52:21.847,0.95496,0.9552,1.50,1.50
2011.06.08 01:52:21.959,0.95496,0.95521,1.50,1.50
2011.06.08 01:52:22.069,0.95496,0.95524,1.50,2.10
2011.06.08 01:52:22.397,0.95492,0.9552,2.10,1.50
2011.06.08 01:52:22.728,0.95491,0.95514,1.13,1.50
2011.06.08 01:52:23.277,0.95488,0.95514,3.83,1.50
2011.06.08 01:52:23.828,0.95488,0.95508,3.30,1.50
2011.06.08 01:52:24.452,0.95488,0.95508,3.08,1.50
2011.06.08 01:52:24.574,0.95488,0.95515,4.20,1.50
2011.06.08 01:52:26.227,0.95491,0.95515,3.83,1.50
2011.06.08 01:52:28.328,0.9549,0.95518,3.83,1.35
2011.06.08 01:52:29.566,0.9549,0.9552,4.65,1.50
2011.06.08 01:52:30.227,0.95489,0.95519,3.83,2.10
2011.06.08 01:52:30.447,0.95489,0.95519,3.83,2.10
2011.06.08 01:52:31.136,0.95489,0.95519,3.83,2.10
2011.06.08 01:52:31.580,0.95492,0.95523,4.80,1.50
2011.06.08 01:52:32.507,0.95496,0.95523,1.13,1.50
2011.06.08 01:52:32.846,0.95496,0.95523,1.13,1.50
2011.06.08 01:52:35.948,0.95498,0.95525,1.35,1.50
2011.06.08 01:52:36.966,0.95495,0.95524,1.95,3.00
2011.06.08 01:52:38.837,0.95498,0.95524,1.35,3.38
2011.06.08 01:52:39.609,0.95496,0.95524,1.35,3.00
2011.06.08 01:52:39.827,0.95496,0.95524,5.78,3.00
2011.06.08 01:52:40.049,0.95499,0.95526,1.13,1.50
2011.06.08 01:52:40.157,0.95499,0.95527,4.20,1.50
2011.06.08 01:52:40.486,0.95498,0.95527,4.05,2.25
2011.06.08 01:52:41.077,0.95497,0.95527,2.33,2.25
2011.06.08 01:52:41.187,0.95497,0.95525,1.35,1.50
2011.06.08 01:52:42.084,0.95497,0.95525,3.23,1.50
2011.06.08 01:52:43.678,0.95493,0.95523,4.05,2.10
2011.06.08 01:52:43.898,0.95493,0.95523,4.05,2.10
2011.06.08 01:52:44.517,0.95491,0.95522,5.55,1.50
2011.06.08 01:52:46.389,0.95491,0.95523,5.55,1.35
2011.06.08 01:52:47.200,0.95494,0.95523,1.13,3.98
2011.06.08 01:52:47.856,0.95491,0.9552,1.58,1.50
2011.06.08 01:52:48.407,0.95491,0.9552,1.58,1.50
2011.06.08 01:52:48.957,0.9549,0.95519,4.05,1.35
2011.06.08 01:52:49.066,0.9549,0.95519,4.05,1.35
2011.06.08 01:52:49.515,0.9549,0.95519,4.05,1.35
2011.06.08 01:52:49.957,0.9549,0.95519,4.05,1.35
2011.06.08 01:52:50.286,0.9549,0.95519,4.05,1.35
2011.06.08 01:52:52.106,0.95491,0.95519,4.43,1.35
2011.06.08 01:52:52.326,0.95491,0.95523,5.18,1.35
2011.06.08 01:52:52.766,0.95491,0.95523,5.18,3.23
2011.06.08 01:52:55.366,0.95492,0.95524,1.13,2.10
2011.06.08 01:52:55.695,0.95492,0.95521,4.20,1.50
2011.06.08 01:52:56.357,0.95492,0.95519,4.05,1.50
2011.06.08 01:52:56.797,0.95491,0.95523,2.33,3.98
2011.06.08 01:52:57.346,0.95491,0.95521,2.33,1.50
2011.06.08 01:53:01.286,0.95491,0.9552,2.33,1.50
2011.06.08 01:53:02.576,0.95491,0.95523,2.33,3.98
2011.06.08 01:53:03.017,0.95491,0.95523,2.33,3.98
2011.06.08 01:53:03.457,0.95491,0.95521,2.33,1.50
2011.06.08 01:53:04.006,0.95491,0.95523,2.33,3.23
2011.06.08 01:53:04.337,0.95491,0.95523,3.45,3.98
2011.06.08 01:53:06.137,0.95493,0.95523,1.73,3.98
2011.06.08 01:53:06.686,0.95492,0.95523,1.73,3.23
2011.06.08 01:53:08.456,0.95492,0.95523,1.73,3.23
2011.06.08 01:53:08.786,0.95492,0.95523,1.73,3.98
2011.06.08 01:53:16.757,0.95494,0.95523,1.73,2.10
2011.06.08 01:53:18.048,0.95493,0.95523,1.73,2.10
2011.06.08 01:53:18.287,0.95493,0.95523,1.73,2.10
2011.06.08 01:53:18.617,0.95492,0.95523,2.48,2.10
2011.06.08 01:53:19.454,0.95496,0.95524,4.05,1.50
2011.06.08 01:53:19.570,0.95498,0.95528,4.05,2.25
2011.06.08 01:53:19.788,0.95497,0.95528,4.65,2.25
2011.06.08 01:53:22.197,0.95497,0.95528,1.35,1.50
2011.06.08 01:53:22.746,0.95498,0.95528,3.83,1.50
2011.06.08 01:53:23.736,0.95504,0.95529,1.50,1.35
2011.06.08 01:53:24.286,0.95504,0.95533,1.50,2.63
2011.06.08 01:53:24.619,0.95503,0.95526,3.83,1.50
2011.06.08 01:53:25.162,0.95496,0.95523,3.08,1.50
2011.06.08 01:53:25.720,0.95493,0.95522,4.05,1.35
2011.06.08 01:53:25.948,0.95493,0.95522,4.05,2.10
2011.06.08 01:53:26.388,0.95491,0.95522,3.83,1.35
2011.06.08 01:53:29.227,0.95494,0.95522,1.13,1.35
2011.06.08 01:53:29.776,0.95496,0.95525,3.83,1.50
2011.06.08 01:53:30.327,0.95496,0.95523,3.83,2.25
2011.06.08 01:53:30.877,0.95498,0.95523,3.08,2.25
2011.06.08 01:53:31.546,0.95499,0.95523,3.68,1.50
2011.06.08 01:53:34.516,0.95499,0.95523,3.08,1.50
2011.06.08 01:53:35.686,0.95491,0.95507,3.83,1.50
2011.06.08 01:53:35.910,0.95487,0.9551,1.50,1.50
2011.06.08 01:53:36.019,0.95487,0.9551,3.83,1.50
2011.06.08 01:53:36.567,0.95487,0.95513,3.08,1.50
2011.06.08 01:53:37.117,0.95486,0.95513,3.08,1.50
2011.06.08 01:53:37.669,0.95486,0.95519,4.05,1.50
2011.06.08 01:53:37.887,0.95486,0.95518,4.05,1.35
2011.06.08 01:53:37.997,0.95486,0.95518,3.08,2.10
2011.06.08 01:53:38.328,0.95486,0.95513,3.83,1.50
2011.06.08 01:53:38.660,0.95489,0.95513,3.68,1.50
2011.06.08 01:53:38.877,0.95491,0.95515,3.08,1.50
2011.06.08 01:53:40.309,0.95488,0.95513,3.08,1.50
2011.06.08 01:53:40.419,0.95486,0.95514,3.83,1.50
2011.06.08 01:53:40.637,0.95486,0.95518,3.83,1.35
2011.06.08 01:53:41.188,0.95486,0.95518,3.83,1.50
2011.06.08 01:53:41.831,0.95485,0.95519,3.08,3.83
2011.06.08 01:53:42.497,0.95483,0.95517,4.58,4.58
2011.06.08 01:53:42.827,0.95483,0.95508,3.08,1.50
2011.06.08 01:53:44.898,0.95481,0.95508,3.08,1.50
2011.06.08 01:53:45.116,0.95479,0.95508,4.05,1.50
2011.06.08 01:53:45.877,0.95479,0.95506,3.08,1.50
2011.06.08 01:53:46.540,0.95476,0.95504,3.83,1.50
2011.06.08 01:53:46.868,0.95476,0.95501,4.58,1.50
2011.06.08 01:53:47.197,0.95476,0.95495,1.50,1.50
2011.06.08 01:53:47.858,0.95475,0.95495,1.35,1.50
2011.06.08 01:53:48.747,0.95473,0.95495,1.50,1.50
2011.06.08 01:53:50.289,0.95472,0.95495,4.58,1.50
2011.06.08 01:53:50.837,0.95472,0.95495,4.58,1.50
2011.06.08 01:53:52.798,0.9547,0.95494,2.10,1.50
2011.06.08 01:53:53.127,0.95469,0.95492,1.50,1.50
2011.06.08 01:53:53.678,0.95469,0.95504,3.83,2.85
2011.06.08 01:53:53.898,0.9547,0.95504,1.35,1.35
2011.06.08 01:53:54.700,0.9547,0.95504,4.43,3.68
2011.06.08 01:53:55.041,0.9547,0.95505,5.18,1.35
2011.06.08 01:53:55.379,0.95471,0.95495,3.83,1.50
2011.06.08 01:53:55.817,0.95474,0.95495,1.35,1.50
2011.06.08 01:53:58.217,0.95474,0.95504,2.10,1.50
2011.06.08 01:53:58.327,0.9548,0.95504,1.35,1.50
2011.06.08 01:53:58.680,0.95479,0.95512,1.35,1.35
2011.06.08 01:53:58.898,0.95479,0.95512,1.35,1.35
2011.06.08 01:53:59.227,0.95479,0.95501,1.35,1.50
2011.06.08 01:53:59.556,0.9548,0.95501,1.35,1.50
2011.06.08 01:53:59.668,0.95481,0.95505,4.05,1.50
2011.06.08 01:53:59.887,0.95481,0.95507,3.83,1.50
2011.06.08 01:54:01.038,0.95483,0.95507,4.05,1.50
2011.06.08 01:54:01.258,0.95481,0.95507,1.73,1.50
2011.06.08 01:54:01.807,0.95482,0.95507,3.90,1.50
2011.06.08 01:54:02.027,0.95483,0.9551,3.90,2.25
2011.06.08 01:54:02.475,0.95482,0.95502,1.50,1.50
2011.06.08 01:54:02.593,0.95477,0.95502,1.35,1.50
2011.06.08 01:54:03.148,0.95478,0.95502,4.43,1.50
2011.06.08 01:54:03.718,0.95478,0.95502,4.43,1.50
2011.06.08 01:54:08.446,0.95478,0.95502,3.68,1.50
2011.06.08 01:54:13.067,0.95478,0.95502,1.35,1.50
2011.06.08 01:54:13.287,0.95478,0.95502,1.35,1.50
2011.06.08 01:54:16.162,0.95477,0.95502,1.35,1.50
2011.06.08 01:54:19.389,0.95478,0.95502,1.35,1.50
2011.06.08 01:54:19.718,0.95478,0.95506,1.35,1.50
2011.06.08 01:54:21.487,0.95478,0.95506,1.35,1.50
2011.06.08 01:54:22.039,0.95478,0.95508,1.35,1.50
2011.06.08 01:54:22.369,0.95478,0.95504,1.35,1.50
2011.06.08 01:54:22.697,0.95478,0.95501,1.35,1.50
2011.06.08 01:54:23.052,0.95476,0.95501,1.58,1.50
2011.06.08 01:54:23.161,0.95474,0.95501,1.58,1.50
2011.06.08 01:54:24.709,0.95473,0.95501,1.58,4.58
2011.06.08 01:54:24.926,0.95473,0.95499,1.58,1.50
2011.06.08 01:54:32.187,0.95473,0.95499,1.35,1.50
2011.06.08 01:54:33.730,0.95473,0.955,1.73,1.50
2011.06.08 01:54:34.059,0.9548,0.95511,1.35,1.50
2011.06.08 01:54:34.279,0.95482,0.95512,3.83,1.50
2011.06.08 01:54:36.224,0.95482,0.95511,3.83,1.50
2011.06.08 01:54:37.767,0.95478,0.95508,1.73,4.43
2011.06.08 01:54:38.099,0.95473,0.95499,1.35,1.50
2011.06.08 01:54:38.427,0.95473,0.95498,1.35,1.50
2011.06.08 01:54:38.757,0.95477,0.955,3.83,1.50
2011.06.08 01:54:39.307,0.95477,0.955,4.43,1.50
2011.06.08 01:54:42.108,0.95478,0.955,1.35,1.50
2011.06.08 01:54:43.467,0.95474,0.955,5.40,1.50
2011.06.08 01:54:45.807,0.95476,0.95501,1.35,1.50
2011.06.08 01:54:46.349,0.95474,0.955,1.58,1.50
2011.06.08 01:54:46.787,0.95472,0.955,2.10,1.50
2011.06.08 01:54:47.338,0.95472,0.95498,1.35,1.50
2011.06.08 01:54:47.558,0.95469,0.95498,1.50,1.50
2011.06.08 01:54:47.668,0.95468,0.95492,1.35,1.50
2011.06.08 01:54:51.292,0.95469,0.955,1.73,2.25
2011.06.08 01:54:51.410,0.95474,0.955,1.35,1.50
2011.06.08 01:54:53.387,0.95471,0.95498,1.58,1.50
2011.06.08 01:54:53.607,0.95468,0.95498,2.10,1.50
2011.06.08 01:54:55.158,0.9547,0.95498,1.35,2.25
2011.06.08 01:54:55.488,0.95467,0.9549,1.35,1.50
2011.06.08 01:54:56.087,0.95468,0.95489,1.35,1.50
2011.06.08 01:55:00.556,0.95463,0.95489,1.73,1.50
2011.06.08 01:55:01.107,0.95463,0.95483,1.35,1.50
2011.06.08 01:55:02.329,0.95463,0.95491,1.35,1.50
2011.06.08 01:55:04.916,0.95463,0.95491,4.43,1.50
2011.06.08 01:55:05.466,0.95463,0.95491,1.35,2.25
2011.06.08 01:55:05.688,0.95463,0.95488,1.35,1.50
2011.06.08 01:55:06.017,0.95459,0.95484,1.35,1.50
2011.06.08 01:55:06.677,0.95459,0.95484,4.43,1.50
2011.06.08 01:55:10.586,0.95459,0.95484,5.18,1.50
2011.06.08 01:55:11.960,0.95464,0.95484,1.35,1.50
2011.06.08 01:55:12.288,0.95464,0.95484,1.35,1.50
2011.06.08 01:55:12.397,0.95464,0.95486,1.35,1.50
2011.06.08 01:55:12.617,0.95464,0.95488,1.35,1.50
2011.06.08 01:55:13.609,0.95466,0.95496,1.13,2.10
2011.06.08 01:55:14.157,0.95468,0.95496,4.80,1.50
2011.06.08 01:55:14.377,0.9547,0.95496,1.35,1.50
2011.06.08 01:55:14.709,0.95472,0.95496,4.80,1.50
2011.06.08 01:55:14.818,0.9548,0.95506,1.35,3.83
2011.06.08 01:55:15.476,0.95481,0.95508,1.35,1.50
2011.06.08 01:55:15.807,0.9548,0.95508,1.58,1.50
2011.06.08 01:55:16.239,0.95481,0.95508,1.35,1.50
2011.06.08 01:55:17.007,0.95481,0.95506,1.35,1.50
2011.06.08 01:55:17.228,0.95474,0.95502,1.58,2.25
2011.06.08 01:55:17.777,0.95472,0.95496,1.58,1.50
2011.06.08 01:55:19.437,0.95473,0.95498,1.35,1.50
2011.06.08 01:55:20.276,0.95473,0.95499,1.35,1.50
2011.06.08 01:55:21.006,0.95474,0.95499,1.35,1.50
2011.06.08 01:55:21.579,0.95474,0.95499,1.35,1.50
2011.06.08 01:55:22.137,0.95474,0.95499,1.35,1.50
2011.06.08 01:55:22.617,0.95474,0.95497,1.35,1.50
2011.06.08 01:55:23.057,0.95472,0.95496,1.35,1.50
2011.06.08 01:55:23.276,0.95473,0.95496,1.35,1.50
2011.06.08 01:55:23.496,0.95473,0.95495,1.35,1.50
2011.06.08 01:55:27.777,0.9547,0.95496,1.73,1.50
2011.06.08 01:55:27.889,0.9547,0.95495,1.73,1.50
2011.06.08 01:55:30.847,0.95469,0.95495,1.58,1.50
2011.06.08 01:55:31.707,0.95469,0.95495,1.58,1.50
2011.06.08 01:55:32.037,0.95469,0.95496,1.58,1.50
2011.06.08 01:55:32.476,0.95469,0.95495,2.33,1.50
2011.06.08 01:55:33.937,0.95469,0.95495,2.70,1.50
2011.06.08 01:55:34.378,0.95474,0.95497,1.35,1.50
2011.06.08 01:55:34.708,0.95474,0.95495,1.35,1.50
2011.06.08 01:55:35.478,0.95468,0.95496,1.58,1.50
2011.06.08 01:55:35.697,0.95468,0.95496,1.58,1.50
2011.06.08 01:55:36.067,0.95468,0.95496,1.35,1.50
2011.06.08 01:55:37.527,0.95471,0.95496,1.50,1.50
2011.06.08 01:55:37.857,0.95473,0.95497,1.35,1.50
2011.06.08 01:55:38.186,0.95473,0.95497,1.35,1.50
2011.06.08 01:55:38.737,0.9548,0.95497,1.50,1.50
2011.06.08 01:55:39.398,0.95472,0.95497,1.50,1.50
2011.06.08 01:55:39.949,0.95477,0.95496,1.50,1.50
2011.06.08 01:55:40.168,0.95476,0.95496,1.50,1.50
2011.06.08 01:55:42.407,0.95476,0.95498,1.50,1.50
2011.06.08 01:55:42.736,0.95476,0.95498,1.50,1.50
2011.06.08 01:55:42.957,0.95476,0.95498,1.50,1.50
2011.06.08 01:55:43.067,0.95476,0.95499,1.50,1.50
2011.06.08 01:55:43.519,0.95476,0.95497,1.50,1.50
2011.06.08 01:55:43.849,0.95477,0.95497,1.50,1.50
2011.06.08 01:55:44.838,0.95473,0.95503,3.08,1.50
2011.06.08 01:55:46.062,0.95475,0.95504,1.73,1.50
2011.06.08 01:55:46.398,0.95479,0.95507,1.13,1.35
2011.06.08 01:55:46.511,0.95483,0.95514,3.83,1.50
2011.06.08 01:55:46.629,0.95486,0.95514,1.35,1.50
2011.06.08 01:55:47.507,0.95486,0.95514,1.35,1.50
2011.06.08 01:55:47.727,0.95486,0.95514,1.35,1.50
2011.06.08 01:55:48.607,0.95486,0.95512,1.35,1.50
2011.06.08 01:55:49.157,0.95486,0.95511,1.35,1.50
2011.06.08 01:55:50.869,0.95478,0.95509,1.58,1.50
2011.06.08 01:55:53.387,0.9548,0.95503,1.35,1.50
2011.06.08 01:55:53.717,0.95481,0.95503,3.08,1.50
2011.06.08 01:55:54.266,0.95478,0.95503,1.35,1.50
2011.06.08 01:55:54.497,0.95475,0.95503,1.95,1.50
2011.06.08 01:55:54.998,0.9548,0.95503,3.83,1.50
2011.06.08 01:55:55.328,0.95472,0.95502,1.73,1.50
2011.06.08 01:55:55.743,0.95472,0.95502,5.03,1.50
2011.06.08 01:55:56.297,0.95474,0.95503,1.13,1.50
2011.06.08 01:55:58.136,0.95472,0.95502,1.95,1.50
2011.06.08 01:55:58.358,0.95472,0.95502,1.58,1.50
2011.06.08 01:55:58.798,0.95472,0.95501,1.58,1.50
2011.06.08 01:55:59.126,0.95469,0.95501,4.20,1.35
2011.06.08 01:56:02.526,0.95474,0.95501,1.35,1.50
2011.06.08 01:56:05.270,0.95474,0.95502,1.35,1.50
2011.06.08 01:56:05.817,0.9547,0.95502,1.50,2.25
2011.06.08 01:56:06.477,0.95472,0.95501,4.05,1.50
2011.06.08 01:56:09.708,0.95472,0.95501,4.05,1.50
2011.06.08 01:56:10.039,0.95475,0.95502,1.35,1.50
2011.06.08 01:56:10.410,0.9547,0.95495,1.35,1.50
2011.06.08 01:56:12.807,0.95468,0.95493,1.35,1.50
2011.06.08 01:56:12.916,0.95465,0.95493,2.10,1.50
2011.06.08 01:56:13.247,0.95464,0.95492,1.35,1.50
2011.06.08 01:56:15.447,0.95464,0.95492,1.35,1.50
2011.06.08 01:56:15.997,0.95466,0.95492,3.83,1.50
2011.06.08 01:56:16.809,0.95466,0.95492,3.83,1.50
2011.06.08 01:56:17.137,0.95466,0.95492,3.83,1.50
2011.06.08 01:56:17.468,0.95473,0.955,1.35,3.83
2011.06.08 01:56:18.018,0.95473,0.95502,1.35,1.50
2011.06.08 01:56:18.790,0.95473,0.955,1.35,1.50
2011.06.08 01:56:18.900,0.95481,0.95501,1.35,3.08
2011.06.08 01:56:19.008,0.95481,0.95509,1.35,1.50
2011.06.08 01:56:19.119,0.95481,0.95506,1.35,1.50
2011.06.08 01:56:19.449,0.95482,0.95505,1.73,2.25
2011.06.08 01:56:19.777,0.95479,0.95502,1.35,1.50
2011.06.08 01:56:23.768,0.95478,0.95502,1.35,1.50
2011.06.08 01:56:24.538,0.9548,0.95502,1.35,1.50
2011.06.08 01:56:24.758,0.95478,0.95502,1.35,1.50
2011.06.08 01:56:24.977,0.95476,0.95502,1.35,1.50
2011.06.08 01:56:25.088,0.95476,0.95503,1.35,2.25
2011.06.08 01:56:26.638,0.95477,0.95502,1.50,1.50
2011.06.08 01:56:26.861,0.95481,0.95504,1.35,1.50
2011.06.08 01:56:27.419,0.95476,0.95503,1.50,1.50
2011.06.08 01:56:28.028,0.95476,0.95503,1.50,1.50
2011.06.08 01:56:28.336,0.95476,0.95505,1.50,1.50
2011.06.08 01:56:28.449,0.95477,0.95509,1.50,4.43
2011.06.08 01:56:28.557,0.95484,0.9551,1.35,1.50
2011.06.08 01:56:29.107,0.95484,0.95512,1.35,1.50
2011.06.08 01:56:29.788,0.95485,0.9551,1.35,1.50
2011.06.08 01:56:29.899,0.95482,0.9551,1.95,1.50
2011.06.08 01:56:33.047,0.95482,0.95509,1.35,1.50
2011.06.08 01:56:34.059,0.95486,0.95509,1.50,1.50
2011.06.08 01:56:34.687,0.95482,0.95509,1.35,1.50
2011.06.08 01:56:35.346,0.95482,0.95509,2.10,1.50
2011.06.08 01:56:35.676,0.95485,0.95509,1.50,1.50
2011.06.08 01:56:36.226,0.95486,0.95509,1.50,1.50
2011.06.08 01:56:36.787,0.95482,0.95509,2.10,1.50
2011.06.08 01:56:37.337,0.95484,0.95509,1.50,1.50
2011.06.08 01:56:37.447,0.95482,0.95509,1.35,1.50
2011.06.08 01:56:38.697,0.95482,0.95509,1.35,1.50
2011.06.08 01:56:39.736,0.95482,0.95509,1.35,1.50
2011.06.08 01:56:40.397,0.95482,0.95509,2.10,1.50
2011.06.08 01:56:41.716,0.95482,0.95509,1.35,1.50
2011.06.08 01:56:43.528,0.95482,0.95508,1.35,3.83
2011.06.08 01:56:43.857,0.95482,0.95505,2.10,2.25
2011.06.08 01:56:44.188,0.95482,0.95503,2.10,1.50
2011.06.08 01:56:44.738,0.95477,0.95502,2.25,1.50
2011.06.08 01:56:44.848,0.95477,0.95502,1.50,1.50
2011.06.08 01:56:45.207,0.95478,0.95503,1.50,1.50
2011.06.08 01:56:45.316,0.95478,0.95503,1.50,1.50
2011.06.08 01:56:46.927,0.95481,0.95503,1.50,1.50
2011.06.08 01:56:47.476,0.95478,0.95503,1.50,1.50
2011.06.08 01:56:47.697,0.95478,0.95503,1.50,1.50
2011.06.08 01:56:48.207,0.95478,0.95503,1.50,1.50
2011.06.08 01:56:48.650,0.95481,0.95505,2.25,2.25
2011.06.08 01:56:49.700,0.9548,0.95502,1.35,1.50
2011.06.08 01:56:50.148,0.95476,0.95498,1.50,1.50
2011.06.08 01:56:50.807,0.95472,0.95502,2.85,4.58
2011.06.08 01:56:50.918,0.95473,0.95503,1.50,1.50
2011.06.08 01:56:53.416,0.95478,0.95503,1.35,1.50
2011.06.08 01:56:54.297,0.95478,0.95503,1.35,1.50
2011.06.08 01:56:56.186,0.95478,0.95503,1.35,1.50
2011.06.08 01:56:56.407,0.95478,0.95504,1.35,1.50
2011.06.08 01:56:59.967,0.9548,0.95509,1.13,1.50
2011.06.08 01:57:00.407,0.9548,0.95508,1.13,1.50
2011.06.08 01:57:09.037,0.95482,0.95508,1.35,1.50
2011.06.08 01:57:09.477,0.95483,0.95505,1.35,2.25
2011.06.08 01:57:10.027,0.95483,0.95505,1.35,2.25
2011.06.08 01:57:10.632,0.95482,0.95505,2.10,2.25
2011.06.08 01:57:15.994,0.95483,0.95502,1.35,1.50
2011.06.08 01:57:16.219,0.95475,0.95499,1.35,2.25
2011.06.08 01:57:19.557,0.95475,0.95502,1.35,1.50
2011.06.08 01:57:20.547,0.95476,0.95505,1.50,1.50
2011.06.08 01:57:20.656,0.95476,0.95502,1.50,1.50
2011.06.08 01:57:21.357,0.95476,0.95504,1.50,1.50
2011.06.08 01:57:21.797,0.95491,0.9551,1.50,1.35
2011.06.08 01:57:22.151,0.95491,0.95515,2.10,1.13
2011.06.08 01:57:22.488,0.95491,0.95515,2.10,1.50
2011.06.08 01:57:23.378,0.95491,0.95517,2.10,1.50
2011.06.08 01:57:23.601,0.95491,0.95514,1.35,2.25
2011.06.08 01:57:23.718,0.95483,0.95509,1.35,1.50
2011.06.08 01:57:23.830,0.95478,0.95509,1.35,2.25
2011.06.08 01:57:24.157,0.95478,0.95501,1.35,1.50
2011.06.08 01:57:24.488,0.95478,0.95501,1.35,2.25
2011.06.08 01:57:25.480,0.95478,0.95501,1.35,1.50
2011.06.08 01:57:26.247,0.95478,0.955,1.35,1.50
2011.06.08 01:57:26.357,0.95478,0.95501,1.35,1.50
2011.06.08 01:57:26.687,0.95478,0.95501,1.35,1.50
2011.06.08 01:57:27.139,0.95478,0.95502,1.35,1.50
2011.06.08 01:57:28.316,0.95478,0.95501,1.35,1.50
2011.06.08 01:57:28.537,0.95478,0.95502,1.35,1.50
2011.06.08 01:57:29.717,0.95478,0.95501,1.35,1.50
2011.06.08 01:57:30.048,0.95478,0.95502,1.35,2.25
2011.06.08 01:57:31.587,0.95478,0.95501,1.35,1.50
2011.06.08 01:57:31.807,0.95478,0.95502,1.35,1.50
2011.06.08 01:57:32.290,0.95478,0.95502,1.35,1.50
2011.06.08 01:57:32.850,0.95478,0.95501,1.35,1.50
2011.06.08 01:57:33.068,0.95478,0.95502,1.35,1.50
2011.06.08 01:57:33.398,0.95478,0.95502,1.35,2.25
2011.06.08 01:57:33.948,0.95477,0.95501,1.35,1.50
2011.06.08 01:57:34.166,0.95475,0.95501,1.35,1.50
2011.06.08 01:57:34.278,0.95478,0.95501,1.35,1.50
2011.06.08 01:57:34.866,0.95478,0.95502,1.35,1.50
2011.06.08 01:57:35.418,0.95473,0.955,1.35,1.50
2011.06.08 01:57:35.637,0.95473,0.95498,1.35,1.50
2011.06.08 01:57:36.406,0.95473,0.95498,1.35,1.50
2011.06.08 01:57:37.407,0.95467,0.95492,1.50,3.08
2011.06.08 01:57:37.518,0.95472,0.95497,1.35,1.13
2011.06.08 01:57:37.738,0.95466,0.95492,3.83,1.50
2011.06.08 01:57:38.524,0.95459,0.95491,1.35,2.48
2011.06.08 01:57:38.640,0.95459,0.95487,1.35,1.50
2011.06.08 01:57:38.752,0.95459,0.95487,1.35,1.50
2011.06.08 01:57:39.198,0.95453,0.95484,4.43,1.50
2011.06.08 01:57:39.639,0.95453,0.95484,5.18,1.88
2011.06.08 01:57:39.970,0.95457,0.95486,1.50,1.35
2011.06.08 01:57:40.298,0.95463,0.95491,2.10,1.50
2011.06.08 01:57:40.408,0.95464,0.95491,3.83,1.50
2011.06.08 01:57:40.520,0.95472,0.95491,1.35,1.50
2011.06.08 01:57:40.740,0.95472,0.95498,1.35,1.50
2011.06.08 01:57:41.507,0.95468,0.95497,3.83,1.50
2011.06.08 01:57:41.948,0.95467,0.95495,1.35,1.50
2011.06.08 01:57:42.387,0.95471,0.95495,1.35,1.50
2011.06.08 01:57:42.610,0.95471,0.95495,1.73,1.50
2011.06.08 01:57:42.722,0.9547,0.95494,1.35,1.50
2011.06.08 01:57:42.839,0.95467,0.95493,1.35,1.50
2011.06.08 01:57:43.278,0.9547,0.95493,1.35,1.50
2011.06.08 01:57:44.178,0.95467,0.95492,1.35,1.50
2011.06.08 01:57:44.399,0.95466,0.95492,1.35,1.50
2011.06.08 01:57:44.618,0.95466,0.95491,1.35,1.50
2011.06.08 01:57:44.837,0.95465,0.95488,1.35,1.50
2011.06.08 01:57:45.059,0.95459,0.95484,1.35,1.50
2011.06.08 01:57:46.157,0.95463,0.95486,4.43,1.50
2011.06.08 01:57:46.268,0.95463,0.95486,4.43,1.50
2011.06.08 01:57:46.488,0.95465,0.95488,1.35,1.50
2011.06.08 01:57:46.928,0.95465,0.95488,1.35,2.25
2011.06.08 01:57:47.037,0.95465,0.95488,1.35,1.50
2011.06.08 01:57:47.588,0.95465,0.95489,4.43,1.50
2011.06.08 01:57:48.147,0.95465,0.95488,1.35,1.50
2011.06.08 01:57:48.696,0.95465,0.95489,1.35,1.50
2011.06.08 01:57:49.045,0.95465,0.95486,1.35,1.50
2011.06.08 01:57:49.159,0.95465,0.95486,1.35,1.50
2011.06.08 01:57:49.498,0.95466,0.95489,1.50,1.50
2011.06.08 01:57:49.612,0.95464,0.95487,1.35,2.25
2011.06.08 01:57:49.948,0.95463,0.95486,3.08,1.50
2011.06.08 01:57:50.389,0.95467,0.95484,1.35,1.50
2011.06.08 01:57:50.609,0.95468,0.95495,4.80,1.50
2011.06.08 01:57:50.718,0.95471,0.95495,1.35,1.50
2011.06.08 01:57:52.729,0.9547,0.95497,1.35,1.50
2011.06.08 01:57:53.277,0.95473,0.95497,1.35,1.50
2011.06.08 01:57:53.500,0.95467,0.95493,2.33,1.50
2011.06.08 01:57:53.609,0.95467,0.95492,2.10,1.50
2011.06.08 01:57:53.717,0.95467,0.95487,2.10,1.50
2011.06.08 01:57:54.269,0.95464,0.95487,1.35,2.25
2011.06.08 01:57:54.817,0.95463,0.95486,4.65,1.50
2011.06.08 01:57:55.554,0.95467,0.95492,1.35,1.50
2011.06.08 01:57:55.779,0.95468,0.95492,3.83,1.50
2011.06.08 01:57:55.887,0.95468,0.95495,3.83,2.25
2011.06.08 01:57:56.326,0.95467,0.95495,5.18,2.25
2011.06.08 01:57:56.879,0.9547,0.95493,1.35,1.50
2011.06.08 01:57:57.508,0.95471,0.95497,1.35,1.50
2011.06.08 01:57:57.837,0.95471,0.95497,1.35,1.50
2011.06.08 01:57:58.277,0.95471,0.95497,1.35,1.50
2011.06.08 01:57:58.768,0.95471,0.95494,1.35,1.50
2011.06.08 01:57:59.099,0.95471,0.95493,1.35,1.50
2011.06.08 01:57:59.318,0.95467,0.95493,1.73,1.50
2011.06.08 01:57:59.427,0.95467,0.95493,1.73,1.50
2011.06.08 01:58:00.258,0.95467,0.95493,1.73,1.50
2011.06.08 01:58:00.807,0.95466,0.95493,2.85,1.50
2011.06.08 01:58:01.247,0.95467,0.95493,1.35,1.50
2011.06.08 01:58:03.147,0.95465,0.95496,1.35,1.50
2011.06.08 01:58:03.367,0.95462,0.95493,5.18,1.50
2011.06.08 01:58:03.586,0.95462,0.95493,5.18,1.50
2011.06.08 01:58:03.918,0.95462,0.95493,1.88,1.50
2011.06.08 01:58:04.478,0.95465,0.95492,1.35,1.50
2011.06.08 01:58:04.808,0.95464,0.95495,1.35,3.83
2011.06.08 01:58:06.028,0.95464,0.95493,3.68,1.50
2011.06.08 01:58:06.578,0.95462,0.95492,4.43,1.50
2011.06.08 01:58:06.908,0.95462,0.95492,3.68,2.25
2011.06.08 01:58:07.518,0.9546,0.95492,4.65,3.00
2011.06.08 01:58:08.578,0.95458,0.95491,4.43,1.50
2011.06.08 01:58:08.687,0.95459,0.95491,1.35,1.50
2011.06.08 01:58:09.238,0.95458,0.95491,4.43,1.50
2011.06.08 01:58:09.569,0.95458,0.9549,1.35,1.50
2011.06.08 01:58:10.120,0.95457,0.95489,4.43,2.25
2011.06.08 01:58:10.337,0.95457,0.95489,4.43,2.25
2011.06.08 01:58:10.997,0.95458,0.9549,1.35,3.00
2011.06.08 01:58:11.799,0.95454,0.95485,2.10,1.50
2011.06.08 01:58:11.911,0.95451,0.95485,1.35,1.50
2011.06.08 01:58:12.958,0.95461,0.95485,1.35,1.50
2011.06.08 01:58:13.288,0.9546,0.95488,3.83,1.50
2011.06.08 01:58:13.398,0.9546,0.95486,3.83,1.50
2011.06.08 01:58:13.507,0.9546,0.95486,3.08,1.50
2011.06.08 01:58:13.837,0.95454,0.95485,3.68,1.50
2011.06.08 01:58:14.717,0.95455,0.95485,1.35,1.50
2011.06.08 01:58:15.908,0.95456,0.95485,1.35,1.50
2011.06.08 01:58:16.023,0.95456,0.95485,1.35,1.50
2011.06.08 01:58:16.618,0.95456,0.95485,2.10,1.50
2011.06.08 01:58:17.166,0.95456,0.95485,1.35,1.50
2011.06.08 01:58:17.387,0.95455,0.95485,1.35,1.50
2011.06.08 01:58:17.607,0.95457,0.95485,4.43,1.50
2011.06.08 01:58:17.717,0.95457,0.95485,1.73,1.50
2011.06.08 01:58:18.047,0.95458,0.95485,4.05,1.50
2011.06.08 01:58:18.708,0.95461,0.95485,2.10,1.50
2011.06.08 01:58:19.037,0.95462,0.95485,1.13,1.50
2011.06.08 01:58:19.257,0.95461,0.95489,2.48,1.50
2011.06.08 01:58:19.806,0.95461,0.95489,1.73,1.50
2011.06.08 01:58:20.136,0.95462,0.95489,1.13,1.50
2011.06.08 01:58:22.368,0.95461,0.95489,2.10,1.50
2011.06.08 01:58:22.698,0.95462,0.95489,1.35,1.50
2011.06.08 01:58:24.588,0.95461,0.95489,1.73,1.50
2011.06.08 01:58:24.697,0.95461,0.95489,1.50,1.50
2011.06.08 01:58:24.917,0.9546,0.95489,1.50,1.50
2011.06.08 01:58:25.466,0.9546,0.95489,1.50,1.50
2011.06.08 01:58:25.577,0.9546,0.95489,1.50,1.50
2011.06.08 01:58:25.800,0.95462,0.95489,1.35,1.50
2011.06.08 01:58:26.019,0.95466,0.95489,1.35,1.50
2011.06.08 01:58:26.348,0.95466,0.95489,1.35,1.50
2011.06.08 01:58:26.791,0.95471,0.9549,1.35,1.50
2011.06.08 01:58:27.257,0.95475,0.95499,3.83,1.50
2011.06.08 01:58:27.369,0.95475,0.955,3.83,1.50
2011.06.08 01:58:27.588,0.95482,0.95509,2.10,2.25
2011.06.08 01:58:27.809,0.95485,0.95509,3.08,1.50
2011.06.08 01:58:28.797,0.95488,0.95514,1.35,1.50
2011.06.08 01:58:28.908,0.95487,0.95513,3.68,1.50
2011.06.08 01:58:29.018,0.95487,0.95513,3.08,1.50
2011.06.08 01:58:29.127,0.95485,0.95513,3.08,1.50
2011.06.08 01:58:29.237,0.95485,0.95513,3.08,1.50
2011.06.08 01:58:30.748,0.95485,0.95513,3.83,1.88
2011.06.08 01:58:31.297,0.95485,0.95513,3.08,1.50
2011.06.08 01:58:31.518,0.95483,0.95511,2.25,4.43
2011.06.08 01:58:31.847,0.95483,0.95505,1.13,1.50
2011.06.08 01:58:31.957,0.95481,0.95505,1.50,1.50
2011.06.08 01:58:32.789,0.95479,0.95505,1.73,1.50
2011.06.08 01:58:33.339,0.95479,0.95505,1.35,1.50
2011.06.08 01:58:33.997,0.95476,0.95502,3.23,1.50
2011.06.08 01:58:34.383,0.95479,0.95502,1.35,1.50
2011.06.08 01:58:34.498,0.95477,0.95502,1.35,1.50
2011.06.08 01:58:34.827,0.95477,0.95502,1.35,1.50
2011.06.08 01:58:35.530,0.95479,0.95502,1.35,1.50
2011.06.08 01:58:35.947,0.95476,0.95502,2.48,1.50
2011.06.08 01:58:36.467,0.95479,0.95502,1.35,1.50
2011.06.08 01:58:37.038,0.95479,0.95505,1.35,3.83
2011.06.08 01:58:37.257,0.9548,0.95505,1.50,1.50
2011.06.08 01:58:37.907,0.95479,0.95508,1.35,1.13
2011.06.08 01:58:38.238,0.95481,0.9551,1.35,2.25
2011.06.08 01:58:38.568,0.95481,0.9551,6.68,2.25
2011.06.08 01:58:38.847,0.95485,0.9551,1.35,1.50
2011.06.08 01:58:39.068,0.95482,0.9551,3.68,1.50
2011.06.08 01:58:39.508,0.95476,0.95508,3.45,1.35
2011.06.08 01:58:39.728,0.95476,0.95502,1.73,1.50
2011.06.08 01:58:40.277,0.95475,0.95502,1.35,1.50
2011.06.08 01:58:41.668,0.95475,0.955,1.35,1.50
2011.06.08 01:58:43.227,0.95474,0.95499,1.35,1.50
2011.06.08 01:58:46.807,0.95471,0.95499,1.73,1.50
2011.06.08 01:58:50.097,0.95472,0.95499,1.35,1.50
2011.06.08 01:58:50.317,0.95472,0.95499,1.35,1.50
2011.06.08 01:58:52.987,0.9547,0.95499,2.85,1.50
2011.06.08 01:58:53.646,0.9547,0.95499,2.85,1.50
2011.06.08 01:58:56.176,0.9547,0.95499,2.10,1.50
2011.06.08 01:58:59.632,0.95469,0.95499,1.35,1.50
2011.06.08 01:58:59.860,0.95468,0.95499,3.68,1.50
2011.06.08 01:59:00.408,0.95468,0.95493,3.68,1.50
2011.06.08 01:59:04.258,0.95465,0.95494,2.10,1.50
2011.06.08 01:59:04.816,0.95464,0.95492,5.18,1.50
2011.06.08 01:59:05.510,0.95464,0.95492,4.05,1.50
2011.06.08 01:59:06.057,0.95463,0.95492,1.35,1.50
2011.06.08 01:59:10.161,0.95464,0.95492,3.68,1.50
2011.06.08 01:59:10.609,0.95464,0.95492,3.68,1.50
2011.06.08 01:59:11.988,0.95464,0.95492,3.68,1.50
2011.06.08 01:59:12.429,0.95462,0.95482,3.68,1.50
2011.06.08 01:59:12.978,0.95461,0.95486,3.68,1.50
2011.06.08 01:59:13.527,0.9546,0.95484,3.68,1.50
2011.06.08 01:59:15.327,0.95461,0.95486,2.48,1.50
2011.06.08 01:59:16.679,0.95463,0.95489,2.10,1.50
2011.06.08 01:59:17.227,0.95467,0.9549,3.68,1.50
2011.06.08 01:59:17.558,0.95467,0.9549,3.68,1.50
2011.06.08 01:59:17.997,0.95463,0.95488,2.10,1.50
2011.06.08 01:59:18.571,0.95463,0.95488,2.10,1.50
2011.06.08 01:59:20.137,0.95463,0.95489,2.10,1.50
2011.06.08 01:59:20.248,0.95462,0.95489,2.48,1.50
2011.06.08 01:59:20.689,0.95462,0.95487,3.68,1.50
2011.06.08 01:59:20.907,0.95462,0.95484,3.68,1.50
2011.06.08 01:59:23.008,0.95458,0.95485,5.18,2.25
2011.06.08 01:59:23.339,0.95462,0.95488,1.35,1.50
2011.06.08 01:59:24.458,0.95465,0.9549,3.68,1.50
2011.06.08 01:59:25.173,0.95467,0.95493,3.68,1.50
2011.06.08 01:59:25.290,0.95464,0.95495,3.68,1.50
2011.06.08 01:59:25.620,0.95461,0.9549,6.53,1.50
2011.06.08 01:59:25.838,0.95463,0.9549,5.18,1.50
2011.06.08 01:59:25.950,0.95463,0.9549,7.43,1.50
2011.06.08 01:59:26.497,0.95468,0.95491,3.68,1.50
2011.06.08 01:59:30.047,0.95465,0.9549,2.70,1.50
2011.06.08 01:59:31.867,0.95462,0.95489,3.68,1.50
2011.06.08 01:59:32.457,0.95462,0.95489,3.68,1.50
2011.06.08 01:59:36.761,0.95463,0.9549,3.68,1.50
2011.06.08 01:59:36.979,0.95465,0.9549,5.55,1.50
2011.06.08 01:59:37.201,0.95469,0.95492,3.68,1.50
2011.06.08 01:59:37.591,0.95467,0.95491,4.05,1.50
2011.06.08 01:59:37.918,0.95472,0.955,3.68,1.50
2011.06.08 01:59:38.138,0.95471,0.955,3.68,1.50
2011.06.08 01:59:38.358,0.95472,0.955,2.85,1.50
2011.06.08 01:59:38.578,0.95473,0.955,3.68,1.50
2011.06.08 01:59:38.908,0.95472,0.955,3.68,1.50
2011.06.08 01:59:39.508,0.95471,0.955,6.68,1.50
2011.06.08 01:59:39.948,0.95468,0.95497,2.85,1.50
2011.06.08 01:59:40.058,0.95467,0.95497,1.58,1.50
2011.06.08 01:59:40.169,0.95465,0.9549,1.35,1.50
2011.06.08 01:59:40.389,0.95462,0.9549,1.35,1.50
2011.06.08 01:59:40.637,0.95462,0.9549,1.35,1.50
2011.06.08 01:59:41.937,0.95462,0.9549,3.68,1.50
2011.06.08 01:59:42.267,0.95463,0.95489,1.13,1.50
2011.06.08 01:59:42.597,0.95465,0.95492,3.68,1.50
2011.06.08 01:59:42.928,0.95463,0.95489,1.35,1.50
2011.06.08 01:59:43.587,0.95466,0.95494,3.45,1.50
2011.06.08 01:59:43.917,0.95465,0.955,8.40,1.50
2011.06.08 01:59:44.247,0.95468,0.955,3.68,1.50
2011.06.08 01:59:44.357,0.95468,0.95502,3.68,4.58
2011.06.08 01:59:44.578,0.95468,0.95494,3.68,1.13
2011.06.08 01:59:44.688,0.95466,0.95491,1.50,3.08
2011.06.08 01:59:44.798,0.9546,0.95491,2.10,3.83
2011.06.08 01:59:45.127,0.95464,0.95491,1.35,3.83
2011.06.08 01:59:45.347,0.95461,0.95494,4.05,2.63
2011.06.08 01:59:45.897,0.95461,0.95491,3.68,1.50
2011.06.08 01:59:46.251,0.95459,0.9549,1.35,3.83
2011.06.08 01:59:46.481,0.95456,0.95489,4.05,1.50
2011.06.08 01:59:48.457,0.95459,0.95492,1.35,4.58
2011.06.08 01:59:50.817,0.95459,0.95486,3.68,1.50
2011.06.08 01:59:51.273,0.95463,0.95492,3.68,1.50
2011.06.08 01:59:51.498,0.95463,0.95492,3.68,1.50
2011.06.08 01:59:51.608,0.95458,0.95491,3.98,3.83
2011.06.08 01:59:51.828,0.95457,0.95491,4.80,4.58
2011.06.08 01:59:52.048,0.9546,0.95493,4.05,3.23
2011.06.08 01:59:54.096,0.95459,0.95489,1.58,1.50
2011.06.08 01:59:55.279,0.95459,0.95489,1.58,1.50
2011.06.08 01:59:55.670,0.95461,0.95489,3.68,1.50
2011.06.08 01:59:55.888,0.95461,0.95489,3.68,1.50
2011.06.08 01:59:55.998,0.95461,0.95489,3.68,1.50
2011.06.08 01:59:59.560,0.95461,0.95489,3.68,1.50
