2016.05.03 12:00:00.056,1.11566,1.11579,1.00,1.00
2016.05.03 12:00:00.917,1.11562,1.11579,2.25,1.00
2016.05.03 12:00:01.426,1.11562,1.11578,1.00,1.37
2016.05.03 12:00:01.738,1.11561,1.11576,1.00,2.00
2016.05.03 12:00:02.446,1.11557,1.11577,1.00,3.56
2016.05.03 12:00:04.523,1.11561,1.11576,1.00,1.75
2016.05.03 12:00:05.582,1.11561,1.11577,1.00,1.50
2016.05.03 12:00:06.213,1.11562,1.1158,1.00,2.06
2016.05.03 12:00:06.714,1.11561,1.1158,1.12,2.06
2016.05.03 12:00:07.547,1.1156,1.1158,1.00,3.56
2016.05.03 12:00:08.971,1.11559,1.11577,1.00,1.50
2016.05.03 12:00:09.390,1.11557,1.11577,1.00,1.87
2016.05.03 12:00:09.899,1.11554,1.11573,3.00,1.12
2016.05.03 12:00:10.207,1.11556,1.11573,1.00,1.75
2016.05.03 12:00:10.831,1.11554,1.11569,1.00,1.00
2016.05.03 12:00:10.934,1.11552,1.11567,1.37,1.12
2016.05.03 12:00:11.139,1.11549,1.11567,1.00,1.50
2016.05.03 12:00:11.241,1.11552,1.11567,1.00,1.50
2016.05.03 12:00:11.537,1.11549,1.11567,1.00,1.50
2016.05.03 12:00:11.842,1.11547,1.11566,1.87,2.44
2016.05.03 12:00:12.390,1.11546,1.11564,1.00,1.00
2016.05.03 12:00:12.441,1.11548,1.11564,1.00,1.00
2016.05.03 12:00:12.849,1.11545,1.11564,1.12,1.12
2016.05.03 12:00:13.174,1.11552,1.11567,1.00,1.50
2016.05.03 12:00:13.703,1.11551,1.11568,1.00,2.25
2016.05.03 12:00:14.564,1.11552,1.11568,1.00,2.25
2016.05.03 12:00:15.441,1.11551,1.11567,1.00,1.50
2016.05.03 12:00:15.796,1.11549,1.11566,1.00,1.37
2016.05.03 12:00:16.229,1.11551,1.11566,1.00,1.37
2016.05.03 12:00:16.533,1.11549,1.11566,1.00,1.37
2016.05.03 12:00:17.165,1.1155,1.11568,1.00,3.75
2016.05.03 12:00:17.695,1.11551,1.11567,1.00,1.50
2016.05.03 12:00:19.150,1.11552,1.11568,1.00,2.25
2016.05.03 12:00:19.254,1.11547,1.11565,1.87,1.00
2016.05.03 12:00:19.305,1.11547,1.11567,1.50,3.37
2016.05.03 12:00:19.630,1.11547,1.11565,1.50,2.62
2016.05.03 12:00:20.260,1.11552,1.11565,1.00,1.12
2016.05.03 12:00:20.361,1.11547,1.11565,1.50,1.12
2016.05.03 12:00:20.962,1.11546,1.11565,1.00,3.37
2016.05.03 12:00:21.965,1.11547,1.11564,1.00,1.75
2016.05.03 12:00:22.473,1.11546,1.11564,1.50,1.75
2016.05.03 12:00:23.040,1.11547,1.11564,1.00,1.75
2016.05.03 12:00:23.649,1.11546,1.11562,1.00,1.75
2016.05.03 12:00:23.903,1.11546,1.11564,1.87,1.69
2016.05.03 12:00:24.416,1.11547,1.11564,1.00,1.50
2016.05.03 12:00:24.875,1.11547,1.11561,1.00,1.00
2016.05.03 12:00:25.687,1.11542,1.11561,2.25,1.00
2016.05.03 12:00:25.789,1.11547,1.11561,1.00,1.00
2016.05.03 12:00:25.992,1.11542,1.11561,2.25,1.00
2016.05.03 12:00:26.348,1.11547,1.11561,1.00,1.00
2016.05.03 12:00:26.450,1.11542,1.11561,1.50,1.00
2016.05.03 12:00:26.553,1.11547,1.11561,1.00,1.00
2016.05.03 12:00:28.342,1.11547,1.11559,1.00,1.00
2016.05.03 12:00:28.494,1.11541,1.11558,1.00,1.50
2016.05.03 12:00:28.956,1.11538,1.11555,1.00,1.00
2016.05.03 12:00:29.266,1.11542,1.11555,1.00,1.00
2016.05.03 12:00:31.292,1.11538,1.11555,1.00,1.25
2016.05.03 12:00:31.807,1.11537,1.11555,1.50,1.69
2016.05.03 12:00:32.594,1.11536,1.11555,2.25,1.25
2016.05.03 12:00:32.645,1.11536,1.11555,2.25,1.69
2016.05.03 12:00:33.000,1.11536,1.11555,1.00,1.25
2016.05.03 12:00:33.103,1.11538,1.11555,1.00,1.69
2016.05.03 12:00:33.413,1.11541,1.11558,1.00,3.19
2016.05.03 12:00:34.579,1.11542,1.11558,1.50,2.44
2016.05.03 12:00:34.681,1.11539,1.11558,1.12,1.94
2016.05.03 12:00:34.833,1.11539,1.11557,1.00,2.81
2016.05.03 12:00:35.139,1.11543,1.11559,1.00,2.06
2016.05.03 12:00:35.323,1.11543,1.11558,1.00,1.44
2016.05.03 12:00:35.577,1.11541,1.11558,1.00,1.12
2016.05.03 12:00:35.831,1.11541,1.11556,1.00,1.81
2016.05.03 12:00:36.035,1.11542,1.11556,1.00,2.25
2016.05.03 12:00:36.086,1.11539,1.11556,1.00,1.50
2016.05.03 12:00:37.014,1.11542,1.11556,1.00,1.25
2016.05.03 12:00:37.557,1.11541,1.11556,1.00,1.69
2016.05.03 12:00:37.862,1.11541,1.11556,1.00,3.19
2016.05.03 12:00:40.183,1.11541,1.11555,1.00,1.31
2016.05.03 12:00:41.465,1.11537,1.11551,2.06,1.00
2016.05.03 12:00:41.516,1.11541,1.11551,1.00,1.00
2016.05.03 12:00:41.619,1.11541,1.11556,1.00,2.44
2016.05.03 12:00:41.722,1.11537,1.11555,1.31,1.94
2016.05.03 12:00:42.128,1.11537,1.11553,1.00,2.44
2016.05.03 12:00:42.433,1.11536,1.11552,1.50,1.87
2016.05.03 12:00:42.624,1.11537,1.11553,1.00,1.75
2016.05.03 12:00:44.286,1.11536,1.11552,1.87,1.75
2016.05.03 12:00:44.439,1.11538,1.11555,1.00,2.06
2016.05.03 12:00:44.642,1.11538,1.11555,1.00,1.62
2016.05.03 12:00:45.214,1.11542,1.11555,1.00,1.56
2016.05.03 12:00:45.727,1.11538,1.11555,1.00,1.56
2016.05.03 12:00:46.184,1.11541,1.11555,1.00,1.56
2016.05.03 12:00:46.388,1.11538,1.11555,1.12,1.56
2016.05.03 12:00:46.819,1.11541,1.11555,1.00,1.56
2016.05.03 12:00:47.461,1.11542,1.11556,1.00,2.44
2016.05.03 12:00:48.032,1.11541,1.11556,1.00,2.44
2016.05.03 12:00:48.931,1.11542,1.11556,1.00,2.44
2016.05.03 12:00:49.799,1.11541,1.11556,1.00,1.50
2016.05.03 12:00:50.435,1.11543,1.11556,1.00,1.50
2016.05.03 12:00:50.841,1.11543,1.11557,1.00,1.00
2016.05.03 12:00:51.859,1.11544,1.11557,1.00,1.00
2016.05.03 12:00:52.694,1.11546,1.11557,1.50,1.00
2016.05.03 12:00:52.951,1.11549,1.11566,1.00,2.44
2016.05.03 12:00:53.510,1.11547,1.11564,1.00,1.69
2016.05.03 12:00:53.663,1.11547,1.11563,1.00,1.31
2016.05.03 12:00:54.016,1.11544,1.11563,1.00,3.19
2016.05.03 12:00:54.118,1.11542,1.11562,1.00,1.94
2016.05.03 12:00:55.058,1.11545,1.11562,1.00,1.94
2016.05.03 12:00:55.662,1.11541,1.11557,1.87,1.00
2016.05.03 12:00:55.966,1.11545,1.11561,1.00,2.00
2016.05.03 12:00:56.555,1.11546,1.11562,1.00,1.31
2016.05.03 12:00:57.872,1.11546,1.11562,2.06,2.06
2016.05.03 12:00:58.788,1.11547,1.11562,1.31,1.69
2016.05.03 12:00:59.232,1.11544,1.11561,1.56,1.19
2016.05.03 12:00:59.385,1.11544,1.11561,1.00,1.19
2016.05.03 12:00:59.606,1.11543,1.11559,1.00,1.19
2016.05.03 12:00:59.961,1.11547,1.11559,1.00,1.94
2016.05.03 12:01:00.164,1.11542,1.11559,2.06,1.94
2016.05.03 12:01:01.769,1.11546,1.11559,1.00,1.56
2016.05.03 12:01:01.821,1.11548,1.11563,1.00,1.56
2016.05.03 12:01:02.025,1.11548,1.11566,1.00,2.44
2016.05.03 12:01:02.077,1.11552,1.11566,1.00,1.94
2016.05.03 12:01:02.385,1.11548,1.11566,1.56,1.94
2016.05.03 12:01:02.886,1.11548,1.11566,1.00,1.94
2016.05.03 12:01:03.405,1.11547,1.11566,1.50,2.44
2016.05.03 12:01:03.873,1.11552,1.11566,1.00,2.44
2016.05.03 12:01:04.146,1.11547,1.11566,1.00,2.81
2016.05.03 12:01:04.453,1.11547,1.11564,1.00,2.06
2016.05.03 12:01:04.555,1.11545,1.11563,1.50,1.31
2016.05.03 12:01:05.078,1.11547,1.11564,1.00,2.06
2016.05.03 12:01:06.468,1.11546,1.11564,1.12,1.69
2016.05.03 12:01:06.672,1.11547,1.11564,1.00,2.81
2016.05.03 12:01:07.046,1.11544,1.11563,1.00,3.19
2016.05.03 12:01:07.251,1.11546,1.11563,1.00,2.44
2016.05.03 12:01:07.760,1.11547,1.11563,1.00,1.94
2016.05.03 12:01:08.557,1.11546,1.11564,1.50,2.25
2016.05.03 12:01:08.862,1.11543,1.11563,1.50,1.87
2016.05.03 12:01:09.066,1.11545,1.1156,1.00,1.00
2016.05.03 12:01:09.616,1.11546,1.11564,1.00,1.75
2016.05.03 12:01:10.132,1.11547,1.11564,1.00,1.75
2016.05.03 12:01:10.765,1.11547,1.11564,1.00,1.50
2016.05.03 12:01:10.867,1.11547,1.11564,1.00,1.12
2016.05.03 12:01:11.121,1.11547,1.11561,1.00,1.00
2016.05.03 12:01:11.274,1.11542,1.11559,1.87,1.12
2016.05.03 12:01:11.759,1.11546,1.11559,1.00,1.12
2016.05.03 12:01:11.856,1.11541,1.11559,2.06,1.12
2016.05.03 12:01:12.978,1.11542,1.11559,1.00,1.12
2016.05.03 12:01:15.595,1.11541,1.1156,1.31,3.00
2016.05.03 12:01:16.129,1.11542,1.1156,1.00,2.25
2016.05.03 12:01:16.536,1.11545,1.11562,1.00,3.00
2016.05.03 12:01:16.892,1.11547,1.11562,1.00,1.75
2016.05.03 12:01:17.097,1.11551,1.11567,1.00,2.25
2016.05.03 12:01:17.286,1.11549,1.11567,1.00,1.50
2016.05.03 12:01:17.388,1.11551,1.11568,1.00,2.25
2016.05.03 12:01:17.999,1.11549,1.11567,1.00,1.50
2016.05.03 12:01:18.475,1.11548,1.11565,1.12,1.37
2016.05.03 12:01:19.019,1.11548,1.11565,1.12,1.75
2016.05.03 12:01:19.656,1.11546,1.11563,1.50,1.50
2016.05.03 12:01:19.911,1.11543,1.11562,1.12,1.75
2016.05.03 12:01:20.177,1.11547,1.11562,1.00,1.75
2016.05.03 12:01:20.279,1.11543,1.11562,1.12,1.75
2016.05.03 12:01:21.315,1.11544,1.11561,1.00,1.50
2016.05.03 12:01:23.576,1.11546,1.11564,1.00,2.62
2016.05.03 12:01:23.881,1.11552,1.1157,1.00,3.00
2016.05.03 12:01:23.932,1.11552,1.1157,1.12,1.87
2016.05.03 12:01:24.478,1.11553,1.11571,1.00,1.50
2016.05.03 12:01:25.001,1.11552,1.11571,1.39,1.50
2016.05.03 12:01:25.263,1.11551,1.1157,1.64,1.12
2016.05.03 12:01:26.790,1.11551,1.11567,1.50,1.00
2016.05.03 12:01:27.095,1.11542,1.11557,1.56,1.12
2016.05.03 12:01:27.350,1.1154,1.11557,1.00,1.50
2016.05.03 12:01:27.706,1.11538,1.11557,1.12,1.50
2016.05.03 12:01:27.886,1.1154,1.11557,1.00,1.50
2016.05.03 12:01:28.399,1.11541,1.11559,1.00,1.75
2016.05.03 12:01:28.911,1.1154,1.11557,1.00,1.50
2016.05.03 12:01:31.036,1.11542,1.11557,1.00,1.50
2016.05.03 12:01:31.935,1.11539,1.11559,1.31,1.75
2016.05.03 12:01:32.037,1.11542,1.11559,1.00,1.75
2016.05.03 12:01:32.241,1.11542,1.11559,1.00,1.50
2016.05.03 12:01:32.494,1.11547,1.11559,1.00,1.50
2016.05.03 12:01:33.017,1.11546,1.1156,1.00,3.00
2016.05.03 12:01:33.614,1.11547,1.1156,1.00,3.00
2016.05.03 12:01:34.658,1.11547,1.11565,1.50,3.37
2016.05.03 12:01:34.709,1.11549,1.11565,1.00,2.62
2016.05.03 12:01:34.760,1.11549,1.11564,1.00,1.00
2016.05.03 12:01:35.410,1.11547,1.11565,1.00,2.25
2016.05.03 12:01:35.731,1.11551,1.11562,1.00,1.00
2016.05.03 12:01:35.796,1.11547,1.11562,1.00,1.00
2016.05.03 12:01:36.308,1.11546,1.11562,1.00,1.00
2016.05.03 12:01:38.103,1.11547,1.11562,1.00,1.00
2016.05.03 12:01:38.612,1.11549,1.11562,1.00,1.00
2016.05.03 12:01:39.319,1.11549,1.11567,1.25,2.25
2016.05.03 12:01:39.573,1.11552,1.11568,1.00,1.75
2016.05.03 12:01:41.705,1.1155,1.11565,1.00,1.00
2016.05.03 12:01:42.245,1.11549,1.11565,1.25,1.00
2016.05.03 12:01:43.974,1.11551,1.11566,1.00,1.37
2016.05.03 12:01:44.279,1.11557,1.11567,1.00,1.00
2016.05.03 12:01:44.473,1.11547,1.11559,1.00,1.00
2016.05.03 12:01:44.526,1.11551,1.11562,1.00,1.37
2016.05.03 12:01:44.577,1.11551,1.11562,1.00,1.00
2016.05.03 12:01:44.730,1.11547,1.11565,1.00,1.75
2016.05.03 12:01:45.136,1.11546,1.11564,1.00,1.75
2016.05.03 12:01:45.478,1.11548,1.11565,1.00,1.75
2016.05.03 12:01:46.038,1.11544,1.1156,2.53,1.00
2016.05.03 12:01:46.140,1.11541,1.1156,3.19,1.00
2016.05.03 12:01:47.314,1.11542,1.1156,1.00,1.00
2016.05.03 12:01:48.097,1.11542,1.11557,1.00,1.00
2016.05.03 12:01:48.149,1.11539,1.11557,1.69,1.50
2016.05.03 12:01:48.252,1.11542,1.11557,1.00,1.87
2016.05.03 12:01:48.355,1.11539,1.11557,1.00,1.87
2016.05.03 12:01:48.458,1.11539,1.11557,1.25,1.50
2016.05.03 12:01:48.560,1.1154,1.11558,2.06,1.75
2016.05.03 12:01:48.662,1.11542,1.11558,1.25,1.12
2016.05.03 12:01:49.031,1.11542,1.11558,2.06,1.12
2016.05.03 12:01:49.183,1.11544,1.11561,1.37,1.00
2016.05.03 12:01:49.347,1.11544,1.11561,1.25,1.00
2016.05.03 12:01:50.004,1.11542,1.11561,1.50,1.00
2016.05.03 12:01:50.725,1.11542,1.11558,2.81,1.00
2016.05.03 12:01:50.776,1.11541,1.11558,1.50,1.50
2016.05.03 12:01:51.290,1.11537,1.11556,2.44,1.00
2016.05.03 12:01:51.797,1.11538,1.11557,1.00,1.50
2016.05.03 12:01:53.283,1.11537,1.11555,2.62,1.00
2016.05.03 12:01:54.332,1.11541,1.11557,1.00,1.00
2016.05.03 12:01:54.588,1.11542,1.11561,1.12,3.00
2016.05.03 12:01:55.119,1.11543,1.11561,1.87,2.25
2016.05.03 12:01:55.273,1.11546,1.11563,1.00,2.25
2016.05.03 12:01:55.836,1.11546,1.11561,1.00,1.00
2016.05.03 12:01:55.989,1.1154,1.11558,1.12,1.12
2016.05.03 12:01:56.133,1.11543,1.11558,1.00,1.00
2016.05.03 12:01:56.184,1.11541,1.11561,2.25,1.37
2016.05.03 12:01:56.286,1.11541,1.11558,1.87,1.00
2016.05.03 12:01:56.794,1.1154,1.11556,2.00,1.00
2016.05.03 12:01:57.308,1.11542,1.11556,1.00,1.00
2016.05.03 12:01:57.461,1.11539,1.11556,1.00,1.00
2016.05.03 12:01:57.766,1.11542,1.11558,1.37,1.00
2016.05.03 12:01:58.080,1.11543,1.11561,1.12,1.00
2016.05.03 12:01:58.182,1.11541,1.11559,2.06,1.50
2016.05.03 12:01:59.641,1.11542,1.11559,1.00,1.00
2016.05.03 12:01:59.692,1.11544,1.11562,1.00,2.25
2016.05.03 12:01:59.794,1.11544,1.11562,1.00,2.25
2016.05.03 12:02:00.322,1.11545,1.11562,1.00,1.00
2016.05.03 12:02:00.626,1.11547,1.11562,1.00,1.00
2016.05.03 12:02:00.728,1.11544,1.11562,1.00,1.00
2016.05.03 12:02:00.882,1.11543,1.1156,1.00,1.12
2016.05.03 12:02:01.221,1.11541,1.11558,1.00,2.25
2016.05.03 12:02:01.780,1.11539,1.11557,1.00,1.75
2016.05.03 12:02:02.205,1.11541,1.11558,1.00,3.37
2016.05.03 12:02:02.510,1.11546,1.1156,1.00,1.75
2016.05.03 12:02:02.561,1.11543,1.1156,1.00,1.12
2016.05.03 12:02:02.613,1.11541,1.1156,2.25,2.44
2016.05.03 12:02:02.664,1.11547,1.1156,1.00,2.81
2016.05.03 12:02:02.898,1.11543,1.11561,1.00,2.81
2016.05.03 12:02:02.951,1.11545,1.11561,1.00,1.31
2016.05.03 12:02:03.002,1.11547,1.11561,1.50,1.25
2016.05.03 12:02:03.104,1.11547,1.11563,1.50,1.31
2016.05.03 12:02:03.206,1.11547,1.11563,1.00,1.56
2016.05.03 12:02:03.308,1.11547,1.11563,1.00,1.00
2016.05.03 12:02:04.056,1.11548,1.11563,1.00,1.00
2016.05.03 12:02:04.109,1.11548,1.11558,1.00,1.56
2016.05.03 12:02:04.314,1.11544,1.11554,1.00,1.00
2016.05.03 12:02:04.416,1.11541,1.11554,1.00,1.00
2016.05.03 12:02:04.620,1.11536,1.11548,1.00,1.00
2016.05.03 12:02:04.968,1.11527,1.11543,1.87,1.12
2016.05.03 12:02:05.069,1.11531,1.11543,1.12,1.12
2016.05.03 12:02:05.121,1.11531,1.11543,1.12,1.50
2016.05.03 12:02:05.172,1.11524,1.11543,2.06,2.25
2016.05.03 12:02:05.274,1.11526,1.11543,1.00,1.50
2016.05.03 12:02:05.840,1.11527,1.11545,1.69,1.12
2016.05.03 12:02:05.942,1.11527,1.11545,1.25,1.12
2016.05.03 12:02:05.994,1.11527,1.11546,1.62,1.50
2016.05.03 12:02:06.046,1.11527,1.11546,1.69,1.12
2016.05.03 12:02:06.797,1.11527,1.11546,1.12,1.87
2016.05.03 12:02:07.360,1.11528,1.11545,1.00,1.12
2016.05.03 12:02:09.172,1.11531,1.11545,1.00,1.12
2016.05.03 12:02:09.403,1.11528,1.11545,1.00,1.12
2016.05.03 12:02:10.231,1.11526,1.11544,1.12,1.00
2016.05.03 12:02:10.434,1.11527,1.11541,1.00,1.00
2016.05.03 12:02:11.026,1.11526,1.11541,1.00,1.00
2016.05.03 12:02:11.078,1.11524,1.11541,1.00,1.00
2016.05.03 12:02:11.129,1.11524,1.11541,1.00,1.50
2016.05.03 12:02:11.233,1.11521,1.11541,2.06,1.50
2016.05.03 12:02:11.595,1.11533,1.11541,1.00,2.25
2016.05.03 12:02:11.698,1.11526,1.11541,1.00,1.50
2016.05.03 12:02:11.749,1.11526,1.11537,1.50,1.00
2016.05.03 12:02:11.919,1.11532,1.11544,1.00,1.00
2016.05.03 12:02:11.970,1.11527,1.11545,1.12,1.37
2016.05.03 12:02:12.022,1.11527,1.11545,1.37,1.00
2016.05.03 12:02:12.125,1.11527,1.11545,1.12,1.50
2016.05.03 12:02:12.676,1.11531,1.11547,1.00,1.75
2016.05.03 12:02:12.995,1.11528,1.11547,1.00,1.75
2016.05.03 12:02:13.300,1.11532,1.11547,1.00,1.75
2016.05.03 12:02:13.453,1.11532,1.11547,1.00,1.00
2016.05.03 12:02:13.554,1.11531,1.11546,1.00,1.37
2016.05.03 12:02:13.606,1.11528,1.11546,1.12,1.37
2016.05.03 12:02:14.999,1.11532,1.11546,1.00,3.00
2016.05.03 12:02:15.074,1.11526,1.11546,3.19,3.00
2016.05.03 12:02:15.616,1.11532,1.11546,1.00,1.37
2016.05.03 12:02:15.819,1.11528,1.11546,1.12,1.37
2016.05.03 12:02:16.401,1.11532,1.11546,1.00,1.37
2016.05.03 12:02:16.604,1.11528,1.11546,1.50,1.37
2016.05.03 12:02:17.176,1.11531,1.11546,1.00,1.37
2016.05.03 12:02:18.780,1.11528,1.11547,1.50,3.00
2016.05.03 12:02:21.483,1.11528,1.11545,1.50,1.12
2016.05.03 12:02:21.791,1.11528,1.11545,1.00,1.75
2016.05.03 12:02:22.310,1.11527,1.11543,1.00,1.12
2016.05.03 12:02:23.438,1.11527,1.11544,1.12,1.12
2016.05.03 12:02:23.744,1.11527,1.11542,1.00,1.12
2016.05.03 12:02:24.049,1.11527,1.11542,1.00,1.87
2016.05.03 12:02:24.792,1.11526,1.11541,1.00,1.50
2016.05.03 12:02:24.894,1.11522,1.11541,2.44,1.50
2016.05.03 12:02:25.403,1.11522,1.11539,2.44,1.00
2016.05.03 12:02:25.543,1.11527,1.11539,1.00,1.00
2016.05.03 12:02:25.899,1.11523,1.11538,1.25,1.00
2016.05.03 12:02:26.153,1.11522,1.11536,1.50,1.00
2016.05.03 12:02:27.169,1.11519,1.11536,1.94,1.25
2016.05.03 12:02:27.220,1.11519,1.11536,1.69,1.25
2016.05.03 12:02:27.374,1.11518,1.11534,1.50,1.12
2016.05.03 12:02:27.425,1.11515,1.11534,2.25,1.12
2016.05.03 12:02:27.766,1.11516,1.11531,1.12,1.00
2016.05.03 12:02:28.172,1.11514,1.11532,1.00,1.37
2016.05.03 12:02:28.546,1.11517,1.11532,1.00,1.37
2016.05.03 12:02:29.052,1.11516,1.11533,1.00,3.75
2016.05.03 12:02:29.934,1.11517,1.11532,1.00,1.37
2016.05.03 12:02:30.035,1.11514,1.11532,1.12,1.87
2016.05.03 12:02:31.696,1.11512,1.11531,1.87,1.87
2016.05.03 12:02:32.233,1.11511,1.11528,1.00,1.00
2016.05.03 12:02:32.554,1.11513,1.11529,1.00,1.12
2016.05.03 12:02:32.605,1.11513,1.1153,1.00,2.25
2016.05.03 12:02:32.707,1.11511,1.11528,1.59,1.37
2016.05.03 12:02:32.809,1.11511,1.11527,1.00,1.50
2016.05.03 12:02:33.145,1.11511,1.11523,1.00,1.00
2016.05.03 12:02:33.653,1.11512,1.11528,1.00,1.12
2016.05.03 12:02:34.610,1.11512,1.11526,1.50,1.00
2016.05.03 12:02:35.150,1.11514,1.1153,1.00,1.87
2016.05.03 12:02:35.487,1.11512,1.1153,1.00,2.62
2016.05.03 12:02:35.999,1.11513,1.1153,1.00,1.12
2016.05.03 12:02:36.547,1.11512,1.11529,1.00,2.25
2016.05.03 12:02:37.056,1.11512,1.11528,1.00,1.50
2016.05.03 12:02:37.209,1.11512,1.11528,1.00,1.50
2016.05.03 12:02:37.749,1.11511,1.11526,1.00,1.37
2016.05.03 12:02:38.250,1.1151,1.11526,1.00,1.37
2016.05.03 12:02:38.724,1.1151,1.11526,1.00,1.12
2016.05.03 12:02:40.040,1.11512,1.11526,1.00,1.75
2016.05.03 12:02:40.142,1.11512,1.11527,1.00,1.75
2016.05.03 12:02:40.347,1.11511,1.11526,1.00,2.25
2016.05.03 12:02:40.551,1.11507,1.11523,1.00,1.50
2016.05.03 12:02:41.058,1.11506,1.11525,1.12,4.12
2016.05.03 12:02:41.312,1.11508,1.11524,1.00,1.12
2016.05.03 12:02:41.819,1.11507,1.11524,1.00,2.25
2016.05.03 12:02:42.478,1.11506,1.11524,1.00,2.25
2016.05.03 12:02:42.630,1.11506,1.11524,1.00,2.25
2016.05.03 12:02:42.732,1.11506,1.11524,1.09,2.25
2016.05.03 12:02:43.206,1.11505,1.11521,1.69,1.00
2016.05.03 12:02:43.562,1.11503,1.1152,1.00,1.87
2016.05.03 12:02:43.910,1.11503,1.11519,1.56,1.00
2016.05.03 12:02:44.314,1.11503,1.1152,1.25,1.00
2016.05.03 12:02:44.465,1.11505,1.11521,1.00,1.87
2016.05.03 12:02:44.822,1.11502,1.1152,1.00,1.75
2016.05.03 12:02:45.337,1.11501,1.1152,2.62,2.25
2016.05.03 12:02:45.840,1.11501,1.11517,1.87,1.12
2016.05.03 12:02:46.746,1.11502,1.11517,1.00,1.00
2016.05.03 12:02:46.898,1.11502,1.11515,1.00,1.00
2016.05.03 12:02:47.304,1.11499,1.11517,1.87,1.12
2016.05.03 12:02:47.656,1.11499,1.11517,1.25,1.50
2016.05.03 12:02:47.758,1.11501,1.11517,1.00,1.50
2016.05.03 12:02:49.164,1.11502,1.11517,1.00,1.50
2016.05.03 12:02:49.731,1.11502,1.11515,1.00,1.00
2016.05.03 12:02:50.242,1.11501,1.11515,1.00,1.00
2016.05.03 12:02:50.934,1.11502,1.11515,1.00,1.00
2016.05.03 12:02:50.985,1.11499,1.11517,2.06,1.87
2016.05.03 12:02:51.290,1.11498,1.11515,1.00,1.00
2016.05.03 12:02:51.392,1.115,1.11516,1.00,1.00
2016.05.03 12:02:51.932,1.11499,1.11517,1.87,1.50
2016.05.03 12:02:52.240,1.11502,1.11515,1.00,1.00
2016.05.03 12:02:52.856,1.11499,1.11515,1.00,1.00
2016.05.03 12:02:53.162,1.11502,1.11515,1.00,1.00
2016.05.03 12:02:53.770,1.11502,1.11519,1.00,1.75
2016.05.03 12:02:53.822,1.11502,1.11519,2.06,1.00
2016.05.03 12:02:54.331,1.11503,1.1152,1.12,1.00
2016.05.03 12:02:54.800,1.11507,1.1152,1.00,1.00
2016.05.03 12:02:55.055,1.11503,1.1152,3.56,1.00
2016.05.03 12:02:55.633,1.11505,1.11521,1.00,1.00
2016.05.03 12:02:56.235,1.11503,1.1152,3.19,1.00
2016.05.03 12:02:56.741,1.11503,1.1152,1.31,1.00
2016.05.03 12:02:58.228,1.11502,1.11515,2.06,1.00
2016.05.03 12:02:58.736,1.11502,1.11515,1.00,1.00
2016.05.03 12:02:58.787,1.11502,1.11517,1.00,1.00
2016.05.03 12:02:58.985,1.11502,1.11515,1.12,1.00
2016.05.03 12:02:59.036,1.11502,1.11518,1.12,1.00
2016.05.03 12:02:59.523,1.11502,1.11516,1.12,1.00
2016.05.03 12:02:59.829,1.11502,1.11513,1.00,1.00
2016.05.03 12:02:59.881,1.11498,1.11513,1.19,1.50
2016.05.03 12:02:59.932,1.11496,1.11513,1.69,1.50
2016.05.03 12:03:00.156,1.11493,1.11509,1.50,1.00
2016.05.03 12:03:00.207,1.11491,1.11508,3.19,1.00
2016.05.03 12:03:00.309,1.11491,1.11505,3.37,1.00
2016.05.03 12:03:00.462,1.11492,1.11509,1.19,1.00
2016.05.03 12:03:00.767,1.11494,1.11511,1.12,1.00
2016.05.03 12:03:00.819,1.11495,1.11513,1.37,1.50
2016.05.03 12:03:00.972,1.11498,1.11515,1.00,1.12
2016.05.03 12:03:02.943,1.11498,1.11515,1.37,1.00
2016.05.03 12:03:03.595,1.11498,1.11515,1.00,1.00
2016.05.03 12:03:05.673,1.11498,1.11515,1.31,1.37
2016.05.03 12:03:05.724,1.115,1.11516,1.00,1.87
2016.05.03 12:03:05.928,1.11498,1.11513,1.00,1.00
2016.05.03 12:03:06.133,1.115,1.11513,1.00,1.12
2016.05.03 12:03:06.235,1.115,1.11517,1.00,1.50
2016.05.03 12:03:06.490,1.11502,1.11519,1.00,1.75
2016.05.03 12:03:06.796,1.11504,1.11521,1.00,1.75
2016.05.03 12:03:07.592,1.11504,1.11521,1.12,1.50
2016.05.03 12:03:07.643,1.11504,1.11521,1.12,1.12
2016.05.03 12:03:08.401,1.11504,1.11521,1.22,1.12
2016.05.03 12:03:08.948,1.11504,1.11521,1.22,1.12
2016.05.03 12:03:10.436,1.11505,1.11523,1.00,1.50
2016.05.03 12:03:10.940,1.11504,1.11521,1.50,1.12
2016.05.03 12:03:12.242,1.11504,1.11521,1.00,1.75
2016.05.03 12:03:14.339,1.11502,1.11519,1.87,1.12
2016.05.03 12:03:17.753,1.11503,1.11521,1.87,1.12
2016.05.03 12:03:18.156,1.11502,1.11521,2.62,2.62
2016.05.03 12:03:18.361,1.11502,1.11521,2.25,2.25
2016.05.03 12:03:19.749,1.11505,1.11522,1.00,2.25
2016.05.03 12:03:20.105,1.11505,1.11522,1.37,1.75
2016.05.03 12:03:20.207,1.11505,1.11522,1.12,1.75
2016.05.03 12:03:20.459,1.11507,1.11523,1.00,2.25
2016.05.03 12:03:20.561,1.11507,1.11523,1.00,1.00
2016.05.03 12:03:21.069,1.11507,1.11525,1.87,1.50
2016.05.03 12:03:21.379,1.11507,1.11526,1.50,2.25
2016.05.03 12:03:21.924,1.11507,1.11523,1.00,1.00
2016.05.03 12:03:23.897,1.11507,1.11522,1.00,1.00
2016.05.03 12:03:24.641,1.11506,1.11522,1.00,1.00
2016.05.03 12:03:25.238,1.11505,1.11522,1.12,1.00
2016.05.03 12:03:25.438,1.11507,1.11522,1.00,1.00
2016.05.03 12:03:25.674,1.11505,1.11522,1.12,1.12
2016.05.03 12:03:25.928,1.11503,1.1152,1.75,1.00
2016.05.03 12:03:26.763,1.11502,1.11519,1.75,1.00
2016.05.03 12:03:28.846,1.11502,1.11519,1.37,1.00
2016.05.03 12:03:28.898,1.11502,1.11519,1.00,1.00
2016.05.03 12:03:29.961,1.11499,1.11511,1.50,1.00
2016.05.03 12:03:30.012,1.11499,1.11511,1.00,1.00
2016.05.03 12:03:30.470,1.11498,1.11514,1.12,1.50
2016.05.03 12:03:30.521,1.11497,1.11512,1.50,1.00
2016.05.03 12:03:30.992,1.11497,1.11514,1.50,1.00
2016.05.03 12:03:31.099,1.11497,1.11512,1.50,1.00
2016.05.03 12:03:31.212,1.11497,1.11514,1.50,1.00
2016.05.03 12:03:31.418,1.11497,1.11512,1.50,1.00
2016.05.03 12:03:31.722,1.11496,1.1151,1.75,1.00
2016.05.03 12:03:31.824,1.11496,1.11512,1.75,1.00
2016.05.03 12:03:32.371,1.11496,1.11511,1.37,1.19
2016.05.03 12:03:32.726,1.11496,1.11508,1.00,1.00
2016.05.03 12:03:32.828,1.11493,1.1151,1.50,1.00
2016.05.03 12:03:32.879,1.11492,1.11507,1.00,1.00
2016.05.03 12:03:33.460,1.11494,1.1151,1.50,1.00
2016.05.03 12:03:33.974,1.11494,1.11511,2.62,1.00
2016.05.03 12:03:34.517,1.11494,1.11511,2.62,1.00
2016.05.03 12:03:34.720,1.11494,1.11507,1.87,1.00
2016.05.03 12:03:34.822,1.11492,1.11507,1.00,1.00
2016.05.03 12:03:34.873,1.1149,1.11507,1.12,1.00
2016.05.03 12:03:35.272,1.11489,1.11505,1.87,1.00
2016.05.03 12:03:35.323,1.11491,1.11507,1.12,1.00
2016.05.03 12:03:35.375,1.11492,1.11505,1.00,1.00
2016.05.03 12:03:35.693,1.11489,1.11505,1.69,1.00
2016.05.03 12:03:35.947,1.11488,1.11502,2.06,1.00
2016.05.03 12:03:35.999,1.11491,1.11504,1.00,1.00
2016.05.03 12:03:36.052,1.11488,1.11504,1.00,1.00
2016.05.03 12:03:36.104,1.11488,1.11507,1.50,1.87
2016.05.03 12:03:36.155,1.11491,1.11507,1.00,1.37
2016.05.03 12:03:36.308,1.11491,1.11508,1.12,1.12
2016.05.03 12:03:36.478,1.11492,1.11508,1.37,1.00
2016.05.03 12:03:37.360,1.1149,1.11505,1.12,1.00
2016.05.03 12:03:37.542,1.11487,1.11505,3.94,1.00
2016.05.03 12:03:37.593,1.11487,1.11505,2.06,1.00
2016.05.03 12:03:37.695,1.11487,1.11503,1.69,1.00
2016.05.03 12:03:37.847,1.11491,1.11508,1.00,1.87
2016.05.03 12:03:37.949,1.11488,1.11507,3.19,1.12
2016.05.03 12:03:38.000,1.11491,1.11507,1.00,1.00
2016.05.03 12:03:38.712,1.11491,1.1151,2.25,1.50
2016.05.03 12:03:38.813,1.11492,1.1151,1.87,1.00
2016.05.03 12:03:39.067,1.11493,1.11512,1.50,1.00
2016.05.03 12:03:39.169,1.11497,1.11512,1.00,1.00
2016.05.03 12:03:39.528,1.11497,1.1151,1.00,1.00
2016.05.03 12:03:39.684,1.11494,1.1151,1.31,1.00
2016.05.03 12:03:39.785,1.11497,1.1151,1.00,1.00
2016.05.03 12:03:40.142,1.11497,1.11503,1.00,1.00
2016.05.03 12:03:40.193,1.11493,1.11502,1.00,1.00
2016.05.03 12:03:40.346,1.11489,1.11502,1.12,1.00
2016.05.03 12:03:40.789,1.11489,1.11507,1.12,1.12
2016.05.03 12:03:40.943,1.11492,1.11505,1.00,1.00
2016.05.03 12:03:41.250,1.11492,1.11502,1.00,1.00
2016.05.03 12:03:41.656,1.11491,1.11505,1.00,1.00
2016.05.03 12:03:41.814,1.11491,1.11502,1.00,1.00
2016.05.03 12:03:43.822,1.11491,1.115,1.00,1.00
2016.05.03 12:03:44.640,1.11486,1.11498,1.75,1.00
2016.05.03 12:03:44.843,1.11483,1.11498,1.50,1.00
2016.05.03 12:03:45.607,1.11484,1.11502,1.12,1.00
2016.05.03 12:03:45.708,1.11484,1.11502,2.25,1.00
2016.05.03 12:03:47.240,1.11486,1.11498,1.87,1.00
2016.05.03 12:03:47.293,1.11485,1.11498,1.12,1.00
2016.05.03 12:03:47.345,1.11485,1.11496,1.37,1.00
2016.05.03 12:03:47.530,1.11483,1.11496,1.00,1.00
2016.05.03 12:03:47.889,1.11483,1.11501,1.12,1.12
2016.05.03 12:03:47.992,1.11483,1.11502,2.25,1.00
2016.05.03 12:03:48.297,1.11483,1.11498,1.00,1.00
2016.05.03 12:03:49.396,1.11483,1.11496,1.00,1.00
2016.05.03 12:03:49.989,1.11483,1.11497,1.00,1.00
2016.05.03 12:03:52.257,1.11479,1.11497,1.37,1.00
2016.05.03 12:03:52.764,1.11481,1.11497,1.00,1.00
2016.05.03 12:03:53.808,1.1148,1.11496,1.12,1.00
2016.05.03 12:03:55.061,1.11481,1.11496,1.00,1.00
2016.05.03 12:03:55.164,1.1148,1.11499,1.50,1.37
2016.05.03 12:03:55.470,1.11487,1.11499,1.00,1.00
2016.05.03 12:03:55.774,1.11487,1.11501,1.00,1.00
2016.05.03 12:03:55.876,1.11487,1.11503,2.25,1.00
2016.05.03 12:03:55.927,1.11491,1.11506,1.00,2.25
2016.05.03 12:03:56.187,1.11491,1.11508,1.00,1.50
2016.05.03 12:03:56.896,1.11489,1.11508,2.62,1.50
2016.05.03 12:03:56.948,1.11489,1.11508,2.62,1.00
2016.05.03 12:03:58.318,1.11492,1.11509,1.68,1.12
2016.05.03 12:03:58.622,1.11496,1.11513,1.24,1.00
2016.05.03 12:03:59.184,1.11497,1.11513,1.81,1.00
2016.05.03 12:03:59.697,1.11496,1.11513,1.97,1.00
2016.05.03 12:03:59.975,1.11496,1.11513,1.97,1.00
2016.05.03 12:04:00.583,1.11499,1.11516,1.00,2.00
2016.05.03 12:04:00.767,1.11499,1.11516,1.12,1.00
2016.05.03 12:04:00.819,1.11502,1.11517,1.00,1.00
2016.05.03 12:04:01.126,1.11509,1.11517,1.00,1.00
2016.05.03 12:04:01.177,1.11503,1.11516,1.75,1.00
2016.05.03 12:04:01.228,1.11502,1.11516,1.50,1.00
2016.05.03 12:04:01.280,1.11501,1.11516,1.37,1.00
2016.05.03 12:04:01.447,1.11504,1.11519,1.00,1.00
2016.05.03 12:04:01.498,1.11506,1.11521,1.00,1.62
2016.05.03 12:04:01.550,1.11506,1.11521,1.00,1.00
2016.05.03 12:04:01.601,1.11506,1.11523,1.00,1.50
2016.05.03 12:04:01.652,1.11506,1.11523,1.37,1.12
2016.05.03 12:04:01.976,1.11507,1.1152,1.00,1.00
2016.05.03 12:04:02.501,1.11504,1.1152,3.75,1.00
2016.05.03 12:04:03.008,1.11506,1.11522,1.12,1.19
2016.05.03 12:04:03.344,1.11507,1.11522,1.50,1.69
2016.05.03 12:04:03.649,1.11508,1.11524,1.50,1.25
2016.05.03 12:04:03.752,1.1151,1.11526,1.00,1.00
2016.05.03 12:04:05.736,1.11512,1.11526,1.00,1.00
2016.05.03 12:04:05.928,1.11512,1.11528,1.12,1.00
2016.05.03 12:04:06.311,1.11512,1.11525,1.12,1.00
2016.05.03 12:04:06.515,1.1151,1.11525,1.00,1.00
2016.05.03 12:04:07.694,1.1151,1.11523,1.00,1.00
2016.05.03 12:04:07.948,1.11506,1.1152,1.87,1.00
2016.05.03 12:04:08.000,1.11506,1.11518,1.00,1.00
2016.05.03 12:04:08.051,1.11504,1.11518,1.12,1.00
2016.05.03 12:04:08.281,1.11504,1.11516,1.12,1.00
2016.05.03 12:04:08.383,1.115,1.11515,1.50,1.00
2016.05.03 12:04:10.164,1.11501,1.11512,1.00,1.00
2016.05.03 12:04:10.317,1.11497,1.11512,1.87,1.00
2016.05.03 12:04:10.641,1.11497,1.11514,2.25,1.00
2016.05.03 12:04:12.174,1.11499,1.11518,1.87,1.62
2016.05.03 12:04:12.688,1.11501,1.11518,2.25,1.00
2016.05.03 12:04:13.190,1.11501,1.11518,2.34,1.00
2016.05.03 12:04:13.444,1.11504,1.11521,1.50,1.00
2016.05.03 12:04:14.211,1.11508,1.11525,1.00,1.00
2016.05.03 12:04:14.313,1.1151,1.11527,1.00,1.12
2016.05.03 12:04:14.618,1.11512,1.11529,1.00,1.50
2016.05.03 12:04:15.186,1.11511,1.11529,1.50,1.12
2016.05.03 12:04:15.491,1.11511,1.11529,2.25,1.00
2016.05.03 12:04:16.396,1.11513,1.1153,1.87,1.00
2016.05.03 12:04:16.650,1.11513,1.11529,1.87,1.00
2016.05.03 12:04:17.161,1.11513,1.1153,1.87,1.00
2016.05.03 12:04:17.701,1.11513,1.11529,1.87,1.00
2016.05.03 12:04:18.492,1.11513,1.1153,1.87,1.00
2016.05.03 12:04:19.198,1.11512,1.11529,2.62,1.12
2016.05.03 12:04:20.584,1.11512,1.11529,1.87,1.87
2016.05.03 12:04:20.686,1.11512,1.11529,1.87,1.87
2016.05.03 12:04:21.283,1.11512,1.11529,1.50,1.37
2016.05.03 12:04:21.435,1.11511,1.11526,1.75,1.00
2016.05.03 12:04:21.538,1.11509,1.11526,1.50,1.00
2016.05.03 12:04:21.691,1.11509,1.11526,1.87,1.00
2016.05.03 12:04:21.742,1.11511,1.11528,1.87,2.25
2016.05.03 12:04:21.895,1.11511,1.11526,1.37,1.00
2016.05.03 12:04:22.239,1.11507,1.11524,1.37,1.12
2016.05.03 12:04:22.393,1.11507,1.11524,1.00,1.87
2016.05.03 12:04:22.899,1.11506,1.11524,1.50,1.87
2016.05.03 12:04:24.005,1.11507,1.11524,1.00,1.12
2016.05.03 12:04:24.545,1.11508,1.11523,1.00,1.12
2016.05.03 12:04:24.596,1.11505,1.11523,1.37,1.50
2016.05.03 12:04:25.454,1.11507,1.11523,1.00,1.50
2016.05.03 12:04:25.684,1.1151,1.11523,1.00,1.00
2016.05.03 12:04:25.836,1.11511,1.11528,1.87,1.50
2016.05.03 12:04:25.887,1.11511,1.11528,2.25,1.12
2016.05.03 12:04:26.040,1.11515,1.1153,1.12,1.37
2016.05.03 12:04:26.091,1.11515,1.11532,1.87,1.12
2016.05.03 12:04:26.286,1.11518,1.11535,1.12,1.12
2016.05.03 12:04:26.793,1.11519,1.11536,1.50,1.50
2016.05.03 12:04:27.302,1.11519,1.11536,1.00,1.00
2016.05.03 12:04:28.476,1.11518,1.11536,1.50,1.00
2016.05.03 12:04:29.677,1.11518,1.11537,2.25,1.50
2016.05.03 12:04:30.185,1.11521,1.11538,1.00,1.50
2016.05.03 12:04:30.732,1.11521,1.11538,1.37,1.00
2016.05.03 12:04:31.973,1.11523,1.11542,1.50,1.75
2016.05.03 12:04:32.075,1.11526,1.11543,1.00,1.50
2016.05.03 12:04:32.617,1.11526,1.11543,1.37,1.00
2016.05.03 12:04:34.837,1.11526,1.11543,1.37,1.37
2016.05.03 12:04:35.129,1.11524,1.11538,1.50,1.00
2016.05.03 12:04:36.618,1.11522,1.11539,1.87,1.00
2016.05.03 12:04:36.923,1.11523,1.11537,1.37,1.00
2016.05.03 12:04:36.974,1.11523,1.1154,1.87,1.00
2016.05.03 12:04:37.025,1.11524,1.1154,1.00,1.00
2016.05.03 12:04:37.575,1.11525,1.11543,1.00,1.00
2016.05.03 12:04:37.728,1.11526,1.11544,1.62,1.12
2016.05.03 12:04:39.885,1.11526,1.11542,1.50,1.00
2016.05.03 12:04:41.200,1.11526,1.11545,1.50,1.00
2016.05.03 12:04:41.877,1.11525,1.11543,3.19,1.00
2016.05.03 12:04:42.452,1.11525,1.11545,3.94,1.00
2016.05.03 12:04:42.927,1.11525,1.11543,3.19,1.00
2016.05.03 12:04:43.283,1.11525,1.1154,1.37,1.00
2016.05.03 12:04:43.334,1.11524,1.1154,1.00,1.00
2016.05.03 12:04:43.386,1.11522,1.11538,3.00,1.00
2016.05.03 12:04:43.437,1.11522,1.11538,3.00,1.00
2016.05.03 12:04:43.623,1.11522,1.11536,1.50,1.00
2016.05.03 12:04:43.675,1.11522,1.11539,1.12,1.37
2016.05.03 12:04:43.878,1.11519,1.11539,4.12,1.50
2016.05.03 12:04:43.929,1.11519,1.11536,3.37,1.00
2016.05.03 12:04:44.292,1.11519,1.11538,3.00,1.12
2016.05.03 12:04:44.831,1.11519,1.11538,1.87,1.12
2016.05.03 12:04:45.393,1.11519,1.11535,1.87,1.00
2016.05.03 12:04:45.698,1.11519,1.11531,1.12,1.00
2016.05.03 12:04:45.880,1.11516,1.11531,1.12,1.00
2016.05.03 12:04:46.032,1.11517,1.11533,1.12,1.12
2016.05.03 12:04:46.490,1.11517,1.1153,1.00,1.00
2016.05.03 12:04:46.876,1.11514,1.1153,3.00,1.00
2016.05.03 12:04:47.181,1.11514,1.11528,1.12,1.00
2016.05.03 12:04:48.476,1.11512,1.11528,2.06,1.12
2016.05.03 12:04:48.527,1.11511,1.11528,2.62,1.12
2016.05.03 12:04:48.578,1.11511,1.11525,2.62,1.00
2016.05.03 12:04:49.086,1.11509,1.11524,2.81,1.00
2016.05.03 12:04:53.396,1.11509,1.11522,1.75,1.00
2016.05.03 12:04:53.599,1.11507,1.1152,1.00,1.00
2016.05.03 12:04:54.107,1.11506,1.1152,1.87,1.00
2016.05.03 12:04:54.355,1.11506,1.11518,2.62,1.00
2016.05.03 12:04:54.814,1.11506,1.11521,2.25,1.00
2016.05.03 12:04:54.916,1.11507,1.11523,1.75,1.12
2016.05.03 12:04:55.018,1.11509,1.11523,1.12,1.00
2016.05.03 12:04:55.669,1.11508,1.1152,1.37,1.00
2016.05.03 12:04:56.066,1.11506,1.1152,3.00,1.00
2016.05.03 12:04:57.065,1.11506,1.11523,3.37,1.00
2016.05.03 12:04:57.572,1.11509,1.11523,1.00,1.00
2016.05.03 12:04:59.461,1.11508,1.11523,1.12,1.00
2016.05.03 12:05:00.052,1.11509,1.11523,1.12,1.00
2016.05.03 12:05:00.570,1.11509,1.11524,1.12,1.00
2016.05.03 12:05:00.876,1.11513,1.11524,1.00,1.00
2016.05.03 12:05:01.283,1.11513,1.11527,1.12,1.00
2016.05.03 12:05:01.431,1.11513,1.11527,1.75,1.00
2016.05.03 12:05:01.484,1.11513,1.11529,1.75,1.00
2016.05.03 12:05:02.039,1.11514,1.11531,2.25,1.00
2016.05.03 12:05:02.141,1.11517,1.11531,1.00,1.00
2016.05.03 12:05:02.395,1.11518,1.11534,1.87,1.00
2016.05.03 12:05:02.945,1.11519,1.11534,1.00,1.00
2016.05.03 12:05:03.451,1.11518,1.11533,1.87,1.00
2016.05.03 12:05:04.189,1.11518,1.11533,2.62,1.00
2016.05.03 12:05:04.442,1.11519,1.11534,1.87,1.00
2016.05.03 12:05:04.683,1.11519,1.11534,1.87,1.00
2016.05.03 12:05:04.735,1.11519,1.11536,2.25,1.00
2016.05.03 12:05:06.071,1.11519,1.11536,1.75,1.00
2016.05.03 12:05:06.856,1.1152,1.11536,1.00,1.00
2016.05.03 12:05:07.411,1.1152,1.11533,1.00,1.00
2016.05.03 12:05:07.672,1.11518,1.11533,1.87,1.00
2016.05.03 12:05:08.275,1.11518,1.11533,1.87,1.00
2016.05.03 12:05:08.486,1.11518,1.11533,1.87,1.00
2016.05.03 12:05:08.640,1.11518,1.11533,2.62,1.00
2016.05.03 12:05:09.087,1.1152,1.11535,1.00,1.00
2016.05.03 12:05:09.595,1.11519,1.11535,1.00,1.00
2016.05.03 12:05:10.191,1.11519,1.11535,1.37,1.00
2016.05.03 12:05:10.711,1.11518,1.11535,3.37,1.00
2016.05.03 12:05:10.812,1.11518,1.11533,2.62,1.00
2016.05.03 12:05:11.010,1.11518,1.11533,1.87,1.00
2016.05.03 12:05:11.519,1.11518,1.11534,1.12,1.00
2016.05.03 12:05:12.211,1.11518,1.11534,1.87,1.00
2016.05.03 12:05:12.364,1.11519,1.11536,1.75,1.00
2016.05.03 12:05:14.130,1.1152,1.11536,3.75,1.00
2016.05.03 12:05:14.232,1.11521,1.11538,1.12,1.00
2016.05.03 12:05:14.385,1.11521,1.11538,1.87,1.00
2016.05.03 12:05:15.506,1.11522,1.1154,1.12,1.00
2016.05.03 12:05:17.609,1.11523,1.1154,1.12,1.00
2016.05.03 12:05:18.144,1.11523,1.1154,1.75,1.00
2016.05.03 12:05:19.858,1.11523,1.1154,1.50,1.00
2016.05.03 12:05:20.568,1.11522,1.11541,1.50,1.00
2016.05.03 12:05:20.873,1.11521,1.11539,3.37,1.00
2016.05.03 12:05:22.254,1.11524,1.11539,1.00,1.00
2016.05.03 12:05:23.596,1.11524,1.1154,1.00,1.00
2016.05.03 12:05:23.930,1.11522,1.11537,1.00,1.12
2016.05.03 12:05:24.438,1.11521,1.11537,1.00,1.12
2016.05.03 12:05:24.987,1.11522,1.11538,1.12,1.00
2016.05.03 12:05:25.089,1.11524,1.11541,1.00,1.87
2016.05.03 12:05:28.091,1.11524,1.11543,2.62,1.75
2016.05.03 12:05:28.294,1.11532,1.11548,1.00,1.00
2016.05.03 12:05:28.490,1.11532,1.11552,2.25,1.87
2016.05.03 12:05:29.002,1.11537,1.11552,1.00,1.37
2016.05.03 12:05:29.104,1.11534,1.11552,1.12,1.37
2016.05.03 12:05:29.358,1.11535,1.11552,2.62,1.37
2016.05.03 12:05:29.913,1.11535,1.11552,3.00,1.00
2016.05.03 12:05:30.460,1.11535,1.11551,2.25,1.00
2016.05.03 12:05:32.601,1.11535,1.11551,1.00,1.12
2016.05.03 12:05:32.905,1.11536,1.11555,2.21,1.12
2016.05.03 12:05:33.007,1.11535,1.11552,3.00,1.00
2016.05.03 12:05:33.320,1.11535,1.1155,1.50,1.00
2016.05.03 12:05:33.472,1.11537,1.11554,1.00,1.37
2016.05.03 12:05:33.523,1.11537,1.11554,1.00,1.37
2016.05.03 12:05:33.727,1.11535,1.11551,1.12,1.00
2016.05.03 12:05:34.248,1.11533,1.1155,1.50,1.00
2016.05.03 12:05:34.803,1.11533,1.11551,2.25,1.00
2016.05.03 12:05:35.464,1.11533,1.11549,1.09,1.00
2016.05.03 12:05:36.014,1.11532,1.11547,2.25,1.00
2016.05.03 12:05:36.917,1.11532,1.11546,1.50,1.00
2016.05.03 12:05:39.280,1.11532,1.11551,1.00,3.19
2016.05.03 12:05:39.433,1.11532,1.11551,1.75,1.50
2016.05.03 12:05:39.996,1.11532,1.11548,2.25,1.00
2016.05.03 12:05:41.023,1.11532,1.1155,3.34,1.00
2016.05.03 12:05:41.584,1.11534,1.11551,1.12,1.50
2016.05.03 12:05:43.233,1.11536,1.11551,1.50,1.00
2016.05.03 12:05:43.436,1.11538,1.11555,1.50,1.37
2016.05.03 12:05:43.893,1.11539,1.11556,1.00,1.00
2016.05.03 12:05:44.229,1.11542,1.11556,1.00,1.00
2016.05.03 12:05:44.432,1.11539,1.11556,1.50,1.00
2016.05.03 12:05:44.905,1.11541,1.11556,1.00,1.00
2016.05.03 12:05:45.187,1.11539,1.11556,1.84,1.00
2016.05.03 12:05:45.239,1.11541,1.11556,1.00,1.00
2016.05.03 12:05:45.777,1.11539,1.11556,1.34,1.00
2016.05.03 12:05:46.296,1.11541,1.11556,1.00,1.00
2016.05.03 12:05:46.880,1.11543,1.11556,1.00,1.00
2016.05.03 12:05:47.084,1.11543,1.1156,1.00,1.12
2016.05.03 12:05:47.541,1.11542,1.11559,1.00,1.37
2016.05.03 12:05:47.845,1.11541,1.11556,1.00,1.00
2016.05.03 12:05:48.517,1.11539,1.11556,1.50,1.00
2016.05.03 12:05:49.553,1.11541,1.11556,1.00,1.00
2016.05.03 12:05:50.069,1.11541,1.11559,1.00,1.12
2016.05.03 12:05:50.385,1.11543,1.11559,1.00,1.87
2016.05.03 12:05:50.487,1.11542,1.11559,1.50,1.87
2016.05.03 12:05:50.589,1.11543,1.1156,1.00,1.00
2016.05.03 12:05:50.894,1.11542,1.11558,1.00,1.00
2016.05.03 12:05:51.046,1.11542,1.1156,1.00,1.50
2016.05.03 12:05:51.544,1.11542,1.11562,1.87,1.50
2016.05.03 12:05:51.595,1.11543,1.11562,1.75,1.12
2016.05.03 12:05:52.254,1.11543,1.11559,1.75,1.00
2016.05.03 12:05:54.578,1.11543,1.11559,1.00,1.00
2016.05.03 12:05:54.781,1.1154,1.11558,2.25,1.12
2016.05.03 12:05:54.883,1.1154,1.11558,1.50,1.75
2016.05.03 12:06:00.091,1.1154,1.11555,1.00,1.00
2016.05.03 12:06:00.929,1.1154,1.11558,1.00,1.75
2016.05.03 12:06:01.132,1.1154,1.11559,2.25,1.12
2016.05.03 12:06:04.341,1.1154,1.11555,1.50,1.00
2016.05.03 12:06:04.496,1.11538,1.11555,1.50,1.00
2016.05.03 12:06:04.702,1.11537,1.11554,1.00,1.50
2016.05.03 12:06:06.119,1.11536,1.11554,1.25,2.62
2016.05.03 12:06:06.455,1.11529,1.11546,1.00,1.12
2016.05.03 12:06:06.507,1.11529,1.11546,1.75,1.00
2016.05.03 12:06:06.863,1.11528,1.11544,1.75,1.00
2016.05.03 12:06:07.118,1.11529,1.11546,1.50,1.12
2016.05.03 12:06:07.409,1.11532,1.11549,1.00,1.75
2016.05.03 12:06:07.613,1.1153,1.11549,1.12,2.62
2016.05.03 12:06:08.454,1.11529,1.11546,1.50,1.00
2016.05.03 12:06:09.588,1.11531,1.11548,1.00,2.25
2016.05.03 12:06:09.874,1.11533,1.11549,1.00,1.75
2016.05.03 12:06:10.396,1.11533,1.11549,1.09,1.75
2016.05.03 12:06:11.193,1.11533,1.11549,1.09,1.75
2016.05.03 12:06:11.857,1.11533,1.11548,1.59,1.50
2016.05.03 12:06:13.094,1.11533,1.11548,1.09,1.50
2016.05.03 12:06:13.855,1.11534,1.1155,1.09,1.50
2016.05.03 12:06:14.346,1.11536,1.11551,2.90,1.00
2016.05.03 12:06:14.855,1.11536,1.11554,2.15,1.00
2016.05.03 12:06:15.009,1.11536,1.11554,1.40,1.75
2016.05.03 12:06:15.622,1.11535,1.11554,2.53,1.75
2016.05.03 12:06:16.157,1.11535,1.11554,1.87,1.75
2016.05.03 12:06:18.269,1.11531,1.1155,1.87,1.00
2016.05.03 12:06:18.321,1.11531,1.1155,1.50,1.87
2016.05.03 12:06:18.836,1.11531,1.11548,1.00,1.00
2016.05.03 12:06:21.654,1.11531,1.11548,2.06,1.00
2016.05.03 12:06:22.010,1.11535,1.11548,1.00,1.00
2016.05.03 12:06:22.193,1.11536,1.11552,1.00,1.37
2016.05.03 12:06:22.244,1.11536,1.11554,1.00,1.87
2016.05.03 12:06:22.397,1.11534,1.11553,1.69,1.87
2016.05.03 12:06:23.046,1.11533,1.1155,1.00,1.00
2016.05.03 12:06:23.383,1.1153,1.11547,1.00,1.00
2016.05.03 12:06:23.687,1.11528,1.11545,1.50,1.00
2016.05.03 12:06:24.222,1.11528,1.11545,1.00,1.50
2016.05.03 12:06:27.260,1.11527,1.11544,1.50,1.00
2016.05.03 12:06:28.053,1.11526,1.11544,1.00,1.00
2016.05.03 12:06:28.559,1.11525,1.11543,1.50,1.00
2016.05.03 12:06:29.066,1.11528,1.11542,1.00,1.00
2016.05.03 12:06:29.301,1.11528,1.11544,1.00,1.00
2016.05.03 12:06:29.915,1.11529,1.11546,1.00,1.00
2016.05.03 12:06:30.461,1.1153,1.11548,1.50,1.87
2016.05.03 12:06:30.969,1.11529,1.11547,2.00,1.00
2016.05.03 12:06:31.498,1.11532,1.1155,1.00,1.75
2016.05.03 12:06:31.835,1.11534,1.1155,1.00,1.75
2016.05.03 12:06:32.090,1.11535,1.11552,1.00,1.00
2016.05.03 12:06:32.295,1.11533,1.11551,1.50,1.00
2016.05.03 12:06:33.005,1.11534,1.11551,1.00,1.00
2016.05.03 12:06:33.893,1.11535,1.11551,1.00,1.25
2016.05.03 12:06:33.996,1.11535,1.11551,1.00,1.69
2016.05.03 12:06:34.550,1.11534,1.11551,1.87,1.69
2016.05.03 12:06:35.196,1.11539,1.11551,1.00,1.00
2016.05.03 12:06:35.298,1.1154,1.11554,1.50,1.19
2016.05.03 12:06:35.451,1.1154,1.11558,2.25,1.31
2016.05.03 12:06:35.965,1.1154,1.11558,1.50,1.31
2016.05.03 12:06:37.812,1.11539,1.11556,1.75,1.00
2016.05.03 12:06:37.964,1.11536,1.11555,2.62,1.31
2016.05.03 12:06:38.016,1.11536,1.11555,1.50,1.69
2016.05.03 12:06:38.523,1.11535,1.11554,2.25,1.31
2016.05.03 12:06:41.687,1.11534,1.11551,1.50,1.12
2016.05.03 12:06:41.790,1.11534,1.11551,1.12,1.12
2016.05.03 12:06:41.841,1.11534,1.1155,1.12,1.19
2016.05.03 12:06:42.800,1.11531,1.11549,2.62,1.25
2016.05.03 12:06:43.360,1.11531,1.11549,3.00,1.25
2016.05.03 12:06:46.453,1.1153,1.11549,1.50,1.69
2016.05.03 12:06:46.555,1.1153,1.11547,1.50,1.19
2016.05.03 12:06:47.057,1.11529,1.11547,1.00,2.06
2016.05.03 12:06:47.608,1.1153,1.11547,1.00,1.56
2016.05.03 12:06:48.773,1.1153,1.11546,1.00,1.31
2016.05.03 12:06:49.303,1.11529,1.11546,1.00,1.31
2016.05.03 12:06:49.814,1.11527,1.11546,1.87,2.44
2016.05.03 12:06:50.965,1.11529,1.11546,1.00,2.06
2016.05.03 12:06:51.372,1.11528,1.11543,1.12,1.19
2016.05.03 12:06:53.020,1.11526,1.11543,1.50,1.19
2016.05.03 12:06:53.345,1.11523,1.1154,2.25,1.19
2016.05.03 12:06:53.512,1.11522,1.1154,1.50,1.94
2016.05.03 12:06:53.868,1.1152,1.11537,1.00,1.31
2016.05.03 12:06:54.380,1.11522,1.11537,1.00,1.31
2016.05.03 12:06:58.552,1.11519,1.11536,1.12,1.25
2016.05.03 12:06:58.739,1.11519,1.11536,1.12,1.69
2016.05.03 12:06:59.886,1.11517,1.11536,1.00,3.19
2016.05.03 12:07:00.410,1.11516,1.11536,1.12,2.81
2016.05.03 12:07:01.636,1.11516,1.11534,1.12,1.19
2016.05.03 12:07:02.149,1.11516,1.11533,1.12,1.69
2016.05.03 12:07:02.652,1.11516,1.11532,1.12,1.19
2016.05.03 12:07:03.170,1.11513,1.1153,1.87,1.00
2016.05.03 12:07:04.038,1.11513,1.1153,1.37,1.69
2016.05.03 12:07:04.549,1.11513,1.1153,1.37,1.00
2016.05.03 12:07:05.027,1.11516,1.11533,1.00,1.37
2016.05.03 12:07:05.079,1.11516,1.11533,1.12,1.00
2016.05.03 12:07:05.130,1.11517,1.11535,1.00,1.25
2016.05.03 12:07:05.282,1.11517,1.11535,3.00,1.25
2016.05.03 12:07:06.113,1.11517,1.11533,2.25,1.00
2016.05.03 12:07:06.505,1.11518,1.11536,1.50,1.19
2016.05.03 12:07:08.972,1.11518,1.11536,1.00,1.56
2016.05.03 12:07:09.478,1.11517,1.11535,1.12,1.31
2016.05.03 12:07:09.832,1.11517,1.11534,1.12,1.19
2016.05.03 12:07:10.137,1.11512,1.11531,3.00,1.87
2016.05.03 12:07:10.188,1.11512,1.11529,3.00,1.19
2016.05.03 12:07:10.566,1.11512,1.11529,1.12,2.62
2016.05.03 12:07:12.280,1.11511,1.11527,1.50,1.31
2016.05.03 12:07:13.081,1.11512,1.11527,1.00,1.31
2016.05.03 12:07:13.590,1.11513,1.1153,1.00,3.00
2016.05.03 12:07:13.777,1.11513,1.1153,1.00,2.44
2016.05.03 12:07:13.828,1.11513,1.11528,1.00,1.19
2016.05.03 12:07:14.367,1.11516,1.1153,1.00,2.25
2016.05.03 12:07:14.900,1.11514,1.11529,1.12,1.19
2016.05.03 12:07:15.411,1.11514,1.1153,1.12,1.19
2016.05.03 12:07:15.969,1.11511,1.1153,1.00,3.00
2016.05.03 12:07:16.112,1.11511,1.11527,1.00,1.19
2016.05.03 12:07:16.611,1.11509,1.11527,1.12,1.25
2016.05.03 12:07:17.142,1.1151,1.11528,1.00,2.25
2016.05.03 12:07:17.372,1.11511,1.11529,1.50,1.50
2016.05.03 12:07:17.626,1.11511,1.11531,1.50,2.62
2016.05.03 12:07:18.514,1.1151,1.11528,2.25,1.00
2016.05.03 12:07:18.653,1.1151,1.11527,1.12,1.69
2016.05.03 12:07:19.161,1.11511,1.11526,1.00,1.31
2016.05.03 12:07:19.212,1.11507,1.11526,1.87,2.44
2016.05.03 12:07:19.314,1.11507,1.11524,1.87,1.19
2016.05.03 12:07:22.106,1.1151,1.11524,1.00,1.19
2016.05.03 12:07:22.208,1.11512,1.11527,1.00,2.06
2016.05.03 12:07:22.957,1.1151,1.11526,1.00,1.31
2016.05.03 12:07:23.464,1.1151,1.11526,1.00,1.31
2016.05.03 12:07:24.199,1.11508,1.11526,1.00,1.31
2016.05.03 12:07:24.790,1.11509,1.11526,1.12,1.31
2016.05.03 12:07:25.276,1.11511,1.11526,1.00,1.19
2016.05.03 12:07:25.378,1.11511,1.11529,1.00,1.31
2016.05.03 12:07:25.909,1.11511,1.1153,1.12,3.19
2016.05.03 12:07:26.124,1.11511,1.11527,1.00,1.19
2016.05.03 12:07:26.328,1.11509,1.11527,1.12,1.69
2016.05.03 12:07:27.239,1.11509,1.11525,1.12,1.19
2016.05.03 12:07:28.746,1.11512,1.11526,1.00,1.31
2016.05.03 12:07:28.798,1.11512,1.11529,1.00,1.94
2016.05.03 12:07:28.900,1.11515,1.11529,1.00,1.19
2016.05.03 12:07:29.417,1.11517,1.11529,1.00,1.19
2016.05.03 12:07:29.468,1.11517,1.11533,1.00,2.81
2016.05.03 12:07:29.570,1.11517,1.11533,1.00,1.00
2016.05.03 12:07:30.006,1.11516,1.11532,1.00,1.19
2016.05.03 12:07:30.312,1.11515,1.11528,1.00,1.00
2016.05.03 12:07:30.414,1.11512,1.11529,1.31,2.06
2016.05.03 12:07:30.851,1.11515,1.11528,1.00,1.25
2016.05.03 12:07:31.005,1.11511,1.11528,1.12,1.00
2016.05.03 12:07:31.133,1.11511,1.11528,1.00,1.62
2016.05.03 12:07:31.539,1.11512,1.11532,1.37,3.19
2016.05.03 12:07:31.590,1.11512,1.11532,1.50,2.44
2016.05.03 12:07:31.948,1.11515,1.11532,1.00,2.81
2016.05.03 12:07:34.344,1.11515,1.11534,1.50,1.94
2016.05.03 12:07:34.894,1.11515,1.11534,1.50,1.69
2016.05.03 12:07:35.229,1.11518,1.11532,1.00,1.31
2016.05.03 12:07:35.280,1.11518,1.11534,1.00,3.19
2016.05.03 12:07:35.836,1.1152,1.11536,1.00,1.37
2016.05.03 12:07:35.888,1.1152,1.11536,1.00,1.00
2016.05.03 12:07:35.990,1.11522,1.11536,1.00,1.00
2016.05.03 12:07:37.782,1.11522,1.11536,1.37,1.00
2016.05.03 12:07:40.203,1.11524,1.11536,1.37,1.00
2016.05.03 12:07:40.469,1.11529,1.11546,1.00,1.69
2016.05.03 12:07:40.521,1.11527,1.11546,1.12,1.69
2016.05.03 12:07:41.302,1.11527,1.11545,1.12,1.25
2016.05.03 12:07:41.557,1.11527,1.11543,1.12,1.19
2016.05.03 12:07:43.536,1.11525,1.11541,1.75,1.19
2016.05.03 12:07:44.216,1.11525,1.11543,1.87,1.69
2016.05.03 12:07:45.638,1.11523,1.11541,1.87,1.19
2016.05.03 12:07:45.689,1.11523,1.11541,1.87,2.06
2016.05.03 12:07:46.213,1.11523,1.1154,1.12,1.19
2016.05.03 12:07:47.904,1.11523,1.1154,1.12,1.19
2016.05.03 12:07:49.668,1.11523,1.11541,2.62,1.12
2016.05.03 12:07:49.821,1.11522,1.1154,2.25,1.69
2016.05.03 12:07:49.923,1.11525,1.11542,1.00,2.06
2016.05.03 12:07:50.074,1.11527,1.11542,1.00,2.06
2016.05.03 12:07:50.126,1.11525,1.11542,1.00,3.19
2016.05.03 12:07:50.430,1.11523,1.11541,1.50,1.31
2016.05.03 12:07:50.634,1.11521,1.11537,1.75,1.00
2016.05.03 12:07:50.685,1.1152,1.11537,1.12,2.06
2016.05.03 12:07:50.889,1.11517,1.11535,1.50,1.69
2016.05.03 12:07:51.326,1.11516,1.11534,2.25,1.31
2016.05.03 12:07:51.633,1.11515,1.11531,1.50,1.00
2016.05.03 12:07:51.989,1.11516,1.11533,1.00,1.12
2016.05.03 12:07:52.506,1.11517,1.11533,1.00,1.12
2016.05.03 12:07:52.719,1.11515,1.11533,1.87,1.12
2016.05.03 12:07:52.922,1.11516,1.11534,1.75,1.25
2016.05.03 12:07:53.125,1.11516,1.11534,1.00,1.69
2016.05.03 12:07:53.177,1.11516,1.11534,1.37,1.31
2016.05.03 12:07:53.982,1.11516,1.11533,1.50,1.00
2016.05.03 12:07:55.093,1.11516,1.11535,2.25,2.44
2016.05.03 12:07:56.894,1.11516,1.11534,1.50,1.31
2016.05.03 12:07:57.356,1.11518,1.11533,1.50,1.69
2016.05.03 12:07:57.459,1.1152,1.11537,1.50,1.87
2016.05.03 12:07:57.510,1.11519,1.11536,1.12,1.19
2016.05.03 12:07:57.612,1.11518,1.11536,1.37,1.69
2016.05.03 12:07:57.917,1.11517,1.11536,2.62,2.06
2016.05.03 12:07:58.218,1.11517,1.11536,1.00,2.44
2016.05.03 12:07:59.499,1.11517,1.11534,3.00,1.19
2016.05.03 12:07:59.601,1.11518,1.11537,1.00,2.44
2016.05.03 12:08:00.570,1.11515,1.11534,2.25,1.00
2016.05.03 12:08:00.622,1.11515,1.11534,1.75,2.25
2016.05.03 12:08:00.724,1.11513,1.11531,1.50,2.06
2016.05.03 12:08:00.825,1.11512,1.11529,1.00,1.19
2016.05.03 12:08:01.948,1.11512,1.11529,1.00,1.94
2016.05.03 12:08:02.450,1.11511,1.11528,1.00,1.75
2016.05.03 12:08:02.938,1.11512,1.1153,1.50,2.06
2016.05.03 12:08:02.992,1.11514,1.11531,1.00,2.06
2016.05.03 12:08:03.094,1.11515,1.11534,1.00,3.19
2016.05.03 12:08:03.551,1.11517,1.11532,1.00,1.19
2016.05.03 12:08:04.102,1.11513,1.11532,2.25,1.69
2016.05.03 12:08:05.825,1.11517,1.11532,1.50,1.19
2016.05.03 12:08:05.876,1.11517,1.11534,1.50,2.44
2016.05.03 12:08:06.384,1.11518,1.11536,1.00,2.44
2016.05.03 12:08:06.951,1.11519,1.11536,1.00,1.69
2016.05.03 12:08:07.845,1.11519,1.11538,1.50,2.25
2016.05.03 12:08:08.078,1.11522,1.11538,1.00,1.00
2016.05.03 12:08:08.588,1.11523,1.11539,1.00,1.00
2016.05.03 12:08:08.892,1.11523,1.1154,1.56,1.00
2016.05.03 12:08:09.485,1.11524,1.1154,1.00,1.00
2016.05.03 12:08:09.993,1.11522,1.1154,1.87,1.00
2016.05.03 12:08:10.045,1.11522,1.11539,1.00,2.06
2016.05.03 12:08:10.147,1.11523,1.11541,1.26,1.62
2016.05.03 12:08:10.486,1.11523,1.1154,1.26,1.31
2016.05.03 12:08:10.693,1.11523,1.11541,1.26,1.62
2016.05.03 12:08:11.203,1.11523,1.11541,1.26,1.62
2016.05.03 12:08:11.745,1.11522,1.11541,1.26,2.06
2016.05.03 12:08:12.398,1.11522,1.11541,1.01,2.06
2016.05.03 12:08:13.048,1.11523,1.11541,1.00,1.62
2016.05.03 12:08:14.285,1.11525,1.11541,1.00,1.25
2016.05.03 12:08:14.388,1.11523,1.11541,1.12,1.25
2016.05.03 12:08:14.643,1.11522,1.1154,1.39,1.19
2016.05.03 12:08:14.949,1.11525,1.11543,1.50,2.06
2016.05.03 12:08:15.287,1.11525,1.11543,2.25,1.31
2016.05.03 12:08:15.837,1.11525,1.11543,1.50,1.19
2016.05.03 12:08:16.268,1.11524,1.11542,1.76,1.31
2016.05.03 12:08:17.385,1.11524,1.11541,1.76,1.19
2016.05.03 12:08:17.918,1.11524,1.1154,1.01,1.62
2016.05.03 12:08:18.072,1.1152,1.11539,2.51,1.62
2016.05.03 12:08:18.579,1.11523,1.11539,1.12,1.25
2016.05.03 12:08:19.120,1.11523,1.11538,1.50,1.00
2016.05.03 12:08:19.224,1.11523,1.1154,1.50,1.00
2016.05.03 12:08:19.732,1.11524,1.11541,1.00,1.19
2016.05.03 12:08:21.238,1.11523,1.1154,1.50,1.25
2016.05.03 12:08:21.378,1.11523,1.11537,1.00,1.00
2016.05.03 12:08:21.886,1.1152,1.11537,1.01,2.06
2016.05.03 12:08:24.773,1.1152,1.11537,1.01,1.00
2016.05.03 12:08:25.155,1.1152,1.11534,1.01,1.00
2016.05.03 12:08:25.320,1.11518,1.11536,2.51,1.69
2016.05.03 12:08:25.372,1.1152,1.11537,1.26,2.44
2016.05.03 12:08:25.627,1.1152,1.11539,3.26,2.44
2016.05.03 12:08:26.171,1.11521,1.11539,1.26,1.50
2016.05.03 12:08:26.222,1.11521,1.11537,1.26,1.00
2016.05.03 12:08:26.375,1.1152,1.11537,1.76,1.00
2016.05.03 12:08:26.898,1.1152,1.1154,2.51,2.81
2016.05.03 12:08:28.695,1.1152,1.1154,2.51,2.44
2016.05.03 12:08:29.936,1.11522,1.1154,1.00,2.81
2016.05.03 12:08:31.275,1.11521,1.1154,2.44,1.50
2016.05.03 12:08:31.819,1.11521,1.1154,2.44,1.50
2016.05.03 12:08:33.681,1.11523,1.11539,1.00,1.19
2016.05.03 12:08:34.191,1.11524,1.11539,1.00,1.19
2016.05.03 12:08:34.446,1.11524,1.1154,1.00,1.25
2016.05.03 12:08:34.598,1.11522,1.1154,1.00,1.25
2016.05.03 12:08:34.868,1.11522,1.11539,1.00,1.56
2016.05.03 12:08:34.970,1.1152,1.11538,1.31,1.25
2016.05.03 12:08:35.194,1.11522,1.11539,1.00,1.69
2016.05.03 12:08:35.700,1.11521,1.11539,1.00,2.06
2016.05.03 12:08:36.204,1.11522,1.11539,1.00,2.06
2016.05.03 12:08:36.713,1.11521,1.1154,1.50,1.62
2016.05.03 12:08:37.267,1.11521,1.1154,1.50,1.62
2016.05.03 12:08:38.604,1.11521,1.1154,1.50,1.25
2016.05.03 12:08:40.186,1.11521,1.11539,1.00,1.00
2016.05.03 12:08:40.698,1.11521,1.11539,1.00,1.37
2016.05.03 12:08:41.245,1.11521,1.11539,2.44,1.00
2016.05.03 12:08:41.506,1.11522,1.11539,1.56,1.00
2016.05.03 12:08:41.850,1.11526,1.11544,1.00,2.81
2016.05.03 12:08:42.460,1.11527,1.11545,1.00,1.94
2016.05.03 12:08:42.561,1.11527,1.11545,1.37,1.31
2016.05.03 12:08:43.366,1.11527,1.11546,1.37,1.56
2016.05.03 12:08:43.902,1.11529,1.11548,1.31,2.00
2016.05.03 12:08:44.312,1.11531,1.11548,1.00,2.44
2016.05.03 12:08:44.821,1.1153,1.11548,1.31,2.06
2016.05.03 12:08:45.435,1.1153,1.11548,1.56,2.00
2016.05.03 12:08:45.537,1.11531,1.11548,1.25,1.25
2016.05.03 12:08:46.055,1.11529,1.11547,2.44,1.37
2016.05.03 12:08:46.208,1.11529,1.11549,3.19,3.19
2016.05.03 12:08:46.462,1.11541,1.11549,1.00,1.12
2016.05.03 12:08:46.667,1.11549,1.11564,1.00,1.80
2016.05.03 12:08:46.718,1.11549,1.11565,1.69,1.75
2016.05.03 12:08:46.770,1.11549,1.11567,2.06,1.19
2016.05.03 12:08:46.871,1.11552,1.11568,1.00,1.00
2016.05.03 12:08:46.961,1.11554,1.11568,1.00,1.00
2016.05.03 12:08:47.014,1.11554,1.11571,1.31,1.31
2016.05.03 12:08:47.523,1.11552,1.11571,1.50,2.06
2016.05.03 12:08:47.879,1.11552,1.11568,1.50,1.00
2016.05.03 12:08:48.244,1.11548,1.11566,3.00,1.00
2016.05.03 12:08:48.448,1.11548,1.11565,1.00,1.00
2016.05.03 12:08:50.343,1.11548,1.11565,1.00,1.62
2016.05.03 12:08:50.858,1.11548,1.11565,1.00,1.25
2016.05.03 12:08:52.033,1.11548,1.11563,1.00,1.19
2016.05.03 12:08:52.618,1.11549,1.11565,1.00,1.69
2016.05.03 12:08:52.872,1.11549,1.11567,2.81,1.25
2016.05.03 12:08:53.359,1.11548,1.11566,1.69,1.00
2016.05.03 12:08:53.715,1.11551,1.11566,1.00,1.00
2016.05.03 12:08:53.969,1.11553,1.1157,1.12,1.00
2016.05.03 12:08:54.343,1.11551,1.11569,1.50,2.06
2016.05.03 12:08:54.850,1.11552,1.11569,1.12,1.12
2016.05.03 12:08:55.364,1.11551,1.1157,1.59,1.69
2016.05.03 12:08:55.906,1.11552,1.1157,1.00,2.44
2016.05.03 12:08:56.686,1.11552,1.1157,1.00,1.87
2016.05.03 12:08:57.195,1.11552,1.1157,1.00,3.19
2016.05.03 12:08:58.399,1.11551,1.11568,1.50,1.62
2016.05.03 12:08:58.705,1.11548,1.11565,1.00,2.06
2016.05.03 12:08:59.312,1.11547,1.11565,1.50,2.81
2016.05.03 12:08:59.668,1.11546,1.11563,1.12,2.44
2016.05.03 12:09:00.415,1.11546,1.11563,1.00,1.50
2016.05.03 12:09:00.872,1.11546,1.1156,1.00,1.19
2016.05.03 12:09:00.975,1.11545,1.11563,1.00,1.69
2016.05.03 12:09:01.026,1.11547,1.11563,1.00,1.25
2016.05.03 12:09:01.330,1.1155,1.11564,1.00,1.69
2016.05.03 12:09:01.667,1.11548,1.11567,1.75,1.19
2016.05.03 12:09:01.769,1.11548,1.11565,1.75,1.19
2016.05.03 12:09:02.226,1.11548,1.11565,1.00,1.19
2016.05.03 12:09:02.532,1.11549,1.11566,1.50,1.56
2016.05.03 12:09:02.787,1.11549,1.11567,1.50,2.44
2016.05.03 12:09:03.296,1.1155,1.11568,1.00,2.06
2016.05.03 12:09:03.866,1.11551,1.11569,1.37,1.56
2016.05.03 12:09:03.967,1.11552,1.11571,1.00,3.19
2016.05.03 12:09:04.070,1.11552,1.11568,1.00,1.19
2016.05.03 12:09:04.526,1.11552,1.11564,1.00,1.00
2016.05.03 12:09:04.831,1.11548,1.11567,2.06,1.69
2016.05.03 12:09:05.586,1.1155,1.11568,1.75,1.19
2016.05.03 12:09:05.739,1.11551,1.11569,1.75,1.00
2016.05.03 12:09:06.290,1.11553,1.11568,1.37,1.00
2016.05.03 12:09:06.547,1.11553,1.11572,1.37,1.62
2016.05.03 12:09:07.497,1.11555,1.11573,1.37,1.31
2016.05.03 12:09:07.804,1.11555,1.11573,1.87,1.69
2016.05.03 12:09:08.109,1.11555,1.11571,1.75,1.19
2016.05.03 12:09:08.364,1.11555,1.11573,1.94,1.62
2016.05.03 12:09:08.416,1.11555,1.11572,1.00,1.00
2016.05.03 12:09:08.615,1.11557,1.11572,1.00,1.00
2016.05.03 12:09:08.719,1.11557,1.11574,1.12,2.06
2016.05.03 12:09:08.821,1.11554,1.11571,1.75,1.00
2016.05.03 12:09:08.923,1.11554,1.11569,1.00,1.00
2016.05.03 12:09:09.434,1.11555,1.11568,1.00,1.00
2016.05.03 12:09:09.771,1.11555,1.11571,1.00,1.00
2016.05.03 12:09:10.279,1.11555,1.11572,1.00,1.25
2016.05.03 12:09:10.331,1.11555,1.11571,1.00,1.19
2016.05.03 12:09:10.535,1.11555,1.11572,1.00,1.00
2016.05.03 12:09:10.586,1.11555,1.11569,1.00,1.00
2016.05.03 12:09:10.832,1.11555,1.11572,1.00,1.00
2016.05.03 12:09:12.147,1.11555,1.11566,1.00,1.00
2016.05.03 12:09:12.300,1.1155,1.11566,1.31,1.00
2016.05.03 12:09:12.453,1.11549,1.11565,1.37,1.00
2016.05.03 12:09:12.555,1.11549,1.11567,1.37,1.12
2016.05.03 12:09:12.710,1.11549,1.11567,1.37,1.00
2016.05.03 12:09:12.965,1.11549,1.11569,3.00,1.12
2016.05.03 12:09:13.067,1.11553,1.11564,1.00,1.00
2016.05.03 12:09:13.244,1.11549,1.11564,1.50,1.00
2016.05.03 12:09:13.449,1.11547,1.11567,3.56,1.37
2016.05.03 12:09:13.653,1.11548,1.11564,1.87,1.00
2016.05.03 12:09:13.957,1.11548,1.11564,2.25,1.00
2016.05.03 12:09:14.461,1.11548,1.11565,1.50,1.00
2016.05.03 12:09:14.664,1.1155,1.11569,1.75,2.62
2016.05.03 12:09:15.869,1.1155,1.11567,2.25,1.00
2016.05.03 12:09:16.072,1.11551,1.11569,1.50,1.12
2016.05.03 12:09:16.326,1.11552,1.11572,3.00,1.37
2016.05.03 12:09:16.378,1.11556,1.11573,1.00,1.87
2016.05.03 12:09:16.532,1.11556,1.11573,1.50,1.00
2016.05.03 12:09:17.900,1.11557,1.11574,1.50,1.50
2016.05.03 12:09:18.207,1.1156,1.11574,1.00,1.00
2016.05.03 12:09:18.528,1.11554,1.1157,1.75,1.00
2016.05.03 12:09:18.579,1.11554,1.11569,1.00,1.00
2016.05.03 12:09:19.087,1.11552,1.11569,1.87,1.00
2016.05.03 12:09:19.595,1.11552,1.1157,1.87,1.00
2016.05.03 12:09:19.646,1.11552,1.1157,3.00,1.00
2016.05.03 12:09:19.952,1.11553,1.11567,1.12,1.00
2016.05.03 12:09:20.265,1.11551,1.11568,1.75,1.00
2016.05.03 12:09:20.367,1.1155,1.11564,1.37,1.00
2016.05.03 12:09:20.468,1.11549,1.11564,1.50,1.00
2016.05.03 12:09:20.806,1.1155,1.11568,1.12,1.50
2016.05.03 12:09:20.961,1.11552,1.11569,1.00,1.75
2016.05.03 12:09:21.114,1.11554,1.11571,1.00,1.00
2016.05.03 12:09:21.959,1.11554,1.11574,1.37,1.87
2016.05.03 12:09:22.061,1.11556,1.11575,1.50,1.00
2016.05.03 12:09:22.787,1.11558,1.11576,1.12,1.12
2016.05.03 12:09:22.889,1.1156,1.11576,1.00,1.00
2016.05.03 12:09:23.194,1.1156,1.11574,1.00,1.00
2016.05.03 12:09:23.245,1.1156,1.11576,1.00,1.00
2016.05.03 12:09:24.161,1.1156,1.11575,1.00,1.00
2016.05.03 12:09:24.972,1.1156,1.11576,1.00,1.00
2016.05.03 12:09:26.062,1.11561,1.1158,1.00,2.25
2016.05.03 12:09:26.113,1.11565,1.1158,1.50,1.50
2016.05.03 12:09:26.442,1.11566,1.11586,4.12,1.05
2016.05.03 12:09:26.747,1.11564,1.11581,1.00,1.00
2016.05.03 12:09:27.254,1.11563,1.11581,1.00,1.00
2016.05.03 12:09:28.406,1.11563,1.11578,1.00,1.00
2016.05.03 12:09:28.990,1.11561,1.11578,1.00,1.50
2016.05.03 12:09:29.499,1.11562,1.11578,1.50,1.00
2016.05.03 12:09:30.590,1.11562,1.11581,1.75,1.00
2016.05.03 12:09:39.644,1.11563,1.11576,1.37,1.00
2016.05.03 12:09:39.696,1.11561,1.11576,1.37,1.00
2016.05.03 12:09:39.836,1.1156,1.11576,1.50,1.00
2016.05.03 12:09:39.887,1.11558,1.11574,1.00,1.50
2016.05.03 12:09:40.090,1.11556,1.11573,1.50,1.00
2016.05.03 12:09:40.242,1.11556,1.11571,1.50,1.00
2016.05.03 12:09:40.447,1.11552,1.1157,1.87,1.00
2016.05.03 12:09:40.498,1.11552,1.1157,1.87,1.00
2016.05.03 12:09:40.805,1.11552,1.11568,1.12,1.00
2016.05.03 12:09:41.107,1.11557,1.11575,1.00,2.25
2016.05.03 12:09:41.210,1.11558,1.11577,1.50,1.50
2016.05.03 12:09:41.363,1.11559,1.11574,1.12,1.00
2016.05.03 12:09:41.861,1.11559,1.11576,1.12,1.12
2016.05.03 12:09:42.567,1.11559,1.11574,1.12,1.00
2016.05.03 12:09:42.770,1.11559,1.11576,1.87,1.00
2016.05.03 12:09:42.821,1.11561,1.11577,1.00,1.50
2016.05.03 12:09:43.124,1.11556,1.11573,2.25,1.00
2016.05.03 12:09:43.327,1.11556,1.11573,2.25,1.50
2016.05.03 12:09:43.530,1.11556,1.11571,1.50,1.00
2016.05.03 12:09:46.205,1.11556,1.11572,1.00,1.00
2016.05.03 12:09:46.257,1.11556,1.11574,1.50,1.50
2016.05.03 12:09:46.410,1.11556,1.11572,2.25,1.00
2016.05.03 12:09:46.945,1.11558,1.11572,1.00,1.00
2016.05.03 12:09:48.206,1.11558,1.11571,1.00,1.00
2016.05.03 12:09:48.257,1.11555,1.11574,1.00,2.25
2016.05.03 12:09:48.308,1.11557,1.11574,1.00,2.06
2016.05.03 12:09:48.461,1.11558,1.11576,1.00,1.56
2016.05.03 12:09:49.205,1.11558,1.11576,1.00,1.00
2016.05.03 12:09:50.912,1.11558,1.11576,1.87,1.00
2016.05.03 12:09:50.963,1.11559,1.11576,1.12,1.00
2016.05.03 12:09:52.581,1.11558,1.11576,2.25,1.00
2016.05.03 12:09:53.106,1.11558,1.11574,1.87,1.00
2016.05.03 12:09:54.438,1.11558,1.11574,1.87,1.00
2016.05.03 12:09:54.591,1.11558,1.11576,1.87,1.00
2016.05.03 12:09:54.693,1.11558,1.11574,1.87,1.00
2016.05.03 12:09:55.272,1.11558,1.11574,1.50,1.00
2016.05.03 12:09:56.008,1.11558,1.11577,1.87,1.50
2016.05.03 12:09:56.059,1.11558,1.11577,1.87,1.50
2016.05.03 12:09:56.573,1.11561,1.11577,1.37,1.00
2016.05.03 12:09:57.261,1.11561,1.11573,1.00,1.00
2016.05.03 12:09:57.452,1.11557,1.11573,1.12,1.00
2016.05.03 12:09:57.960,1.11557,1.11575,1.50,1.37
2016.05.03 12:09:59.972,1.11558,1.11576,1.00,1.50
2016.05.03 12:10:01.051,1.11558,1.11576,1.37,1.50
2016.05.03 12:10:01.204,1.11558,1.11576,1.00,1.50
2016.05.03 12:10:01.255,1.11557,1.11576,1.87,1.50
2016.05.03 12:10:01.798,1.11557,1.11576,1.87,1.50
2016.05.03 12:10:02.313,1.11557,1.11576,1.50,2.25
2016.05.03 12:10:04.613,1.11555,1.11573,3.00,1.00
2016.05.03 12:10:06.491,1.11557,1.11573,1.87,1.00
2016.05.03 12:10:06.694,1.11561,1.1158,1.12,1.50
2016.05.03 12:10:06.898,1.11561,1.1158,1.87,1.00
2016.05.03 12:10:07.411,1.11563,1.11581,1.12,1.00
2016.05.03 12:10:07.905,1.11562,1.11579,2.25,1.00
2016.05.03 12:10:08.108,1.1156,1.11578,2.25,2.25
2016.05.03 12:10:08.312,1.11559,1.11576,1.50,1.12
2016.05.03 12:10:08.636,1.11559,1.11574,1.00,1.00
2016.05.03 12:10:08.738,1.11559,1.11576,1.00,1.12
2016.05.03 12:10:09.106,1.11557,1.11575,1.50,1.75
2016.05.03 12:10:09.679,1.11556,1.11574,1.12,1.50
2016.05.03 12:10:11.507,1.11557,1.11575,1.50,1.87
2016.05.03 12:10:11.609,1.11558,1.11578,1.75,2.25
2016.05.03 12:10:13.326,1.11557,1.11574,1.75,1.00
2016.05.03 12:10:13.428,1.11556,1.11574,1.75,1.00
2016.05.03 12:10:13.530,1.11556,1.11574,1.37,1.75
2016.05.03 12:10:14.133,1.11556,1.11573,1.12,1.50
2016.05.03 12:10:15.234,1.11556,1.11575,1.37,1.75
2016.05.03 12:10:15.741,1.11556,1.11575,2.25,1.75
2016.05.03 12:10:15.897,1.11556,1.11575,3.00,1.00
2016.05.03 12:10:16.175,1.11559,1.11577,1.50,1.00
2016.05.03 12:10:16.682,1.11559,1.11578,1.50,1.00
2016.05.03 12:10:17.217,1.11562,1.11579,1.00,2.25
2016.05.03 12:10:17.404,1.1156,1.11578,1.00,1.50
2016.05.03 12:10:17.862,1.1156,1.11576,1.00,1.00
2016.05.03 12:10:17.913,1.11557,1.11574,1.50,1.00
2016.05.03 12:10:18.370,1.11555,1.11573,1.75,1.87
2016.05.03 12:10:18.877,1.11553,1.1157,1.75,1.00
2016.05.03 12:10:18.929,1.1155,1.1157,2.25,1.12
2016.05.03 12:10:19.083,1.1155,1.11566,1.75,1.00
2016.05.03 12:10:19.135,1.1155,1.11569,1.00,2.25
2016.05.03 12:10:19.289,1.11548,1.11566,2.25,1.00
2016.05.03 12:10:19.624,1.1155,1.11568,1.00,3.00
2016.05.03 12:10:19.827,1.11552,1.11568,1.00,1.00
2016.05.03 12:10:20.333,1.11552,1.11569,1.12,1.00
2016.05.03 12:10:20.881,1.11552,1.1157,1.50,1.12
2016.05.03 12:10:21.398,1.11552,1.1157,1.12,1.12
2016.05.03 12:10:21.703,1.11552,1.11568,1.00,1.50
2016.05.03 12:10:22.350,1.11551,1.11567,1.50,1.00
2016.05.03 12:10:22.553,1.11548,1.11565,1.50,1.50
2016.05.03 12:10:23.994,1.11549,1.11565,1.37,1.50
2016.05.03 12:10:24.292,1.11549,1.11565,1.12,1.31
2016.05.03 12:10:24.647,1.11551,1.11565,1.00,1.00
2016.05.03 12:10:24.699,1.11551,1.11567,1.00,1.50
2016.05.03 12:10:25.373,1.11551,1.11566,1.00,1.00
2016.05.03 12:10:25.526,1.11547,1.11564,1.50,1.50
2016.05.03 12:10:26.223,1.11547,1.11565,2.62,1.87
2016.05.03 12:10:26.516,1.11547,1.11565,2.62,1.87
2016.05.03 12:10:26.871,1.11548,1.11563,1.75,1.00
2016.05.03 12:10:27.075,1.11549,1.11566,1.37,1.50
2016.05.03 12:10:27.705,1.11547,1.11566,1.75,1.87
2016.05.03 12:10:28.010,1.1154,1.11554,1.87,1.00
2016.05.03 12:10:28.061,1.11537,1.11553,1.75,1.00
2016.05.03 12:10:28.163,1.11541,1.11558,1.12,1.87
2016.05.03 12:10:28.316,1.11542,1.11558,1.87,1.00
2016.05.03 12:10:28.368,1.11544,1.1156,1.75,1.00
2016.05.03 12:10:28.420,1.11544,1.11563,2.25,1.00
2016.05.03 12:10:28.952,1.11544,1.11564,2.25,1.69
2016.05.03 12:10:29.353,1.11545,1.11564,1.00,2.25
2016.05.03 12:10:30.360,1.11547,1.11564,1.00,2.25
2016.05.03 12:10:30.563,1.11545,1.11563,1.87,1.00
2016.05.03 12:10:33.837,1.11545,1.11563,2.25,1.00
2016.05.03 12:10:34.176,1.11544,1.11561,1.75,1.00
2016.05.03 12:10:35.570,1.11545,1.1156,1.75,1.00
2016.05.03 12:10:36.576,1.11541,1.1156,2.25,2.06
2016.05.03 12:10:37.044,1.11545,1.11561,1.00,1.50
2016.05.03 12:10:40.512,1.11545,1.11563,1.00,3.00
2016.05.03 12:10:42.451,1.11545,1.11564,1.50,3.19
2016.05.03 12:10:42.779,1.11545,1.11562,1.00,1.00
2016.05.03 12:10:43.317,1.11546,1.11563,1.37,1.31
2016.05.03 12:10:43.420,1.11548,1.11565,1.50,1.00
2016.05.03 12:10:44.905,1.11547,1.11567,2.25,2.17
2016.05.03 12:10:45.245,1.11547,1.11562,1.75,1.00
2016.05.03 12:10:45.449,1.11544,1.11562,1.12,1.00
2016.05.03 12:10:45.551,1.11544,1.11562,1.50,1.00
2016.05.03 12:10:46.086,1.11547,1.11563,1.00,1.00
2016.05.03 12:10:47.675,1.11547,1.11564,1.50,1.00
2016.05.03 12:10:47.979,1.11549,1.11565,1.00,1.00
2016.05.03 12:10:48.284,1.11545,1.11562,1.50,1.12
2016.05.03 12:10:50.548,1.11545,1.11561,1.50,1.00
2016.05.03 12:10:51.079,1.11544,1.11562,1.75,1.00
2016.05.03 12:10:51.951,1.11545,1.11564,1.50,3.49
2016.05.03 12:10:52.519,1.11544,1.11564,2.25,3.11
2016.05.03 12:10:53.094,1.11544,1.11562,1.75,1.00
2016.05.03 12:10:53.433,1.11546,1.11561,1.37,1.00
2016.05.03 12:10:53.484,1.11549,1.11563,1.00,1.24
2016.05.03 12:10:54.525,1.11549,1.11564,1.00,1.24
2016.05.03 12:10:54.629,1.11549,1.11562,1.00,1.00
2016.05.03 12:10:54.833,1.11549,1.11564,1.00,1.12
2016.05.03 12:10:56.386,1.11548,1.11565,1.75,1.00
2016.05.03 12:10:57.907,1.11547,1.11563,1.50,1.00
2016.05.03 12:10:58.010,1.11547,1.11563,1.37,1.00
2016.05.03 12:10:58.518,1.11544,1.11562,2.25,1.00
2016.05.03 12:10:58.906,1.11546,1.11564,1.50,1.24
2016.05.03 12:10:59.009,1.11547,1.11563,1.87,1.00
2016.05.03 12:10:59.213,1.11547,1.11563,1.50,1.00
2016.05.03 12:11:00.158,1.11547,1.11565,1.87,1.00
2016.05.03 12:11:00.210,1.11547,1.11565,2.25,1.00
2016.05.03 12:11:01.471,1.11551,1.11567,1.00,1.61
2016.05.03 12:11:03.314,1.11551,1.11565,1.00,1.24
2016.05.03 12:11:04.147,1.11549,1.11566,1.87,1.31
2016.05.03 12:11:04.695,1.1155,1.11566,1.12,1.00
2016.05.03 12:11:04.847,1.1155,1.11568,2.62,2.25
2016.05.03 12:11:05.205,1.1155,1.11567,1.50,1.00
2016.05.03 12:11:08.265,1.1155,1.11565,1.50,1.00
2016.05.03 12:11:11.051,1.1155,1.11568,1.00,1.12
2016.05.03 12:11:11.291,1.11552,1.11569,1.00,1.00
2016.05.03 12:11:11.343,1.11554,1.11572,1.00,1.50
2016.05.03 12:11:11.647,1.11556,1.11574,1.37,1.00
2016.05.03 12:11:11.951,1.11556,1.11574,1.87,1.00
2016.05.03 12:11:12.475,1.11557,1.11573,1.75,1.00
2016.05.03 12:11:12.526,1.11557,1.11576,2.25,1.00
2016.05.03 12:11:14.694,1.11559,1.11577,1.50,1.31
2016.05.03 12:11:14.904,1.11559,1.11577,1.87,1.00
2016.05.03 12:11:15.361,1.11561,1.11577,1.50,1.00
2016.05.03 12:11:17.713,1.1156,1.11579,1.75,2.62
2016.05.03 12:11:18.222,1.1156,1.11579,2.25,4.31
2016.05.03 12:11:19.422,1.1156,1.11576,1.75,1.50
2016.05.03 12:11:19.731,1.1156,1.11574,1.75,1.00
2016.05.03 12:11:20.261,1.11556,1.11573,1.75,1.00
2016.05.03 12:11:21.056,1.11556,1.11573,1.75,1.37
2016.05.03 12:11:21.564,1.11556,1.11573,1.75,1.00
2016.05.03 12:11:23.077,1.11557,1.11576,1.75,1.00
2016.05.03 12:11:23.179,1.1156,1.11578,1.00,2.62
2016.05.03 12:11:23.337,1.1156,1.11578,2.62,1.50
2016.05.03 12:11:23.650,1.11563,1.11579,1.12,1.00
2016.05.03 12:11:24.158,1.11563,1.11581,1.12,1.25
2016.05.03 12:11:24.475,1.11567,1.11584,1.12,3.56
2016.05.03 12:11:24.618,1.11566,1.11581,1.50,1.00
2016.05.03 12:11:24.670,1.11567,1.11584,1.75,1.50
2016.05.03 12:11:25.192,1.11565,1.11583,1.87,1.00
2016.05.03 12:11:25.739,1.11567,1.11584,2.25,1.00
2016.05.03 12:11:28.334,1.11568,1.11587,1.37,2.06
2016.05.03 12:11:28.801,1.11571,1.11587,1.12,1.19
2016.05.03 12:11:29.315,1.11569,1.11587,2.25,1.25
2016.05.03 12:11:29.620,1.11569,1.11583,1.87,1.00
2016.05.03 12:11:31.769,1.11569,1.11585,1.12,1.69
2016.05.03 12:11:32.310,1.11569,1.11585,1.12,1.69
2016.05.03 12:11:34.716,1.11569,1.11585,1.12,1.19
2016.05.03 12:11:36.481,1.11571,1.11588,1.87,1.50
2016.05.03 12:11:36.583,1.11571,1.11588,1.87,1.00
2016.05.03 12:11:36.912,1.11572,1.11584,1.87,1.00
2016.05.03 12:11:37.117,1.11572,1.11588,1.37,1.19
2016.05.03 12:11:37.662,1.11571,1.11588,2.25,1.00
2016.05.03 12:11:39.858,1.11572,1.1159,1.37,1.31
2016.05.03 12:11:39.909,1.11573,1.11591,1.75,1.19
2016.05.03 12:11:40.011,1.11573,1.11592,2.62,1.69
2016.05.03 12:11:40.559,1.11573,1.11591,1.75,1.50
2016.05.03 12:11:41.438,1.11572,1.1159,3.37,1.00
2016.05.03 12:11:41.790,1.11573,1.11592,1.75,1.25
2016.05.03 12:11:42.299,1.11574,1.11593,1.50,1.12
2016.05.03 12:11:42.758,1.11573,1.11591,2.25,1.00
2016.05.03 12:11:43.321,1.11575,1.11592,1.37,1.25
2016.05.03 12:11:43.637,1.11576,1.11594,1.75,1.50
2016.05.03 12:11:43.993,1.11577,1.11596,1.87,1.69
2016.05.03 12:11:44.044,1.11578,1.11598,1.87,1.31
2016.05.03 12:11:44.588,1.11581,1.11599,1.50,2.06
2016.05.03 12:11:46.679,1.11581,1.11598,1.50,1.00
2016.05.03 12:11:47.189,1.11581,1.11599,1.50,1.31
2016.05.03 12:11:49.350,1.1158,1.11598,1.75,1.00
2016.05.03 12:11:49.862,1.11582,1.116,1.12,2.44
2016.05.03 12:11:49.914,1.11584,1.116,1.12,1.69
2016.05.03 12:11:50.117,1.11587,1.11604,1.50,1.19
2016.05.03 12:11:50.321,1.11587,1.11606,2.25,1.50
2016.05.03 12:11:50.605,1.1159,1.11606,1.00,1.25
2016.05.03 12:11:53.951,1.1159,1.11605,1.00,1.00
2016.05.03 12:11:54.507,1.11586,1.11605,1.75,1.00
2016.05.03 12:11:59.331,1.11588,1.11606,1.37,1.69
2016.05.03 12:11:59.637,1.11588,1.11606,1.87,1.25
2016.05.03 12:12:00.069,1.11588,1.11604,1.87,1.00
2016.05.03 12:12:00.171,1.11586,1.11603,2.62,1.00
2016.05.03 12:12:00.374,1.11585,1.11602,1.50,1.00
2016.05.03 12:12:01.323,1.11585,1.116,1.50,1.00
2016.05.03 12:12:01.832,1.11584,1.11601,3.37,1.00
2016.05.03 12:12:02.339,1.11584,1.11599,1.87,1.00
2016.05.03 12:12:02.665,1.11584,1.11603,1.12,3.19
2016.05.03 12:12:02.768,1.11584,1.11603,1.75,1.50
2016.05.03 12:12:03.783,1.11585,1.11604,1.75,1.25
2016.05.03 12:12:03.885,1.11585,1.11604,1.00,1.12
2016.05.03 12:12:03.937,1.11585,1.11602,1.00,1.00
2016.05.03 12:12:04.395,1.11582,1.116,3.00,1.00
2016.05.03 12:12:04.966,1.11582,1.11598,2.25,1.00
2016.05.03 12:12:05.627,1.1158,1.116,3.37,1.00
2016.05.03 12:12:06.166,1.11585,1.11603,1.00,1.25
2016.05.03 12:12:06.676,1.11585,1.11604,1.50,1.12
2016.05.03 12:12:07.183,1.11585,1.11603,1.50,1.00
2016.05.03 12:12:07.702,1.11585,1.11603,1.59,1.00
2016.05.03 12:12:07.956,1.11585,1.11604,2.34,1.25
2016.05.03 12:12:08.262,1.11588,1.11604,1.50,1.25
2016.05.03 12:12:08.755,1.11585,1.11599,2.25,1.00
2016.05.03 12:12:09.060,1.11585,1.11603,1.50,1.50
2016.05.03 12:12:09.890,1.11585,1.11603,1.59,1.50
2016.05.03 12:12:09.941,1.11585,1.11599,1.59,1.00
2016.05.03 12:12:11.142,1.11584,1.11602,1.84,1.12
2016.05.03 12:12:11.575,1.11584,1.11598,1.75,1.00
2016.05.03 12:12:11.780,1.11582,1.11598,1.59,1.00
2016.05.03 12:12:11.882,1.11581,1.11598,1.00,1.00
2016.05.03 12:12:12.102,1.11579,1.11598,2.72,1.00
2016.05.03 12:12:12.613,1.11579,1.11599,2.72,1.50
2016.05.03 12:12:13.633,1.11579,1.11598,2.72,1.00
2016.05.03 12:12:14.546,1.11583,1.11599,1.50,1.00
2016.05.03 12:12:15.040,1.11582,1.11602,1.97,2.44
2016.05.03 12:12:15.465,1.11585,1.11602,1.37,1.31
2016.05.03 12:12:15.771,1.11585,1.11603,1.50,1.69
2016.05.03 12:12:16.525,1.11584,1.11601,2.25,1.19
2016.05.03 12:12:16.627,1.11586,1.11603,1.12,1.00
2016.05.03 12:12:17.175,1.11586,1.11604,1.12,1.31
2016.05.03 12:12:18.662,1.11587,1.11605,1.50,2.81
2016.05.03 12:12:18.815,1.11589,1.11606,1.00,2.25
2016.05.03 12:12:19.120,1.11587,1.11603,1.12,1.00
2016.05.03 12:12:19.742,1.11585,1.11603,2.34,1.00
2016.05.03 12:12:20.249,1.11585,1.11604,1.59,2.06
2016.05.03 12:12:20.562,1.11585,1.11602,1.62,1.00
2016.05.03 12:12:22.988,1.11584,1.11599,2.25,1.00
2016.05.03 12:12:23.178,1.11584,1.11602,1.75,1.00
2016.05.03 12:12:25.422,1.11584,1.11601,1.75,1.00
2016.05.03 12:12:25.588,1.11584,1.11598,1.75,1.00
2016.05.03 12:12:25.690,1.1158,1.11598,2.34,1.00
2016.05.03 12:12:26.154,1.1158,1.116,1.97,1.00
2016.05.03 12:12:26.510,1.11583,1.116,1.50,1.00
2016.05.03 12:12:26.562,1.11583,1.11603,1.50,1.69
2016.05.03 12:12:33.036,1.11585,1.11603,1.50,1.69
2016.05.03 12:12:37.077,1.11586,1.11605,3.00,1.25
2016.05.03 12:12:37.393,1.1159,1.11606,1.00,1.19
2016.05.03 12:12:37.734,1.11593,1.1161,1.12,1.50
2016.05.03 12:12:37.991,1.11591,1.11608,1.37,1.00
2016.05.03 12:12:38.398,1.11592,1.11608,1.75,1.00
2016.05.03 12:12:39.093,1.11594,1.11609,1.00,1.00
2016.05.03 12:12:39.857,1.11594,1.11611,1.12,1.25
2016.05.03 12:12:40.009,1.11595,1.11614,1.50,1.87
2016.05.03 12:12:40.548,1.11603,1.11614,1.37,1.00
2016.05.03 12:12:40.600,1.11603,1.11617,1.87,1.12
2016.05.03 12:12:40.651,1.11603,1.11619,1.12,1.00
2016.05.03 12:12:40.754,1.11602,1.11621,3.00,1.69
2016.05.03 12:12:40.855,1.11602,1.11621,2.25,1.69
2016.05.03 12:12:40.907,1.11604,1.11621,1.00,1.19
2016.05.03 12:12:41.302,1.11623,1.11632,1.00,1.00
2016.05.03 12:12:41.354,1.1162,1.11639,1.75,1.25
2016.05.03 12:12:41.405,1.11619,1.11637,3.00,1.00
2016.05.03 12:12:41.710,1.11612,1.11629,2.62,1.50
2016.05.03 12:12:41.762,1.11612,1.11629,1.50,1.50
2016.05.03 12:12:42.451,1.11613,1.11631,1.00,1.69
2016.05.03 12:12:42.502,1.11613,1.11631,1.37,1.00
2016.05.03 12:12:42.604,1.11616,1.11634,1.50,1.50
2016.05.03 12:12:44.750,1.11618,1.11635,1.87,1.00
2016.05.03 12:12:44.902,1.11621,1.1164,1.00,2.44
2016.05.03 12:12:44.954,1.11621,1.1164,1.37,1.94
2016.05.03 12:12:45.107,1.11622,1.11641,1.87,1.31
2016.05.03 12:12:46.428,1.11625,1.11644,1.00,1.94
2016.05.03 12:12:46.581,1.11625,1.11644,1.75,1.19
2016.05.03 12:12:47.089,1.11624,1.11642,1.75,1.00
2016.05.03 12:12:48.075,1.11623,1.1164,1.87,1.00
2016.05.03 12:12:50.964,1.11623,1.11637,1.12,1.00
2016.05.03 12:12:51.067,1.11619,1.11637,1.37,1.25
2016.05.03 12:12:51.118,1.11619,1.11635,1.37,1.00
2016.05.03 12:12:53.223,1.11619,1.11637,1.37,1.25
2016.05.03 12:12:53.325,1.11621,1.11637,1.37,1.25
2016.05.03 12:12:53.580,1.1162,1.1164,1.87,1.69
2016.05.03 12:12:53.632,1.11621,1.1164,1.12,1.69
2016.05.03 12:12:55.331,1.11625,1.1164,1.00,1.69
2016.05.03 12:12:55.485,1.11622,1.11641,1.87,2.06
2016.05.03 12:12:55.578,1.11622,1.11641,1.37,1.00
2016.05.03 12:12:56.394,1.11624,1.11639,1.00,1.00
2016.05.03 12:13:01.044,1.11622,1.11637,1.50,1.00
2016.05.03 12:13:01.096,1.11621,1.11639,1.12,1.50
2016.05.03 12:13:01.351,1.11621,1.11639,1.87,1.25
2016.05.03 12:13:01.657,1.11622,1.11638,1.12,1.00
2016.05.03 12:13:02.165,1.11622,1.11637,1.87,1.00
2016.05.03 12:13:02.522,1.11622,1.11639,2.62,1.00
2016.05.03 12:13:04.322,1.11622,1.11637,2.25,1.00
2016.05.03 12:13:04.423,1.11623,1.11639,1.12,1.00
2016.05.03 12:13:04.527,1.11623,1.11636,1.12,1.00
2016.05.03 12:13:04.832,1.11623,1.11634,1.12,1.00
2016.05.03 12:13:05.035,1.11622,1.11634,1.50,1.00
2016.05.03 12:13:05.773,1.11621,1.11636,1.75,1.00
2016.05.03 12:13:05.876,1.11623,1.11636,1.87,1.00
2016.05.03 12:13:05.978,1.11626,1.11638,1.00,1.00
2016.05.03 12:13:06.721,1.11626,1.11637,1.00,1.00
2016.05.03 12:13:09.070,1.11622,1.11634,2.25,1.00
2016.05.03 12:13:09.121,1.11622,1.11634,1.12,1.00
2016.05.03 12:13:09.426,1.1162,1.11636,1.12,1.00
2016.05.03 12:13:09.481,1.11622,1.11636,1.50,1.00
2016.05.03 12:13:09.786,1.11624,1.11638,2.62,1.00
2016.05.03 12:13:11.546,1.11625,1.11642,1.87,1.00
2016.05.03 12:13:11.598,1.11626,1.11644,2.25,1.00
2016.05.03 12:13:11.701,1.11629,1.11644,1.50,1.00
2016.05.03 12:13:12.057,1.1163,1.11642,1.75,1.00
2016.05.03 12:13:12.361,1.11629,1.1164,1.87,1.00
2016.05.03 12:13:12.412,1.11628,1.1164,1.12,1.00
2016.05.03 12:13:12.954,1.11629,1.1164,1.00,1.00
2016.05.03 12:13:17.465,1.11629,1.11642,1.00,1.00
2016.05.03 12:13:18.788,1.11627,1.11642,1.50,1.00
2016.05.03 12:13:20.605,1.11627,1.11642,1.75,1.00
2016.05.03 12:13:21.143,1.11627,1.11642,2.25,1.00
2016.05.03 12:13:21.633,1.11627,1.11642,1.75,1.00
2016.05.03 12:13:21.685,1.11625,1.11638,1.75,1.00
2016.05.03 12:13:22.875,1.11624,1.11638,1.50,1.00
2016.05.03 12:13:22.926,1.11627,1.1164,1.12,1.00
2016.05.03 12:13:23.232,1.11631,1.11642,1.00,1.00
2016.05.03 12:13:29.265,1.11631,1.11643,1.00,1.00
2016.05.03 12:13:31.816,1.11631,1.11641,1.00,1.00
2016.05.03 12:13:32.121,1.11624,1.11638,1.87,1.00
2016.05.03 12:13:32.964,1.11626,1.11641,1.62,1.00
2016.05.03 12:13:33.218,1.11627,1.11643,1.37,1.00
2016.05.03 12:13:33.269,1.11628,1.11646,1.12,1.50
2016.05.03 12:13:33.815,1.11633,1.11646,1.00,1.00
2016.05.03 12:13:34.953,1.11633,1.11643,1.00,1.00
2016.05.03 12:13:35.260,1.11626,1.11639,1.75,1.00
2016.05.03 12:13:36.340,1.11626,1.11641,1.12,1.00
2016.05.03 12:13:36.866,1.11625,1.1164,2.44,1.00
2016.05.03 12:13:37.765,1.11626,1.11641,1.12,1.00
2016.05.03 12:13:37.867,1.11628,1.11641,1.87,1.00
2016.05.03 12:13:37.919,1.11628,1.11643,1.87,1.00
2016.05.03 12:13:37.970,1.11631,1.11643,1.87,1.00
2016.05.03 12:13:39.373,1.11632,1.11645,1.75,1.00
2016.05.03 12:13:40.337,1.11631,1.11643,1.87,1.00
2016.05.03 12:13:40.541,1.11629,1.11643,1.12,1.00
2016.05.03 12:13:41.447,1.11631,1.11644,1.12,1.00
2016.05.03 12:13:41.600,1.11631,1.11642,1.87,1.00
2016.05.03 12:13:41.702,1.11631,1.11644,1.87,1.00
2016.05.03 12:13:41.754,1.11632,1.11645,1.00,1.00
2016.05.03 12:13:41.806,1.11632,1.11645,1.87,1.00
2016.05.03 12:13:44.292,1.11632,1.11647,1.12,1.00
2016.05.03 12:13:44.395,1.11634,1.11649,1.12,1.00
2016.05.03 12:13:44.549,1.11636,1.11649,1.37,1.00
2016.05.03 12:13:45.058,1.11636,1.11649,1.87,1.00
2016.05.03 12:13:45.880,1.11636,1.1165,1.87,1.00
2016.05.03 12:13:49.457,1.11636,1.11652,1.75,1.00
2016.05.03 12:13:51.613,1.11635,1.11652,2.25,1.00
2016.05.03 12:13:51.664,1.11635,1.11652,1.87,1.00
2016.05.03 12:13:54.723,1.11635,1.1165,1.75,1.00
2016.05.03 12:13:55.279,1.11632,1.11648,1.87,1.00
2016.05.03 12:13:55.381,1.11632,1.11648,1.00,1.00
2016.05.03 12:13:55.483,1.11628,1.11648,2.25,1.00
2016.05.03 12:13:56.244,1.11629,1.11648,1.37,1.50
2016.05.03 12:13:56.880,1.1163,1.11648,1.00,1.00
2016.05.03 12:13:57.414,1.1163,1.1165,1.50,1.50
2016.05.03 12:13:57.617,1.1163,1.1165,1.50,1.50
2016.05.03 12:13:57.820,1.1163,1.1165,1.50,1.50
2016.05.03 12:13:57.922,1.1163,1.1165,1.12,1.50
2016.05.03 12:13:58.292,1.1163,1.1165,1.50,1.50
2016.05.03 12:13:58.793,1.11631,1.1165,1.00,1.50
2016.05.03 12:13:59.343,1.11632,1.1165,1.00,1.50
2016.05.03 12:14:00.148,1.1163,1.1165,1.00,1.50
2016.05.03 12:14:00.335,1.11631,1.1165,1.75,1.00
2016.05.03 12:14:01.323,1.11633,1.11651,1.75,1.00
2016.05.03 12:14:01.730,1.11633,1.11651,2.25,1.00
2016.05.03 12:14:03.006,1.11635,1.11652,1.00,1.00
2016.05.03 12:14:03.513,1.11632,1.11652,3.75,1.37
2016.05.03 12:14:04.138,1.11644,1.11653,1.00,1.50
2016.05.03 12:14:04.240,1.11646,1.11658,1.00,1.47
2016.05.03 12:14:04.291,1.11648,1.11661,1.00,1.37
2016.05.03 12:14:04.393,1.1165,1.11667,1.00,1.50
2016.05.03 12:14:04.495,1.11647,1.11667,1.50,1.87
2016.05.03 12:14:05.042,1.11649,1.11667,1.00,1.87
2016.05.03 12:14:05.448,1.11647,1.11665,1.50,1.00
2016.05.03 12:14:05.753,1.11643,1.11659,1.75,1.00
2016.05.03 12:14:05.946,1.11643,1.11659,1.37,1.00
2016.05.03 12:14:06.252,1.1164,1.11657,2.25,1.00
2016.05.03 12:14:06.354,1.1164,1.11657,1.00,1.00
2016.05.03 12:14:06.506,1.11637,1.11655,1.50,1.00
2016.05.03 12:14:07.234,1.11637,1.11654,1.00,1.00
2016.05.03 12:14:07.285,1.11637,1.11652,1.00,1.00
2016.05.03 12:14:07.438,1.11633,1.11652,1.37,1.37
2016.05.03 12:14:07.641,1.11636,1.11654,1.00,1.75
2016.05.03 12:14:08.151,1.11635,1.1165,1.00,1.00
2016.05.03 12:14:09.934,1.11635,1.11654,1.00,4.12
2016.05.03 12:14:09.985,1.1164,1.11654,1.00,2.25
2016.05.03 12:14:10.189,1.11641,1.11659,1.12,2.25
2016.05.03 12:14:10.934,1.1164,1.11658,1.37,1.87
2016.05.03 12:14:11.340,1.11637,1.11651,1.50,1.00
2016.05.03 12:14:11.595,1.11636,1.11653,1.50,1.75
2016.05.03 12:14:11.647,1.11636,1.11653,1.87,1.12
2016.05.03 12:14:12.439,1.11636,1.11654,1.50,1.37
2016.05.03 12:14:12.948,1.11636,1.11653,1.75,1.00
2016.05.03 12:14:13.711,1.11638,1.11654,1.12,1.00
2016.05.03 12:14:14.213,1.11637,1.11653,1.50,1.00
2016.05.03 12:14:14.482,1.11634,1.11648,1.12,1.00
2016.05.03 12:14:14.584,1.1163,1.11648,1.00,1.00
2016.05.03 12:14:15.093,1.1163,1.11644,1.00,1.00
2016.05.03 12:14:15.290,1.1163,1.11648,1.00,1.00
2016.05.03 12:14:15.393,1.11629,1.11648,1.75,1.00
2016.05.03 12:14:16.457,1.11628,1.11648,2.62,1.37
2016.05.03 12:14:16.559,1.11628,1.11646,2.25,1.12
2016.05.03 12:14:16.894,1.11628,1.11644,1.75,1.00
2016.05.03 12:14:17.411,1.11628,1.11646,1.75,1.00
2016.05.03 12:14:17.772,1.11628,1.11644,1.75,1.00
2016.05.03 12:14:18.472,1.11628,1.11646,1.75,1.00
2016.05.03 12:14:20.016,1.1163,1.11648,1.12,1.50
2016.05.03 12:14:20.121,1.1163,1.11644,1.12,1.00
2016.05.03 12:14:20.223,1.11628,1.11646,1.87,1.00
2016.05.03 12:14:20.477,1.11628,1.11646,3.00,1.00
2016.05.03 12:14:20.681,1.1163,1.11649,1.12,1.69
2016.05.03 12:14:21.224,1.11631,1.11649,1.75,1.00
2016.05.03 12:14:21.977,1.11631,1.11651,2.25,1.00
2016.05.03 12:14:22.277,1.11631,1.11649,1.75,1.00
2016.05.03 12:14:22.495,1.11632,1.11651,1.50,1.00
2016.05.03 12:14:22.598,1.11632,1.11648,1.50,1.00
2016.05.03 12:14:24.745,1.11631,1.1165,3.00,1.00
2016.05.03 12:14:25.394,1.11631,1.11649,1.75,1.00
2016.05.03 12:14:26.309,1.1163,1.11648,2.25,1.00
2016.05.03 12:14:26.840,1.1163,1.11649,2.25,1.50
2016.05.03 12:14:27.500,1.11632,1.1165,2.25,1.00
2016.05.03 12:14:27.602,1.11632,1.1165,2.62,1.00
2016.05.03 12:14:28.384,1.11632,1.11648,2.62,1.00
2016.05.03 12:14:28.925,1.11638,1.11653,1.12,2.25
2016.05.03 12:14:29.078,1.11635,1.11651,1.37,1.69
2016.05.03 12:14:29.129,1.11633,1.11649,1.50,1.00
2016.05.03 12:14:29.663,1.11631,1.11651,1.75,1.69
2016.05.03 12:14:30.019,1.11631,1.11648,1.75,1.00
2016.05.03 12:14:30.816,1.11632,1.1165,1.75,1.00
2016.05.03 12:14:30.917,1.11633,1.11652,1.50,1.00
2016.05.03 12:14:31.019,1.11633,1.11653,1.87,1.00
2016.05.03 12:14:31.375,1.11633,1.1165,1.12,1.00
2016.05.03 12:14:31.527,1.11631,1.11648,1.75,1.00
2016.05.03 12:14:32.213,1.11629,1.11645,1.12,1.00
2016.05.03 12:14:32.416,1.11629,1.11645,1.00,1.00
2016.05.03 12:14:33.423,1.11627,1.11645,3.37,1.00
2016.05.03 12:14:33.986,1.11627,1.11641,2.25,1.00
2016.05.03 12:14:34.330,1.1162,1.11637,1.75,1.00
2016.05.03 12:14:34.535,1.11624,1.11639,1.00,1.00
2016.05.03 12:14:35.043,1.11624,1.1164,1.00,1.00
2016.05.03 12:14:40.220,1.11624,1.11642,1.00,1.00
2016.05.03 12:14:40.322,1.11624,1.11642,1.12,1.00
2016.05.03 12:14:41.276,1.11624,1.11642,1.12,1.81
2016.05.03 12:14:41.800,1.11624,1.11642,1.12,1.50
2016.05.03 12:14:42.813,1.11624,1.11638,1.12,1.00
2016.05.03 12:14:42.915,1.11624,1.11642,1.12,1.00
2016.05.03 12:14:44.567,1.11625,1.11644,1.75,1.12
2016.05.03 12:14:45.688,1.11625,1.11643,2.25,1.00
2016.05.03 12:14:46.920,1.11623,1.11643,3.00,1.00
2016.05.03 12:14:47.022,1.11623,1.1164,1.75,1.00
2016.05.03 12:14:47.476,1.11623,1.11636,1.75,1.00
2016.05.03 12:14:47.578,1.11618,1.11634,1.75,1.00
2016.05.03 12:14:47.630,1.11618,1.11629,1.37,1.00
2016.05.03 12:14:47.681,1.11617,1.11629,1.00,1.00
2016.05.03 12:14:47.733,1.11614,1.11632,1.50,1.50
2016.05.03 12:14:50.493,1.11616,1.11634,1.00,1.00
2016.05.03 12:14:50.635,1.11617,1.11634,1.75,1.00
2016.05.03 12:14:50.737,1.11618,1.11636,1.87,1.00
2016.05.03 12:14:51.246,1.11616,1.11635,3.00,1.00
2016.05.03 12:14:52.262,1.11616,1.11635,1.75,1.12
2016.05.03 12:14:52.365,1.1162,1.11638,1.00,1.12
2016.05.03 12:14:52.468,1.1162,1.1164,1.87,1.25
2016.05.03 12:14:52.570,1.11623,1.11641,1.75,1.00
2016.05.03 12:14:53.096,1.11623,1.11642,1.75,1.00
2016.05.03 12:14:54.168,1.11625,1.11643,1.37,1.12
2016.05.03 12:14:54.474,1.1163,1.11648,1.12,1.37
2016.05.03 12:14:54.576,1.1163,1.11648,1.50,1.00
2016.05.03 12:14:55.135,1.11629,1.11647,2.25,1.00
2016.05.03 12:14:55.289,1.11629,1.11644,1.37,1.00
2016.05.03 12:14:55.340,1.11627,1.11644,1.00,1.50
2016.05.03 12:14:55.780,1.11623,1.11642,4.12,1.00
2016.05.03 12:14:55.881,1.11623,1.11642,3.75,1.00
2016.05.03 12:14:56.288,1.11625,1.11645,1.12,3.56
2016.05.03 12:14:56.390,1.11629,1.11644,1.00,1.25
2016.05.03 12:14:56.731,1.11627,1.11644,1.87,1.56
2016.05.03 12:14:56.783,1.11626,1.11644,1.37,1.00
2016.05.03 12:14:56.885,1.11626,1.11644,1.12,1.00
2016.05.03 12:14:57.292,1.11624,1.11642,2.25,1.00
2016.05.03 12:14:57.833,1.11623,1.11641,2.25,1.00
2016.05.03 12:14:58.140,1.11627,1.11646,1.75,1.00
2016.05.03 12:14:58.584,1.11631,1.11648,1.00,1.00
2016.05.03 12:14:59.044,1.11628,1.11645,3.00,1.00
2016.05.03 12:14:59.582,1.11627,1.11645,1.50,1.12
2016.05.03 12:14:59.684,1.11627,1.11643,1.00,1.00
2016.05.03 12:15:00.193,1.11625,1.11643,3.00,1.50
2016.05.03 12:15:01.346,1.11627,1.11645,1.00,1.12
2016.05.03 12:15:01.734,1.11627,1.11645,1.37,1.50
2016.05.03 12:15:02.250,1.11629,1.11644,1.00,2.81
2016.05.03 12:15:02.302,1.11624,1.11643,2.25,1.69
2016.05.03 12:15:02.353,1.11624,1.11643,1.50,1.12
2016.05.03 12:15:02.457,1.11623,1.11641,1.75,1.00
2016.05.03 12:15:02.508,1.11623,1.11641,1.12,1.12
2016.05.03 12:15:03.386,1.11622,1.11639,1.37,1.00
2016.05.03 12:15:03.691,1.11622,1.11637,1.37,1.00
2016.05.03 12:15:04.139,1.11622,1.11635,1.00,1.00
2016.05.03 12:15:04.190,1.11622,1.11638,1.00,1.50
2016.05.03 12:15:04.292,1.1162,1.11638,1.00,2.25
2016.05.03 12:15:04.394,1.11619,1.11633,1.00,1.00
2016.05.03 12:15:04.496,1.11619,1.11635,1.00,1.00
2016.05.03 12:15:04.598,1.11617,1.11635,1.87,1.50
2016.05.03 12:15:05.373,1.11617,1.11635,1.87,1.12
2016.05.03 12:15:07.799,1.11619,1.11637,1.50,1.12
2016.05.03 12:15:07.901,1.11622,1.1164,1.00,3.19
2016.05.03 12:15:08.003,1.11621,1.1164,1.50,2.25
2016.05.03 12:15:08.411,1.11619,1.11637,2.25,1.00
2016.05.03 12:15:08.717,1.11619,1.11637,1.00,1.12
2016.05.03 12:15:09.528,1.11617,1.11635,2.62,1.00
2016.05.03 12:15:10.488,1.11617,1.11634,2.25,1.00
2016.05.03 12:15:11.412,1.11618,1.11633,1.87,1.00
2016.05.03 12:15:11.959,1.11617,1.11634,1.50,1.00
2016.05.03 12:15:12.010,1.11617,1.11636,1.50,1.00
2016.05.03 12:15:12.559,1.1162,1.11637,1.00,1.12
2016.05.03 12:15:12.864,1.11619,1.11637,2.62,1.00
2016.05.03 12:15:14.167,1.11618,1.11633,1.12,1.00
2016.05.03 12:15:14.522,1.11614,1.11633,2.62,1.00
2016.05.03 12:15:14.573,1.11614,1.11628,1.87,1.00
2016.05.03 12:15:14.624,1.11614,1.11628,1.12,1.00
2016.05.03 12:15:14.976,1.11612,1.1163,1.75,1.00
2016.05.03 12:15:15.382,1.11612,1.11628,1.75,1.00
2016.05.03 12:15:15.848,1.11612,1.1163,1.75,1.00
2016.05.03 12:15:16.496,1.11612,1.11629,1.75,1.00
2016.05.03 12:15:16.751,1.11612,1.11623,1.75,1.00
2016.05.03 12:15:16.853,1.1161,1.11628,2.44,1.50
2016.05.03 12:15:17.380,1.1161,1.11628,2.44,1.50
2016.05.03 12:15:17.584,1.1161,1.11623,1.12,1.00
2016.05.03 12:15:17.889,1.1161,1.11628,1.87,1.00
2016.05.03 12:15:18.594,1.1161,1.11628,1.69,1.00
2016.05.03 12:15:19.110,1.1161,1.11628,2.62,1.00
2016.05.03 12:15:19.644,1.1161,1.11629,1.12,1.87
2016.05.03 12:15:19.746,1.11612,1.11628,1.00,1.00
2016.05.03 12:15:20.050,1.1161,1.11629,1.12,1.12
2016.05.03 12:15:21.777,1.11611,1.11629,1.00,1.87
2016.05.03 12:15:22.674,1.11611,1.11628,1.00,1.00
2016.05.03 12:15:23.177,1.11611,1.11629,1.50,1.87
2016.05.03 12:15:23.991,1.11611,1.11628,1.50,1.00
2016.05.03 12:15:24.498,1.11611,1.11629,1.50,1.87
2016.05.03 12:15:25.002,1.11612,1.11629,1.00,1.12
2016.05.03 12:15:25.551,1.11611,1.11629,1.50,1.12
2016.05.03 12:15:26.058,1.11611,1.11628,1.00,1.00
2016.05.03 12:15:26.569,1.11611,1.11629,1.00,1.87
2016.05.03 12:15:27.284,1.11612,1.11629,1.00,1.12
2016.05.03 12:15:31.169,1.11616,1.11632,1.00,2.25
2016.05.03 12:15:31.324,1.11623,1.11638,1.12,1.00
2016.05.03 12:15:31.376,1.11621,1.11638,1.12,1.00
2016.05.03 12:15:31.429,1.11621,1.11641,1.12,1.50
2016.05.03 12:15:31.480,1.1162,1.11641,1.37,2.25
2016.05.03 12:15:31.929,1.11618,1.11634,1.75,1.00
2016.05.03 12:15:32.082,1.11617,1.11633,1.00,1.00
2016.05.03 12:15:32.602,1.11616,1.11633,1.50,1.00
2016.05.03 12:15:33.244,1.11616,1.11634,1.50,1.00
2016.05.03 12:15:33.981,1.11616,1.11635,1.50,1.00
2016.05.03 12:15:35.881,1.11616,1.11634,1.50,1.00
2016.05.03 12:15:35.983,1.11614,1.11628,1.12,1.00
2016.05.03 12:15:36.085,1.1161,1.11628,1.50,1.00
2016.05.03 12:15:36.187,1.11609,1.11628,2.25,2.25
2016.05.03 12:15:36.698,1.11609,1.11628,2.06,1.50
2016.05.03 12:15:37.288,1.11609,1.11628,2.06,1.50
2016.05.03 12:15:38.183,1.11609,1.11628,2.06,1.69
2016.05.03 12:15:39.375,1.11612,1.11628,1.00,1.69
2016.05.03 12:15:39.578,1.11613,1.1163,1.00,1.19
2016.05.03 12:15:40.109,1.11612,1.11629,1.12,1.69
2016.05.03 12:15:41.209,1.1161,1.11626,1.37,1.12
2016.05.03 12:15:41.436,1.11604,1.11623,1.31,2.06
2016.05.03 12:15:41.488,1.11604,1.11623,1.31,2.81
2016.05.03 12:15:41.946,1.11602,1.11621,2.25,1.19
2016.05.03 12:15:42.403,1.11604,1.11621,1.00,1.69
2016.05.03 12:15:42.919,1.11604,1.11621,1.00,1.69
2016.05.03 12:15:43.443,1.11604,1.11619,1.00,1.00
2016.05.03 12:15:43.952,1.11603,1.11619,1.50,1.00
2016.05.03 12:15:44.207,1.11604,1.11623,1.50,1.31
2016.05.03 12:15:44.729,1.11604,1.11623,2.25,2.06
2016.05.03 12:15:47.340,1.11602,1.11618,1.75,1.00
2016.05.03 12:15:47.681,1.11586,1.11603,1.50,1.31
2016.05.03 12:15:47.733,1.11583,1.11598,1.87,1.00
2016.05.03 12:15:47.784,1.11582,1.11598,1.12,1.00
2016.05.03 12:15:48.037,1.11582,1.11601,1.87,1.40
2016.05.03 12:15:48.140,1.11581,1.11599,1.50,1.00
2016.05.03 12:15:48.500,1.11584,1.11601,1.00,2.15
2016.05.03 12:15:49.006,1.11583,1.11601,1.00,2.15
2016.05.03 12:15:49.668,1.11584,1.11601,1.00,2.06
2016.05.03 12:15:50.237,1.11583,1.11601,1.00,2.06
2016.05.03 12:15:50.779,1.11582,1.116,1.12,1.19
2016.05.03 12:15:52.104,1.11583,1.116,1.00,1.19
2016.05.03 12:15:52.606,1.11584,1.116,1.00,1.00
2016.05.03 12:15:53.627,1.11584,1.11599,1.00,1.00
2016.05.03 12:15:53.679,1.11581,1.11599,2.25,1.00
2016.05.03 12:15:53.987,1.1158,1.11597,1.75,1.00
2016.05.03 12:15:54.493,1.11579,1.11597,3.00,1.19
2016.05.03 12:15:54.836,1.1158,1.11597,1.00,1.19
2016.05.03 12:15:55.040,1.1158,1.11594,1.00,1.00
2016.05.03 12:15:55.149,1.1158,1.11597,1.00,1.19
2016.05.03 12:15:56.030,1.1158,1.11594,1.00,1.00
2016.05.03 12:15:56.551,1.1158,1.11593,1.00,1.00
2016.05.03 12:15:57.757,1.11575,1.11594,1.75,1.00
2016.05.03 12:15:57.947,1.11574,1.11594,2.62,2.81
2016.05.03 12:15:57.998,1.11574,1.11592,1.12,1.19
2016.05.03 12:16:00.189,1.11572,1.1159,1.75,1.00
2016.05.03 12:16:00.743,1.11572,1.11589,1.75,1.00
2016.05.03 12:16:01.516,1.11572,1.11589,1.75,1.37
2016.05.03 12:16:01.769,1.1157,1.11587,1.50,1.00
2016.05.03 12:16:01.955,1.1157,1.11583,1.00,1.00
2016.05.03 12:16:02.057,1.1157,1.11588,1.87,1.25
2016.05.03 12:16:02.160,1.1157,1.1159,1.87,1.62
2016.05.03 12:16:02.482,1.11572,1.11589,1.75,1.19
2016.05.03 12:16:02.533,1.11572,1.1159,1.75,1.25
2016.05.03 12:16:02.635,1.11571,1.11588,1.75,1.25
2016.05.03 12:16:02.866,1.1157,1.11585,1.00,1.25
2016.05.03 12:16:02.967,1.11568,1.11585,1.50,1.25
2016.05.03 12:16:04.172,1.11568,1.11587,2.25,1.19
2016.05.03 12:16:04.377,1.11572,1.11589,1.00,1.31
2016.05.03 12:16:04.428,1.11574,1.11589,1.00,1.31
2016.05.03 12:16:04.936,1.11574,1.11592,1.12,1.69
2016.05.03 12:16:06.481,1.11572,1.11591,1.75,1.00
2016.05.03 12:16:06.988,1.11571,1.11592,3.75,1.25
2016.05.03 12:16:07.040,1.11572,1.11589,1.75,1.00
2016.05.03 12:16:07.652,1.11572,1.11592,1.87,1.69
2016.05.03 12:16:08.161,1.11573,1.11592,1.12,1.69
2016.05.03 12:16:08.913,1.11575,1.11595,1.75,1.87
2016.05.03 12:16:09.066,1.11576,1.11597,3.00,1.50
2016.05.03 12:16:09.370,1.11579,1.11598,1.75,1.69
2016.05.03 12:16:09.778,1.11578,1.11598,2.25,1.50
2016.05.03 12:16:09.920,1.1158,1.11598,1.37,1.00
2016.05.03 12:16:10.379,1.11579,1.11598,1.00,1.50
2016.05.03 12:16:10.481,1.11579,1.11596,1.00,1.00
2016.05.03 12:16:10.787,1.11579,1.11593,1.00,1.00
2016.05.03 12:16:10.984,1.11577,1.11593,1.25,1.00
2016.05.03 12:16:11.493,1.11578,1.11594,1.00,1.50
2016.05.03 12:16:12.028,1.11578,1.11593,1.00,1.00
2016.05.03 12:16:12.354,1.11577,1.11589,1.62,1.00
2016.05.03 12:16:12.405,1.11575,1.11589,1.31,1.00
2016.05.03 12:16:12.876,1.11575,1.11593,1.31,1.50
2016.05.03 12:16:13.384,1.11575,1.11591,1.31,1.00
2016.05.03 12:16:13.522,1.11575,1.11588,1.31,1.00
2016.05.03 12:16:13.682,1.11575,1.11591,1.31,1.00
2016.05.03 12:16:14.231,1.11575,1.11594,1.31,2.25
2016.05.03 12:16:14.493,1.11575,1.11589,1.31,1.00
2016.05.03 12:16:14.729,1.11575,1.11594,1.31,2.25
2016.05.03 12:16:14.883,1.11575,1.11588,1.25,1.00
2016.05.03 12:16:14.934,1.11573,1.11588,1.69,1.00
2016.05.03 12:16:15.191,1.11573,1.11591,1.19,1.12
2016.05.03 12:16:15.395,1.11571,1.11591,1.69,1.12
2016.05.03 12:16:15.765,1.11571,1.11589,1.69,1.00
2016.05.03 12:16:16.273,1.1157,1.11588,1.75,1.50
2016.05.03 12:16:18.691,1.11572,1.11592,2.81,2.81
2016.05.03 12:16:18.795,1.11575,1.11592,1.31,1.50
2016.05.03 12:16:18.897,1.11573,1.11591,1.87,1.00
2016.05.03 12:16:18.999,1.11572,1.11588,2.00,1.50
2016.05.03 12:16:19.202,1.11571,1.11588,1.00,1.50
2016.05.03 12:16:20.245,1.11571,1.11588,2.06,1.50
2016.05.03 12:16:20.784,1.11571,1.11589,1.69,1.00
2016.05.03 12:16:21.190,1.11571,1.11587,1.00,1.00
2016.05.03 12:16:21.241,1.11571,1.11589,1.00,2.81
2016.05.03 12:16:21.684,1.11571,1.11588,1.00,1.56
2016.05.03 12:16:22.195,1.11571,1.11588,1.00,1.50
2016.05.03 12:16:23.147,1.11571,1.11586,1.00,1.00
2016.05.03 12:16:23.352,1.11568,1.11586,1.69,1.00
2016.05.03 12:16:24.619,1.11567,1.11584,1.94,1.00
2016.05.03 12:16:25.163,1.11567,1.11584,1.69,1.00
2016.05.03 12:16:26.189,1.11567,1.11587,3.19,1.62
2016.05.03 12:16:26.290,1.1157,1.11588,1.69,1.75
2016.05.03 12:16:26.443,1.11573,1.1159,1.00,1.31
2016.05.03 12:16:27.060,1.11573,1.11589,1.00,1.00
2016.05.03 12:16:27.111,1.11573,1.11587,1.00,1.00
2016.05.03 12:16:27.330,1.1157,1.11586,1.19,1.00
2016.05.03 12:16:27.381,1.11566,1.11586,3.19,1.00
2016.05.03 12:16:28.731,1.11566,1.11583,3.94,1.00
2016.05.03 12:16:28.782,1.11567,1.11585,1.69,1.00
2016.05.03 12:16:28.935,1.11569,1.11585,1.19,1.00
2016.05.03 12:16:29.037,1.11567,1.11585,2.44,1.00
2016.05.03 12:16:29.342,1.11568,1.11588,1.12,1.12
2016.05.03 12:16:29.807,1.11567,1.11586,2.44,1.00
2016.05.03 12:16:32.425,1.11566,1.11584,3.49,1.00
2016.05.03 12:16:33.900,1.11567,1.11585,1.69,1.00
2016.05.03 12:16:34.154,1.11568,1.11587,1.31,1.00
2016.05.03 12:16:35.215,1.11568,1.11585,1.12,1.00
2016.05.03 12:16:35.776,1.11566,1.11583,1.12,1.00
2016.05.03 12:16:35.878,1.11565,1.11581,1.50,1.00
2016.05.03 12:16:36.401,1.11562,1.11581,2.25,1.12
2016.05.03 12:16:37.088,1.11562,1.11579,1.50,1.00
2016.05.03 12:16:37.392,1.11562,1.11576,1.50,1.00
2016.05.03 12:16:37.444,1.11562,1.11576,1.12,1.00
2016.05.03 12:16:37.605,1.11561,1.11576,1.00,1.50
2016.05.03 12:16:37.656,1.11558,1.11576,1.31,1.50
2016.05.03 12:16:37.707,1.11561,1.11579,1.00,1.87
2016.05.03 12:16:37.911,1.11563,1.11578,1.12,1.00
2016.05.03 12:16:38.015,1.11562,1.11581,1.87,1.00
2016.05.03 12:16:39.744,1.11563,1.11583,1.75,1.00
2016.05.03 12:16:39.897,1.11562,1.1158,2.25,1.00
2016.05.03 12:16:41.935,1.11562,1.1158,1.37,1.31
2016.05.03 12:16:41.987,1.11562,1.1158,1.00,1.31
2016.05.03 12:16:42.590,1.1156,1.11577,3.00,1.00
2016.05.03 12:16:42.642,1.11561,1.11579,1.12,1.00
2016.05.03 12:16:42.795,1.11563,1.11578,1.00,1.00
2016.05.03 12:16:43.453,1.11563,1.11578,1.00,1.09
2016.05.03 12:16:43.605,1.11555,1.11572,1.50,1.00
2016.05.03 12:16:43.656,1.11552,1.1157,4.31,1.00
2016.05.03 12:16:43.707,1.11554,1.11572,1.00,1.50
2016.05.03 12:16:43.759,1.11554,1.11572,1.00,1.50
2016.05.03 12:16:43.810,1.11552,1.11572,2.44,1.75
2016.05.03 12:16:44.345,1.11551,1.11568,1.00,1.00
2016.05.03 12:16:46.853,1.11552,1.11568,1.00,1.00
2016.05.03 12:16:47.584,1.11554,1.11568,1.00,1.25
2016.05.03 12:16:47.941,1.11554,1.11572,1.00,2.44
2016.05.03 12:16:48.043,1.11556,1.11572,1.00,1.69
2016.05.03 12:16:48.553,1.11556,1.11574,1.12,1.94
2016.05.03 12:16:48.856,1.11558,1.11576,1.31,1.87
2016.05.03 12:16:48.908,1.11558,1.11576,1.31,1.75
2016.05.03 12:16:51.686,1.11559,1.11576,1.00,1.94
2016.05.03 12:16:51.849,1.11559,1.11578,1.37,2.81
2016.05.03 12:16:52.154,1.11562,1.11579,1.50,3.19
2016.05.03 12:16:52.662,1.11562,1.1158,1.00,2.81
2016.05.03 12:16:53.168,1.11562,1.11579,1.00,1.25
2016.05.03 12:16:53.371,1.11561,1.11576,1.12,1.00
2016.05.03 12:16:53.523,1.11558,1.11574,1.00,1.00
2016.05.03 12:16:53.575,1.11556,1.11574,1.87,1.00
2016.05.03 12:16:55.111,1.11556,1.11576,2.62,1.69
2016.05.03 12:16:55.661,1.11557,1.11578,1.50,2.44
2016.05.03 12:16:56.168,1.11557,1.11578,1.87,2.53
2016.05.03 12:16:56.691,1.11558,1.11578,1.00,1.69
2016.05.03 12:16:56.843,1.11559,1.11579,1.37,2.25
2016.05.03 12:16:57.148,1.11559,1.11579,1.00,2.81
2016.05.03 12:16:57.715,1.11559,1.11577,1.00,1.25
2016.05.03 12:16:58.019,1.11555,1.11573,1.75,1.50
2016.05.03 12:16:58.545,1.11553,1.11573,1.87,1.87
2016.05.03 12:17:00.827,1.11553,1.11572,1.12,1.37
2016.05.03 12:17:00.985,1.11549,1.11568,3.00,1.87
2016.05.03 12:17:01.037,1.11549,1.11566,2.25,1.00
2016.05.03 12:17:01.088,1.11548,1.11566,2.25,1.12
2016.05.03 12:17:01.140,1.11548,1.11564,1.50,1.00
2016.05.03 12:17:01.647,1.11548,1.11563,1.00,1.00
2016.05.03 12:17:01.700,1.11545,1.11563,3.37,1.00
2016.05.03 12:17:01.907,1.11544,1.11562,1.87,1.12
2016.05.03 12:17:01.958,1.11544,1.11558,1.50,1.00
2016.05.03 12:17:02.167,1.11546,1.11563,1.00,1.50
2016.05.03 12:17:02.674,1.11544,1.11563,1.75,1.87
2016.05.03 12:17:03.811,1.11543,1.11562,1.75,1.00
2016.05.03 12:17:04.525,1.11544,1.11563,1.84,2.25
2016.05.03 12:17:04.907,1.11548,1.11564,1.00,1.50
2016.05.03 12:17:05.110,1.11548,1.11567,1.09,1.00
2016.05.03 12:17:05.611,1.11551,1.11568,1.00,1.50
2016.05.03 12:17:06.347,1.11551,1.11569,1.00,2.44
2016.05.03 12:17:06.874,1.11551,1.11568,1.00,1.00
2016.05.03 12:17:07.386,1.11551,1.11569,1.00,2.25
2016.05.03 12:17:07.741,1.11553,1.11568,1.00,1.00
2016.05.03 12:17:08.334,1.11553,1.11569,1.12,1.00
2016.05.03 12:17:08.720,1.11556,1.11569,1.00,1.00
2016.05.03 12:17:08.923,1.11556,1.11573,1.87,1.00
2016.05.03 12:17:09.077,1.11556,1.11573,2.72,1.00
2016.05.03 12:17:09.230,1.11562,1.11579,1.50,1.69
2016.05.03 12:17:09.637,1.11562,1.11578,1.50,1.69
2016.05.03 12:17:09.841,1.11561,1.11579,1.00,2.25
2016.05.03 12:17:11.985,1.11562,1.11581,1.00,1.75
2016.05.03 12:17:12.492,1.11561,1.11581,1.50,1.75
2016.05.03 12:17:13.482,1.11561,1.11581,1.87,1.75
2016.05.03 12:17:13.989,1.11561,1.11581,1.50,1.75
2016.05.03 12:17:16.969,1.11561,1.1158,1.87,1.25
2016.05.03 12:17:18.214,1.11565,1.11583,1.00,1.69
2016.05.03 12:17:18.265,1.11565,1.11583,1.37,1.69
2016.05.03 12:17:18.468,1.11568,1.11583,1.00,1.25
2016.05.03 12:17:18.671,1.11569,1.11589,1.12,2.44
2016.05.03 12:17:19.277,1.11569,1.11589,1.12,1.69
2016.05.03 12:17:19.804,1.11569,1.11589,1.12,1.87
2016.05.03 12:17:20.333,1.1157,1.11585,1.00,1.00
2016.05.03 12:17:20.639,1.11568,1.11586,1.00,2.25
2016.05.03 12:17:20.842,1.11569,1.11588,1.12,1.12
2016.05.03 12:17:20.893,1.11571,1.11589,1.00,2.77
2016.05.03 12:17:21.514,1.11573,1.11589,1.00,1.37
2016.05.03 12:17:21.565,1.11573,1.11592,1.12,1.75
2016.05.03 12:17:21.668,1.11573,1.11592,1.75,1.00
2016.05.03 12:17:21.872,1.11573,1.11591,1.00,1.00
2016.05.03 12:17:22.179,1.11576,1.11592,1.00,1.00
2016.05.03 12:17:22.686,1.11576,1.11593,1.12,1.12
2016.05.03 12:17:23.897,1.11576,1.11593,1.12,1.46
2016.05.03 12:17:25.040,1.11575,1.11593,1.37,2.96
2016.05.03 12:17:25.349,1.11575,1.11593,1.00,2.59
2016.05.03 12:17:25.866,1.11575,1.11593,1.12,1.12
2016.05.03 12:17:28.230,1.11576,1.11594,1.00,1.37
2016.05.03 12:17:28.333,1.11576,1.11594,1.50,1.37
2016.05.03 12:17:28.588,1.11573,1.11591,1.37,1.12
2016.05.03 12:17:29.643,1.11572,1.11591,2.25,3.15
2016.05.03 12:17:31.209,1.11572,1.11591,2.25,3.15
2016.05.03 12:17:31.831,1.11572,1.1159,2.25,3.71
2016.05.03 12:17:32.441,1.11572,1.11589,2.25,1.59
2016.05.03 12:17:32.969,1.11572,1.11588,2.25,1.09
2016.05.03 12:17:33.110,1.11572,1.11589,1.00,1.34
2016.05.03 12:17:33.212,1.11572,1.11589,1.50,1.25
2016.05.03 12:17:33.721,1.11573,1.11591,1.00,1.19
2016.05.03 12:17:34.273,1.11572,1.11591,1.50,1.69
2016.05.03 12:17:34.477,1.11572,1.11591,1.50,1.00
2016.05.03 12:17:37.379,1.11572,1.1159,1.50,1.00
2016.05.03 12:17:37.633,1.11571,1.11586,1.00,1.00
2016.05.03 12:17:38.291,1.11572,1.11586,1.00,1.00
2016.05.03 12:17:41.400,1.11572,1.11588,1.12,1.00
2016.05.03 12:17:41.521,1.11572,1.11586,1.12,1.00
2016.05.03 12:17:42.542,1.11571,1.11586,1.00,1.00
2016.05.03 12:17:43.549,1.11574,1.1159,1.00,2.00
2016.05.03 12:17:43.600,1.11571,1.1159,1.00,2.44
2016.05.03 12:17:43.753,1.11573,1.11594,1.87,1.94
2016.05.03 12:17:43.855,1.11574,1.11593,2.62,1.00
2016.05.03 12:17:43.957,1.11576,1.11596,2.25,1.37
2016.05.03 12:17:44.059,1.11576,1.11596,3.37,1.00
2016.05.03 12:17:44.229,1.11576,1.11593,2.62,1.00
2016.05.03 12:17:46.117,1.11576,1.11591,2.25,1.00
2016.05.03 12:17:46.269,1.11576,1.11594,2.25,1.87
2016.05.03 12:17:49.935,1.11576,1.1159,1.50,1.00
2016.05.03 12:17:50.139,1.11572,1.1159,3.56,1.00
2016.05.03 12:17:50.443,1.11572,1.11588,2.25,1.00
2016.05.03 12:17:50.646,1.11572,1.11591,1.50,1.50
2016.05.03 12:17:51.191,1.11573,1.11591,1.00,1.50
2016.05.03 12:17:51.702,1.11574,1.11591,1.00,1.00
2016.05.03 12:17:54.101,1.11574,1.11587,1.00,1.00
2016.05.03 12:17:54.355,1.11572,1.11587,1.00,1.00
2016.05.03 12:17:54.906,1.11569,1.11587,4.12,1.00
2016.05.03 12:17:55.809,1.11569,1.11587,4.12,1.19
2016.05.03 12:17:56.489,1.11571,1.11587,1.00,1.00
2016.05.03 12:17:56.541,1.1157,1.11587,1.87,1.00
2016.05.03 12:17:57.590,1.1157,1.11589,1.12,1.25
2016.05.03 12:18:00.460,1.11569,1.11589,2.62,1.19
2016.05.03 12:18:00.664,1.11569,1.11587,1.50,1.25
2016.05.03 12:18:00.767,1.11569,1.11587,1.50,1.69
2016.05.03 12:18:01.072,1.11567,1.11582,1.37,1.00
2016.05.03 12:18:01.225,1.11565,1.11582,1.50,1.31
2016.05.03 12:18:02.521,1.11565,1.11582,1.37,1.31
2016.05.03 12:18:02.877,1.11564,1.11581,1.00,1.25
2016.05.03 12:18:02.979,1.11564,1.11581,1.50,1.25
2016.05.03 12:18:03.385,1.11565,1.11585,3.00,1.69
2016.05.03 12:18:03.840,1.11568,1.11586,1.00,2.44
2016.05.03 12:18:03.993,1.11568,1.11586,1.12,1.69
2016.05.03 12:18:06.542,1.1157,1.11588,1.12,2.06
2016.05.03 12:18:07.050,1.11568,1.11586,1.37,1.25
2016.05.03 12:18:07.101,1.11568,1.11586,1.37,1.31
2016.05.03 12:18:07.656,1.11568,1.11584,1.37,1.00
2016.05.03 12:18:07.965,1.11561,1.11579,1.37,1.50
2016.05.03 12:18:08.018,1.11561,1.11579,1.12,1.69
2016.05.03 12:18:08.172,1.11563,1.11579,1.00,1.19
2016.05.03 12:18:08.686,1.1156,1.11578,1.50,1.37
2016.05.03 12:18:08.839,1.11562,1.11579,1.37,1.50
2016.05.03 12:18:08.991,1.11565,1.11583,1.00,2.44
2016.05.03 12:18:09.542,1.11566,1.11583,1.00,2.25
2016.05.03 12:18:09.647,1.11566,1.11578,1.00,1.00
2016.05.03 12:18:09.852,1.11566,1.11582,1.00,1.03
2016.05.03 12:18:10.006,1.11563,1.11579,1.87,1.00
2016.05.03 12:18:11.028,1.11563,1.11572,1.00,1.00
2016.05.03 12:18:11.332,1.11559,1.11567,1.50,1.00
2016.05.03 12:18:11.384,1.11559,1.11569,1.50,1.00
2016.05.03 12:18:11.527,1.11559,1.11567,1.00,1.00
2016.05.03 12:18:11.578,1.11559,1.11566,1.00,1.00
2016.05.03 12:18:11.730,1.11556,1.11565,1.50,1.00
2016.05.03 12:18:11.883,1.11556,1.11567,1.87,1.00
2016.05.03 12:18:12.036,1.11557,1.11569,1.50,1.00
2016.05.03 12:18:12.088,1.11557,1.11569,1.87,1.00
2016.05.03 12:18:12.191,1.11557,1.11569,1.12,1.00
2016.05.03 12:18:12.345,1.11557,1.11569,1.50,1.00
2016.05.03 12:18:13.740,1.11559,1.11567,1.50,1.00
2016.05.03 12:18:14.372,1.11559,1.11565,1.00,1.00
2016.05.03 12:18:14.637,1.11559,1.11567,1.00,1.00
2016.05.03 12:18:15.586,1.11559,1.11568,1.00,1.00
2016.05.03 12:18:15.739,1.11559,1.11566,1.00,1.00
2016.05.03 12:18:16.029,1.11555,1.11565,1.12,1.00
2016.05.03 12:18:16.537,1.11554,1.11566,1.00,1.00
2016.05.03 12:18:17.054,1.11554,1.11565,1.87,1.00
2016.05.03 12:18:17.573,1.11554,1.11564,1.50,1.00
2016.05.03 12:18:18.344,1.11554,1.11566,1.50,1.00
2016.05.03 12:18:18.547,1.11554,1.11563,1.12,1.00
2016.05.03 12:18:18.649,1.11551,1.11563,1.87,1.00
2016.05.03 12:18:20.135,1.11551,1.11566,1.87,1.00
2016.05.03 12:18:20.187,1.11552,1.11566,1.50,1.00
2016.05.03 12:18:20.832,1.11552,1.11566,3.37,1.00
2016.05.03 12:18:21.036,1.11556,1.11569,1.12,1.00
2016.05.03 12:18:21.958,1.11559,1.1157,1.00,1.00
2016.05.03 12:18:22.010,1.11559,1.11572,1.00,1.00
2016.05.03 12:18:22.417,1.11559,1.11574,1.00,1.50
2016.05.03 12:18:22.964,1.11559,1.11573,1.50,1.00
2016.05.03 12:18:23.594,1.11559,1.11569,1.00,1.00
2016.05.03 12:18:24.127,1.11559,1.11568,1.00,1.00
2016.05.03 12:18:24.483,1.11553,1.11568,2.25,1.00
2016.05.03 12:18:24.585,1.11553,1.11568,1.12,1.00
2016.05.03 12:18:24.687,1.11553,1.11564,1.12,1.00
2016.05.03 12:18:24.789,1.11553,1.11568,1.12,1.12
2016.05.03 12:18:25.044,1.11555,1.11569,1.00,1.00
2016.05.03 12:18:25.590,1.11555,1.11568,1.00,1.00
2016.05.03 12:18:26.097,1.11553,1.11569,1.37,1.00
2016.05.03 12:18:26.587,1.11553,1.11569,1.12,1.00
2016.05.03 12:18:26.992,1.11552,1.11567,1.75,1.00
2016.05.03 12:18:27.145,1.11551,1.11566,2.62,1.00
2016.05.03 12:18:27.196,1.11552,1.11568,1.37,1.25
2016.05.03 12:18:29.042,1.11553,1.11569,1.12,1.00
2016.05.03 12:18:29.093,1.11553,1.11573,1.50,1.87
2016.05.03 12:18:29.399,1.11557,1.11573,1.75,1.00
2016.05.03 12:18:30.193,1.11562,1.11574,1.00,1.00
2016.05.03 12:18:31.328,1.11562,1.11577,1.00,1.00
2016.05.03 12:18:32.577,1.11562,1.11574,1.00,1.00
2016.05.03 12:18:32.780,1.11558,1.11578,1.12,1.37
2016.05.03 12:18:32.831,1.1156,1.11578,1.37,1.37
2016.05.03 12:18:32.984,1.11563,1.11579,1.00,1.00
2016.05.03 12:18:33.086,1.11564,1.11579,1.37,1.00
2016.05.03 12:18:33.189,1.11564,1.11579,1.00,1.00
2016.05.03 12:18:33.629,1.11562,1.11579,1.87,1.00
2016.05.03 12:18:33.680,1.11565,1.11579,1.00,1.00
2016.05.03 12:18:34.136,1.11562,1.11579,2.62,1.00
2016.05.03 12:18:34.188,1.11565,1.11579,1.00,1.00
2016.05.03 12:18:34.413,1.11563,1.11579,1.12,1.50
2016.05.03 12:18:34.465,1.11563,1.11577,1.00,1.00
2016.05.03 12:18:34.769,1.11558,1.11574,1.87,1.00
2016.05.03 12:18:35.075,1.11558,1.11576,1.87,1.00
2016.05.03 12:18:35.516,1.11558,1.11573,1.75,1.00
2016.05.03 12:18:35.924,1.11558,1.11576,1.75,1.19
2016.05.03 12:18:36.028,1.11558,1.11573,1.87,1.00
2016.05.03 12:18:36.283,1.11559,1.11576,1.00,1.56
2016.05.03 12:18:36.512,1.11559,1.11578,1.37,2.06
2016.05.03 12:18:36.970,1.11559,1.11578,1.12,1.69
2016.05.03 12:18:37.819,1.11559,1.11578,1.12,1.62
2016.05.03 12:18:38.327,1.11558,1.11577,1.50,1.12
2016.05.03 12:18:38.721,1.11558,1.11573,1.50,1.00
2016.05.03 12:18:38.823,1.11558,1.11576,1.00,1.87
2016.05.03 12:18:38.998,1.11555,1.11573,3.19,1.00
2016.05.03 12:18:39.325,1.11554,1.11568,1.12,1.00
2016.05.03 12:18:39.682,1.11556,1.11568,1.31,1.00
2016.05.03 12:18:40.023,1.11554,1.11569,1.50,1.00
2016.05.03 12:18:40.535,1.11553,1.11568,1.62,1.00
2016.05.03 12:18:40.829,1.11552,1.11568,1.12,1.00
2016.05.03 12:18:41.288,1.11552,1.11568,2.06,1.00
2016.05.03 12:18:41.726,1.11554,1.11568,2.44,1.00
2016.05.03 12:18:41.828,1.11555,1.11568,1.25,1.00
2016.05.03 12:18:41.879,1.11554,1.11568,2.06,1.00
2016.05.03 12:18:41.981,1.11554,1.11568,1.50,1.00
2016.05.03 12:18:42.032,1.11554,1.11573,1.50,2.06
2016.05.03 12:18:42.552,1.11555,1.11574,1.87,1.69
2016.05.03 12:18:43.066,1.11555,1.11575,1.87,1.75
2016.05.03 12:18:43.410,1.11559,1.11577,1.00,1.50
2016.05.03 12:18:43.918,1.11558,1.11577,1.50,2.44
2016.05.03 12:18:44.511,1.11558,1.11577,1.87,2.06
2016.05.03 12:18:44.716,1.11558,1.11575,1.50,1.00
2016.05.03 12:18:44.768,1.11558,1.11577,2.25,1.05
2016.05.03 12:18:44.819,1.11556,1.11573,1.87,1.00
2016.05.03 12:18:44.921,1.11555,1.11574,2.25,1.12
2016.05.03 12:18:45.227,1.11555,1.11575,2.25,2.25
2016.05.03 12:18:45.505,1.11552,1.1157,2.62,1.12
2016.05.03 12:18:45.607,1.11552,1.11568,1.50,1.00
2016.05.03 12:18:46.014,1.11552,1.11563,1.50,1.00
2016.05.03 12:18:46.116,1.11552,1.11569,1.50,1.00
2016.05.03 12:18:46.219,1.11552,1.11564,1.50,1.00
2016.05.03 12:18:46.377,1.11552,1.11569,1.50,1.00
2016.05.03 12:18:47.039,1.11552,1.11563,1.50,1.00
2016.05.03 12:18:48.837,1.1155,1.11564,1.75,1.00
2016.05.03 12:18:48.939,1.1155,1.11563,1.00,1.00
2016.05.03 12:18:49.562,1.1155,1.11563,1.37,1.00
2016.05.03 12:18:49.765,1.1155,1.11567,1.12,1.00
2016.05.03 12:18:50.224,1.1155,1.11569,2.62,1.69
2016.05.03 12:18:50.837,1.11554,1.11569,1.50,1.00
2016.05.03 12:18:50.939,1.11554,1.11572,1.87,1.00
2016.05.03 12:18:51.041,1.11555,1.11574,2.25,1.12
2016.05.03 12:18:51.570,1.11557,1.11573,1.00,1.00
2016.05.03 12:18:51.622,1.11555,1.11569,2.06,1.00
2016.05.03 12:18:51.725,1.11554,1.11573,2.25,1.00
2016.05.03 12:18:51.929,1.11556,1.11573,2.81,1.00
2016.05.03 12:18:52.235,1.11558,1.11572,1.00,1.00
2016.05.03 12:18:52.886,1.11558,1.11573,1.00,1.00
2016.05.03 12:18:53.827,1.11558,1.11572,1.00,1.00
2016.05.03 12:18:53.929,1.11554,1.11569,1.87,1.00
2016.05.03 12:18:53.981,1.11554,1.11571,1.87,1.00
2016.05.03 12:18:54.033,1.11554,1.11573,2.25,2.06
2016.05.03 12:18:54.238,1.11556,1.11573,1.12,1.00
2016.05.03 12:18:54.537,1.11557,1.11573,1.87,1.00
2016.05.03 12:18:54.889,1.11562,1.11578,1.87,1.00
2016.05.03 12:18:55.871,1.11562,1.11579,1.75,1.50
2016.05.03 12:18:56.178,1.11562,1.11574,1.75,1.00
2016.05.03 12:18:56.332,1.11562,1.11579,1.75,1.50
2016.05.03 12:18:56.979,1.11563,1.11578,2.25,1.00
2016.05.03 12:18:57.488,1.11563,1.11579,1.75,1.50
2016.05.03 12:18:57.991,1.11563,1.11578,2.25,1.00
2016.05.03 12:18:58.498,1.11563,1.11577,1.37,1.00
2016.05.03 12:18:58.550,1.11563,1.11573,1.00,1.00
2016.05.03 12:18:58.855,1.11559,1.11574,2.25,1.00
2016.05.03 12:18:59.405,1.11559,1.11571,1.75,1.00
2016.05.03 12:18:59.558,1.11556,1.11571,1.50,1.00
2016.05.03 12:18:59.761,1.11556,1.11568,1.50,1.00
2016.05.03 12:18:59.962,1.11556,1.11571,1.50,1.00
2016.05.03 12:19:00.368,1.11556,1.11568,1.50,1.00
2016.05.03 12:19:00.470,1.11556,1.11571,1.50,1.00
2016.05.03 12:19:00.572,1.11556,1.11568,1.50,1.00
2016.05.03 12:19:00.785,1.11554,1.11567,1.50,1.00
2016.05.03 12:19:00.888,1.11554,1.11569,1.00,1.00
2016.05.03 12:19:01.194,1.11555,1.11569,1.87,1.00
2016.05.03 12:19:01.399,1.11555,1.11572,2.62,1.00
2016.05.03 12:19:01.501,1.11555,1.11569,1.50,1.00
2016.05.03 12:19:01.889,1.11556,1.11571,1.00,1.00
2016.05.03 12:19:02.093,1.11557,1.11572,1.37,1.00
2016.05.03 12:19:02.393,1.11556,1.11572,1.00,1.00
2016.05.03 12:19:02.444,1.11556,1.1157,1.00,1.00
2016.05.03 12:19:02.650,1.11555,1.11573,2.25,1.00
2016.05.03 12:19:02.752,1.11557,1.11574,1.87,1.00
2016.05.03 12:19:03.139,1.11562,1.11581,1.75,2.34
2016.05.03 12:19:03.243,1.11561,1.1158,1.75,1.00
2016.05.03 12:19:03.346,1.11562,1.1158,1.00,1.12
2016.05.03 12:19:03.501,1.11562,1.11582,2.25,1.37
2016.05.03 12:19:03.654,1.11563,1.11582,1.00,1.50
2016.05.03 12:19:03.952,1.11565,1.11583,1.00,1.75
2016.05.03 12:19:04.359,1.11569,1.11578,1.00,1.00
2016.05.03 12:19:04.461,1.11565,1.11579,1.00,1.00
2016.05.03 12:19:04.964,1.11565,1.11578,1.00,1.00
2016.05.03 12:19:05.185,1.11561,1.11578,1.50,1.00
2016.05.03 12:19:05.439,1.11565,1.11578,1.00,1.37
2016.05.03 12:19:05.491,1.11563,1.11579,1.62,1.87
2016.05.03 12:19:05.685,1.11568,1.11584,1.50,1.12
2016.05.03 12:19:05.787,1.1157,1.11586,1.37,1.12
2016.05.03 12:19:06.091,1.11567,1.11586,2.44,1.87
2016.05.03 12:19:06.193,1.11567,1.11586,2.06,2.25
2016.05.03 12:19:06.397,1.11564,1.11582,1.75,1.00
2016.05.03 12:19:06.888,1.11565,1.11584,1.75,1.87
2016.05.03 12:19:07.710,1.11568,1.11586,1.00,1.75
2016.05.03 12:19:07.913,1.1157,1.11588,1.19,2.25
2016.05.03 12:19:08.015,1.11568,1.11588,1.69,3.00
2016.05.03 12:19:08.169,1.11572,1.11588,1.00,2.25
2016.05.03 12:19:08.271,1.11571,1.11588,1.00,1.87
2016.05.03 12:19:08.373,1.11569,1.11584,1.31,1.00
2016.05.03 12:19:08.783,1.1157,1.11586,1.00,1.00
2016.05.03 12:19:09.308,1.11571,1.11587,1.00,1.00
2016.05.03 12:19:09.463,1.11573,1.11587,1.00,1.00
2016.05.03 12:19:09.616,1.11573,1.11589,1.00,1.00
2016.05.03 12:19:09.872,1.11572,1.11589,2.44,1.00
2016.05.03 12:19:09.975,1.11572,1.11591,1.69,1.50
2016.05.03 12:19:10.128,1.11574,1.11591,1.00,1.00
2016.05.03 12:19:10.472,1.11577,1.11594,1.00,1.50
2016.05.03 12:19:10.777,1.11585,1.11598,1.00,1.75
2016.05.03 12:19:10.828,1.11585,1.11598,1.00,1.37
2016.05.03 12:19:10.881,1.11586,1.11601,1.00,1.75
2016.05.03 12:19:10.933,1.11588,1.11604,1.00,4.12
2016.05.03 12:19:11.169,1.11589,1.11603,1.25,1.50
2016.05.03 12:19:11.221,1.11589,1.11603,1.19,1.50
2016.05.03 12:19:11.476,1.11592,1.11607,1.00,1.48
2016.05.03 12:19:12.043,1.11591,1.11609,1.19,2.25
2016.05.03 12:19:12.602,1.11589,1.11603,1.00,1.00
2016.05.03 12:19:12.704,1.11589,1.11607,1.00,1.00
2016.05.03 12:19:12.805,1.11586,1.11606,3.56,1.00
2016.05.03 12:19:13.106,1.11586,1.11604,1.50,1.00
2016.05.03 12:19:13.259,1.11587,1.11606,1.00,1.50
2016.05.03 12:19:13.311,1.11587,1.11603,1.00,1.00
2016.05.03 12:19:13.812,1.11587,1.11604,1.00,1.00
2016.05.03 12:19:14.325,1.11587,1.11603,1.00,1.00
2016.05.03 12:19:14.845,1.11586,1.11603,1.00,1.00
2016.05.03 12:19:15.797,1.11586,1.11604,1.00,1.50
2016.05.03 12:19:16.102,1.11585,1.11603,1.12,1.37
2016.05.03 12:19:16.406,1.11585,1.11599,1.00,1.00
2016.05.03 12:19:16.881,1.11582,1.11599,1.00,1.00
2016.05.03 12:19:17.034,1.11581,1.11598,1.12,1.37
2016.05.03 12:19:17.536,1.11582,1.11599,1.00,1.50
2016.05.03 12:19:17.638,1.11582,1.11599,1.00,1.12
2016.05.03 12:19:17.997,1.11586,1.11598,1.00,1.00
2016.05.03 12:19:18.596,1.11586,1.11599,1.00,1.00
2016.05.03 12:19:19.080,1.11583,1.11598,1.50,1.00
2016.05.03 12:19:19.385,1.11586,1.11598,1.00,1.00
2016.05.03 12:19:19.776,1.11586,1.11599,1.50,1.00
2016.05.03 12:19:19.930,1.11586,1.11601,1.50,1.00
2016.05.03 12:19:19.981,1.11586,1.11601,1.12,1.00
2016.05.03 12:19:20.340,1.11586,1.11599,1.00,1.00
2016.05.03 12:19:20.743,1.11584,1.11599,1.31,1.00
2016.05.03 12:19:20.845,1.11584,1.11597,1.25,1.00
2016.05.03 12:19:20.896,1.11581,1.11597,3.00,1.00
2016.05.03 12:19:21.251,1.11581,1.11594,1.50,1.00
2016.05.03 12:19:21.454,1.11581,1.11596,1.50,1.00
2016.05.03 12:19:21.556,1.11581,1.11594,1.12,1.00
2016.05.03 12:19:21.692,1.11579,1.11596,1.87,1.00
2016.05.03 12:19:21.952,1.11579,1.11594,1.87,1.00
2016.05.03 12:19:22.257,1.11579,1.11594,1.37,1.00
2016.05.03 12:19:22.410,1.11581,1.11599,1.37,1.12
2016.05.03 12:19:22.461,1.11581,1.11599,2.25,1.00
2016.05.03 12:19:22.764,1.11582,1.11595,1.00,1.00
2016.05.03 12:19:22.815,1.11579,1.11593,1.50,1.00
2016.05.03 12:19:22.917,1.11578,1.1159,1.00,1.00
2016.05.03 12:19:23.019,1.11574,1.1159,1.25,1.00
2016.05.03 12:19:23.222,1.11574,1.11588,1.00,1.00
2016.05.03 12:19:23.747,1.11574,1.11589,1.00,1.50
2016.05.03 12:19:24.055,1.1157,1.11585,1.37,1.00
2016.05.03 12:19:24.106,1.11567,1.11585,1.50,1.00
2016.05.03 12:19:24.159,1.11566,1.11583,2.25,1.00
2016.05.03 12:19:24.413,1.11567,1.11587,1.75,1.37
2016.05.03 12:19:26.435,1.11568,1.11584,1.50,1.00
2016.05.03 12:19:26.746,1.11567,1.11583,1.87,1.00
2016.05.03 12:19:27.255,1.11566,1.11583,2.25,1.00
2016.05.03 12:19:27.408,1.11565,1.11581,1.87,1.00
2016.05.03 12:19:27.459,1.11564,1.11579,1.50,1.00
2016.05.03 12:19:27.662,1.11563,1.11581,1.87,1.00
2016.05.03 12:19:28.060,1.11563,1.11578,1.87,1.00
2016.05.03 12:19:28.219,1.11563,1.11581,1.75,1.00
2016.05.03 12:19:28.322,1.11563,1.11579,1.75,1.00
2016.05.03 12:19:28.425,1.11563,1.11581,2.25,1.00
2016.05.03 12:19:28.630,1.11564,1.1158,1.87,1.00
2016.05.03 12:19:28.935,1.11566,1.11578,1.00,1.50
2016.05.03 12:19:29.087,1.1156,1.11578,2.44,1.00
2016.05.03 12:19:29.923,1.11561,1.11579,1.50,1.12
2016.05.03 12:19:30.026,1.11562,1.11578,1.22,1.00
2016.05.03 12:19:30.622,1.11566,1.11582,1.00,1.00
2016.05.03 12:19:31.130,1.11562,1.11582,4.59,1.12
2016.05.03 12:19:31.278,1.11562,1.1158,4.50,1.00
2016.05.03 12:19:31.685,1.11565,1.11583,1.12,1.37
2016.05.03 12:19:31.737,1.11565,1.11584,1.50,1.37
2016.05.03 12:19:31.788,1.11565,1.11584,1.75,1.00
2016.05.03 12:19:31.992,1.11565,1.11583,2.25,1.00
2016.05.03 12:19:32.385,1.11562,1.11581,2.62,1.00
2016.05.03 12:19:32.488,1.11562,1.11581,2.25,1.00
2016.05.03 12:19:32.742,1.11562,1.11579,1.50,1.37
2016.05.03 12:19:33.350,1.1156,1.11576,1.87,1.00
2016.05.03 12:19:33.603,1.11558,1.11576,1.87,1.12
2016.05.03 12:19:33.859,1.1156,1.11579,1.00,1.75
2016.05.03 12:19:34.422,1.11558,1.11578,2.62,1.75
2016.05.03 12:19:34.676,1.11557,1.11575,1.12,1.75
2016.05.03 12:19:35.184,1.11555,1.11574,1.50,1.50
2016.05.03 12:19:35.563,1.11554,1.11572,1.00,1.69
2016.05.03 12:19:35.868,1.11552,1.11571,1.12,1.12
2016.05.03 12:19:36.378,1.11551,1.11571,1.50,2.81
2016.05.03 12:19:38.285,1.11551,1.1157,1.50,1.12
2016.05.03 12:19:38.592,1.1155,1.11568,1.87,1.00
2016.05.03 12:19:38.897,1.11554,1.11568,1.00,1.00
2016.05.03 12:19:38.948,1.11551,1.11568,1.37,1.00
2016.05.03 12:19:38.999,1.11554,1.11568,1.00,1.00
2016.05.03 12:19:39.238,1.11552,1.11568,1.00,1.00
2016.05.03 12:19:39.442,1.11551,1.11567,1.00,1.19
2016.05.03 12:19:39.494,1.11548,1.11567,1.00,1.69
2016.05.03 12:19:39.648,1.11546,1.11566,2.25,1.31
2016.05.03 12:19:39.952,1.11548,1.11566,1.00,1.12
2016.05.03 12:19:40.293,1.11545,1.11563,1.50,1.00
2016.05.03 12:19:40.605,1.11545,1.11565,1.00,2.62
2016.05.03 12:19:40.910,1.11548,1.11566,1.00,3.19
2016.05.03 12:19:41.298,1.11548,1.11566,1.00,1.69
2016.05.03 12:19:41.808,1.11547,1.11563,1.00,1.00
2016.05.03 12:19:42.011,1.11547,1.11566,1.00,2.25
2016.05.03 12:19:42.560,1.11547,1.11561,1.00,1.00
2016.05.03 12:19:42.814,1.11543,1.11559,1.50,1.00
2016.05.03 12:19:43.215,1.1154,1.11558,1.87,1.22
2016.05.03 12:19:43.420,1.11542,1.11558,1.00,1.22
2016.05.03 12:19:44.273,1.11543,1.11561,1.00,1.09
2016.05.03 12:19:45.124,1.11543,1.11561,1.12,1.00
2016.05.03 12:19:45.866,1.11543,1.11559,1.00,1.00
2016.05.03 12:19:46.666,1.11543,1.11562,1.00,2.34
2016.05.03 12:19:47.797,1.11542,1.11562,1.50,1.84
2016.05.03 12:19:48.098,1.11549,1.11565,1.12,1.37
2016.05.03 12:19:48.200,1.11549,1.11567,1.12,1.00
2016.05.03 12:19:48.251,1.11548,1.11564,1.37,1.50
2016.05.03 12:19:48.455,1.11546,1.11566,2.25,1.12
2016.05.03 12:19:48.506,1.11546,1.11566,1.87,1.87
2016.05.03 12:19:48.961,1.11544,1.11562,1.50,1.59
2016.05.03 12:19:49.012,1.11544,1.1156,1.50,1.00
2016.05.03 12:19:49.268,1.11545,1.11563,2.25,1.12
2016.05.03 12:19:49.322,1.11545,1.11563,3.00,1.12
2016.05.03 12:19:49.861,1.11544,1.11563,1.12,1.22
2016.05.03 12:19:49.914,1.11544,1.1156,1.00,1.00
2016.05.03 12:19:50.219,1.11544,1.11557,1.00,1.00
2016.05.03 12:19:50.524,1.11544,1.11555,1.00,1.00
2016.05.03 12:19:50.627,1.11542,1.11555,1.00,1.00
2016.05.03 12:19:51.231,1.11541,1.11555,2.62,1.00
2016.05.03 12:19:51.334,1.11541,1.11555,3.00,1.00
2016.05.03 12:19:51.437,1.11541,1.11555,3.75,1.00
2016.05.03 12:19:52.234,1.11541,1.11555,1.87,1.00
2016.05.03 12:19:52.337,1.11541,1.11557,3.00,1.00
2016.05.03 12:19:52.438,1.11541,1.11557,2.25,1.00
2016.05.03 12:19:52.489,1.11541,1.11555,1.00,1.00
2016.05.03 12:19:53.014,1.11541,1.11554,1.00,1.00
2016.05.03 12:19:53.559,1.1154,1.11554,1.00,1.00
2016.05.03 12:19:53.865,1.11539,1.11554,1.37,1.00
2016.05.03 12:19:53.916,1.11539,1.11554,1.50,1.00
2016.05.03 12:19:54.071,1.11538,1.11551,1.50,1.00
2016.05.03 12:19:54.430,1.11538,1.11553,1.00,1.00
2016.05.03 12:19:54.787,1.11537,1.11551,1.12,1.00
2016.05.03 12:19:55.335,1.11536,1.11548,1.12,1.00
2016.05.03 12:19:55.437,1.11536,1.11551,1.00,1.00
2016.05.03 12:19:55.946,1.11537,1.11552,1.00,1.12
2016.05.03 12:19:56.460,1.11537,1.11551,1.00,1.00
2016.05.03 12:19:56.664,1.11538,1.11553,1.37,1.87
2016.05.03 12:19:57.211,1.1154,1.11554,1.00,1.00
2016.05.03 12:19:57.749,1.1154,1.11553,1.00,1.00
2016.05.03 12:19:57.952,1.11537,1.11551,1.50,1.00
2016.05.03 12:19:58.258,1.11537,1.11553,3.37,1.00
2016.05.03 12:19:58.589,1.11538,1.11555,1.37,1.00
2016.05.03 12:19:58.844,1.11537,1.11555,3.75,1.00
2016.05.03 12:19:59.248,1.11541,1.11554,1.37,1.00
2016.05.03 12:19:59.540,1.11538,1.11554,1.12,1.00
2016.05.03 12:19:59.643,1.11539,1.11555,1.50,1.00
2016.05.03 12:19:59.748,1.11538,1.11554,1.50,1.00
2016.05.03 12:20:00.106,1.11546,1.11557,1.00,2.25
2016.05.03 12:20:00.314,1.11547,1.11557,1.00,1.00
2016.05.03 12:20:00.366,1.11543,1.11553,1.75,1.00
2016.05.03 12:20:00.418,1.11541,1.11553,1.75,1.00
2016.05.03 12:20:00.469,1.11539,1.11553,1.37,1.00
2016.05.03 12:20:00.572,1.11538,1.11556,2.44,1.50
2016.05.03 12:20:00.624,1.11542,1.1155,1.00,1.00
2016.05.03 12:20:00.676,1.11538,1.1155,1.37,1.00
2016.05.03 12:20:00.729,1.11541,1.1155,1.00,1.00
2016.05.03 12:20:00.781,1.11541,1.11553,1.00,1.00
2016.05.03 12:20:00.833,1.11537,1.11553,2.25,1.00
2016.05.03 12:20:00.885,1.1154,1.11552,1.00,1.00
2016.05.03 12:20:00.936,1.1154,1.11554,1.00,1.00
2016.05.03 12:20:01.126,1.11537,1.11553,3.00,1.00
2016.05.03 12:20:01.228,1.11537,1.1155,2.25,1.00
2016.05.03 12:20:01.330,1.11535,1.11549,1.00,1.00
2016.05.03 12:20:01.743,1.11531,1.11549,1.75,1.87
2016.05.03 12:20:02.214,1.11533,1.1155,1.37,1.00
2016.05.03 12:20:02.317,1.11534,1.1155,1.00,1.00
2016.05.03 12:20:02.420,1.11535,1.11553,1.00,1.12
2016.05.03 12:20:02.777,1.11534,1.1155,1.00,1.00
2016.05.03 12:20:02.941,1.11532,1.1155,1.50,1.50
2016.05.03 12:20:03.348,1.1153,1.11548,2.62,1.00
2016.05.03 12:20:03.451,1.1153,1.11547,1.00,1.37
2016.05.03 12:20:03.706,1.11527,1.11544,1.00,1.00
2016.05.03 12:20:03.892,1.11526,1.11541,3.00,1.00
2016.05.03 12:20:04.198,1.11523,1.11534,1.87,1.00
2016.05.03 12:20:04.249,1.11523,1.11534,1.00,1.00
2016.05.03 12:20:04.300,1.11522,1.11537,1.25,1.12
2016.05.03 12:20:04.351,1.11521,1.11538,1.50,1.12
2016.05.03 12:20:04.796,1.11521,1.11534,2.25,1.00
2016.05.03 12:20:04.848,1.11521,1.11534,1.50,1.00
2016.05.03 12:20:04.950,1.11521,1.11537,1.12,1.12
2016.05.03 12:20:05.002,1.11533,1.1154,1.00,1.75
2016.05.03 12:20:05.054,1.11538,1.11543,1.00,1.00
2016.05.03 12:20:05.106,1.11541,1.11548,1.00,1.37
2016.05.03 12:20:05.455,1.11548,1.11552,1.00,1.00
2016.05.03 12:20:05.709,1.11542,1.11548,1.62,1.00
2016.05.03 12:20:06.066,1.11536,1.11548,1.87,1.00
2016.05.03 12:20:06.262,1.11541,1.11555,1.00,1.00
2016.05.03 12:20:06.465,1.11542,1.11558,1.25,1.00
2016.05.03 12:20:06.517,1.11541,1.11555,1.50,1.00
2016.05.03 12:20:06.568,1.11541,1.11557,1.50,1.00
2016.05.03 12:20:06.619,1.1154,1.11554,1.50,1.00
2016.05.03 12:20:06.925,1.1154,1.11552,1.00,1.00
2016.05.03 12:20:07.228,1.11539,1.1155,1.00,1.00
2016.05.03 12:20:07.432,1.1153,1.11544,1.69,1.50
2016.05.03 12:20:07.534,1.11533,1.11547,1.19,1.00
2016.05.03 12:20:07.638,1.11531,1.11547,1.00,1.00
2016.05.03 12:20:07.740,1.11534,1.11549,1.00,1.00
2016.05.03 12:20:07.842,1.11536,1.11553,1.00,1.12
2016.05.03 12:20:07.894,1.11533,1.11553,1.69,1.12
2016.05.03 12:20:08.025,1.11535,1.11553,1.00,1.00
2016.05.03 12:20:08.330,1.11534,1.11551,1.69,1.00
2016.05.03 12:20:08.484,1.11534,1.11552,1.12,1.37
2016.05.03 12:20:08.983,1.11536,1.11553,1.00,1.50
2016.05.03 12:20:09.187,1.11538,1.11553,1.00,1.00
2016.05.03 12:20:09.644,1.11532,1.11549,2.81,1.00
2016.05.03 12:20:09.695,1.11533,1.11548,1.00,1.00
2016.05.03 12:20:10.208,1.11534,1.11549,1.00,1.12
2016.05.03 12:20:10.310,1.11534,1.1155,1.00,1.37
2016.05.03 12:20:10.362,1.11532,1.1155,1.00,1.87
2016.05.03 12:20:10.413,1.1153,1.11549,1.50,2.25
2016.05.03 12:20:10.465,1.1153,1.11549,2.62,1.87
2016.05.03 12:20:10.668,1.1153,1.11549,1.87,1.37
2016.05.03 12:20:11.174,1.11531,1.11547,1.00,1.00
2016.05.03 12:20:11.689,1.11532,1.11547,1.00,1.00
2016.05.03 12:20:12.111,1.11531,1.1155,2.25,3.00
2016.05.03 12:20:12.670,1.11531,1.1155,2.62,2.25
2016.05.03 12:20:13.218,1.1153,1.11547,1.00,1.00
2016.05.03 12:20:13.523,1.11531,1.11547,1.37,1.00
2016.05.03 12:20:13.777,1.11532,1.1155,3.00,1.00
2016.05.03 12:20:14.314,1.11532,1.11551,3.00,1.00
2016.05.03 12:20:14.925,1.11534,1.11551,1.00,1.50
2016.05.03 12:20:14.977,1.11532,1.11549,2.25,1.00
2016.05.03 12:20:15.169,1.11532,1.11551,1.50,1.50
2016.05.03 12:20:15.221,1.11532,1.11551,1.00,1.75
2016.05.03 12:20:15.784,1.11531,1.11548,1.50,1.12
2016.05.03 12:20:16.377,1.11533,1.11548,1.00,1.12
2016.05.03 12:20:16.529,1.11531,1.11551,4.12,1.50
2016.05.03 12:20:17.827,1.11531,1.11551,3.00,1.50
2016.05.03 12:20:18.133,1.11533,1.11553,1.37,2.25
2016.05.03 12:20:18.435,1.11538,1.11558,4.12,1.37
2016.05.03 12:20:18.487,1.11538,1.11558,3.00,1.37
2016.05.03 12:20:18.639,1.11538,1.11558,2.25,1.37
2016.05.03 12:20:18.894,1.11538,1.11557,2.25,1.00
2016.05.03 12:20:18.946,1.11541,1.11557,1.00,1.00
2016.05.03 12:20:19.333,1.11541,1.11561,1.00,1.75
2016.05.03 12:20:19.843,1.11541,1.11559,1.50,1.12
2016.05.03 12:20:20.410,1.11541,1.11559,1.12,1.12
2016.05.03 12:20:20.620,1.11541,1.11559,1.00,1.37
2016.05.03 12:20:20.925,1.11539,1.11554,1.00,1.00
2016.05.03 12:20:21.027,1.11537,1.11554,1.12,1.37
2016.05.03 12:20:21.920,1.11537,1.11557,1.50,1.87
2016.05.03 12:20:22.328,1.11537,1.11557,1.75,1.87
2016.05.03 12:20:22.640,1.11539,1.11558,1.75,3.00
2016.05.03 12:20:23.185,1.11538,1.11555,1.37,1.12
2016.05.03 12:20:23.236,1.11536,1.11553,1.87,1.00
2016.05.03 12:20:23.287,1.11536,1.11553,1.50,1.00
2016.05.03 12:20:23.340,1.11536,1.11553,1.12,1.37
2016.05.03 12:20:23.635,1.11536,1.11554,1.12,1.50
2016.05.03 12:20:23.839,1.11538,1.11553,1.00,1.00
2016.05.03 12:20:24.195,1.11537,1.11555,1.37,1.12
2016.05.03 12:20:24.774,1.11537,1.11557,1.87,2.34
2016.05.03 12:20:24.876,1.11537,1.11557,1.50,2.25
2016.05.03 12:20:25.540,1.11537,1.11556,1.00,1.47
2016.05.03 12:20:25.713,1.11537,1.11554,1.12,1.00
2016.05.03 12:20:25.766,1.11539,1.11554,1.00,1.00
2016.05.03 12:20:25.921,1.11534,1.11554,2.25,2.25
2016.05.03 12:20:26.779,1.11537,1.11555,1.00,1.84
2016.05.03 12:20:27.134,1.11538,1.11556,1.50,1.00
2016.05.03 12:20:27.598,1.1154,1.11557,1.00,1.00
2016.05.03 12:20:28.057,1.11538,1.11557,1.00,1.50
2016.05.03 12:20:28.109,1.11538,1.11557,1.00,1.59
2016.05.03 12:20:28.160,1.11536,1.11554,1.50,1.50
2016.05.03 12:20:28.212,1.11533,1.11552,2.25,1.00
2016.05.03 12:20:28.263,1.11533,1.11551,1.50,1.00
2016.05.03 12:20:28.366,1.11532,1.11548,1.50,1.00
2016.05.03 12:20:28.711,1.11536,1.11553,1.00,1.50
2016.05.03 12:20:29.266,1.11533,1.11554,1.37,3.84
2016.05.03 12:20:29.470,1.11536,1.11553,1.00,1.47
2016.05.03 12:20:30.010,1.11537,1.11553,1.00,1.00
2016.05.03 12:20:30.519,1.11536,1.11555,1.87,1.50
2016.05.03 12:20:30.882,1.11535,1.1155,1.12,1.00
2016.05.03 12:20:30.934,1.11531,1.1155,1.50,1.50
2016.05.03 12:20:31.464,1.1153,1.1155,1.50,1.50
2016.05.03 12:20:31.870,1.11532,1.11551,1.00,1.87
2016.05.03 12:20:32.204,1.11529,1.11547,1.87,1.12
2016.05.03 12:20:32.612,1.11535,1.11548,1.00,1.50
2016.05.03 12:20:32.664,1.11537,1.1155,1.00,1.50
2016.05.03 12:20:32.766,1.11537,1.1155,1.87,1.50
2016.05.03 12:20:32.961,1.11538,1.11556,1.50,1.12
2016.05.03 12:20:33.067,1.11538,1.11557,1.00,2.25
2016.05.03 12:20:33.424,1.1154,1.11557,1.00,1.75
2016.05.03 12:20:33.577,1.11541,1.1156,1.50,2.25
2016.05.03 12:20:33.978,1.11536,1.11556,1.87,1.37
2016.05.03 12:20:34.080,1.11536,1.11556,1.00,1.75
2016.05.03 12:20:34.588,1.11536,1.11556,2.44,1.75
2016.05.03 12:20:34.894,1.11536,1.11556,2.25,1.75
2016.05.03 12:20:35.439,1.11537,1.11558,2.62,1.75
2016.05.03 12:20:35.540,1.1154,1.11558,1.00,1.87
2016.05.03 12:20:35.794,1.11538,1.11557,1.50,1.75
2016.05.03 12:20:36.110,1.11538,1.11557,1.87,1.84
2016.05.03 12:20:36.520,1.11538,1.11557,1.50,1.87
2016.05.03 12:20:36.649,1.1154,1.11558,1.00,2.25
2016.05.03 12:20:36.917,1.11538,1.11557,1.50,1.75
2016.05.03 12:20:37.229,1.11538,1.11557,1.87,1.75
2016.05.03 12:20:37.779,1.11538,1.11557,1.87,1.75
2016.05.03 12:20:38.175,1.11543,1.11557,1.00,1.87
2016.05.03 12:20:38.432,1.11539,1.11557,1.00,1.75
2016.05.03 12:20:38.942,1.11538,1.11554,1.12,1.00
2016.05.03 12:20:39.591,1.11536,1.11553,1.75,1.00
2016.05.03 12:20:39.963,1.11536,1.11553,1.00,1.37
2016.05.03 12:20:40.488,1.11535,1.11551,1.12,1.00
2016.05.03 12:20:40.996,1.11535,1.11552,1.87,1.12
2016.05.03 12:20:41.286,1.11537,1.11556,1.50,1.50
2016.05.03 12:20:41.337,1.11537,1.11553,1.00,1.00
2016.05.03 12:20:41.643,1.11533,1.11551,1.69,1.00
2016.05.03 12:20:41.746,1.11536,1.11551,1.94,1.00
2016.05.03 12:20:42.000,1.11538,1.11555,1.12,1.12
2016.05.03 12:20:42.424,1.11538,1.11553,1.12,1.00
2016.05.03 12:20:42.729,1.11541,1.11553,1.00,1.00
2016.05.03 12:20:42.780,1.11542,1.11559,1.00,1.75
2016.05.03 12:20:42.882,1.11542,1.11558,1.12,1.00
2016.05.03 12:20:43.378,1.11542,1.11558,1.75,1.00
2016.05.03 12:20:43.688,1.11542,1.11558,1.75,1.00
2016.05.03 12:20:44.195,1.11545,1.11558,1.00,1.00
2016.05.03 12:20:44.583,1.11544,1.11561,1.12,1.12
2016.05.03 12:20:44.888,1.11544,1.11559,1.00,1.00
2016.05.03 12:20:44.991,1.11541,1.11558,1.87,1.00
2016.05.03 12:20:45.145,1.11541,1.11559,1.62,1.87
2016.05.03 12:20:45.492,1.11541,1.11558,1.31,1.00
2016.05.03 12:20:45.695,1.11541,1.11558,2.00,1.00
2016.05.03 12:20:46.204,1.11542,1.11558,1.50,1.00
2016.05.03 12:20:46.711,1.11541,1.11559,2.44,1.87
2016.05.03 12:20:47.895,1.11542,1.11559,1.50,1.12
2016.05.03 12:20:48.200,1.11545,1.11559,1.00,1.00
2016.05.03 12:20:48.302,1.11545,1.11562,1.87,1.12
2016.05.03 12:20:48.606,1.11545,1.11564,2.25,1.50
2016.05.03 12:20:49.588,1.11547,1.11564,2.62,1.00
2016.05.03 12:20:49.791,1.11547,1.11563,1.50,1.00
2016.05.03 12:20:50.318,1.11546,1.11558,1.37,1.00
2016.05.03 12:20:51.193,1.11546,1.11563,1.87,1.00
2016.05.03 12:20:51.714,1.11546,1.11563,2.25,1.00
2016.05.03 12:20:52.497,1.11547,1.11564,1.12,1.00
2016.05.03 12:20:52.598,1.11546,1.11563,3.00,1.00
2016.05.03 12:20:53.109,1.11546,1.11563,1.50,1.00
2016.05.03 12:20:53.807,1.11546,1.11564,1.87,1.00
2016.05.03 12:20:53.939,1.11552,1.11563,1.00,1.00
2016.05.03 12:20:54.041,1.11552,1.11567,1.00,1.00
2016.05.03 12:20:54.144,1.11555,1.11569,1.00,1.00
2016.05.03 12:20:54.448,1.11553,1.11568,1.00,1.00
2016.05.03 12:20:54.619,1.11549,1.11569,3.00,2.25
2016.05.03 12:20:55.026,1.11548,1.11564,1.50,1.00
2016.05.03 12:20:55.602,1.11548,1.11563,1.50,1.00
2016.05.03 12:20:55.907,1.11544,1.11558,1.87,1.00
2016.05.03 12:20:56.009,1.11542,1.11558,1.12,1.00
2016.05.03 12:20:56.517,1.11542,1.11559,1.12,1.00
2016.05.03 12:20:57.056,1.11541,1.11558,2.25,1.00
2016.05.03 12:20:57.636,1.11542,1.11561,1.50,1.50
2016.05.03 12:20:57.687,1.11544,1.11561,1.00,1.50
2016.05.03 12:20:57.934,1.11545,1.11564,1.50,3.41
2016.05.03 12:20:58.088,1.11548,1.11564,1.00,1.91
2016.05.03 12:20:58.343,1.11548,1.11565,1.12,1.00
2016.05.03 12:20:58.394,1.11551,1.11567,1.00,1.56
2016.05.03 12:20:58.445,1.11551,1.11567,1.12,1.12
2016.05.03 12:20:58.729,1.11552,1.11569,1.12,1.50
2016.05.03 12:20:58.831,1.1155,1.11568,1.50,1.50
2016.05.03 12:20:59.087,1.11552,1.11569,1.37,1.00
2016.05.03 12:20:59.445,1.11553,1.11572,1.12,1.00
2016.05.03 12:20:59.497,1.11553,1.11568,1.50,1.00
2016.05.03 12:20:59.998,1.11552,1.11568,2.62,1.00
2016.05.03 12:21:00.520,1.11552,1.11569,2.62,1.00
2016.05.03 12:21:01.191,1.11552,1.11568,1.87,1.00
2016.05.03 12:21:01.739,1.11552,1.11569,1.87,1.00
2016.05.03 12:21:03.059,1.11553,1.11572,2.62,1.00
2016.05.03 12:21:03.580,1.11555,1.11573,1.12,1.00
2016.05.03 12:21:04.087,1.11556,1.11574,1.50,1.87
2016.05.03 12:21:04.630,1.11556,1.11572,1.50,1.00
2016.05.03 12:21:04.884,1.11555,1.11572,1.12,1.00
2016.05.03 12:21:04.985,1.11557,1.11573,1.00,1.00
2016.05.03 12:21:05.188,1.11558,1.11578,1.00,3.94
2016.05.03 12:21:05.690,1.11557,1.11573,1.37,1.00
2016.05.03 12:21:06.199,1.11558,1.11577,2.62,1.87
2016.05.03 12:21:06.402,1.11558,1.11574,1.37,1.00
2016.05.03 12:21:06.809,1.11564,1.11578,1.00,1.87
2016.05.03 12:21:06.861,1.11562,1.11578,1.50,1.50
2016.05.03 12:21:06.912,1.11564,1.11581,1.37,2.62
2016.05.03 12:21:06.964,1.11565,1.11581,1.37,1.00
2016.05.03 12:21:07.015,1.11565,1.11583,1.12,1.87
2016.05.03 12:21:07.520,1.11564,1.1158,1.12,1.00
2016.05.03 12:21:07.675,1.11564,1.11582,1.12,1.00
2016.05.03 12:21:07.777,1.11565,1.11584,1.50,1.50
2016.05.03 12:21:08.082,1.11568,1.11583,1.12,1.00
2016.05.03 12:21:08.185,1.11569,1.11588,1.37,2.25
2016.05.03 12:21:09.883,1.11571,1.11588,1.00,1.12
2016.05.03 12:21:09.934,1.11571,1.11589,1.50,1.37
2016.05.03 12:21:10.189,1.11573,1.11591,1.50,1.00
2016.05.03 12:21:10.688,1.11574,1.11593,1.12,2.25
2016.05.03 12:21:10.740,1.11574,1.11593,1.87,3.00
2016.05.03 12:21:11.248,1.11576,1.11594,2.44,1.00
2016.05.03 12:21:11.452,1.11578,1.11596,1.37,1.12
2016.05.03 12:21:11.503,1.11578,1.11594,1.37,1.00
2016.05.03 12:21:11.849,1.11576,1.11592,3.75,1.00
2016.05.03 12:21:11.901,1.11577,1.11594,1.75,1.00
2016.05.03 12:21:11.953,1.11577,1.11591,1.75,1.00
2016.05.03 12:21:12.615,1.11575,1.11589,1.75,1.00
2016.05.03 12:21:12.768,1.11572,1.11588,1.50,1.00
2016.05.03 12:21:12.819,1.11573,1.1159,1.50,1.00
2016.05.03 12:21:12.961,1.11572,1.11588,1.87,1.00
2016.05.03 12:21:13.115,1.1157,1.11588,1.50,1.00
2016.05.03 12:21:13.269,1.1157,1.11588,2.25,1.00
2016.05.03 12:21:13.879,1.1157,1.11588,1.50,1.00
2016.05.03 12:21:14.029,1.11572,1.11588,1.00,1.00
2016.05.03 12:21:14.337,1.11571,1.11588,1.87,1.50
2016.05.03 12:21:14.850,1.11573,1.1159,1.87,1.00
2016.05.03 12:21:15.176,1.11574,1.11591,1.12,1.00
2016.05.03 12:21:15.686,1.11575,1.11592,1.12,1.00
2016.05.03 12:21:15.991,1.11575,1.1159,1.75,1.00
2016.05.03 12:21:16.588,1.11571,1.1159,1.12,1.00
2016.05.03 12:21:16.927,1.11571,1.11589,1.37,1.00
2016.05.03 12:21:17.418,1.11571,1.11584,1.12,1.00
2016.05.03 12:21:17.723,1.11569,1.11586,1.37,1.12
2016.05.03 12:21:18.129,1.1157,1.11588,1.00,1.50
2016.05.03 12:21:18.377,1.11573,1.1159,1.12,1.12
2016.05.03 12:21:19.037,1.11571,1.11589,1.97,1.00
2016.05.03 12:21:19.680,1.11572,1.11587,1.50,1.00
2016.05.03 12:21:19.986,1.11569,1.11584,1.50,1.00
2016.05.03 12:21:20.038,1.11569,1.11584,1.37,1.00
2016.05.03 12:21:20.089,1.11567,1.11584,1.87,1.00
2016.05.03 12:21:20.192,1.11567,1.11582,1.87,1.00
2016.05.03 12:21:20.732,1.11566,1.11584,3.00,1.37
2016.05.03 12:21:21.276,1.11566,1.11584,2.62,1.37
2016.05.03 12:21:22.513,1.11566,1.11584,3.00,1.37
2016.05.03 12:21:23.062,1.11566,1.11584,2.25,1.87
2016.05.03 12:21:23.418,1.11568,1.11578,1.00,1.00
2016.05.03 12:21:23.469,1.11566,1.1158,1.75,1.00
2016.05.03 12:21:23.520,1.11567,1.11578,1.12,1.00
2016.05.03 12:21:23.622,1.11562,1.11575,1.00,1.00
2016.05.03 12:21:23.725,1.1156,1.11575,1.00,1.00
2016.05.03 12:21:23.827,1.11561,1.11578,1.87,1.00
2016.05.03 12:21:24.133,1.11561,1.11578,1.75,1.00
2016.05.03 12:21:24.642,1.11562,1.11576,1.00,1.00
2016.05.03 12:21:24.845,1.11557,1.11576,2.34,1.00
2016.05.03 12:21:25.098,1.11557,1.11576,2.34,1.00
2016.05.03 12:21:25.200,1.11557,1.11576,2.34,1.00
2016.05.03 12:21:25.463,1.11557,1.11576,2.34,1.00
2016.05.03 12:21:25.974,1.11562,1.11578,1.00,1.12
2016.05.03 12:21:26.256,1.11563,1.1158,1.00,1.12
2016.05.03 12:21:27.072,1.11563,1.1158,1.00,1.50
2016.05.03 12:21:27.381,1.11561,1.11579,1.31,1.50
2016.05.03 12:21:27.483,1.11563,1.1158,1.00,1.00
2016.05.03 12:21:27.636,1.11564,1.11582,1.00,1.00
2016.05.03 12:21:27.788,1.11565,1.11582,1.50,1.00
2016.05.03 12:21:28.295,1.11565,1.11583,1.12,1.12
2016.05.03 12:21:28.617,1.11567,1.11584,1.12,1.50
2016.05.03 12:21:29.128,1.11568,1.11584,1.00,1.00
2016.05.03 12:21:29.433,1.11571,1.11587,1.75,1.00
2016.05.03 12:21:29.577,1.11572,1.11589,1.12,1.87
2016.05.03 12:21:30.100,1.11573,1.11589,1.12,1.12
2016.05.03 12:21:30.617,1.11572,1.1159,3.28,1.50
2016.05.03 12:21:31.341,1.11573,1.1159,2.15,1.50
2016.05.03 12:21:31.645,1.1157,1.11582,1.12,1.00
2016.05.03 12:21:31.696,1.11569,1.11584,1.37,1.00
2016.05.03 12:21:31.933,1.11567,1.11583,2.25,1.00
2016.05.03 12:21:31.984,1.11567,1.11583,2.25,1.00
2016.05.03 12:21:32.035,1.11567,1.11586,3.00,1.87
2016.05.03 12:21:32.290,1.11568,1.11588,2.25,3.00
2016.05.03 12:21:32.852,1.11572,1.11588,1.00,1.50
2016.05.03 12:21:33.360,1.1157,1.11589,1.12,1.12
2016.05.03 12:21:33.411,1.11572,1.11589,1.00,1.12
2016.05.03 12:21:33.961,1.11571,1.11589,1.00,1.12
2016.05.03 12:21:34.507,1.11569,1.11588,1.50,1.00
2016.05.03 12:21:34.763,1.11568,1.11588,1.12,1.50
2016.05.03 12:21:35.157,1.11571,1.11587,1.00,1.12
2016.05.03 12:21:35.666,1.11572,1.11587,1.00,1.12
2016.05.03 12:21:35.922,1.11566,1.11582,1.00,1.50
2016.05.03 12:21:36.063,1.11564,1.11579,1.00,1.00
2016.05.03 12:21:36.368,1.11562,1.11576,1.50,1.00
2016.05.03 12:21:36.623,1.11559,1.11576,1.00,1.00
2016.05.03 12:21:36.978,1.11557,1.11576,1.59,1.37
2016.05.03 12:21:37.030,1.11557,1.11576,1.22,1.50
2016.05.03 12:21:37.134,1.11557,1.11576,1.22,1.50
2016.05.03 12:21:38.731,1.11561,1.11576,1.56,1.50
2016.05.03 12:21:38.934,1.11562,1.1158,2.06,1.75
2016.05.03 12:21:39.137,1.11563,1.1158,1.56,1.00
2016.05.03 12:21:39.664,1.11563,1.11581,1.56,1.00
2016.05.03 12:21:40.168,1.11563,1.11581,1.00,1.00
2016.05.03 12:21:40.425,1.11563,1.11578,1.12,1.00
2016.05.03 12:21:40.527,1.11563,1.11581,1.12,1.00
2016.05.03 12:21:40.578,1.11563,1.11576,1.00,1.00
2016.05.03 12:21:40.730,1.11559,1.11573,1.00,1.00
2016.05.03 12:21:42.161,1.11554,1.11573,1.87,1.50
2016.05.03 12:21:42.455,1.11557,1.11573,1.00,1.12
2016.05.03 12:21:44.572,1.11554,1.11573,3.19,1.50
2016.05.03 12:21:45.077,1.11556,1.11573,1.12,1.00
2016.05.03 12:21:45.585,1.11554,1.11573,1.50,1.87
2016.05.03 12:21:46.200,1.11554,1.11572,1.62,1.00
2016.05.03 12:21:46.302,1.11552,1.1157,2.81,1.00
2016.05.03 12:21:46.354,1.11552,1.11572,2.81,1.00
2016.05.03 12:21:50.537,1.11553,1.11572,1.25,1.12
2016.05.03 12:21:51.044,1.11553,1.11571,2.44,1.00
2016.05.03 12:21:51.553,1.11553,1.11572,1.69,1.12
2016.05.03 12:21:52.080,1.11554,1.11572,1.25,1.12
2016.05.03 12:21:52.841,1.11553,1.11572,3.19,1.12
2016.05.03 12:21:53.386,1.11553,1.11572,3.19,1.12
2016.05.03 12:21:54.086,1.11553,1.11572,2.44,1.12
2016.05.03 12:21:55.088,1.11553,1.11572,2.44,1.12
2016.05.03 12:21:55.190,1.11553,1.11572,2.21,1.12
2016.05.03 12:21:56.389,1.11553,1.11572,1.46,1.12
2016.05.03 12:21:56.975,1.11553,1.11572,2.21,1.12
2016.05.03 12:21:57.497,1.11553,1.11571,1.87,1.00
2016.05.03 12:21:57.833,1.11553,1.11571,1.87,1.00
2016.05.03 12:21:58.544,1.11553,1.11571,2.96,1.00
2016.05.03 12:21:58.799,1.11557,1.11573,1.50,1.37
2016.05.03 12:21:58.850,1.11555,1.11571,1.00,1.00
2016.05.03 12:21:58.953,1.11553,1.11568,1.00,1.00
2016.05.03 12:21:59.208,1.11549,1.11566,1.12,1.12
2016.05.03 12:21:59.310,1.11547,1.11567,3.00,1.87
2016.05.03 12:21:59.495,1.11549,1.11568,1.50,1.50
2016.05.03 12:21:59.699,1.1155,1.11568,2.25,1.00
2016.05.03 12:22:00.208,1.11551,1.11569,1.12,1.00
2016.05.03 12:22:00.744,1.1155,1.1157,4.12,1.12
2016.05.03 12:22:01.727,1.11551,1.11572,2.25,1.87
2016.05.03 12:22:02.235,1.1155,1.1157,2.25,1.87
2016.05.03 12:22:02.742,1.11549,1.11569,1.75,2.25
2016.05.03 12:22:03.534,1.11549,1.11569,2.25,1.37
2016.05.03 12:22:04.088,1.11549,1.11569,1.75,2.25
2016.05.03 12:22:08.366,1.11549,1.11569,2.25,2.25
2016.05.03 12:22:08.873,1.11548,1.11568,2.25,1.12
2016.05.03 12:22:09.521,1.11548,1.11566,1.00,1.12
2016.05.03 12:22:09.776,1.11549,1.11568,1.37,1.37
2016.05.03 12:22:09.828,1.1155,1.11568,1.00,1.00
2016.05.03 12:22:10.336,1.1155,1.11569,1.00,1.50
2016.05.03 12:22:12.925,1.11551,1.11569,1.50,1.00
2016.05.03 12:22:13.960,1.11553,1.11569,1.00,1.00
2016.05.03 12:22:14.410,1.11551,1.11569,1.87,1.50
2016.05.03 12:22:15.215,1.11552,1.11571,1.50,1.75
2016.05.03 12:22:16.812,1.11557,1.11572,1.00,2.62
2016.05.03 12:22:17.123,1.11552,1.11572,1.50,2.62
2016.05.03 12:22:17.226,1.11555,1.11572,1.00,1.12
2016.05.03 12:22:17.278,1.11555,1.11573,1.00,3.00
2016.05.03 12:22:18.088,1.11553,1.11571,1.12,1.50
2016.05.03 12:22:18.596,1.11557,1.11571,1.00,1.50
2016.05.03 12:22:18.799,1.11553,1.11571,1.12,1.50
2016.05.03 12:22:18.901,1.11557,1.11571,1.00,1.50
2016.05.03 12:22:19.626,1.11556,1.11571,1.00,2.25
2016.05.03 12:22:19.909,1.11552,1.1157,1.50,1.12
2016.05.03 12:22:20.063,1.11552,1.1157,1.12,1.37
2016.05.03 12:22:20.217,1.11557,1.11575,1.50,1.00
2016.05.03 12:22:20.268,1.11559,1.11576,1.00,1.25
2016.05.03 12:22:20.572,1.11562,1.11575,1.00,1.37
2016.05.03 12:22:20.624,1.11557,1.11575,1.50,1.50
2016.05.03 12:22:20.675,1.11559,1.11577,1.00,2.25
2016.05.03 12:22:21.025,1.11559,1.11577,1.00,2.25
2016.05.03 12:22:21.127,1.11561,1.11577,1.00,1.00
2016.05.03 12:22:21.789,1.11563,1.11577,1.00,1.00
2016.05.03 12:22:22.139,1.11582,1.11594,1.00,3.00
2016.05.03 12:22:22.241,1.11579,1.11594,1.00,1.75
2016.05.03 12:22:22.343,1.1158,1.11595,1.00,1.00
2016.05.03 12:22:22.394,1.1158,1.11599,1.50,1.00
2016.05.03 12:22:22.695,1.1158,1.11599,1.12,1.87
2016.05.03 12:22:23.001,1.11577,1.11593,1.37,1.00
2016.05.03 12:22:23.360,1.11575,1.11592,1.12,1.12
2016.05.03 12:22:23.411,1.11572,1.11591,1.50,1.50
2016.05.03 12:22:23.636,1.11569,1.11589,1.69,1.12
2016.05.03 12:22:23.687,1.11568,1.11587,1.56,1.37
2016.05.03 12:22:24.198,1.11573,1.11587,1.31,1.75
2016.05.03 12:22:24.249,1.11573,1.11586,1.31,1.00
2016.05.03 12:22:24.301,1.11573,1.1159,1.31,1.00
2016.05.03 12:22:24.846,1.11573,1.11593,1.31,3.75
2016.05.03 12:22:25.152,1.11571,1.11589,1.31,1.00
2016.05.03 12:22:25.457,1.11567,1.11584,2.44,1.00
2016.05.03 12:22:25.794,1.11568,1.11584,2.06,1.00
2016.05.03 12:22:25.846,1.11568,1.11586,2.06,1.00
2016.05.03 12:22:25.999,1.11568,1.11588,1.12,2.25
2016.05.03 12:22:26.152,1.11568,1.11583,1.31,1.00
2016.05.03 12:22:26.647,1.11568,1.11585,1.31,1.00
2016.05.03 12:22:27.002,1.11566,1.11585,1.12,1.50
2016.05.03 12:22:27.257,1.11565,1.11585,2.25,1.37
2016.05.03 12:22:27.846,1.11565,1.11583,2.25,1.00
2016.05.03 12:22:28.360,1.11567,1.11586,1.12,2.25
2016.05.03 12:22:28.412,1.1157,1.11586,1.00,1.50
2016.05.03 12:22:28.615,1.11567,1.11585,1.87,1.37
2016.05.03 12:22:28.818,1.11565,1.11582,1.00,1.00
2016.05.03 12:22:29.342,1.11565,1.11583,1.00,1.00
2016.05.03 12:22:29.495,1.11566,1.11585,1.00,1.69
2016.05.03 12:22:29.597,1.1157,1.11586,1.00,1.00
2016.05.03 12:22:29.699,1.11572,1.11589,1.00,1.50
2016.05.03 12:22:29.964,1.1157,1.11588,1.12,1.87
2016.05.03 12:22:30.117,1.11567,1.11585,1.00,1.12
2016.05.03 12:22:30.169,1.11565,1.11585,1.87,1.87
2016.05.03 12:22:30.677,1.11565,1.11581,1.00,1.00
2016.05.03 12:22:30.779,1.11563,1.11581,1.00,1.00
2016.05.03 12:22:30.971,1.11562,1.11578,1.50,1.00
2016.05.03 12:22:31.124,1.11558,1.11576,1.00,1.00
2016.05.03 12:22:32.382,1.11562,1.11576,1.00,1.00
2016.05.03 12:22:33.240,1.11561,1.11576,1.00,1.00
2016.05.03 12:22:33.747,1.11562,1.11575,1.00,1.00
2016.05.03 12:22:34.001,1.11554,1.11571,1.12,1.12
2016.05.03 12:22:34.119,1.11556,1.11571,1.00,1.12
2016.05.03 12:22:34.273,1.11551,1.11567,1.50,1.00
2016.05.03 12:22:34.325,1.11551,1.1157,1.87,1.50
2016.05.03 12:22:34.833,1.11553,1.1157,1.50,1.00
2016.05.03 12:22:34.884,1.11556,1.11572,1.00,1.00
2016.05.03 12:22:34.986,1.11553,1.11572,2.25,1.00
2016.05.03 12:22:35.213,1.11556,1.11572,1.00,1.00
2016.05.03 12:22:35.264,1.11553,1.11572,1.87,1.00
2016.05.03 12:22:35.622,1.11555,1.11572,1.00,1.00
2016.05.03 12:22:35.673,1.11555,1.11574,1.87,1.12
2016.05.03 12:22:35.775,1.11554,1.11572,1.50,1.00
2016.05.03 12:22:36.082,1.11552,1.11568,1.00,1.00
2016.05.03 12:22:36.598,1.11552,1.11571,1.00,1.75
2016.05.03 12:22:37.004,1.11554,1.11572,1.00,3.00
2016.05.03 12:22:37.333,1.11558,1.11575,1.12,1.87
2016.05.03 12:22:37.588,1.11556,1.11574,1.50,1.50
2016.05.03 12:22:37.894,1.11556,1.11573,1.00,1.37
2016.05.03 12:22:38.260,1.11557,1.11569,1.00,1.00
2016.05.03 12:22:38.386,1.11551,1.11569,1.00,1.37
2016.05.03 12:22:38.692,1.11553,1.11572,1.00,3.75
2016.05.03 12:22:38.794,1.11553,1.11572,1.50,3.37
2016.05.03 12:22:38.895,1.11552,1.11572,1.69,2.62
2016.05.03 12:22:39.201,1.11556,1.11572,1.00,1.75
2016.05.03 12:22:39.943,1.11551,1.1157,2.62,1.50
2016.05.03 12:22:39.995,1.11551,1.11569,1.50,1.75
2016.05.03 12:22:40.502,1.11551,1.11566,1.00,1.37
2016.05.03 12:22:41.173,1.11552,1.11566,1.00,1.50
2016.05.03 12:22:41.682,1.11551,1.11566,1.00,1.37
2016.05.03 12:22:41.974,1.11547,1.11566,1.87,1.37
2016.05.03 12:22:42.126,1.11551,1.11567,1.00,1.37
2016.05.03 12:22:42.330,1.11552,1.11571,1.87,3.37
2016.05.03 12:22:42.431,1.11554,1.11571,1.00,2.25
2016.05.03 12:22:42.983,1.11557,1.11572,1.00,1.75
2016.05.03 12:22:43.085,1.11559,1.11574,1.00,1.00
2016.05.03 12:22:43.187,1.11559,1.11578,1.69,2.62
2016.05.03 12:22:43.596,1.11558,1.11573,1.00,1.50
2016.05.03 12:22:43.945,1.11555,1.11573,1.00,2.25
2016.05.03 12:22:44.099,1.11553,1.11572,1.12,1.12
2016.05.03 12:22:44.505,1.11552,1.11571,1.00,1.75
2016.05.03 12:22:45.133,1.11551,1.11571,1.87,1.87
2016.05.03 12:22:45.655,1.11552,1.11571,1.00,1.75
2016.05.03 12:22:46.162,1.11553,1.11572,1.00,3.37
2016.05.03 12:22:46.469,1.11561,1.11572,1.00,1.12
2016.05.03 12:22:46.522,1.11561,1.11576,1.00,2.25
2016.05.03 12:22:46.625,1.11561,1.11576,1.00,1.00
2016.05.03 12:22:46.727,1.11561,1.1158,1.50,1.69
2016.05.03 12:22:46.829,1.11561,1.11579,1.00,1.00
2016.05.03 12:22:47.351,1.1156,1.11579,1.00,1.00
2016.05.03 12:22:47.402,1.11559,1.11577,1.12,1.00
2016.05.03 12:22:47.707,1.11557,1.11575,2.25,1.00
2016.05.03 12:22:48.012,1.11557,1.11573,1.00,1.12
2016.05.03 12:22:48.776,1.11557,1.11572,1.00,1.00
2016.05.03 12:22:49.285,1.11557,1.11576,1.50,2.25
2016.05.03 12:22:49.880,1.11556,1.11574,1.87,1.37
2016.05.03 12:22:50.186,1.11558,1.11577,1.00,1.31
2016.05.03 12:22:51.144,1.11558,1.11576,1.37,1.00
2016.05.03 12:22:51.694,1.1156,1.11578,1.00,1.50
2016.05.03 12:22:52.203,1.11559,1.11577,1.12,1.37
2016.05.03 12:22:52.704,1.11557,1.11575,2.25,1.00
2016.05.03 12:22:52.857,1.11557,1.11575,1.00,1.50
2016.05.03 12:22:53.922,1.11559,1.11576,1.00,1.75
2016.05.03 12:22:54.226,1.11556,1.11576,2.62,1.75
2016.05.03 12:22:54.755,1.11556,1.11576,2.25,2.00
2016.05.03 12:22:56.069,1.11557,1.11576,1.00,2.00
2016.05.03 12:22:56.445,1.11558,1.11578,1.87,1.87
2016.05.03 12:22:56.599,1.11562,1.11578,1.00,1.12
2016.05.03 12:22:57.006,1.11558,1.11578,1.50,1.12
2016.05.03 12:22:57.515,1.11558,1.11578,1.12,1.12
2016.05.03 12:22:59.095,1.11558,1.11578,1.50,2.25
2016.05.03 12:22:59.614,1.11558,1.11578,1.12,1.12
2016.05.03 12:23:00.482,1.11558,1.11578,1.12,1.50
2016.05.03 12:23:00.786,1.11558,1.11574,1.00,1.00
2016.05.03 12:23:01.343,1.11556,1.11574,1.87,1.12
2016.05.03 12:23:01.700,1.11559,1.11577,1.00,2.25
2016.05.03 12:23:01.751,1.11559,1.11577,1.00,1.00
2016.05.03 12:23:01.904,1.11562,1.11577,1.00,1.00
2016.05.03 12:23:02.406,1.11562,1.11578,1.00,1.00
2016.05.03 12:23:04.233,1.11565,1.11581,1.00,2.25
2016.05.03 12:23:04.387,1.11568,1.11582,1.00,1.00
2016.05.03 12:23:04.520,1.11568,1.11585,1.12,1.87
2016.05.03 12:23:04.774,1.11568,1.11587,1.50,1.00
2016.05.03 12:23:05.651,1.11571,1.11587,1.00,1.00
2016.05.03 12:23:05.753,1.11569,1.11587,1.00,1.00
2016.05.03 12:23:05.956,1.11572,1.11587,1.00,1.00
2016.05.03 12:23:06.413,1.11572,1.1159,1.87,1.87
2016.05.03 12:23:06.836,1.11572,1.11588,1.37,1.00
2016.05.03 12:23:07.140,1.11571,1.11587,1.00,1.50
2016.05.03 12:23:07.243,1.11568,1.11586,1.00,1.50
2016.05.03 12:23:07.790,1.11567,1.11584,1.87,1.50
2016.05.03 12:23:07.842,1.11565,1.11579,1.50,1.00
2016.05.03 12:23:07.893,1.11565,1.1158,1.12,1.00
2016.05.03 12:23:08.099,1.11562,1.1158,1.50,2.25
2016.05.03 12:23:08.151,1.11564,1.1158,1.00,1.12
2016.05.03 12:23:08.957,1.11562,1.1158,1.00,1.50
2016.05.03 12:23:09.059,1.11564,1.1158,1.00,1.00
2016.05.03 12:23:09.539,1.11562,1.1158,1.50,1.12
2016.05.03 12:23:11.252,1.11564,1.11583,1.00,3.00
2016.05.03 12:23:11.304,1.11564,1.11583,1.00,2.62
2016.05.03 12:23:11.355,1.11566,1.11583,1.00,2.62
2016.05.03 12:23:12.397,1.11568,1.11583,1.00,1.12
2016.05.03 12:23:12.644,1.11566,1.11584,1.12,2.62
2016.05.03 12:23:12.746,1.11564,1.11578,1.75,1.00
2016.05.03 12:23:12.899,1.11563,1.11581,1.00,1.50
2016.05.03 12:23:12.950,1.11562,1.11578,1.50,1.00
2016.05.03 12:23:13.052,1.11563,1.11581,1.25,1.50
2016.05.03 12:23:13.321,1.11569,1.11581,1.00,1.00
2016.05.03 12:23:13.651,1.11578,1.11591,1.00,1.12
2016.05.03 12:23:13.702,1.11576,1.11593,1.50,1.12
2016.05.03 12:23:14.059,1.11573,1.11591,1.00,1.87
2016.05.03 12:23:14.162,1.11573,1.1159,1.00,1.12
2016.05.03 12:23:14.366,1.11571,1.11588,1.00,1.87
2016.05.03 12:23:14.958,1.1157,1.11587,1.12,1.12
2016.05.03 12:23:15.060,1.1157,1.11585,1.12,1.00
2016.05.03 12:23:15.566,1.11569,1.11585,1.00,1.50
2016.05.03 12:23:15.871,1.11566,1.11583,1.87,1.00
2016.05.03 12:23:16.116,1.11565,1.11582,1.12,1.12
2016.05.03 12:23:16.779,1.11564,1.11582,1.00,1.87
2016.05.03 12:23:16.918,1.11562,1.11579,1.37,1.00
2016.05.03 12:23:16.969,1.11561,1.11579,1.00,1.00
2016.05.03 12:23:17.482,1.11559,1.11579,2.25,1.37
2016.05.03 12:23:17.779,1.11562,1.11579,1.00,1.37
2016.05.03 12:23:17.881,1.11562,1.1158,1.00,1.50
2016.05.03 12:23:18.501,1.11561,1.1158,1.50,1.12
2016.05.03 12:23:19.015,1.11562,1.1158,1.00,2.62
2016.05.03 12:23:19.523,1.11563,1.1158,1.00,1.12
2016.05.03 12:23:19.776,1.11565,1.11582,1.00,2.25
2016.05.03 12:23:20.385,1.11566,1.11582,1.00,1.50
2016.05.03 12:23:20.749,1.11566,1.11582,1.00,1.87
2016.05.03 12:23:20.906,1.11564,1.11581,1.00,1.75
2016.05.03 12:23:21.261,1.11564,1.1158,1.12,1.00
2016.05.03 12:23:21.782,1.11565,1.11583,1.00,2.25
2016.05.03 12:23:22.801,1.11564,1.11581,1.12,1.00
2016.05.03 12:23:24.079,1.11564,1.11582,1.12,1.75
2016.05.03 12:23:24.233,1.11564,1.11581,1.12,1.00
2016.05.03 12:23:26.036,1.11565,1.11581,1.00,1.00
2016.05.03 12:23:27.286,1.11567,1.11583,1.00,2.25
2016.05.03 12:23:27.810,1.11566,1.11583,1.00,1.87
2016.05.03 12:23:28.421,1.11565,1.11583,1.00,1.50
2016.05.03 12:23:28.959,1.11564,1.11582,1.12,1.37
2016.05.03 12:23:29.498,1.11564,1.11582,1.69,1.37
2016.05.03 12:23:30.302,1.11564,1.11582,1.12,1.37
2016.05.03 12:23:33.181,1.11565,1.11583,1.00,1.50
2016.05.03 12:23:33.688,1.11567,1.11583,1.00,1.50
2016.05.03 12:23:34.207,1.11566,1.11583,1.00,2.25
2016.05.03 12:23:34.714,1.11567,1.11583,1.00,2.25
2016.05.03 12:23:36.589,1.11567,1.11583,1.00,2.25
2016.05.03 12:23:37.295,1.11565,1.11583,1.00,2.25
2016.05.03 12:23:37.397,1.11563,1.11582,2.06,1.12
2016.05.03 12:23:38.472,1.11562,1.11579,1.87,1.00
2016.05.03 12:23:38.625,1.1156,1.11579,1.00,2.25
2016.05.03 12:23:38.728,1.1156,1.11576,1.00,1.00
2016.05.03 12:23:39.277,1.11562,1.11576,1.25,1.00
2016.05.03 12:23:39.329,1.11564,1.11581,1.00,2.62
2016.05.03 12:23:39.839,1.11564,1.11581,1.56,1.50
2016.05.03 12:23:40.503,1.11563,1.11582,1.69,1.75
2016.05.03 12:23:41.036,1.11563,1.11582,1.69,1.75
2016.05.03 12:23:41.847,1.11565,1.11582,1.00,1.12
2016.05.03 12:23:42.202,1.11567,1.11583,1.00,1.75
2016.05.03 12:23:43.034,1.11564,1.11581,1.56,1.87
2016.05.03 12:23:43.645,1.11564,1.11581,1.00,2.25
2016.05.03 12:23:45.117,1.11563,1.1158,1.12,1.50
2016.05.03 12:23:45.522,1.11562,1.1158,2.06,1.12
2016.05.03 12:23:45.777,1.11563,1.1158,1.25,1.12
2016.05.03 12:23:45.984,1.11561,1.11579,1.31,1.00
2016.05.03 12:23:46.178,1.11561,1.11579,1.56,1.00
2016.05.03 12:23:46.723,1.11562,1.11579,1.31,1.00
2016.05.03 12:23:47.325,1.11561,1.11577,1.56,1.00
2016.05.03 12:23:48.680,1.11561,1.11577,1.00,1.00
2016.05.03 12:23:48.985,1.11561,1.11574,1.00,1.00
2016.05.03 12:23:49.137,1.11559,1.11574,1.00,1.00
2016.05.03 12:23:49.609,1.11561,1.11574,1.00,1.00
2016.05.03 12:23:50.629,1.11562,1.11574,1.00,1.00
2016.05.03 12:23:52.261,1.11562,1.11577,1.00,1.00
2016.05.03 12:23:52.313,1.11564,1.11579,1.00,1.50
2016.05.03 12:23:52.488,1.11567,1.11583,1.00,1.00
2016.05.03 12:23:53.014,1.11564,1.11583,2.06,1.00
2016.05.03 12:23:53.235,1.11569,1.11586,1.00,2.06
2016.05.03 12:23:53.287,1.11569,1.11586,1.12,1.12
2016.05.03 12:23:53.389,1.11569,1.11588,2.25,1.12
2016.05.03 12:23:53.890,1.1157,1.11587,1.00,1.50
2016.05.03 12:23:54.936,1.1157,1.11584,1.00,1.00
2016.05.03 12:23:55.038,1.11567,1.11584,1.12,1.00
2016.05.03 12:23:55.140,1.11568,1.11586,1.00,1.12
2016.05.03 12:23:57.007,1.11566,1.11585,3.00,1.00
2016.05.03 12:23:57.311,1.11566,1.1158,2.25,1.00
2016.05.03 12:23:57.459,1.11562,1.11578,1.59,1.00
2016.05.03 12:23:57.511,1.11559,1.11576,2.90,1.00
2016.05.03 12:23:57.562,1.11559,1.11576,1.87,1.00
2016.05.03 12:23:57.866,1.11556,1.11575,1.69,1.00
2016.05.03 12:23:59.739,1.11556,1.11575,1.37,1.37
2016.05.03 12:24:00.246,1.11558,1.11577,1.87,1.75
2016.05.03 12:24:00.795,1.11559,1.11578,1.00,1.75
2016.05.03 12:24:03.220,1.11558,1.11578,1.12,1.75
2016.05.03 12:24:04.360,1.11562,1.11576,1.00,1.50
2016.05.03 12:24:04.740,1.11558,1.11576,1.87,1.50
2016.05.03 12:24:05.046,1.11561,1.11577,1.00,1.75
2016.05.03 12:24:06.038,1.11559,1.11577,1.00,1.75
2016.05.03 12:24:06.140,1.11562,1.11577,1.00,1.75
2016.05.03 12:24:06.444,1.11557,1.11575,1.50,1.12
2016.05.03 12:24:06.547,1.11561,1.11577,1.12,2.06
2016.05.03 12:24:07.074,1.11561,1.11574,1.00,1.00
2016.05.03 12:24:07.682,1.11562,1.11574,1.00,1.00
2016.05.03 12:24:08.738,1.11562,1.11576,1.00,1.12
2016.05.03 12:24:08.991,1.11556,1.11575,3.37,1.00
2016.05.03 12:24:10.004,1.11557,1.11574,1.37,1.00
2016.05.03 12:24:10.656,1.11556,1.11575,3.00,1.00
2016.05.03 12:24:11.263,1.11556,1.11573,1.50,1.00
2016.05.03 12:24:11.517,1.11556,1.11573,1.12,1.50
2016.05.03 12:24:12.084,1.11557,1.11573,1.00,1.50
2016.05.03 12:24:12.591,1.11556,1.11573,1.00,1.50
2016.05.03 12:24:13.094,1.11557,1.11573,1.00,1.50
2016.05.03 12:24:14.251,1.11556,1.11573,1.00,1.50
2016.05.03 12:24:15.152,1.11557,1.11573,1.00,1.50
2016.05.03 12:24:15.692,1.11557,1.11572,1.00,1.00
2016.05.03 12:24:16.195,1.11557,1.11573,1.00,1.50
2016.05.03 12:24:16.701,1.11556,1.11573,1.00,1.50
2016.05.03 12:24:17.356,1.11557,1.11573,1.00,1.50
2016.05.03 12:24:18.399,1.11556,1.11573,1.12,1.00
2016.05.03 12:24:18.722,1.11559,1.11573,1.00,1.00
2016.05.03 12:24:18.925,1.11558,1.11577,3.00,1.00
2016.05.03 12:24:21.010,1.11561,1.11577,1.00,1.00
2016.05.03 12:24:21.112,1.11558,1.11577,1.50,1.00
2016.05.03 12:24:21.215,1.11558,1.11575,1.00,1.00
2016.05.03 12:24:21.766,1.11558,1.11575,1.87,1.00
2016.05.03 12:24:22.292,1.11558,1.11575,1.12,1.00
2016.05.03 12:24:24.150,1.11558,1.11577,1.87,1.00
2016.05.03 12:24:25.371,1.11558,1.11577,3.00,1.00
2016.05.03 12:24:26.036,1.11558,1.11577,3.37,1.00
2016.05.03 12:24:26.290,1.11561,1.11577,1.00,1.00
2016.05.03 12:24:26.392,1.11559,1.11577,1.00,1.00
2016.05.03 12:24:26.830,1.11558,1.11574,1.00,1.00
2016.05.03 12:24:27.181,1.11556,1.11572,1.50,1.00
2016.05.03 12:24:29.983,1.11558,1.11573,1.00,1.00
2016.05.03 12:24:30.287,1.11558,1.11575,1.22,1.00
2016.05.03 12:24:30.541,1.11558,1.11575,1.97,1.25
2016.05.03 12:24:30.720,1.11558,1.11572,1.12,1.00
2016.05.03 12:24:30.772,1.11557,1.11574,2.34,1.00
2016.05.03 12:24:30.874,1.11558,1.11576,1.22,1.00
2016.05.03 12:24:31.387,1.11557,1.11575,1.97,1.00
2016.05.03 12:24:32.304,1.11557,1.11577,2.72,1.12
2016.05.03 12:24:32.811,1.11557,1.11577,3.47,1.31
2016.05.03 12:24:33.344,1.1156,1.11577,1.12,1.12
2016.05.03 12:24:33.974,1.11561,1.11577,1.00,1.12
2016.05.03 12:24:34.500,1.1156,1.11577,1.12,1.31
2016.05.03 12:24:35.582,1.1156,1.11577,1.59,1.12
2016.05.03 12:24:35.731,1.1156,1.11577,1.59,1.12
2016.05.03 12:24:38.126,1.11561,1.11579,1.00,1.75
2016.05.03 12:24:38.629,1.11562,1.11579,1.00,1.75
2016.05.03 12:24:38.782,1.11565,1.11581,1.00,1.00
2016.05.03 12:24:39.285,1.11563,1.11581,1.12,1.00
2016.05.03 12:24:39.387,1.11561,1.11579,1.50,1.00
2016.05.03 12:24:39.692,1.11557,1.11575,1.50,1.00
2016.05.03 12:24:40.009,1.11556,1.11573,1.00,1.50
2016.05.03 12:24:40.521,1.11554,1.11572,1.50,1.12
2016.05.03 12:24:41.279,1.11553,1.1157,1.75,1.00
2016.05.03 12:24:41.636,1.11557,1.11575,1.00,2.00
2016.05.03 12:24:42.187,1.11556,1.11573,1.00,1.00
2016.05.03 12:24:42.289,1.11553,1.11573,3.00,1.12
2016.05.03 12:24:43.109,1.11553,1.11571,2.25,1.00
2016.05.03 12:24:43.650,1.11554,1.11572,1.87,1.00
2016.05.03 12:24:44.539,1.11556,1.11575,1.00,1.75
2016.05.03 12:24:44.873,1.11559,1.11575,1.12,1.00
2016.05.03 12:24:45.430,1.11559,1.11578,1.12,1.50
2016.05.03 12:24:45.804,1.11561,1.11578,1.50,1.00
2016.05.03 12:24:46.311,1.1156,1.11577,1.37,1.00
2016.05.03 12:24:46.514,1.11559,1.11577,1.12,1.50
2016.05.03 12:24:48.450,1.11559,1.11577,2.25,1.37
2016.05.03 12:24:48.502,1.1156,1.11579,1.50,1.50
2016.05.03 12:24:49.162,1.1156,1.11577,1.00,1.00
2016.05.03 12:24:49.901,1.1156,1.11579,1.50,1.50
2016.05.03 12:24:51.071,1.11559,1.11577,1.87,1.00
2016.05.03 12:24:51.604,1.11559,1.11577,1.12,1.37
2016.05.03 12:24:53.744,1.1156,1.11579,1.00,3.00
2016.05.03 12:24:53.999,1.11564,1.11582,2.25,1.50
2016.05.03 12:24:54.507,1.11565,1.11584,1.50,1.87
2016.05.03 12:24:55.010,1.11566,1.11584,1.00,1.75
2016.05.03 12:24:55.527,1.11565,1.11584,1.00,1.75
2016.05.03 12:24:57.290,1.11566,1.11584,1.00,1.87
2016.05.03 12:24:58.433,1.11565,1.11583,1.87,1.12
2016.05.03 12:24:59.745,1.11566,1.11583,2.62,1.00
2016.05.03 12:25:00.779,1.11565,1.11579,1.12,1.82
2016.05.03 12:25:00.831,1.11563,1.11574,1.50,1.01
2016.05.03 12:25:00.882,1.11563,1.11574,1.00,1.01
2016.05.03 12:25:00.985,1.11557,1.11574,1.00,1.76
2016.05.03 12:25:01.502,1.11555,1.11572,2.25,1.00
2016.05.03 12:25:02.187,1.11555,1.11575,1.87,1.75
2016.05.03 12:25:03.438,1.11557,1.11575,1.00,1.76
2016.05.03 12:25:04.180,1.11556,1.11574,2.62,1.01
2016.05.03 12:25:04.690,1.11552,1.11572,4.87,1.01
2016.05.03 12:25:04.742,1.11552,1.11569,4.87,1.00
2016.05.03 12:25:04.997,1.1155,1.11568,1.00,1.12
2016.05.03 12:25:05.150,1.11547,1.11565,2.06,1.00
2016.05.03 12:25:05.384,1.11537,1.11557,3.94,1.12
2016.05.03 12:25:05.638,1.11537,1.11554,3.00,1.00
2016.05.03 12:25:05.843,1.11537,1.11554,1.87,1.12
2016.05.03 12:25:06.345,1.11536,1.11553,1.00,1.00
2016.05.03 12:25:06.852,1.11537,1.11553,1.00,1.00
2016.05.03 12:25:07.358,1.11535,1.11553,1.50,1.00
2016.05.03 12:25:08.598,1.11537,1.11553,1.00,1.00
2016.05.03 12:25:08.650,1.11535,1.11553,1.50,1.00
2016.05.03 12:25:09.254,1.11535,1.11552,1.00,1.00
2016.05.03 12:25:10.157,1.11535,1.11554,1.00,1.50
2016.05.03 12:25:10.259,1.11534,1.11554,2.62,1.12
2016.05.03 12:25:11.500,1.11534,1.11554,1.87,1.50
2016.05.03 12:25:11.602,1.11537,1.11554,1.00,1.87
2016.05.03 12:25:11.856,1.11532,1.11549,1.50,1.12
2016.05.03 12:25:12.571,1.11536,1.1155,1.00,1.50
2016.05.03 12:25:12.976,1.11532,1.1155,1.50,1.50
2016.05.03 12:25:13.590,1.11532,1.11548,1.00,1.00
2016.05.03 12:25:13.998,1.11531,1.11546,1.00,1.00
2016.05.03 12:25:14.370,1.11536,1.11546,1.00,1.00
2016.05.03 12:25:14.421,1.11536,1.1155,1.00,1.75
2016.05.03 12:25:14.686,1.11537,1.11552,1.00,1.50
2016.05.03 12:25:14.891,1.11537,1.11555,1.50,1.75
2016.05.03 12:25:15.435,1.11538,1.11556,1.00,1.01
2016.05.03 12:25:15.936,1.11537,1.11555,1.50,1.75
2016.05.03 12:25:16.893,1.11536,1.11554,1.87,1.50
2016.05.03 12:25:17.433,1.11537,1.11555,1.00,1.75
2016.05.03 12:25:17.485,1.11537,1.11555,1.09,1.75
2016.05.03 12:25:18.081,1.11541,1.11557,1.09,1.75
2016.05.03 12:25:18.233,1.11544,1.11558,1.00,1.37
2016.05.03 12:25:18.285,1.11542,1.11555,1.00,1.00
2016.05.03 12:25:18.377,1.11539,1.11555,1.87,1.00
2016.05.03 12:25:18.428,1.11539,1.11554,1.00,1.50
2016.05.03 12:25:18.479,1.11537,1.11554,1.00,1.50
2016.05.03 12:25:18.582,1.11542,1.11553,1.00,1.12
2016.05.03 12:25:18.684,1.11532,1.11545,1.12,1.00
2016.05.03 12:25:18.736,1.11532,1.11543,1.12,1.00
2016.05.03 12:25:18.890,1.11526,1.11543,1.00,1.12
2016.05.03 12:25:19.043,1.11527,1.11541,1.00,1.00
2016.05.03 12:25:19.391,1.11526,1.11541,1.00,1.75
2016.05.03 12:25:19.696,1.11522,1.11541,1.04,1.75
2016.05.03 12:25:19.798,1.11526,1.11541,1.00,1.75
2016.05.03 12:25:21.011,1.11523,1.11542,1.00,1.87
2016.05.03 12:25:21.518,1.11526,1.11542,1.00,1.87
2016.05.03 12:25:21.739,1.11527,1.11542,1.00,1.00
2016.05.03 12:25:21.893,1.11526,1.11546,1.50,2.25
2016.05.03 12:25:21.944,1.11532,1.11546,1.00,2.25
2016.05.03 12:25:22.484,1.11531,1.11546,1.00,2.25
2016.05.03 12:25:22.953,1.11532,1.11546,1.00,1.12
2016.05.03 12:25:24.170,1.11532,1.11544,1.00,1.00
2016.05.03 12:25:24.273,1.11526,1.11542,1.00,1.00
2016.05.03 12:25:24.786,1.11527,1.11544,1.00,1.75
2016.05.03 12:25:24.888,1.11532,1.11544,1.00,1.75
2016.05.03 12:25:24.939,1.11532,1.11544,1.00,1.50
2016.05.03 12:25:25.041,1.11532,1.11546,1.00,1.87
2016.05.03 12:25:25.454,1.11526,1.11544,1.50,1.00
2016.05.03 12:25:25.709,1.11527,1.11536,1.00,1.00
2016.05.03 12:25:25.760,1.11524,1.11535,1.00,1.00
2016.05.03 12:25:25.812,1.11522,1.11534,1.00,1.00
2016.05.03 12:25:25.863,1.11518,1.11534,1.25,1.12
2016.05.03 12:25:26.169,1.11522,1.11534,1.00,1.12
2016.05.03 12:25:26.669,1.11516,1.11535,2.62,1.37
2016.05.03 12:25:26.771,1.11518,1.11536,1.00,1.50
2016.05.03 12:25:27.864,1.11526,1.11537,1.00,1.50
2016.05.03 12:25:28.473,1.11526,1.1154,1.00,1.12
2016.05.03 12:25:28.575,1.11526,1.11542,1.00,1.00
2016.05.03 12:25:29.101,1.11527,1.11542,1.00,1.00
2016.05.03 12:25:29.355,1.11526,1.11545,1.75,1.50
2016.05.03 12:25:30.168,1.11531,1.11545,1.00,1.00
2016.05.03 12:25:30.677,1.11532,1.11545,1.00,1.00
2016.05.03 12:25:31.314,1.11532,1.11548,1.00,1.75
2016.05.03 12:25:32.188,1.11531,1.11548,1.00,1.75
2016.05.03 12:25:32.704,1.11532,1.11548,1.12,1.75
2016.05.03 12:25:32.756,1.11534,1.11549,1.00,1.00
2016.05.03 12:25:32.807,1.11534,1.11551,1.00,1.00
2016.05.03 12:25:33.157,1.11534,1.11552,1.25,2.25
2016.05.03 12:25:33.209,1.11531,1.11548,2.10,1.00
2016.05.03 12:25:33.564,1.11536,1.1155,1.00,1.37
2016.05.03 12:25:33.666,1.11532,1.11548,1.31,1.00
2016.05.03 12:25:34.050,1.11532,1.11545,1.00,1.00
2016.05.03 12:25:34.101,1.11532,1.11547,1.00,1.00
2016.05.03 12:25:35.558,1.11532,1.11546,1.00,1.00
2016.05.03 12:25:36.065,1.11532,1.11547,1.00,1.50
2016.05.03 12:25:37.406,1.11531,1.11545,1.00,1.00
2016.05.03 12:25:37.974,1.11532,1.11545,1.00,1.00
2016.05.03 12:25:38.534,1.11531,1.11545,1.00,1.00
2016.05.03 12:25:40.515,1.11532,1.11545,1.00,1.00
2016.05.03 12:25:41.697,1.11531,1.11545,1.00,1.00
2016.05.03 12:25:41.970,1.11528,1.11545,1.00,1.00
2016.05.03 12:25:42.021,1.11528,1.11542,1.00,1.00
2016.05.03 12:25:42.174,1.11523,1.11541,2.00,1.00
2016.05.03 12:25:42.275,1.11522,1.11541,1.69,1.50
2016.05.03 12:25:42.478,1.11527,1.11541,1.00,1.50
2016.05.03 12:25:43.401,1.11526,1.11541,1.00,1.50
2016.05.03 12:25:43.924,1.11527,1.11541,1.00,1.50
2016.05.03 12:25:44.478,1.11526,1.11543,1.50,1.00
2016.05.03 12:25:45.377,1.11527,1.11543,1.00,1.00
2016.05.03 12:25:45.973,1.11526,1.11543,1.50,1.00
2016.05.03 12:25:46.567,1.11526,1.11543,1.50,1.37
2016.05.03 12:25:46.619,1.11526,1.11539,1.00,1.00
2016.05.03 12:25:46.671,1.11526,1.11542,1.00,1.00
2016.05.03 12:25:46.723,1.11523,1.11543,1.87,2.25
2016.05.03 12:25:46.826,1.11526,1.11543,1.00,1.87
2016.05.03 12:25:46.878,1.11523,1.11543,1.87,1.87
2016.05.03 12:25:47.440,1.11521,1.11541,3.75,1.00
2016.05.03 12:25:47.592,1.11522,1.11539,1.87,1.00
2016.05.03 12:25:48.508,1.11522,1.11536,1.12,1.00
2016.05.03 12:25:48.815,1.11507,1.11521,1.00,1.50
2016.05.03 12:25:49.513,1.11507,1.11518,1.00,1.00
2016.05.03 12:25:49.615,1.11507,1.11521,1.00,1.50
2016.05.03 12:25:50.570,1.11507,1.11523,1.00,1.12
2016.05.03 12:25:51.290,1.11506,1.11523,1.00,1.12
2016.05.03 12:25:51.495,1.11506,1.11523,2.25,1.12
2016.05.03 12:25:51.597,1.11506,1.11522,1.00,1.12
2016.05.03 12:25:52.084,1.11507,1.11525,1.50,1.00
2016.05.03 12:25:53.798,1.1151,1.11526,1.00,1.00
2016.05.03 12:25:54.002,1.11511,1.11528,1.25,1.00
2016.05.03 12:25:54.700,1.1151,1.11527,1.12,1.00
2016.05.03 12:25:55.300,1.11509,1.11527,1.69,1.12
2016.05.03 12:25:55.562,1.11508,1.11526,1.87,1.37
2016.05.03 12:25:55.881,1.11509,1.11527,1.19,3.37
2016.05.03 12:25:56.254,1.11507,1.11526,2.44,1.75
2016.05.03 12:25:56.807,1.11507,1.11524,1.00,1.37
2016.05.03 12:25:57.316,1.11507,1.11522,1.00,1.00
2016.05.03 12:25:57.809,1.11505,1.11522,1.00,1.50
2016.05.03 12:25:58.530,1.11506,1.11522,1.00,1.87
2016.05.03 12:25:58.636,1.11504,1.11522,1.25,1.12
2016.05.03 12:25:59.411,1.11507,1.11522,1.00,1.00
2016.05.03 12:25:59.563,1.11507,1.11524,1.00,1.50
2016.05.03 12:26:00.075,1.11507,1.11524,1.00,2.25
2016.05.03 12:26:00.381,1.11507,1.11521,1.19,1.00
2016.05.03 12:26:00.432,1.11505,1.11521,1.25,1.37
2016.05.03 12:26:00.534,1.11501,1.11521,3.94,2.25
2016.05.03 12:26:00.737,1.11501,1.11519,1.69,2.25
2016.05.03 12:26:01.062,1.11506,1.11519,1.00,1.00
2016.05.03 12:26:01.419,1.11502,1.1152,1.69,1.00
2016.05.03 12:26:01.571,1.11502,1.11518,1.69,1.00
2016.05.03 12:26:01.876,1.115,1.11517,1.25,1.87
2016.05.03 12:26:02.025,1.11498,1.11516,1.31,1.75
2016.05.03 12:26:02.279,1.11497,1.11515,1.19,1.12
2016.05.03 12:26:02.432,1.11497,1.11516,1.19,1.75
2016.05.03 12:26:02.483,1.11497,1.11514,1.19,1.00
2016.05.03 12:26:05.735,1.11497,1.11514,1.00,1.00
2016.05.03 12:26:06.420,1.11501,1.11514,1.00,1.00
2016.05.03 12:26:06.574,1.11501,1.11517,1.00,1.87
2016.05.03 12:26:07.084,1.11501,1.11516,1.00,1.00
2016.05.03 12:26:07.331,1.11498,1.11516,2.44,1.00
2016.05.03 12:26:07.836,1.11498,1.11514,1.00,1.00
2016.05.03 12:26:08.362,1.11497,1.11514,1.00,1.50
2016.05.03 12:26:09.340,1.11496,1.11514,1.00,1.50
2016.05.03 12:26:09.791,1.11496,1.11514,1.69,1.50
2016.05.03 12:26:10.114,1.11501,1.11515,1.00,1.00
2016.05.03 12:26:10.633,1.11501,1.11516,1.00,1.12
2016.05.03 12:26:10.887,1.11502,1.11519,1.50,1.12
2016.05.03 12:26:11.343,1.11502,1.11518,1.00,1.37
2016.05.03 12:26:11.648,1.11499,1.11516,1.69,1.75
2016.05.03 12:26:12.766,1.11499,1.11516,1.00,1.75
2016.05.03 12:26:13.122,1.11497,1.11516,1.00,1.87
2016.05.03 12:26:13.325,1.11496,1.11513,1.50,1.37
2016.05.03 12:26:13.859,1.11499,1.11512,1.00,1.00
2016.05.03 12:26:13.961,1.11501,1.11518,1.00,1.75
2016.05.03 12:26:14.063,1.11501,1.11518,1.12,1.00
2016.05.03 12:26:14.571,1.11502,1.11521,1.50,2.25
2016.05.03 12:26:14.723,1.11503,1.11521,1.37,1.50
2016.05.03 12:26:15.459,1.11506,1.11521,1.00,1.12
2016.05.03 12:26:15.561,1.11503,1.11521,1.37,1.12
2016.05.03 12:26:15.764,1.11506,1.11523,1.00,3.00
2016.05.03 12:26:16.019,1.11505,1.11525,1.50,2.25
2016.05.03 12:26:16.070,1.11505,1.11525,1.75,1.87
2016.05.03 12:26:18.261,1.11511,1.11527,1.00,1.12
2016.05.03 12:26:18.464,1.11511,1.11529,1.50,1.50
2016.05.03 12:26:19.259,1.11512,1.11529,1.00,1.50
2016.05.03 12:26:19.412,1.11514,1.11529,1.00,1.00
2016.05.03 12:26:19.564,1.11516,1.11534,1.87,1.50
2016.05.03 12:26:19.615,1.11516,1.11534,1.87,1.12
2016.05.03 12:26:20.846,1.11519,1.11536,1.00,2.25
2016.05.03 12:26:21.354,1.1152,1.11537,1.00,1.00
2016.05.03 12:26:21.817,1.11518,1.11537,1.50,1.50
2016.05.03 12:26:22.486,1.11518,1.11529,1.00,1.00
2016.05.03 12:26:22.789,1.11509,1.11527,3.00,1.00
2016.05.03 12:26:23.296,1.11512,1.11528,1.00,1.12
2016.05.03 12:26:23.803,1.11511,1.11529,1.87,1.37
2016.05.03 12:26:24.320,1.1151,1.11527,1.37,1.00
2016.05.03 12:26:24.779,1.11514,1.11532,2.25,2.62
2016.05.03 12:26:28.159,1.11513,1.11531,2.25,1.00
2016.05.03 12:26:29.485,1.11512,1.11529,1.75,1.00
2016.05.03 12:26:30.686,1.11511,1.1153,3.37,1.00
2016.05.03 12:26:30.839,1.11513,1.11532,2.25,1.00
2016.05.03 12:26:31.211,1.11513,1.1153,1.75,1.00
2016.05.03 12:26:32.215,1.11514,1.11533,1.50,1.87
2016.05.03 12:26:32.570,1.11517,1.11534,1.12,1.37
2016.05.03 12:26:32.621,1.11517,1.11535,1.87,1.00
2016.05.03 12:26:33.066,1.1152,1.11538,1.37,1.50
2016.05.03 12:26:33.117,1.11521,1.1154,1.69,1.00
2016.05.03 12:26:33.168,1.11521,1.1154,1.69,1.00
2016.05.03 12:26:33.677,1.11524,1.11541,1.12,1.00
2016.05.03 12:26:35.594,1.11522,1.11542,2.44,1.00
2016.05.03 12:26:35.899,1.11522,1.11538,1.25,1.00
2016.05.03 12:26:36.384,1.11518,1.11538,1.87,2.62
2016.05.03 12:26:36.436,1.11517,1.11536,1.69,3.00
2016.05.03 12:26:36.794,1.11518,1.11537,1.37,1.50
2016.05.03 12:26:37.335,1.11518,1.11537,1.75,1.00
2016.05.03 12:26:37.680,1.11527,1.11542,1.87,1.37
2016.05.03 12:26:37.731,1.11529,1.11546,1.00,2.81
2016.05.03 12:26:37.834,1.11527,1.11545,1.87,1.31
2016.05.03 12:26:37.936,1.11532,1.11547,1.00,2.25
2016.05.03 12:26:38.089,1.11533,1.11548,1.00,2.25
2016.05.03 12:26:38.191,1.11533,1.11548,1.00,1.50
2016.05.03 12:26:38.394,1.1153,1.11547,1.00,1.37
2016.05.03 12:26:39.314,1.11533,1.11546,1.00,1.75
2016.05.03 12:26:39.365,1.1153,1.11546,1.00,1.75
2016.05.03 12:26:40.623,1.11529,1.11545,1.00,1.12
2016.05.03 12:26:40.724,1.11529,1.11543,1.00,1.50
2016.05.03 12:26:40.826,1.11528,1.11541,1.00,1.00
2016.05.03 12:26:41.239,1.11525,1.11541,1.00,1.00
2016.05.03 12:26:41.391,1.11525,1.11541,1.00,1.37
2016.05.03 12:26:41.645,1.11528,1.1154,1.00,1.00
2016.05.03 12:26:41.696,1.11531,1.11544,1.00,2.44
2016.05.03 12:26:41.747,1.11531,1.11543,1.00,1.00
2016.05.03 12:26:41.849,1.11531,1.11546,1.00,1.25
2016.05.03 12:26:42.002,1.11529,1.11546,1.00,1.25
2016.05.03 12:26:42.197,1.11531,1.11548,1.00,2.44
2016.05.03 12:26:42.611,1.11529,1.11547,1.12,1.50
2016.05.03 12:26:42.713,1.11529,1.11545,1.00,1.12
2016.05.03 12:26:43.627,1.11526,1.11544,1.00,1.37
2016.05.03 12:26:43.729,1.11528,1.11546,1.00,3.75
2016.05.03 12:26:43.982,1.11526,1.11544,1.05,1.50
2016.05.03 12:26:44.034,1.1153,1.11546,1.00,1.75
2016.05.03 12:26:44.352,1.11537,1.11554,1.00,2.25
2016.05.03 12:26:44.403,1.11538,1.11554,1.00,1.37
2016.05.03 12:26:44.657,1.11535,1.11555,1.12,3.75
2016.05.03 12:26:45.065,1.11534,1.11551,1.37,1.00
2016.05.03 12:26:45.576,1.11535,1.11552,1.00,1.12
2016.05.03 12:26:46.635,1.11534,1.11551,1.00,1.50
2016.05.03 12:26:47.141,1.11533,1.1155,1.12,1.12
2016.05.03 12:26:47.345,1.11527,1.11545,1.87,1.00
2016.05.03 12:26:48.556,1.11527,1.11547,1.12,3.19
2016.05.03 12:26:49.067,1.11527,1.11544,1.00,1.37
2016.05.03 12:26:49.595,1.11528,1.11546,1.00,2.06
2016.05.03 12:26:49.697,1.11525,1.11543,1.00,1.25
2016.05.03 12:26:49.748,1.11525,1.11543,1.00,1.62
2016.05.03 12:26:50.569,1.11527,1.1154,1.00,1.00
2016.05.03 12:26:50.990,1.11525,1.1154,1.00,1.00
2016.05.03 12:26:51.529,1.11527,1.1154,1.00,1.00
2016.05.03 12:26:51.633,1.11527,1.11546,1.00,1.31
2016.05.03 12:26:51.736,1.11527,1.11546,1.50,2.06
2016.05.03 12:26:52.244,1.11527,1.11543,1.00,1.00
2016.05.03 12:26:52.789,1.11527,1.11543,1.00,1.37
2016.05.03 12:26:53.598,1.11525,1.11543,1.12,3.00
2016.05.03 12:26:54.192,1.11525,1.11543,1.12,3.00
2016.05.03 12:26:54.446,1.11523,1.11541,1.00,1.37
2016.05.03 12:26:54.982,1.11524,1.11541,1.12,1.00
2016.05.03 12:26:55.174,1.11527,1.11543,1.00,1.50
2016.05.03 12:26:56.148,1.11527,1.11544,1.00,1.50
2016.05.03 12:26:56.665,1.11527,1.11544,1.00,3.00
2016.05.03 12:26:57.198,1.11527,1.11543,1.00,1.00
2016.05.03 12:26:57.723,1.11525,1.11543,1.50,3.00
2016.05.03 12:26:57.775,1.11523,1.11542,1.12,2.25
2016.05.03 12:26:57.877,1.11523,1.11541,1.12,1.87
2016.05.03 12:26:58.390,1.11522,1.11539,1.00,1.00
2016.05.03 12:26:58.820,1.1152,1.11539,1.69,2.06
2016.05.03 12:26:59.801,1.1152,1.11538,1.00,1.69
2016.05.03 12:26:59.985,1.1152,1.11538,1.00,1.12
2016.05.03 12:27:00.139,1.11518,1.11538,1.75,1.50
2016.05.03 12:27:00.648,1.11521,1.11537,1.00,1.50
2016.05.03 12:27:01.199,1.11519,1.11536,1.50,1.37
2016.05.03 12:27:01.936,1.11519,1.11536,1.50,1.12
2016.05.03 12:27:02.479,1.1152,1.11538,1.12,2.62
2016.05.03 12:27:04.369,1.11518,1.11536,2.00,1.00
2016.05.03 12:27:04.908,1.1152,1.11537,1.12,1.12
2016.05.03 12:27:05.247,1.11522,1.11539,1.37,1.31
2016.05.03 12:27:05.954,1.11523,1.11541,1.12,1.69
2016.05.03 12:27:06.318,1.11525,1.11544,1.00,2.44
2016.05.03 12:27:07.753,1.11523,1.11541,1.12,1.00
2016.05.03 12:27:08.261,1.11523,1.1154,1.12,1.12
2016.05.03 12:27:08.913,1.11523,1.1154,1.12,1.56
2016.05.03 12:27:09.718,1.11522,1.1154,1.37,1.56
2016.05.03 12:27:10.991,1.11521,1.11538,2.44,1.00
2016.05.03 12:27:12.159,1.11521,1.11537,1.69,1.00
2016.05.03 12:27:12.726,1.11522,1.11537,1.37,1.56
2016.05.03 12:27:14.644,1.11519,1.11537,2.81,1.56
2016.05.03 12:27:15.195,1.11519,1.11537,2.81,1.31
2016.05.03 12:27:15.297,1.11521,1.11538,1.69,2.25
2016.05.03 12:27:15.524,1.1152,1.11537,1.94,1.00
2016.05.03 12:27:16.047,1.1152,1.11537,1.94,1.56
2016.05.03 12:27:16.347,1.11521,1.11539,1.69,1.00
2016.05.03 12:27:18.915,1.11523,1.11541,1.12,1.87
2016.05.03 12:27:19.016,1.11525,1.11542,1.00,1.87
2016.05.03 12:27:19.236,1.11525,1.11545,2.25,1.87
2016.05.03 12:27:19.287,1.1153,1.11545,1.00,1.37
2016.05.03 12:27:19.389,1.1153,1.11546,1.00,1.00
2016.05.03 12:27:19.491,1.11532,1.11549,1.00,1.75
2016.05.03 12:27:19.593,1.11534,1.11552,1.50,2.25
2016.05.03 12:27:19.695,1.11534,1.11553,3.19,1.00
2016.05.03 12:27:19.747,1.11534,1.11553,4.69,1.50
2016.05.03 12:27:20.001,1.11534,1.11553,1.69,1.87
2016.05.03 12:27:20.153,1.11537,1.11553,1.00,1.37
2016.05.03 12:27:20.255,1.11534,1.11553,1.12,1.37
2016.05.03 12:27:20.801,1.11535,1.11552,1.00,1.12
2016.05.03 12:27:21.409,1.11536,1.11554,1.00,2.25
2016.05.03 12:27:21.951,1.11537,1.11551,1.00,1.00
2016.05.03 12:27:22.103,1.11537,1.11553,1.00,1.12
2016.05.03 12:27:22.306,1.11537,1.11556,1.00,2.62
2016.05.03 12:27:22.830,1.11536,1.11556,1.12,1.87
2016.05.03 12:27:23.854,1.11537,1.11556,1.00,1.87
2016.05.03 12:27:23.977,1.11537,1.11552,1.00,1.00
2016.05.03 12:27:24.282,1.11532,1.11548,1.50,1.00
2016.05.03 12:27:25.395,1.11534,1.11552,1.00,1.75
2016.05.03 12:27:25.562,1.11535,1.11554,1.50,1.50
2016.05.03 12:27:26.267,1.11537,1.11554,1.00,1.50
2016.05.03 12:27:28.295,1.11537,1.11551,1.00,1.00
2016.05.03 12:27:28.702,1.11532,1.11547,1.87,1.00
2016.05.03 12:27:28.753,1.11532,1.11547,1.37,1.00
2016.05.03 12:27:28.804,1.11532,1.11549,1.37,1.50
2016.05.03 12:27:28.856,1.11532,1.11547,1.00,1.00
2016.05.03 12:27:29.363,1.11532,1.11549,1.00,1.75
2016.05.03 12:27:30.671,1.11537,1.11549,1.00,1.75
2016.05.03 12:27:30.723,1.11537,1.11548,1.00,1.00
2016.05.03 12:27:31.369,1.11532,1.11548,1.50,1.00
2016.05.03 12:27:33.745,1.11532,1.11548,1.56,1.00
2016.05.03 12:27:34.276,1.11532,1.11548,1.00,1.00
2016.05.03 12:27:34.722,1.11532,1.1155,1.00,1.00
2016.05.03 12:27:35.280,1.11532,1.1155,1.00,1.50
2016.05.03 12:27:35.900,1.11532,1.11548,1.00,1.00
2016.05.03 12:27:36.484,1.11537,1.11548,1.00,1.00
2016.05.03 12:27:36.990,1.11537,1.11549,1.00,1.12
2016.05.03 12:27:38.585,1.11532,1.11549,1.50,1.12
2016.05.03 12:27:38.789,1.11537,1.11548,1.00,1.00
2016.05.03 12:27:39.963,1.11537,1.11551,1.12,1.00
2016.05.03 12:27:40.494,1.11537,1.11552,1.12,1.00
2016.05.03 12:27:41.877,1.11536,1.11552,1.00,1.37
2016.05.03 12:27:42.403,1.11537,1.11552,1.00,1.00
2016.05.03 12:27:44.051,1.11536,1.11552,1.00,1.00
2016.05.03 12:27:44.943,1.11536,1.1155,1.00,1.00
2016.05.03 12:27:45.247,1.11534,1.11547,1.00,1.00
2016.05.03 12:27:45.298,1.11531,1.11547,1.50,1.00
2016.05.03 12:27:45.825,1.11532,1.11548,1.12,1.00
2016.05.03 12:27:45.876,1.11532,1.11551,2.25,1.12
2016.05.03 12:27:46.403,1.11533,1.11551,1.75,1.00
2016.05.03 12:27:46.786,1.11537,1.11552,1.00,1.50
2016.05.03 12:27:46.990,1.11532,1.11549,1.31,1.00
2016.05.03 12:27:47.042,1.11532,1.11549,1.12,1.00
2016.05.03 12:27:47.246,1.11532,1.11547,1.12,1.00
2016.05.03 12:27:47.748,1.11531,1.11548,1.50,1.00
2016.05.03 12:27:48.641,1.11531,1.11547,1.50,1.00
2016.05.03 12:27:48.896,1.11528,1.11545,1.00,1.50
2016.05.03 12:27:49.404,1.11527,1.11545,1.50,1.50
2016.05.03 12:27:51.232,1.11528,1.11545,1.00,1.50
2016.05.03 12:27:51.385,1.11526,1.11542,2.25,1.00
2016.05.03 12:27:52.637,1.11527,1.11542,1.00,1.00
2016.05.03 12:27:52.992,1.11526,1.1154,1.50,1.00
2016.05.03 12:27:53.347,1.11526,1.11542,1.50,1.00
2016.05.03 12:27:53.449,1.11527,1.11544,1.00,1.00
2016.05.03 12:27:53.996,1.11526,1.11542,1.12,1.00
2016.05.03 12:27:54.300,1.11527,1.11538,1.00,1.00
2016.05.03 12:27:54.352,1.11522,1.11538,1.00,1.00
2016.05.03 12:27:54.403,1.11522,1.11535,1.00,1.00
2016.05.03 12:27:54.541,1.1152,1.11535,1.00,1.00
2016.05.03 12:27:54.598,1.11517,1.11535,1.50,1.00
2016.05.03 12:27:54.904,1.11516,1.11532,1.31,1.00
2016.05.03 12:27:55.261,1.11521,1.11532,1.00,1.00
2016.05.03 12:27:55.857,1.11517,1.11532,1.69,1.00
2016.05.03 12:27:57.307,1.11522,1.11532,1.00,1.00
2016.05.03 12:27:57.544,1.11516,1.11532,1.94,1.00
2016.05.03 12:27:58.910,1.11514,1.11531,1.87,1.00
2016.05.03 12:27:59.114,1.11516,1.11531,1.00,1.00
2016.05.03 12:27:59.294,1.11514,1.11531,1.50,1.00
2016.05.03 12:28:00.256,1.11517,1.11531,1.00,1.00
2016.05.03 12:28:00.308,1.11517,1.11533,1.00,1.50
2016.05.03 12:28:00.977,1.11516,1.11533,1.25,1.50
2016.05.03 12:28:01.230,1.1152,1.11536,1.50,1.50
2016.05.03 12:28:01.404,1.11523,1.11541,1.12,1.37
2016.05.03 12:28:01.609,1.11524,1.11544,1.37,1.50
2016.05.03 12:28:01.712,1.11524,1.11543,2.25,1.00
2016.05.03 12:28:01.967,1.11524,1.11541,2.25,1.00
2016.05.03 12:28:02.256,1.11527,1.11546,1.50,3.00
2016.05.03 12:28:02.308,1.11529,1.11546,1.00,1.75
2016.05.03 12:28:02.488,1.11529,1.11547,1.75,1.00
2016.05.03 12:28:02.590,1.11528,1.11545,1.75,1.00
2016.05.03 12:28:03.609,1.11528,1.11545,1.00,1.00
2016.05.03 12:28:04.680,1.11529,1.11546,1.00,1.00
2016.05.03 12:28:05.000,1.11527,1.11546,4.12,1.50
2016.05.03 12:28:05.512,1.11528,1.11545,1.00,1.00
2016.05.03 12:28:05.974,1.11531,1.11546,1.00,1.00
2016.05.03 12:28:06.229,1.11532,1.1155,1.37,1.87
2016.05.03 12:28:06.773,1.11533,1.1155,1.00,1.00
2016.05.03 12:28:08.341,1.11533,1.1155,1.37,1.00
2016.05.03 12:28:08.748,1.11533,1.11547,1.12,1.00
2016.05.03 12:28:09.210,1.11531,1.11547,1.12,1.12
2016.05.03 12:28:09.363,1.11533,1.1155,1.12,1.75
2016.05.03 12:28:09.515,1.11532,1.11549,1.12,1.00
2016.05.03 12:28:10.174,1.11531,1.11548,2.25,1.00
2016.05.03 12:28:10.328,1.11532,1.1155,1.12,1.12
2016.05.03 12:28:10.583,1.11537,1.1155,1.00,1.00
2016.05.03 12:28:11.170,1.11537,1.11552,1.00,1.50
2016.05.03 12:28:12.460,1.11537,1.11554,1.00,2.25
2016.05.03 12:28:13.006,1.11537,1.11554,1.00,2.25
2016.05.03 12:28:13.528,1.11537,1.11554,1.00,2.62
2016.05.03 12:28:14.452,1.11538,1.11555,1.00,1.87
2016.05.03 12:28:14.606,1.1154,1.11555,1.00,1.00
2016.05.03 12:28:15.220,1.11542,1.11555,1.00,1.00
2016.05.03 12:28:16.175,1.1154,1.11555,1.00,1.00
2016.05.03 12:28:16.990,1.11541,1.11555,1.00,1.00
2016.05.03 12:28:17.092,1.11539,1.11555,1.00,1.00
2016.05.03 12:28:17.143,1.11537,1.11555,1.50,1.50
2016.05.03 12:28:17.789,1.11536,1.11555,1.50,1.50
2016.05.03 12:28:19.195,1.11536,1.11554,1.50,1.12
2016.05.03 12:28:19.702,1.11536,1.11553,1.00,1.00
2016.05.03 12:28:19.753,1.11533,1.11551,1.12,1.12
2016.05.03 12:28:19.805,1.11533,1.11551,1.37,1.12
2016.05.03 12:28:19.925,1.11532,1.11552,2.44,2.25
2016.05.03 12:28:20.482,1.11532,1.11552,2.06,1.87
2016.05.03 12:28:23.059,1.11531,1.11547,1.87,1.00
2016.05.03 12:28:23.573,1.11531,1.11547,1.75,1.00
2016.05.03 12:28:24.076,1.11532,1.11548,1.50,1.00
2016.05.03 12:28:24.630,1.11532,1.11549,1.12,1.12
2016.05.03 12:28:27.525,1.11537,1.11551,1.00,1.75
2016.05.03 12:28:27.627,1.11534,1.11551,1.00,1.75
2016.05.03 12:28:27.729,1.11536,1.11551,1.00,1.75
2016.05.03 12:28:28.239,1.11535,1.11551,1.00,1.87
2016.05.03 12:28:28.341,1.11531,1.11549,1.50,1.12
2016.05.03 12:28:28.494,1.11531,1.11549,1.00,1.75
2016.05.03 12:28:29.717,1.11532,1.11549,1.00,2.25
2016.05.03 12:28:30.702,1.11532,1.11549,1.00,1.50
2016.05.03 12:28:31.925,1.11532,1.11548,1.00,1.00
2016.05.03 12:28:32.560,1.11532,1.11549,1.00,1.00
2016.05.03 12:28:33.154,1.11536,1.11549,1.00,1.00
2016.05.03 12:28:33.206,1.11537,1.11552,1.00,1.00
2016.05.03 12:28:33.409,1.11538,1.11556,1.00,1.50
2016.05.03 12:28:33.511,1.11536,1.11555,1.50,1.12
2016.05.03 12:28:34.339,1.11537,1.11555,1.00,1.12
2016.05.03 12:28:35.598,1.11536,1.11555,1.87,1.12
2016.05.03 12:28:36.105,1.11537,1.11557,1.50,2.25
2016.05.03 12:28:37.418,1.11537,1.11557,1.75,1.00
2016.05.03 12:28:37.722,1.11541,1.11557,1.00,1.00
2016.05.03 12:28:37.824,1.11541,1.11559,1.00,1.00
2016.05.03 12:28:39.488,1.11541,1.11557,1.12,1.50
2016.05.03 12:28:39.804,1.11538,1.11549,1.00,1.50
2016.05.03 12:28:39.957,1.11534,1.11551,1.00,1.75
2016.05.03 12:28:40.162,1.1153,1.11549,1.50,1.37
2016.05.03 12:28:40.396,1.11533,1.11551,1.00,1.12
2016.05.03 12:28:40.904,1.11533,1.11552,1.50,1.50
2016.05.03 12:28:41.719,1.11533,1.1155,1.50,1.00
2016.05.03 12:28:41.770,1.11533,1.11552,1.50,2.25
2016.05.03 12:28:41.974,1.11533,1.1155,1.00,1.00
2016.05.03 12:28:42.279,1.11536,1.11553,1.00,1.00
2016.05.03 12:28:42.865,1.11536,1.11555,1.50,3.00
2016.05.03 12:28:43.456,1.11537,1.11555,1.00,3.00
2016.05.03 12:28:43.708,1.11536,1.11553,1.12,1.00
2016.05.03 12:28:44.213,1.11537,1.11553,1.00,1.00
2016.05.03 12:28:44.417,1.11539,1.11557,1.00,3.00
2016.05.03 12:28:44.773,1.11541,1.1156,1.00,2.25
2016.05.03 12:28:45.334,1.11542,1.11561,1.00,1.87
2016.05.03 12:28:45.748,1.11544,1.11561,1.00,1.12
2016.05.03 12:28:45.850,1.11544,1.11562,2.25,1.37
2016.05.03 12:28:45.952,1.11544,1.11563,1.87,1.00
2016.05.03 12:28:46.004,1.11547,1.11563,1.00,1.00
2016.05.03 12:28:46.209,1.11547,1.11567,1.75,1.50
2016.05.03 12:28:48.349,1.11552,1.11569,1.00,1.50
2016.05.03 12:28:48.690,1.11564,1.11581,1.00,2.25
2016.05.03 12:28:48.741,1.11562,1.11579,1.12,1.00
2016.05.03 12:28:48.947,1.11559,1.11577,1.37,1.12
2016.05.03 12:28:49.253,1.11555,1.11571,1.00,1.00
2016.05.03 12:28:49.747,1.11555,1.11569,1.00,1.00
2016.05.03 12:28:49.849,1.11552,1.11569,2.62,1.00
2016.05.03 12:28:50.660,1.11551,1.11568,2.62,1.00
2016.05.03 12:28:51.631,1.11553,1.1157,1.00,1.12
2016.05.03 12:28:51.734,1.11553,1.11572,1.87,1.87
2016.05.03 12:28:53.771,1.11552,1.1157,2.25,1.00
2016.05.03 12:28:53.976,1.11551,1.11568,1.00,1.00
2016.05.03 12:28:54.028,1.11551,1.11566,1.00,1.00
2016.05.03 12:28:54.479,1.11552,1.11569,2.62,1.00
2016.05.03 12:28:54.784,1.11555,1.11569,1.12,1.00
2016.05.03 12:28:54.886,1.11554,1.11569,1.50,1.00
2016.05.03 12:28:55.090,1.11554,1.11573,1.50,1.87
2016.05.03 12:28:55.610,1.11553,1.11572,1.87,1.00
2016.05.03 12:28:56.968,1.11554,1.11573,1.50,1.87
2016.05.03 12:28:58.390,1.11552,1.11572,2.62,3.00
2016.05.03 12:28:58.441,1.11551,1.1157,2.62,1.00
2016.05.03 12:28:58.594,1.11552,1.1157,1.00,1.87
2016.05.03 12:28:58.848,1.11551,1.11568,1.12,1.00
2016.05.03 12:28:59.051,1.11551,1.1157,1.87,2.25
2016.05.03 12:28:59.204,1.11549,1.11566,1.75,1.00
2016.05.03 12:28:59.307,1.1155,1.11568,1.50,1.00
2016.05.03 12:28:59.501,1.11549,1.11569,1.00,3.00
2016.05.03 12:28:59.603,1.11549,1.11569,1.37,3.37
2016.05.03 12:28:59.654,1.11549,1.11569,1.37,4.12
2016.05.03 12:29:00.138,1.11553,1.11569,1.00,1.87
2016.05.03 12:29:00.464,1.11554,1.11571,1.50,1.12
2016.05.03 12:29:00.566,1.11552,1.1157,2.25,1.37
2016.05.03 12:29:00.770,1.11551,1.11568,1.12,1.12
2016.05.03 12:29:00.873,1.11552,1.1157,1.00,1.50
2016.05.03 12:29:01.265,1.11556,1.11572,1.00,1.87
2016.05.03 12:29:01.317,1.11556,1.11572,1.37,1.00
2016.05.03 12:29:01.538,1.11554,1.11572,1.12,2.62
2016.05.03 12:29:02.277,1.11552,1.11571,1.75,2.25
2016.05.03 12:29:02.624,1.1155,1.11564,1.75,1.00
2016.05.03 12:29:02.675,1.11549,1.11564,2.25,1.00
2016.05.03 12:29:02.778,1.11549,1.11568,1.50,1.87
2016.05.03 12:29:03.405,1.11551,1.11568,1.12,1.12
2016.05.03 12:29:03.506,1.11551,1.11568,1.12,1.00
2016.05.03 12:29:04.027,1.11552,1.11569,1.50,1.00
2016.05.03 12:29:04.557,1.11552,1.11568,1.50,1.00
2016.05.03 12:29:05.205,1.11552,1.11569,1.00,1.00
2016.05.03 12:29:05.753,1.11552,1.1157,1.00,1.87
2016.05.03 12:29:06.514,1.11552,1.11571,1.50,1.87
2016.05.03 12:29:06.920,1.11552,1.11565,1.00,1.00
2016.05.03 12:29:06.971,1.11552,1.11569,1.00,1.00
2016.05.03 12:29:07.023,1.11552,1.11566,1.00,1.12
2016.05.03 12:29:07.298,1.11543,1.11562,1.75,1.00
2016.05.03 12:29:07.349,1.11543,1.1156,1.75,1.00
2016.05.03 12:29:07.453,1.11543,1.1156,1.00,1.87
2016.05.03 12:29:07.506,1.11543,1.1156,1.00,1.50
2016.05.03 12:29:07.762,1.11543,1.1156,1.00,1.00
2016.05.03 12:29:09.048,1.11543,1.11563,1.00,1.94
2016.05.03 12:29:09.150,1.11541,1.11559,2.62,1.00
2016.05.03 12:29:09.689,1.11543,1.1156,1.00,1.00
2016.05.03 12:29:10.224,1.11543,1.11563,1.00,4.31
2016.05.03 12:29:10.955,1.11543,1.1156,1.00,1.00
2016.05.03 12:29:11.978,1.11543,1.11563,1.00,2.44
2016.05.03 12:29:12.527,1.11542,1.11561,1.12,1.12
2016.05.03 12:29:12.834,1.11538,1.11556,1.87,1.00
2016.05.03 12:29:12.936,1.11537,1.11556,2.25,1.00
2016.05.03 12:29:14.394,1.11539,1.11557,1.00,1.50
2016.05.03 12:29:14.766,1.1154,1.11557,1.12,1.00
2016.05.03 12:29:14.868,1.1154,1.11557,1.00,1.00
2016.05.03 12:29:14.919,1.11539,1.11557,4.12,1.00
2016.05.03 12:29:15.325,1.11545,1.1156,1.00,1.00
2016.05.03 12:29:15.427,1.11544,1.1156,1.37,1.00
2016.05.03 12:29:15.580,1.11544,1.1156,1.00,1.00
2016.05.03 12:29:16.398,1.11544,1.11558,1.00,1.00
2016.05.03 12:29:16.703,1.11544,1.11556,1.00,1.00
2016.05.03 12:29:16.805,1.11541,1.11556,1.00,1.00
2016.05.03 12:29:17.294,1.11537,1.11556,1.50,1.50
2016.05.03 12:29:17.497,1.11541,1.11556,1.00,1.00
2016.05.03 12:29:18.002,1.11542,1.11556,1.00,1.00
2016.05.03 12:29:18.107,1.11539,1.11556,1.00,1.00
2016.05.03 12:29:18.311,1.11542,1.11557,1.37,1.00
2016.05.03 12:29:18.617,1.11542,1.11557,1.12,1.00
2016.05.03 12:29:19.106,1.1154,1.11556,1.01,1.00
2016.05.03 12:29:19.723,1.1154,1.11554,1.00,1.00
2016.05.03 12:29:19.882,1.1154,1.11556,1.00,1.00
2016.05.03 12:29:20.735,1.1154,1.11553,1.00,1.00
2016.05.03 12:29:20.889,1.11536,1.11553,2.51,1.00
2016.05.03 12:29:21.351,1.11537,1.11553,4.57,1.00
2016.05.03 12:29:21.403,1.11537,1.11555,6.07,1.12
2016.05.03 12:29:22.768,1.11537,1.11554,1.64,1.50
2016.05.03 12:29:22.871,1.11537,1.11552,1.00,1.00
2016.05.03 12:29:23.377,1.11535,1.11552,1.76,1.50
2016.05.03 12:29:23.947,1.11536,1.11553,1.12,1.12
2016.05.03 12:29:24.252,1.11536,1.11554,2.25,1.50
2016.05.03 12:29:24.772,1.11536,1.11553,1.75,1.00
2016.05.03 12:29:25.325,1.11538,1.11554,1.25,1.50
2016.05.03 12:29:25.681,1.11536,1.11554,1.75,2.25
2016.05.03 12:29:25.833,1.11534,1.11554,1.50,3.37
2016.05.03 12:29:26.046,1.11532,1.11547,2.62,1.50
2016.05.03 12:29:26.098,1.11531,1.11545,1.00,1.12
2016.05.03 12:29:26.302,1.11528,1.11547,1.87,1.50
2016.05.03 12:29:26.354,1.11531,1.11548,1.00,2.62
2016.05.03 12:29:26.660,1.11532,1.1155,2.25,1.00
2016.05.03 12:29:27.184,1.11534,1.11551,1.50,1.00
2016.05.03 12:29:28.412,1.11535,1.11554,1.12,2.25
2016.05.03 12:29:28.514,1.11537,1.11554,1.00,1.00
2016.05.03 12:29:28.616,1.11535,1.11553,1.87,1.00
2016.05.03 12:29:28.718,1.11534,1.11551,2.25,1.00
2016.05.03 12:29:28.871,1.11535,1.11553,1.87,1.00
2016.05.03 12:29:28.922,1.11537,1.11553,1.00,1.00
2016.05.03 12:29:28.974,1.11535,1.11553,1.87,1.00
2016.05.03 12:29:29.830,1.11537,1.11554,1.00,1.00
2016.05.03 12:29:30.187,1.11534,1.11554,2.44,1.00
2016.05.03 12:29:30.494,1.11537,1.11557,1.50,2.62
2016.05.03 12:29:30.834,1.1154,1.11557,2.25,1.00
2016.05.03 12:29:30.885,1.1154,1.1156,2.25,1.50
2016.05.03 12:29:31.039,1.11541,1.1156,1.87,1.00
2016.05.03 12:29:31.598,1.11546,1.1156,1.00,1.00
2016.05.03 12:29:32.741,1.11541,1.1156,2.62,1.00
2016.05.03 12:29:33.034,1.11545,1.11562,1.12,1.00
2016.05.03 12:29:33.136,1.11547,1.11562,1.00,1.00
2016.05.03 12:29:33.706,1.11545,1.11562,1.12,1.00
2016.05.03 12:29:34.842,1.11542,1.11562,3.00,1.87
2016.05.03 12:29:34.893,1.11542,1.11562,3.00,2.25
2016.05.03 12:29:35.452,1.11544,1.11562,1.00,1.75
2016.05.03 12:29:36.366,1.11544,1.11562,1.09,1.75
2016.05.03 12:29:37.014,1.11547,1.11563,1.00,1.75
2016.05.03 12:29:37.116,1.11544,1.11563,1.22,1.75
2016.05.03 12:29:37.624,1.11544,1.11563,1.00,1.75
2016.05.03 12:29:38.293,1.11543,1.11561,1.97,1.50
2016.05.03 12:29:40.660,1.11546,1.11563,1.00,2.25
2016.05.03 12:29:41.536,1.11546,1.11559,1.00,1.00
2016.05.03 12:29:41.638,1.11542,1.1156,1.50,1.12
2016.05.03 12:29:42.315,1.11543,1.11562,1.22,2.25
2016.05.03 12:29:43.269,1.11547,1.11563,1.00,1.87
2016.05.03 12:29:44.285,1.11544,1.11564,1.09,3.00
2016.05.03 12:29:44.566,1.11547,1.11564,1.00,2.25
2016.05.03 12:29:45.069,1.11543,1.1156,1.50,1.87
2016.05.03 12:29:45.171,1.11545,1.11561,1.00,1.50
2016.05.03 12:29:45.374,1.11545,1.11562,1.00,1.00
2016.05.03 12:29:53.105,1.11546,1.11562,1.00,1.00
2016.05.03 12:29:53.208,1.11549,1.11563,1.00,1.00
2016.05.03 12:29:53.447,1.11549,1.11567,1.00,2.25
2016.05.03 12:29:53.498,1.1155,1.11567,1.75,1.87
2016.05.03 12:29:53.895,1.11554,1.11569,1.00,2.62
2016.05.03 12:29:54.403,1.11551,1.11568,1.87,1.00
2016.05.03 12:29:54.740,1.11551,1.11566,1.12,1.00
2016.05.03 12:29:55.569,1.11551,1.11564,1.87,1.00
2016.05.03 12:29:55.722,1.11546,1.11564,1.12,1.37
2016.05.03 12:29:55.894,1.11545,1.11564,1.50,1.50
2016.05.03 12:29:55.945,1.11547,1.11564,1.12,1.12
2016.05.03 12:29:55.996,1.11547,1.11566,1.50,1.00
2016.05.03 12:29:56.098,1.11547,1.11564,1.50,1.00
2016.05.03 12:29:56.556,1.11547,1.11564,1.94,1.00
2016.05.03 12:29:56.609,1.11547,1.11566,2.81,1.00
2016.05.03 12:29:57.569,1.11548,1.11568,2.00,1.87
2016.05.03 12:29:58.078,1.11548,1.11568,2.44,1.87
2016.05.03 12:29:59.530,1.11548,1.11568,1.75,1.87
2016.05.03 12:30:00.006,1.11548,1.11565,1.75,1.00
2016.05.03 12:30:00.587,1.11548,1.11567,2.25,1.00
2016.05.03 12:30:01.750,1.11547,1.11566,4.87,1.00
2016.05.03 12:30:01.853,1.11549,1.11567,1.12,2.25
2016.05.03 12:30:02.352,1.11547,1.11564,3.37,1.00
2016.05.03 12:30:02.506,1.11551,1.11567,1.00,1.37
2016.05.03 12:30:02.557,1.11551,1.11568,1.50,1.12
2016.05.03 12:30:02.608,1.11551,1.11568,2.25,1.00
2016.05.03 12:30:05.628,1.11553,1.1157,1.12,1.12
2016.05.03 12:30:06.144,1.11551,1.11569,1.75,1.00
2016.05.03 12:30:06.457,1.11549,1.11569,1.87,1.12
2016.05.03 12:30:06.711,1.11548,1.11564,1.50,1.00
2016.05.03 12:30:06.864,1.11547,1.11564,2.81,1.00
2016.05.03 12:30:06.966,1.11549,1.11566,1.00,1.00
2016.05.03 12:30:07.018,1.11549,1.11568,1.37,3.37
2016.05.03 12:30:07.162,1.11552,1.11568,1.00,1.87
2016.05.03 12:30:07.683,1.11551,1.1157,1.50,1.50
2016.05.03 12:30:09.838,1.1155,1.11565,1.12,1.00
2016.05.03 12:30:10.093,1.11546,1.11562,1.12,1.00
2016.05.03 12:30:10.634,1.11544,1.11561,1.69,1.00
2016.05.03 12:30:11.840,1.11543,1.11561,1.87,1.00
2016.05.03 12:30:12.392,1.11543,1.11561,1.50,1.00
2016.05.03 12:30:12.494,1.11545,1.11562,1.00,1.50
2016.05.03 12:30:13.003,1.11547,1.11564,1.00,1.12
2016.05.03 12:30:13.307,1.11547,1.11564,1.50,1.00
2016.05.03 12:30:13.845,1.11547,1.11565,1.50,1.00
2016.05.03 12:30:14.361,1.11548,1.11567,1.50,1.37
2016.05.03 12:30:16.445,1.11549,1.11566,1.37,1.00
2016.05.03 12:30:16.699,1.11549,1.11568,1.75,1.00
2016.05.03 12:30:17.249,1.11549,1.11569,2.25,1.12
2016.05.03 12:30:18.587,1.11548,1.11567,2.25,1.00
2016.05.03 12:30:19.786,1.1155,1.11568,1.50,1.00
2016.05.03 12:30:19.992,1.11551,1.1157,1.12,1.12
2016.05.03 12:30:20.045,1.11552,1.1157,1.37,1.00
2016.05.03 12:30:20.552,1.11554,1.11571,1.00,1.12
2016.05.03 12:30:21.314,1.11554,1.11568,1.00,1.00
2016.05.03 12:30:21.518,1.11549,1.11567,2.25,1.00
2016.05.03 12:30:21.569,1.11549,1.11565,1.75,1.00
2016.05.03 12:30:21.877,1.11547,1.11563,2.25,1.00
2016.05.03 12:30:21.928,1.11547,1.11565,1.50,1.00
2016.05.03 12:30:22.473,1.11547,1.11564,1.50,1.00
2016.05.03 12:30:23.063,1.11547,1.11564,1.12,1.37
2016.05.03 12:30:23.608,1.11545,1.11562,1.75,1.00
2016.05.03 12:30:23.711,1.11545,1.11564,1.75,1.00
2016.05.03 12:30:26.165,1.11546,1.11563,1.75,1.00
2016.05.03 12:30:26.695,1.11544,1.11564,2.62,1.50
2016.05.03 12:30:28.191,1.11549,1.11566,1.50,1.00
2016.05.03 12:30:28.376,1.11552,1.11569,1.50,1.00
2016.05.03 12:30:28.782,1.11551,1.11569,1.87,1.00
2016.05.03 12:30:28.833,1.11552,1.11571,1.75,1.00
2016.05.03 12:30:29.377,1.11552,1.1157,2.25,1.00
2016.05.03 12:30:30.763,1.11553,1.11568,1.75,1.00
2016.05.03 12:30:31.068,1.11554,1.11571,1.50,1.00
2016.05.03 12:30:32.071,1.11552,1.1157,1.87,1.00
2016.05.03 12:30:32.123,1.11552,1.11566,1.12,1.00
2016.05.03 12:30:32.174,1.1155,1.11566,1.12,1.00
2016.05.03 12:30:32.479,1.11548,1.11564,1.50,1.00
2016.05.03 12:30:32.937,1.11548,1.11566,1.50,1.00
2016.05.03 12:30:33.140,1.11552,1.11566,1.00,1.00
2016.05.03 12:30:33.241,1.11548,1.11566,1.50,1.00
2016.05.03 12:30:33.756,1.11551,1.11566,1.00,1.00
2016.05.03 12:30:33.910,1.11547,1.11565,1.12,1.00
2016.05.03 12:30:34.468,1.11547,1.11566,1.87,1.12
2016.05.03 12:30:35.854,1.11546,1.11564,1.87,1.50
2016.05.03 12:30:36.159,1.11545,1.11562,2.25,1.00
2016.05.03 12:30:37.671,1.11547,1.11561,1.00,1.00
2016.05.03 12:30:38.689,1.11544,1.11561,1.50,1.00
2016.05.03 12:30:38.993,1.11542,1.11559,1.00,1.00
2016.05.03 12:30:39.328,1.11541,1.11556,1.69,1.00
2016.05.03 12:30:40.420,1.11541,1.11556,2.06,1.00
2016.05.03 12:30:41.194,1.11545,1.11559,1.19,1.00
2016.05.03 12:30:41.296,1.11545,1.11561,1.19,1.00
2016.05.03 12:30:41.825,1.11544,1.11561,1.12,1.00
2016.05.03 12:30:46.281,1.11547,1.11562,1.12,1.00
2016.05.03 12:30:47.033,1.11545,1.11564,1.62,1.00
2016.05.03 12:30:47.670,1.11547,1.11567,1.12,1.50
2016.05.03 12:30:47.721,1.11547,1.11567,1.75,1.12
2016.05.03 12:30:48.330,1.1155,1.11567,1.31,1.12
2016.05.03 12:30:49.209,1.11548,1.11567,1.69,1.12
2016.05.03 12:30:49.513,1.11546,1.11565,1.69,1.12
2016.05.03 12:30:49.854,1.11545,1.11563,2.06,1.12
2016.05.03 12:30:50.160,1.11547,1.11565,2.44,1.00
2016.05.03 12:30:51.408,1.1155,1.11565,1.31,1.00
2016.05.03 12:30:52.724,1.1155,1.11568,1.94,1.00
2016.05.03 12:30:52.876,1.11552,1.11568,1.31,1.00
2016.05.03 12:30:53.438,1.11552,1.1157,1.31,1.50
2016.05.03 12:30:53.978,1.11551,1.11567,1.75,1.00
2016.05.03 12:30:58.587,1.11557,1.1157,1.00,1.00
2016.05.03 12:30:58.797,1.11561,1.11575,1.00,1.00
2016.05.03 12:30:58.950,1.11561,1.11576,1.87,1.00
2016.05.03 12:30:59.254,1.11561,1.11576,1.19,1.00
2016.05.03 12:30:59.660,1.11559,1.11576,1.69,1.00
2016.05.03 12:31:00.382,1.11562,1.11576,1.00,1.00
2016.05.03 12:31:00.687,1.11559,1.11574,1.50,1.00
2016.05.03 12:31:00.840,1.11559,1.11571,1.00,1.00
2016.05.03 12:31:01.038,1.11557,1.11571,1.25,1.00
2016.05.03 12:31:01.585,1.11556,1.11571,1.50,1.00
2016.05.03 12:31:01.636,1.11556,1.11573,1.50,1.00
2016.05.03 12:31:01.889,1.11557,1.11574,1.19,1.00
2016.05.03 12:31:02.450,1.11557,1.11574,2.44,1.00
2016.05.03 12:31:02.603,1.11557,1.11577,2.81,1.12
2016.05.03 12:31:02.654,1.11559,1.11575,2.44,1.00
2016.05.03 12:31:02.756,1.11559,1.11577,2.44,1.12
2016.05.03 12:31:03.294,1.11559,1.11577,1.69,1.12
2016.05.03 12:31:04.743,1.11558,1.11574,2.00,1.00
2016.05.03 12:31:05.662,1.11558,1.11571,2.44,1.00
2016.05.03 12:31:05.937,1.11553,1.11568,1.19,1.00
2016.05.03 12:31:06.039,1.11556,1.11568,1.00,1.00
2016.05.03 12:31:06.090,1.11553,1.1157,1.19,1.50
2016.05.03 12:31:06.192,1.11554,1.1157,1.31,1.50
2016.05.03 12:31:06.699,1.11556,1.1157,1.31,1.00
2016.05.03 12:31:07.430,1.11555,1.11569,1.62,1.00
2016.05.03 12:31:07.582,1.11552,1.11569,1.00,1.00
2016.05.03 12:31:07.685,1.11552,1.11567,1.00,1.00
2016.05.03 12:31:08.994,1.11551,1.11567,2.06,1.00
2016.05.03 12:31:10.596,1.11551,1.11569,1.31,1.00
2016.05.03 12:31:10.698,1.11551,1.11566,2.81,1.00
2016.05.03 12:31:12.714,1.11549,1.11561,3.56,1.00
2016.05.03 12:31:12.867,1.11548,1.1156,1.12,1.00
2016.05.03 12:31:12.918,1.11551,1.1156,1.00,1.00
2016.05.03 12:31:13.020,1.11547,1.1156,1.62,1.00
2016.05.03 12:31:14.089,1.11546,1.1156,1.19,1.00
2016.05.03 12:31:17.127,1.11546,1.1156,1.00,1.00
2016.05.03 12:31:17.178,1.11546,1.11558,1.00,1.00
2016.05.03 12:31:17.331,1.11541,1.11558,4.12,1.00
2016.05.03 12:31:17.837,1.11541,1.11557,1.37,1.00
2016.05.03 12:31:18.000,1.11542,1.11561,1.50,1.50
2016.05.03 12:31:18.101,1.11546,1.11561,1.00,1.50
2016.05.03 12:31:18.204,1.11546,1.11561,1.12,1.00
2016.05.03 12:31:18.356,1.11546,1.11563,1.12,1.00
2016.05.03 12:31:21.926,1.11545,1.1156,1.37,1.00
2016.05.03 12:31:22.078,1.11543,1.11559,1.87,1.00
2016.05.03 12:31:22.283,1.11541,1.11556,1.12,1.00
2016.05.03 12:31:29.596,1.11539,1.11554,1.50,1.00
2016.05.03 12:31:31.002,1.11539,1.11555,2.06,1.00
2016.05.03 12:31:31.307,1.1154,1.11555,1.75,1.00
2016.05.03 12:31:32.842,1.11546,1.11561,1.00,1.87
2016.05.03 12:31:33.031,1.11548,1.11563,1.00,1.00
2016.05.03 12:31:33.336,1.11548,1.11563,1.31,1.00
2016.05.03 12:31:34.394,1.11548,1.11566,2.00,1.00
2016.05.03 12:31:35.155,1.11552,1.11568,1.12,1.00
2016.05.03 12:31:36.177,1.11551,1.11563,1.50,1.00
2016.05.03 12:31:36.279,1.11549,1.11565,2.00,1.00
2016.05.03 12:31:36.876,1.11551,1.11567,1.50,1.00
2016.05.03 12:31:37.466,1.11551,1.11565,1.50,1.00
2016.05.03 12:31:37.669,1.11546,1.1156,1.12,1.00
2016.05.03 12:31:37.916,1.11547,1.11562,1.00,1.00
2016.05.03 12:31:38.170,1.11549,1.11563,1.00,1.00
2016.05.03 12:31:38.221,1.11549,1.11565,1.00,1.12
2016.05.03 12:31:38.728,1.11549,1.11565,1.87,1.00
2016.05.03 12:31:39.047,1.11549,1.11563,1.37,1.00
2016.05.03 12:31:41.884,1.11548,1.11563,1.62,1.00
2016.05.03 12:31:42.426,1.11547,1.11563,1.69,1.00
2016.05.03 12:31:42.829,1.11547,1.1156,2.25,1.00
2016.05.03 12:31:42.983,1.11544,1.1156,1.50,1.00
2016.05.03 12:31:43.034,1.11544,1.11558,1.50,1.00
2016.05.03 12:31:43.135,1.11543,1.11558,1.12,1.00
2016.05.03 12:31:43.187,1.11542,1.11556,1.00,1.00
2016.05.03 12:31:43.644,1.11539,1.11556,1.50,1.00
2016.05.03 12:31:44.256,1.11542,1.11556,1.00,1.00
2016.05.03 12:31:44.358,1.11539,1.11554,1.12,1.00
2016.05.03 12:31:44.460,1.11539,1.11556,1.12,1.00
2016.05.03 12:31:44.968,1.11539,1.11556,1.50,1.00
2016.05.03 12:31:45.480,1.11539,1.11556,1.50,1.00
2016.05.03 12:31:46.236,1.11538,1.11553,1.50,1.00
2016.05.03 12:31:46.389,1.11537,1.11553,1.12,1.00
2016.05.03 12:31:46.910,1.11537,1.11553,1.00,1.37
2016.05.03 12:31:48.499,1.11537,1.11553,1.37,1.37
2016.05.03 12:31:48.704,1.1154,1.11556,1.00,1.87
2016.05.03 12:31:48.755,1.1154,1.11554,1.00,1.00
2016.05.03 12:31:48.945,1.11537,1.11555,2.72,1.37
2016.05.03 12:31:49.452,1.11537,1.11555,1.12,1.37
2016.05.03 12:31:51.236,1.11536,1.11551,1.37,1.00
2016.05.03 12:31:52.195,1.11535,1.11552,2.25,1.00
2016.05.03 12:31:52.499,1.11534,1.1155,1.75,1.00
2016.05.03 12:31:53.453,1.11533,1.1155,1.00,1.00
2016.05.03 12:31:53.960,1.11532,1.11549,1.50,1.00
2016.05.03 12:31:54.112,1.11532,1.11546,1.50,1.00
2016.05.03 12:31:54.354,1.11528,1.11545,1.50,1.00
2016.05.03 12:31:55.064,1.11531,1.11545,1.00,1.00
2016.05.03 12:31:55.388,1.11527,1.11545,3.00,1.00
2016.05.03 12:31:55.652,1.11526,1.11542,1.12,1.00
2016.05.03 12:31:56.059,1.11522,1.11539,1.87,1.00
2016.05.03 12:31:56.161,1.11521,1.11537,1.50,1.00
2016.05.03 12:31:57.904,1.11518,1.11536,2.06,1.12
2016.05.03 12:31:57.955,1.11517,1.11535,1.75,1.00
2016.05.03 12:31:58.108,1.11517,1.11533,1.75,1.00
2016.05.03 12:31:58.160,1.11517,1.11533,1.50,1.50
2016.05.03 12:31:58.262,1.11516,1.1153,2.25,1.00
2016.05.03 12:31:58.364,1.11513,1.11531,1.12,1.00
2016.05.03 12:31:58.669,1.11515,1.11531,1.00,1.00
2016.05.03 12:31:58.771,1.11515,1.11533,1.00,1.50
2016.05.03 12:31:58.874,1.11517,1.11533,1.00,1.00
2016.05.03 12:31:59.061,1.1152,1.11537,1.12,1.12
2016.05.03 12:31:59.670,1.11521,1.11537,1.00,1.12
2016.05.03 12:32:00.215,1.11522,1.1154,1.00,1.75
2016.05.03 12:32:00.266,1.1152,1.1154,1.75,1.00
2016.05.03 12:32:00.317,1.11519,1.11538,3.37,1.00
2016.05.03 12:32:02.481,1.11522,1.11539,1.37,1.00
2016.05.03 12:32:04.614,1.1152,1.11537,1.75,1.00
2016.05.03 12:32:04.817,1.1152,1.1154,1.75,1.50
2016.05.03 12:32:04.868,1.11519,1.11538,2.62,1.00
2016.05.03 12:32:05.072,1.11518,1.11536,1.50,1.00
2016.05.03 12:32:05.411,1.11522,1.11535,1.00,1.00
2016.05.03 12:32:05.513,1.11518,1.11535,1.50,1.00
2016.05.03 12:32:06.385,1.11518,1.11537,1.50,1.50
2016.05.03 12:32:06.952,1.11521,1.11537,1.00,1.50
2016.05.03 12:32:07.004,1.11519,1.11537,1.12,2.25
2016.05.03 12:32:07.555,1.1152,1.11537,1.00,1.50
2016.05.03 12:32:08.085,1.11521,1.11537,1.00,1.00
2016.05.03 12:32:09.715,1.1152,1.11537,1.69,1.00
2016.05.03 12:32:09.766,1.11522,1.11537,1.00,1.00
2016.05.03 12:32:09.868,1.11523,1.1154,1.37,1.50
2016.05.03 12:32:10.371,1.11522,1.11538,1.62,1.00
2016.05.03 12:32:12.674,1.11525,1.11538,1.00,1.00
2016.05.03 12:32:13.198,1.11523,1.11538,1.69,1.00
2016.05.03 12:32:13.742,1.11523,1.11539,1.69,1.00
2016.05.03 12:32:14.777,1.11523,1.11539,1.31,1.12
2016.05.03 12:32:15.284,1.11522,1.11538,1.87,1.00
2016.05.03 12:32:15.787,1.11522,1.1154,1.87,1.50
2016.05.03 12:32:16.539,1.11522,1.1154,2.44,1.50
2016.05.03 12:32:17.063,1.11522,1.11539,1.87,1.00
2016.05.03 12:32:18.337,1.11521,1.11536,1.87,1.00
2016.05.03 12:32:18.954,1.11521,1.11537,1.37,1.50
2016.05.03 12:32:19.906,1.11522,1.11538,1.12,1.00
2016.05.03 12:32:20.451,1.11522,1.1154,1.12,1.87
2016.05.03 12:32:22.647,1.11524,1.1154,1.00,1.87
2016.05.03 12:32:23.152,1.11523,1.11539,1.00,1.12
2016.05.03 12:32:23.670,1.11523,1.11538,1.00,1.00
2016.05.03 12:32:24.077,1.11526,1.11539,1.00,1.12
2016.05.03 12:32:24.625,1.11527,1.11542,1.00,1.75
2016.05.03 12:32:24.880,1.11527,1.11541,1.50,1.00
2016.05.03 12:32:25.299,1.11525,1.11541,1.12,1.00
2016.05.03 12:32:25.827,1.11528,1.11541,1.00,1.00
2016.05.03 12:32:27.295,1.11528,1.11542,1.00,1.00
2016.05.03 12:32:27.499,1.11528,1.11544,1.00,1.12
2016.05.03 12:32:27.702,1.11526,1.11541,1.00,1.00
2016.05.03 12:32:28.306,1.11525,1.11542,1.00,1.50
2016.05.03 12:32:28.901,1.11527,1.11541,1.00,1.12
2016.05.03 12:32:29.572,1.1153,1.11543,1.00,1.75
2016.05.03 12:32:29.623,1.1153,1.11543,1.00,1.12
2016.05.03 12:32:29.775,1.11528,1.11543,1.00,1.50
2016.05.03 12:32:31.200,1.11529,1.11543,1.00,1.50
2016.05.03 12:32:31.311,1.11529,1.11543,1.00,1.50
2016.05.03 12:32:31.574,1.11527,1.11542,1.50,1.37
2016.05.03 12:32:32.095,1.11528,1.11542,1.00,1.37
2016.05.03 12:32:32.351,1.11525,1.11541,1.00,1.50
2016.05.03 12:32:33.497,1.11525,1.11541,1.00,1.87
2016.05.03 12:32:34.038,1.11525,1.11541,1.00,1.50
2016.05.03 12:32:35.093,1.11525,1.11541,1.00,1.50
2016.05.03 12:32:35.195,1.11525,1.11542,1.12,1.87
2016.05.03 12:32:35.347,1.11526,1.11542,1.00,1.75
2016.05.03 12:32:35.500,1.11526,1.11541,1.00,1.00
2016.05.03 12:32:36.049,1.11525,1.1154,1.00,1.00
2016.05.03 12:32:36.918,1.11527,1.1154,1.00,1.00
2016.05.03 12:32:37.459,1.11526,1.1154,1.00,1.00
2016.05.03 12:32:37.967,1.11525,1.1154,1.00,1.00
2016.05.03 12:32:38.671,1.11525,1.11541,1.00,1.50
2016.05.03 12:32:38.976,1.11522,1.11537,1.50,1.00
2016.05.03 12:32:39.078,1.11521,1.11536,1.50,1.00
2016.05.03 12:32:39.627,1.11521,1.11537,1.00,1.50
2016.05.03 12:32:40.175,1.11521,1.11536,1.00,1.00
2016.05.03 12:32:40.226,1.11519,1.11536,1.31,1.50
2016.05.03 12:32:42.310,1.1152,1.11537,1.00,1.00
2016.05.03 12:32:42.716,1.11522,1.11537,1.00,1.50
2016.05.03 12:32:44.078,1.11521,1.11537,1.12,1.00
2016.05.03 12:32:46.232,1.11522,1.11537,1.00,1.00
2016.05.03 12:32:46.832,1.11521,1.11537,1.87,1.00
2016.05.03 12:32:47.338,1.11522,1.11537,1.00,1.00
2016.05.03 12:32:48.170,1.11521,1.11537,1.12,1.00
2016.05.03 12:32:48.272,1.11519,1.11536,1.31,1.00
2016.05.03 12:32:48.424,1.11519,1.11534,1.00,1.00
2016.05.03 12:32:49.530,1.11519,1.11536,1.00,1.12
2016.05.03 12:32:49.885,1.11518,1.11535,1.00,1.75
2016.05.03 12:32:52.441,1.11517,1.11533,1.00,1.12
2016.05.03 12:32:53.154,1.11517,1.11533,1.00,1.50
2016.05.03 12:32:53.685,1.11517,1.11533,1.00,1.50
2016.05.03 12:32:53.736,1.11513,1.11531,1.50,1.00
2016.05.03 12:32:53.979,1.11513,1.1153,1.00,2.25
2016.05.03 12:32:55.086,1.11512,1.11528,1.00,1.50
2016.05.03 12:32:55.628,1.1151,1.11528,1.50,3.37
2016.05.03 12:32:55.984,1.11509,1.11526,1.00,1.75
2016.05.03 12:32:56.286,1.11512,1.11528,1.00,2.62
2016.05.03 12:32:56.590,1.11512,1.11528,1.00,1.50
2016.05.03 12:32:58.263,1.11514,1.11531,1.00,1.75
2016.05.03 12:32:58.567,1.11517,1.11533,1.00,2.25
2016.05.03 12:32:59.411,1.11517,1.11533,1.00,1.00
2016.05.03 12:33:00.457,1.11517,1.11534,1.00,4.50
2016.05.03 12:33:00.710,1.11517,1.11534,1.50,3.37
2016.05.03 12:33:01.246,1.11517,1.11534,1.00,4.12
2016.05.03 12:33:01.921,1.11518,1.11534,1.00,2.62
2016.05.03 12:33:02.073,1.11516,1.11533,1.00,1.00
2016.05.03 12:33:02.584,1.11516,1.11531,1.00,1.00
2016.05.03 12:33:03.213,1.11517,1.11531,1.00,1.00
2016.05.03 12:33:03.315,1.11517,1.11534,1.00,3.00
2016.05.03 12:33:04.997,1.11517,1.11534,1.00,2.25
2016.05.03 12:33:08.401,1.11515,1.11533,1.00,1.75
2016.05.03 12:33:08.941,1.11515,1.11534,1.56,2.25
2016.05.03 12:33:09.094,1.11519,1.11536,1.00,1.37
2016.05.03 12:33:09.146,1.11519,1.11537,1.00,3.00
2016.05.03 12:33:09.349,1.11516,1.11531,1.50,1.00
2016.05.03 12:33:09.401,1.11514,1.11531,1.50,1.00
2016.05.03 12:33:09.917,1.11514,1.1153,1.00,1.00
2016.05.03 12:33:11.442,1.11515,1.1153,1.00,1.00
2016.05.03 12:33:12.256,1.11516,1.1153,1.00,1.00
2016.05.03 12:33:12.307,1.11516,1.11532,1.00,1.00
2016.05.03 12:33:12.409,1.11519,1.11535,1.00,1.87
2016.05.03 12:33:12.628,1.11519,1.11538,1.50,1.00
2016.05.03 12:33:12.730,1.11522,1.11538,1.00,1.00
2016.05.03 12:33:16.622,1.11519,1.11538,1.50,2.25
2016.05.03 12:33:17.329,1.11522,1.11538,1.00,1.12
2016.05.03 12:33:17.837,1.11522,1.11539,1.00,1.50
2016.05.03 12:33:18.373,1.11522,1.11539,1.00,2.62
2016.05.03 12:33:18.887,1.11522,1.11539,1.00,2.25
2016.05.03 12:33:19.416,1.11522,1.11538,1.00,1.00
2016.05.03 12:33:19.721,1.11524,1.11539,1.00,1.00
2016.05.03 12:33:19.823,1.11524,1.11542,1.12,1.50
2016.05.03 12:33:24.193,1.11524,1.11541,1.12,1.50
2016.05.03 12:33:24.700,1.11525,1.11542,1.00,1.87
2016.05.03 12:33:24.931,1.11522,1.1154,1.50,1.50
2016.05.03 12:33:25.489,1.11525,1.11539,1.00,1.00
2016.05.03 12:33:25.641,1.11525,1.11541,1.00,1.00
2016.05.03 12:33:27.145,1.11526,1.11544,1.00,1.87
2016.05.03 12:33:27.248,1.11528,1.11546,1.00,2.25
2016.05.03 12:33:27.452,1.11528,1.11544,1.00,1.12
2016.05.03 12:33:27.652,1.11525,1.11544,1.37,1.87
2016.05.03 12:33:28.335,1.11525,1.11544,1.37,1.50
2016.05.03 12:33:29.595,1.11525,1.11544,1.37,2.25
2016.05.03 12:33:29.646,1.11524,1.11542,1.00,2.25
2016.05.03 12:33:29.697,1.11524,1.11542,1.00,2.25
2016.05.03 12:33:30.002,1.11523,1.11539,1.00,2.62
2016.05.03 12:33:30.533,1.11523,1.11539,1.00,1.50
2016.05.03 12:33:30.941,1.1152,1.11539,1.12,3.75
2016.05.03 12:33:31.144,1.11517,1.11531,1.00,1.00
2016.05.03 12:33:31.332,1.11512,1.11531,1.69,1.37
2016.05.03 12:33:31.384,1.11512,1.11531,2.44,1.75
2016.05.03 12:33:31.486,1.11515,1.11531,1.00,1.75
2016.05.03 12:33:34.114,1.11516,1.11533,1.00,1.87
2016.05.03 12:33:34.520,1.11518,1.11533,1.00,1.12
2016.05.03 12:33:34.571,1.11518,1.11536,1.00,2.25
2016.05.03 12:33:34.673,1.1152,1.11537,1.00,3.37
2016.05.03 12:33:35.161,1.1152,1.11537,1.00,1.00
2016.05.03 12:33:35.212,1.11523,1.11538,1.00,1.12
2016.05.03 12:33:36.471,1.11521,1.11538,1.00,1.87
2016.05.03 12:33:36.729,1.11519,1.11536,1.50,1.00
2016.05.03 12:33:37.666,1.11519,1.11536,1.00,1.50
2016.05.03 12:33:40.288,1.11519,1.11536,1.00,3.75
2016.05.03 12:33:40.768,1.11517,1.11534,1.50,1.87
2016.05.03 12:33:40.921,1.11515,1.11532,1.31,1.12
2016.05.03 12:33:42.314,1.11517,1.11533,1.00,1.50
2016.05.03 12:33:42.910,1.11514,1.11533,1.69,2.25
2016.05.03 12:33:43.419,1.11516,1.11534,1.00,1.75
2016.05.03 12:33:44.978,1.11519,1.11533,1.00,1.37
2016.05.03 12:33:45.484,1.11519,1.11536,1.00,1.50
2016.05.03 12:33:45.586,1.11519,1.11536,1.00,2.25
2016.05.03 12:33:46.244,1.11521,1.11536,1.00,1.00
2016.05.03 12:33:47.907,1.11521,1.11536,1.00,1.87
2016.05.03 12:33:48.009,1.11521,1.11536,1.00,1.37
2016.05.03 12:33:48.111,1.11517,1.11534,1.19,1.00
2016.05.03 12:33:48.275,1.11516,1.11535,1.00,1.50
2016.05.03 12:33:48.380,1.11519,1.11534,1.00,1.37
2016.05.03 12:33:48.684,1.11521,1.11537,1.00,4.50
2016.05.03 12:33:49.327,1.11521,1.11534,1.00,1.00
2016.05.03 12:33:49.531,1.11517,1.11533,1.37,1.00
2016.05.03 12:33:49.634,1.11514,1.11533,2.44,3.00
2016.05.03 12:33:49.686,1.11514,1.11532,1.50,1.37
2016.05.03 12:33:49.994,1.11518,1.1153,1.00,1.00
2016.05.03 12:33:50.221,1.11518,1.11533,1.00,1.00
2016.05.03 12:33:50.272,1.11521,1.11533,1.00,1.00
2016.05.03 12:33:50.476,1.11521,1.11537,1.00,1.50
2016.05.03 12:33:50.982,1.11522,1.11539,1.00,2.25
2016.05.03 12:33:51.034,1.11524,1.11539,1.00,1.75
2016.05.03 12:33:54.341,1.11523,1.11538,1.00,1.50
2016.05.03 12:33:55.884,1.11525,1.11539,1.00,1.75
2016.05.03 12:33:56.350,1.11524,1.11541,1.00,2.25
2016.05.03 12:33:56.402,1.11527,1.11541,1.00,1.00
2016.05.03 12:33:56.707,1.11529,1.11546,1.00,3.00
2016.05.03 12:33:57.216,1.1153,1.11546,1.00,2.25
2016.05.03 12:33:57.318,1.11528,1.11545,1.00,1.50
2016.05.03 12:33:57.369,1.11526,1.11543,1.50,1.12
2016.05.03 12:33:57.420,1.11528,1.11542,1.00,1.00
2016.05.03 12:33:57.613,1.11528,1.11544,1.12,1.00
2016.05.03 12:33:57.664,1.1153,1.11547,1.00,2.25
2016.05.03 12:33:57.969,1.11532,1.11547,1.00,1.12
2016.05.03 12:33:58.432,1.11535,1.11548,1.00,1.00
2016.05.03 12:33:58.635,1.11537,1.11553,1.00,2.25
2016.05.03 12:33:58.813,1.11537,1.11553,1.00,1.12
2016.05.03 12:33:59.321,1.11537,1.11553,1.00,1.37
2016.05.03 12:33:59.676,1.11535,1.11552,1.00,1.00
2016.05.03 12:34:00.229,1.11534,1.11551,1.00,1.00
2016.05.03 12:34:00.484,1.11536,1.11552,1.00,1.00
2016.05.03 12:34:00.738,1.11533,1.1155,1.00,1.00
2016.05.03 12:34:01.297,1.11534,1.11552,1.00,1.50
2016.05.03 12:34:01.399,1.11534,1.11549,1.00,1.00
2016.05.03 12:34:01.603,1.11534,1.11552,1.00,1.50
2016.05.03 12:34:02.322,1.11536,1.11553,1.12,3.75
2016.05.03 12:34:02.629,1.11531,1.11548,1.50,1.00
2016.05.03 12:34:03.143,1.11531,1.11549,1.50,1.00
2016.05.03 12:34:03.194,1.11536,1.1155,1.00,1.00
2016.05.03 12:34:03.705,1.11535,1.1155,1.00,1.00
2016.05.03 12:34:04.036,1.11537,1.11553,1.00,1.00
2016.05.03 12:34:04.087,1.11539,1.11553,1.00,1.00
2016.05.03 12:34:04.596,1.11539,1.11554,1.00,2.25
2016.05.03 12:34:05.426,1.11537,1.11554,1.00,2.25
2016.05.03 12:34:05.630,1.11539,1.11554,1.00,1.00
2016.05.03 12:34:05.934,1.11542,1.11555,1.00,1.00
2016.05.03 12:34:06.460,1.11542,1.11556,1.00,1.00
2016.05.03 12:34:06.766,1.11544,1.11558,1.00,1.12
2016.05.03 12:34:07.260,1.11541,1.11558,1.00,1.75
2016.05.03 12:34:07.311,1.11544,1.11558,1.00,1.12
2016.05.03 12:34:07.416,1.11544,1.11559,1.00,1.50
2016.05.03 12:34:07.773,1.11542,1.11558,1.00,1.12
2016.05.03 12:34:09.930,1.11543,1.11559,1.00,1.50
2016.05.03 12:34:10.905,1.11545,1.11559,1.00,1.50
2016.05.03 12:34:11.858,1.11545,1.11561,1.00,1.00
2016.05.03 12:34:12.568,1.11544,1.1156,1.00,1.00
2016.05.03 12:34:12.670,1.11544,1.11557,1.00,1.00
2016.05.03 12:34:12.773,1.11541,1.11557,1.00,1.00
2016.05.03 12:34:13.018,1.1154,1.11555,1.00,1.00
2016.05.03 12:34:13.526,1.1154,1.11557,1.00,1.37
2016.05.03 12:34:13.831,1.11544,1.11559,1.00,1.37
2016.05.03 12:34:13.984,1.11546,1.11561,1.00,1.75
2016.05.03 12:34:14.168,1.11548,1.11563,1.00,2.62
2016.05.03 12:34:14.473,1.11548,1.11563,1.00,1.00
2016.05.03 12:34:14.777,1.1155,1.11564,1.00,1.50
2016.05.03 12:34:15.376,1.11552,1.11568,1.00,1.75
2016.05.03 12:34:15.684,1.11555,1.11568,1.00,1.75
2016.05.03 12:34:15.787,1.11555,1.11569,1.00,1.12
2016.05.03 12:34:15.889,1.11553,1.11569,1.00,1.12
2016.05.03 12:34:16.438,1.11551,1.11569,1.50,2.25
2016.05.03 12:34:17.262,1.11554,1.11569,1.00,2.25
2016.05.03 12:34:18.430,1.11554,1.11568,1.00,1.00
2016.05.03 12:34:18.481,1.11552,1.11568,1.12,1.50
2016.05.03 12:34:18.685,1.11549,1.11563,1.75,1.00
2016.05.03 12:34:18.993,1.11549,1.11567,1.75,1.00
2016.05.03 12:34:19.565,1.11549,1.11564,1.75,1.00
2016.05.03 12:34:19.668,1.11548,1.11564,1.12,1.00
2016.05.03 12:34:20.178,1.11548,1.11563,1.00,1.12
2016.05.03 12:34:20.397,1.11546,1.11562,1.12,1.00
2016.05.03 12:34:21.259,1.11544,1.11561,2.90,1.00
2016.05.03 12:34:21.412,1.11543,1.11559,1.22,1.00
2016.05.03 12:34:21.555,1.11542,1.11557,1.37,1.00
2016.05.03 12:34:22.970,1.11542,1.11558,1.37,1.00
2016.05.03 12:34:23.376,1.11545,1.11559,1.00,1.00
2016.05.03 12:34:23.477,1.11543,1.11559,1.50,1.00
2016.05.03 12:34:23.528,1.11543,1.11557,1.00,1.00
2016.05.03 12:34:23.877,1.11541,1.11557,1.00,1.75
2016.05.03 12:34:23.979,1.11541,1.11557,1.00,1.00
2016.05.03 12:34:24.081,1.11541,1.11557,1.00,1.50
2016.05.03 12:34:24.234,1.11539,1.11555,1.00,1.12
2016.05.03 12:34:24.600,1.11537,1.11553,1.37,1.00
2016.05.03 12:34:25.133,1.11536,1.11554,2.25,1.00
2016.05.03 12:34:25.663,1.11538,1.11556,1.12,1.37
2016.05.03 12:34:26.617,1.11538,1.11554,1.12,1.00
2016.05.03 12:34:27.185,1.11535,1.11551,1.75,1.00
2016.05.03 12:34:27.290,1.11534,1.11548,1.12,1.00
2016.05.03 12:34:27.497,1.1153,1.11546,2.25,1.00
2016.05.03 12:34:27.847,1.11531,1.11543,1.00,1.00
2016.05.03 12:34:27.949,1.11531,1.11549,1.56,1.87
2016.05.03 12:34:28.154,1.11536,1.11548,1.00,1.00
2016.05.03 12:34:28.206,1.11536,1.11552,1.00,1.00
2016.05.03 12:34:28.889,1.11536,1.11552,1.19,1.00
2016.05.03 12:34:29.490,1.11536,1.11552,1.19,2.25
2016.05.03 12:34:29.694,1.11529,1.11545,1.87,1.00
2016.05.03 12:34:29.797,1.11529,1.11545,1.00,1.21
2016.05.03 12:34:29.899,1.11525,1.11543,3.56,1.00
2016.05.03 12:34:30.051,1.11525,1.11541,1.31,1.12
2016.05.03 12:34:30.370,1.11529,1.11546,1.25,1.37
2016.05.03 12:34:30.422,1.11529,1.11546,1.50,1.12
2016.05.03 12:34:30.625,1.11529,1.11543,1.69,1.00
2016.05.03 12:34:30.931,1.11531,1.11543,1.19,1.00
2016.05.03 12:34:30.982,1.11529,1.11543,1.19,1.00
2016.05.03 12:34:31.115,1.11529,1.11547,1.69,1.50
2016.05.03 12:34:31.625,1.11527,1.11542,1.12,1.00
2016.05.03 12:34:31.728,1.11526,1.11542,2.62,1.00
2016.05.03 12:34:31.832,1.11525,1.1154,1.25,1.00
2016.05.03 12:34:33.688,1.11525,1.1154,1.62,1.00
2016.05.03 12:34:33.891,1.11526,1.11543,1.69,1.00
2016.05.03 12:34:33.942,1.11525,1.11541,1.31,1.00
2016.05.03 12:34:34.140,1.11523,1.11541,2.81,1.00
2016.05.03 12:34:34.648,1.11525,1.11541,1.37,1.00
2016.05.03 12:34:35.055,1.11527,1.11543,1.50,1.00
2016.05.03 12:34:35.158,1.11527,1.11543,1.69,1.00
2016.05.03 12:34:35.729,1.11528,1.11546,1.19,1.50
2016.05.03 12:34:35.781,1.11527,1.11543,2.06,1.00
2016.05.03 12:34:35.832,1.11527,1.11543,1.12,1.00
2016.05.03 12:34:36.361,1.11527,1.11543,1.50,1.37
2016.05.03 12:34:36.413,1.11527,1.11543,1.50,1.37
2016.05.03 12:34:36.517,1.11527,1.11545,2.62,1.12
2016.05.03 12:34:37.027,1.11528,1.11545,1.69,1.12
2016.05.03 12:34:37.638,1.11528,1.11542,1.00,1.00
2016.05.03 12:34:38.186,1.11524,1.11542,2.06,1.50
2016.05.03 12:34:38.238,1.11524,1.11539,2.06,1.00
2016.05.03 12:34:38.289,1.11523,1.11539,3.19,1.00
2016.05.03 12:34:38.747,1.11521,1.11537,2.06,1.00
2016.05.03 12:34:38.849,1.11521,1.11537,1.19,1.00
2016.05.03 12:34:39.143,1.11521,1.11534,1.19,1.00
2016.05.03 12:34:39.246,1.1152,1.11534,1.00,1.50
2016.05.03 12:34:39.653,1.11517,1.11533,1.00,1.00
2016.05.03 12:34:40.093,1.1152,1.11535,1.00,1.00
2016.05.03 12:34:40.617,1.11521,1.11536,1.00,1.00
2016.05.03 12:34:40.871,1.11518,1.11534,1.00,1.50
2016.05.03 12:34:40.922,1.11518,1.11532,1.00,1.00
2016.05.03 12:34:41.262,1.11486,1.11493,1.19,1.00
2016.05.03 12:34:41.313,1.11486,1.11493,1.00,1.00
2016.05.03 12:34:41.365,1.11482,1.11499,2.44,1.00
2016.05.03 12:34:41.417,1.11482,1.11497,1.56,1.00
2016.05.03 12:34:41.519,1.11481,1.11497,1.12,1.00
2016.05.03 12:34:41.723,1.11482,1.11499,1.00,1.00
2016.05.03 12:34:41.827,1.11484,1.11502,1.00,1.00
2016.05.03 12:34:41.879,1.11486,1.11502,1.00,1.00
2016.05.03 12:34:42.485,1.11484,1.11502,1.50,1.00
2016.05.03 12:34:42.993,1.11485,1.11502,1.00,1.00
2016.05.03 12:34:43.229,1.11487,1.11504,1.75,1.00
2016.05.03 12:34:43.281,1.11488,1.11506,1.12,1.00
2016.05.03 12:34:43.536,1.11491,1.11507,1.37,1.00
2016.05.03 12:34:43.587,1.11492,1.1151,1.87,1.97
2016.05.03 12:34:43.892,1.11495,1.11511,1.00,1.00
2016.05.03 12:34:44.290,1.11493,1.11511,1.12,1.00
2016.05.03 12:34:44.392,1.11492,1.11508,2.25,1.00
2016.05.03 12:34:44.747,1.11493,1.11511,1.00,1.00
2016.05.03 12:34:44.798,1.11496,1.11512,1.37,1.03
2016.05.03 12:34:45.104,1.11502,1.11515,1.00,1.19
2016.05.03 12:34:45.645,1.11502,1.11515,1.00,1.00
2016.05.03 12:34:46.696,1.11499,1.11515,1.00,1.00
2016.05.03 12:34:46.849,1.11497,1.11515,3.00,1.00
2016.05.03 12:34:46.951,1.115,1.11515,1.00,1.00
2016.05.03 12:34:47.054,1.11503,1.11519,1.87,1.00
2016.05.03 12:34:47.308,1.11505,1.11521,1.00,1.19
2016.05.03 12:34:47.774,1.11506,1.11522,1.00,1.00
2016.05.03 12:34:48.030,1.11508,1.11523,1.00,1.00
2016.05.03 12:34:48.337,1.1151,1.11524,1.00,1.00
2016.05.03 12:34:48.917,1.11509,1.11524,1.00,1.50
2016.05.03 12:34:48.969,1.11507,1.11523,1.00,1.00
2016.05.03 12:34:49.858,1.11507,1.11524,2.25,1.00
2016.05.03 12:34:50.375,1.11508,1.11525,1.00,1.00
2016.05.03 12:34:50.882,1.11508,1.11525,1.87,1.00
2016.05.03 12:34:51.161,1.1151,1.11527,1.00,1.00
2016.05.03 12:34:51.670,1.11511,1.11527,1.12,1.00
2016.05.03 12:34:51.873,1.11511,1.11524,1.00,1.00
2016.05.03 12:34:51.975,1.11509,1.11524,1.50,1.00
2016.05.03 12:34:52.774,1.11509,1.11523,1.50,1.00
2016.05.03 12:34:52.978,1.11509,1.11524,1.87,1.00
2016.05.03 12:34:53.080,1.11509,1.11527,2.25,1.00
2016.05.03 12:34:53.182,1.11509,1.11524,1.87,1.00
2016.05.03 12:34:53.728,1.11511,1.11524,1.00,1.00
2016.05.03 12:34:53.983,1.11512,1.11528,1.00,1.50
2016.05.03 12:34:54.136,1.11514,1.11529,1.00,1.00
2016.05.03 12:34:54.438,1.11512,1.11523,1.00,1.00
2016.05.03 12:34:54.641,1.1151,1.11524,1.00,1.00
2016.05.03 12:34:54.895,1.1151,1.11527,1.00,1.00
2016.05.03 12:34:55.402,1.11511,1.11527,1.50,1.00
2016.05.03 12:34:55.555,1.11512,1.11529,1.00,1.00
2016.05.03 12:34:56.064,1.11512,1.11528,1.00,1.00
2016.05.03 12:34:56.828,1.11512,1.11529,1.00,1.00
2016.05.03 12:34:57.335,1.11511,1.11527,1.00,1.00
2016.05.03 12:35:00.146,1.11514,1.1153,1.00,1.00
2016.05.03 12:35:00.198,1.11515,1.11532,1.00,1.25
2016.05.03 12:35:00.604,1.11515,1.11532,1.12,1.69
2016.05.03 12:35:00.706,1.11515,1.11532,1.37,1.25
2016.05.03 12:35:00.995,1.11513,1.11529,1.87,1.50
2016.05.03 12:35:01.098,1.11513,1.11528,2.25,1.00
2016.05.03 12:35:01.808,1.11512,1.11528,1.00,1.50
2016.05.03 12:35:02.002,1.1151,1.11528,1.50,1.50
2016.05.03 12:35:02.104,1.11508,1.11526,2.44,1.00
2016.05.03 12:35:02.409,1.11507,1.11523,1.50,1.00
2016.05.03 12:35:02.918,1.11508,1.11523,2.06,1.00
2016.05.03 12:35:03.468,1.11509,1.11523,1.87,1.00
2016.05.03 12:35:04.127,1.11509,1.11527,2.25,1.00
2016.05.03 12:35:04.720,1.11509,1.11524,1.50,1.00
2016.05.03 12:35:05.248,1.11509,1.11527,1.00,1.00
2016.05.03 12:35:05.400,1.11507,1.11526,2.25,1.00
2016.05.03 12:35:05.641,1.11507,1.11523,2.25,1.00
2016.05.03 12:35:06.403,1.1151,1.11523,1.00,1.00
2016.05.03 12:35:06.657,1.11507,1.11524,1.50,1.00
2016.05.03 12:35:06.904,1.1151,1.11526,1.00,1.25
2016.05.03 12:35:07.210,1.11512,1.11527,1.00,1.19
2016.05.03 12:35:07.617,1.11512,1.11528,1.00,1.25
2016.05.03 12:35:08.506,1.11512,1.11523,1.00,1.00
2016.05.03 12:35:08.823,1.11512,1.11526,1.00,1.00
2016.05.03 12:35:08.875,1.11514,1.11526,1.00,1.00
2016.05.03 12:35:09.610,1.11515,1.11521,1.00,1.00
2016.05.03 12:35:09.713,1.11515,1.11523,1.00,1.00
2016.05.03 12:35:09.764,1.11515,1.11526,1.00,1.00
2016.05.03 12:35:09.815,1.11513,1.11526,1.00,1.00
2016.05.03 12:35:10.328,1.11514,1.11526,1.00,1.00
2016.05.03 12:35:10.380,1.11515,1.11528,1.00,1.00
2016.05.03 12:35:10.808,1.11515,1.11524,1.00,1.00
2016.05.03 12:35:10.859,1.11515,1.11527,1.00,1.00
2016.05.03 12:35:10.910,1.11514,1.11525,1.56,1.00
2016.05.03 12:35:11.311,1.11512,1.11526,2.06,1.00
2016.05.03 12:35:11.825,1.1151,1.11525,2.44,1.00
2016.05.03 12:35:12.028,1.1151,1.11523,2.44,1.00
2016.05.03 12:35:12.282,1.11511,1.11525,1.62,1.00
2016.05.03 12:35:12.685,1.11511,1.11521,1.62,1.00
2016.05.03 12:35:12.787,1.11511,1.11524,1.25,1.00
2016.05.03 12:35:13.041,1.11512,1.11526,1.00,1.00
2016.05.03 12:35:13.143,1.11512,1.11528,2.25,1.50
2016.05.03 12:35:13.448,1.11512,1.11526,1.31,1.00
2016.05.03 12:35:14.676,1.1151,1.11525,2.62,1.00
2016.05.03 12:35:14.779,1.1151,1.11525,1.87,1.00
2016.05.03 12:35:14.945,1.1151,1.11522,1.00,1.00
2016.05.03 12:35:15.453,1.11507,1.11522,1.87,1.00
2016.05.03 12:35:15.707,1.11509,1.11524,1.12,1.00
2016.05.03 12:35:15.855,1.11509,1.11526,1.87,1.00
2016.05.03 12:35:16.582,1.11509,1.11523,1.12,1.00
2016.05.03 12:35:16.977,1.11508,1.11525,1.69,1.12
2016.05.03 12:35:17.129,1.1151,1.11526,1.00,1.69
2016.05.03 12:35:17.790,1.1151,1.11527,1.87,1.19
2016.05.03 12:35:19.610,1.1151,1.11527,1.37,1.00
2016.05.03 12:35:19.915,1.11515,1.11528,1.31,1.00
2016.05.03 12:35:20.067,1.11513,1.1153,1.69,1.25
2016.05.03 12:35:20.170,1.11512,1.11529,1.31,1.69
2016.05.03 12:35:20.890,1.11511,1.11528,2.06,1.19
2016.05.03 12:35:21.428,1.11511,1.11528,1.00,1.69
2016.05.03 12:35:22.039,1.11509,1.11527,2.81,1.19
2016.05.03 12:35:22.345,1.11509,1.11524,1.12,1.19
2016.05.03 12:35:22.853,1.11509,1.11524,1.37,1.00
2016.05.03 12:35:24.120,1.11509,1.11524,1.75,1.00
2016.05.03 12:35:24.305,1.11509,1.11524,1.12,1.00
2016.05.03 12:35:25.731,1.11509,1.11524,1.37,1.00
2016.05.03 12:35:27.034,1.11509,1.11523,1.50,1.00
2016.05.03 12:35:27.550,1.11509,1.11523,1.00,1.00
2016.05.03 12:35:27.702,1.11509,1.11525,1.00,1.22
2016.05.03 12:35:27.992,1.11511,1.11525,1.00,1.00
2016.05.03 12:35:28.297,1.11511,1.11523,1.00,1.00
2016.05.03 12:35:28.740,1.11511,1.1152,1.00,1.00
2016.05.03 12:35:28.844,1.11507,1.1152,1.00,1.00
2016.05.03 12:35:29.088,1.11503,1.11519,1.37,1.00
2016.05.03 12:35:29.139,1.11503,1.11519,1.00,1.00
2016.05.03 12:35:29.393,1.11504,1.1152,1.37,1.00
2016.05.03 12:35:30.736,1.11506,1.11517,1.00,1.25
2016.05.03 12:35:30.940,1.115,1.11514,1.00,1.00
2016.05.03 12:35:31.533,1.115,1.11516,1.75,1.69
2016.05.03 12:35:31.736,1.11503,1.11518,1.00,1.00
2016.05.03 12:35:32.141,1.11503,1.11516,1.00,1.00
2016.05.03 12:35:32.609,1.115,1.11516,1.00,1.00
2016.05.03 12:35:33.657,1.115,1.11514,1.00,1.00
2016.05.03 12:35:34.609,1.115,1.11517,1.00,1.69
2016.05.03 12:35:35.595,1.115,1.11517,1.00,1.19
2016.05.03 12:35:36.101,1.115,1.11517,1.00,1.00
2016.05.03 12:35:36.622,1.11502,1.11517,1.00,1.00
2016.05.03 12:35:37.131,1.11502,1.11518,1.50,1.00
2016.05.03 12:35:37.284,1.11503,1.11521,1.00,1.69
2016.05.03 12:35:37.387,1.11505,1.11521,1.00,1.69
2016.05.03 12:35:37.924,1.11504,1.11522,1.37,1.12
2016.05.03 12:35:38.433,1.11506,1.11523,1.00,1.87
2016.05.03 12:35:38.908,1.11504,1.1152,1.46,1.00
2016.05.03 12:35:39.865,1.11505,1.1152,1.12,1.00
2016.05.03 12:35:40.018,1.11505,1.11522,1.87,1.00
2016.05.03 12:35:40.069,1.11508,1.11524,1.84,1.00
2016.05.03 12:35:40.121,1.11509,1.11526,1.00,1.50
2016.05.03 12:35:40.172,1.11509,1.11526,1.00,2.44
2016.05.03 12:35:40.477,1.1151,1.11528,1.75,1.19
2016.05.03 12:35:40.529,1.11511,1.11528,1.00,1.69
2016.05.03 12:35:41.501,1.11511,1.11528,1.65,1.50
2016.05.03 12:35:41.704,1.11511,1.11526,1.00,1.00
2016.05.03 12:35:42.009,1.11509,1.11523,1.00,1.00
2016.05.03 12:35:42.060,1.11505,1.11523,2.40,1.00
2016.05.03 12:35:42.175,1.11505,1.11523,1.00,1.69
2016.05.03 12:35:42.782,1.11504,1.11522,2.06,1.12
2016.05.03 12:35:43.457,1.11504,1.11522,1.56,1.12
2016.05.03 12:35:44.195,1.11504,1.1152,1.56,1.00
2016.05.03 12:35:45.301,1.11506,1.1152,1.12,1.00
2016.05.03 12:35:45.641,1.11506,1.11518,1.12,1.50
2016.05.03 12:35:46.313,1.11503,1.11518,1.50,1.00
2016.05.03 12:35:46.923,1.11504,1.11518,1.12,1.00
2016.05.03 12:35:47.025,1.11504,1.11521,1.12,1.00
2016.05.03 12:35:47.077,1.11508,1.11522,1.12,1.12
2016.05.03 12:35:47.258,1.11511,1.11524,1.19,1.00
2016.05.03 12:35:47.309,1.11512,1.11528,1.31,1.12
2016.05.03 12:35:47.360,1.11517,1.11528,1.25,1.12
2016.05.03 12:35:47.463,1.11516,1.1153,1.50,1.00
2016.05.03 12:35:47.615,1.11514,1.11528,1.69,1.00
2016.05.03 12:35:47.667,1.11516,1.11531,1.19,1.00
2016.05.03 12:35:47.770,1.11512,1.11528,2.06,1.00
2016.05.03 12:35:47.872,1.11513,1.11527,2.00,1.00
2016.05.03 12:35:47.973,1.11513,1.11527,1.25,1.00
2016.05.03 12:35:48.209,1.11511,1.11525,1.25,1.00
2016.05.03 12:35:48.617,1.11511,1.11522,1.25,1.00
2016.05.03 12:35:48.770,1.11508,1.1152,1.00,1.00
2016.05.03 12:35:49.277,1.11507,1.1152,1.25,1.00
2016.05.03 12:35:50.005,1.11507,1.11524,1.25,1.75
2016.05.03 12:35:50.057,1.11507,1.11524,1.69,1.12
2016.05.03 12:35:50.593,1.11508,1.11524,1.00,1.12
2016.05.03 12:35:52.606,1.11511,1.11524,1.25,1.12
2016.05.03 12:35:53.280,1.11509,1.11524,1.19,1.12
2016.05.03 12:35:54.395,1.11509,1.11522,1.31,1.00
2016.05.03 12:35:54.767,1.11506,1.1152,1.69,1.00
2016.05.03 12:35:55.276,1.11506,1.1152,1.00,1.12
2016.05.03 12:35:56.602,1.11506,1.11521,1.00,1.00
2016.05.03 12:35:57.573,1.11506,1.11521,2.25,1.00
2016.05.03 12:35:58.375,1.11506,1.11521,2.25,1.00
2016.05.03 12:35:58.846,1.11508,1.11524,1.56,1.00
2016.05.03 12:35:59.355,1.11508,1.11524,2.44,1.00
2016.05.03 12:35:59.681,1.11508,1.11521,1.12,1.00
2016.05.03 12:36:00.451,1.11508,1.11523,1.00,1.00
2016.05.03 12:36:00.554,1.1151,1.11524,1.00,1.00
2016.05.03 12:36:00.605,1.11511,1.11526,1.00,1.00
2016.05.03 12:36:00.808,1.11511,1.11524,1.12,1.00
2016.05.03 12:36:01.158,1.11511,1.11527,3.00,1.00
2016.05.03 12:36:01.316,1.11516,1.11531,1.00,1.00
2016.05.03 12:36:01.519,1.11518,1.11532,1.00,1.00
2016.05.03 12:36:02.071,1.11519,1.11533,1.37,1.00
2016.05.03 12:36:03.066,1.11517,1.11533,2.25,1.00
2016.05.03 12:36:03.603,1.11519,1.11534,1.12,1.00
2016.05.03 12:36:03.909,1.11519,1.11536,2.06,1.00
2016.05.03 12:36:04.486,1.11519,1.11536,3.56,1.00
2016.05.03 12:36:04.949,1.11522,1.11533,1.00,1.00
2016.05.03 12:36:05.000,1.11519,1.11533,1.00,1.00
2016.05.03 12:36:05.103,1.11517,1.11532,1.12,1.00
2016.05.03 12:36:05.632,1.11517,1.11534,1.12,1.12
2016.05.03 12:36:06.209,1.11518,1.11535,1.87,1.37
2016.05.03 12:36:06.746,1.11518,1.11533,1.12,1.00
2016.05.03 12:36:07.252,1.11518,1.11535,1.87,1.37
2016.05.03 12:36:07.356,1.11519,1.11535,1.19,1.37
2016.05.03 12:36:07.703,1.11516,1.1153,1.37,1.00
2016.05.03 12:36:07.806,1.11515,1.1153,1.00,1.00
2016.05.03 12:36:08.010,1.11513,1.1153,1.50,1.00
2016.05.03 12:36:08.468,1.11513,1.11526,1.00,1.00
2016.05.03 12:36:08.701,1.11511,1.11526,1.25,1.00
2016.05.03 12:36:10.604,1.11512,1.11529,1.00,1.12
2016.05.03 12:36:10.706,1.11513,1.1153,1.37,1.12
2016.05.03 12:36:11.129,1.11515,1.11531,1.31,1.00
2016.05.03 12:36:11.487,1.11517,1.11533,1.00,1.50
2016.05.03 12:36:12.290,1.11517,1.11534,2.25,1.00
2016.05.03 12:36:12.344,1.11518,1.11534,1.62,1.00
2016.05.03 12:36:12.879,1.11518,1.11534,1.25,1.00
2016.05.03 12:36:13.609,1.11517,1.11534,4.31,1.00
2016.05.03 12:36:14.593,1.11517,1.11532,1.69,1.00
2016.05.03 12:36:15.061,1.11514,1.11529,1.00,1.00
2016.05.03 12:36:15.366,1.11514,1.11531,1.12,1.12
2016.05.03 12:36:16.680,1.11514,1.11528,1.12,1.00
2016.05.03 12:36:16.877,1.11514,1.11531,1.50,1.12
2016.05.03 12:36:16.980,1.11514,1.11533,3.00,1.75
2016.05.03 12:36:17.082,1.11516,1.11533,1.37,1.12
2016.05.03 12:36:17.235,1.11518,1.11531,1.00,1.00
2016.05.03 12:36:17.387,1.11515,1.11531,1.69,1.00
2016.05.03 12:36:17.692,1.11516,1.11534,1.50,1.00
2016.05.03 12:36:18.086,1.11517,1.11534,1.87,1.00
2016.05.03 12:36:18.793,1.11517,1.11534,1.69,1.00
2016.05.03 12:36:20.266,1.11518,1.11535,1.12,1.00
2016.05.03 12:36:20.401,1.1152,1.11535,1.37,1.00
2016.05.03 12:36:21.294,1.1152,1.11536,2.25,1.00
2016.05.03 12:36:23.007,1.1152,1.11536,2.25,1.00
2016.05.03 12:36:23.565,1.11522,1.11535,1.00,1.00
2016.05.03 12:36:24.584,1.11522,1.11532,1.00,1.00
2016.05.03 12:36:24.736,1.11516,1.11532,2.44,1.00
2016.05.03 12:36:25.277,1.11516,1.11531,1.50,1.00
2016.05.03 12:36:26.643,1.11514,1.1153,1.50,1.00
2016.05.03 12:36:27.154,1.11514,1.11529,1.00,1.00
2016.05.03 12:36:28.071,1.11514,1.1153,1.25,1.00
2016.05.03 12:36:28.122,1.11514,1.11528,1.25,1.00
2016.05.03 12:36:28.224,1.11512,1.11528,1.25,1.00
2016.05.03 12:36:28.480,1.11514,1.11528,1.62,1.00
2016.05.03 12:36:28.635,1.11514,1.1153,1.69,1.00
2016.05.03 12:36:28.687,1.11515,1.11532,1.25,1.87
2016.05.03 12:36:28.825,1.11515,1.11532,1.69,1.12
2016.05.03 12:36:29.368,1.11515,1.11531,1.69,1.00
2016.05.03 12:36:30.469,1.11516,1.11533,1.37,1.00
2016.05.03 12:36:30.521,1.11518,1.11536,1.37,1.50
2016.05.03 12:36:30.572,1.11523,1.11536,1.25,1.00
2016.05.03 12:36:30.674,1.1152,1.11535,1.00,1.12
2016.05.03 12:36:30.852,1.11523,1.11537,1.00,1.00
2016.05.03 12:36:31.056,1.11523,1.11539,1.00,2.25
2016.05.03 12:36:31.575,1.11523,1.11538,1.69,1.00
2016.05.03 12:36:31.978,1.1152,1.11537,3.00,1.00
2016.05.03 12:36:33.823,1.1152,1.11535,2.25,1.00
2016.05.03 12:36:34.356,1.11519,1.11534,1.00,1.00
2016.05.03 12:36:34.864,1.11518,1.11533,1.00,1.87
2016.05.03 12:36:35.985,1.11518,1.11534,1.00,2.25
2016.05.03 12:36:37.042,1.11518,1.11535,1.50,1.50
2016.05.03 12:36:37.145,1.11519,1.11537,1.00,2.25
2016.05.03 12:36:37.349,1.1152,1.11537,2.00,1.12
2016.05.03 12:36:38.489,1.11519,1.11535,1.84,1.00
2016.05.03 12:36:38.771,1.11527,1.11542,1.00,1.12
2016.05.03 12:36:38.874,1.11527,1.1154,1.09,1.00
2016.05.03 12:36:39.030,1.1153,1.11545,1.00,1.50
2016.05.03 12:36:39.081,1.11529,1.11545,1.22,1.00
2016.05.03 12:36:39.185,1.1153,1.11545,1.09,1.00
2016.05.03 12:36:39.288,1.11533,1.11548,1.00,1.50
2016.05.03 12:36:39.479,1.11536,1.11552,1.12,2.25
2016.05.03 12:36:39.581,1.11532,1.11549,2.34,1.50
2016.05.03 12:36:39.886,1.11531,1.11544,1.25,1.00
2016.05.03 12:36:40.482,1.11532,1.11544,1.25,1.12
2016.05.03 12:36:40.686,1.11537,1.1155,1.12,1.00
2016.05.03 12:36:40.788,1.11537,1.11553,1.09,3.00
2016.05.03 12:36:41.297,1.11537,1.11553,1.69,1.00
2016.05.03 12:36:41.705,1.11538,1.11556,1.31,4.12
2016.05.03 12:36:42.055,1.11541,1.11554,1.25,1.00
2016.05.03 12:36:42.106,1.11537,1.11554,1.69,1.00
2016.05.03 12:36:42.808,1.11537,1.11553,1.69,1.12
2016.05.03 12:36:43.811,1.11537,1.11553,1.69,1.37
2016.05.03 12:36:44.678,1.11537,1.11551,1.19,1.00
2016.05.03 12:36:44.730,1.11537,1.11548,1.19,1.00
2016.05.03 12:36:44.781,1.11535,1.11548,1.25,1.00
2016.05.03 12:36:44.883,1.11534,1.11551,1.50,1.50
2016.05.03 12:36:45.412,1.11534,1.11551,1.00,2.25
2016.05.03 12:36:45.666,1.11536,1.11551,1.00,1.75
2016.05.03 12:36:46.315,1.11538,1.11553,1.19,2.25
2016.05.03 12:36:46.417,1.11537,1.11549,1.25,1.12
2016.05.03 12:36:46.926,1.11538,1.11553,1.00,1.75
2016.05.03 12:36:47.616,1.11537,1.11553,1.25,2.25
2016.05.03 12:36:50.032,1.11535,1.1155,1.00,1.50
2016.05.03 12:36:50.540,1.11534,1.1155,1.00,1.50
2016.05.03 12:36:51.357,1.11532,1.11549,2.44,1.12
2016.05.03 12:36:51.864,1.11532,1.11547,1.12,1.00
2016.05.03 12:36:51.966,1.11532,1.11549,1.12,1.12
2016.05.03 12:36:52.420,1.11534,1.11549,1.00,1.12
2016.05.03 12:36:52.878,1.11536,1.1155,1.00,1.37
2016.05.03 12:36:52.980,1.11536,1.11553,1.00,2.25
2016.05.03 12:36:53.082,1.11538,1.11553,1.00,1.50
2016.05.03 12:36:53.580,1.11536,1.11553,1.00,1.00
2016.05.03 12:36:53.681,1.11536,1.11551,1.00,1.00
2016.05.03 12:36:54.207,1.11536,1.1155,1.00,1.00
2016.05.03 12:36:54.576,1.11536,1.11552,1.00,1.00
2016.05.03 12:36:54.839,1.11536,1.1155,1.00,1.00
2016.05.03 12:36:55.153,1.11533,1.11545,2.06,1.00
2016.05.03 12:36:56.284,1.1153,1.11545,2.81,1.00
2016.05.03 12:36:56.539,1.1153,1.11543,1.87,1.00
2016.05.03 12:36:57.712,1.1153,1.11545,1.75,1.00
2016.05.03 12:36:58.288,1.1153,1.11544,2.62,1.00
2016.05.03 12:36:58.470,1.11528,1.11539,3.37,1.00
2016.05.03 12:36:58.572,1.11528,1.11539,1.12,1.00
2016.05.03 12:36:59.082,1.11528,1.1154,1.50,1.00
2016.05.03 12:36:59.584,1.11529,1.1154,1.50,1.00
2016.05.03 12:36:59.635,1.11529,1.11545,3.37,1.12
2016.05.03 12:36:59.687,1.11536,1.11548,1.12,1.37
2016.05.03 12:36:59.739,1.11536,1.11548,1.12,1.00
2016.05.03 12:36:59.790,1.11539,1.11548,1.00,1.00
2016.05.03 12:37:01.418,1.11539,1.1155,1.00,1.00
2016.05.03 12:37:02.113,1.11539,1.11547,1.00,1.00
2016.05.03 12:37:02.215,1.11536,1.11547,1.50,1.00
2016.05.03 12:37:03.430,1.11536,1.1155,1.00,1.00
2016.05.03 12:37:03.583,1.11536,1.1155,1.87,1.00
2016.05.03 12:37:04.232,1.11536,1.11551,2.25,1.00
2016.05.03 12:37:04.336,1.11537,1.11553,1.12,1.00
2016.05.03 12:37:04.878,1.11536,1.11548,1.75,1.00
2016.05.03 12:37:04.930,1.11536,1.1155,3.37,1.00
2016.05.03 12:37:05.133,1.11536,1.11547,1.00,1.00
2016.05.03 12:37:05.642,1.11536,1.11546,1.00,1.00
2016.05.03 12:37:05.745,1.11536,1.11548,1.00,1.00
2016.05.03 12:37:06.284,1.11534,1.11548,1.37,1.00
2016.05.03 12:37:06.856,1.11536,1.11548,1.00,1.00
2016.05.03 12:37:07.249,1.11534,1.11546,1.50,1.00
2016.05.03 12:37:07.766,1.11534,1.11543,1.50,1.00
2016.05.03 12:37:07.817,1.11531,1.11543,1.37,1.00
2016.05.03 12:37:07.919,1.1153,1.1154,1.12,1.00
2016.05.03 12:37:08.021,1.11528,1.1154,1.50,1.00
2016.05.03 12:37:08.906,1.11528,1.11539,1.50,1.00
2016.05.03 12:37:09.466,1.11529,1.11539,1.37,1.00
2016.05.03 12:37:09.569,1.11527,1.11539,1.87,1.00
2016.05.03 12:37:09.671,1.11526,1.11536,1.40,1.00
2016.05.03 12:37:09.824,1.11522,1.11536,1.50,1.00
2016.05.03 12:37:10.130,1.11524,1.11538,2.62,1.00
2016.05.03 12:37:10.460,1.11527,1.11538,1.00,1.00
2016.05.03 12:37:10.635,1.11526,1.11541,1.87,1.00
2016.05.03 12:37:10.992,1.11527,1.11538,1.87,1.00
2016.05.03 12:37:11.429,1.11525,1.11538,1.00,1.00
2016.05.03 12:37:11.481,1.11524,1.11536,1.37,1.00
2016.05.03 12:37:11.789,1.1152,1.11532,3.00,1.00
2016.05.03 12:37:12.452,1.1152,1.11531,1.75,1.00
2016.05.03 12:37:12.554,1.11518,1.11531,1.37,1.00
2016.05.03 12:37:12.605,1.11521,1.11531,1.00,1.00
2016.05.03 12:37:13.114,1.11519,1.11532,1.00,1.00
2016.05.03 12:37:14.271,1.11519,1.11535,1.00,1.00
2016.05.03 12:37:14.364,1.11527,1.11535,1.00,1.00
2016.05.03 12:37:14.415,1.11527,1.1154,1.00,1.87
2016.05.03 12:37:14.466,1.11525,1.1154,1.37,1.50
2016.05.03 12:37:14.824,1.11524,1.1154,2.62,1.00
2016.05.03 12:37:14.926,1.11525,1.1154,1.00,1.00
2016.05.03 12:37:15.298,1.11526,1.11541,3.00,1.00
2016.05.03 12:37:15.605,1.11529,1.11543,1.12,1.00
2016.05.03 12:37:15.911,1.11524,1.11539,3.00,1.00
2016.05.03 12:37:16.013,1.11524,1.11543,3.00,2.25
2016.05.03 12:37:16.271,1.11525,1.11538,1.50,1.00
2016.05.03 12:37:16.374,1.11525,1.11541,1.50,1.00
2016.05.03 12:37:16.527,1.11524,1.11539,1.87,1.00
2016.05.03 12:37:17.780,1.11524,1.11538,2.25,1.00
2016.05.03 12:37:17.983,1.11528,1.11543,1.69,1.50
2016.05.03 12:37:18.034,1.11532,1.11543,1.00,1.00
2016.05.03 12:37:18.412,1.11532,1.11548,1.25,1.50
2016.05.03 12:37:18.515,1.11533,1.11548,1.19,1.00
2016.05.03 12:37:18.719,1.11532,1.11548,1.25,1.00
2016.05.03 12:37:19.274,1.11533,1.11548,1.19,1.00
2016.05.03 12:37:19.632,1.11535,1.11549,1.69,1.00
2016.05.03 12:37:19.939,1.11535,1.11547,1.19,1.00
2016.05.03 12:37:20.041,1.11533,1.11547,1.69,1.00
2016.05.03 12:37:20.197,1.11533,1.11549,1.69,1.00
2016.05.03 12:37:21.046,1.11533,1.11545,1.19,1.00
2016.05.03 12:37:21.248,1.11528,1.11544,2.44,1.00
2016.05.03 12:37:21.552,1.11531,1.11544,1.00,1.00
2016.05.03 12:37:21.604,1.11533,1.11548,1.25,1.50
2016.05.03 12:37:21.808,1.11535,1.11548,1.19,1.00
2016.05.03 12:37:22.250,1.11532,1.11548,1.19,1.50
2016.05.03 12:37:22.453,1.11532,1.11546,1.19,1.00
2016.05.03 12:37:22.758,1.1153,1.11546,2.06,1.00
2016.05.03 12:37:23.307,1.11532,1.11546,1.25,1.00
2016.05.03 12:37:23.814,1.11532,1.11545,1.25,1.00
2016.05.03 12:37:24.536,1.11532,1.11547,1.25,1.12
2016.05.03 12:37:25.048,1.11532,1.11545,1.25,1.00
2016.05.03 12:37:28.447,1.11532,1.11543,1.25,1.00
2016.05.03 12:37:28.890,1.11531,1.11546,1.19,1.00
2016.05.03 12:37:29.145,1.11531,1.11543,1.19,1.00
2016.05.03 12:37:29.568,1.11539,1.11548,1.00,1.00
2016.05.03 12:37:29.619,1.11535,1.11548,1.25,1.00
2016.05.03 12:37:29.671,1.11534,1.11552,1.31,1.00
2016.05.03 12:37:29.964,1.11537,1.11552,1.56,1.00
2016.05.03 12:37:30.015,1.11537,1.11555,1.69,1.00
2016.05.03 12:37:30.067,1.11539,1.11554,1.19,1.00
2016.05.03 12:37:30.523,1.11541,1.11553,1.19,1.00
2016.05.03 12:37:30.726,1.11538,1.11552,1.19,1.00
2016.05.03 12:37:30.777,1.11538,1.11549,1.19,1.00
2016.05.03 12:37:31.265,1.11537,1.11549,1.25,1.00
2016.05.03 12:37:31.569,1.11537,1.11552,1.25,1.00
2016.05.03 12:37:33.128,1.11537,1.11553,1.25,1.00
2016.05.03 12:37:34.156,1.11537,1.11549,1.25,1.00
2016.05.03 12:37:34.365,1.11538,1.11553,1.00,1.00
2016.05.03 12:37:34.872,1.11539,1.11553,1.00,1.00
2016.05.03 12:37:35.282,1.11539,1.11548,1.19,1.00
2016.05.03 12:37:35.385,1.11542,1.11554,1.00,1.00
2016.05.03 12:37:35.486,1.11542,1.11559,1.00,1.50
2016.05.03 12:37:35.588,1.11544,1.11559,1.00,1.00
2016.05.03 12:37:35.792,1.11542,1.11558,1.25,1.00
2016.05.03 12:37:35.843,1.11544,1.11558,1.00,1.00
2016.05.03 12:37:35.894,1.11544,1.1156,1.25,1.00
2016.05.03 12:37:36.302,1.11542,1.11558,1.19,1.00
2016.05.03 12:37:36.609,1.11544,1.11558,1.19,1.00
2016.05.03 12:37:36.762,1.11544,1.11561,1.31,1.00
2016.05.03 12:37:37.017,1.11544,1.11559,1.31,1.00
2016.05.03 12:37:37.220,1.11547,1.11563,1.00,1.00
2016.05.03 12:37:37.325,1.1155,1.11563,1.00,1.00
2016.05.03 12:37:37.427,1.11547,1.11563,1.00,2.25
2016.05.03 12:37:37.530,1.11546,1.1156,1.00,1.00
2016.05.03 12:37:37.885,1.11549,1.11561,1.00,1.00
2016.05.03 12:37:37.987,1.11549,1.11563,1.00,1.00
2016.05.03 12:37:38.489,1.11549,1.11564,1.00,1.00
2016.05.03 12:37:38.998,1.11549,1.11566,1.00,1.00
2016.05.03 12:37:39.476,1.11549,1.11564,1.00,1.00
2016.05.03 12:37:39.982,1.11546,1.11563,1.25,1.50
2016.05.03 12:37:40.207,1.11545,1.11561,1.00,1.00
2016.05.03 12:37:40.259,1.11541,1.11559,1.50,1.00
2016.05.03 12:37:40.767,1.11541,1.11559,1.00,1.50
2016.05.03 12:37:41.270,1.11541,1.11557,1.00,1.00
2016.05.03 12:37:41.803,1.11543,1.11558,1.00,1.00
2016.05.03 12:37:42.412,1.11547,1.11558,1.00,1.00
2016.05.03 12:37:42.514,1.11547,1.11561,1.00,1.00
2016.05.03 12:37:42.565,1.11549,1.11561,1.00,1.00
2016.05.03 12:37:42.616,1.11549,1.11563,1.00,1.00
2016.05.03 12:37:42.769,1.1155,1.11567,1.00,3.00
2016.05.03 12:37:43.277,1.11547,1.11564,1.69,1.00
2016.05.03 12:37:43.815,1.11549,1.11564,1.00,1.00
2016.05.03 12:37:44.406,1.11549,1.11568,1.25,5.25
2016.05.03 12:37:44.698,1.11549,1.11568,1.31,3.37
2016.05.03 12:37:45.585,1.1155,1.11568,1.19,1.87
2016.05.03 12:37:46.670,1.11549,1.11568,2.06,1.87
2016.05.03 12:37:46.975,1.11549,1.11564,2.06,1.00
2016.05.03 12:37:47.729,1.11549,1.11558,2.06,1.00
2016.05.03 12:37:48.198,1.11549,1.11558,1.12,1.00
2016.05.03 12:37:48.710,1.1155,1.11559,1.00,1.00
2016.05.03 12:37:49.286,1.11548,1.11559,1.69,1.00
2016.05.03 12:37:49.397,1.11548,1.11563,1.00,1.00
2016.05.03 12:37:49.551,1.11546,1.11562,1.00,1.00
2016.05.03 12:37:49.602,1.11545,1.1156,1.31,1.00
2016.05.03 12:37:49.908,1.11544,1.11553,1.00,1.00
2016.05.03 12:37:50.010,1.11544,1.11559,1.00,1.12
2016.05.03 12:37:50.368,1.11542,1.11558,1.31,1.87
2016.05.03 12:37:50.420,1.1154,1.11556,1.69,1.87
2016.05.03 12:37:51.081,1.11539,1.11555,1.25,1.50
2016.05.03 12:37:51.328,1.1154,1.11553,1.00,1.00
2016.05.03 12:37:51.859,1.11539,1.11554,1.00,1.00
2016.05.03 12:37:52.164,1.11536,1.11549,1.19,1.00
2016.05.03 12:37:52.691,1.11536,1.11549,1.00,1.00
2016.05.03 12:37:52.844,1.11533,1.11549,1.69,1.00
2016.05.03 12:37:53.352,1.11534,1.11548,1.00,1.00
2016.05.03 12:37:53.760,1.11536,1.11548,1.00,1.00
2016.05.03 12:37:53.964,1.11536,1.11551,1.00,1.50
2016.05.03 12:37:54.016,1.11536,1.11548,1.25,1.00
2016.05.03 12:37:54.720,1.11539,1.11548,1.00,1.00
2016.05.03 12:37:54.822,1.11539,1.11553,1.00,1.87
2016.05.03 12:37:55.228,1.11538,1.11554,1.00,1.87
2016.05.03 12:37:55.330,1.11537,1.11552,1.12,1.00
2016.05.03 12:37:55.658,1.11538,1.1155,1.00,1.12
2016.05.03 12:37:55.965,1.11541,1.11554,1.00,2.62
2016.05.03 12:37:56.714,1.11541,1.11548,1.00,1.00
2016.05.03 12:37:57.120,1.1154,1.11544,1.00,1.00
2016.05.03 12:37:57.222,1.1154,1.11549,1.00,1.00
2016.05.03 12:37:57.273,1.11538,1.11549,1.00,1.00
2016.05.03 12:37:57.324,1.11538,1.11543,1.00,1.00
2016.05.03 12:37:57.748,1.11538,1.11549,1.00,1.12
2016.05.03 12:37:57.800,1.11536,1.11549,1.00,1.12
2016.05.03 12:37:58.054,1.11535,1.11546,1.00,1.00
2016.05.03 12:37:58.106,1.11532,1.11546,1.00,1.00
2016.05.03 12:37:58.158,1.11532,1.11543,1.00,1.00
2016.05.03 12:37:58.498,1.11536,1.11544,1.00,1.00
2016.05.03 12:37:59.008,1.11537,1.11543,1.00,1.00
2016.05.03 12:37:59.535,1.11537,1.11549,1.00,1.37
2016.05.03 12:37:59.681,1.1154,1.11549,1.00,1.00
2016.05.03 12:38:00.040,1.11541,1.11551,1.00,1.00
2016.05.03 12:38:00.142,1.11539,1.11551,1.00,1.00
2016.05.03 12:38:00.244,1.11538,1.11548,1.00,1.00
2016.05.03 12:38:00.645,1.11537,1.11543,1.00,1.00
2016.05.03 12:38:00.849,1.11537,1.11548,1.00,1.00
2016.05.03 12:38:01.053,1.11539,1.11548,1.00,1.00
2016.05.03 12:38:01.981,1.11536,1.11548,1.00,1.00
2016.05.03 12:38:02.236,1.11539,1.11548,1.00,1.50
2016.05.03 12:38:02.603,1.11536,1.11548,1.00,1.12
2016.05.03 12:38:03.197,1.11536,1.11548,1.00,1.87
2016.05.03 12:38:03.248,1.11538,1.11547,1.00,1.00
2016.05.03 12:38:03.654,1.11535,1.11544,1.00,1.00
2016.05.03 12:38:03.857,1.11537,1.11549,1.00,1.50
2016.05.03 12:38:04.383,1.11536,1.11549,1.00,1.50
2016.05.03 12:38:04.878,1.11538,1.11548,1.00,1.12
2016.05.03 12:38:05.256,1.11538,1.11551,1.00,1.00
2016.05.03 12:38:05.461,1.1154,1.11551,1.00,1.00
2016.05.03 12:38:05.969,1.11541,1.11551,1.00,1.00
2016.05.03 12:38:06.197,1.11537,1.11551,1.00,1.00
2016.05.03 12:38:06.299,1.11536,1.11549,1.00,1.00
2016.05.03 12:38:06.605,1.11538,1.11549,1.00,1.50
2016.05.03 12:38:07.203,1.11539,1.11549,1.00,1.00
2016.05.03 12:38:07.779,1.11543,1.11549,1.00,1.00
2016.05.03 12:38:07.881,1.11543,1.11552,1.00,1.50
2016.05.03 12:38:07.983,1.11543,1.11554,1.00,1.12
2016.05.03 12:38:08.499,1.11543,1.11548,1.00,1.00
2016.05.03 12:38:08.601,1.11546,1.11554,1.00,1.12
2016.05.03 12:38:09.464,1.11548,1.11558,1.00,1.87
2016.05.03 12:38:09.769,1.11548,1.11554,1.00,1.00
2016.05.03 12:38:10.226,1.11546,1.11554,1.00,1.00
2016.05.03 12:38:10.379,1.11544,1.11554,1.00,1.00
2016.05.03 12:38:10.824,1.11542,1.11553,1.00,1.12
2016.05.03 12:38:11.180,1.11542,1.11549,1.00,1.00
2016.05.03 12:38:11.231,1.11539,1.11549,1.00,1.00
2016.05.03 12:38:11.587,1.11537,1.11549,1.00,1.00
2016.05.03 12:38:11.779,1.11536,1.11544,1.00,1.00
2016.05.03 12:38:11.932,1.11534,1.11544,1.00,1.00
2016.05.03 12:38:12.186,1.11534,1.11548,1.00,2.62
2016.05.03 12:38:12.389,1.11534,1.11543,1.00,1.00
2016.05.03 12:38:12.990,1.11533,1.11543,1.00,1.00
2016.05.03 12:38:13.295,1.11537,1.11548,1.00,1.37
2016.05.03 12:38:13.601,1.11541,1.11549,1.00,1.00
2016.05.03 12:38:14.173,1.11541,1.11548,1.00,1.00
2016.05.03 12:38:14.784,1.11541,1.11549,1.00,1.00
2016.05.03 12:38:15.102,1.11543,1.11548,1.00,1.00
2016.05.03 12:38:15.504,1.11544,1.11554,1.00,1.12
2016.05.03 12:38:15.555,1.11546,1.11554,1.00,1.12
2016.05.03 12:38:16.172,1.11546,1.11558,1.00,1.12
2016.05.03 12:38:16.747,1.11544,1.11559,1.00,2.81
2016.05.03 12:38:16.798,1.11544,1.11553,1.00,1.00
2016.05.03 12:38:17.471,1.11544,1.11554,1.00,1.00
2016.05.03 12:38:18.379,1.11544,1.11557,1.00,1.37
2016.05.03 12:38:19.709,1.11547,1.11558,1.00,1.12
2016.05.03 12:38:21.733,1.11547,1.11559,1.00,1.87
2016.05.03 12:38:23.571,1.11547,1.11558,1.00,1.12
2016.05.03 12:38:24.102,1.11547,1.11559,1.00,1.75
2016.05.03 12:38:24.682,1.11547,1.11558,1.00,2.25
2016.05.03 12:38:24.733,1.11545,1.11558,1.00,5.06
2016.05.03 12:38:25.023,1.11542,1.11556,1.00,1.37
2016.05.03 12:38:25.074,1.11544,1.11556,1.00,1.87
2016.05.03 12:38:25.530,1.11547,1.11553,1.00,1.00
2016.05.03 12:38:25.632,1.11547,1.11557,1.00,1.50
2016.05.03 12:38:25.785,1.11547,1.11553,1.00,1.00
2016.05.03 12:38:25.836,1.11545,1.11553,1.00,1.00
2016.05.03 12:38:26.547,1.11547,1.11553,1.00,1.00
2016.05.03 12:38:27.716,1.11547,1.11557,1.00,1.50
2016.05.03 12:38:29.146,1.11547,1.11559,1.00,2.25
2016.05.03 12:38:29.491,1.11547,1.11559,1.00,1.87
2016.05.03 12:38:29.593,1.11547,1.11559,1.00,1.87
2016.05.03 12:38:30.101,1.11547,1.11558,1.00,1.12
2016.05.03 12:38:30.804,1.11547,1.11559,1.00,1.00
2016.05.03 12:38:32.068,1.11548,1.11559,1.00,3.56
2016.05.03 12:38:32.419,1.11546,1.11559,1.00,1.00
2016.05.03 12:38:32.926,1.11548,1.11559,1.00,1.00
2016.05.03 12:38:33.807,1.11548,1.11558,1.00,1.00
2016.05.03 12:38:33.908,1.11546,1.11558,1.00,1.00
2016.05.03 12:38:34.217,1.11548,1.1156,1.00,2.62
2016.05.03 12:38:35.008,1.11546,1.11561,1.00,1.75
2016.05.03 12:38:35.211,1.11549,1.11561,1.00,3.37
2016.05.03 12:38:37.210,1.1155,1.11561,1.00,1.37
2016.05.03 12:38:37.530,1.11553,1.11564,1.00,1.37
2016.05.03 12:38:37.733,1.11556,1.11565,1.00,1.12
2016.05.03 12:38:37.835,1.11556,1.11568,1.00,2.25
2016.05.03 12:38:37.887,1.1156,1.11568,1.00,2.25
2016.05.03 12:38:38.041,1.1156,1.11571,1.00,1.00
2016.05.03 12:38:38.437,1.1156,1.11572,1.00,1.75
2016.05.03 12:38:38.846,1.1156,1.11572,1.00,1.50
2016.05.03 12:38:40.255,1.11558,1.11571,1.00,1.00
2016.05.03 12:38:40.641,1.11558,1.11573,1.00,2.62
2016.05.03 12:38:40.743,1.11558,1.11573,1.00,2.62
2016.05.03 12:38:40.845,1.11558,1.11568,1.00,1.00
2016.05.03 12:38:41.173,1.1156,1.11572,1.00,2.62
2016.05.03 12:38:41.226,1.1156,1.11572,1.00,2.62
2016.05.03 12:38:41.534,1.11563,1.11573,1.00,3.37
2016.05.03 12:38:41.738,1.11566,1.11577,1.00,1.12
2016.05.03 12:38:42.381,1.11568,1.11578,1.00,1.50
2016.05.03 12:38:42.482,1.11568,1.1158,1.00,2.62
2016.05.03 12:38:42.787,1.11571,1.1158,1.00,1.12
2016.05.03 12:38:43.297,1.11572,1.1158,1.00,1.12
2016.05.03 12:38:43.727,1.11574,1.11584,1.00,1.87
2016.05.03 12:38:43.829,1.11574,1.11584,1.00,1.50
2016.05.03 12:38:44.253,1.11574,1.11586,1.00,1.37
2016.05.03 12:38:45.180,1.11574,1.11586,1.00,1.00
2016.05.03 12:38:46.801,1.11577,1.11589,1.00,1.75
2016.05.03 12:38:47.057,1.11578,1.11588,1.00,1.50
2016.05.03 12:38:47.567,1.11579,1.11589,1.00,1.00
2016.05.03 12:38:47.954,1.11578,1.11588,1.00,1.37
2016.05.03 12:38:48.265,1.11578,1.11589,1.00,1.12
2016.05.03 12:38:48.366,1.11578,1.1159,1.00,1.37
2016.05.03 12:38:48.875,1.11577,1.11588,1.00,1.00
2016.05.03 12:38:51.497,1.11578,1.11589,1.00,1.87
2016.05.03 12:38:51.682,1.11581,1.11591,1.00,1.75
2016.05.03 12:38:51.784,1.11581,1.11593,1.00,2.62
2016.05.03 12:38:52.292,1.11581,1.11593,1.25,1.12
2016.05.03 12:38:52.836,1.1158,1.11594,1.00,3.37
2016.05.03 12:38:54.483,1.11576,1.11593,1.25,1.87
2016.05.03 12:38:54.535,1.11576,1.11591,1.00,1.00
2016.05.03 12:38:54.840,1.11576,1.11588,1.00,1.12
2016.05.03 12:38:56.542,1.1158,1.11588,1.00,1.12
2016.05.03 12:38:56.694,1.11582,1.11592,1.00,2.25
2016.05.03 12:38:56.745,1.11584,1.11595,1.00,1.00
2016.05.03 12:38:56.797,1.11584,1.11597,1.00,1.12
2016.05.03 12:38:56.949,1.11584,1.11597,1.00,1.87
2016.05.03 12:38:57.511,1.11582,1.11594,1.00,1.12
2016.05.03 12:38:58.260,1.11585,1.11594,1.00,1.00
2016.05.03 12:38:58.311,1.11583,1.11596,1.00,1.12
2016.05.03 12:38:58.514,1.11583,1.11598,1.00,1.12
2016.05.03 12:39:00.505,1.11585,1.11598,1.00,1.12
2016.05.03 12:39:00.810,1.1159,1.11599,1.00,1.37
2016.05.03 12:39:00.912,1.11588,1.11603,1.00,1.37
2016.05.03 12:39:01.064,1.11588,1.11603,1.00,1.50
2016.05.03 12:39:01.395,1.11587,1.11602,1.00,3.00
2016.05.03 12:39:01.447,1.11589,1.11602,1.00,1.50
2016.05.03 12:39:01.651,1.11587,1.11602,1.00,1.12
2016.05.03 12:39:01.805,1.11585,1.11601,1.00,1.50
2016.05.03 12:39:01.856,1.11585,1.116,1.00,2.25
2016.05.03 12:39:01.909,1.11583,1.11598,1.25,1.12
2016.05.03 12:39:01.960,1.11583,1.11597,1.25,1.37
2016.05.03 12:39:02.012,1.1158,1.11597,1.19,1.75
2016.05.03 12:39:02.868,1.1158,1.11594,1.19,1.37
2016.05.03 12:39:03.720,1.1158,1.11595,1.19,1.50
2016.05.03 12:39:04.296,1.11583,1.11595,1.00,1.31
2016.05.03 12:39:04.551,1.11587,1.11602,1.00,1.37
2016.05.03 12:39:04.860,1.11587,1.11598,1.00,1.00
2016.05.03 12:39:04.912,1.11587,1.11603,1.00,5.06
2016.05.03 12:39:05.217,1.11587,1.11598,1.00,1.00
2016.05.03 12:39:05.319,1.11588,1.11602,1.00,1.00
2016.05.03 12:39:05.421,1.11588,1.11603,1.69,1.50
2016.05.03 12:39:05.726,1.11587,1.116,1.25,1.00
2016.05.03 12:39:06.272,1.11589,1.11603,1.00,1.75
2016.05.03 12:39:06.578,1.1159,1.11603,1.19,1.75
2016.05.03 12:39:06.832,1.1159,1.11603,1.19,1.00
2016.05.03 12:39:07.386,1.11588,1.11603,1.19,1.50
2016.05.03 12:39:08.081,1.11588,1.11605,1.19,2.25
2016.05.03 12:39:08.183,1.1159,1.11605,1.19,1.50
2016.05.03 12:39:08.487,1.1159,1.11603,1.19,1.00
2016.05.03 12:39:09.144,1.11588,1.11603,1.25,1.00
2016.05.03 12:39:09.406,1.11587,1.11604,1.69,1.87
2016.05.03 12:39:09.960,1.11587,1.11604,1.69,2.25
2016.05.03 12:39:10.503,1.11588,1.11602,1.19,1.12
2016.05.03 12:39:12.327,1.11588,1.11598,1.19,1.50
2016.05.03 12:39:12.378,1.11584,1.11595,1.19,1.00
2016.05.03 12:39:12.480,1.11582,1.11594,1.19,1.00
2016.05.03 12:39:12.687,1.11579,1.11594,1.19,2.25
2016.05.03 12:39:13.245,1.11581,1.11594,1.25,1.50
2016.05.03 12:39:13.448,1.11581,1.11597,1.37,1.12
2016.05.03 12:39:13.499,1.11578,1.11594,2.81,1.00
2016.05.03 12:39:13.551,1.1158,1.11597,1.37,1.00
2016.05.03 12:39:13.753,1.11585,1.11598,1.19,2.25
2016.05.03 12:39:13.805,1.11582,1.11598,1.19,3.00
2016.05.03 12:39:13.908,1.11584,1.11598,1.19,1.50
2016.05.03 12:39:14.212,1.11582,1.11598,1.19,1.50
2016.05.03 12:39:14.720,1.11582,1.11597,1.19,1.00
2016.05.03 12:39:14.983,1.11583,1.11598,1.69,1.50
2016.05.03 12:39:15.743,1.11583,1.11598,1.00,1.50
2016.05.03 12:39:15.795,1.11581,1.11597,1.25,1.00
2016.05.03 12:39:17.714,1.1158,1.11595,1.69,1.00
2016.05.03 12:39:19.682,1.11584,1.11598,1.00,1.50
2016.05.03 12:39:20.236,1.11584,1.11598,1.00,1.87
2016.05.03 12:39:20.743,1.11585,1.11599,1.00,1.37
2016.05.03 12:39:21.792,1.11587,1.11599,1.00,1.37
2016.05.03 12:39:23.550,1.11587,1.11599,1.00,1.87
2016.05.03 12:39:24.058,1.11587,1.11599,1.00,1.87
2016.05.03 12:39:25.134,1.11587,1.11593,1.00,1.00
2016.05.03 12:39:25.686,1.11587,1.11594,1.00,1.00
2016.05.03 12:39:26.136,1.11587,1.11598,1.00,1.12
2016.05.03 12:39:26.876,1.11587,1.11593,1.00,1.00
2016.05.03 12:39:27.551,1.11587,1.11594,1.00,1.00
2016.05.03 12:39:27.960,1.11587,1.11597,1.00,1.00
2016.05.03 12:39:28.237,1.11585,1.11598,1.00,1.12
2016.05.03 12:39:28.768,1.11585,1.11598,1.00,2.25
2016.05.03 12:39:29.671,1.11584,1.11598,1.00,3.00
2016.05.03 12:39:30.233,1.11585,1.11598,1.00,3.00
2016.05.03 12:39:30.777,1.11585,1.11598,1.00,1.50
2016.05.03 12:39:32.021,1.11585,1.11598,1.00,1.12
2016.05.03 12:39:32.123,1.11585,1.11594,1.00,1.00
2016.05.03 12:39:32.326,1.11585,1.11598,1.00,1.12
2016.05.03 12:39:32.428,1.11587,1.11598,1.00,1.12
2016.05.03 12:39:33.417,1.11587,1.11593,1.00,1.00
2016.05.03 12:39:33.964,1.11587,1.11598,1.00,1.50
2016.05.03 12:39:34.551,1.11588,1.11598,1.00,1.12
2016.05.03 12:39:36.742,1.11588,1.11599,1.00,1.50
2016.05.03 12:39:38.358,1.11588,1.11602,1.00,1.50
2016.05.03 12:39:38.924,1.11588,1.11599,1.00,1.00
2016.05.03 12:39:39.733,1.1159,1.11599,1.00,1.00
2016.05.03 12:39:40.499,1.11588,1.11599,1.00,1.12
2016.05.03 12:39:41.006,1.11587,1.11599,1.00,1.37
2016.05.03 12:39:41.346,1.11589,1.11602,1.00,2.62
2016.05.03 12:39:41.652,1.11592,1.11604,1.00,1.75
2016.05.03 12:39:41.955,1.11594,1.11605,1.00,1.12
2016.05.03 12:39:42.006,1.11594,1.11606,1.00,1.50
2016.05.03 12:39:42.058,1.11594,1.11606,1.00,1.12
2016.05.03 12:39:42.578,1.11595,1.11607,1.00,2.62
2016.05.03 12:39:43.974,1.11591,1.11604,1.19,1.00
2016.05.03 12:39:44.491,1.11593,1.11603,1.00,1.00
2016.05.03 12:39:44.998,1.11593,1.11604,1.00,1.12
2016.05.03 12:39:45.539,1.11591,1.11604,1.00,1.12
2016.05.03 12:39:45.744,1.11589,1.11604,1.00,1.50
2016.05.03 12:39:46.050,1.11586,1.11599,1.00,1.12
2016.05.03 12:39:46.355,1.11584,1.116,1.00,1.75
2016.05.03 12:39:46.703,1.11586,1.11599,1.00,1.12
2016.05.03 12:39:46.855,1.11588,1.11602,1.00,1.50
2016.05.03 12:39:47.059,1.11589,1.11598,1.00,1.00
2016.05.03 12:39:47.161,1.11589,1.11604,1.00,2.62
2016.05.03 12:39:47.567,1.11589,1.11599,1.00,1.00
2016.05.03 12:39:47.669,1.11589,1.11604,1.00,1.12
2016.05.03 12:39:47.771,1.11589,1.11604,1.69,1.12
2016.05.03 12:39:48.382,1.11589,1.11604,1.69,2.25
2016.05.03 12:39:48.891,1.11589,1.11604,1.69,2.25
2016.05.03 12:39:49.197,1.11589,1.11604,1.69,2.25
2016.05.03 12:39:49.592,1.11592,1.11604,1.00,1.12
2016.05.03 12:39:50.548,1.11591,1.11602,1.19,1.00
2016.05.03 12:39:50.650,1.11586,1.11601,1.69,1.87
2016.05.03 12:39:51.197,1.11584,1.11598,1.25,1.87
2016.05.03 12:39:51.705,1.11584,1.11598,1.25,1.87
2016.05.03 12:39:52.228,1.11584,1.11598,1.25,1.00
2016.05.03 12:39:53.612,1.11584,1.11598,1.69,1.00
2016.05.03 12:39:54.061,1.11586,1.11601,1.25,1.50
2016.05.03 12:39:54.570,1.11589,1.11601,1.69,1.00
2016.05.03 12:39:54.828,1.11589,1.11603,1.69,1.50
2016.05.03 12:39:55.338,1.11589,1.11604,1.69,1.12
2016.05.03 12:39:55.871,1.11591,1.11603,1.25,1.00
2016.05.03 12:39:56.374,1.11591,1.11605,1.19,2.25
2016.05.03 12:39:57.875,1.11592,1.11603,1.25,1.00
2016.05.03 12:40:00.275,1.11592,1.11606,1.25,1.87
2016.05.03 12:40:00.803,1.11594,1.11604,1.00,1.00
2016.05.03 12:40:00.905,1.11594,1.11608,1.00,1.50
2016.05.03 12:40:01.058,1.11596,1.11608,1.00,1.12
2016.05.03 12:40:01.212,1.11593,1.1161,1.00,1.75
2016.05.03 12:40:01.946,1.11593,1.11609,1.00,1.12
2016.05.03 12:40:01.997,1.11593,1.11609,1.00,1.75
2016.05.03 12:40:02.302,1.11597,1.11608,1.00,1.00
2016.05.03 12:40:02.981,1.11597,1.11609,1.00,1.12
2016.05.03 12:40:03.691,1.11597,1.11612,1.00,1.00
2016.05.03 12:40:04.338,1.11598,1.11612,1.00,1.50
2016.05.03 12:40:04.389,1.11598,1.11609,1.00,1.00
2016.05.03 12:40:04.718,1.11598,1.11612,1.00,1.50
2016.05.03 12:40:05.160,1.11596,1.11611,1.00,1.00
2016.05.03 12:40:05.211,1.11594,1.11609,1.25,1.00
2016.05.03 12:40:06.118,1.11594,1.11608,1.00,1.00
2016.05.03 12:40:06.797,1.11594,1.11609,1.00,1.00
2016.05.03 12:40:07.317,1.11595,1.11611,1.00,1.50
2016.05.03 12:40:07.866,1.11595,1.11609,1.00,1.00
2016.05.03 12:40:08.171,1.11595,1.11611,1.00,1.50
2016.05.03 12:40:08.222,1.11597,1.11611,1.00,1.00
2016.05.03 12:40:08.476,1.11601,1.11617,1.00,1.50
2016.05.03 12:40:09.083,1.11601,1.11618,1.37,3.37
2016.05.03 12:40:09.596,1.11601,1.11618,1.37,3.00
2016.05.03 12:40:09.909,1.11601,1.11613,1.37,1.00
2016.05.03 12:40:10.209,1.11603,1.11617,1.00,1.37
2016.05.03 12:40:10.476,1.11603,1.11618,1.00,1.50
2016.05.03 12:40:10.680,1.11603,1.11618,1.00,1.87
2016.05.03 12:40:11.013,1.11601,1.11613,2.06,1.00
2016.05.03 12:40:11.526,1.11601,1.11614,1.69,1.00
2016.05.03 12:40:12.033,1.11603,1.11614,1.00,1.00
2016.05.03 12:40:12.562,1.11603,1.11614,1.69,1.00
2016.05.03 12:40:13.402,1.11603,1.11614,1.25,1.00
2016.05.03 12:40:13.935,1.11602,1.11613,1.19,1.00
2016.05.03 12:40:15.412,1.11602,1.11614,1.69,1.00
2016.05.03 12:40:16.096,1.11602,1.11615,1.69,1.00
2016.05.03 12:40:16.401,1.11602,1.11613,1.69,1.00
2016.05.03 12:40:16.945,1.11604,1.11614,1.00,1.00
2016.05.03 12:40:18.053,1.11604,1.11613,1.00,1.00
2016.05.03 12:40:18.459,1.11599,1.11613,1.00,1.37
2016.05.03 12:40:19.012,1.11599,1.11613,1.00,1.00
2016.05.03 12:40:20.332,1.11601,1.11613,1.00,1.12
2016.05.03 12:40:21.061,1.11603,1.11613,1.00,1.50
2016.05.03 12:40:21.530,1.11605,1.11614,1.19,1.00
2016.05.03 12:40:21.683,1.11603,1.11614,1.19,1.00
2016.05.03 12:40:22.317,1.11605,1.11617,1.00,1.00
2016.05.03 12:40:22.419,1.11605,1.11619,1.00,1.87
2016.05.03 12:40:22.616,1.11605,1.11613,1.00,1.00
2016.05.03 12:40:22.769,1.11602,1.11613,1.25,1.00
2016.05.03 12:40:23.276,1.11605,1.11613,1.00,1.00
2016.05.03 12:40:23.429,1.11605,1.11619,1.00,2.25
2016.05.03 12:40:23.531,1.11608,1.11622,1.00,1.87
2016.05.03 12:40:23.582,1.11608,1.11622,1.00,1.50
2016.05.03 12:40:23.725,1.11607,1.11618,1.00,1.87
2016.05.03 12:40:23.776,1.11604,1.11618,1.00,2.25
2016.05.03 12:40:23.828,1.11602,1.11618,1.00,1.87
2016.05.03 12:40:23.929,1.11602,1.11614,1.00,1.00
2016.05.03 12:40:24.456,1.11602,1.11613,1.00,1.00
2016.05.03 12:40:24.608,1.116,1.11613,1.00,1.00
2016.05.03 12:40:25.310,1.11602,1.11613,1.00,1.00
2016.05.03 12:40:25.817,1.11601,1.11613,1.00,1.00
2016.05.03 12:40:26.365,1.11601,1.11614,1.00,1.00
2016.05.03 12:40:27.332,1.11601,1.11618,1.00,1.00
2016.05.03 12:40:27.434,1.11604,1.11618,1.00,1.37
2016.05.03 12:40:27.983,1.11602,1.11618,1.69,1.87
2016.05.03 12:40:28.288,1.11602,1.11613,1.00,1.00
2016.05.03 12:40:28.792,1.11601,1.11613,1.00,1.00
2016.05.03 12:40:29.305,1.11601,1.11613,1.00,1.50
2016.05.03 12:40:29.508,1.11599,1.11613,1.00,1.87
2016.05.03 12:40:29.610,1.11597,1.11613,1.25,1.50
2016.05.03 12:40:29.661,1.11597,1.11613,1.25,1.75
2016.05.03 12:40:29.965,1.11597,1.11608,1.25,1.00
2016.05.03 12:40:30.439,1.11597,1.11613,1.31,1.37
2016.05.03 12:40:30.491,1.11599,1.11613,1.00,1.00
2016.05.03 12:40:30.828,1.11601,1.11609,1.00,1.00
2016.05.03 12:40:30.930,1.11602,1.11614,1.00,1.12
2016.05.03 12:40:31.082,1.11604,1.11613,1.00,1.00
2016.05.03 12:40:31.133,1.11604,1.11619,1.00,1.50
2016.05.03 12:40:31.676,1.11605,1.11619,1.00,1.12
2016.05.03 12:40:32.183,1.11605,1.11618,1.00,1.00
2016.05.03 12:40:32.728,1.11603,1.11618,2.44,1.50
2016.05.03 12:40:32.830,1.11602,1.11617,1.25,1.12
2016.05.03 12:40:33.116,1.11602,1.11614,1.25,1.00
2016.05.03 12:40:33.717,1.11602,1.11613,1.00,1.00
2016.05.03 12:40:34.545,1.11602,1.11614,1.00,1.00
2016.05.03 12:40:35.233,1.11602,1.11613,1.00,1.00
2016.05.03 12:40:35.799,1.11603,1.11613,1.00,1.00
2016.05.03 12:40:35.850,1.11603,1.11618,1.25,1.50
2016.05.03 12:40:35.901,1.11605,1.11618,1.00,1.12
2016.05.03 12:40:36.053,1.11605,1.1162,1.62,1.50
2016.05.03 12:40:36.561,1.11605,1.11619,1.00,1.50
2016.05.03 12:40:37.473,1.11605,1.1162,1.00,1.75
2016.05.03 12:40:37.841,1.11603,1.11619,1.25,2.25
2016.05.03 12:40:38.383,1.11603,1.11619,1.25,1.87
2016.05.03 12:40:39.596,1.11603,1.11619,1.25,1.87
2016.05.03 12:40:39.799,1.11599,1.11616,1.62,1.00
2016.05.03 12:40:39.851,1.11599,1.11614,1.62,1.00
2016.05.03 12:40:40.054,1.11598,1.11613,1.25,1.00
2016.05.03 12:40:40.156,1.11599,1.11613,1.50,1.12
2016.05.03 12:40:40.658,1.11598,1.11615,1.81,1.75
2016.05.03 12:40:40.710,1.11599,1.11615,1.25,1.00
2016.05.03 12:40:41.239,1.11598,1.11615,1.81,1.50
2016.05.03 12:40:41.595,1.11597,1.11614,2.06,2.25
2016.05.03 12:40:41.905,1.11597,1.11609,1.31,1.00
2016.05.03 12:40:41.957,1.11597,1.11613,1.31,1.00
2016.05.03 12:40:42.464,1.11597,1.11612,1.00,1.00
2016.05.03 12:40:42.861,1.11596,1.11608,1.25,1.00
2016.05.03 12:40:43.406,1.11595,1.11608,1.00,1.00
2016.05.03 12:40:44.560,1.11595,1.11611,1.00,1.50
2016.05.03 12:40:44.611,1.11597,1.11611,1.00,1.00
2016.05.03 12:40:45.172,1.11597,1.11612,2.06,1.00
2016.05.03 12:40:45.481,1.11592,1.11608,1.19,1.00
2016.05.03 12:40:45.736,1.11591,1.11608,1.80,1.50
2016.05.03 12:40:46.748,1.11591,1.11603,1.12,1.00
2016.05.03 12:40:46.952,1.11591,1.11606,1.49,1.12
2016.05.03 12:40:47.814,1.11591,1.11606,1.24,1.12
2016.05.03 12:40:50.441,1.11591,1.11606,1.00,1.50
2016.05.03 12:40:50.574,1.11588,1.11606,2.06,2.25
2016.05.03 12:40:51.081,1.11588,1.11606,1.12,1.12
2016.05.03 12:40:51.684,1.11589,1.11606,1.19,1.12
2016.05.03 12:40:52.227,1.11592,1.11606,1.19,1.00
2016.05.03 12:40:52.279,1.11592,1.11609,1.19,3.00
2016.05.03 12:40:52.584,1.11595,1.11609,1.19,1.00
2016.05.03 12:40:52.635,1.11596,1.11612,1.25,1.87
2016.05.03 12:40:52.923,1.116,1.11613,1.00,1.50
2016.05.03 12:40:53.025,1.11598,1.11613,1.00,3.00
2016.05.03 12:40:53.535,1.11597,1.11612,1.00,1.87
2016.05.03 12:40:55.654,1.11597,1.11609,1.00,1.00
2016.05.03 12:40:56.274,1.11598,1.11612,1.00,1.37
2016.05.03 12:40:56.377,1.11597,1.11608,1.00,1.00
2016.05.03 12:40:56.894,1.11597,1.11612,1.00,1.37
2016.05.03 12:40:57.371,1.11598,1.11608,1.00,1.00
2016.05.03 12:40:57.423,1.11596,1.11608,1.00,1.00
2016.05.03 12:40:57.628,1.11594,1.11609,1.12,1.00
2016.05.03 12:40:57.679,1.11594,1.11603,1.12,1.00
2016.05.03 12:40:58.171,1.11595,1.11609,1.25,1.12
2016.05.03 12:40:59.079,1.11596,1.11609,1.00,1.12
2016.05.03 12:40:59.547,1.11599,1.11612,1.00,1.12
2016.05.03 12:40:59.852,1.11602,1.11612,1.00,1.12
2016.05.03 12:41:00.158,1.11599,1.11612,1.00,1.12
2016.05.03 12:41:01.666,1.11602,1.11612,1.00,1.12
2016.05.03 12:41:02.169,1.11601,1.11614,1.00,1.00
2016.05.03 12:41:02.373,1.11602,1.11616,1.00,1.00
2016.05.03 12:41:02.677,1.11604,1.11617,1.00,1.00
2016.05.03 12:41:02.830,1.11604,1.11619,1.00,1.87
2016.05.03 12:41:03.392,1.11605,1.11619,1.00,1.50
2016.05.03 12:41:03.595,1.11606,1.11621,1.00,1.12
2016.05.03 12:41:04.140,1.11606,1.11622,1.25,1.87
2016.05.03 12:41:04.266,1.11606,1.11622,2.06,1.87
2016.05.03 12:41:04.422,1.1161,1.11625,1.00,1.00
2016.05.03 12:41:04.474,1.1161,1.11623,1.00,1.00
2016.05.03 12:41:04.679,1.11608,1.11623,1.00,1.00
2016.05.03 12:41:05.251,1.11607,1.11623,1.00,2.25
2016.05.03 12:41:05.764,1.11607,1.11623,1.00,2.62
2016.05.03 12:41:05.917,1.11606,1.1162,1.00,1.37
2016.05.03 12:41:06.426,1.11606,1.11618,1.00,1.00
2016.05.03 12:41:06.657,1.11606,1.1162,1.00,1.87
2016.05.03 12:41:07.571,1.11607,1.11622,1.00,1.12
2016.05.03 12:41:07.673,1.11607,1.11623,1.00,1.87
2016.05.03 12:41:07.724,1.11609,1.11623,1.00,1.37
2016.05.03 12:41:09.695,1.1161,1.11623,1.00,1.50
2016.05.03 12:41:10.303,1.11611,1.11623,1.00,1.50
2016.05.03 12:41:10.575,1.11611,1.11625,1.00,1.12
2016.05.03 12:41:10.778,1.11613,1.11626,1.00,1.00
2016.05.03 12:41:10.931,1.11613,1.11628,1.00,1.00
2016.05.03 12:41:11.489,1.11613,1.11629,1.00,2.25
2016.05.03 12:41:11.937,1.11617,1.11629,1.00,1.00
2016.05.03 12:41:12.090,1.11617,1.11632,1.00,2.34
2016.05.03 12:41:12.245,1.1162,1.11634,1.00,3.75
2016.05.03 12:41:12.398,1.11622,1.11634,1.00,1.50
2016.05.03 12:41:12.551,1.11622,1.11637,1.00,1.87
2016.05.03 12:41:13.009,1.11624,1.11637,1.00,1.00
2016.05.03 12:41:13.249,1.11624,1.11641,1.00,3.37
2016.05.03 12:41:13.758,1.11626,1.11641,1.00,1.87
2016.05.03 12:41:14.012,1.11627,1.11642,1.00,1.12
2016.05.03 12:41:14.343,1.11629,1.11643,1.00,1.37
2016.05.03 12:41:15.101,1.11631,1.11646,1.00,1.75
2016.05.03 12:41:15.203,1.11634,1.11647,1.00,1.87
2016.05.03 12:41:15.340,1.11636,1.11647,1.00,1.00
2016.05.03 12:41:15.442,1.11639,1.11651,1.00,1.00
2016.05.03 12:41:15.595,1.11639,1.11653,1.00,1.50
2016.05.03 12:41:15.952,1.11641,1.11653,1.00,1.87
2016.05.03 12:41:16.054,1.11639,1.11653,1.31,1.00
2016.05.03 12:41:16.215,1.11639,1.11655,1.00,1.50
2016.05.03 12:41:16.742,1.11639,1.11654,1.00,1.50
2016.05.03 12:41:17.703,1.11639,1.11653,1.00,1.00
2016.05.03 12:41:18.147,1.11636,1.11653,2.44,1.00
2016.05.03 12:41:19.588,1.11636,1.11654,2.44,1.50
2016.05.03 12:41:21.684,1.11636,1.11651,1.69,1.00
2016.05.03 12:41:22.041,1.11636,1.11649,1.00,1.00
2016.05.03 12:41:22.194,1.11634,1.11652,1.00,1.87
2016.05.03 12:41:22.245,1.11632,1.11646,1.50,1.00
2016.05.03 12:41:22.501,1.1163,1.11645,1.00,1.12
2016.05.03 12:41:22.654,1.1163,1.11641,1.00,1.00
2016.05.03 12:41:22.992,1.11623,1.11638,1.31,1.00
2016.05.03 12:41:23.627,1.11623,1.11639,1.19,1.12
2016.05.03 12:41:24.012,1.11622,1.11639,1.12,1.50
2016.05.03 12:41:24.994,1.11624,1.11639,1.00,1.00
2016.05.03 12:41:25.316,1.1162,1.11635,2.25,1.00
2016.05.03 12:41:25.520,1.11619,1.11635,1.25,1.12
2016.05.03 12:41:26.271,1.11618,1.11635,2.25,1.12
2016.05.03 12:41:26.324,1.1162,1.11636,1.31,1.00
2016.05.03 12:41:26.631,1.11622,1.11638,1.50,1.00
2016.05.03 12:41:27.179,1.11621,1.11638,1.69,1.50
2016.05.03 12:41:27.685,1.11621,1.11638,1.00,2.62
2016.05.03 12:41:28.189,1.11622,1.11637,1.25,1.50
2016.05.03 12:41:28.494,1.11621,1.11637,1.69,2.25
2016.05.03 12:41:28.648,1.11619,1.11637,2.00,2.25
2016.05.03 12:41:28.700,1.11618,1.11634,3.00,1.00
2016.05.03 12:41:28.906,1.11616,1.11631,1.25,1.12
2016.05.03 12:41:29.226,1.11615,1.1163,1.00,1.37
2016.05.03 12:41:29.734,1.11616,1.11632,1.00,1.00
2016.05.03 12:41:29.836,1.11618,1.11633,1.00,1.50
2016.05.03 12:41:30.246,1.11619,1.11635,1.00,1.12
2016.05.03 12:41:31.639,1.11621,1.11639,1.31,1.50
2016.05.03 12:41:31.741,1.11623,1.1164,1.00,1.50
2016.05.03 12:41:32.046,1.11622,1.11638,1.00,1.00
2016.05.03 12:41:32.351,1.11624,1.11639,1.00,1.00
2016.05.03 12:41:32.897,1.11624,1.1164,1.00,2.25
2016.05.03 12:41:33.147,1.11626,1.1164,1.00,1.00
2016.05.03 12:41:33.655,1.11626,1.11641,1.00,1.00
2016.05.03 12:41:34.197,1.11623,1.11641,2.44,1.50
2016.05.03 12:41:34.451,1.11627,1.11643,1.31,1.12
2016.05.03 12:41:34.502,1.11627,1.11641,1.31,1.00
2016.05.03 12:41:34.811,1.11622,1.11638,1.62,1.00
2016.05.03 12:41:34.862,1.11621,1.11638,1.12,1.87
2016.05.03 12:41:36.139,1.1162,1.11635,2.44,1.00
2016.05.03 12:41:36.483,1.11617,1.11632,3.56,1.00
2016.05.03 12:41:36.687,1.11617,1.11632,2.44,1.00
2016.05.03 12:41:36.739,1.11618,1.11636,1.37,1.50
2016.05.03 12:41:37.197,1.11617,1.11634,2.44,1.00
2016.05.03 12:41:37.351,1.11619,1.11636,1.69,1.00
2016.05.03 12:41:37.403,1.1162,1.11636,1.00,1.50
2016.05.03 12:41:37.747,1.11622,1.11636,1.00,1.37
2016.05.03 12:41:38.253,1.11622,1.11637,1.00,1.50
2016.05.03 12:41:39.648,1.11619,1.11636,1.31,1.12
2016.05.03 12:41:40.510,1.1162,1.11636,1.19,1.12
2016.05.03 12:41:41.035,1.1162,1.11635,1.19,1.00
2016.05.03 12:41:41.630,1.1162,1.11636,1.19,1.12
2016.05.03 12:41:41.974,1.1162,1.11633,1.19,1.00
2016.05.03 12:41:42.228,1.11621,1.11637,1.25,1.00
2016.05.03 12:41:42.279,1.11622,1.11637,1.19,1.00
2016.05.03 12:41:42.535,1.11623,1.1164,1.25,1.50
2016.05.03 12:41:42.637,1.11624,1.11639,1.19,1.00
2016.05.03 12:41:43.172,1.11624,1.11639,1.25,1.00
2016.05.03 12:41:43.428,1.11624,1.11642,1.25,1.87
2016.05.03 12:41:43.479,1.11622,1.11639,2.44,1.00
2016.05.03 12:41:43.870,1.1162,1.11635,1.69,1.12
2016.05.03 12:41:44.852,1.11618,1.11633,1.94,1.00
2016.05.03 12:41:44.966,1.11619,1.11635,1.56,1.12
2016.05.03 12:41:45.018,1.11623,1.11635,1.00,1.00
2016.05.03 12:41:45.172,1.11624,1.1164,1.12,1.00
2016.05.03 12:41:45.223,1.11626,1.11642,1.00,1.50
2016.05.03 12:41:45.528,1.11618,1.1163,1.19,1.00
2016.05.03 12:41:45.680,1.11614,1.11629,1.75,1.00
2016.05.03 12:41:45.732,1.11612,1.11629,2.44,1.12
2016.05.03 12:41:45.877,1.11615,1.1163,1.00,1.12
2016.05.03 12:41:46.185,1.11614,1.11629,1.25,1.75
2016.05.03 12:41:46.596,1.11613,1.11629,1.25,1.37
2016.05.03 12:41:46.648,1.11613,1.11628,1.25,1.37
2016.05.03 12:41:46.749,1.11613,1.11629,1.00,1.00
2016.05.03 12:41:46.891,1.11613,1.11627,1.19,1.87
2016.05.03 12:41:47.399,1.11613,1.11627,1.19,1.37
2016.05.03 12:41:47.552,1.11611,1.11626,1.69,1.37
2016.05.03 12:41:47.654,1.11609,1.11626,2.06,1.87
2016.05.03 12:41:47.976,1.11613,1.11628,1.00,1.61
2016.05.03 12:41:48.028,1.11613,1.11628,1.25,1.24
2016.05.03 12:41:48.231,1.1161,1.11627,2.44,1.00
2016.05.03 12:41:48.769,1.1161,1.11628,1.69,2.34
2016.05.03 12:41:49.295,1.1161,1.11626,1.00,1.12
2016.05.03 12:41:49.754,1.11609,1.11625,1.25,1.37
2016.05.03 12:41:50.329,1.11608,1.11623,1.25,1.37
2016.05.03 12:41:50.684,1.11608,1.11624,2.44,1.00
2016.05.03 12:41:51.039,1.1161,1.11625,1.37,1.00
2016.05.03 12:41:51.191,1.1161,1.11628,2.44,1.12
2016.05.03 12:41:51.535,1.11611,1.11628,1.31,1.50
2016.05.03 12:41:51.946,1.11611,1.11627,1.31,1.00
2016.05.03 12:41:52.455,1.1161,1.11626,1.69,1.00
2016.05.03 12:41:53.025,1.11611,1.11627,1.31,1.00
2016.05.03 12:41:53.732,1.11612,1.11629,1.00,1.12
2016.05.03 12:41:54.190,1.11614,1.1163,1.69,1.50
2016.05.03 12:41:54.781,1.11614,1.1163,2.06,1.00
2016.05.03 12:41:55.291,1.11616,1.11631,1.00,1.12
2016.05.03 12:41:55.702,1.11617,1.11633,1.00,1.00
2016.05.03 12:41:55.900,1.11618,1.11635,1.00,1.00
2016.05.03 12:41:56.408,1.11619,1.11635,1.00,1.00
2016.05.03 12:41:59.744,1.11619,1.11634,1.00,1.00
2016.05.03 12:42:00.543,1.11621,1.11638,1.00,2.25
2016.05.03 12:42:00.848,1.11622,1.1164,1.94,1.00
2016.05.03 12:42:02.116,1.11625,1.11643,1.31,1.50
2016.05.03 12:42:02.319,1.11628,1.11643,1.00,1.37
2016.05.03 12:42:02.826,1.11628,1.11643,1.25,1.00
2016.05.03 12:42:04.768,1.11628,1.11646,1.25,3.00
2016.05.03 12:42:04.972,1.11631,1.11646,1.19,1.00
2016.05.03 12:42:06.070,1.1163,1.11645,1.69,1.00
2016.05.03 12:42:06.173,1.11629,1.11645,1.37,1.00
2016.05.03 12:42:06.757,1.11628,1.11645,2.06,1.12
2016.05.03 12:42:07.266,1.11629,1.11645,1.00,1.00
2016.05.03 12:42:08.053,1.11629,1.11647,1.50,1.00
2016.05.03 12:42:08.153,1.1163,1.11647,1.19,1.00
2016.05.03 12:42:10.687,1.11631,1.11647,1.00,1.00
2016.05.03 12:42:11.400,1.11631,1.11648,1.62,1.37
2016.05.03 12:42:11.705,1.11634,1.11651,1.12,1.50
2016.05.03 12:42:11.756,1.11634,1.11651,1.12,1.50
2016.05.03 12:42:12.261,1.11634,1.11651,2.06,1.87
2016.05.03 12:42:13.281,1.11634,1.11651,2.06,1.00
2016.05.03 12:42:13.783,1.11636,1.11652,1.37,1.00
2016.05.03 12:42:15.304,1.11636,1.11652,2.06,1.00
2016.05.03 12:42:15.823,1.11636,1.11652,1.37,1.00
2016.05.03 12:42:16.818,1.11634,1.11651,2.44,1.00
2016.05.03 12:42:16.869,1.11634,1.11651,2.44,1.12
2016.05.03 12:42:17.390,1.11636,1.11643,1.19,1.00
2016.05.03 12:42:17.492,1.11634,1.11642,1.31,1.00
2016.05.03 12:42:18.392,1.11634,1.11642,1.25,1.00
2016.05.03 12:42:18.495,1.11635,1.11642,1.19,1.00
2016.05.03 12:42:18.597,1.11634,1.11642,1.19,1.00
2016.05.03 12:42:18.904,1.11632,1.1164,1.56,1.00
2016.05.03 12:42:19.418,1.11633,1.11641,1.19,1.00
2016.05.03 12:42:19.723,1.11633,1.11642,1.19,1.00
2016.05.03 12:42:19.826,1.11633,1.11641,1.19,1.00
2016.05.03 12:42:20.357,1.11633,1.1164,1.00,1.00
2016.05.03 12:42:20.455,1.11631,1.1164,1.25,1.00
2016.05.03 12:42:21.791,1.11632,1.1164,1.19,1.00
2016.05.03 12:42:21.893,1.11631,1.11639,1.00,1.00
2016.05.03 12:42:22.249,1.11629,1.11638,1.69,1.00
2016.05.03 12:42:25.214,1.11629,1.1164,1.19,1.00
2016.05.03 12:42:25.265,1.11629,1.11637,1.19,1.00
2016.05.03 12:42:25.771,1.1163,1.11637,1.19,1.00
2016.05.03 12:42:27.076,1.1163,1.11639,1.19,1.00
2016.05.03 12:42:27.179,1.11628,1.11638,1.31,1.00
2016.05.03 12:42:27.332,1.11628,1.11636,1.31,1.00
2016.05.03 12:42:27.640,1.11626,1.11633,1.19,1.00
2016.05.03 12:42:27.847,1.11623,1.11632,2.06,1.00
2016.05.03 12:42:28.272,1.11625,1.11632,1.19,1.00
2016.05.03 12:42:28.374,1.11624,1.11631,1.19,1.00
2016.05.03 12:42:29.181,1.11622,1.11631,1.00,1.00
2016.05.03 12:42:29.323,1.11622,1.11629,1.00,1.00
2016.05.03 12:42:29.874,1.11622,1.1163,1.69,1.00
2016.05.03 12:42:30.248,1.11624,1.1163,1.31,1.00
2016.05.03 12:42:30.299,1.11624,1.11633,1.31,1.00
2016.05.03 12:42:30.958,1.11624,1.11632,1.31,1.00
2016.05.03 12:42:31.419,1.11623,1.11633,2.06,1.00
2016.05.03 12:42:31.571,1.11623,1.11631,1.12,1.00
2016.05.03 12:42:32.540,1.11622,1.11631,2.06,1.00
2016.05.03 12:42:33.342,1.11622,1.11631,1.69,1.00
2016.05.03 12:42:33.936,1.11623,1.11631,1.12,1.00
2016.05.03 12:42:34.542,1.11622,1.11631,2.06,1.00
2016.05.03 12:42:35.178,1.11622,1.11631,1.62,1.00
2016.05.03 12:42:35.482,1.11626,1.11633,1.12,1.00
2016.05.03 12:42:35.784,1.11627,1.11633,1.37,1.00
2016.05.03 12:42:36.466,1.11625,1.11633,1.69,1.00
2016.05.03 12:42:36.923,1.11625,1.11631,1.00,1.00
2016.05.03 12:42:37.167,1.11621,1.1163,1.69,1.00
2016.05.03 12:42:41.283,1.11621,1.1163,1.87,1.00
2016.05.03 12:42:41.909,1.11621,1.1163,2.81,1.00
2016.05.03 12:42:45.281,1.11621,1.11632,3.56,1.00
2016.05.03 12:42:45.332,1.11623,1.11634,1.31,1.00
2016.05.03 12:42:45.530,1.11624,1.11634,2.06,1.00
2016.05.03 12:42:46.054,1.11624,1.11634,1.56,1.00
2016.05.03 12:42:47.223,1.11624,1.11632,1.19,1.00
2016.05.03 12:42:47.807,1.11624,1.11633,2.06,1.00
2016.05.03 12:42:49.386,1.11624,1.11635,2.06,1.00
2016.05.03 12:42:54.375,1.11624,1.11634,2.06,1.00
2016.05.03 12:42:55.939,1.11627,1.11638,1.00,1.00
2016.05.03 12:42:55.991,1.11629,1.11638,1.19,1.00
2016.05.03 12:42:56.144,1.11625,1.11635,1.50,1.00
2016.05.03 12:42:56.328,1.11622,1.11635,1.50,1.00
2016.05.03 12:42:56.496,1.11622,1.11632,1.50,1.00
2016.05.03 12:42:56.801,1.11623,1.11632,1.37,1.00
2016.05.03 12:42:57.106,1.11622,1.11631,1.12,1.00
2016.05.03 12:42:57.259,1.11619,1.11631,1.50,1.00
2016.05.03 12:42:57.484,1.11621,1.11631,1.37,1.00
2016.05.03 12:42:57.914,1.11621,1.11634,1.37,1.00
2016.05.03 12:42:57.965,1.11623,1.11634,1.37,1.00
2016.05.03 12:42:58.270,1.11626,1.11634,1.00,1.00
2016.05.03 12:42:59.355,1.11627,1.11634,1.00,1.00
2016.05.03 12:42:59.406,1.11627,1.11636,1.00,1.00
2016.05.03 12:42:59.508,1.11627,1.11638,1.87,1.00
2016.05.03 12:42:59.559,1.11631,1.11638,1.00,1.00
2016.05.03 12:42:59.611,1.11631,1.1164,1.00,1.00
2016.05.03 12:43:00.154,1.11629,1.1164,1.37,1.00
2016.05.03 12:43:04.433,1.11627,1.1164,2.62,1.00
2016.05.03 12:43:04.939,1.11627,1.11639,1.87,1.00
2016.05.03 12:43:05.420,1.11626,1.11639,1.87,1.00
2016.05.03 12:43:05.522,1.11628,1.11639,1.50,1.00
2016.05.03 12:43:05.624,1.11628,1.11639,1.50,1.00
2016.05.03 12:43:05.929,1.11632,1.11638,1.00,1.00
2016.05.03 12:43:06.082,1.11628,1.11637,1.12,1.00
2016.05.03 12:43:06.626,1.11628,1.11636,1.00,1.00
2016.05.03 12:43:06.883,1.11626,1.11636,1.00,1.00
2016.05.03 12:43:07.037,1.11626,1.11634,1.00,1.00
2016.05.03 12:43:07.283,1.11624,1.11634,1.87,1.00
2016.05.03 12:43:07.334,1.11624,1.11632,1.50,1.00
2016.05.03 12:43:07.843,1.11622,1.11632,1.37,1.00
2016.05.03 12:43:08.147,1.11622,1.11629,1.00,1.00
2016.05.03 12:43:08.677,1.11621,1.11633,2.62,1.00
2016.05.03 12:43:09.684,1.11622,1.11636,1.00,1.00
2016.05.03 12:43:09.736,1.11622,1.11639,1.12,1.00
2016.05.03 12:43:09.787,1.11627,1.11639,1.00,1.00
2016.05.03 12:43:10.375,1.11626,1.11639,1.50,1.00
2016.05.03 12:43:10.478,1.11626,1.11642,2.25,1.00
2016.05.03 12:43:10.580,1.11631,1.11642,1.00,1.00
2016.05.03 12:43:10.682,1.11631,1.11644,1.00,1.00
2016.05.03 12:43:12.762,1.11632,1.11644,1.00,1.00
2016.05.03 12:43:13.966,1.11632,1.11645,1.00,1.00
2016.05.03 12:43:14.180,1.11636,1.11645,1.00,1.00
2016.05.03 12:43:14.283,1.11631,1.11645,1.00,1.00
2016.05.03 12:43:14.787,1.11629,1.11645,1.50,1.00
2016.05.03 12:43:15.297,1.11631,1.11645,1.00,1.00
2016.05.03 12:43:16.212,1.11629,1.11645,1.50,1.00
2016.05.03 12:43:17.710,1.11628,1.11645,3.00,1.00
2016.05.03 12:43:18.871,1.11631,1.11646,1.37,1.00
2016.05.03 12:43:24.101,1.11633,1.11648,1.00,1.00
2016.05.03 12:43:25.798,1.11633,1.11648,1.50,1.00
2016.05.03 12:43:25.850,1.11634,1.11651,1.25,1.12
2016.05.03 12:43:26.025,1.11634,1.11648,1.75,1.00
2016.05.03 12:43:26.127,1.11634,1.1165,2.62,1.12
2016.05.03 12:43:26.280,1.11635,1.1165,1.12,1.00
2016.05.03 12:43:26.332,1.11635,1.11652,2.25,1.00
2016.05.03 12:43:26.485,1.11639,1.11654,1.00,1.00
2016.05.03 12:43:26.587,1.11638,1.11654,1.75,1.00
2016.05.03 12:43:27.114,1.11638,1.11655,3.00,1.00
2016.05.03 12:43:27.622,1.11638,1.11654,2.25,1.00
2016.05.03 12:43:27.775,1.11639,1.11656,1.50,1.12
2016.05.03 12:43:29.969,1.11641,1.11657,1.00,1.00
2016.05.03 12:43:30.122,1.11643,1.11658,1.00,1.00
2016.05.03 12:43:30.461,1.11643,1.1166,1.00,1.50
2016.05.03 12:43:30.563,1.11646,1.11661,1.00,1.87
2016.05.03 12:43:31.094,1.11646,1.11661,1.12,1.00
2016.05.03 12:43:33.190,1.11646,1.11661,1.37,1.00
2016.05.03 12:43:33.393,1.11645,1.1166,1.12,1.00
2016.05.03 12:43:33.596,1.11647,1.1166,1.00,1.00
2016.05.03 12:43:33.698,1.11645,1.1166,1.50,1.00
2016.05.03 12:43:35.271,1.11645,1.11659,1.12,1.00
2016.05.03 12:43:35.981,1.11644,1.1166,1.87,1.00
2016.05.03 12:43:36.319,1.11644,1.11658,1.87,1.00
2016.05.03 12:43:36.421,1.11644,1.1166,1.87,1.00
2016.05.03 12:43:38.267,1.11644,1.1166,1.87,1.00
2016.05.03 12:43:39.180,1.11646,1.11661,1.12,1.00
2016.05.03 12:43:39.687,1.11643,1.11661,2.06,1.00
2016.05.03 12:43:40.529,1.11645,1.11662,1.50,1.12
2016.05.03 12:43:40.884,1.11647,1.11664,1.00,1.75
2016.05.03 12:43:41.982,1.11647,1.11664,1.37,1.75
2016.05.03 12:43:43.606,1.11646,1.11662,1.37,1.12
2016.05.03 12:43:44.146,1.11646,1.11662,1.00,1.12
2016.05.03 12:43:44.681,1.11646,1.11662,1.87,1.00
2016.05.03 12:43:44.908,1.11644,1.1166,1.87,1.00
2016.05.03 12:43:45.061,1.11642,1.1166,3.00,1.00
2016.05.03 12:43:45.932,1.11642,1.11658,1.00,1.00
2016.05.03 12:43:47.191,1.11642,1.11658,1.00,1.50
2016.05.03 12:43:47.546,1.11642,1.1166,2.25,1.00
2016.05.03 12:43:48.442,1.11644,1.1166,1.00,1.00
2016.05.03 12:43:48.991,1.11644,1.11659,1.00,1.00
2016.05.03 12:43:49.297,1.11644,1.11661,1.00,1.50
2016.05.03 12:43:50.115,1.11642,1.1166,2.25,1.00
2016.05.03 12:43:51.048,1.11645,1.11661,1.00,1.50
2016.05.03 12:43:51.393,1.11644,1.11661,1.75,1.00
2016.05.03 12:43:51.444,1.11644,1.11661,1.00,1.12
2016.05.03 12:43:51.800,1.11646,1.11663,1.00,1.75
2016.05.03 12:43:51.851,1.11646,1.11664,1.37,1.12
2016.05.03 12:43:52.095,1.11649,1.11666,1.00,1.50
2016.05.03 12:43:52.147,1.1165,1.11666,1.00,1.00
2016.05.03 12:43:52.655,1.11651,1.11667,1.00,1.00
2016.05.03 12:43:53.175,1.1165,1.11667,1.50,1.00
2016.05.03 12:43:54.647,1.1165,1.11664,1.00,1.00
2016.05.03 12:43:55.154,1.11649,1.11664,1.00,1.00
2016.05.03 12:43:55.206,1.11647,1.11664,2.62,1.00
2016.05.03 12:43:55.308,1.11647,1.11664,1.37,1.50
2016.05.03 12:43:55.663,1.11647,1.11664,1.12,1.00
2016.05.03 12:43:56.220,1.11647,1.11662,1.00,1.00
2016.05.03 12:43:58.992,1.11645,1.11662,2.25,1.00
2016.05.03 12:43:59.499,1.11645,1.11661,1.50,1.00
2016.05.03 12:43:59.653,1.11645,1.11658,1.12,1.00
2016.05.03 12:44:00.202,1.11645,1.11658,1.87,1.00
2016.05.03 12:44:00.458,1.11645,1.11661,1.50,1.00
2016.05.03 12:44:00.976,1.11645,1.11661,1.87,1.00
2016.05.03 12:44:03.240,1.11647,1.11661,1.00,1.00
2016.05.03 12:44:03.797,1.11645,1.11661,1.37,1.00
2016.05.03 12:44:04.320,1.11645,1.11661,1.00,1.12
2016.05.03 12:44:04.732,1.11644,1.11659,1.12,1.00
2016.05.03 12:44:05.651,1.11642,1.11659,1.87,1.00
2016.05.03 12:44:06.158,1.11642,1.11659,3.00,1.00
2016.05.03 12:44:06.812,1.11643,1.1166,1.12,1.00
2016.05.03 12:44:07.131,1.11642,1.11658,3.00,1.00
2016.05.03 12:44:07.487,1.11641,1.11657,1.12,1.00
2016.05.03 12:44:08.250,1.11644,1.11658,1.00,1.12
2016.05.03 12:44:08.761,1.11644,1.11659,1.00,1.00
2016.05.03 12:44:09.268,1.11646,1.1166,1.12,1.00
2016.05.03 12:44:09.321,1.11647,1.11662,1.12,1.00
2016.05.03 12:44:09.778,1.11648,1.11665,1.00,1.00
2016.05.03 12:44:10.083,1.11648,1.11663,1.00,1.00
2016.05.03 12:44:13.726,1.11647,1.11665,1.87,1.12
2016.05.03 12:44:13.930,1.1165,1.11666,1.00,1.00
2016.05.03 12:44:15.054,1.11652,1.11667,1.00,1.12
2016.05.03 12:44:15.580,1.11653,1.11667,1.00,1.00
2016.05.03 12:44:17.522,1.11652,1.11669,1.00,1.37
2016.05.03 12:44:18.066,1.11651,1.11667,1.50,1.00
2016.05.03 12:44:18.975,1.11652,1.11669,1.12,1.00
2016.05.03 12:44:19.478,1.11651,1.11668,1.87,1.00
2016.05.03 12:44:22.258,1.11651,1.11668,2.25,1.00
2016.05.03 12:44:22.785,1.11651,1.11668,2.25,1.00
2016.05.03 12:44:22.887,1.11651,1.11666,1.87,1.00
2016.05.03 12:44:23.786,1.11652,1.11667,1.00,1.00
2016.05.03 12:44:25.264,1.11652,1.11662,1.00,1.00
2016.05.03 12:44:25.316,1.1165,1.11665,1.37,1.37
2016.05.03 12:44:25.418,1.11649,1.11667,1.50,2.25
2016.05.03 12:44:25.521,1.11649,1.11667,3.00,1.00
2016.05.03 12:44:26.040,1.11652,1.11667,1.00,1.00
2016.05.03 12:44:26.646,1.11652,1.11668,1.12,1.00
2016.05.03 12:44:28.342,1.11652,1.11667,1.00,1.00
2016.05.03 12:44:29.092,1.11652,1.11666,1.50,1.00
2016.05.03 12:44:29.450,1.11652,1.11668,2.25,1.00
2016.05.03 12:44:29.808,1.11654,1.11668,1.00,1.00
2016.05.03 12:44:30.730,1.11654,1.11667,1.00,1.00
2016.05.03 12:44:31.477,1.11652,1.11667,1.00,1.00
2016.05.03 12:44:31.680,1.11652,1.11665,1.00,1.00
2016.05.03 12:44:32.046,1.11652,1.11666,1.09,1.00
2016.05.03 12:44:32.441,1.11652,1.11666,4.03,1.00
2016.05.03 12:44:32.746,1.11652,1.11667,1.09,1.12
2016.05.03 12:44:32.949,1.11652,1.11667,1.12,1.12
2016.05.03 12:44:33.542,1.11652,1.11667,1.09,1.12
2016.05.03 12:44:34.275,1.11652,1.11667,1.00,1.12
2016.05.03 12:44:35.016,1.11652,1.11666,1.12,1.00
2016.05.03 12:44:35.850,1.11651,1.11666,1.59,1.00
2016.05.03 12:44:36.055,1.11651,1.11666,1.87,1.50
2016.05.03 12:44:36.462,1.11652,1.11664,1.50,1.00
2016.05.03 12:44:36.514,1.11652,1.11666,1.50,1.00
2016.05.03 12:44:36.909,1.11652,1.11664,1.00,1.00
2016.05.03 12:44:36.960,1.11652,1.11666,1.00,1.00
2016.05.03 12:44:37.011,1.11651,1.11668,1.50,1.87
2016.05.03 12:44:37.115,1.11654,1.11668,1.00,1.12
2016.05.03 12:44:37.423,1.11658,1.11674,1.00,1.12
2016.05.03 12:44:37.474,1.11658,1.11676,1.12,1.50
2016.05.03 12:44:38.977,1.11658,1.11675,1.69,1.00
2016.05.03 12:44:39.963,1.11658,1.11676,1.69,1.50
2016.05.03 12:44:40.116,1.11658,1.11676,2.06,1.50
2016.05.03 12:44:40.658,1.11661,1.11676,1.00,1.00
2016.05.03 12:44:41.661,1.11661,1.11676,1.50,1.00
2016.05.03 12:44:42.456,1.11662,1.11679,1.12,1.50
2016.05.03 12:44:43.001,1.11663,1.11677,1.00,1.00
2016.05.03 12:44:43.509,1.11661,1.11677,1.50,1.00
2016.05.03 12:44:44.980,1.11661,1.11676,1.87,1.00
2016.05.03 12:44:45.489,1.11661,1.11677,1.87,1.50
2016.05.03 12:44:45.796,1.11666,1.11681,1.00,1.87
2016.05.03 12:44:45.900,1.11665,1.1168,1.00,1.12
2016.05.03 12:44:46.404,1.11665,1.11679,1.00,1.00
2016.05.03 12:44:46.865,1.11663,1.11679,1.12,1.00
2016.05.03 12:44:47.017,1.11663,1.11677,1.00,1.00
2016.05.03 12:44:47.366,1.11661,1.11674,1.00,1.00
2016.05.03 12:44:47.468,1.11661,1.11676,1.00,1.00
2016.05.03 12:44:49.236,1.1166,1.11676,1.87,1.50
2016.05.03 12:44:50.031,1.1166,1.11675,1.12,1.00
2016.05.03 12:44:50.136,1.11658,1.11673,2.81,1.00
2016.05.03 12:44:50.340,1.11658,1.11675,2.06,1.50
2016.05.03 12:44:50.959,1.11661,1.11675,1.31,1.00
2016.05.03 12:44:51.214,1.11663,1.11679,1.00,1.12
2016.05.03 12:44:51.743,1.11662,1.11679,1.00,1.12
2016.05.03 12:44:53.684,1.11662,1.11679,1.87,1.12
2016.05.03 12:44:54.595,1.11662,1.11679,2.25,1.12
2016.05.03 12:44:55.051,1.11664,1.11679,1.00,1.12
2016.05.03 12:44:55.778,1.11664,1.11678,1.00,1.00
2016.05.03 12:44:56.285,1.11664,1.1168,1.00,1.87
2016.05.03 12:44:58.014,1.11664,1.1168,3.00,1.00
2016.05.03 12:44:58.319,1.11673,1.11688,1.12,1.00
2016.05.03 12:44:58.473,1.11673,1.1169,1.12,1.87
2016.05.03 12:44:59.292,1.11673,1.11688,1.12,1.00
2016.05.03 12:44:59.597,1.11664,1.11678,1.75,1.50
2016.05.03 12:44:59.750,1.11663,1.11678,1.37,1.00
2016.05.03 12:45:00.258,1.11662,1.11679,2.81,1.00
2016.05.03 12:45:00.310,1.11662,1.11679,2.06,1.00
2016.05.03 12:45:01.390,1.11666,1.1168,1.00,1.00
2016.05.03 12:45:01.543,1.11667,1.11683,1.00,1.50
2016.05.03 12:45:01.645,1.11666,1.1168,1.75,1.00
2016.05.03 12:45:01.833,1.11667,1.11681,1.00,1.00
2016.05.03 12:45:01.884,1.11667,1.11684,1.00,1.87
2016.05.03 12:45:02.146,1.11667,1.11684,1.75,1.50
2016.05.03 12:45:02.657,1.11671,1.11687,1.00,2.25
2016.05.03 12:45:03.199,1.11671,1.11687,1.12,1.00
2016.05.03 12:45:04.078,1.11671,1.11686,1.00,1.00
2016.05.03 12:45:04.385,1.11669,1.11685,1.00,1.00
2016.05.03 12:45:04.742,1.11667,1.11684,1.87,1.37
2016.05.03 12:45:05.293,1.11667,1.11682,1.00,1.00
2016.05.03 12:45:07.025,1.11667,1.11683,1.50,1.50
2016.05.03 12:45:10.169,1.11667,1.11681,1.00,1.00
2016.05.03 12:45:10.697,1.11666,1.11681,1.00,1.00
2016.05.03 12:45:11.651,1.11666,1.11684,1.00,3.37
2016.05.03 12:45:12.108,1.11666,1.11682,1.00,1.00
2016.05.03 12:45:12.414,1.11668,1.11684,1.00,1.50
2016.05.03 12:45:12.863,1.11666,1.11684,1.50,2.25
2016.05.03 12:45:14.072,1.11666,1.11683,1.00,1.00
2016.05.03 12:45:14.224,1.11666,1.11683,1.37,1.00
2016.05.03 12:45:14.742,1.11666,1.11683,2.62,1.00
2016.05.03 12:45:15.417,1.11667,1.11684,1.75,1.87
2016.05.03 12:45:15.924,1.11667,1.11685,2.06,1.00
2016.05.03 12:45:16.305,1.11671,1.11687,1.00,1.59
2016.05.03 12:45:16.812,1.11669,1.11687,2.44,1.50
2016.05.03 12:45:16.863,1.11669,1.11685,1.69,1.00
2016.05.03 12:45:17.117,1.11671,1.11687,1.00,1.87
2016.05.03 12:45:17.168,1.11676,1.11687,1.00,1.00
2016.05.03 12:45:17.421,1.11684,1.11699,1.19,1.00
2016.05.03 12:45:17.575,1.11683,1.11699,1.12,1.00
2016.05.03 12:45:17.626,1.11684,1.11696,1.00,1.00
2016.05.03 12:45:18.134,1.11682,1.11696,1.50,1.00
2016.05.03 12:45:18.732,1.11681,1.11695,1.87,1.00
2016.05.03 12:45:19.239,1.11682,1.11695,1.00,1.00
2016.05.03 12:45:21.408,1.11682,1.11697,1.00,1.87
2016.05.03 12:45:21.816,1.11686,1.11697,1.00,1.50
2016.05.03 12:45:21.917,1.11682,1.11697,1.12,1.50
2016.05.03 12:45:22.349,1.11683,1.11697,1.37,1.00
2016.05.03 12:45:22.808,1.11682,1.11693,2.25,1.00
2016.05.03 12:45:23.013,1.11679,1.1169,1.00,1.00
2016.05.03 12:45:23.114,1.11677,1.1169,1.00,1.00
2016.05.03 12:45:23.628,1.11673,1.11688,1.87,1.00
2016.05.03 12:45:24.148,1.11673,1.11689,1.87,1.00
2016.05.03 12:45:25.624,1.11673,1.1169,1.75,1.50
2016.05.03 12:45:26.082,1.11677,1.11687,1.00,1.00
2016.05.03 12:45:26.215,1.11673,1.11687,1.00,1.50
2016.05.03 12:45:26.730,1.11674,1.11688,1.12,1.00
2016.05.03 12:45:27.267,1.11674,1.11689,1.12,1.00
2016.05.03 12:45:29.254,1.11674,1.11691,1.50,1.12
2016.05.03 12:45:30.580,1.11674,1.11689,1.12,1.00
2016.05.03 12:45:31.088,1.11673,1.11688,1.37,1.00
2016.05.03 12:45:32.250,1.11673,1.11689,1.37,1.50
2016.05.03 12:45:35.852,1.11672,1.11687,3.00,1.00
2016.05.03 12:45:35.903,1.11672,1.11687,2.62,1.00
2016.05.03 12:45:36.259,1.11674,1.1169,1.00,1.00
2016.05.03 12:45:36.766,1.11673,1.11689,1.00,1.00
2016.05.03 12:45:37.112,1.11675,1.1169,1.12,1.00
2016.05.03 12:45:38.458,1.11677,1.1169,1.00,1.00
2016.05.03 12:45:38.561,1.1168,1.11696,1.75,1.00
2016.05.03 12:45:38.969,1.11679,1.11695,1.87,1.00
2016.05.03 12:45:39.473,1.11679,1.11694,1.12,1.00
2016.05.03 12:45:39.829,1.11676,1.11692,2.00,1.00
2016.05.03 12:45:39.932,1.11676,1.11692,1.37,1.00
2016.05.03 12:45:40.085,1.11675,1.1169,1.87,1.00
2016.05.03 12:45:40.948,1.11673,1.1169,1.37,1.00
2016.05.03 12:45:43.684,1.11676,1.1169,1.00,1.00
2016.05.03 12:45:45.079,1.11673,1.1169,1.37,1.00
2016.05.03 12:45:45.995,1.11673,1.11689,1.37,1.00
2016.05.03 12:45:46.417,1.11676,1.1169,1.00,1.00
2016.05.03 12:45:46.621,1.11673,1.1169,1.37,1.00
2016.05.03 12:45:46.776,1.11676,1.11691,1.00,1.87
2016.05.03 12:45:47.279,1.11677,1.11692,1.00,1.37
2016.05.03 12:45:48.992,1.11676,1.11692,1.00,1.37
2016.05.03 12:45:49.095,1.11674,1.11691,1.31,1.12
2016.05.03 12:45:50.470,1.11673,1.1169,2.81,1.00
2016.05.03 12:45:51.013,1.11673,1.11689,1.87,1.00
2016.05.03 12:45:51.216,1.11673,1.11687,1.37,1.00
2016.05.03 12:45:51.450,1.11673,1.1169,1.37,1.00
2016.05.03 12:45:52.763,1.11673,1.11687,1.37,1.00
2016.05.03 12:45:53.551,1.11673,1.11689,1.50,1.00
2016.05.03 12:45:53.807,1.11677,1.11689,1.00,1.00
2016.05.03 12:45:54.123,1.11674,1.11689,1.50,1.00
2016.05.03 12:45:54.591,1.11677,1.11689,1.12,1.00
2016.05.03 12:45:54.642,1.11677,1.11692,1.50,1.00
2016.05.03 12:45:54.744,1.11678,1.11692,1.09,1.00
2016.05.03 12:45:54.948,1.11676,1.1169,1.40,1.00
2016.05.03 12:45:55.049,1.11676,1.1169,1.40,1.00
2016.05.03 12:45:55.101,1.11675,1.11688,1.65,1.00
2016.05.03 12:45:55.153,1.11675,1.1169,1.56,1.00
2016.05.03 12:45:55.358,1.11675,1.11692,1.50,1.00
2016.05.03 12:45:55.410,1.11674,1.11689,2.34,1.00
2016.05.03 12:45:55.515,1.11677,1.11691,1.00,1.00
2016.05.03 12:45:55.568,1.11677,1.11689,1.00,1.00
2016.05.03 12:45:55.874,1.11672,1.11686,1.75,1.00
2016.05.03 12:45:56.059,1.11672,1.11684,1.12,1.00
2016.05.03 12:45:56.309,1.11672,1.11686,1.22,1.00
2016.05.03 12:45:56.817,1.1167,1.11687,2.34,1.87
2016.05.03 12:45:57.291,1.11669,1.11686,1.12,1.00
2016.05.03 12:45:57.342,1.11672,1.11687,1.00,1.87
2016.05.03 12:45:57.799,1.11671,1.11685,1.00,1.00
2016.05.03 12:45:58.308,1.1167,1.11685,1.12,1.00
2016.05.03 12:45:58.610,1.1167,1.11685,1.09,1.00
2016.05.03 12:45:58.661,1.1167,1.11685,1.00,1.00
2016.05.03 12:45:59.215,1.1167,1.11685,1.09,1.00
2016.05.03 12:45:59.669,1.11672,1.11687,1.00,1.50
2016.05.03 12:46:00.194,1.11672,1.11686,1.12,1.00
2016.05.03 12:46:00.703,1.11669,1.11684,2.15,1.00
2016.05.03 12:46:00.950,1.11667,1.11684,1.59,1.12
2016.05.03 12:46:01.104,1.11667,1.11682,1.78,1.00
2016.05.03 12:46:01.156,1.11666,1.11682,1.69,1.00
2016.05.03 12:46:01.260,1.11667,1.11683,1.09,1.00
2016.05.03 12:46:01.566,1.11664,1.11681,1.09,1.87
2016.05.03 12:46:01.668,1.11666,1.11681,1.09,1.37
2016.05.03 12:46:01.719,1.11666,1.11681,1.00,1.37
2016.05.03 12:46:02.233,1.11666,1.11681,1.12,1.12
2016.05.03 12:46:02.335,1.11664,1.11681,1.00,1.12
2016.05.03 12:46:02.538,1.11663,1.11678,1.50,1.00
2016.05.03 12:46:02.914,1.11661,1.11676,1.00,1.12
2016.05.03 12:46:04.632,1.11659,1.11674,1.00,1.00
2016.05.03 12:46:04.683,1.11657,1.11673,1.12,1.12
2016.05.03 12:46:05.135,1.11659,1.11674,1.00,1.50
2016.05.03 12:46:05.186,1.11659,1.11674,1.00,1.00
2016.05.03 12:46:05.986,1.11661,1.11675,1.00,1.12
2016.05.03 12:46:06.516,1.11662,1.11679,1.00,1.75
2016.05.03 12:46:06.567,1.11662,1.11679,1.00,1.50
2016.05.03 12:46:06.619,1.11665,1.11681,1.00,1.75
2016.05.03 12:46:06.822,1.11669,1.11683,1.00,1.00
2016.05.03 12:46:07.380,1.11666,1.11683,1.87,2.62
2016.05.03 12:46:07.678,1.11667,1.11681,1.00,1.50
2016.05.03 12:46:08.186,1.11664,1.11681,2.25,1.00
2016.05.03 12:46:09.686,1.11666,1.11683,1.87,2.62
2016.05.03 12:46:09.738,1.11666,1.11682,1.00,1.87
2016.05.03 12:46:10.043,1.11666,1.11681,1.50,1.75
2016.05.03 12:46:10.280,1.11668,1.11683,1.00,2.25
2016.05.03 12:46:12.831,1.11669,1.11685,1.00,2.25
2016.05.03 12:46:13.029,1.11673,1.11688,1.00,1.50
2016.05.03 12:46:13.080,1.11673,1.11688,1.00,1.12
2016.05.03 12:46:13.435,1.11671,1.11686,1.00,1.00
2016.05.03 12:46:13.740,1.11673,1.11688,1.00,1.12
2016.05.03 12:46:14.341,1.11671,1.11686,1.22,1.00
2016.05.03 12:46:14.645,1.1167,1.11684,1.00,1.00
2016.05.03 12:46:15.179,1.1167,1.11685,1.00,1.00
2016.05.03 12:46:15.483,1.11667,1.11682,1.50,1.00
2016.05.03 12:46:15.585,1.11665,1.1168,1.00,1.00
2016.05.03 12:46:15.941,1.11662,1.11677,3.09,1.00
2016.05.03 12:46:21.312,1.11664,1.11679,1.12,1.50
2016.05.03 12:46:21.820,1.11664,1.11679,1.00,1.50
2016.05.03 12:46:22.718,1.11664,1.11679,1.00,1.87
2016.05.03 12:46:23.027,1.11666,1.1168,1.00,1.50
2016.05.03 12:46:23.332,1.11657,1.11671,1.50,1.87
2016.05.03 12:46:23.642,1.11655,1.11671,1.25,1.00
2016.05.03 12:46:23.846,1.11657,1.11672,1.00,1.50
2016.05.03 12:46:25.930,1.11657,1.11671,1.00,1.12
2016.05.03 12:46:26.438,1.11657,1.11671,1.00,1.37
2016.05.03 12:46:28.939,1.11657,1.11669,1.00,1.00
2016.05.03 12:46:29.983,1.11657,1.11669,1.00,1.37
2016.05.03 12:46:30.237,1.11657,1.1167,1.00,1.12
2016.05.03 12:46:31.148,1.11656,1.1167,1.00,1.12
2016.05.03 12:46:31.201,1.11658,1.11671,1.00,1.00
2016.05.03 12:46:31.455,1.11658,1.11673,1.00,1.12
2016.05.03 12:46:31.562,1.1166,1.11675,1.00,1.50
2016.05.03 12:46:31.715,1.11661,1.11677,1.00,1.87
2016.05.03 12:46:31.817,1.1166,1.11675,1.50,1.00
2016.05.03 12:46:32.071,1.11663,1.11678,1.00,2.25
2016.05.03 12:46:35.789,1.11663,1.11678,1.00,1.37
2016.05.03 12:46:35.891,1.1166,1.11677,1.50,1.12
2016.05.03 12:46:36.248,1.1166,1.11677,1.00,1.87
2016.05.03 12:46:36.809,1.11659,1.11674,1.50,1.37
2016.05.03 12:46:37.319,1.11663,1.11677,1.00,1.50
2016.05.03 12:46:37.421,1.11663,1.11678,1.00,1.12
2016.05.03 12:46:38.222,1.11661,1.11677,1.00,1.00
2016.05.03 12:46:38.273,1.1166,1.11675,1.00,1.00
2016.05.03 12:46:38.325,1.1166,1.11677,1.50,1.00
2016.05.03 12:46:38.428,1.11663,1.11678,1.00,1.12
2016.05.03 12:46:38.936,1.11662,1.11677,1.00,1.75
2016.05.03 12:46:39.239,1.11663,1.11679,1.00,1.00
2016.05.03 12:46:39.290,1.11662,1.11677,1.12,1.00
2016.05.03 12:46:39.798,1.11661,1.11676,1.00,1.00
2016.05.03 12:46:43.714,1.11661,1.11676,1.00,1.69
2016.05.03 12:46:44.547,1.11662,1.11676,1.00,1.12
2016.05.03 12:46:44.890,1.11664,1.11676,1.00,1.12
2016.05.03 12:46:44.992,1.11664,1.11678,1.00,1.50
2016.05.03 12:46:45.116,1.11664,1.11678,1.00,1.12
2016.05.03 12:46:48.666,1.11661,1.11678,1.00,1.87
2016.05.03 12:46:49.196,1.11661,1.11678,1.00,2.25
2016.05.03 12:46:49.298,1.1166,1.11675,1.00,1.00
2016.05.03 12:46:49.553,1.11653,1.11669,1.50,1.00
2016.05.03 12:46:49.655,1.11652,1.11669,1.25,2.25
2016.05.03 12:46:49.976,1.11655,1.1167,1.00,1.75
2016.05.03 12:46:50.514,1.11652,1.1167,1.69,1.75
2016.05.03 12:46:50.566,1.11652,1.11669,1.12,1.12
2016.05.03 12:46:51.095,1.11653,1.11668,1.00,1.00
2016.05.03 12:46:51.609,1.1165,1.11667,3.00,1.00
2016.05.03 12:46:52.874,1.1165,1.11665,1.50,1.00
2016.05.03 12:46:52.976,1.1165,1.11665,1.00,1.00
2016.05.03 12:46:54.843,1.11648,1.11665,1.50,1.69
2016.05.03 12:46:54.945,1.11648,1.11661,1.00,1.00
2016.05.03 12:46:55.464,1.11646,1.11661,1.00,1.00
2016.05.03 12:46:56.450,1.11646,1.11661,1.37,1.00
2016.05.03 12:46:57.267,1.11647,1.11664,1.50,1.00
2016.05.03 12:46:58.848,1.11647,1.11663,1.50,1.00
2016.05.03 12:46:59.281,1.11647,1.11661,1.00,1.00
2016.05.03 12:47:01.591,1.11648,1.11663,1.00,1.00
2016.05.03 12:47:05.274,1.11647,1.11662,1.00,1.37
2016.05.03 12:47:05.582,1.11642,1.11657,1.12,1.00
2016.05.03 12:47:05.806,1.11642,1.11653,1.12,1.00
2016.05.03 12:47:05.908,1.11642,1.11657,1.12,1.00
2016.05.03 12:47:06.581,1.1164,1.11658,1.59,1.00
2016.05.03 12:47:06.633,1.1164,1.11656,1.50,1.00
2016.05.03 12:47:09.658,1.11639,1.11655,1.75,1.00
2016.05.03 12:47:09.813,1.11639,1.11655,1.00,1.00
2016.05.03 12:47:10.349,1.11639,1.11656,1.25,1.50
2016.05.03 12:47:11.316,1.11639,1.11656,1.69,1.00
2016.05.03 12:47:11.469,1.11641,1.11658,1.00,1.00
2016.05.03 12:47:12.012,1.11641,1.11657,1.00,1.00
2016.05.03 12:47:12.642,1.11641,1.11658,1.00,1.50
2016.05.03 12:47:14.788,1.1164,1.11655,2.25,1.00
2016.05.03 12:47:15.353,1.1164,1.11655,2.34,1.00
2016.05.03 12:47:16.632,1.11643,1.11655,1.00,1.00
2016.05.03 12:47:18.472,1.11643,1.11658,1.12,1.00
2016.05.03 12:47:22.639,1.11643,1.11658,1.37,1.00
2016.05.03 12:47:23.085,1.11643,1.11658,1.69,1.00
2016.05.03 12:47:23.593,1.11645,1.11659,1.75,1.12
2016.05.03 12:47:23.931,1.11648,1.11664,2.44,1.00
2016.05.03 12:47:24.033,1.11651,1.11666,1.50,1.00
2016.05.03 12:47:24.491,1.11651,1.11664,1.00,1.00
2016.05.03 12:47:24.848,1.11651,1.11668,1.50,1.00
2016.05.03 12:47:24.946,1.11653,1.11668,1.75,1.00
2016.05.03 12:47:25.459,1.11654,1.11669,1.75,1.00
2016.05.03 12:47:25.780,1.11654,1.11667,1.75,1.00
2016.05.03 12:47:25.832,1.11654,1.11667,1.00,1.00
2016.05.03 12:47:25.985,1.11652,1.11664,1.37,1.00
2016.05.03 12:47:26.155,1.1165,1.11664,1.50,1.00
2016.05.03 12:47:26.662,1.1165,1.11663,1.50,1.00
2016.05.03 12:47:28.507,1.11648,1.11664,2.25,1.50
2016.05.03 12:47:31.324,1.11648,1.11663,2.25,1.00
2016.05.03 12:47:32.019,1.11648,1.11664,3.00,1.00
2016.05.03 12:47:32.924,1.1165,1.11665,1.50,1.00
2016.05.03 12:47:33.434,1.1165,1.11664,1.50,1.00
2016.05.03 12:47:33.942,1.1165,1.11665,1.50,1.00
2016.05.03 12:47:34.095,1.1165,1.11663,1.50,1.00
2016.05.03 12:47:34.328,1.1165,1.11665,1.50,1.00
2016.05.03 12:47:34.547,1.1165,1.11665,1.75,1.00
2016.05.03 12:47:34.649,1.1165,1.11665,2.25,1.00
2016.05.03 12:47:35.798,1.1165,1.11664,2.25,1.00
2016.05.03 12:47:36.206,1.1165,1.11666,1.00,1.00
2016.05.03 12:47:36.257,1.1165,1.11664,1.00,1.00
2016.05.03 12:47:36.766,1.11649,1.11664,1.12,1.50
2016.05.03 12:47:37.995,1.11649,1.11663,1.12,1.00
2016.05.03 12:47:38.732,1.11649,1.11664,1.12,1.00
2016.05.03 12:47:39.797,1.11649,1.11663,1.12,1.00
2016.05.03 12:47:40.308,1.11649,1.11664,1.12,1.00
2016.05.03 12:47:41.261,1.11647,1.11664,1.12,3.09
2016.05.03 12:47:41.312,1.11645,1.11659,1.00,1.00
2016.05.03 12:47:42.553,1.11645,1.11658,1.00,1.00
2016.05.03 12:47:44.104,1.11645,1.11659,1.00,1.00
2016.05.03 12:47:44.981,1.11647,1.11659,1.00,1.00
2016.05.03 12:47:45.302,1.11649,1.11659,1.00,1.00
2016.05.03 12:47:46.498,1.11646,1.11659,1.50,1.00
2016.05.03 12:47:46.732,1.11642,1.11658,1.50,1.37
2016.05.03 12:47:46.783,1.11642,1.11658,1.12,1.50
2016.05.03 12:47:47.315,1.11642,1.11658,1.00,1.50
2016.05.03 12:47:47.756,1.11641,1.11656,1.87,1.00
2016.05.03 12:47:48.085,1.11641,1.11654,1.12,1.00
2016.05.03 12:47:48.621,1.11643,1.11655,1.00,1.00
2016.05.03 12:47:48.723,1.11643,1.11658,1.00,1.12
2016.05.03 12:47:48.774,1.11645,1.11658,1.00,1.00
2016.05.03 12:47:48.825,1.11645,1.1166,1.00,1.00
2016.05.03 12:47:49.205,1.11645,1.11662,1.12,1.87
2016.05.03 12:47:49.926,1.11645,1.11662,1.50,1.50
2016.05.03 12:47:50.458,1.11645,1.11662,1.75,1.50
2016.05.03 12:47:51.503,1.11646,1.11661,1.75,1.00
2016.05.03 12:47:51.606,1.11646,1.11663,1.75,1.00
2016.05.03 12:47:52.135,1.11646,1.11664,1.75,1.50
2016.05.03 12:47:52.288,1.11646,1.11663,1.00,1.00
2016.05.03 12:47:52.825,1.11646,1.11662,1.00,1.00
2016.05.03 12:47:52.927,1.11646,1.11664,1.00,2.62
2016.05.03 12:47:53.397,1.11648,1.11664,1.00,3.37
2016.05.03 12:47:53.750,1.11649,1.11665,1.00,1.50
2016.05.03 12:47:53.801,1.11649,1.11664,1.00,1.00
2016.05.03 12:47:54.057,1.11651,1.11666,1.00,1.50
2016.05.03 12:47:55.005,1.11651,1.11665,1.00,1.00
2016.05.03 12:47:55.524,1.11651,1.11664,1.00,1.00
2016.05.03 12:47:56.067,1.11651,1.11665,1.00,1.00
2016.05.03 12:47:56.624,1.11651,1.11666,1.00,1.00
2016.05.03 12:47:58.005,1.11652,1.11667,1.00,1.12
2016.05.03 12:47:58.589,1.11653,1.11668,1.00,1.50
2016.05.03 12:48:00.599,1.11652,1.11667,1.00,1.00
2016.05.03 12:48:02.608,1.11652,1.11668,1.00,1.87
2016.05.03 12:48:02.710,1.1165,1.11667,1.00,2.25
2016.05.03 12:48:03.219,1.1165,1.11667,1.00,1.87
2016.05.03 12:48:03.371,1.11652,1.11667,1.00,1.12
2016.05.03 12:48:04.929,1.11652,1.11668,1.00,2.62
2016.05.03 12:48:05.649,1.11652,1.11668,1.00,1.87
2016.05.03 12:48:06.551,1.11653,1.11669,1.00,1.87
2016.05.03 12:48:06.603,1.11653,1.11669,1.00,1.87
2016.05.03 12:48:06.654,1.11655,1.11669,1.00,1.87
2016.05.03 12:48:06.894,1.11655,1.11672,1.00,3.00
2016.05.03 12:48:07.401,1.11655,1.1167,1.00,1.00
2016.05.03 12:48:07.940,1.11654,1.1167,1.00,1.87
2016.05.03 12:48:08.042,1.11654,1.11669,1.00,1.37
2016.05.03 12:48:08.854,1.11654,1.11669,1.00,1.00
2016.05.03 12:48:09.357,1.11654,1.11669,1.00,1.50
2016.05.03 12:48:10.239,1.11654,1.11669,1.00,1.00
2016.05.03 12:48:10.808,1.11654,1.11668,1.00,1.00
2016.05.03 12:48:11.375,1.11654,1.11668,1.00,1.37
2016.05.03 12:48:11.907,1.11653,1.11668,1.00,2.25
2016.05.03 12:48:12.452,1.11654,1.11668,1.00,1.50
2016.05.03 12:48:13.960,1.11654,1.1167,1.00,1.50
2016.05.03 12:48:14.632,1.11654,1.11671,1.00,1.87
2016.05.03 12:48:15.330,1.11654,1.1167,1.00,1.00
2016.05.03 12:48:15.382,1.11654,1.11669,1.00,1.37
2016.05.03 12:48:16.581,1.11654,1.11669,1.00,1.50
2016.05.03 12:48:17.842,1.11654,1.11669,1.00,1.75
2016.05.03 12:48:18.373,1.11654,1.11668,1.00,1.50
2016.05.03 12:48:18.895,1.11653,1.11668,1.00,1.50
2016.05.03 12:48:19.677,1.11653,1.11668,1.00,1.37
2016.05.03 12:48:19.881,1.11654,1.1167,1.00,1.50
2016.05.03 12:48:20.496,1.11654,1.1167,1.00,1.37
2016.05.03 12:48:21.101,1.11654,1.1167,1.00,1.00
2016.05.03 12:48:22.078,1.11654,1.11671,1.00,2.25
2016.05.03 12:48:22.129,1.11652,1.1167,1.00,1.75
2016.05.03 12:48:22.182,1.11647,1.11662,1.75,1.00
2016.05.03 12:48:22.437,1.11645,1.11659,1.00,2.25
2016.05.03 12:48:22.641,1.11643,1.11659,1.00,2.25
2016.05.03 12:48:23.663,1.11646,1.11659,1.00,2.25
2016.05.03 12:48:24.414,1.11646,1.11658,1.00,1.00
2016.05.03 12:48:25.339,1.11643,1.11658,1.00,1.50
2016.05.03 12:48:26.079,1.11643,1.11659,1.00,1.87
2016.05.03 12:48:27.502,1.11643,1.11658,1.00,1.37
2016.05.03 12:48:27.821,1.11646,1.11658,1.00,1.12
2016.05.03 12:48:28.126,1.11643,1.11658,1.00,1.00
2016.05.03 12:48:28.648,1.11643,1.11659,1.00,2.25
2016.05.03 12:48:29.154,1.11643,1.11658,1.00,1.12
2016.05.03 12:48:29.256,1.11646,1.11659,1.00,2.62
2016.05.03 12:48:29.515,1.11644,1.11659,1.00,2.62
2016.05.03 12:48:29.567,1.11641,1.11659,1.00,3.37
2016.05.03 12:48:29.618,1.11641,1.11653,1.00,1.00
2016.05.03 12:48:29.722,1.11641,1.11659,1.00,4.12
2016.05.03 12:48:29.875,1.11643,1.11657,1.00,1.12
2016.05.03 12:48:29.926,1.11643,1.11659,1.00,2.25
2016.05.03 12:48:30.181,1.11643,1.11657,1.00,1.00
2016.05.03 12:48:30.232,1.11641,1.11657,1.00,1.00
2016.05.03 12:48:33.112,1.11644,1.11657,1.00,1.12
2016.05.03 12:48:33.678,1.11644,1.11653,1.00,1.00
2016.05.03 12:48:34.114,1.11641,1.11654,1.00,1.00
2016.05.03 12:48:34.780,1.11641,1.11653,1.00,1.00
2016.05.03 12:48:40.633,1.11641,1.11658,1.00,1.37
2016.05.03 12:48:41.140,1.11641,1.11656,1.31,1.00
2016.05.03 12:48:41.287,1.11641,1.11659,1.00,2.25
2016.05.03 12:48:41.796,1.11642,1.11658,1.00,1.00
2016.05.03 12:48:42.337,1.11642,1.11659,1.00,1.50
2016.05.03 12:48:42.883,1.11642,1.11658,1.00,1.00
2016.05.03 12:48:43.680,1.11642,1.11657,1.00,1.00
2016.05.03 12:48:44.472,1.11642,1.11656,1.00,1.00
2016.05.03 12:48:44.990,1.11641,1.11656,1.50,1.00
2016.05.03 12:48:45.179,1.11643,1.11655,1.00,1.00
2016.05.03 12:48:46.246,1.1164,1.11655,1.50,1.37
2016.05.03 12:48:46.398,1.11642,1.11653,1.00,1.87
2016.05.03 12:48:46.568,1.11642,1.11655,1.00,1.00
2016.05.03 12:48:46.722,1.11642,1.11657,1.00,1.12
2016.05.03 12:48:46.926,1.11644,1.11657,1.00,1.87
2016.05.03 12:48:47.080,1.11645,1.11661,1.00,1.12
2016.05.03 12:48:47.522,1.11645,1.11658,1.00,1.12
2016.05.03 12:48:47.827,1.11645,1.11661,1.00,1.37
2016.05.03 12:48:47.878,1.11647,1.11662,1.00,4.50
2016.05.03 12:48:48.385,1.11648,1.11662,1.00,1.87
2016.05.03 12:48:48.694,1.1165,1.11663,1.00,1.75
2016.05.03 12:48:48.796,1.1165,1.11664,1.00,2.25
2016.05.03 12:48:48.848,1.11652,1.11664,1.00,1.87
2016.05.03 12:48:49.646,1.11652,1.11663,1.00,1.75
2016.05.03 12:48:49.701,1.1165,1.11663,1.00,1.75
2016.05.03 12:48:50.211,1.11649,1.11663,1.00,1.75
2016.05.03 12:48:50.940,1.11648,1.11663,1.00,2.25
2016.05.03 12:48:51.984,1.11649,1.11662,1.00,1.50
2016.05.03 12:48:52.137,1.11649,1.11662,1.00,1.00
2016.05.03 12:48:52.848,1.11649,1.11661,1.00,1.00
2016.05.03 12:48:53.359,1.11647,1.11662,1.00,1.12
2016.05.03 12:48:53.985,1.1165,1.11663,1.00,1.50
2016.05.03 12:48:54.188,1.1165,1.11665,1.00,1.00
2016.05.03 12:48:54.529,1.1165,1.11663,1.00,1.00
2016.05.03 12:48:54.935,1.11653,1.11663,1.00,1.00
2016.05.03 12:48:55.484,1.11652,1.11663,1.00,1.00
2016.05.03 12:48:55.537,1.1165,1.11663,1.00,1.12
2016.05.03 12:48:56.198,1.11649,1.11663,1.00,1.00
2016.05.03 12:48:57.243,1.1165,1.11663,1.00,1.50
2016.05.03 12:48:57.396,1.11647,1.11662,1.00,1.00
2016.05.03 12:48:57.447,1.11647,1.11662,1.00,1.37
2016.05.03 12:48:57.701,1.11645,1.11659,1.00,1.87
2016.05.03 12:48:58.259,1.11647,1.11659,1.00,1.87
2016.05.03 12:48:58.719,1.11645,1.11658,1.00,1.00
2016.05.03 12:48:59.782,1.11644,1.11658,1.00,1.87
2016.05.03 12:49:00.224,1.11644,1.11658,1.00,1.37
2016.05.03 12:49:00.627,1.11644,1.11658,1.00,1.50
2016.05.03 12:49:01.176,1.11643,1.11658,1.00,3.37
2016.05.03 12:49:01.926,1.11643,1.11654,1.00,1.00
2016.05.03 12:49:02.172,1.11643,1.11658,1.00,1.12
2016.05.03 12:49:05.866,1.11643,1.11658,1.00,3.00
2016.05.03 12:49:06.374,1.11643,1.11658,1.00,1.12
2016.05.03 12:49:06.930,1.11643,1.11657,1.00,1.00
2016.05.03 12:49:07.481,1.11643,1.11658,1.00,1.50
2016.05.03 12:49:08.012,1.11643,1.11657,1.00,1.12
2016.05.03 12:49:11.716,1.11643,1.11658,1.00,1.00
2016.05.03 12:49:12.173,1.11643,1.11654,1.00,1.00
2016.05.03 12:49:12.376,1.11645,1.11658,1.00,1.00
2016.05.03 12:49:12.652,1.11642,1.11658,1.00,1.00
2016.05.03 12:49:13.167,1.11642,1.11657,1.00,1.12
2016.05.03 12:49:13.817,1.11642,1.11656,1.00,1.00
2016.05.03 12:49:14.115,1.11645,1.11657,1.00,1.12
2016.05.03 12:49:14.420,1.11648,1.11662,1.00,1.75
2016.05.03 12:49:15.219,1.11648,1.11662,1.00,1.00
2016.05.03 12:49:17.022,1.11648,1.11662,1.00,1.75
2016.05.03 12:49:17.833,1.11646,1.11661,1.00,1.50
2016.05.03 12:49:17.985,1.11646,1.11658,1.00,1.00
2016.05.03 12:49:18.554,1.11647,1.11658,1.00,1.00
2016.05.03 12:49:18.707,1.11647,1.11661,1.00,1.12
2016.05.03 12:49:20.133,1.11647,1.1166,1.00,1.00
2016.05.03 12:49:20.449,1.1165,1.1166,1.00,1.00
2016.05.03 12:49:20.704,1.11647,1.11663,1.00,1.12
2016.05.03 12:49:21.233,1.11647,1.11662,1.00,1.00
2016.05.03 12:49:21.738,1.11647,1.11661,1.00,1.00
2016.05.03 12:49:22.195,1.1165,1.11661,1.00,1.00
2016.05.03 12:49:22.297,1.1165,1.11664,1.00,1.37
2016.05.03 12:49:23.092,1.11648,1.11662,1.00,1.00
2016.05.03 12:49:23.610,1.11648,1.11662,1.00,1.50
2016.05.03 12:49:24.640,1.11645,1.11662,1.00,2.25
2016.05.03 12:49:25.402,1.11645,1.11659,1.00,1.00
2016.05.03 12:49:25.813,1.11644,1.11656,1.00,1.00
2016.05.03 12:49:26.418,1.11643,1.11656,1.00,1.00
2016.05.03 12:49:26.923,1.11643,1.11658,1.00,3.00
2016.05.03 12:49:27.129,1.11643,1.11656,1.00,1.00
2016.05.03 12:49:27.902,1.11643,1.11656,1.00,1.37
2016.05.03 12:49:29.126,1.11643,1.11656,1.00,1.00
2016.05.03 12:49:29.633,1.11643,1.11658,1.00,2.25
2016.05.03 12:49:30.274,1.11645,1.11658,1.00,3.00
2016.05.03 12:49:30.781,1.11644,1.11658,1.00,1.75
2016.05.03 12:49:31.813,1.11642,1.11658,1.00,2.25
2016.05.03 12:49:32.372,1.11642,1.11653,1.00,1.00
2016.05.03 12:49:32.475,1.11639,1.11653,1.00,1.00
2016.05.03 12:49:37.142,1.11641,1.11653,1.00,1.00
2016.05.03 12:49:37.448,1.11645,1.11658,1.00,1.50
2016.05.03 12:49:37.702,1.11643,1.11659,1.00,1.12
2016.05.03 12:49:37.753,1.11643,1.11657,1.00,1.00
2016.05.03 12:49:38.086,1.11638,1.11654,1.00,1.12
2016.05.03 12:49:40.973,1.1164,1.11656,1.00,1.75
2016.05.03 12:49:41.279,1.11647,1.11662,1.00,1.50
2016.05.03 12:49:41.584,1.11646,1.11658,1.00,1.00
2016.05.03 12:49:42.068,1.11646,1.11662,1.00,1.50
2016.05.03 12:49:42.799,1.11648,1.11659,1.00,1.00
2016.05.03 12:49:43.002,1.1165,1.11663,1.00,1.00
2016.05.03 12:49:44.303,1.11647,1.11663,1.00,1.00
2016.05.03 12:49:44.805,1.11647,1.11662,1.00,1.00
2016.05.03 12:49:45.513,1.11649,1.11662,1.00,1.00
2016.05.03 12:49:45.716,1.11649,1.11665,1.00,1.37
2016.05.03 12:49:45.914,1.11647,1.11663,1.00,1.37
2016.05.03 12:49:46.423,1.11647,1.11661,1.00,1.00
2016.05.03 12:49:47.106,1.11648,1.11664,1.00,1.50
2016.05.03 12:49:48.701,1.11651,1.11666,1.00,3.00
2016.05.03 12:49:51.314,1.1165,1.11666,1.00,2.62
2016.05.03 12:49:51.418,1.1165,1.11666,1.00,2.25
2016.05.03 12:49:51.933,1.11651,1.11666,1.00,1.37
2016.05.03 12:49:52.440,1.1165,1.11664,1.00,1.00
2016.05.03 12:49:52.492,1.11648,1.11663,1.12,1.00
2016.05.03 12:49:52.695,1.11646,1.11659,1.37,1.00
2016.05.03 12:49:52.797,1.11649,1.11663,1.00,1.50
2016.05.03 12:49:52.977,1.11646,1.11662,1.00,1.37
2016.05.03 12:49:54.987,1.11647,1.11662,1.00,1.37
2016.05.03 12:49:55.089,1.11651,1.11661,1.00,1.00
2016.05.03 12:49:55.241,1.11651,1.11667,1.00,1.12
2016.05.03 12:49:55.682,1.11651,1.11666,1.00,1.12
2016.05.03 12:49:59.352,1.11652,1.11668,1.00,1.87
2016.05.03 12:50:00.679,1.11655,1.11668,1.00,1.87
2016.05.03 12:50:00.730,1.11655,1.11669,1.00,1.75
2016.05.03 12:50:00.832,1.11655,1.11668,1.00,1.00
2016.05.03 12:50:01.399,1.11655,1.11669,1.00,1.00
2016.05.03 12:50:01.950,1.11655,1.11668,1.00,1.00
2016.05.03 12:50:02.499,1.11655,1.11669,1.00,1.00
2016.05.03 12:50:03.801,1.11655,1.11668,1.00,1.00
2016.05.03 12:50:04.321,1.11655,1.11669,1.00,1.50
2016.05.03 12:50:05.220,1.11652,1.11669,1.12,1.00
2016.05.03 12:50:05.718,1.11651,1.11663,1.00,1.00
2016.05.03 12:50:06.274,1.1165,1.11664,1.00,1.00
2016.05.03 12:50:08.627,1.1165,1.11663,1.00,1.00
2016.05.03 12:50:10.195,1.11653,1.11663,1.00,1.00
2016.05.03 12:50:10.247,1.11653,1.11667,1.00,1.37
2016.05.03 12:50:10.298,1.11655,1.11668,1.00,1.12
2016.05.03 12:50:10.349,1.11658,1.11668,1.00,1.12
2016.05.03 12:50:10.401,1.11656,1.11668,1.00,1.12
2016.05.03 12:50:10.503,1.11658,1.11668,1.00,1.00
2016.05.03 12:50:10.655,1.11658,1.11672,1.00,1.00
2016.05.03 12:50:10.772,1.11656,1.11672,1.00,1.50
2016.05.03 12:50:10.823,1.11658,1.11672,1.00,1.00
2016.05.03 12:50:11.027,1.11655,1.11672,1.00,1.00
2016.05.03 12:50:11.180,1.11658,1.11673,1.00,1.00
2016.05.03 12:50:11.332,1.11655,1.11673,1.00,1.00
2016.05.03 12:50:11.637,1.11655,1.11671,1.00,1.00
2016.05.03 12:50:11.840,1.11655,1.11673,1.00,1.50
2016.05.03 12:50:13.048,1.11657,1.11673,1.00,1.00
2016.05.03 12:50:14.191,1.11657,1.11672,1.00,1.00
2016.05.03 12:50:15.468,1.11657,1.11674,1.00,1.50
2016.05.03 12:50:16.565,1.11655,1.11673,1.00,1.50
2016.05.03 12:50:18.658,1.11655,1.11668,1.00,1.00
2016.05.03 12:50:18.854,1.11651,1.11667,1.50,1.00
2016.05.03 12:50:18.906,1.11648,1.11666,2.25,1.00
2016.05.03 12:50:18.958,1.11648,1.11666,1.37,1.00
2016.05.03 12:50:19.010,1.11648,1.11666,1.00,1.37
2016.05.03 12:50:20.833,1.1165,1.11664,1.00,1.12
2016.05.03 12:50:20.935,1.11651,1.11668,1.00,1.50
2016.05.03 12:50:21.478,1.11652,1.11668,1.00,2.25
2016.05.03 12:50:21.631,1.11654,1.11668,1.00,2.25
2016.05.03 12:50:21.733,1.11655,1.1167,1.00,1.12
2016.05.03 12:50:22.644,1.11653,1.11669,1.00,1.00
2016.05.03 12:50:22.745,1.11651,1.11668,1.87,1.00
2016.05.03 12:50:23.971,1.11651,1.11667,1.12,1.00
2016.05.03 12:50:24.074,1.11656,1.11667,1.00,1.00
2016.05.03 12:50:24.176,1.11655,1.11671,1.00,1.50
2016.05.03 12:50:24.381,1.11657,1.11673,1.00,2.25
2016.05.03 12:50:24.890,1.1166,1.11673,1.00,1.00
2016.05.03 12:50:24.992,1.11658,1.11673,1.00,1.12
2016.05.03 12:50:25.400,1.11656,1.11673,1.00,1.12
2016.05.03 12:50:25.451,1.11654,1.11672,1.87,1.00
2016.05.03 12:50:25.554,1.11654,1.11672,1.50,1.75
2016.05.03 12:50:25.657,1.11654,1.11672,1.50,1.12
2016.05.03 12:50:25.709,1.11654,1.11669,1.50,1.00
2016.05.03 12:50:26.017,1.11654,1.11668,1.00,1.37
2016.05.03 12:50:27.703,1.11652,1.11668,1.00,1.37
2016.05.03 12:50:28.214,1.11652,1.11668,1.12,1.00
2016.05.03 12:50:30.660,1.1165,1.11666,1.00,1.00
2016.05.03 12:50:31.342,1.11649,1.11667,2.25,1.00
2016.05.03 12:50:31.647,1.11647,1.11663,1.37,1.00
2016.05.03 12:50:31.698,1.11647,1.11663,1.00,1.00
2016.05.03 12:50:32.206,1.11647,1.11664,1.00,1.00
2016.05.03 12:50:32.745,1.11647,1.11665,1.00,1.50
2016.05.03 12:50:34.063,1.11647,1.11663,1.00,1.00
2016.05.03 12:50:34.367,1.11645,1.11663,1.00,2.25
2016.05.03 12:50:36.473,1.11645,1.11663,1.50,1.50
2016.05.03 12:50:36.970,1.11646,1.11662,1.00,1.37
2016.05.03 12:50:37.277,1.11644,1.11661,1.50,1.50
2016.05.03 12:50:37.480,1.11645,1.11663,1.50,1.50
2016.05.03 12:50:37.815,1.11649,1.11664,1.00,1.00
2016.05.03 12:50:38.329,1.11648,1.11664,1.12,1.50
2016.05.03 12:50:40.247,1.1165,1.11665,1.50,1.00
2016.05.03 12:50:41.285,1.11651,1.11667,1.00,1.12
2016.05.03 12:50:42.180,1.11651,1.11667,1.50,1.00
2016.05.03 12:50:42.485,1.11649,1.11662,1.37,1.00
2016.05.03 12:50:42.537,1.11647,1.11662,2.62,1.00
2016.05.03 12:50:42.881,1.11647,1.11662,1.00,1.00
2016.05.03 12:50:42.933,1.11644,1.1166,1.75,1.00
2016.05.03 12:50:43.138,1.11644,1.1166,1.00,1.50
2016.05.03 12:50:44.681,1.11644,1.1166,1.50,1.00
2016.05.03 12:50:44.834,1.11644,1.1166,1.12,1.00
2016.05.03 12:50:44.885,1.11644,1.11658,1.12,1.00
2016.05.03 12:50:44.938,1.11642,1.11658,1.12,1.00
2016.05.03 12:50:47.971,1.11642,1.11659,1.12,1.87
2016.05.03 12:50:48.224,1.11642,1.11658,1.50,1.00
2016.05.03 12:50:49.495,1.11641,1.11657,1.75,1.00
2016.05.03 12:50:50.939,1.11641,1.11657,1.37,1.00
2016.05.03 12:50:51.092,1.1164,1.11653,1.50,1.00
2016.05.03 12:50:52.002,1.11638,1.11656,1.75,1.00
2016.05.03 12:50:52.155,1.11638,1.11654,1.75,1.00
2016.05.03 12:50:52.511,1.11638,1.11656,1.75,1.50
2016.05.03 12:50:52.643,1.11638,1.11656,1.00,1.00
2016.05.03 12:50:54.611,1.11638,1.11656,1.37,1.00
2016.05.03 12:50:54.915,1.11643,1.11657,1.00,1.00
2016.05.03 12:50:55.541,1.11643,1.11658,1.50,1.00
2016.05.03 12:50:56.700,1.11643,1.11659,1.50,1.50
2016.05.03 12:50:57.006,1.11645,1.11661,1.00,1.00
2016.05.03 12:50:57.310,1.11645,1.11659,1.50,1.00
2016.05.03 12:50:57.822,1.11646,1.11658,1.12,1.00
2016.05.03 12:50:58.128,1.11646,1.11658,1.75,1.00
2016.05.03 12:51:00.665,1.11645,1.11659,1.12,1.00
2016.05.03 12:51:01.156,1.11644,1.11659,2.25,1.00
2016.05.03 12:51:01.781,1.11645,1.11658,2.25,1.00
2016.05.03 12:51:02.070,1.11644,1.11658,1.12,1.00
2016.05.03 12:51:02.579,1.11645,1.11658,1.00,1.00
2016.05.03 12:51:04.773,1.11645,1.11661,1.37,1.00
2016.05.03 12:51:04.825,1.11646,1.11664,1.50,2.62
2016.05.03 12:51:04.978,1.11646,1.11664,2.25,1.50
2016.05.03 12:51:05.182,1.11646,1.11664,2.62,1.87
2016.05.03 12:51:05.286,1.11646,1.11659,1.50,1.00
2016.05.03 12:51:05.804,1.11645,1.11659,1.87,1.00
2016.05.03 12:51:06.110,1.11645,1.11661,1.87,1.00
2016.05.03 12:51:06.968,1.11647,1.11663,1.00,1.37
2016.05.03 12:51:07.222,1.11648,1.11665,1.00,1.00
2016.05.03 12:51:07.426,1.11647,1.11663,1.12,1.00
2016.05.03 12:51:07.919,1.11645,1.11661,1.87,1.00
2016.05.03 12:51:08.468,1.11648,1.11664,1.00,1.87
2016.05.03 12:51:08.773,1.1165,1.11663,1.00,1.12
2016.05.03 12:51:09.387,1.1165,1.11664,1.00,1.00
2016.05.03 12:51:09.606,1.1165,1.11666,1.00,1.12
2016.05.03 12:51:09.707,1.1165,1.11664,1.00,1.00
2016.05.03 12:51:10.221,1.1165,1.11663,1.00,1.00
2016.05.03 12:51:10.745,1.1165,1.11664,1.00,1.00
2016.05.03 12:51:11.294,1.1165,1.11664,1.50,1.00
2016.05.03 12:51:12.631,1.1165,1.11663,1.50,1.00
2016.05.03 12:51:12.733,1.1165,1.11666,1.50,1.00
2016.05.03 12:51:13.184,1.1165,1.11664,1.50,1.00
2016.05.03 12:51:13.688,1.1165,1.11663,1.50,1.00
2016.05.03 12:51:15.208,1.1165,1.11664,1.50,1.00
2016.05.03 12:51:15.310,1.1165,1.11666,1.50,1.00
2016.05.03 12:51:15.361,1.1165,1.11668,1.50,1.12
2016.05.03 12:51:15.464,1.11652,1.1167,1.12,1.00
2016.05.03 12:51:15.515,1.11651,1.11668,1.50,1.00
2016.05.03 12:51:15.668,1.11652,1.11668,1.00,1.00
2016.05.03 12:51:16.210,1.11652,1.1167,1.00,1.00
2016.05.03 12:51:16.922,1.11655,1.11672,1.00,1.00
2016.05.03 12:51:17.904,1.11653,1.11672,1.00,1.50
2016.05.03 12:51:18.976,1.11652,1.1167,1.50,1.00
2016.05.03 12:51:20.222,1.11652,1.11669,1.50,1.00
2016.05.03 12:51:21.394,1.11652,1.1167,1.50,1.00
2016.05.03 12:51:21.700,1.11652,1.11668,1.00,1.00
2016.05.03 12:51:21.904,1.11649,1.11667,2.25,1.12
2016.05.03 12:51:25.465,1.11649,1.11665,1.50,1.00
2016.05.03 12:51:25.567,1.11648,1.11665,1.00,1.12
2016.05.03 12:51:28.987,1.11647,1.11663,1.00,1.00
2016.05.03 12:51:29.498,1.11648,1.11663,1.00,1.00
2016.05.03 12:51:30.011,1.11647,1.11663,1.00,1.50
2016.05.03 12:51:30.519,1.11646,1.11662,1.12,1.00
2016.05.03 12:51:31.029,1.11646,1.11661,1.12,1.00
2016.05.03 12:51:32.882,1.11644,1.11663,2.25,1.00
2016.05.03 12:51:33.187,1.11647,1.11663,1.75,1.50
2016.05.03 12:51:37.301,1.11649,1.11661,1.75,1.00
2016.05.03 12:51:37.403,1.11647,1.11661,1.12,1.00
2016.05.03 12:51:37.928,1.11645,1.11662,1.75,1.00
2016.05.03 12:51:39.185,1.11647,1.11658,1.12,1.00
2016.05.03 12:51:41.165,1.11647,1.11661,1.12,1.00
2016.05.03 12:51:41.927,1.11647,1.11659,1.12,1.00
2016.05.03 12:51:43.410,1.11647,1.11661,1.12,1.00
2016.05.03 12:51:44.098,1.11649,1.11661,1.00,1.00
2016.05.03 12:51:44.404,1.11652,1.11664,1.50,1.00
2016.05.03 12:51:46.700,1.11652,1.11667,1.50,1.00
2016.05.03 12:51:48.625,1.11652,1.11665,1.50,1.00
2016.05.03 12:51:50.428,1.11652,1.11665,2.25,1.00
2016.05.03 12:51:52.515,1.11652,1.11667,1.87,1.00
2016.05.03 12:51:56.776,1.11652,1.11666,1.37,1.00
2016.05.03 12:51:56.827,1.11652,1.11661,1.00,1.00
2016.05.03 12:51:57.131,1.11651,1.11659,1.00,1.00
2016.05.03 12:51:57.183,1.11651,1.11662,1.00,1.00
2016.05.03 12:51:57.335,1.11649,1.11658,1.50,1.00
2016.05.03 12:51:57.488,1.11647,1.11657,1.37,1.00
2016.05.03 12:51:57.590,1.11647,1.11655,1.37,1.00
2016.05.03 12:51:57.844,1.11647,1.11657,1.37,1.00
2016.05.03 12:51:58.059,1.11644,1.11654,1.75,1.00
2016.05.03 12:51:58.161,1.11644,1.11654,1.00,1.00
2016.05.03 12:51:58.782,1.11644,1.11652,1.12,1.00
2016.05.03 12:52:02.131,1.11642,1.11653,1.12,1.00
2016.05.03 12:52:02.437,1.11644,1.11653,1.00,1.00
2016.05.03 12:52:02.957,1.1164,1.11652,2.25,1.00
2016.05.03 12:52:03.669,1.1164,1.11652,2.62,1.00
2016.05.03 12:52:03.872,1.11645,1.11655,1.00,1.00
2016.05.03 12:52:09.114,1.11641,1.11655,1.50,1.00
2016.05.03 12:52:10.282,1.11641,1.11653,2.25,1.00
2016.05.03 12:52:14.447,1.11641,1.11651,1.50,1.00
2016.05.03 12:52:14.948,1.11641,1.11652,1.00,1.00
2016.05.03 12:52:15.153,1.11638,1.11652,1.87,1.00
2016.05.03 12:52:15.255,1.11636,1.11649,1.50,1.00
2016.05.03 12:52:15.510,1.11637,1.11652,1.37,1.00
2016.05.03 12:52:15.712,1.11638,1.11652,1.87,1.00
2016.05.03 12:52:16.473,1.11639,1.11653,1.75,1.00
2016.05.03 12:52:16.626,1.11642,1.11655,1.12,1.00
2016.05.03 12:52:16.895,1.11642,1.11655,1.37,1.00
2016.05.03 12:52:17.718,1.11642,1.11652,1.75,1.00
2016.05.03 12:52:18.538,1.11642,1.11655,1.75,1.00
2016.05.03 12:52:18.589,1.11642,1.11653,1.75,1.00
2016.05.03 12:52:18.792,1.11642,1.11654,1.12,1.00
2016.05.03 12:52:18.895,1.11642,1.11657,1.12,1.00
2016.05.03 12:52:18.989,1.11644,1.11657,1.00,1.00
2016.05.03 12:52:19.294,1.11644,1.11655,1.75,1.00
2016.05.03 12:52:19.599,1.11644,1.11655,1.50,1.00
2016.05.03 12:52:20.439,1.11644,1.11653,1.50,1.00
2016.05.03 12:52:21.300,1.11644,1.11656,1.00,1.00
2016.05.03 12:52:21.351,1.1164,1.11654,3.00,1.00
2016.05.03 12:52:21.859,1.11643,1.11654,1.00,1.00
2016.05.03 12:52:22.165,1.11643,1.11654,1.50,1.00
2016.05.03 12:52:25.961,1.11641,1.11656,2.62,1.00
2016.05.03 12:52:26.114,1.11643,1.11656,1.75,1.00
2016.05.03 12:52:26.216,1.11643,1.11656,1.12,1.00
2016.05.03 12:52:26.395,1.11643,1.11656,1.75,1.00
2016.05.03 12:52:26.447,1.11643,1.11658,1.75,1.00
2016.05.03 12:52:27.689,1.11643,1.1166,1.75,1.00
2016.05.03 12:52:27.841,1.11646,1.1166,1.75,1.00
2016.05.03 12:52:28.147,1.11644,1.11659,1.75,1.00
2016.05.03 12:52:28.689,1.11644,1.11659,1.75,1.00
2016.05.03 12:52:28.842,1.11643,1.11659,2.25,1.00
2016.05.03 12:52:29.364,1.11643,1.11658,1.00,1.00
2016.05.03 12:52:29.895,1.11641,1.11658,1.50,1.00
2016.05.03 12:52:31.486,1.11642,1.11658,1.12,1.00
2016.05.03 12:52:31.589,1.11642,1.11658,1.50,1.00
2016.05.03 12:52:31.692,1.11642,1.1166,3.37,1.00
2016.05.03 12:52:31.744,1.11645,1.1166,1.00,1.00
2016.05.03 12:52:32.049,1.11645,1.11657,1.75,1.00
2016.05.03 12:52:32.151,1.11645,1.11659,1.00,1.00
2016.05.03 12:52:32.750,1.11645,1.11657,1.50,1.00
2016.05.03 12:52:33.566,1.11645,1.11656,1.00,1.00
2016.05.03 12:52:33.784,1.11645,1.1166,1.31,1.00
2016.05.03 12:52:33.938,1.11645,1.11658,1.31,1.00
2016.05.03 12:52:34.452,1.11643,1.11659,1.69,1.00
2016.05.03 12:52:34.941,1.11644,1.11662,1.56,1.50
2016.05.03 12:52:35.450,1.11642,1.11658,3.94,1.00
2016.05.03 12:52:35.501,1.11642,1.11658,3.00,1.00
2016.05.03 12:52:36.585,1.11641,1.11657,2.25,1.00
2016.05.03 12:52:37.299,1.11645,1.11661,1.00,1.12
2016.05.03 12:52:37.452,1.11647,1.11662,1.00,1.50
2016.05.03 12:52:38.004,1.11647,1.11662,1.50,1.00
2016.05.03 12:52:39.344,1.11647,1.11665,1.50,1.00
2016.05.03 12:52:39.446,1.11647,1.11665,1.75,1.00
2016.05.03 12:52:39.755,1.11647,1.11663,1.75,1.00
2016.05.03 12:52:40.465,1.11647,1.11662,1.00,1.00
2016.05.03 12:52:40.701,1.11645,1.11662,1.12,1.00
2016.05.03 12:52:41.060,1.11645,1.11664,1.87,1.12
2016.05.03 12:52:41.855,1.11647,1.11665,1.00,1.87
2016.05.03 12:52:45.436,1.11647,1.11665,1.87,1.37
2016.05.03 12:52:45.985,1.11648,1.11665,1.50,1.00
2016.05.03 12:52:48.259,1.11648,1.11665,2.62,1.00
2016.05.03 12:52:48.981,1.11649,1.11665,1.37,1.00
2016.05.03 12:52:49.235,1.11649,1.11665,1.00,1.00
2016.05.03 12:52:52.249,1.11648,1.11664,2.25,1.00
2016.05.03 12:52:58.290,1.11646,1.11659,2.25,1.00
2016.05.03 12:52:58.797,1.11645,1.11658,1.00,1.00
2016.05.03 12:52:58.848,1.11645,1.11661,1.00,1.00
2016.05.03 12:53:01.982,1.11645,1.11662,1.50,1.50
2016.05.03 12:53:02.185,1.11647,1.11663,1.00,1.00
2016.05.03 12:53:02.510,1.11647,1.11663,1.75,1.00
2016.05.03 12:53:03.070,1.11645,1.11662,1.87,1.00
2016.05.03 12:53:04.095,1.11645,1.11662,1.50,1.00
2016.05.03 12:53:05.697,1.11644,1.1166,1.75,1.00
2016.05.03 12:53:06.334,1.11643,1.11659,1.24,1.00
2016.05.03 12:53:06.627,1.11641,1.11657,1.50,1.00
2016.05.03 12:53:07.086,1.11641,1.11659,2.25,1.12
2016.05.03 12:53:07.137,1.11646,1.11659,1.00,1.00
2016.05.03 12:53:07.188,1.11646,1.11663,1.00,2.44
2016.05.03 12:53:07.241,1.11646,1.11663,1.50,1.12
2016.05.03 12:53:07.790,1.11647,1.11664,1.00,1.00
2016.05.03 12:53:07.993,1.11649,1.11664,1.00,1.00
2016.05.03 12:53:08.298,1.11647,1.11662,1.00,1.00
2016.05.03 12:53:08.965,1.11647,1.11663,2.25,1.00
2016.05.03 12:53:09.384,1.11648,1.11665,1.50,1.00
2016.05.03 12:53:09.895,1.11648,1.11666,1.99,1.69
2016.05.03 12:53:10.616,1.11648,1.11665,1.00,1.00
2016.05.03 12:53:11.106,1.1165,1.11666,1.00,1.50
2016.05.03 12:53:11.386,1.11652,1.11669,1.00,1.00
2016.05.03 12:53:11.488,1.11651,1.11666,1.50,1.00
2016.05.03 12:53:12.351,1.11651,1.11665,1.00,1.00
2016.05.03 12:53:13.694,1.11649,1.11665,1.00,1.00
2016.05.03 12:53:14.041,1.11652,1.11667,1.00,1.00
2016.05.03 12:53:14.555,1.11649,1.11665,1.00,1.00
2016.05.03 12:53:14.707,1.11649,1.11663,1.00,1.00
2016.05.03 12:53:14.809,1.11647,1.11663,1.00,1.12
2016.05.03 12:53:15.316,1.11647,1.11662,1.00,1.00
2016.05.03 12:53:15.866,1.11646,1.11662,1.50,1.00
2016.05.03 12:53:16.404,1.11645,1.11662,1.50,1.69
2016.05.03 12:53:16.456,1.11647,1.11662,1.00,1.19
2016.05.03 12:53:16.705,1.11651,1.11666,1.00,1.50
2016.05.03 12:53:17.111,1.11651,1.11668,1.00,2.62
2016.05.03 12:53:17.905,1.1165,1.11666,1.50,1.00
2016.05.03 12:53:18.766,1.11651,1.11666,1.00,1.00
2016.05.03 12:53:19.020,1.11651,1.11668,1.00,1.25
2016.05.03 12:53:19.556,1.1165,1.11667,1.50,1.00
2016.05.03 12:53:21.482,1.1165,1.11663,1.50,1.00
2016.05.03 12:53:21.584,1.1165,1.11667,1.50,1.00
2016.05.03 12:53:22.133,1.11651,1.11668,1.00,1.25
2016.05.03 12:53:22.520,1.11651,1.11663,1.00,1.00
2016.05.03 12:53:22.992,1.11651,1.11668,1.00,1.25
2016.05.03 12:53:23.315,1.11651,1.11663,1.00,1.00
2016.05.03 12:53:23.417,1.11651,1.11668,1.00,1.62
2016.05.03 12:53:24.425,1.11651,1.11668,1.00,1.31
2016.05.03 12:53:24.577,1.11654,1.11669,1.00,3.19
2016.05.03 12:53:24.628,1.11651,1.11669,1.00,3.56
2016.05.03 12:53:25.025,1.1165,1.11666,1.00,1.00
2016.05.03 12:53:25.536,1.1165,1.11667,1.00,1.00
2016.05.03 12:53:26.083,1.1165,1.11666,1.50,1.00
2016.05.03 12:53:27.498,1.1165,1.11667,1.50,1.00
2016.05.03 12:53:27.753,1.11651,1.11669,1.50,2.25
2016.05.03 12:53:27.805,1.11651,1.11667,1.00,1.25
2016.05.03 12:53:28.112,1.11649,1.11664,1.00,1.37
2016.05.03 12:53:28.466,1.11661,1.11673,1.00,1.50
2016.05.03 12:53:28.773,1.11666,1.11681,1.87,1.00
2016.05.03 12:53:28.824,1.11668,1.11682,1.12,1.37
2016.05.03 12:53:29.028,1.11668,1.11685,1.50,1.00
2016.05.03 12:53:29.286,1.11666,1.11683,2.25,1.00
2016.05.03 12:53:29.337,1.11668,1.11686,1.50,1.00
2016.05.03 12:53:29.439,1.11672,1.11687,1.00,1.12
2016.05.03 12:53:29.694,1.11673,1.11689,1.12,1.00
2016.05.03 12:53:30.238,1.11673,1.11688,1.87,1.00
2016.05.03 12:53:30.391,1.11673,1.11686,1.12,1.00
2016.05.03 12:53:30.492,1.11671,1.11686,1.50,1.00
2016.05.03 12:53:30.544,1.11671,1.11683,1.50,1.00
2016.05.03 12:53:30.697,1.11669,1.11684,1.00,1.12
2016.05.03 12:53:30.748,1.11667,1.11684,1.87,1.12
2016.05.03 12:53:31.297,1.11667,1.11683,1.12,1.00
2016.05.03 12:53:31.404,1.11667,1.11681,1.12,1.00
2016.05.03 12:53:32.689,1.11665,1.11678,1.50,1.00
2016.05.03 12:53:32.791,1.11664,1.11678,1.00,1.00
2016.05.03 12:53:32.893,1.11664,1.11676,1.00,1.00
2016.05.03 12:53:33.096,1.11661,1.11676,1.12,1.00
2016.05.03 12:53:33.349,1.11662,1.11678,1.87,1.87
2016.05.03 12:53:33.673,1.11663,1.11681,1.12,1.50
2016.05.03 12:53:34.282,1.11662,1.11679,1.87,1.00
2016.05.03 12:53:34.842,1.11662,1.11678,1.50,1.00
2016.05.03 12:53:34.994,1.11663,1.1168,1.12,1.00
2016.05.03 12:53:35.096,1.11661,1.11677,1.12,1.00
2016.05.03 12:53:35.400,1.11659,1.1167,3.75,1.00
2016.05.03 12:53:35.997,1.11658,1.1167,2.81,1.00
2016.05.03 12:53:36.202,1.11659,1.11672,2.81,1.00
2016.05.03 12:53:36.831,1.11658,1.11672,2.34,1.00
2016.05.03 12:53:37.581,1.11657,1.1167,2.71,1.00
2016.05.03 12:53:38.089,1.11655,1.11667,3.00,1.00
2016.05.03 12:53:38.397,1.11655,1.11665,1.12,1.00
2016.05.03 12:53:38.583,1.11654,1.11668,1.00,1.00
2016.05.03 12:53:38.686,1.11655,1.1167,1.37,1.00
2016.05.03 12:53:39.195,1.11656,1.11669,1.00,1.00
2016.05.03 12:53:39.500,1.11654,1.11667,1.50,1.00
2016.05.03 12:53:40.379,1.11655,1.11666,1.00,1.00
2016.05.03 12:53:40.481,1.11655,1.11672,1.00,1.00
2016.05.03 12:53:40.635,1.11655,1.1167,2.25,1.00
2016.05.03 12:53:41.200,1.11655,1.1167,1.75,1.00
2016.05.03 12:53:41.454,1.11655,1.11672,1.37,1.00
2016.05.03 12:53:41.505,1.11655,1.11672,1.37,1.00
2016.05.03 12:53:42.012,1.11657,1.11672,1.00,1.00
2016.05.03 12:53:42.114,1.11656,1.11668,1.00,1.00
2016.05.03 12:53:42.444,1.11654,1.11666,1.37,1.00
2016.05.03 12:53:42.496,1.11654,1.11667,1.12,1.00
2016.05.03 12:53:42.547,1.11654,1.11672,2.25,1.37
2016.05.03 12:53:42.599,1.11659,1.11671,1.00,1.00
2016.05.03 12:53:42.702,1.11661,1.11674,1.00,1.00
2016.05.03 12:53:43.212,1.1166,1.11674,1.87,1.00
2016.05.03 12:53:44.153,1.11659,1.11673,1.12,1.00
2016.05.03 12:53:44.306,1.11658,1.11673,1.00,1.00
2016.05.03 12:53:44.408,1.11657,1.11671,1.37,1.00
2016.05.03 12:53:44.909,1.11657,1.11671,1.50,1.00
2016.05.03 12:53:45.163,1.11657,1.11673,1.50,1.50
2016.05.03 12:53:45.821,1.11657,1.11674,2.25,1.00
2016.05.03 12:53:45.872,1.1166,1.11676,1.50,1.12
2016.05.03 12:53:46.178,1.11661,1.11676,2.25,1.00
2016.05.03 12:53:46.483,1.11661,1.11676,1.00,1.00
2016.05.03 12:53:47.211,1.11658,1.11676,3.00,1.00
2016.05.03 12:53:47.262,1.11658,1.11673,3.00,1.00
2016.05.03 12:53:47.566,1.11658,1.11673,3.00,1.00
2016.05.03 12:53:47.617,1.11658,1.11673,3.00,1.00
2016.05.03 12:53:48.158,1.11658,1.11673,3.00,1.00
2016.05.03 12:53:48.666,1.11658,1.11673,1.00,1.00
2016.05.03 12:53:49.987,1.11658,1.11673,1.87,1.00
2016.05.03 12:53:51.095,1.11658,1.11673,1.00,1.00
2016.05.03 12:53:51.146,1.11657,1.1167,1.37,1.00
2016.05.03 12:53:51.249,1.11655,1.11668,1.00,1.00
2016.05.03 12:53:51.775,1.11654,1.11668,1.00,1.00
2016.05.03 12:53:52.637,1.11654,1.1167,1.00,1.00
2016.05.03 12:53:53.286,1.11654,1.11668,1.00,1.00
2016.05.03 12:53:53.777,1.11654,1.11671,1.00,1.00
2016.05.03 12:53:53.828,1.11654,1.11673,2.62,2.25
2016.05.03 12:53:53.879,1.11656,1.11674,1.87,1.37
2016.05.03 12:53:54.403,1.11656,1.11673,1.50,1.00
2016.05.03 12:53:55.678,1.11656,1.11674,1.00,2.25
2016.05.03 12:53:56.193,1.11656,1.11673,1.00,1.00
2016.05.03 12:53:56.497,1.11655,1.1167,1.00,1.00
2016.05.03 12:53:57.992,1.11656,1.11672,1.00,1.00
2016.05.03 12:53:58.145,1.11653,1.11672,3.00,1.50
2016.05.03 12:53:58.725,1.11653,1.11672,2.25,1.75
2016.05.03 12:53:59.535,1.11652,1.1167,1.12,1.12
2016.05.03 12:54:00.063,1.11652,1.1167,1.37,1.12
2016.05.03 12:54:00.594,1.11652,1.1167,1.87,1.12
2016.05.03 12:54:00.804,1.11653,1.1167,1.50,1.00
2016.05.03 12:54:00.907,1.11654,1.11672,1.00,1.25
2016.05.03 12:54:01.059,1.11654,1.11672,1.37,1.25
2016.05.03 12:54:01.850,1.11656,1.11672,1.50,1.25
2016.05.03 12:54:02.209,1.11656,1.11669,1.12,1.00
2016.05.03 12:54:02.716,1.11655,1.11669,1.00,1.00
2016.05.03 12:54:03.174,1.11658,1.11668,1.00,1.00
2016.05.03 12:54:04.743,1.11662,1.11677,1.12,2.44
2016.05.03 12:54:04.846,1.11664,1.11677,1.00,2.06
2016.05.03 12:54:04.999,1.11664,1.11681,1.00,1.69
2016.05.03 12:54:05.051,1.11664,1.11679,1.37,1.25
2016.05.03 12:54:05.664,1.11666,1.11683,1.12,2.06
2016.05.03 12:54:05.816,1.1167,1.11683,1.00,1.31
2016.05.03 12:54:06.324,1.1167,1.11683,1.50,1.00
2016.05.03 12:54:06.815,1.11667,1.11683,1.00,1.00
2016.05.03 12:54:07.072,1.11665,1.11679,1.37,1.00
2016.05.03 12:54:07.378,1.11664,1.11682,1.00,1.50
2016.05.03 12:54:08.066,1.11662,1.11678,1.37,1.00
2016.05.03 12:54:08.222,1.11661,1.11678,1.00,2.44
2016.05.03 12:54:08.950,1.11661,1.11678,1.00,2.44
2016.05.03 12:54:09.001,1.11659,1.11677,1.00,2.00
2016.05.03 12:54:09.257,1.11662,1.11677,1.00,1.94
2016.05.03 12:54:09.703,1.11662,1.11678,1.00,2.06
2016.05.03 12:54:10.211,1.11659,1.11678,1.75,1.69
2016.05.03 12:54:10.464,1.11659,1.11678,1.37,2.06
2016.05.03 12:54:11.011,1.1166,1.11677,1.00,1.00
2016.05.03 12:54:11.884,1.1166,1.11678,1.37,1.50
2016.05.03 12:54:12.087,1.11658,1.11676,1.00,1.50
2016.05.03 12:54:12.240,1.1166,1.11676,1.00,1.00
2016.05.03 12:54:12.806,1.1166,1.11674,1.00,1.19
2016.05.03 12:54:13.662,1.1166,1.11676,1.00,1.00
2016.05.03 12:54:13.814,1.11662,1.11676,1.00,1.00
2016.05.03 12:54:14.293,1.11662,1.11679,1.00,1.37
2016.05.03 12:54:14.446,1.11665,1.11679,1.00,1.37
2016.05.03 12:54:17.358,1.11662,1.11679,1.00,1.37
2016.05.03 12:54:17.409,1.11662,1.11674,1.00,1.00
2016.05.03 12:54:17.714,1.11665,1.11676,1.00,1.00
2016.05.03 12:54:17.817,1.11665,1.11679,1.00,1.37
2016.05.03 12:54:17.919,1.11663,1.11679,1.00,1.37
2016.05.03 12:54:18.232,1.11666,1.11678,1.00,1.12
2016.05.03 12:54:21.121,1.11664,1.11681,1.00,2.34
2016.05.03 12:54:21.628,1.11663,1.11679,1.00,1.37
2016.05.03 12:54:25.280,1.11664,1.11679,1.00,1.37
2016.05.03 12:54:25.483,1.11661,1.11678,1.87,1.12
2016.05.03 12:54:25.585,1.1166,1.11675,1.50,1.00
2016.05.03 12:54:25.887,1.11658,1.11673,1.00,1.12
2016.05.03 12:54:27.031,1.11656,1.11672,1.00,1.00
2016.05.03 12:54:27.166,1.11658,1.11673,1.00,1.12
2016.05.03 12:54:27.470,1.1166,1.11675,1.00,1.75
2016.05.03 12:54:27.926,1.11657,1.11673,1.00,1.12
2016.05.03 12:54:28.131,1.11657,1.1167,1.00,1.00
2016.05.03 12:54:29.461,1.11655,1.1167,1.00,1.00
2016.05.03 12:54:29.715,1.11658,1.1167,1.00,1.00
2016.05.03 12:54:30.021,1.1166,1.1167,1.00,1.00
2016.05.03 12:54:30.276,1.11656,1.1167,1.00,1.00
2016.05.03 12:54:30.327,1.11658,1.11673,1.00,1.87
2016.05.03 12:54:30.418,1.11658,1.11673,1.00,1.50
2016.05.03 12:54:30.470,1.11656,1.11671,1.00,1.00
2016.05.03 12:54:30.624,1.11653,1.1167,1.00,1.50
2016.05.03 12:54:30.827,1.11651,1.11668,2.25,1.00
2016.05.03 12:54:31.335,1.11652,1.11668,1.00,2.25
2016.05.03 12:54:32.524,1.11652,1.11669,1.00,1.12
2016.05.03 12:54:33.800,1.11652,1.11667,1.00,1.00
2016.05.03 12:54:34.292,1.11652,1.1167,1.00,2.25
2016.05.03 12:54:34.344,1.11654,1.1167,1.00,1.50
2016.05.03 12:54:34.648,1.11659,1.11673,1.00,1.12
2016.05.03 12:54:40.674,1.11658,1.11673,1.00,1.12
2016.05.03 12:54:45.673,1.11656,1.11673,1.12,1.12
2016.05.03 12:54:47.867,1.11657,1.11672,1.00,1.00
2016.05.03 12:54:47.918,1.11652,1.1167,2.06,1.56
2016.05.03 12:54:47.969,1.11652,1.11667,1.62,1.00
2016.05.03 12:54:48.071,1.1165,1.11667,1.12,1.12
2016.05.03 12:54:48.617,1.11651,1.11668,1.00,1.50
2016.05.03 12:54:48.922,1.11653,1.1167,1.00,2.25
2016.05.03 12:54:49.177,1.11655,1.11672,1.00,1.75
2016.05.03 12:54:50.662,1.11655,1.11672,1.00,1.00
2016.05.03 12:54:50.764,1.11655,1.11668,1.00,1.00
2016.05.03 12:54:51.085,1.1166,1.11675,1.00,1.00
2016.05.03 12:54:51.136,1.11658,1.11673,1.00,1.00
2016.05.03 12:54:51.289,1.11656,1.11673,1.50,1.50
2016.05.03 12:54:53.400,1.11656,1.11673,1.50,2.06
2016.05.03 12:54:53.934,1.11656,1.1167,1.00,1.00
2016.05.03 12:54:56.025,1.11657,1.11672,1.00,1.00
2016.05.03 12:54:57.374,1.11658,1.11673,1.00,1.00
2016.05.03 12:54:58.026,1.11657,1.11672,1.00,1.00
2016.05.03 12:54:58.131,1.1166,1.11674,1.00,1.00
2016.05.03 12:54:58.334,1.1166,1.11676,1.00,1.00
2016.05.03 12:54:58.904,1.1166,1.11677,1.12,1.00
2016.05.03 12:54:59.686,1.11659,1.11674,1.50,1.00
2016.05.03 12:54:59.992,1.11657,1.1167,1.50,1.00
2016.05.03 12:55:00.093,1.11655,1.1167,1.12,1.00
2016.05.03 12:55:00.672,1.11655,1.11672,2.25,1.00
2016.05.03 12:55:00.825,1.11658,1.11673,1.00,1.00
2016.05.03 12:55:01.130,1.1166,1.11674,1.00,1.87
2016.05.03 12:55:01.334,1.11658,1.11674,1.50,1.12
2016.05.03 12:55:01.847,1.11659,1.11674,1.00,1.12
2016.05.03 12:55:02.125,1.11659,1.11672,1.00,1.00
2016.05.03 12:55:02.176,1.11659,1.11675,1.00,1.50
2016.05.03 12:55:03.749,1.11661,1.11675,1.00,1.50
2016.05.03 12:55:04.071,1.11659,1.11675,1.00,1.50
2016.05.03 12:55:04.123,1.11659,1.11672,1.00,1.00
2016.05.03 12:55:04.174,1.11657,1.11672,2.25,1.00
2016.05.03 12:55:04.460,1.11659,1.11674,1.50,1.12
2016.05.03 12:55:04.766,1.11664,1.11677,1.00,1.19
2016.05.03 12:55:04.817,1.11664,1.11679,1.00,1.03
2016.05.03 12:55:05.181,1.11662,1.11678,1.00,1.31
2016.05.03 12:55:05.728,1.11662,1.11677,1.00,1.00
2016.05.03 12:55:06.157,1.11665,1.11677,1.00,1.00
2016.05.03 12:55:06.309,1.11666,1.1168,1.00,1.12
2016.05.03 12:55:07.211,1.11666,1.11683,1.12,1.22
2016.05.03 12:55:07.717,1.11666,1.11683,1.12,1.12
2016.05.03 12:55:09.321,1.11666,1.11683,1.00,2.25
2016.05.03 12:55:09.372,1.11666,1.11679,1.00,1.00
2016.05.03 12:55:09.891,1.11665,1.11679,1.00,1.37
2016.05.03 12:55:11.862,1.11667,1.11682,1.00,1.75
2016.05.03 12:55:11.964,1.11667,1.11682,1.00,1.50
2016.05.03 12:55:12.786,1.11665,1.11679,1.00,1.00
2016.05.03 12:55:12.837,1.11662,1.11679,1.50,1.50
2016.05.03 12:55:12.888,1.11661,1.11676,2.25,1.00
2016.05.03 12:55:13.194,1.11666,1.11678,1.00,1.00
2016.05.03 12:55:13.346,1.11666,1.11683,1.00,1.87
2016.05.03 12:55:13.634,1.11668,1.11683,1.00,1.12
2016.05.03 12:55:14.283,1.11668,1.11684,1.00,1.12
2016.05.03 12:55:14.952,1.11668,1.11678,1.00,1.00
2016.05.03 12:55:15.005,1.11667,1.11683,1.00,1.00
2016.05.03 12:55:15.361,1.11666,1.11679,1.00,1.00
2016.05.03 12:55:15.463,1.11668,1.11684,1.00,1.50
2016.05.03 12:55:16.012,1.11668,1.11683,1.00,1.00
2016.05.03 12:55:16.543,1.11668,1.11684,1.00,1.12
2016.05.03 12:55:17.198,1.11668,1.11683,1.00,1.00
2016.05.03 12:55:17.401,1.1167,1.11683,1.00,1.00
2016.05.03 12:55:17.605,1.11668,1.11684,1.12,1.00
2016.05.03 12:55:18.475,1.11668,1.11683,1.12,1.00
2016.05.03 12:55:18.992,1.11668,1.11684,1.12,1.00
2016.05.03 12:55:19.790,1.11668,1.11684,1.00,1.87
2016.05.03 12:55:19.994,1.1167,1.11687,1.00,3.37
2016.05.03 12:55:20.147,1.11672,1.11689,1.00,3.00
2016.05.03 12:55:20.403,1.11672,1.11688,1.00,1.56
2016.05.03 12:55:20.899,1.11675,1.11688,1.00,1.75
2016.05.03 12:55:22.716,1.11672,1.11688,1.00,1.75
2016.05.03 12:55:23.122,1.11675,1.11691,1.00,2.06
2016.05.03 12:55:23.173,1.11675,1.11691,1.00,1.31
2016.05.03 12:55:23.711,1.11677,1.11693,1.00,1.50
2016.05.03 12:55:24.275,1.11677,1.11694,1.00,1.00
2016.05.03 12:55:24.917,1.11677,1.11693,1.00,1.00
2016.05.03 12:55:25.274,1.11677,1.11694,1.00,3.37
2016.05.03 12:55:25.377,1.11675,1.11691,1.00,1.00
2016.05.03 12:55:25.429,1.11677,1.11691,1.00,1.00
2016.05.03 12:55:25.532,1.11677,1.11694,1.00,1.12
2016.05.03 12:55:25.584,1.11677,1.11694,1.37,1.00
2016.05.03 12:55:26.412,1.11675,1.11692,1.75,1.00
2016.05.03 12:55:27.594,1.11674,1.1169,1.37,1.00
2016.05.03 12:55:27.646,1.11674,1.1169,1.00,1.00
2016.05.03 12:55:27.700,1.11676,1.11691,1.00,1.00
2016.05.03 12:55:28.249,1.11673,1.1169,2.25,1.00
2016.05.03 12:55:28.301,1.11676,1.11693,1.12,1.00
2016.05.03 12:55:28.352,1.11679,1.11694,1.00,1.00
2016.05.03 12:55:28.557,1.11684,1.117,1.00,1.00
2016.05.03 12:55:28.912,1.11684,1.11696,1.00,1.00
2016.05.03 12:55:29.015,1.11683,1.11698,1.12,1.00
2016.05.03 12:55:29.485,1.11681,1.11696,1.37,1.00
2016.05.03 12:55:30.415,1.11679,1.11694,1.87,1.00
2016.05.03 12:55:30.933,1.11679,1.11694,1.00,1.00
2016.05.03 12:55:32.931,1.11677,1.11693,1.00,1.00
2016.05.03 12:55:34.412,1.11677,1.11688,1.00,1.00
2016.05.03 12:55:34.514,1.11671,1.11688,3.37,1.00
2016.05.03 12:55:34.567,1.11673,1.11688,1.00,1.00
2016.05.03 12:55:34.618,1.11673,1.11686,1.00,1.00
2016.05.03 12:55:36.297,1.11672,1.11686,1.00,1.00
2016.05.03 12:55:36.551,1.11672,1.11688,1.00,1.12
2016.05.03 12:55:37.081,1.11672,1.11689,1.50,1.50
2016.05.03 12:55:37.590,1.11673,1.11689,1.00,1.00
2016.05.03 12:55:38.139,1.11674,1.11691,1.00,1.50
2016.05.03 12:55:38.900,1.11673,1.11688,1.50,1.00
2016.05.03 12:55:39.037,1.1167,1.11687,2.25,1.00
2016.05.03 12:55:39.443,1.11673,1.11688,1.50,1.00
2016.05.03 12:55:39.646,1.11671,1.11687,1.12,1.00
2016.05.03 12:55:39.798,1.11672,1.11689,1.00,1.50
2016.05.03 12:55:40.040,1.11671,1.11685,1.12,1.00
2016.05.03 12:55:40.831,1.11672,1.11685,1.00,1.00
2016.05.03 12:55:41.035,1.11672,1.11687,1.00,1.00
2016.05.03 12:55:41.238,1.11672,1.11685,1.00,1.00
2016.05.03 12:55:42.323,1.1167,1.11685,1.50,1.00
2016.05.03 12:55:42.833,1.11672,1.11685,1.00,1.00
2016.05.03 12:55:43.481,1.1167,1.11685,1.50,1.00
2016.05.03 12:55:44.005,1.11672,1.11685,1.00,1.00
2016.05.03 12:55:44.309,1.1167,1.11677,1.00,1.00
2016.05.03 12:55:44.439,1.11663,1.11677,1.50,1.00
2016.05.03 12:55:44.490,1.11663,1.11677,1.00,1.00
2016.05.03 12:55:44.896,1.11661,1.11675,2.81,1.00
2016.05.03 12:55:45.404,1.11662,1.11675,1.00,1.00
2016.05.03 12:55:45.856,1.11662,1.11673,1.00,1.00
2016.05.03 12:55:46.010,1.1166,1.11676,1.00,1.12
2016.05.03 12:55:46.535,1.11658,1.11676,1.37,1.12
2016.05.03 12:55:46.991,1.11662,1.11676,1.00,1.00
2016.05.03 12:55:48.279,1.11661,1.11676,1.87,1.00
2016.05.03 12:55:49.370,1.11661,1.11678,2.62,1.00
2016.05.03 12:55:49.986,1.11664,1.11679,1.50,1.00
2016.05.03 12:55:50.139,1.11665,1.11681,1.12,1.00
2016.05.03 12:55:50.191,1.11667,1.11682,1.00,1.12
2016.05.03 12:55:50.490,1.11668,1.11684,1.12,1.00
2016.05.03 12:55:51.023,1.11669,1.11684,1.00,1.00
2016.05.03 12:55:51.539,1.11667,1.11684,3.00,1.00
2016.05.03 12:55:52.229,1.11667,1.11681,1.50,1.00
2016.05.03 12:55:53.671,1.11666,1.11684,2.25,1.50
2016.05.03 12:55:53.722,1.11673,1.11684,1.00,1.00
2016.05.03 12:55:53.824,1.11673,1.11687,1.00,1.00
2016.05.03 12:55:53.928,1.11673,1.11688,1.50,1.00
2016.05.03 12:55:56.487,1.11674,1.1169,1.37,1.00
2016.05.03 12:55:57.312,1.11677,1.1169,1.00,1.00
2016.05.03 12:55:57.414,1.11674,1.1169,1.37,1.00
2016.05.03 12:55:58.124,1.11674,1.1169,1.75,1.00
2016.05.03 12:55:58.226,1.11674,1.1169,1.37,1.00
2016.05.03 12:55:58.342,1.11674,1.1169,1.75,1.00
2016.05.03 12:55:59.109,1.11676,1.11691,1.50,1.00
2016.05.03 12:56:00.205,1.11674,1.11689,3.00,1.00
2016.05.03 12:56:00.459,1.11673,1.11687,1.50,1.00
2016.05.03 12:56:00.510,1.11673,1.1169,2.25,1.00
2016.05.03 12:56:00.612,1.11677,1.1169,1.00,1.00
2016.05.03 12:56:00.822,1.11673,1.1169,2.25,1.00
2016.05.03 12:56:00.874,1.11673,1.11685,1.50,1.00
2016.05.03 12:56:01.229,1.11677,1.11685,1.00,1.00
2016.05.03 12:56:01.331,1.11672,1.11685,1.00,1.00
2016.05.03 12:56:01.585,1.11671,1.11688,3.00,1.50
2016.05.03 12:56:01.639,1.11677,1.1169,1.00,1.00
2016.05.03 12:56:02.181,1.11677,1.11691,1.12,1.00
2016.05.03 12:56:03.185,1.11676,1.11688,1.50,1.00
2016.05.03 12:56:03.338,1.11673,1.11686,1.00,1.00
2016.05.03 12:56:03.491,1.11672,1.11682,1.00,1.00
2016.05.03 12:56:03.993,1.11671,1.11682,1.00,1.00
2016.05.03 12:56:04.095,1.11668,1.11682,1.87,1.00
2016.05.03 12:56:04.450,1.11668,1.11682,1.75,1.00
2016.05.03 12:56:08.512,1.11668,1.11681,1.59,1.00
2016.05.03 12:56:08.563,1.11668,1.11681,1.59,1.00
2016.05.03 12:56:09.073,1.11667,1.11681,1.00,1.00
2016.05.03 12:56:09.383,1.11667,1.11678,1.00,1.00
2016.05.03 12:56:10.008,1.11667,1.11676,1.00,1.00
2016.05.03 12:56:10.146,1.11667,1.1168,1.00,1.00
2016.05.03 12:56:10.659,1.11665,1.1168,1.50,1.00
2016.05.03 12:56:10.988,1.11666,1.11682,1.12,1.00
2016.05.03 12:56:11.141,1.11666,1.11682,1.50,1.00
2016.05.03 12:56:11.478,1.11667,1.11675,1.87,1.00
2016.05.03 12:56:11.681,1.11661,1.11672,1.12,1.00
2016.05.03 12:56:11.733,1.11662,1.1167,1.00,1.00
2016.05.03 12:56:11.835,1.11657,1.11672,3.09,1.00
2016.05.03 12:56:11.886,1.11657,1.11672,2.72,1.00
2016.05.03 12:56:13.174,1.1166,1.11674,1.00,1.12
2016.05.03 12:56:13.276,1.11663,1.11678,1.50,1.12
2016.05.03 12:56:13.327,1.11667,1.11678,1.00,1.12
2016.05.03 12:56:13.850,1.11664,1.11681,1.87,1.50
2016.05.03 12:56:14.205,1.11666,1.11675,1.75,1.00
2016.05.03 12:56:14.257,1.11663,1.11675,1.50,1.00
2016.05.03 12:56:14.562,1.11663,1.11678,1.00,1.00
2016.05.03 12:56:14.665,1.11664,1.11676,1.00,1.00
2016.05.03 12:56:14.862,1.11661,1.11676,1.50,1.00
2016.05.03 12:56:16.116,1.1166,1.11675,1.50,1.00
2016.05.03 12:56:17.474,1.1166,1.11677,2.25,1.00
2016.05.03 12:56:17.677,1.11661,1.11677,2.25,1.00
2016.05.03 12:56:19.193,1.11661,1.11674,1.50,1.00
2016.05.03 12:56:19.700,1.11661,1.11675,1.50,1.00
2016.05.03 12:56:19.964,1.11664,1.11679,1.50,1.00
2016.05.03 12:56:20.218,1.11666,1.11679,1.37,1.00
2016.05.03 12:56:20.323,1.11667,1.11682,1.12,1.00
2016.05.03 12:56:20.828,1.11671,1.11682,1.00,1.00
2016.05.03 12:56:21.133,1.11663,1.11676,1.50,1.00
2016.05.03 12:56:21.337,1.1166,1.11675,3.00,1.00
2016.05.03 12:56:22.811,1.11662,1.11673,1.12,1.00
2016.05.03 12:56:23.368,1.11661,1.11668,1.37,1.00
2016.05.03 12:56:23.521,1.1166,1.11667,1.12,1.00
2016.05.03 12:56:23.622,1.1166,1.11664,1.00,1.00
2016.05.03 12:56:24.132,1.11659,1.11663,1.00,1.00
2016.05.03 12:56:24.438,1.11647,1.11663,4.03,1.00
2016.05.03 12:56:24.592,1.11648,1.11665,1.09,1.50
2016.05.03 12:56:24.694,1.1165,1.11663,1.50,1.00
2016.05.03 12:56:25.071,1.11648,1.11659,1.12,1.00
2016.05.03 12:56:25.477,1.11644,1.11659,1.22,1.00
2016.05.03 12:56:25.937,1.11647,1.11659,1.00,1.00
2016.05.03 12:56:26.090,1.11647,1.11661,1.12,1.12
2016.05.03 12:56:26.769,1.11651,1.11661,1.00,1.00
2016.05.03 12:56:26.871,1.11647,1.11661,1.00,1.00
2016.05.03 12:56:27.175,1.11651,1.11661,1.00,1.00
2016.05.03 12:56:27.226,1.11651,1.11663,1.00,1.00
2016.05.03 12:56:27.727,1.11651,1.11664,1.00,1.00
2016.05.03 12:56:28.239,1.11648,1.11664,1.50,1.00
2016.05.03 12:56:28.391,1.11649,1.11661,1.37,1.00
2016.05.03 12:56:28.645,1.11652,1.11664,1.00,1.00
2016.05.03 12:56:28.798,1.11647,1.11664,4.12,1.00
2016.05.03 12:56:29.103,1.11647,1.11662,1.75,1.00
2016.05.03 12:56:29.408,1.11647,1.11659,1.00,1.00
2016.05.03 12:56:30.704,1.11647,1.1166,1.00,1.00
2016.05.03 12:56:30.907,1.11647,1.11662,1.37,1.00
2016.05.03 12:56:30.958,1.11648,1.1166,1.00,1.00
2016.05.03 12:56:31.263,1.11651,1.1166,1.00,1.00
2016.05.03 12:56:32.669,1.11648,1.1166,1.00,1.00
2016.05.03 12:56:32.891,1.11647,1.11657,1.00,1.00
2016.05.03 12:56:33.044,1.11643,1.11658,1.00,1.00
2016.05.03 12:56:33.096,1.11643,1.11658,1.37,1.00
2016.05.03 12:56:33.248,1.11642,1.11656,1.87,1.00
2016.05.03 12:56:33.971,1.11642,1.11655,1.87,1.00
2016.05.03 12:56:34.732,1.1164,1.11655,1.00,1.00
2016.05.03 12:56:35.250,1.11638,1.11655,2.25,1.00
2016.05.03 12:56:35.656,1.11638,1.11652,1.50,1.00
2016.05.03 12:56:35.960,1.11641,1.11652,1.00,1.00
2016.05.03 12:56:37.546,1.11638,1.11652,1.50,1.00
2016.05.03 12:56:37.953,1.11641,1.11652,1.00,1.00
2016.05.03 12:56:38.055,1.11641,1.11655,1.00,1.00
2016.05.03 12:56:38.359,1.11638,1.11655,3.00,1.00
2016.05.03 12:56:38.461,1.11641,1.11655,1.00,1.00
2016.05.03 12:56:38.804,1.11636,1.11643,1.37,1.00
2016.05.03 12:56:38.855,1.11636,1.11643,1.00,1.00
2016.05.03 12:56:39.008,1.11636,1.11645,1.00,1.00
2016.05.03 12:56:39.365,1.11631,1.11645,1.00,1.00
2016.05.03 12:56:39.567,1.11636,1.11645,1.00,1.00
2016.05.03 12:56:39.669,1.11631,1.11645,1.00,1.00
2016.05.03 12:56:40.078,1.11636,1.11645,1.00,1.00
2016.05.03 12:56:40.232,1.11636,1.11647,1.00,1.00
2016.05.03 12:56:40.283,1.11636,1.1165,1.00,1.00
2016.05.03 12:56:40.436,1.11637,1.11646,1.00,1.00
2016.05.03 12:56:40.588,1.11632,1.11646,1.12,1.00
2016.05.03 12:56:40.740,1.11631,1.11648,2.25,1.00
2016.05.03 12:56:40.792,1.11636,1.11648,1.00,1.00
2016.05.03 12:56:41.091,1.11636,1.11651,1.50,1.12
2016.05.03 12:56:41.193,1.11636,1.1165,1.87,1.00
2016.05.03 12:56:41.396,1.11636,1.11649,1.00,1.00
2016.05.03 12:56:41.725,1.11636,1.11647,1.00,1.00
2016.05.03 12:56:42.073,1.11632,1.11645,1.75,1.00
2016.05.03 12:56:42.378,1.11631,1.11643,1.00,1.00
2016.05.03 12:56:42.977,1.11632,1.11643,1.00,1.00
2016.05.03 12:56:43.181,1.11637,1.11646,1.00,1.00
2016.05.03 12:56:43.284,1.11632,1.11647,1.50,1.12
2016.05.03 12:56:43.386,1.11636,1.11647,1.00,1.12
2016.05.03 12:56:43.786,1.11636,1.1165,1.00,1.12
2016.05.03 12:56:43.990,1.11638,1.11651,1.00,1.50
2016.05.03 12:56:44.306,1.11638,1.11655,1.00,1.50
2016.05.03 12:56:44.815,1.11637,1.11652,1.50,1.00
2016.05.03 12:56:45.344,1.11637,1.11652,1.50,1.50
2016.05.03 12:56:46.470,1.11636,1.1165,1.50,1.00
2016.05.03 12:56:47.008,1.11637,1.1165,1.00,1.00
2016.05.03 12:56:47.897,1.11636,1.1165,1.12,1.00
2016.05.03 12:56:48.222,1.11633,1.11648,1.50,1.00
2016.05.03 12:56:49.186,1.11636,1.1165,1.00,1.00
2016.05.03 12:56:49.814,1.11636,1.11652,1.00,1.00
2016.05.03 12:56:50.169,1.11636,1.11649,1.00,1.00
2016.05.03 12:56:50.321,1.11634,1.11649,1.12,1.12
2016.05.03 12:56:50.373,1.11632,1.11648,1.00,1.00
2016.05.03 12:56:51.180,1.11631,1.11648,1.50,1.00
2016.05.03 12:56:52.610,1.11631,1.11648,1.87,1.00
2016.05.03 12:56:54.476,1.11635,1.11652,1.00,1.00
2016.05.03 12:56:54.629,1.11636,1.11652,1.00,1.75
2016.05.03 12:56:54.831,1.11637,1.11652,1.00,1.00
2016.05.03 12:56:55.459,1.11636,1.11652,1.00,1.00
2016.05.03 12:56:56.050,1.11635,1.11652,1.50,1.00
2016.05.03 12:56:59.043,1.11637,1.11652,1.00,1.00
2016.05.03 12:57:00.109,1.1164,1.11655,1.00,1.00
2016.05.03 12:57:00.412,1.11642,1.11657,1.00,1.00
2016.05.03 12:57:02.368,1.11639,1.11656,1.12,1.00
2016.05.03 12:57:02.571,1.11642,1.11656,1.00,1.00
2016.05.03 12:57:03.085,1.11642,1.11657,1.00,1.00
2016.05.03 12:57:03.782,1.11643,1.11659,1.00,1.00
2016.05.03 12:57:04.134,1.11646,1.1166,1.00,1.00
2016.05.03 12:57:04.641,1.11646,1.11661,1.00,1.12
2016.05.03 12:57:07.533,1.11646,1.11661,1.00,1.75
2016.05.03 12:57:07.986,1.11644,1.1166,1.00,1.75
2016.05.03 12:57:12.688,1.11642,1.11659,1.00,1.50
2016.05.03 12:57:17.663,1.11642,1.11657,1.00,1.00
2016.05.03 12:57:18.798,1.11642,1.11656,1.00,1.00
2016.05.03 12:57:19.306,1.11642,1.11657,1.00,1.00
2016.05.03 12:57:19.651,1.11644,1.11658,1.00,1.12
2016.05.03 12:57:20.204,1.11642,1.11657,1.00,1.00
2016.05.03 12:57:20.306,1.11644,1.11659,1.00,2.25
2016.05.03 12:57:20.611,1.11642,1.11656,1.00,1.00
2016.05.03 12:57:21.169,1.11642,1.11657,1.00,1.00
2016.05.03 12:57:21.473,1.11646,1.11659,1.00,1.00
2016.05.03 12:57:21.777,1.11646,1.11661,1.00,1.12
2016.05.03 12:57:22.383,1.11648,1.11663,1.00,2.25
2016.05.03 12:57:22.435,1.11645,1.11662,1.00,1.37
2016.05.03 12:57:22.841,1.11644,1.11659,1.50,1.00
2016.05.03 12:57:22.893,1.11644,1.11659,1.12,1.00
2016.05.03 12:57:22.995,1.11642,1.11659,1.00,1.87
2016.05.03 12:57:23.346,1.11641,1.11657,1.00,1.00
2016.05.03 12:57:23.853,1.11642,1.11657,1.00,1.00
2016.05.03 12:57:24.107,1.1164,1.11656,1.12,1.00
2016.05.03 12:57:25.095,1.11637,1.11652,1.75,1.00
2016.05.03 12:57:25.197,1.11637,1.11652,1.00,1.00
2016.05.03 12:57:25.248,1.11636,1.1165,1.00,1.00
2016.05.03 12:57:25.755,1.11636,1.11651,1.00,2.00
2016.05.03 12:57:26.598,1.11633,1.1165,1.00,1.50
2016.05.03 12:57:27.055,1.11635,1.11652,1.00,2.44
2016.05.03 12:57:27.740,1.11634,1.11649,1.00,1.12
2016.05.03 12:57:28.484,1.11635,1.11651,1.00,2.00
2016.05.03 12:57:29.053,1.11636,1.11651,1.00,1.75
2016.05.03 12:57:32.966,1.11635,1.11651,1.00,1.75
2016.05.03 12:57:33.270,1.11638,1.11654,1.00,1.12
2016.05.03 12:57:34.824,1.11637,1.11653,1.00,1.75
2016.05.03 12:57:35.358,1.11636,1.11651,1.00,1.75
2016.05.03 12:57:35.663,1.11635,1.1165,1.00,2.25
2016.05.03 12:57:36.218,1.11637,1.11651,1.00,1.75
2016.05.03 12:57:36.675,1.11637,1.11651,1.00,1.75
2016.05.03 12:57:36.900,1.11635,1.1165,1.00,1.75
2016.05.03 12:57:37.157,1.11633,1.1165,1.00,1.75
2016.05.03 12:57:39.115,1.11632,1.11647,1.00,1.50
2016.05.03 12:57:40.021,1.11634,1.11648,1.00,1.75
2016.05.03 12:57:40.225,1.11633,1.1165,1.00,1.12
2016.05.03 12:57:40.563,1.11636,1.1165,1.00,1.12
2016.05.03 12:57:41.096,1.11635,1.11651,1.00,1.50
2016.05.03 12:57:41.920,1.11634,1.1165,1.00,1.12
2016.05.03 12:57:42.438,1.11635,1.11651,1.00,2.25
2016.05.03 12:57:43.953,1.11634,1.11649,1.00,1.00
2016.05.03 12:57:44.513,1.11635,1.11651,1.00,2.25
2016.05.03 12:57:44.855,1.11637,1.11651,1.00,1.50
2016.05.03 12:57:45.059,1.11637,1.11652,1.00,1.87
2016.05.03 12:57:45.160,1.11639,1.11653,1.00,1.00
2016.05.03 12:57:45.938,1.1164,1.11653,1.00,1.00
2016.05.03 12:57:45.990,1.11638,1.11653,1.00,1.00
2016.05.03 12:57:46.092,1.11638,1.11655,1.00,1.50
2016.05.03 12:57:46.245,1.11636,1.11653,1.12,1.00
2016.05.03 12:57:46.577,1.11636,1.11653,1.00,3.00
2016.05.03 12:57:47.745,1.11636,1.11649,1.00,1.00
2016.05.03 12:57:48.246,1.11636,1.11653,1.00,1.75
2016.05.03 12:57:49.851,1.11633,1.1165,1.12,1.12
2016.05.03 12:57:49.953,1.11633,1.1165,1.00,1.87
2016.05.03 12:57:50.257,1.11629,1.11646,2.62,1.00
2016.05.03 12:57:51.236,1.11629,1.11643,2.25,1.00
2016.05.03 12:57:51.338,1.1163,1.11645,1.12,1.00
2016.05.03 12:57:51.542,1.11631,1.11647,1.00,1.12
2016.05.03 12:57:51.645,1.11638,1.11648,1.00,1.50
2016.05.03 12:57:51.696,1.11638,1.1165,1.00,1.50
2016.05.03 12:57:51.747,1.1164,1.1165,1.00,1.00
2016.05.03 12:57:51.798,1.1164,1.11655,1.00,1.00
2016.05.03 12:57:52.341,1.1164,1.11656,1.00,1.00
2016.05.03 12:57:53.262,1.11642,1.11656,1.00,1.00
2016.05.03 12:57:53.923,1.1164,1.11656,1.00,1.00
2016.05.03 12:57:54.025,1.1164,1.11654,1.00,1.00
2016.05.03 12:57:54.329,1.1164,1.11653,1.00,1.37
2016.05.03 12:57:59.326,1.11639,1.11656,1.00,1.75
2016.05.03 12:58:00.240,1.11638,1.11653,1.00,1.37
2016.05.03 12:58:01.567,1.1164,1.11654,1.00,1.50
2016.05.03 12:58:01.770,1.11635,1.11649,1.87,1.00
2016.05.03 12:58:02.306,1.11635,1.11651,1.87,1.00
2016.05.03 12:58:02.841,1.11634,1.1165,3.00,1.00
2016.05.03 12:58:03.407,1.11636,1.1165,1.00,1.00
2016.05.03 12:58:03.459,1.11635,1.11652,2.25,1.12
2016.05.03 12:58:03.611,1.11636,1.11652,1.75,1.00
2016.05.03 12:58:04.154,1.11638,1.11653,1.00,1.00
2016.05.03 12:58:06.117,1.11636,1.11651,1.50,1.00
2016.05.03 12:58:06.473,1.11634,1.11649,1.12,1.00
2016.05.03 12:58:06.655,1.11633,1.11649,2.34,1.00
2016.05.03 12:58:06.707,1.11633,1.11647,2.25,1.00
2016.05.03 12:58:07.215,1.11633,1.11646,1.00,1.00
2016.05.03 12:58:08.298,1.11637,1.11646,1.00,1.00
2016.05.03 12:58:08.501,1.11631,1.11646,1.87,1.00
2016.05.03 12:58:08.552,1.11631,1.11646,1.50,1.00
2016.05.03 12:58:08.654,1.11632,1.11649,1.50,1.50
2016.05.03 12:58:08.705,1.11634,1.11649,1.00,1.50
2016.05.03 12:58:08.807,1.11632,1.11648,1.50,1.00
2016.05.03 12:58:09.358,1.11632,1.11646,1.12,1.00
2016.05.03 12:58:09.865,1.11631,1.11646,1.87,1.00
2016.05.03 12:58:11.016,1.11631,1.11646,1.37,1.00
2016.05.03 12:58:11.724,1.11632,1.11648,1.12,1.00
2016.05.03 12:58:12.670,1.11632,1.11647,1.12,1.00
2016.05.03 12:58:13.757,1.1163,1.11645,2.62,1.00
2016.05.03 12:58:13.809,1.1163,1.11645,1.50,1.00
2016.05.03 12:58:13.860,1.1163,1.11642,1.00,1.00
2016.05.03 12:58:13.912,1.1163,1.11644,1.00,1.00
2016.05.03 12:58:14.064,1.11627,1.11644,1.50,1.00
2016.05.03 12:58:14.217,1.11627,1.11642,1.00,1.00
2016.05.03 12:58:15.741,1.1163,1.11646,1.00,1.50
2016.05.03 12:58:16.115,1.11633,1.11646,1.00,1.00
2016.05.03 12:58:16.575,1.11633,1.11644,1.00,1.00
2016.05.03 12:58:16.663,1.11633,1.11646,1.00,1.00
2016.05.03 12:58:17.573,1.11631,1.11646,1.00,1.50
2016.05.03 12:58:17.675,1.11631,1.11643,1.00,1.00
2016.05.03 12:58:18.197,1.1163,1.11643,1.00,1.00
2016.05.03 12:58:18.732,1.1163,1.11644,1.00,1.00
2016.05.03 12:58:19.264,1.1163,1.11644,1.00,1.75
2016.05.03 12:58:19.822,1.11631,1.11645,1.00,2.62
2016.05.03 12:58:19.975,1.11629,1.11645,1.00,2.62
2016.05.03 12:58:20.077,1.11629,1.11645,1.00,2.25
2016.05.03 12:58:21.381,1.11629,1.11643,1.00,1.00
2016.05.03 12:58:21.586,1.11626,1.11642,1.00,1.12
2016.05.03 12:58:21.992,1.11626,1.11638,1.00,1.00
2016.05.03 12:58:23.003,1.11626,1.11643,1.00,1.50
2016.05.03 12:58:23.105,1.11629,1.11643,1.00,1.50
2016.05.03 12:58:23.699,1.11629,1.11644,1.00,1.87
2016.05.03 12:58:24.047,1.11632,1.11644,1.00,1.12
2016.05.03 12:58:24.304,1.1163,1.11645,1.00,1.50
2016.05.03 12:58:24.509,1.1163,1.11643,1.00,1.75
2016.05.03 12:58:24.881,1.11622,1.11639,2.25,1.87
2016.05.03 12:58:25.077,1.11625,1.11638,1.00,1.37
2016.05.03 12:58:25.129,1.11623,1.11638,1.00,1.37
2016.05.03 12:58:25.283,1.11626,1.11639,1.00,2.25
2016.05.03 12:58:25.640,1.11623,1.11639,1.00,1.87
2016.05.03 12:58:25.793,1.11627,1.1164,1.00,1.75
2016.05.03 12:58:25.898,1.11627,1.11641,1.00,1.56
2016.05.03 12:58:26.001,1.11624,1.11641,1.00,1.50
2016.05.03 12:58:27.063,1.11624,1.1164,1.00,1.00
2016.05.03 12:58:27.569,1.11624,1.11641,1.00,1.69
2016.05.03 12:58:27.772,1.11627,1.11641,1.00,1.69
2016.05.03 12:58:28.787,1.11627,1.1164,1.00,1.00
2016.05.03 12:58:28.840,1.11623,1.11638,1.00,1.00
2016.05.03 12:58:29.044,1.1162,1.11637,1.00,2.62
2016.05.03 12:58:29.095,1.1162,1.11636,1.00,1.75
2016.05.03 12:58:29.461,1.11624,1.11636,1.00,1.75
2016.05.03 12:58:29.513,1.11624,1.11637,1.00,1.50
2016.05.03 12:58:29.616,1.11625,1.11638,1.00,1.50
2016.05.03 12:58:29.972,1.11623,1.11638,1.00,1.50
2016.05.03 12:58:30.315,1.11626,1.11638,1.00,1.00
2016.05.03 12:58:30.367,1.11624,1.11638,1.00,1.00
2016.05.03 12:58:30.874,1.11624,1.11639,1.00,1.00
2016.05.03 12:58:31.438,1.11623,1.11639,1.00,1.00
2016.05.03 12:58:32.526,1.11623,1.1164,1.50,1.00
2016.05.03 12:58:33.971,1.11623,1.1164,1.50,1.19
2016.05.03 12:58:34.368,1.11625,1.1164,1.00,1.69
2016.05.03 12:58:34.915,1.11625,1.1164,1.00,1.87
2016.05.03 12:58:35.522,1.11625,1.1164,1.00,1.75
2016.05.03 12:58:35.726,1.11625,1.11639,1.00,1.00
2016.05.03 12:58:36.233,1.11625,1.1164,1.00,1.00
2016.05.03 12:58:36.958,1.11625,1.1164,1.00,1.69
2016.05.03 12:58:37.163,1.11622,1.11639,1.00,1.50
2016.05.03 12:58:37.264,1.11622,1.11636,1.00,1.00
2016.05.03 12:58:37.315,1.11621,1.11638,1.00,1.12
2016.05.03 12:58:40.499,1.11619,1.11636,1.12,1.00
2016.05.03 12:58:40.804,1.11621,1.11637,1.00,1.00
2016.05.03 12:58:41.510,1.11621,1.11638,1.00,1.87
2016.05.03 12:58:41.815,1.11624,1.11639,1.00,3.37
2016.05.03 12:58:42.323,1.11624,1.11639,1.00,1.00
2016.05.03 12:58:43.112,1.11626,1.1164,1.00,1.31
2016.05.03 12:58:43.316,1.11627,1.11642,1.00,1.50
2016.05.03 12:58:43.418,1.11627,1.11643,1.00,1.78
2016.05.03 12:58:48.277,1.11628,1.11644,1.00,2.25
2016.05.03 12:58:48.818,1.11627,1.11644,1.00,2.25
2016.05.03 12:58:49.576,1.11629,1.11645,1.00,2.00
2016.05.03 12:58:50.123,1.1163,1.11644,1.00,1.50
2016.05.03 12:58:50.589,1.11632,1.11644,1.00,1.50
2016.05.03 12:58:50.844,1.1163,1.11645,1.00,1.75
2016.05.03 12:58:51.457,1.11631,1.11646,1.00,1.00
2016.05.03 12:58:52.545,1.11633,1.11647,1.00,1.12
2016.05.03 12:58:52.596,1.11631,1.11648,1.00,2.44
2016.05.03 12:58:53.656,1.11633,1.11649,1.00,3.19
2016.05.03 12:58:53.961,1.11632,1.11647,1.00,1.75
2016.05.03 12:58:54.450,1.1163,1.11645,1.00,1.50
2016.05.03 12:58:55.554,1.1163,1.11643,1.00,1.00
2016.05.03 12:58:56.254,1.1163,1.11644,1.00,1.12
2016.05.03 12:58:57.259,1.1163,1.11644,1.00,2.25
2016.05.03 12:58:57.605,1.11627,1.11643,1.00,2.00
2016.05.03 12:58:58.237,1.11625,1.1164,1.00,1.00
2016.05.03 12:58:59.540,1.11627,1.11641,1.00,1.00
2016.05.03 12:59:00.090,1.11627,1.11642,1.00,1.00
2016.05.03 12:59:00.598,1.11626,1.11641,1.00,1.00
2016.05.03 12:59:01.052,1.11626,1.11639,1.00,1.00
2016.05.03 12:59:01.155,1.11623,1.11639,1.12,1.00
2016.05.03 12:59:02.009,1.11624,1.11641,1.00,1.37
2016.05.03 12:59:02.111,1.11624,1.11638,1.00,1.00
2016.05.03 12:59:02.417,1.11634,1.11644,1.00,1.00
2016.05.03 12:59:02.468,1.11632,1.11648,1.00,1.00
2016.05.03 12:59:02.570,1.11631,1.11645,1.00,1.00
2016.05.03 12:59:02.810,1.11629,1.11644,1.00,1.12
2016.05.03 12:59:02.861,1.11628,1.11642,1.00,1.00
2016.05.03 12:59:03.117,1.11627,1.11644,1.87,1.12
2016.05.03 12:59:03.168,1.11627,1.11644,1.00,1.50
2016.05.03 12:59:03.422,1.11625,1.11642,1.69,1.12
2016.05.03 12:59:03.826,1.11625,1.11639,1.25,1.00
2016.05.03 12:59:03.878,1.11625,1.11641,1.25,1.00
2016.05.03 12:59:04.849,1.11625,1.11642,1.12,1.12
2016.05.03 12:59:05.357,1.11627,1.11644,1.00,1.69
2016.05.03 12:59:05.977,1.11627,1.11644,2.25,1.00
2016.05.03 12:59:06.028,1.1163,1.11645,1.00,1.50
2016.05.03 12:59:07.300,1.11628,1.11643,1.00,1.00
2016.05.03 12:59:07.810,1.11627,1.11644,1.00,1.00
2016.05.03 12:59:08.129,1.11626,1.11641,1.00,1.00
2016.05.03 12:59:08.443,1.11624,1.11639,1.12,1.00
2016.05.03 12:59:08.948,1.11625,1.11639,1.12,1.00
2016.05.03 12:59:09.479,1.11624,1.11639,1.12,1.00
2016.05.03 12:59:09.832,1.11623,1.11637,2.81,1.00
2016.05.03 12:59:10.381,1.11622,1.11637,1.69,1.00
2016.05.03 12:59:11.153,1.11623,1.11638,1.00,1.00
2016.05.03 12:59:13.251,1.11623,1.11638,2.44,1.00
2016.05.03 12:59:13.404,1.11627,1.11642,1.00,1.12
2016.05.03 12:59:14.032,1.11625,1.11641,2.06,1.00
2016.05.03 12:59:15.787,1.11627,1.11642,1.12,1.00
2016.05.03 12:59:15.990,1.11629,1.11644,1.00,1.12
2016.05.03 12:59:16.338,1.11627,1.11643,2.81,1.00
2016.05.03 12:59:16.958,1.11628,1.11645,1.00,1.37
2016.05.03 12:59:17.257,1.11627,1.11642,3.37,1.00
2016.05.03 12:59:17.767,1.11627,1.11642,1.50,1.00
2016.05.03 12:59:17.818,1.11628,1.11645,1.00,1.37
2016.05.03 12:59:18.880,1.11628,1.11645,1.37,1.37
2016.05.03 12:59:19.386,1.11627,1.1164,2.44,1.00
2016.05.03 12:59:19.550,1.11625,1.1164,1.12,1.00
2016.05.03 12:59:19.911,1.11625,1.11642,1.50,1.12
2016.05.03 12:59:20.064,1.11627,1.11642,1.00,1.12
2016.05.03 12:59:20.369,1.11625,1.11642,1.12,1.12
2016.05.03 12:59:20.675,1.11628,1.11643,1.00,1.37
2016.05.03 12:59:21.031,1.1163,1.11645,1.00,1.50
2016.05.03 12:59:22.902,1.1163,1.11645,1.37,1.50
2016.05.03 12:59:23.410,1.11632,1.11647,1.00,1.75
2016.05.03 12:59:23.671,1.11629,1.11644,1.31,1.12
2016.05.03 12:59:23.723,1.11631,1.11648,1.00,2.00
2016.05.03 12:59:24.734,1.11634,1.11649,1.00,2.06
2016.05.03 12:59:24.836,1.11634,1.11649,1.00,1.31
2016.05.03 12:59:25.340,1.11634,1.11649,1.00,1.12
2016.05.03 12:59:25.442,1.11631,1.11648,1.00,1.75
2016.05.03 12:59:25.800,1.11633,1.1165,1.00,3.19
2016.05.03 12:59:26.477,1.11632,1.11648,1.00,1.75
2016.05.03 12:59:26.984,1.11631,1.11648,1.00,1.75
2016.05.03 12:59:28.640,1.11633,1.11649,1.00,2.44
2016.05.03 12:59:31.026,1.11632,1.11647,1.00,1.50
2016.05.03 12:59:31.330,1.11632,1.11647,1.00,1.75
2016.05.03 12:59:31.875,1.11632,1.11648,1.00,1.31
2016.05.03 12:59:31.977,1.11632,1.11649,1.00,1.94
2016.05.03 12:59:34.463,1.11635,1.1165,1.00,4.69
2016.05.03 12:59:34.770,1.11636,1.1165,1.00,1.31
2016.05.03 12:59:35.322,1.11636,1.11653,1.00,3.94
2016.05.03 12:59:37.015,1.11639,1.11653,1.00,1.75
2016.05.03 12:59:37.270,1.1164,1.11656,1.00,1.69
2016.05.03 12:59:37.777,1.11641,1.11657,1.00,1.75
2016.05.03 12:59:38.677,1.11643,1.11658,1.00,2.81
2016.05.03 12:59:38.983,1.11641,1.11657,1.00,1.75
2016.05.03 12:59:39.820,1.11645,1.11657,1.00,1.75
2016.05.03 12:59:39.872,1.11645,1.11657,1.00,1.00
2016.05.03 12:59:40.410,1.11645,1.11659,1.00,1.69
2016.05.03 12:59:40.998,1.11645,1.11659,1.00,1.50
2016.05.03 12:59:41.581,1.11647,1.11659,1.00,1.50
2016.05.03 12:59:41.684,1.11645,1.11659,1.00,1.00
2016.05.03 12:59:42.089,1.11645,1.11661,1.00,1.00
2016.05.03 12:59:42.630,1.11643,1.11658,1.00,1.00
2016.05.03 12:59:43.138,1.11643,1.11657,1.00,1.00
2016.05.03 12:59:44.238,1.11646,1.11657,1.00,1.00
2016.05.03 12:59:44.745,1.11646,1.11661,1.00,2.25
2016.05.03 12:59:45.114,1.11647,1.11662,1.00,1.00
2016.05.03 12:59:45.395,1.11645,1.11662,1.00,2.25
2016.05.03 12:59:45.699,1.11647,1.11662,1.00,1.50
2016.05.03 12:59:46.230,1.11647,1.11662,1.00,1.50
2016.05.03 12:59:46.740,1.11648,1.11663,1.00,1.75
2016.05.03 12:59:46.842,1.11646,1.11662,1.00,2.25
2016.05.03 12:59:47.386,1.11646,1.11662,1.00,2.06
2016.05.03 12:59:48.136,1.11646,1.11658,1.00,1.00
2016.05.03 12:59:48.187,1.11644,1.11658,1.00,1.00
2016.05.03 12:59:50.609,1.11643,1.11658,1.00,1.50
2016.05.03 12:59:50.714,1.11643,1.11657,1.00,1.37
2016.05.03 12:59:51.107,1.11643,1.11653,1.00,1.00
2016.05.03 12:59:51.158,1.1164,1.11653,1.00,1.00
2016.05.03 12:59:51.615,1.11637,1.11653,1.00,1.37
2016.05.03 12:59:51.767,1.11637,1.11653,1.00,3.00
2016.05.03 12:59:52.305,1.11637,1.11653,1.00,1.12
2016.05.03 12:59:52.666,1.11637,1.11652,1.00,1.37
2016.05.03 12:59:52.768,1.11638,1.11653,1.00,1.12
2016.05.03 12:59:53.274,1.11637,1.11653,1.00,1.87
2016.05.03 12:59:53.868,1.11637,1.11652,1.00,1.00
2016.05.03 12:59:53.919,1.1164,1.11655,1.00,1.87
2016.05.03 12:59:54.321,1.11637,1.11654,1.00,3.00
2016.05.03 12:59:54.474,1.11637,1.11654,1.00,2.62
2016.05.03 12:59:55.018,1.1164,1.11654,1.00,1.87
2016.05.03 12:59:55.171,1.11642,1.11657,1.00,3.19
2016.05.03 12:59:55.378,1.11644,1.11659,1.00,3.37
2016.05.03 12:59:57.421,1.11644,1.11658,1.00,1.00
2016.05.03 12:59:58.339,1.11644,1.11659,1.00,1.87
2016.05.03 12:59:59.858,1.11644,1.11658,1.00,1.00
2016.05.03 12:59:59.960,1.11641,1.11658,1.50,2.25
