2017.11.03 09:00:00.045,1.14083,1.14096,1.50,1.44
2017.11.03 09:00:00.569,1.14082,1.14096,1.00,2.81
2017.11.03 09:00:00.905,1.14082,1.14096,1.50,2.06
2017.11.03 09:00:02.089,1.14085,1.14099,1.12,4.31
2017.11.03 09:00:02.664,1.14085,1.14099,1.87,1.19
2017.11.03 09:00:02.716,1.14088,1.141,1.12,1.20
2017.11.03 09:00:02.957,1.14085,1.14099,1.00,2.44
2017.11.03 09:00:03.459,1.14084,1.14099,3.00,2.44
2017.11.03 09:00:03.973,1.14085,1.14099,1.00,4.12
2017.11.03 09:00:04.520,1.14084,1.14099,3.07,3.00
2017.11.03 09:00:05.282,1.14085,1.14099,1.00,2.81
2017.11.03 09:00:05.385,1.14087,1.14099,1.00,2.81
2017.11.03 09:00:05.887,1.14087,1.14099,1.00,4.50
2017.11.03 09:00:10.764,1.14087,1.141,1.12,2.25
2017.11.03 09:00:13.262,1.14087,1.141,1.12,1.87
2017.11.03 09:00:17.056,1.14087,1.14098,1.12,2.06
2017.11.03 09:00:17.260,1.14087,1.14099,1.00,1.31
2017.11.03 09:00:17.760,1.14088,1.14101,1.00,1.87
2017.11.03 09:00:18.330,1.14087,1.14101,1.87,1.69
2017.11.03 09:00:18.434,1.14089,1.141,1.00,1.25
2017.11.03 09:00:20.194,1.14089,1.141,1.00,1.19
2017.11.03 09:00:20.378,1.14089,1.141,1.00,1.00
2017.11.03 09:00:24.853,1.14089,1.141,1.00,2.81
2017.11.03 09:00:25.412,1.14089,1.14098,1.00,1.25
2017.11.03 09:00:26.190,1.14089,1.141,1.00,2.44
2017.11.03 09:00:26.293,1.14089,1.14098,1.00,2.06
2017.11.03 09:00:27.294,1.14089,1.14098,1.00,1.25
2017.11.03 09:00:32.327,1.14089,1.141,1.50,2.44
2017.11.03 09:00:35.096,1.14089,1.14099,1.50,1.00
2017.11.03 09:00:35.763,1.14089,1.14098,1.50,1.00
2017.11.03 09:00:37.187,1.14089,1.14097,1.00,1.00
2017.11.03 09:00:37.690,1.14089,1.14098,1.50,1.00
2017.11.03 09:00:39.577,1.14089,1.14099,1.00,1.25
2017.11.03 09:00:40.180,1.14089,1.14098,1.00,1.00
2017.11.03 09:00:42.705,1.14089,1.14099,1.50,1.50
2017.11.03 09:00:42.809,1.14089,1.14103,1.10,1.00
2017.11.03 09:00:42.862,1.14094,1.14103,1.00,1.00
2017.11.03 09:00:43.016,1.14094,1.14105,1.00,1.50
2017.11.03 09:00:43.566,1.14093,1.14105,1.20,1.00
2017.11.03 09:00:45.468,1.14095,1.14105,1.00,1.25
2017.11.03 09:00:49.073,1.14096,1.14105,1.00,1.12
2017.11.03 09:00:49.691,1.14095,1.14104,2.25,1.00
2017.11.03 09:00:50.257,1.14095,1.14103,1.00,2.44
2017.11.03 09:00:50.863,1.14094,1.14104,1.12,1.44
2017.11.03 09:00:54.280,1.14094,1.14105,1.12,1.69
2017.11.03 09:00:54.331,1.14094,1.14103,1.12,1.00
2017.11.03 09:00:54.536,1.14094,1.14105,1.12,2.81
2017.11.03 09:00:54.858,1.14094,1.14103,1.12,1.00
2017.11.03 09:00:57.316,1.14093,1.14104,1.87,1.69
2017.11.03 09:00:57.628,1.14093,1.14102,1.87,1.00
2017.11.03 09:00:58.092,1.14094,1.14104,1.87,1.69
2017.11.03 09:00:58.601,1.14094,1.14103,1.12,1.00
2017.11.03 09:00:59.160,1.14094,1.14104,1.12,1.25
2017.11.03 09:01:00.739,1.14094,1.14105,1.12,1.69
2017.11.03 09:01:01.460,1.14094,1.14104,1.12,1.00
2017.11.03 09:01:02.413,1.14094,1.14103,1.12,1.50
2017.11.03 09:01:02.770,1.14092,1.14103,1.00,1.50
2017.11.03 09:01:03.315,1.14092,1.14102,1.00,1.50
2017.11.03 09:01:04.402,1.14092,1.14101,1.00,1.00
2017.11.03 09:01:10.169,1.14092,1.141,1.00,1.00
2017.11.03 09:01:10.271,1.14092,1.14102,1.00,1.69
2017.11.03 09:01:11.593,1.14092,1.14103,1.00,1.69
2017.11.03 09:01:12.372,1.14092,1.14103,1.00,2.44
2017.11.03 09:01:13.874,1.14092,1.14103,1.00,1.69
2017.11.03 09:01:15.669,1.14092,1.14104,1.00,2.81
2017.11.03 09:01:15.773,1.14092,1.14104,1.70,1.00
2017.11.03 09:01:15.827,1.14095,1.14108,1.57,3.00
2017.11.03 09:01:15.930,1.14098,1.14107,1.00,1.00
2017.11.03 09:01:16.238,1.141,1.14106,1.00,1.00
2017.11.03 09:01:16.289,1.14098,1.14107,1.00,1.00
2017.11.03 09:01:16.551,1.14098,1.14109,1.00,1.00
2017.11.03 09:01:16.997,1.14098,1.14111,1.50,1.00
2017.11.03 09:01:19.572,1.14098,1.14107,1.10,1.00
2017.11.03 09:01:19.623,1.14098,1.14109,1.10,1.25
2017.11.03 09:01:19.828,1.14098,1.14111,1.00,2.25
2017.11.03 09:01:20.530,1.14098,1.14112,1.00,2.81
2017.11.03 09:01:21.042,1.14099,1.14113,1.00,1.62
2017.11.03 09:01:21.836,1.14099,1.14112,1.00,1.87
2017.11.03 09:01:23.410,1.14098,1.14108,1.00,1.00
2017.11.03 09:01:23.911,1.14098,1.14109,1.00,1.12
2017.11.03 09:01:24.456,1.14098,1.14108,1.00,1.50
2017.11.03 09:01:25.008,1.14096,1.1411,1.87,4.16
2017.11.03 09:01:26.423,1.14096,1.1411,1.87,1.69
2017.11.03 09:01:29.122,1.14096,1.14108,1.87,1.00
2017.11.03 09:01:32.227,1.14097,1.14108,1.31,1.00
2017.11.03 09:01:32.279,1.14098,1.1411,1.25,1.50
2017.11.03 09:01:32.330,1.141,1.1411,1.00,1.00
2017.11.03 09:01:32.504,1.14101,1.14115,1.25,2.25
2017.11.03 09:01:32.555,1.14103,1.14115,1.00,2.25
2017.11.03 09:01:33.987,1.14103,1.14116,1.00,1.25
2017.11.03 09:01:34.628,1.14104,1.14117,1.50,1.50
2017.11.03 09:01:35.134,1.14105,1.14117,1.25,1.00
2017.11.03 09:01:36.072,1.14104,1.14117,2.70,1.00
2017.11.03 09:01:37.499,1.14105,1.14117,1.00,1.50
2017.11.03 09:01:38.042,1.14104,1.14117,2.25,1.00
2017.11.03 09:01:41.394,1.14105,1.14118,1.00,1.50
2017.11.03 09:01:41.960,1.14105,1.14119,1.00,2.44
2017.11.03 09:01:44.470,1.14104,1.14119,1.00,2.44
2017.11.03 09:01:45.933,1.14104,1.14118,1.69,1.00
2017.11.03 09:01:47.759,1.14104,1.14115,1.50,1.00
2017.11.03 09:01:47.810,1.14104,1.14118,1.00,1.00
2017.11.03 09:01:51.338,1.14108,1.14118,1.00,1.00
2017.11.03 09:01:51.937,1.14108,1.1412,1.00,1.37
2017.11.03 09:01:58.131,1.14108,1.14118,1.00,1.00
2017.11.03 09:01:58.183,1.14108,1.1412,1.00,1.50
2017.11.03 09:01:58.710,1.14107,1.1412,1.87,2.25
2017.11.03 09:01:59.421,1.14107,1.14119,1.20,1.00
2017.11.03 09:02:00.303,1.14108,1.1412,1.00,1.50
2017.11.03 09:02:02.793,1.14107,1.1412,1.12,1.50
2017.11.03 09:02:03.912,1.14105,1.1412,1.57,1.50
2017.11.03 09:02:03.963,1.14105,1.14118,2.32,1.00
2017.11.03 09:02:09.325,1.14105,1.14116,2.25,1.00
2017.11.03 09:02:09.921,1.14105,1.14117,1.00,1.00
2017.11.03 09:02:10.388,1.14105,1.14119,1.50,1.25
2017.11.03 09:02:10.651,1.14107,1.14119,1.57,1.69
2017.11.03 09:02:11.415,1.14108,1.1412,1.37,1.50
2017.11.03 09:02:11.977,1.14108,1.14119,1.37,1.50
2017.11.03 09:02:15.190,1.14108,1.14121,1.37,1.25
2017.11.03 09:02:16.766,1.14109,1.14122,1.12,1.69
2017.11.03 09:02:17.317,1.14109,1.14121,1.12,1.00
2017.11.03 09:02:18.002,1.14109,1.1412,1.12,1.00
2017.11.03 09:02:18.864,1.14109,1.14122,1.12,1.50
2017.11.03 09:02:23.466,1.14108,1.1412,1.37,1.00
2017.11.03 09:02:23.988,1.14108,1.14121,1.37,1.50
2017.11.03 09:02:26.267,1.14108,1.1412,1.37,1.00
2017.11.03 09:02:27.290,1.14109,1.14121,1.12,1.00
2017.11.03 09:02:27.342,1.14109,1.14123,1.12,1.31
2017.11.03 09:02:27.461,1.14109,1.14121,1.12,1.00
2017.11.03 09:02:38.388,1.14108,1.14121,1.00,1.50
2017.11.03 09:02:43.578,1.14107,1.14121,2.25,1.50
2017.11.03 09:02:47.300,1.14108,1.14121,1.00,1.50
2017.11.03 09:02:47.607,1.14112,1.14123,1.31,1.00
2017.11.03 09:02:48.145,1.14112,1.14125,1.87,1.00
2017.11.03 09:02:48.618,1.14112,1.14125,3.56,1.00
2017.11.03 09:02:49.136,1.14113,1.14125,1.25,1.00
2017.11.03 09:02:49.771,1.14114,1.14125,1.00,1.00
2017.11.03 09:02:50.307,1.14113,1.14125,1.25,1.00
2017.11.03 09:02:51.445,1.14114,1.14125,1.75,1.00
2017.11.03 09:02:53.458,1.14115,1.14128,1.50,1.25
2017.11.03 09:02:53.764,1.14114,1.14126,1.75,1.00
2017.11.03 09:02:54.981,1.14114,1.14125,1.75,1.00
2017.11.03 09:02:56.081,1.14115,1.14127,1.50,1.50
2017.11.03 09:02:56.777,1.14112,1.14127,2.32,1.12
2017.11.03 09:02:56.829,1.14112,1.14125,2.44,1.00
2017.11.03 09:03:00.467,1.14111,1.14122,2.00,1.00
2017.11.03 09:03:00.570,1.14109,1.14121,2.25,1.00
2017.11.03 09:03:01.081,1.14109,1.1412,1.75,1.00
2017.11.03 09:03:01.133,1.14109,1.14122,1.75,1.87
2017.11.03 09:03:03.759,1.14109,1.14121,1.75,1.00
2017.11.03 09:03:04.016,1.1411,1.14123,2.44,1.00
2017.11.03 09:03:09.478,1.1411,1.14123,1.50,1.19
2017.11.03 09:03:09.988,1.1411,1.14123,1.50,1.57
2017.11.03 09:03:10.666,1.1411,1.14123,1.50,1.57
2017.11.03 09:03:11.556,1.1411,1.14122,1.00,1.39
2017.11.03 09:03:11.607,1.14107,1.14121,2.44,1.00
2017.11.03 09:03:12.156,1.14106,1.1412,1.75,1.01
2017.11.03 09:03:16.393,1.14107,1.14121,1.50,1.39
2017.11.03 09:03:17.000,1.14107,1.14121,1.50,1.29
2017.11.03 09:03:18.413,1.14106,1.14121,1.69,1.39
2017.11.03 09:03:22.277,1.14107,1.14121,1.00,1.39
2017.11.03 09:03:22.793,1.14106,1.14121,1.50,1.39
2017.11.03 09:03:26.614,1.14107,1.14121,1.50,1.31
2017.11.03 09:03:27.137,1.14108,1.14121,1.00,1.12
2017.11.03 09:03:27.710,1.14107,1.14121,2.25,1.12
2017.11.03 09:03:30.871,1.14106,1.14121,3.37,1.12
2017.11.03 09:03:31.396,1.14107,1.14121,1.00,1.12
2017.11.03 09:03:32.034,1.14108,1.14121,1.00,1.12
2017.11.03 09:03:33.641,1.14109,1.14121,1.12,1.00
2017.11.03 09:03:37.122,1.14109,1.14122,3.00,1.10
2017.11.03 09:03:37.624,1.1411,1.14125,1.00,2.25
2017.11.03 09:03:39.549,1.1411,1.14125,2.81,1.00
2017.11.03 09:03:39.601,1.14113,1.14127,1.00,2.14
2017.11.03 09:03:39.908,1.14118,1.14132,1.62,1.00
2017.11.03 09:03:41.430,1.1412,1.14132,1.00,1.00
2017.11.03 09:03:42.571,1.14119,1.14132,1.87,1.00
2017.11.03 09:03:49.926,1.14119,1.14132,1.12,1.62
2017.11.03 09:03:49.979,1.14116,1.14131,1.95,3.37
2017.11.03 09:03:50.085,1.14115,1.14123,1.00,1.00
2017.11.03 09:03:50.138,1.14112,1.14123,1.50,1.00
2017.11.03 09:03:50.190,1.14109,1.14123,1.87,1.35
2017.11.03 09:03:50.390,1.14105,1.1412,3.45,1.00
2017.11.03 09:03:50.446,1.14105,1.14119,1.87,1.50
2017.11.03 09:03:50.951,1.14105,1.14119,1.87,1.50
2017.11.03 09:03:51.259,1.14108,1.14118,1.12,1.00
2017.11.03 09:03:51.363,1.14108,1.14122,1.12,1.12
2017.11.03 09:03:51.902,1.14106,1.14123,3.56,2.14
2017.11.03 09:03:52.895,1.14108,1.14123,1.00,2.14
2017.11.03 09:03:53.404,1.14107,1.14122,1.12,1.00
2017.11.03 09:03:53.611,1.14105,1.1412,1.00,1.87
2017.11.03 09:03:54.151,1.14106,1.14119,1.25,1.00
2017.11.03 09:03:54.654,1.14103,1.14113,1.20,1.00
2017.11.03 09:03:54.965,1.14086,1.14095,1.69,1.00
2017.11.03 09:03:55.069,1.14085,1.14101,2.25,1.95
2017.11.03 09:03:55.256,1.14091,1.14104,1.12,1.10
2017.11.03 09:03:55.563,1.14095,1.14107,1.00,1.57
2017.11.03 09:03:56.066,1.14095,1.14107,1.50,1.10
2017.11.03 09:03:56.597,1.14093,1.14107,1.87,1.00
2017.11.03 09:03:56.650,1.14095,1.14107,1.00,1.00
2017.11.03 09:03:57.985,1.14096,1.14107,1.50,1.00
2017.11.03 09:03:58.037,1.14096,1.1411,2.44,1.10
2017.11.03 09:03:58.140,1.14098,1.14111,1.37,1.00
2017.11.03 09:03:58.659,1.141,1.14113,1.00,1.12
2017.11.03 09:03:58.711,1.14103,1.14113,1.00,1.00
2017.11.03 09:03:59.194,1.141,1.14113,1.69,1.00
2017.11.03 09:04:00.309,1.14101,1.14113,1.00,1.00
2017.11.03 09:04:00.823,1.141,1.14113,1.50,1.00
2017.11.03 09:04:01.345,1.14101,1.14113,1.00,1.00
2017.11.03 09:04:02.396,1.141,1.14113,1.50,1.00
2017.11.03 09:04:02.753,1.14102,1.14113,1.00,1.00
2017.11.03 09:04:02.805,1.14102,1.14115,1.00,1.10
2017.11.03 09:04:03.006,1.141,1.14116,2.44,1.76
2017.11.03 09:04:03.059,1.14101,1.14114,1.00,1.00
2017.11.03 09:04:04.157,1.14098,1.14113,3.26,1.31
2017.11.03 09:04:04.349,1.14098,1.14113,3.19,1.69
2017.11.03 09:04:04.999,1.14098,1.14113,2.44,3.19
2017.11.03 09:04:06.962,1.14098,1.14113,1.37,1.87
2017.11.03 09:04:07.279,1.14101,1.14113,1.12,1.00
2017.11.03 09:04:16.583,1.141,1.14112,1.37,1.00
2017.11.03 09:04:17.368,1.14101,1.14113,1.12,2.25
2017.11.03 09:04:18.102,1.14101,1.14112,1.12,1.00
2017.11.03 09:04:18.421,1.14097,1.1411,2.51,1.00
2017.11.03 09:04:19.076,1.14098,1.14112,1.69,1.50
2017.11.03 09:04:26.146,1.14098,1.14112,2.89,1.00
2017.11.03 09:04:26.724,1.14101,1.14113,1.20,1.12
2017.11.03 09:04:28.430,1.14099,1.14107,1.57,1.00
2017.11.03 09:04:28.482,1.14097,1.14107,1.70,1.00
2017.11.03 09:04:28.586,1.14096,1.14107,1.07,1.00
2017.11.03 09:04:28.690,1.14095,1.14109,1.10,1.37
2017.11.03 09:04:28.794,1.14096,1.14108,1.20,1.12
2017.11.03 09:04:29.201,1.14097,1.14108,2.14,1.00
2017.11.03 09:04:29.254,1.141,1.14114,1.39,2.25
2017.11.03 09:04:29.513,1.14101,1.14114,1.07,1.00
2017.11.03 09:04:30.909,1.14101,1.14114,1.57,1.00
2017.11.03 09:04:31.753,1.14101,1.14114,1.57,1.00
2017.11.03 09:04:32.435,1.14102,1.14114,1.45,1.00
2017.11.03 09:04:32.952,1.14102,1.14114,1.45,1.00
2017.11.03 09:04:35.209,1.14102,1.14116,1.95,2.25
2017.11.03 09:04:36.217,1.14103,1.14116,1.20,1.44
2017.11.03 09:04:36.523,1.14103,1.14116,3.64,1.19
2017.11.03 09:04:37.053,1.14104,1.14116,1.45,1.25
2017.11.03 09:04:37.497,1.14107,1.14119,1.50,1.00
2017.11.03 09:04:38.021,1.14107,1.14119,1.95,1.12
2017.11.03 09:04:39.589,1.14108,1.14119,1.10,1.87
2017.11.03 09:04:40.160,1.14108,1.14119,1.95,1.87
2017.11.03 09:04:40.869,1.14108,1.14119,1.57,1.87
2017.11.03 09:04:41.278,1.14112,1.14122,1.57,1.12
2017.11.03 09:04:41.381,1.14115,1.14128,1.10,1.31
2017.11.03 09:04:41.918,1.14115,1.14128,1.20,1.12
2017.11.03 09:04:42.455,1.14115,1.14128,1.45,1.12
2017.11.03 09:04:43.346,1.14115,1.14128,1.10,1.25
2017.11.03 09:04:43.809,1.14117,1.14128,1.00,1.25
2017.11.03 09:04:47.269,1.14117,1.14129,1.20,1.00
2017.11.03 09:04:49.113,1.14117,1.14129,1.45,1.00
2017.11.03 09:04:51.820,1.14119,1.14132,2.14,1.12
2017.11.03 09:04:51.872,1.14121,1.14135,1.57,2.00
2017.11.03 09:04:51.924,1.14121,1.14137,1.39,3.56
2017.11.03 09:04:52.454,1.14121,1.14137,1.39,3.19
2017.11.03 09:04:53.089,1.14121,1.14136,1.95,1.12
2017.11.03 09:04:53.192,1.14124,1.14137,1.25,2.25
2017.11.03 09:04:53.501,1.1413,1.14143,1.07,1.00
2017.11.03 09:04:55.510,1.14129,1.14143,2.06,1.25
2017.11.03 09:04:59.282,1.14132,1.14143,1.00,1.00
2017.11.03 09:04:59.334,1.14133,1.14145,1.00,1.00
2017.11.03 09:04:59.877,1.14132,1.14145,1.12,1.25
2017.11.03 09:05:02.191,1.14135,1.14148,1.50,1.01
2017.11.03 09:05:02.499,1.14133,1.14146,1.25,1.12
2017.11.03 09:05:03.015,1.14131,1.14146,3.26,1.12
2017.11.03 09:05:05.208,1.14133,1.14147,1.70,1.00
2017.11.03 09:05:05.518,1.14132,1.14147,1.00,1.50
2017.11.03 09:05:06.285,1.14133,1.14147,1.00,1.00
2017.11.03 09:05:06.805,1.14131,1.14147,1.76,1.50
2017.11.03 09:05:07.314,1.14131,1.14147,1.50,2.25
2017.11.03 09:05:10.672,1.14132,1.14146,1.00,1.00
2017.11.03 09:05:11.347,1.14133,1.14146,1.00,1.00
2017.11.03 09:05:11.891,1.14132,1.14147,1.25,2.25
2017.11.03 09:05:12.426,1.14132,1.14146,1.25,1.00
2017.11.03 09:05:13.888,1.14132,1.14147,1.25,2.25
2017.11.03 09:05:14.401,1.14132,1.14146,1.12,1.00
2017.11.03 09:05:14.578,1.14134,1.14147,1.00,2.25
2017.11.03 09:05:15.898,1.14133,1.14147,1.50,1.00
2017.11.03 09:05:27.391,1.14133,1.14145,1.12,1.00
2017.11.03 09:05:28.898,1.14132,1.14145,1.00,1.00
2017.11.03 09:05:32.402,1.14131,1.14146,2.06,1.50
2017.11.03 09:05:32.710,1.14128,1.14143,1.31,1.39
2017.11.03 09:05:33.482,1.14129,1.14143,1.00,1.39
2017.11.03 09:05:33.999,1.14129,1.14143,1.25,1.87
2017.11.03 09:05:40.163,1.14128,1.14143,2.70,1.12
2017.11.03 09:05:40.831,1.1413,1.14144,1.20,1.87
2017.11.03 09:05:41.782,1.1413,1.14144,1.10,1.87
2017.11.03 09:05:42.333,1.14128,1.14144,2.51,1.87
2017.11.03 09:05:43.477,1.14128,1.14143,2.51,1.87
2017.11.03 09:05:43.996,1.14128,1.14143,2.51,1.87
2017.11.03 09:05:44.646,1.14128,1.14143,1.57,1.12
2017.11.03 09:05:46.506,1.14128,1.14143,2.32,1.12
2017.11.03 09:05:47.066,1.14128,1.14143,2.51,1.87
2017.11.03 09:05:50.499,1.14128,1.14143,2.32,1.50
2017.11.03 09:05:51.045,1.14128,1.14143,2.32,1.50
2017.11.03 09:05:51.574,1.14128,1.14143,3.07,1.50
2017.11.03 09:06:00.062,1.14128,1.14143,2.14,1.50
2017.11.03 09:06:00.768,1.14129,1.14143,1.25,1.00
2017.11.03 09:06:01.581,1.14128,1.1414,2.14,1.00
2017.11.03 09:06:01.632,1.14128,1.14142,2.14,1.00
2017.11.03 09:06:02.203,1.14128,1.14143,1.76,1.50
2017.11.03 09:06:03.234,1.14128,1.14143,2.14,1.50
2017.11.03 09:06:06.793,1.14129,1.14143,1.01,1.50
2017.11.03 09:06:06.895,1.14129,1.14143,1.39,1.50
2017.11.03 09:06:07.480,1.14128,1.14143,1.76,2.25
2017.11.03 09:06:07.532,1.14127,1.14141,2.51,1.00
2017.11.03 09:06:08.091,1.14127,1.14141,2.14,1.00
2017.11.03 09:06:08.601,1.14125,1.1414,3.26,1.50
2017.11.03 09:06:09.136,1.14125,1.1414,3.56,1.00
2017.11.03 09:06:09.778,1.14125,1.1414,2.25,1.76
2017.11.03 09:06:12.399,1.14127,1.1414,1.00,1.00
2017.11.03 09:06:12.705,1.14129,1.14141,1.87,1.00
2017.11.03 09:06:17.124,1.14129,1.14141,3.37,1.00
2017.11.03 09:06:17.440,1.14122,1.14133,3.37,1.00
2017.11.03 09:06:17.544,1.14121,1.14133,1.00,1.00
2017.11.03 09:06:17.597,1.14126,1.14136,1.00,2.25
2017.11.03 09:06:17.751,1.14129,1.14141,1.00,1.50
2017.11.03 09:06:17.803,1.14129,1.14141,1.25,1.00
2017.11.03 09:06:18.365,1.14128,1.14141,1.31,1.00
2017.11.03 09:06:23.204,1.14127,1.14141,1.00,2.06
2017.11.03 09:06:27.025,1.14126,1.14141,1.31,1.37
2017.11.03 09:06:27.608,1.14128,1.14141,1.00,1.87
2017.11.03 09:06:28.150,1.14129,1.14141,1.00,1.37
2017.11.03 09:06:29.241,1.14129,1.14144,1.00,3.00
2017.11.03 09:06:31.626,1.14128,1.14143,1.39,1.12
2017.11.03 09:06:33.179,1.14129,1.14144,1.75,3.07
2017.11.03 09:06:33.282,1.14127,1.14142,2.62,1.00
2017.11.03 09:06:33.486,1.14131,1.14144,1.00,2.70
2017.11.03 09:06:34.189,1.1413,1.14142,1.00,1.25
2017.11.03 09:06:34.698,1.14127,1.14142,3.19,1.00
2017.11.03 09:06:35.047,1.14127,1.14139,1.00,1.12
2017.11.03 09:06:35.099,1.14125,1.14139,2.14,1.12
2017.11.03 09:06:35.223,1.14125,1.14139,2.32,1.50
2017.11.03 09:06:35.653,1.14127,1.14142,2.81,2.81
2017.11.03 09:06:38.942,1.14128,1.14142,1.00,1.37
2017.11.03 09:06:39.489,1.14127,1.14142,1.69,1.87
2017.11.03 09:06:39.540,1.14126,1.14139,1.25,1.50
2017.11.03 09:06:40.065,1.14127,1.1414,1.00,2.25
2017.11.03 09:06:40.168,1.14128,1.14142,1.69,1.00
2017.11.03 09:06:41.768,1.14128,1.1414,1.25,1.00
2017.11.03 09:06:42.278,1.14127,1.1414,1.31,1.50
2017.11.03 09:06:45.552,1.14126,1.1414,1.19,3.00
2017.11.03 09:06:45.604,1.14124,1.14139,3.64,1.12
2017.11.03 09:06:46.250,1.14125,1.14138,1.12,1.00
2017.11.03 09:06:47.999,1.14125,1.1414,1.50,3.56
2017.11.03 09:06:51.148,1.14126,1.1414,1.19,2.25
2017.11.03 09:06:57.236,1.14124,1.14137,1.69,1.00
2017.11.03 09:06:57.697,1.14123,1.14137,1.31,1.00
2017.11.03 09:07:00.212,1.14122,1.14136,3.07,1.00
2017.11.03 09:07:00.417,1.14122,1.14135,1.95,1.25
2017.11.03 09:07:00.926,1.14122,1.14136,1.39,1.00
2017.11.03 09:07:01.543,1.14121,1.14135,2.70,1.00
2017.11.03 09:07:02.054,1.14122,1.14136,1.31,1.50
2017.11.03 09:07:02.207,1.14121,1.14134,1.50,1.00
2017.11.03 09:07:02.686,1.14119,1.14134,2.14,4.39
2017.11.03 09:07:03.189,1.14119,1.14134,1.57,3.64
2017.11.03 09:07:03.717,1.1412,1.14134,1.07,1.87
2017.11.03 09:07:12.455,1.1412,1.14134,1.76,1.87
2017.11.03 09:07:13.332,1.1412,1.14134,1.57,1.87
2017.11.03 09:07:14.065,1.14118,1.14134,4.20,1.12
2017.11.03 09:07:18.285,1.14119,1.14133,1.26,1.50
2017.11.03 09:07:21.993,1.14117,1.14133,2.89,1.37
2017.11.03 09:07:22.322,1.14115,1.14129,1.20,1.50
2017.11.03 09:07:22.842,1.14114,1.14129,1.76,1.50
2017.11.03 09:07:24.878,1.14116,1.14129,1.00,1.50
2017.11.03 09:07:25.546,1.14118,1.14129,1.00,1.00
2017.11.03 09:07:26.202,1.14118,1.1413,3.00,1.00
2017.11.03 09:07:30.544,1.14119,1.1413,1.00,1.00
2017.11.03 09:07:33.004,1.14118,1.1413,2.25,1.00
2017.11.03 09:07:34.012,1.14119,1.1413,1.00,1.00
2017.11.03 09:07:36.897,1.14119,1.14132,1.00,1.69
2017.11.03 09:07:37.863,1.14119,1.14131,1.25,1.00
2017.11.03 09:07:38.016,1.14118,1.14131,1.00,3.45
2017.11.03 09:07:38.067,1.14115,1.14127,1.87,1.00
2017.11.03 09:07:38.568,1.14114,1.14127,2.06,1.00
2017.11.03 09:07:39.285,1.14115,1.14127,1.00,1.00
2017.11.03 09:07:39.809,1.14115,1.14127,3.22,1.00
2017.11.03 09:07:39.861,1.14119,1.1413,1.00,1.12
2017.11.03 09:07:39.914,1.1412,1.14133,1.00,1.87
2017.11.03 09:07:40.698,1.14119,1.14133,2.06,1.12
2017.11.03 09:07:40.750,1.1412,1.14133,1.50,1.00
2017.11.03 09:07:41.271,1.14121,1.14132,1.00,1.00
2017.11.03 09:07:41.413,1.14118,1.14132,3.00,1.00
2017.11.03 09:07:41.784,1.14115,1.1413,1.95,2.06
2017.11.03 09:07:42.322,1.14116,1.14129,1.00,1.00
2017.11.03 09:07:42.893,1.14117,1.14129,1.12,1.00
2017.11.03 09:07:44.179,1.14118,1.14129,1.00,1.00
2017.11.03 09:07:44.281,1.14119,1.14132,1.00,1.19
2017.11.03 09:07:44.805,1.14119,1.14132,1.00,1.25
2017.11.03 09:07:46.656,1.14118,1.14132,1.76,1.00
2017.11.03 09:07:48.095,1.14119,1.14132,1.00,1.00
2017.11.03 09:07:56.844,1.14118,1.14132,1.87,1.50
2017.11.03 09:07:58.201,1.14118,1.14132,1.76,1.00
2017.11.03 09:07:59.136,1.14118,1.14133,3.07,3.19
2017.11.03 09:07:59.943,1.14119,1.14133,1.10,3.19
2017.11.03 09:08:00.446,1.14119,1.14133,1.10,1.12
2017.11.03 09:08:01.034,1.14121,1.14133,1.12,1.50
2017.11.03 09:08:01.550,1.14122,1.14133,1.00,1.00
2017.11.03 09:08:02.074,1.14121,1.14133,1.12,1.00
2017.11.03 09:08:02.665,1.14119,1.14133,1.95,1.12
2017.11.03 09:08:05.466,1.1412,1.14133,1.00,1.00
2017.11.03 09:08:06.740,1.14119,1.14133,2.81,1.25
2017.11.03 09:08:06.894,1.14119,1.14131,1.12,2.06
2017.11.03 09:08:06.947,1.14115,1.1413,1.57,1.00
2017.11.03 09:08:07.655,1.14115,1.14128,1.57,1.00
2017.11.03 09:08:12.849,1.14117,1.14128,1.10,1.00
2017.11.03 09:08:13.062,1.14119,1.14131,1.00,1.50
2017.11.03 09:08:13.579,1.14118,1.14131,4.01,1.00
2017.11.03 09:08:13.684,1.14116,1.14131,1.57,3.56
2017.11.03 09:08:13.789,1.14113,1.14126,1.00,1.00
2017.11.03 09:08:14.753,1.14112,1.14126,2.14,1.12
2017.11.03 09:08:16.220,1.14114,1.14125,1.00,1.00
2017.11.03 09:08:16.810,1.14114,1.14126,1.00,1.12
2017.11.03 09:08:17.430,1.14114,1.14126,1.07,1.12
2017.11.03 09:08:17.938,1.14117,1.14127,1.00,1.50
2017.11.03 09:08:18.579,1.14116,1.14127,1.20,1.00
2017.11.03 09:08:19.651,1.14116,1.14129,1.39,1.00
2017.11.03 09:08:20.208,1.14117,1.14129,1.00,1.00
2017.11.03 09:08:20.464,1.14114,1.14128,1.69,2.25
2017.11.03 09:08:23.382,1.14113,1.14128,1.00,3.64
2017.11.03 09:08:24.668,1.14112,1.14127,2.14,1.39
2017.11.03 09:08:24.770,1.14111,1.14126,2.32,2.51
2017.11.03 09:08:25.277,1.14111,1.14125,1.57,1.25
2017.11.03 09:08:25.848,1.1411,1.14124,1.57,1.00
2017.11.03 09:08:36.943,1.1411,1.14124,1.20,1.00
2017.11.03 09:08:37.792,1.14111,1.14124,1.64,1.50
2017.11.03 09:08:38.129,1.14111,1.14124,1.26,1.50
2017.11.03 09:08:38.664,1.14111,1.14124,2.14,1.50
2017.11.03 09:08:38.894,1.14113,1.14128,1.20,3.37
2017.11.03 09:08:39.417,1.14112,1.14125,1.57,1.00
2017.11.03 09:08:39.946,1.14112,1.14126,1.50,1.50
2017.11.03 09:08:42.349,1.14112,1.14126,1.50,2.06
2017.11.03 09:08:43.233,1.14112,1.14126,1.10,2.44
2017.11.03 09:08:43.751,1.1411,1.14126,1.45,2.25
2017.11.03 09:08:45.506,1.1411,1.14125,2.32,1.12
2017.11.03 09:08:45.965,1.14108,1.14123,1.70,1.00
2017.11.03 09:08:50.106,1.14108,1.14123,1.20,1.00
2017.11.03 09:08:52.128,1.14108,1.14123,1.45,1.25
2017.11.03 09:08:53.920,1.14108,1.14123,1.20,1.25
2017.11.03 09:08:54.454,1.14107,1.14123,1.95,1.69
2017.11.03 09:08:54.731,1.14108,1.14123,1.07,3.19
2017.11.03 09:08:54.782,1.14108,1.14121,1.07,1.00
2017.11.03 09:08:55.315,1.14108,1.14121,1.95,1.00
2017.11.03 09:08:55.708,1.14108,1.14123,1.07,2.25
2017.11.03 09:08:56.277,1.14108,1.14123,1.20,1.50
2017.11.03 09:08:58.679,1.14108,1.14123,1.07,1.69
2017.11.03 09:08:59.483,1.1411,1.14123,1.50,1.69
2017.11.03 09:08:59.839,1.14105,1.14118,2.51,1.00
2017.11.03 09:09:00.018,1.14104,1.14116,1.25,1.00
2017.11.03 09:09:00.380,1.14105,1.14116,1.01,1.00
2017.11.03 09:09:00.687,1.14102,1.14115,1.29,1.00
2017.11.03 09:09:01.295,1.14104,1.14116,1.00,2.25
2017.11.03 09:09:01.969,1.14104,1.14116,1.19,1.50
2017.11.03 09:09:02.488,1.14104,1.14118,1.95,2.25
2017.11.03 09:09:03.146,1.14104,1.14118,1.95,2.25
2017.11.03 09:09:04.006,1.14104,1.14114,1.00,1.00
2017.11.03 09:09:04.448,1.14102,1.14114,1.57,1.00
2017.11.03 09:09:05.289,1.14102,1.14115,1.57,2.25
2017.11.03 09:09:05.964,1.14103,1.14115,1.25,1.00
2017.11.03 09:09:06.583,1.14103,1.14117,1.12,1.00
2017.11.03 09:09:07.112,1.14104,1.14118,1.10,2.25
2017.11.03 09:09:09.904,1.14105,1.14118,1.00,2.25
2017.11.03 09:09:15.289,1.14104,1.14118,1.01,1.50
2017.11.03 09:09:15.840,1.14104,1.14118,1.76,1.50
2017.11.03 09:09:16.341,1.14104,1.14118,1.01,1.50
2017.11.03 09:09:17.006,1.14104,1.14118,1.76,1.50
2017.11.03 09:09:23.165,1.14104,1.14117,1.26,1.00
2017.11.03 09:09:24.209,1.14104,1.14118,1.32,3.00
2017.11.03 09:09:24.778,1.14104,1.14117,1.64,1.00
2017.11.03 09:09:26.821,1.14104,1.14117,1.70,1.00
2017.11.03 09:09:27.495,1.14104,1.14117,1.70,1.00
2017.11.03 09:09:28.206,1.14104,1.14118,1.20,3.75
2017.11.03 09:09:28.715,1.14105,1.14117,1.01,1.00
2017.11.03 09:09:30.467,1.14105,1.14118,1.07,3.75
2017.11.03 09:09:32.056,1.14105,1.14118,1.45,3.00
2017.11.03 09:09:36.625,1.14105,1.14117,1.39,1.00
2017.11.03 09:09:37.160,1.14105,1.14118,1.20,3.00
2017.11.03 09:09:37.895,1.14105,1.14117,1.39,1.00
2017.11.03 09:09:38.423,1.14103,1.14116,1.57,1.50
2017.11.03 09:09:38.834,1.14105,1.14116,1.51,1.00
2017.11.03 09:09:39.353,1.14104,1.14117,2.32,1.12
2017.11.03 09:09:39.876,1.14104,1.14116,2.32,1.00
2017.11.03 09:09:40.536,1.14104,1.14116,1.57,1.00
2017.11.03 09:09:41.049,1.14104,1.14116,2.32,1.00
2017.11.03 09:09:47.180,1.14106,1.14117,1.39,1.12
2017.11.03 09:09:48.129,1.14103,1.14117,1.45,1.87
2017.11.03 09:09:48.426,1.14097,1.14111,1.45,1.87
2017.11.03 09:09:48.994,1.14096,1.1411,4.57,1.00
2017.11.03 09:09:49.514,1.14098,1.14111,1.70,2.62
2017.11.03 09:09:51.549,1.14098,1.14111,1.45,2.62
2017.11.03 09:09:52.959,1.14098,1.14111,1.39,2.62
2017.11.03 09:09:53.506,1.14097,1.14111,2.14,2.62
2017.11.03 09:09:54.033,1.14097,1.1411,1.57,1.00
2017.11.03 09:09:54.562,1.14097,1.14111,1.20,3.37
2017.11.03 09:09:55.092,1.14096,1.1411,2.14,1.00
2017.11.03 09:09:55.690,1.14096,1.14111,1.95,2.62
2017.11.03 09:09:56.303,1.14097,1.14111,1.45,3.37
2017.11.03 09:09:56.867,1.14096,1.1411,1.57,1.50
2017.11.03 09:09:57.795,1.14097,1.1411,1.70,1.50
2017.11.03 09:09:58.319,1.14096,1.14111,2.32,2.62
2017.11.03 09:09:59.824,1.14096,1.1411,2.32,1.00
2017.11.03 09:10:00.434,1.14098,1.14111,1.20,1.87
2017.11.03 09:10:01.019,1.14098,1.1411,1.07,1.00
2017.11.03 09:10:01.811,1.14097,1.14111,1.20,1.87
2017.11.03 09:10:02.914,1.14097,1.14111,1.95,1.87
2017.11.03 09:10:03.617,1.14097,1.1411,2.14,1.00
2017.11.03 09:10:06.120,1.14097,1.1411,1.45,1.00
2017.11.03 09:10:06.378,1.14096,1.1411,1.07,1.12
2017.11.03 09:10:06.926,1.14095,1.14109,1.57,1.00
2017.11.03 09:10:07.932,1.14095,1.14109,1.20,1.50
2017.11.03 09:10:10.958,1.14098,1.14109,1.87,1.00
2017.11.03 09:10:11.010,1.14098,1.14111,2.06,1.00
2017.11.03 09:10:11.113,1.14097,1.1411,1.00,1.62
2017.11.03 09:10:11.422,1.14099,1.14109,1.01,1.00
2017.11.03 09:10:11.473,1.14099,1.14111,1.01,1.12
2017.11.03 09:10:11.999,1.141,1.14111,1.10,1.12
2017.11.03 09:10:12.517,1.141,1.14111,1.07,1.12
2017.11.03 09:10:16.919,1.14099,1.14111,1.51,1.12
2017.11.03 09:10:17.599,1.14099,1.14111,1.70,1.12
2017.11.03 09:10:18.325,1.14098,1.14111,1.70,1.12
2017.11.03 09:10:18.379,1.14098,1.14111,1.07,1.12
2017.11.03 09:10:18.901,1.14097,1.14111,2.51,1.12
2017.11.03 09:10:21.170,1.14099,1.14111,1.39,1.12
2017.11.03 09:10:22.077,1.14096,1.14111,2.51,2.62
2017.11.03 09:10:22.180,1.14096,1.14111,2.51,2.62
2017.11.03 09:10:22.539,1.141,1.14114,1.00,2.62
2017.11.03 09:10:22.883,1.141,1.14114,1.39,1.37
2017.11.03 09:10:25.744,1.141,1.14114,1.32,1.37
2017.11.03 09:10:28.335,1.141,1.14114,1.39,1.37
2017.11.03 09:10:32.317,1.14099,1.14113,2.89,1.12
2017.11.03 09:10:36.376,1.14101,1.14114,1.39,1.87
2017.11.03 09:10:38.380,1.14101,1.14114,1.20,1.00
2017.11.03 09:10:38.584,1.14101,1.14116,1.20,3.94
2017.11.03 09:10:39.777,1.14101,1.14116,1.45,3.19
2017.11.03 09:10:40.313,1.14101,1.14115,1.64,1.00
2017.11.03 09:10:41.150,1.14101,1.14115,2.14,1.00
2017.11.03 09:10:41.397,1.14101,1.14115,1.70,1.50
2017.11.03 09:10:42.724,1.14101,1.14115,1.95,1.00
2017.11.03 09:10:42.826,1.14101,1.14115,1.70,1.50
2017.11.03 09:10:44.273,1.14101,1.14116,1.45,1.50
2017.11.03 09:10:44.801,1.14101,1.14115,1.64,1.00
2017.11.03 09:10:46.081,1.14102,1.14116,1.20,1.50
2017.11.03 09:10:46.752,1.14102,1.14115,1.39,1.00
2017.11.03 09:10:48.865,1.14101,1.14116,1.45,1.50
2017.11.03 09:10:51.315,1.14101,1.14116,2.14,2.25
2017.11.03 09:10:51.418,1.14101,1.14113,1.45,1.00
2017.11.03 09:10:52.000,1.14101,1.14113,1.20,1.00
2017.11.03 09:10:53.815,1.14101,1.14113,1.45,1.00
2017.11.03 09:10:54.322,1.14101,1.14113,1.45,1.00
2017.11.03 09:10:57.534,1.14101,1.14113,1.20,1.00
2017.11.03 09:10:58.446,1.14101,1.14113,1.45,1.00
2017.11.03 09:10:59.018,1.14101,1.14113,1.20,1.00
2017.11.03 09:10:59.589,1.14101,1.14113,1.45,1.00
2017.11.03 09:10:59.793,1.14101,1.14116,1.57,3.94
2017.11.03 09:11:00.839,1.14103,1.14116,1.39,3.00
2017.11.03 09:11:01.402,1.14103,1.14116,1.20,2.25
2017.11.03 09:11:01.931,1.14103,1.14116,1.20,2.25
2017.11.03 09:11:02.437,1.14103,1.14116,1.20,2.25
2017.11.03 09:11:03.133,1.14103,1.14116,1.39,1.50
2017.11.03 09:11:03.659,1.14103,1.14116,1.70,1.50
2017.11.03 09:11:05.382,1.14102,1.14116,1.70,1.50
2017.11.03 09:11:05.988,1.14101,1.14115,3.45,1.12
2017.11.03 09:11:06.527,1.14102,1.14115,1.00,1.12
2017.11.03 09:11:06.835,1.14101,1.14114,1.57,1.00
2017.11.03 09:11:06.938,1.14102,1.14114,1.10,1.00
2017.11.03 09:11:06.991,1.14102,1.14115,1.45,1.87
2017.11.03 09:11:07.196,1.14105,1.14117,1.10,1.25
2017.11.03 09:11:07.298,1.14105,1.14117,1.45,1.25
2017.11.03 09:11:07.400,1.14105,1.14117,1.57,1.19
2017.11.03 09:11:07.452,1.14106,1.14119,1.25,1.50
2017.11.03 09:11:07.605,1.14106,1.14119,1.20,1.69
2017.11.03 09:11:07.708,1.14105,1.14119,1.39,2.44
2017.11.03 09:11:08.313,1.14105,1.14118,1.20,1.00
2017.11.03 09:11:08.857,1.14105,1.14118,1.45,1.00
2017.11.03 09:11:09.403,1.14105,1.14118,1.20,1.00
2017.11.03 09:11:10.164,1.14105,1.14119,1.20,1.50
2017.11.03 09:11:10.705,1.14105,1.14119,1.07,2.25
2017.11.03 09:11:11.505,1.14105,1.14119,1.20,2.25
2017.11.03 09:11:12.047,1.14105,1.14118,1.95,1.00
2017.11.03 09:11:12.713,1.14105,1.14117,1.95,1.00
2017.11.03 09:11:13.018,1.14105,1.14119,1.20,2.25
2017.11.03 09:11:13.671,1.14105,1.14117,1.95,1.00
2017.11.03 09:11:13.930,1.14105,1.14119,1.20,2.25
2017.11.03 09:11:14.690,1.14105,1.14118,1.20,1.00
2017.11.03 09:11:15.716,1.14105,1.14119,1.20,2.25
2017.11.03 09:11:17.634,1.14105,1.14118,1.20,1.00
2017.11.03 09:11:19.172,1.14105,1.14119,1.95,2.25
2017.11.03 09:11:20.106,1.14105,1.14118,1.95,1.00
2017.11.03 09:11:20.935,1.14106,1.1412,1.20,1.00
2017.11.03 09:11:21.089,1.14105,1.14118,2.70,1.00
2017.11.03 09:11:21.654,1.14105,1.14118,2.70,1.00
2017.11.03 09:11:22.088,1.14105,1.14119,2.89,1.00
2017.11.03 09:11:22.597,1.14106,1.1412,2.14,2.25
2017.11.03 09:11:22.750,1.14106,1.1412,1.39,1.69
2017.11.03 09:11:23.208,1.14109,1.14122,1.07,1.12
2017.11.03 09:11:23.735,1.1411,1.14123,1.57,1.00
2017.11.03 09:11:25.867,1.1411,1.14123,1.57,1.50
2017.11.03 09:11:26.516,1.1411,1.14123,1.07,1.50
2017.11.03 09:11:27.217,1.1411,1.14122,1.07,1.00
2017.11.03 09:11:28.989,1.1411,1.14124,1.20,2.44
2017.11.03 09:11:29.091,1.1411,1.14123,2.51,1.00
2017.11.03 09:11:29.638,1.1411,1.14123,1.57,1.25
2017.11.03 09:11:29.977,1.1411,1.14123,1.20,1.25
2017.11.03 09:11:30.794,1.1411,1.14122,1.20,1.00
2017.11.03 09:11:31.338,1.1411,1.14123,1.20,1.69
2017.11.03 09:11:32.298,1.14109,1.14122,2.70,1.00
2017.11.03 09:11:33.081,1.1411,1.14124,1.20,3.37
2017.11.03 09:11:33.428,1.1411,1.14122,1.57,1.00
2017.11.03 09:11:34.224,1.1411,1.14123,1.76,1.00
2017.11.03 09:11:34.610,1.1411,1.14123,2.51,1.00
2017.11.03 09:11:35.445,1.14111,1.14124,1.39,1.50
2017.11.03 09:11:35.651,1.1411,1.14122,1.57,1.00
2017.11.03 09:11:35.754,1.14112,1.14124,1.10,1.00
2017.11.03 09:11:35.856,1.14112,1.14126,2.89,1.00
2017.11.03 09:11:36.367,1.14111,1.14125,1.45,1.50
2017.11.03 09:11:36.885,1.1411,1.14125,3.64,3.19
2017.11.03 09:11:37.403,1.14111,1.14124,1.70,1.00
2017.11.03 09:11:38.080,1.14111,1.14125,1.70,2.25
2017.11.03 09:11:38.601,1.14111,1.14124,1.95,1.50
2017.11.03 09:11:38.957,1.14111,1.14124,1.20,1.00
2017.11.03 09:11:39.698,1.14111,1.14125,1.45,1.00
2017.11.03 09:11:39.801,1.14111,1.14125,1.20,1.00
2017.11.03 09:11:41.349,1.14111,1.14124,1.20,1.00
2017.11.03 09:11:41.889,1.14111,1.14124,1.20,1.00
2017.11.03 09:11:42.511,1.14111,1.14125,1.95,1.50
2017.11.03 09:11:43.140,1.14111,1.14126,1.20,1.31
2017.11.03 09:11:43.676,1.14111,1.14125,1.45,1.00
2017.11.03 09:11:43.830,1.1411,1.14124,1.20,1.25
2017.11.03 09:11:44.362,1.1411,1.14122,1.45,1.25
2017.11.03 09:11:44.570,1.1411,1.14122,1.10,1.25
2017.11.03 09:11:47.286,1.14108,1.14121,1.45,1.00
2017.11.03 09:11:47.338,1.14112,1.14122,1.45,1.00
2017.11.03 09:11:47.494,1.14114,1.14125,1.45,1.00
2017.11.03 09:11:47.987,1.14115,1.14126,1.95,1.50
2017.11.03 09:11:48.040,1.14111,1.14125,1.45,2.25
2017.11.03 09:11:48.091,1.14112,1.14125,2.32,1.50
2017.11.03 09:11:48.143,1.14117,1.14129,1.57,1.87
2017.11.03 09:11:48.349,1.14117,1.14131,1.95,1.50
2017.11.03 09:11:48.537,1.1412,1.14133,1.07,1.50
2017.11.03 09:11:48.690,1.14117,1.14131,1.45,1.00
2017.11.03 09:11:49.051,1.1412,1.14134,1.76,2.62
2017.11.03 09:11:49.103,1.14122,1.14134,2.32,1.50
2017.11.03 09:11:49.342,1.1412,1.14134,1.45,2.25
2017.11.03 09:11:50.463,1.14121,1.14134,1.00,1.50
2017.11.03 09:11:50.515,1.14119,1.14133,1.31,1.50
2017.11.03 09:11:50.669,1.1412,1.14133,1.64,1.00
2017.11.03 09:11:50.772,1.14121,1.14134,1.10,1.50
2017.11.03 09:11:50.823,1.1412,1.14134,1.95,1.50
2017.11.03 09:11:51.032,1.14118,1.14131,1.57,1.50
2017.11.03 09:11:51.744,1.14117,1.14131,1.10,1.00
2017.11.03 09:11:51.974,1.14115,1.14129,1.76,1.75
2017.11.03 09:11:52.333,1.14115,1.14124,1.10,1.00
2017.11.03 09:11:52.387,1.14117,1.14127,1.00,1.87
2017.11.03 09:11:52.440,1.14116,1.14127,1.70,1.12
2017.11.03 09:11:52.949,1.14116,1.14127,1.95,1.12
2017.11.03 09:11:53.320,1.14119,1.14129,1.10,1.50
2017.11.03 09:11:55.719,1.14117,1.14129,1.64,1.00
2017.11.03 09:11:55.822,1.14116,1.14127,1.51,1.00
2017.11.03 09:11:55.874,1.14116,1.14129,2.70,1.00
2017.11.03 09:11:55.977,1.14116,1.14129,2.32,1.00
2017.11.03 09:11:56.641,1.14117,1.14129,1.07,1.00
2017.11.03 09:11:57.198,1.14117,1.14129,1.39,1.00
2017.11.03 09:11:57.575,1.14114,1.14128,3.82,1.00
2017.11.03 09:11:57.783,1.14115,1.14129,1.64,2.25
2017.11.03 09:11:58.855,1.14115,1.14128,1.57,1.37
2017.11.03 09:11:59.791,1.14114,1.14128,1.57,1.37
2017.11.03 09:12:00.312,1.14114,1.14128,1.20,1.37
2017.11.03 09:12:00.467,1.14113,1.14127,1.57,1.87
2017.11.03 09:12:00.985,1.14112,1.14127,1.76,1.12
2017.11.03 09:12:01.526,1.14113,1.14127,1.57,1.12
2017.11.03 09:12:02.078,1.14112,1.14127,1.07,1.12
2017.11.03 09:12:02.832,1.14112,1.14127,1.76,1.12
2017.11.03 09:12:03.269,1.14111,1.14127,2.14,3.19
2017.11.03 09:12:03.778,1.1411,1.14127,3.45,3.19
2017.11.03 09:12:04.325,1.14111,1.14126,1.76,2.06
2017.11.03 09:12:04.505,1.1411,1.14126,3.45,1.37
2017.11.03 09:12:04.878,1.14113,1.14127,1.07,1.50
2017.11.03 09:12:05.430,1.14113,1.14126,1.76,1.00
2017.11.03 09:12:05.981,1.14113,1.14127,1.45,1.50
2017.11.03 09:12:06.530,1.14113,1.14127,1.07,1.50
2017.11.03 09:12:07.062,1.14113,1.14127,1.50,1.50
2017.11.03 09:12:07.211,1.14115,1.14127,1.00,1.69
2017.11.03 09:12:07.783,1.14115,1.14126,1.00,1.00
2017.11.03 09:12:08.360,1.14116,1.14126,1.00,1.00
2017.11.03 09:12:09.610,1.14114,1.14126,1.00,1.00
2017.11.03 09:12:10.538,1.14116,1.14126,1.00,1.00
2017.11.03 09:12:12.158,1.14115,1.14126,1.00,1.00
2017.11.03 09:12:12.801,1.14114,1.14126,1.10,1.00
2017.11.03 09:12:13.056,1.1411,1.14124,1.95,2.06
2017.11.03 09:12:13.311,1.14113,1.14124,1.00,1.31
2017.11.03 09:12:14.943,1.14113,1.14124,1.00,1.12
2017.11.03 09:12:15.264,1.14121,1.14132,1.00,1.00
2017.11.03 09:12:15.809,1.1412,1.14132,1.10,1.00
2017.11.03 09:12:16.645,1.14119,1.14132,1.50,1.00
2017.11.03 09:12:19.568,1.1412,1.14131,1.00,1.87
2017.11.03 09:12:19.894,1.14118,1.14129,1.00,1.87
2017.11.03 09:12:20.427,1.14119,1.14128,1.00,1.12
2017.11.03 09:12:22.902,1.14119,1.14129,1.10,1.00
2017.11.03 09:12:22.953,1.14119,1.14131,1.10,1.00
2017.11.03 09:12:23.478,1.14117,1.14131,1.95,1.00
2017.11.03 09:12:25.303,1.14117,1.14131,1.10,1.69
2017.11.03 09:12:25.902,1.14115,1.14131,1.76,1.69
2017.11.03 09:12:26.634,1.14115,1.14128,1.57,1.00
2017.11.03 09:12:26.943,1.1411,1.14123,1.70,1.00
2017.11.03 09:12:26.994,1.14109,1.14123,1.10,1.37
2017.11.03 09:12:28.271,1.14109,1.14121,1.10,1.00
2017.11.03 09:12:28.948,1.14107,1.14121,2.25,1.00
2017.11.03 09:12:29.722,1.14108,1.14123,2.06,2.70
2017.11.03 09:12:30.214,1.14107,1.14121,1.87,2.44
2017.11.03 09:12:32.341,1.14108,1.14121,1.00,3.00
2017.11.03 09:12:32.860,1.14106,1.1412,1.37,2.25
2017.11.03 09:12:33.887,1.14106,1.14119,1.37,1.00
2017.11.03 09:12:34.368,1.14108,1.14123,1.87,2.81
2017.11.03 09:12:38.374,1.14109,1.14124,1.25,1.50
2017.11.03 09:12:38.886,1.14108,1.14123,1.00,3.75
2017.11.03 09:12:40.842,1.1411,1.14123,1.44,1.37
2017.11.03 09:12:41.407,1.14111,1.14123,1.31,1.00
2017.11.03 09:12:42.415,1.14112,1.14123,1.00,1.00
2017.11.03 09:12:42.569,1.1411,1.14122,1.31,1.00
2017.11.03 09:12:42.928,1.14112,1.14123,1.00,1.50
2017.11.03 09:12:43.291,1.14113,1.14125,1.31,1.00
2017.11.03 09:12:43.828,1.14112,1.14125,1.37,1.12
2017.11.03 09:12:43.932,1.14111,1.14125,1.00,1.12
2017.11.03 09:12:44.434,1.14112,1.14125,1.25,1.12
2017.11.03 09:12:47.969,1.14113,1.14125,1.25,1.12
2017.11.03 09:12:48.481,1.14111,1.14125,2.25,1.12
2017.11.03 09:12:48.996,1.14113,1.14125,1.25,1.12
2017.11.03 09:12:49.997,1.14112,1.14125,1.00,1.12
2017.11.03 09:12:52.627,1.14113,1.14125,1.00,1.12
2017.11.03 09:12:53.349,1.14115,1.14127,1.25,1.00
2017.11.03 09:12:53.894,1.14116,1.14128,1.00,1.00
2017.11.03 09:12:55.433,1.14117,1.14128,1.19,1.00
2017.11.03 09:12:56.327,1.14115,1.14128,1.44,1.00
2017.11.03 09:12:56.872,1.14115,1.14128,1.00,1.00
2017.11.03 09:12:57.415,1.14114,1.14128,1.25,1.12
2017.11.03 09:12:57.986,1.14113,1.14128,2.25,1.87
2017.11.03 09:12:58.648,1.14113,1.14127,2.25,1.00
2017.11.03 09:12:59.451,1.14113,1.14126,2.25,1.00
2017.11.03 09:13:00.319,1.14114,1.14126,1.00,1.00
2017.11.03 09:13:01.006,1.14113,1.14126,2.25,1.00
2017.11.03 09:13:02.574,1.14112,1.14124,1.00,1.00
2017.11.03 09:13:03.302,1.14111,1.14124,1.25,1.00
2017.11.03 09:13:03.789,1.14106,1.14118,1.57,1.00
2017.11.03 09:13:04.098,1.14104,1.14116,1.25,1.00
2017.11.03 09:13:04.893,1.14099,1.14114,1.69,2.62
2017.11.03 09:13:05.404,1.14101,1.14114,1.00,1.87
2017.11.03 09:13:06.041,1.141,1.14113,1.50,1.00
2017.11.03 09:13:06.914,1.141,1.14114,1.50,2.62
2017.11.03 09:13:08.981,1.14101,1.14114,1.00,1.50
2017.11.03 09:13:09.935,1.141,1.14114,1.69,1.50
2017.11.03 09:13:10.764,1.14101,1.14114,1.19,1.50
2017.11.03 09:13:18.119,1.14101,1.14114,1.25,1.50
2017.11.03 09:13:20.271,1.141,1.14114,1.00,1.50
2017.11.03 09:13:22.825,1.141,1.14114,1.00,2.06
2017.11.03 09:13:23.187,1.14102,1.14113,1.00,1.87
2017.11.03 09:13:28.376,1.14102,1.14116,1.87,1.50
2017.11.03 09:13:28.685,1.14103,1.14118,1.87,3.94
2017.11.03 09:13:29.229,1.14103,1.14118,1.69,3.19
2017.11.03 09:13:29.801,1.14103,1.14118,1.69,3.94
2017.11.03 09:13:30.313,1.14104,1.14118,1.00,3.56
2017.11.03 09:13:31.982,1.14103,1.14116,1.00,1.00
2017.11.03 09:13:32.551,1.14103,1.14117,1.69,1.00
2017.11.03 09:13:36.652,1.14105,1.14119,1.31,1.50
2017.11.03 09:13:37.159,1.14105,1.14118,1.12,1.00
2017.11.03 09:13:37.696,1.14105,1.14119,1.12,1.50
2017.11.03 09:13:38.238,1.14105,1.14118,1.12,1.00
2017.11.03 09:13:38.842,1.14105,1.14119,1.12,1.50
2017.11.03 09:13:38.952,1.14105,1.14117,1.12,1.00
2017.11.03 09:13:39.445,1.14105,1.14119,1.12,1.50
2017.11.03 09:13:40.100,1.14105,1.14118,1.12,1.00
2017.11.03 09:13:40.800,1.14105,1.14119,1.12,1.50
2017.11.03 09:13:41.350,1.14105,1.14118,1.12,1.00
2017.11.03 09:13:41.896,1.14105,1.14119,1.12,1.50
2017.11.03 09:13:42.501,1.14105,1.14118,1.12,1.00
2017.11.03 09:13:43.400,1.14105,1.14119,1.12,1.50
2017.11.03 09:13:44.100,1.14105,1.14118,1.12,1.00
2017.11.03 09:13:44.610,1.14105,1.14119,1.12,1.50
2017.11.03 09:13:45.407,1.14105,1.14118,1.12,1.00
2017.11.03 09:13:45.910,1.14105,1.14119,1.12,1.69
2017.11.03 09:13:46.446,1.14105,1.14117,1.12,1.00
2017.11.03 09:13:47.100,1.14105,1.14118,1.12,1.50
2017.11.03 09:13:47.576,1.14108,1.1412,1.50,2.44
2017.11.03 09:14:09.401,1.14108,1.14121,1.00,2.81
2017.11.03 09:14:14.289,1.14108,1.14122,1.00,1.69
2017.11.03 09:14:15.691,1.14108,1.14118,1.50,1.12
2017.11.03 09:14:16.049,1.14107,1.14121,2.44,1.31
2017.11.03 09:14:16.517,1.14109,1.14122,1.00,3.37
2017.11.03 09:14:17.224,1.1411,1.14122,1.00,2.44
2017.11.03 09:14:18.378,1.1411,1.14122,3.56,1.19
2017.11.03 09:14:19.054,1.14112,1.14122,1.00,1.19
2017.11.03 09:14:19.779,1.14111,1.14122,1.87,1.19
2017.11.03 09:14:20.474,1.14112,1.14123,1.50,1.19
2017.11.03 09:14:22.371,1.14111,1.14123,3.37,1.19
2017.11.03 09:14:22.894,1.14112,1.14123,1.00,1.19
2017.11.03 09:14:24.514,1.14111,1.14123,1.87,1.25
2017.11.03 09:14:25.044,1.1411,1.14124,1.50,1.56
2017.11.03 09:14:26.750,1.14111,1.14125,1.00,2.44
2017.11.03 09:14:30.755,1.14112,1.14125,1.00,1.69
2017.11.03 09:14:33.128,1.14112,1.14124,1.00,2.06
2017.11.03 09:14:34.498,1.14112,1.14123,1.00,1.12
2017.11.03 09:14:34.819,1.1411,1.14121,1.00,2.06
2017.11.03 09:14:35.363,1.1411,1.1412,1.00,1.00
2017.11.03 09:14:35.877,1.1411,1.14121,1.00,1.87
2017.11.03 09:14:36.202,1.14108,1.14118,1.00,1.00
2017.11.03 09:14:36.304,1.14108,1.1412,1.00,1.87
2017.11.03 09:14:38.844,1.1411,1.14121,1.00,1.37
2017.11.03 09:14:39.100,1.1411,1.14124,1.00,1.62
2017.11.03 09:14:39.842,1.14112,1.14123,1.00,1.12
2017.11.03 09:14:39.947,1.14109,1.14122,1.00,1.69
2017.11.03 09:14:40.498,1.14109,1.14123,1.00,1.69
2017.11.03 09:14:40.994,1.14111,1.14124,1.12,1.87
2017.11.03 09:14:41.454,1.14112,1.14124,1.00,1.25
2017.11.03 09:14:41.821,1.14112,1.14123,1.00,1.37
2017.11.03 09:14:54.517,1.14112,1.14123,1.00,1.69
2017.11.03 09:14:54.571,1.1411,1.14121,1.00,1.00
2017.11.03 09:14:55.076,1.1411,1.1412,1.00,1.31
2017.11.03 09:15:00.132,1.14108,1.1412,1.00,1.31
2017.11.03 09:15:00.757,1.14108,1.14121,1.00,3.19
2017.11.03 09:15:01.272,1.14108,1.1412,1.00,1.12
2017.11.03 09:15:04.911,1.14108,1.14121,1.50,1.25
2017.11.03 09:15:05.491,1.14109,1.14124,1.50,2.44
2017.11.03 09:15:06.010,1.1411,1.14124,1.12,1.25
2017.11.03 09:15:07.249,1.14109,1.14124,1.00,2.25
2017.11.03 09:15:08.345,1.14109,1.14125,1.31,1.19
2017.11.03 09:15:09.349,1.1411,1.14124,1.00,1.25
2017.11.03 09:15:09.861,1.14109,1.14126,2.14,3.00
2017.11.03 09:15:09.964,1.14109,1.14123,2.32,1.00
2017.11.03 09:15:11.104,1.14109,1.14123,2.32,1.00
2017.11.03 09:15:12.724,1.14109,1.14124,2.06,1.00
2017.11.03 09:15:13.239,1.1411,1.14123,1.00,2.25
2017.11.03 09:15:15.083,1.14109,1.14124,1.87,1.50
2017.11.03 09:15:15.670,1.14111,1.14125,1.69,1.00
2017.11.03 09:15:16.256,1.14112,1.14124,1.00,1.00
2017.11.03 09:15:16.819,1.14111,1.14124,1.50,1.00
2017.11.03 09:15:17.658,1.14112,1.14124,1.00,1.00
2017.11.03 09:15:18.720,1.14111,1.14124,1.00,1.00
2017.11.03 09:15:21.368,1.14109,1.14124,2.89,1.00
2017.11.03 09:15:21.419,1.14112,1.14124,1.00,1.00
2017.11.03 09:15:23.169,1.14109,1.14124,4.01,1.00
2017.11.03 09:15:25.225,1.14111,1.14124,1.00,1.00
2017.11.03 09:15:25.709,1.14113,1.14125,1.19,1.00
2017.11.03 09:15:25.916,1.14109,1.14124,2.06,1.00
2017.11.03 09:15:26.497,1.14109,1.14123,1.87,1.69
2017.11.03 09:15:29.233,1.14109,1.14122,2.62,1.00
2017.11.03 09:15:30.159,1.14107,1.14121,1.20,1.25
2017.11.03 09:15:30.783,1.14107,1.1412,1.12,1.00
2017.11.03 09:15:31.869,1.14107,1.14121,1.12,1.69
2017.11.03 09:15:32.748,1.14106,1.14119,1.00,1.00
2017.11.03 09:15:33.276,1.14106,1.14118,1.00,1.00
2017.11.03 09:15:34.182,1.14106,1.14119,1.00,1.50
2017.11.03 09:15:34.741,1.14105,1.14118,1.12,1.00
2017.11.03 09:15:36.889,1.14107,1.1412,1.00,1.12
2017.11.03 09:15:37.433,1.14107,1.14119,1.00,1.00
2017.11.03 09:15:39.223,1.14107,1.1412,1.00,1.00
2017.11.03 09:15:39.742,1.14107,1.14121,1.00,1.69
2017.11.03 09:15:45.482,1.14107,1.1412,1.50,1.00
2017.11.03 09:15:47.097,1.14107,1.14121,1.50,2.06
2017.11.03 09:15:50.248,1.14107,1.14122,1.00,1.31
2017.11.03 09:15:51.605,1.14107,1.14122,1.50,2.06
2017.11.03 09:15:52.237,1.14107,1.14122,1.00,1.31
2017.11.03 09:15:52.948,1.14107,1.14122,1.50,2.06
2017.11.03 09:15:53.849,1.14107,1.14119,1.00,1.00
2017.11.03 09:15:54.155,1.14107,1.14118,1.00,1.44
2017.11.03 09:15:54.360,1.14103,1.14118,1.31,1.50
2017.11.03 09:15:55.789,1.14103,1.14118,1.87,2.25
2017.11.03 09:15:55.945,1.14105,1.14119,1.00,1.50
2017.11.03 09:15:56.252,1.14107,1.1412,1.12,1.00
2017.11.03 09:15:56.776,1.14107,1.14122,1.12,2.44
2017.11.03 09:15:57.297,1.14107,1.14122,1.12,2.25
2017.11.03 09:15:59.217,1.14107,1.14122,1.87,2.81
2017.11.03 09:16:00.541,1.14107,1.14122,1.87,1.87
2017.11.03 09:16:01.265,1.14108,1.14122,1.00,1.12
2017.11.03 09:16:01.835,1.14107,1.14122,2.62,1.12
2017.11.03 09:16:04.854,1.14111,1.14122,1.12,1.25
2017.11.03 09:16:04.905,1.1411,1.14124,1.37,1.50
2017.11.03 09:16:05.214,1.14112,1.14128,1.50,3.37
2017.11.03 09:16:05.746,1.14112,1.14127,2.62,1.00
2017.11.03 09:16:05.875,1.14113,1.14127,1.12,1.44
2017.11.03 09:16:05.978,1.14112,1.14127,3.19,1.25
2017.11.03 09:16:08.249,1.14112,1.14126,3.75,1.00
2017.11.03 09:16:08.861,1.14112,1.14125,2.25,1.00
2017.11.03 09:16:09.519,1.14112,1.14125,2.25,1.44
2017.11.03 09:16:09.726,1.14112,1.14126,2.25,2.10
2017.11.03 09:16:09.930,1.14113,1.14124,1.12,1.00
2017.11.03 09:16:10.508,1.14112,1.14125,1.00,2.25
2017.11.03 09:16:14.851,1.1411,1.14125,1.87,2.25
2017.11.03 09:16:15.005,1.1411,1.14123,1.12,1.87
2017.11.03 09:16:15.056,1.14108,1.14123,1.00,1.69
2017.11.03 09:16:16.203,1.14108,1.14123,1.00,2.44
2017.11.03 09:16:18.637,1.14108,1.14122,1.50,1.12
2017.11.03 09:16:28.224,1.14108,1.14123,2.44,1.87
2017.11.03 09:16:28.744,1.14109,1.14123,1.69,1.50
2017.11.03 09:16:29.209,1.14111,1.14126,1.50,2.06
2017.11.03 09:16:29.974,1.14111,1.14124,1.00,1.00
2017.11.03 09:16:30.659,1.1411,1.14123,1.00,1.00
2017.11.03 09:16:31.706,1.14109,1.14123,2.25,1.25
2017.11.03 09:16:32.044,1.14109,1.14122,1.50,1.81
2017.11.03 09:16:32.249,1.14111,1.14126,1.37,1.31
2017.11.03 09:16:32.879,1.14113,1.14127,1.00,4.12
2017.11.03 09:16:32.930,1.14113,1.14127,1.00,2.25
2017.11.03 09:16:40.882,1.14115,1.14127,1.00,1.56
2017.11.03 09:16:40.984,1.14113,1.14127,1.00,1.56
2017.11.03 09:16:41.141,1.14115,1.14128,1.00,1.50
2017.11.03 09:16:44.904,1.14115,1.14125,1.00,1.00
2017.11.03 09:16:45.023,1.14115,1.14127,1.00,1.87
2017.11.03 09:16:45.716,1.14115,1.14126,1.00,1.00
2017.11.03 09:16:46.746,1.14115,1.14125,1.00,1.00
2017.11.03 09:16:47.155,1.14111,1.14125,1.12,1.00
2017.11.03 09:16:47.207,1.14115,1.14127,1.00,1.12
2017.11.03 09:16:47.513,1.14117,1.14128,1.00,1.50
2017.11.03 09:16:47.564,1.14117,1.14131,1.00,1.62
2017.11.03 09:16:48.105,1.14117,1.14132,3.75,1.69
2017.11.03 09:16:48.156,1.1412,1.14132,1.50,1.19
2017.11.03 09:16:49.019,1.1412,1.14132,1.50,1.25
2017.11.03 09:16:50.887,1.1412,1.14134,2.25,1.62
2017.11.03 09:16:51.714,1.1412,1.14135,2.25,2.81
2017.11.03 09:16:52.022,1.1412,1.14134,1.00,1.50
2017.11.03 09:16:59.377,1.14122,1.14134,1.00,1.37
2017.11.03 09:17:04.010,1.14122,1.14135,1.00,1.50
2017.11.03 09:17:04.229,1.14125,1.14137,1.00,1.00
2017.11.03 09:17:04.678,1.14124,1.14136,1.00,1.50
2017.11.03 09:17:04.999,1.14122,1.14136,1.12,2.06
2017.11.03 09:17:06.100,1.14121,1.14133,1.00,1.50
2017.11.03 09:17:08.260,1.14121,1.14132,1.00,1.00
2017.11.03 09:17:10.427,1.14121,1.14133,1.00,1.00
2017.11.03 09:17:10.478,1.14121,1.14135,1.00,1.00
2017.11.03 09:17:11.409,1.14121,1.14133,1.00,1.00
2017.11.03 09:17:12.641,1.14121,1.14134,1.00,1.00
2017.11.03 09:17:13.148,1.14121,1.14135,1.50,1.50
2017.11.03 09:17:14.979,1.14121,1.14136,1.50,3.56
2017.11.03 09:17:16.165,1.14121,1.14135,1.25,1.00
2017.11.03 09:17:16.805,1.14121,1.14135,1.19,1.00
2017.11.03 09:17:17.521,1.14121,1.14135,1.25,1.10
2017.11.03 09:17:17.891,1.14125,1.14136,1.00,1.87
2017.11.03 09:17:18.098,1.14126,1.1414,1.50,1.00
2017.11.03 09:17:18.616,1.14126,1.14141,1.50,1.00
2017.11.03 09:17:20.380,1.14127,1.14142,3.56,1.50
2017.11.03 09:17:20.897,1.14127,1.14142,2.06,1.76
2017.11.03 09:17:25.176,1.14127,1.14141,1.87,1.39
2017.11.03 09:17:25.706,1.14127,1.14141,1.87,1.39
2017.11.03 09:17:28.525,1.14128,1.14142,1.00,1.69
2017.11.03 09:17:29.035,1.14129,1.14144,1.00,3.19
2017.11.03 09:17:29.673,1.14131,1.14144,1.00,1.00
2017.11.03 09:17:30.189,1.14132,1.14144,1.00,1.25
2017.11.03 09:17:30.843,1.14132,1.14144,1.00,1.44
2017.11.03 09:17:32.199,1.1413,1.14143,1.00,1.00
2017.11.03 09:17:34.187,1.14129,1.14143,1.00,1.12
2017.11.03 09:17:34.713,1.14129,1.14142,1.00,1.25
2017.11.03 09:17:35.249,1.14128,1.14141,1.50,1.00
2017.11.03 09:17:35.802,1.14128,1.14142,1.50,1.87
2017.11.03 09:17:36.748,1.14129,1.14144,1.00,1.87
2017.11.03 09:17:39.141,1.14128,1.14142,1.25,1.25
2017.11.03 09:17:41.933,1.14129,1.14142,1.69,1.50
2017.11.03 09:17:43.803,1.14128,1.14142,1.50,1.00
2017.11.03 09:17:43.906,1.1413,1.14142,1.00,1.00
2017.11.03 09:17:43.959,1.1413,1.14144,1.00,1.31
2017.11.03 09:17:44.934,1.14129,1.14144,1.12,1.12
2017.11.03 09:17:46.030,1.14128,1.14144,1.87,1.12
2017.11.03 09:17:46.184,1.14129,1.14143,1.00,1.19
2017.11.03 09:17:47.380,1.14129,1.14144,1.00,2.25
2017.11.03 09:17:47.942,1.14129,1.14142,1.00,1.00
2017.11.03 09:17:48.464,1.14128,1.14142,1.87,1.00
2017.11.03 09:17:51.407,1.14128,1.14143,1.87,1.25
2017.11.03 09:17:51.820,1.14128,1.14142,1.00,3.00
2017.11.03 09:17:52.753,1.14127,1.1414,1.00,1.12
2017.11.03 09:17:56.163,1.14127,1.14139,1.00,1.00
2017.11.03 09:17:56.489,1.14124,1.14137,1.00,1.87
2017.11.03 09:17:57.824,1.14124,1.14135,1.00,1.00
2017.11.03 09:17:57.927,1.14121,1.14134,1.00,2.62
2017.11.03 09:17:59.752,1.14122,1.14134,1.00,3.00
2017.11.03 09:18:00.298,1.14121,1.14134,1.00,2.25
2017.11.03 09:18:05.042,1.14121,1.1413,1.00,1.50
2017.11.03 09:18:05.349,1.14118,1.14128,1.00,1.00
2017.11.03 09:18:05.963,1.14118,1.14128,1.00,1.37
2017.11.03 09:18:10.187,1.14118,1.14131,1.50,1.12
2017.11.03 09:18:14.180,1.14118,1.1413,1.00,1.00
2017.11.03 09:18:17.658,1.14118,1.14131,1.00,2.06
2017.11.03 09:18:23.004,1.14118,1.1413,1.00,1.00
2017.11.03 09:18:23.585,1.14118,1.14131,1.00,2.81
2017.11.03 09:18:27.147,1.14118,1.14132,1.12,1.20
2017.11.03 09:18:27.436,1.14118,1.1413,1.00,1.37
2017.11.03 09:18:34.442,1.14118,1.14128,1.00,1.00
2017.11.03 09:18:35.413,1.14115,1.14128,1.00,1.00
2017.11.03 09:18:51.202,1.14115,1.14129,1.00,1.87
2017.11.03 09:18:54.086,1.14115,1.14128,1.00,1.00
2017.11.03 09:18:57.049,1.14115,1.14129,1.00,2.44
2017.11.03 09:19:00.777,1.14115,1.14129,1.50,3.19
2017.11.03 09:19:08.129,1.14115,1.14128,1.87,1.75
2017.11.03 09:19:08.452,1.14115,1.14128,1.87,1.00
2017.11.03 09:19:08.557,1.14118,1.14129,1.00,1.50
2017.11.03 09:19:08.832,1.14116,1.14129,1.69,1.00
2017.11.03 09:19:09.778,1.14116,1.14129,2.44,1.00
2017.11.03 09:19:11.096,1.14116,1.14132,2.25,1.12
2017.11.03 09:19:12.636,1.14116,1.14132,2.25,1.12
2017.11.03 09:19:15.513,1.14117,1.14132,1.00,1.12
2017.11.03 09:19:16.506,1.14116,1.14131,2.62,2.44
2017.11.03 09:19:16.710,1.14115,1.14128,1.00,1.12
2017.11.03 09:19:16.912,1.14115,1.1413,2.25,1.00
2017.11.03 09:19:17.996,1.14115,1.14131,2.25,1.69
2017.11.03 09:19:18.329,1.14117,1.14131,1.00,1.50
2017.11.03 09:19:19.010,1.14117,1.14133,2.06,2.44
2017.11.03 09:19:20.259,1.14118,1.14133,1.12,1.81
2017.11.03 09:19:21.702,1.14117,1.14132,2.06,1.00
2017.11.03 09:19:22.290,1.14117,1.14131,1.37,1.00
2017.11.03 09:19:23.208,1.14117,1.14132,2.81,2.06
2017.11.03 09:19:30.581,1.14119,1.14134,1.00,3.37
2017.11.03 09:19:31.264,1.1412,1.14134,1.00,1.87
2017.11.03 09:19:31.854,1.14119,1.14134,1.50,1.87
2017.11.03 09:19:32.857,1.1412,1.14134,1.00,1.87
2017.11.03 09:19:35.221,1.14119,1.14134,1.50,2.06
2017.11.03 09:19:35.848,1.1412,1.14134,1.00,2.81
2017.11.03 09:19:36.374,1.14119,1.14134,1.50,2.81
2017.11.03 09:19:36.927,1.1412,1.14134,1.00,2.81
2017.11.03 09:19:38.350,1.14119,1.14134,1.50,2.81
2017.11.03 09:19:38.908,1.1412,1.14133,1.00,1.25
2017.11.03 09:19:40.050,1.14119,1.14133,1.50,1.00
2017.11.03 09:19:40.562,1.14119,1.14134,3.00,1.37
2017.11.03 09:19:41.246,1.14119,1.14133,2.25,1.44
2017.11.03 09:19:41.776,1.14119,1.14131,1.00,1.00
2017.11.03 09:19:42.361,1.14117,1.14131,1.69,1.25
2017.11.03 09:19:44.929,1.14116,1.1413,2.44,1.00
2017.11.03 09:19:51.875,1.14116,1.14132,2.25,1.50
2017.11.03 09:19:52.167,1.14121,1.14135,1.50,1.25
2017.11.03 09:19:53.990,1.14121,1.14134,2.25,1.00
2017.11.03 09:19:55.300,1.14121,1.14133,1.00,1.00
2017.11.03 09:19:56.531,1.14121,1.14132,1.00,1.00
2017.11.03 09:19:57.047,1.1412,1.14132,1.00,1.50
2017.11.03 09:20:00.533,1.14122,1.14135,1.12,2.44
2017.11.03 09:20:00.687,1.14122,1.14131,1.12,1.50
2017.11.03 09:20:00.739,1.1412,1.1413,1.00,1.00
2017.11.03 09:20:01.358,1.14118,1.14129,1.50,1.00
2017.11.03 09:20:01.563,1.14117,1.14129,1.00,1.00
2017.11.03 09:20:02.089,1.14117,1.14128,1.00,1.50
2017.11.03 09:20:02.192,1.14115,1.14128,1.00,2.25
2017.11.03 09:20:02.773,1.14115,1.14127,1.00,1.00
2017.11.03 09:20:05.674,1.14115,1.14126,1.00,1.00
2017.11.03 09:20:06.126,1.14113,1.14127,1.00,1.50
2017.11.03 09:20:06.596,1.14115,1.14128,1.69,1.50
2017.11.03 09:20:06.943,1.14117,1.14131,1.69,1.75
2017.11.03 09:20:07.046,1.1412,1.14134,1.12,3.00
2017.11.03 09:20:07.099,1.14119,1.14134,1.87,3.75
2017.11.03 09:20:08.799,1.14119,1.14134,1.19,2.25
2017.11.03 09:20:09.473,1.14119,1.14134,1.69,3.00
2017.11.03 09:20:10.065,1.14119,1.14134,1.19,2.25
2017.11.03 09:20:11.664,1.14119,1.14134,2.62,3.00
2017.11.03 09:20:14.016,1.14119,1.14134,2.62,3.00
2017.11.03 09:20:15.637,1.14119,1.14134,2.62,3.00
2017.11.03 09:20:16.300,1.14119,1.14134,1.87,2.25
2017.11.03 09:20:16.855,1.14119,1.14134,3.22,3.00
2017.11.03 09:20:16.907,1.14124,1.14137,1.12,1.50
2017.11.03 09:20:17.422,1.14123,1.14136,1.37,1.00
2017.11.03 09:20:18.105,1.14121,1.14136,1.00,1.50
2017.11.03 09:20:21.800,1.14121,1.14135,1.50,1.69
2017.11.03 09:20:22.416,1.14121,1.14134,1.00,1.00
2017.11.03 09:20:23.252,1.14121,1.14135,1.00,3.19
2017.11.03 09:20:24.688,1.1412,1.14135,1.12,1.00
2017.11.03 09:20:25.216,1.14119,1.14134,2.25,2.25
2017.11.03 09:20:26.465,1.14119,1.14133,2.25,1.00
2017.11.03 09:20:31.365,1.14117,1.14133,1.50,3.37
2017.11.03 09:20:31.968,1.14117,1.14132,2.06,1.25
2017.11.03 09:20:35.535,1.14117,1.14132,1.12,2.25
2017.11.03 09:20:35.587,1.14114,1.14127,1.31,1.37
2017.11.03 09:20:35.792,1.14112,1.14126,1.00,3.37
2017.11.03 09:20:36.366,1.14112,1.14124,1.00,1.00
2017.11.03 09:20:37.685,1.1411,1.14125,1.87,1.87
2017.11.03 09:20:39.447,1.1411,1.14124,2.62,1.00
2017.11.03 09:20:48.277,1.14108,1.14122,1.00,1.12
2017.11.03 09:20:48.431,1.14109,1.14124,2.06,1.50
2017.11.03 09:20:48.484,1.14109,1.14124,2.62,1.00
2017.11.03 09:20:48.688,1.14112,1.14125,1.25,1.50
2017.11.03 09:20:50.578,1.14112,1.14126,1.50,1.50
2017.11.03 09:20:51.156,1.14112,1.14124,1.50,1.00
2017.11.03 09:20:51.207,1.1411,1.14124,1.12,1.69
2017.11.03 09:20:51.720,1.14109,1.14123,2.25,1.00
2017.11.03 09:20:52.490,1.14111,1.14125,1.25,1.87
2017.11.03 09:20:53.098,1.14111,1.14125,1.19,1.12
2017.11.03 09:21:01.460,1.14112,1.14127,2.06,2.25
2017.11.03 09:21:02.000,1.14113,1.14127,1.69,1.00
2017.11.03 09:21:02.529,1.14113,1.14128,1.00,2.44
2017.11.03 09:21:03.032,1.14113,1.14126,1.00,1.37
2017.11.03 09:21:03.548,1.14112,1.14126,1.25,1.37
2017.11.03 09:21:09.344,1.14114,1.14126,1.12,1.00
2017.11.03 09:21:15.064,1.1411,1.14126,1.81,2.81
2017.11.03 09:21:16.467,1.14109,1.14124,3.56,1.00
2017.11.03 09:21:17.013,1.1411,1.14125,1.69,1.12
2017.11.03 09:21:22.567,1.1411,1.14124,1.62,1.00
2017.11.03 09:21:23.157,1.1411,1.14125,1.62,3.56
2017.11.03 09:21:23.475,1.14108,1.14123,1.50,1.00
2017.11.03 09:21:24.404,1.14111,1.14124,1.69,1.50
2017.11.03 09:21:24.507,1.14108,1.14123,3.75,1.00
2017.11.03 09:21:24.662,1.14108,1.14121,1.00,1.00
2017.11.03 09:21:26.597,1.14106,1.14119,1.00,1.00
2017.11.03 09:21:27.277,1.14105,1.14119,2.06,1.00
2017.11.03 09:21:28.181,1.14106,1.14119,1.00,1.00
2017.11.03 09:21:29.783,1.14107,1.14119,1.00,1.00
2017.11.03 09:21:30.130,1.1411,1.14122,1.00,1.00
2017.11.03 09:21:30.233,1.14111,1.14124,1.25,1.12
2017.11.03 09:21:30.746,1.14109,1.14124,2.25,3.37
2017.11.03 09:21:32.326,1.14111,1.14125,1.00,2.81
2017.11.03 09:21:34.411,1.1411,1.14124,1.69,2.06
2017.11.03 09:21:36.662,1.14109,1.14122,1.87,1.00
2017.11.03 09:21:37.202,1.14109,1.14124,1.37,3.56
2017.11.03 09:21:39.192,1.14108,1.14122,3.37,1.00
2017.11.03 09:21:39.340,1.14108,1.14122,1.87,1.50
2017.11.03 09:21:45.165,1.14108,1.14122,2.85,2.25
2017.11.03 09:21:45.726,1.1411,1.14122,1.12,1.00
2017.11.03 09:21:52.606,1.1411,1.14124,1.31,1.12
2017.11.03 09:21:53.378,1.1411,1.14124,1.31,1.12
2017.11.03 09:21:58.380,1.14111,1.14125,1.00,1.50
2017.11.03 09:22:02.507,1.14112,1.14126,2.81,1.00
2017.11.03 09:22:05.255,1.14113,1.14127,1.50,1.00
2017.11.03 09:22:05.830,1.14115,1.14128,1.12,1.87
2017.11.03 09:22:08.113,1.14116,1.1413,2.06,2.25
2017.11.03 09:22:08.420,1.14119,1.14133,2.85,1.00
2017.11.03 09:22:08.964,1.14121,1.14134,1.12,1.50
2017.11.03 09:22:09.067,1.14119,1.14134,1.25,3.00
2017.11.03 09:22:09.222,1.1412,1.14134,1.50,2.25
2017.11.03 09:22:09.766,1.14122,1.14134,1.12,1.00
2017.11.03 09:22:14.091,1.14117,1.14131,1.87,1.00
2017.11.03 09:22:14.142,1.14115,1.14129,1.25,1.50
2017.11.03 09:22:14.295,1.14114,1.14126,1.00,1.00
2017.11.03 09:22:14.884,1.14114,1.14127,1.44,1.37
2017.11.03 09:22:15.038,1.14115,1.14129,1.12,1.37
2017.11.03 09:22:15.719,1.14115,1.14129,1.31,1.37
2017.11.03 09:22:19.550,1.14115,1.1413,1.87,2.25
2017.11.03 09:22:19.704,1.14117,1.14129,1.25,1.37
2017.11.03 09:22:20.047,1.14118,1.14132,1.69,1.87
2017.11.03 09:22:24.420,1.14118,1.14132,1.50,2.32
2017.11.03 09:22:25.375,1.14119,1.14132,1.00,1.57
2017.11.03 09:22:25.924,1.14119,1.14132,1.00,1.57
2017.11.03 09:22:26.768,1.14119,1.14132,1.00,1.57
2017.11.03 09:22:27.215,1.1412,1.14134,1.50,2.70
2017.11.03 09:22:27.318,1.14121,1.14134,2.25,1.00
2017.11.03 09:22:29.303,1.14122,1.14134,1.00,1.10
2017.11.03 09:22:30.568,1.1412,1.14134,3.41,1.10
2017.11.03 09:22:31.106,1.1412,1.14134,1.37,1.32
2017.11.03 09:22:31.435,1.14121,1.14135,1.31,1.57
2017.11.03 09:22:33.390,1.14121,1.14134,2.44,1.00
2017.11.03 09:22:34.960,1.14121,1.14135,1.87,1.10
2017.11.03 09:22:36.844,1.14121,1.14134,1.50,1.00
2017.11.03 09:22:37.394,1.1412,1.14134,3.00,1.95
2017.11.03 09:22:37.916,1.14118,1.14134,2.19,1.95
2017.11.03 09:22:38.069,1.14118,1.14134,2.19,1.57
2017.11.03 09:22:39.240,1.14119,1.14133,2.19,1.00
2017.11.03 09:22:41.259,1.1412,1.14134,2.25,1.95
2017.11.03 09:22:41.362,1.1412,1.14134,2.06,1.10
2017.11.03 09:22:41.893,1.1412,1.14134,2.06,1.20
2017.11.03 09:22:42.649,1.1412,1.14134,2.06,1.57
2017.11.03 09:22:43.185,1.1412,1.14134,2.62,1.20
2017.11.03 09:22:43.694,1.1412,1.14134,2.62,1.00
2017.11.03 09:22:44.237,1.1412,1.14134,2.06,2.32
2017.11.03 09:22:47.140,1.14119,1.14133,1.62,1.20
2017.11.03 09:22:47.815,1.1412,1.14133,1.25,1.20
2017.11.03 09:22:48.330,1.1412,1.14133,1.25,1.20
2017.11.03 09:22:48.717,1.14121,1.14136,1.25,3.82
2017.11.03 09:22:49.740,1.14121,1.14136,1.19,3.82
2017.11.03 09:22:51.349,1.14121,1.14135,1.69,1.57
2017.11.03 09:22:51.764,1.1412,1.14134,1.12,1.57
2017.11.03 09:22:52.408,1.14117,1.14133,1.62,2.70
2017.11.03 09:22:52.512,1.14117,1.14131,1.69,1.10
2017.11.03 09:22:53.041,1.14116,1.14131,1.69,1.07
2017.11.03 09:22:55.101,1.14117,1.1413,1.00,2.14
2017.11.03 09:22:55.255,1.14115,1.14129,1.12,1.95
2017.11.03 09:22:55.802,1.14115,1.14129,1.12,1.95
2017.11.03 09:22:57.545,1.14114,1.14129,1.12,2.32
2017.11.03 09:22:57.597,1.14113,1.14126,2.06,1.37
2017.11.03 09:22:58.119,1.14113,1.14127,1.25,1.07
2017.11.03 09:22:58.426,1.14117,1.14129,1.50,1.57
2017.11.03 09:22:58.477,1.14117,1.14131,1.19,2.70
2017.11.03 09:22:59.060,1.14117,1.1413,1.00,1.57
2017.11.03 09:22:59.607,1.14116,1.1413,1.12,1.57
2017.11.03 09:23:00.065,1.14118,1.14131,1.25,2.70
2017.11.03 09:23:00.570,1.14118,1.1413,1.25,1.07
2017.11.03 09:23:02.970,1.14117,1.1413,1.25,1.07
2017.11.03 09:23:03.276,1.14118,1.14131,2.81,1.00
2017.11.03 09:23:03.793,1.1412,1.14131,1.00,1.00
2017.11.03 09:23:04.300,1.1412,1.14133,1.19,1.57
2017.11.03 09:23:04.916,1.1412,1.14134,1.62,1.50
2017.11.03 09:23:05.914,1.14121,1.14136,1.50,1.57
2017.11.03 09:23:06.432,1.14121,1.14136,1.87,1.07
2017.11.03 09:23:07.234,1.14121,1.14136,2.62,2.32
2017.11.03 09:23:07.841,1.14121,1.14136,1.50,1.07
2017.11.03 09:23:08.354,1.14121,1.14136,1.69,1.07
2017.11.03 09:23:11.148,1.14121,1.14136,1.69,1.07
2017.11.03 09:23:11.672,1.14121,1.14136,1.87,1.95
2017.11.03 09:23:12.532,1.14121,1.14136,1.87,1.95
2017.11.03 09:23:14.033,1.14121,1.14136,1.87,1.95
2017.11.03 09:23:15.998,1.14121,1.14136,2.62,2.70
2017.11.03 09:23:16.513,1.14121,1.14136,2.62,2.70
2017.11.03 09:23:18.229,1.14121,1.14136,1.69,2.70
2017.11.03 09:23:18.688,1.14123,1.14136,1.19,1.20
2017.11.03 09:23:18.858,1.14134,1.14143,1.25,1.00
2017.11.03 09:23:19.374,1.14132,1.14145,1.44,1.95
2017.11.03 09:23:19.870,1.14131,1.14143,1.00,1.00
2017.11.03 09:23:21.055,1.1413,1.14143,1.12,1.00
2017.11.03 09:23:21.582,1.14131,1.14143,1.00,1.07
2017.11.03 09:23:23.268,1.14131,1.14143,1.25,1.00
2017.11.03 09:23:25.037,1.14128,1.14143,2.06,1.50
2017.11.03 09:23:25.888,1.14129,1.14143,1.69,1.20
2017.11.03 09:23:26.093,1.14129,1.14143,2.25,1.20
2017.11.03 09:23:27.259,1.14131,1.14143,1.44,1.00
2017.11.03 09:23:27.783,1.14131,1.14143,1.19,1.10
2017.11.03 09:23:28.450,1.14132,1.14143,1.50,1.00
2017.11.03 09:23:28.571,1.14128,1.14141,3.19,1.00
2017.11.03 09:23:28.938,1.14126,1.14141,3.56,2.70
2017.11.03 09:23:29.628,1.14127,1.14141,1.75,2.70
2017.11.03 09:23:30.147,1.14126,1.14141,2.81,2.70
2017.11.03 09:23:30.878,1.14126,1.14141,1.44,1.45
2017.11.03 09:23:36.082,1.14126,1.14138,2.06,1.10
2017.11.03 09:23:38.480,1.14124,1.14138,1.69,1.57
2017.11.03 09:23:39.054,1.14124,1.14138,1.19,1.95
2017.11.03 09:23:41.321,1.14125,1.14137,1.19,1.07
2017.11.03 09:23:42.237,1.14125,1.14137,1.19,1.07
2017.11.03 09:23:43.151,1.14125,1.14137,1.25,1.07
2017.11.03 09:23:47.693,1.14125,1.14138,1.25,1.57
2017.11.03 09:23:49.249,1.14125,1.14138,1.19,1.50
2017.11.03 09:23:49.771,1.14125,1.14138,2.44,1.00
2017.11.03 09:23:50.300,1.14125,1.14138,2.25,1.00
2017.11.03 09:23:51.517,1.14129,1.1414,1.25,1.95
2017.11.03 09:23:51.619,1.14129,1.1414,6.19,1.00
2017.11.03 09:23:51.671,1.14131,1.14143,1.19,1.00
2017.11.03 09:23:52.757,1.14131,1.14143,1.44,1.00
2017.11.03 09:23:55.985,1.14131,1.14143,1.44,1.00
2017.11.03 09:23:57.300,1.14129,1.14143,1.87,1.57
2017.11.03 09:23:57.473,1.14128,1.14141,1.19,1.57
2017.11.03 09:23:58.002,1.14127,1.14141,2.25,2.70
2017.11.03 09:23:58.528,1.14127,1.14141,2.25,2.70
2017.11.03 09:23:59.244,1.14127,1.14141,1.50,2.70
2017.11.03 09:23:59.782,1.14127,1.14141,2.25,3.45
2017.11.03 09:24:00.519,1.14127,1.14141,1.37,1.95
2017.11.03 09:24:00.623,1.14128,1.14141,1.62,1.10
2017.11.03 09:24:00.878,1.1413,1.14141,1.44,1.00
2017.11.03 09:24:00.930,1.1413,1.14143,3.00,1.00
2017.11.03 09:24:11.466,1.14132,1.14143,1.44,1.10
2017.11.03 09:24:12.456,1.14133,1.14146,1.44,1.10
2017.11.03 09:24:12.779,1.14138,1.14152,2.06,2.32
2017.11.03 09:24:13.346,1.14139,1.14154,1.44,3.07
2017.11.03 09:24:13.913,1.14139,1.14154,2.25,3.45
2017.11.03 09:24:14.653,1.14139,1.14154,2.25,3.82
2017.11.03 09:24:19.011,1.14139,1.14154,1.87,3.26
2017.11.03 09:24:19.565,1.14139,1.14154,2.06,3.82
2017.11.03 09:24:20.108,1.14139,1.14154,1.44,2.32
2017.11.03 09:24:21.008,1.14138,1.14153,3.00,1.20
2017.11.03 09:24:22.514,1.14139,1.14153,1.19,1.20
2017.11.03 09:24:23.373,1.14139,1.14153,1.19,1.45
2017.11.03 09:24:23.425,1.14136,1.14151,2.66,1.57
2017.11.03 09:24:24.041,1.14137,1.14151,1.19,1.95
2017.11.03 09:24:25.708,1.14136,1.1415,1.87,1.20
2017.11.03 09:24:26.463,1.14136,1.1415,2.62,1.10
2017.11.03 09:24:27.136,1.14136,1.1415,1.87,1.07
2017.11.03 09:24:27.728,1.14136,1.1415,1.62,1.07
2017.11.03 09:24:28.355,1.14135,1.14149,2.62,1.57
2017.11.03 09:24:28.406,1.14135,1.14149,2.62,1.95
2017.11.03 09:24:28.938,1.14136,1.14149,1.69,1.10
2017.11.03 09:24:29.447,1.14136,1.1415,1.87,1.95
2017.11.03 09:24:29.983,1.14139,1.14152,1.19,1.76
2017.11.03 09:24:30.035,1.1414,1.14153,1.25,2.14
2017.11.03 09:24:31.043,1.14139,1.14153,1.69,1.95
2017.11.03 09:24:31.248,1.14139,1.14153,1.69,1.95
2017.11.03 09:24:31.956,1.14139,1.14153,1.87,1.95
2017.11.03 09:24:32.473,1.14141,1.14153,1.31,1.00
2017.11.03 09:24:33.103,1.14141,1.14155,2.25,1.87
2017.11.03 09:24:34.393,1.14141,1.14155,1.50,2.62
2017.11.03 09:24:34.921,1.1414,1.14154,1.56,1.00
2017.11.03 09:24:35.729,1.14137,1.14152,4.69,1.87
2017.11.03 09:24:35.781,1.14137,1.1415,1.56,1.00
2017.11.03 09:24:36.036,1.14135,1.1415,2.06,1.12
2017.11.03 09:24:36.988,1.14135,1.14151,3.56,3.00
2017.11.03 09:24:38.139,1.14138,1.1415,1.44,1.12
2017.11.03 09:24:40.013,1.14135,1.14149,1.87,1.50
2017.11.03 09:24:40.116,1.14134,1.14148,1.12,2.32
2017.11.03 09:24:40.371,1.14133,1.14147,1.50,1.07
2017.11.03 09:24:41.145,1.14133,1.14147,1.50,2.32
2017.11.03 09:24:41.487,1.14131,1.14145,1.62,1.57
2017.11.03 09:24:42.025,1.14131,1.14145,1.87,1.45
2017.11.03 09:24:42.607,1.14131,1.14145,1.56,1.57
2017.11.03 09:24:44.154,1.1413,1.14146,2.86,3.45
2017.11.03 09:24:44.685,1.1413,1.14144,2.11,1.57
2017.11.03 09:24:45.190,1.14131,1.14144,1.19,1.57
2017.11.03 09:24:46.316,1.1413,1.14144,1.87,1.57
2017.11.03 09:24:50.202,1.1413,1.14144,2.44,1.20
2017.11.03 09:24:51.376,1.1413,1.14144,2.44,1.20
2017.11.03 09:24:54.682,1.1413,1.14144,2.44,1.20
2017.11.03 09:24:56.692,1.14131,1.14144,1.19,1.20
2017.11.03 09:25:02.309,1.14131,1.14144,1.31,1.57
2017.11.03 09:25:03.530,1.1413,1.14144,2.44,1.57
2017.11.03 09:25:05.045,1.14131,1.14144,1.44,1.57
2017.11.03 09:25:08.677,1.1413,1.14144,2.25,1.57
2017.11.03 09:25:09.211,1.14129,1.14143,1.62,1.20
2017.11.03 09:25:09.794,1.14129,1.14143,1.75,1.20
2017.11.03 09:25:10.149,1.14129,1.14143,2.06,1.20
2017.11.03 09:25:12.540,1.14129,1.14144,2.25,1.57
2017.11.03 09:25:14.868,1.1413,1.14144,1.50,1.57
2017.11.03 09:25:15.392,1.1413,1.14144,1.50,2.32
2017.11.03 09:25:18.045,1.1413,1.14144,1.69,2.32
2017.11.03 09:25:18.590,1.14129,1.14144,2.06,3.07
2017.11.03 09:25:23.472,1.14128,1.14143,2.44,1.10
2017.11.03 09:25:24.207,1.14128,1.14143,2.44,1.20
2017.11.03 09:25:25.263,1.14129,1.14143,1.19,1.00
2017.11.03 09:25:27.028,1.14128,1.14143,1.87,1.00
2017.11.03 09:25:34.782,1.1413,1.14143,1.31,1.00
2017.11.03 09:25:36.145,1.1413,1.14144,1.62,2.62
2017.11.03 09:25:36.882,1.1413,1.14145,2.44,1.50
2017.11.03 09:25:39.058,1.1413,1.14144,2.06,1.87
2017.11.03 09:25:41.333,1.14129,1.14144,1.50,3.00
2017.11.03 09:25:41.961,1.14129,1.14144,1.50,1.75
2017.11.03 09:25:42.857,1.14129,1.14144,1.50,1.75
2017.11.03 09:25:46.927,1.14129,1.14143,1.87,1.50
2017.11.03 09:25:58.370,1.1413,1.14143,1.62,1.12
2017.11.03 09:25:58.421,1.1413,1.14145,1.37,3.19
2017.11.03 09:26:02.443,1.1413,1.14145,1.19,3.19
2017.11.03 09:26:03.614,1.1413,1.14145,1.25,3.19
2017.11.03 09:26:04.745,1.1413,1.14145,1.19,3.94
2017.11.03 09:26:07.435,1.1413,1.14145,1.31,4.39
2017.11.03 09:26:14.748,1.14129,1.14145,3.37,2.70
2017.11.03 09:26:18.499,1.14126,1.14141,4.87,1.00
2017.11.03 09:26:18.551,1.14127,1.14139,1.37,1.00
2017.11.03 09:26:18.604,1.14124,1.14137,1.12,1.69
2017.11.03 09:26:18.759,1.14124,1.1414,1.87,2.14
2017.11.03 09:26:19.772,1.14126,1.14139,1.25,1.12
2017.11.03 09:26:20.690,1.14125,1.14139,2.25,1.07
2017.11.03 09:26:21.228,1.14125,1.14139,2.25,1.10
2017.11.03 09:26:21.433,1.14128,1.14139,1.50,1.10
2017.11.03 09:26:21.485,1.1413,1.14143,1.25,1.07
2017.11.03 09:26:21.691,1.14129,1.14139,1.00,1.10
2017.11.03 09:26:21.794,1.14125,1.14139,1.00,1.07
2017.11.03 09:26:22.091,1.14126,1.1414,1.69,2.32
2017.11.03 09:26:22.401,1.14126,1.1414,1.44,1.57
2017.11.03 09:26:22.605,1.14126,1.1414,1.31,2.32
2017.11.03 09:26:22.853,1.14124,1.14139,2.44,1.95
2017.11.03 09:26:22.909,1.14124,1.14139,1.25,1.95
2017.11.03 09:26:23.428,1.14124,1.14139,1.69,1.95
2017.11.03 09:26:24.042,1.14124,1.14139,1.69,1.95
2017.11.03 09:26:24.742,1.14123,1.14138,3.75,1.95
2017.11.03 09:26:25.077,1.14124,1.14138,1.00,1.45
2017.11.03 09:26:26.931,1.14123,1.14135,1.37,1.07
2017.11.03 09:26:27.463,1.14121,1.14135,1.50,1.07
2017.11.03 09:26:28.387,1.14121,1.14136,1.75,2.32
2017.11.03 09:26:29.119,1.14122,1.14136,1.00,2.32
2017.11.03 09:26:31.138,1.14121,1.14135,1.31,1.20
2017.11.03 09:26:31.441,1.14119,1.14131,1.87,1.00
2017.11.03 09:26:31.493,1.14118,1.14131,1.50,1.00
2017.11.03 09:26:31.545,1.14118,1.14132,2.06,1.57
2017.11.03 09:26:31.853,1.14118,1.14132,1.69,1.20
2017.11.03 09:26:32.803,1.14118,1.14132,1.00,1.20
2017.11.03 09:26:33.492,1.14118,1.1413,1.00,1.00
2017.11.03 09:26:38.072,1.14117,1.14131,3.19,1.10
2017.11.03 09:26:38.583,1.1412,1.14133,1.31,1.95
2017.11.03 09:26:39.194,1.1412,1.14133,1.50,1.57
2017.11.03 09:26:40.387,1.14118,1.14132,1.94,1.07
2017.11.03 09:26:40.901,1.14118,1.14132,2.00,1.10
2017.11.03 09:26:41.435,1.1412,1.14133,1.69,1.01
2017.11.03 09:26:41.756,1.14122,1.14136,1.00,1.20
2017.11.03 09:26:42.379,1.14121,1.14135,1.69,1.10
2017.11.03 09:26:42.481,1.1412,1.14132,1.31,1.10
2017.11.03 09:26:42.789,1.14121,1.14136,2.06,3.26
2017.11.03 09:26:43.796,1.14121,1.14136,1.31,1.39
2017.11.03 09:26:44.352,1.14121,1.14136,1.31,3.07
2017.11.03 09:26:44.688,1.1412,1.14134,1.31,1.20
2017.11.03 09:26:44.740,1.1412,1.14134,1.12,1.76
2017.11.03 09:26:46.951,1.14119,1.14133,1.31,1.32
2017.11.03 09:26:47.472,1.14117,1.14133,2.81,2.14
2017.11.03 09:26:48.048,1.14117,1.14133,2.25,1.76
2017.11.03 09:26:49.367,1.14118,1.14133,1.00,1.20
2017.11.03 09:26:49.682,1.14118,1.14133,3.19,1.95
2017.11.03 09:26:50.333,1.14118,1.14133,1.69,1.95
2017.11.03 09:26:51.239,1.14118,1.14133,1.69,2.14
2017.11.03 09:26:51.934,1.14118,1.14133,1.12,2.51
2017.11.03 09:26:55.059,1.14118,1.14132,1.12,2.14
2017.11.03 09:26:57.512,1.14118,1.14132,1.25,2.44
2017.11.03 09:27:00.764,1.14117,1.14132,1.31,2.25
2017.11.03 09:27:01.410,1.14118,1.14132,1.00,1.69
2017.11.03 09:27:01.923,1.14116,1.14131,1.81,1.87
2017.11.03 09:27:02.473,1.14116,1.1413,2.00,1.00
2017.11.03 09:27:02.853,1.14117,1.14131,1.31,1.87
2017.11.03 09:27:06.288,1.14117,1.14131,1.12,2.25
2017.11.03 09:27:08.291,1.14117,1.14131,1.62,1.87
2017.11.03 09:27:08.823,1.14117,1.14131,1.56,1.00
2017.11.03 09:27:10.172,1.14115,1.1413,3.37,1.00
2017.11.03 09:27:10.673,1.14115,1.14131,2.44,1.87
2017.11.03 09:27:11.185,1.14115,1.1413,2.44,1.00
2017.11.03 09:27:11.720,1.14115,1.14131,3.19,2.62
2017.11.03 09:27:14.031,1.14115,1.14131,2.44,2.62
2017.11.03 09:27:14.796,1.14115,1.1413,3.37,1.00
2017.11.03 09:27:16.729,1.14115,1.1413,3.37,1.00
2017.11.03 09:27:19.320,1.14115,1.14131,2.62,3.37
2017.11.03 09:27:20.705,1.14117,1.14131,2.25,1.00
2017.11.03 09:27:21.288,1.14117,1.14131,2.25,1.00
2017.11.03 09:27:22.372,1.14118,1.14131,1.25,1.00
2017.11.03 09:27:23.302,1.14116,1.1413,1.19,1.00
2017.11.03 09:27:23.456,1.14116,1.1413,1.25,1.00
2017.11.03 09:27:23.972,1.14116,1.14129,1.31,1.00
2017.11.03 09:27:28.098,1.14114,1.14129,3.56,1.50
2017.11.03 09:27:29.558,1.14114,1.14127,2.06,1.00
2017.11.03 09:27:36.777,1.14114,1.14127,1.00,1.50
2017.11.03 09:27:37.090,1.14112,1.14125,2.62,1.00
2017.11.03 09:27:39.632,1.14112,1.14125,2.62,1.00
2017.11.03 09:27:40.219,1.14109,1.14122,2.44,1.00
2017.11.03 09:27:40.733,1.14109,1.14121,1.00,1.00
2017.11.03 09:27:41.046,1.14108,1.1412,1.00,2.44
2017.11.03 09:27:41.098,1.14106,1.14118,1.00,1.12
2017.11.03 09:27:41.465,1.14104,1.14118,1.12,2.62
2017.11.03 09:27:42.333,1.14102,1.14117,2.81,1.00
2017.11.03 09:27:42.841,1.14102,1.14116,2.06,1.00
2017.11.03 09:27:43.349,1.14102,1.14115,1.69,1.00
2017.11.03 09:27:44.158,1.14103,1.14116,1.81,1.00
2017.11.03 09:27:44.894,1.14103,1.14115,1.87,1.00
2017.11.03 09:27:45.564,1.14104,1.14116,1.25,1.00
2017.11.03 09:27:46.075,1.14104,1.14115,1.00,1.00
2017.11.03 09:27:46.898,1.14102,1.14116,1.31,1.50
2017.11.03 09:27:47.052,1.14104,1.14118,1.69,1.12
2017.11.03 09:27:47.595,1.14105,1.14117,1.62,1.00
2017.11.03 09:27:48.238,1.14105,1.14119,1.31,1.87
2017.11.03 09:27:48.576,1.14106,1.1412,2.06,1.00
2017.11.03 09:27:49.923,1.14106,1.14118,1.87,1.00
2017.11.03 09:27:50.128,1.14105,1.14118,1.37,1.12
2017.11.03 09:27:50.383,1.14106,1.14116,1.12,1.00
2017.11.03 09:27:51.249,1.14105,1.14116,1.12,1.00
2017.11.03 09:27:51.789,1.14106,1.14115,1.00,1.00
2017.11.03 09:27:52.381,1.14105,1.14115,1.12,1.00
2017.11.03 09:27:53.041,1.14105,1.14116,1.12,1.00
2017.11.03 09:27:56.043,1.14105,1.14117,1.00,1.50
2017.11.03 09:27:56.584,1.14106,1.14119,1.00,2.06
2017.11.03 09:27:56.840,1.14105,1.14121,3.56,1.00
2017.11.03 09:27:57.905,1.14106,1.14122,1.50,3.00
2017.11.03 09:27:58.451,1.14106,1.14122,2.06,3.00
2017.11.03 09:28:01.069,1.14107,1.14121,1.31,1.00
2017.11.03 09:28:02.009,1.14108,1.14122,1.00,2.25
2017.11.03 09:28:02.724,1.14106,1.14122,1.87,2.51
2017.11.03 09:28:03.352,1.14106,1.14122,1.87,2.51
2017.11.03 09:28:06.043,1.14106,1.14122,1.62,2.51
2017.11.03 09:28:07.190,1.14106,1.14122,1.31,2.44
2017.11.03 09:28:08.082,1.1411,1.14122,1.12,1.50
2017.11.03 09:28:08.695,1.1411,1.14123,1.12,1.25
2017.11.03 09:28:10.708,1.14108,1.14122,1.75,1.00
2017.11.03 09:28:11.246,1.14107,1.14122,1.87,1.25
2017.11.03 09:28:11.562,1.14107,1.14122,1.12,1.69
2017.11.03 09:28:12.140,1.14106,1.14122,3.00,1.25
2017.11.03 09:28:13.144,1.14106,1.14121,2.06,1.00
2017.11.03 09:28:13.669,1.14107,1.14121,1.25,2.25
2017.11.03 09:28:14.080,1.14105,1.14119,1.00,1.50
2017.11.03 09:28:14.450,1.14108,1.14119,2.44,1.50
2017.11.03 09:28:14.502,1.1411,1.14123,2.06,1.12
2017.11.03 09:28:15.537,1.14111,1.14123,1.50,1.12
2017.11.03 09:28:17.091,1.14109,1.14123,3.00,1.12
2017.11.03 09:28:19.078,1.14111,1.14123,1.12,1.12
2017.11.03 09:28:21.028,1.1411,1.14123,2.06,1.12
2017.11.03 09:28:24.038,1.1411,1.14125,2.81,1.00
2017.11.03 09:28:24.552,1.1411,1.14124,2.81,1.00
2017.11.03 09:28:25.186,1.14111,1.14125,2.06,1.00
2017.11.03 09:28:25.693,1.14112,1.14124,1.31,1.00
2017.11.03 09:28:26.327,1.14112,1.14125,1.19,1.00
2017.11.03 09:28:26.833,1.14112,1.14125,1.19,1.00
2017.11.03 09:28:27.592,1.14111,1.14124,1.31,1.00
2017.11.03 09:28:28.258,1.1411,1.14124,3.94,1.00
2017.11.03 09:28:29.644,1.14111,1.14125,1.31,1.00
2017.11.03 09:28:29.866,1.14109,1.14125,2.62,1.69
2017.11.03 09:28:30.325,1.14112,1.14126,1.87,1.12
2017.11.03 09:28:30.478,1.14112,1.14126,1.87,1.87
2017.11.03 09:28:31.022,1.14112,1.14127,2.62,1.25
2017.11.03 09:28:33.170,1.14112,1.14127,2.62,1.69
2017.11.03 09:28:33.673,1.14112,1.14127,1.12,1.69
2017.11.03 09:28:35.480,1.14112,1.14127,1.44,1.69
2017.11.03 09:28:39.094,1.14112,1.14126,1.87,1.00
2017.11.03 09:28:39.808,1.14112,1.14126,1.44,1.00
2017.11.03 09:28:40.939,1.14112,1.14126,1.12,1.00
2017.11.03 09:28:41.157,1.14114,1.14128,1.12,1.50
2017.11.03 09:28:41.669,1.14115,1.14128,1.69,1.00
2017.11.03 09:28:42.812,1.14115,1.1413,1.69,3.00
2017.11.03 09:28:45.115,1.14114,1.14129,2.06,2.06
2017.11.03 09:28:46.262,1.14114,1.14129,2.06,2.06
2017.11.03 09:28:47.456,1.14116,1.1413,1.37,2.25
2017.11.03 09:28:47.813,1.14115,1.1413,1.87,3.75
2017.11.03 09:28:50.495,1.14114,1.1413,2.25,3.00
2017.11.03 09:28:52.604,1.14114,1.14128,1.31,1.00
2017.11.03 09:28:53.132,1.14113,1.14127,1.12,1.50
2017.11.03 09:28:53.740,1.14112,1.14127,1.12,2.25
2017.11.03 09:28:54.395,1.14112,1.14127,1.44,2.25
2017.11.03 09:28:54.905,1.1411,1.14124,1.37,1.50
2017.11.03 09:28:55.494,1.1411,1.14125,2.81,1.00
2017.11.03 09:28:56.011,1.1411,1.14125,2.81,1.00
2017.11.03 09:28:56.538,1.14112,1.14126,1.00,1.12
2017.11.03 09:28:58.638,1.14112,1.14125,1.25,1.00
2017.11.03 09:29:00.041,1.14112,1.14121,1.00,1.00
2017.11.03 09:29:00.769,1.14114,1.14127,1.75,1.00
2017.11.03 09:29:00.822,1.14113,1.14127,2.25,1.00
2017.11.03 09:29:01.847,1.14117,1.14127,1.00,1.69
2017.11.03 09:29:02.012,1.14117,1.14129,1.50,1.12
2017.11.03 09:29:02.065,1.1412,1.14131,1.00,1.50
2017.11.03 09:29:04.052,1.14117,1.14131,1.12,1.50
2017.11.03 09:29:05.463,1.14117,1.1413,1.12,1.00
2017.11.03 09:29:05.699,1.14117,1.14132,1.12,2.32
2017.11.03 09:29:06.250,1.14118,1.14132,2.44,1.00
2017.11.03 09:29:06.302,1.14118,1.14135,2.44,2.44
2017.11.03 09:29:09.997,1.1412,1.14135,3.00,1.12
2017.11.03 09:29:10.517,1.14121,1.14134,1.31,1.00
2017.11.03 09:29:11.086,1.14123,1.14135,1.25,1.12
2017.11.03 09:29:11.137,1.14126,1.14137,1.00,1.00
2017.11.03 09:29:11.641,1.14125,1.14137,1.00,1.00
2017.11.03 09:29:12.178,1.14124,1.14137,1.69,1.00
2017.11.03 09:29:12.682,1.14123,1.14137,2.44,1.00
2017.11.03 09:29:13.241,1.14124,1.14137,1.25,1.00
2017.11.03 09:29:13.555,1.14126,1.14137,1.50,1.00
2017.11.03 09:29:15.125,1.14126,1.1414,1.50,3.00
2017.11.03 09:29:15.753,1.14127,1.14139,1.50,1.00
2017.11.03 09:29:16.809,1.14127,1.1414,1.50,2.25
2017.11.03 09:29:17.699,1.14128,1.1414,1.00,2.25
2017.11.03 09:29:18.426,1.14128,1.14139,1.00,1.00
2017.11.03 09:29:18.952,1.14128,1.1414,1.00,2.25
2017.11.03 09:29:19.974,1.14127,1.1414,1.50,2.25
2017.11.03 09:29:21.835,1.14125,1.14139,1.69,1.00
2017.11.03 09:29:21.938,1.14126,1.1414,1.75,1.00
2017.11.03 09:29:21.990,1.14127,1.14142,1.87,1.31
2017.11.03 09:29:28.904,1.14129,1.14143,1.00,3.19
2017.11.03 09:29:29.443,1.14128,1.14143,1.12,3.19
2017.11.03 09:29:38.523,1.14129,1.14143,1.50,1.37
2017.11.03 09:29:38.932,1.1413,1.14143,2.06,1.00
2017.11.03 09:29:54.047,1.14128,1.14145,2.25,2.51
2017.11.03 09:29:58.439,1.1413,1.14145,1.00,2.89
2017.11.03 09:29:59.007,1.14129,1.14145,1.12,2.51
2017.11.03 09:29:59.600,1.14131,1.14145,1.00,2.89
2017.11.03 09:30:00.230,1.14135,1.14145,1.00,1.29
2017.11.03 09:30:00.283,1.14136,1.14147,1.00,1.00
2017.11.03 09:30:00.388,1.14137,1.14152,1.00,2.89
2017.11.03 09:30:00.492,1.1414,1.14151,1.00,1.95
2017.11.03 09:30:00.793,1.14143,1.1415,1.00,1.00
2017.11.03 09:30:00.934,1.14136,1.14152,1.32,1.00
2017.11.03 09:30:01.180,1.14139,1.14156,1.00,1.39
2017.11.03 09:30:01.233,1.14139,1.14156,1.01,1.00
2017.11.03 09:30:01.285,1.14139,1.14156,1.42,1.19
2017.11.03 09:30:01.463,1.14139,1.14156,1.54,1.00
2017.11.03 09:30:01.515,1.14139,1.14154,2.36,1.00
2017.11.03 09:30:01.831,1.14137,1.14154,1.25,1.00
2017.11.03 09:30:02.040,1.14139,1.14155,1.07,1.25
2017.11.03 09:30:02.552,1.14139,1.14154,1.00,1.00
2017.11.03 09:30:03.435,1.14139,1.14153,1.57,1.00
2017.11.03 09:30:04.072,1.14142,1.14154,1.00,1.50
2017.11.03 09:30:04.450,1.14142,1.14152,1.75,1.00
2017.11.03 09:30:04.501,1.14142,1.14154,1.75,1.50
2017.11.03 09:30:05.300,1.14145,1.14154,1.12,1.69
2017.11.03 09:30:05.832,1.14145,1.14154,1.12,1.50
2017.11.03 09:30:06.372,1.14145,1.14155,1.12,1.50
2017.11.03 09:30:06.424,1.14145,1.14153,1.12,1.00
2017.11.03 09:30:06.475,1.14145,1.14155,1.12,1.50
2017.11.03 09:30:07.055,1.14145,1.14156,1.12,3.37
2017.11.03 09:30:07.261,1.14145,1.14154,1.12,1.00
2017.11.03 09:30:07.808,1.14144,1.14153,1.00,1.50
2017.11.03 09:30:08.150,1.14144,1.14151,1.00,1.00
2017.11.03 09:30:08.304,1.14143,1.14153,1.50,1.50
2017.11.03 09:30:09.070,1.14143,1.14156,1.50,2.62
2017.11.03 09:30:09.603,1.14144,1.14154,1.00,1.25
2017.11.03 09:30:10.126,1.14143,1.14155,1.50,2.06
2017.11.03 09:30:10.627,1.14142,1.14153,1.00,1.00
2017.11.03 09:30:11.152,1.14141,1.14151,1.12,1.00
2017.11.03 09:30:11.255,1.1414,1.14153,1.50,1.69
2017.11.03 09:30:11.408,1.14139,1.14153,1.50,1.12
2017.11.03 09:30:11.613,1.14141,1.14155,1.00,1.12
2017.11.03 09:30:12.139,1.1414,1.14155,1.00,1.87
2017.11.03 09:30:12.646,1.14139,1.14155,1.69,1.87
2017.11.03 09:30:14.797,1.14142,1.14155,1.50,1.00
2017.11.03 09:30:15.308,1.14145,1.14157,1.00,1.25
2017.11.03 09:30:15.637,1.14145,1.14157,1.50,1.69
2017.11.03 09:30:15.944,1.14149,1.14157,1.00,1.00
2017.11.03 09:30:16.150,1.14148,1.1416,1.12,1.31
2017.11.03 09:30:16.666,1.14149,1.1416,1.00,1.44
2017.11.03 09:30:17.214,1.14148,1.14159,1.12,1.00
2017.11.03 09:30:18.359,1.14149,1.14156,1.00,1.00
2017.11.03 09:30:18.930,1.14148,1.14157,1.12,1.00
2017.11.03 09:30:19.317,1.14148,1.1416,1.12,1.50
2017.11.03 09:30:19.524,1.14149,1.14156,1.00,1.50
2017.11.03 09:30:19.679,1.14141,1.14152,1.75,1.50
2017.11.03 09:30:19.859,1.14141,1.14152,1.50,1.00
2017.11.03 09:30:20.559,1.14142,1.14153,1.12,1.50
2017.11.03 09:30:21.075,1.14141,1.14154,1.50,1.00
2017.11.03 09:30:24.707,1.14142,1.14154,1.12,3.75
2017.11.03 09:30:25.229,1.14141,1.14154,1.50,1.87
2017.11.03 09:30:25.784,1.14142,1.14155,1.12,1.95
2017.11.03 09:30:25.878,1.14142,1.14155,1.12,2.32
2017.11.03 09:30:26.327,1.14146,1.14159,1.00,2.14
2017.11.03 09:30:26.379,1.14148,1.1416,1.00,2.89
2017.11.03 09:30:26.683,1.14151,1.14161,1.00,1.39
2017.11.03 09:30:27.706,1.14148,1.14161,3.00,1.19
2017.11.03 09:30:28.398,1.14151,1.14162,1.00,1.76
2017.11.03 09:30:30.215,1.1415,1.14161,1.12,1.69
2017.11.03 09:30:30.990,1.14148,1.14161,1.75,1.50
2017.11.03 09:30:31.357,1.14145,1.14157,1.00,1.57
2017.11.03 09:30:31.665,1.14145,1.14155,1.00,1.76
2017.11.03 09:30:32.200,1.14145,1.14155,1.00,1.31
2017.11.03 09:30:33.574,1.14145,1.14155,1.00,1.76
2017.11.03 09:30:34.162,1.14144,1.14155,1.00,1.20
2017.11.03 09:30:34.378,1.14145,1.14155,1.00,1.10
2017.11.03 09:30:35.383,1.14145,1.14155,1.50,1.20
2017.11.03 09:30:35.906,1.14145,1.14155,1.00,1.20
2017.11.03 09:30:38.394,1.14145,1.14155,1.50,1.10
2017.11.03 09:30:39.015,1.14145,1.14158,1.50,1.57
2017.11.03 09:30:39.579,1.14145,1.1416,1.50,3.45
2017.11.03 09:30:39.733,1.14145,1.1416,1.50,3.45
2017.11.03 09:30:41.675,1.14145,1.14158,1.50,1.20
2017.11.03 09:30:43.125,1.14145,1.14158,1.00,1.20
2017.11.03 09:30:43.757,1.14145,1.14158,1.00,1.20
2017.11.03 09:30:45.284,1.14145,1.14158,1.00,1.00
2017.11.03 09:30:45.830,1.14145,1.14158,1.50,1.87
2017.11.03 09:30:49.293,1.14145,1.14157,1.00,1.95
2017.11.03 09:30:49.815,1.14145,1.14157,1.00,1.57
2017.11.03 09:30:50.316,1.14144,1.14157,1.50,1.10
2017.11.03 09:30:50.881,1.14144,1.14157,1.50,1.07
2017.11.03 09:30:51.449,1.14144,1.14157,1.50,1.10
2017.11.03 09:30:56.391,1.14145,1.14157,1.00,1.57
2017.11.03 09:30:56.442,1.14144,1.14158,2.44,1.57
2017.11.03 09:30:57.129,1.14144,1.14157,2.44,1.20
2017.11.03 09:31:03.118,1.14144,1.14157,1.00,3.30
2017.11.03 09:31:03.324,1.14144,1.14154,1.00,1.20
2017.11.03 09:31:03.376,1.14141,1.14154,1.50,1.45
2017.11.03 09:31:04.925,1.14141,1.14152,1.50,1.95
2017.11.03 09:31:09.189,1.14141,1.14152,1.50,1.20
2017.11.03 09:31:12.776,1.14138,1.1415,1.12,1.20
2017.11.03 09:31:13.321,1.14138,1.1415,1.12,1.45
2017.11.03 09:31:13.907,1.14139,1.1415,1.00,2.89
2017.11.03 09:31:14.449,1.14134,1.14148,1.37,2.51
2017.11.03 09:31:14.985,1.14135,1.14148,1.12,1.69
2017.11.03 09:31:16.699,1.14135,1.14148,1.12,1.76
2017.11.03 09:31:17.408,1.14134,1.14143,1.37,1.00
2017.11.03 09:31:17.814,1.14134,1.14145,1.37,1.00
2017.11.03 09:31:18.391,1.14134,1.14144,1.37,1.57
2017.11.03 09:31:18.945,1.14134,1.14143,1.37,1.00
2017.11.03 09:31:19.206,1.14131,1.14144,2.25,1.57
2017.11.03 09:31:20.405,1.14132,1.14144,1.12,2.14
2017.11.03 09:31:20.751,1.14132,1.14144,1.12,1.76
2017.11.03 09:31:24.643,1.14131,1.14145,1.50,2.32
2017.11.03 09:31:24.955,1.14131,1.14142,1.50,1.00
2017.11.03 09:31:25.554,1.14129,1.1414,1.37,1.00
2017.11.03 09:31:26.058,1.14128,1.14141,1.50,2.32
2017.11.03 09:31:26.398,1.14126,1.14136,1.37,1.50
2017.11.03 09:31:26.928,1.14126,1.14138,1.37,3.45
2017.11.03 09:31:27.608,1.14128,1.14138,1.75,1.07
2017.11.03 09:31:27.662,1.14133,1.14141,1.00,1.10
2017.11.03 09:31:27.914,1.1413,1.14141,1.37,1.00
2017.11.03 09:31:29.304,1.1413,1.14141,1.37,1.57
2017.11.03 09:31:31.029,1.1413,1.14141,1.37,1.10
2017.11.03 09:31:31.235,1.14129,1.14143,2.25,1.57
2017.11.03 09:31:31.337,1.1413,1.14141,1.37,1.00
2017.11.03 09:31:31.733,1.1413,1.14143,1.37,1.10
2017.11.03 09:31:32.987,1.14132,1.14143,1.12,1.00
2017.11.03 09:31:33.548,1.1413,1.14144,2.00,1.57
2017.11.03 09:31:34.581,1.14129,1.14142,2.44,1.00
2017.11.03 09:31:34.684,1.14129,1.14141,1.50,1.00
2017.11.03 09:31:38.547,1.14127,1.1414,1.75,1.00
2017.11.03 09:31:39.254,1.14126,1.14139,3.00,1.00
2017.11.03 09:31:39.490,1.14126,1.14137,1.50,1.00
2017.11.03 09:31:39.593,1.14126,1.1414,1.50,1.32
2017.11.03 09:31:40.696,1.14126,1.14139,1.50,1.32
2017.11.03 09:31:41.258,1.14126,1.14139,1.50,1.25
2017.11.03 09:31:43.950,1.14126,1.1414,1.50,1.00
2017.11.03 09:31:47.796,1.14126,1.1414,1.50,1.07
2017.11.03 09:31:48.297,1.14126,1.1414,1.50,1.10
2017.11.03 09:31:48.855,1.14126,1.1414,1.50,1.07
2017.11.03 09:31:49.378,1.14126,1.1414,1.50,1.10
2017.11.03 09:31:50.172,1.14126,1.1414,1.50,1.07
2017.11.03 09:31:50.750,1.14127,1.1414,1.12,1.00
2017.11.03 09:31:51.623,1.14129,1.14141,1.00,1.25
2017.11.03 09:31:51.726,1.14129,1.14143,1.69,1.57
2017.11.03 09:31:52.136,1.14131,1.14143,1.00,1.00
2017.11.03 09:31:52.448,1.14133,1.14145,1.12,1.00
2017.11.03 09:32:01.836,1.14133,1.14149,1.31,3.64
2017.11.03 09:32:01.888,1.14138,1.14149,1.50,2.51
2017.11.03 09:32:02.196,1.14138,1.14147,1.50,1.00
2017.11.03 09:32:02.247,1.14135,1.14147,2.25,1.00
2017.11.03 09:32:02.810,1.14135,1.14147,1.50,1.76
2017.11.03 09:32:03.315,1.14136,1.14147,1.12,1.57
2017.11.03 09:32:04.814,1.14136,1.14149,1.12,2.70
2017.11.03 09:32:04.919,1.14136,1.14147,1.12,1.00
2017.11.03 09:32:05.021,1.14135,1.14149,1.50,2.51
2017.11.03 09:32:05.073,1.14135,1.14146,1.50,1.00
2017.11.03 09:32:05.483,1.14133,1.14145,1.69,1.00
2017.11.03 09:32:06.113,1.14133,1.14146,1.50,1.00
2017.11.03 09:32:06.684,1.14133,1.14145,1.00,1.00
2017.11.03 09:32:07.257,1.14133,1.14146,1.00,1.57
2017.11.03 09:32:07.847,1.14133,1.14146,1.00,1.95
2017.11.03 09:32:08.001,1.1413,1.14143,2.25,1.00
2017.11.03 09:32:08.257,1.1413,1.14144,2.25,1.07
2017.11.03 09:32:08.360,1.1413,1.14145,1.50,3.26
2017.11.03 09:32:08.411,1.1413,1.14144,1.50,1.20
2017.11.03 09:32:12.226,1.14131,1.14143,1.00,2.32
2017.11.03 09:32:13.584,1.1413,1.14144,1.50,1.95
2017.11.03 09:32:14.118,1.1413,1.14144,1.50,1.10
2017.11.03 09:32:14.661,1.14131,1.14145,1.00,2.51
2017.11.03 09:32:15.173,1.14131,1.14143,1.00,1.10
2017.11.03 09:32:15.226,1.14128,1.14142,2.06,1.00
2017.11.03 09:32:15.485,1.14128,1.1414,1.12,1.00
2017.11.03 09:32:16.107,1.14126,1.14139,1.75,2.25
2017.11.03 09:32:16.311,1.14126,1.14138,1.00,1.10
2017.11.03 09:32:16.978,1.14124,1.14138,1.12,1.57
2017.11.03 09:32:17.645,1.14124,1.14137,1.12,1.10
2017.11.03 09:32:19.435,1.14125,1.14137,1.19,1.10
2017.11.03 09:32:19.640,1.14126,1.1414,1.25,2.70
2017.11.03 09:32:20.168,1.14126,1.1414,1.25,3.07
2017.11.03 09:32:20.853,1.14125,1.14139,1.00,1.07
2017.11.03 09:32:21.386,1.14125,1.14138,1.19,1.00
2017.11.03 09:32:21.948,1.14125,1.14139,1.19,1.00
2017.11.03 09:32:22.420,1.14124,1.14137,1.31,1.00
2017.11.03 09:32:22.937,1.14126,1.14139,1.00,1.95
2017.11.03 09:32:23.480,1.14125,1.14139,1.00,1.29
2017.11.03 09:32:24.080,1.14126,1.14139,1.00,1.29
2017.11.03 09:32:24.612,1.14126,1.14139,1.00,1.01
2017.11.03 09:32:28.222,1.14126,1.14141,1.87,1.76
2017.11.03 09:32:28.733,1.14126,1.14141,1.25,1.01
2017.11.03 09:32:29.271,1.14125,1.1414,1.87,1.31
2017.11.03 09:32:30.033,1.14126,1.14141,1.87,1.76
2017.11.03 09:32:30.658,1.1413,1.14142,1.00,1.19
2017.11.03 09:32:31.167,1.14127,1.1414,1.00,1.07
2017.11.03 09:32:31.682,1.14126,1.14139,1.12,1.07
2017.11.03 09:32:32.215,1.14127,1.14139,1.00,1.20
2017.11.03 09:32:32.876,1.14125,1.14138,1.69,2.25
2017.11.03 09:32:33.386,1.14126,1.14139,1.00,1.95
2017.11.03 09:32:33.930,1.14125,1.14139,1.50,2.51
2017.11.03 09:32:34.395,1.14128,1.1414,1.50,1.39
2017.11.03 09:32:34.759,1.14126,1.1414,2.44,1.10
2017.11.03 09:32:34.912,1.14127,1.1414,1.00,1.95
2017.11.03 09:32:35.522,1.14126,1.14139,1.50,1.57
2017.11.03 09:32:35.727,1.14122,1.14135,1.62,1.00
2017.11.03 09:32:39.200,1.14122,1.14136,1.37,1.01
2017.11.03 09:32:40.303,1.14122,1.14136,1.37,1.32
2017.11.03 09:32:40.354,1.1412,1.14135,1.37,1.39
2017.11.03 09:32:42.821,1.1412,1.14135,1.37,1.12
2017.11.03 09:32:43.555,1.14122,1.14136,1.00,2.32
2017.11.03 09:32:43.767,1.14122,1.14136,2.81,1.00
2017.11.03 09:32:44.860,1.14122,1.14136,4.31,1.00
2017.11.03 09:32:55.207,1.14123,1.14138,1.87,1.29
2017.11.03 09:32:55.729,1.14126,1.14138,1.12,1.10
2017.11.03 09:32:56.814,1.14127,1.14138,1.00,1.00
2017.11.03 09:32:57.333,1.14126,1.14138,1.12,1.00
2017.11.03 09:33:03.051,1.14126,1.14138,1.87,1.00
2017.11.03 09:33:08.542,1.14123,1.14137,3.19,1.00
2017.11.03 09:33:09.053,1.14127,1.14138,1.12,1.87
2017.11.03 09:33:09.895,1.14128,1.1414,1.00,1.00
2017.11.03 09:33:10.150,1.14132,1.14143,1.00,1.69
2017.11.03 09:33:10.662,1.14132,1.14144,1.00,2.81
2017.11.03 09:33:10.714,1.1413,1.14144,1.25,3.56
2017.11.03 09:33:11.868,1.14129,1.14144,1.50,1.25
2017.11.03 09:33:12.410,1.1413,1.14145,1.50,1.19
2017.11.03 09:33:13.091,1.14131,1.14146,1.69,3.94
2017.11.03 09:33:15.827,1.1413,1.14144,1.00,1.25
2017.11.03 09:33:16.350,1.14131,1.14146,1.00,3.00
2017.11.03 09:33:16.861,1.14131,1.14145,1.00,1.62
2017.11.03 09:33:17.167,1.1413,1.14145,3.00,1.44
2017.11.03 09:33:17.816,1.14131,1.14146,1.75,3.56
2017.11.03 09:33:19.162,1.14131,1.14143,1.00,1.00
2017.11.03 09:33:19.394,1.14131,1.14146,2.00,2.06
2017.11.03 09:33:19.957,1.14131,1.14146,1.75,2.32
2017.11.03 09:33:20.463,1.1413,1.14145,1.87,1.39
2017.11.03 09:33:20.821,1.14133,1.14146,1.00,2.89
2017.11.03 09:33:21.412,1.1413,1.14146,3.94,2.89
2017.11.03 09:33:22.327,1.14132,1.14146,2.25,1.20
2017.11.03 09:33:22.924,1.14132,1.14146,2.25,1.95
2017.11.03 09:33:26.432,1.14132,1.14148,3.94,1.87
2017.11.03 09:33:26.893,1.14133,1.14148,3.00,2.62
2017.11.03 09:33:27.432,1.14135,1.14147,1.37,1.44
2017.11.03 09:33:27.965,1.14131,1.14146,2.51,1.31
2017.11.03 09:33:28.602,1.14133,1.14147,1.37,1.44
2017.11.03 09:33:29.421,1.14133,1.14145,1.37,1.87
2017.11.03 09:33:29.954,1.14133,1.14145,1.37,1.25
2017.11.03 09:33:33.022,1.14131,1.14145,1.50,1.25
2017.11.03 09:33:33.545,1.1413,1.14145,2.44,1.87
2017.11.03 09:33:34.054,1.14131,1.14145,1.87,1.12
2017.11.03 09:33:34.564,1.14131,1.14145,1.87,1.87
2017.11.03 09:33:34.924,1.14131,1.14145,1.50,1.69
2017.11.03 09:33:35.643,1.14131,1.14145,1.50,2.06
2017.11.03 09:33:35.694,1.14131,1.14144,1.00,1.12
2017.11.03 09:33:35.847,1.14131,1.14143,1.00,1.19
2017.11.03 09:33:36.057,1.14131,1.14144,1.00,1.12
2017.11.03 09:33:36.785,1.1413,1.14144,2.25,1.12
2017.11.03 09:33:37.354,1.14131,1.14145,1.00,2.06
2017.11.03 09:33:37.690,1.1413,1.14145,2.44,1.12
2017.11.03 09:33:38.464,1.14132,1.14145,1.25,1.69
2017.11.03 09:33:39.629,1.14131,1.14145,1.69,1.25
2017.11.03 09:33:40.180,1.14132,1.14145,1.25,1.25
2017.11.03 09:33:42.235,1.1413,1.14145,2.25,1.19
2017.11.03 09:33:42.490,1.1413,1.14145,2.25,1.69
2017.11.03 09:33:42.995,1.14131,1.14145,1.50,2.06
2017.11.03 09:33:43.704,1.1413,1.14145,2.62,1.12
2017.11.03 09:33:44.372,1.14131,1.14145,1.00,1.31
2017.11.03 09:33:46.099,1.1413,1.14145,1.69,1.12
2017.11.03 09:33:46.516,1.1413,1.14143,1.50,1.00
2017.11.03 09:33:50.916,1.14131,1.14143,1.00,1.00
2017.11.03 09:33:51.223,1.1413,1.14141,1.00,2.62
2017.11.03 09:33:51.526,1.14126,1.1414,2.00,1.00
2017.11.03 09:33:51.628,1.14126,1.1414,1.25,1.00
2017.11.03 09:33:52.155,1.14127,1.14141,1.00,2.25
2017.11.03 09:33:52.765,1.14125,1.14138,2.44,1.00
2017.11.03 09:33:52.919,1.14127,1.1414,1.00,1.00
2017.11.03 09:33:53.696,1.14127,1.14139,1.00,1.69
2017.11.03 09:33:54.304,1.14128,1.14141,1.12,3.37
2017.11.03 09:33:54.407,1.1413,1.14141,2.25,1.00
2017.11.03 09:33:54.510,1.14131,1.14144,1.12,1.69
2017.11.03 09:33:55.699,1.14131,1.14145,1.12,1.87
2017.11.03 09:34:04.912,1.14131,1.14143,1.31,1.00
2017.11.03 09:34:05.015,1.14131,1.14145,1.31,2.25
2017.11.03 09:34:06.310,1.14131,1.14143,1.31,1.00
2017.11.03 09:34:06.464,1.14131,1.14145,1.12,1.50
2017.11.03 09:34:09.810,1.1413,1.14143,1.69,1.00
2017.11.03 09:34:10.458,1.14129,1.14143,2.25,1.50
2017.11.03 09:34:11.326,1.1413,1.14141,1.00,1.00
2017.11.03 09:34:11.830,1.14129,1.1414,1.12,1.00
2017.11.03 09:34:12.524,1.14127,1.1414,1.00,1.00
2017.11.03 09:34:12.897,1.1413,1.14141,1.00,1.00
2017.11.03 09:34:14.001,1.1413,1.14143,2.06,1.50
2017.11.03 09:34:14.793,1.1413,1.14142,1.12,1.50
2017.11.03 09:34:15.401,1.1413,1.14143,1.31,1.50
2017.11.03 09:34:16.742,1.1413,1.14145,1.31,3.19
2017.11.03 09:34:18.378,1.14129,1.14145,2.06,1.69
2017.11.03 09:34:20.098,1.14131,1.14145,1.50,1.25
2017.11.03 09:34:29.695,1.14132,1.14145,1.12,2.32
2017.11.03 09:34:29.746,1.14131,1.14145,1.50,1.50
2017.11.03 09:34:30.334,1.14131,1.14145,1.00,1.50
2017.11.03 09:34:32.570,1.14132,1.14145,1.00,1.00
2017.11.03 09:34:33.305,1.14131,1.14145,1.00,1.00
2017.11.03 09:34:35.164,1.14132,1.14145,1.00,1.69
2017.11.03 09:34:36.800,1.14131,1.14145,1.00,1.50
2017.11.03 09:34:38.379,1.1413,1.14145,1.69,3.00
2017.11.03 09:34:41.881,1.1413,1.14142,1.00,1.00
2017.11.03 09:34:42.426,1.14129,1.14141,1.50,1.00
2017.11.03 09:34:42.962,1.1413,1.14141,1.00,1.00
2017.11.03 09:34:43.638,1.1413,1.14142,1.00,1.25
2017.11.03 09:34:44.157,1.14129,1.14142,1.50,1.00
2017.11.03 09:34:44.874,1.1413,1.14142,1.00,1.00
2017.11.03 09:34:45.408,1.14131,1.14143,1.00,1.00
2017.11.03 09:34:45.954,1.14131,1.14142,1.00,1.00
2017.11.03 09:34:46.113,1.14131,1.14144,1.00,1.50
2017.11.03 09:34:46.628,1.14131,1.14143,1.00,1.00
2017.11.03 09:34:47.231,1.14131,1.14144,1.00,1.25
2017.11.03 09:34:47.802,1.14131,1.14143,1.00,1.00
2017.11.03 09:34:48.506,1.14131,1.14144,1.00,1.69
2017.11.03 09:34:50.968,1.14131,1.14145,1.00,2.44
2017.11.03 09:34:52.056,1.14131,1.14145,1.19,2.25
2017.11.03 09:34:53.329,1.14131,1.14144,1.25,1.00
2017.11.03 09:34:53.836,1.14131,1.14145,1.00,1.69
2017.11.03 09:34:54.035,1.14129,1.14143,2.62,1.00
2017.11.03 09:34:54.139,1.14127,1.14142,1.31,1.50
2017.11.03 09:34:54.549,1.14129,1.14142,1.19,1.00
2017.11.03 09:34:54.652,1.14131,1.14145,1.69,1.44
2017.11.03 09:34:55.425,1.1413,1.14143,1.75,1.00
2017.11.03 09:34:55.629,1.14133,1.14145,1.12,1.25
2017.11.03 09:34:56.704,1.1413,1.14145,2.00,2.62
2017.11.03 09:34:58.200,1.1413,1.14145,2.44,2.81
2017.11.03 09:34:58.302,1.14129,1.14142,1.75,1.25
2017.11.03 09:34:58.422,1.14129,1.14142,1.00,1.31
2017.11.03 09:34:58.627,1.14131,1.14144,1.00,1.69
2017.11.03 09:34:59.166,1.14129,1.14144,2.62,1.69
2017.11.03 09:34:59.640,1.14132,1.14145,1.50,1.00
2017.11.03 09:34:59.949,1.1413,1.14143,1.00,1.12
2017.11.03 09:35:00.942,1.14129,1.14143,1.87,1.12
2017.11.03 09:35:02.093,1.14129,1.14142,1.87,1.00
2017.11.03 09:35:02.616,1.1413,1.14142,1.00,1.50
2017.11.03 09:35:02.947,1.14131,1.14144,1.37,1.50
2017.11.03 09:35:06.208,1.14133,1.14146,1.25,1.87
2017.11.03 09:35:06.311,1.14135,1.14146,1.50,1.00
2017.11.03 09:35:06.363,1.14134,1.14148,2.00,1.69
2017.11.03 09:35:07.491,1.14133,1.14146,1.12,1.00
2017.11.03 09:35:07.594,1.14132,1.14146,1.69,1.50
2017.11.03 09:35:07.802,1.14132,1.14148,2.44,1.50
2017.11.03 09:35:08.419,1.14132,1.14148,2.44,1.25
2017.11.03 09:35:09.530,1.14132,1.14146,2.25,1.00
2017.11.03 09:35:10.164,1.14132,1.14147,2.25,1.00
2017.11.03 09:35:14.084,1.14133,1.14148,1.44,1.69
2017.11.03 09:35:14.769,1.14133,1.14148,1.12,1.50
2017.11.03 09:35:16.633,1.14133,1.14147,1.12,1.00
2017.11.03 09:35:16.961,1.14133,1.14148,1.87,1.50
2017.11.03 09:35:18.013,1.14133,1.14147,1.12,1.00
2017.11.03 09:35:18.174,1.14133,1.14147,1.12,1.00
2017.11.03 09:35:18.904,1.14135,1.14148,1.00,1.69
2017.11.03 09:35:19.406,1.14135,1.14148,1.37,1.00
2017.11.03 09:35:24.995,1.14135,1.14143,1.37,1.00
2017.11.03 09:35:25.047,1.14134,1.14145,1.50,1.00
2017.11.03 09:35:25.223,1.14133,1.14147,1.94,1.00
2017.11.03 09:35:25.817,1.14137,1.14148,1.00,1.00
2017.11.03 09:35:26.452,1.14136,1.14148,1.69,1.00
2017.11.03 09:35:26.981,1.14137,1.14148,1.00,1.25
2017.11.03 09:35:27.502,1.14136,1.14148,1.00,1.25
2017.11.03 09:35:28.808,1.14137,1.14148,1.00,1.00
2017.11.03 09:35:29.932,1.14134,1.14148,1.50,2.25
2017.11.03 09:35:30.478,1.14135,1.14148,1.19,1.00
2017.11.03 09:35:33.716,1.14136,1.14149,1.31,1.50
2017.11.03 09:35:33.928,1.14136,1.14151,2.44,1.69
2017.11.03 09:35:34.440,1.14136,1.1415,1.69,1.50
2017.11.03 09:35:35.030,1.14136,1.14149,1.12,1.00
2017.11.03 09:35:41.796,1.14136,1.14149,1.69,1.00
2017.11.03 09:35:42.105,1.14136,1.14152,1.69,3.56
2017.11.03 09:35:43.220,1.14136,1.14152,1.50,3.56
2017.11.03 09:35:44.651,1.14136,1.14151,1.50,1.00
2017.11.03 09:35:45.919,1.14137,1.14152,1.00,4.50
2017.11.03 09:35:46.225,1.14135,1.14149,1.00,1.50
2017.11.03 09:35:46.532,1.14133,1.14148,1.69,1.50
2017.11.03 09:35:47.332,1.14136,1.1415,1.37,2.25
2017.11.03 09:35:47.385,1.14136,1.1415,1.37,1.87
2017.11.03 09:35:50.652,1.14134,1.14149,3.56,1.00
2017.11.03 09:35:51.163,1.14135,1.1415,1.31,3.56
2017.11.03 09:35:51.901,1.14134,1.1415,3.37,1.31
2017.11.03 09:35:53.090,1.14135,1.1415,1.31,1.87
2017.11.03 09:35:59.493,1.14137,1.1415,1.69,1.00
2017.11.03 09:35:59.596,1.14137,1.14152,1.69,1.87
2017.11.03 09:36:01.178,1.14138,1.14152,2.06,1.25
2017.11.03 09:36:01.704,1.14138,1.14152,1.31,1.25
2017.11.03 09:36:02.243,1.14138,1.14152,2.25,1.25
2017.11.03 09:36:03.496,1.14138,1.14152,2.25,1.25
2017.11.03 09:36:04.525,1.14139,1.14152,1.00,1.25
2017.11.03 09:36:06.363,1.1414,1.14153,1.25,1.12
2017.11.03 09:36:06.903,1.14139,1.14153,1.87,1.00
2017.11.03 09:36:07.463,1.14141,1.14154,1.12,1.00
2017.11.03 09:36:10.056,1.1414,1.14152,1.37,1.00
2017.11.03 09:36:10.260,1.14137,1.14152,2.06,1.25
2017.11.03 09:36:10.852,1.14138,1.14151,1.31,1.00
2017.11.03 09:36:14.626,1.14138,1.14152,1.12,1.25
2017.11.03 09:36:15.035,1.14139,1.14154,1.25,1.50
2017.11.03 09:36:16.700,1.14139,1.14153,1.69,1.00
2017.11.03 09:36:17.367,1.14139,1.14154,1.69,3.00
2017.11.03 09:36:19.111,1.14139,1.14154,1.44,2.44
2017.11.03 09:36:20.595,1.14139,1.14154,1.12,2.25
2017.11.03 09:36:22.148,1.14138,1.14152,1.31,1.12
2017.11.03 09:36:22.477,1.14142,1.14155,1.31,1.00
2017.11.03 09:36:22.989,1.14142,1.14158,3.00,1.69
2017.11.03 09:36:23.632,1.14142,1.14157,3.00,1.00
2017.11.03 09:36:24.179,1.14142,1.14157,3.00,1.00
2017.11.03 09:36:24.962,1.14142,1.14157,3.00,1.00
2017.11.03 09:36:25.545,1.14142,1.14157,1.31,1.00
2017.11.03 09:36:26.144,1.14142,1.14158,1.31,1.25
2017.11.03 09:36:26.695,1.14143,1.14157,1.12,1.00
2017.11.03 09:36:27.023,1.14144,1.14159,1.75,1.69
2017.11.03 09:36:27.750,1.14145,1.14159,1.25,1.50
2017.11.03 09:36:28.260,1.14145,1.14159,1.31,1.00
2017.11.03 09:36:29.295,1.14145,1.14159,2.06,1.00
2017.11.03 09:36:29.841,1.14146,1.14159,1.00,1.00
2017.11.03 09:36:30.691,1.14145,1.14158,1.12,1.00
2017.11.03 09:36:31.000,1.14148,1.14162,1.31,1.12
2017.11.03 09:36:32.506,1.14148,1.14163,1.31,1.69
2017.11.03 09:36:33.124,1.14147,1.14161,1.37,1.75
2017.11.03 09:36:37.561,1.14146,1.14161,1.12,2.25
2017.11.03 09:36:39.498,1.14146,1.14161,1.44,2.44
2017.11.03 09:36:42.034,1.14146,1.1416,1.12,1.50
2017.11.03 09:36:46.047,1.14146,1.1416,1.44,1.50
2017.11.03 09:36:47.278,1.14146,1.14161,1.12,2.25
2017.11.03 09:36:48.143,1.14146,1.14161,1.44,2.25
2017.11.03 09:36:48.800,1.14146,1.1416,1.62,1.50
2017.11.03 09:36:50.408,1.14147,1.14161,3.19,1.00
2017.11.03 09:36:50.719,1.14149,1.14161,1.44,1.00
2017.11.03 09:36:51.241,1.14149,1.14162,1.44,1.87
2017.11.03 09:36:52.268,1.14149,1.14162,1.25,1.12
2017.11.03 09:36:52.771,1.14148,1.14162,1.31,1.12
2017.11.03 09:36:55.734,1.14148,1.14162,1.31,1.95
2017.11.03 09:36:57.293,1.14148,1.14162,1.31,1.95
2017.11.03 09:36:58.764,1.14147,1.14162,1.50,1.95
2017.11.03 09:36:58.867,1.14147,1.14162,1.31,1.57
2017.11.03 09:36:58.918,1.14147,1.14162,1.31,1.20
2017.11.03 09:36:59.072,1.14147,1.14162,1.50,2.51
2017.11.03 09:37:00.084,1.14147,1.14162,1.69,2.51
2017.11.03 09:37:00.272,1.14148,1.14162,1.00,1.76
2017.11.03 09:37:01.153,1.14148,1.14162,1.00,1.76
2017.11.03 09:37:01.375,1.14145,1.1416,1.31,2.32
2017.11.03 09:37:01.892,1.14145,1.14159,2.25,1.07
2017.11.03 09:37:01.943,1.14145,1.1416,2.25,4.12
2017.11.03 09:37:02.561,1.14145,1.14158,2.25,1.00
2017.11.03 09:37:02.765,1.14142,1.14158,1.31,2.25
2017.11.03 09:37:09.443,1.14143,1.14153,1.00,1.25
2017.11.03 09:37:09.604,1.1414,1.14153,1.25,1.31
2017.11.03 09:37:10.182,1.14142,1.14153,1.00,1.25
2017.11.03 09:37:10.710,1.14142,1.14154,1.00,2.44
2017.11.03 09:37:11.617,1.1414,1.14153,2.06,1.00
2017.11.03 09:37:12.118,1.14141,1.14154,1.00,1.50
2017.11.03 09:37:12.746,1.14141,1.14153,1.00,1.00
2017.11.03 09:37:13.369,1.14138,1.14154,2.44,1.50
2017.11.03 09:37:14.414,1.14136,1.14151,3.19,1.87
2017.11.03 09:37:15.478,1.14135,1.14151,5.06,1.12
2017.11.03 09:37:16.024,1.14137,1.14151,1.00,1.12
2017.11.03 09:37:18.478,1.14137,1.14151,1.19,1.87
2017.11.03 09:37:19.043,1.14138,1.14151,1.62,1.00
2017.11.03 09:37:19.726,1.14137,1.14151,2.44,1.19
2017.11.03 09:37:20.237,1.14138,1.14151,2.25,1.00
2017.11.03 09:37:20.572,1.1414,1.14153,1.25,1.12
2017.11.03 09:37:21.842,1.14139,1.14153,2.06,1.12
2017.11.03 09:37:23.015,1.14139,1.14154,1.31,2.81
2017.11.03 09:37:24.025,1.14139,1.14154,1.31,2.06
2017.11.03 09:37:31.373,1.14139,1.14152,1.12,1.00
2017.11.03 09:37:32.141,1.1414,1.14152,1.00,1.25
2017.11.03 09:37:33.170,1.1414,1.14151,1.00,1.62
2017.11.03 09:37:33.222,1.14135,1.1415,2.44,1.00
2017.11.03 09:37:33.547,1.14136,1.1415,1.37,1.12
2017.11.03 09:37:34.059,1.14137,1.1415,1.19,1.87
2017.11.03 09:37:34.213,1.14136,1.1415,1.12,1.87
2017.11.03 09:37:34.736,1.14137,1.1415,1.12,1.00
2017.11.03 09:37:35.267,1.14137,1.1415,2.06,1.00
2017.11.03 09:37:35.447,1.14137,1.14153,1.87,2.44
2017.11.03 09:37:35.907,1.14137,1.14153,1.87,2.44
2017.11.03 09:37:36.651,1.14137,1.14152,3.00,1.00
2017.11.03 09:37:37.577,1.14137,1.14152,2.81,1.00
2017.11.03 09:37:38.174,1.14137,1.14153,1.87,2.25
2017.11.03 09:37:38.695,1.14137,1.14152,2.81,1.00
2017.11.03 09:37:39.243,1.14137,1.14153,1.69,3.00
2017.11.03 09:37:39.745,1.14137,1.14152,2.81,1.00
2017.11.03 09:37:40.935,1.14139,1.14153,1.25,3.94
2017.11.03 09:37:41.846,1.14139,1.14152,1.12,1.00
2017.11.03 09:37:42.610,1.14139,1.14153,1.25,2.44
2017.11.03 09:37:42.941,1.14137,1.1415,1.00,1.00
2017.11.03 09:37:43.468,1.14137,1.14151,1.50,1.69
2017.11.03 09:37:44.072,1.14137,1.1415,1.00,1.25
2017.11.03 09:37:51.299,1.14137,1.1415,1.00,1.19
2017.11.03 09:37:51.961,1.14135,1.14149,1.87,1.62
2017.11.03 09:37:52.488,1.14135,1.14149,1.25,1.87
2017.11.03 09:37:54.094,1.14135,1.14148,1.25,1.69
2017.11.03 09:37:54.698,1.14134,1.14149,1.00,2.62
2017.11.03 09:37:55.212,1.14134,1.14148,1.00,2.44
2017.11.03 09:37:55.864,1.14134,1.14148,1.00,2.25
2017.11.03 09:37:57.738,1.14135,1.14148,1.00,2.25
2017.11.03 09:37:58.375,1.14133,1.14148,2.06,2.25
2017.11.03 09:37:58.897,1.14134,1.14148,1.00,3.00
2017.11.03 09:37:59.443,1.14134,1.14148,1.19,3.00
2017.11.03 09:38:00.046,1.14134,1.14148,1.25,3.00
2017.11.03 09:38:01.197,1.14133,1.14148,2.25,3.19
2017.11.03 09:38:03.268,1.14133,1.14148,2.25,3.19
2017.11.03 09:38:03.771,1.14133,1.14147,2.81,1.00
2017.11.03 09:38:04.793,1.14133,1.14148,2.06,3.19
2017.11.03 09:38:06.061,1.14133,1.14147,1.87,1.00
2017.11.03 09:38:06.595,1.14133,1.14148,1.87,3.94
2017.11.03 09:38:09.505,1.14133,1.14148,1.19,2.44
2017.11.03 09:38:11.787,1.14133,1.14147,1.87,1.00
2017.11.03 09:38:12.135,1.14133,1.14143,1.75,1.00
2017.11.03 09:38:12.238,1.14131,1.14144,1.69,1.25
2017.11.03 09:38:12.487,1.14132,1.14145,1.50,1.00
2017.11.03 09:38:13.692,1.14133,1.14145,1.12,1.00
2017.11.03 09:38:14.202,1.14134,1.14148,1.00,2.25
2017.11.03 09:38:14.305,1.14134,1.14148,1.50,1.50
2017.11.03 09:38:15.988,1.14136,1.14149,1.19,2.44
2017.11.03 09:38:16.246,1.14134,1.14147,2.44,1.00
2017.11.03 09:38:16.757,1.14133,1.14147,1.12,3.19
2017.11.03 09:38:17.025,1.14134,1.14149,1.12,1.69
2017.11.03 09:38:17.656,1.14134,1.14149,1.12,2.81
2017.11.03 09:38:18.399,1.14134,1.14149,1.25,3.56
2017.11.03 09:38:18.983,1.14134,1.14148,1.87,1.00
2017.11.03 09:38:19.507,1.14134,1.14148,1.37,1.87
2017.11.03 09:38:19.559,1.14135,1.14149,1.25,2.44
2017.11.03 09:38:19.613,1.14134,1.14149,2.44,1.12
2017.11.03 09:38:19.921,1.14135,1.14149,1.12,1.31
2017.11.03 09:38:20.861,1.14135,1.14149,1.12,2.81
2017.11.03 09:38:26.420,1.14134,1.14149,3.56,1.12
2017.11.03 09:38:27.130,1.14135,1.14149,1.87,1.12
2017.11.03 09:38:27.646,1.14135,1.14149,1.69,1.12
2017.11.03 09:38:28.191,1.14137,1.14149,2.44,1.00
2017.11.03 09:38:28.707,1.14137,1.14149,2.44,1.00
2017.11.03 09:38:29.287,1.14137,1.14149,1.50,1.00
2017.11.03 09:38:29.842,1.14137,1.14149,1.50,1.00
2017.11.03 09:38:31.166,1.14137,1.14149,2.25,1.00
2017.11.03 09:38:31.322,1.14139,1.14151,1.00,1.25
2017.11.03 09:38:33.574,1.14139,1.14152,1.00,1.87
2017.11.03 09:38:39.659,1.1414,1.14152,1.00,1.12
2017.11.03 09:38:40.243,1.14141,1.14154,1.00,1.19
2017.11.03 09:38:40.469,1.14141,1.14154,1.00,1.25
2017.11.03 09:38:40.997,1.1414,1.14154,1.00,1.25
2017.11.03 09:38:43.834,1.14141,1.14154,1.00,1.00
2017.11.03 09:38:46.573,1.1414,1.14154,1.00,1.00
2017.11.03 09:38:47.102,1.14141,1.14154,1.00,1.00
2017.11.03 09:38:47.888,1.1414,1.14154,1.00,1.00
2017.11.03 09:38:48.608,1.14141,1.14154,1.25,1.00
2017.11.03 09:38:48.762,1.14141,1.14156,2.62,1.31
2017.11.03 09:38:49.649,1.14144,1.14157,1.00,3.19
2017.11.03 09:38:52.229,1.14144,1.14157,1.00,1.69
2017.11.03 09:38:52.780,1.14144,1.14156,1.00,1.00
2017.11.03 09:38:53.338,1.14143,1.14157,1.12,1.50
2017.11.03 09:38:54.002,1.14144,1.14157,1.00,1.50
2017.11.03 09:38:57.702,1.14143,1.14157,1.31,2.25
2017.11.03 09:38:58.061,1.14143,1.14156,1.12,1.19
2017.11.03 09:38:59.303,1.14143,1.14157,1.12,1.50
2017.11.03 09:39:00.161,1.14144,1.14157,1.00,1.50
2017.11.03 09:39:01.198,1.14144,1.14157,1.00,1.50
2017.11.03 09:39:02.186,1.14144,1.14155,1.00,1.12
2017.11.03 09:39:02.238,1.1414,1.14155,2.25,4.12
2017.11.03 09:39:04.341,1.14141,1.14155,1.00,1.87
2017.11.03 09:39:04.845,1.14141,1.14155,1.00,1.87
2017.11.03 09:39:06.501,1.1414,1.14155,1.31,3.37
2017.11.03 09:39:09.503,1.1414,1.14154,1.12,2.62
2017.11.03 09:39:11.020,1.14142,1.14155,1.25,1.00
2017.11.03 09:39:11.174,1.14143,1.14158,1.69,2.62
2017.11.03 09:39:11.684,1.14143,1.14158,1.00,2.62
2017.11.03 09:39:12.188,1.14142,1.14158,1.69,1.44
2017.11.03 09:39:13.011,1.14143,1.14157,1.00,1.12
2017.11.03 09:39:13.542,1.14143,1.14156,1.69,1.00
2017.11.03 09:39:14.074,1.14143,1.14157,1.19,1.25
2017.11.03 09:39:15.289,1.14142,1.14158,2.81,1.44
2017.11.03 09:39:15.808,1.14143,1.14158,1.44,3.56
2017.11.03 09:39:16.136,1.14143,1.14156,1.44,1.19
2017.11.03 09:39:16.688,1.14143,1.14156,1.44,1.00
2017.11.03 09:39:17.239,1.14143,1.14157,1.44,1.25
2017.11.03 09:39:17.948,1.14143,1.14157,1.25,1.69
2017.11.03 09:39:18.449,1.14143,1.14156,1.25,1.19
2017.11.03 09:39:19.904,1.14143,1.14156,1.00,1.25
2017.11.03 09:39:20.448,1.14142,1.14155,1.69,1.00
2017.11.03 09:39:21.052,1.14142,1.14155,1.25,1.00
2017.11.03 09:39:23.135,1.14142,1.14155,1.19,1.00
2017.11.03 09:39:23.715,1.14142,1.14155,1.25,1.50
2017.11.03 09:39:24.038,1.1414,1.14155,1.87,4.50
2017.11.03 09:39:24.543,1.1414,1.14154,1.87,1.25
2017.11.03 09:39:25.003,1.14139,1.14153,1.00,1.69
2017.11.03 09:39:25.514,1.1414,1.14153,1.00,1.12
2017.11.03 09:39:26.017,1.14139,1.14153,1.00,1.00
2017.11.03 09:39:26.559,1.1414,1.14154,1.00,4.69
2017.11.03 09:39:27.106,1.14139,1.14154,1.25,4.69
2017.11.03 09:39:28.078,1.1414,1.14154,1.00,3.75
2017.11.03 09:39:28.586,1.14139,1.14154,1.00,3.37
2017.11.03 09:39:29.108,1.14139,1.14153,1.19,1.00
2017.11.03 09:39:29.621,1.1414,1.14154,1.25,3.75
2017.11.03 09:39:30.267,1.14139,1.14154,1.69,3.37
2017.11.03 09:39:31.495,1.14139,1.14154,1.69,2.62
2017.11.03 09:39:33.898,1.14139,1.14154,1.25,1.87
2017.11.03 09:39:34.987,1.1414,1.14154,1.00,1.87
2017.11.03 09:39:38.504,1.14139,1.14154,1.31,2.62
2017.11.03 09:39:39.383,1.14139,1.14154,1.31,2.81
2017.11.03 09:39:40.552,1.14139,1.14154,1.31,2.62
2017.11.03 09:39:50.612,1.14138,1.14154,1.69,2.25
2017.11.03 09:39:51.444,1.14139,1.14154,1.50,3.00
2017.11.03 09:39:52.543,1.14138,1.14154,1.69,2.25
2017.11.03 09:39:52.970,1.14138,1.14152,1.01,1.69
2017.11.03 09:39:53.551,1.14139,1.14152,1.00,3.00
2017.11.03 09:39:54.422,1.14138,1.14151,1.00,1.12
2017.11.03 09:39:55.043,1.14139,1.14151,1.00,1.12
2017.11.03 09:39:55.558,1.14138,1.14151,1.00,1.12
2017.11.03 09:39:56.195,1.14139,1.14151,1.00,1.12
2017.11.03 09:39:56.901,1.14138,1.14151,1.25,1.12
2017.11.03 09:39:57.552,1.14139,1.14151,1.00,1.31
2017.11.03 09:39:58.399,1.14137,1.14151,1.50,1.69
2017.11.03 09:39:59.322,1.14137,1.14151,1.31,1.69
2017.11.03 09:40:01.665,1.14137,1.14151,1.31,2.44
2017.11.03 09:40:02.291,1.14136,1.14151,1.87,2.25
2017.11.03 09:40:09.308,1.14136,1.14153,3.19,4.12
2017.11.03 09:40:09.629,1.14137,1.14152,3.26,2.44
2017.11.03 09:40:10.444,1.14139,1.14153,1.25,1.69
2017.11.03 09:40:11.548,1.14139,1.14152,1.12,1.00
2017.11.03 09:40:12.111,1.14138,1.14153,1.76,1.87
2017.11.03 09:40:12.424,1.14139,1.14154,2.89,1.69
2017.11.03 09:40:12.731,1.14143,1.14157,1.62,1.50
2017.11.03 09:40:14.051,1.14143,1.14156,1.62,1.00
2017.11.03 09:40:18.808,1.14143,1.14158,1.37,3.94
2017.11.03 09:40:19.372,1.14143,1.14158,1.62,2.62
2017.11.03 09:40:20.902,1.14143,1.14156,1.37,1.25
2017.11.03 09:40:21.006,1.14143,1.14158,1.37,2.25
2017.11.03 09:40:21.967,1.14143,1.14157,1.37,1.25
2017.11.03 09:40:23.303,1.14143,1.14155,2.06,1.00
2017.11.03 09:40:23.854,1.14143,1.14157,1.37,1.87
2017.11.03 09:40:24.756,1.14143,1.14158,1.50,2.81
2017.11.03 09:40:25.287,1.14144,1.14156,1.31,1.25
2017.11.03 09:40:25.768,1.14143,1.14158,1.19,2.44
2017.11.03 09:40:26.491,1.14143,1.14158,1.19,2.44
2017.11.03 09:40:27.189,1.14143,1.14158,1.19,3.37
2017.11.03 09:40:27.704,1.14143,1.14158,1.25,3.19
2017.11.03 09:40:28.901,1.14143,1.14158,1.19,2.62
2017.11.03 09:40:33.750,1.14143,1.14158,1.12,2.44
2017.11.03 09:40:34.174,1.14145,1.14158,1.00,1.69
2017.11.03 09:40:34.837,1.14145,1.14158,1.37,1.25
2017.11.03 09:40:39.546,1.14145,1.14158,1.00,1.31
2017.11.03 09:40:39.894,1.14143,1.14156,1.00,1.69
2017.11.03 09:40:39.945,1.14142,1.14157,2.44,1.50
2017.11.03 09:40:40.461,1.14142,1.14158,2.44,4.50
2017.11.03 09:40:40.841,1.14142,1.14158,2.44,4.50
2017.11.03 09:40:41.155,1.14143,1.14158,1.25,2.06
2017.11.03 09:40:41.668,1.14144,1.14158,1.25,1.12
2017.11.03 09:40:46.352,1.14144,1.14158,1.31,2.06
2017.11.03 09:40:46.967,1.14146,1.14158,1.12,1.00
2017.11.03 09:40:47.290,1.14141,1.14157,3.45,1.87
2017.11.03 09:40:47.814,1.14142,1.14156,1.19,1.12
2017.11.03 09:40:52.105,1.14141,1.14154,1.31,1.50
2017.11.03 09:40:52.652,1.14139,1.14153,1.19,1.50
2017.11.03 09:40:58.099,1.14139,1.14153,1.19,1.50
2017.11.03 09:41:00.711,1.14139,1.14153,1.19,1.50
2017.11.03 09:41:02.453,1.14141,1.14153,1.31,1.00
2017.11.03 09:41:02.505,1.14141,1.14155,1.31,2.44
2017.11.03 09:41:02.656,1.14143,1.14154,1.19,1.00
2017.11.03 09:41:02.708,1.14143,1.14158,1.56,1.50
2017.11.03 09:41:03.221,1.14144,1.14157,1.25,1.50
2017.11.03 09:41:03.910,1.14144,1.14156,1.25,1.00
2017.11.03 09:41:04.118,1.14141,1.14155,1.12,1.00
2017.11.03 09:41:04.661,1.14142,1.14156,1.25,1.00
2017.11.03 09:41:05.618,1.14142,1.14156,1.44,1.00
2017.11.03 09:41:09.813,1.14141,1.14156,1.19,1.20
2017.11.03 09:41:13.733,1.14143,1.14156,1.00,1.50
2017.11.03 09:41:14.277,1.14142,1.14156,1.25,1.50
2017.11.03 09:41:19.040,1.14142,1.14156,1.44,1.50
2017.11.03 09:41:19.092,1.14144,1.14156,1.19,1.50
2017.11.03 09:41:20.562,1.14144,1.14158,1.50,2.62
2017.11.03 09:41:20.716,1.14147,1.14159,1.19,1.50
2017.11.03 09:41:21.077,1.14151,1.14162,1.19,3.94
2017.11.03 09:41:21.179,1.14151,1.14162,1.19,2.25
2017.11.03 09:41:22.970,1.14151,1.14161,1.19,1.19
2017.11.03 09:41:23.021,1.14148,1.14161,1.19,1.19
2017.11.03 09:41:23.565,1.14149,1.14161,1.19,1.00
2017.11.03 09:41:24.090,1.14147,1.14162,1.44,3.00
2017.11.03 09:41:25.152,1.14146,1.1416,2.06,1.00
2017.11.03 09:41:25.701,1.14146,1.14161,2.25,2.81
2017.11.03 09:41:28.167,1.14146,1.1416,1.44,2.25
2017.11.03 09:41:28.415,1.14148,1.1416,1.19,2.81
2017.11.03 09:41:29.111,1.14148,1.1416,1.19,2.62
2017.11.03 09:41:30.097,1.14146,1.1416,1.87,1.87
2017.11.03 09:41:30.782,1.14147,1.1416,1.19,1.87
2017.11.03 09:41:39.016,1.1415,1.14162,1.19,3.75
2017.11.03 09:41:44.581,1.14148,1.14159,1.19,1.00
2017.11.03 09:41:44.633,1.14148,1.14161,1.19,1.87
2017.11.03 09:41:45.420,1.14148,1.1416,1.19,1.50
2017.11.03 09:41:46.893,1.14148,1.14159,1.19,1.00
2017.11.03 09:41:52.544,1.14148,1.1416,1.19,2.25
2017.11.03 09:41:54.137,1.14146,1.14156,1.19,1.00
2017.11.03 09:41:54.189,1.14143,1.14155,2.51,1.00
2017.11.03 09:41:54.240,1.14144,1.14157,1.31,1.00
2017.11.03 09:41:54.401,1.14145,1.14156,1.19,1.00
2017.11.03 09:41:55.386,1.14145,1.14155,1.19,1.00
2017.11.03 09:41:55.915,1.14145,1.14156,1.19,1.31
2017.11.03 09:41:56.947,1.14145,1.14155,1.19,1.00
2017.11.03 09:42:02.890,1.14141,1.14154,1.44,1.50
2017.11.03 09:42:02.942,1.14141,1.14152,1.44,1.00
2017.11.03 09:42:02.993,1.14141,1.14154,1.44,3.00
2017.11.03 09:42:03.729,1.14141,1.14152,2.06,1.00
2017.11.03 09:42:04.264,1.14142,1.14151,1.19,1.00
2017.11.03 09:42:04.492,1.14145,1.14155,1.19,1.50
2017.11.03 09:42:05.898,1.14143,1.14154,1.19,1.00
2017.11.03 09:42:05.949,1.14142,1.14152,1.31,1.00
2017.11.03 09:42:10.246,1.14142,1.14153,1.19,2.25
2017.11.03 09:42:11.114,1.14143,1.14154,1.19,1.50
2017.11.03 09:42:15.334,1.14143,1.14155,1.19,1.00
2017.11.03 09:42:15.901,1.14143,1.14156,1.19,1.00
2017.11.03 09:42:16.601,1.14146,1.14156,1.00,1.00
2017.11.03 09:42:16.653,1.14146,1.14158,1.00,1.00
2017.11.03 09:42:17.061,1.14147,1.14159,1.19,1.25
2017.11.03 09:42:17.565,1.14149,1.14159,1.19,1.25
2017.11.03 09:42:18.146,1.14149,1.14161,1.69,1.19
2017.11.03 09:42:19.713,1.14149,1.14161,1.69,1.00
2017.11.03 09:42:23.011,1.14148,1.14161,1.69,1.00
2017.11.03 09:42:27.030,1.1415,1.14163,2.06,1.50
2017.11.03 09:42:27.346,1.14154,1.14166,1.50,1.00
2017.11.03 09:42:28.639,1.14153,1.14166,3.19,1.25
2017.11.03 09:42:28.956,1.14155,1.14166,1.00,1.00
2017.11.03 09:42:29.328,1.14156,1.14168,1.50,1.25
2017.11.03 09:42:31.374,1.14156,1.14169,2.62,1.25
2017.11.03 09:42:32.594,1.14157,1.14169,1.25,1.00
2017.11.03 09:42:40.849,1.14157,1.14167,1.00,3.00
2017.11.03 09:42:40.901,1.14152,1.14164,1.12,1.00
2017.11.03 09:42:41.005,1.14153,1.14166,1.50,1.00
2017.11.03 09:42:41.622,1.14154,1.14167,2.06,1.50
2017.11.03 09:42:41.728,1.14157,1.1417,1.00,1.69
2017.11.03 09:42:42.873,1.14157,1.1417,1.00,1.19
2017.11.03 09:42:43.324,1.14156,1.14171,2.06,2.44
2017.11.03 09:42:44.384,1.14156,1.14171,1.50,2.44
2017.11.03 09:42:44.906,1.14156,1.14171,1.50,1.50
2017.11.03 09:42:46.239,1.14157,1.14171,1.00,3.37
2017.11.03 09:42:47.637,1.14157,1.1417,1.00,1.87
2017.11.03 09:42:47.791,1.14156,1.14168,1.12,1.00
2017.11.03 09:42:50.529,1.14156,1.14168,1.31,1.00
2017.11.03 09:42:51.282,1.14156,1.14169,1.31,1.50
2017.11.03 09:42:52.932,1.14157,1.1417,1.25,1.31
2017.11.03 09:42:55.651,1.14156,1.1417,2.06,1.00
2017.11.03 09:42:56.666,1.14157,1.1417,1.00,1.12
2017.11.03 09:42:57.861,1.14156,1.1417,1.31,1.00
2017.11.03 09:42:58.532,1.14155,1.1417,2.25,1.12
2017.11.03 09:43:00.019,1.14155,1.14169,2.06,1.00
2017.11.03 09:43:00.328,1.14155,1.14169,1.62,1.45
2017.11.03 09:43:00.854,1.14155,1.14169,1.62,1.20
2017.11.03 09:43:01.400,1.14153,1.14169,2.19,1.10
2017.11.03 09:43:01.943,1.14155,1.14169,1.56,1.10
2017.11.03 09:43:02.276,1.14156,1.14167,1.00,1.07
2017.11.03 09:43:02.788,1.14155,1.14167,1.00,1.20
2017.11.03 09:43:02.992,1.14156,1.14168,1.50,1.10
2017.11.03 09:43:03.095,1.14156,1.14168,1.00,1.20
2017.11.03 09:43:03.598,1.14155,1.14168,1.50,1.20
2017.11.03 09:43:04.103,1.14156,1.14168,1.50,2.32
2017.11.03 09:43:04.313,1.14156,1.14168,1.50,1.10
2017.11.03 09:43:04.365,1.14154,1.14168,1.25,2.70
2017.11.03 09:43:04.748,1.14155,1.14168,1.50,1.20
2017.11.03 09:43:05.157,1.14157,1.1417,1.50,1.01
2017.11.03 09:43:05.526,1.14162,1.14173,1.00,1.39
2017.11.03 09:43:05.577,1.1416,1.14173,1.00,1.57
2017.11.03 09:43:05.782,1.14158,1.14172,1.69,2.51
2017.11.03 09:43:05.834,1.1416,1.14172,1.00,2.14
2017.11.03 09:43:06.413,1.1416,1.14171,1.00,1.10
2017.11.03 09:43:07.177,1.1416,1.14172,1.50,1.10
2017.11.03 09:43:07.696,1.14159,1.14172,2.25,1.10
2017.11.03 09:43:08.202,1.1416,1.14172,1.50,1.00
2017.11.03 09:43:08.712,1.1416,1.14172,1.00,1.20
2017.11.03 09:43:09.461,1.1416,1.14172,1.00,1.10
2017.11.03 09:43:11.991,1.14158,1.14172,2.06,1.10
2017.11.03 09:43:12.357,1.14158,1.14172,1.37,1.89
2017.11.03 09:43:14.967,1.14158,1.14172,1.37,1.39
2017.11.03 09:43:15.577,1.14157,1.14172,3.00,1.45
2017.11.03 09:43:15.629,1.14157,1.14172,3.00,1.00
2017.11.03 09:43:20.452,1.14158,1.14172,2.06,2.32
2017.11.03 09:43:23.295,1.14158,1.1417,1.00,1.95
2017.11.03 09:43:23.347,1.14154,1.14168,2.44,1.50
2017.11.03 09:43:23.520,1.14154,1.14168,1.00,1.95
2017.11.03 09:43:28.132,1.14155,1.14168,1.00,1.95
2017.11.03 09:43:28.902,1.14155,1.14168,1.00,1.95
2017.11.03 09:43:30.088,1.14154,1.14168,1.50,1.95
2017.11.03 09:43:31.364,1.14154,1.14168,1.00,1.20
2017.11.03 09:43:31.876,1.14156,1.14168,1.00,1.20
2017.11.03 09:43:35.313,1.14156,1.14168,1.00,1.20
2017.11.03 09:43:35.920,1.14155,1.14168,1.69,1.20
2017.11.03 09:43:37.092,1.14155,1.14168,1.69,1.10
2017.11.03 09:43:39.277,1.14155,1.14168,1.69,1.20
2017.11.03 09:43:39.812,1.14156,1.14168,1.00,1.20
2017.11.03 09:43:41.184,1.14157,1.14168,1.00,1.87
2017.11.03 09:43:41.337,1.14155,1.14168,1.69,1.87
2017.11.03 09:43:46.078,1.14155,1.14168,1.00,2.14
2017.11.03 09:43:46.598,1.14155,1.14168,1.00,2.14
2017.11.03 09:43:47.256,1.14154,1.14168,1.31,2.14
2017.11.03 09:43:54.709,1.14152,1.14168,2.62,4.01
2017.11.03 09:43:54.761,1.1415,1.14165,1.50,2.89
2017.11.03 09:43:55.076,1.1415,1.14164,1.12,2.14
2017.11.03 09:43:55.384,1.14152,1.14165,1.50,1.70
2017.11.03 09:43:55.487,1.14152,1.14165,2.10,1.25
2017.11.03 09:43:57.252,1.14152,1.14167,3.56,1.20
2017.11.03 09:43:57.304,1.14154,1.14169,1.87,2.89
2017.11.03 09:43:57.457,1.14155,1.14169,1.31,1.57
2017.11.03 09:43:58.302,1.14156,1.14169,1.35,1.39
2017.11.03 09:43:58.716,1.14157,1.14171,2.44,1.51
2017.11.03 09:43:59.233,1.14157,1.14172,2.44,2.70
2017.11.03 09:44:00.208,1.14157,1.1417,1.25,1.95
2017.11.03 09:44:00.312,1.14154,1.14169,1.50,1.32
2017.11.03 09:44:00.886,1.14154,1.14169,1.50,1.57
2017.11.03 09:44:01.906,1.14154,1.14169,2.44,1.95
2017.11.03 09:44:03.518,1.14154,1.14169,1.50,1.39
2017.11.03 09:44:04.451,1.14154,1.14167,1.50,1.00
2017.11.03 09:44:04.999,1.14154,1.14167,1.50,1.07
2017.11.03 09:44:06.250,1.14154,1.14167,1.50,1.07
2017.11.03 09:44:06.925,1.14154,1.14167,1.50,1.10
2017.11.03 09:44:08.802,1.14154,1.14167,1.50,1.00
2017.11.03 09:44:08.854,1.14153,1.14167,3.19,1.00
2017.11.03 09:44:09.661,1.14154,1.14167,1.50,1.00
2017.11.03 09:44:10.356,1.14154,1.14166,1.50,1.00
2017.11.03 09:44:10.459,1.14154,1.14168,1.50,1.87
2017.11.03 09:44:10.562,1.14153,1.14166,1.69,1.00
2017.11.03 09:44:11.096,1.14154,1.14165,1.12,1.00
2017.11.03 09:44:11.290,1.14152,1.14165,1.35,1.50
2017.11.03 09:44:11.349,1.14155,1.14167,1.00,1.50
2017.11.03 09:44:11.895,1.14154,1.14167,1.69,1.00
2017.11.03 09:44:12.506,1.14154,1.14169,1.69,1.19
2017.11.03 09:44:12.965,1.14155,1.14166,1.00,1.00
2017.11.03 09:44:13.017,1.14155,1.14168,1.00,1.25
2017.11.03 09:44:13.543,1.14155,1.1417,1.00,2.89
2017.11.03 09:44:14.132,1.14155,1.14169,1.50,1.19
2017.11.03 09:44:14.693,1.14155,1.14169,1.00,1.69
2017.11.03 09:44:15.134,1.14158,1.1417,1.00,2.25
2017.11.03 09:44:15.186,1.14156,1.1417,1.69,1.50
2017.11.03 09:44:15.426,1.14158,1.1417,1.00,1.00
2017.11.03 09:44:15.970,1.14159,1.14171,1.00,1.12
2017.11.03 09:44:17.514,1.14161,1.14171,1.00,1.00
2017.11.03 09:44:20.064,1.14161,1.14175,1.50,3.45
2017.11.03 09:44:21.706,1.14162,1.14175,1.69,2.32
2017.11.03 09:44:24.412,1.14161,1.14175,1.69,1.57
2017.11.03 09:44:25.629,1.14162,1.14175,1.00,2.25
2017.11.03 09:44:26.340,1.14161,1.14175,1.69,2.25
2017.11.03 09:44:26.442,1.14159,1.14171,1.69,1.00
2017.11.03 09:44:26.494,1.14157,1.14169,1.00,1.00
2017.11.03 09:44:27.024,1.14155,1.14169,3.75,1.00
2017.11.03 09:44:27.455,1.14159,1.14169,1.50,1.00
2017.11.03 09:44:29.753,1.14159,1.14173,1.69,2.70
2017.11.03 09:44:30.598,1.14158,1.14173,1.44,3.07
2017.11.03 09:44:31.369,1.14157,1.14172,1.44,1.25
2017.11.03 09:44:31.803,1.14157,1.1417,1.44,1.00
2017.11.03 09:44:31.855,1.14155,1.14169,2.62,1.00
2017.11.03 09:44:32.795,1.14155,1.14168,2.62,1.00
2017.11.03 09:44:33.399,1.14156,1.14169,1.00,1.69
2017.11.03 09:44:33.953,1.14156,1.14168,1.00,1.00
2017.11.03 09:44:34.459,1.14155,1.14167,1.00,1.00
2017.11.03 09:44:34.838,1.14152,1.14167,1.19,1.00
2017.11.03 09:44:34.890,1.14152,1.14165,1.69,1.00
2017.11.03 09:44:35.094,1.14152,1.14167,1.87,2.62
2017.11.03 09:44:35.698,1.14152,1.14167,1.87,1.57
2017.11.03 09:44:36.619,1.14152,1.14167,1.37,1.10
2017.11.03 09:44:37.129,1.14154,1.14168,1.12,1.95
2017.11.03 09:44:39.665,1.14156,1.14169,1.00,1.69
2017.11.03 09:44:40.273,1.14156,1.14169,1.19,1.01
2017.11.03 09:44:42.350,1.14158,1.14169,1.00,1.00
2017.11.03 09:44:44.205,1.14158,1.1417,1.00,1.00
2017.11.03 09:44:44.713,1.14157,1.1417,2.06,1.10
2017.11.03 09:44:45.911,1.14157,1.1417,2.06,1.00
2017.11.03 09:44:49.833,1.14157,1.1417,2.06,1.00
2017.11.03 09:44:57.320,1.14157,1.1417,1.69,1.00
2017.11.03 09:45:03.470,1.14157,1.1417,4.12,1.00
2017.11.03 09:45:08.734,1.14157,1.1417,1.69,1.00
2017.11.03 09:45:08.919,1.14155,1.14167,1.44,2.25
2017.11.03 09:45:09.457,1.14155,1.14168,1.25,3.19
2017.11.03 09:45:16.450,1.14155,1.14167,1.19,1.69
2017.11.03 09:45:19.678,1.14155,1.14168,2.62,1.00
2017.11.03 09:45:19.831,1.14155,1.14166,1.25,1.00
2017.11.03 09:45:20.199,1.14153,1.14166,1.31,1.00
2017.11.03 09:45:20.718,1.14153,1.14167,1.31,3.00
2017.11.03 09:45:21.889,1.14152,1.14166,1.56,1.12
2017.11.03 09:45:22.095,1.14153,1.14164,1.12,1.00
2017.11.03 09:45:22.634,1.14152,1.14166,1.37,1.50
2017.11.03 09:45:23.847,1.14153,1.14164,1.12,1.00
2017.11.03 09:45:24.452,1.14151,1.14165,1.37,1.87
2017.11.03 09:45:25.239,1.14151,1.14165,1.87,1.12
2017.11.03 09:45:25.616,1.1415,1.14164,1.87,1.00
2017.11.03 09:45:27.943,1.1415,1.14164,1.25,1.00
2017.11.03 09:45:29.590,1.1415,1.14165,1.69,2.62
2017.11.03 09:45:29.965,1.14152,1.14166,1.69,2.25
2017.11.03 09:45:30.581,1.14155,1.14167,1.25,1.50
2017.11.03 09:45:30.633,1.14152,1.14165,1.80,1.12
2017.11.03 09:45:30.928,1.14152,1.14167,2.47,1.87
2017.11.03 09:45:32.494,1.14154,1.14167,1.44,1.50
2017.11.03 09:45:32.812,1.14156,1.14169,1.87,2.25
2017.11.03 09:45:37.343,1.14156,1.1417,1.69,2.44
2017.11.03 09:45:37.849,1.14156,1.14169,1.87,1.00
2017.11.03 09:45:38.406,1.14156,1.1417,1.69,2.44
2017.11.03 09:45:43.177,1.14156,1.14169,1.19,1.00
2017.11.03 09:45:43.726,1.14156,1.1417,1.69,3.19
2017.11.03 09:45:44.442,1.14156,1.14169,1.19,1.00
2017.11.03 09:45:46.197,1.14156,1.1417,1.19,3.19
2017.11.03 09:45:46.704,1.14156,1.14169,1.19,1.00
2017.11.03 09:45:47.652,1.14156,1.1417,1.19,3.19
2017.11.03 09:45:48.192,1.14156,1.14169,1.44,1.00
2017.11.03 09:45:49.753,1.14156,1.1417,1.44,1.12
2017.11.03 09:45:50.372,1.14156,1.14169,1.44,1.00
2017.11.03 09:45:50.930,1.14155,1.14169,2.06,1.00
2017.11.03 09:45:51.591,1.14155,1.1417,1.87,1.12
2017.11.03 09:45:52.134,1.14155,1.14169,2.06,1.00
2017.11.03 09:45:54.393,1.14156,1.14169,1.31,1.00
2017.11.03 09:45:55.219,1.14155,1.14169,2.14,1.00
2017.11.03 09:45:55.322,1.14154,1.14168,2.25,1.00
2017.11.03 09:45:55.864,1.14154,1.14167,1.25,1.00
2017.11.03 09:45:56.997,1.14152,1.14167,1.87,1.50
2017.11.03 09:45:58.059,1.14152,1.14167,1.87,2.25
2017.11.03 09:46:00.224,1.14152,1.14167,1.87,2.25
2017.11.03 09:46:00.995,1.14153,1.14167,1.00,1.50
2017.11.03 09:46:01.984,1.14153,1.14167,1.19,1.50
2017.11.03 09:46:02.511,1.14153,1.14167,1.19,1.50
2017.11.03 09:46:06.016,1.14154,1.14167,1.25,1.00
2017.11.03 09:46:10.421,1.14153,1.14167,1.00,1.50
2017.11.03 09:46:14.022,1.14153,1.14167,1.19,2.25
2017.11.03 09:46:16.032,1.14151,1.14165,3.26,1.00
2017.11.03 09:46:16.561,1.14152,1.14168,2.06,3.75
2017.11.03 09:46:17.078,1.14153,1.14168,2.06,4.69
2017.11.03 09:46:38.404,1.14152,1.14167,3.07,1.37
2017.11.03 09:46:39.411,1.14153,1.14168,1.25,2.44
2017.11.03 09:46:42.637,1.14153,1.14166,1.32,1.12
2017.11.03 09:46:43.186,1.14153,1.14166,1.25,1.12
2017.11.03 09:46:54.978,1.14154,1.14167,1.00,1.00
2017.11.03 09:46:55.505,1.14153,1.14168,3.00,1.00
2017.11.03 09:46:56.174,1.14153,1.14168,3.00,1.00
2017.11.03 09:46:56.225,1.14155,1.14168,1.19,1.00
2017.11.03 09:46:56.845,1.14154,1.14168,1.19,1.00
2017.11.03 09:46:57.514,1.14154,1.14169,1.19,2.06
2017.11.03 09:46:58.025,1.14154,1.14168,1.44,1.00
2017.11.03 09:46:58.637,1.14154,1.14167,1.87,1.00
2017.11.03 09:46:59.251,1.14154,1.14168,1.69,1.00
2017.11.03 09:47:02.214,1.14153,1.14165,1.31,1.00
2017.11.03 09:47:02.368,1.14154,1.14168,1.31,1.00
2017.11.03 09:47:03.797,1.14154,1.14169,2.25,2.14
2017.11.03 09:47:04.335,1.14154,1.14169,1.50,1.39
2017.11.03 09:47:04.837,1.14154,1.1417,1.31,3.45
2017.11.03 09:47:05.341,1.14155,1.1417,1.44,3.19
2017.11.03 09:47:08.757,1.14155,1.1417,1.12,3.00
2017.11.03 09:47:31.577,1.14154,1.14169,1.31,2.70
2017.11.03 09:47:32.118,1.14153,1.14169,2.62,2.32
2017.11.03 09:47:32.693,1.14153,1.14168,2.62,1.00
2017.11.03 09:47:33.403,1.14153,1.14167,2.62,1.00
2017.11.03 09:47:34.455,1.14154,1.14168,1.31,2.06
2017.11.03 09:47:34.506,1.14154,1.14168,1.31,1.31
2017.11.03 09:47:36.164,1.14154,1.14168,1.50,1.12
2017.11.03 09:47:36.679,1.14154,1.14167,1.50,1.25
2017.11.03 09:47:36.832,1.14154,1.14165,1.50,1.00
2017.11.03 09:47:37.082,1.14154,1.14167,1.00,1.25
2017.11.03 09:47:40.951,1.14153,1.14167,1.12,1.00
2017.11.03 09:47:41.556,1.14153,1.14168,1.12,2.06
2017.11.03 09:47:42.691,1.14153,1.14166,1.12,1.00
2017.11.03 09:47:44.095,1.14153,1.14166,1.31,1.00
2017.11.03 09:47:45.297,1.14152,1.14166,2.32,1.00
2017.11.03 09:47:50.121,1.14152,1.14165,2.32,1.00
2017.11.03 09:47:51.516,1.14151,1.14164,1.25,1.50
2017.11.03 09:47:51.923,1.1415,1.14162,1.00,1.50
2017.11.03 09:47:55.966,1.14149,1.1416,1.69,1.00
2017.11.03 09:47:58.370,1.14148,1.1416,1.37,1.00
2017.11.03 09:47:58.737,1.14141,1.14155,2.14,2.44
2017.11.03 09:47:58.789,1.14141,1.14155,1.01,1.69
2017.11.03 09:48:00.932,1.14142,1.14155,1.00,2.44
2017.11.03 09:48:00.985,1.14144,1.14156,1.30,1.19
2017.11.03 09:48:01.141,1.14147,1.14159,2.25,1.50
2017.11.03 09:48:01.351,1.14146,1.14161,2.70,1.00
2017.11.03 09:48:01.403,1.1415,1.14165,1.69,1.01
2017.11.03 09:48:01.977,1.14151,1.14166,1.29,3.00
2017.11.03 09:48:02.522,1.14152,1.14165,1.19,1.00
2017.11.03 09:48:03.061,1.14152,1.14163,1.00,1.00
2017.11.03 09:48:03.215,1.1415,1.14163,1.69,1.00
2017.11.03 09:48:03.267,1.1415,1.14156,1.00,1.00
2017.11.03 09:48:03.539,1.14146,1.1416,1.76,1.00
2017.11.03 09:48:04.296,1.14144,1.1416,2.32,2.44
2017.11.03 09:48:05.175,1.14144,1.14158,2.32,1.00
2017.11.03 09:48:07.985,1.14146,1.14159,1.01,1.00
2017.11.03 09:48:08.276,1.14146,1.14159,2.14,1.50
2017.11.03 09:48:08.583,1.14151,1.1416,1.00,1.00
2017.11.03 09:48:08.736,1.14151,1.14164,1.10,1.69
2017.11.03 09:48:09.233,1.1415,1.14162,1.20,1.00
2017.11.03 09:48:09.284,1.14149,1.14162,1.01,1.00
2017.11.03 09:48:09.335,1.14149,1.14164,1.01,1.25
2017.11.03 09:48:09.822,1.14151,1.14164,1.00,1.69
2017.11.03 09:48:10.327,1.14152,1.14164,1.12,1.25
2017.11.03 09:48:10.954,1.14152,1.14165,1.12,1.25
2017.11.03 09:48:12.308,1.14152,1.14165,1.57,1.25
2017.11.03 09:48:14.040,1.14153,1.14167,1.50,1.00
2017.11.03 09:48:14.404,1.14159,1.14169,1.00,1.00
2017.11.03 09:48:14.610,1.14155,1.14166,1.39,1.00
2017.11.03 09:48:14.661,1.14157,1.14168,1.00,1.00
2017.11.03 09:48:14.963,1.14157,1.14171,1.00,2.62
2017.11.03 09:48:15.118,1.14157,1.14173,3.07,1.50
2017.11.03 09:48:15.362,1.14158,1.14173,1.20,2.44
2017.11.03 09:48:15.863,1.14158,1.14172,1.20,1.00
2017.11.03 09:48:16.385,1.14158,1.14172,1.10,1.00
2017.11.03 09:48:16.886,1.14157,1.1417,4.95,1.00
2017.11.03 09:48:16.937,1.14157,1.14173,4.57,2.44
2017.11.03 09:48:21.328,1.14159,1.14173,1.19,1.69
2017.11.03 09:48:22.159,1.14162,1.14174,1.69,1.00
2017.11.03 09:48:22.211,1.14162,1.14176,1.25,1.25
2017.11.03 09:48:22.568,1.1416,1.14172,1.31,1.00
2017.11.03 09:48:22.619,1.14158,1.14171,1.87,1.00
2017.11.03 09:48:23.050,1.14161,1.14172,1.00,1.00
2017.11.03 09:48:23.153,1.14161,1.14175,1.00,1.12
2017.11.03 09:48:24.241,1.14161,1.14176,1.44,1.69
2017.11.03 09:48:24.791,1.14161,1.14176,1.87,1.50
2017.11.03 09:48:25.464,1.1416,1.14176,1.76,1.69
2017.11.03 09:48:26.775,1.1416,1.14176,2.51,1.50
2017.11.03 09:48:27.158,1.14159,1.14174,3.00,1.50
2017.11.03 09:48:27.378,1.14161,1.14174,1.37,1.00
2017.11.03 09:48:27.659,1.14162,1.14177,1.57,1.50
2017.11.03 09:48:27.812,1.14163,1.14177,3.00,1.12
2017.11.03 09:48:28.119,1.14165,1.14179,2.06,1.00
2017.11.03 09:48:28.692,1.14165,1.14176,1.70,1.00
2017.11.03 09:48:28.999,1.14162,1.14174,1.00,1.31
2017.11.03 09:48:29.462,1.14163,1.14177,1.00,2.44
2017.11.03 09:48:29.515,1.14162,1.14175,2.44,1.00
2017.11.03 09:48:29.824,1.14164,1.14175,1.25,1.25
2017.11.03 09:48:30.030,1.14165,1.14177,1.00,1.00
2017.11.03 09:48:30.556,1.14165,1.14179,2.81,1.44
2017.11.03 09:48:31.057,1.14165,1.14179,3.00,1.00
2017.11.03 09:48:31.797,1.14165,1.1418,3.75,1.69
2017.11.03 09:48:32.067,1.14165,1.14181,3.82,2.06
2017.11.03 09:48:32.714,1.14165,1.1418,3.82,1.00
2017.11.03 09:48:33.857,1.14165,1.1418,3.07,1.00
2017.11.03 09:48:34.708,1.14165,1.1418,2.06,1.69
2017.11.03 09:48:36.365,1.14165,1.14177,1.12,1.00
2017.11.03 09:48:38.612,1.14165,1.14175,1.00,1.00
2017.11.03 09:48:38.890,1.14163,1.14175,1.01,1.00
2017.11.03 09:48:39.852,1.14164,1.14176,1.25,1.50
2017.11.03 09:48:40.381,1.14164,1.14176,1.50,1.00
2017.11.03 09:48:42.311,1.14164,1.14176,1.56,1.00
2017.11.03 09:48:43.047,1.14163,1.14177,2.81,1.00
2017.11.03 09:48:43.325,1.14162,1.14176,2.25,1.69
2017.11.03 09:48:43.376,1.14162,1.14174,2.25,1.00
2017.11.03 09:48:47.295,1.14162,1.14176,1.50,2.25
2017.11.03 09:48:49.050,1.14162,1.14175,1.69,1.00
2017.11.03 09:48:55.398,1.14164,1.14178,1.87,1.37
2017.11.03 09:48:56.025,1.14166,1.14178,1.87,1.50
2017.11.03 09:48:56.128,1.14167,1.14181,1.87,1.87
2017.11.03 09:48:56.804,1.14168,1.14181,1.50,1.00
2017.11.03 09:48:58.906,1.14168,1.1418,2.25,1.00
2017.11.03 09:48:59.421,1.14168,1.1418,1.31,1.00
2017.11.03 09:48:59.899,1.14171,1.1418,1.26,1.00
2017.11.03 09:48:59.953,1.14175,1.14185,1.00,2.00
2017.11.03 09:49:00.210,1.14176,1.14188,1.00,1.69
2017.11.03 09:49:00.423,1.14178,1.14189,1.25,1.00
2017.11.03 09:49:00.885,1.14179,1.14191,1.76,1.00
2017.11.03 09:49:00.996,1.14179,1.14193,1.76,1.00
2017.11.03 09:49:01.048,1.1418,1.14193,1.44,1.50
2017.11.03 09:49:01.628,1.1418,1.14194,2.25,2.06
2017.11.03 09:49:02.018,1.1418,1.14192,1.69,1.00
2017.11.03 09:49:02.223,1.14177,1.1419,1.00,1.00
2017.11.03 09:49:02.274,1.14175,1.1419,1.12,1.12
2017.11.03 09:49:02.326,1.14175,1.14189,1.00,2.32
2017.11.03 09:49:02.665,1.14173,1.14188,2.16,1.12
2017.11.03 09:49:03.520,1.14173,1.14188,2.24,3.94
2017.11.03 09:49:03.853,1.14176,1.14186,1.19,1.00
2017.11.03 09:49:04.018,1.14175,1.14188,2.06,1.00
2017.11.03 09:49:04.556,1.14176,1.14188,1.00,1.00
2017.11.03 09:49:04.964,1.14171,1.14186,4.69,1.00
2017.11.03 09:49:05.616,1.14171,1.14187,3.94,2.32
2017.11.03 09:49:06.279,1.14172,1.14187,1.43,3.26
2017.11.03 09:49:06.792,1.14172,1.14185,1.87,1.00
2017.11.03 09:49:08.031,1.14173,1.14186,1.31,1.00
2017.11.03 09:49:09.081,1.14173,1.14188,1.87,1.00
2017.11.03 09:49:09.595,1.14173,1.14187,1.31,1.00
2017.11.03 09:49:10.383,1.14174,1.14188,1.25,1.50
2017.11.03 09:49:11.073,1.14173,1.14186,1.43,1.12
2017.11.03 09:49:11.278,1.14172,1.14186,2.62,1.12
2017.11.03 09:49:11.535,1.14174,1.14187,1.19,1.00
2017.11.03 09:49:12.062,1.14174,1.14187,1.25,1.50
2017.11.03 09:49:13.534,1.14173,1.14187,2.62,1.50
2017.11.03 09:49:14.198,1.14173,1.14187,2.62,1.50
2017.11.03 09:49:14.837,1.14174,1.14187,1.25,1.00
2017.11.03 09:49:15.366,1.14173,1.14187,3.37,1.00
2017.11.03 09:49:16.596,1.14173,1.14187,3.37,1.00
2017.11.03 09:49:17.376,1.14174,1.14189,1.31,1.69
2017.11.03 09:49:17.685,1.14174,1.14189,3.00,1.50
2017.11.03 09:49:18.218,1.14174,1.14189,2.06,1.50
2017.11.03 09:49:19.125,1.14174,1.14188,1.87,1.00
2017.11.03 09:49:19.657,1.14174,1.14188,1.87,1.50
2017.11.03 09:49:20.395,1.14174,1.14188,1.87,1.50
2017.11.03 09:49:20.939,1.14175,1.14189,1.19,3.00
2017.11.03 09:49:21.567,1.14175,1.14187,1.19,1.00
2017.11.03 09:49:23.282,1.14174,1.14188,1.31,1.50
2017.11.03 09:49:23.856,1.14176,1.14189,2.06,1.50
2017.11.03 09:49:24.976,1.14177,1.14191,1.81,2.25
2017.11.03 09:49:25.131,1.1418,1.14192,1.37,1.00
2017.11.03 09:49:25.183,1.1418,1.14194,2.81,1.00
2017.11.03 09:49:25.768,1.1418,1.14193,1.69,1.00
2017.11.03 09:49:25.821,1.14177,1.14189,1.57,1.00
2017.11.03 09:49:26.128,1.14177,1.1419,1.69,1.00
2017.11.03 09:49:26.393,1.14178,1.14192,1.37,2.25
2017.11.03 09:49:26.444,1.14178,1.1419,1.87,1.00
2017.11.03 09:49:26.649,1.14177,1.14189,1.12,1.00
2017.11.03 09:49:26.956,1.14177,1.14191,1.44,2.32
2017.11.03 09:49:27.519,1.14179,1.14193,1.87,3.19
2017.11.03 09:49:28.031,1.14179,1.14192,1.12,1.50
2017.11.03 09:49:29.340,1.14179,1.14189,1.25,1.00
2017.11.03 09:49:29.850,1.14176,1.1419,2.62,1.50
2017.11.03 09:49:30.539,1.14176,1.1419,1.87,1.00
2017.11.03 09:49:31.129,1.14175,1.14189,2.25,1.12
2017.11.03 09:49:31.817,1.14175,1.14188,2.25,1.00
2017.11.03 09:49:32.319,1.14175,1.1419,2.25,4.50
2017.11.03 09:49:32.656,1.14174,1.14187,2.44,1.00
2017.11.03 09:49:33.179,1.14173,1.14187,1.19,1.50
2017.11.03 09:49:33.735,1.14172,1.14186,1.87,1.87
2017.11.03 09:49:41.357,1.14173,1.14186,1.44,1.12
2017.11.03 09:49:41.912,1.14174,1.14187,1.50,1.00
2017.11.03 09:49:42.495,1.14175,1.14188,1.19,1.12
2017.11.03 09:49:45.693,1.14174,1.14189,2.06,1.37
2017.11.03 09:49:49.126,1.14177,1.1419,1.00,3.26
2017.11.03 09:49:55.163,1.14179,1.14192,1.00,3.07
2017.11.03 09:49:55.215,1.1418,1.14192,1.00,1.50
2017.11.03 09:49:55.472,1.14182,1.14193,1.00,1.10
2017.11.03 09:49:56.033,1.14181,1.14193,1.87,1.00
2017.11.03 09:50:00.812,1.1418,1.14193,1.69,1.50
2017.11.03 09:50:01.198,1.14177,1.14186,1.00,1.00
2017.11.03 09:50:01.251,1.14173,1.14185,1.00,1.87
2017.11.03 09:50:01.716,1.14175,1.14186,1.69,1.12
2017.11.03 09:50:01.769,1.14173,1.14185,1.25,1.00
2017.11.03 09:50:02.290,1.14174,1.14187,1.00,2.32
2017.11.03 09:50:03.872,1.14173,1.14184,1.25,1.25
2017.11.03 09:50:03.923,1.14171,1.14184,2.44,2.06
2017.11.03 09:50:07.584,1.1417,1.14183,1.69,1.12
2017.11.03 09:50:09.333,1.14169,1.14184,1.50,3.07
2017.11.03 09:50:09.436,1.14171,1.14184,1.19,1.50
2017.11.03 09:50:09.965,1.14171,1.14184,1.44,1.00
2017.11.03 09:50:10.659,1.1417,1.14184,3.37,1.00
2017.11.03 09:50:11.207,1.1417,1.14184,2.44,1.00
2017.11.03 09:50:11.732,1.14171,1.14184,1.00,1.00
2017.11.03 09:50:14.085,1.1417,1.14184,2.44,1.00
2017.11.03 09:50:14.393,1.14169,1.14182,1.19,3.82
2017.11.03 09:50:14.445,1.14166,1.14182,2.44,4.95
2017.11.03 09:50:17.601,1.14166,1.1418,1.50,1.12
2017.11.03 09:50:22.311,1.14166,1.14182,2.81,3.00
2017.11.03 09:50:24.086,1.14168,1.14183,5.62,1.00
2017.11.03 09:50:24.461,1.14172,1.14184,1.44,1.00
2017.11.03 09:50:24.768,1.1417,1.14183,1.44,1.50
2017.11.03 09:50:27.105,1.14168,1.14183,1.19,2.25
2017.11.03 09:50:30.212,1.14169,1.14182,1.44,1.12
2017.11.03 09:50:37.029,1.1417,1.14183,2.25,1.00
2017.11.03 09:50:37.132,1.14172,1.14184,1.69,1.00
2017.11.03 09:50:37.456,1.14172,1.14187,1.25,1.57
2017.11.03 09:50:38.046,1.14172,1.14185,1.25,1.00
2017.11.03 09:50:38.280,1.14176,1.14188,1.19,2.32
2017.11.03 09:50:38.332,1.14176,1.14188,1.69,1.50
2017.11.03 09:50:38.845,1.14176,1.14189,1.19,1.87
2017.11.03 09:50:41.043,1.14176,1.14188,1.19,1.00
2017.11.03 09:50:43.014,1.14176,1.14186,1.00,1.00
2017.11.03 09:50:43.118,1.14176,1.14188,1.25,1.12
2017.11.03 09:50:43.170,1.14177,1.14189,1.69,1.50
2017.11.03 09:50:43.795,1.14179,1.14189,1.00,1.00
2017.11.03 09:50:44.073,1.14177,1.14189,2.62,1.00
2017.11.03 09:50:45.359,1.14177,1.14191,1.50,1.10
2017.11.03 09:50:47.296,1.14178,1.14191,1.00,1.69
2017.11.03 09:50:49.292,1.14177,1.14191,1.00,1.00
2017.11.03 09:50:52.348,1.14177,1.14191,1.19,2.44
2017.11.03 09:50:52.625,1.14176,1.1419,1.12,1.50
2017.11.03 09:50:53.999,1.14175,1.14188,2.25,1.25
2017.11.03 09:50:54.306,1.14177,1.14188,1.00,1.69
2017.11.03 09:50:54.814,1.14176,1.14189,1.00,1.75
2017.11.03 09:50:55.332,1.14177,1.14188,1.00,1.50
2017.11.03 09:50:58.093,1.14176,1.14189,1.25,1.75
2017.11.03 09:50:58.602,1.14176,1.14188,1.69,1.50
2017.11.03 09:51:04.584,1.14177,1.14189,1.25,1.75
2017.11.03 09:51:05.214,1.14177,1.14188,1.25,1.50
2017.11.03 09:51:05.862,1.14175,1.14188,1.00,1.50
2017.11.03 09:51:08.066,1.14172,1.14185,1.69,1.10
2017.11.03 09:51:08.752,1.14171,1.14185,1.00,1.76
2017.11.03 09:51:10.153,1.14172,1.14185,1.31,1.00
2017.11.03 09:51:12.299,1.14172,1.14185,1.50,1.00
2017.11.03 09:51:13.062,1.14174,1.14186,1.12,1.00
2017.11.03 09:51:17.202,1.14175,1.14186,1.37,1.00
2017.11.03 09:51:24.974,1.14174,1.14189,1.87,1.00
2017.11.03 09:51:25.026,1.14179,1.14189,1.00,1.00
2017.11.03 09:51:25.548,1.14178,1.14189,1.31,1.00
2017.11.03 09:51:26.059,1.14175,1.14189,1.69,1.50
2017.11.03 09:51:26.111,1.14175,1.14189,1.31,1.50
2017.11.03 09:51:26.934,1.14175,1.14189,1.31,1.50
2017.11.03 09:51:27.456,1.14176,1.14189,1.00,1.31
2017.11.03 09:51:28.063,1.14177,1.14189,1.69,1.00
2017.11.03 09:51:28.592,1.14177,1.14189,1.50,1.00
2017.11.03 09:51:29.005,1.14175,1.14189,1.50,2.14
2017.11.03 09:51:29.056,1.14175,1.14187,1.50,1.00
2017.11.03 09:51:29.953,1.14176,1.14187,1.00,1.00
2017.11.03 09:51:30.614,1.14175,1.14187,1.50,1.00
2017.11.03 09:51:32.801,1.14176,1.14187,1.00,1.00
2017.11.03 09:51:37.188,1.14177,1.1419,1.00,1.29
2017.11.03 09:51:37.387,1.14179,1.1419,1.50,1.00
2017.11.03 09:51:37.694,1.14179,1.14193,1.50,1.00
2017.11.03 09:51:38.697,1.1418,1.14193,1.12,1.31
2017.11.03 09:51:42.794,1.1418,1.14193,1.12,1.87
2017.11.03 09:51:48.697,1.14179,1.14192,1.50,1.00
2017.11.03 09:51:48.800,1.1418,1.14192,1.12,1.37
2017.11.03 09:51:49.357,1.14179,1.14192,1.50,1.44
2017.11.03 09:51:49.881,1.14179,1.1419,1.50,1.00
2017.11.03 09:51:50.469,1.14179,1.14191,1.50,1.25
2017.11.03 09:51:51.618,1.14179,1.1419,1.50,1.00
2017.11.03 09:51:51.825,1.14173,1.14185,1.12,1.00
2017.11.03 09:51:55.986,1.14174,1.14188,1.00,3.56
2017.11.03 09:51:56.526,1.14173,1.14187,1.12,1.00
2017.11.03 09:51:58.352,1.14172,1.14186,2.44,1.00
2017.11.03 09:52:00.713,1.14173,1.14187,2.06,1.50
2017.11.03 09:52:01.271,1.14175,1.14188,1.50,1.50
2017.11.03 09:52:02.853,1.14175,1.14189,1.69,1.87
2017.11.03 09:52:04.816,1.14175,1.14189,2.44,1.00
2017.11.03 09:52:06.445,1.14175,1.1419,2.44,3.00
2017.11.03 09:52:08.082,1.14177,1.1419,1.25,1.87
2017.11.03 09:52:08.134,1.14178,1.1419,1.00,1.87
2017.11.03 09:52:08.236,1.14175,1.1419,1.69,1.87
2017.11.03 09:52:08.951,1.14175,1.1419,1.19,2.25
2017.11.03 09:52:09.496,1.14175,1.1419,1.50,3.19
2017.11.03 09:52:11.822,1.14175,1.14189,1.50,1.31
2017.11.03 09:52:12.406,1.14175,1.14189,1.00,1.50
2017.11.03 09:52:13.064,1.14175,1.14189,1.69,1.69
2017.11.03 09:52:14.645,1.14172,1.14186,1.69,1.12
2017.11.03 09:52:15.305,1.14173,1.14186,1.25,1.62
2017.11.03 09:52:15.618,1.1417,1.14186,1.69,3.07
2017.11.03 09:52:17.627,1.14171,1.14183,1.12,1.37
2017.11.03 09:52:27.252,1.1417,1.14183,2.62,1.12
2017.11.03 09:52:27.304,1.14175,1.14187,1.00,3.82
2017.11.03 09:52:27.407,1.1417,1.14184,2.32,2.06
2017.11.03 09:52:27.611,1.14168,1.14181,3.19,1.12
2017.11.03 09:52:27.910,1.14169,1.14181,1.12,2.06
2017.11.03 09:52:28.556,1.14167,1.1418,1.19,1.50
2017.11.03 09:52:29.082,1.14167,1.1418,1.00,2.62
2017.11.03 09:52:29.952,1.14166,1.1418,2.81,2.62
2017.11.03 09:52:35.560,1.14166,1.14179,2.81,1.37
2017.11.03 09:52:36.197,1.14166,1.14179,1.12,1.62
2017.11.03 09:52:38.837,1.14166,1.14177,1.12,1.00
2017.11.03 09:52:39.063,1.14166,1.1418,1.12,1.69
2017.11.03 09:52:40.183,1.14165,1.1418,3.00,3.82
2017.11.03 09:52:41.566,1.14166,1.1418,1.87,1.50
2017.11.03 09:52:43.180,1.14167,1.1418,1.00,1.31
2017.11.03 09:52:44.414,1.14166,1.1418,3.19,1.12
2017.11.03 09:52:47.220,1.14167,1.1418,1.00,1.12
2017.11.03 09:52:47.743,1.14166,1.1418,2.25,1.12
2017.11.03 09:52:48.086,1.14168,1.1418,1.25,1.12
2017.11.03 09:52:48.734,1.14167,1.1418,1.87,1.12
2017.11.03 09:52:49.941,1.14167,1.14181,1.87,1.37
2017.11.03 09:52:54.077,1.14168,1.14181,1.69,1.00
2017.11.03 09:52:54.384,1.14169,1.14181,2.44,1.00
2017.11.03 09:52:54.436,1.14169,1.14181,1.69,1.00
2017.11.03 09:52:55.298,1.1417,1.14181,1.00,1.00
2017.11.03 09:52:56.236,1.14168,1.14181,2.25,1.00
2017.11.03 09:52:57.608,1.14168,1.14179,2.25,1.00
2017.11.03 09:52:57.864,1.14165,1.14178,1.19,1.37
2017.11.03 09:52:58.382,1.14165,1.14178,1.25,1.57
2017.11.03 09:52:59.553,1.14164,1.14178,3.00,1.87
2017.11.03 09:52:59.823,1.14164,1.14178,2.06,1.87
2017.11.03 09:53:00.823,1.14164,1.14178,2.06,2.06
2017.11.03 09:53:01.542,1.14165,1.14178,1.00,2.70
2017.11.03 09:53:02.218,1.14164,1.14174,1.00,1.00
2017.11.03 09:53:02.270,1.1416,1.14174,1.07,1.31
2017.11.03 09:53:02.321,1.14159,1.14174,1.87,3.37
2017.11.03 09:53:11.350,1.14159,1.14174,3.75,2.62
2017.11.03 09:53:12.581,1.14159,1.14174,3.75,2.70
2017.11.03 09:53:13.122,1.1416,1.14174,1.69,1.69
2017.11.03 09:53:13.562,1.1416,1.14174,1.62,1.69
2017.11.03 09:53:14.075,1.14162,1.14174,3.00,1.00
2017.11.03 09:53:14.625,1.14164,1.14174,1.00,1.00
2017.11.03 09:53:15.052,1.14164,1.14177,1.00,1.31
2017.11.03 09:53:15.566,1.14165,1.14177,1.00,1.12
2017.11.03 09:53:20.691,1.14166,1.14178,1.50,1.00
2017.11.03 09:53:22.769,1.14166,1.1418,1.87,1.25
2017.11.03 09:53:33.392,1.14165,1.14177,1.87,1.25
2017.11.03 09:53:33.495,1.14163,1.14177,1.50,1.19
2017.11.03 09:53:33.598,1.14165,1.14177,1.25,1.00
2017.11.03 09:53:33.702,1.14166,1.14179,1.50,1.00
2017.11.03 09:53:33.806,1.14166,1.14178,1.00,1.87
2017.11.03 09:53:33.859,1.14162,1.14178,2.14,2.62
2017.11.03 09:53:34.428,1.14163,1.14176,1.12,1.00
2017.11.03 09:53:37.181,1.14165,1.14176,1.25,1.00
2017.11.03 09:53:37.284,1.14166,1.1418,1.87,1.87
2017.11.03 09:53:37.336,1.14168,1.1418,2.44,1.00
2017.11.03 09:53:37.644,1.14171,1.14182,2.44,1.00
2017.11.03 09:53:39.023,1.14169,1.14182,3.75,1.00
2017.11.03 09:53:40.019,1.1417,1.14182,1.00,1.00
2017.11.03 09:53:40.579,1.14169,1.14182,1.50,1.00
2017.11.03 09:53:43.217,1.14171,1.14184,1.44,1.37
2017.11.03 09:53:46.035,1.14172,1.14185,1.00,1.50
2017.11.03 09:53:55.687,1.14173,1.14185,1.00,1.00
2017.11.03 09:53:56.218,1.14172,1.14185,2.44,1.00
2017.11.03 09:53:57.840,1.14173,1.14185,1.25,1.00
2017.11.03 09:53:57.893,1.14177,1.14188,1.00,1.00
2017.11.03 09:53:58.098,1.14176,1.1419,1.25,1.87
2017.11.03 09:53:59.570,1.14174,1.14189,1.39,1.25
2017.11.03 09:53:59.621,1.14174,1.14187,2.06,1.00
2017.11.03 09:54:00.144,1.14175,1.14187,2.81,1.00
2017.11.03 09:54:00.945,1.14175,1.14187,3.56,1.00
2017.11.03 09:54:01.850,1.14176,1.14187,1.00,1.00
2017.11.03 09:54:14.926,1.14177,1.14187,1.00,1.00
2017.11.03 09:54:15.431,1.14176,1.14187,2.06,1.00
2017.11.03 09:54:15.862,1.14176,1.1419,1.87,1.12
2017.11.03 09:54:16.424,1.14176,1.1419,2.06,1.31
2017.11.03 09:54:17.670,1.14177,1.14187,1.00,1.50
2017.11.03 09:54:17.722,1.14174,1.14187,1.31,1.50
2017.11.03 09:54:18.403,1.14174,1.14187,1.87,1.25
2017.11.03 09:54:19.727,1.14174,1.14187,2.06,1.25
2017.11.03 09:54:20.070,1.14177,1.14187,1.00,1.00
2017.11.03 09:54:20.577,1.14177,1.14191,1.50,3.64
2017.11.03 09:54:21.350,1.14177,1.14191,1.19,3.56
2017.11.03 09:54:22.080,1.14177,1.14191,1.00,3.37
2017.11.03 09:54:22.781,1.14177,1.14191,1.00,2.44
2017.11.03 09:54:23.487,1.14176,1.14191,1.69,2.62
2017.11.03 09:54:24.063,1.14177,1.1419,1.50,1.12
2017.11.03 09:54:24.709,1.14177,1.14189,1.00,1.00
2017.11.03 09:54:24.811,1.14177,1.14191,1.69,3.19
2017.11.03 09:54:28.040,1.14177,1.14191,1.50,3.19
2017.11.03 09:54:29.254,1.14176,1.14188,1.50,1.12
2017.11.03 09:54:29.561,1.14172,1.14185,3.37,1.00
2017.11.03 09:54:29.664,1.14172,1.14185,1.12,1.87
2017.11.03 09:54:29.716,1.14171,1.14183,1.00,1.00
2017.11.03 09:54:30.409,1.1417,1.14183,1.25,3.37
2017.11.03 09:54:34.333,1.14168,1.14179,1.12,1.25
2017.11.03 09:54:34.488,1.14164,1.14177,1.69,1.00
2017.11.03 09:54:34.919,1.14165,1.14179,1.19,2.62
2017.11.03 09:54:34.972,1.14164,1.14178,1.00,1.25
2017.11.03 09:54:35.481,1.14163,1.14177,3.00,1.00
2017.11.03 09:54:36.074,1.14163,1.14176,1.69,2.81
2017.11.03 09:54:48.379,1.14166,1.14176,1.00,1.12
2017.11.03 09:54:48.488,1.14166,1.14179,2.62,1.00
2017.11.03 09:54:48.642,1.14167,1.14182,1.31,2.62
2017.11.03 09:54:50.029,1.14166,1.14178,1.50,1.00
2017.11.03 09:54:50.132,1.14165,1.14178,2.06,1.00
2017.11.03 09:54:51.457,1.14164,1.14178,1.12,1.50
2017.11.03 09:54:52.686,1.14164,1.14178,1.44,1.50
2017.11.03 09:54:54.898,1.14166,1.14178,1.25,1.50
2017.11.03 09:54:55.051,1.14167,1.14181,1.00,1.95
2017.11.03 09:54:58.085,1.14168,1.14182,1.00,2.51
2017.11.03 09:55:00.337,1.14169,1.14182,2.06,1.00
2017.11.03 09:55:01.173,1.14169,1.14182,1.31,1.00
2017.11.03 09:55:02.818,1.1417,1.14184,1.44,1.69
2017.11.03 09:55:03.827,1.14171,1.14184,1.87,1.50
2017.11.03 09:55:04.089,1.14172,1.14186,2.06,1.31
2017.11.03 09:55:04.808,1.14173,1.14187,1.50,3.19
2017.11.03 09:55:05.324,1.14174,1.14187,1.12,2.25
2017.11.03 09:55:05.580,1.14175,1.14189,2.25,1.12
2017.11.03 09:55:05.888,1.14176,1.14189,1.69,1.87
2017.11.03 09:55:07.512,1.14176,1.14189,1.69,1.12
2017.11.03 09:55:10.843,1.14175,1.14186,2.06,1.00
2017.11.03 09:55:10.947,1.14172,1.14185,1.25,1.69
2017.11.03 09:55:10.999,1.14173,1.14185,2.44,1.00
2017.11.03 09:55:11.500,1.14173,1.14185,1.25,1.00
2017.11.03 09:55:12.132,1.14173,1.14185,1.44,1.00
2017.11.03 09:55:12.641,1.14172,1.14185,2.70,1.00
2017.11.03 09:55:13.399,1.14172,1.14185,3.37,1.00
2017.11.03 09:55:14.353,1.14174,1.14188,1.19,2.44
2017.11.03 09:55:16.192,1.14174,1.14188,1.50,1.87
2017.11.03 09:55:16.909,1.14175,1.14188,2.44,2.06
2017.11.03 09:55:23.682,1.14176,1.14189,1.19,1.87
2017.11.03 09:55:25.880,1.14175,1.14188,1.69,1.12
2017.11.03 09:55:26.135,1.14173,1.14188,2.32,1.12
2017.11.03 09:55:27.927,1.14172,1.14187,3.94,3.00
2017.11.03 09:55:28.943,1.14172,1.14186,1.50,1.50
2017.11.03 09:55:29.489,1.14173,1.14186,1.25,1.12
2017.11.03 09:55:29.804,1.14175,1.14187,1.25,1.00
2017.11.03 09:55:31.470,1.14174,1.14187,3.37,1.00
2017.11.03 09:55:33.277,1.14175,1.14187,1.00,1.50
2017.11.03 09:55:33.535,1.14175,1.14189,1.69,1.25
2017.11.03 09:55:34.937,1.14177,1.14189,1.00,1.00
2017.11.03 09:55:40.398,1.14176,1.14189,1.00,1.00
2017.11.03 09:55:40.501,1.14175,1.14187,1.69,1.00
2017.11.03 09:55:40.706,1.14168,1.14181,1.31,1.87
2017.11.03 09:55:44.045,1.14167,1.14181,1.50,1.76
2017.11.03 09:55:45.001,1.14167,1.14181,1.50,1.69
2017.11.03 09:55:47.664,1.14166,1.1418,1.69,1.50
2017.11.03 09:55:50.608,1.14165,1.14179,1.31,1.12
2017.11.03 09:55:52.021,1.14165,1.1418,1.44,2.25
2017.11.03 09:55:52.781,1.14165,1.1418,1.12,2.25
2017.11.03 09:55:54.020,1.14165,1.1418,1.44,2.44
2017.11.03 09:55:55.754,1.14169,1.14181,1.00,1.50
2017.11.03 09:55:56.277,1.14169,1.14181,1.87,1.00
2017.11.03 09:55:56.856,1.14169,1.14183,1.69,3.00
2017.11.03 09:55:57.395,1.1417,1.14182,1.25,1.12
2017.11.03 09:55:59.405,1.1417,1.14179,1.25,1.00
2017.11.03 09:55:59.457,1.1417,1.14183,1.25,2.25
2017.11.03 09:56:00.209,1.14171,1.14183,1.00,2.25
2017.11.03 09:56:00.734,1.14169,1.14181,1.44,1.00
2017.11.03 09:56:01.448,1.14168,1.14181,1.69,1.00
2017.11.03 09:56:02.154,1.14167,1.14179,2.44,1.00
2017.11.03 09:56:02.625,1.14168,1.14181,1.00,2.25
2017.11.03 09:56:03.764,1.14168,1.14179,1.00,1.00
2017.11.03 09:56:05.229,1.14167,1.14178,1.81,1.00
2017.11.03 09:56:05.538,1.1416,1.14172,1.69,1.50
2017.11.03 09:56:06.055,1.1416,1.14173,1.00,1.50
2017.11.03 09:56:06.361,1.14161,1.14173,1.19,1.50
2017.11.03 09:56:06.515,1.14162,1.14175,1.31,1.50
2017.11.03 09:56:06.617,1.14163,1.14175,1.19,1.50
2017.11.03 09:56:07.129,1.14161,1.14175,1.87,1.50
2017.11.03 09:56:07.724,1.14162,1.14175,2.81,1.00
2017.11.03 09:56:14.743,1.14162,1.14175,2.06,1.00
2017.11.03 09:56:15.481,1.14163,1.14175,1.00,1.00
2017.11.03 09:56:17.466,1.14161,1.14175,1.87,1.00
2017.11.03 09:56:17.970,1.14162,1.14175,1.44,1.50
2017.11.03 09:56:18.478,1.14162,1.14174,1.12,1.00
2017.11.03 09:56:19.621,1.14162,1.14176,1.31,1.50
2017.11.03 09:56:21.647,1.14162,1.14176,2.06,1.50
2017.11.03 09:56:22.797,1.14162,1.14174,1.44,1.00
2017.11.03 09:56:26.448,1.14162,1.14172,1.31,1.50
2017.11.03 09:56:26.603,1.14158,1.1417,2.14,1.00
2017.11.03 09:56:27.362,1.14158,1.1417,1.12,1.50
2017.11.03 09:56:30.054,1.14158,1.14171,1.12,2.44
2017.11.03 09:56:30.864,1.14158,1.1417,1.12,1.00
2017.11.03 09:56:32.158,1.14157,1.14171,2.62,2.25
2017.11.03 09:56:37.150,1.14159,1.14171,1.19,1.50
2017.11.03 09:56:37.202,1.14159,1.14173,1.19,1.10
2017.11.03 09:56:37.722,1.1416,1.14174,2.14,1.12
2017.11.03 09:56:37.928,1.14164,1.14176,1.44,1.37
2017.11.03 09:56:38.030,1.14164,1.14178,2.62,1.50
2017.11.03 09:56:38.344,1.14162,1.14176,1.29,1.00
2017.11.03 09:56:38.973,1.14166,1.14178,1.00,1.31
2017.11.03 09:56:39.075,1.14165,1.1418,2.06,1.87
2017.11.03 09:56:39.687,1.14167,1.1418,1.00,1.87
2017.11.03 09:56:40.217,1.14166,1.1418,1.25,1.87
2017.11.03 09:56:41.413,1.14168,1.14181,1.00,2.89
2017.11.03 09:56:41.531,1.14166,1.14181,2.25,2.14
2017.11.03 09:56:42.752,1.14167,1.14181,1.00,2.81
2017.11.03 09:56:43.255,1.14167,1.14179,1.00,1.00
2017.11.03 09:56:43.561,1.14169,1.14182,1.69,1.57
2017.11.03 09:56:44.208,1.14169,1.14182,1.31,1.00
2017.11.03 09:56:45.518,1.14172,1.14184,1.25,1.57
2017.11.03 09:56:45.820,1.14174,1.14184,1.00,1.00
2017.11.03 09:56:46.524,1.14175,1.14184,1.50,1.00
2017.11.03 09:56:46.628,1.14175,1.14186,1.31,1.00
2017.11.03 09:56:47.464,1.14173,1.14186,1.62,1.00
2017.11.03 09:56:47.669,1.14172,1.14186,1.87,3.37
2017.11.03 09:56:48.339,1.14172,1.14186,1.87,3.37
2017.11.03 09:56:49.729,1.14172,1.14185,1.87,1.44
2017.11.03 09:56:50.408,1.14173,1.14185,1.50,1.19
2017.11.03 09:56:50.561,1.14173,1.14187,1.50,2.81
2017.11.03 09:56:51.070,1.14172,1.14186,2.44,1.25
2017.11.03 09:56:52.011,1.14172,1.14187,2.44,2.44
2017.11.03 09:56:52.633,1.14171,1.14187,2.32,3.19
2017.11.03 09:56:52.736,1.14171,1.14187,2.32,2.62
2017.11.03 09:56:53.702,1.14171,1.14186,3.45,1.12
2017.11.03 09:56:54.413,1.14171,1.14187,1.94,2.81
2017.11.03 09:56:55.306,1.14172,1.14186,1.94,1.00
2017.11.03 09:56:57.096,1.14175,1.14187,1.00,1.00
2017.11.03 09:56:57.147,1.14176,1.1419,1.00,1.25
2017.11.03 09:56:57.199,1.14178,1.1419,1.00,1.25
2017.11.03 09:57:00.877,1.14176,1.1419,1.25,3.00
2017.11.03 09:57:01.968,1.14175,1.14189,1.69,1.31
2017.11.03 09:57:02.481,1.14176,1.14189,1.00,2.32
2017.11.03 09:57:03.027,1.14176,1.14189,1.00,2.70
2017.11.03 09:57:03.627,1.14173,1.14188,2.25,1.50
2017.11.03 09:57:04.411,1.14173,1.14188,2.06,2.25
2017.11.03 09:57:04.667,1.14173,1.14185,1.00,1.31
2017.11.03 09:57:05.704,1.14172,1.14185,1.00,1.31
2017.11.03 09:57:07.770,1.1417,1.14183,1.50,1.25
2017.11.03 09:57:08.468,1.1417,1.14182,1.00,1.25
2017.11.03 09:57:09.159,1.14169,1.14181,1.12,1.00
2017.11.03 09:57:11.128,1.14169,1.14182,1.12,1.25
2017.11.03 09:57:11.827,1.1417,1.14182,1.00,1.12
2017.11.03 09:57:12.383,1.1417,1.14182,1.00,1.29
2017.11.03 09:57:12.888,1.1417,1.14182,1.00,1.00
2017.11.03 09:57:13.442,1.14169,1.14182,1.12,1.00
2017.11.03 09:57:13.952,1.1417,1.14181,1.00,1.12
2017.11.03 09:57:14.413,1.1417,1.14184,2.62,1.25
2017.11.03 09:57:15.043,1.14172,1.14186,1.25,1.69
2017.11.03 09:57:15.605,1.14171,1.14186,2.62,1.50
2017.11.03 09:57:16.118,1.14172,1.14186,1.00,1.87
2017.11.03 09:57:16.497,1.14174,1.14187,1.00,1.29
2017.11.03 09:57:17.040,1.14174,1.14187,1.00,1.25
2017.11.03 09:57:17.743,1.14175,1.14187,1.00,1.12
2017.11.03 09:57:18.057,1.14174,1.14188,2.62,1.25
2017.11.03 09:57:20.397,1.14175,1.14187,2.00,1.00
2017.11.03 09:57:21.869,1.14174,1.14185,1.12,1.00
2017.11.03 09:57:21.973,1.1417,1.14183,2.25,1.00
2017.11.03 09:57:22.024,1.1417,1.14182,1.50,1.25
2017.11.03 09:57:22.546,1.14169,1.14182,1.75,1.69
2017.11.03 09:57:22.857,1.14167,1.14182,3.00,2.62
2017.11.03 09:57:24.128,1.14168,1.14181,1.12,1.31
2017.11.03 09:57:25.548,1.14168,1.14181,1.12,1.12
2017.11.03 09:57:26.308,1.14167,1.1418,1.25,1.00
2017.11.03 09:57:28.089,1.1417,1.14181,1.00,1.50
2017.11.03 09:57:28.141,1.14168,1.14181,1.50,1.50
2017.11.03 09:57:28.729,1.14167,1.1418,1.25,1.69
2017.11.03 09:57:29.634,1.14168,1.14181,1.00,1.50
2017.11.03 09:57:30.273,1.14167,1.1418,1.87,1.00
2017.11.03 09:57:32.218,1.14168,1.14181,1.25,1.50
2017.11.03 09:57:33.909,1.14168,1.1418,1.25,1.00
2017.11.03 09:57:34.013,1.1417,1.14181,1.00,2.44
2017.11.03 09:57:34.545,1.1417,1.14182,1.12,1.31
2017.11.03 09:57:35.616,1.14171,1.14182,1.00,1.00
2017.11.03 09:57:36.237,1.1417,1.14182,1.87,1.00
2017.11.03 09:57:37.480,1.1417,1.14184,1.87,1.87
2017.11.03 09:57:37.822,1.14169,1.14182,1.50,1.00
2017.11.03 09:57:37.925,1.14167,1.14182,1.12,1.56
2017.11.03 09:57:38.080,1.14169,1.14182,1.12,2.44
2017.11.03 09:57:42.088,1.14169,1.14182,1.50,1.69
2017.11.03 09:57:42.635,1.14169,1.14182,2.25,1.00
2017.11.03 09:57:43.235,1.14169,1.14184,2.06,2.25
2017.11.03 09:57:45.019,1.14169,1.14182,2.25,1.00
2017.11.03 09:57:45.574,1.14169,1.14183,2.06,1.00
2017.11.03 09:57:46.092,1.14167,1.14182,2.44,1.87
2017.11.03 09:57:46.604,1.14168,1.14182,1.31,1.31
2017.11.03 09:57:47.172,1.14169,1.14182,1.00,1.25
2017.11.03 09:57:47.685,1.1417,1.14182,1.00,1.00
2017.11.03 09:57:48.231,1.1417,1.14183,1.25,1.00
2017.11.03 09:57:48.640,1.1417,1.14184,1.19,1.10
2017.11.03 09:57:48.691,1.1417,1.14184,1.00,1.00
2017.11.03 09:57:52.170,1.14171,1.14184,1.00,1.00
2017.11.03 09:57:56.910,1.1417,1.14184,1.25,1.00
2017.11.03 09:57:57.413,1.1417,1.14186,3.26,2.25
2017.11.03 09:58:05.419,1.1417,1.14185,3.19,2.81
2017.11.03 09:58:14.614,1.14166,1.1418,2.32,1.87
2017.11.03 09:58:15.127,1.14166,1.1418,1.37,1.44
2017.11.03 09:58:28.156,1.14168,1.1418,1.00,1.19
2017.11.03 09:58:28.679,1.14169,1.1418,1.00,1.19
2017.11.03 09:58:30.764,1.14166,1.1418,1.00,1.19
2017.11.03 09:58:31.471,1.14166,1.14179,1.50,1.87
2017.11.03 09:58:31.829,1.14166,1.14182,2.81,1.87
2017.11.03 09:58:31.881,1.14168,1.14181,1.69,1.00
2017.11.03 09:58:32.209,1.1417,1.14184,1.50,1.87
2017.11.03 09:58:32.985,1.1417,1.14184,3.00,1.00
2017.11.03 09:58:33.940,1.1417,1.14184,2.44,1.00
2017.11.03 09:58:34.473,1.14171,1.14184,1.12,1.25
2017.11.03 09:58:37.221,1.1417,1.14185,2.06,1.69
2017.11.03 09:58:40.005,1.14171,1.14181,1.00,1.25
2017.11.03 09:58:40.057,1.14168,1.14181,1.00,1.69
2017.11.03 09:58:40.607,1.14168,1.14182,1.12,1.25
2017.11.03 09:58:41.195,1.14168,1.14181,1.12,1.00
2017.11.03 09:58:41.929,1.14169,1.14181,1.00,1.00
2017.11.03 09:58:42.699,1.14168,1.14181,1.12,1.00
2017.11.03 09:58:43.225,1.14169,1.14181,1.00,1.00
2017.11.03 09:58:44.191,1.14168,1.14181,1.12,1.00
2017.11.03 09:58:44.901,1.14169,1.14181,1.00,1.00
2017.11.03 09:58:46.698,1.14165,1.1418,1.82,1.25
2017.11.03 09:58:46.749,1.14164,1.1418,3.75,1.31
2017.11.03 09:58:48.957,1.14167,1.1418,1.00,1.12
2017.11.03 09:58:51.443,1.14169,1.14181,1.00,2.25
2017.11.03 09:58:51.807,1.14165,1.14179,1.50,1.19
2017.11.03 09:58:52.766,1.14166,1.14179,1.12,1.00
2017.11.03 09:58:56.328,1.14164,1.14176,1.00,1.50
2017.11.03 09:58:56.534,1.14164,1.14178,1.00,1.69
2017.11.03 09:58:57.039,1.14168,1.14179,1.00,1.19
2017.11.03 09:58:57.800,1.14167,1.1418,1.00,1.69
2017.11.03 09:58:58.334,1.14168,1.1418,1.00,1.19
2017.11.03 09:58:59.231,1.14165,1.14179,1.87,1.19
2017.11.03 09:59:00.888,1.14165,1.1418,1.87,2.62
2017.11.03 09:59:00.939,1.14165,1.1418,1.87,2.62
2017.11.03 09:59:05.857,1.14166,1.14181,1.00,3.94
2017.11.03 09:59:07.116,1.14167,1.14181,1.75,1.50
2017.11.03 09:59:08.862,1.14167,1.1418,1.75,1.00
2017.11.03 09:59:08.915,1.14167,1.1418,1.12,1.50
2017.11.03 09:59:09.433,1.14164,1.14179,1.10,3.19
2017.11.03 09:59:09.536,1.14167,1.14179,1.00,2.51
2017.11.03 09:59:09.588,1.14165,1.14179,1.00,1.69
2017.11.03 09:59:09.739,1.14167,1.14179,1.00,1.00
2017.11.03 09:59:09.842,1.14168,1.14181,1.25,1.00
2017.11.03 09:59:10.347,1.14167,1.14181,1.12,2.25
2017.11.03 09:59:10.885,1.14167,1.14181,3.00,1.50
2017.11.03 09:59:14.225,1.14167,1.1418,1.50,1.00
2017.11.03 09:59:16.105,1.14167,1.1418,1.12,1.00
2017.11.03 09:59:16.435,1.14167,1.14178,1.12,1.00
2017.11.03 09:59:16.991,1.14166,1.14178,1.00,1.50
2017.11.03 09:59:17.529,1.14165,1.14179,1.25,1.00
2017.11.03 09:59:18.052,1.14165,1.1418,1.00,1.69
2017.11.03 09:59:19.744,1.14165,1.14179,1.25,1.50
2017.11.03 09:59:20.266,1.14165,1.1418,3.56,1.00
2017.11.03 09:59:20.573,1.14168,1.14182,1.50,1.87
2017.11.03 09:59:20.921,1.14168,1.1418,1.00,1.00
2017.11.03 09:59:20.973,1.14168,1.14182,1.00,1.25
2017.11.03 09:59:21.498,1.14168,1.14181,1.50,1.00
2017.11.03 09:59:24.293,1.14168,1.1418,1.00,1.00
2017.11.03 09:59:24.808,1.14168,1.14182,1.00,2.62
2017.11.03 09:59:32.953,1.14166,1.1418,1.00,1.31
2017.11.03 09:59:33.530,1.14166,1.1418,1.12,1.25
2017.11.03 09:59:35.870,1.14164,1.14178,3.19,1.19
2017.11.03 09:59:35.922,1.14166,1.14177,1.00,1.00
2017.11.03 09:59:36.208,1.14164,1.14179,1.57,1.44
2017.11.03 09:59:36.724,1.14165,1.14178,1.00,1.12
2017.11.03 09:59:37.294,1.14164,1.1418,2.51,1.87
2017.11.03 09:59:37.579,1.14166,1.1418,1.00,1.87
2017.11.03 09:59:37.733,1.14164,1.1418,3.26,1.87
2017.11.03 09:59:37.785,1.14166,1.1418,1.00,2.62
2017.11.03 09:59:38.329,1.14165,1.14179,1.50,1.44
2017.11.03 09:59:38.972,1.14166,1.14179,1.00,1.44
2017.11.03 09:59:39.523,1.14167,1.14179,1.00,1.00
2017.11.03 09:59:39.778,1.14168,1.14181,1.50,1.25
2017.11.03 09:59:40.379,1.14167,1.14181,1.69,2.06
2017.11.03 09:59:41.045,1.14167,1.1418,1.69,1.25
2017.11.03 09:59:41.599,1.14168,1.14182,1.12,3.00
2017.11.03 09:59:44.913,1.14169,1.14182,1.00,3.19
2017.11.03 09:59:45.447,1.14168,1.14182,1.87,3.19
2017.11.03 09:59:46.313,1.14168,1.14182,1.87,1.87
2017.11.03 09:59:49.368,1.14169,1.14182,1.00,1.87
2017.11.03 09:59:49.592,1.14168,1.1418,1.57,1.00
2017.11.03 09:59:49.934,1.1417,1.1418,1.00,1.00
2017.11.03 09:59:49.985,1.14168,1.1418,1.00,1.00
2017.11.03 09:59:50.709,1.14168,1.14181,1.00,1.50
2017.11.03 09:59:51.290,1.14169,1.14181,1.69,1.50
2017.11.03 09:59:52.319,1.14169,1.1418,1.00,1.00
2017.11.03 09:59:52.495,1.14166,1.1418,1.69,1.25
2017.11.03 09:59:55.066,1.14166,1.14181,1.50,2.44
2017.11.03 09:59:55.966,1.14169,1.14181,1.00,2.25
2017.11.03 09:59:56.642,1.14169,1.14181,1.12,1.19
2017.11.03 09:59:56.806,1.1417,1.14182,1.00,1.69
2017.11.03 09:59:57.164,1.1417,1.14184,3.94,1.00
2017.11.03 09:59:57.677,1.1417,1.14185,3.19,1.69
