2014.09.16 02:00:01.657,1.1454,1.14556,1.50,1.87
2014.09.16 02:00:01.759,1.14543,1.14557,1.00,1.25
2014.09.16 02:00:01.962,1.14546,1.14561,1.00,1.69
2014.09.16 02:00:02.115,1.14547,1.14563,1.00,1.50
2014.09.16 02:00:02.625,1.14547,1.14564,1.50,2.06
2014.09.16 02:00:02.676,1.14547,1.14561,1.00,1.00
2014.09.16 02:00:02.726,1.14545,1.1456,1.00,1.00
2014.09.16 02:00:02.828,1.14544,1.14558,1.00,1.00
2014.09.16 02:00:02.879,1.14542,1.14558,1.00,1.00
2014.09.16 02:00:02.980,1.14541,1.14556,1.00,1.00
2014.09.16 02:00:03.284,1.14538,1.14553,1.00,1.25
2014.09.16 02:00:11.014,1.14539,1.14556,1.00,1.37
2014.09.16 02:00:19.541,1.14539,1.14556,1.00,1.37
2014.09.16 02:00:21.732,1.14542,1.14557,1.00,1.56
2014.09.16 02:00:22.443,1.1454,1.14557,1.87,2.06
2014.09.16 02:00:25.878,1.1454,1.14557,1.50,2.06
2014.09.16 02:00:27.201,1.1454,1.14557,1.50,2.06
2014.09.16 02:00:27.723,1.14539,1.14554,1.00,1.00
2014.09.16 02:00:31.204,1.14539,1.14554,1.00,1.37
2014.09.16 02:00:33.550,1.14539,1.14554,1.00,1.00
2014.09.16 02:00:33.803,1.14541,1.14554,1.00,1.00
2014.09.16 02:00:34.006,1.14543,1.14557,1.00,1.31
2014.09.16 02:00:34.057,1.14545,1.14557,1.00,1.25
2014.09.16 02:00:34.209,1.14545,1.1456,1.00,1.00
2014.09.16 02:00:34.614,1.14548,1.14563,1.00,1.37
2014.09.16 02:00:34.715,1.14548,1.14563,1.00,1.00
2014.09.16 02:00:36.682,1.14549,1.14566,1.50,2.06
2014.09.16 02:00:37.524,1.14549,1.14566,1.50,2.81
2014.09.16 02:00:37.827,1.14549,1.14566,1.87,2.44
2014.09.16 02:00:38.080,1.14551,1.14568,2.81,1.00
2014.09.16 02:00:38.586,1.14551,1.14566,1.69,1.00
2014.09.16 02:00:38.840,1.14547,1.14562,1.25,1.00
2014.09.16 02:00:39.413,1.14549,1.14563,1.00,1.00
2014.09.16 02:00:39.933,1.14549,1.14564,1.00,1.00
2014.09.16 02:00:53.659,1.14551,1.14564,1.00,1.12
2014.09.16 02:00:55.536,1.14551,1.14565,1.00,1.00
2014.09.16 02:00:56.143,1.14551,1.14565,1.00,1.37
2014.09.16 02:00:58.549,1.14551,1.14565,1.00,1.12
2014.09.16 02:01:01.114,1.14551,1.14564,1.00,1.00
2014.09.16 02:01:01.165,1.14548,1.14563,1.50,1.00
2014.09.16 02:01:01.368,1.14548,1.14562,1.00,1.37
2014.09.16 02:01:01.672,1.14547,1.14564,1.00,1.31
2014.09.16 02:01:05.320,1.14549,1.14564,1.00,1.00
2014.09.16 02:01:05.371,1.14549,1.14566,1.50,1.87
2014.09.16 02:01:05.878,1.14549,1.14566,1.50,1.87
2014.09.16 02:01:07.853,1.14553,1.14566,1.00,1.37
2014.09.16 02:01:07.954,1.14552,1.14567,1.00,1.00
2014.09.16 02:01:08.005,1.14552,1.14567,1.00,1.37
2014.09.16 02:01:08.157,1.14549,1.14566,2.44,1.87
2014.09.16 02:01:08.664,1.14549,1.14566,2.44,1.87
2014.09.16 02:01:09.216,1.14549,1.14566,2.44,1.87
2014.09.16 02:01:13.146,1.14552,1.14566,1.00,1.87
2014.09.16 02:01:15.433,1.14552,1.14568,1.00,1.87
2014.09.16 02:01:15.943,1.14551,1.14568,2.25,1.87
2014.09.16 02:01:19.441,1.14551,1.14568,1.50,2.81
2014.09.16 02:01:19.957,1.14551,1.14568,2.25,2.81
2014.09.16 02:01:20.503,1.14551,1.14568,2.25,2.06
2014.09.16 02:01:21.035,1.14551,1.14568,1.50,2.06
2014.09.16 02:01:21.730,1.14551,1.14568,1.50,2.06
2014.09.16 02:01:22.235,1.14552,1.14568,1.00,2.06
2014.09.16 02:01:23.360,1.14551,1.14568,1.50,2.06
2014.09.16 02:01:25.888,1.14552,1.14568,1.00,2.06
2014.09.16 02:01:26.878,1.14551,1.14568,1.50,2.06
2014.09.16 02:01:29.846,1.14551,1.14568,1.50,1.87
2014.09.16 02:01:30.307,1.14554,1.14569,1.00,1.31
2014.09.16 02:01:30.819,1.14554,1.14569,1.00,1.62
2014.09.16 02:01:31.333,1.14554,1.14569,1.00,1.62
2014.09.16 02:01:32.903,1.14552,1.14568,1.00,1.56
2014.09.16 02:01:33.412,1.14551,1.14568,1.50,1.56
2014.09.16 02:01:39.822,1.14551,1.14566,1.00,1.00
2014.09.16 02:01:40.330,1.14552,1.14566,1.00,1.00
2014.09.16 02:01:45.478,1.14552,1.14566,1.00,1.37
2014.09.16 02:01:46.219,1.14552,1.14562,1.00,1.00
2014.09.16 02:01:47.030,1.14552,1.14559,1.00,1.00
2014.09.16 02:01:47.131,1.14546,1.14557,1.00,1.00
2014.09.16 02:01:48.143,1.14546,1.1456,1.00,1.31
2014.09.16 02:01:48.346,1.14547,1.14563,1.00,2.06
2014.09.16 02:01:48.881,1.14546,1.14563,2.25,1.25
2014.09.16 02:01:51.392,1.14546,1.14563,2.44,1.00
2014.09.16 02:01:52.363,1.14546,1.14563,2.44,1.00
2014.09.16 02:01:57.900,1.14547,1.14563,1.00,1.00
2014.09.16 02:02:00.138,1.14546,1.14563,2.25,1.00
2014.09.16 02:02:01.678,1.14548,1.14564,1.00,1.00
2014.09.16 02:02:02.259,1.14548,1.14565,1.00,2.06
2014.09.16 02:02:05.189,1.14548,1.14565,1.00,1.87
2014.09.16 02:02:10.670,1.14548,1.14565,1.00,2.06
2014.09.16 02:02:12.658,1.14548,1.14565,1.00,1.87
2014.09.16 02:02:14.301,1.14548,1.14565,1.00,1.87
2014.09.16 02:02:14.714,1.14548,1.14565,1.25,1.12
2014.09.16 02:02:14.765,1.1455,1.14567,1.00,1.56
2014.09.16 02:02:15.173,1.14552,1.14567,1.00,1.37
2014.09.16 02:02:17.186,1.14552,1.14567,1.00,1.00
2014.09.16 02:02:17.694,1.14551,1.14567,1.69,1.00
2014.09.16 02:02:18.212,1.14552,1.14567,1.00,1.00
2014.09.16 02:02:20.007,1.14551,1.14567,1.69,1.00
2014.09.16 02:02:20.577,1.14552,1.14567,1.00,1.00
2014.09.16 02:02:21.088,1.14552,1.14567,1.00,1.37
2014.09.16 02:02:30.700,1.14552,1.14567,1.00,1.12
2014.09.16 02:02:31.207,1.14552,1.14567,1.00,1.37
2014.09.16 02:02:32.331,1.14552,1.14567,1.00,1.12
2014.09.16 02:02:32.858,1.14551,1.14567,1.69,1.37
2014.09.16 02:02:33.382,1.14552,1.14567,1.50,1.37
2014.09.16 02:02:34.059,1.14552,1.14567,1.50,1.37
2014.09.16 02:02:41.724,1.14552,1.14567,1.00,1.12
2014.09.16 02:02:43.768,1.14552,1.14567,1.00,1.37
2014.09.16 02:02:56.873,1.14552,1.14567,1.00,1.00
2014.09.16 02:03:05.888,1.14552,1.14567,1.50,1.37
2014.09.16 02:03:08.018,1.14552,1.14567,1.50,1.12
2014.09.16 02:03:09.082,1.14552,1.14567,1.50,1.50
2014.09.16 02:03:09.386,1.14551,1.14566,1.00,1.75
2014.09.16 02:03:09.538,1.14549,1.14562,1.00,1.37
2014.09.16 02:03:09.690,1.14549,1.14562,1.00,1.00
2014.09.16 02:03:09.741,1.14552,1.14566,1.00,1.56
2014.09.16 02:03:09.944,1.14552,1.14568,1.00,1.69
2014.09.16 02:03:10.709,1.14552,1.14568,1.00,2.81
2014.09.16 02:03:11.318,1.14553,1.14568,1.00,1.25
2014.09.16 02:03:11.370,1.14554,1.14571,1.00,1.56
2014.09.16 02:03:13.436,1.14554,1.14571,1.00,1.37
2014.09.16 02:03:13.538,1.14553,1.14566,1.00,1.12
2014.09.16 02:03:13.740,1.14553,1.14568,1.00,1.00
2014.09.16 02:03:14.200,1.14553,1.14568,1.00,2.25
2014.09.16 02:03:14.301,1.14552,1.14567,1.25,1.00
2014.09.16 02:03:14.823,1.14553,1.14568,1.00,1.00
2014.09.16 02:03:14.975,1.1455,1.14567,1.25,1.00
2014.09.16 02:03:15.481,1.14551,1.14567,1.00,1.00
2014.09.16 02:03:16.203,1.14551,1.14567,1.00,1.37
2014.09.16 02:03:16.780,1.14552,1.14567,1.00,1.37
2014.09.16 02:03:17.210,1.14552,1.14569,1.50,2.44
2014.09.16 02:03:17.311,1.14552,1.14569,1.50,2.06
2014.09.16 02:03:29.770,1.14552,1.14566,1.50,1.37
2014.09.16 02:03:30.077,1.14551,1.14566,1.00,1.00
2014.09.16 02:03:30.488,1.14549,1.14566,1.25,1.00
2014.09.16 02:03:31.545,1.14549,1.14566,1.25,1.37
2014.09.16 02:03:31.646,1.14552,1.14566,1.00,1.37
2014.09.16 02:03:32.750,1.14552,1.14566,1.00,1.37
2014.09.16 02:03:33.614,1.14551,1.14566,1.00,1.37
2014.09.16 02:03:33.918,1.14546,1.14561,1.50,1.62
2014.09.16 02:03:34.893,1.14546,1.14561,1.50,1.62
2014.09.16 02:03:35.414,1.14547,1.14561,1.00,1.62
2014.09.16 02:03:35.769,1.14547,1.14561,1.00,1.31
2014.09.16 02:03:37.585,1.14547,1.14561,1.00,1.37
2014.09.16 02:03:37.686,1.14547,1.14561,1.00,1.37
2014.09.16 02:03:38.208,1.14546,1.14561,1.50,1.00
2014.09.16 02:03:38.776,1.14546,1.14561,1.50,1.37
2014.09.16 02:03:39.930,1.14546,1.14561,1.00,1.37
2014.09.16 02:03:40.242,1.14551,1.14561,1.00,1.37
2014.09.16 02:03:40.909,1.14551,1.14563,1.00,1.62
2014.09.16 02:03:41.431,1.14551,1.14563,1.00,1.37
2014.09.16 02:03:41.633,1.14548,1.14563,1.00,1.37
2014.09.16 02:03:41.987,1.14551,1.14563,1.00,1.37
2014.09.16 02:03:43.816,1.14551,1.14561,1.00,1.37
2014.09.16 02:03:43.970,1.14547,1.14561,1.50,1.37
2014.09.16 02:03:45.432,1.14548,1.14563,1.00,1.37
2014.09.16 02:03:45.855,1.14551,1.14563,1.00,1.37
2014.09.16 02:03:46.387,1.14551,1.14565,1.00,2.06
2014.09.16 02:03:46.691,1.14548,1.14565,1.50,2.06
2014.09.16 02:03:46.741,1.14548,1.14565,1.50,2.44
2014.09.16 02:03:47.558,1.14546,1.14563,1.50,1.37
2014.09.16 02:03:47.659,1.14549,1.14564,1.00,2.06
2014.09.16 02:03:47.962,1.14551,1.14564,1.00,1.62
2014.09.16 02:03:48.467,1.14552,1.14564,1.00,1.37
2014.09.16 02:03:56.566,1.14552,1.14564,1.00,1.12
2014.09.16 02:03:57.075,1.14551,1.14568,1.50,2.66
2014.09.16 02:03:58.400,1.14551,1.14568,1.50,2.66
2014.09.16 02:04:01.184,1.14551,1.14568,1.00,4.16
2014.09.16 02:04:01.717,1.14552,1.14568,1.00,2.81
2014.09.16 02:04:02.254,1.14551,1.14568,1.00,2.81
2014.09.16 02:04:05.191,1.14552,1.14565,1.00,1.12
2014.09.16 02:04:05.241,1.14552,1.14565,1.00,1.37
2014.09.16 02:04:05.393,1.14549,1.14564,1.69,1.37
2014.09.16 02:04:05.957,1.14549,1.14564,1.50,1.37
2014.09.16 02:04:06.815,1.14552,1.14564,1.00,1.37
2014.09.16 02:04:07.410,1.14552,1.14564,1.00,1.37
2014.09.16 02:04:07.912,1.14551,1.14564,1.00,1.37
2014.09.16 02:04:10.449,1.14549,1.14564,1.00,1.37
2014.09.16 02:04:12.359,1.14552,1.14564,1.00,1.56
2014.09.16 02:04:15.367,1.14552,1.14564,1.00,1.12
2014.09.16 02:04:17.178,1.14552,1.14567,1.00,1.37
2014.09.16 02:04:17.688,1.14552,1.14567,1.00,1.37
2014.09.16 02:04:21.855,1.14552,1.14567,1.00,1.37
2014.09.16 02:04:22.365,1.14551,1.14567,1.50,1.62
2014.09.16 02:04:24.292,1.14551,1.14565,1.00,2.06
2014.09.16 02:04:24.393,1.14551,1.14565,1.00,2.06
2014.09.16 02:04:25.008,1.14551,1.14565,1.00,2.06
2014.09.16 02:04:26.076,1.14551,1.14565,1.00,2.06
2014.09.16 02:04:26.177,1.14552,1.14565,1.00,2.06
2014.09.16 02:04:26.484,1.14552,1.14565,1.00,2.06
2014.09.16 02:04:26.994,1.14552,1.14565,1.00,1.87
2014.09.16 02:04:31.215,1.14552,1.14565,1.00,2.44
2014.09.16 02:04:31.356,1.14552,1.14565,1.00,2.81
2014.09.16 02:04:31.458,1.14548,1.14565,1.50,2.81
2014.09.16 02:04:32.037,1.14547,1.14562,1.50,1.37
2014.09.16 02:04:32.569,1.14547,1.14562,1.87,1.12
2014.09.16 02:04:33.324,1.14548,1.14562,1.00,1.12
2014.09.16 02:04:33.476,1.14551,1.14565,1.00,3.56
2014.09.16 02:04:35.441,1.14552,1.14565,1.00,2.81
2014.09.16 02:04:35.665,1.14548,1.14565,1.50,2.81
2014.09.16 02:04:36.174,1.14546,1.14563,3.37,1.87
2014.09.16 02:04:38.498,1.14552,1.14563,1.00,1.50
2014.09.16 02:04:39.035,1.14551,1.14563,1.00,1.50
2014.09.16 02:04:40.393,1.14551,1.14565,1.00,2.62
2014.09.16 02:04:41.479,1.14552,1.14565,1.00,2.62
2014.09.16 02:04:41.732,1.14548,1.14565,1.50,2.62
2014.09.16 02:04:42.496,1.14548,1.14562,1.00,1.00
2014.09.16 02:04:43.018,1.14547,1.14562,1.00,1.37
2014.09.16 02:04:43.070,1.14552,1.14562,1.00,1.37
2014.09.16 02:04:49.963,1.14547,1.14561,1.00,1.12
2014.09.16 02:04:50.481,1.14547,1.14561,1.00,1.37
2014.09.16 02:04:50.988,1.14546,1.14561,2.25,1.37
2014.09.16 02:04:51.494,1.14546,1.14561,1.50,1.00
2014.09.16 02:04:52.052,1.14546,1.14561,1.87,1.00
2014.09.16 02:04:52.560,1.14547,1.14561,1.37,1.00
2014.09.16 02:04:56.652,1.14546,1.14561,1.87,1.00
2014.09.16 02:04:58.797,1.14546,1.14561,1.87,1.00
2014.09.16 02:05:04.587,1.14547,1.14561,1.00,1.00
2014.09.16 02:05:16.446,1.14546,1.14561,1.87,1.00
2014.09.16 02:05:23.947,1.14546,1.14559,1.00,1.00
2014.09.16 02:05:24.453,1.14547,1.14559,1.00,1.00
2014.09.16 02:05:29.338,1.14547,1.14559,1.37,1.00
2014.09.16 02:05:29.388,1.14547,1.14561,1.37,1.00
2014.09.16 02:05:29.657,1.14548,1.14563,1.37,1.00
2014.09.16 02:05:29.961,1.14552,1.14566,1.37,1.69
2014.09.16 02:05:30.901,1.14553,1.14568,1.00,1.87
2014.09.16 02:05:34.199,1.14552,1.14568,1.00,2.06
2014.09.16 02:05:37.235,1.14551,1.14568,2.62,2.06
2014.09.16 02:05:41.769,1.14551,1.14568,1.50,1.69
2014.09.16 02:05:42.074,1.14547,1.14559,1.00,1.00
2014.09.16 02:05:42.225,1.14546,1.14562,1.12,1.87
2014.09.16 02:05:43.976,1.14546,1.14562,1.87,1.50
2014.09.16 02:05:44.761,1.14546,1.14562,2.06,1.50
2014.09.16 02:05:47.352,1.14546,1.14562,2.06,1.50
2014.09.16 02:05:47.888,1.14546,1.14562,1.87,1.87
2014.09.16 02:05:48.092,1.14546,1.14562,1.87,1.50
2014.09.16 02:05:48.621,1.14548,1.14564,1.37,2.06
2014.09.16 02:05:49.154,1.14548,1.14564,1.12,1.87
2014.09.16 02:05:49.591,1.14552,1.14564,1.00,1.50
2014.09.16 02:05:49.895,1.14547,1.14564,3.37,1.87
2014.09.16 02:05:49.996,1.14547,1.14561,1.50,1.00
2014.09.16 02:05:55.103,1.14546,1.14561,1.00,1.25
2014.09.16 02:06:00.714,1.14544,1.1456,1.87,1.00
2014.09.16 02:06:00.815,1.14547,1.1456,1.00,1.00
2014.09.16 02:06:03.996,1.14547,1.1456,1.00,1.37
2014.09.16 02:06:04.946,1.14547,1.14561,1.50,1.50
2014.09.16 02:06:05.199,1.14548,1.14563,1.12,1.12
2014.09.16 02:06:05.452,1.14547,1.14561,1.37,1.00
2014.09.16 02:06:09.115,1.14546,1.14561,1.50,1.00
2014.09.16 02:06:09.217,1.14547,1.14564,1.87,2.06
2014.09.16 02:06:09.621,1.14552,1.14564,1.00,2.06
2014.09.16 02:06:12.654,1.14547,1.14564,1.87,2.06
2014.09.16 02:06:23.976,1.14547,1.14562,1.12,1.00
2014.09.16 02:06:36.241,1.14548,1.14563,1.00,1.25
2014.09.16 02:06:43.462,1.14548,1.14565,1.00,2.44
2014.09.16 02:06:46.911,1.14548,1.14565,1.37,2.06
2014.09.16 02:06:47.316,1.14552,1.14564,1.00,1.25
2014.09.16 02:06:48.674,1.14549,1.14564,1.00,1.00
2014.09.16 02:06:49.180,1.14551,1.14564,1.00,1.00
2014.09.16 02:06:49.536,1.14549,1.14564,1.12,1.00
2014.09.16 02:06:49.688,1.1455,1.14567,1.87,2.25
2014.09.16 02:06:52.584,1.14552,1.14567,1.00,2.06
2014.09.16 02:06:53.191,1.14552,1.14567,1.00,2.06
2014.09.16 02:06:59.184,1.1455,1.14567,1.50,2.06
2014.09.16 02:07:01.907,1.1455,1.14567,1.50,2.06
2014.09.16 02:07:04.691,1.1455,1.14567,1.50,1.87
2014.09.16 02:07:07.794,1.14551,1.14567,1.00,1.87
2014.09.16 02:07:12.227,1.14551,1.14567,1.00,2.06
2014.09.16 02:07:20.555,1.14553,1.14567,1.00,1.12
2014.09.16 02:07:23.817,1.14553,1.14566,1.12,1.00
2014.09.16 02:07:24.331,1.14553,1.14567,1.87,1.00
2014.09.16 02:07:24.483,1.14557,1.14571,1.00,1.25
2014.09.16 02:07:25.451,1.14557,1.14572,2.25,3.00
2014.09.16 02:07:29.519,1.14556,1.1457,1.00,1.00
2014.09.16 02:07:30.035,1.14557,1.1457,1.00,1.00
2014.09.16 02:07:30.562,1.14555,1.1457,1.87,1.00
2014.09.16 02:07:35.562,1.14555,1.14571,1.00,1.25
2014.09.16 02:07:35.613,1.14557,1.14571,1.00,1.25
2014.09.16 02:07:36.276,1.14557,1.14572,1.50,1.00
2014.09.16 02:07:38.878,1.14557,1.14572,1.87,1.00
2014.09.16 02:07:39.182,1.14561,1.14577,2.62,1.12
2014.09.16 02:07:39.688,1.14562,1.14578,1.00,1.69
2014.09.16 02:07:39.891,1.14567,1.1458,1.00,1.00
2014.09.16 02:07:40.043,1.14563,1.1458,2.25,1.00
2014.09.16 02:07:40.197,1.14563,1.14578,1.50,1.00
2014.09.16 02:07:40.500,1.14561,1.14576,1.00,1.50
2014.09.16 02:07:41.054,1.14561,1.14576,1.00,1.87
2014.09.16 02:07:41.106,1.14559,1.14574,1.69,1.00
2014.09.16 02:07:41.794,1.14559,1.14573,1.00,1.00
2014.09.16 02:07:42.259,1.14561,1.14578,1.12,2.81
2014.09.16 02:07:42.310,1.14561,1.14578,1.12,2.06
2014.09.16 02:07:42.774,1.14564,1.14579,1.12,1.31
2014.09.16 02:07:43.078,1.14567,1.14578,1.00,1.50
2014.09.16 02:07:43.444,1.14564,1.14578,1.00,1.87
2014.09.16 02:07:43.495,1.14567,1.14578,1.00,1.87
2014.09.16 02:07:43.597,1.14564,1.14578,1.00,1.87
2014.09.16 02:07:44.001,1.14564,1.1458,1.37,1.00
2014.09.16 02:07:44.506,1.14567,1.14581,1.87,1.25
2014.09.16 02:07:44.810,1.14567,1.14579,1.50,1.00
2014.09.16 02:07:45.215,1.14562,1.14579,4.31,1.12
2014.09.16 02:07:45.721,1.14563,1.14579,1.62,1.00
2014.09.16 02:07:45.772,1.14567,1.14579,1.00,1.00
2014.09.16 02:07:46.126,1.14564,1.14579,2.06,1.00
2014.09.16 02:07:46.177,1.14565,1.14581,1.00,1.12
2014.09.16 02:07:46.588,1.14564,1.1458,1.69,1.37
2014.09.16 02:07:47.503,1.14564,1.1458,1.12,1.37
2014.09.16 02:07:47.828,1.14564,1.1458,1.87,1.00
2014.09.16 02:07:48.395,1.14565,1.1458,1.00,1.37
2014.09.16 02:07:48.897,1.14564,1.1458,2.62,1.12
2014.09.16 02:07:50.684,1.14565,1.1458,1.37,1.00
2014.09.16 02:07:51.000,1.14569,1.14584,1.37,1.00
2014.09.16 02:07:51.254,1.14572,1.14587,1.37,1.00
2014.09.16 02:07:51.759,1.14572,1.14587,1.12,1.00
2014.09.16 02:07:52.317,1.14572,1.14587,1.37,1.00
2014.09.16 02:07:52.419,1.14573,1.14589,1.37,2.44
2014.09.16 02:07:52.520,1.14573,1.14589,1.87,1.87
2014.09.16 02:07:52.926,1.14572,1.14589,3.19,1.87
2014.09.16 02:07:53.385,1.14572,1.14589,3.19,1.87
2014.09.16 02:07:53.905,1.14572,1.14588,3.00,1.37
2014.09.16 02:07:54.007,1.14572,1.14585,2.25,1.00
2014.09.16 02:07:54.311,1.14575,1.14588,1.00,1.00
2014.09.16 02:07:54.463,1.14575,1.1459,1.87,1.00
2014.09.16 02:07:54.514,1.14578,1.14591,1.00,1.50
2014.09.16 02:07:54.565,1.14579,1.14593,1.00,1.12
2014.09.16 02:07:54.717,1.14579,1.14596,1.50,1.50
2014.09.16 02:07:55.021,1.14582,1.14596,1.00,1.00
2014.09.16 02:07:55.528,1.14582,1.14597,1.00,1.69
2014.09.16 02:07:56.034,1.14582,1.14596,1.00,1.00
2014.09.16 02:07:56.337,1.14582,1.14596,1.00,1.37
2014.09.16 02:07:57.199,1.14582,1.14596,1.00,1.62
2014.09.16 02:07:58.192,1.1458,1.14595,1.50,1.12
2014.09.16 02:07:58.445,1.1458,1.14595,1.50,1.37
2014.09.16 02:07:59.001,1.14578,1.14594,1.00,2.06
2014.09.16 02:07:59.304,1.14578,1.14594,1.00,2.06
2014.09.16 02:07:59.709,1.14578,1.14594,1.00,2.06
2014.09.16 02:07:59.810,1.14578,1.14594,1.00,2.06
2014.09.16 02:08:00.115,1.14576,1.14591,1.00,1.37
2014.09.16 02:08:00.527,1.14576,1.1459,1.00,1.37
2014.09.16 02:08:00.577,1.14574,1.14588,1.00,1.37
2014.09.16 02:08:00.781,1.14572,1.14587,1.50,1.00
2014.09.16 02:08:00.884,1.14572,1.14587,1.50,1.69
2014.09.16 02:08:01.188,1.1457,1.14585,1.50,1.25
2014.09.16 02:08:01.353,1.14568,1.14585,1.50,1.25
2014.09.16 02:08:01.505,1.14569,1.14582,1.00,1.00
2014.09.16 02:08:01.606,1.14567,1.14582,3.00,1.00
2014.09.16 02:08:02.112,1.14572,1.14585,1.00,1.19
2014.09.16 02:08:02.214,1.14572,1.14588,1.50,1.69
2014.09.16 02:08:02.315,1.14572,1.14589,1.50,1.50
2014.09.16 02:08:02.417,1.14575,1.14591,1.50,1.19
2014.09.16 02:08:02.519,1.14576,1.14592,1.00,2.81
2014.09.16 02:08:02.772,1.14577,1.14594,3.00,1.00
2014.09.16 02:08:02.823,1.14579,1.14596,1.00,1.69
2014.09.16 02:08:03.589,1.14581,1.14596,1.00,3.19
2014.09.16 02:08:04.111,1.1458,1.14595,1.50,1.00
2014.09.16 02:08:04.989,1.1458,1.14595,1.19,1.00
2014.09.16 02:08:05.040,1.14582,1.14597,1.00,1.00
2014.09.16 02:08:05.141,1.14584,1.14599,1.00,1.62
2014.09.16 02:08:05.646,1.14585,1.14601,1.50,1.56
2014.09.16 02:08:05.964,1.14585,1.14602,1.50,2.81
2014.09.16 02:08:06.527,1.14587,1.14603,1.12,1.19
2014.09.16 02:08:06.628,1.14587,1.14604,1.31,1.00
2014.09.16 02:08:06.932,1.14588,1.14604,1.87,1.00
2014.09.16 02:08:08.356,1.14589,1.14606,2.25,5.06
2014.09.16 02:08:08.887,1.1459,1.14606,1.00,4.69
2014.09.16 02:08:09.243,1.1459,1.14603,1.00,1.00
2014.09.16 02:08:09.497,1.14588,1.14603,1.00,2.06
2014.09.16 02:08:09.548,1.14588,1.14598,1.00,1.00
2014.09.16 02:08:09.751,1.14586,1.14598,1.00,1.00
2014.09.16 02:08:09.853,1.14583,1.14598,1.00,1.00
2014.09.16 02:08:13.257,1.14585,1.146,1.00,1.12
2014.09.16 02:08:14.598,1.14586,1.146,1.00,1.00
2014.09.16 02:08:15.105,1.14585,1.146,1.00,1.00
2014.09.16 02:08:16.804,1.14586,1.146,1.00,1.00
2014.09.16 02:08:17.258,1.14586,1.14603,2.25,1.69
2014.09.16 02:08:18.046,1.14588,1.14603,1.50,1.25
2014.09.16 02:08:18.248,1.14588,1.14605,1.50,2.44
2014.09.16 02:08:21.228,1.14588,1.14605,1.50,2.44
2014.09.16 02:08:22.156,1.14588,1.14601,1.00,1.00
2014.09.16 02:08:22.207,1.14586,1.14601,1.50,1.00
2014.09.16 02:08:23.866,1.14584,1.14599,3.00,1.00
2014.09.16 02:08:25.355,1.14588,1.146,1.00,1.00
2014.09.16 02:08:25.456,1.14588,1.14602,1.00,1.00
2014.09.16 02:08:25.963,1.14588,1.14603,1.87,1.50
2014.09.16 02:08:26.381,1.14589,1.14606,1.12,1.69
2014.09.16 02:08:27.101,1.14588,1.14604,1.00,1.50
2014.09.16 02:08:27.304,1.14584,1.14601,2.06,1.00
2014.09.16 02:08:27.406,1.14584,1.14601,2.81,1.00
2014.09.16 02:08:27.880,1.14583,1.14599,1.19,1.00
2014.09.16 02:08:28.392,1.14583,1.14599,1.00,1.00
2014.09.16 02:08:29.106,1.14582,1.14596,1.50,1.00
2014.09.16 02:08:29.615,1.14581,1.14596,2.25,1.00
2014.09.16 02:08:34.632,1.14582,1.14596,1.00,1.00
2014.09.16 02:08:42.307,1.14582,1.14595,1.00,1.00
2014.09.16 02:08:46.921,1.14582,1.14595,1.37,1.00
2014.09.16 02:08:49.690,1.14582,1.14595,1.00,1.00
2014.09.16 02:08:51.868,1.1458,1.14595,1.87,1.00
2014.09.16 02:08:52.384,1.14579,1.14594,3.37,1.00
2014.09.16 02:08:54.518,1.14579,1.14594,3.37,1.00
2014.09.16 02:08:55.032,1.14579,1.14594,2.81,1.00
2014.09.16 02:08:55.749,1.1458,1.14597,1.37,1.50
2014.09.16 02:08:56.053,1.14581,1.14597,1.00,1.00
2014.09.16 02:08:56.565,1.1458,1.14597,1.00,1.37
2014.09.16 02:08:57.091,1.1458,1.14597,1.00,1.00
2014.09.16 02:08:57.751,1.1458,1.14597,1.00,1.19
2014.09.16 02:08:58.742,1.1458,1.14597,1.00,1.00
2014.09.16 02:09:06.665,1.14582,1.14597,1.12,1.00
2014.09.16 02:09:08.264,1.14582,1.14597,1.00,1.62
2014.09.16 02:09:08.572,1.14582,1.14597,1.00,2.06
2014.09.16 02:09:08.777,1.14579,1.14594,1.50,1.12
2014.09.16 02:09:08.979,1.14578,1.14592,1.00,1.00
2014.09.16 02:09:09.283,1.14576,1.14588,1.00,1.00
2014.09.16 02:09:09.384,1.14573,1.14588,3.56,1.00
2014.09.16 02:09:11.447,1.14573,1.14588,1.12,1.00
2014.09.16 02:09:14.756,1.14573,1.14588,1.00,1.62
2014.09.16 02:09:15.258,1.14573,1.14588,1.00,1.25
2014.09.16 02:09:18.274,1.14573,1.14588,1.00,1.37
2014.09.16 02:09:18.864,1.14573,1.14588,1.00,1.37
2014.09.16 02:09:19.392,1.14573,1.14588,1.00,1.00
2014.09.16 02:09:20.372,1.14574,1.14589,1.00,1.25
2014.09.16 02:09:23.700,1.14572,1.14587,2.25,1.00
2014.09.16 02:09:26.483,1.14569,1.14581,2.25,1.00
2014.09.16 02:09:26.584,1.14569,1.14584,1.50,1.00
2014.09.16 02:09:26.736,1.14567,1.14584,3.19,1.00
2014.09.16 02:09:27.242,1.14569,1.14584,1.00,1.00
2014.09.16 02:09:28.184,1.1457,1.14585,1.00,1.31
2014.09.16 02:09:28.825,1.1457,1.14585,1.00,1.62
2014.09.16 02:09:29.330,1.1457,1.14585,1.00,1.25
2014.09.16 02:09:29.836,1.14571,1.14588,1.00,1.69
2014.09.16 02:09:30.430,1.14571,1.14588,1.00,1.31
2014.09.16 02:09:30.591,1.14571,1.14588,1.00,1.62
2014.09.16 02:09:31.593,1.14571,1.14588,1.00,2.81
2014.09.16 02:09:33.297,1.14571,1.14588,1.00,2.81
2014.09.16 02:09:35.449,1.14571,1.14588,1.00,2.81
2014.09.16 02:09:36.311,1.14571,1.14588,1.00,2.81
2014.09.16 02:09:37.072,1.14571,1.14588,1.00,2.81
2014.09.16 02:09:38.339,1.14569,1.14586,1.50,2.06
2014.09.16 02:09:38.441,1.14569,1.14586,1.50,2.06
2014.09.16 02:09:39.051,1.14569,1.14586,1.50,2.06
2014.09.16 02:09:39.570,1.14569,1.14586,2.25,1.69
2014.09.16 02:09:41.742,1.14571,1.14588,1.00,1.31
2014.09.16 02:09:42.250,1.14571,1.14588,1.50,1.37
2014.09.16 02:09:44.867,1.14571,1.14588,2.25,1.62
2014.09.16 02:09:45.418,1.14571,1.14588,2.25,1.37
2014.09.16 02:09:46.405,1.14571,1.14588,2.25,1.37
2014.09.16 02:09:46.456,1.14571,1.14588,2.25,1.37
2014.09.16 02:09:46.558,1.14571,1.14588,1.50,2.25
2014.09.16 02:09:46.659,1.14571,1.14588,1.50,1.37
2014.09.16 02:09:46.711,1.14573,1.14588,1.00,1.37
2014.09.16 02:09:46.762,1.14573,1.14589,1.50,1.25
2014.09.16 02:09:47.472,1.14573,1.14588,1.50,1.00
2014.09.16 02:09:47.603,1.14573,1.14588,1.50,1.69
2014.09.16 02:09:48.115,1.14572,1.14587,1.00,1.19
2014.09.16 02:09:48.642,1.14572,1.14587,1.00,1.25
2014.09.16 02:09:49.048,1.14572,1.14587,1.00,2.06
2014.09.16 02:09:49.253,1.14569,1.14584,1.25,1.37
2014.09.16 02:09:49.608,1.14566,1.14583,3.00,1.87
2014.09.16 02:09:50.120,1.14565,1.14581,1.00,1.37
2014.09.16 02:09:50.632,1.14564,1.14581,1.25,1.87
2014.09.16 02:09:52.070,1.14564,1.14581,1.00,2.06
2014.09.16 02:09:52.343,1.14564,1.14581,1.00,2.06
2014.09.16 02:09:53.981,1.14564,1.14581,1.00,2.06
2014.09.16 02:09:54.131,1.14562,1.14579,3.00,1.37
2014.09.16 02:09:55.554,1.14562,1.14579,3.37,1.00
2014.09.16 02:09:55.655,1.14566,1.14581,1.00,1.69
2014.09.16 02:09:55.908,1.14569,1.14584,1.00,1.31
2014.09.16 02:09:56.162,1.1457,1.14586,1.50,1.00
2014.09.16 02:09:56.263,1.14573,1.14588,1.00,1.25
2014.09.16 02:09:58.099,1.14573,1.14588,1.00,1.62
2014.09.16 02:10:00.026,1.14573,1.14588,1.00,1.62
2014.09.16 02:10:03.933,1.14573,1.14588,1.00,1.37
2014.09.16 02:10:04.904,1.14573,1.14588,1.00,1.37
2014.09.16 02:10:05.733,1.14573,1.14588,1.00,1.37
2014.09.16 02:10:06.259,1.14573,1.14588,1.00,1.37
2014.09.16 02:10:06.809,1.14573,1.14588,1.00,1.37
2014.09.16 02:10:11.623,1.14574,1.14589,1.00,1.62
2014.09.16 02:10:11.674,1.14576,1.14591,1.50,1.25
2014.09.16 02:10:11.776,1.14576,1.14593,1.50,2.81
2014.09.16 02:10:12.292,1.14577,1.14593,1.00,1.69
2014.09.16 02:10:12.647,1.14578,1.14595,1.00,1.25
2014.09.16 02:10:12.900,1.14577,1.14591,1.69,1.00
2014.09.16 02:10:13.436,1.14576,1.14591,1.00,1.25
2014.09.16 02:10:13.740,1.14584,1.14599,1.00,1.87
2014.09.16 02:10:14.245,1.14584,1.14599,1.00,1.00
2014.09.16 02:10:14.555,1.14586,1.14599,1.00,1.00
2014.09.16 02:10:15.264,1.14586,1.14601,1.00,1.37
2014.09.16 02:10:16.176,1.14586,1.14601,1.00,1.37
2014.09.16 02:10:16.682,1.14586,1.14601,1.00,1.37
2014.09.16 02:10:16.733,1.14584,1.14599,1.00,1.37
2014.09.16 02:10:17.290,1.14584,1.14599,1.00,1.37
2014.09.16 02:10:17.493,1.14584,1.14599,1.00,1.50
2014.09.16 02:10:17.797,1.14582,1.14594,1.00,1.00
2014.09.16 02:10:17.848,1.14578,1.14594,1.00,1.00
2014.09.16 02:10:17.899,1.14577,1.14592,1.50,1.19
2014.09.16 02:10:18.001,1.14575,1.14591,1.00,1.19
2014.09.16 02:10:18.103,1.14574,1.1459,1.00,1.19
2014.09.16 02:10:18.154,1.14572,1.14589,3.75,1.69
2014.09.16 02:10:19.288,1.14572,1.14589,3.19,1.50
2014.09.16 02:10:20.375,1.14572,1.14589,3.19,1.87
2014.09.16 02:10:20.743,1.14579,1.14593,1.00,2.06
2014.09.16 02:10:20.844,1.14577,1.14592,1.00,1.19
2014.09.16 02:10:21.658,1.14575,1.1459,1.50,1.00
2014.09.16 02:10:23.642,1.14575,1.1459,1.00,1.37
2014.09.16 02:10:24.148,1.14575,1.1459,1.00,1.37
2014.09.16 02:10:25.343,1.14575,1.1459,1.00,1.37
2014.09.16 02:10:26.772,1.14575,1.1459,1.00,1.37
2014.09.16 02:10:28.332,1.14578,1.14592,1.00,2.06
2014.09.16 02:10:28.434,1.14576,1.14588,1.00,1.00
2014.09.16 02:10:28.954,1.14575,1.14588,1.00,1.12
2014.09.16 02:10:34.080,1.14575,1.14591,1.00,1.56
2014.09.16 02:10:34.284,1.14577,1.14593,1.00,2.06
2014.09.16 02:10:34.589,1.14575,1.1459,1.50,1.00
2014.09.16 02:10:34.899,1.14577,1.14592,1.00,1.00
2014.09.16 02:10:35.801,1.14578,1.14592,1.00,1.00
2014.09.16 02:10:36.054,1.14579,1.14594,1.00,1.31
2014.09.16 02:10:36.581,1.14579,1.14594,1.00,2.06
2014.09.16 02:10:37.193,1.14578,1.14592,1.00,1.37
2014.09.16 02:10:37.709,1.14577,1.14592,1.00,1.56
2014.09.16 02:10:40.592,1.14577,1.14592,1.00,1.62
2014.09.16 02:10:40.694,1.1458,1.14594,1.00,2.81
2014.09.16 02:10:41.099,1.1458,1.14595,1.00,1.56
2014.09.16 02:10:41.200,1.14577,1.14594,2.25,2.06
2014.09.16 02:10:41.731,1.14577,1.14594,2.25,2.06
2014.09.16 02:10:42.592,1.14579,1.14596,1.50,3.19
2014.09.16 02:10:42.643,1.14579,1.14596,1.50,2.81
2014.09.16 02:10:42.744,1.14579,1.14596,1.50,2.81
2014.09.16 02:10:44.846,1.14579,1.14596,1.50,2.81
2014.09.16 02:10:45.150,1.1459,1.14603,1.50,1.00
2014.09.16 02:10:45.403,1.1459,1.14606,1.00,1.19
2014.09.16 02:10:45.909,1.14589,1.14604,1.50,1.00
2014.09.16 02:10:46.452,1.14589,1.14604,1.50,1.19
2014.09.16 02:10:48.626,1.14589,1.14604,1.00,1.56
2014.09.16 02:10:48.727,1.14587,1.14604,3.00,2.06
2014.09.16 02:10:50.032,1.14587,1.14604,2.25,2.06
2014.09.16 02:10:50.242,1.14587,1.14601,1.50,1.37
2014.09.16 02:10:50.546,1.14583,1.146,1.50,1.62
2014.09.16 02:10:50.748,1.14583,1.146,1.50,1.62
2014.09.16 02:10:51.325,1.14583,1.146,2.25,1.56
2014.09.16 02:10:51.732,1.14583,1.146,2.25,1.62
2014.09.16 02:10:52.243,1.14583,1.146,1.50,1.62
2014.09.16 02:10:53.612,1.14588,1.14602,1.00,1.19
2014.09.16 02:10:53.663,1.14588,1.14604,1.00,1.31
2014.09.16 02:10:54.366,1.14588,1.14603,1.50,1.25
2014.09.16 02:10:57.822,1.14588,1.14602,1.00,1.00
2014.09.16 02:10:58.233,1.14587,1.14602,1.00,1.37
2014.09.16 02:10:59.464,1.14587,1.14602,1.00,1.87
2014.09.16 02:10:59.979,1.14587,1.14602,1.00,2.44
2014.09.16 02:11:00.381,1.14587,1.14602,1.00,1.56
2014.09.16 02:11:00.483,1.14587,1.14602,1.00,1.31
2014.09.16 02:11:04.145,1.14586,1.14601,1.00,1.00
2014.09.16 02:11:04.320,1.14585,1.14599,1.50,1.00
2014.09.16 02:11:04.856,1.14584,1.14599,1.00,1.00
2014.09.16 02:11:06.177,1.14584,1.14599,1.00,2.06
2014.09.16 02:11:06.432,1.14581,1.14598,1.25,1.37
2014.09.16 02:11:06.994,1.14581,1.14598,1.00,2.06
2014.09.16 02:11:07.146,1.14578,1.14595,1.25,1.37
2014.09.16 02:11:08.428,1.14577,1.14592,2.44,1.00
2014.09.16 02:11:08.732,1.14576,1.14589,1.69,1.00
2014.09.16 02:11:08.833,1.14574,1.14589,1.50,1.00
2014.09.16 02:11:08.884,1.14574,1.14589,1.00,1.37
2014.09.16 02:11:08.935,1.14572,1.14588,2.25,1.37
2014.09.16 02:11:09.340,1.14571,1.14585,1.00,1.00
2014.09.16 02:11:09.645,1.14574,1.14586,1.00,1.00
2014.09.16 02:11:09.797,1.14573,1.14588,1.00,1.00
2014.09.16 02:11:10.403,1.14573,1.14588,1.00,1.37
2014.09.16 02:11:11.182,1.14575,1.14588,1.00,1.37
2014.09.16 02:11:11.283,1.14575,1.14589,1.50,1.00
2014.09.16 02:11:11.335,1.14575,1.14592,1.50,2.62
2014.09.16 02:11:11.487,1.14577,1.14592,1.00,1.12
2014.09.16 02:11:16.915,1.14577,1.14592,1.50,1.56
2014.09.16 02:11:17.067,1.14575,1.1459,1.50,1.50
2014.09.16 02:11:17.169,1.14573,1.14589,1.25,1.12
2014.09.16 02:11:17.693,1.14572,1.14589,1.00,1.31
2014.09.16 02:11:18.298,1.14577,1.14591,1.00,1.56
2014.09.16 02:11:18.501,1.14575,1.1459,1.50,1.25
2014.09.16 02:11:19.686,1.14577,1.1459,1.00,1.25
2014.09.16 02:11:20.098,1.14578,1.14593,1.00,1.31
2014.09.16 02:11:21.025,1.14578,1.14593,1.00,1.62
2014.09.16 02:11:22.477,1.14578,1.14593,1.00,1.56
2014.09.16 02:11:24.253,1.14578,1.14593,1.00,1.56
2014.09.16 02:11:24.304,1.14575,1.14592,2.25,2.06
2014.09.16 02:11:24.814,1.14575,1.1459,1.00,1.87
2014.09.16 02:11:26.160,1.14575,1.1459,1.00,1.87
2014.09.16 02:11:27.399,1.14576,1.14593,1.00,2.81
2014.09.16 02:11:27.754,1.14576,1.14593,1.00,1.31
2014.09.16 02:11:28.275,1.14577,1.14593,1.00,1.31
2014.09.16 02:11:28.860,1.14577,1.14593,1.00,1.62
2014.09.16 02:11:32.491,1.14577,1.14593,1.00,1.00
2014.09.16 02:11:32.925,1.14577,1.14592,1.00,1.37
2014.09.16 02:11:33.229,1.14573,1.14589,1.25,1.87
2014.09.16 02:11:33.770,1.14572,1.14588,1.50,1.37
2014.09.16 02:11:34.310,1.14572,1.14589,1.50,1.87
2014.09.16 02:11:34.634,1.1457,1.14585,1.50,1.37
2014.09.16 02:11:34.735,1.1457,1.14585,1.00,1.12
2014.09.16 02:11:36.727,1.14571,1.14586,1.00,1.25
2014.09.16 02:11:37.238,1.14571,1.14586,1.00,1.62
2014.09.16 02:11:37.749,1.14571,1.14586,1.00,1.37
2014.09.16 02:11:38.429,1.14571,1.14586,1.00,1.12
2014.09.16 02:11:38.531,1.14571,1.14586,1.00,1.37
2014.09.16 02:11:39.049,1.14571,1.14586,1.00,1.37
2014.09.16 02:11:39.570,1.14571,1.14586,1.00,1.37
2014.09.16 02:11:40.363,1.14571,1.14586,1.00,1.12
2014.09.16 02:11:40.465,1.14571,1.14586,1.00,1.37
2014.09.16 02:11:41.035,1.14571,1.14586,1.00,1.37
2014.09.16 02:11:41.443,1.14573,1.14586,1.00,1.00
2014.09.16 02:11:41.800,1.14573,1.14589,1.00,1.00
2014.09.16 02:11:42.328,1.14573,1.14588,1.00,1.00
2014.09.16 02:11:42.683,1.14573,1.14588,1.00,1.37
2014.09.16 02:11:42.785,1.14573,1.14588,1.00,1.37
2014.09.16 02:11:43.140,1.1457,1.14587,1.69,1.87
2014.09.16 02:11:43.450,1.14569,1.14584,2.44,1.00
2014.09.16 02:11:43.770,1.14569,1.14584,1.50,1.00
2014.09.16 02:11:44.366,1.14569,1.14584,1.50,1.37
2014.09.16 02:11:45.659,1.14569,1.14584,1.00,1.12
2014.09.16 02:11:51.304,1.14569,1.14583,1.50,1.00
2014.09.16 02:11:51.750,1.1457,1.14585,1.00,1.25
2014.09.16 02:11:53.703,1.1457,1.14584,1.00,1.19
2014.09.16 02:11:53.958,1.14568,1.14583,1.00,1.25
2014.09.16 02:11:55.815,1.14568,1.14584,1.00,1.25
2014.09.16 02:11:56.803,1.14568,1.14584,1.00,1.19
2014.09.16 02:11:57.795,1.14568,1.14584,1.00,1.69
2014.09.16 02:11:58.759,1.14567,1.14584,1.50,2.06
2014.09.16 02:11:59.309,1.14567,1.14581,1.00,1.00
2014.09.16 02:11:59.815,1.14566,1.14581,1.00,1.00
2014.09.16 02:12:00.373,1.14566,1.14581,1.00,1.19
2014.09.16 02:12:01.622,1.14566,1.14581,1.00,1.69
2014.09.16 02:12:02.605,1.14566,1.14581,1.00,1.19
2014.09.16 02:12:04.253,1.14566,1.14581,1.00,1.25
2014.09.16 02:12:13.069,1.14568,1.14583,1.00,1.25
2014.09.16 02:12:13.322,1.14566,1.14583,1.00,1.25
2014.09.16 02:12:14.788,1.14566,1.14583,1.00,1.69
2014.09.16 02:12:15.880,1.14566,1.14582,1.00,1.19
2014.09.16 02:12:16.861,1.14566,1.1458,1.00,1.31
2014.09.16 02:12:17.479,1.14565,1.1458,1.50,2.06
2014.09.16 02:12:17.994,1.14566,1.1458,1.50,1.56
2014.09.16 02:12:18.703,1.14566,1.14582,1.50,1.19
2014.09.16 02:12:19.209,1.14566,1.14582,1.50,1.56
2014.09.16 02:12:19.838,1.14566,1.14582,1.50,1.56
2014.09.16 02:12:22.450,1.14567,1.14582,1.00,1.19
2014.09.16 02:12:22.501,1.14568,1.14584,1.12,1.19
2014.09.16 02:12:22.703,1.14569,1.14584,1.37,1.19
2014.09.16 02:12:22.805,1.14569,1.14585,1.37,1.00
2014.09.16 02:12:23.310,1.14569,1.14585,1.00,1.00
2014.09.16 02:12:23.412,1.14574,1.14586,1.00,1.25
2014.09.16 02:12:23.563,1.14574,1.14589,1.00,1.19
2014.09.16 02:12:24.211,1.14576,1.1459,1.00,1.19
2014.09.16 02:12:24.363,1.14573,1.14587,1.50,1.50
2014.09.16 02:12:24.515,1.14572,1.14586,1.00,1.19
2014.09.16 02:12:24.566,1.1457,1.14586,1.50,1.19
2014.09.16 02:12:24.617,1.1457,1.14584,1.50,1.19
2014.09.16 02:12:25.979,1.1457,1.14587,1.50,1.87
2014.09.16 02:12:26.030,1.14575,1.14587,1.00,1.00
2014.09.16 02:12:26.132,1.14575,1.14591,1.50,1.31
2014.09.16 02:12:26.233,1.14578,1.14591,1.00,1.31
2014.09.16 02:12:32.269,1.14578,1.14592,1.00,1.56
2014.09.16 02:12:32.320,1.14575,1.1459,1.50,1.12
2014.09.16 02:12:32.371,1.14575,1.1459,1.50,1.37
2014.09.16 02:12:32.624,1.14572,1.14589,2.25,1.56
2014.09.16 02:12:33.130,1.14572,1.14589,1.50,1.19
2014.09.16 02:12:35.866,1.14572,1.14589,1.50,1.62
2014.09.16 02:12:36.069,1.14572,1.14589,1.50,1.62
2014.09.16 02:12:36.349,1.14572,1.14589,1.50,1.62
2014.09.16 02:12:36.552,1.14574,1.14589,1.00,1.37
2014.09.16 02:12:37.879,1.14574,1.14591,1.50,1.62
2014.09.16 02:12:38.762,1.14574,1.1459,1.00,1.62
2014.09.16 02:12:39.289,1.14573,1.14588,1.00,1.62
2014.09.16 02:12:43.766,1.14571,1.14586,1.00,1.00
2014.09.16 02:12:44.322,1.14571,1.14586,1.00,1.37
2014.09.16 02:12:45.893,1.14571,1.14586,1.00,1.12
2014.09.16 02:12:46.459,1.14573,1.14588,1.00,1.31
2014.09.16 02:12:46.768,1.14575,1.1459,1.50,1.62
2014.09.16 02:12:50.599,1.14575,1.1459,1.50,1.37
2014.09.16 02:12:51.107,1.14575,1.1459,1.50,1.12
2014.09.16 02:12:53.890,1.14575,1.1459,1.50,1.37
2014.09.16 02:12:54.318,1.14573,1.14589,1.50,1.37
2014.09.16 02:12:55.189,1.14574,1.1459,1.00,1.37
2014.09.16 02:12:55.290,1.14574,1.14591,1.00,1.62
2014.09.16 02:12:58.108,1.14576,1.14591,1.00,1.37
2014.09.16 02:12:59.807,1.14576,1.14591,1.00,1.37
2014.09.16 02:13:02.720,1.14576,1.14591,1.00,1.12
2014.09.16 02:13:03.270,1.14577,1.14592,1.00,1.31
2014.09.16 02:13:12.802,1.14577,1.14592,1.00,1.37
2014.09.16 02:13:17.075,1.14577,1.14592,1.00,1.12
2014.09.16 02:13:21.228,1.14577,1.14592,1.00,1.37
2014.09.16 02:13:21.871,1.14577,1.14592,1.00,1.00
2014.09.16 02:13:29.328,1.14578,1.14593,1.00,1.87
2014.09.16 02:13:31.522,1.14578,1.14593,1.00,1.37
2014.09.16 02:13:35.550,1.14578,1.14593,1.00,1.00
2014.09.16 02:13:36.161,1.14578,1.14593,1.00,1.37
2014.09.16 02:13:43.051,1.14578,1.14593,1.00,1.12
2014.09.16 02:13:44.634,1.14577,1.14593,1.00,1.31
2014.09.16 02:13:45.173,1.14576,1.14593,2.25,1.31
2014.09.16 02:13:46.158,1.14576,1.14593,2.25,1.62
2014.09.16 02:13:48.092,1.14576,1.14593,2.25,1.62
2014.09.16 02:13:48.870,1.14576,1.14593,2.25,1.62
2014.09.16 02:13:49.086,1.14576,1.14593,2.25,1.31
2014.09.16 02:13:49.188,1.14576,1.14593,2.25,1.62
2014.09.16 02:13:51.498,1.14576,1.14593,1.50,1.37
2014.09.16 02:13:52.004,1.14578,1.14593,1.00,1.56
2014.09.16 02:13:52.662,1.14578,1.14593,1.00,1.31
2014.09.16 02:13:53.172,1.14578,1.14593,1.00,1.31
2014.09.16 02:13:53.704,1.14578,1.14593,1.00,1.62
2014.09.16 02:13:57.719,1.14577,1.1459,1.00,1.50
2014.09.16 02:13:57.871,1.14575,1.14592,1.50,1.62
2014.09.16 02:13:58.428,1.14576,1.14591,1.00,1.00
2014.09.16 02:13:59.034,1.14577,1.14591,1.00,1.00
2014.09.16 02:13:59.136,1.14579,1.14594,1.00,1.69
2014.09.16 02:14:00.020,1.1458,1.14595,1.00,1.12
2014.09.16 02:14:00.223,1.14578,1.14594,1.50,1.00
2014.09.16 02:14:00.324,1.1458,1.14595,1.00,1.50
2014.09.16 02:14:00.425,1.14577,1.14594,2.25,1.00
2014.09.16 02:14:01.032,1.14577,1.14591,1.00,1.00
2014.09.16 02:14:01.558,1.14576,1.14591,1.50,1.00
2014.09.16 02:14:02.543,1.14576,1.14591,1.50,1.37
2014.09.16 02:14:03.423,1.14576,1.14591,1.00,1.37
2014.09.16 02:14:07.177,1.14576,1.14591,1.00,1.87
2014.09.16 02:14:07.531,1.14574,1.14588,1.69,1.00
2014.09.16 02:14:08.121,1.14573,1.14588,1.00,1.37
2014.09.16 02:14:08.634,1.14574,1.1459,1.00,2.06
2014.09.16 02:14:09.146,1.14574,1.14591,1.69,1.00
2014.09.16 02:14:09.663,1.14576,1.14591,1.00,1.00
2014.09.16 02:14:12.576,1.14574,1.14591,3.19,1.00
2014.09.16 02:14:13.544,1.14574,1.14591,3.19,1.00
2014.09.16 02:14:14.546,1.14574,1.14591,3.19,1.00
2014.09.16 02:14:16.164,1.14576,1.14591,1.00,1.00
2014.09.16 02:14:16.469,1.14578,1.14595,1.50,3.19
2014.09.16 02:14:16.672,1.14578,1.14595,2.81,1.50
2014.09.16 02:14:16.773,1.14581,1.14596,1.00,1.31
2014.09.16 02:14:17.155,1.14583,1.14598,1.00,1.00
2014.09.16 02:14:23.219,1.14583,1.14598,1.00,1.37
2014.09.16 02:14:24.333,1.14583,1.14598,1.00,1.37
2014.09.16 02:14:29.941,1.14583,1.14598,1.00,1.62
2014.09.16 02:14:31.155,1.14583,1.14598,1.00,1.62
2014.09.16 02:14:36.349,1.14583,1.14598,1.00,1.12
2014.09.16 02:14:36.450,1.1458,1.14597,2.44,1.00
2014.09.16 02:14:36.653,1.1458,1.14597,2.25,1.62
2014.09.16 02:14:37.058,1.14579,1.14594,1.69,1.37
2014.09.16 02:14:37.362,1.14577,1.14592,1.50,1.00
2014.09.16 02:14:38.144,1.14577,1.14592,1.50,1.37
2014.09.16 02:14:39.187,1.14577,1.14592,2.25,1.12
2014.09.16 02:14:39.796,1.14577,1.14592,1.50,1.37
2014.09.16 02:14:40.977,1.14579,1.14594,1.00,2.06
2014.09.16 02:14:41.078,1.14579,1.14594,1.00,1.31
2014.09.16 02:14:41.382,1.14581,1.14595,1.00,2.06
2014.09.16 02:14:41.433,1.14581,1.14596,1.00,1.87
2014.09.16 02:14:41.686,1.14583,1.14598,1.00,1.00
2014.09.16 02:14:41.737,1.14583,1.146,1.50,1.69
2014.09.16 02:14:44.280,1.14583,1.146,1.50,2.06
2014.09.16 02:14:45.210,1.14583,1.146,1.50,1.87
2014.09.16 02:14:48.747,1.14583,1.146,1.69,1.50
2014.09.16 02:14:50.319,1.14587,1.14601,1.00,1.00
2014.09.16 02:14:50.927,1.14587,1.14602,1.00,1.62
2014.09.16 02:14:51.130,1.14585,1.146,1.00,1.37
2014.09.16 02:14:51.635,1.14582,1.14597,1.00,1.00
2014.09.16 02:14:52.350,1.14579,1.14596,3.19,1.50
2014.09.16 02:14:52.660,1.14579,1.14596,2.44,1.50
2014.09.16 02:14:59.455,1.14579,1.14595,1.00,1.00
2014.09.16 02:15:08.848,1.14579,1.14596,1.50,1.50
2014.09.16 02:15:15.497,1.14579,1.14596,1.87,1.00
2014.09.16 02:15:16.013,1.14579,1.14596,1.87,1.37
2014.09.16 02:15:16.317,1.14578,1.14595,1.50,2.81
2014.09.16 02:15:16.571,1.14576,1.14592,1.00,1.00
2014.09.16 02:15:17.111,1.14575,1.14592,1.25,1.50
2014.09.16 02:15:18.879,1.14575,1.14592,1.62,1.50
2014.09.16 02:15:19.386,1.14578,1.14593,1.00,1.00
2014.09.16 02:15:28.720,1.14578,1.14593,1.37,1.00
2014.09.16 02:15:30.793,1.14578,1.14593,1.00,1.00
2014.09.16 02:15:40.006,1.14579,1.14595,1.37,1.25
2014.09.16 02:15:40.310,1.14582,1.14597,1.37,1.00
2014.09.16 02:15:40.833,1.14584,1.14599,1.00,1.19
2014.09.16 02:15:40.935,1.14581,1.14598,1.87,1.31
2014.09.16 02:15:41.606,1.14581,1.14598,1.37,1.62
2014.09.16 02:15:43.412,1.14581,1.14598,1.12,1.37
2014.09.16 02:15:44.038,1.14581,1.14598,1.37,1.12
2014.09.16 02:15:44.444,1.14581,1.14596,1.12,1.00
2014.09.16 02:15:44.545,1.14579,1.14596,2.62,1.87
2014.09.16 02:15:44.747,1.14579,1.14593,1.00,1.00
2014.09.16 02:15:44.899,1.14581,1.14596,1.00,1.00
2014.09.16 02:15:45.254,1.14583,1.14598,1.00,1.00
2014.09.16 02:15:45.558,1.14585,1.146,1.00,1.19
2014.09.16 02:15:46.064,1.14585,1.14598,1.00,1.00
2014.09.16 02:15:46.115,1.14581,1.14598,1.69,1.50
2014.09.16 02:15:46.819,1.14582,1.14598,1.00,1.50
2014.09.16 02:15:47.324,1.14581,1.14598,2.62,1.50
2014.09.16 02:15:49.044,1.14581,1.14598,1.69,1.87
2014.09.16 02:15:49.586,1.14581,1.14598,1.87,2.06
2014.09.16 02:15:51.871,1.14581,1.14596,1.00,1.00
2014.09.16 02:15:52.639,1.14583,1.14597,1.00,1.00
2014.09.16 02:15:53.145,1.14583,1.14598,1.00,1.25
2014.09.16 02:15:54.131,1.14582,1.14596,1.12,1.00
2014.09.16 02:15:55.062,1.14581,1.14596,1.87,1.00
2014.09.16 02:15:55.606,1.14581,1.14596,1.87,1.00
2014.09.16 02:15:56.125,1.14581,1.14596,1.87,1.00
2014.09.16 02:15:59.260,1.14581,1.14596,1.87,1.00
2014.09.16 02:15:59.545,1.14583,1.14598,1.31,1.00
2014.09.16 02:15:59.596,1.14587,1.146,1.00,1.00
2014.09.16 02:16:00.102,1.14587,1.14602,1.50,1.19
2014.09.16 02:16:00.861,1.14587,1.14602,1.00,1.00
2014.09.16 02:16:08.298,1.14589,1.14603,1.00,1.31
2014.09.16 02:16:08.399,1.14586,1.14603,1.12,1.69
2014.09.16 02:16:08.450,1.14586,1.14603,1.12,2.44
2014.09.16 02:16:08.755,1.14585,1.14599,1.00,1.00
2014.09.16 02:16:09.262,1.14584,1.14599,1.00,1.50
2014.09.16 02:16:10.468,1.14585,1.14599,1.00,1.00
2014.09.16 02:16:10.772,1.14589,1.14602,1.00,1.31
2014.09.16 02:16:10.923,1.14587,1.14602,1.00,1.25
2014.09.16 02:16:11.426,1.14588,1.14602,1.00,1.25
2014.09.16 02:16:12.714,1.14587,1.14602,1.00,1.00
2014.09.16 02:16:14.330,1.14587,1.14602,1.00,1.37
2014.09.16 02:16:14.603,1.14585,1.146,1.50,1.12
2014.09.16 02:16:15.890,1.14585,1.146,1.00,1.37
2014.09.16 02:16:16.396,1.14583,1.14598,2.44,1.12
2014.09.16 02:16:16.498,1.14583,1.14596,1.50,1.00
2014.09.16 02:16:17.003,1.14581,1.14596,1.00,1.37
2014.09.16 02:16:17.531,1.14578,1.14595,2.44,1.87
2014.09.16 02:16:17.885,1.14578,1.14595,1.50,1.87
2014.09.16 02:16:17.936,1.14578,1.14595,1.50,1.87
2014.09.16 02:16:18.833,1.14578,1.14595,1.50,1.87
2014.09.16 02:16:19.037,1.14576,1.14592,1.69,1.12
2014.09.16 02:16:20.728,1.14576,1.14589,1.69,1.00
2014.09.16 02:16:21.338,1.14575,1.14592,1.19,1.37
2014.09.16 02:16:21.805,1.14575,1.14592,1.19,1.37
2014.09.16 02:16:22.308,1.14575,1.14592,1.00,1.37
2014.09.16 02:16:22.976,1.14575,1.14592,1.00,1.62
2014.09.16 02:16:25.989,1.14575,1.1459,1.00,2.25
2014.09.16 02:16:26.345,1.14575,1.14592,1.00,1.37
2014.09.16 02:16:26.749,1.14578,1.14593,1.00,1.62
2014.09.16 02:16:28.521,1.14578,1.14593,1.00,1.37
2014.09.16 02:16:30.625,1.14578,1.14593,1.00,1.00
2014.09.16 02:16:30.945,1.1458,1.14595,1.00,1.62
2014.09.16 02:16:32.629,1.1458,1.14595,1.00,1.62
2014.09.16 02:16:32.932,1.1458,1.14593,1.00,1.37
2014.09.16 02:16:33.034,1.1458,1.14593,1.00,1.31
2014.09.16 02:16:33.962,1.14577,1.14593,1.00,2.44
2014.09.16 02:16:34.063,1.14575,1.1459,2.25,1.00
2014.09.16 02:16:38.258,1.14575,1.1459,1.00,1.19
2014.09.16 02:16:38.764,1.14575,1.1459,1.00,1.56
2014.09.16 02:16:39.882,1.14575,1.14589,1.00,1.37
2014.09.16 02:16:41.394,1.14575,1.1459,1.00,1.62
2014.09.16 02:16:42.179,1.14575,1.1459,1.00,1.56
2014.09.16 02:16:42.457,1.14573,1.14589,1.00,2.06
2014.09.16 02:16:42.509,1.14573,1.14588,1.00,1.00
2014.09.16 02:16:43.028,1.14573,1.14587,1.00,1.00
2014.09.16 02:16:43.538,1.14573,1.14588,1.50,1.12
2014.09.16 02:16:45.413,1.14573,1.14588,1.50,2.44
2014.09.16 02:16:45.928,1.14573,1.14588,1.50,1.69
2014.09.16 02:16:48.279,1.14573,1.14588,1.50,1.69
2014.09.16 02:16:48.482,1.14571,1.14587,1.50,1.62
2014.09.16 02:16:48.988,1.14571,1.14585,1.00,1.00
2014.09.16 02:16:49.410,1.14569,1.14584,1.00,1.00
2014.09.16 02:16:49.511,1.14569,1.14582,1.00,1.00
2014.09.16 02:16:49.612,1.14564,1.14579,2.25,1.00
2014.09.16 02:16:53.275,1.14565,1.1458,1.00,1.00
2014.09.16 02:16:53.326,1.14567,1.14582,1.00,2.44
2014.09.16 02:16:53.529,1.14565,1.1458,1.50,1.12
2014.09.16 02:16:54.138,1.14565,1.1458,1.87,1.00
2014.09.16 02:16:54.699,1.14565,1.1458,2.62,1.00
2014.09.16 02:16:54.801,1.14567,1.14582,1.12,1.25
2014.09.16 02:16:58.118,1.14567,1.14582,1.00,1.37
2014.09.16 02:16:58.345,1.14567,1.14582,1.00,1.37
2014.09.16 02:16:58.446,1.14565,1.14581,1.69,1.37
2014.09.16 02:16:58.650,1.14565,1.14581,1.25,1.12
2014.09.16 02:16:58.953,1.14565,1.14581,1.25,1.37
2014.09.16 02:16:59.325,1.14565,1.14581,1.25,1.12
2014.09.16 02:16:59.862,1.14566,1.14583,1.00,1.62
2014.09.16 02:17:00.622,1.14566,1.14583,1.00,1.62
2014.09.16 02:17:03.042,1.14567,1.14583,1.00,1.56
2014.09.16 02:17:03.555,1.14566,1.14583,1.00,1.56
2014.09.16 02:17:04.329,1.14566,1.14583,1.00,1.56
2014.09.16 02:17:04.835,1.14567,1.14584,1.50,3.56
2014.09.16 02:17:05.373,1.14567,1.14584,1.50,2.81
2014.09.16 02:17:05.873,1.14567,1.14583,1.00,1.37
2014.09.16 02:17:05.975,1.14565,1.14582,1.50,1.62
2014.09.16 02:17:06.178,1.14563,1.14579,1.50,1.62
2014.09.16 02:17:06.279,1.14561,1.14578,2.44,1.00
2014.09.16 02:17:06.802,1.14561,1.14578,1.69,1.37
2014.09.16 02:17:08.075,1.14561,1.14578,1.50,1.62
2014.09.16 02:17:09.265,1.14561,1.14578,2.06,1.00
2014.09.16 02:17:09.367,1.14564,1.14578,1.00,1.00
2014.09.16 02:17:09.417,1.14565,1.1458,1.00,2.25
2014.09.16 02:17:09.519,1.14567,1.14581,1.00,1.00
2014.09.16 02:17:09.773,1.14569,1.14585,1.25,1.37
2014.09.16 02:17:09.823,1.14572,1.14585,1.00,1.00
2014.09.16 02:17:09.874,1.14572,1.14587,1.00,1.69
2014.09.16 02:17:10.331,1.14574,1.14588,1.00,1.19
2014.09.16 02:17:10.948,1.14574,1.14589,1.00,1.50
2014.09.16 02:17:11.936,1.14575,1.14591,1.00,1.25
2014.09.16 02:17:12.291,1.14577,1.14592,1.00,1.25
2014.09.16 02:17:12.544,1.14578,1.14595,1.00,1.31
2014.09.16 02:17:13.849,1.1458,1.14596,1.00,3.19
2014.09.16 02:17:13.900,1.1458,1.14596,1.00,1.50
2014.09.16 02:17:14.405,1.1458,1.14597,1.00,1.00
2014.09.16 02:17:14.658,1.14583,1.14598,1.00,1.50
2014.09.16 02:17:20.567,1.14582,1.14597,1.00,1.00
2014.09.16 02:17:21.152,1.14581,1.14595,1.00,1.00
2014.09.16 02:17:21.656,1.1458,1.14595,1.69,1.00
2014.09.16 02:17:22.766,1.14579,1.14594,1.69,1.00
2014.09.16 02:17:23.221,1.14577,1.14593,1.00,1.00
2014.09.16 02:17:23.524,1.14577,1.14592,1.00,1.37
2014.09.16 02:17:23.626,1.14577,1.14592,1.00,1.37
2014.09.16 02:17:24.128,1.14577,1.14592,1.00,1.00
2014.09.16 02:17:25.476,1.14577,1.14592,1.00,1.37
2014.09.16 02:17:25.535,1.14577,1.14592,1.00,1.37
2014.09.16 02:17:26.114,1.14577,1.14592,1.00,1.12
2014.09.16 02:17:26.468,1.14577,1.14592,1.00,1.37
2014.09.16 02:17:26.642,1.14577,1.14592,1.00,1.12
2014.09.16 02:17:27.129,1.14579,1.14592,1.00,1.12
2014.09.16 02:17:27.180,1.14579,1.14596,1.50,3.56
2014.09.16 02:17:27.282,1.14579,1.14596,1.50,2.62
2014.09.16 02:17:27.383,1.14579,1.14596,1.50,2.62
2014.09.16 02:17:27.923,1.14579,1.14596,1.50,2.62
2014.09.16 02:17:28.284,1.14579,1.14593,1.00,1.12
2014.09.16 02:17:28.490,1.14576,1.14592,1.25,1.00
2014.09.16 02:17:29.010,1.14575,1.14592,2.44,1.87
2014.09.16 02:17:29.415,1.14575,1.14592,2.25,1.87
2014.09.16 02:17:29.719,1.14574,1.1459,1.00,3.19
2014.09.16 02:17:29.821,1.14572,1.14587,1.25,1.37
2014.09.16 02:17:30.388,1.14572,1.14587,1.25,1.37
2014.09.16 02:17:32.115,1.1457,1.14585,1.00,1.12
2014.09.16 02:17:33.608,1.14571,1.14585,1.00,1.00
2014.09.16 02:17:34.200,1.14571,1.14588,1.50,2.81
2014.09.16 02:17:36.834,1.14571,1.14588,1.50,2.81
2014.09.16 02:17:37.239,1.14571,1.14587,1.00,1.56
2014.09.16 02:17:37.695,1.14568,1.14583,1.25,1.12
2014.09.16 02:17:37.797,1.14566,1.14581,2.44,1.00
2014.09.16 02:17:37.848,1.14566,1.14581,1.25,1.00
2014.09.16 02:17:38.303,1.14564,1.14579,1.69,1.00
2014.09.16 02:17:38.608,1.14571,1.14586,1.00,1.00
2014.09.16 02:17:46.435,1.14569,1.14586,1.50,1.69
2014.09.16 02:17:47.168,1.14569,1.14586,1.50,2.06
2014.09.16 02:17:48.248,1.14569,1.14586,1.50,2.06
2014.09.16 02:17:48.617,1.14572,1.14587,1.00,1.31
2014.09.16 02:17:49.830,1.14572,1.14586,1.00,1.37
2014.09.16 02:17:51.066,1.14572,1.14586,1.00,1.31
2014.09.16 02:17:53.467,1.14572,1.14587,1.00,1.00
2014.09.16 02:17:53.518,1.14573,1.14589,1.00,2.06
2014.09.16 02:17:53.923,1.14575,1.14591,1.00,1.31
2014.09.16 02:17:54.076,1.14575,1.14592,1.00,2.44
2014.09.16 02:17:54.688,1.14575,1.14592,1.00,2.81
2014.09.16 02:17:54.849,1.14575,1.14592,1.00,2.81
2014.09.16 02:17:55.386,1.14575,1.14591,1.00,1.19
2014.09.16 02:17:55.893,1.14575,1.14591,1.00,1.56
2014.09.16 02:17:56.095,1.14575,1.14592,1.00,2.06
2014.09.16 02:17:56.750,1.14578,1.14592,1.50,1.19
2014.09.16 02:17:57.275,1.14578,1.14593,1.50,1.19
2014.09.16 02:17:58.063,1.14578,1.14593,1.50,1.00
2014.09.16 02:18:00.158,1.14578,1.14595,1.50,2.81
2014.09.16 02:18:05.360,1.1458,1.14596,1.50,2.06
2014.09.16 02:18:06.079,1.1458,1.14596,1.50,1.25
2014.09.16 02:18:09.294,1.1458,1.14596,1.50,1.37
2014.09.16 02:18:09.345,1.14577,1.14594,1.69,1.00
2014.09.16 02:18:09.851,1.14577,1.14594,1.50,1.37
2014.09.16 02:18:10.515,1.14577,1.14594,1.50,1.00
2014.09.16 02:18:10.567,1.1458,1.14596,1.50,2.06
2014.09.16 02:18:10.974,1.14583,1.14597,1.00,1.25
2014.09.16 02:18:11.484,1.14584,1.14599,1.50,1.19
2014.09.16 02:18:11.535,1.14584,1.14601,1.50,2.06
2014.09.16 02:18:11.586,1.14587,1.14602,1.00,2.06
2014.09.16 02:18:12.777,1.14588,1.14602,1.00,1.69
2014.09.16 02:18:12.929,1.14588,1.14604,1.50,1.62
2014.09.16 02:18:13.474,1.14588,1.14604,1.50,2.06
2014.09.16 02:18:13.983,1.14588,1.14604,1.50,1.56
2014.09.16 02:18:14.626,1.14588,1.14604,1.50,2.06
2014.09.16 02:18:15.618,1.14588,1.14604,1.50,1.62
2014.09.16 02:18:16.176,1.14588,1.14604,1.50,1.31
2014.09.16 02:18:16.289,1.14588,1.14604,1.50,1.62
2014.09.16 02:18:19.462,1.14588,1.14603,1.00,1.37
2014.09.16 02:18:20.086,1.14588,1.14603,1.00,1.37
2014.09.16 02:18:21.051,1.14588,1.14603,1.00,1.31
2014.09.16 02:18:22.474,1.14588,1.14603,1.00,1.62
2014.09.16 02:18:27.567,1.14588,1.14602,1.00,1.37
2014.09.16 02:18:28.173,1.14588,1.14602,1.00,1.12
2014.09.16 02:18:28.771,1.14588,1.14603,1.00,1.25
2014.09.16 02:18:30.600,1.14587,1.14602,1.00,1.00
2014.09.16 02:18:47.537,1.14585,1.146,1.00,1.12
2014.09.16 02:18:48.322,1.14585,1.146,1.00,1.37
2014.09.16 02:18:48.525,1.14583,1.14598,1.00,1.00
2014.09.16 02:18:50.950,1.14583,1.14598,1.00,1.87
2014.09.16 02:18:59.038,1.14583,1.14598,1.00,1.62
2014.09.16 02:18:59.243,1.1458,1.14597,2.44,1.87
2014.09.16 02:18:59.748,1.1458,1.14595,1.50,1.37
2014.09.16 02:19:00.340,1.1458,1.14595,1.50,1.37
2014.09.16 02:19:02.470,1.1458,1.14595,1.50,1.56
2014.09.16 02:19:02.571,1.1458,1.14595,1.50,1.94
2014.09.16 02:19:02.989,1.14578,1.14595,2.25,2.81
2014.09.16 02:19:03.193,1.14578,1.14593,2.25,1.37
2014.09.16 02:19:05.389,1.14578,1.14594,2.25,1.94
2014.09.16 02:19:05.951,1.14576,1.14593,2.85,1.69
2014.09.16 02:19:06.865,1.14579,1.14594,1.00,1.62
2014.09.16 02:19:07.693,1.14579,1.14594,1.00,1.62
2014.09.16 02:19:14.227,1.14579,1.14594,1.00,1.37
2014.09.16 02:19:14.531,1.14579,1.14593,1.00,1.25
2014.09.16 02:19:14.582,1.14578,1.14591,1.00,1.00
2014.09.16 02:19:14.734,1.14574,1.14591,2.25,2.81
2014.09.16 02:19:14.886,1.14573,1.14588,1.00,1.00
2014.09.16 02:19:15.088,1.1457,1.14587,1.00,1.00
2014.09.16 02:19:15.626,1.1457,1.14586,1.00,1.25
2014.09.16 02:19:15.677,1.14569,1.14584,1.00,1.00
2014.09.16 02:19:16.647,1.14569,1.14584,1.00,1.37
2014.09.16 02:19:23.965,1.14569,1.14584,1.00,1.00
2014.09.16 02:19:27.051,1.14569,1.14584,1.00,1.37
2014.09.16 02:19:27.921,1.14569,1.14584,1.00,1.00
2014.09.16 02:19:28.444,1.14569,1.14586,1.50,1.37
2014.09.16 02:19:33.945,1.14569,1.14586,1.69,1.00
2014.09.16 02:19:34.250,1.14571,1.14587,1.00,1.87
2014.09.16 02:19:34.554,1.14577,1.14592,1.00,1.62
2014.09.16 02:19:35.009,1.14575,1.1459,1.00,1.37
2014.09.16 02:19:35.249,1.14573,1.14589,1.50,1.87
2014.09.16 02:19:35.805,1.14576,1.14589,1.00,1.00
2014.09.16 02:19:35.856,1.14576,1.14591,1.00,1.25
2014.09.16 02:19:36.363,1.14577,1.14591,1.00,1.00
2014.09.16 02:19:38.132,1.14576,1.14591,1.00,1.00
2014.09.16 02:19:38.811,1.14577,1.14591,1.00,1.00
2014.09.16 02:19:39.390,1.14576,1.14591,1.00,1.00
2014.09.16 02:19:40.884,1.14577,1.14591,1.00,1.00
2014.09.16 02:19:41.551,1.14577,1.14593,1.00,1.62
2014.09.16 02:19:42.094,1.14576,1.14593,1.50,1.62
2014.09.16 02:19:42.642,1.14577,1.14593,1.00,1.62
2014.09.16 02:19:45.172,1.14576,1.14593,1.00,1.87
2014.09.16 02:19:46.389,1.14577,1.14593,1.00,1.37
2014.09.16 02:19:50.341,1.14576,1.14593,1.00,2.06
2014.09.16 02:19:51.002,1.14577,1.14593,1.00,1.62
2014.09.16 02:19:55.670,1.14577,1.14593,1.12,1.25
2014.09.16 02:19:56.532,1.14576,1.14593,1.50,1.31
2014.09.16 02:19:57.039,1.14577,1.14593,1.00,1.31
2014.09.16 02:19:59.089,1.14579,1.14594,1.00,1.31
2014.09.16 02:19:59.600,1.14579,1.14594,1.00,1.00
2014.09.16 02:19:59.916,1.14581,1.14596,1.00,1.00
2014.09.16 02:20:00.219,1.14583,1.14596,1.00,1.00
2014.09.16 02:20:00.270,1.14583,1.146,1.50,2.81
2014.09.16 02:20:01.035,1.14583,1.146,1.50,2.06
2014.09.16 02:20:05.190,1.14585,1.146,1.00,1.31
2014.09.16 02:20:05.494,1.14592,1.14602,1.00,1.00
2014.09.16 02:20:05.545,1.14592,1.14606,1.25,1.00
2014.09.16 02:20:05.721,1.14593,1.14608,1.00,1.87
2014.09.16 02:20:05.923,1.14591,1.14606,1.19,1.00
2014.09.16 02:20:06.429,1.14591,1.14606,1.00,1.00
2014.09.16 02:20:13.873,1.14591,1.14606,1.00,1.37
2014.09.16 02:20:15.882,1.1459,1.14606,1.00,1.37
2014.09.16 02:20:16.416,1.14589,1.14606,2.44,1.87
2014.09.16 02:20:16.997,1.14589,1.14606,2.25,2.06
2014.09.16 02:20:17.285,1.14589,1.14606,2.25,1.69
2014.09.16 02:20:20.126,1.14589,1.14606,2.25,2.06
2014.09.16 02:20:20.645,1.14589,1.14606,2.62,1.69
2014.09.16 02:20:20.847,1.14591,1.14606,1.00,1.00
2014.09.16 02:20:20.898,1.14592,1.14608,1.00,1.25
2014.09.16 02:20:20.949,1.14591,1.14606,1.00,1.00
2014.09.16 02:20:23.975,1.14592,1.14609,1.00,1.19
2014.09.16 02:20:24.077,1.14594,1.1461,1.00,1.19
2014.09.16 02:20:24.962,1.14594,1.14611,1.00,2.06
2014.09.16 02:20:25.631,1.14594,1.14611,1.00,2.81
2014.09.16 02:20:26.138,1.14594,1.14611,1.50,1.56
2014.09.16 02:20:26.660,1.14594,1.14611,1.50,1.56
2014.09.16 02:20:27.570,1.14594,1.14611,1.50,1.31
2014.09.16 02:20:28.199,1.14594,1.14611,1.50,2.06
2014.09.16 02:20:28.361,1.14594,1.14611,1.50,2.06
2014.09.16 02:20:28.869,1.14594,1.14611,1.50,1.56
2014.09.16 02:20:30.788,1.14594,1.14611,1.50,1.56
2014.09.16 02:20:35.498,1.14594,1.14611,1.50,1.37
2014.09.16 02:20:35.801,1.14597,1.14612,1.50,1.12
2014.09.16 02:20:37.708,1.14597,1.14612,1.50,1.31
2014.09.16 02:20:39.176,1.14597,1.14612,1.50,1.56
2014.09.16 02:20:39.509,1.14595,1.1461,1.00,1.37
2014.09.16 02:20:52.806,1.14595,1.1461,1.00,1.25
2014.09.16 02:20:56.562,1.14595,1.1461,1.00,1.19
2014.09.16 02:20:59.616,1.14594,1.1461,1.00,1.31
2014.09.16 02:21:00.146,1.14593,1.14608,1.50,1.00
2014.09.16 02:21:07.015,1.14593,1.14607,1.00,1.00
2014.09.16 02:21:07.067,1.14593,1.14607,1.00,1.37
2014.09.16 02:21:07.118,1.14591,1.14606,1.00,1.37
2014.09.16 02:21:07.270,1.14589,1.14606,1.69,1.12
2014.09.16 02:21:10.802,1.14589,1.14604,1.25,1.00
2014.09.16 02:21:11.106,1.14588,1.14601,1.00,1.00
2014.09.16 02:21:11.308,1.14586,1.14601,1.00,1.00
2014.09.16 02:21:11.409,1.14586,1.14599,1.00,1.00
2014.09.16 02:21:11.917,1.14585,1.14598,1.00,1.00
2014.09.16 02:21:17.351,1.14585,1.14598,1.00,1.37
2014.09.16 02:21:19.507,1.14585,1.14598,1.00,1.37
2014.09.16 02:21:21.109,1.14585,1.14598,1.00,1.37
2014.09.16 02:21:23.626,1.14585,1.14598,1.00,1.25
2014.09.16 02:21:26.527,1.14583,1.14598,1.00,1.12
2014.09.16 02:21:27.033,1.14582,1.14598,1.00,1.12
2014.09.16 02:21:29.966,1.14582,1.14598,1.00,1.62
2014.09.16 02:21:30.482,1.14581,1.14596,1.00,1.37
2014.09.16 02:21:30.785,1.14578,1.14593,2.44,1.87
2014.09.16 02:21:31.861,1.14578,1.14593,2.25,1.12
2014.09.16 02:21:35.803,1.14578,1.14593,1.00,2.62
2014.09.16 02:21:35.854,1.14576,1.14593,2.25,2.81
2014.09.16 02:21:36.107,1.14575,1.14588,1.00,1.00
2014.09.16 02:21:36.259,1.14576,1.14591,1.00,2.06
2014.09.16 02:21:36.766,1.14576,1.14591,1.00,1.00
2014.09.16 02:21:36.918,1.14578,1.14593,1.00,2.81
2014.09.16 02:21:37.430,1.14578,1.14593,1.00,2.06
2014.09.16 02:21:37.940,1.14578,1.14593,1.00,1.37
2014.09.16 02:21:39.104,1.14578,1.14593,1.00,1.25
2014.09.16 02:21:41.204,1.1458,1.14595,1.00,1.19
2014.09.16 02:21:41.716,1.14581,1.14596,1.50,1.19
2014.09.16 02:21:41.969,1.14581,1.14598,1.50,3.56
2014.09.16 02:21:44.710,1.14579,1.14596,2.25,1.69
2014.09.16 02:21:46.725,1.14581,1.14598,1.50,3.56
2014.09.16 02:21:47.399,1.14579,1.14596,2.25,1.87
2014.09.16 02:21:47.604,1.14582,1.14596,1.00,1.87
2014.09.16 02:21:47.937,1.14579,1.14596,2.25,1.87
2014.09.16 02:21:48.722,1.14581,1.14596,1.00,2.06
2014.09.16 02:21:49.190,1.14579,1.14596,2.25,2.06
2014.09.16 02:21:51.172,1.14579,1.14596,2.25,2.06
2014.09.16 02:21:51.324,1.14581,1.14598,1.00,3.56
2014.09.16 02:21:51.861,1.1458,1.14595,1.00,1.00
2014.09.16 02:21:53.456,1.14581,1.14598,1.50,4.31
2014.09.16 02:21:53.961,1.14581,1.14598,1.50,4.31
2014.09.16 02:21:55.124,1.14584,1.14598,1.00,1.62
2014.09.16 02:21:55.226,1.14581,1.14596,1.50,1.00
2014.09.16 02:21:57.116,1.14581,1.14596,1.00,1.37
2014.09.16 02:22:00.024,1.14581,1.14596,1.00,1.00
2014.09.16 02:22:01.073,1.14582,1.14597,1.00,1.25
2014.09.16 02:22:03.083,1.14583,1.14598,1.00,1.31
2014.09.16 02:22:05.160,1.14583,1.14598,1.00,1.31
2014.09.16 02:22:09.182,1.14583,1.14598,1.00,1.31
2014.09.16 02:22:09.334,1.14583,1.14598,1.00,1.62
2014.09.16 02:22:09.841,1.14582,1.14596,1.00,1.37
2014.09.16 02:22:09.892,1.14579,1.14596,2.44,1.87
2014.09.16 02:22:10.394,1.14579,1.14596,2.25,2.06
2014.09.16 02:22:11.335,1.14579,1.14596,2.25,2.06
2014.09.16 02:22:11.436,1.14577,1.14594,2.44,1.87
2014.09.16 02:22:12.002,1.14577,1.14594,2.44,1.87
2014.09.16 02:22:12.664,1.14575,1.14592,3.00,1.87
2014.09.16 02:22:13.282,1.14577,1.14594,1.00,1.69
2014.09.16 02:22:13.523,1.1458,1.14594,1.00,1.62
2014.09.16 02:22:13.575,1.14578,1.14593,1.00,1.37
2014.09.16 02:22:15.058,1.14578,1.14593,1.00,1.12
2014.09.16 02:22:19.102,1.14578,1.14595,1.50,2.81
2014.09.16 02:22:26.980,1.14578,1.14595,2.25,2.81
2014.09.16 02:22:29.626,1.14578,1.14592,1.00,1.00
2014.09.16 02:22:30.283,1.14577,1.14592,1.00,1.00
2014.09.16 02:22:31.098,1.14577,1.14592,1.00,1.37
2014.09.16 02:22:31.301,1.14575,1.1459,1.00,1.12
2014.09.16 02:22:43.443,1.14572,1.14589,1.69,1.37
2014.09.16 02:22:43.951,1.14571,1.14588,1.00,2.81
2014.09.16 02:22:44.154,1.14569,1.14586,1.50,2.06
2014.09.16 02:22:45.044,1.14569,1.14586,1.50,2.81
2014.09.16 02:22:45.551,1.1457,1.14584,1.00,1.00
2014.09.16 02:22:46.097,1.14569,1.14584,1.00,1.87
2014.09.16 02:22:48.326,1.1457,1.14585,1.00,2.06
2014.09.16 02:22:49.096,1.1457,1.14585,1.00,1.62
2014.09.16 02:22:49.198,1.14568,1.14583,1.00,1.37
2014.09.16 02:22:50.904,1.14568,1.14583,1.00,1.87
2014.09.16 02:22:51.419,1.14569,1.14583,1.00,1.50
2014.09.16 02:22:51.933,1.14569,1.14584,1.50,1.25
2014.09.16 02:22:56.131,1.14569,1.14583,1.50,1.00
2014.09.16 02:22:59.560,1.14569,1.14584,1.50,1.31
2014.09.16 02:23:00.105,1.14569,1.14584,1.50,1.19
2014.09.16 02:23:00.838,1.14567,1.14583,1.50,2.06
2014.09.16 02:23:04.834,1.14567,1.14583,1.00,2.44
2014.09.16 02:23:05.851,1.14569,1.14584,1.00,1.56
2014.09.16 02:23:08.396,1.14569,1.14584,1.00,1.25
2014.09.16 02:23:08.910,1.14569,1.14584,1.00,1.37
2014.09.16 02:23:12.572,1.14568,1.1458,1.00,1.00
2014.09.16 02:23:12.623,1.14565,1.1458,1.50,1.00
2014.09.16 02:23:13.286,1.14566,1.14581,1.00,2.06
2014.09.16 02:23:13.795,1.14566,1.14581,1.00,2.06
2014.09.16 02:23:17.355,1.14566,1.14579,1.00,1.00
2014.09.16 02:23:17.406,1.14563,1.14579,1.25,1.50
2014.09.16 02:23:20.329,1.14563,1.14579,1.00,2.62
2014.09.16 02:23:20.481,1.14563,1.14576,1.00,1.00
2014.09.16 02:23:20.582,1.14561,1.14576,1.50,1.12
2014.09.16 02:23:25.882,1.14561,1.14578,1.50,1.62
2014.09.16 02:23:26.358,1.14561,1.14578,1.50,2.06
2014.09.16 02:23:26.792,1.14558,1.14575,1.69,1.12
2014.09.16 02:23:31.612,1.14558,1.14575,1.69,1.87
2014.09.16 02:23:32.029,1.14557,1.14571,1.00,1.00
2014.09.16 02:23:32.580,1.14557,1.14572,1.00,1.31
2014.09.16 02:23:37.403,1.14558,1.14573,1.00,1.31
2014.09.16 02:23:37.917,1.14558,1.14573,1.00,1.87
2014.09.16 02:23:38.302,1.14556,1.14571,1.50,1.00
2014.09.16 02:23:48.104,1.14557,1.14571,1.00,1.00
2014.09.16 02:23:48.155,1.14557,1.14574,1.50,2.62
2014.09.16 02:23:48.363,1.1456,1.14574,1.00,1.87
2014.09.16 02:23:48.565,1.14563,1.14578,1.00,2.44
2014.09.16 02:23:48.616,1.14563,1.14578,1.00,2.81
2014.09.16 02:23:49.227,1.14563,1.14578,1.00,1.69
2014.09.16 02:23:49.581,1.14565,1.14579,1.00,1.00
2014.09.16 02:23:50.157,1.14565,1.14581,1.00,1.31
2014.09.16 02:23:50.512,1.14565,1.14578,1.00,1.00
2014.09.16 02:23:50.614,1.14565,1.14581,1.00,1.31
2014.09.16 02:23:51.124,1.14565,1.14581,1.00,2.06
2014.09.16 02:23:53.270,1.14565,1.14581,1.25,1.87
2014.09.16 02:23:53.474,1.14567,1.14582,1.00,1.37
2014.09.16 02:23:55.733,1.14567,1.14582,1.00,1.00
2014.09.16 02:23:56.138,1.1457,1.14585,1.50,1.31
2014.09.16 02:23:56.342,1.14566,1.14583,1.50,2.06
2014.09.16 02:23:56.545,1.14569,1.14583,1.50,2.06
2014.09.16 02:23:56.868,1.14569,1.14583,1.50,1.62
2014.09.16 02:23:57.536,1.14569,1.14583,1.00,2.06
2014.09.16 02:23:58.138,1.14569,1.14583,1.00,2.06
2014.09.16 02:24:00.282,1.14566,1.14583,2.25,1.87
2014.09.16 02:24:05.263,1.14566,1.14583,2.25,2.06
2014.09.16 02:24:08.455,1.14566,1.14583,2.25,2.81
2014.09.16 02:24:21.379,1.14568,1.14583,1.00,2.06
2014.09.16 02:24:21.884,1.14568,1.14583,1.00,1.00
2014.09.16 02:24:27.186,1.14568,1.14583,1.00,1.87
2014.09.16 02:24:29.910,1.14568,1.14583,1.00,1.31
2014.09.16 02:24:37.036,1.14566,1.14583,2.25,1.87
2014.09.16 02:24:37.138,1.14566,1.14583,2.25,1.87
2014.09.16 02:24:38.508,1.14566,1.14583,2.25,1.87
2014.09.16 02:24:39.242,1.14566,1.14583,2.25,1.87
2014.09.16 02:24:46.537,1.14566,1.14583,2.25,2.06
2014.09.16 02:24:59.140,1.14566,1.14581,1.00,1.12
2014.09.16 02:25:01.243,1.14566,1.14581,1.00,1.37
2014.09.16 02:25:01.762,1.14568,1.14583,1.00,1.37
2014.09.16 02:25:02.268,1.14568,1.14583,1.00,1.12
2014.09.16 02:25:07.129,1.1457,1.14583,1.00,1.00
2014.09.16 02:25:07.180,1.1457,1.14586,1.50,1.87
2014.09.16 02:25:07.384,1.14572,1.14589,1.50,2.06
2014.09.16 02:25:07.687,1.14575,1.14591,1.50,1.56
2014.09.16 02:25:07.890,1.14577,1.14592,1.00,2.06
2014.09.16 02:25:08.043,1.14575,1.14592,1.50,2.06
2014.09.16 02:25:26.902,1.14575,1.14592,2.44,1.87
2014.09.16 02:25:27.905,1.14575,1.14592,2.44,1.87
2014.09.16 02:25:29.685,1.14577,1.14594,1.50,2.06
2014.09.16 02:25:30.910,1.14577,1.14594,1.50,1.87
2014.09.16 02:25:42.539,1.14577,1.14594,1.50,2.06
2014.09.16 02:25:58.231,1.14578,1.14593,1.00,1.37
2014.09.16 02:25:58.979,1.14578,1.14593,1.00,1.37
2014.09.16 02:25:59.320,1.14577,1.14592,1.00,1.37
2014.09.16 02:25:59.421,1.14574,1.14591,2.06,1.87
2014.09.16 02:25:59.523,1.14573,1.14587,1.19,1.12
2014.09.16 02:25:59.675,1.14572,1.14587,1.87,1.12
2014.09.16 02:25:59.725,1.14574,1.14589,1.12,1.00
2014.09.16 02:26:00.029,1.14576,1.14591,1.00,1.00
2014.09.16 02:26:00.339,1.14578,1.14593,1.00,1.25
2014.09.16 02:26:00.847,1.14577,1.14592,1.00,1.50
2014.09.16 02:26:01.288,1.14575,1.14592,1.69,1.50
2014.09.16 02:26:02.034,1.14575,1.14592,1.69,1.87
2014.09.16 02:26:02.546,1.14575,1.14592,1.50,1.69
2014.09.16 02:26:07.672,1.14575,1.14592,1.50,2.06
2014.09.16 02:26:09.047,1.14574,1.14589,1.00,1.00
2014.09.16 02:26:09.559,1.14574,1.14588,1.00,1.00
2014.09.16 02:26:10.068,1.14574,1.14589,1.00,1.25
2014.09.16 02:26:23.793,1.14575,1.14592,1.00,1.19
2014.09.16 02:26:24.425,1.14575,1.14592,1.00,1.00
2014.09.16 02:26:35.552,1.14577,1.14592,1.00,1.00
2014.09.16 02:26:35.755,1.14577,1.14594,2.25,2.25
2014.09.16 02:26:35.907,1.1458,1.14595,1.00,1.25
2014.09.16 02:26:36.110,1.14577,1.14594,1.50,1.50
2014.09.16 02:26:37.456,1.14579,1.14594,1.00,1.00
2014.09.16 02:26:37.962,1.14578,1.14595,2.44,1.50
2014.09.16 02:26:45.675,1.14579,1.14595,1.00,1.50
2014.09.16 02:26:45.828,1.1458,1.14597,1.50,1.69
2014.09.16 02:26:46.672,1.14582,1.14597,1.00,1.25
2014.09.16 02:26:46.773,1.14582,1.14599,1.50,2.81
2014.09.16 02:26:49.500,1.14581,1.14596,1.69,1.12
2014.09.16 02:26:49.804,1.14579,1.14595,1.00,1.87
2014.09.16 02:26:50.315,1.14578,1.14595,2.44,1.87
2014.09.16 02:26:56.019,1.14578,1.14595,2.44,1.87
2014.09.16 02:26:59.207,1.14578,1.14592,1.00,1.37
2014.09.16 02:26:59.615,1.14575,1.14592,1.50,1.00
2014.09.16 02:27:00.032,1.14578,1.14593,1.00,1.00
2014.09.16 02:27:07.765,1.14578,1.14593,1.00,1.37
2014.09.16 02:27:17.039,1.14578,1.14593,1.00,1.12
2014.09.16 02:27:18.858,1.14577,1.14591,1.50,1.00
2014.09.16 02:27:19.357,1.14577,1.14594,3.00,1.50
2014.09.16 02:27:25.517,1.14577,1.14593,2.25,1.00
2014.09.16 02:27:26.023,1.14576,1.14593,1.00,1.19
2014.09.16 02:27:26.383,1.14575,1.1459,1.50,1.00
2014.09.16 02:27:26.687,1.14573,1.14588,1.19,1.00
2014.09.16 02:27:27.199,1.14573,1.14588,1.00,1.00
2014.09.16 02:27:55.216,1.14572,1.14589,2.25,2.06
2014.09.16 02:28:04.432,1.14572,1.14588,1.00,1.00
2014.09.16 02:28:08.023,1.14576,1.14592,1.00,2.06
2014.09.16 02:28:08.176,1.14578,1.14593,1.50,1.00
2014.09.16 02:28:08.686,1.14578,1.14595,1.50,2.06
2014.09.16 02:28:09.210,1.14578,1.14595,1.50,1.87
2014.09.16 02:28:21.622,1.14578,1.14595,1.69,1.87
2014.09.16 02:28:21.825,1.14577,1.14594,2.25,2.06
2014.09.16 02:28:21.996,1.14575,1.1459,1.50,1.25
2014.09.16 02:28:22.304,1.14573,1.14588,1.00,1.00
2014.09.16 02:28:22.931,1.14573,1.14588,1.00,1.37
2014.09.16 02:28:24.355,1.14573,1.14588,1.00,1.37
2014.09.16 02:28:25.965,1.14572,1.14587,1.00,1.87
2014.09.16 02:28:40.288,1.14572,1.14587,1.00,1.87
2014.09.16 02:28:47.159,1.14572,1.14587,1.00,1.87
2014.09.16 02:28:49.080,1.1457,1.14587,1.69,1.87
2014.09.16 02:28:54.383,1.14571,1.14586,1.00,1.12
2014.09.16 02:28:56.573,1.14571,1.14586,1.00,1.37
2014.09.16 02:28:56.624,1.14569,1.14586,2.44,1.37
2014.09.16 02:28:56.725,1.14569,1.14586,2.44,1.37
2014.09.16 02:28:56.776,1.14569,1.14586,2.44,1.37
2014.09.16 02:28:57.181,1.14569,1.14586,1.50,1.56
2014.09.16 02:28:57.384,1.14567,1.14584,2.25,1.12
2014.09.16 02:28:57.890,1.14567,1.14583,1.00,1.00
2014.09.16 02:28:58.398,1.14568,1.14583,1.00,1.00
2014.09.16 02:28:58.904,1.14568,1.14583,1.00,1.19
2014.09.16 02:28:59.643,1.14568,1.14583,1.00,1.00
2014.09.16 02:29:00.181,1.14568,1.14583,1.00,1.37
2014.09.16 02:29:02.879,1.14568,1.14583,1.00,1.12
2014.09.16 02:29:03.132,1.14569,1.14586,1.00,1.87
2014.09.16 02:29:03.905,1.14572,1.14589,1.50,2.81
2014.09.16 02:29:04.411,1.14572,1.14589,1.50,2.06
2014.09.16 02:29:05.388,1.14572,1.14589,1.50,2.06
2014.09.16 02:29:09.331,1.14572,1.14589,1.50,2.06
2014.09.16 02:29:09.638,1.14572,1.14589,1.50,2.06
2014.09.16 02:29:09.740,1.14572,1.14589,1.50,2.06
2014.09.16 02:29:09.805,1.14572,1.14589,1.50,2.06
2014.09.16 02:29:10.509,1.14572,1.14589,1.50,2.06
2014.09.16 02:29:11.013,1.14572,1.14589,1.50,2.06
2014.09.16 02:29:12.519,1.14572,1.14589,1.50,2.44
2014.09.16 02:29:12.722,1.1457,1.14584,1.00,1.37
2014.09.16 02:29:12.773,1.14568,1.14584,1.69,1.87
2014.09.16 02:29:12.875,1.14568,1.14584,1.25,1.50
2014.09.16 02:29:13.179,1.14567,1.14581,1.00,1.00
2014.09.16 02:29:13.833,1.14566,1.14581,1.00,1.00
2014.09.16 02:29:14.158,1.14566,1.14581,1.00,1.62
2014.09.16 02:29:15.266,1.14566,1.14581,1.00,1.69
2014.09.16 02:29:17.189,1.14566,1.14581,1.00,1.56
2014.09.16 02:29:19.767,1.14565,1.14579,1.50,1.37
2014.09.16 02:29:20.222,1.14565,1.14579,1.50,1.00
2014.09.16 02:29:20.981,1.14566,1.1458,1.00,1.12
2014.09.16 02:29:27.819,1.14566,1.14583,1.00,1.56
2014.09.16 02:29:28.193,1.14569,1.14584,1.00,2.81
2014.09.16 02:29:28.244,1.14569,1.14584,1.00,1.87
2014.09.16 02:29:30.405,1.1457,1.14585,1.00,1.00
2014.09.16 02:29:30.949,1.1457,1.14587,1.00,2.06
2014.09.16 02:29:41.181,1.1457,1.14586,1.00,2.06
2014.09.16 02:29:41.553,1.14568,1.14585,1.25,1.37
2014.09.16 02:29:43.642,1.14567,1.14582,1.25,1.37
2014.09.16 02:29:44.040,1.14565,1.14581,1.00,1.12
2014.09.16 02:29:44.606,1.14564,1.14581,1.00,1.31
2014.09.16 02:29:45.035,1.14563,1.14578,2.25,1.00
2014.09.16 02:29:50.548,1.14561,1.14578,1.69,1.50
2014.09.16 02:29:56.027,1.14561,1.14577,1.00,1.00
2014.09.16 02:29:56.558,1.14561,1.14576,1.00,1.00
2014.09.16 02:29:57.079,1.14558,1.14575,3.19,1.50
2014.09.16 02:29:57.503,1.14558,1.14575,2.44,1.50
2014.09.16 02:29:58.363,1.14558,1.14574,1.69,1.00
2014.09.16 02:29:58.869,1.14558,1.14575,1.50,1.69
2014.09.16 02:29:59.697,1.14558,1.14575,1.50,2.06
2014.09.16 02:30:02.107,1.14558,1.14575,2.44,1.87
2014.09.16 02:30:03.796,1.14558,1.14575,2.25,1.50
2014.09.16 02:30:06.179,1.14558,1.14575,2.44,1.87
2014.09.16 02:30:06.824,1.14558,1.14575,2.44,1.50
2014.09.16 02:30:08.994,1.14558,1.14575,2.44,1.87
2014.09.16 02:30:09.601,1.14558,1.14575,1.69,1.87
2014.09.16 02:30:09.703,1.14558,1.14575,1.69,1.87
2014.09.16 02:30:16.478,1.1456,1.14575,1.00,1.12
2014.09.16 02:30:17.003,1.1456,1.14575,1.00,1.37
2014.09.16 02:30:21.644,1.1456,1.14575,1.00,1.31
2014.09.16 02:30:27.518,1.1456,1.14575,1.00,1.37
2014.09.16 02:30:28.173,1.1456,1.14575,1.00,1.12
2014.09.16 02:30:28.522,1.14559,1.14573,1.00,1.37
2014.09.16 02:30:28.623,1.14557,1.14571,1.00,1.37
2014.09.16 02:30:28.726,1.14557,1.14571,1.00,1.37
2014.09.16 02:30:28.827,1.14555,1.14569,1.00,1.37
2014.09.16 02:30:28.929,1.14555,1.14569,1.00,1.12
2014.09.16 02:30:30.925,1.14555,1.14569,1.00,1.37
2014.09.16 02:30:31.348,1.14554,1.14569,2.25,1.37
2014.09.16 02:30:32.467,1.14554,1.14568,1.00,1.37
2014.09.16 02:30:32.518,1.14552,1.14567,2.25,1.12
2014.09.16 02:30:32.670,1.14552,1.14566,1.00,1.87
2014.09.16 02:30:32.771,1.14552,1.14567,1.00,1.37
2014.09.16 02:30:33.075,1.14553,1.14567,1.00,1.37
2014.09.16 02:30:33.586,1.14552,1.14567,1.00,1.37
2014.09.16 02:30:37.446,1.14552,1.14567,1.50,1.37
2014.09.16 02:30:38.775,1.14552,1.14567,1.50,1.62
2014.09.16 02:30:39.686,1.14552,1.14569,2.25,2.81
2014.09.16 02:30:40.533,1.14552,1.14565,1.00,1.50
2014.09.16 02:30:40.636,1.14549,1.14565,1.00,1.87
2014.09.16 02:30:40.687,1.14549,1.14565,1.00,1.87
2014.09.16 02:30:40.990,1.14547,1.14563,1.00,2.25
2014.09.16 02:30:41.497,1.14546,1.1456,1.00,1.37
2014.09.16 02:30:43.179,1.14546,1.1456,1.00,1.12
2014.09.16 02:30:45.211,1.14547,1.1456,1.00,1.00
2014.09.16 02:30:46.917,1.14547,1.14561,1.00,1.12
2014.09.16 02:30:48.285,1.14546,1.14561,1.50,1.12
2014.09.16 02:30:50.554,1.14549,1.14565,1.50,1.19
2014.09.16 02:30:50.605,1.14549,1.14566,1.69,1.87
2014.09.16 02:30:51.111,1.1455,1.14566,1.00,1.37
2014.09.16 02:30:51.289,1.1455,1.14566,1.00,1.12
2014.09.16 02:30:52.322,1.14552,1.14568,1.00,1.56
2014.09.16 02:30:57.003,1.14552,1.14569,2.25,2.62
2014.09.16 02:30:59.404,1.14553,1.14569,1.00,2.06
2014.09.16 02:31:00.235,1.14553,1.14569,1.00,1.87
2014.09.16 02:31:00.477,1.14555,1.1457,1.00,1.37
2014.09.16 02:31:00.934,1.14557,1.1457,1.00,1.37
2014.09.16 02:31:02.313,1.14557,1.1457,1.00,1.12
2014.09.16 02:31:02.668,1.14555,1.1457,1.00,1.00
2014.09.16 02:31:02.770,1.14557,1.14572,1.00,1.31
2014.09.16 02:31:03.386,1.14557,1.14572,1.00,1.31
2014.09.16 02:31:10.589,1.14555,1.14572,1.87,2.44
2014.09.16 02:31:13.435,1.14555,1.14572,1.69,1.87
2014.09.16 02:31:13.971,1.14555,1.14572,2.06,1.87
2014.09.16 02:31:14.478,1.14557,1.14574,1.00,1.56
2014.09.16 02:31:14.984,1.14557,1.14574,1.12,1.56
2014.09.16 02:31:17.191,1.14557,1.14574,1.37,2.06
2014.09.16 02:31:18.566,1.14557,1.14574,1.37,1.69
2014.09.16 02:31:18.874,1.14563,1.14578,1.37,1.50
2014.09.16 02:31:19.279,1.14564,1.1458,1.50,1.31
2014.09.16 02:31:20.055,1.14564,1.14578,1.50,1.00
2014.09.16 02:31:21.023,1.14564,1.14581,1.50,2.81
2014.09.16 02:31:22.832,1.14564,1.14581,1.50,2.25
2014.09.16 02:31:24.006,1.14564,1.14579,1.50,1.00
2014.09.16 02:31:42.380,1.14564,1.14578,1.87,1.00
2014.09.16 02:31:43.230,1.14563,1.14578,1.00,1.00
2014.09.16 02:31:46.384,1.14563,1.14578,1.37,1.00
2014.09.16 02:31:53.086,1.14563,1.14578,2.25,1.12
2014.09.16 02:31:53.644,1.14562,1.14578,1.12,1.12
2014.09.16 02:31:55.469,1.14562,1.14578,1.37,1.69
2014.09.16 02:31:55.974,1.14562,1.14578,1.00,1.25
2014.09.16 02:32:02.466,1.14562,1.14578,1.87,1.00
2014.09.16 02:32:05.430,1.14564,1.14579,1.00,1.50
2014.09.16 02:32:10.542,1.14562,1.14579,2.62,2.44
2014.09.16 02:32:11.772,1.14562,1.14578,2.62,1.00
2014.09.16 02:32:12.513,1.14562,1.14578,2.62,1.00
2014.09.16 02:32:17.722,1.14562,1.14578,2.62,1.12
2014.09.16 02:32:18.331,1.14562,1.14579,2.25,3.56
2014.09.16 02:32:18.838,1.14562,1.14578,2.25,1.00
2014.09.16 02:32:21.673,1.14562,1.14579,3.37,1.50
2014.09.16 02:32:22.271,1.14562,1.14577,1.00,1.00
2014.09.16 02:32:22.575,1.14557,1.14573,1.00,1.00
2014.09.16 02:32:23.469,1.14557,1.14573,1.00,1.19
2014.09.16 02:32:24.781,1.14559,1.14574,1.50,1.19
2014.09.16 02:32:24.882,1.14559,1.14576,1.50,2.44
2014.09.16 02:32:27.775,1.14562,1.14576,1.00,1.00
2014.09.16 02:32:28.295,1.14562,1.14577,1.00,1.00
2014.09.16 02:32:28.953,1.14561,1.14575,1.00,1.00
2014.09.16 02:32:29.463,1.1456,1.14575,1.00,1.00
2014.09.16 02:32:30.481,1.14557,1.14574,1.50,1.12
2014.09.16 02:32:31.001,1.14557,1.14572,1.00,1.69
2014.09.16 02:32:31.052,1.14555,1.14572,2.62,1.69
2014.09.16 02:32:32.969,1.14555,1.14572,2.25,1.69
2014.09.16 02:32:37.018,1.14555,1.14572,2.25,1.69
2014.09.16 02:32:47.021,1.14555,1.14571,1.00,1.19
2014.09.16 02:32:48.135,1.14555,1.14571,1.00,1.00
2014.09.16 02:32:51.581,1.14555,1.14572,1.50,1.69
2014.09.16 02:32:53.938,1.14557,1.14572,1.12,1.25
2014.09.16 02:32:54.344,1.14558,1.14575,1.50,1.69
2014.09.16 02:32:55.310,1.14558,1.14575,1.50,2.44
2014.09.16 02:32:59.437,1.14556,1.14573,2.25,1.69
2014.09.16 02:33:00.320,1.14556,1.14573,1.50,2.06
2014.09.16 02:33:03.347,1.14556,1.14573,1.50,2.81
2014.09.16 02:33:06.370,1.14556,1.14573,1.50,2.06
2014.09.16 02:33:07.359,1.14556,1.14572,1.50,1.19
2014.09.16 02:33:08.362,1.14556,1.14573,1.50,2.06
2014.09.16 02:33:09.372,1.14556,1.14573,1.50,1.69
2014.09.16 02:33:10.741,1.14556,1.14573,1.50,1.69
2014.09.16 02:33:16.707,1.14556,1.14573,1.50,2.81
2014.09.16 02:33:17.710,1.14556,1.14573,1.50,2.06
2014.09.16 02:33:25.823,1.14556,1.14573,1.50,3.19
2014.09.16 02:33:27.829,1.14556,1.14573,1.50,2.44
2014.09.16 02:33:28.389,1.14557,1.14572,1.00,1.25
2014.09.16 02:33:31.843,1.14557,1.14572,1.00,1.19
2014.09.16 02:33:32.954,1.14557,1.14572,1.00,1.25
2014.09.16 02:33:46.362,1.14557,1.14572,1.00,1.19
2014.09.16 02:33:46.555,1.14555,1.14572,1.50,1.19
2014.09.16 02:34:00.385,1.14555,1.14572,1.50,2.44
2014.09.16 02:34:01.387,1.14555,1.14572,1.50,1.69
2014.09.16 02:34:02.410,1.14555,1.14572,1.50,1.69
2014.09.16 02:34:06.598,1.14555,1.14572,1.50,1.69
2014.09.16 02:34:12.312,1.14556,1.14572,1.00,1.00
2014.09.16 02:34:12.974,1.14557,1.14572,1.00,1.00
2014.09.16 02:34:23.921,1.14556,1.14571,1.00,1.00
2014.09.16 02:34:26.284,1.14556,1.14571,1.37,1.00
2014.09.16 02:34:26.538,1.14558,1.14575,1.37,1.00
2014.09.16 02:34:26.589,1.14558,1.14575,1.37,1.00
2014.09.16 02:34:26.690,1.14558,1.14575,1.37,1.00
2014.09.16 02:34:27.145,1.1456,1.14577,1.87,1.00
2014.09.16 02:34:33.690,1.1456,1.14577,1.87,1.25
2014.09.16 02:34:38.897,1.1456,1.14577,1.87,1.37
2014.09.16 02:34:39.434,1.1456,1.14576,1.12,1.37
2014.09.16 02:34:46.531,1.1456,1.14576,1.00,1.56
2014.09.16 02:34:47.093,1.14559,1.14576,1.00,1.56
2014.09.16 02:34:50.574,1.14559,1.14576,1.00,1.56
2014.09.16 02:34:52.825,1.14559,1.14576,1.00,1.56
2014.09.16 02:34:53.180,1.14558,1.14572,1.00,1.37
2014.09.16 02:34:53.687,1.14557,1.14572,1.25,1.00
2014.09.16 02:34:53.991,1.14559,1.14574,1.00,1.69
2014.09.16 02:34:54.042,1.14559,1.14574,1.00,1.00
2014.09.16 02:34:54.245,1.14559,1.14574,1.00,1.37
2014.09.16 02:34:55.169,1.14559,1.14574,1.00,1.37
2014.09.16 02:34:56.272,1.14558,1.14573,1.00,1.12
2014.09.16 02:34:56.576,1.14556,1.14573,1.25,1.37
2014.09.16 02:34:57.213,1.14555,1.14571,1.19,1.50
2014.09.16 02:34:57.767,1.14555,1.14571,1.00,1.50
2014.09.16 02:34:58.888,1.14555,1.14571,1.00,2.06
2014.09.16 02:34:59.756,1.14555,1.14571,1.00,1.87
2014.09.16 02:35:01.713,1.14555,1.14571,1.00,2.06
2014.09.16 02:35:02.984,1.14556,1.1457,1.00,1.00
2014.09.16 02:35:03.489,1.14556,1.14573,1.00,1.56
2014.09.16 02:35:03.994,1.14556,1.14573,1.00,2.06
2014.09.16 02:35:07.993,1.14556,1.14573,1.00,1.56
2014.09.16 02:35:08.601,1.14554,1.14569,2.44,1.37
2014.09.16 02:35:08.753,1.14555,1.14572,1.00,2.81
2014.09.16 02:35:08.805,1.14554,1.14569,1.00,1.37
2014.09.16 02:35:08.906,1.14555,1.1457,1.00,1.00
2014.09.16 02:35:09.312,1.14553,1.14569,1.25,1.00
2014.09.16 02:35:09.727,1.14555,1.14572,1.00,2.06
2014.09.16 02:35:10.031,1.14554,1.14569,1.00,1.37
2014.09.16 02:35:10.840,1.14554,1.14569,1.00,1.62
2014.09.16 02:35:11.927,1.14553,1.14568,1.00,1.37
2014.09.16 02:35:12.180,1.14551,1.14568,1.50,1.37
2014.09.16 02:35:12.951,1.14551,1.14568,1.50,1.56
2014.09.16 02:35:13.305,1.14549,1.14565,1.00,1.62
2014.09.16 02:35:14.298,1.14551,1.14565,1.00,1.62
2014.09.16 02:35:14.552,1.14552,1.14569,1.00,1.62
2014.09.16 02:35:14.861,1.14553,1.14569,1.00,1.25
2014.09.16 02:35:15.216,1.14554,1.14571,1.25,1.50
2014.09.16 02:35:15.317,1.14558,1.14571,1.00,1.00
2014.09.16 02:35:15.825,1.14558,1.14573,1.00,1.19
2014.09.16 02:35:16.267,1.14558,1.14573,1.00,1.56
2014.09.16 02:35:18.752,1.14557,1.14571,1.00,1.50
2014.09.16 02:35:18.854,1.14554,1.1457,1.50,1.37
2014.09.16 02:35:19.158,1.14553,1.14568,1.50,1.62
2014.09.16 02:35:21.802,1.14553,1.14568,1.50,2.06
2014.09.16 02:35:22.324,1.14553,1.14568,1.50,1.56
2014.09.16 02:35:22.476,1.14551,1.14566,1.00,1.62
2014.09.16 02:35:23.208,1.14551,1.14566,1.00,1.69
2014.09.16 02:35:23.309,1.14551,1.14564,1.00,1.37
2014.09.16 02:35:23.411,1.14548,1.14563,2.25,1.56
2014.09.16 02:35:25.921,1.14548,1.14565,1.50,2.81
2014.09.16 02:35:26.703,1.14548,1.14565,1.50,2.06
2014.09.16 02:35:27.684,1.14556,1.14567,1.00,1.19
2014.09.16 02:35:27.736,1.14556,1.14568,1.00,1.25
2014.09.16 02:35:27.788,1.14551,1.14568,2.25,2.06
2014.09.16 02:35:27.991,1.14553,1.14568,1.50,1.31
2014.09.16 02:35:28.295,1.14553,1.14568,2.25,1.62
2014.09.16 02:35:29.491,1.14553,1.14568,2.25,1.31
2014.09.16 02:35:29.983,1.14555,1.1457,1.00,2.06
2014.09.16 02:35:30.034,1.14555,1.14572,1.00,2.44
2014.09.16 02:35:30.982,1.14554,1.1457,1.00,1.12
2014.09.16 02:35:31.033,1.14553,1.1457,1.87,1.37
2014.09.16 02:35:35.641,1.14553,1.1457,1.50,1.31
2014.09.16 02:35:35.692,1.14555,1.14571,1.00,1.56
2014.09.16 02:35:36.914,1.14557,1.14573,1.00,1.56
2014.09.16 02:35:37.066,1.14557,1.14573,1.50,1.00
2014.09.16 02:35:37.987,1.14557,1.14574,2.25,1.00
2014.09.16 02:35:38.139,1.14557,1.14574,1.50,2.06
2014.09.16 02:35:38.645,1.14556,1.14571,1.25,1.00
2014.09.16 02:35:42.315,1.14557,1.14571,1.00,1.00
2014.09.16 02:35:42.544,1.14558,1.14575,1.50,2.81
2014.09.16 02:35:42.900,1.14563,1.14575,1.00,1.37
2014.09.16 02:35:42.951,1.14563,1.14577,1.00,1.00
2014.09.16 02:35:43.306,1.14564,1.1458,1.25,1.87
2014.09.16 02:35:43.812,1.14564,1.1458,1.25,1.00
2014.09.16 02:35:44.318,1.14562,1.14579,2.44,1.00
2014.09.16 02:35:44.824,1.14561,1.14577,1.69,1.00
2014.09.16 02:35:45.330,1.14561,1.14577,1.00,2.06
2014.09.16 02:35:45.844,1.14559,1.14574,1.00,1.12
2014.09.16 02:35:46.401,1.14561,1.14575,1.00,1.25
2014.09.16 02:35:46.707,1.14563,1.14578,1.00,1.19
2014.09.16 02:35:47.219,1.14563,1.14578,1.00,1.00
2014.09.16 02:35:49.045,1.14562,1.14576,1.00,1.00
2014.09.16 02:35:49.584,1.14561,1.14576,1.50,1.37
2014.09.16 02:35:50.098,1.14561,1.14576,1.50,1.00
2014.09.16 02:35:52.856,1.14563,1.14576,1.00,1.00
2014.09.16 02:35:52.958,1.14561,1.14578,2.25,1.25
2014.09.16 02:35:55.560,1.14561,1.14577,1.50,1.00
2014.09.16 02:35:57.889,1.14561,1.14578,1.50,3.56
2014.09.16 02:35:59.825,1.14561,1.14578,1.50,1.50
2014.09.16 02:36:00.345,1.14562,1.14577,1.00,1.00
2014.09.16 02:36:00.870,1.14562,1.14577,1.00,1.87
2014.09.16 02:36:01.442,1.14562,1.14577,1.00,2.06
2014.09.16 02:36:04.192,1.14563,1.14577,1.00,1.00
2014.09.16 02:36:04.243,1.14563,1.14579,1.50,1.00
2014.09.16 02:36:07.161,1.14563,1.1458,1.50,3.37
2014.09.16 02:36:07.707,1.14563,1.1458,1.50,3.56
2014.09.16 02:36:08.219,1.14563,1.1458,1.50,3.37
2014.09.16 02:36:09.336,1.14567,1.1458,1.00,1.50
2014.09.16 02:36:09.437,1.14567,1.14582,1.00,2.06
2014.09.16 02:36:09.918,1.14567,1.14581,1.00,1.87
2014.09.16 02:36:10.070,1.14565,1.14579,1.00,1.00
2014.09.16 02:36:10.581,1.14564,1.14579,1.25,1.00
2014.09.16 02:36:12.552,1.14564,1.14578,1.00,1.37
2014.09.16 02:36:12.603,1.14561,1.14578,3.75,1.87
2014.09.16 02:36:26.556,1.14561,1.14578,1.50,2.81
2014.09.16 02:36:27.558,1.14561,1.14578,1.50,2.81
2014.09.16 02:36:28.908,1.14561,1.14576,1.00,1.00
2014.09.16 02:36:37.002,1.1456,1.14575,1.00,1.00
2014.09.16 02:36:47.136,1.14561,1.14576,1.00,1.25
2014.09.16 02:36:49.088,1.14562,1.14576,1.00,1.00
2014.09.16 02:36:49.189,1.14563,1.14578,1.00,1.25
2014.09.16 02:36:53.109,1.14563,1.14578,1.00,1.37
2014.09.16 02:36:53.261,1.14561,1.14576,1.00,1.00
2014.09.16 02:36:58.959,1.14561,1.14576,1.00,1.37
2014.09.16 02:36:59.162,1.14558,1.14574,1.25,1.87
2014.09.16 02:36:59.622,1.14557,1.14574,1.50,2.06
2014.09.16 02:36:59.825,1.14557,1.14574,1.50,2.06
2014.09.16 02:36:59.977,1.14557,1.1457,1.50,1.00
2014.09.16 02:37:00.488,1.14553,1.1457,1.50,2.06
2014.09.16 02:37:00.807,1.14557,1.14569,1.00,1.12
2014.09.16 02:37:01.051,1.14553,1.14569,1.50,1.12
2014.09.16 02:37:01.578,1.14553,1.14569,1.50,1.37
2014.09.16 02:37:01.730,1.14551,1.14566,1.00,1.00
2014.09.16 02:37:02.237,1.14552,1.14566,1.00,1.37
2014.09.16 02:37:02.338,1.14552,1.14569,1.50,2.62
2014.09.16 02:37:02.842,1.14552,1.14569,1.50,2.62
2014.09.16 02:37:03.559,1.14557,1.14569,1.00,2.62
2014.09.16 02:37:03.692,1.14552,1.14569,1.50,2.62
2014.09.16 02:37:04.048,1.14554,1.14571,1.00,1.56
2014.09.16 02:37:04.550,1.14554,1.14571,1.00,1.25
2014.09.16 02:37:11.141,1.14554,1.14571,1.00,1.19
2014.09.16 02:37:14.146,1.14554,1.14571,1.00,1.25
2014.09.16 02:37:17.171,1.14555,1.14572,1.00,3.56
2014.09.16 02:37:17.725,1.14556,1.14572,1.00,2.25
2014.09.16 02:37:19.538,1.14555,1.14572,1.50,1.50
2014.09.16 02:37:24.024,1.14557,1.14572,1.00,1.50
2014.09.16 02:37:28.529,1.14555,1.14572,1.50,1.50
2014.09.16 02:37:28.888,1.14561,1.14572,1.00,1.00
2014.09.16 02:37:28.940,1.14561,1.14575,1.00,1.19
2014.09.16 02:37:29.041,1.14561,1.14576,1.00,1.50
2014.09.16 02:37:29.960,1.14562,1.14576,1.00,1.00
2014.09.16 02:37:30.011,1.14562,1.14579,1.50,2.44
2014.09.16 02:37:31.081,1.14562,1.14579,2.25,1.50
2014.09.16 02:37:33.107,1.14562,1.14579,3.00,2.06
2014.09.16 02:37:33.360,1.1456,1.14577,1.69,1.37
2014.09.16 02:37:33.871,1.14558,1.14575,2.44,1.50
2014.09.16 02:37:34.384,1.14558,1.14575,1.50,1.50
2014.09.16 02:37:41.178,1.1456,1.14575,1.00,1.50
2014.09.16 02:37:46.609,1.14561,1.14576,1.00,1.25
2014.09.16 02:37:46.710,1.14561,1.14578,1.50,3.19
2014.09.16 02:37:51.747,1.14561,1.14578,1.50,1.69
2014.09.16 02:37:53.724,1.14561,1.14578,1.50,1.87
2014.09.16 02:38:05.540,1.14561,1.14578,1.50,2.06
2014.09.16 02:38:06.070,1.1456,1.14577,1.00,1.00
2014.09.16 02:38:07.057,1.1456,1.14577,1.00,2.06
2014.09.16 02:38:09.061,1.1456,1.14577,1.00,1.31
2014.09.16 02:38:10.106,1.1456,1.14577,1.00,2.06
2014.09.16 02:38:12.083,1.1456,1.14577,1.00,1.31
2014.09.16 02:38:16.787,1.1456,1.14577,1.00,2.06
2014.09.16 02:38:19.104,1.1456,1.14577,1.00,1.62
2014.09.16 02:38:20.483,1.1456,1.14577,1.00,1.31
2014.09.16 02:38:20.810,1.1456,1.14577,1.00,1.62
2014.09.16 02:38:22.126,1.1456,1.14577,1.00,1.62
2014.09.16 02:38:25.325,1.1456,1.14577,1.00,1.31
2014.09.16 02:38:29.630,1.1456,1.14576,1.00,1.00
2014.09.16 02:38:29.940,1.14559,1.14574,1.00,1.00
2014.09.16 02:38:52.136,1.1456,1.14574,1.00,1.00
2014.09.16 02:38:52.187,1.1456,1.14577,1.50,1.50
2014.09.16 02:39:01.802,1.1456,1.14577,1.50,1.69
2014.09.16 02:39:02.951,1.1456,1.14577,1.50,1.50
2014.09.16 02:39:10.366,1.1456,1.14577,1.50,1.69
2014.09.16 02:39:13.451,1.1456,1.14575,1.00,1.00
2014.09.16 02:39:13.502,1.14558,1.14575,1.25,1.00
2014.09.16 02:39:13.654,1.14557,1.14572,2.44,1.00
2014.09.16 02:39:13.857,1.14555,1.14571,1.00,1.00
2014.09.16 02:39:14.010,1.14554,1.14571,1.00,1.56
2014.09.16 02:39:14.163,1.14549,1.14566,2.25,1.69
2014.09.16 02:39:14.366,1.14554,1.14566,1.00,1.25
2014.09.16 02:39:14.569,1.14554,1.1457,1.00,1.69
2014.09.16 02:39:14.671,1.14556,1.1457,1.00,1.69
2014.09.16 02:39:14.874,1.14556,1.14573,1.00,3.19
2014.09.16 02:39:26.385,1.14555,1.14571,1.31,1.00
2014.09.16 02:39:26.689,1.14554,1.14568,1.00,1.00
2014.09.16 02:39:27.194,1.14553,1.14567,1.00,1.00
2014.09.16 02:39:28.704,1.14551,1.14566,1.00,1.00
2014.09.16 02:39:30.684,1.14553,1.14567,1.00,1.00
2014.09.16 02:39:31.196,1.14553,1.14568,1.00,1.00
2014.09.16 02:39:41.837,1.14553,1.1457,1.00,1.50
2014.09.16 02:39:45.027,1.14553,1.1457,1.37,1.50
2014.09.16 02:39:45.653,1.14553,1.14569,1.12,1.00
2014.09.16 02:39:46.905,1.14557,1.14569,1.00,1.00
2014.09.16 02:39:47.135,1.14553,1.1457,1.37,2.25
2014.09.16 02:39:48.978,1.14553,1.14569,1.56,1.00
2014.09.16 02:39:49.875,1.14553,1.14569,1.12,1.00
2014.09.16 02:39:51.045,1.14553,1.1457,1.25,3.37
2014.09.16 02:39:51.747,1.14553,1.1457,1.00,3.37
2014.09.16 02:39:53.066,1.14553,1.1457,1.00,3.00
2014.09.16 02:39:55.572,1.14553,1.14568,1.00,1.00
2014.09.16 02:39:55.674,1.14551,1.14568,1.00,1.50
2014.09.16 02:40:00.256,1.14548,1.14565,1.69,1.00
2014.09.16 02:40:00.763,1.14548,1.14565,1.00,3.19
2014.09.16 02:40:01.936,1.14548,1.14565,1.00,1.50
2014.09.16 02:40:02.657,1.14548,1.14565,1.00,1.87
2014.09.16 02:40:02.995,1.14547,1.14562,1.00,1.00
2014.09.16 02:40:09.373,1.14546,1.14562,1.00,1.87
2014.09.16 02:40:09.677,1.14543,1.1456,3.56,1.50
2014.09.16 02:40:10.156,1.14543,1.1456,2.44,1.50
2014.09.16 02:40:10.555,1.14546,1.1456,1.00,1.50
2014.09.16 02:40:11.060,1.14546,1.14561,1.50,1.50
2014.09.16 02:40:11.363,1.14543,1.14559,1.25,1.12
2014.09.16 02:40:11.769,1.14547,1.1456,1.00,1.00
2014.09.16 02:40:14.057,1.14547,1.14561,1.00,1.00
2014.09.16 02:40:17.142,1.14547,1.14562,1.00,1.50
2014.09.16 02:40:19.613,1.14548,1.14562,1.12,1.00
2014.09.16 02:40:19.714,1.14549,1.14564,1.12,1.25
2014.09.16 02:40:20.098,1.14551,1.14567,1.00,1.54
2014.09.16 02:40:30.475,1.14551,1.14568,1.00,2.06
2014.09.16 02:40:32.231,1.14551,1.14568,1.00,2.06
2014.09.16 02:40:33.243,1.14551,1.14568,1.00,1.25
2014.09.16 02:40:33.900,1.14552,1.14568,1.00,1.25
2014.09.16 02:40:34.666,1.14551,1.14568,1.25,1.00
2014.09.16 02:40:40.831,1.14552,1.1457,1.12,1.00
2014.09.16 02:40:40.933,1.14554,1.1457,1.00,1.00
2014.09.16 02:40:41.237,1.14556,1.14571,1.00,1.00
2014.09.16 02:40:52.243,1.14556,1.14573,1.50,1.50
2014.09.16 02:41:11.154,1.14557,1.14574,1.00,2.44
2014.09.16 02:41:11.306,1.14557,1.14574,1.69,1.87
2014.09.16 02:41:11.408,1.14558,1.14574,1.25,1.12
2014.09.16 02:41:11.459,1.1456,1.14575,1.00,1.37
2014.09.16 02:41:11.661,1.14558,1.14573,1.25,1.00
2014.09.16 02:41:11.762,1.14557,1.14571,1.00,1.00
2014.09.16 02:41:12.018,1.14554,1.14569,1.50,1.00
2014.09.16 02:41:12.271,1.14555,1.14571,1.00,1.00
2014.09.16 02:41:12.778,1.14555,1.14572,2.44,1.00
2014.09.16 02:41:13.083,1.14557,1.14574,1.50,1.50
2014.09.16 02:41:14.063,1.14558,1.14574,1.00,1.87
2014.09.16 02:41:20.128,1.14557,1.14574,1.00,1.50
2014.09.16 02:41:29.669,1.14556,1.14573,2.06,1.00
2014.09.16 02:41:30.176,1.14556,1.14573,2.06,1.00
2014.09.16 02:41:44.109,1.14556,1.14573,1.00,1.25
2014.09.16 02:41:44.618,1.14557,1.14573,1.00,1.25
2014.09.16 02:41:45.119,1.14557,1.14574,1.50,2.81
2014.09.16 02:41:50.342,1.14557,1.14572,1.12,1.00
2014.09.16 02:41:50.495,1.14553,1.1457,2.44,1.50
2014.09.16 02:41:50.546,1.14553,1.14567,1.25,1.00
2014.09.16 02:41:50.799,1.14549,1.14564,1.50,1.00
2014.09.16 02:41:51.016,1.14551,1.14566,1.00,1.50
2014.09.16 02:41:51.118,1.14552,1.14568,1.00,1.25
2014.09.16 02:41:51.624,1.14552,1.14569,1.50,1.00
2014.09.16 02:41:52.137,1.14552,1.1457,3.19,1.00
2014.09.16 02:41:52.441,1.14554,1.14573,2.44,1.50
2014.09.16 02:41:53.099,1.14554,1.14572,1.69,1.00
2014.09.16 02:41:53.149,1.14554,1.1457,1.19,1.00
2014.09.16 02:41:53.376,1.14553,1.1457,1.25,1.00
2014.09.16 02:41:53.920,1.14553,1.14568,1.25,1.00
2014.09.16 02:41:55.564,1.14554,1.14571,1.12,1.25
2014.09.16 02:41:56.375,1.14554,1.14571,1.12,1.19
2014.09.16 02:41:56.905,1.14554,1.14571,1.31,1.00
2014.09.16 02:42:03.695,1.14554,1.14571,1.00,1.19
2014.09.16 02:42:04.678,1.14554,1.14571,1.00,1.25
2014.09.16 02:42:09.986,1.14554,1.14571,1.87,1.00
2014.09.16 02:42:10.243,1.14556,1.14571,2.44,1.00
2014.09.16 02:42:10.294,1.14556,1.14575,3.19,2.44
2014.09.16 02:42:10.838,1.14558,1.14575,1.00,1.69
2014.09.16 02:42:13.391,1.14559,1.14575,1.00,1.00
2014.09.16 02:42:13.493,1.14561,1.14578,1.00,2.44
2014.09.16 02:42:13.797,1.14563,1.14578,1.00,1.25
2014.09.16 02:42:18.203,1.14561,1.14577,1.00,1.00
2014.09.16 02:42:18.754,1.1456,1.14577,1.50,2.06
2014.09.16 02:42:20.729,1.1456,1.14577,1.50,2.81
2014.09.16 02:42:21.707,1.1456,1.14577,1.50,2.06
2014.09.16 02:42:22.710,1.1456,1.14577,1.50,2.81
2014.09.16 02:42:23.741,1.1456,1.14577,1.50,2.06
2014.09.16 02:42:24.717,1.1456,1.14577,1.50,1.69
2014.09.16 02:42:25.764,1.1456,1.14577,1.50,1.69
2014.09.16 02:42:29.516,1.1456,1.14577,1.50,2.06
2014.09.16 02:42:33.327,1.1456,1.14577,1.50,1.69
2014.09.16 02:42:33.843,1.1456,1.14577,1.50,2.06
2014.09.16 02:42:34.401,1.1456,1.14574,1.50,1.12
2014.09.16 02:42:34.604,1.14558,1.14574,1.00,1.12
2014.09.16 02:42:34.655,1.14558,1.14572,1.00,1.00
2014.09.16 02:42:34.706,1.14556,1.14572,1.00,1.00
2014.09.16 02:42:35.225,1.14557,1.14572,1.00,1.00
2014.09.16 02:42:37.149,1.14557,1.14575,1.00,2.81
2014.09.16 02:42:37.849,1.14557,1.14575,1.00,2.44
2014.09.16 02:42:41.074,1.14557,1.14575,1.19,2.25
2014.09.16 02:42:42.207,1.14557,1.14575,1.25,2.25
2014.09.16 02:42:43.333,1.14557,1.14575,1.25,2.62
2014.09.16 02:42:43.637,1.14557,1.14575,1.25,2.62
2014.09.16 02:42:44.163,1.14557,1.14575,1.25,2.62
2014.09.16 02:42:44.616,1.14557,1.14575,1.25,3.00
2014.09.16 02:42:45.167,1.14557,1.14575,1.00,3.94
2014.09.16 02:42:45.320,1.14557,1.14575,1.00,3.94
2014.09.16 02:42:49.774,1.14557,1.14575,1.00,3.19
2014.09.16 02:42:50.035,1.14557,1.14575,1.00,2.81
2014.09.16 02:42:50.579,1.14557,1.14575,1.00,2.44
2014.09.16 02:42:51.282,1.14557,1.14575,1.25,2.44
2014.09.16 02:42:51.576,1.14557,1.14575,1.25,2.81
2014.09.16 02:42:51.935,1.14557,1.14575,1.25,2.81
2014.09.16 02:42:52.188,1.14557,1.14572,1.25,1.00
2014.09.16 02:42:52.290,1.14557,1.14574,1.25,1.00
2014.09.16 02:42:52.392,1.14559,1.14575,1.00,1.62
2014.09.16 02:42:52.645,1.14559,1.14577,1.00,2.62
2014.09.16 02:42:53.938,1.1456,1.14577,1.00,1.87
2014.09.16 02:42:54.482,1.1456,1.14577,1.50,1.50
2014.09.16 02:42:57.481,1.1456,1.14577,1.00,2.06
2014.09.16 02:42:57.533,1.1456,1.14576,1.00,1.69
2014.09.16 02:42:58.216,1.14557,1.14574,2.25,1.25
2014.09.16 02:42:58.724,1.14557,1.14573,1.00,1.69
2014.09.16 02:42:59.412,1.14556,1.14573,2.25,1.69
2014.09.16 02:43:00.314,1.14556,1.14571,1.00,1.00
2014.09.16 02:43:00.416,1.14553,1.1457,2.81,1.00
2014.09.16 02:43:05.844,1.14553,1.14569,1.25,1.00
2014.09.16 02:43:05.895,1.14556,1.14569,1.00,1.00
2014.09.16 02:43:06.047,1.14553,1.14569,1.00,1.00
2014.09.16 02:43:06.250,1.14552,1.14567,1.00,1.00
2014.09.16 02:43:06.553,1.14549,1.14566,1.50,1.00
2014.09.16 02:43:06.605,1.14549,1.14566,1.50,1.37
2014.09.16 02:43:06.908,1.14546,1.14563,1.50,1.19
2014.09.16 02:43:07.111,1.14547,1.14566,2.25,1.69
2014.09.16 02:43:07.618,1.14547,1.14564,1.00,1.00
2014.09.16 02:43:13.548,1.14547,1.14562,1.00,1.00
2014.09.16 02:43:14.056,1.14546,1.14562,1.25,1.00
2014.09.16 02:43:15.768,1.14547,1.14564,1.00,1.25
2014.09.16 02:43:16.306,1.1455,1.14564,1.00,1.00
2014.09.16 02:43:16.357,1.1455,1.14567,1.50,1.25
2014.09.16 02:43:16.611,1.14552,1.14567,1.00,1.37
2014.09.16 02:43:16.712,1.14554,1.1457,1.25,1.37
2014.09.16 02:43:16.763,1.14554,1.14571,1.69,1.50
2014.09.16 02:43:17.212,1.14554,1.14571,1.25,1.00
2014.09.16 02:43:19.063,1.14554,1.1457,1.00,1.00
2014.09.16 02:43:19.774,1.14554,1.14571,1.00,2.06
2014.09.16 02:43:20.293,1.14554,1.1457,1.50,1.00
2014.09.16 02:43:24.187,1.14552,1.1457,1.25,1.69
2014.09.16 02:43:26.222,1.14552,1.1457,1.00,1.69
2014.09.16 02:43:29.807,1.14552,1.1457,1.25,1.69
2014.09.16 02:43:32.312,1.14552,1.1457,1.00,2.06
2014.09.16 02:43:32.616,1.14549,1.14565,1.00,1.00
2014.09.16 02:43:33.122,1.14549,1.14566,1.50,1.00
2014.09.16 02:43:33.425,1.14551,1.14569,1.00,1.31
2014.09.16 02:43:33.799,1.14553,1.1457,1.00,2.81
2014.09.16 02:43:34.309,1.14553,1.1457,1.00,1.56
2014.09.16 02:43:35.746,1.14553,1.1457,1.00,1.56
2014.09.16 02:43:36.570,1.14553,1.1457,1.00,1.56
2014.09.16 02:43:36.875,1.14551,1.14568,1.00,1.37
2014.09.16 02:43:37.182,1.14551,1.14565,1.00,1.00
2014.09.16 02:43:39.538,1.1455,1.14565,1.00,1.00
2014.09.16 02:43:39.907,1.14549,1.14563,1.50,1.00
2014.09.16 02:43:40.164,1.14545,1.14561,1.00,1.69
2014.09.16 02:43:40.367,1.14542,1.14561,3.19,1.69
2014.09.16 02:43:41.842,1.14541,1.14557,1.50,1.00
2014.09.16 02:43:53.749,1.14541,1.14557,1.00,1.31
2014.09.16 02:43:55.487,1.1454,1.14557,2.25,1.31
2014.09.16 02:44:00.264,1.1454,1.14558,1.00,1.31
2014.09.16 02:44:01.268,1.1454,1.14558,1.00,1.31
2014.09.16 02:44:02.268,1.1454,1.14558,1.00,1.31
2014.09.16 02:44:05.274,1.1454,1.14558,1.00,1.31
2014.09.16 02:44:13.288,1.1454,1.14557,1.00,1.19
2014.09.16 02:44:23.407,1.1454,1.14557,1.00,1.31
2014.09.16 02:44:32.422,1.1454,1.14558,1.00,2.06
2014.09.16 02:44:34.715,1.1454,1.14555,1.00,1.00
2014.09.16 02:44:34.766,1.14538,1.14555,1.25,1.87
2014.09.16 02:44:35.272,1.14537,1.14555,1.00,2.06
2014.09.16 02:44:35.475,1.14536,1.14555,1.50,2.06
2014.09.16 02:44:35.577,1.14536,1.14555,1.87,2.06
2014.09.16 02:44:35.983,1.14536,1.14555,2.62,1.69
2014.09.16 02:44:36.033,1.14536,1.14555,2.25,1.69
2014.09.16 02:44:36.288,1.14539,1.14555,1.00,1.19
2014.09.16 02:44:36.339,1.14539,1.14557,1.00,1.19
2014.09.16 02:44:36.871,1.1454,1.14558,1.50,1.19
2014.09.16 02:44:37.408,1.14539,1.14558,1.00,2.44
2014.09.16 02:44:37.459,1.14539,1.14558,1.00,1.69
2014.09.16 02:44:37.510,1.14539,1.14555,1.00,1.00
2014.09.16 02:44:42.636,1.14539,1.14552,1.00,1.00
2014.09.16 02:44:42.687,1.14537,1.14552,1.50,1.00
2014.09.16 02:44:42.738,1.14537,1.14554,1.00,1.87
2014.09.16 02:44:42.941,1.14535,1.14554,2.44,2.44
2014.09.16 02:44:43.093,1.14537,1.14554,1.00,1.69
2014.09.16 02:44:43.359,1.14537,1.14556,1.69,1.69
2014.09.16 02:44:43.873,1.14539,1.14556,1.00,1.69
2014.09.16 02:44:46.257,1.14539,1.14556,1.00,2.06
2014.09.16 02:44:49.185,1.14537,1.14556,2.25,3.19
2014.09.16 02:44:49.489,1.14535,1.1455,1.00,1.19
2014.09.16 02:44:49.692,1.14537,1.14551,1.00,1.00
2014.09.16 02:44:49.845,1.14534,1.14551,1.50,1.00
2014.09.16 02:44:50.453,1.14535,1.14551,1.00,1.00
2014.09.16 02:44:50.908,1.14536,1.14553,1.00,1.00
2014.09.16 02:44:51.415,1.14537,1.14553,1.00,1.00
2014.09.16 02:44:51.623,1.14537,1.1455,1.00,1.00
2014.09.16 02:44:51.724,1.14534,1.1455,1.25,1.00
2014.09.16 02:44:52.489,1.14533,1.1455,1.25,1.00
2014.09.16 02:44:53.228,1.14534,1.1455,1.12,1.00
2014.09.16 02:44:53.382,1.14534,1.14551,2.06,2.25
2014.09.16 02:44:54.061,1.14537,1.14551,1.00,2.25
2014.09.16 02:44:55.450,1.14534,1.14551,2.81,2.25
2014.09.16 02:44:56.550,1.14537,1.14551,1.00,2.25
2014.09.16 02:44:57.100,1.14534,1.14551,2.81,2.25
2014.09.16 02:45:00.874,1.14533,1.1455,1.19,1.00
2014.09.16 02:45:01.418,1.14533,1.1455,1.25,1.00
2014.09.16 02:45:01.723,1.14537,1.1455,1.00,1.00
2014.09.16 02:45:02.272,1.14533,1.1455,1.25,1.00
2014.09.16 02:45:08.101,1.14534,1.1455,1.00,1.00
2014.09.16 02:45:08.151,1.14536,1.14551,1.00,1.50
2014.09.16 02:45:08.661,1.14538,1.14553,1.00,1.25
2014.09.16 02:45:09.016,1.14539,1.14556,1.00,1.69
2014.09.16 02:45:18.983,1.14539,1.14554,1.00,1.00
2014.09.16 02:45:19.641,1.14539,1.14552,1.00,1.19
2014.09.16 02:45:19.692,1.14537,1.14552,1.00,1.69
2014.09.16 02:45:20.198,1.14537,1.14552,1.00,1.50
2014.09.16 02:45:21.166,1.14538,1.14552,1.00,1.00
2014.09.16 02:45:21.703,1.14538,1.14553,1.00,1.25
2014.09.16 02:45:21.980,1.1454,1.14554,1.00,1.19
2014.09.16 02:45:22.081,1.1454,1.14555,1.00,1.87
2014.09.16 02:45:22.955,1.1454,1.14555,1.00,1.19
2014.09.16 02:45:26.479,1.14537,1.14552,1.50,1.00
2014.09.16 02:45:31.496,1.14538,1.14553,1.00,1.00
2014.09.16 02:45:32.023,1.14539,1.14556,1.50,1.19
2014.09.16 02:45:32.541,1.14539,1.14556,1.50,1.00
2014.09.16 02:45:40.910,1.14541,1.14556,1.00,1.00
2014.09.16 02:45:41.011,1.14539,1.14556,1.69,1.00
2014.09.16 02:45:41.347,1.14541,1.14556,1.00,1.00
2014.09.16 02:45:41.764,1.14541,1.14558,2.25,1.50
2014.09.16 02:45:42.932,1.14541,1.14558,1.50,1.69
2014.09.16 02:45:43.892,1.14542,1.14558,1.00,1.19
2014.09.16 02:45:44.408,1.14543,1.1456,1.00,2.81
2014.09.16 02:45:45.322,1.14544,1.14559,1.00,1.69
2014.09.16 02:45:45.819,1.14542,1.14557,1.00,1.00
2014.09.16 02:46:16.340,1.14542,1.14559,2.25,1.50
2014.09.16 02:46:16.644,1.14544,1.1456,1.00,1.00
2014.09.16 02:46:17.181,1.14544,1.14561,1.00,1.00
2014.09.16 02:46:17.709,1.14544,1.1456,1.00,1.00
2014.09.16 02:46:18.280,1.14542,1.14559,1.69,1.00
2014.09.16 02:46:18.809,1.14542,1.14559,1.69,1.00
2014.09.16 02:46:31.976,1.14543,1.1456,1.50,1.69
2014.09.16 02:46:32.599,1.14543,1.1456,1.69,1.50
2014.09.16 02:46:35.803,1.14547,1.1456,1.00,1.50
2014.09.16 02:46:38.079,1.14543,1.1456,1.69,1.50
2014.09.16 02:46:38.585,1.14543,1.1456,1.69,1.50
2014.09.16 02:46:39.096,1.14544,1.14561,1.50,2.25
2014.09.16 02:46:46.348,1.14544,1.1456,1.00,1.00
2014.09.16 02:46:46.866,1.14544,1.14559,1.00,1.00
2014.09.16 02:46:50.131,1.14544,1.14559,1.19,1.00
2014.09.16 02:46:50.653,1.14546,1.14559,1.00,1.00
2014.09.16 02:46:52.598,1.14546,1.14561,1.50,1.00
2014.09.16 02:46:53.190,1.14547,1.14564,1.00,2.25
2014.09.16 02:46:53.696,1.14547,1.14564,1.19,1.00
2014.09.16 02:46:54.302,1.14549,1.14566,1.50,1.69
2014.09.16 02:47:02.185,1.14549,1.14565,1.00,1.00
2014.09.16 02:47:02.690,1.14548,1.14565,1.50,1.50
2014.09.16 02:47:09.812,1.14547,1.14564,2.44,1.50
2014.09.16 02:47:10.592,1.14547,1.14564,2.06,1.50
2014.09.16 02:47:10.693,1.14549,1.14566,2.06,1.50
2014.09.16 02:47:10.744,1.14551,1.14568,1.50,1.69
2014.09.16 02:47:10.997,1.14553,1.14568,1.50,1.25
2014.09.16 02:47:11.641,1.14554,1.14569,1.00,1.19
2014.09.16 02:47:12.301,1.14554,1.14569,1.00,1.00
2014.09.16 02:47:22.140,1.14554,1.14571,1.00,1.19
2014.09.16 02:47:22.648,1.14554,1.14571,1.00,1.00
2014.09.16 02:47:25.557,1.14556,1.14572,1.50,1.25
2014.09.16 02:47:30.584,1.14555,1.1457,1.12,1.00
2014.09.16 02:47:41.601,1.14554,1.1457,1.00,1.00
2014.09.16 02:47:41.955,1.14554,1.1457,1.00,1.37
2014.09.16 02:47:42.460,1.14553,1.1457,2.44,1.37
2014.09.16 02:47:42.965,1.14552,1.14567,1.50,1.00
2014.09.16 02:47:43.370,1.14549,1.14566,1.69,1.00
2014.09.16 02:47:43.875,1.14549,1.14566,1.50,1.69
2014.09.16 02:47:44.082,1.14549,1.14563,1.00,1.00
2014.09.16 02:47:44.386,1.14547,1.14559,1.00,1.50
2014.09.16 02:47:44.437,1.14542,1.14559,3.19,1.50
2014.09.16 02:47:44.801,1.14542,1.14556,1.19,1.00
2014.09.16 02:47:45.269,1.14541,1.14556,1.50,1.00
2014.09.16 02:47:46.082,1.14542,1.14556,1.00,1.00
2014.09.16 02:47:46.651,1.14541,1.14556,1.50,1.00
2014.09.16 02:47:47.303,1.14542,1.14556,1.00,1.00
2014.09.16 02:47:49.713,1.14541,1.14556,1.50,1.00
2014.09.16 02:47:53.217,1.14541,1.14554,1.00,1.00
2014.09.16 02:47:53.268,1.14539,1.14554,1.69,1.00
2014.09.16 02:47:53.917,1.14541,1.14554,1.00,1.00
2014.09.16 02:47:55.323,1.14539,1.14554,1.00,1.00
2014.09.16 02:47:55.547,1.14542,1.14554,1.00,1.00
2014.09.16 02:48:00.429,1.14542,1.14555,1.00,1.00
2014.09.16 02:48:00.735,1.14542,1.14557,1.50,1.00
2014.09.16 02:48:03.681,1.14542,1.14556,1.00,1.00
2014.09.16 02:48:03.732,1.14541,1.14554,1.00,1.00
2014.09.16 02:48:05.424,1.14541,1.14556,1.50,1.00
2014.09.16 02:48:09.298,1.14542,1.14556,1.00,1.00
2014.09.16 02:48:21.308,1.14541,1.14556,1.69,1.00
2014.09.16 02:48:24.372,1.14542,1.14557,1.00,1.00
2014.09.16 02:48:38.452,1.14544,1.14559,1.00,1.19
2014.09.16 02:48:38.964,1.14545,1.14562,1.50,3.19
2014.09.16 02:48:39.066,1.14547,1.14562,1.00,2.44
2014.09.16 02:48:39.319,1.1455,1.14567,1.87,3.19
2014.09.16 02:48:39.571,1.1455,1.14567,1.87,1.50
2014.09.16 02:48:39.774,1.1455,1.14567,1.87,1.50
2014.09.16 02:48:40.447,1.14549,1.14567,1.25,1.00
2014.09.16 02:48:41.107,1.14549,1.14566,1.00,1.25
2014.09.16 02:48:48.236,1.14548,1.14564,1.00,1.00
2014.09.16 02:48:48.826,1.14547,1.14564,1.12,1.50
2014.09.16 02:48:49.687,1.14548,1.14564,1.00,1.00
2014.09.16 02:49:11.124,1.1455,1.14564,1.50,1.00
2014.09.16 02:49:11.277,1.1455,1.14568,1.50,2.81
2014.09.16 02:49:11.378,1.1455,1.14568,1.50,1.31
2014.09.16 02:49:11.985,1.14552,1.14568,1.00,1.25
2014.09.16 02:49:12.532,1.14553,1.14568,1.00,1.00
2014.09.16 02:49:18.311,1.14551,1.14568,1.25,1.00
2014.09.16 02:49:19.327,1.14552,1.14568,1.00,1.00
2014.09.16 02:49:22.123,1.14554,1.1457,1.00,2.44
2014.09.16 02:49:23.052,1.14553,1.1457,1.00,2.44
2014.09.16 02:49:23.562,1.14553,1.1457,1.00,1.50
2014.09.16 02:49:39.616,1.14553,1.1457,1.00,1.69
2014.09.16 02:49:51.277,1.1455,1.14569,1.19,1.25
2014.09.16 02:49:51.795,1.14552,1.1457,1.69,1.25
2014.09.16 02:49:52.706,1.14552,1.1457,2.25,1.19
2014.09.16 02:49:53.720,1.14552,1.1457,2.25,1.25
2014.09.16 02:49:55.744,1.14552,1.1457,2.25,1.19
2014.09.16 02:49:56.725,1.14552,1.1457,2.44,1.25
2014.09.16 02:49:59.726,1.14552,1.1457,2.25,1.19
2014.09.16 02:50:00.739,1.14552,1.1457,1.50,1.25
2014.09.16 02:50:06.063,1.14552,1.14568,1.50,1.00
2014.09.16 02:50:08.123,1.14552,1.14569,1.50,1.00
2014.09.16 02:50:08.628,1.14553,1.1457,1.00,3.19
2014.09.16 02:50:15.546,1.14553,1.1457,1.00,3.56
2014.09.16 02:50:16.122,1.14552,1.14569,1.00,1.87
2014.09.16 02:50:22.501,1.1455,1.14569,1.69,2.06
2014.09.16 02:50:23.417,1.1455,1.14569,1.69,2.06
2014.09.16 02:50:24.101,1.1455,1.14569,1.69,2.06
2014.09.16 02:50:25.870,1.1455,1.14569,1.50,2.81
2014.09.16 02:50:26.873,1.1455,1.14569,1.69,2.06
2014.09.16 02:50:27.048,1.14551,1.14569,1.00,2.06
2014.09.16 02:50:28.543,1.14551,1.14569,1.00,2.06
2014.09.16 02:50:30.240,1.14551,1.14567,1.00,1.37
2014.09.16 02:50:30.432,1.14551,1.14567,1.00,1.00
2014.09.16 02:50:30.945,1.14551,1.14568,1.00,2.06
2014.09.16 02:50:31.857,1.14551,1.14568,1.00,2.06
2014.09.16 02:50:40.150,1.14551,1.14568,1.69,1.00
2014.09.16 02:50:53.821,1.14551,1.14567,1.50,1.37
2014.09.16 02:50:53.872,1.14548,1.14565,1.19,1.12
2014.09.16 02:50:54.025,1.14548,1.14565,1.00,1.62
2014.09.16 02:50:54.542,1.14546,1.14563,1.19,1.12
2014.09.16 02:50:55.161,1.14546,1.14563,1.00,1.00
2014.09.16 02:50:55.672,1.14547,1.14563,1.00,1.00
2014.09.16 02:50:55.980,1.14549,1.14565,1.00,1.12
2014.09.16 02:50:58.376,1.14549,1.14563,1.00,1.00
2014.09.16 02:50:59.369,1.14549,1.14564,1.00,1.00
2014.09.16 02:50:59.926,1.14549,1.14565,1.00,1.00
2014.09.16 02:51:03.879,1.14551,1.14565,1.00,1.00
2014.09.16 02:51:04.183,1.14553,1.14568,1.00,3.19
2014.09.16 02:51:04.284,1.14553,1.14568,1.00,1.50
2014.09.16 02:51:04.690,1.1455,1.14567,1.25,1.50
2014.09.16 02:51:05.197,1.1455,1.14566,1.00,1.00
2014.09.16 02:51:05.952,1.1455,1.14566,1.00,1.19
2014.09.16 02:51:06.986,1.1455,1.14566,1.00,1.00
2014.09.16 02:51:12.504,1.14548,1.14565,1.12,1.00
2014.09.16 02:51:13.013,1.14548,1.14565,1.00,1.87
2014.09.16 02:51:13.691,1.14548,1.14565,1.00,1.87
2014.09.16 02:51:13.894,1.14548,1.14565,1.00,1.87
2014.09.16 02:51:14.198,1.14548,1.14565,1.00,2.06
2014.09.16 02:51:14.710,1.14548,1.14565,1.00,2.06
2014.09.16 02:51:15.705,1.14548,1.14565,1.00,2.06
2014.09.16 02:51:16.239,1.14548,1.14565,1.00,2.06
2014.09.16 02:51:18.498,1.14548,1.14565,1.00,2.06
2014.09.16 02:51:23.017,1.14548,1.14565,1.00,2.06
2014.09.16 02:51:23.523,1.14548,1.14565,1.00,1.69
2014.09.16 02:51:24.090,1.14548,1.14565,1.00,2.62
2014.09.16 02:51:24.944,1.14548,1.14565,1.00,1.87
2014.09.16 02:51:34.211,1.14548,1.14563,1.00,1.00
2014.09.16 02:51:36.240,1.14548,1.14563,1.00,1.37
2014.09.16 02:51:37.058,1.14548,1.14563,1.00,1.12
2014.09.16 02:51:39.774,1.14548,1.14563,1.00,1.37
2014.09.16 02:51:39.925,1.14546,1.14561,1.00,1.50
2014.09.16 02:51:39.976,1.14544,1.14561,1.69,1.50
2014.09.16 02:51:41.836,1.14546,1.14561,1.00,1.69
2014.09.16 02:51:42.038,1.14544,1.14561,1.50,1.69
2014.09.16 02:51:42.830,1.14544,1.14561,1.50,1.69
2014.09.16 02:51:47.355,1.14544,1.14561,1.50,1.87
2014.09.16 02:51:49.677,1.14544,1.14561,1.50,1.87
2014.09.16 02:51:50.365,1.14544,1.14558,1.00,1.00
2014.09.16 02:51:50.896,1.14543,1.14558,1.00,1.00
2014.09.16 02:52:03.672,1.14543,1.1456,1.00,2.06
2014.09.16 02:52:04.232,1.14543,1.1456,1.00,2.06
2014.09.16 02:52:08.695,1.14543,1.1456,1.00,3.19
2014.09.16 02:52:09.252,1.14543,1.1456,1.00,3.56
2014.09.16 02:52:13.860,1.14544,1.1456,1.00,2.06
2014.09.16 02:52:14.476,1.14544,1.14561,1.00,1.19
2014.09.16 02:52:15.020,1.14544,1.14561,1.00,1.25
2014.09.16 02:52:19.094,1.14544,1.14561,1.25,1.37
2014.09.16 02:52:21.306,1.14542,1.14559,1.00,1.00
2014.09.16 02:52:21.767,1.14546,1.14559,1.00,1.00
2014.09.16 02:52:22.494,1.14542,1.14559,1.12,1.00
2014.09.16 02:52:24.566,1.14542,1.14559,1.31,1.00
2014.09.16 02:52:26.524,1.14542,1.14559,1.31,1.00
2014.09.16 02:52:27.163,1.14543,1.14559,1.00,1.00
2014.09.16 02:52:27.744,1.14544,1.14561,1.00,1.56
2014.09.16 02:52:34.617,1.14546,1.14561,1.00,1.62
2014.09.16 02:52:35.138,1.14546,1.14561,1.00,1.25
2014.09.16 02:52:35.649,1.14547,1.14562,1.00,2.81
2014.09.16 02:52:36.575,1.14547,1.14562,1.00,2.81
2014.09.16 02:52:37.158,1.14546,1.14562,1.00,2.44
2014.09.16 02:52:44.273,1.14546,1.14562,1.00,2.44
2014.09.16 02:52:49.295,1.14546,1.14562,1.00,2.25
2014.09.16 02:52:51.730,1.14546,1.14561,1.00,1.00
2014.09.16 02:52:55.693,1.14546,1.14561,1.00,1.19
2014.09.16 02:52:56.594,1.14544,1.14561,1.00,1.19
2014.09.16 02:52:57.143,1.14547,1.14561,1.00,1.19
2014.09.16 02:52:57.686,1.14547,1.14561,1.00,1.00
2014.09.16 02:52:59.472,1.14544,1.14561,1.25,1.00
2014.09.16 02:53:08.128,1.14546,1.14562,1.50,2.06
2014.09.16 02:53:08.432,1.1455,1.14564,1.00,1.56
2014.09.16 02:53:08.533,1.14547,1.14562,1.00,1.25
2014.09.16 02:53:10.535,1.14547,1.14562,1.00,1.37
2014.09.16 02:53:11.055,1.14547,1.14562,1.00,1.00
2014.09.16 02:53:14.064,1.14547,1.14564,1.50,2.06
2014.09.16 02:53:15.735,1.14548,1.14565,1.00,1.31
2014.09.16 02:53:15.786,1.1455,1.14565,1.00,1.31
2014.09.16 02:53:16.469,1.14549,1.14567,1.00,2.81
2014.09.16 02:53:16.773,1.14552,1.14567,1.00,2.06
2014.09.16 02:53:17.101,1.14554,1.14569,1.00,2.81
2014.09.16 02:53:17.152,1.14554,1.14569,1.00,2.81
2014.09.16 02:53:18.027,1.14554,1.14569,1.00,1.87
2014.09.16 02:53:18.078,1.14556,1.14569,1.00,1.12
2014.09.16 02:53:18.585,1.14556,1.14571,1.00,1.56
2014.09.16 02:53:19.580,1.14556,1.14571,1.00,1.00
2014.09.16 02:53:21.243,1.14556,1.14571,1.00,1.37
2014.09.16 02:53:22.790,1.14556,1.14571,1.00,1.62
2014.09.16 02:53:23.326,1.14556,1.14571,1.00,1.62
2014.09.16 02:53:26.646,1.14556,1.14571,1.00,1.12
2014.09.16 02:53:35.687,1.14556,1.14571,1.00,1.19
2014.09.16 02:53:49.833,1.14556,1.14571,1.00,1.31
2014.09.16 02:53:54.901,1.14556,1.14571,1.00,1.31
2014.09.16 02:53:55.904,1.14556,1.14571,1.00,1.31
2014.09.16 02:54:01.924,1.14559,1.14574,1.00,2.81
2014.09.16 02:54:02.431,1.14559,1.14574,1.00,2.06
2014.09.16 02:54:06.837,1.14559,1.14574,1.00,1.87
2014.09.16 02:54:07.040,1.14557,1.14574,1.25,1.87
2014.09.16 02:54:07.577,1.14557,1.14574,1.69,1.50
2014.09.16 02:54:17.853,1.14562,1.14576,1.00,1.00
2014.09.16 02:54:18.359,1.14562,1.14577,1.00,1.00
2014.09.16 02:54:22.515,1.14561,1.14575,1.00,1.00
2014.09.16 02:54:23.037,1.1456,1.14575,1.00,1.00
2014.09.16 02:54:29.700,1.14561,1.14575,1.00,1.00
2014.09.16 02:54:30.309,1.14561,1.14576,1.50,1.25
2014.09.16 02:54:30.615,1.14563,1.14578,1.00,1.00
2014.09.16 02:54:34.584,1.14567,1.14581,1.00,1.19
2014.09.16 02:54:34.686,1.14565,1.1458,1.00,1.00
2014.09.16 02:54:52.734,1.14565,1.14581,1.00,1.25
2014.09.16 02:54:52.836,1.14568,1.14581,1.50,1.00
2014.09.16 02:54:53.190,1.14568,1.14583,1.50,1.25
2014.09.16 02:54:53.964,1.14568,1.14584,1.50,1.00
2014.09.16 02:55:02.476,1.14568,1.14584,1.50,1.37
2014.09.16 02:55:04.890,1.14568,1.14584,1.50,1.31
2014.09.16 02:55:07.833,1.14568,1.14584,1.50,1.62
2014.09.16 02:55:08.338,1.14568,1.14585,1.50,1.69
2014.09.16 02:55:08.645,1.14565,1.14579,1.00,1.50
2014.09.16 02:55:08.747,1.14563,1.14579,1.00,1.50
2014.09.16 02:55:08.950,1.14561,1.14576,1.69,1.00
2014.09.16 02:55:09.355,1.14562,1.14579,1.50,1.00
2014.09.16 02:55:09.456,1.14566,1.1458,1.00,1.00
2014.09.16 02:55:10.047,1.14563,1.1458,1.00,1.50
2014.09.16 02:55:11.969,1.14563,1.1458,2.06,1.00
2014.09.16 02:55:12.272,1.14566,1.14582,1.50,1.69
2014.09.16 02:55:12.977,1.14566,1.14583,1.50,1.87
2014.09.16 02:55:14.574,1.14564,1.14581,1.25,1.12
2014.09.16 02:55:19.237,1.14564,1.14581,1.00,1.37
2014.09.16 02:55:20.083,1.14564,1.14579,1.00,1.37
2014.09.16 02:55:20.184,1.14562,1.14577,1.00,1.12
2014.09.16 02:55:20.708,1.14562,1.14576,1.00,1.12
2014.09.16 02:55:21.887,1.14559,1.14576,1.69,2.62
2014.09.16 02:55:22.697,1.14559,1.14576,1.50,2.62
2014.09.16 02:55:23.301,1.14558,1.14573,1.12,1.00
2014.09.16 02:55:31.023,1.14556,1.14571,1.00,1.00
2014.09.16 02:55:32.301,1.14554,1.14569,1.00,1.00
2014.09.16 02:55:35.575,1.14556,1.14571,1.00,2.06
2014.09.16 02:55:41.221,1.1456,1.14573,1.00,1.00
2014.09.16 02:55:41.533,1.14562,1.14575,1.50,1.00
2014.09.16 02:55:41.735,1.14562,1.14578,1.50,1.00
2014.09.16 02:55:41.988,1.14562,1.14576,1.00,1.00
2014.09.16 02:55:42.494,1.14558,1.14575,1.19,1.00
2014.09.16 02:55:43.142,1.14558,1.14575,1.19,1.37
2014.09.16 02:55:43.689,1.14558,1.14575,1.00,1.37
2014.09.16 02:55:46.967,1.14558,1.14575,1.00,1.56
2014.09.16 02:55:47.234,1.14556,1.14573,1.69,1.87
2014.09.16 02:55:48.375,1.14556,1.14573,1.50,4.31
2014.09.16 02:55:49.462,1.14556,1.14572,1.50,1.56
2014.09.16 02:55:49.974,1.14556,1.14572,1.50,1.31
2014.09.16 02:55:51.522,1.14556,1.14572,1.50,1.00
2014.09.16 02:55:52.254,1.14554,1.14569,1.25,1.00
2014.09.16 02:55:52.457,1.14555,1.14572,1.50,1.50
2014.09.16 02:55:52.508,1.14557,1.14572,1.00,1.00
2014.09.16 02:55:52.609,1.14557,1.14574,1.50,3.19
2014.09.16 02:56:12.473,1.14556,1.14571,1.00,1.00
2014.09.16 02:56:13.432,1.14556,1.14571,1.00,1.37
2014.09.16 02:56:13.533,1.14556,1.14571,1.00,1.12
2014.09.16 02:56:17.943,1.14556,1.14571,1.00,1.62
2014.09.16 02:56:19.142,1.14554,1.14571,1.50,1.87
2014.09.16 02:56:19.718,1.14554,1.14571,1.50,1.87
2014.09.16 02:56:20.024,1.14554,1.14571,1.50,1.87
2014.09.16 02:56:20.559,1.14554,1.14571,1.50,1.69
2014.09.16 02:56:28.352,1.14554,1.14571,1.50,1.69
2014.09.16 02:56:35.603,1.14553,1.1457,1.50,1.25
2014.09.16 02:56:36.267,1.14553,1.1457,1.50,1.19
2014.09.16 02:56:38.308,1.14553,1.1457,1.50,1.00
2014.09.16 02:56:48.710,1.14554,1.1457,1.00,1.00
2014.09.16 02:56:49.280,1.14555,1.1457,1.00,1.00
2014.09.16 02:57:11.141,1.14553,1.1457,2.25,1.69
2014.09.16 02:57:12.282,1.14553,1.1457,1.50,1.69
2014.09.16 02:57:14.242,1.14553,1.1457,1.50,1.69
2014.09.16 02:57:15.345,1.14553,1.1457,1.50,1.69
2014.09.16 02:57:20.457,1.14553,1.1457,1.50,1.69
2014.09.16 02:57:30.373,1.14553,1.1457,1.50,1.69
2014.09.16 02:57:31.377,1.14553,1.1457,1.50,1.69
2014.09.16 02:57:34.591,1.14555,1.14571,1.00,1.69
2014.09.16 02:57:34.743,1.14555,1.14572,1.00,2.25
2014.09.16 02:57:34.895,1.14557,1.14572,1.00,1.50
2014.09.16 02:57:35.199,1.14559,1.14575,1.50,1.19
2014.09.16 02:57:35.351,1.14559,1.14576,1.69,1.50
2014.09.16 02:57:35.452,1.14561,1.14578,1.00,2.06
2014.09.16 02:57:35.756,1.14561,1.14575,1.00,1.00
2014.09.16 02:57:36.268,1.1456,1.14575,1.00,1.00
2014.09.16 02:57:43.872,1.14562,1.14577,1.00,1.69
2014.09.16 02:57:45.565,1.14562,1.14577,1.00,1.00
2014.09.16 02:57:59.939,1.14561,1.14576,1.00,1.00
2014.09.16 02:58:00.242,1.14559,1.14574,1.00,1.00
2014.09.16 02:58:05.344,1.1456,1.14575,1.00,1.19
2014.09.16 02:58:05.850,1.1456,1.14575,1.00,1.00
2014.09.16 02:58:13.472,1.14563,1.14575,1.00,1.25
2014.09.16 02:58:13.573,1.14565,1.1458,1.00,2.25
2014.09.16 02:58:24.694,1.14565,1.14579,1.00,1.00
2014.09.16 02:58:24.745,1.14562,1.14579,1.50,1.50
2014.09.16 02:58:29.056,1.14562,1.14579,1.50,2.06
2014.09.16 02:58:30.068,1.14562,1.14579,1.50,2.06
2014.09.16 02:58:31.060,1.14562,1.14579,1.50,2.06
2014.09.16 02:58:33.812,1.14562,1.14579,1.50,1.87
2014.09.16 02:58:48.658,1.14562,1.14578,1.50,1.00
2014.09.16 02:58:52.001,1.14561,1.14576,1.00,1.00
2014.09.16 02:58:52.510,1.14558,1.14575,1.69,1.50
2014.09.16 02:58:59.253,1.14557,1.14575,1.25,2.06
2014.09.16 02:58:59.557,1.14555,1.14572,2.25,2.06
2014.09.16 02:59:00.074,1.14555,1.14572,1.50,3.19
2014.09.16 02:59:00.581,1.14555,1.14572,1.50,3.19
2014.09.16 02:59:05.533,1.14555,1.14572,1.50,3.56
2014.09.16 02:59:06.535,1.14555,1.14572,1.50,3.56
2014.09.16 02:59:07.585,1.14555,1.14572,1.50,4.31
2014.09.16 02:59:14.548,1.14555,1.14572,1.50,3.56
2014.09.16 02:59:14.730,1.14553,1.1457,1.50,1.00
2014.09.16 02:59:29.614,1.14555,1.1457,1.00,1.00
2014.09.16 02:59:55.829,1.14556,1.1457,1.25,1.00
2014.09.16 02:59:56.744,1.14556,1.1457,1.19,1.00
